Patient_id,Age,Sex,Time_series,Corr_matrix_pearson,Corr_matrix_spearman,Corr_matrix_kendall,Corr_matrix_partial,Diagnostic_label
002_S_0295,90.0,M,"          0         1         2         3         4         5         6    \
0    0.264269  0.160402  0.573714 -0.016659  0.147470  0.327784  0.563114   
1    0.190860  0.211386 -0.334215  0.574008 -0.535597 -0.334685  0.021171   
2    0.728310  0.593930  0.083174  0.961234 -0.744761 -0.343953  0.225210   
3    1.173054  0.813959  0.850006  0.986218 -0.296675 -0.042714  0.487224   
4    0.520118  0.189850  0.294528  0.572696  0.235907 -0.238069 -0.158185   
..        ...       ...       ...       ...       ...       ...       ...   
134 -1.887287 -0.764243 -2.184397 -0.703209 -0.268133  0.508347 -1.634119   
135 -1.408172 -0.359410 -1.143153  0.383183  0.688927  0.152477 -0.765884   
136 -0.556275 -0.673630  0.305497  0.371132  1.935064  0.062150  0.366279   
137 -0.059465 -0.803845  0.755897  0.056427  1.975473  0.260254  0.696158   
138  0.099268  0.105493  0.253143  0.189465  0.149945  0.385766  0.264674   

          7         8         9    ...       106       107       108  \
0   -0.070485 -0.120396  0.258554  ...  0.957419  1.334523  1.962177   
1   -0.062069 -0.619519 -0.417604  ... -1.813221 -0.202942 -3.085048   
2    0.192818 -0.765734 -0.846390  ... -2.118421 -1.320937 -3.443132   
3    0.657435 -0.623107 -0.809165  ... -0.356367 -1.495009 -0.637532   
4    0.916665 -0.472160 -0.386730  ...  1.051838 -0.867597  0.830351   
..        ...       ...       ...  ...       ...       ...       ...   
134 -0.079656  0.088563 -0.193855  ... -0.806249 -1.130631  1.380863   
135  0.836259  1.406583  0.973454  ... -1.051386 -1.318953 -0.254829   
136  0.592698  2.608838  1.816980  ... -0.127304  0.130361 -1.071571   
137  0.131610  2.123145  1.474213  ...  0.605091  1.033485 -0.620795   
138  0.185600 -0.145854  0.085179  ...  0.131063  0.290432  0.252463   

          109       110       111       112       113       114       115  
0    0.217791 -0.462089 -0.964584  0.139684  0.125009  0.103304  0.870380  
1   -0.824117  0.126268  0.982404 -0.056039 -0.578403 -0.935505 -2.039949  
2   -0.496449  0.048864  1.031379 -0.622402 -1.053556 -1.091666 -2.442265  
3    0.484914 -0.155445  0.063728 -0.694769 -0.650007 -0.214159 -0.715906  
4    0.510131  0.291727  0.084524  0.454218  0.673080  0.886583  0.653972  
..        ...       ...       ...       ...       ...       ...       ...  
134  2.626379  1.571630  1.059438  0.094542 -0.402776 -0.310997  0.092674  
135 -0.240125 -0.179914 -0.150726 -1.168134 -0.838199 -0.244921  0.450691  
136 -2.299211 -1.188028 -0.992597 -1.128509 -0.314096  0.138941  1.100158  
137 -1.921884 -0.981408 -0.837469 -0.304420  0.270898  0.332347  1.139892  
138  0.146618 -0.171213 -0.127591  0.102090 -0.049532 -0.064726  0.064418  

[139 rows x 116 columns]","[[ 1.          0.80562476  0.46635803 ... -0.53693845 -0.44258413
  -0.44735532]
 [ 0.80562476  1.          0.39800013 ... -0.56343404 -0.50366036
  -0.53200753]
 [ 0.46635803  0.39800013  1.         ... -0.42389234 -0.44124263
  -0.23004255]
 ...
 [-0.53693845 -0.56343404 -0.42389234 ...  1.          0.91820738
   0.53303314]
 [-0.44258413 -0.50366036 -0.44124263 ...  0.91820738  1.
   0.63782172]
 [-0.44735532 -0.53200753 -0.23004255 ...  0.53303314  0.63782172
   1.        ]]","[[ 1.          0.78814514  0.45324188 ... -0.49747978 -0.39807409
  -0.38684928]
 [ 0.78814514  1.          0.40870906 ... -0.54710219 -0.48486528
  -0.52933554]
 [ 0.45324188  0.40870906  1.         ... -0.38464632 -0.36431029
  -0.16223245]
 ...
 [-0.49747978 -0.54710219 -0.38464632 ...  1.          0.90797176
   0.51010322]
 [-0.39807409 -0.48486528 -0.36431029 ...  0.90797176  1.
   0.61307923]
 [-0.38684928 -0.52933554 -0.16223245 ...  0.51010322  0.61307923
   1.        ]]","[[ 1.          0.58752998  0.3149828  ... -0.348973   -0.27411115
  -0.26618705]
 [ 0.58752998  1.          0.28662288 ... -0.3844229  -0.3395892
  -0.37920968]
 [ 0.3149828   0.28662288  1.         ... -0.26660411 -0.25596914
  -0.11416953]
 ...
 [-0.348973   -0.3844229  -0.26660411 ...  1.          0.74038161
   0.35460327]
 [-0.27411115 -0.3395892  -0.25596914 ...  0.74038161  1.
   0.43238453]
 [-0.26618705 -0.37920968 -0.11416953 ...  0.35460327  0.43238453
   1.        ]]","[[-1.         -0.80562476 -0.46635803 ...  0.53693845  0.44258413
   0.44735532]
 [-0.80562476 -1.         -0.39800013 ...  0.56343404  0.50366036
   0.53200753]
 [-0.46635803 -0.39800013 -1.         ...  0.42389234  0.44124263
   0.23004255]
 ...
 [ 0.53693845  0.56343404  0.42389234 ... -1.         -0.91820738
  -0.53303314]
 [ 0.44258413  0.50366036  0.44124263 ... -0.91820738 -1.
  -0.63782172]
 [ 0.44735532  0.53200753  0.23004255 ... -0.53303314 -0.63782172
  -1.        ]]",CN
002_S_0413,81.5,F,"          0         1         2         3         4         5         6    \
0   -0.899020 -0.256394 -0.965756 -0.578955 -0.058898  0.550554 -0.282596   
1    0.021300 -0.613987  0.489734  0.339770 -0.450700 -1.047779 -0.093179   
2    0.553056 -0.550754  0.625968  0.562550 -0.320827 -0.852987  0.029013   
3    0.842745  0.186336  0.074399  0.571619  0.056709  0.810995  0.399666   
4    1.189848  1.269523  0.333709  0.976012  0.316077  1.784838  0.972195   
..        ...       ...       ...       ...       ...       ...       ...   
195  0.423656  1.029408  1.171501  0.934233  1.538422  0.571621  0.172882   
196  0.221157  0.266246  1.556724  0.783693  1.472684  1.067422 -0.255753   
197 -1.226998 -1.031456  0.595691 -0.387650  0.906153  2.029894 -1.008805   
198 -1.694650 -1.386158 -0.305339 -0.925723  0.370824  1.838099 -1.079125   
199 -0.119459 -0.327379 -0.335151 -0.118032 -0.179219 -0.239140 -0.076178   

          7         8         9    ...       106       107       108  \
0    0.590631  0.519521  0.104495  ...  0.630051  0.417598 -1.482002   
1   -0.487457 -0.719143  0.431923  ... -0.867723  0.722977  0.589197   
2   -0.795328 -0.920986  0.284806  ... -0.796290 -0.213190  1.344131   
3    0.013267 -0.159687 -0.239520  ...  0.196010 -1.606545  1.166219   
4    1.014893  0.511086 -0.620090  ...  0.470947 -1.638936  1.041509   
..        ...       ...       ...  ...       ...       ...       ...   
195 -0.408773  0.029720  1.005700  ... -0.622987  0.690338 -0.679412   
196 -0.984311  0.166680  0.970986  ... -0.296035  1.317111  0.238023   
197 -1.218363  0.760599  1.262822  ...  0.814795  1.487477  0.230668   
198 -0.956930  0.729368  1.154960  ...  1.006198  1.009788 -0.117013   
199 -0.152964 -0.342913 -0.008066  ... -0.291063  0.019804  0.018221   

          109       110       111       112       113       114       115  
0    0.220364  0.392129  0.118671  0.006150  0.955385  0.122761 -0.456272  
1    0.258763  0.133497 -0.178771  0.344938 -0.141179 -0.709522 -1.172407  
2   -0.067848 -0.260676  0.312931  0.162425 -0.512542  0.174721  0.524242  
3   -0.651481 -0.753342  0.557903 -0.694137 -0.721111  1.487539  2.394717  
4   -0.972620 -0.965039 -0.500186 -1.388612 -1.273559  1.074552  1.575795  
..        ...       ...       ...       ...       ...       ...       ...  
195 -0.888185 -0.206775 -1.078809  0.892631 -0.567729 -1.937572  0.028105  
196 -1.151442  0.052775 -1.344021  1.116686 -1.232589 -1.784822  0.285628  
197 -0.321097  1.150830  0.979753  1.106018 -1.283571 -0.751693 -0.817812  
198  0.334083  1.462944  2.186133  0.637531 -0.832764 -0.009752 -1.308708  
199  0.109889  0.129036  0.162501 -0.317460 -0.065001  0.169512  0.062302  

[200 rows x 116 columns]","[[ 1.          0.57907443  0.31351173 ... -0.21580805  0.13581631
   0.15443785]
 [ 0.57907443  1.         -0.08320353 ... -0.03724165  0.09411187
   0.00799799]
 [ 0.31351173 -0.08320353  1.         ... -0.0746156  -0.12200676
  -0.06148383]
 ...
 [-0.21580805 -0.03724165 -0.0746156  ...  1.          0.41407019
   0.03738511]
 [ 0.13581631  0.09411187 -0.12200676 ...  0.41407019  1.
   0.22404295]
 [ 0.15443785  0.00799799 -0.06148383 ...  0.03738511  0.22404295
   1.        ]]","[[ 1.          0.57928898  0.28319658 ... -0.20883672  0.1521758
   0.14584565]
 [ 0.57928898  1.         -0.06623866 ... -0.03428936  0.11786695
   0.01847296]
 [ 0.28319658 -0.06623866  1.         ... -0.09860947 -0.13494637
  -0.05233931]
 ...
 [-0.20883672 -0.03428936 -0.09860947 ...  1.          0.40448811
   0.08376809]
 [ 0.1521758   0.11786695 -0.13494637 ...  0.40448811  1.
   0.24079202]
 [ 0.14584565  0.01847296 -0.05233931 ...  0.08376809  0.24079202
   1.        ]]","[[ 1.          0.40834171  0.18854271 ... -0.13949749  0.10100503
   0.09658291]
 [ 0.40834171  1.         -0.04331658 ... -0.02301508  0.07437186
   0.01145729]
 [ 0.18854271 -0.04331658  1.         ... -0.07437186 -0.09115578
  -0.03326633]
 ...
 [-0.13949749 -0.02301508 -0.07437186 ...  1.          0.27929648
   0.05738693]
 [ 0.10100503  0.07437186 -0.09115578 ...  0.27929648  1.
   0.15778894]
 [ 0.09658291  0.01145729 -0.03326633 ...  0.05738693  0.15778894
   1.        ]]","[[-1.         -0.57907443 -0.31351173 ...  0.21580805 -0.13581631
  -0.15443785]
 [-0.57907443 -1.          0.08320353 ...  0.03724165 -0.09411187
  -0.00799799]
 [-0.31351173  0.08320353 -1.         ...  0.0746156   0.12200676
   0.06148383]
 ...
 [ 0.21580805  0.03724165  0.0746156  ... -1.         -0.41407019
  -0.03738511]
 [-0.13581631 -0.09411187  0.12200676 ... -0.41407019 -1.
  -0.22404295]
 [-0.15443785 -0.00799799  0.06148383 ... -0.03738511 -0.22404295
  -1.        ]]",CN
002_S_0685,94.7,F,"          0         1         2         3         4         5         6    \
0   -0.319639  0.006572 -0.210904  0.095445  0.397782  0.389527  0.254999   
1    0.590674 -0.874534  0.469080 -1.672699  0.559664 -1.284460 -0.098242   
2    0.439947 -0.927158  0.108185 -1.748079 -0.121230 -1.483467 -0.163918   
3   -0.508624 -0.515243 -1.026557 -0.716061 -0.985003 -0.491752 -0.070004   
4   -0.973072 -0.091337 -1.496085  0.165959 -1.018037  0.112999  0.109149   
..        ...       ...       ...       ...       ...       ...       ...   
133  0.308091 -0.925427  2.185027  0.905597 -0.290699  0.540538  0.904334   
134  0.739722 -0.724097  1.838833  0.275446  1.249800 -0.364374 -0.355857   
135 -0.562759 -1.170273  0.512587  0.002107  2.534287  0.411242 -1.805765   
136 -1.357144 -1.212317 -0.436484 -0.003222  2.067042  1.167901 -1.816795   
137 -0.153925  0.044268 -0.393102 -0.069578 -0.022631  0.172707 -0.067517   

          7         8         9    ...       106       107       108  \
0   -0.154138  0.591224  0.052314  ...  0.659623  0.796493  1.154592   
1   -0.833454 -0.481257 -1.453329  ... -0.694225 -2.133099 -1.635834   
2   -0.756884 -0.909745 -1.409156  ... -0.975539 -2.118713 -1.086529   
3   -0.343796 -0.910888 -0.385007  ... -0.626275 -0.349092  0.480312   
4   -0.094334 -0.771161 -0.044333  ... -0.568477  0.139034 -0.301021   
..        ...       ...       ...  ...       ...       ...       ...   
133  0.781353  0.150304  0.525652  ... -0.224455  0.059055  0.232397   
134 -0.520000 -1.396350 -0.043857  ... -0.403967 -1.452073  0.246556   
135 -1.817026 -2.054116  0.516566  ...  0.541490 -0.551390 -0.637874   
136 -1.704229 -1.487743  0.906201  ...  1.080774  0.647503 -0.973080   
137  0.073016 -0.142807 -0.070340  ...  0.146144  0.106170  0.096060   

          109       110       111       112       113       114       115  
0   -0.303408 -0.130278  0.223967 -0.069529  0.474588  0.211508  0.270276  
1    0.932541  0.073898 -1.099929 -1.143781 -0.202332  0.135311 -0.699464  
2    1.275504  0.518517 -0.583311  0.312930  0.703056  0.218066 -0.555330  
3    0.764648  0.664347  1.043578  2.314159  1.693728  0.325754  0.220739  
4   -0.160639  0.187817  1.703448  1.621992  0.566602  0.356363  0.421508  
..        ...       ...       ...       ...       ...       ...       ...  
133 -0.390539 -0.036157 -1.417815 -0.919116 -0.926582  0.110119 -0.073887  
134 -1.035340 -0.491208 -2.027362 -1.299372 -0.659392  0.720847 -0.317776  
135 -0.554176 -1.122861 -1.704818 -0.927526 -0.392101  0.220153  0.293106  
136  0.143018 -0.928777 -0.775213 -0.294244 -0.139676 -0.254976  0.683875  
137  0.081313  0.214717  0.308724 -0.010974  0.142210  0.243929  0.135500  

[138 rows x 116 columns]","[[ 1.          0.64906909  0.14739384 ... -0.15912218 -0.16169153
  -0.07658232]
 [ 0.64906909  1.         -0.08335069 ... -0.24647648 -0.29649587
   0.05915164]
 [ 0.14739384 -0.08335069  1.         ...  0.15802606  0.09901047
   0.05842431]
 ...
 [-0.15912218 -0.24647648  0.15802606 ...  1.          0.18426392
  -0.05291891]
 [-0.16169153 -0.29649587  0.09901047 ...  0.18426392  1.
  -0.03229446]
 [-0.07658232  0.05915164  0.05842431 ... -0.05291891 -0.03229446
   1.        ]]","[[ 1.          0.64059828  0.16135793 ... -0.20614445 -0.09698645
  -0.14010626]
 [ 0.64059828  1.         -0.08629212 ... -0.2406202  -0.19327198
   0.03648265]
 [ 0.16135793 -0.08629212  1.         ...  0.14343511  0.14250358
   0.06166593]
 ...
 [-0.20614445 -0.2406202   0.14343511 ...  1.          0.11304622
  -0.05301275]
 [-0.09698645 -0.19327198  0.14250358 ...  0.11304622  1.
   0.06126866]
 [-0.14010626  0.03648265  0.06166593 ... -0.05301275  0.06126866
   1.        ]]","[[ 1.          0.46810536  0.10864276 ... -0.14101343 -0.06653972
  -0.0910822 ]
 [ 0.46810536  1.         -0.05638422 ... -0.16470962 -0.12958849
   0.02612927]
 [ 0.10864276 -0.05638422  1.         ...  0.0965831   0.09700624
   0.04495927]
 ...
 [-0.14101343 -0.16470962  0.0965831  ...  1.          0.07627208
  -0.03501534]
 [-0.06653972 -0.12958849  0.09700624 ...  0.07627208  1.
   0.05172961]
 [-0.0910822   0.02612927  0.04495927 ... -0.03501534  0.05172961
   1.        ]]","[[-1.         -0.64906909 -0.14739384 ...  0.15912218  0.16169153
   0.07658232]
 [-0.64906909 -1.          0.08335069 ...  0.24647648  0.29649587
  -0.05915164]
 [-0.14739384  0.08335069 -1.         ... -0.15802606 -0.09901047
  -0.05842431]
 ...
 [ 0.15912218  0.24647648 -0.15802606 ... -1.         -0.18426392
   0.05291891]
 [ 0.16169153  0.29649587 -0.09901047 ... -0.18426392 -1.
   0.03229446]
 [ 0.07658232 -0.05915164 -0.05842431 ...  0.05291891  0.03229446
  -1.        ]]",CN
002_S_0729,70.3,F,"          0         1         2         3         4         5         6    \
0   -0.297655 -0.393736  0.270450  0.325343 -0.754003 -0.304857  0.055862   
1   -0.043310  0.106851  1.137652  1.277002  2.275425 -0.202440  0.683656   
2    0.201513  0.823682  0.547035  0.932820  1.969245  0.322674  0.322604   
3    0.210070  1.358060 -0.792816 -0.198917 -0.584537  1.003932 -0.687994   
4   -0.080498  1.200983 -1.154286 -0.737488 -1.834659  1.220854 -1.212592   
..        ...       ...       ...       ...       ...       ...       ...   
132  0.061204 -1.000815  1.849988  1.018699  0.078002 -0.409149  2.203224   
133  1.199212  0.590114  0.885636  0.667236  0.276870  0.182843  0.438457   
134  1.055574  1.181775 -0.308038  0.000835  1.070589  0.467511 -1.220874   
135  0.299432  0.749151 -0.578602 -0.322158  1.159876  0.197984 -1.379980   
136 -0.128267 -0.073053  0.126900  0.014960  0.001553 -0.314224 -0.035168   

          7         8         9    ...       106       107       108  \
0    0.190042  0.351396  0.268298  ... -0.448703 -0.168563 -0.106521   
1    0.926258 -0.702187 -0.801696  ... -0.052269 -0.183082  1.180148   
2    0.669153 -0.456690 -0.719988  ...  0.456094  0.018064  1.557416   
3   -0.093609  0.386544 -0.100266  ...  0.688096  0.282776  1.082271   
4   -0.382998  0.620838  0.174781  ...  0.541301  0.243613  0.283646   
..        ...       ...       ...  ...       ...       ...       ...   
132  0.868981  1.697340  0.455159  ... -0.917451 -0.092076 -0.846484   
133  0.319422  1.436944  0.387936  ... -0.456179  0.368759 -0.907225   
134 -0.230996  0.422748  0.090447  ... -0.038126 -0.156125 -1.847708   
135 -0.411605 -0.282605 -0.174692  ...  0.016094 -0.557842 -1.935522   
136 -0.113687 -0.137717 -0.121325  ... -0.088846  0.130448  0.075168   

          109       110       111       112       113       114       115  
0    1.418289  0.483615 -0.097507 -0.863445 -1.240620 -1.041872  0.660234  
1   -0.423854 -0.644452  0.513103  0.688175  1.918832  1.901492 -1.402013  
2   -0.822950 -0.780982  0.181641  1.059790  2.272432  2.733350 -1.132536  
3   -0.124142 -0.391957 -0.572153  0.699247  0.485024  1.633879  0.950918  
4    0.354104 -0.168373 -0.550081  0.761872 -0.743043  0.045289  2.073783  
..        ...       ...       ...       ...       ...       ...       ...  
132 -0.475358 -0.470491 -0.922129  0.305199 -0.429070 -0.613961 -0.732258  
133 -1.042009 -0.742779 -1.117276 -0.086629 -1.132276 -1.943208 -0.570116  
134 -2.709198 -1.245518 -1.020216 -0.775979 -1.342022 -1.611387 -0.333346  
135 -2.636157 -1.055564 -0.628315 -0.925738 -0.918281 -0.645802 -0.109252  
136  0.342417  0.131968 -0.017146 -0.221248 -0.217953 -0.117306  0.169580  

[137 rows x 116 columns]","[[ 1.          0.54349898 -0.07213943 ... -0.0985428  -0.31657594
  -0.43796217]
 [ 0.54349898  1.         -0.3195114  ... -0.01611492 -0.23568904
  -0.16705532]
 [-0.07213943 -0.3195114   1.         ... -0.20979289  0.17764148
  -0.09245119]
 ...
 [-0.0985428  -0.01611492 -0.20979289 ...  1.          0.48257719
  -0.04442842]
 [-0.31657594 -0.23568904  0.17764148 ...  0.48257719  1.
   0.27100718]
 [-0.43796217 -0.16705532 -0.09245119 ... -0.04442842  0.27100718
   1.        ]]","[[ 1.          0.52326992 -0.09227696 ... -0.09988426 -0.34104019
  -0.4378582 ]
 [ 0.52326992  1.         -0.3290412  ... -0.02535143 -0.21320029
  -0.1915825 ]
 [-0.09227696 -0.3290412   1.         ... -0.16163403  0.15506749
  -0.10894767]
 ...
 [-0.09988426 -0.02535143 -0.16163403 ...  1.          0.44127915
  -0.05060485]
 [-0.34104019 -0.21320029  0.15506749 ...  0.44127915  1.
   0.32517221]
 [-0.4378582  -0.1915825  -0.10894767 ... -0.05060485  0.32517221
   1.        ]]","[[ 1.          0.35938171 -0.056462   ... -0.06547875 -0.22670674
  -0.2988407 ]
 [ 0.35938171  1.         -0.23250322 ... -0.01824818 -0.14684414
  -0.12408759]
 [-0.056462   -0.23250322  1.         ... -0.11550021  0.10283383
  -0.07320739]
 ...
 [-0.06547875 -0.01824818 -0.11550021 ...  1.          0.30463718
  -0.03542293]
 [-0.22670674 -0.14684414  0.10283383 ...  0.30463718  1.
   0.21769   ]
 [-0.2988407  -0.12408759 -0.07320739 ... -0.03542293  0.21769
   1.        ]]","[[-1.         -0.54349898  0.07213943 ...  0.0985428   0.31657594
   0.43796217]
 [-0.54349898 -1.          0.3195114  ...  0.01611492  0.23568904
   0.16705532]
 [ 0.07213943  0.3195114  -1.         ...  0.20979289 -0.17764148
   0.09245119]
 ...
 [ 0.0985428   0.01611492  0.20979289 ... -1.         -0.48257719
   0.04442842]
 [ 0.31657594  0.23568904 -0.17764148 ... -0.48257719 -1.
  -0.27100718]
 [ 0.43796217  0.16705532  0.09245119 ...  0.04442842 -0.27100718
  -1.        ]]",MCI
002_S_1155,63.0,M,"          0         1         2         3         4         5         6    \
0    0.178550  0.612961 -0.382486 -0.190524 -0.406671 -0.224989 -0.828985   
1   -1.489753 -1.482708  0.243797  0.128337  1.055815  0.637115  0.434663   
2   -1.515000 -1.629325  0.263817  0.326367  1.655750  0.819076  0.752450   
3   -0.742343 -0.664629 -0.096139  0.388065  1.498621  0.851951  0.182032   
4   -0.874541 -0.332175 -0.245036  0.377746  1.174623  1.178142 -0.482694   
..        ...       ...       ...       ...       ...       ...       ...   
134  1.137084  0.927362  2.186671  1.789555 -0.710957 -0.314300  1.952050   
135  1.285815 -0.101188  0.500561 -0.090309 -1.437090 -1.511234  0.160842   
136  1.460968 -0.728741 -2.078804 -2.862890 -0.055286 -1.847685 -2.224128   
137  1.020512 -0.648574 -2.583970 -3.112589  0.977437 -1.090192 -2.553423   
138 -0.259077 -0.098437 -0.114710  0.066459 -0.056381  0.189487 -0.117064   

          7         8         9    ...       106       107       108  \
0   -0.405459 -0.806849 -0.307605  ... -0.157910  0.205337 -0.147717   
1    0.746801  1.159729  1.454828  ... -0.536042 -1.218648  1.043946   
2    0.961911  1.506538  1.337026  ... -0.287336 -1.173777  1.184100   
3    0.435623  0.985305  0.398329  ...  0.144351 -0.181312  0.340742   
4    0.026316  1.039265  0.652700  ...  0.028777  0.384741 -0.428465   
..        ...       ...       ...  ...       ...       ...       ...   
134  1.645036 -0.397671 -0.770768  ...  0.027303 -0.672495 -1.242321   
135 -0.436385 -0.472219 -2.183853  ... -0.638557  0.368977  0.067903   
136 -3.413379  0.213551 -2.761454  ... -0.688700  1.692310  1.477833   
137 -3.548361  0.538095 -1.767619  ... -0.361854  1.601978  1.477337   
138  0.103921 -0.047862  0.320275  ... -0.159088 -0.277538  0.056104   

          109       110       111       112       113       114       115  
0   -0.251796 -0.155613  0.488437  0.418360  0.161322  0.046298 -0.718735  
1    1.420534 -0.240171 -1.160111 -0.354977 -0.181211  0.750737  1.903396  
2    1.051116  0.053117 -1.111017 -0.157774 -0.256880  1.088916  2.392870  
3   -0.629664  0.202694  0.503536  0.511651 -0.522105  0.866748  0.479094  
4   -1.183449 -0.063075  1.661166  0.480619 -0.860180 -0.034276 -1.867656  
..        ...       ...       ...       ...       ...       ...       ...  
134 -0.622031 -1.541605  0.012949 -0.667378 -0.854948  0.280448 -0.080958  
135  0.884529 -0.009582  0.195738 -0.469072 -0.155433 -0.282035 -0.730882  
136  2.121204  2.426634 -0.115678  0.209146  1.593222 -1.100014 -1.188989  
137  1.772031  2.745819 -0.311942  0.521325  1.958459 -0.995256 -0.916883  
138 -0.004652 -0.034742  0.121316  0.060806 -0.121183  0.317801 -0.043977  

[139 rows x 116 columns]","[[ 1.          0.67941147  0.4750766  ... -0.0873396  -0.12639498
  -0.31519664]
 [ 0.67941147  1.          0.5163544  ... -0.11991275 -0.13475803
  -0.16930906]
 [ 0.4750766   0.5163544   1.         ... -0.3446241  -0.41065357
  -0.17387395]
 ...
 [-0.0873396  -0.11991275 -0.3446241  ...  1.          0.0233656
  -0.06676124]
 [-0.12639498 -0.13475803 -0.41065357 ...  0.0233656   1.
   0.17438526]
 [-0.31519664 -0.16930906 -0.17387395 ... -0.06676124  0.17438526
   1.        ]]","[[ 1.          0.63475133  0.45364851 ... -0.08099111 -0.0839269
  -0.29703293]
 [ 0.63475133  1.          0.4693686  ... -0.11812413 -0.10550516
  -0.16271058]
 [ 0.45364851  0.4693686   1.         ... -0.34923813 -0.30926762
  -0.12295902]
 ...
 [-0.08099111 -0.11812413 -0.34923813 ...  1.         -0.06607087
  -0.11077349]
 [-0.0839269  -0.10550516 -0.30926762 ... -0.06607087  1.
   0.20303856]
 [-0.29703293 -0.16271058 -0.12295902 ... -0.11077349  0.20303856
   1.        ]]","[[ 1.          0.4647065   0.3179022  ... -0.05515588 -0.05557293
  -0.20884162]
 [ 0.4647065   1.          0.32520071 ... -0.08372432 -0.06912731
  -0.11437806]
 [ 0.3179022   0.32520071  1.         ... -0.24220624 -0.21676572
  -0.08017933]
 ...
 [-0.05515588 -0.08372432 -0.24220624 ...  1.         -0.05181941
  -0.074132  ]
 [-0.05557293 -0.06912731 -0.21676572 ... -0.05181941  1.
   0.14857679]
 [-0.20884162 -0.11437806 -0.08017933 ... -0.074132    0.14857679
   1.        ]]","[[-1.         -0.67941147 -0.4750766  ...  0.0873396   0.12639498
   0.31519664]
 [-0.67941147 -1.         -0.5163544  ...  0.11991275  0.13475803
   0.16930906]
 [-0.4750766  -0.5163544  -1.         ...  0.3446241   0.41065357
   0.17387395]
 ...
 [ 0.0873396   0.11991275  0.3446241  ... -1.         -0.0233656
   0.06676124]
 [ 0.12639498  0.13475803  0.41065357 ... -0.0233656  -1.
  -0.17438526]
 [ 0.31519664  0.16930906  0.17387395 ...  0.06676124 -0.17438526
  -1.        ]]",MCI
002_S_1261,75.3,F,"          0         1         2         3         4         5         6    \
0    0.094997  0.170650 -0.301590  0.405960 -1.651517 -1.029189 -0.147128   
1   -0.167181 -0.578613  0.841053 -0.919887  2.843012  2.436215  0.204598   
2    0.212238 -0.538301  0.957458 -0.453249  3.168262  2.452641  0.441369   
3    1.062389  0.367608  0.690601  1.336323  0.887526  0.627197  0.593827   
4    1.244064  1.102777  0.735778  1.871516 -0.083676  0.324580  0.448850   
..        ...       ...       ...       ...       ...       ...       ...   
133  0.021564  0.238750 -1.387824 -0.728706 -1.338994 -0.584507 -0.384198   
134  0.672244  1.199262  0.301043  0.668195 -0.837416 -2.502477  0.340834   
135  0.238636  1.052786  1.305470  1.913481  0.001213 -2.322661  0.597025   
136 -0.320885  0.358301  1.024558  1.679584  0.253483 -0.911264  0.284734   
137 -0.232376 -0.092109 -0.085525 -0.241599 -0.111355  0.167814 -0.328286   

          7         8         9    ...       106       107       108  \
0   -0.108001  0.072686 -0.733070  ... -1.375416 -0.391191 -1.245943   
1   -0.684395  1.307780  1.944710  ...  1.177116  1.239880  0.044437   
2   -0.101350  0.818440  1.981221  ...  2.530172  1.520087  1.254676   
3    1.302832 -0.713623  0.117399  ...  1.884987  0.714079  1.213811   
4    1.727394 -1.499981 -1.073627  ... -0.008110  0.059335 -0.268794   
..        ...       ...       ...  ...       ...       ...       ...   
133  1.151972 -1.730793  0.515520  ...  1.068244  2.525322 -0.228585   
134  0.923077  0.047285 -0.511165  ...  0.365354 -0.789608  2.101466   
135  0.446719  0.671695 -0.527210  ... -0.584295 -4.599925  2.486157   
136  0.177487  0.325486  0.067901  ... -0.748521 -4.415688  1.076939   
137 -0.029584  0.092663  0.193256  ...  0.003953  0.374395 -0.562749   

          109       110       111       112       113       114       115  
0    0.451722 -0.564974 -0.889331 -1.139174 -0.385037  0.482789 -0.344909  
1   -2.143188  1.336978  0.085079  0.835240 -1.871457 -1.658438  0.541914  
2   -3.295430  1.373785  0.386001  1.387408 -0.215926 -1.102672 -0.411578  
3   -1.700383  0.610473  0.210095  0.750263  2.693654  1.104630 -0.905371  
4    1.406239  0.703455  0.168553  0.090648  2.712042  1.941920  1.067608  
..        ...       ...       ...       ...       ...       ...       ...  
133  0.469488  0.101439 -0.452898 -0.708004 -0.165817 -0.148349 -0.430453  
134  1.137394 -0.371884 -1.021436  0.612219  0.932080  0.879838 -0.398384  
135  1.639115 -1.102989 -0.148554  1.562331  1.067084  1.577431  0.388186  
136  1.164575 -0.958699  0.532603  1.380803  0.628037  1.266777  0.787300  
137 -0.358004  0.121164  0.019733  0.204999  0.222341 -0.021700 -0.009271  

[138 rows x 116 columns]","[[ 1.          0.58662579  0.67021776 ... -0.07800374 -0.21541594
  -0.03954414]
 [ 0.58662579  1.          0.26045549 ... -0.07970045 -0.36535548
   0.08460325]
 [ 0.67021776  0.26045549  1.         ...  0.07726846  0.02240222
   0.08014112]
 ...
 [-0.07800374 -0.07970045  0.07726846 ...  1.          0.61534831
   0.05775558]
 [-0.21541594 -0.36535548  0.02240222 ...  0.61534831  1.
  -0.08550628]
 [-0.03954414  0.08460325  0.08014112 ...  0.05775558 -0.08550628
   1.        ]]","[[ 1.          0.54690186  0.64481756 ...  0.02622669 -0.13775917
  -0.00740886]
 [ 0.54690186  1.          0.26861177 ...  0.01960552 -0.32853108
   0.09828329]
 [ 0.64481756  0.26861177  1.         ...  0.09084018  0.02099368
   0.08901822]
 ...
 [ 0.02622669  0.01960552  0.09084018 ...  1.          0.54358671
   0.04652857]
 [-0.13775917 -0.32853108  0.02099368 ...  0.54358671  1.
  -0.10962604]
 [-0.00740886  0.09828329  0.08901822 ...  0.04652857 -0.10962604
   1.        ]]","[[ 1.          0.38961176  0.46196975 ...  0.02951444 -0.08938961
  -0.00645298]
 [ 0.38961176  1.          0.17994288 ...  0.00899185 -0.21950703
   0.06400085]
 [ 0.46196975  0.17994288  1.         ...  0.06315455  0.01872421
   0.06569343]
 ...
 [ 0.02951444  0.00899185  0.06315455 ...  1.          0.38474558
   0.03057231]
 [-0.08938961 -0.21950703  0.01872421 ...  0.38474558  1.
  -0.07521422]
 [-0.00645298  0.06400085  0.06569343 ...  0.03057231 -0.07521422
   1.        ]]","[[-1.         -0.58662579 -0.67021776 ...  0.07800374  0.21541594
   0.03954414]
 [-0.58662579 -1.         -0.26045549 ...  0.07970045  0.36535548
  -0.08460325]
 [-0.67021776 -0.26045549 -1.         ... -0.07726846 -0.02240222
  -0.08014112]
 ...
 [ 0.07800374  0.07970045 -0.07726846 ... -1.         -0.61534831
  -0.05775558]
 [ 0.21541594  0.36535548 -0.02240222 ... -0.61534831 -1.
   0.08550628]
 [ 0.03954414 -0.08460325 -0.08014112 ... -0.05775558  0.08550628
  -1.        ]]",CN
002_S_1268,87.0,M,"          0         1         2         3         4         5         6    \
0    0.670251  0.669306  0.789808  0.770027  0.062294  0.236494  1.611568   
1   -0.257347 -0.054039  0.040513 -0.485353 -0.408553 -0.295026 -0.690409   
2   -0.798075 -0.625337 -0.290168 -0.983500 -0.017660 -0.139262 -1.238428   
3   -0.891137 -0.886137 -0.137736 -0.685096  0.652259  0.336269 -0.127941   
4   -0.804923 -0.847294  0.200461 -0.235591  0.648730  0.346517  0.927081   
..        ...       ...       ...       ...       ...       ...       ...   
134  0.242813 -0.077583 -0.303109  0.806907  0.100111 -0.104314 -0.173518   
135 -2.322470 -2.134528 -2.486628 -1.732216  0.019077  0.153905 -2.681499   
136 -4.217843 -3.596101 -3.506669 -3.640310  0.056268  0.497910 -3.738487   
137 -3.182221 -2.718307 -2.342299 -2.860044  0.150350  0.555573 -2.397625   
138  0.603904  0.403093  0.413657  0.335621  0.224797  0.254336  0.561647   

          7         8         9    ...       106       107       108  \
0    0.704310  0.113765  0.127100  ...  0.910244 -0.314451  1.461755   
1    0.197684 -0.041592 -0.046091  ... -0.357797  0.093427 -1.628669   
2   -0.218424  0.344573  0.252991  ... -0.930467 -0.069459 -1.986937   
3   -0.360946  0.828723  0.534989  ... -0.758130 -0.232632 -0.506694   
4   -0.160587  0.638570  0.198108  ... -0.192812  0.072605  0.277141   
..        ...       ...       ...  ...       ...       ...       ...   
134 -0.140578 -0.273046 -0.130660  ...  1.293218 -0.848295 -0.314023   
135 -1.454938 -0.304082  0.295080  ...  0.574766 -0.414824 -0.479277   
136 -2.467871 -0.218194  0.498374  ... -1.029100  0.379344 -0.154362   
137 -1.916026 -0.010474  0.456434  ... -1.421070  0.575115  0.123595   
138  0.209459  0.239933  0.268400  ...  0.139282  0.039135  0.107736   

          109       110       111       112       113       114       115  
0   -0.507155 -0.899022 -0.340589 -0.049541  0.369316 -0.157693 -0.342052  
1    0.202871  0.281166 -0.574506 -0.236890 -0.771379 -0.851550 -1.102887  
2    0.380462  0.922616 -0.533491 -0.522342 -0.989817 -0.803964 -0.714975  
3   -0.034853  1.044790 -0.146449 -0.583460 -0.269098  0.003580  0.379958  
4   -0.419528  1.011995  0.313340 -0.184293  0.552063  0.759338  0.895083  
..        ...       ...       ...       ...       ...       ...       ...  
134  1.109755 -0.199051  0.178774  0.357077  0.664517 -0.385414  0.013313  
135  2.135093  2.075577  1.608571  0.953955  1.144354  0.523998  0.563920  
136  1.175566  3.317701  2.358077  1.120259  0.616785  1.929226  1.996256  
137 -0.122061  2.296493  1.592186  0.643072  0.009630  1.839584  1.988954  
138 -0.176213 -0.374545 -0.281523 -0.217990 -0.017403 -0.238500 -0.265178  

[139 rows x 116 columns]","[[ 1.          0.73977096  0.41961968 ... -0.4555854  -0.26482749
  -0.29014128]
 [ 0.73977096  1.          0.32759113 ... -0.27758097 -0.37500385
  -0.32040153]
 [ 0.41961968  0.32759113  1.         ... -0.14778794 -0.13598979
  -0.30858615]
 ...
 [-0.4555854  -0.27758097 -0.14778794 ...  1.          0.21489689
   0.04020052]
 [-0.26482749 -0.37500385 -0.13598979 ...  0.21489689  1.
   0.50656178]
 [-0.29014128 -0.32040153 -0.30858615 ...  0.04020052  0.50656178
   1.        ]]","[[ 1.          0.67612941  0.29487019 ... -0.50193038 -0.18735422
  -0.18206354]
 [ 0.67612941  1.          0.24990393 ... -0.28833728 -0.37632602
  -0.2572367 ]
 [ 0.29487019  0.24990393  1.         ... -0.14190983 -0.07503016
  -0.20326646]
 ...
 [-0.50193038 -0.28833728 -0.14190983 ...  1.          0.10049153
   0.07794808]
 [-0.18735422 -0.37632602 -0.07503016 ...  0.10049153  1.
   0.44101166]
 [-0.18206354 -0.2572367  -0.20326646 ...  0.07794808  0.44101166
   1.        ]]","[[ 1.          0.51746429  0.200709   ... -0.348973   -0.12688979
  -0.12105099]
 [ 0.51746429  1.          0.17234908 ... -0.19507872 -0.26285059
  -0.17485142]
 [ 0.200709    0.17234908  1.         ... -0.09227401 -0.0495256
  -0.13293713]
 ...
 [-0.348973   -0.19507872 -0.09227401 ...  1.          0.06641643
   0.05348764]
 [-0.12688979 -0.26285059 -0.0495256  ...  0.06641643  1.
   0.31268898]
 [-0.12105099 -0.17485142 -0.13293713 ...  0.05348764  0.31268898
   1.        ]]","[[-1.         -0.73977096 -0.41961968 ...  0.4555854   0.26482749
   0.29014128]
 [-0.73977096 -1.         -0.32759113 ...  0.27758097  0.37500385
   0.32040153]
 [-0.41961968 -0.32759113 -1.         ...  0.14778794  0.13598979
   0.30858615]
 ...
 [ 0.4555854   0.27758097  0.14778794 ... -1.         -0.21489689
  -0.04020052]
 [ 0.26482749  0.37500385  0.13598979 ... -0.21489689 -1.
  -0.50656178]
 [ 0.29014128  0.32040153  0.30858615 ... -0.04020052 -0.50656178
  -1.        ]]",MCI
002_S_1280,75.1,F,"          0         1         2         3         4         5         6    \
0   -0.913697 -1.297136  0.422193 -0.874620  0.550785  0.835751 -0.383181   
1    0.870127  0.652620  0.014574  0.717370 -0.171527  0.072635  1.455653   
2    1.232948  1.484702 -0.609533  0.796514 -0.642058 -0.780743  0.489197   
3    0.342896  1.002357 -0.950695 -0.136799 -0.619523 -1.173838 -1.744482   
4   -0.603628 -0.131744 -0.571523 -0.514355 -0.183999 -0.676145 -2.003895   
..        ...       ...       ...       ...       ...       ...       ...   
192  0.308830 -1.156892  0.683303  0.402542  0.390158  0.374350  0.773617   
193  0.561153 -0.640031  0.207072  0.181212 -0.009147 -0.199023  0.913980   
194  0.814558  0.719183  0.180306 -0.312316 -0.883467 -1.048948  0.268039   
195  0.736196  1.183626  0.174166 -0.406354 -1.096518 -1.146399 -0.204859   
196  0.206160  0.137707 -0.084258  0.032808 -0.256485 -0.194652  0.082857   

          7         8         9    ...       106       107       108  \
0   -0.806868  0.817591  1.045005  ...  0.335388 -0.418105 -1.368569   
1    1.384787 -0.004042  0.183415  ... -0.112671  0.627929  0.737822   
2    1.192555 -1.056718 -0.753941  ... -0.090520  0.557531  1.542054   
3   -0.594720 -1.371060 -1.234571  ...  0.014697 -0.303131  1.029360   
4   -1.399197 -0.242281 -0.787971  ... -0.369867 -0.684048  0.290984   
..        ...       ...       ...  ...       ...       ...       ...   
192  0.643050  0.032613 -1.054349  ... -0.474770  0.243472 -0.427421   
193  0.079749 -0.045758 -0.695696  ... -0.099874  0.186334 -0.787160   
194 -0.757276 -0.626699  0.027830  ...  0.607552 -0.009331 -0.407984   
195 -0.777814 -0.746772  0.361785  ...  0.723999 -0.111579  0.053530   
196  0.195107 -0.027538  0.053214  ... -0.061933 -0.027338  0.090858   

          109       110       111       112       113       114       115  
0   -0.398077 -0.169326 -1.373285 -0.906831 -1.110110 -0.987464  0.053839  
1   -0.428498  0.275885  1.108352  0.892755  1.315383  1.052917 -0.030204  
2    0.022272  0.338160  1.778778  1.342482  1.498004  1.097382  0.015988  
3    0.730294  0.030804  0.684104  0.520615  0.051704 -0.009216  0.177594  
4    1.143611 -0.330855 -0.548208 -0.431363 -0.668527 -0.259349  0.291236  
..        ...       ...       ...       ...       ...       ...       ...  
192 -0.601457 -0.312347 -0.635356 -0.452607 -0.266892 -0.881412 -0.423094  
193 -0.807617 -0.070100 -0.141373  0.417615  0.158189 -0.121423 -0.289715  
194 -0.591235  0.428203  0.492353  0.914780 -0.168615  0.432338  0.092648  
195 -0.302095  0.578749  0.618608  0.749062 -0.384314  0.410030  0.261178  
196 -0.090716 -0.007487  0.093222  0.092507  0.212195  0.018584  0.017618  

[197 rows x 116 columns]","[[ 1.          0.78156456  0.12650522 ... -0.42184593 -0.50353473
  -0.09223283]
 [ 0.78156456  1.          0.17509383 ... -0.46396586 -0.48262134
  -0.03270014]
 [ 0.12650522  0.17509383  1.         ... -0.12793224 -0.14979153
   0.02682988]
 ...
 [-0.42184593 -0.46396586 -0.12793224 ...  1.          0.71260536
   0.14023721]
 [-0.50353473 -0.48262134 -0.14979153 ...  0.71260536  1.
   0.46520871]
 [-0.09223283 -0.03270014  0.02682988 ...  0.14023721  0.46520871
   1.        ]]","[[ 1.          0.78114513  0.11520363 ... -0.43334463 -0.50654373
  -0.11740109]
 [ 0.78114513  1.          0.10344248 ... -0.44161024 -0.48146596
  -0.07262148]
 [ 0.11520363  0.10344248  1.         ... -0.09601506 -0.15114629
   0.06665694]
 ...
 [-0.43334463 -0.44161024 -0.09601506 ...  1.          0.6729106
   0.14040069]
 [-0.50654373 -0.48146596 -0.15114629 ...  0.6729106   1.
   0.47996854]
 [-0.11740109 -0.07262148  0.06665694 ...  0.14040069  0.47996854
   1.        ]]","[[ 1.          0.58872889  0.07914638 ... -0.30228944 -0.35356884
  -0.08432612]
 [ 0.58872889  1.          0.07230913 ... -0.30456853 -0.33637211
  -0.04868953]
 [ 0.07914638  0.07230913  1.         ... -0.06205325 -0.10338755
   0.04423495]
 ...
 [-0.30228944 -0.30456853 -0.06205325 ...  1.          0.49000311
   0.09810422]
 [-0.35356884 -0.33637211 -0.10338755 ...  0.49000311  1.
   0.33792603]
 [-0.08432612 -0.04868953  0.04423495 ...  0.09810422  0.33792603
   1.        ]]","[[-1.         -0.78156456 -0.12650522 ...  0.42184593  0.50353473
   0.09223283]
 [-0.78156456 -1.         -0.17509383 ...  0.46396586  0.48262134
   0.03270014]
 [-0.12650522 -0.17509383 -1.         ...  0.12793224  0.14979153
  -0.02682988]
 ...
 [ 0.42184593  0.46396586  0.12793224 ... -1.         -0.71260536
  -0.14023721]
 [ 0.50353473  0.48262134  0.14979153 ... -0.71260536 -1.
  -0.46520871]
 [ 0.09223283  0.03270014 -0.02682988 ... -0.14023721 -0.46520871
  -1.        ]]",CN
002_S_2010,63.6,F,"          0         1         2         3         4         5         6    \
0    0.255881 -0.867243 -0.892176 -0.012034 -1.464898  0.037298 -1.146364   
1    0.930378  0.164280  2.621373  0.482186  2.080709  0.569014  2.701254   
2    0.931665  1.530227  3.047055  0.837215  2.730781  0.170340  3.342695   
3    0.130909  2.176277  0.699796  0.460756  0.942506 -1.013738  0.946060   
4   -0.908013  1.288936 -1.566346 -0.605097 -0.503105 -1.719582 -1.613719   
..        ...       ...       ...       ...       ...       ...       ...   
133  0.202191 -0.094002 -0.290719  1.616549  0.732653 -1.743715  0.019078   
134 -1.929510 -0.560852 -0.813775 -0.433285 -0.025970 -0.631388 -0.982631   
135 -2.886961 -0.421417 -0.872365 -2.762674 -0.712564  1.109962 -0.885026   
136 -1.997423 -0.000636 -0.605074 -2.707930 -0.868643  1.416817 -0.389019   
137  0.173788  0.340893 -0.109160  0.018608 -0.432350  0.034447 -0.150812   

          7         8         9    ...       106       107       108  \
0   -0.195696 -2.408189 -1.033031  ... -0.630944 -1.481726 -1.377502   
1   -0.014061  3.276158  1.493694  ... -0.333462  1.658688  1.941036   
2    0.531939  5.358204  1.914731  ...  0.484593  3.128567  2.543676   
3    0.700354  3.554862  0.466936  ...  1.147972  2.112006  1.173633   
4   -0.107023  0.464664 -0.879242  ...  0.795011 -0.317986  0.147834   
..        ...       ...       ...  ...       ...       ...       ...   
133  0.421302 -0.672526 -1.379822  ... -0.890059 -0.202468  1.237405   
134  0.368362 -1.009634 -0.648194  ... -1.270546 -0.529936  1.492745   
135  0.478499  0.076062  1.352389  ... -0.752433 -0.738485  0.702018   
136  0.373202  0.618794  1.873779  ... -0.160725 -0.703660 -0.182012   
137 -0.035732 -0.341548 -0.129740  ...  0.120208 -0.206188 -0.553440   

          109       110       111       112       113       114       115  
0   -0.000467 -0.685589 -0.953340 -1.357443 -0.106354 -0.215041 -0.216901  
1    0.439680  0.419100  1.561475  1.708707  0.315095 -0.906216 -0.484823  
2    0.109783  0.427991  1.789884  1.965737 -0.185695 -0.867070  0.050657  
3   -0.464980  0.120676  0.388576  0.480416 -0.701484 -0.058079  0.887802  
4   -0.430035  0.567087 -0.390415 -0.076637 -0.306117  0.836690  0.944318  
