1.000000000000000000e+00,5.125600770995984989e-01,5.042254095916169909e-01,1.741788547444819979e-01,-1.536058816696960205e-01,-2.989869690377304767e-01,5.239256754847763098e-01,2.103663800545599039e-01,-2.436862146796882067e-01,-3.411390398337461605e-01,2.157124963506399373e-01,6.612012594608679406e-02,1.999927797607275459e-01,9.735236965113687468e-02,-1.845398981004492123e-01,-2.834116572332671113e-01,-2.204417530740953590e-01,-2.093947869872452849e-01,6.535948943490640373e-01,5.870054528502679503e-01,-3.042498956204540139e-01,-2.078706886538648768e-01,3.524230181228005798e-01,2.699113794110168385e-01,-4.226194400233559273e-02,-1.214962219313198283e-01,-1.702469635754624844e-01,-1.426515229996013212e-01,-2.494263049012867828e-01,-4.412853281598749233e-01,1.719248843976907692e-01,1.675221080587288025e-01,5.531378218107732003e-01,4.370348046925277008e-01,6.494448263846377967e-02,-8.409538250002354665e-02,-3.918015752678551955e-01,-4.464446600052111025e-01,-2.428197859669940697e-03,-9.365906030155486672e-02,-1.529387943456108900e-01,-3.920464355562252590e-01,-2.074139300390206719e-01,-1.919170990962144052e-01,-5.134061007882617655e-02,-3.986513848732847753e-02,-1.504744952895786803e-01,-2.035291273869954121e-01,-4.805226197539468058e-02,-1.467843251744629651e-01,9.490690600190238024e-02,-1.178186087540692289e-01,1.456526311493679116e-01,9.936304932679117241e-02,4.086812389930591372e-02,-2.361316469365780379e-01,7.078314482230363414e-01,5.261984812383652121e-01,3.262731950186627539e-01,3.145607112249606541e-01,3.857224477238980764e-01,8.283654947904403598e-02,3.368555544045029326e-02,-1.737942985223623338e-01,-1.350027782225026590e-02,-3.142232435198352714e-01,1.977450878828688752e-01,3.582023487752276913e-02,7.034820388700011584e-01,6.470574385730295530e-01,2.614982310413782422e-03,-3.510919827090965700e-02,-1.547689680394538914e-01,-3.192789806277840925e-01,-7.610446116610003475e-02,-3.624607203287406598e-01,-1.836656213015893935e-01,-3.564051370432806398e-01,-1.329952377813146402e-01,-1.481451833155966458e-01,-6.487698909743869202e-02,-3.088912537788535140e-01,-2.218512693494564536e-01,-3.257803352074563064e-01,-1.606974123290294543e-01,-1.100756869429820872e-01,7.764896452351129942e-03,-1.210645771922059105e-01,1.752681691042822232e-01,1.310944313119802654e-02,-4.468197985239319436e-01,-3.347773811878235195e-01,-3.337979400343432101e-01,-4.849065606861110989e-01,-3.564004281915811867e-01,-3.674725081541615479e-01,-3.986733595145487974e-01,-4.100044263205974704e-01,-4.427717556796599840e-01,-3.386716015432476579e-01,-4.254447510430106605e-02,-1.776508480641910692e-01,-7.374061761298889017e-02,-1.246825449145971265e-01,-1.363746236842683646e-01,-2.094042046906441357e-01,-6.693632690732037593e-02,-2.932672838401627347e-02,-9.945565674354651942e-02,-2.930742209204863502e-01,-1.740470068968981154e-01,-2.965069738093668583e-01,-3.051555647639766500e-01,-1.774169750964529890e-01,-3.879403168743270069e-01,-3.589165246163070755e-01
5.125600770995984989e-01,1.000000000000000000e+00,4.031483382462352494e-01,5.877572995049427096e-01,-1.146150199812273757e-01,-1.430863069731815318e-01,3.500309214594928831e-01,5.896816502327741905e-01,-2.477483840790584702e-01,-2.388235404914157700e-01,-2.141271829451669995e-02,5.613422110884039862e-01,-2.030959130306483340e-01,3.091455317706224282e-01,-3.394642582459841407e-01,-3.149075966334849430e-01,-2.027898376701857408e-01,1.078954886061485041e-01,5.716247735827141296e-01,7.058191989301488833e-01,-2.268944495195401589e-01,-2.767674674853790040e-01,4.085917708107700830e-01,4.555280349334011603e-01,1.271107427742670659e-01,-2.210962834603153598e-02,-1.347171078860709137e-01,-1.838068868525721267e-01,-2.506678721327016968e-01,-2.679603451902219380e-01,3.293323790060556089e-01,3.467786745524236713e-01,4.134340399750117134e-01,5.662190118317746990e-01,-8.376733249829695915e-02,-1.757170796329607099e-01,-3.797170921898985751e-01,-4.816794276547721187e-01,-2.474438783358290372e-01,4.345171386505686933e-02,-1.011304383313085288e-02,-2.769825050463193827e-01,-3.573657427899632477e-01,-3.961556934725897761e-01,-2.676103205472313284e-01,-2.164219633400198961e-01,-2.811247249245799051e-01,-4.027794781964469939e-01,-1.644817594781336489e-01,-2.103459750305290421e-01,-3.826569852675726358e-02,-1.625448518124370245e-01,8.137837506945556909e-02,1.113502161362930065e-01,-1.812185880351217526e-01,-2.442355807112877586e-01,3.374535785703298152e-01,7.442418591802203442e-01,2.056826422308655894e-02,3.090278104781368218e-01,-3.252246907069242243e-02,6.216939937026956520e-02,-2.764519744215175878e-01,9.643885242144850656e-02,-1.271374262672304856e-01,-9.534953806164828127e-02,6.447673670298760540e-02,7.239702526141975070e-02,5.658768352749498076e-01,5.961939921330784431e-01,5.189154572765885577e-03,-2.332451208448307802e-03,-2.708657066887668607e-01,-2.848494266188247304e-01,-1.445538990861688355e-01,-4.008802413443457446e-01,-2.725342098075962949e-01,-2.130598432266307407e-01,-3.610747483118766921e-01,-2.516834144825442765e-01,-3.886262396052098667e-01,-2.438604421925669175e-01,-3.080326731523250761e-01,-4.323181049069373949e-01,-3.089414815303140327e-01,-1.505294318927386243e-01,-7.337175756320063469e-02,-2.309456315982784391e-01,-3.786073728060675159e-02,-1.201824523071803735e-01,-3.402302314557572038e-01,-4.938973281975457263e-01,-2.841054280503156337e-01,-4.276736075140716298e-01,-4.305758297781502875e-01,-1.060919984052688947e-01,-4.420136305560525836e-01,-4.679939349990111519e-01,-3.843992603963597432e-01,-5.672439718850160739e-01,-2.129154384411817424e-01,-2.641775676583508203e-01,-6.792675538143268243e-02,-1.471374890519198120e-01,-1.175737484656991516e-01,-2.341680557779179939e-01,-3.762686431286866445e-02,-1.346919940103406266e-01,-1.870795387836722001e-01,-3.516805891715246157e-01,-4.679609730371151466e-01,-4.964369688807687142e-01,-4.395383441793884183e-01,-3.238041871109311187e-01,-4.823418061271578239e-01,-1.036590916938995299e-01
5.042254095916169909e-01,4.031483382462352494e-01,1.000000000000000000e+00,6.135994776313847821e-01,1.989740981764187011e-01,3.467598391456259282e-02,8.638451227283714395e-01,5.629856003315031332e-01,9.325095982093806191e-02,4.783565479722114849e-02,2.218198770047936086e-01,2.451600852616080961e-01,2.345887131963999284e-01,3.007983073247758044e-01,4.272184185164605574e-02,-1.820755990444170328e-03,-4.413371255285686301e-01,-1.546999048811956712e-01,7.738165870870729046e-01,5.997852763625062256e-01,-2.571268470470791101e-01,-1.412985129446333310e-01,8.643882102910384058e-01,7.242920241469915643e-01,1.697949138123177326e-01,8.771805907411418801e-02,7.756891404462107342e-02,8.504657054330730381e-02,-2.970704663960646585e-01,-3.030852396334630106e-01,5.617095015209591091e-01,4.880646305591918588e-01,2.328401595986802630e-01,3.015171920175546139e-01,-1.330234908915111924e-01,-3.013209898634118811e-01,-2.394372608295740890e-01,-5.129148105942884506e-01,-7.791579945314535717e-03,4.947433518862090485e-02,-3.421624302697544029e-01,-2.750503062323221837e-01,-2.909615161246778547e-01,-3.169480990365689532e-01,-2.908516429183579111e-01,-3.345607740096500082e-01,-3.360550496156007316e-01,-3.261586129606434126e-01,-1.712530882219062134e-01,-3.129863851401197272e-01,-1.497822940897632626e-01,-1.609799434309949207e-01,5.152896414680316339e-02,7.884658247239828555e-02,2.117570609231233039e-02,-1.795375279784271749e-01,1.469773880941393496e-01,2.266637157862683716e-01,-2.300383928375226428e-01,-1.149477788346533746e-01,-1.761518636065409205e-01,-2.616865851093552187e-01,-2.331509438108422816e-01,-3.482917855651720962e-01,-3.344006730518695458e-01,-4.519854088382007085e-01,-1.587683527494985203e-01,-2.902128087044693050e-01,1.986319216195938375e-01,2.853689699229945975e-01,-2.309063911674499175e-02,6.090114864589121421e-03,-1.464091866557421240e-01,-1.531459838203855506e-01,-1.884890550590332947e-01,-3.137523583498927904e-01,-4.503530069157335447e-01,-5.061764438124118914e-01,-8.459138154569627310e-02,-1.708669623825533890e-01,-2.621559006620645671e-01,-3.919914989530652871e-01,-3.233835296924492120e-01,-3.164772138666264722e-01,-2.411544220826309370e-01,-2.908422252149590603e-01,-4.490831865741220369e-02,-4.337637223786607737e-02,9.984335220013247636e-03,6.794873002269666111e-03,-2.409079921770277133e-01,-2.355038000433214429e-01,-1.906975065060634300e-01,-3.826020486644127194e-01,-4.855406860483002518e-01,-3.745106718275681423e-01,-5.222650204521125383e-01,-5.460682657927038441e-01,-3.092193037805800460e-01,-4.264179137275583842e-01,-1.923471742180951627e-01,-4.279561386160370823e-02,-2.485065092026658429e-01,-2.320631990682752166e-01,-1.506926720849853518e-01,-2.396381718354162194e-01,3.334180926639229714e-02,-5.237341821823330440e-02,-1.004162624902291273e-01,-4.186702830647718310e-01,-1.656809470442537902e-01,-3.129534231782237774e-01,-3.635217815783443052e-01,-2.960580632806883439e-01,-4.548201375612543340e-01,-2.623521028162072444e-01
1.741788547444819979e-01,5.877572995049427096e-01,6.135994776313847821e-01,1.000000000000000000e+00,1.940831708779497053e-02,1.075580209010230798e-01,4.481508339376359951e-01,8.769514266251031698e-01,-4.602902536187525318e-02,6.499471038992431227e-02,2.008482211527896910e-02,4.446223343975337916e-01,-1.365504208143802078e-01,3.028749109242220294e-01,-1.013658809162797519e-01,-8.674018753786701119e-02,-3.194343727338651018e-01,-2.206724868073671464e-02,5.796549353474661492e-01,7.051395546681986648e-01,-1.028224857086350863e-01,-1.147437285943449792e-01,6.934741593914908186e-01,8.509962360578748886e-01,1.683336001682629590e-01,7.569479106825009740e-02,-1.002294780394852869e-01,-8.906008180845019495e-02,-2.284452313458839867e-01,-1.571076977168347766e-01,4.989106856401998025e-01,6.338710841974076748e-01,8.014622554143946420e-02,3.611877607526628453e-01,-4.268103180358437942e-01,-4.923198628782385344e-01,-1.374184191443074687e-01,-2.649733635955535682e-01,6.094666754565231798e-02,1.609940699860931967e-01,-3.434322506113659385e-02,-8.564616432636737442e-02,-4.262672304731768280e-01,-5.626826642055068328e-01,-5.382343061820944463e-01,-4.853491927458569721e-01,-4.278352780890851692e-01,-5.591086457656435638e-01,-4.147478095991511404e-01,-4.930842664707784095e-01,-3.216820646117237725e-01,-3.910936778957083693e-01,2.871300804585793717e-02,-1.685156757673073880e-01,-6.284119554605413493e-02,-2.770343024150130895e-01,-1.407397292096349284e-01,1.517207713726930474e-01,-5.585781151408417688e-01,-1.915215555534627301e-01,-4.475025820203485383e-01,-1.811055755943355716e-01,-3.551667090463319632e-01,-7.317869464352423636e-02,-3.935940781481028217e-01,-1.225965236117520368e-01,-4.575653981020188499e-01,-4.128940916468110123e-01,1.592831872019689343e-01,1.429764337668616159e-01,4.178164112899428184e-02,2.997184106683744090e-02,-2.224948124150444573e-01,-2.286288765621615482e-01,-7.334193483577094996e-02,-3.283293935940781449e-01,-3.549281272268944298e-01,-3.215627737020050336e-01,-1.960640278261742975e-01,-2.710493519050444222e-01,-3.569592119265795893e-01,-3.046846795940342245e-01,-2.588110463382399806e-01,-2.288580406782002030e-01,-2.780310093580579678e-01,-3.066404226665285226e-01,-2.729250444986485585e-02,-1.370150275153901032e-01,6.689394724202556153e-02,-1.268344901412341574e-01,-3.756251000630986270e-02,-2.487859010701650164e-01,-1.767545966240672423e-02,-2.773545043305739588e-01,-3.214670270507833938e-01,5.589720890663602698e-02,-3.251791718071631032e-01,-4.167851727677688300e-01,-2.823505959836634105e-01,-4.380393597217382418e-01,-2.312783904517044520e-01,-1.450593158352404266e-01,-2.569557587686666644e-01,-2.506521759603703159e-01,-3.666468894895291014e-02,-1.336921478328294832e-01,6.329167569196575416e-02,-8.298880235065876632e-02,-9.827373496699094713e-02,-2.770704036113753044e-01,-5.434218911376271777e-01,-3.544839255499154240e-01,-3.551525824912337148e-01,-3.460896125870744910e-01,-3.089493296164797509e-01,5.850905198258352785e-02
-1.536058816696960205e-01,-1.146150199812273757e-01,1.989740981764187011e-01,1.940831708779497053e-02,1.000000000000000000e+00,7.038022407855620832e-01,2.652323504390219355e-01,8.399649661433562786e-02,8.002960298101704506e-01,7.736674734499244810e-01,2.780058954823276807e-01,2.791422983591221318e-01,3.149782294089763512e-01,4.575512715469205460e-01,6.633971539700328490e-01,6.364782184216557503e-01,-4.183657773215423981e-02,1.733799195728129849e-01,1.018367660862222121e-02,-1.265409717186366800e-01,1.558174723511924487e-01,3.094139363174895907e-01,2.927493101532260278e-01,1.490131816455239344e-01,5.386581028350426736e-01,6.165786111398874336e-01,7.320208194029803606e-01,7.661034880034154337e-01,1.106203441228821999e-01,3.621122653029832383e-01,4.907486760278638727e-01,3.747822156089016254e-01,-6.261674028171490547e-02,-4.695039067772932562e-02,-2.519110089813498266e-01,-1.832104323039783489e-01,-2.687027741414978466e-01,-2.027945465218851905e-03,-1.504949003136095143e-01,-2.279821942621072517e-01,-7.635403030616953746e-02,-8.923587893856203823e-02,-2.602315499342330307e-01,-1.512781393129471463e-01,-2.982304135313562643e-01,-3.007810415352112354e-01,-3.001484857902552150e-01,-1.492768773406916993e-01,-2.391798436033388819e-01,-1.323862262948557467e-01,-3.050692358161538609e-01,-1.037485598761885980e-01,-3.090262408609036338e-01,-1.125274290611491534e-01,-2.252526298936741167e-01,-1.889505225255769250e-01,-1.599549833777534902e-01,-1.170133951134676303e-01,-3.772386665787680893e-01,-2.724086404289449703e-01,-2.318293261005371364e-01,-2.633739236349823543e-01,2.198562858461335784e-02,2.858743866720661608e-02,-5.384383564224027863e-01,-1.317583794015991239e-01,-3.248322863986388143e-01,-2.340205117580027028e-01,-2.409519414595556741e-01,-1.578155950889816028e-01,4.875042772069603236e-01,4.178870440654341989e-01,3.220524942787451605e-01,3.770801352382208149e-01,1.176930393754179044e-01,2.286806739308552272e-01,-1.127393273876232532e-01,-5.333559358214905871e-02,-1.253307968318845833e-01,-4.034858059513606737e-02,-2.438714295131989146e-02,1.459351622513333779e-01,-1.507790010328081409e-01,8.370925666067072224e-02,-1.032651177683810012e-01,-1.514099871605310288e-01,-1.970999752000477112e-01,-3.871931790713516869e-02,-4.431500334328470486e-02,-1.150733482133046992e-01,-1.278343363187453008e-01,-5.035802969087958131e-02,-1.977717713758322775e-03,1.539559063126865746e-01,-1.567341288153470957e-01,-8.001594731108871428e-02,-8.073326238663439125e-02,2.837710995796564883e-02,1.062081500805213685e-01,-4.011941647909740387e-03,-1.459351622513333779e-01,9.293703637430976439e-02,-1.508559122772320793e-01,-7.845574778134603577e-02,4.212695692028541744e-02,4.966268925659788475e-02,-7.972556812295752970e-02,-1.341080963996119924e-01,-3.296243278114199260e-01,-1.085076393270737044e-01,1.494432567674046919e-01,-5.587366464813890710e-02,-2.193351729247305648e-01,-9.963773234259093448e-02,1.974264555845411592e-02,9.787034333807358155e-02
-2.989869690377304767e-01,-1.430863069731815318e-01,3.467598391456259282e-02,1.075580209010230798e-01,7.038022407855620832e-01,1.000000000000000000e+00,1.222590559066266125e-01,2.476306627865728638e-01,6.469208818737463007e-01,6.341175141030108708e-01,1.482315122634194349e-01,3.102128714891586592e-01,2.643376686161312827e-01,5.008978210573569179e-01,5.488417794436648567e-01,5.879582105107848955e-01,6.755632571441128054e-03,3.051587039984429151e-01,-8.400434470050133218e-02,-1.507083682573167605e-01,3.045983506462114354e-01,6.264687693259122225e-01,2.114745298211578028e-01,2.011166256996568813e-01,6.487557644192887274e-01,7.755054952299332838e-01,6.020769175228928294e-01,7.148052575898841132e-01,2.244803782149684956e-01,5.198352529752094942e-01,4.629633117667925624e-01,4.048450944752612357e-01,-3.834574900564748090e-02,2.545448266985612940e-02,-3.005722824432033868e-01,-1.696112685960401711e-01,-1.759289779594348235e-01,6.965019510342207454e-02,-1.195671623517888943e-01,-1.939685888199303709e-01,-4.047258035655425246e-02,3.793293967333126460e-02,-2.740504600548110403e-01,-1.970544563002866179e-01,-3.440020216669962827e-01,-3.048620463413792003e-01,-2.677782695911775090e-01,-1.786538334761685054e-01,-2.972682381674404684e-01,-1.769633557160750770e-01,-3.903983374614266588e-01,-1.928431732637679030e-01,-3.876263934276987233e-01,-2.274500940200722687e-01,-2.748619521643452246e-01,-1.752948525972456428e-01,-2.858712474375998402e-01,-2.490919764306276374e-01,-4.292777563263422413e-01,-3.212598375760087333e-01,-3.642281093332579989e-01,-1.177181532511481776e-01,2.454881352633346905e-03,1.743405253194955928e-01,-5.435537389852110879e-01,-3.892493776467670363e-02,-3.684174177285127194e-01,-2.607259793626726108e-01,-3.039877695425193815e-01,-3.196007521605780943e-01,5.110830672832122890e-01,5.115555220703879025e-01,3.699791868754885305e-01,5.803973642987421133e-01,1.946027141821195516e-01,2.872697763923289793e-01,2.679650540419213287e-02,1.358864727247613424e-01,2.233565322760391620e-03,-5.978672041036072957e-03,-5.036744739427843204e-02,2.202251458959218200e-01,-7.271565755974747358e-02,2.594624374899937025e-01,-2.674721942307148881e-01,-1.304571667153248127e-01,-1.489111565253697367e-01,-2.973482886463307134e-02,-2.369117467014493772e-01,-1.269318064096889298e-01,-3.945232915501226123e-02,-4.577945622180575047e-02,5.430875626669680496e-03,2.087653704767555296e-01,-4.040351719829602534e-02,1.158926884090045739e-01,1.723282760266081626e-02,1.413534495477932751e-01,4.417216817506882526e-02,6.214114626007302168e-03,-1.082894625316670328e-01,-2.860156522230488871e-02,-1.314099243758417024e-01,-1.308825329855061448e-01,2.424430778310401186e-02,-4.818724905744485197e-04,-9.672138352341398682e-02,-1.263055291336654673e-01,-2.650910848880392301e-01,5.859852016487259591e-02,9.377364235957419414e-02,-1.482189553255543191e-01,-2.762494937984423249e-01,-1.112372036955068116e-01,7.680764968654743563e-02,1.921917821120141534e-01
5.239256754847763098e-01,3.500309214594928831e-01,8.638451227283714395e-01,4.481508339376359951e-01,2.652323504390219355e-01,1.222590559066266125e-01,1.000000000000000000e+00,5.621725386047358164e-01,2.364785323451023269e-01,1.312451145663618424e-01,3.177862746390665016e-01,2.710446430533450246e-01,4.806026702328370370e-01,4.336098998898128554e-01,2.328762607950425334e-01,1.684528910779817257e-01,-4.107594122097385503e-01,-1.006234519650038156e-01,6.794213763031746733e-01,4.743022266590069536e-01,-2.365491651205936796e-01,-6.133593261947141440e-02,8.267723332988017315e-01,6.348991834851153149e-01,2.481282314494787367e-01,1.787558585963227031e-01,1.303614200641031728e-01,1.259617829596074712e-01,-2.526189063534966528e-01,-1.696897494576972421e-01,6.275314001927490004e-01,5.419527294074066859e-01,3.200998904407171275e-01,3.299680739854778944e-01,-1.319875435176377787e-01,-2.230614442362085503e-01,-4.230997428966972174e-01,-5.083896041111414243e-01,-2.915877934007013103e-02,-1.132839845675233659e-01,-3.529221564029395575e-01,-3.215863179605021327e-01,-3.462214604346584013e-01,-3.221827725090959382e-01,-3.267315232507400635e-01,-3.679229883000731394e-01,-4.350429604236710768e-01,-3.202380167572335679e-01,-2.619345846321916027e-01,-3.603872559637606998e-01,-3.091769241152852454e-01,-2.702221636231788571e-01,-1.767765712653312227e-01,-3.978665762567140662e-02,-1.531381357342198601e-01,-3.460221190460494034e-01,1.935714756599455633e-01,2.085095228677534829e-01,-1.733814891900461175e-01,-1.173948121011210155e-01,-7.002062477044347644e-02,-2.531651331506298841e-01,-1.264609212397464766e-01,-2.677343203086495205e-01,-3.838122235511647884e-01,-3.866956104084458001e-01,-1.192391123500623207e-01,-2.080025365014487593e-01,1.901967986086912921e-01,2.602456764893313346e-01,1.573823807326345525e-01,1.381985189091788080e-01,-4.492087559527733337e-02,-7.746061045553431085e-03,-5.217564644685746683e-02,-2.101450640246869395e-01,-2.997733472715343739e-01,-4.350774920028002146e-01,-8.631011241598623984e-02,-1.335116418510182146e-01,-2.575694791068249834e-01,-3.226442399756395130e-01,-2.930428285758234774e-01,-2.424980144342000765e-01,-2.709708710433873513e-01,-3.961415669174915277e-01,-6.896113313807294976e-02,-5.747467422594326053e-02,-2.194481853655167597e-02,-1.499832050956053930e-01,-3.670926607837412536e-01,-2.967486948632706567e-01,-2.861161077259699592e-01,-3.806415967402189127e-01,-5.489469437982853472e-01,-4.566911213031590311e-01,-5.253430398463030393e-01,-5.442318136299282294e-01,-3.806776979365811830e-01,-4.440243102317069090e-01,-2.909316933972481700e-01,-7.039576328916430370e-02,-3.864680159096402501e-01,-3.146125085936543608e-01,-2.345651689379028015e-01,-3.462402958414561027e-01,-4.910233590436636347e-02,-1.382942655604004478e-01,-2.253640727172271652e-01,-4.795259128109019553e-01,-4.209242534115630735e-02,-3.768713761462129663e-01,-4.736806582346829164e-01,-2.400902215985609711e-01,-4.445077523395145058e-01,-3.206162945104206741e-01
2.103663800545599039e-01,5.896816502327741905e-01,5.629856003315031332e-01,8.769514266251031698e-01,8.399649661433562786e-02,2.476306627865728638e-01,5.621725386047358164e-01,1.000000000000000000e+00,7.086350922464047797e-02,1.457279727765587174e-01,9.227622751915717791e-02,5.648251917287450130e-01,7.572618341291292854e-02,5.767181815042583537e-01,2.942875350417047467e-02,5.157448304656426369e-02,-3.392099802542152265e-01,4.229176672976527745e-02,5.222697293038119914e-01,6.258942894185823835e-01,-6.154626132871238164e-02,-2.424116854863772944e-02,7.202486901544189468e-01,8.484189245610564978e-01,3.559154164665404574e-01,2.439671761644205406e-01,-8.959061243325203150e-02,-5.624252469792716258e-02,-2.051944912713585534e-01,-4.294315788151901320e-02,6.588939221281497893e-01,7.894531139636288275e-01,2.300399624547557753e-01,4.355420987038101099e-01,-4.020574542692019193e-01,-3.926287635497207607e-01,-3.491315307849027771e-01,-2.863452718420085863e-01,-2.010836637377609246e-02,3.598347506976948273e-02,3.029361259963145249e-04,-1.020313986231317638e-01,-5.116858003007386246e-01,-6.074136161155740954e-01,-5.689642723725392148e-01,-5.134563285397223398e-01,-5.351437298500387740e-01,-5.996393019598240670e-01,-4.769015127970893109e-01,-5.143572888315455227e-01,-4.553961870858172500e-01,-4.817971489472577251e-01,-1.519703405127625639e-01,-2.376149352218967781e-01,-2.245321755836621747e-01,-4.242471330941236518e-01,-1.455961249289748072e-01,1.909612022012311949e-01,-5.073097074547401331e-01,-1.224583972952355826e-01,-3.970974638124746825e-01,-7.773843270580035880e-02,-3.261837268363736997e-01,5.929229098192114605e-02,-4.746067324022363865e-01,-6.668989700171716606e-02,-3.973517418042435967e-01,-3.475336604415646957e-01,2.214227638448088009e-01,1.462553641668942750e-01,2.528888805175970034e-01,2.514401238114073456e-01,-7.533220948739439982e-02,-4.014766958929395779e-02,-1.688123334243711235e-02,-2.760846839889624649e-01,-2.139937654803499567e-01,-2.537678661681562198e-01,-2.633817717211480725e-01,-2.508907577798077937e-01,-4.133147490652929190e-01,-2.625278999463190877e-01,-2.787655902231681582e-01,-1.619813592257392243e-01,-3.980941707555195608e-01,-3.918282587608185596e-01,-4.640259426336293402e-02,-1.822231430643323213e-01,3.060125757732719276e-02,-2.447786682739547248e-01,-1.812060310972566368e-01,-3.828469089527827829e-01,-1.745288793874725797e-01,-3.665260289625771883e-01,-4.890597678850035490e-01,-5.016025791950375068e-02,-4.229255153838185066e-01,-4.768952343281567252e-01,-4.362013379417295500e-01,-5.288731090036383753e-01,-2.949718881553544114e-01,-2.501451895940655645e-01,-3.289211392909724974e-01,-3.413116977293916832e-01,-2.004730826340688499e-01,-3.129063346612295238e-01,-6.232165224188429553e-02,-1.618259671196581873e-01,-1.878094107970830207e-01,-3.548323805756727900e-01,-5.168106005669457215e-01,-5.344217059227936995e-01,-5.257809630543495150e-01,-3.590012839468967321e-01,-3.738796856998452545e-01,1.132635795434925284e-02
-2.436862146796882067e-01,-2.477483840790584702e-01,9.325095982093806191e-02,-4.602902536187525318e-02,8.002960298101704506e-01,6.469208818737463007e-01,2.364785323451023269e-01,7.086350922464047797e-02,1.000000000000000000e+00,8.722253091361140687e-01,4.695243118013241457e-01,2.064235015649083793e-01,4.065983569246803264e-01,3.940759506386772304e-01,8.234682890230388130e-01,7.346828902303884634e-01,4.729570646902046122e-02,2.071722089851169013e-01,-8.606368251038301609e-02,-2.586713504044903522e-01,1.877277907009596569e-01,4.278917843094782736e-01,2.577389977680042965e-01,1.522764158732251571e-01,4.428926162066118555e-01,4.964589435220327363e-01,6.712201262600102636e-01,5.622259055906626557e-01,2.660061717349607169e-01,4.678746440892923575e-01,3.179134136349509587e-01,3.333537383573641488e-01,-2.013897390982234969e-01,-1.386254547965933004e-01,-3.364207704309227220e-01,-2.644632379947826073e-01,-1.313283042797183386e-01,2.001732857425388146e-02,-1.146762350533198915e-01,-1.743703480469252776e-01,-1.290821820190928282e-01,3.234039347164800737e-02,-2.293195081447438333e-01,-8.434652125732618189e-02,-2.542591563621295347e-01,-2.549686233515094935e-01,-2.387952873812192178e-01,-6.301542305893284568e-02,-1.978157206583602556e-01,-3.974584757760972475e-02,-3.114136286725119329e-01,-3.155244562061095687e-02,-3.357552527240706963e-01,-1.861126545680570343e-01,-1.396755287255649902e-01,-5.180835601430235082e-02,-2.043249233241981599e-01,-3.133269920797114305e-01,-4.213574677679101099e-01,-4.892857927665759665e-01,-3.174613638718062347e-01,-3.587077655242992269e-01,4.663332799663474221e-02,5.541219718159529767e-02,-5.266505310015099361e-01,-2.316158581568298624e-01,-4.514423212755337422e-01,-3.565558202976621960e-01,-3.983311829577239060e-01,-3.186228806243309730e-01,4.842033721656636702e-01,4.599527859136270935e-01,4.363096415308163056e-01,4.695447168253549797e-01,2.218528389666895861e-01,3.359420371748145229e-01,-1.791247186461109725e-02,8.128733726993335462e-02,-6.945870180097880875e-02,-2.043327714103638712e-02,4.360553635390473914e-02,8.414404063425093283e-02,2.853564129851294488e-03,2.524964762093115933e-01,-8.081331286552460857e-02,-2.895221771218870477e-01,-1.951975991134801899e-02,-2.415170036634866138e-02,-1.059271885957890347e-01,-2.141193348590012813e-01,-1.526923644400076663e-01,-4.582654473879999718e-02,-9.215222775773899977e-02,2.256858442500211948e-01,-9.718285098995758930e-02,-7.674643461445491976e-02,-4.223055165767276159e-02,1.054704299809448437e-01,8.872575333779104956e-02,2.997654991853686626e-02,-2.949844450932195827e-01,1.017881079519948329e-01,-3.583546016468424078e-01,-1.922388706290084071e-01,-3.197624227355917031e-02,6.006140342616049510e-02,-1.170039774100687796e-01,-1.730471607193869721e-01,-3.629457320537813891e-01,-9.623009332944068572e-02,1.751190554671337718e-01,-3.674787866230940642e-02,-2.078220305196374906e-01,-1.499894835645379509e-01,1.050890129932914585e-01,1.333876420896000226e-01
-3.411390398337461605e-01,-2.388235404914157700e-01,4.783565479722114849e-02,6.499471038992431227e-02,7.736674734499244810e-01,6.341175141030108708e-01,1.312451145663618424e-01,1.457279727765587174e-01,8.722253091361140687e-01,1.000000000000000000e+00,3.949784805477336569e-01,2.952779635158170324e-01,2.390731096314852588e-01,4.274664180392969137e-01,7.226345083487940579e-01,7.401357404983220922e-01,2.649827812989524398e-02,2.275803722504230187e-01,-1.429324844843336551e-01,-2.670892076258283843e-01,1.544864369374884250e-01,3.075335348721860429e-01,2.268332344474476570e-01,1.981484795117862685e-01,4.449911944473221026e-01,4.789953821861001049e-01,5.702843204656112830e-01,5.082357816222935476e-01,2.244395681669068277e-01,5.111819531689002494e-01,3.656470433120179164e-01,3.525705621427158709e-01,-1.693020540011112851e-01,-5.298713855639163722e-02,-3.222188737054582086e-01,-2.778269591177495723e-01,-1.177558240647435667e-01,1.202154142690763372e-01,-9.554574021579097243e-02,-5.418475650527862508e-02,-6.701951662067688609e-02,1.213361209735393936e-01,-2.297715579078885850e-01,-1.268596040169644168e-01,-2.921952352699270783e-01,-2.791940957278158386e-01,-2.809709024357320284e-01,-1.228696370103186664e-01,-2.704293530979535176e-01,-9.148200119918756257e-02,-3.771162364345830853e-01,-8.413148369638580315e-02,-3.164960492734241737e-01,-2.557471534991476725e-01,-2.109408599618896873e-01,-6.183193166514414085e-02,-3.435907819519132267e-01,-3.225924426069458617e-01,-4.982200540576174896e-01,-4.390972817368756220e-01,-3.063987016126247243e-01,-1.989866551142838169e-01,1.868786277778301114e-02,1.546622340676002683e-01,-4.832584625913124987e-01,6.320848597860925268e-03,-4.446929671730251998e-01,-3.079824454008645573e-01,-3.933539267114321558e-01,-2.930239931690257760e-01,4.606748098408722236e-01,4.225189845204348482e-01,4.172136782724165105e-01,4.490659207845574818e-01,1.782802645746808246e-01,3.366216814367648524e-01,-4.583910167666512686e-02,9.568857538400685203e-02,-1.736357671818150317e-01,5.823279934955062371e-04,-4.652502440754797269e-02,1.369710782328621423e-01,-2.258679198490656185e-03,2.419988761540610711e-01,-1.244502415640921789e-01,-2.845276550860307285e-01,-3.855764733212158762e-02,-1.522528716147280269e-02,-5.787806585486063304e-02,-2.401012089191929544e-01,-9.677161127487450554e-02,-4.476862272366260997e-02,-2.444207955447984595e-02,2.390401476695892813e-01,-7.315515038502710954e-02,7.267327789445265744e-03,-2.448916807147408919e-02,1.572222797748541179e-01,6.955130921773416963e-02,3.624560114770412206e-02,-3.321137407431823951e-01,1.463495412008827545e-01,-3.891661879334105678e-01,-1.724459973190937689e-01,-2.527554630527799329e-02,6.693318767285409698e-02,-7.608719537653547971e-02,-9.785935601744158441e-02,-3.550332915815149204e-01,-3.095913030648346151e-02,5.700221943876766090e-02,-6.053071897886981578e-02,-2.098892164156848650e-01,-1.674059563834763287e-01,1.266037564079623423e-01,1.553528656501825533e-01
2.157124963506399373e-01,-2.141271829451669995e-02,2.218198770047936086e-01,2.008482211527896910e-02,2.780058954823276807e-01,1.482315122634194349e-01,3.177862746390665016e-01,9.227622751915717791e-02,4.695243118013241457e-01,3.949784805477336569e-01,1.000000000000000000e+00,2.251914148215816147e-01,4.783047506035178476e-01,3.048400717001152338e-01,4.236569570144624319e-01,2.596429434718049434e-01,3.488709743242012773e-01,1.735980963682196565e-01,1.282722595267918042e-01,-4.481414162342371027e-02,1.212340958533851959e-01,1.252460375012949267e-01,2.998675243055228812e-01,2.185911743562214959e-01,1.563228891002640120e-01,1.162866623345231026e-01,1.999598177988315684e-01,4.097014901946011145e-02,3.765637311685172683e-01,2.165051530533763924e-01,2.283432062257297890e-01,2.234601270134265183e-01,1.671752226502045136e-01,1.818150425837155304e-01,-6.669931470511601679e-02,-8.126065377696994885e-02,-2.305924677208216061e-02,-1.781703913683609086e-01,-9.303749187723081571e-02,-2.556278625894289544e-02,-8.318186527033517852e-02,1.460670100989172882e-01,-1.253841638178113949e-01,-4.324295477304904156e-02,-1.356682959293546709e-01,-1.644378101956056881e-01,-1.249823418061271618e-01,-7.519565278811109199e-02,-8.890312008513603925e-02,-8.300606814022332136e-02,-9.881996176412420618e-02,-4.079906074104768660e-02,-6.681703599760162315e-02,-8.184455138769859694e-02,1.314083547586085594e-02,-1.120957843220352218e-01,2.577955039883974009e-01,-9.242691077353876183e-02,-1.264122631055190904e-01,-3.360456319122018809e-01,-4.337951147233235633e-02,-1.969320261561015861e-01,2.617430913297483230e-01,8.705254136726217618e-02,-1.805703361178342958e-01,-1.782159102681220020e-01,-1.846968598237633818e-01,-1.498262433722912235e-01,-9.606371390272767929e-02,-3.601800664889859976e-02,1.214067537490307602e-01,9.306103613572794253e-02,2.897230881277291781e-01,1.490477132246530445e-01,2.361614696640077227e-01,1.234959142863421289e-01,-7.429155326182157459e-02,-9.584396749008786132e-02,-3.763628201626751518e-02,-8.256029684601112750e-02,4.849175480067430960e-02,-2.082301310002542816e-01,1.035335223152482054e-01,8.672292174830245615e-02,-1.066806048676969682e-01,-4.222333141840030613e-01,1.700099513732581114e-01,-1.176899001409516254e-02,-5.608713259184615330e-02,-1.895579643948026860e-01,-3.216302672430301213e-01,-2.681314334686343281e-01,-3.491378092538353628e-01,-2.155100157275646744e-01,-2.377907323520086491e-01,-1.510992029483690102e-01,-2.038242154268260220e-01,-4.415176315103799126e-02,-9.253835359709181030e-02,-2.167657095140778922e-01,-3.281159256503708987e-01,-4.923418375195025287e-02,-3.535029147792019266e-01,-2.886918496055551620e-01,-1.036653701628320878e-01,-1.014113998160408592e-01,-2.308122141334614102e-02,-1.213785006388342150e-02,-2.327036028993969552e-01,-2.016173335970290192e-01,7.340158029063033329e-02,-2.388721986256431562e-01,-3.522079805618602011e-01,-3.177360468876059829e-01,-1.679459047116770021e-01,-1.506126216060951484e-01
6.612012594608679406e-02,5.613422110884039862e-01,2.451600852616080961e-01,4.446223343975337916e-01,2.791422983591221318e-01,3.102128714891586592e-01,2.710446430533450246e-01,5.648251917287450130e-01,2.064235015649083793e-01,2.952779635158170324e-01,2.251914148215816147e-01,1.000000000000000000e+00,-1.467576416814995455e-01,6.174764321972443515e-01,1.257812769777962025e-01,4.125424973865873118e-02,1.405780586346213612e-01,5.428270062062665602e-01,2.771551629419649609e-01,3.115313499649975393e-01,1.504022928968541672e-01,1.204681226436121223e-02,4.312680309779657328e-01,4.892465523357474311e-01,5.619370960197646037e-01,3.137617760532916411e-01,8.571208825015931565e-02,6.296990415917173844e-02,1.902878364082135065e-01,3.657616253700372577e-01,6.344989310906642421e-01,4.963679057225104940e-01,3.600764717515986812e-01,5.041061186818982520e-01,-6.251157592709441491e-02,-5.081478830572376537e-02,-4.145657340001067115e-01,-2.025434077645825170e-01,-4.319806372018119567e-01,1.740705511553952353e-02,1.853466813582839712e-01,-2.186476805766145778e-03,-4.289245924488854222e-01,-3.549124310545630490e-01,-4.013495568970550931e-01,-3.214089512131571569e-01,-4.115834612571378504e-01,-4.488555920753165007e-01,-3.309914644214861923e-01,-2.854552988708173866e-01,-3.433019723810151747e-01,-3.144194456739779486e-01,-2.149559408442657249e-01,-1.656291496755601111e-01,-3.758056060449098679e-01,-3.349092290354074297e-01,7.799428031480243328e-02,3.146595971106486145e-01,-3.118750961390555076e-01,-1.275361090444484258e-01,-2.858382854757038904e-01,-2.792349057758775066e-02,-1.418306131866682862e-01,4.894066532935278380e-01,-3.864617374407077199e-01,9.744340745065908915e-02,-1.492957127474894008e-01,8.116490712574831248e-03,2.221290915997224946e-01,1.645539618708581620e-01,2.571095812575145412e-01,2.011684230683505603e-01,1.144549190234469410e-01,1.525872000853871757e-01,-5.835836872820194220e-03,-2.118355417847803471e-02,-4.840071700115210207e-02,3.338261931445397901e-02,-4.686390476818322881e-01,-2.534429554008959529e-01,-3.172824275072280709e-01,-2.621103817623034529e-02,-1.717946061673400193e-01,-5.987775820988294057e-02,-4.934578353722661181e-01,-2.980907175976066359e-01,-1.028099287707699662e-03,-2.443172008074110946e-01,-1.593742250014911488e-01,-3.901205152111605901e-01,-3.942423300653902785e-01,-6.719233147804576367e-01,-3.388489682905926337e-01,-1.719484286561878961e-01,-4.371556652194795722e-01,1.387070748927166607e-02,-4.113794110168294549e-01,-1.770496846638978661e-01,-2.532954113809806618e-01,-5.315728506446417700e-01,-4.262954835833733802e-01,-3.662482067123111196e-01,-1.872835890239806234e-01,-2.982602362587859490e-01,-2.521511604180204369e-01,-2.190134013919365630e-01,-2.686368502177058915e-01,-2.696743672088124377e-01,-2.850315022178691593e-01,-2.905942256921227318e-01,-4.132441162898015663e-01,-5.649021029731690069e-01,-6.298465856116327588e-01,-5.330278858197640135e-01,-3.769121861942746898e-01,-7.271565755974747358e-02
1.999927797607275459e-01,-2.030959130306483340e-01,2.345887131963999284e-01,-1.365504208143802078e-01,3.149782294089763512e-01,2.643376686161312827e-01,4.806026702328370370e-01,7.572618341291292854e-02,4.065983569246803264e-01,2.390731096314852588e-01,4.783047506035178476e-01,-1.467576416814995455e-01,1.000000000000000000e+00,3.699116933344634428e-01,5.097771457452385802e-01,4.251418149170143601e-01,-1.069207563043676201e-01,-8.804924831030705445e-02,3.716539684632505502e-02,-1.199218958464788737e-01,-1.528556046322543660e-01,1.707319753005032137e-01,2.517540472580356292e-01,8.201407004887788232e-02,1.484904991068878022e-01,3.259074742033407635e-01,1.755083205409528890e-01,3.016757233581018882e-01,-2.884799512790810899e-02,2.569306448929364189e-02,2.499741013156531744e-01,2.352259777930553741e-01,5.518931153448920074e-02,-1.008322110570116364e-01,-5.602277828528735154e-02,-2.622830396579490034e-02,-1.553999541671767792e-01,-8.525846886978141748e-02,2.679964463865841529e-01,-2.455273756941632191e-01,-1.220565752835513496e-01,-6.688295992139356438e-02,-2.295737861365127475e-01,-1.277699820121865060e-01,-1.813865370790679055e-01,-2.619298757804921496e-01,-2.828481646465693111e-01,-2.549215348345152538e-02,-1.729655406232636083e-01,-1.591482001199187590e-01,-2.750895466631507191e-01,-1.457091373697610159e-01,-3.334039661088247231e-01,-7.688770016543765295e-02,-4.089009854056989413e-02,-2.784061478767787534e-01,3.007072695252535621e-02,-1.052663797406364482e-01,-1.233373829457948406e-01,-1.396535540843009959e-01,3.594109540447466139e-02,-2.208875243683075529e-01,2.473308658950428285e-01,-2.810148517182599615e-01,-2.534539427215279361e-01,-2.126925527940756455e-01,-1.492376369098631639e-01,-2.424948751997337837e-01,-1.141221601700209420e-01,-1.469240211082125380e-01,3.343724199416730491e-01,3.171945289421721492e-01,1.467733378538309541e-01,1.937457031728242740e-01,3.649093232124414055e-01,1.825088134007640805e-01,2.594577286382942702e-02,-1.743813353675572608e-01,3.156672913743254760e-01,1.126828211672301627e-01,8.082116095169032677e-02,-7.131869822225152256e-02,1.720143525799798512e-02,1.811683602836612339e-01,4.900345001867844816e-03,-2.768757710744657596e-01,9.133602679650540401e-02,3.009536994308568136e-01,9.456472944507751666e-02,1.271327174155310602e-01,-1.836781782394545370e-01,1.484732333173232333e-01,-1.285861829734201156e-01,-2.670405494916009981e-01,-1.164938518092977909e-01,-3.213634323133960358e-01,-7.740410423514121341e-02,-2.100351908183670235e-01,-1.535744893250332033e-01,-5.904743069355106871e-02,-1.005606672756781533e-01,7.165145707567752154e-02,-3.082838119096277252e-01,-2.234255954342973804e-01,-1.212968805427108582e-01,-2.880388888365683075e-01,1.234174334246850580e-01,1.493804720780790400e-02,-6.306722042762652469e-02,-1.124395304960932179e-01,3.434134152045681954e-01,-1.417207399803483980e-01,-2.681973573924262833e-01,1.270134265058122866e-02,-1.931822105861264738e-01,-5.204065936480729848e-02
