1.000000000000000000e+00,8.326835117988127255e-01,6.770245707881675790e-01,5.256757986997291354e-01,2.870421818935234293e-01,4.139630009825803758e-01,7.096098245481856637e-01,6.229230039962454502e-01,4.566079315898025071e-01,3.509412994547149722e-01,5.579691036543827920e-01,6.364170033495631928e-01,3.813855953087280093e-01,4.487629846585611815e-01,1.954000797365554321e-01,2.388455151326797365e-01,2.380010610612496094e-02,-3.312363247098562558e-02,7.517414903201705689e-01,8.508345654828614046e-01,-1.570920015445033679e-01,3.873344446223343784e-02,4.902762212406882592e-01,4.195037498155699818e-01,1.853827825546462138e-01,2.680403956691121414e-01,2.033627479602823918e-01,2.283824466565583244e-01,2.041318604045217477e-01,-6.566336733124260305e-02,4.279404424437056598e-01,4.090877698564427956e-01,6.744001707743549900e-01,6.862272366260763201e-01,7.878379778307262327e-02,-1.177903556438726906e-01,-6.540908933947368054e-01,-6.090915369378023803e-01,-1.803019315709671055e-01,-1.018807153687501799e-01,-2.517038195065751313e-02,1.054139237605517532e-01,-3.709084002775083211e-01,-2.494482795425507493e-01,-2.454583125359049989e-01,-2.343532706114286879e-01,-5.061230768264850521e-01,-6.092390809577176158e-01,-2.345086627175096972e-01,-2.564644685746933495e-01,-4.173596526750986691e-01,-4.834405381903568721e-01,-5.783709884507564070e-01,-5.632885364574994336e-01,-1.245836590289092077e-01,-5.474510985751014358e-01,8.182085016747815409e-01,7.404575120311160941e-01,6.817773717701200997e-01,9.991712421009012191e-02,6.355898150676976277e-01,1.398952751382047943e-01,2.265350071731507542e-01,3.432862762086837383e-01,-7.714354777443972744e-02,-3.340679141984435607e-01,4.218864287754788278e-01,5.455047732060060162e-02,7.882021290288150350e-01,3.034195681041221282e-01,3.912161080398933732e-01,2.434209493672872815e-01,3.497907700228222172e-01,1.841192406819673055e-01,1.069066297492693440e-02,5.481574263300151295e-02,2.194324891931853563e-03,-3.217715327940128510e-03,-2.479728393433977274e-01,1.181513676074952418e-01,1.556746371829765586e-02,-2.243281253433537792e-01,-1.994198694706308950e-02,8.349892795142976887e-02,-4.009336083302725839e-01,-6.574985324078870264e-01,8.219457603068915097e-02,1.362223708126536204e-01,-2.288690279988322140e-01,-5.426041205591604077e-01,-6.029496247045195156e-01,-6.426326875928035642e-01,-4.989169641091323326e-01,-5.208759092007823055e-01,-4.144982404590816238e-01,-3.984018157332153143e-01,-5.707426486976885371e-01,-4.855328379621345336e-01,-5.852663169559471079e-01,-6.412153232312768347e-01,-4.629554636806268442e-01,-4.432143877394058573e-01,-4.809056063588333374e-01,-5.029807031257357286e-01,-4.333666092186759244e-01,-3.643317040706453569e-01,-2.926143230711758525e-01,-7.659575136007333584e-02,-2.796743986011571148e-01,-4.533509758310338422e-01,-5.988074048262590487e-01,-6.820661813410181518e-01,-6.302829392024460464e-01,-5.609184144354557588e-01,-4.973991442446845102e-01,-4.405491776775315449e-01
8.326835117988127255e-01,1.000000000000000000e+00,6.149776015620830316e-01,6.404242361457734845e-01,3.039642252840222270e-01,3.592775365799296128e-01,6.253873030522776322e-01,6.250278607058882274e-01,4.009948234023650859e-01,3.522786133373515538e-01,4.229961481593098593e-01,5.682092864833981904e-01,2.474046379050004740e-01,3.902602111449102185e-01,1.293270423074628916e-01,2.722783621985942482e-01,-5.334658090278104892e-02,-1.038364584412445196e-01,7.400509811677324912e-01,8.068931310410643043e-01,-1.437628120006655130e-01,-6.221962712173009086e-03,5.428882212783590067e-01,4.609385055360399885e-01,2.126454642770813919e-01,3.129220308335609047e-01,1.593318453361963205e-01,2.374422773262512276e-01,1.868943239501615061e-02,-1.398010981042163148e-01,4.261510787979243542e-01,3.684362531353104209e-01,6.433688380751469982e-01,7.043908472479900595e-01,4.963600576363447897e-02,-4.998916964109132582e-02,-6.578736709266078675e-01,-5.875893504609965845e-01,-2.260970839651042785e-01,-5.914788619647212697e-02,-1.442902033910010706e-01,6.234990535208084078e-02,-4.649112067531211978e-01,-3.907985898558777316e-01,-3.240050981167732491e-01,-3.143331167261551595e-01,-5.482406160433717091e-01,-5.431629042941588104e-01,-3.422346326624789437e-01,-2.986589190360038892e-01,-5.376598262747646073e-01,-5.423843741465206314e-01,-4.579703593481693757e-01,-4.604974430935271923e-01,-9.500265265312400620e-02,-4.039582607385363011e-01,7.972603900812748057e-01,8.698724529036349074e-01,5.955033605504961303e-01,2.252934399417358124e-01,5.911680777525593067e-01,3.085255329635315236e-01,1.786522638589353729e-01,3.804030149207814349e-01,-1.278437540221441515e-01,-2.716395279847056421e-01,4.190658266075235061e-01,1.011696787621370608e-01,7.986683367394027400e-01,4.730167101450640232e-01,3.672260782485582964e-01,2.747520789580252809e-01,2.532200697537898559e-01,1.700554702730192325e-01,7.164046975504553827e-02,1.322685050023701125e-01,-9.137997607903336483e-02,-6.274074004313308361e-02,-2.322437050500864852e-01,1.356510301397901019e-01,2.150689532850518990e-02,-2.655274384788525732e-01,-3.833790091948177658e-02,5.692216895987744357e-02,-4.208159498224762762e-01,-5.716263431999472067e-01,-1.153511704635707541e-02,1.029982828387469435e-01,-2.075269424798068807e-01,-4.371336905782156057e-01,-4.953021356212073956e-01,-4.994631909062656194e-01,-4.996452665053099929e-01,-4.777946250027468311e-01,-4.104392102941776810e-01,-4.470050133574426376e-01,-5.902451428194720462e-01,-5.171700429133351262e-01,-5.181557625357480212e-01,-5.682359699763616101e-01,-4.041073743756847247e-01,-3.489023666688641501e-01,-4.242110318977614369e-01,-4.681540359567915588e-01,-3.908017290903440522e-01,-3.481301149901585013e-01,-1.743122722092990406e-01,1.102970029728550343e-02,-1.867907292127741758e-01,-4.462657236406329941e-01,-5.994697832986447539e-01,-6.711102530536903199e-01,-6.039479012647975820e-01,-5.978781914242392581e-01,-5.208492257078188858e-01,-3.316491340421724998e-01
6.770245707881675790e-01,6.149776015620830316e-01,1.000000000000000000e+00,7.493258493983656621e-01,3.002238274174459653e-01,3.453252089945346159e-01,7.982916286034487108e-01,7.920947797670060408e-01,5.306750295872848522e-01,3.610951533359075261e-01,5.177821936342603681e-01,6.529544905179422987e-01,4.130620406907571374e-01,5.291791843641009407e-01,1.441144062608892273e-01,2.384468323554617963e-01,-9.233116412231713588e-02,-1.081686020047151336e-01,5.664042266652854485e-01,6.935463617842152484e-01,4.062483322816897585e-02,1.857908830352630325e-01,7.801076129575041929e-01,7.139749300735522830e-01,2.503931891169019486e-01,3.509381602202487072e-01,1.872223739518880936e-01,1.903537603320054339e-01,1.189361762240659925e-01,3.420195951015385372e-03,5.301507774314155874e-01,5.185544453129660170e-01,5.449114578918784479e-01,5.461561643577597103e-01,-1.411023107904906260e-01,-2.913366546433986404e-01,-3.549406841647596011e-01,-4.050004865813423005e-01,9.066109138625454145e-03,2.417524462484578474e-02,6.688139030416043011e-03,1.444016462145541191e-01,-4.399072042291766738e-01,-3.419850635224094271e-01,-4.332504575434234506e-01,-4.399291788704406403e-01,-5.274510357904121927e-01,-5.992139356896427627e-01,-3.690954923732298609e-01,-4.642535371324348903e-01,-5.067885945333371334e-01,-5.955551579191897815e-01,-4.631500962175363889e-01,-4.844309666644692203e-01,-5.857026705467604372e-02,-3.737352809143962284e-01,4.948328200684981026e-01,4.854025597317838114e-01,1.764171289189418179e-01,-2.027113568085286699e-01,2.471707649372623938e-01,-7.774000232303350522e-02,3.993106241112042397e-03,1.751221947016000716e-02,-2.701578093166200345e-01,-3.879465953432595926e-01,9.146787464408928647e-02,-2.987091467874644080e-01,5.449962172224681600e-01,-4.618127823348998351e-02,5.233637525153116421e-01,2.884815208963142363e-01,1.905483928689149786e-01,1.843028858982448670e-01,-1.198402757503555238e-01,1.379222662761458995e-02,-5.138769859582042326e-02,-6.235147496931398026e-02,-2.169305193235577522e-01,1.954173455261200010e-01,-3.401674467664315277e-02,-1.544754496168564417e-01,-7.060138314670584385e-03,1.841412153232312721e-01,-5.005729102900966510e-01,-5.014299212993919008e-01,1.011602610587382101e-01,2.487654960461341824e-01,-6.914163911988421840e-02,-4.030023638435530908e-01,-3.145654200766601072e-01,-4.322364848108140589e-01,-2.470404867069116439e-01,-3.113288693419222763e-01,-2.767910117438761586e-01,-3.527557769762265649e-01,-4.809103152105327350e-01,-3.554602274689294128e-01,-4.491302750911163044e-01,-4.979594975969159898e-01,-3.165148846802218752e-01,-2.719565906658002463e-01,-3.173044021484920929e-01,-4.482261755648267454e-01,-1.436419514737136138e-01,-8.662874471431396273e-02,-1.183836709580001756e-01,6.173461539668936154e-02,-3.129659801160888932e-02,-2.494875199733792848e-01,-5.662143029800752458e-01,-5.366678281834191822e-01,-4.064225597945684831e-01,-4.343256453481253998e-01,-3.144649645737390697e-01,-2.586917554285211862e-01
5.256757986997291354e-01,6.404242361457734845e-01,7.493258493983656621e-01,1.000000000000000000e+00,1.618620683160204576e-01,4.758765527438478526e-02,6.981217960188228489e-01,7.766513158101265857e-01,3.095944422993008871e-01,2.916301730659961455e-01,3.489981133200857899e-01,3.958558965810597408e-01,1.634834829178556381e-01,4.174679562641854247e-01,-9.411111006469961848e-02,2.339624359203764659e-01,-7.384892120207565969e-02,-3.423241008447679978e-01,6.318243033253910790e-01,6.228508016035210204e-01,-7.054487692631275508e-02,8.216946215495889508e-03,7.327412737129923581e-01,7.507055429462970997e-01,1.062709347698470308e-01,1.849275935570351692e-01,-2.578410228881584942e-02,8.160283033379479856e-02,-1.861613127022844205e-01,-2.313286182031649707e-01,4.696765646729388344e-01,3.708801471673117689e-01,4.938015815463240865e-01,5.018835406797698129e-01,-1.404948689212648649e-01,-1.578642532232089890e-01,-3.834025534533148649e-01,-4.040445896863590902e-01,-1.605310329023164340e-01,-6.870057667737144991e-02,-2.494624060976490254e-01,-6.187274171320581578e-02,-4.944247195878813117e-01,-4.364257932060687795e-01,-4.707313474536099496e-01,-4.920106482833096484e-01,-5.202700369487897047e-01,-3.533412442041883872e-01,-4.017639358466044697e-01,-4.556206423501564795e-01,-5.252739766880448746e-01,-5.569394347494419639e-01,-2.718686921007443247e-01,-2.020003202019155508e-01,5.191195075168969497e-02,-1.269804645439163160e-01,3.432156434331923855e-01,3.940586848491127170e-01,2.144505240951941338e-01,1.418635751485642638e-01,3.380390457982916375e-01,2.587922109314422792e-01,-2.236845822777657478e-01,6.987308075052817147e-02,-2.881110912292928483e-01,-2.477860548926538731e-01,1.073712364502792393e-01,-2.392708814028610964e-01,5.515807615154968424e-01,2.399756395405416298e-01,4.766127032261912588e-01,3.704202493180013267e-01,8.745279376171326280e-02,3.865339398334322052e-02,8.791740046272315812e-02,1.181513676074952418e-01,-1.890651045835962385e-01,-1.562334209179749300e-01,-2.096977231132416131e-01,2.658586277150454258e-01,-4.040508681552916481e-02,-1.671862099708365246e-01,-1.758803198252074373e-01,5.744485149851357580e-02,-4.629177928670314413e-01,-3.017871661816549644e-01,-1.224678149986344333e-01,1.163965355408430047e-01,-3.597719660083691789e-02,-2.003004247384232994e-01,-1.607743235734533649e-01,-1.565002558476090155e-01,-2.007524745015680512e-01,-1.513173797437756818e-01,-3.995492059306417487e-01,-3.701738194123980752e-01,-5.097881330658705634e-01,-4.362233125829935165e-01,-3.075586487479163300e-01,-2.828732785222995427e-01,-1.883776122354802462e-01,-1.343780705637123429e-01,-2.116314915444719724e-01,-3.285616969445830926e-01,-4.643398660802576516e-02,-6.444848359279106015e-03,-9.530558877912032045e-02,1.372222169901647915e-01,1.293050676661989216e-02,-3.604296356290555003e-01,-5.569237385771106386e-01,-4.864181020816263912e-01,-3.765229211204555448e-01,-3.642877547881173683e-01,-2.422657110836951289e-01,-1.150121331412121833e-01
2.870421818935234293e-01,3.039642252840222270e-01,3.002238274174459653e-01,1.618620683160204576e-01,1.000000000000000000e+00,7.517069587410414311e-01,2.966246951018524647e-01,2.614432944382182877e-01,5.390285325020640617e-01,7.160625209936305469e-01,3.305551108306728492e-01,3.174817688958370687e-01,2.644585291430831542e-01,3.150441533327682508e-01,3.494846946623596518e-01,4.115175373333458952e-01,1.867781722749090323e-01,2.425529510373600206e-02,1.340578686481514736e-01,2.826331270856288769e-01,1.903631780354042916e-02,3.188724497644004341e-01,1.719766817663844483e-01,2.092095721537345909e-01,4.905304992324571733e-01,7.060452238117213009e-01,4.551403394768152033e-01,6.636671281341331996e-01,2.625169126256871044e-01,1.382220631676759348e-01,3.385005132648352122e-01,3.437461740579942360e-01,2.627868867897874550e-01,3.337728261586129785e-01,2.212438274802306648e-01,1.432778002756247837e-01,-2.270215885154246160e-01,-2.881095216120596603e-01,1.627394843493465693e-01,3.683734684459847447e-02,-5.951517662902724298e-02,3.606352554865970700e-02,3.305613892996054053e-03,-3.468854085242772966e-04,9.654715601053527607e-02,2.011307522547551435e-02,-1.341677418544713618e-01,-2.569259360412369797e-01,-8.583137915987806843e-02,-8.655340308712317077e-02,-1.853043016929891429e-01,-2.061660843386731723e-01,-3.122361081026781005e-01,-3.765433261444863788e-01,-3.755780115461043733e-02,-2.807731306643561631e-01,3.642108435436934299e-01,3.244963883107465641e-01,1.389770490568170147e-01,-1.265362628669372824e-01,1.436356730047810559e-01,-8.309553632251238942e-02,2.177749733949878863e-01,8.506854518457128422e-02,1.243231025682077218e-01,-1.515638096493789055e-01,2.602613726616627154e-01,9.026397822626974765e-02,2.395800959977899824e-01,1.345397411387259101e-01,3.583122219815476073e-01,3.473264709667900352e-01,3.220242411685486639e-01,2.635983788993215837e-01,1.623298142514966180e-01,1.566995972362179856e-01,1.682472712204401838e-02,4.702573230492012452e-02,1.389268213053564682e-01,1.886758395097771490e-01,1.750923719741703799e-01,-1.298418767599333334e-01,6.412043359106447959e-02,1.052459747166056142e-01,-2.131838429880489327e-01,-3.315125773428891365e-01,-6.620645489390956928e-02,1.189550116308636940e-01,-1.979852393195395410e-01,-3.055275640482312260e-01,-1.939073737478378412e-01,-3.159341263039595060e-01,-2.026878125500315431e-01,-2.799192588895271783e-01,-1.427017507510618399e-01,-1.990745536793397663e-01,-2.251207820460902342e-01,-2.269305507159024293e-01,-2.511466053888098959e-01,-3.185082985663116317e-01,-3.401219278666704482e-01,-3.303824529350272710e-01,-2.680874841861063951e-01,-3.445670838709272155e-01,-3.315753620322148265e-01,-2.964159360098446161e-01,-1.487808782950189868e-01,-1.248143927621810090e-01,-1.299611676696520723e-01,-5.972864457273449612e-02,-1.685376504085713545e-01,-2.595205133276199394e-01,-2.570687712094528732e-01,-2.956122919864762055e-01,-3.478052042228981788e-01,-3.380877039325190236e-01
4.139630009825803758e-01,3.592775365799296128e-01,3.453252089945346159e-01,4.758765527438478526e-02,7.517069587410414311e-01,1.000000000000000000e+00,2.883763565416937458e-01,2.798250818555387265e-01,5.740482625906846437e-01,6.048535704083202180e-01,3.470753322094873861e-01,4.635974371289817153e-01,2.834948469466235799e-01,2.725891464107562667e-01,4.384835613987173031e-01,3.040599719352438668e-01,8.218358871005716770e-02,9.906325243526113711e-02,9.782325482107932790e-02,3.206759399652800435e-01,1.951112701656574078e-01,4.173596526750986691e-01,1.707790638174974673e-01,1.527049213778727821e-01,4.508678413682039587e-01,6.538695773648638410e-01,6.012167672791313144e-01,6.785627956766463464e-01,3.458164991885078754e-01,2.261582990371967805e-01,2.277765744045656959e-01,2.830553541213439717e-01,3.825518209129521452e-01,3.991756370291540956e-01,1.679788666735729796e-01,6.265127186084401556e-02,-2.145211568706855143e-01,-3.369057821559634514e-01,2.404104235141218404e-01,6.161218525250432287e-02,8.932534712085110629e-02,1.453591127267704619e-01,-7.756420519292164806e-02,3.941308872418372057e-03,2.840065421646277219e-02,4.049926384951765823e-02,-2.384075919246332609e-01,-4.087471629168510923e-01,-4.285055046476366446e-03,-2.378911878549297074e-02,-1.929310718288238247e-01,-2.510853903167173384e-01,-3.744918364207704409e-01,-4.825631221570307883e-01,-9.731312922030833923e-02,-3.988679920514583421e-01,4.711347390825273429e-01,4.839914738391895566e-01,2.463451462726299612e-01,-1.364264210529620158e-01,1.574953931734207335e-01,-2.848855278151869730e-02,3.321467027050783449e-01,1.962727869181821183e-01,6.450028096148473222e-02,-1.106015087160844984e-01,3.354962658806023290e-01,1.945258029376956133e-01,2.695833294092902510e-01,2.921528556046322500e-02,3.300653902539326667e-01,2.252479210419746913e-01,2.873686622780168842e-01,2.357470907144583738e-01,-3.723916885628270751e-02,4.498522990183613512e-03,1.017959560381605372e-01,9.424923638121607272e-02,3.491613535123324480e-02,1.802783873124699787e-01,1.323014669642660901e-01,-1.240939384521690461e-02,1.091056634929006147e-01,1.318337210287899297e-01,-3.058100951501966924e-01,-3.091580887084875440e-01,1.594166046667859493e-01,1.722984532991784501e-01,-1.423564349597707113e-01,-3.767458067675616418e-01,-2.367296711024049760e-01,-4.075526842024304042e-01,-1.947408404986359920e-01,-4.139441655757826743e-01,-1.442619502808045184e-01,-1.692628135702827497e-01,-2.842435543668321296e-01,-2.596256776822404300e-01,-3.373515534501756452e-01,-4.203230900112698287e-01,-3.586873605002683929e-01,-3.810151656417066213e-01,-2.905063271270668102e-01,-4.287896053668352470e-01,-3.210495088667677521e-01,-3.068821437204323210e-01,-1.289566126404415036e-01,-8.970205525680507996e-02,-1.903804438249688535e-01,-5.728161130626685527e-02,-2.636690116748129920e-01,-3.278977488549642549e-01,-2.532498924812195407e-01,-3.746268235028206162e-01,-4.171540328175570855e-01,-3.557929863223554534e-01
7.096098245481856637e-01,6.253873030522776322e-01,7.982916286034487108e-01,6.981217960188228489e-01,2.966246951018524647e-01,2.883763565416937458e-01,1.000000000000000000e+00,8.898630979849253553e-01,7.063811218996135510e-01,5.022210083848952511e-01,7.258192617148382375e-01,7.110632901060747191e-01,6.220832587765147137e-01,7.803854352077702616e-01,2.266448803794706701e-01,4.151606189314673845e-01,1.985283268822065073e-01,-1.288969671855821203e-02,6.990196170761797667e-01,7.713617057344396288e-01,-1.907728481332542358e-01,1.251848224292024248e-01,8.292523285271653499e-01,7.938872826472536115e-01,4.005113812945574892e-01,4.466000521112921673e-01,1.526374278368476944e-01,2.045226950955739975e-01,2.546923707184766128e-01,1.546857783260974055e-02,6.849950870980602291e-01,7.112186822121557839e-01,6.719719729146850229e-01,6.707539499417671802e-01,1.449415945427547925e-01,-2.751539009697095452e-03,-5.329180126134440698e-01,-5.451688751181137382e-01,-8.738686983792132157e-02,-6.511086206517678610e-02,-6.582660752348931665e-02,8.964711865364512200e-02,-4.295524393421420450e-01,-2.759481272896791570e-01,-3.201783713023741984e-01,-3.279715208649218727e-01,-5.510486612734618594e-01,-6.247531776900885347e-01,-3.044617939469281276e-01,-4.091772380387318497e-01,-4.572546138898568313e-01,-5.520736213267032344e-01,-5.535930108083843004e-01,-5.922919236914886421e-01,-5.375939023509727216e-02,-4.550053523947650280e-01,5.863728971053119299e-01,4.388006240798119073e-01,3.204687504905053830e-01,-4.488634401614822328e-02,4.593202301686710731e-01,7.190102621574702424e-02,1.401495531299737363e-01,2.514401238114073456e-01,6.355537138713353296e-02,-2.651413126394997488e-01,3.045528317464503143e-01,-1.443545576975598654e-01,6.041001541364122707e-01,1.859698193998411686e-01,6.622607510932384534e-01,4.776721948585617716e-01,4.654605727847206942e-01,3.729457634461260107e-01,1.234425473004153173e-01,2.578378836536922014e-01,1.486380431268030933e-01,1.158550175954091849e-01,-1.926689457508891923e-01,2.991972977469714023e-01,1.686098528012958675e-01,-1.076600460211772810e-02,-5.880570963964727726e-02,2.349983832942498518e-01,-3.366938838294893377e-01,-5.061497603194484718e-01,-3.991222700432272424e-02,2.843031998216914991e-01,-1.455207833017840291e-01,-5.337216566368125914e-01,-4.675167713601361408e-01,-5.490301335116418713e-01,-4.774712838527196967e-01,-4.853507623630901602e-01,-4.866488358148982063e-01,-4.125126746591576410e-01,-6.402076289675999732e-01,-5.308319913105989940e-01,-5.693551070635914924e-01,-5.955520186847235165e-01,-5.069455562566512752e-01,-5.134374931329246383e-01,-5.327908736175596127e-01,-6.469240211082125658e-01,-3.907876025352457483e-01,-3.528719286514790388e-01,-3.399586876744237207e-01,-9.215850622667155767e-02,-3.413226850500237219e-01,-4.572185126934945609e-01,-6.764846224599668778e-01,-7.164674822397809617e-01,-6.475565768531685862e-01,-5.729244166517553083e-01,-4.126351048033426450e-01,-4.859001283946896566e-01
6.229230039962454502e-01,6.250278607058882274e-01,7.920947797670060408e-01,7.766513158101265857e-01,2.614432944382182877e-01,2.798250818555387265e-01,8.898630979849253553e-01,1.000000000000000000e+00,6.407726911715309059e-01,5.270193910512982471e-01,6.174057994217529988e-01,7.663483482917855527e-01,5.586989756677936958e-01,7.410947766277715676e-01,1.957014462453186276e-01,4.412555054324452386e-01,7.675114346615434513e-02,-5.665690364747652530e-02,5.898762827696837352e-01,6.875943732361425864e-01,-9.191678517276777316e-02,1.349603985572078446e-01,8.450756398544650994e-01,8.113429958970205247e-01,3.757381125038847802e-01,3.951966573431403007e-01,9.693328184988808660e-02,1.335163507027176399e-01,1.198277188124903803e-01,3.208297624541279515e-03,6.116201903003933849e-01,6.576005575280412518e-01,5.758925628396259766e-01,6.743483734056613388e-01,-1.617804482198970800e-02,-1.100207503398221293e-01,-5.541094148780878470e-01,-5.658328859924218746e-01,-7.182882382302251123e-02,4.482512894405570048e-02,-1.932826660890475320e-02,2.269666519122646650e-02,-5.382280277131619162e-01,-4.492825279627309931e-01,-3.996826233954587915e-01,-4.571588672386351915e-01,-6.506204696922608388e-01,-6.335602999852455453e-01,-3.289321266116044806e-01,-4.630417926284496333e-01,-5.203375304898147924e-01,-6.008981349808035777e-01,-4.909166250718099977e-01,-4.793045967810289909e-01,-1.281561078515393304e-01,-3.834292369462782846e-01,5.194318613462920453e-01,4.796938618548480804e-01,2.527460453493811099e-01,-5.282232874691177721e-02,3.276073696668330704e-01,1.542415766491183338e-01,1.202907558962671430e-01,2.520208821876697147e-01,-1.962963311766792451e-02,-1.313094688729206372e-01,1.765583944699245511e-01,-1.218054365262487143e-01,5.113750160885766061e-01,1.523235043902194108e-01,6.697399772091577885e-01,5.186564704331201314e-01,3.602365727093790881e-01,3.046972365318993403e-01,3.141902815579392799e-02,1.472285268514419987e-01,1.091700177994594234e-01,9.234372106018226556e-02,-2.409786249525190660e-01,2.259464007107226946e-01,4.083359232017680363e-02,-8.694894662987483203e-02,-7.214274726965082263e-02,1.652932515876678332e-01,-3.792477766371892822e-01,-4.983534715224345324e-01,3.711516909486452936e-02,2.399803483922410552e-01,-8.158870377869652246e-02,-3.848277659010073681e-01,-4.135297866262333533e-01,-4.468182289066988111e-01,-4.108865512056230074e-01,-4.487441492517634800e-01,-4.576140562362462361e-01,-3.953677456215527464e-01,-6.538601596614649347e-01,-5.315210532759481188e-01,-5.993457835372265619e-01,-5.936841741772851400e-01,-4.533682416205984111e-01,-3.926067889084567941e-01,-4.978527636250623667e-01,-5.298258666641553205e-01,-3.628437069336271636e-01,-3.389541326452131242e-01,-2.525686786020361341e-01,-4.797221149650446326e-02,-1.867122483511171049e-01,-4.453004090422509331e-01,-6.782457329955516867e-01,-6.726987056936295506e-01,-5.447403696134660578e-01,-5.761923597311560119e-01,-4.837434743163532280e-01,-4.050381573949376479e-01
4.566079315898025071e-01,4.009948234023650859e-01,5.306750295872848522e-01,3.095944422993008871e-01,5.390285325020640617e-01,5.740482625906846437e-01,7.063811218996135510e-01,6.407726911715309059e-01,1.000000000000000000e+00,6.226797133251085192e-01,7.195596281890698220e-01,6.972176964925332898e-01,6.667388690593911704e-01,7.546641176082800051e-01,4.441734238688553327e-01,3.913118546911150131e-01,3.237445416560717493e-01,1.867263749062153810e-01,3.753582651334645415e-01,4.798414058747633715e-01,-3.902696288483090831e-02,2.996681829169138833e-01,6.079928048746032765e-01,6.097397888550898370e-01,7.014478149358497339e-01,7.393697672885489736e-01,4.460083064143977594e-01,4.443790437263968607e-01,5.026510835067760086e-01,2.938511814508913966e-01,7.364016211006784163e-01,8.125060822667784510e-01,5.734643649799560094e-01,5.904130918634181713e-01,2.448806933941089226e-01,8.110055281918951420e-02,-3.980549303246910253e-01,-5.030638928390922526e-01,8.219143679622287202e-02,-7.211606377668741685e-02,1.873024244307783248e-02,1.094007515327312247e-01,-2.476824601552665428e-01,-8.378145905339523525e-02,-8.136110927989100017e-02,-7.455210972252306056e-02,-3.790452960141140193e-01,-6.060056694574461611e-01,-1.357514856427111671e-01,-2.058458824231123030e-01,-2.837836565175216319e-01,-3.755230749429444015e-01,-5.279407563671523196e-01,-6.215417408310809355e-01,-9.907423975589313425e-02,-5.233668917497779072e-01,5.379407877594969412e-01,4.055420045267760787e-01,2.362289632050328103e-01,-1.985659976958019102e-01,2.893071395609466689e-01,-3.464302195266662221e-02,3.853143472432812300e-01,2.949703185381212789e-01,2.279099918693827387e-01,-1.038458761446433704e-01,3.647178299099981258e-01,3.878367221369397044e-02,3.526443341526735442e-01,4.551576052663797167e-02,6.219388539910657432e-01,4.738517465130953066e-01,5.413829583517763000e-01,5.001302782303507222e-01,1.038961038961039030e-01,3.131119545187710518e-01,2.335716012293242161e-01,1.895422682224712774e-01,-3.372322625404568924e-02,2.782978442876919978e-01,2.673042451867687630e-01,6.012418811548615738e-02,5.185387491406345806e-02,2.394921974327340608e-01,-3.150143306053385661e-01,-4.803876326718966583e-01,2.067185896047389962e-02,2.587670970557119920e-01,-2.042542905487067795e-01,-5.962034098364772383e-01,-3.986090052079899748e-01,-5.934361746544487559e-01,-4.106966275204128602e-01,-5.673255919811395209e-01,-4.202367610634470951e-01,-3.295458469497628551e-01,-5.001506832543816117e-01,-4.218534668135828225e-01,-4.678997579650226446e-01,-5.697223974961466153e-01,-5.014785794336192870e-01,-5.476881107773058366e-01,-4.567099567099567325e-01,-6.105465721129245127e-01,-4.867178989731564265e-01,-4.656238129769674217e-01,-3.025186078122988897e-01,-7.828152026846732503e-02,-4.769533101657829621e-01,-3.205425225004630563e-01,-5.041893083952547761e-01,-5.528568603260408665e-01,-4.795949759691601755e-01,-4.679280110752191968e-01,-4.395022429830261479e-01,-5.340497066385391234e-01
3.509412994547149722e-01,3.522786133373515538e-01,3.610951533359075261e-01,2.916301730659961455e-01,7.160625209936305469e-01,6.048535704083202180e-01,5.022210083848952511e-01,5.270193910512982471e-01,6.226797133251085192e-01,1.000000000000000000e+00,4.598052418937118024e-01,4.669061902564440869e-01,3.922599034999325052e-01,5.481715528851134334e-01,3.732534084238217642e-01,7.408373594015363883e-01,1.743609303435264268e-01,7.317241617459166458e-02,2.952497104056204802e-01,4.026413518799305535e-01,-1.233860410800222268e-01,2.466276773745954276e-01,3.934857745590160660e-01,3.492696571014192730e-01,5.658579998681521062e-01,6.247468992211558936e-01,2.537443219096591207e-01,4.572357784830591299e-01,1.938555763791441899e-01,1.652351757500415963e-01,4.087142009549551425e-01,5.187930271324034948e-01,3.108564145547466628e-01,4.378588537399270009e-01,1.997400713861917643e-01,2.094811159350680740e-01,-4.849002822171785132e-01,-4.973300810864262900e-01,2.534303984630308093e-02,9.693014261542180765e-02,-4.949630982988488526e-02,-7.838354538862153664e-02,-2.621763056860954011e-01,-2.221338004514219200e-01,-5.047889021783148050e-02,-1.737691846466320744e-01,-3.960489595007361530e-01,-3.638529708145371577e-01,-2.413961431365347354e-01,-2.919629319194221306e-01,-3.531921305670399081e-01,-4.015865690992594383e-01,-4.184160050730029168e-01,-4.121202703508722309e-01,-9.140195072029734524e-02,-3.499728456218666461e-01,3.675337232262540499e-01,3.079290784149377180e-01,1.616674357791109129e-01,-7.693635829966503914e-02,2.046200113640287699e-01,5.464151512012280915e-02,2.119171618809037316e-01,2.250517188878320141e-01,2.051709470128614543e-01,1.414225127060515091e-02,2.248037193649956578e-01,5.200612778567818145e-02,2.715955787021777090e-01,1.459116179928362789e-01,4.428345403689856186e-01,4.845847891533170970e-01,4.273973548810386935e-01,3.489164932239623984e-01,2.501012403115376315e-01,1.642478865103955687e-01,7.041930754766143052e-02,5.366835243557505769e-02,4.208928610669002146e-02,1.522120615666663623e-01,1.343780705637123429e-01,-1.565379266612043907e-01,-3.054004250523467343e-02,2.385127562792537514e-01,-2.106520503909916631e-01,-3.542484829649441558e-01,-1.334943760614536457e-01,1.924539081899487858e-01,-1.776995061984184554e-01,-2.525121723816430297e-01,-3.173200983208234738e-01,-3.489400374824595530e-01,-3.571271609705257144e-01,-3.217071784874540596e-01,-3.481709250382201692e-01,-2.614213197969543212e-01,-4.627953627228463818e-01,-3.964413638090215075e-01,-4.195885091461596383e-01,-4.432363623806698238e-01,-4.908098910999563746e-01,-4.185933718203478926e-01,-4.628612866466383369e-01,-4.728644572734492790e-01,-3.867270027531086174e-01,-4.167757550643699793e-01,-3.192067782350596072e-01,-1.847659229820216020e-01,-2.233533930415728952e-01,-3.629284662642168202e-01,-4.084818976044501948e-01,-4.910563210055595706e-01,-4.464336726845791192e-01,-4.551497571802140540e-01,-4.531422167390259936e-01,-4.439866394181115061e-01
5.579691036543827920e-01,4.229961481593098593e-01,5.177821936342603681e-01,3.489981133200857899e-01,3.305551108306728492e-01,3.470753322094873861e-01,7.258192617148382375e-01,6.174057994217529988e-01,7.195596281890698220e-01,4.598052418937118024e-01,1.000000000000000000e+00,6.953404342816961181e-01,7.745747122106803051e-01,7.785270084037306804e-01,3.217338619804174793e-01,3.793529409918097173e-01,3.585476645665188200e-01,1.007961098606493799e-01,4.465529635942979136e-01,5.030215131737973966e-01,-1.364939145939871035e-02,3.739000907238760885e-01,5.344483894157571191e-01,5.152676668267676119e-01,4.592590150965785711e-01,4.623605787492662267e-01,2.994908161695689075e-01,3.067251819971181792e-01,4.008880894305114628e-01,1.342415138644290074e-01,6.298434463771664937e-01,6.828604076609877671e-01,6.349227277436124695e-01,5.256271405655017492e-01,1.798514514250554863e-01,-5.418789573974490403e-02,-3.625392011903977307e-01,-4.604393672559009554e-01,8.065321190774417393e-02,1.908497593776781534e-02,4.322725860071763293e-03,2.848933759013527189e-01,-3.320164244747275673e-01,-1.252805690804240368e-01,-2.061189958216789186e-01,-1.585344797817604123e-01,-4.888510087929957559e-01,-5.873021105073317205e-01,-1.788170736684152329e-01,-3.026127848462873970e-01,-2.994390188008752007e-01,-4.236491089282967692e-01,-4.687756043811155959e-01,-5.180647247362257790e-01,-1.915874794772546783e-02,-4.369092353138763762e-01,5.982250768327636026e-01,4.080424047791705311e-01,3.180829322961302719e-01,-5.669300484383878180e-02,4.143067471566383997e-01,6.402782617430913259e-02,2.951225714097360231e-01,3.003886372269258254e-01,2.069995510894713231e-01,-2.186257059353506060e-01,3.377612235480255687e-01,-4.806167967879353131e-02,4.226508323680187584e-01,1.015275514912933330e-01,5.804538705191352177e-01,3.800875218569199632e-01,4.429695274510357939e-01,3.630650229635001280e-01,1.004916041174199193e-01,2.593290200251766597e-01,1.569695714003183085e-01,8.992023205221175153e-02,-1.400961861440469247e-01,2.887044065434203333e-01,2.425984699371211417e-01,4.722350407629595515e-02,-5.848393810685326502e-03,2.994594238249060347e-01,-3.238010478764648536e-01,-4.647526754125738679e-01,6.669931470511601679e-02,4.184269923936349000e-01,-1.517301890760918981e-01,-4.735645065594304426e-01,-4.154886689331939720e-01,-5.375185607237819019e-01,-4.134010780131157081e-01,-4.895761719547071511e-01,-4.706999551089471323e-01,-3.716147280324220148e-01,-5.893237775036179737e-01,-5.543354397596602645e-01,-5.342129468307857953e-01,-6.245789501772097685e-01,-5.232491704572922453e-01,-5.186266477056904467e-01,-4.972594483109348817e-01,-6.210221975269111239e-01,-4.442958540130403922e-01,-4.764086529858828634e-01,-3.403338261931445619e-01,-6.576225321693052184e-02,-4.168966155913219063e-01,-4.296230721176333978e-01,-6.049712917008058799e-01,-6.291606628807498991e-01,-4.783094594552172452e-01,-5.560070821129559082e-01,-4.403325704993580336e-01,-4.241388295050368962e-01
6.364170033495631928e-01,5.682092864833981904e-01,6.529544905179422987e-01,3.958558965810597408e-01,3.174817688958370687e-01,4.635974371289817153e-01,7.110632901060747191e-01,7.663483482917855527e-01,6.972176964925332898e-01,4.669061902564440869e-01,6.953404342816961181e-01,1.000000000000000000e+00,6.593287061017299999e-01,7.860203610747482639e-01,3.247004385510549596e-01,3.731843452655635440e-01,1.160873209459141325e-01,2.578457317398579196e-01,4.244197909897692300e-01,5.886676775001647988e-01,4.434482607071439653e-02,2.721339574131452221e-01,6.361533076543953724e-01,5.705276111367482139e-01,4.500312353829395429e-01,4.833557788597672711e-01,3.070532319988447667e-01,2.492081281058801112e-01,3.688066828023318089e-01,2.301671014506402602e-01,5.282782240722777578e-01,6.481671579568606401e-01,5.397270121708119817e-01,6.365504208143801801e-01,3.792352196993241387e-02,-1.291967640771121417e-01,-4.969596514194048464e-01,-4.965907913696165910e-01,4.860947609315992290e-02,1.057121510348486421e-01,2.183212001921211454e-01,2.499489874399228873e-01,-4.085493911454752824e-01,-2.859826902611529165e-01,-2.138854618912632011e-01,-2.219721298764083528e-01,-5.787712408452074797e-01,-7.080166630565469799e-01,-1.369883440224266835e-01,-2.361473431089094743e-01,-3.503008956235932336e-01,-4.010277853642610912e-01,-5.302433848481709067e-01,-5.975124706089173232e-01,-2.232231148112221453e-01,-5.136321256698341831e-01,6.013266404854512581e-01,5.971184966833987806e-01,3.584990064322914338e-01,-2.045776316987339416e-01,3.146266351487526092e-01,1.795642114713905807e-02,4.120229540824174586e-01,4.267695079877821263e-01,7.728638294265560704e-02,-1.736012356026859216e-01,2.323786921321366605e-01,2.502911639967477647e-02,4.369578934481037624e-01,-1.241253307968318877e-02,6.000269974164100795e-01,4.314814989216729790e-01,4.086168846865003701e-01,3.572464518802445088e-01,-8.742924950321614985e-02,4.686092249544026450e-02,2.319988447617163940e-01,2.353232940615101465e-01,-2.348555481260339861e-01,1.441866086536137403e-01,6.795186925716294180e-02,1.422701060119479187e-02,7.460390709121673958e-02,2.491390649476218633e-01,-3.303102505423027302e-01,-5.657041773793042294e-01,2.417948259137526756e-01,3.502867690684949298e-01,-1.470370335489987468e-01,-4.603687344804096027e-01,-5.129257979149204338e-01,-6.207820460902404580e-01,-4.862972415546744642e-01,-6.240923688349359066e-01,-3.817968350238111208e-01,-3.663879026460607480e-01,-5.816059695682610498e-01,-4.681477574878590286e-01,-5.981026466885784876e-01,-6.737487796226012682e-01,-5.182326737801720151e-01,-5.077256560215226422e-01,-5.266756448772402788e-01,-5.656162788142483633e-01,-5.038204483454664651e-01,-5.220170209292761543e-01,-2.240911131411494062e-01,-8.090435066504682304e-02,-3.077328762607950408e-01,-3.767991737534884811e-01,-5.872000853871774950e-01,-6.159130934330354634e-01,-5.100957780435663169e-01,-6.139683376811730930e-01,-5.786080006529608077e-01,-4.859707611701810648e-01
3.813855953087280093e-01,2.474046379050004740e-01,4.130620406907571374e-01,1.634834829178556381e-01,2.644585291430831542e-01,2.834948469466235799e-01,6.220832587765147137e-01,5.586989756677936958e-01,6.667388690593911704e-01,3.922599034999325052e-01,7.745747122106803051e-01,6.593287061017299999e-01,1.000000000000000000e+00,7.607432451522371242e-01,5.015476425918775627e-01,3.436017692725452100e-01,3.336535352488941841e-01,2.448351744943478014e-01,2.580403642767674643e-01,3.320650826089549534e-01,-3.952139231327048835e-02,2.008136895736605809e-01,5.326762915595403269e-01,4.593029643791065042e-01,4.742080496250184463e-01,4.434953492241381912e-01,1.022338792462070267e-01,1.240264449111439654e-01,4.922429516338145961e-01,1.968629629978433382e-01,4.881227063968180957e-01,6.190790113922818305e-01,3.987989288932001219e-01,4.337982539577898700e-01,1.889065732430489364e-01,2.986196786051753538e-02,-3.200433842203240231e-01,-3.992133078427494430e-01,-1.927803885744422407e-02,3.618281645837845978e-02,1.513487720884385268e-01,1.606989819462625868e-01,-2.918452106269365243e-01,-1.865615650967355210e-01,-1.033137759026083874e-01,-1.537738307136421734e-01,-4.136271028946881256e-01,-5.213515032224241841e-01,-8.847618419772154685e-02,-2.516347563483168903e-01,-2.300289751341237920e-01,-3.332532828544431114e-01,-3.352058866924712000e-01,-4.790189264445972039e-01,-1.550577776103519434e-01,-3.666421806378296622e-01,4.599935959616887615e-01,2.403617653798944542e-01,1.300851674310702644e-01,-1.878062715626167278e-01,1.840721521649730519e-01,-1.128272259526791749e-01,3.584974368150583013e-01,1.519216823785351778e-01,3.206932057548446124e-01,-1.159146630502685682e-01,1.803819820498573090e-01,-1.901277354504330580e-02,2.159934578353722712e-01,3.413132673466248712e-02,5.012713899588446820e-01,4.034638313100967211e-01,4.202681534081099124e-01,3.417590386408370651e-01,-6.738994628769828799e-02,1.103142687624195928e-01,2.939171053746833517e-01,2.531400192748995970e-01,-1.005606672756781533e-01,1.098057127788817366e-01,2.470797271377401794e-01,1.164216494165732779e-01,8.387249685291744972e-02,2.689068243818062420e-01,-2.671331569083563312e-02,-4.208285067603414475e-01,1.052601012717038764e-01,2.385614144134811376e-01,-1.319938219865703644e-01,-4.234560460086203570e-01,-4.247666763982935190e-01,-4.413638090215319942e-01,-4.621345538676938092e-01,-4.912635104803342867e-01,-2.975350730970745539e-01,-2.303240631739544020e-01,-4.681116562914967583e-01,-3.801314711394479517e-01,-5.118976986272127938e-01,-5.197850252237489199e-01,-5.630232711450985361e-01,-5.258735704711049452e-01,-5.677603759547197315e-01,-5.218412237991643110e-01,-5.077915799453145418e-01,-5.145173897893259296e-01,-2.814480660746070395e-01,-2.365366081827285638e-01,-3.625423404248639958e-01,-3.580249820278826878e-01,-4.957180841879899047e-01,-5.253289132912047910e-01,-4.420026432354206003e-01,-5.118490404929854076e-01,-4.175793990877384454e-01,-4.459659267491029588e-01
