1.000000000000000000e+00,5.232699236470215176e-01,-9.227696156215579870e-02,-3.299886123919577585e-01,6.961375473705826156e-02,2.804805197229637836e-01,-7.186794108312953566e-02,-2.417159818544999672e-01,1.420184068549666667e-01,4.004331024698041391e-02,4.197546997218436493e-01,7.841581570743182128e-02,2.041695446823603988e-01,1.075755595795919138e-02,3.862732652565945557e-01,-1.016624040920716121e-01,2.081458733922004201e-01,1.618440457744506900e-01,3.495388952153378193e-01,2.988360371124013093e-01,1.835085033696119000e-02,-2.131956241715981804e-01,-3.122164765620624727e-01,-4.036440345735247681e-01,-1.561595758582709492e-01,-1.037532436014710485e-01,4.620988668396587284e-01,4.250191349151529741e-01,-6.187111467881344778e-02,-2.126029085071032554e-01,-8.401627867903746494e-02,-1.826590998189183690e-01,5.224765247260439865e-02,-9.346239289114566251e-02,-1.217774002650885840e-01,-7.985326787014393468e-02,-1.742910747288442530e-01,-2.131302854369294397e-01,8.701719342132283042e-02,5.270969066776187012e-02,-3.308006795228405489e-02,8.486568222973099596e-02,1.828084454981611720e-02,7.124255605130024038e-02,-8.312020460358057056e-03,2.355041350084940421e-01,-5.086153788713200508e-02,9.009744805570593651e-02,1.411176657270334367e-01,3.380906154908805972e-01,2.388597457389810830e-01,3.026770213004275067e-01,6.197845688576922481e-03,-1.009296768532865346e-01,3.416469094778501470e-01,1.596925345828588416e-01,5.341394888644127592e-01,4.407190994455541522e-01,5.049050721526312513e-01,5.269802303657101783e-01,2.599221535646946690e-01,-9.471316295480426695e-02,6.885769223589149890e-02,1.042152817966285165e-02,2.543076894356600254e-02,-1.726156028898389039e-01,2.412212742920081532e-01,2.236778240334534318e-01,5.062398491608639528e-01,3.119644557283401953e-01,-5.993895495360949954e-02,-2.157998394533948150e-01,-3.578229133608377965e-02,1.753411615360203277e-02,1.341404222749080499e-01,7.794444340732167853e-02,-3.244441540500681564e-01,-4.589486064181305669e-01,-7.667967218623406196e-03,-1.153135325853603954e-01,1.631368193103963360e-01,3.882987660313252237e-02,-1.239102432467750585e-02,-2.818853025183415406e-01,2.220210204043534252e-01,-6.111505217764668513e-02,1.091156868967834738e-02,-1.425691190471745640e-01,2.979772994567551070e-01,-1.468534732204528903e-01,-2.294696361565889409e-01,-4.243984169358000491e-01,-3.939178972128362655e-01,-3.448298392667127343e-01,-4.178878787313084625e-02,3.166595105195362664e-02,-3.979595646573449996e-02,1.091156868967834703e-01,-3.868986502884238631e-03,6.493736815576754695e-02,1.723915843709746543e-01,-1.553568428323408024e-01,1.398248921910877907e-01,-6.378927324658838216e-02,-1.646022737879664632e-01,-2.921201485989508573e-01,-1.551981630481453212e-01,5.358709653331342193e-02,-3.355144025239419764e-02,1.437545503761644416e-01,1.332023447271641070e-01,4.266152668620606242e-02,9.009744805570593651e-02,-9.988425709858682333e-02,-3.410401926559262220e-01,-4.378581962775589531e-01
5.232699236470215176e-01,1.000000000000000000e+00,-3.290412007392611304e-01,-3.216579237216943277e-01,-8.569641757051915665e-02,2.184320570500494774e-01,-4.377368529131741570e-01,-1.042152817966285200e-01,-1.587404558776858987e-01,-2.784690201056620462e-01,1.219174118393787226e-01,2.928435417327832635e-01,-2.121782067317564968e-01,-1.524726044019639008e-02,-1.265797972632404234e-01,-4.176638602124442268e-01,5.068839024025986184e-01,5.930470252207515891e-01,4.321690593089028837e-02,4.547949297141897218e-01,-1.764985905501521568e-01,-1.490143185169973961e-01,-4.540808706853100007e-01,-4.578751843485728279e-01,-4.383062333152873968e-01,-3.940765769970317467e-01,1.599352213116284338e-01,1.051533593443724629e-01,1.434465249127261088e-01,2.636371273358597556e-01,-2.908413762204342112e-01,-4.422732279201747607e-01,-1.904297421920212174e-01,-6.115238859745739108e-02,-4.583278884387775864e-01,-3.497069091044859857e-01,-2.118281777960311363e-01,-1.887776056153975257e-01,-6.085836429144808948e-03,5.076819683760524365e-02,-1.850579647917561243e-01,-5.426848619485877268e-02,1.343317714264379292e-01,1.995258274684040545e-01,-3.821849272873224096e-02,3.622006085836428912e-01,1.487482965258461465e-01,2.872057423413668653e-01,3.116844325797599180e-01,5.693897362181939981e-01,2.644958649915059579e-01,5.066598838837343965e-01,3.082821513245094791e-01,3.314260645546698303e-01,5.229665652360595551e-01,3.421789534601527016e-01,7.344727164112233586e-01,8.690845109862415097e-01,4.177198648421602822e-01,6.967349300875539386e-01,3.939458995276942654e-02,1.578117124348946132e-01,9.650531110571806959e-02,4.169871376033751909e-01,-3.994576885022494972e-01,-3.910849963596990664e-01,-1.269064909365840987e-01,1.072395318012955706e-01,4.663038811208393142e-01,7.146890809640263909e-01,-3.075307558758190729e-01,-3.693318647674874722e-01,-1.444686094050441627e-01,1.941867194354733317e-01,-6.076502324192133327e-03,-8.769391603039185246e-02,-4.817284895551365853e-01,-4.341245542964884963e-01,3.758097336046446468e-01,9.047081225381298220e-02,3.942865943584669686e-01,1.557908787126402461e-01,-1.805729273619952613e-01,-3.507289935968039840e-01,6.874568297645938450e-03,5.465118449791849312e-03,-3.516764052495006121e-01,-4.264705882352941013e-01,1.302060970373550841e-01,-2.707823846771333087e-02,-1.734836746504377636e-01,-5.073086041779453215e-01,-1.975143278511023448e-01,-2.930442249892658002e-01,2.135176507924655132e-01,2.276821550581514808e-01,2.518854892004405710e-01,3.681557675434502519e-01,1.302387664046894544e-01,2.025500774730711051e-02,1.759385442529915744e-01,-1.694093378385946591e-01,1.023484608060933054e-02,-1.992411372673474346e-01,-5.263968488061680079e-02,-2.128409281833965050e-01,-2.239578471820337091e-01,-2.992514047827953688e-02,3.218072694009371237e-01,2.480911755371777438e-01,1.164756286519685602e-01,2.248212518901562540e-01,2.180680269568951168e-01,-2.535142905146825498e-02,-2.132002912240745229e-01,-1.915825041536766971e-01
-9.227696156215579870e-02,-3.290412007392611304e-01,1.000000000000000000e+00,5.863124684973958223e-01,-1.179644183919204004e-01,-4.934754606380793995e-01,7.790150652453936564e-01,2.878357944256725309e-01,1.456213713666996423e-01,-4.971344297795284722e-02,1.601685739354453408e-01,-2.660779957809845664e-01,5.265648626953161049e-01,1.340190789105232816e-01,-2.074038120484626713e-01,-2.037028394347266125e-01,-1.582737506300520847e-01,-2.146657457016446779e-01,2.674967797337913233e-01,-2.003052252319525162e-01,-4.220882259600126918e-02,-1.900843803087721995e-01,7.463830343308379689e-01,7.515681296320495530e-01,1.794108312953870965e-01,2.147544196986951037e-01,-2.334552989713816473e-01,-2.011032912054063204e-01,2.489359120353949184e-01,-1.767086079115873509e-01,1.900190415741034589e-01,2.464717083278884502e-01,1.992644725297291197e-01,-5.976627401198499057e-02,2.762381690219724573e-01,1.906024231336457195e-02,-3.692571919278660186e-02,1.033285418261242934e-02,-7.282001978830250633e-02,-1.334963690331734121e-01,-7.442548584016278612e-02,7.285268915563686623e-03,-2.753094255791811995e-01,-3.547379916739784034e-01,-1.671784867549050702e-01,-4.140562286482349363e-01,-3.359717736666231191e-01,-3.988929751526126277e-01,-3.052859036347004840e-01,-2.674267739466462679e-01,-2.093406388261429552e-01,-2.944910112569305571e-01,-2.031054567177553449e-01,-1.574943528665036230e-01,-5.097634737804992433e-01,-4.194000037336420017e-01,-4.673119644557283126e-02,-2.392191087796591287e-01,-3.867633057666100549e-01,-4.140608957007112512e-01,1.027964978438217492e-01,-1.300427502006832603e-01,9.973024436686765692e-02,-3.543226240035842745e-01,5.124470289543935353e-01,9.746205686336736895e-02,6.400395766049993274e-02,-2.847555397912894248e-01,-1.269671626187764968e-01,-4.209587992607388696e-01,8.971008270016987696e-02,2.684348572815352663e-01,-4.594246457707170522e-02,-1.747484458715253819e-01,-3.352763828476487129e-01,-2.380243433457165658e-01,2.290262661713368397e-01,-1.835598409468515990e-01,-2.017893479194280137e-01,1.105484720070192411e-01,-2.594507812645845402e-01,1.498777232251199409e-01,-3.156980977094106522e-01,-1.891789721283625991e-01,1.348124778315007433e-01,1.874148262923068242e-01,-4.973211118785819673e-02,-5.765209924020385512e-02,-5.368043758284018335e-02,2.188567588253962359e-01,-2.695082793510930053e-01,3.770651707207796077e-01,2.446982283868799901e-01,5.239046427838034425e-01,-2.009259432113054689e-01,-1.613213358971008204e-01,-5.094041107398211699e-01,-3.326068288311833654e-01,-4.432066384154423333e-01,-3.969934847947430567e-01,-3.426736610226445157e-01,3.176162562771855935e-01,-3.567028207665167150e-01,-2.779369761233595471e-01,-1.936220060858364345e-01,-1.951761345604570083e-02,-2.768682211062781229e-01,-3.504629716056527067e-01,-6.495136931319656082e-02,-1.255297104560643695e-01,-3.047025220751581887e-01,-2.932682435081300221e-01,-2.605942091212873346e-01,-1.616340284130154681e-01,1.550674855788078399e-01,-1.089476730076353039e-01
-3.299886123919577585e-01,-3.216579237216943277e-01,5.863124684973958223e-01,1.000000000000000000e+00,7.817779603113857168e-02,-1.262111001176097203e-01,5.440196389568204838e-01,7.441615173521011206e-01,1.268411522019153581e-01,9.113353370545299037e-02,-2.143343849758246600e-01,5.822147964231709494e-02,5.485186775440103329e-02,2.797804618515130626e-01,-4.283280751208766723e-01,-1.147674874456288407e-01,-1.161489349786248987e-01,-1.506804562510500878e-01,-8.947206302387664123e-02,5.013814475329960579e-02,5.796945880859484534e-02,-1.268411522019153581e-01,4.522420520096328000e-01,7.182173726361379407e-01,9.605260701551328328e-02,1.801202232717904750e-01,-3.817928948793100075e-01,-3.790253327608415490e-01,2.553344409804543802e-01,3.548359997759814588e-02,3.876453786846379562e-02,1.455653667369835869e-01,2.221143614538801936e-01,3.103729908339089572e-01,5.482853249201934120e-02,-2.922508260682882969e-02,-6.772826553661769056e-02,4.920473425803199852e-02,6.884835813093882761e-02,4.223215785838296127e-02,6.022831220714245509e-02,1.831351391715048404e-02,-4.064722683741855969e-01,-4.541508764724550562e-01,-2.164018892228424251e-01,-3.888401441185804774e-01,-5.038456512405025123e-01,-5.455597662740120368e-01,-3.009735471465641021e-01,-4.664065562753187399e-01,-3.206871768066160144e-01,-4.563070547165232194e-01,-3.721647656206246157e-01,-3.260869565217391353e-01,-5.580534657531689424e-01,-6.276672204902271623e-01,-1.356105438049545475e-01,-3.215039109899751613e-01,-3.372692142550450800e-01,-4.526200832602161883e-01,2.145257341273545393e-01,2.261513618459125852e-01,1.015317266227341447e-01,-1.079815931450333194e-01,1.777026900890473493e-01,3.317620923329662186e-01,-1.499290608023596538e-01,-1.364926167229824350e-01,-1.694700095207870572e-01,-3.099296208486568283e-01,1.068334982358541685e-01,1.074728844251124776e-01,-4.633449698508410042e-02,-1.043786286333003577e-01,-1.473668489928500747e-01,-3.930731607146190631e-01,1.708934605260701567e-01,-6.147908227080105259e-02,6.135307185393992779e-02,5.734407377676554313e-02,-1.109078350476972730e-01,3.397614202774095881e-03,-2.751087423226986628e-01,-1.602619149849720814e-01,-3.644034573524744525e-02,1.788087815259394864e-01,2.799298075307558864e-02,4.658185076633001437e-02,-1.744124180932290491e-01,1.290953385479866322e-01,-1.444266059327571072e-01,1.187998207851849036e-01,5.071312561838445809e-01,2.039641943734015472e-01,-2.650045737114268274e-01,-3.047631937573506145e-01,-4.841833591576903961e-01,-4.662805458584576290e-01,-5.757929322157298024e-01,-6.352045102395131870e-01,-3.255222431721022103e-01,7.817779603113857168e-02,-4.994259525454104454e-01,-4.918233240614557356e-01,-7.216196538913884073e-02,-6.016297347247372140e-02,-2.672727612149271015e-01,-4.048528011648963032e-01,-5.789011891649709779e-02,-1.121632721638322061e-01,-4.826619000504041579e-01,-4.914452928108723473e-01,-4.783588776672205167e-01,-3.746989751152762227e-01,8.398360931170309462e-02,9.853081188044877925e-02
6.961375473705826156e-02,-8.569641757051915665e-02,-1.179644183919204004e-01,7.817779603113857168e-02,1.000000000000000000e+00,3.274264005824481516e-01,-8.148673623686224221e-02,1.697266974069856493e-01,3.676283906136240676e-01,2.128315940784438198e-01,-4.212948270390352162e-02,-5.770810386991991059e-02,-1.375847070024455443e-01,-3.033117404372094594e-02,2.613082681501670557e-01,1.422237571639255460e-01,-1.065768103496555763e-01,1.525192749267272746e-02,7.651632534956223641e-02,5.763809808277484126e-02,3.261802975712658759e-01,4.081804095805253163e-01,-3.528291672111561091e-03,-1.111831911438012216e-01,7.653499355946757898e-02,1.096197285642279695e-01,9.498851905090820169e-02,-5.094554483170608827e-02,1.797888625459704570e-01,1.136847312711184166e-01,3.627373196184218163e-01,3.872720144865308967e-02,-1.916571769932981228e-01,2.770829055201896526e-02,-3.006375193682677693e-01,-3.442464577071704390e-01,1.261644295928463499e-01,6.665484346705993768e-02,5.111355872085425467e-02,1.458453898855638711e-02,2.698583082868183936e-01,2.151604532641364920e-01,-6.723355797412586266e-02,-2.191647842888345271e-02,2.247652472604402124e-02,-1.613866746317695750e-02,9.192693262643045204e-02,-1.160229245617637808e-02,1.195512162338753376e-01,-1.165036309668265879e-01,-3.790113316034125768e-02,-1.325536244329531266e-01,-1.875408367091679629e-01,-3.485774824052121912e-01,-1.018817555584594983e-02,2.051636268598204180e-02,-2.126029085071032554e-01,-1.293146900143745115e-01,1.876761812309817590e-01,6.823697425653854620e-02,-3.048518677544010194e-02,-1.406276252170179375e-01,1.054147142830473977e-01,1.891696380234099417e-01,-3.047165232325872442e-01,-1.853986596225287997e-01,-2.023587283215412536e-01,-1.324976198032370711e-01,-9.036813709933354255e-02,-1.331976776746877644e-01,5.182201728676236741e-01,3.966061194392069833e-01,2.799484757406612290e-01,2.628203931525006087e-01,1.820010454197547034e-01,2.001418783952806646e-01,2.018500196016204118e-02,1.739737151604532628e-01,-6.975843336382474280e-02,-2.361855246700393929e-01,-2.399331678085388497e-01,-2.932215729833666518e-01,1.880075419568017492e-01,1.296367166352418443e-01,-8.307820113129352202e-02,-3.247848488808408041e-01,2.364422125562379851e-01,1.832424813784606088e-01,1.454533574775514759e-01,-2.271594451808016113e-01,3.046651856553475243e-02,-2.522961898183583296e-01,-4.029626449119794174e-01,-4.388756137174006366e-01,-7.784176825284223888e-02,6.619280527190248009e-02,-2.328859185692683798e-01,-1.711968189370321192e-01,1.207739839826759004e-01,7.789310583008195350e-03,1.926372580133290935e-01,-2.959891351018351102e-01,2.531362592640991616e-01,-5.805813280564526419e-03,1.007383277017566831e-01,-1.834244964250378029e-01,1.073888774805383944e-01,4.864468796087142999e-02,-2.404978811581757470e-01,-4.826432318404987876e-01,-1.414630276102824546e-01,-1.947420986801575715e-01,6.992178020049658049e-02,1.575596916011723705e-02,-2.342767002072171367e-01,-2.005012414359587103e-01
2.804805197229637836e-01,2.184320570500494774e-01,-4.934754606380793995e-01,-1.262111001176097203e-01,3.274264005824481516e-01,1.000000000000000000e+00,-3.559514253178262533e-01,1.583064199973864550e-02,3.488808408161741537e-01,4.566524165997722373e-01,-7.273601284372840925e-02,1.520805719939515022e-01,-2.424347079358560308e-01,-5.129557376743144187e-02,3.880887486698900712e-01,2.662600108275617328e-01,-2.266320682509754061e-02,1.046913211492150053e-01,4.816864860828495160e-02,2.973145780051150711e-01,-2.706890436276065612e-03,3.042918214572404648e-02,-3.837810592342300042e-01,-3.627979913006141865e-01,-3.389213508316687301e-02,1.164616274945395463e-01,4.550796199152463140e-01,4.122220770250340505e-01,-6.386861313868613665e-02,-8.116004256351857724e-03,4.901805215897847567e-02,7.561091716915264993e-02,-6.632814979371627617e-02,1.199385815894113971e-01,-1.966649243004088277e-01,-6.542274161330670357e-02,-1.235275449437153450e-01,-1.209326637668713955e-01,-9.585659081150708916e-02,-2.407732372542796886e-02,-1.511658297085892444e-02,-5.511788974555230022e-03,1.068521664457595111e-01,1.957501820150465699e-01,2.776802882371609549e-01,3.782599361547221428e-01,1.191078462486232226e-01,2.206489069763100386e-01,3.518910896634121488e-01,1.648869639890230832e-01,5.521589784755540076e-02,3.785912968805420914e-02,-1.598932178393413714e-02,-1.885675882539623316e-01,2.057890118916497202e-01,1.645322680008214078e-01,4.261952321391901388e-02,1.013963821009203486e-01,2.700823268056826154e-01,2.320131797561931775e-01,7.679168144566617116e-02,2.491972669740698532e-01,-9.521253756977243743e-02,2.058870199936528034e-01,-2.711977523475274099e-01,9.760673549013385020e-02,-1.787014393189836903e-02,1.507737973005768561e-01,2.504853734575391289e-01,2.548957380476786216e-01,9.612727985513469520e-02,-7.389810891033658791e-02,1.485056097970765578e-02,5.445516829391229552e-02,1.691759852147777521e-01,-3.958127205182294939e-02,-3.528104990012507769e-01,-1.633561707767842153e-01,-1.644202587413893038e-02,-8.319954449567830423e-02,8.466033192077211320e-03,-1.932673100976347313e-01,8.008662049396082783e-02,-2.088972688408908401e-02,-1.689986372206769005e-01,-3.218119364534134941e-01,1.299214068362984642e-01,8.101536393675209946e-02,1.740343868426456608e-01,-2.220910261914985084e-01,1.756585211044112971e-01,-2.738766404689454426e-01,-1.485709485317452949e-01,-4.885517202755427779e-01,1.943827356394795258e-01,2.727612149271006481e-01,1.208393227173446272e-01,3.218866092930348644e-01,2.798177982713237477e-01,2.287182407078985069e-01,1.949147796217820805e-01,-2.829867269027572796e-01,2.490012507700636590e-01,2.333526238169022007e-02,1.848619485877499302e-01,-1.460180708271883732e-01,1.679578845184535318e-01,7.099053521757799079e-02,-4.536841712248212283e-02,1.207553157727705440e-01,2.261886982657232981e-01,1.534620195269475740e-01,1.900190415741034589e-01,8.980342374969664532e-02,-2.054623182183060448e-01,-4.134541788787873123e-02
-7.186794108312953566e-02,-4.377368529131741570e-01,7.790150652453936564e-01,5.440196389568204838e-01,-8.148673623686224221e-02,-3.559514253178262533e-01,1.000000000000000000e+00,4.665699031119905915e-01,2.291522765881979506e-01,1.031558608844997810e-01,1.440905781544607744e-01,-2.220116862994007609e-02,6.251656803629099812e-01,2.169292661526686095e-01,-8.711986857580227006e-02,-1.286006309854947904e-01,-2.738393040491347019e-01,-2.956251050086807219e-01,1.347891425691190581e-01,-2.849655571527246467e-01,-1.697640338267963622e-01,-1.978550226818750479e-01,4.302602348460806136e-01,4.916693113297365691e-01,8.405361509884817783e-02,9.366774320010454180e-02,-1.677758694718763377e-01,-1.992224690574420920e-01,8.675117143017156696e-02,-3.034517520114995981e-01,3.200664588272630201e-02,9.223962514234509968e-02,2.811245729646983937e-01,6.165176321242556157e-02,3.402374596299960752e-01,2.101947094293128149e-01,-2.057236731569809796e-01,-9.594059775608117235e-02,-1.572329979278286882e-01,-2.279481770493027304e-01,-1.802088972688409008e-01,-6.877368529131741570e-02,-1.543254242350700911e-01,-2.003798980715739142e-01,-2.666753784979558270e-02,-2.261560288983889278e-01,-2.640431609013011993e-01,-3.303479754326357765e-01,-2.041648776298840839e-01,-2.723785166240409450e-01,-2.761961655496854295e-02,-2.898519610954505832e-01,-1.875921742864076758e-01,-2.887178673437004184e-01,-4.433326488323034442e-01,-5.104775328093789089e-01,-2.269867642391771023e-01,-3.904456101704407711e-01,-2.496126346444639543e-01,-4.316463494315530003e-01,4.627195848190117089e-01,1.413883547706610289e-01,4.074803517090746369e-02,-4.026312841861593994e-01,6.097970765583288211e-01,2.821186551421583921e-01,1.874381615546885094e-01,-3.893721881008829766e-02,-3.570855190695764181e-01,-5.344848507476618327e-01,9.717736666231074905e-02,8.752123508876734348e-02,-8.227546810536337518e-02,-2.205929023465939831e-01,-2.994754233016596046e-01,-3.499495958332555223e-01,3.474713909683200264e-01,-2.849235536804375912e-02,-2.838734668732615374e-01,1.168209905352175781e-01,-3.980295704444900551e-01,-4.966210540071312740e-02,-4.046287826460320813e-01,-2.599128194597419839e-01,-3.998263856478802281e-02,1.692739933167808700e-02,-1.453413482181193650e-01,-1.606119439206974420e-01,-5.578527824966864057e-02,-1.183564507999327886e-01,-3.331808762857729755e-02,3.934231896503444514e-01,2.867390370937331068e-01,3.167388504116340209e-01,-2.475031269251591337e-01,-3.310386991991338124e-01,-5.237132936322735910e-01,-5.431469001437452260e-01,-3.662562771855806809e-01,-3.072974032520021659e-01,-2.200235219444807433e-01,2.988313700599249390e-01,-2.379683387160005104e-01,-1.394748632553624301e-01,-1.693066626841152333e-01,-1.863087348554147080e-02,-1.147954897604868685e-01,-2.242005339108033013e-01,4.479436966789254737e-02,-1.159809210894767323e-01,-3.805794612354621576e-01,-3.325368230440383099e-01,-2.198695092127615769e-01,-2.018500196016204118e-01,1.562389157503686898e-01,-1.064227976179364099e-01
-2.417159818544999672e-01,-1.042152817966285200e-01,2.878357944256725309e-01,7.441615173521011206e-01,1.697266974069856493e-01,1.583064199973864550e-02,4.665699031119905915e-01,1.000000000000000000e+00,7.013179756193178849e-02,2.794164317583586882e-02,-7.655366176937293543e-02,4.552569679093471655e-01,1.219267459443313939e-01,4.926400582448148824e-01,-4.759833479567644465e-01,-3.142513114417458397e-01,1.487156271585117762e-01,2.390230925756529068e-01,-1.570929863535385496e-01,1.333563574588832734e-01,-2.068624339612074592e-01,-1.287639778221666420e-01,7.695969533481435143e-02,3.447645005320439937e-01,-2.436761438945619640e-01,-1.989471129613381295e-01,-4.148262923068307129e-01,-5.280349842253626580e-01,4.008484701401982542e-01,2.311824444154050029e-01,-1.400255754475703274e-01,-1.167089812757854672e-01,1.846099277540276529e-01,4.387776056153975257e-01,-2.591054193813355222e-01,-2.319618421789534646e-01,-3.645481359792409615e-01,-1.135073832770175650e-01,-7.467283962140870701e-02,-2.271921145481359955e-02,-1.275832135456531069e-01,-1.122939496331696735e-01,-1.299214068362984642e-01,-1.044859708402561260e-01,-1.869154516773386676e-01,-1.150475105942091181e-01,-2.626803815782104423e-01,-2.399891724382549052e-01,-1.145574700841936328e-01,-2.473071107211529396e-01,-9.097485392125749526e-02,-2.619243190770437213e-01,-1.080422648272257174e-01,-2.383697052289655838e-01,-2.788097149364347493e-01,-5.393759217428640840e-01,-3.827916441092463901e-02,-1.017137416693113250e-01,-1.731663150820467734e-01,-2.273274590699497777e-01,4.200113876080422415e-01,4.957483151940560440e-01,3.067420240073179261e-01,2.967825340228125719e-01,-1.152295256407862983e-01,9.888550786865046849e-02,-3.409935221311628517e-01,-7.785576941027125275e-02,-2.714357720238206317e-01,-1.501204099538895331e-01,3.282338006608546271e-02,-3.896522112494633233e-02,-2.917374502958911334e-02,-9.208094535814960110e-03,-1.518985569473743080e-01,-3.716700580581328017e-01,1.636408609778408352e-01,1.476842085612410649e-01,2.778669703362144361e-01,1.430031549274740077e-01,-4.066402822633337355e-02,-8.071200552579013698e-02,-4.914219575484906621e-01,-4.515279929807530790e-01,-3.109750406033565673e-01,-2.053503089588739239e-04,-2.818759684133888554e-01,-3.592743666809789516e-01,-2.062743853491888768e-01,-1.682239065096047814e-01,-6.776560195642840345e-02,-1.347191367819739749e-01,2.659333171542180851e-01,-1.225941344484477447e-01,-2.802985046763865618e-01,-3.284484850747662055e-01,-4.216401889222842203e-01,-4.591306214647077333e-01,-3.282944723430470391e-01,-4.536515018574868718e-01,-1.007569959116620256e-01,7.121922078891855003e-03,-3.038997890492280418e-01,-4.118580469318797177e-01,2.796497843821756091e-02,-1.542180820281143228e-01,-2.549750779397763623e-01,-3.320467825340228107e-01,2.357794911045979769e-01,-6.018164168237907785e-02,-5.164886963989022695e-01,-2.985466798588683468e-01,-2.478904922806952071e-01,-2.894179252151511395e-01,2.264920566766852675e-02,-3.817648925644520110e-03
1.420184068549666667e-01,-1.587404558776858987e-01,1.456213713666996423e-01,1.268411522019153581e-01,3.676283906136240676e-01,3.488808408161741537e-01,2.291522765881979506e-01,7.013179756193178849e-02,1.000000000000000000e+00,7.923021636455280792e-01,-2.131769559616928378e-01,-6.909104485970840592e-02,1.859773741295947247e-01,9.006944574084790878e-02,3.454785595609237148e-01,1.925905874885657232e-01,-6.265657961058114234e-01,-4.178412082065450783e-01,-3.111057180726940069e-02,-2.637771389101499220e-01,1.847266040659361064e-01,3.290645360016428156e-01,-6.395262008326021985e-02,-2.187914200907275022e-02,1.665764369854574600e-01,4.451247969832172746e-01,4.252804898538279366e-01,2.920688110217111166e-01,-1.014243844157783764e-01,-2.595394552616349659e-01,8.500569380402113462e-02,8.581776093490395274e-02,-2.256706554408497711e-01,-1.086443145966733276e-01,-5.684469916179737264e-02,-1.367166352418466568e-01,2.502660219911512773e-01,2.730085687083465551e-01,-1.641028991729983066e-01,-2.066337483898668947e-01,2.104513973155114070e-01,2.911167323165381737e-01,-1.803162394757966691e-01,-1.282085985774824022e-01,1.498123844904512003e-01,-2.648085575074205986e-02,-1.548528011648962928e-02,-2.107454216215207121e-01,8.878133925737860532e-02,-1.834805010547538584e-01,-4.471036272331845723e-03,-1.074775514775888202e-01,-2.158885134504452408e-01,-5.015121250023335531e-01,-1.172130229432299803e-01,-1.109965090447476987e-01,-2.259460115369537336e-01,-2.209382642298430011e-01,2.302116975003266897e-01,9.140888980155692511e-02,2.443061959788675741e-01,3.066720182201728567e-02,-1.425317826273638511e-01,-2.356861500550712363e-02,1.446319562417159865e-01,2.401151828551160161e-01,1.404642783803461137e-01,6.833498235854164327e-02,2.940709765340601342e-02,-2.810172307577426531e-01,4.848927511340937468e-01,5.067625590382138778e-01,5.229852334459648144e-01,-1.996565049377415149e-02,1.764379188679597588e-01,-1.300614184105886029e-01,-3.327188380906154763e-01,-9.451714675079807282e-02,-4.646564115966920205e-01,-2.006599212201541915e-01,-4.505759142755801361e-01,-2.380803479754326490e-01,-1.510911568689678464e-01,-2.202848768831556885e-03,5.745141598372131841e-03,-1.348078107790244007e-01,1.175163813541919428e-01,2.218950099874922866e-01,5.501194765433942147e-01,-1.657457016446692855e-01,-8.709653331342057103e-02,-3.042451509324770736e-02,-2.186747437788190418e-01,-2.986260197509660874e-01,1.634821811936453539e-01,7.627363862079265810e-02,-1.867801071555248438e-01,-3.182929788862546173e-03,1.620400619784568771e-02,-1.831351391715048404e-02,3.122304777194914727e-01,-5.262568372318778692e-02,2.503080254634383328e-01,1.471941680512255657e-01,7.579293221572983019e-03,-9.845147198835103863e-02,3.139666212406892476e-01,-1.517772135829895397e-01,-2.426540594022439101e-01,-1.994651557862116564e-01,-9.992159351839752235e-03,-3.258909403177329134e-01,-5.566393488528385142e-02,-3.125385031829298055e-01,-2.892032408012395472e-01,-1.965715832508820593e-01
4.004331024698041391e-02,-2.784690201056620462e-01,-4.971344297795284722e-02,9.113353370545299037e-02,2.128315940784438198e-01,4.566524165997722373e-01,1.031558608844997810e-01,2.794164317583586882e-02,7.923021636455280792e-01,1.000000000000000000e+00,-2.346920678776112101e-01,1.377247185767356726e-02,1.350738327701756780e-01,7.377676554595179181e-02,4.553083054865869062e-01,5.183648514943901553e-01,-5.820094461142121256e-01,-4.668172568932364985e-01,-1.589598073440737919e-02,-2.214049694774768151e-01,1.773153247335113036e-01,2.622230104355293134e-01,-9.800810200309892362e-02,-5.559859615061511773e-02,3.167715197789683912e-01,5.236759572124628503e-01,4.500812067130882665e-01,4.032333339556070095e-01,-2.470644239923833752e-01,-3.504256351858420215e-01,1.061521085743088039e-01,1.776793548266656642e-01,-9.795676442585921073e-02,-3.903522691209140166e-02,1.633375025668788727e-01,1.104224615901581164e-01,2.536309668265909756e-01,2.861229861668564411e-01,-6.374260272182499798e-02,-8.399761046913210849e-02,2.736572890025575355e-01,2.771435772023820854e-01,-1.412856796161816031e-01,-8.960740754569043731e-02,1.761205592995687685e-01,-2.296656523605951350e-02,-2.539343252375529658e-02,-1.686112718651408549e-01,3.212798924711109116e-02,-2.501120092594321109e-01,-8.973341796255157599e-02,-1.819030373177515925e-01,-3.073907443015289065e-01,-5.075979614314782840e-01,-2.011266264677880056e-01,-1.664877629884070342e-01,-3.284811544421005203e-01,-3.336102451135960489e-01,-2.220116862994007609e-02,-1.060354322624003642e-01,1.514598540145985495e-01,1.385041163402841169e-01,-2.456083036197659053e-01,-1.717895346015270719e-01,2.501026751544794258e-01,4.299102059103552809e-01,1.555528590363469965e-01,1.379720723579815900e-01,-1.223701159295835159e-02,-3.577109041014057134e-01,3.549666772453189401e-01,2.830707338473313905e-01,3.148300259488117647e-01,-1.787714451061287735e-01,2.792157485018761376e-01,-7.835981107771575194e-02,-1.908217746000336057e-01,5.047883958407228117e-02,-4.341852259786809221e-01,-2.703016782720704669e-01,-4.595179868202438067e-01,-4.119513879814064583e-01,4.131274852054436786e-02,1.145061325069539060e-01,1.639535534937554967e-02,-1.349991599305542522e-01,3.252935576007616736e-01,4.265545951798682123e-01,3.915797039221908804e-01,-7.028581029365094102e-02,2.644351933093135737e-02,6.766759385442529251e-02,-9.330838015942650998e-02,-1.952648085575074133e-01,5.089887430694270409e-02,8.063733268616872507e-02,-1.248996583717587316e-01,5.966826590998189350e-02,-2.299923460339388034e-02,1.494856908171075457e-02,1.023391267011406341e-01,-1.238355704071536639e-01,1.297813952620083255e-01,1.067774936061381130e-01,3.893721881008829766e-02,-4.531707954524240300e-03,3.988929751526126277e-01,-2.349394216588571171e-02,-2.450109209027946378e-01,-1.104457968525398154e-01,2.165512349020852229e-03,-2.862910000560046075e-01,-1.480809080217297957e-01,-1.828551160229245631e-01,-1.440859111019844319e-01,2.669554016465360956e-03
4.197546997218436493e-01,1.219174118393787226e-01,1.601685739354453408e-01,-2.143343849758246600e-01,-4.212948270390352162e-02,-7.273601284372840925e-02,1.440905781544607744e-01,-7.655366176937293543e-02,-2.131769559616928378e-01,-2.346920678776112101e-01,1.000000000000000000e+00,-2.220583568241641173e-02,5.849543562267813801e-01,3.202998114510799410e-02,3.428743442791270524e-01,-5.565460078033117319e-02,4.209961356805496102e-01,2.404512106334123489e-01,5.926923292325498860e-01,2.945703511490282978e-01,3.292138816808855978e-02,-2.520861724569231077e-01,2.003985662814792568e-01,-2.016633375025668820e-02,-9.328037784456848225e-02,-3.246121679392163228e-01,1.400862471297627254e-01,5.390912315418074779e-02,1.057694102712490869e-01,-3.804581178710773198e-02,1.911718035357589662e-01,-6.726156028898389039e-02,2.151137827393731217e-01,-7.716971269624955942e-02,8.617712397558198456e-02,1.879888737468964066e-02,-3.783346089943435131e-01,-3.057946123546212980e-01,1.007896652789963959e-01,7.020647040155320040e-02,-1.690779771127746689e-01,-5.045550432169059601e-02,8.362424627102507668e-02,1.041592771669124645e-01,-2.075811600425635228e-01,-1.040099314876696407e-01,-7.341740250527377387e-02,6.637482031847966035e-02,-2.390184255231765920e-01,1.051206899770381065e-01,-7.420613437377489643e-03,-1.428118057759441466e-03,3.082121455373644167e-02,3.930591595571900770e-02,-1.931693019956316412e-02,-3.475087273881307531e-02,2.035861631228181590e-01,1.242882744973584502e-01,-7.442548584016278612e-02,1.195745514962570227e-01,1.403149327011032899e-01,-1.888009408777792386e-01,4.036907050982881384e-01,-3.675303825116209289e-02,1.950361229861668488e-01,-3.209158623779565511e-01,1.549461422144230620e-03,-1.692273227920174650e-01,1.507457949857188284e-01,6.407863050012133944e-03,-2.604681987044262306e-02,-1.801482255866485027e-01,-1.569809770941064386e-01,-9.920753448951780129e-02,1.909291168069893879e-02,1.324462822259973582e-01,3.221199619168517714e-01,-1.304301155562193060e-01,9.981891836391808270e-02,4.542442175219817829e-02,7.436014710549405937e-02,1.580730673735695480e-01,3.813915283663449340e-02,-2.217223290458678053e-01,2.138630126757145311e-01,-1.456913771538447255e-01,6.931039632609628520e-02,-2.262073664756286406e-01,-1.147301510258181279e-01,-1.285586275132077627e-01,-1.240502548210652145e-01,-4.594713162954804087e-02,-2.891519032239998621e-01,6.658950473239121093e-02,-3.840657494352866519e-01,-4.530774544028973172e-02,-2.235004760393525802e-01,-1.158875800399499639e-01,-1.028011648962980917e-01,4.587712584240297500e-03,-7.355741407956391253e-02,3.348143446524912831e-02,-4.690387738719734023e-02,-2.183900535777624219e-01,-1.483189276980230453e-01,-1.355312039128568069e-01,-3.854565310732354089e-01,4.696921612186607392e-02,4.647450855937423908e-02,-1.284372841488229666e-01,-6.904437433494502174e-02,6.756958575242219545e-02,4.494838239961169990e-02,8.306419997386450815e-02,-9.231896503444285418e-02,-3.398360931170310018e-01
7.841581570743182128e-02,2.928435417327832635e-01,-2.660779957809845664e-01,5.822147964231709494e-02,-5.770810386991991059e-02,1.520805719939515022e-01,-2.220116862994007609e-02,4.552569679093471655e-01,-6.909104485970840592e-02,1.377247185767356726e-02,-2.220583568241641173e-02,1.000000000000000000e+00,-1.012283682117721788e-02,6.166016390688296989e-01,-2.080758676050553646e-01,-1.073002034834879687e-01,2.326385647880224727e-01,3.135372524128661187e-01,-1.490096514645210535e-01,2.292036141654376635e-01,-3.342076278305673442e-01,-2.091772919894711313e-01,-3.886534620195269407e-01,-1.771613120017921372e-01,-4.017538783206078268e-01,-4.553969794836373319e-01,-3.234267366102264174e-02,-1.246429704855601395e-01,-2.023633953740175753e-02,5.705004947075625193e-02,-4.520180334907685782e-01,-3.338949353146526966e-01,-1.792148150913808885e-02,2.419913379506039297e-01,-2.789730617731066009e-01,-3.764911232661900115e-02,-5.404073403401348230e-01,-3.713666996471708392e-01,-2.483011928986129657e-01,-2.109694401403849340e-01,-3.917523848638154171e-01,-3.321494576885022365e-01,2.931095637239344853e-01,3.126225101275038609e-01,-1.144594619821905218e-01,2.266040659361173992e-01,2.198041704780928640e-01,2.472044355666735138e-01,1.657690369070509706e-01,1.374400283756790631e-01,2.393451191965202396e-01,2.024007317938282813e-01,3.039231243116097825e-01,1.078415815707431807e-01,2.553811115052177505e-01,-7.884051748277857985e-02,9.822278641701047419e-02,1.703754177011966298e-01,9.990292530849216590e-02,2.489545802453002887e-01,4.142849142195754730e-01,7.184273899975731625e-01,2.067410905968226631e-01,5.703418149233669965e-01,-1.961608826329643285e-01,1.942193888028077020e-01,-1.613260029495771630e-01,3.219939514999906605e-01,-1.695680176227901403e-01,1.229208281217914062e-01,-1.184964623742229411e-01,-2.454962943603337944e-01,-5.196296227154777875e-02,2.491225941344484551e-01,-1.382427614016092099e-01,-6.762559038213825091e-02,-4.853267870143931906e-02,1.190518416189071671e-01,2.633991076595665337e-01,3.409281833964940972e-02,1.199012451696006842e-01,-1.506337857262867175e-01,-4.257705303638434358e-01,-3.995977000765396636e-01,-2.050842869677226565e-01,2.006832564825358767e-01,-4.741445292810872458e-01,-5.163300166147067882e-01,-1.877508540706031570e-01,-2.857356208113204232e-01,2.295256407863049963e-01,-2.753327608415628847e-01,1.823837437228144065e-01,-2.654106072768682156e-01,-1.191358485634812503e-01,-1.616806989377788661e-01,-5.315306065301398514e-02,-1.084016278679037493e-01,1.276018817555584495e-01,3.446151548528011976e-02,3.013329101872421201e-01,-9.824612167939215934e-02,5.694270726380047665e-02,-1.455887019993652720e-01,-2.473537812459163446e-02,-1.084903018649541750e-01,-2.424673773031904012e-01,4.259152089906098615e-02,3.315614090764836819e-01,1.255717139283513972e-01,-5.010080833348889984e-02,6.929172811619094263e-02,5.376911157989060219e-02,-1.272005152425933761e-01,1.053353743909496570e-01,-4.615714899098325580e-02
2.041695446823603988e-01,-2.121782067317564968e-01,5.265648626953161049e-01,5.485186775440103329e-02,-1.375847070024455443e-01,-2.424347079358560308e-01,6.251656803629099812e-01,1.219267459443313939e-01,1.859773741295947247e-01,1.350738327701756780e-01,5.849543562267813801e-01,-1.012283682117721788e-02,1.000000000000000000e+00,1.768532865383538322e-01,3.400181081636081681e-01,2.435267982153191402e-02,-1.371273358597644154e-01,-1.559962290215991254e-01,3.786146321429237904e-01,-1.632208262549704192e-01,-9.180092220956932725e-02,-2.190387738719734301e-01,3.665549685440663286e-01,2.204342225623985019e-01,6.559542255493121254e-02,-6.188978288871879729e-02,2.055089887430694151e-01,1.474555229899005004e-01,3.915657027647619082e-02,-2.927408665783037822e-01,1.064087964605073960e-01,8.084735004760393307e-02,9.461515485280116988e-02,-1.631554875203016786e-01,2.581953441484495793e-01,1.065768103496555763e-01,-2.446562249145929346e-01,-1.295853790580021314e-01,-3.295405753542293009e-02,-8.479100939010958404e-02,-1.266264677880038214e-01,2.651819217055276581e-02,5.799279407097653743e-02,5.881419530681202684e-02,-1.825610917169152581e-01,-2.320411820710512052e-01,-8.586443145966733692e-02,-5.238299699441820861e-02,-1.785054231149774961e-01,-4.517240091847592870e-02,6.433531838631993682e-02,-5.185562006459200346e-02,1.976963428976795389e-02,-1.194532081318722405e-01,-8.514103832583493070e-02,-1.530653200664588154e-01,-1.195512162338753376e-01,-2.139843560400993272e-01,-2.248072507327272263e-01,-1.844979184945955419e-01,3.756603879254018508e-01,-4.186346071275225816e-03,1.989657811712434998e-01,-2.539156570276476232e-01,5.310218978102190235e-01,-2.879571377900573201e-02,1.104224615901581129e-02,-2.062557171392835065e-01,-1.452200048537345689e-01,-4.397903560027628944e-01,1.447299643437190697e-01,1.169096645322680039e-02,-3.716840592155618017e-02,-2.070071125879739404e-01,-1.600145612037261744e-01,-1.448933111803909213e-01,3.028917057143390434e-01,-1.028011648962980917e-01,-1.923245654974144458e-01,9.699068456325722620e-02,-2.399938394907312200e-01,-2.051636268598204180e-02,-2.467563985289450701e-01,-2.915414340918849323e-01,1.177077305057218082e-01,-4.579778595030522398e-02,-8.104336625161012719e-02,-2.252506207179793551e-01,6.508204678253402820e-02,-1.203446151548527993e-01,-1.242416039725950661e-01,2.747027087572572746e-01,-2.018966901263837682e-02,3.188483581309388137e-01,-1.682005712472230963e-01,-1.125693057292736186e-02,-2.597728078854518730e-01,-1.639535534937554828e-01,-1.992271361099184068e-01,-5.441316482162525392e-02,-8.636847312711183611e-02,2.658119737898332891e-01,-1.431851699740512018e-01,-1.775953478820915810e-01,-2.809938954953609680e-01,-1.260384191759852113e-01,-1.317368902495939798e-01,-7.707637164672279106e-02,1.300147478858252326e-01,-1.005189762353687899e-01,-1.845305878619299123e-01,-1.099697574999533300e-01,-7.315138051412249653e-02,-3.232867250359362787e-02,2.385237179606847502e-01,-2.484738738402374469e-01
