1.000000000000000000e+00,6.837660306537378663e-01,9.262701639930291664e-02,3.156173198087492970e-01,-2.884623977836364705e-01,-1.561329818133071201e-01,2.681487108449885914e-01,2.110728808257741618e-01,-2.150989767192457158e-01,-2.970284641851735907e-01,3.361097457437776659e-01,3.144018946333616560e-01,2.517360025023459569e-01,1.584163724920684690e-01,-1.836721926806380856e-01,-1.374547566915411689e-01,1.313150721658697950e-01,-8.374815675409982840e-02,5.342866079806961599e-01,4.320210912015728932e-01,-5.147236248268465680e-02,-8.132624335314357633e-02,-6.944010009383796977e-02,-1.918316278654095264e-01,-2.078287680414674377e-01,-2.061441530005808931e-01,-1.716385897493185597e-01,-5.863979623754412424e-02,1.408910138969569729e-02,-1.224406809955762149e-01,-2.533223110952231849e-01,-1.151525984181598836e-02,4.534161490683229906e-02,2.481790964743732855e-02,-1.689932526028866400e-01,-8.233611868269359590e-02,-1.923097546807274738e-01,-1.336699584431833288e-01,3.610080879395861919e-02,5.606595468966441703e-02,-1.525224540864203171e-01,-1.713034541311050651e-01,5.827338129496403146e-02,1.897716609321238590e-01,-3.398409222932213258e-01,-2.365610617096385038e-01,-3.743241431699360910e-02,-1.235846105724116295e-01,1.457169667992314240e-02,-8.711291836096340946e-02,1.002993878189373939e-01,7.373877295678984978e-02,1.910541132311542045e-01,1.376781804370168505e-01,-9.508914607444479694e-02,1.568434693239197444e-02,5.778497698735421961e-01,5.117386835872916873e-01,3.386165601680146686e-01,1.897225077081192146e-01,9.453505518566512889e-02,1.729210420483489052e-01,1.211046069976317030e-01,2.276375173153402653e-01,-2.248000357477992761e-01,-1.082666785825997652e-01,-3.965235265203985726e-01,-2.612672594843379881e-01,3.776978417266186883e-01,2.529156798784574708e-02,1.944903704365699981e-01,2.107600875821082353e-01,3.804057375217838044e-01,4.186380088475803452e-01,1.810179185843871497e-02,2.222619419991956613e-01,-1.157737164305822491e-01,-5.858170606372044807e-03,1.549041512131909271e-01,-1.400509406139684443e-01,-9.743509540193931451e-02,-5.411323115420706847e-02,-2.917377898923097512e-01,-1.076142812458108083e-01,-4.089682291433933692e-01,2.810670718083917771e-03,-2.280128692077393882e-01,-9.445015416238437822e-02,1.053353590419589814e-01,7.194244604316546443e-02,2.732204298672862852e-01,8.078108941418293831e-02,2.432548371240895457e-01,4.735689709102283707e-02,1.000938379730997863e-02,1.251530452656508252e-01,-3.904106528441842611e-02,1.262433531435721012e-01,3.246972608248804848e-01,3.884400554090888802e-01,-2.168104026095893366e-02,1.106170963850038047e-01,2.580857053487644603e-01,6.523079672907636239e-02,-1.288216631663613165e-01,-1.021850842307520379e-01,1.427633048840430685e-01,-8.858304660619330251e-02,-8.119218910585817781e-03,-7.898029402564904489e-02,2.225300504937664792e-02,4.676258992805755466e-02,2.215469860136735358e-01,2.509495509182715911e-02,-2.277402922382590900e-01,2.523347781402207265e-02
6.837660306537378663e-01,1.000000000000000000e+00,1.073238303766924362e-01,2.373207024442557656e-01,-2.146297868537468123e-01,-1.872782519326154083e-01,1.650029045086911783e-01,1.285490861968810183e-01,4.289735913132847688e-04,-1.891192635953349022e-01,1.317127664328164860e-01,2.535770141650654508e-01,1.313776308146029637e-01,-4.422896465436346874e-02,-2.376513695875597521e-01,-1.825059207292551167e-01,2.478707717056168602e-01,-2.725322847312212221e-02,3.034943473792394708e-01,3.330577773805800113e-01,8.782340587157602685e-02,3.693641360203762242e-02,6.534250860181420317e-02,-8.811832521560390707e-03,-1.271772643996604002e-01,1.939318110728808359e-02,-1.239510255149917362e-01,1.567898476250055850e-01,5.650833370570624431e-02,1.836096340319049239e-02,6.023504178024040659e-03,1.090575986415836252e-01,1.145627597301041162e-01,1.446311273962196664e-01,-1.388891371374949835e-01,-1.335627150453550238e-01,-2.014701282452298903e-01,-5.212922829438312866e-02,1.868760891907591815e-01,-2.296349255998927572e-02,-2.113186469457974115e-01,-2.458376156217882968e-01,-1.663166361320881151e-02,1.088609857455650337e-01,-2.390768130836945227e-01,-8.446311273962196775e-02,-4.983690066580276357e-02,-1.143884892086330929e-01,1.994727199606774123e-02,-1.497073148934268683e-01,-9.088431118459269764e-02,2.904508691183699232e-04,-1.803476473479601397e-02,1.297198266231735023e-02,-2.990750256937307339e-01,-2.124312971982662487e-02,5.905804548907458429e-01,5.491845033290138067e-01,1.232316010545600748e-01,-4.337548594664641238e-02,-6.878770275704901294e-02,2.445998480718530876e-01,5.336252736940882285e-02,1.933866571339201978e-01,-6.110192591268599760e-02,4.957772912105098267e-02,-2.124178917735377037e-01,-1.813575226775101523e-01,3.895661110862862486e-01,6.837213459046427577e-02,1.415434112337459194e-01,2.021135886321998310e-01,3.024442557755038230e-01,3.652352652039858594e-01,-2.280307431073774482e-01,6.426560614862147913e-02,-2.078332365163769735e-01,-1.387818937396666508e-01,2.555699539747084414e-01,-6.142365610617096100e-02,-1.453594888064703439e-02,8.598239420885651907e-02,-3.292372313329460787e-01,-3.734304481880334342e-02,-3.435586934179364338e-01,5.384959113454577950e-02,-1.824388936056124122e-01,-8.994593145359489061e-02,7.120067920818624885e-02,5.102998346664283300e-03,1.925018991018365502e-02,-6.271057688011082154e-02,2.113409893203449796e-01,-1.251396398409223010e-01,1.752133696769292703e-01,1.850708253273157800e-01,-8.881987577639752218e-02,3.589972742303051967e-02,1.520756065954689540e-01,5.478350239063407845e-02,-1.596586085169131863e-01,-1.153894275883640963e-01,8.126815317931990190e-02,-1.310961168953036216e-01,-3.672192680638098478e-02,-3.633316948925331691e-02,2.816435050717190358e-01,-6.784038607623217587e-02,7.051253407212118574e-03,5.813485857276911445e-02,-1.489253317842620383e-01,-9.208633093525180058e-02,7.975334018499485866e-02,-1.790607265740202791e-01,-3.390142544349613596e-01,1.299655927431967450e-01
9.262701639930291664e-02,1.073238303766924362e-01,1.000000000000000000e+00,3.393225792037177779e-01,9.697037401134993295e-02,5.495777291210510174e-02,5.090039769426694116e-01,-2.353769158586174470e-01,-1.077572724429152334e-01,-4.417534295544930240e-02,-1.605388980740873051e-01,-3.365610617096385093e-01,-1.746994950623352305e-01,-3.739085750033513400e-01,3.106036909602752707e-02,-1.414897895348317669e-01,-3.294427811787836724e-01,-1.142901827606238041e-01,-3.003261986683944743e-02,2.469279234997095659e-02,3.283882211001384888e-02,1.359354752223066176e-01,6.691585861745386055e-01,5.490147012824523332e-01,5.989320344966263532e-01,3.974127530273917630e-01,-5.201304794673577980e-02,1.893516242906295999e-01,-1.635372447383708072e-01,-3.606595468966442009e-01,1.553822780285088745e-01,2.721703382635506374e-01,3.361723043925108345e-01,1.943786585638321573e-01,4.224853657446713262e-01,2.269136243799990960e-01,3.512668126368470589e-02,2.768890477679967765e-01,1.787524018052638608e-01,5.944859019616605122e-02,9.718039233209704864e-02,2.720407524911747782e-02,-4.619375307207649883e-01,-2.861253854059609414e-01,-2.266276419857902458e-01,-2.837213459046427633e-01,-3.823539925823316588e-01,-2.955136511908485475e-01,-2.012958577237588809e-01,-3.684927834130211632e-01,-2.081147504356763156e-01,-2.281960766790294415e-01,-2.577282273560033699e-01,-4.283033200768577436e-02,-4.856025738415478687e-01,-3.397738951695786214e-01,-8.520041109969167525e-02,6.504312078287680099e-02,-1.143482729344474785e-01,-3.217212565351445508e-01,3.496134769203271264e-02,-9.383797309978104148e-05,-2.527145985075293644e-01,-1.006077125876938261e-01,6.038026721479958780e-01,2.291344564100272485e-01,3.939005317485142488e-01,1.114124849188971866e-01,1.783502390634076618e-01,2.228428437374324264e-02,-1.857098172393761848e-02,2.194423343312927321e-01,1.415791590330220395e-01,9.803387103981410500e-02,-1.954421555922963571e-01,-1.990348094195451001e-01,-6.752312435765672749e-02,-1.206801018812279358e-01,5.330443719558514842e-02,-1.866124491710978994e-01,-5.431609991509898094e-01,-2.714464453282094958e-01,2.377943607846642049e-01,1.516689753787032469e-01,-2.858930247106662367e-02,-8.391795880066132973e-02,9.147414987264847197e-02,1.198713079226060158e-01,2.077170561687296246e-01,-3.773180213593100435e-02,-1.860985745565038596e-01,-2.888422181509450737e-02,5.189686759908843094e-02,4.879574601188614753e-03,-1.045891237320702438e-01,-8.940971446445328263e-02,-1.396130300728361529e-01,-1.456365342508601779e-01,-1.976808615219625420e-01,-3.278073193619018139e-02,-3.571517940926761669e-01,-1.923901872290987025e-01,-1.441753429554493149e-01,-3.190491085392555548e-01,2.046606193306224619e-01,3.499486125385405932e-01,1.821931274855891625e-01,-3.953706599937441279e-02,5.408195182984047722e-02,-6.282228875284864844e-02,-3.104875106126279150e-01,-4.860047365834040956e-01,-3.945663345100317021e-02,-3.990035300951785269e-01,-2.810134501094776471e-01,1.424102953661915243e-02
3.156173198087492970e-01,2.373207024442557656e-01,3.393225792037177779e-01,1.000000000000000000e+00,1.580454890745788543e-01,3.080387863622146005e-01,3.015371553688726003e-01,2.827114705750927159e-01,-1.629474060503150190e-01,6.221010769024531983e-02,-1.588408776084722362e-01,2.136824701729299683e-02,-1.813039009785959998e-01,3.383529201483533727e-02,2.235577997229545519e-02,-1.247464140488851181e-01,-1.296036462755261742e-01,-2.950980830242638103e-02,3.830600116180347681e-01,4.155592296349255865e-01,-5.610170248894052331e-02,4.030564368381071676e-03,2.678671969256892771e-01,3.002323606952946866e-01,8.334152553733410740e-02,1.194110550069261423e-01,-1.323294159703293227e-01,-2.439340453103355788e-02,-1.057643326332722705e-01,-1.592296349255998833e-01,1.635863979623754516e-01,3.508512444702622801e-01,4.357701416506546410e-01,3.718709504446132685e-01,2.312525135171366042e-01,2.143572098842664864e-01,4.253988113856741089e-03,2.764198579024978661e-02,1.345323741007194152e-01,1.859332409848518664e-01,1.127753697662987609e-01,3.264667768890477939e-02,-1.088163009964699113e-01,1.891058581706063779e-01,4.285714285714285754e-02,1.730327539210867460e-01,-2.744358550426739263e-01,-3.009964699048214842e-01,2.964833102462129805e-02,-1.814334867509719007e-01,-1.083873274051566221e-01,-2.239510255149917417e-01,-1.476250055855936327e-01,-2.694266946691094566e-01,-1.239420885651727061e-01,-8.654095357254569520e-02,1.260869565217391242e-01,1.733947003887573168e-01,1.376915858617453747e-01,1.823137763081460194e-01,2.527637517315340365e-01,3.134098932034496410e-01,3.509540193931810770e-02,1.723535457348406852e-01,1.050583135975691473e-01,3.366146834085526618e-01,2.241208275615532430e-01,3.705259394968496989e-01,1.716207158496804996e-01,-9.150989767192457824e-02,2.040752491174762165e-02,9.392734259797130836e-02,1.070289110326645560e-01,1.572277581661379042e-01,4.001966128960186136e-02,6.302337012377676184e-02,1.523303096653112233e-02,9.137137494972966123e-02,-3.709727869878010759e-02,-1.317351088073640542e-01,-3.140086688413244453e-01,-2.817954332186424771e-01,-2.324947495419813215e-01,-6.117788998614772517e-02,-2.459269851199785417e-01,-2.682425488180883999e-02,2.779391393717324348e-03,8.895393002368291724e-02,2.074131998748827144e-01,3.212833459940122455e-02,-6.578041914294650849e-02,-1.729389159479869653e-01,-5.406854640511193563e-03,-1.210197059743509523e-01,-1.316770186335403658e-01,-2.790562580991107905e-02,-1.928236292953215136e-01,1.077796148174628085e-02,1.007730461593458193e-01,6.300102774922919369e-02,-1.582331650207784157e-01,-1.354171321328030697e-01,5.939943697216139989e-02,-1.696545868894946130e-01,-5.910004915322400465e-02,5.511416953393806495e-02,7.217480673846016215e-02,1.072255239286831335e-01,-7.690245319272531743e-02,-2.653112292774476022e-01,-2.002010813709280967e-01,-1.626346128066490926e-01,-6.083828589302470863e-02,-2.662942937575405455e-01,-4.021984896554806066e-01,-1.568390008490102294e-01
-2.884623977836364705e-01,-2.146297868537468123e-01,9.697037401134993295e-02,1.580454890745788543e-01,1.000000000000000000e+00,3.020778408329237164e-01,-1.087179945484606086e-01,-1.196791635014969324e-01,2.552080075070378706e-01,4.363197640645247732e-01,-3.181107288082577478e-01,-1.723177979355645928e-01,-1.293444747307744003e-01,-1.885026140578220655e-01,3.559274319674695097e-01,2.104338889137137569e-01,-2.041288708163903620e-01,-1.450020108137092811e-02,-2.576299209079940811e-01,-1.587425711604629475e-01,-3.215067697394879270e-02,1.343804459537959739e-01,9.781938424415746736e-02,1.495375128468653669e-01,3.441485321059922220e-01,4.438714866616024213e-01,1.927297913222217329e-01,-5.666473032753920752e-02,-1.194780821305688329e-01,-2.268644711559944516e-02,1.853836185709817341e-01,1.543232494749542105e-01,-9.594262478216185330e-02,-1.714375083783904463e-01,1.240001787389963805e-01,8.542383484516734293e-02,2.405067250547388291e-01,2.400285982394208817e-01,1.667634836230394435e-01,1.488583046606193339e-01,6.563742794584208340e-02,-2.805308548192501916e-02,-1.403547969078153615e-02,-7.136154430492873402e-02,2.141114437642432644e-01,5.589615264310290876e-02,-1.807140622905402394e-01,-1.429554493051521380e-01,-6.995397470843200960e-02,-1.074891639483444294e-01,-1.881451360650610027e-01,-2.047008356048080902e-01,-1.364136020376245650e-01,-2.541534474283926870e-01,-5.514991733321417122e-02,-4.296885472988069138e-02,-2.523437150900397774e-01,-2.192144421109075425e-01,-1.706153089950399881e-01,-1.130390097859600568e-01,-4.063184235220518997e-02,-1.646722373653871918e-01,-9.015594977434202018e-02,-2.638142901827606468e-01,2.033781670315921164e-01,1.249028106707180813e-01,2.803833951472362584e-01,1.978953483176192074e-01,-6.711649314089101169e-03,2.441127843067161102e-02,2.457661200232360774e-02,1.627418562044774183e-02,-1.147593726261227076e-01,-1.643639125966307735e-01,6.346574913981857524e-02,-1.080477233120336056e-01,-1.058358282318244831e-01,-1.033022029581303902e-01,-7.448500826667858732e-02,2.903614996201796250e-02,-1.808838643371017338e-02,-2.042539881138567270e-01,8.786362214576165508e-02,7.680861521962553673e-02,2.044327271102372723e-01,-2.205594530586710844e-01,3.293042584565887831e-01,2.533625273694088340e-02,1.219536172304392513e-01,-3.498815854148979148e-03,-3.016220563921533440e-02,9.765405067250547411e-02,2.764198579024978661e-02,5.969882479109879514e-02,-2.074266052996112317e-02,1.961213637785423972e-02,-1.451137226864471219e-01,-9.048661691764600667e-02,-1.086733097993654827e-02,-5.576656687072702179e-02,-8.105813485857277234e-02,-1.591715447517762227e-01,-4.189642075159748236e-02,2.648018231377630843e-02,1.467849323026051145e-01,5.573081907145091551e-02,8.552660976808615367e-02,-8.844899235890790745e-02,-3.497922159167076578e-02,-3.341525537334107815e-02,-1.462129675141874141e-01,-7.654944367487376278e-02,-1.822690915590508831e-01,-1.950623352249876985e-01,-1.295142767773359016e-01,1.331739577282273490e-01
-1.561329818133071201e-01,-1.872782519326154083e-01,5.495777291210510174e-02,3.080387863622146005e-01,3.020778408329237164e-01,1.000000000000000000e+00,-9.842262835694177980e-02,-7.172795924750882679e-02,-1.226641047410518826e-01,4.237454756691541036e-01,-1.297868537468161998e-01,-1.570892354439429872e-01,-1.423432682425488094e-01,3.465749139818580238e-02,1.112516198221547015e-01,-6.174985477456543942e-02,-7.748335493096206519e-03,1.467000312793243638e-02,6.222798158988337297e-02,1.557933777201840897e-01,2.122972429509808329e-02,-1.546539166182581970e-01,-3.446534697707672595e-02,8.363644488136198762e-02,1.889003083247687564e-01,1.503552437553063170e-01,9.996425220072389928e-02,-2.550605478350239166e-02,-6.607533848697438872e-02,-1.159479869520532586e-01,-2.600652397336788990e-02,2.667500781983109248e-01,1.503731176549443771e-01,9.436972161401313564e-02,1.599267170114839973e-02,-2.448724250413333858e-02,1.374681621162697209e-01,5.732606461414719440e-02,-1.251262344161937490e-01,1.504178024040395134e-01,3.804504222708789407e-01,1.803923320970552691e-01,-5.033736985566825833e-02,-1.071182805308548147e-01,4.607444479199249154e-02,1.887439117029357794e-01,-7.864068993252602835e-02,-1.541176996291165890e-02,-4.969390946869833153e-02,8.131730640332454629e-02,-1.161177889986147738e-01,3.780329773448322123e-03,-8.601367353322311726e-02,-6.561955404620403720e-02,1.589659949059386013e-01,7.490504490817284644e-02,-5.389427588364091581e-02,-6.919880244872425590e-02,1.033468877072255265e-01,2.143974261584521146e-01,2.610483042137718562e-02,-5.018991018365431822e-02,2.066535591402654248e-01,2.722418338621028777e-01,-5.680325304973412454e-02,3.276732651146163633e-02,1.414138254613700463e-01,3.560704231645739348e-01,-6.164261137673712060e-02,-4.514500201081370762e-02,-1.039680057196478852e-01,9.678716654005986922e-03,-1.298538808704589181e-02,-2.606818892711917357e-01,1.396755887215693215e-01,9.517851557263505222e-03,2.067608025380937575e-01,1.087894901470128212e-01,-2.537780955359935642e-01,7.874346485544483909e-02,-1.175074846954734381e-01,-4.905938603154743477e-02,4.872871888824344133e-02,1.488180883864337056e-01,-7.104875106126279068e-04,1.731042495196389586e-01,1.801733768264891233e-01,2.332767326511461514e-01,1.167165646364895643e-01,2.450913803118995593e-01,-1.549845837615621835e-01,-2.367576746056570813e-01,-3.080521917869430970e-01,-2.048929800259171596e-01,-1.599177800616649603e-01,-3.221502301264578261e-01,2.429509808302426216e-02,-1.630903972474194441e-01,-4.178917735376915660e-02,-1.051298091961213599e-01,-1.344876893516242788e-01,-2.185441708744805533e-01,-1.972250770811921905e-01,-1.191876312614504607e-01,2.598865007372983676e-02,4.411725278162562797e-02,-1.624469368604495312e-01,4.027436435944412030e-02,-3.804459537959694465e-02,-6.651771750301621600e-02,4.523883998391348832e-02,6.532016622726663502e-02,-1.025514991733321446e-02,6.060145672282050283e-02,1.907502569373072943e-01,-7.511059475401045404e-02
2.681487108449885914e-01,1.650029045086911783e-01,5.090039769426694116e-01,3.015371553688726003e-01,-1.087179945484606086e-01,-9.842262835694177980e-02,1.000000000000000000e+00,2.285669600965190562e-01,2.478663032307073730e-02,5.547164752669913462e-02,1.016131194423343376e-02,-7.664328164797354348e-02,5.553867465034183909e-02,-8.293042584565887831e-02,7.725099423566736401e-02,-6.670092497430626932e-02,-1.032173019348496396e-01,-1.477233120336029215e-01,1.932168550873586965e-01,2.522141293176639043e-01,-6.344787524018052904e-02,-1.995754948835962161e-01,3.447383707940480102e-01,1.668483846463202080e-01,1.346664283480048241e-01,2.513963984092229195e-02,-7.128558023146699951e-02,-1.670986192412529658e-01,-1.028285446177219647e-01,-2.060771258769381886e-01,7.362706108405200900e-02,1.029804727646454199e-01,3.354394745073506212e-01,2.046963671298985543e-01,1.832164082398677341e-01,1.036015907770677924e-01,-1.037982036730863700e-01,4.057822065329103056e-02,-1.239108092408061114e-02,2.234237454756691561e-05,-7.442691809285491289e-02,-2.569328388221099879e-01,-1.357969525001117006e-01,-4.825952902274453717e-04,-1.216095446624067267e-01,-1.012869207739398592e-01,-2.358014209750212142e-01,-2.270878949014701331e-01,-6.620045578444076761e-02,-2.449930738638902428e-01,-2.889315876491353394e-02,-2.191250726127172699e-01,2.506814424237007941e-02,-2.074712900487063819e-02,-3.075115063228919809e-01,-2.722909870861074944e-01,-7.246525760757853429e-02,-5.193708387327405224e-02,-1.029536619151883436e-01,-5.910004915322400465e-02,2.540640779302024144e-01,1.998793511774431264e-01,-1.202690021895527067e-01,-4.026095893471558392e-03,3.283301309263148560e-01,2.980964296885473264e-01,1.392466151302560462e-01,4.661066178113409952e-02,1.957638857857812997e-02,-1.897091022833906904e-01,2.109120157290316974e-03,2.030921846373832593e-02,-9.620626480182314227e-03,4.351400866884132246e-02,-2.710040663121676685e-01,-2.695115956923901934e-01,-1.585861745386299773e-02,-1.485812592162294998e-01,-4.646767058402966749e-02,-7.625005585593637447e-02,-3.654229411501854208e-01,-2.727780508512444579e-01,-3.042584565887662684e-02,-1.066490906653559112e-01,-1.500424505116403906e-01,-9.933419723848251059e-02,-1.763930470530407912e-01,-9.625094955091827165e-02,1.780240403950131833e-01,5.317485142320926362e-04,-1.796326913624379925e-03,8.012422360248447339e-02,1.573573439385137773e-01,5.787568702801734050e-02,-2.227713481388801930e-01,-1.306760802538093624e-01,-2.818982081415613017e-01,-1.996648643817864888e-01,-1.177085660664015376e-01,3.088609857455650379e-02,-1.629384691004960029e-01,2.803968005719647758e-02,3.908575003351356242e-02,-2.303051968363197533e-01,-7.314893426873408412e-03,3.706599937441350939e-02,3.311139907949416875e-03,-5.111935296483309868e-03,6.466330041556817010e-02,-2.229232762858036621e-01,-2.524241476384110339e-01,-2.613119442334331244e-01,9.416417176817552803e-02,-2.707091469681397466e-01,-2.301845480137628963e-01,-2.157379686313061484e-02
2.110728808257741618e-01,1.285490861968810183e-01,-2.353769158586174470e-01,2.827114705750927159e-01,-1.196791635014969324e-01,-7.172795924750882679e-02,2.285669600965190562e-01,1.000000000000000000e+00,-5.611957638857857644e-02,-3.697662987622324371e-02,2.783457705884981315e-01,5.646990482148442902e-01,1.542651593011305222e-01,6.222753474239242077e-01,-5.150811028196077002e-02,1.933419723848250615e-01,6.869833325885875419e-02,-9.730997810447294949e-02,3.595022118950801926e-01,4.614102506814424243e-01,-5.482818713972921129e-03,-8.081236873854953651e-02,-2.104919790875374175e-01,-1.228651861119799821e-01,-4.837124089548237027e-01,-3.998793511774431653e-01,1.067831449126413201e-01,-1.863532776263461255e-01,2.847312212341927828e-02,1.874748648286339858e-01,3.267348853836185563e-02,-4.611019259126859782e-02,9.516511014790651757e-02,2.190759193887126255e-01,-8.644711559944591450e-02,-1.362750793154296480e-01,-2.952678850708253533e-01,-3.932257920371777238e-01,-8.183118101791858612e-02,-1.813619911524196882e-01,-4.716028419500424562e-02,-1.366638366325572951e-01,1.410116627195138195e-01,3.605612404486348566e-01,1.261405782206533044e-01,1.992939809642968740e-01,1.406944010009383850e-01,8.838643371017472147e-03,3.442200277045444623e-01,1.385182537200053687e-01,2.160150140756959547e-01,-3.404977881049198185e-02,1.446311273962196664e-01,-1.780195719201036753e-01,1.453416149068323115e-01,4.629786853746815922e-02,5.531078242995665639e-02,-4.394298226015461162e-02,2.790875374234773609e-01,3.109879798024934305e-01,3.293131954064077993e-01,4.365476562849099351e-01,9.558067831449126861e-02,2.618302873229366723e-01,-2.404843826801912610e-01,4.898342195808570720e-02,-2.456767505250458117e-01,-1.297242950980830312e-01,3.653425086018142337e-02,7.420796282228875329e-02,-3.602037624558738355e-02,-1.871307922606014473e-01,2.551499173332141823e-02,9.743062692702980643e-02,7.368068278296617535e-02,2.809330175611064045e-02,1.357612047008356082e-01,6.234863041244023685e-02,-7.788104919790875269e-02,4.527905625809910961e-02,1.519281469234550234e-04,3.577014165065463269e-02,-2.557710353456365548e-01,-1.892845971669868954e-01,-1.301264578399392302e-01,-7.200947316680816890e-02,-2.033424192323160240e-01,-9.849412395549399235e-02,-3.667724205728584846e-02,-2.047053040797175982e-01,7.568255954242816830e-02,-2.326466776889047905e-01,-2.063407658965994984e-01,-2.505205773269583158e-01,-1.740381607757272575e-01,-1.180392332097055241e-01,-1.005540908887796597e-01,-3.618570981723937680e-02,1.052593949684972469e-01,-7.681308369453505522e-03,9.054023861656017302e-02,-7.343491666294293951e-02,9.394521649760936843e-02,-2.160954466240672112e-02,-2.508914607444479028e-01,-2.151570668930694041e-01,1.186380088475803146e-02,1.563519370838732658e-02,-8.198310916484204125e-02,-1.631172080968765481e-01,-1.399571026408686636e-01,7.134367040529067394e-02,3.664149425800974219e-02,4.333526967246079109e-02,-9.900799857008803218e-02,-2.385361276196434066e-01
-2.150989767192457158e-01,4.289735913132847688e-04,-1.077572724429152334e-01,-1.629474060503150190e-01,2.552080075070378706e-01,-1.226641047410518826e-01,2.478663032307073730e-02,-5.611957638857857644e-02,1.000000000000000000e+00,2.736672773582376483e-01,-1.203136869386478430e-01,-6.434157022208319976e-02,2.615532418785468383e-01,-7.988292595737074564e-02,1.490861968810045235e-01,1.265874257116046397e-01,-3.959515617319808722e-02,-9.424907279145627870e-02,-1.353813843335269773e-01,-6.526654452835246867e-02,2.471066624960900904e-01,2.348049510701997467e-01,-2.605567719737253776e-02,1.420975021225255814e-03,1.333392912998793492e-02,2.103087716162473642e-01,7.789445462263729081e-02,6.477501228830599700e-02,1.344117252781625547e-02,1.317887305062782066e-01,3.230126457839939125e-01,1.496179453952365956e-01,-1.862415657536082847e-01,-1.886187944054694143e-01,-2.485544483667724291e-01,-1.746816211626971704e-01,1.159837347513293648e-01,8.843558693417936933e-02,1.314848742124312964e-01,-4.925599892756601927e-02,-2.150676973948791315e-01,-2.630054962241387129e-01,-1.737968631306135159e-01,-1.964073461727512404e-01,-1.591804817015952389e-01,-2.062603333482282419e-01,-7.990079985700880572e-02,-9.099602305733053842e-02,-1.370079092005898336e-01,-1.146968139773895112e-01,-1.243934045310335634e-01,-1.484069886947584904e-01,1.374949729657267902e-02,-1.490281067071808352e-01,-8.376603065373787460e-02,-8.865454220474551852e-03,-1.606506099468251458e-01,-1.888690290004021721e-01,-2.598418159882032175e-01,-2.312703874167746643e-01,-8.191608204119933678e-02,-5.750033513561821075e-02,-6.249162160954466194e-02,-1.982617632601992863e-01,3.244112784306716311e-03,2.311542070691273085e-02,-8.888690290004021277e-02,-1.896107958353813738e-01,-1.246257652263282542e-02,1.017337682648911945e-01,3.122123419277000878e-02,-5.154832655614638437e-02,-1.023548862773135532e-01,-6.490012958577237590e-02,-5.489521426337191229e-02,-1.336029313195406520e-01,-8.700120648822556868e-02,-1.874614594039054338e-01,-2.077930202421913453e-01,5.118638008847580662e-02,2.093123017114258966e-01,-1.263237856919433369e-02,-4.285267438223334079e-03,1.115554761160016117e-01,1.654184726752759294e-01,-1.694669109432950516e-01,1.759104517628133635e-01,-4.810760087582108269e-02,3.471111309709996179e-02,-4.911300773046159418e-02,-8.923544394298226282e-03,3.288350685910898519e-02,8.369453505518566899e-03,-4.688323875061441853e-02,1.175789802940256507e-01,-4.465346977076723595e-02,-1.620447741185933321e-01,-2.272979132222172627e-01,-2.571607310424952123e-02,-9.450824433620805265e-02,-1.151302560436123085e-01,-1.530944188748380175e-01,-1.761294070333795092e-01,-1.388399839134903391e-01,1.580052728003932330e-02,-1.504714241029536659e-01,5.222306626748290936e-02,-1.097904285267438211e-02,1.058134858572769114e-02,1.373430448188033559e-01,-1.509048661691764492e-01,8.580365521247598770e-02,-1.308369453505518580e-02,-1.581080477233120229e-01,7.590151481299432790e-02,1.751686849278341340e-01
-2.970284641851735907e-01,-1.891192635953349022e-01,-4.417534295544930240e-02,6.221010769024531983e-02,4.363197640645247732e-01,4.237454756691541036e-01,5.547164752669913462e-02,-3.697662987622324371e-02,2.736672773582376483e-01,1.000000000000000000e+00,-2.387372089905715200e-01,-9.537065999374413905e-02,1.071495598552214129e-01,-7.301488002144868039e-02,2.374681621162697265e-01,2.835157960588051140e-01,4.508691183699003492e-03,-1.810626033334822652e-02,-1.239912417891773505e-01,-4.971625184324589969e-02,7.989186290718977568e-02,-3.341078689843156313e-02,1.811519728316725655e-02,1.117252781625631131e-01,1.417132132803074207e-01,2.444836677242057388e-01,2.154296438625497023e-01,-4.812100630054962080e-02,-1.044997542338799712e-01,1.108181777559318938e-02,1.952187318468206756e-01,1.942267304169087161e-01,-1.854863934939005379e-02,-1.327002993878189374e-01,2.296796103489878813e-03,-1.082979579069663495e-01,2.899727423030519780e-01,2.451584074355422360e-01,3.413914830868224753e-02,2.037490504490817311e-01,-1.035792484025202173e-02,-2.529648331024621499e-01,-2.244514947048572434e-02,-1.610840520130479570e-01,-1.203807140622905475e-02,1.355869341793645710e-01,-9.429822601546092309e-02,-1.132490281067071863e-01,-1.067384601635461838e-01,5.730372223959962624e-02,-1.486840341391482967e-01,-1.021314625318378855e-01,-8.348898520934805445e-02,-2.628580365521247519e-01,-1.308950355243755359e-01,-7.671477724652575603e-02,-8.506188837749675824e-02,-2.337146431922784706e-01,-1.864694579739934743e-01,-5.574869297108896865e-02,-4.658831940658653137e-02,-2.028687608919076124e-03,9.643862549711783305e-02,-1.612806649090665345e-01,8.029402564904597472e-02,1.745609723401403135e-01,1.261048304213771842e-01,1.067652710130032601e-01,-1.809285490861968840e-02,-1.506456946244246753e-01,6.156217882836587801e-02,-2.095267885070825273e-02,-1.418919522766879660e-01,-1.587068233611868273e-01,-1.379596943563161926e-01,-1.361767728674203592e-01,1.387103981411144382e-01,5.816613789713570570e-02,-1.133473345547164751e-01,8.293936279547790835e-02,1.826623173510880660e-01,-1.877653156977523649e-02,-6.770633182894678082e-02,1.235935475222306595e-01,-2.686447115599445781e-02,-6.121363778542383144e-02,2.788328343536351089e-02,-1.941194870190803834e-01,2.037624558738102554e-01,2.813753965771482179e-01,-2.286295187452522526e-01,-6.363555118638009045e-02,-5.193261539836453722e-02,-1.143438044595379566e-01,-5.366191518834621810e-02,-1.558112516198221498e-01,-3.285044014477858654e-01,-3.939988381965235376e-01,-3.001921444211090584e-02,-2.077662093927342690e-01,-1.789356092765539141e-01,-1.939184056481522977e-01,-2.010992448277403033e-01,-8.943652531391035887e-02,5.429197015058760852e-03,-1.239018722909870918e-01,-1.297645113722686316e-01,-5.196836319764064870e-03,8.052191786943116436e-02,-4.438536127619643196e-02,-1.230796729076366197e-01,-1.184592698511997833e-02,-7.775146342553286224e-03,-1.316904240582689178e-01,-3.713749497296572888e-02,2.359354752223066232e-01
3.361097457437776659e-01,1.317127664328164860e-01,-1.605388980740873051e-01,-1.588408776084722362e-01,-3.181107288082577478e-01,-1.297868537468161998e-01,1.016131194423343376e-02,2.783457705884981315e-01,-1.203136869386478430e-01,-2.387372089905715200e-01,1.000000000000000000e+00,4.463068054872871837e-01,5.492917467268421117e-01,4.885919835560123548e-01,3.585057419902587528e-02,2.249921801689083456e-01,1.948880647035166891e-01,7.143750837839045464e-02,3.679074131998748554e-01,3.148487421243129636e-01,-2.523973367889539299e-01,-2.072478663032307211e-01,-2.431207828768041368e-01,-2.974038160775727135e-01,-2.930470530407972007e-01,-3.652665445283524992e-01,-6.931498279637160476e-02,-1.612493855846999502e-01,8.125921622950087186e-02,9.901693551990706221e-02,-2.143795522588140545e-01,-2.117610259618392110e-01,-1.981411144376424294e-01,-1.362035837168774355e-01,-3.262388846686625765e-01,-4.433531435720988179e-01,-3.124536395728138016e-01,-2.811385674069439844e-01,-3.249519638947227507e-01,-1.726797444032351636e-01,-1.340542472854014963e-03,8.653201662272666517e-02,1.618124134232986344e-01,1.951382992984494399e-02,-2.057375217838151860e-01,-3.015684346932391846e-01,2.305464944814334949e-01,4.371955851467893700e-02,3.360739979445015457e-02,1.583627507931542958e-02,1.540327986058358245e-01,4.255328656329594728e-02,1.944054694132892336e-01,2.416149068322981375e-01,1.334822824969837674e-01,-8.402520219848964855e-02,1.598954376871173921e-01,1.951561731980874792e-01,1.198713079226060158e-01,2.093927342597971461e-02,4.423790160418249466e-04,-6.030206890388310759e-02,1.929844943920639988e-01,1.139863264667768938e-01,-3.261807944948388882e-01,-3.590687698288574370e-01,-5.229277447607131313e-01,-4.834443004602529403e-01,-1.109969167523124425e-02,1.693998838196523471e-01,-4.034585995799633285e-02,1.377541445104785711e-01,2.768398945439921599e-01,1.771705616872961131e-01,1.301800795388533827e-01,2.311944233433129159e-01,1.290942401358416425e-01,1.308995039992850440e-01,-7.815809464229858672e-02,1.932347289869967288e-01,1.652710130032619962e-01,3.083783904553376032e-01,1.400375351892399201e-01,2.407614281245810950e-02,6.372045220966084111e-02,1.782832119397649573e-01,-2.115822869654586935e-01,-3.183341525537334432e-02,-2.928638455695071197e-01,-4.591357969525001331e-02,1.533535904195897914e-01,4.135126681263684434e-02,-2.523347781402207612e-01,1.013226685732159654e-01,-7.298360069708208220e-02,-1.967916350149694071e-02,1.428526743822333411e-01,8.967782295902408662e-02,7.147772465257606900e-02,3.199606774207962578e-01,2.774252647571384123e-01,1.226596362661423606e-01,1.192546583850931652e-01,2.591715447517762283e-01,-1.247553509987041481e-01,-2.007998570088029011e-01,-9.073238303766924251e-02,3.113633316948925464e-02,-1.314670003127932363e-01,-7.509718932928191593e-02,1.224674918450332911e-01,2.338799767639304639e-01,7.058402967067339828e-02,2.517360025023459569e-01,2.266499843603378139e-01,-2.336163367442691818e-01
3.144018946333616560e-01,2.535770141650654508e-01,-3.365610617096385093e-01,2.136824701729299683e-02,-1.723177979355645928e-01,-1.570892354439429872e-01,-7.664328164797354348e-02,5.646990482148442902e-01,-6.434157022208319976e-02,-9.537065999374413905e-02,4.463068054872871837e-01,1.000000000000000000e+00,3.534250860181419873e-01,6.346708968229143322e-01,-1.504222708789490215e-01,1.877474417981143118e-01,2.261584521202913423e-01,-1.586308592877250928e-02,2.624379999106304928e-01,3.483623039456633652e-01,-6.574913981857992418e-02,-5.921176102596183849e-02,-3.299164395191920840e-01,-2.862370972786987822e-01,-4.178247464140488754e-01,-2.444523883998391267e-01,7.359578175968542121e-03,-8.654095357254569520e-02,4.906832298136645787e-02,2.147146878770275769e-01,-1.582331650207784157e-01,-1.353054202600652289e-01,-2.341034005094061454e-01,-7.219268063809822222e-02,-4.301085839403011590e-01,-3.992492962152017766e-01,-2.526699137584342281e-01,-2.838285893024710682e-01,5.477009696590553339e-02,-6.397068680459359891e-02,-5.831359756914964582e-02,-1.671120246659814901e-01,2.293355377809553619e-01,2.312748558916841723e-01,1.414719156351936999e-02,7.605344295991778303e-02,1.424951963894722784e-01,6.919433397381473394e-02,1.852093480495106970e-01,1.456946244246838662e-01,1.976138343983198653e-01,9.501318200098306244e-02,1.066714330399034794e-01,-1.506635685240627354e-01,9.802940256490459692e-02,8.696099021403995433e-02,1.393717324277224112e-01,2.201617587917243865e-02,3.353232941597033001e-01,2.692211448232718074e-01,6.120023236069529332e-02,3.341168059341346752e-01,1.914875552973770156e-01,2.641851736002502338e-01,-4.326913624379999379e-01,-1.820992895124893818e-01,-5.152419679163501298e-01,-3.594619956208945921e-01,1.492559989275660248e-01,-3.686938647839492489e-02,1.147951204253988035e-02,-9.943697216140130746e-02,1.345368425756289510e-01,1.499396755887215660e-01,7.775146342553286875e-04,1.149917333214174053e-01,8.877072255239286391e-02,1.199606774207962884e-01,1.541757898029402496e-01,5.470306984226283586e-02,2.521068859198355439e-01,2.465257607578533461e-01,-2.630591179230528653e-01,-3.488091514366147006e-02,-2.832610929889628482e-01,-2.479556727288976387e-02,-1.998078555788909139e-01,-1.286250502703427390e-01,-7.292104204834889969e-02,-1.031994280352115795e-01,6.599937441351266809e-02,-2.249474954198132093e-01,-7.805085124447026790e-02,-3.222753474239242188e-01,3.509987041422762272e-02,1.339425354126636547e-01,-1.932168550873586757e-02,6.072657402028687479e-02,1.811787836811296348e-01,1.470977255462710687e-01,1.084766969033468809e-01,-1.070557218821216322e-01,1.716073104249519754e-01,1.600339604093123091e-01,-5.018544170874480320e-02,-1.726484650788685793e-01,1.040618436927476659e-01,2.984941239554939757e-03,-3.927342597971312382e-02,-3.959068769828857394e-03,-6.259439653246347268e-02,7.788998614772778273e-02,1.366325573081907108e-01,9.819473613655659017e-02,3.058224228070959352e-02,-3.753518923991241985e-02
2.517360025023459569e-01,1.313776308146029637e-01,-1.746994950623352305e-01,-1.813039009785959998e-01,-1.293444747307744003e-01,-1.423432682425488094e-01,5.553867465034183909e-02,1.542651593011305222e-01,2.615532418785468383e-01,1.071495598552214129e-01,5.492917467268421117e-01,3.534250860181419873e-01,1.000000000000000000e+00,3.939720273470664336e-01,2.758836409133562720e-02,2.079538853389338304e-01,5.779078600473658289e-02,-1.077259931185486352e-01,1.143125251351713723e-01,1.477233120336029215e-01,5.613745028821662958e-02,2.711023727601769365e-02,-1.553554671790517983e-01,-1.662093927342598032e-01,-2.503239644309397383e-01,-2.483444300460252996e-01,4.431833415255373443e-02,-5.193708387327405224e-02,-2.622994771884355758e-02,3.603378167031592166e-02,-7.418115197283167705e-02,3.539032128334599573e-03,-2.138388667947629385e-01,-2.640377139282362728e-01,-3.417534295544930600e-01,-3.651369587559765706e-01,-6.199562089458867525e-02,-4.716922114482326872e-02,-9.763170829795790595e-02,2.274453728942311959e-03,-1.684480986639260158e-01,-2.319853434022967897e-01,1.028106707180839186e-01,1.265025246883238683e-02,-3.054783502390633898e-01,-3.272442915233030880e-01,3.206577595066803510e-02,-1.138790830689485611e-01,-9.508914607444479694e-02,-1.525984181598820377e-02,9.493274945261181985e-02,7.572724429152330461e-02,1.858572769113901457e-01,-6.872067563340632235e-02,5.142320925868001241e-02,-4.626212073819205295e-02,7.123642700746235512e-02,-4.446132534965815952e-02,4.881361991152419894e-02,2.338799767639304639e-02,-2.292327628580365529e-03,-9.044193216855087036e-02,-2.269985254032798674e-03,-1.088475803208364956e-01,-2.473881764153894325e-01,-3.259350283748156940e-01,-3.986952053264221085e-01,-4.736270610840520034e-01,9.222038518253719563e-02,-4.649001295857723565e-02,1.248089726976183006e-01,1.326824254881808773e-01,1.440636310827114741e-01,1.836677242057285775e-01,-1.202019750659100118e-03,1.380669377541444975e-01,4.472496536931944849e-02,1.463604271862013473e-01,4.865722328969122878e-02,-8.678671969256893104e-02,3.097278698780106532e-01,8.235399258233165598e-02,-2.141740024129764469e-02,1.620269002189552582e-02,2.879485231690424168e-02,-1.083292372313329477e-01,-6.775995352786094716e-02,-2.469815451986236976e-01,7.293891594798694589e-02,1.654363465749139894e-01,4.557397560212699678e-02,-8.154966709861924054e-03,-2.808883328120112544e-02,9.772554627105769359e-03,-3.584163724920684524e-02,4.173555565485499372e-03,-1.733589525894811967e-01,-7.963715983734750981e-02,1.759238571875418877e-01,2.133339291299879426e-01,4.597166986907368774e-02,8.135305420260065257e-02,5.485499798918629100e-02,1.327092363376379536e-01,-4.849188971803923554e-02,-1.926136109745743841e-01,-4.053800437910540927e-02,-6.191965682112694769e-02,-1.220787345279056302e-02,-6.679476294740605002e-02,-2.869207739398543441e-02,1.096921220787345219e-01,1.163278073193619033e-01,1.111533133741453988e-01,5.511416953393806495e-02,-3.284775905983287891e-02
