1.000000000000000000e+00,8.333795075740649816e-01,1.546896644175342894e-01,-2.879172438446758187e-01,-2.763304884043076282e-01,-6.773761115331337901e-02,-2.297600428973591291e-01,-4.088207694713794083e-01,-4.404128870816390040e-02,3.444747307743867282e-02,-1.778721122480897143e-01,-7.526252290093390918e-02,-7.961481746279994165e-02,-2.287769784172661858e-01,-2.911658251038920509e-02,1.139550471424102956e-01,3.535010500916037079e-01,5.583940301175208676e-01,4.705527503463067807e-01,6.921488895839850164e-01,-1.029715358148264037e-01,-2.382858930247106766e-01,1.469502658742571077e-01,-5.287546360427185926e-02,5.511416953393806495e-02,-2.615398364538183001e-02,1.183028732293668200e-01,8.032530497341257292e-02,3.976495821975959549e-02,4.301800795388533577e-02,4.864381786496269067e-02,1.899548684034139262e-02,1.518343089503552401e-01,3.083694535055185593e-02,4.440323517583448509e-02,-8.067831449126412757e-02,-2.346708968229143377e-01,7.025783100227891986e-02,-3.505384512265963814e-01,-1.939050002234237458e-01,5.742883953706599820e-02,-2.492649358773850465e-01,-2.568255954242816830e-01,-1.618883774967603550e-01,4.470172929978998289e-01,5.303051968363197144e-01,4.116359086643728293e-01,2.225211135439474630e-01,5.095401939318110474e-01,5.292148889583985216e-01,7.806872514410831410e-02,-3.240538004379105164e-02,-1.443764243263774005e-01,1.242816926582957227e-01,-1.697305509629563336e-01,2.968854729880691656e-01,8.097680861521963092e-01,7.580991107734930123e-01,2.359935653961303115e-01,-1.059698824791098781e-01,-1.967826980651503632e-01,-2.200857947182626451e-01,1.616515483265561492e-01,-1.334554716475266911e-01,-2.508869922695384225e-01,-4.752089012020197512e-01,2.090799410161311989e-02,-1.676258992805755299e-01,6.915679878457482443e-01,6.409937888198757872e-01,-3.305420260065239924e-01,-3.039769426694668986e-01,-3.533089056704946662e-01,-3.822467491845033538e-01,-3.384735689709102435e-01,-5.795209794897001609e-01,-1.406720586263908168e-01,-1.989141605969882431e-01,-1.071853076544975192e-01,-1.059966933285669544e-01,1.009830644800929489e-01,-1.376647750122882985e-01,1.142857142857142821e-01,2.759506680369989695e-01,-1.876759461995620830e-04,1.577461012556414521e-01,-3.849591134545779503e-02,3.332588587515081247e-02,-5.825640109030787439e-01,-2.107243397828321152e-01,-6.077349300683676514e-01,-5.175700433442066428e-01,-5.920773939854327983e-01,-4.139773895169578388e-01,-1.651101479065195110e-01,-2.010813709281022554e-03,-2.303141337861387972e-01,-3.854059609455293134e-02,-1.153224004647213918e-01,-4.124402341480852552e-02,7.796595022118950336e-02,-1.673935385852808322e-01,3.877072255239286669e-01,7.666115554761160356e-02,-1.271727959247508921e-01,7.163412127440904609e-02,-3.324500647928861907e-01,-1.295500245766119940e-01,-2.387148666160239519e-01,6.930604584655257298e-03,-9.475401045623128848e-02,-2.762098395817507712e-01,-1.442334331292729754e-01,-7.533848697439563674e-03,-2.783055543143125310e-01,-1.345725903749050434e-01
8.333795075740649816e-01,1.000000000000000000e+00,1.708789490147012702e-01,-9.910183654318781288e-02,-1.498905223647169216e-01,2.072478663032307003e-02,-2.977166093212386677e-01,-3.379016041824924876e-01,2.397783636444881378e-02,1.287903838419947322e-01,-4.137673711962107093e-01,-1.951517047231779711e-01,-2.949819026766164476e-01,-3.013986326466777110e-01,-1.228026274632467996e-01,1.303051968363197755e-01,1.884758032083649892e-01,4.663791947808212934e-01,4.353188256847937976e-01,7.676571786049420920e-01,-5.950668036998972565e-02,-1.368247017292997803e-01,2.438848920863309344e-01,1.516198221546986025e-01,2.419187631261450477e-01,1.605076187497207207e-01,1.006523973367889485e-01,5.644130658206353984e-02,-1.429956655793377662e-01,-3.627507931542964248e-02,9.563430001340542108e-02,1.374860360159077810e-01,2.941105500692613450e-01,1.774297332320479148e-01,2.855757629920908092e-01,1.461772197149112940e-01,-2.350239063407658924e-01,9.546896644175342783e-02,-3.286920773939854268e-01,-2.264444345145001924e-01,1.139014254434961293e-02,-3.340274364359444026e-01,-2.913669064748201643e-01,-2.750256937307297145e-01,5.514321462084990078e-01,6.540998257294785567e-01,5.447070914696814370e-01,3.671924572143527299e-01,6.739756021269940334e-01,7.474686089637606612e-01,2.075338486974395713e-01,9.256445775056973413e-02,-4.251307028911032598e-02,2.508512444702623023e-01,-1.641941105500692721e-01,3.445819741722150331e-01,9.273649403458599227e-01,9.078153626167388968e-01,1.122436212520666748e-01,-1.252200723892935297e-01,-3.233969346262120514e-01,-2.681844586442647116e-01,-7.390857500335135111e-02,-2.104875106126279094e-01,-1.873005943071629764e-01,-3.330399034809419789e-01,1.770901291389248844e-01,-2.160507618749720610e-02,7.689977210777961814e-01,7.266857321596139618e-01,-4.014880021448679615e-01,-3.964788417713034363e-01,-4.300013405424728541e-01,-4.931364225389874290e-01,-3.603154743286116624e-01,-5.227534742392421219e-01,-1.905715179409267490e-01,-1.760400375351892366e-01,-1.980964296885472931e-01,-1.087492738728272068e-01,-5.143214620849903725e-03,-1.407480226998525374e-01,4.123955493989901050e-02,3.159122391527771634e-01,1.107466821573796917e-01,1.717368961973278485e-01,-6.957415434112337871e-03,5.288886902900040432e-02,-6.587917243844675363e-01,-1.408061128736762257e-01,-6.455918495017650693e-01,-5.935475222306626497e-01,-4.903838419947271765e-01,-3.979355645918047912e-01,-3.089369498190267516e-01,-8.646052102417445262e-02,-2.857947182626569549e-01,-1.694713794182045596e-01,-2.433263327226417583e-01,-2.777782742749899669e-01,-1.482193127485589151e-02,-3.836453818311810204e-01,3.146074444791992497e-01,-9.367710800303856444e-02,-9.287278251932615247e-02,1.310603690960275222e-02,-3.576433263327226664e-01,-2.319764064524777736e-01,-3.211582286965458666e-01,-1.003172617185754505e-02,-7.591492023772286601e-02,-3.800974127530273861e-01,-2.599579963358505941e-01,-1.265963626614236559e-01,-2.861879440546941100e-01,-1.573484069886947612e-01
1.546896644175342894e-01,1.708789490147012702e-01,1.000000000000000000e+00,-1.325796505652620805e-01,-1.610661781134098969e-01,-2.937486036015907742e-01,5.202511282899145995e-01,-4.192099736359980455e-01,1.755082890209571367e-01,1.182805308548192519e-01,-7.403816077572723808e-02,-3.872201617587917033e-01,3.442781178783680951e-01,-2.772733366102149155e-01,2.818624603422851815e-01,-3.941641717681754892e-02,2.672684212878144727e-01,1.253049734125742942e-01,6.468698333258858790e-01,2.376290272130122117e-01,-2.072791456275973054e-01,-1.771035345636534364e-01,8.086733097993654695e-01,5.492247196031994072e-01,4.843558693417936434e-01,-5.655301845480137368e-02,1.257875687028017254e-02,-9.972742303051967960e-02,6.416729970061217647e-02,-3.397828321193976236e-02,2.202690021895526984e-01,1.322489834219580940e-01,3.531078242995665528e-01,4.536395728137986721e-02,3.757853344653469541e-01,-9.878457482461236450e-02,2.573975602126993834e-01,2.249430269449037012e-01,-2.302426381875865846e-01,-2.366414942580097325e-01,1.738996380535323405e-01,2.436659368157647818e-02,2.204522096608427517e-01,2.033290138075874720e-01,2.282943831270387372e-02,1.977523571205147546e-01,1.414987264846507831e-01,1.100138522722194853e-02,1.380088475803208370e-01,1.465927878814960450e-01,-1.752491174762053627e-01,-2.048974485008266677e-01,-2.891639483444300440e-01,-4.763394253541266415e-02,-2.552303498815854388e-01,-1.043567630367755461e-01,1.168059341346798369e-01,2.951874525224540760e-02,-3.705795611957639069e-01,-6.924304035032843307e-01,-2.212207873452790574e-01,-4.581884802716832961e-01,-2.789624201260109682e-01,-4.421153760221636086e-01,5.600652397336789434e-01,-1.526654452835247422e-01,-2.062737387729567939e-01,-4.354484114571696707e-01,1.516734438536127549e-01,1.611466106617811256e-01,7.894454622637293861e-02,-4.727199606774207946e-02,2.877697841726618768e-03,1.873184682068010018e-02,-3.328164797354662974e-01,-1.752714598507529309e-01,-2.037133026498056110e-01,-4.956968586621386397e-01,-2.376334956879217267e-02,4.414853210599222789e-03,4.909960230573305606e-02,2.962598865007372902e-03,-1.405201304794673478e-01,-1.807587470396353757e-01,3.288529424907279397e-01,-2.161848161222574838e-01,1.448366772420572879e-01,5.263863443406765000e-03,-1.413110505384512217e-01,-3.459537959694356513e-01,-2.085839403011752191e-01,2.076455605701774121e-01,-1.177934670896822883e-01,4.716430582242280845e-01,1.073417042763304824e-01,9.322132356226819905e-02,5.400151928146923463e-02,1.354796907815362661e-01,-1.480361052772688757e-01,-3.798203673086375585e-04,-4.638679118816748104e-01,7.745654408150498549e-02,-2.196344787524018016e-01,-1.704008221993833505e-01,7.864068993252602835e-02,2.129496402877697758e-01,-1.404486348809151353e-01,2.143259305598999021e-01,-1.935966754546673274e-01,-8.293489432056838639e-02,-2.918673756646856243e-01,1.076008758210822598e-02,9.863711515259841744e-02,1.764824165512310639e-01,1.382635506501631029e-01,2.946065507842173317e-02
-2.879172438446758187e-01,-9.910183654318781288e-02,-1.325796505652620805e-01,1.000000000000000000e+00,-1.010947763528307758e-01,7.264846507886858762e-02,1.321149291746726850e-01,5.613253496581617208e-01,-1.356763036775548437e-01,-3.619464676705840423e-04,-2.214978327896688914e-01,2.218374368827918941e-01,-2.633451003172617155e-01,2.447070914696813926e-01,-3.559721167165646460e-01,-2.179051789624201207e-01,-2.509316770186335588e-01,-3.131373162339693428e-01,-1.632155145448858369e-01,2.685106573126591969e-02,-2.158854283033200816e-01,-9.230081773090843822e-02,-7.669243487197818787e-02,1.803923320970552691e-01,-2.058805129809196111e-01,-2.510836051655570070e-02,-2.726574020286876010e-01,-1.462755261629205827e-01,-2.608919075919388653e-01,-2.319674695026587297e-01,-9.945931453594887561e-02,1.543143125251351666e-01,1.818043701684615154e-01,3.271370481254747831e-01,8.154073014880021397e-02,4.000357477992760868e-01,-1.886456052549264906e-01,-1.312480450422270906e-01,-1.059654140042003700e-01,-5.886768845792930693e-02,-3.044193216855087258e-01,-3.423745475669154326e-02,1.804102059966933291e-01,-1.622950087135260899e-02,-1.667634836230394435e-01,-8.209035256267036007e-02,-9.394968497251887651e-02,-1.578131283792841566e-01,-2.360739979445015402e-01,-1.860896376066848434e-01,2.069797578086599033e-02,1.796818445864426517e-01,1.333526967246078943e-01,2.775369766298762392e-02,4.616381429018275723e-02,6.077125876938200937e-04,-8.243889360561240665e-02,-2.659189418651414227e-02,-1.452835247330086232e-01,1.413646722373653741e-01,-1.034005094061396859e-02,3.820456678135752404e-01,-7.087448053979177043e-02,1.745609723401403135e-01,1.791366906474820275e-01,6.012198936502971547e-01,1.601322668573215979e-01,5.250547388176415309e-01,-1.946020823093078389e-01,-1.772018410116627252e-01,-1.256892622547924332e-01,-1.165512310648375710e-01,-5.265203985879619158e-02,-1.586755440368202430e-02,1.250234594932749521e-01,1.652576075785334442e-01,-2.512131909379328731e-01,-1.160686357746101294e-01,-2.050359712230215847e-01,2.788775191027302244e-02,-1.461593458152732339e-01,2.595200857947182471e-01,-5.264846507886857818e-01,-2.805085124447025957e-01,-3.937620090263193456e-02,3.063765136958755964e-01,-3.079851646633003925e-01,-9.804727646454265699e-02,-5.161982215469860386e-02,4.773269583091290791e-01,1.992984494392064099e-01,-6.497609365923409652e-02,3.182939362795477733e-01,-1.346351490236382363e-02,-2.886500737298360320e-01,-1.186737566468564348e-01,9.553599356539613230e-03,1.666741141248491778e-02,-2.208767147772465120e-02,-1.996961437061531008e-01,-2.040082219938335051e-01,-1.309129094240135960e-01,-2.591447339023191243e-01,-9.417757719290406615e-02,6.220563921533580481e-02,-1.367129898565619672e-01,-2.172840609499977760e-01,-2.630859287725099693e-01,-3.257026676795209963e-01,-2.032307073595781832e-01,2.004021627418562101e-01,3.685598105366638677e-02,-5.986862683766030341e-02,-9.471826265695518221e-02,-1.186960990214039890e-01,1.270029938781893630e-01
-2.763304884043076282e-01,-1.498905223647169216e-01,-1.610661781134098969e-01,-1.010947763528307758e-01,1.000000000000000000e+00,1.096921220787345219e-01,-1.335671835202645319e-01,7.041869609902140503e-02,4.410831583180660487e-02,-1.551499173332141768e-01,5.320613074757585270e-02,-6.830510746682157130e-02,-9.784619509361454359e-02,5.281737343044819004e-03,8.905223647169220602e-02,-3.835738862326287801e-02,-2.926314848742124219e-01,-3.521247598194736095e-01,-1.687474864828633903e-01,-1.648375709370391851e-01,1.517672818267125356e-01,2.575852361588989448e-01,-1.104115465391661832e-01,-1.292461682827650837e-01,3.178604942133250177e-01,4.731444657938245757e-01,1.650207784083292384e-01,7.503909915545824150e-02,-6.902006345234371065e-02,-1.025783100227892208e-01,-9.197908753742348176e-02,-2.424549801152866557e-01,-6.236650431207828998e-02,-7.476652218597792943e-02,2.641762366504312246e-02,8.679565664238794720e-02,7.685329996872067304e-02,3.135528844005541077e-02,1.548862773135528947e-01,2.475981947361365412e-02,4.519415523481835895e-02,-1.205996693328566932e-01,-4.779480763215514239e-02,3.835292014835336993e-02,4.745073506412261777e-02,2.138165244202153842e-02,6.069529469592028353e-02,2.115822869654586727e-02,4.561866035122212615e-02,5.038205460476339465e-02,4.457750569730550838e-02,1.247285401492470580e-01,5.713392019303811797e-02,-5.498458376156217797e-02,-5.290674292863845572e-03,-7.192010366861789628e-02,-1.246749184503329055e-01,-1.700388757317127797e-01,-1.193082800840073315e-01,9.534384914428704894e-02,-6.183922427275570510e-02,-1.270878949014701276e-01,-1.483488985209348021e-01,-1.787970865543589971e-01,-1.077483354930962034e-01,6.105277268868135321e-02,2.343268242548817923e-02,6.385897493185575813e-02,-2.520264533714643429e-01,-2.656418964207515887e-01,1.741677465481031306e-01,7.589257786317529786e-02,1.322579203717771101e-01,1.524152106885919844e-01,1.006032441127843041e-01,1.361186826935966709e-01,2.137763081460297698e-01,2.363510433888913742e-01,-2.514410831583180697e-02,5.441708744805397874e-02,8.187139729210420047e-02,-1.090263193172170270e-01,6.775548505295142521e-02,-9.864158362750792552e-02,6.440412887081639615e-02,-1.201394164171768197e-01,-3.510433888913713774e-02,-2.090084454175789863e-01,1.015818401179677394e-01,-5.971223021582734020e-02,9.791769069216677002e-02,-2.194021180571071108e-03,1.069708208588408815e-01,1.054560078645158487e-03,7.321149291746727183e-02,1.376915858617453747e-01,3.056436838107154039e-02,3.440278832834353651e-02,1.674337548594664604e-01,5.116850618883774654e-02,2.227087894901470244e-01,1.292282943831270410e-02,1.290942401358416425e-02,-3.901425443496134987e-02,9.052683319183162103e-02,-5.701773984539076912e-02,-4.534608338174181408e-02,-6.232628803789266869e-02,6.754993520711381760e-02,2.095580678314491185e-01,-5.365744671343670308e-02,5.907770677867643649e-02,1.937530720765003045e-02,-1.908038786362214675e-02,1.476830957594173037e-02,3.798650520577327022e-02
-6.773761115331337901e-02,2.072478663032307003e-02,-2.937486036015907742e-01,7.264846507886858762e-02,1.096921220787345219e-01,1.000000000000000000e+00,-3.680101881227936800e-01,1.145806336297421624e-01,5.300147459672014394e-01,7.092184637383260881e-01,-1.564993967558872268e-01,7.309978104472943106e-02,-4.499754233879976750e-02,3.042316457393091644e-01,1.163724920684570396e-01,5.310156843469323595e-01,-8.301085839403012090e-02,-8.494123955493990130e-02,-5.753608293489432396e-02,1.690245319272532243e-01,4.151749407927074476e-01,4.749541981321774853e-01,-4.758925778631752611e-03,1.208767147772465272e-01,9.735913132847759388e-02,3.307297019527235538e-01,2.764556057017739654e-01,1.146655346530229269e-01,1.041333392912998784e-01,1.720362840162652507e-01,3.540596094552929118e-01,3.902006345234371731e-01,1.477054381339648892e-01,2.287188882434425252e-01,1.579605880512980828e-02,2.783502390634076673e-01,2.103981411144376368e-01,-3.538138433352696482e-02,1.605791143482729333e-01,1.248447204968944069e-01,2.423253943429107549e-01,3.250681442423700718e-01,-1.585593636891728941e-01,-2.663613208811832500e-01,-1.851333839760489763e-01,-2.864560525492649279e-01,-1.389472273113186440e-01,-2.732025559676482321e-02,-2.255730819071450899e-01,-2.200723892935341208e-01,-2.488583046606193394e-01,-2.747799276107064648e-01,9.562536306358639581e-04,-1.407301488002144774e-01,1.768309575941731104e-01,8.596005183430895091e-02,3.480495107019974249e-02,4.226283569417757513e-02,-1.964788417713034530e-01,1.193708387327405140e-01,-1.030519683631976463e-01,2.466821573796863232e-01,-1.132803074310737707e-01,1.945797399347602707e-01,-8.808704589123732276e-02,2.362974216899772217e-01,9.542428169265829152e-02,3.476428794852317039e-01,8.204566781357522376e-02,4.943026944903704256e-02,1.163009964699048271e-01,4.251307028911032598e-02,2.098127709012913844e-01,1.439563876848831414e-01,3.069618839090218487e-01,-1.829840475445730294e-02,-1.290495553867465062e-01,-1.262120738192055169e-01,9.147414987264847197e-02,-2.676616470798516556e-02,2.498324321908932388e-01,3.946199562089459101e-01,2.168863666830510850e-01,3.535010500916037079e-01,2.152955896152643211e-01,2.222351311497385851e-01,3.195451092542115346e-01,4.494258009741275428e-01,-3.522051923678448659e-02,2.749854774565440585e-01,-5.529737700522811827e-02,-2.474864828633987213e-01,-7.432861164484561023e-02,-4.059028553554671626e-01,1.114750435676303691e-01,-4.084186067295231953e-02,1.746592787881496023e-01,-4.248179096474373473e-02,-1.231958532552839686e-01,-3.591447339023191576e-01,2.206443540819518212e-01,-4.386612449171097827e-01,2.685285312122972501e-01,2.660932123866124321e-01,-2.464051119352964891e-01,-3.534831761919656756e-01,1.082175253585951069e-01,9.958890030832476259e-02,1.928280977702310217e-01,2.161177889986147793e-01,3.486214754904151114e-01,-7.007015505607935846e-02,-1.882747218374368758e-01,-1.936681710532195400e-01,-2.401626524867062906e-01,-2.191742258367219143e-01
-2.297600428973591291e-01,-2.977166093212386677e-01,5.202511282899145995e-01,1.321149291746726850e-01,-1.335671835202645319e-01,-3.680101881227936800e-01,1.000000000000000000e+00,3.087716162473747583e-01,9.012913892488493006e-02,-1.663389785066356763e-01,2.847535636087403232e-01,-1.214710219402118097e-01,5.442691809285490345e-01,7.786764377318021457e-02,-1.148755529737700565e-01,-5.636489566111085869e-01,-6.221457616515483485e-02,-2.765673175745118062e-01,7.524911747620537106e-02,-3.643639125966307568e-01,-5.068054872871888827e-01,-3.320121542517538993e-01,2.155190133607399749e-01,1.093123017114258910e-01,2.861611332052370685e-02,-3.893784351400866872e-01,-2.772420572858483312e-01,-2.721524643639126051e-01,-2.335716519951740455e-01,-4.026453371464319142e-01,-2.635238393136422608e-01,-2.089861030430314182e-01,-9.389606327360472404e-02,-2.410384735689709013e-01,1.886724161043835668e-01,-9.180481701595245847e-02,7.049019169757361758e-02,-4.751776218776531530e-02,-2.835113275838956337e-01,-2.893918405648152059e-01,-1.148889583984985946e-01,-1.711649314089101481e-01,2.992671701148398311e-01,2.614325930559899813e-01,-4.068903883104696417e-01,-2.641226149515170651e-01,-2.400598775637874660e-01,-3.374190088922650599e-01,-1.925778631752982639e-01,-2.790964743732963771e-01,-3.623933151615353621e-02,-9.750212252558201204e-03,-1.672728897627239752e-01,-1.860360159077706910e-01,-3.241431699361008167e-01,-4.762455873810268470e-01,-4.082264623084141397e-01,-4.455561017024889381e-01,-3.424639170651056636e-02,-1.629384691004960029e-01,3.363152955896152596e-01,8.086599043746368898e-02,-2.264086867152241001e-01,-3.151168506188837815e-01,6.437374324143170234e-01,3.073997944501541402e-01,-1.169667992314223220e-01,-2.871576031100585569e-01,-3.704008221993833616e-01,-2.851601948255060304e-01,2.110147906519505012e-01,1.398141114437642385e-01,2.429956655793377718e-01,3.026766164707985207e-01,-9.471826265695518221e-02,1.855891684168193279e-01,1.242727557084766926e-01,-2.133339291299879426e-01,-7.370302515751374350e-02,8.070065686581169573e-02,-4.790651950489298316e-02,-4.888958398498592650e-02,-4.725144108315831870e-01,-5.788953930023682526e-01,-4.434961347692032568e-02,-3.330533089056704754e-01,-3.403369230081773056e-01,-4.724786630323070669e-01,7.256356405558782308e-02,-2.317217033826355077e-01,1.803610527726886847e-01,3.749184503329013873e-01,1.555476116001608677e-01,6.167835917601323104e-01,9.774342017069574673e-02,3.068948567853791581e-02,1.473479601412037987e-01,6.309039724741945243e-02,8.874838017784529576e-02,1.997006121810626089e-01,-4.606148621475490423e-01,1.969971848608070009e-01,-4.308995039992850606e-01,-3.495911345457795028e-01,1.411769962911658127e-01,1.834264265606148636e-01,-8.280084007328299481e-03,9.697931096116894911e-02,-1.699182269091558950e-01,-1.389963805353232884e-01,-2.702980472764645453e-02,1.886143259305599063e-01,4.147727780508512208e-01,2.610170248894052580e-01,3.498279637159837363e-01,1.169712677063318301e-01
-4.088207694713794083e-01,-3.379016041824924876e-01,-4.192099736359980455e-01,5.613253496581617208e-01,7.041869609902140503e-02,1.145806336297421624e-01,3.087716162473747583e-01,1.000000000000000000e+00,5.300058090173823816e-02,-9.998212610036194548e-02,2.479467357790786086e-01,3.619241252960364585e-01,8.003485410429420077e-02,5.357656731757450830e-01,-4.085481925018991101e-01,-3.657893560927655274e-01,-4.502480003574779732e-01,-4.887751910273023803e-01,-5.650029045086911728e-01,-4.368247017292997691e-01,-3.119531703829482860e-01,-1.142633719111667140e-01,-4.933375039099155424e-01,-1.623039456633451061e-01,-5.093614549354305021e-01,-3.675990884311184370e-01,-4.239510255149917528e-01,-3.765762545243308557e-01,-3.131015684346932226e-01,-3.643505071719022048e-01,-4.969033468877072091e-01,-2.328432905849233681e-01,-3.898565619554046346e-01,-1.490727914562759715e-01,-9.736806827829662392e-02,1.608606282675722754e-01,-3.113499262701640014e-01,-4.837392198042808067e-01,-4.497966843916171437e-02,-1.356316189284597074e-01,-4.217927521336967689e-01,-1.129183609634031860e-01,6.009651905804548611e-02,-1.224183386210286467e-01,-4.755887215693284098e-01,-4.183386210286429430e-01,-3.780910675186558989e-01,-3.431029089771661100e-01,-3.769784172661870270e-01,-4.132892443808928173e-01,1.013941641717681780e-01,2.272666338978506506e-01,1.541132311542070810e-01,-1.617990079985700824e-01,6.023504178024040659e-03,-3.910049600071495712e-01,-4.315608382858930336e-01,-3.588855623575673559e-01,2.272755708476696945e-01,5.102864292416997571e-01,4.731399973189150399e-01,7.089235443942982773e-01,-8.003038562938468922e-03,2.728361410250681462e-01,1.252736940882076822e-01,6.824969837794361283e-01,1.142946512355333122e-01,2.599624648107600744e-01,-4.097234014031010951e-01,-4.065775950668036876e-01,3.002815139192993588e-02,5.685240627373877587e-02,2.157200947316680884e-01,1.901738236739800580e-01,2.362884847401581778e-01,3.064033245453327003e-01,1.287099512936234758e-01,1.533089056704946551e-01,-2.805934134679833880e-01,-3.088163009964698877e-02,-2.489610795835381363e-01,4.532374100719424592e-02,-4.691094329505339777e-01,-3.527458778318959820e-01,-2.998301979534385153e-01,1.329818133071182865e-02,-5.000357477992760646e-01,-3.743107377452075668e-01,1.448500826667858121e-01,3.007104875106126340e-01,4.388891371374950001e-01,1.211805710710934375e-01,3.886858215291121299e-01,2.437999910630501976e-02,-1.666473032753921224e-01,-1.135216050761874984e-01,1.451673443853612744e-01,-4.562312882613164117e-02,2.040886545422047338e-01,3.865677644220028020e-02,-1.089771660932123826e-01,-1.221815094508244270e-01,-2.742347736717458129e-01,-2.193082800840073232e-01,-6.804146744716028927e-02,-1.757719290406184465e-01,-1.033871039814111409e-01,-2.860807006568658051e-01,-1.575092720854372463e-01,-1.450511640377139255e-01,4.471781580946422863e-01,2.297064211984449766e-01,2.457571830734170404e-01,4.026542740962509720e-02,5.002457661200232497e-02,6.460967871665400375e-02
-4.404128870816390040e-02,2.397783636444881378e-02,1.755082890209571367e-01,-1.356763036775548437e-01,4.410831583180660487e-02,5.300147459672014394e-01,9.012913892488493006e-02,5.300058090173823816e-02,1.000000000000000000e+00,6.335359041958978921e-01,-2.289199696143706317e-02,-5.768801108181777215e-02,4.842486259439653384e-01,3.799007998570088085e-01,2.518611197998123497e-01,2.769426694669109290e-01,4.858572769113901624e-02,-5.519460208230930753e-02,2.264712453639572687e-01,1.600384288842218172e-01,1.622860717637070460e-01,1.691585861745386332e-01,3.242101970597435212e-01,2.787702757049019264e-01,1.269225613298181343e-01,-1.067027123642700775e-01,3.143035881853523117e-01,-2.761517494079270690e-02,5.344295991778005850e-02,1.579739934760266418e-01,1.809866392600205653e-01,8.135305420260065257e-02,2.052370525939496704e-02,-4.852316904240582679e-02,6.103489878904330007e-02,6.041378077662093796e-03,5.238393136422538759e-02,-1.677644220027704469e-01,-1.998346664283480179e-01,-2.579024978774744348e-01,1.835113275838956282e-01,1.516332275794271545e-01,-4.181598820322623977e-02,-4.791992492962152128e-02,-3.775950668036999192e-01,-2.689619732785200612e-01,-1.528486527548147955e-01,-5.942624782161848307e-02,-1.786138790830689438e-01,-1.858125921622950094e-01,-2.632244514947048586e-01,-3.457884623977836580e-01,1.970597435095402129e-03,-8.170159524554269914e-02,-7.398007060190356365e-02,-1.520845435452879979e-01,-2.243174404575718275e-02,-4.201260109924482428e-02,-1.759908843111845922e-01,-1.696679923142231650e-01,-1.050091603735644986e-03,5.054291970150587288e-02,-1.475445730372224040e-01,3.466195987309531046e-02,2.816658474462666040e-01,6.840341391483087397e-02,-2.422449617945395262e-01,-2.063943875955136509e-01,7.498994593145359711e-02,3.734304481880334342e-02,1.186201349479422684e-01,-9.569239018722909551e-02,1.418874838017784579e-01,1.071361544304928748e-01,-2.051476830957594047e-02,-6.662942937575405677e-02,-2.782340587157602907e-01,-4.841190401715894098e-01,8.366325573081907774e-02,3.130613521605075944e-02,3.314178470887885752e-01,2.598775637874793376e-01,1.773090844094910301e-01,5.956477054381339314e-02,3.711559944590910876e-01,-4.852763751731534181e-02,1.433576120470083648e-01,6.111979981232405074e-02,-4.120827561553241924e-02,-6.101702488940524693e-02,-8.333705706242459932e-02,1.483086822467491808e-02,-1.069574154341123434e-01,-1.297198266231735023e-02,1.213548415925644608e-01,1.778453013986326312e-02,2.449483891147951342e-01,9.591134545779525511e-02,-1.656731757451181952e-01,-2.686357746101255550e-01,-2.474194557397560099e-02,-2.727601769516064256e-01,1.112828991465212858e-01,9.946825148576790565e-02,-3.325081549667098790e-01,-1.647794807632155245e-01,4.413959515617319612e-02,1.214799588900308258e-01,1.197104428258635306e-01,1.549398990124670472e-01,1.710621564859913235e-01,-2.142186871620715971e-02,1.568434693239197444e-02,1.346128066490906716e-01,-7.069127306850171710e-03,-2.808749273872827024e-01
3.444747307743867282e-02,1.287903838419947322e-01,1.182805308548192519e-01,-3.619464676705840423e-04,-1.551499173332141768e-01,7.092184637383260881e-01,-1.663389785066356763e-01,-9.998212610036194548e-02,6.335359041958978921e-01,1.000000000000000000e+00,-1.315876491353500932e-01,-2.825863532776263370e-02,8.378390455337593468e-02,2.546539166182582026e-01,2.008802895571741298e-01,6.392868314044416467e-01,1.525760757853344696e-01,1.278430671611778813e-01,1.818401179677376078e-01,2.831181017918584231e-01,3.057598641583627597e-01,3.077885517672818150e-01,3.954734349166629248e-01,4.092452745877832032e-01,2.325304973412574416e-01,1.495732606461414593e-01,1.434782608695652217e-01,-1.252692256132981741e-01,1.746414048885115422e-01,3.294204388042361042e-01,5.310469636712989994e-01,5.069127306850171877e-01,2.701282452299030301e-01,2.116761249385584742e-01,1.656999865945752715e-01,3.434201706957415445e-01,1.383171723490772553e-01,-5.791143482729344677e-03,-1.403547969078153615e-02,-8.463291478618346908e-02,3.767594619956208812e-01,3.794494838911479651e-01,9.138478037445819935e-02,-5.161088520487957382e-02,-1.029000402162741912e-01,-1.087179945484606086e-01,-6.168729612583225691e-02,-7.692032709236337751e-02,-6.588319406586531923e-02,-1.207515974797801483e-01,-1.368738549533044246e-01,-2.433084588230036982e-01,5.307207650029045071e-02,-6.917646007417668774e-02,-2.310201528218419099e-03,-5.501586308592876923e-02,1.629742168997720952e-01,1.902140399481656863e-01,-2.068814513606506145e-01,-1.348987890432995218e-01,-1.037222395996246493e-01,5.447964609678716819e-02,-4.420662227981590059e-02,1.503954600294919453e-01,4.357209884266499689e-02,4.507797488717101009e-02,6.137897135707583163e-02,1.369364136020376210e-01,2.642343268242549059e-01,2.772375888109388509e-01,4.097144644532820651e-02,-7.154922025112829542e-02,-2.305733053308905642e-02,-5.387640198400286268e-02,7.322042986728630187e-02,-2.379909736806827894e-02,-3.696009651905804438e-01,-4.183922427275570954e-01,4.775459135796952803e-02,1.187273783457705803e-02,2.506412261495151728e-01,2.833504624871531208e-01,2.828678671969256930e-01,2.738683587291657617e-01,2.372536753206130611e-01,-1.265025246883238683e-02,3.317842620313686819e-01,3.758657670137182105e-01,-6.321104606997632325e-02,-1.750748469547343603e-02,-2.219670226551677950e-01,-2.745341614906832151e-01,-1.776308146029760004e-01,-2.447651816435050809e-01,-1.385227221949148727e-04,-1.679744403235175765e-01,7.878814960453997540e-02,-1.014701282452298986e-01,-2.708432012154251556e-01,-4.980919612136378016e-01,-8.063809821707851322e-02,-4.362974216899772051e-01,1.086375620000893660e-01,9.710889673354483609e-02,-2.696992716385897548e-01,-2.550382054604763415e-01,3.812502792796818724e-02,1.747933330354350112e-01,7.539657714821931811e-02,2.736494034585995952e-02,2.636534250860181339e-01,-1.060458465525716126e-01,-2.684659725635640815e-01,-7.325170919165288619e-02,-6.991822690915590333e-02,-3.120693507305956627e-01
-1.778721122480897143e-01,-4.137673711962107093e-01,-7.403816077572723808e-02,-2.214978327896688914e-01,5.320613074757585270e-02,-1.564993967558872268e-01,2.847535636087403232e-01,2.479467357790786086e-01,-2.289199696143706317e-02,-1.315876491353500932e-01,1.000000000000000000e+00,3.389427588364091193e-01,3.909870861075114834e-01,1.954779033915724495e-01,-8.411457169667992118e-02,-2.236695115956923996e-01,-1.570802984941239433e-01,-2.217570043344206654e-01,-3.914786183475579828e-01,-4.662540774833549562e-01,-1.472630591179230619e-01,-2.420840966977970410e-01,-3.142365610617096627e-01,-3.423298628178202963e-01,-3.027436435944412252e-01,-3.470396353724473637e-01,-8.237633495687921026e-02,-1.157245632065775909e-01,7.094150766343447490e-02,-1.978372581437955191e-01,-1.805308548192501861e-01,-3.205728584833996142e-01,-3.578131283792841399e-01,-2.585191474149872715e-01,-1.924527458778318989e-01,-2.250234594932749577e-01,-9.439206398856070379e-02,-1.913400956253630547e-01,2.797265293355377658e-02,2.135260735510970120e-01,8.896733544841146576e-03,1.294517181286027052e-01,-9.648777872112247744e-02,-3.750837839045533667e-02,-3.142544349613476951e-01,-3.178292148889583779e-01,-4.125027927968184516e-01,-4.208722463023369942e-01,-2.987532955002457635e-01,-2.840698869475847821e-01,-1.081147504356763100e-01,1.355288440055409105e-02,1.008981634568121948e-02,-4.248223781223468554e-01,5.882300370883417756e-02,-2.989320344966263088e-01,-4.597077617409178196e-01,-3.681040260958934884e-01,5.119263595334911932e-01,5.211537602216363974e-01,8.118906117342150619e-01,4.703203896510120829e-01,3.341123374592251394e-01,2.320076857768443579e-01,-1.858930247106662381e-01,-3.991241789177353561e-02,-3.647616068635774894e-02,-2.326153983645381784e-01,-4.652710130032620128e-01,-3.650341838330578015e-01,1.151079136690647542e-01,9.659949059386031822e-02,1.172572501005406803e-01,2.568881540730149071e-01,1.636221457616515440e-01,-3.411680593413467938e-02,2.184637383261092969e-01,1.531346351490236318e-02,-1.023861656016801513e-01,-2.457437776486885161e-01,-1.320881183252156088e-01,-1.804146744716028372e-01,9.961571115778185270e-02,-1.828633987220161794e-01,-4.037847982483578346e-01,-2.792215916707627699e-01,-1.596139237678180500e-01,-2.599401224362125062e-01,5.278341302113588318e-01,-2.032262388846686751e-02,1.174940792707449000e-01,1.768130836945350504e-01,-1.257920371777112578e-01,6.820680101881228252e-02,2.056839000849010335e-01,3.673533223110952289e-02,1.935162429062960709e-01,1.084990392778944490e-01,3.308190714509138264e-01,2.589972742303052189e-01,1.214531480405737496e-01,3.824299566557933794e-01,2.817820277939139459e-02,8.547745654408150928e-02,-5.287099512936235118e-02,-1.204477411859332381e-01,1.501988471334733399e-01,5.088699226953840443e-02,2.538093748603601485e-01,-1.172974663747263120e-02,3.006613342866079619e-01,2.082622101076902488e-01,4.974753116761249094e-02,7.250100540685464057e-02,1.377407390857500469e-01,1.596764824165512187e-01
-7.526252290093390918e-02,-1.951517047231779711e-01,-3.872201617587917033e-01,2.218374368827918941e-01,-6.830510746682157130e-02,7.309978104472943106e-02,-1.214710219402118097e-01,3.619241252960364585e-01,-5.768801108181777215e-02,-2.825863532776263370e-02,3.389427588364091193e-01,1.000000000000000000e+00,1.534384914428705560e-01,6.871665400598775397e-01,9.938335046248715499e-02,5.108807364046651089e-02,-9.040618436927476409e-02,1.192189105858170589e-02,-3.132892443808927840e-01,-8.420840966977970188e-02,-1.624737477099066213e-02,-1.330801197551275683e-01,-3.832834353635104496e-01,-2.828187139729210209e-01,-4.742794584208409603e-01,-1.171187273783457772e-01,-2.050538451226596448e-01,-9.134009562536306304e-02,3.287099512936234591e-01,2.873363421064390466e-01,-5.701773984539076391e-03,-4.350507171902229936e-02,-1.839849859243040398e-01,1.422807095938156408e-01,-3.053130166674113966e-01,3.473345547164752994e-02,-1.208409669779704210e-01,-2.686000268108494349e-01,-1.165646364895661091e-01,-2.559542428169265735e-02,-9.803387103981410500e-02,3.993476026632110654e-01,-2.792573394700388900e-01,-2.769471379418204648e-01,-3.060726574020287138e-01,-2.686625854595826590e-01,-1.442200277045444512e-01,-1.941060815943518592e-01,-5.315563698109835311e-01,-4.282720407524912010e-01,-1.798114303588185248e-01,-2.337012377675499238e-03,9.146968139773895695e-03,-1.257384154787970776e-01,4.487689351624290363e-02,-3.056436838107154039e-03,-2.679878457482461340e-01,-1.541311050538451133e-01,2.195004245051163927e-01,3.519683631976406324e-01,3.439742615845212126e-01,6.543143125251351666e-01,5.455784440770364840e-01,7.381965235265204317e-01,-2.205326422092140082e-01,1.544260243978730074e-01,-6.003842888422181168e-02,1.700567496313508120e-01,-3.116493140891014035e-01,-2.887885964520309212e-01,-1.195808570534876436e-01,3.691407122749005426e-02,1.621073327673265008e-01,2.535948880647035386e-01,1.292595737074936357e-01,-2.027793913937173120e-02,1.777872112248089775e-01,2.391974619062514074e-01,5.898386880557666100e-03,-2.639974976540506585e-02,5.351892399124178606e-02,2.868850261405782032e-01,9.239018722909871084e-02,9.990616202690022485e-02,7.185307654497519701e-03,4.442959917780061607e-01,-2.948880647035166946e-01,-1.705259394968497155e-01,7.889986147727780230e-02,3.728093301756110756e-01,9.434737923946556748e-02,-1.120738192055051596e-01,-9.151436614683408979e-03,-3.974663747263059155e-01,-1.986192412529603768e-01,-9.033022029581304346e-02,-4.667322042986728897e-02,4.937664775012288315e-02,2.202868760891907585e-01,1.487599982126100451e-01,2.212207873452790574e-01,1.301979534384914428e-01,-3.525626703606059287e-03,2.812413423298628090e-01,-9.102730238169712274e-02,-8.542830332007685101e-02,-4.062737387729568189e-02,-1.372626122704320994e-01,4.093123017114258522e-03,-5.323741007194244396e-02,3.753027391751195263e-01,6.486885026140577770e-02,-6.592787881496045554e-02,8.348451673443853249e-02,-1.213727154922025070e-01,7.775146342553286875e-04
-7.961481746279994165e-02,-2.949819026766164476e-01,3.442781178783680951e-01,-2.633451003172617155e-01,-9.784619509361454359e-02,-4.499754233879976750e-02,5.442691809285490345e-01,8.003485410429420077e-02,4.842486259439653384e-01,8.378390455337593468e-02,3.909870861075114834e-01,1.534384914428705560e-01,1.000000000000000000e+00,4.481165378256400933e-01,4.042182403145806457e-01,-9.255998927566021217e-02,1.676437731802135900e-01,1.984002859823941981e-03,2.842933106930604636e-01,-1.313150721658697950e-01,-7.523124357656731098e-02,-1.431922784753563715e-01,1.952902274453728881e-01,6.909155905089592320e-02,-1.005496224138701516e-01,-3.923544394298226212e-01,8.580365521247598770e-02,-8.625050270342732306e-02,2.669556280441485185e-01,1.432771794986371083e-01,-6.388131730640332628e-02,-1.673354484114571716e-01,-2.009607221055453863e-01,-2.858081236873855069e-01,-1.319808749273872761e-01,-3.271862013494793997e-01,1.377764868850261393e-01,-1.789445462263729303e-01,-2.549756468117431729e-01,-2.695786228160328979e-01,1.805219178694311699e-01,1.631216765717860562e-01,1.267259484337995498e-02,8.850261405782205992e-02,-5.206130747575852258e-01,-3.804012690468743241e-01,-2.790383841994727443e-01,-3.308280084007328425e-01,-3.835783547075383160e-01,-3.982617632601992974e-01,-3.944501541623843810e-01,-3.786049421332499110e-01,-2.736002502345949439e-01,-2.636623620358371500e-01,-2.116582510389204141e-01,-3.656418964207516220e-01,-3.499039277894454569e-01,-4.374279458420841094e-01,-1.266187050359712241e-01,-2.238974038160775615e-01,2.415210688591983568e-01,6.677242057285848187e-02,-1.926359533491219314e-02,-9.201036686179006607e-02,3.992895124893873771e-01,6.578935609276553853e-02,-4.557844407703650624e-01,-4.566513249028106847e-01,-3.059564770543813372e-01,-3.254971178336833471e-01,3.528352473300862546e-01,2.195361723043925128e-01,3.412216810402609601e-01,3.712677063318289283e-01,-1.939318110728808272e-03,-2.505920729255105284e-02,7.737611153313374290e-02,-3.014120380714062075e-01,2.162384378211716363e-01,4.513159658608516950e-02,2.761964341570222192e-01,1.178962420126010990e-01,1.223557799722954503e-01,-1.752446490012958547e-01,2.541489789534831512e-01,-2.150766343446981477e-01,-7.283614102506814902e-02,-2.160507618749720748e-01,4.665087805531972082e-02,-2.667813575226775091e-01,8.269806515036418060e-02,3.199428035211582255e-01,-7.113812055945306287e-03,3.151928146923455021e-01,1.892399124178917869e-01,1.373162339693462519e-01,2.312480450422270961e-01,1.853791500960721983e-01,5.335359041958979281e-02,1.852674382233343853e-01,-1.924884936771079913e-01,1.557755038205460574e-01,-1.774610125564144991e-01,-7.600875821082264672e-02,-8.004379105411323081e-02,1.302605120872246391e-01,1.426560614862147636e-01,1.390008490102327965e-01,5.715179409267617111e-02,-1.158228696545868935e-02,-3.870592966620492459e-02,1.302202958130390109e-01,3.337548594664641044e-01,2.996335850574198822e-01,2.690647482014388303e-01,-1.981321774878233924e-02
