0.000000000000000000e+00,4.438580812368738693e-01,1.639662183296840825e-01,-5.116046293400062783e-01,1.588542830332007605e-01,1.334286607980696149e-02,2.933106930604584620e-02,-6.412663657893561409e-01,-5.967648241655123392e-02,-1.737119621073327791e-01,4.232673488538362117e-01,-2.779614817462799925e-01,3.614772778050851509e-01,-6.184950176504758756e-01,-1.329594709325707114e-01,-4.320523705259394776e-01,1.638723803565843018e-01,-2.099646990482148534e-01,2.477501228830600033e-01,7.842173466195987222e-03,1.296170517002546985e-01,5.683006389919120771e-02,-7.297019527235354408e-02,-1.855578890924527435e-01,-7.593279413736091221e-02,-2.074310737745207467e-01,-4.560972340140310305e-02,2.566781357522677776e-01,-4.109656374279458541e-02,-4.005004691898654823e-01,1.691273068501720489e-01,-3.956834532374100405e-02,-3.571696679923141993e-01,-3.219044640064345764e-01,-3.737745207560659311e-01,-5.572858483399615315e-01,2.677242057285848520e-01,3.070289110326645532e-01,-5.445730372223960003e-02,1.125385405960945551e-01,1.632378569194334050e-01,-2.702980472764645453e-02,-2.664775012288306266e-01,-1.604271862013494920e-01,-2.123240538004379230e-01,-1.335269672460789037e-01,-1.825863532776263454e-01,-2.578980294025648989e-01,1.619822154698601427e-02,6.772867420349434897e-02,1.589436525313910401e-02,-3.714643192278475198e-02,-2.543679342240493524e-01,8.329237231332945607e-03,-8.271593905000224067e-02,1.833147146878770228e-01,6.285624916216095981e-01,4.905491755663791698e-01,5.333973814737030805e-01,3.367174583314714864e-01,3.624558738102685584e-01,-7.480226998525403570e-02,-1.144421109075472592e-01,-8.127262165422940998e-02,-1.221278877519102746e-01,-5.932570713615442637e-01,-1.179141159122391591e-01,-4.324455963179766882e-01,-6.201349479422672839e-02,2.890656418964207552e-02,-2.821841905357701588e-02,2.301979534384914483e-01,1.310559006211180211e-01,6.156664730327539303e-02,-1.839134903257518272e-01,-1.018812279369051277e-01,-3.871933509093346271e-02,-2.055498458376156263e-03,-1.418517360025023377e-01,-5.915813932704767908e-02,-3.213101568434693078e-01,-1.543143125251351666e-01,-8.094642298583493156e-02,1.360918718441395947e-01,-1.602082309307833186e-01,-6.431029089771661544e-02,1.436882791903123513e-01,2.538004379105411323e-01,-2.348317619196568229e-01,1.594441217212565487e-01,-2.060815943518477245e-01,1.087045891237320705e-01,8.325662451405335673e-02,3.810983511327584172e-01,3.801420975021225224e-01,-1.578667500781983091e-01,-3.999285044014477819e-02,5.630278385986862977e-02,5.061888377496760044e-02,4.091201572903168104e-01,-1.318915054291970035e-01,1.867822512176594008e-01,1.624916216095446675e-01,2.516600384288842363e-01,-5.086464989499083628e-02,3.575003351356181858e-01,1.153134635149023618e-01,2.851244470262299657e-01,1.202064435408195242e-01,-2.065775950668036903e-02,1.039099155458242107e-01,-5.615979266276419773e-02,3.845122659636265872e-02,9.634478752401805235e-02,-1.243219089324813509e-01,1.842799052683319061e-01
4.438580812368738693e-01,0.000000000000000000e+00,4.391483086822467463e-01,-1.607399794450154185e-01,3.358282318244782960e-01,-1.072702086777782698e-01,-7.714821931274855327e-02,-3.106841235086464925e-01,2.242950980830242524e-01,-2.810268555342061991e-01,2.873720899057151668e-01,2.178604942133249844e-01,-1.204477411859332381e-01,-2.349881585414898000e-01,1.981947361365565818e-01,-1.516064167299700505e-01,1.438223334375977602e-01,2.302337012377675407e-01,1.142857142857142821e-01,4.393404531033558436e-01,8.440502256579829332e-02,5.987309531256981843e-02,5.862192233790607110e-02,1.726574020286875955e-01,7.661647079851646724e-02,-5.058313597569149417e-02,2.040618436927476576e-01,2.278743464855444711e-01,-2.271415166003842856e-01,1.923097546807274738e-01,2.381652442021537919e-01,3.272174806738460395e-01,-2.681487108449885914e-01,-1.724161043835738816e-01,-2.819384244157469022e-01,-1.356986460521024118e-01,2.868716207158497067e-01,6.069529469592028353e-02,1.326600831136333092e-01,-8.312703874167746976e-02,1.894097144644532882e-01,2.702757049019169910e-01,-6.113678001698020781e-01,-3.752759283256624778e-01,-4.458018678225121878e-01,-4.138924884936771020e-01,-2.690424058268912622e-01,-3.528799320791813909e-01,-4.083783904553375810e-01,-2.335269672460789092e-01,-3.385718754189195323e-01,-5.017337682648912445e-01,-2.045891237320702494e-01,-4.704052906742928752e-01,3.629608114750435544e-01,1.144689217570043355e-01,3.368470441038473595e-01,8.948165691049644321e-01,1.865364850976361788e-01,1.831806604405916139e-01,-9.124625765226328233e-02,-6.236650431207828998e-02,-5.802761517494079563e-02,1.884847401581840054e-01,-2.268644711559944516e-01,-3.724518521828499851e-01,-4.730774386701818573e-02,-7.346619598730953771e-02,7.676839894543992238e-02,3.780776620939273469e-01,3.008177309084409390e-01,2.694177577192903850e-01,1.725456901559497824e-01,4.220921399526341711e-01,1.262835694177577295e-01,3.266946691094329558e-01,4.775280396800571925e-01,5.861298538808704661e-01,-1.736851512578756751e-01,6.416283122570266839e-02,1.750480361052772771e-01,4.772778050851244486e-02,1.901112650252468894e-01,2.116895303632869985e-01,2.108628625050270322e-01,-2.664506903793735226e-01,4.749497296572679494e-01,1.666249609008445542e-01,1.514410831583180572e-01,-2.814871084498860587e-01,-7.076276866705392965e-02,6.575807676839894034e-02,4.055140980383395433e-02,1.417400241297645247e-01,2.711470575092720867e-02,-9.297555744224496321e-02,2.507350641226149257e-01,-9.663076991822690254e-02,4.536038250145225659e-01,1.706555252692256164e-01,-1.051387461459403899e-01,2.151570668930694041e-02,5.122212788775191150e-01,7.356450243531882649e-02,3.579918673756646852e-01,4.336208052191786733e-02,5.850663568524062663e-01,4.358058894499307612e-01,2.711470575092720867e-02,-3.775861298538808752e-02,4.008356048080790046e-01,-4.335984628446311051e-01,-9.548237186648196595e-02,-5.094061396845256384e-02,-6.239018722909870363e-01,7.107556191071986995e-02
1.639662183296840825e-01,4.391483086822467463e-01,0.000000000000000000e+00,3.271236427007462311e-01,3.973993476026632110e-01,1.467715268778765902e-01,2.303900978596005178e-01,-2.547522230662674914e-01,5.037356450243531958e-01,-1.617677286742034981e-01,-1.323517583448768908e-01,-1.657848876178560360e-01,2.177040975914920282e-02,-2.798024934089994864e-01,5.268153179319897683e-01,2.651548326556146251e-01,2.882791903123463895e-01,1.023012645783993868e-01,2.628133518030296156e-01,3.504401447785870927e-01,-2.612270432101523876e-02,-2.241833862102864464e-02,7.988292595737075397e-01,8.342106439072344282e-01,5.606014567228204681e-01,3.009785960051834519e-01,2.449573260646141504e-01,3.872514410831583431e-01,-1.126055677197372552e-03,1.271147057509272038e-01,5.276732651146164299e-01,4.261271727959247690e-01,1.796237544126189634e-01,4.843379954421556111e-02,4.200992001429911804e-01,3.391214978327896645e-01,2.676616470798516279e-01,1.358148263997497607e-01,-9.921801689083516174e-02,-8.178202779391394173e-02,2.338263550650163114e-01,1.633093525179856176e-01,-4.998167925287099744e-01,-1.654542204745520217e-01,-5.403592653827248293e-01,-4.418919522766879826e-01,-1.484606103936726429e-01,-2.166986907368515236e-01,-6.969569685866213726e-01,-6.294919344027882779e-01,-6.931274855891683684e-01,-6.303320076857767962e-01,-5.518030296259885947e-01,-6.382501452254345509e-01,8.503954600294919008e-02,-2.779391393717324348e-03,1.243129719826623243e-02,3.205147683095759259e-01,-6.503418383305777095e-02,-3.428616113320523962e-01,-3.678135752267751024e-01,-3.607623218195629700e-01,-1.588721569328388206e-01,-2.699361008087939329e-01,4.597301041154653878e-01,1.279458420840967059e-01,7.118503954600294836e-01,6.149962017963269689e-01,9.977210777961481591e-02,6.452656508333706187e-01,4.168104026095893477e-01,5.448992358907904787e-01,3.053487644666875167e-01,3.119084856338531497e-01,3.618705035971223061e-01,2.282452299030340859e-01,4.173689619732784961e-01,5.891192635953349521e-01,-1.862996559274319730e-01,1.754546673220429842e-01,3.671745833147146976e-02,2.716788060235041935e-01,1.191340095625363082e-01,3.919746190625139626e-02,3.750435676303677801e-01,-9.231422315563697634e-02,4.847446266589213182e-01,2.088163009964699168e-01,-1.318378837302828510e-01,-2.594932749452611986e-01,-3.359980338710398251e-01,7.362259260914250092e-02,-1.673399168863666797e-01,3.753518923991241985e-02,1.363063586397962323e-01,-2.198444970731489312e-01,3.337950757406497014e-03,5.927431967469502794e-02,2.143527414093569783e-02,-9.319451271281112281e-02,-3.821931274855891458e-01,7.511953170382948408e-02,4.038339514723625068e-01,1.075249117476205357e-01,3.097323383529201335e-01,3.717771124715134601e-01,6.358058894499307723e-01,6.770007596407345840e-01,-9.525447964609679019e-02,-1.280709593815630709e-01,4.857813128379284140e-01,-7.402877697841726556e-01,-2.388489208633093608e-01,-3.279190312346396130e-01,-2.643326332722641947e-01,-8.553554671790518371e-02
-5.116046293400062783e-01,-1.607399794450154185e-01,3.271236427007462311e-01,0.000000000000000000e+00,-5.086464989499083628e-02,2.639617498547745522e-01,3.404307609812771140e-01,6.153492113141785236e-01,3.577550382054604516e-01,2.489163948344430000e-01,-3.798427096831851202e-01,1.890477679967826896e-01,-7.936905134277670582e-02,3.686447115599446045e-01,9.622413870146119541e-02,3.322757942714151813e-01,-2.078377049912864816e-01,4.130658206354171497e-02,2.033245453326779639e-01,3.074623530988873643e-01,-3.765539121497832875e-01,-1.923678448545511344e-01,5.304928727825193313e-01,6.597524464900129670e-01,3.256401090307877721e-01,3.107913669064747975e-01,2.262791009428481992e-01,1.293176638813173067e-02,-6.247821618481612382e-02,1.939988381965235265e-01,1.266187050359712241e-01,2.516689753787032524e-01,4.334331292729791119e-01,4.821350373117654908e-01,5.613030072836141526e-01,5.370659993744134608e-01,-1.778095535993565457e-01,-3.063273604718709242e-01,-2.459046427454309736e-01,-3.068769828857411119e-01,-1.584565887662540695e-01,-1.080209124625765293e-01,-7.505250458018677961e-02,-1.487644666875195532e-01,-1.054962241387014665e-01,-8.741230617990079776e-02,-1.980428079896331267e-02,-1.330801197551275683e-01,-3.170829795790696681e-01,-4.029491934402788522e-01,-2.770543813396487698e-01,-2.476026632110460701e-01,-1.389874435855042722e-01,-4.079047321149291694e-01,-1.368425756289378403e-01,-4.645203092184637117e-01,-3.394387595513650990e-01,-2.091380311899548594e-01,-2.348987890432995274e-01,-3.100093837973099675e-01,-1.520845435452879979e-01,2.242280709593815757e-01,-4.352741409356986751e-02,-1.025514991733321446e-02,2.481880334241923225e-01,6.828812726216542117e-01,3.922248536574466926e-01,5.819562983153849789e-01,2.813843335269672341e-01,1.689262254792439355e-01,2.656731757451181730e-01,1.430001340542472743e-01,1.047991420528173734e-01,1.468340855266097623e-02,1.935385852808436391e-01,3.455024800035747662e-02,1.317797935564591905e-01,1.188882434425130724e-01,-5.299164395191920812e-02,-9.079941016131194698e-03,1.738594217793467123e-01,-1.109835113275838975e-01,-1.525760757853344696e-01,-3.279637159837347493e-01,1.632557308190714374e-01,-9.934313418830152675e-02,-1.496581616694222239e-01,-2.655838062469279004e-01,5.005138746145940121e-02,-4.275034630680548675e-01,4.609231869163054468e-02,-1.472362482684659857e-01,-8.579918673756646574e-02,-2.463112739621967084e-01,-2.185620447741185857e-01,1.968363197640645226e-02,3.471111309709996179e-02,9.334644085973457101e-03,-1.563251262344161896e-01,-2.972608248804682884e-01,1.267706331828946827e-02,-1.713660127798382338e-01,7.230439251083604912e-02,-1.395728137986505246e-01,2.512087224630233928e-01,-1.107779614817462760e-01,1.334822824969837674e-01,2.798605835828231816e-02,-1.926225479243934002e-01,-1.165378256401090364e-02,1.291970150587604393e-01,-3.094642298583493711e-01,8.608963760668483789e-02,-1.471781580946422974e-01,7.326958309129094626e-02,-9.178247464140489031e-02
1.588542830332007605e-01,3.358282318244782960e-01,3.973993476026632110e-01,-5.086464989499083628e-02,0.000000000000000000e+00,5.734840698869475561e-01,-2.744045757183073420e-01,-3.282765092274007035e-01,5.931364225389874623e-01,3.734304481880334481e-01,-7.852450958487867949e-02,-2.400196612896018655e-01,-2.894588676884579104e-01,-1.938558469994191014e-01,3.517985611510791588e-01,2.008847580320836379e-01,6.583404084186067484e-02,6.350149693909468152e-02,1.172125653514455579e-01,1.756021269940569174e-01,9.811877206309486954e-02,2.287635729925376338e-01,2.434827293444747354e-01,3.106170963850037881e-01,5.130121989365029611e-01,4.396174985477456776e-01,6.725948433799544546e-01,7.044595379596944040e-01,-4.784396085615979372e-02,2.218061575584253098e-01,3.610617096385003721e-01,2.934447473077438917e-01,-1.789356092765539141e-01,4.238348451673443901e-02,-2.319138478037445841e-02,6.659368157647795050e-02,3.739175119531703562e-01,2.505920729255105284e-02,-5.813932704767862947e-02,-1.147861834755797839e-01,-1.130300728361410267e-01,4.471602841950042539e-02,-3.090084454175789919e-01,-1.069752893337503827e-02,-2.019705974350954059e-01,-1.164439876670092522e-01,-9.277894454622637177e-02,-1.071182805308548147e-01,-2.605791143482729111e-01,-1.785155726350596550e-01,-2.166942222619419878e-01,-3.587559765851914828e-01,-2.005674963135082034e-01,-3.126904687430180352e-01,2.448724250413333858e-02,-1.211403547969078232e-02,3.357656731757451274e-01,3.537870324858126136e-01,1.705572188212163276e-01,-6.114214218687161889e-02,-2.481969703740113387e-01,-3.142589034362572309e-01,-2.561106394387595575e-01,-1.569373072970195182e-01,-7.607578533446535118e-02,-3.238974038160775670e-01,7.435542249430270034e-02,7.974440323517582863e-02,2.102596183922427198e-01,3.875195495777291055e-01,3.320925868001251002e-01,3.268555342061754132e-01,9.790428526743821802e-02,1.651861119799812316e-01,2.898208141561285367e-01,-1.122883060011617973e-01,3.055945305867107664e-01,3.796773761115331269e-01,-8.957504803610527588e-02,-7.596407346172751171e-05,-8.604495285758970158e-02,-9.646543634657490929e-02,2.092854908619688203e-01,1.862013494794226634e-02,-2.131909379328834897e-02,-3.338933821886589937e-01,2.147012824522990249e-01,5.178962420126010865e-03,-1.195227668796639692e-01,-1.995442155592296318e-01,1.427186201349479322e-01,3.036239331516153439e-01,2.956387684883149403e-01,3.201215425175387708e-01,4.247732248983421971e-02,1.243174404575718289e-01,2.959113454577952385e-01,1.728272040752491245e-01,2.641360203762455616e-01,3.194780821305688301e-01,1.752535859511148916e-02,2.689396309039724930e-01,6.345949327494526671e-01,2.549756468117431729e-01,3.552214129317664004e-01,9.484337995442156111e-02,5.017605791143482374e-01,4.571651995174046967e-01,3.534742392421466595e-01,-2.331650207784083384e-02,2.830153268689396540e-01,-1.724786630323070780e-01,6.362214576165155233e-02,1.446847490951338189e-01,-2.163456812189999690e-01,2.969301577371643089e-02
1.334286607980696149e-02,-1.072702086777782698e-01,1.467715268778765902e-01,2.639617498547745522e-01,5.734840698869475561e-01,0.000000000000000000e+00,-9.382456767505251150e-02,-5.879619285937709439e-02,4.762634612806649348e-01,5.960543366548997080e-01,-2.169221144823271774e-01,-1.654944367487376500e-01,-1.109432950533982692e-01,-9.781491576924795928e-02,5.277268868135305720e-03,2.227132579650565325e-01,-1.647482014388489124e-01,-2.717413646722373621e-01,1.322623888466866182e-01,-8.132624335314357633e-03,-2.725769694803163528e-04,1.539836453818311801e-01,1.952008579471826155e-01,2.422360248447205100e-01,4.171768175521694544e-01,5.575986415836274857e-01,6.089190759193887637e-01,6.318289467804638626e-01,-1.612225747352428670e-02,-4.142276241118906382e-03,3.151972831672550379e-01,1.746503418383305861e-01,-3.288797533401850021e-03,2.180034854104294095e-01,1.697573618124134306e-02,2.575628937843513905e-02,3.271281111756557669e-01,9.488806470351668354e-02,-3.418204566781357645e-01,-4.702176147280932861e-02,-3.520085794718262884e-01,-2.083873274051566138e-01,-1.356986460521024118e-01,-1.101032217704097510e-02,-6.556593234728987085e-02,8.973591313284776105e-02,5.678984762500558642e-02,-3.493453684257562947e-02,-5.721435274140935362e-02,-6.922561329818133213e-02,-4.620849903927789354e-02,-4.403235175834487730e-02,-1.954644979668439253e-01,-1.055453773627061109e-01,-2.481299432503686619e-01,-5.842084096697797158e-02,1.515304526565083298e-01,-4.186960990214040092e-03,1.968184458644264834e-01,1.232405380043791014e-02,-1.579605880512980828e-02,1.387238035658429902e-01,-1.330175611063943997e-01,-1.715939050002234234e-01,1.790071048751061197e-02,-6.577595066803700041e-03,-4.289735913132847363e-03,4.764734796014120227e-02,1.234014031011215901e-01,1.726171857545019950e-01,1.128289914652129272e-01,2.362437999910630415e-01,-1.420662227981589754e-01,-1.534742392421466484e-01,1.320210912015729043e-01,-3.609008445417579147e-01,-9.925376469011126801e-02,7.332767326511461549e-03,-2.943965324634701952e-01,8.266678582599757893e-03,-3.347513293712855997e-01,-3.222217257250100664e-01,-1.424549801152866502e-01,-8.155413557352875209e-02,-3.373162339693462353e-01,-2.055364404128870726e-01,-2.133786138790830789e-01,-4.627105768801108299e-02,-3.462576522632825338e-01,-6.917199159926716578e-03,3.969793109611689796e-02,6.345234371509003712e-02,1.451673443853612744e-01,2.055140980383395044e-01,5.161982215469860386e-02,1.518789936994503764e-01,1.217391304347826136e-01,1.540327986058358245e-01,4.749988828812726042e-03,1.984628446311273997e-01,-9.075472541221681413e-03,2.558425309441887396e-01,3.652754814781715154e-01,2.528397158049957572e-01,1.605567719737253651e-01,1.389874435855042722e-01,1.567540998257294649e-01,3.148263997497653954e-01,2.532731578712185683e-01,1.544394298226015594e-01,1.077259931185486352e-01,-2.158720228785915296e-02,2.552169444568568868e-01,1.219625541802582813e-01,-7.918137539657714788e-03,2.038071406229054194e-02
2.933106930604584620e-02,-7.714821931274855327e-02,2.303900978596005178e-01,3.404307609812771140e-01,-2.744045757183073420e-01,-9.382456767505251150e-02,0.000000000000000000e+00,3.171500067027123726e-01,1.159033022029581361e-01,-9.180481701595245847e-02,4.031055900621117738e-01,2.630189016488672649e-01,4.735689709102283151e-01,1.200679208186246072e-01,3.892041646186156830e-03,-1.850395460029492095e-02,5.394342910764556021e-02,2.479467357790786086e-01,4.442602439787300406e-01,3.808079002636400312e-01,-3.013137316233969187e-01,-1.237276017695160685e-01,3.628759104517628176e-01,2.196300102774922935e-01,-7.761740917824746372e-03,8.872603780329772760e-02,-1.991688636668305090e-01,-2.143527414093569783e-01,3.573305330890567122e-01,1.700075964073461676e-01,1.689843156530675961e-01,2.427856472585906422e-01,5.168997721077795982e-01,3.451450020108137173e-01,2.640600563027838410e-01,1.261137673711962004e-01,-2.814022074266053219e-01,-2.932436659368157783e-01,-2.207247866303230777e-01,-3.023146700031279499e-01,-7.928415031949595515e-02,-2.634836230394566603e-01,-6.523079672907636239e-02,-2.193082800840073232e-01,-2.362929532150676859e-01,-2.028508869922695246e-01,-2.857813128379284029e-01,-3.699584431833415343e-01,-1.992090799410161372e-01,-3.462487153134635176e-01,-2.258233165020778477e-01,-3.095714732561776761e-01,-1.890164886724161053e-01,-3.166361320881183050e-01,-2.680995576209839748e-01,-4.068993252602886579e-01,-8.451226596362661214e-02,-1.531614459984807219e-01,-9.059832879038384745e-02,-1.207113812055945340e-01,3.578846239778363802e-01,1.572501005406854724e-01,3.164171768175521593e-01,1.649358773850484738e-01,3.536619151883462209e-01,2.517717503016220770e-01,2.534027436435944414e-01,1.442289646543634674e-01,3.104160150140756746e-01,1.578265338040126808e-01,5.248670628714419834e-02,1.037177711247151413e-01,2.018320747129004888e-01,1.136869386478394917e-01,1.452522454086420389e-01,1.139684525671388338e-01,2.068367666115554782e-01,4.260243978730059167e-02,1.234773671745833107e-01,1.427722418338621124e-01,7.167880602350418240e-02,4.341570222083202674e-02,-2.181330711828053104e-01,-1.412708342642655934e-01,1.780016980204656152e-01,-1.020823093078332411e-01,-1.371732427722418268e-01,-1.752535859511148708e-01,8.802001876759461829e-02,-2.962420126010992250e-01,5.459135796952500203e-02,-1.401313731623397008e-01,-8.583940301175209744e-03,-2.295098083024263713e-01,-8.343983198534339618e-02,-1.707091469681397689e-01,-8.276509227400688506e-02,1.410786898431565239e-01,-6.138790830689485473e-02,-1.436257205415791549e-01,-2.444702622994771729e-02,-1.407524911747620455e-01,-1.038428884221815063e-01,-2.402207426605299512e-01,3.375485946646409469e-02,5.370659993744135441e-02,-9.690781536261673657e-02,4.700835604808079049e-03,-1.687072702086777898e-01,1.165467625899280629e-01,1.545824210197059845e-01,-1.226060145672282081e-01,-1.257875687028017220e-01,-1.588542830332007605e-01,1.105232584119040240e-01,-1.404441664060056272e-02
-6.412663657893561409e-01,-3.106841235086464925e-01,-2.547522230662674914e-01,6.153492113141785236e-01,-3.282765092274007035e-01,-5.879619285937709439e-02,3.171500067027123726e-01,0.000000000000000000e+00,1.628267572277581621e-01,3.323294159703293338e-01,-7.994995308101345011e-02,5.204834889852093527e-01,-4.253988113856741089e-03,8.410518789936994866e-01,5.750927208543724252e-03,3.024397873005942872e-01,-4.705393449215782842e-01,2.376647750122883040e-01,8.959292193574333596e-02,2.238571875418919610e-01,-2.869609902140399238e-01,-7.843067161177889879e-02,-1.385227221949148673e-03,8.392689575048035977e-02,-1.331158675544036850e-02,8.566066401537154873e-02,6.285803655212475471e-02,-3.263863443406765374e-01,-1.771348138880200207e-01,3.754055140980383509e-01,-2.590151481299432512e-01,4.333526967246079109e-02,3.270342732025559584e-01,4.470083560480808127e-01,3.058402967067340161e-01,4.338486974395638907e-01,-4.210063005496224031e-01,-6.097368068278297137e-01,-3.214174002412976267e-02,-5.106126279100943188e-01,-2.352428616113320659e-01,-1.579516511014790736e-01,1.026810849457080316e-01,-1.714017605791143539e-01,1.139058939184056513e-01,-5.943071629652799809e-03,1.988918182224406681e-02,-4.737923946557039828e-02,1.687430180079538822e-01,-1.117297466374726350e-01,2.223691853970239940e-01,-7.689351624290630127e-02,4.380401269046874102e-01,-1.370302515751374017e-01,4.666875195495777395e-02,-5.401492470619777553e-01,-4.694445685687475001e-01,-4.140980383395147513e-01,-2.250055855936368976e-01,-1.737074936324232433e-01,1.058045489074578849e-01,3.721033111399079663e-01,1.192770007596407333e-01,2.780687251441082974e-01,-1.346306805487287317e-01,5.212967514187407669e-01,-1.483578354707538183e-01,1.079181375396577186e-01,2.724875999821261274e-01,-1.827650922740068906e-01,1.771660932123866050e-01,-2.261361097457437741e-01,-9.816792528709951393e-02,1.835202645337146582e-02,5.893024710666249638e-02,6.437731802135930603e-02,1.224004647213905866e-01,-1.295232137271549178e-01,2.154743286116448386e-01,-2.486750971893292861e-01,3.818848027168327275e-01,-2.276330488404307573e-01,-6.644622190446400345e-02,-3.766924348719781768e-01,2.740113499262701868e-01,-2.683542606908262407e-01,-3.343089503552437725e-01,-5.839000849010232974e-01,4.934894320568389836e-01,-4.905715179409267379e-01,4.768622369185396836e-01,-3.183788373028285240e-02,1.552616292059520176e-01,-3.417891773537691802e-01,-4.336923008177309136e-01,3.480941954510925751e-02,1.197104428258635306e-01,-1.386925242414763781e-01,3.924661513025604065e-02,-2.424326377407390876e-01,2.995352786094105935e-01,-3.194557397560212619e-01,-1.040931230171142641e-01,-4.010366861790071180e-01,1.871263237856919392e-01,-5.525447964609678797e-01,-1.995576209839581838e-01,-5.094597613834398464e-01,-2.726752759283256888e-01,1.625541802582778361e-01,-1.341838330577773686e-01,5.396577148219312836e-02,7.166986907368515236e-02,2.537200053621698967e-02,6.368917288529424292e-02,-1.909245274587783314e-01
-5.967648241655123392e-02,2.242950980830242524e-01,5.037356450243531958e-01,3.577550382054604516e-01,5.931364225389874623e-01,4.762634612806649348e-01,1.159033022029581361e-01,1.628267572277581621e-01,0.000000000000000000e+00,4.802582778497698768e-01,-1.502882166316636126e-01,-7.301041154653917231e-02,-3.943429107645560899e-02,1.932347289869967288e-01,4.749363242325394530e-01,3.944546226372939168e-01,-2.196970374011349980e-01,8.505741990258725016e-02,3.084990392778944601e-01,3.212386612449171230e-01,-4.287948523169042570e-02,1.298091961213637680e-01,4.992627016399303064e-01,5.066714330399034738e-01,6.170963850037981535e-01,4.908351579605880755e-01,7.525090486616917707e-01,5.574556503865231161e-01,-2.989633138209928931e-01,3.179498637115152349e-01,2.162786540953572645e-01,3.493319630010277566e-01,9.172438446758121589e-02,2.757495866660708561e-01,3.530944188748380008e-01,3.681531793198981051e-01,1.645069037937351986e-01,-2.560123329907502687e-01,-1.201930381160909722e-01,-3.694401000938379864e-01,-1.657580767683989320e-01,1.456722820501362954e-03,-3.266365789356092675e-01,-1.231601054560078623e-01,-2.029134456410027210e-01,-1.924527458778318989e-01,-2.003083247687564294e-01,-2.101791858438714911e-01,-3.486036015907770791e-01,-4.170382948299745096e-01,-2.972340140310112400e-01,-5.623396934626212484e-01,-2.170204209303364662e-01,-5.968899414629786904e-01,-1.206488225568613445e-02,-4.423477367174583064e-01,-4.651235533312480380e-02,1.130658206354171330e-01,5.085124447026230163e-03,-2.903123463961749806e-01,-1.906430135394789893e-01,-1.963403190491085359e-01,-2.745118191161356469e-01,-1.737789892309754558e-01,1.423477367174583452e-01,1.225255820188569586e-02,2.015416238437821306e-01,1.996469904821484564e-01,2.251798561151079070e-01,3.284686536485097452e-01,4.480763215514544928e-01,2.592519773001474848e-01,3.446534697707672595e-02,2.467447160284194918e-01,3.315295589615264160e-01,6.255864873318736641e-02,3.841637249206845683e-01,3.214129317663881324e-01,-1.226775101657804207e-01,4.211537602216363502e-02,1.097234014031011201e-01,-1.483533669958443102e-01,1.982572947852897782e-01,-1.472362482684659857e-01,2.654542204745520273e-01,-5.368693864783948833e-01,1.401715894365253012e-01,-2.209124625765226391e-01,1.345323741007194152e-01,-5.740783770499128247e-01,3.350060324411278656e-01,4.212252558201885488e-01,3.744939452164975924e-01,2.496760355690602895e-01,-2.738951695786228102e-01,8.215291121140354258e-02,2.546807274677152511e-01,9.741275302739175286e-04,2.279503105590062195e-01,2.506144153000580688e-01,6.701818669288171770e-02,1.151168506188837704e-01,5.794137360918718560e-01,1.654184726752759294e-01,4.542294115018544187e-01,-9.714464453282094236e-02,4.771080030385629334e-01,2.686804593592206913e-01,9.129541087626792673e-02,-5.879172438446757937e-02,2.484427364940345884e-01,-2.875776397515528160e-01,1.599133115867554522e-01,2.030251575137405617e-01,-2.005764332633272196e-01,-1.239152777157156299e-01
-1.737119621073327791e-01,-2.810268555342061991e-01,-1.617677286742034981e-01,2.489163948344430000e-01,3.734304481880334481e-01,5.960543366548997080e-01,-9.180481701595245847e-02,3.323294159703293338e-01,4.802582778497698768e-01,0.000000000000000000e+00,-2.027793913937173120e-01,-6.275526162920595785e-02,-3.212833459940122455e-03,3.672013941641717460e-01,4.070780642566692101e-03,3.266991375843424916e-01,-5.448634880915144141e-01,-1.031994280352115795e-01,-3.176191965682112484e-02,-7.706778676437732456e-02,-1.221949148755529790e-01,1.052549264935877388e-01,-8.856517270655525284e-03,4.544438982975110633e-03,4.400285982394208650e-01,5.136467223736538301e-01,5.949372179275213002e-01,4.345502480003574641e-01,-3.058805129809196166e-01,1.541311050538451133e-01,1.003574779927610683e-01,1.331024621296751365e-01,2.132803074310737901e-02,3.444255775503820560e-01,1.641360203762455838e-01,2.604271862013494698e-01,9.479869520532642480e-02,-3.105143214620849634e-01,-2.905983287903838308e-01,-4.161937530720765110e-01,-3.982438893605612651e-01,-2.787077170561687023e-01,1.495643236963224432e-01,8.968675990884311666e-02,1.624156575360829469e-01,1.741588095982841145e-01,2.195808570534876492e-01,1.409312301711425908e-01,3.062469279234997233e-01,9.071897761294070439e-02,4.009160373564502611e-01,1.037669243487197857e-01,2.644085973457259153e-01,-1.707404262925063532e-02,-8.686715224094017362e-02,-4.155905089592921708e-01,-4.181151972831672475e-02,-2.160284195004245067e-01,2.852450958487868227e-01,6.584744626658921296e-02,4.369721614013137578e-02,7.024442557755038175e-02,-3.255418025827784834e-01,-1.020063452343715066e-01,-1.918450332901380784e-01,-1.439295768354260756e-02,-1.031324009115688750e-01,-7.224630233701237469e-02,2.127530273917511983e-01,-1.116537825640109005e-01,1.697841726618705138e-01,-1.147593726261227076e-01,-2.520219848965548071e-01,-9.464676705840296966e-02,1.707806425666919814e-01,-3.436123151168506418e-01,5.087805531971938133e-02,-1.435274140935698661e-01,-6.881451360650610305e-02,-3.062558648733187394e-01,-1.401134992627016407e-01,-5.355601233299075448e-01,-1.095580678314491269e-01,-4.878100004468474693e-01,-1.376781804370168505e-01,-5.090129138924884833e-01,-3.512221278877519226e-01,-5.610617096385003277e-01,5.657089235443942682e-02,-3.380535323294159844e-01,4.582197595960498804e-01,3.542517538764020091e-01,2.603110058537021487e-01,1.032530497341257458e-01,-3.122257473524286397e-01,8.268912820054515056e-02,1.734036373385763330e-01,1.311944233433129207e-02,1.787970865543589971e-01,3.110371330264980472e-01,8.058000804325483879e-02,7.063318289467804267e-02,1.659100049153224010e-01,2.549667098619241012e-01,3.265606148621475469e-01,-2.563072523347781351e-01,8.800661334286608017e-02,-2.181822244068099548e-01,1.268108494570802935e-01,1.499977657625452543e-01,-8.351579605880513762e-03,1.800706019035702987e-01,3.365119084856338372e-01,3.904106528441843027e-01,1.351579605880512958e-01,-7.572277581661379653e-02
4.232673488538362117e-01,2.873720899057151668e-01,-1.323517583448768908e-01,-3.798427096831851202e-01,-7.852450958487867949e-02,-2.169221144823271774e-01,4.031055900621117738e-01,-7.994995308101345011e-02,-1.502882166316636126e-01,-2.027793913937173120e-01,0.000000000000000000e+00,3.175655748692970959e-01,4.422762411189061216e-01,-5.193708387327405224e-02,-2.103355824657044681e-01,-3.236382322713258208e-01,5.960498681799901444e-02,1.313240091156888112e-01,3.314401894633361434e-01,2.599714017605790906e-01,1.642611376737119697e-02,8.949908396264355526e-02,-1.617900710487510663e-01,-3.390142544349613596e-01,-3.607578533446534896e-01,-2.440904419321685559e-01,-2.757451181911613758e-01,-2.063854506456946347e-01,2.129362348630412516e-01,6.122257473524286148e-02,4.251307028911032598e-02,2.515304526565083354e-02,6.626748290808347035e-03,-1.657804191429465080e-03,-3.279503105590061973e-01,-3.068188927119174236e-01,-3.627954779033915750e-02,-1.586040484382680305e-01,-6.273291925465838970e-02,-2.195629831538495891e-01,-1.241297645113722675e-01,-2.594977434201706790e-01,-1.840743554224943124e-01,-2.213771839671120345e-01,-2.047321149291746745e-01,-5.404173555565485593e-02,-2.652173913043478493e-01,-2.157245632065775964e-01,5.078421734661960063e-02,9.876670092497430442e-02,2.346396174985477395e-02,-9.075025693730730258e-02,6.561061709638500716e-02,8.430224764287948258e-02,-3.609187184413959609e-02,7.629474060503149691e-02,2.000491532240046555e-01,2.249564323696322532e-01,1.631127396219670123e-01,2.784262031368693879e-01,4.962464810760087719e-01,2.066312167657178567e-01,3.838554001519281500e-01,2.640421824031458087e-01,-1.247687564234326862e-01,-3.119799812324053900e-01,-3.183520264533714617e-01,-4.731087179945484555e-01,2.188256847937798955e-01,-3.476473479601411860e-03,-1.198444970731489360e-02,6.132534965816167222e-02,5.969435631618928706e-02,1.517181286027078913e-01,-6.542294115018544576e-02,1.216452924616828329e-01,9.651905804548907564e-02,-1.786049421332499068e-02,1.197015058760445005e-01,-8.257741632780732366e-02,-1.539836453818311732e-02,-7.474864828633986935e-02,-2.720273470664462123e-01,1.317976674560972228e-01,4.243710621564859842e-02,-5.658429777916797188e-02,-1.357969525001117006e-01,-1.191027302381697101e-01,1.113767371196210665e-01,2.662317351088073700e-02,1.232852227534742412e-01,1.359176013226685853e-01,1.391706510567943256e-01,1.460744447919924971e-01,1.161714106975289401e-01,-1.563921533580588941e-01,8.365878725590955578e-02,1.832387506144153022e-01,1.629563430001340629e-01,2.582823182447830379e-01,4.269627776040037237e-02,6.719692568926224907e-02,1.223021582733812944e-02,-1.038786362214576126e-01,-6.670986192412529936e-02,-3.387997676393047358e-02,-1.305464944814334893e-01,3.401403101121586864e-02,-3.350909334644085885e-02,3.393449215782653461e-01,4.715581572009473060e-02,1.127753697662987609e-01,-9.785066356852406555e-02,5.704901916975736037e-02,-2.094686983332588459e-01,1.561017024889405358e-01
-2.779614817462799925e-01,2.178604942133249844e-01,-1.657848876178560360e-01,1.890477679967826896e-01,-2.400196612896018655e-01,-1.654944367487376500e-01,2.630189016488672649e-01,5.204834889852093527e-01,-7.301041154653917231e-02,-6.275526162920595785e-02,3.175655748692970959e-01,0.000000000000000000e+00,-3.362527369408820771e-02,4.997676393047053023e-01,-1.981455829125519374e-01,6.224585548952142611e-02,1.133652084543545352e-02,3.857008802895571797e-01,5.899280575539568583e-02,5.082085884087760297e-01,-3.175298270700210174e-02,-1.185039546002949196e-01,-1.602395102551499306e-01,-5.390321283345993891e-02,-2.037133026498056110e-01,-2.177487823405871437e-02,-1.349479422673041662e-01,-2.987890432995218837e-01,5.376915858617453692e-02,4.166897537870324908e-01,4.990839626435497611e-02,3.258501273515349017e-01,2.370168461504088553e-01,3.327226417623664889e-01,-9.581303900978596633e-02,1.712543009071003930e-01,-1.888020018767594677e-01,-2.801152866526654406e-01,8.342642656061485459e-03,-2.950936145493542884e-01,5.069484784842932801e-02,3.337950757406497188e-02,-1.952589481210063038e-01,-3.530407971759238484e-01,-1.506412261495151672e-01,-1.644666875195495703e-01,-8.329684078823897109e-02,-1.633182894678046337e-01,-1.916975736181241244e-02,-1.045176281335180313e-01,-4.468474909513382850e-04,-2.221457616515483402e-01,2.439653246347021631e-01,-1.848295276822020661e-01,2.063854506456946347e-01,-9.064301353947896989e-02,-1.832923723133294547e-01,1.140578220653291064e-01,-7.823852719066982930e-02,5.295589615264310185e-02,1.736225926091425065e-01,4.937351981768622333e-01,4.486125385405960730e-01,6.041914294651236084e-01,-2.893873720899057256e-01,1.967201394164171668e-01,-3.061888377496760349e-01,-8.747933330354350223e-02,2.027927968184458640e-01,-8.986103043031413995e-03,1.773537691585861664e-01,2.776263461280665049e-02,-4.399213548415925601e-02,1.410250681442423715e-01,1.181241342329862887e-01,2.229322132356226782e-01,3.515215157066893248e-01,2.409088877965950282e-01,7.617409178247463997e-02,3.976942669466911051e-02,3.377407390857500302e-01,-4.354081951829840563e-02,-1.430626927029804707e-01,-1.317082979579069779e-01,1.390768130836945449e-01,-1.271370481254747720e-01,-1.171053219536172252e-01,-2.463336163367442766e-01,3.909111220340497628e-01,-2.564368381071540082e-01,2.097993654765628602e-01,-2.384691004960007021e-01,7.814468921757004860e-02,-3.784842933106930540e-01,-1.775905983287903722e-01,-6.491353501050091401e-02,6.883685598105367121e-02,-9.655480584476518191e-02,2.833415255373341046e-01,-2.563117208096876709e-01,7.964609678716653984e-02,-3.826086956521739246e-01,6.826042271772643499e-02,-4.101568434693239062e-01,1.572679744403235047e-01,-1.861343223557799798e-01,6.986907368515125893e-02,-1.113275838956164221e-01,-1.638545064569462417e-01,1.713972921042048458e-01,1.837526252290093420e-01,-1.844407703650743913e-01,-1.350819965145895751e-01,-2.373877295678984700e-01,-3.030474998882881077e-01,1.040305643683810677e-01
3.614772778050851509e-01,-1.204477411859332381e-01,2.177040975914920282e-02,-7.936905134277670582e-02,-2.894588676884579104e-01,-1.109432950533982692e-01,4.735689709102283151e-01,-4.253988113856741089e-03,-3.943429107645560899e-02,-3.212833459940122455e-03,4.422762411189061216e-01,-3.362527369408820771e-02,0.000000000000000000e+00,-2.262835694177577073e-02,-7.164305822422807613e-02,-1.100361946467670604e-01,-1.165556995397470791e-01,-3.689575048036105032e-01,2.254703069842262930e-01,-9.216676348362304316e-02,-2.387774252647571482e-01,-3.390544707091469601e-01,1.434201706957415334e-01,-8.390008490102328353e-02,-2.747218374368827834e-02,-2.533178426203136838e-02,-2.549086196881004684e-01,-2.980025917154475318e-02,-5.205773269583091611e-02,-3.857947182626569327e-01,-1.220787345279056302e-02,-2.681040260958934551e-01,1.256088297064212045e-01,-1.099959783725814322e-01,1.804236114214218811e-01,-8.003038562938469269e-02,-2.357567362259260779e-02,8.772063094865722999e-02,-3.777827427498994806e-01,-1.125385405960945551e-01,-5.266991375843424472e-02,-1.609231869163054718e-01,5.023906340765896261e-02,-6.598596898878412997e-02,-6.123151168506189151e-02,1.005853702131462579e-01,-1.359176013226685853e-01,-8.395370659993743601e-02,1.343625720541579138e-01,9.189418651414271721e-02,4.455516332275794023e-02,1.427409625094955004e-01,-2.354171321328030753e-01,5.088699226953840443e-02,-3.591626078019571899e-01,-2.199874882702533563e-01,-9.166182581884803338e-02,-1.210197059743509523e-01,2.838196523526520521e-01,1.380311899548684051e-01,5.454309844050225786e-01,1.799231422315563655e-01,-9.161714106975289706e-02,-3.325975244649001517e-01,3.751910273023816855e-01,5.385852808436480954e-02,1.610527726886813449e-01,-1.451450020108137062e-01,-7.318468206801018172e-02,-1.279949953081013503e-01,-1.486393493900531881e-01,1.069797578086598977e-01,2.296349255998927572e-02,-1.851557263505965445e-01,-1.891147951204253941e-01,-5.912239152777157281e-02,-1.936458286786719718e-01,-3.233611868269359868e-01,-2.946601724831315328e-01,5.296483310246213189e-02,-4.281603288797533602e-01,-2.442334331292729810e-01,-3.499083962643549928e-01,-1.204522096608427600e-01,-3.430448188033424078e-02,5.214710219402118180e-02,-1.507395325975244560e-01,-7.100406631216765740e-02,-1.720809687653603870e-01,1.117744313865677713e-01,-1.243576567317574572e-01,1.353054202600652289e-01,-2.149783278966888589e-01,7.278698780106349076e-02,2.216363555118637876e-02,-2.840877608472228699e-01,-1.895705795611957734e-01,-9.774342017069574673e-02,-3.471424102953661883e-01,8.186246034228518431e-02,-3.593815630725233357e-01,-5.091827159390500263e-02,-3.986907368515125727e-01,6.725948433799544546e-02,-3.324187854685196064e-01,1.395951561731980928e-01,-2.757674605657089439e-01,-1.280173376826489184e-01,-2.504937664775012118e-01,1.276285803655212436e-01,2.522454086420304609e-02,-8.793958621922337571e-03,7.870324858125921086e-02,7.606684838464632115e-02,1.585102104651682497e-01,-1.372045220966084389e-01
