0.000000000000000000e+00,8.949104070780642406e-01,3.089548237186648394e-01,3.951338308235399222e-01,-8.282765092274006757e-02,1.953170382948299713e-02,3.353724473837079167e-01,1.581303900978595911e-01,-1.254211537602216431e-01,-7.641538942758836772e-02,4.578444077036507576e-01,-8.033424192323160296e-02,2.532865632959471203e-01,-3.398811385674069263e-01,-1.368247017292997976e-02,-1.875418919522766834e-02,6.113633316948925422e-01,5.900442379016042072e-01,6.448634880915143919e-01,7.468921757004334250e-01,-1.117118727378345767e-03,-6.590106796550337931e-02,1.741990258724697149e-01,1.747441798114303668e-01,-7.792573394700388900e-02,4.312525135171366153e-02,4.489476741588095676e-02,1.358461057241163727e-01,4.492023772286518613e-01,2.000491532240046555e-01,2.372045220966084167e-01,9.491487555297377365e-02,4.701327137048125215e-01,3.747754591357969622e-01,-2.045042227087894848e-01,-3.972563564055587859e-01,-6.817552169444568433e-02,-3.597122302158273222e-02,-3.218419053577014077e-01,-2.770543813396487698e-01,5.534206175432324765e-02,-1.401939318110728694e-01,-3.539791769069216554e-01,-1.323115420706912626e-01,-1.873944322802627571e-01,-2.110326645515885335e-01,-6.332097055275034414e-01,-6.029670673399168956e-01,-3.274766522185977857e-01,-2.767192457214352475e-01,7.466821573796862677e-02,2.739621967022655077e-02,-2.619822154698601135e-01,-2.657178604942133093e-01,-5.602216363555118095e-01,-4.310335582465704696e-01,8.884177130345413120e-01,8.268019125072613162e-01,1.077483354930962034e-01,4.691898654989052481e-04,1.764243263774074033e-01,-1.355199070557218943e-01,1.482461235980160053e-01,-9.707314893426872981e-02,-4.922471960319942802e-02,-3.466464095804102086e-01,-1.569730550962956384e-01,-2.443942982260154662e-01,8.224496179453952838e-01,6.626078019571920441e-01,3.878636221457616717e-02,1.349702846418517344e-01,3.253049734125742880e-03,1.779570132713704789e-01,-2.979221591670762614e-01,-9.404799142052817917e-02,-3.649850306090531016e-02,-1.675990884311184537e-01,3.960141203807140409e-01,2.480271683274498373e-01,3.809687653603824886e-01,3.641136780016980268e-01,-5.449305152151570630e-02,-1.045623128826131572e-02,4.577461012556414688e-01,2.728406094999776821e-01,-2.176772867420349311e-01,-3.341525537334107815e-02,-9.754680727467715529e-02,-3.242727557084766898e-01,-6.363510433888913687e-01,-5.824791098797980071e-01,-4.387684883149380877e-01,-4.496715670941507925e-01,-2.385763438938290348e-01,-2.551409803833951662e-01,-3.263059117923052810e-01,-9.946825148576790565e-02,-5.452879932079180980e-01,-5.318066044059162056e-01,-4.765181643505071452e-01,-4.000893694981902948e-01,-4.384065418472675169e-01,-3.449215782653380358e-01,-2.180660440591626059e-01,-2.669690334688770705e-01,-3.807229992403592389e-01,-3.480271683274498429e-01,-2.631038026721480017e-02,-2.357567362259260779e-02,-4.226730416908708876e-01,-3.159524554269627639e-01,-4.662630144331739723e-01,-2.984315653067607932e-01,-2.895571741364671992e-01,-1.321149291746726850e-01
8.949104070780642406e-01,0.000000000000000000e+00,2.500335135618213522e-01,3.408463291478618373e-01,-3.244112784306715791e-02,-5.943518477143750617e-02,2.221278877519102801e-01,2.471513472451852128e-02,-6.636132088118325278e-02,-1.118861432593055982e-01,3.404441664060056105e-01,-1.796997184860807117e-01,1.133696769292640433e-01,-3.823852719066982431e-01,4.561419187631261113e-02,3.239644309397202854e-02,5.944635595871129441e-01,6.287188882434424642e-01,6.344474730774386506e-01,7.670762768667054310e-01,4.954198132177487640e-02,-4.598060681889270911e-03,2.477188435586934190e-01,1.602439787300594387e-01,-9.021403994816569460e-02,2.601992939809642802e-02,5.399705080655971962e-02,1.550962956343000243e-01,4.068635774610125377e-01,1.086062826757227817e-01,1.444479199249296131e-01,1.444657938245676697e-02,4.463023370123776479e-01,3.337861387908306887e-01,-2.094597613834398298e-01,-4.373966665177175250e-01,-1.245542696277760347e-01,-7.048125474775458754e-02,-3.502792796818445797e-01,-3.152464363912596546e-01,5.835381384333526711e-02,-1.203851825372000556e-01,-3.105902855355467396e-01,-1.257473524286161215e-01,-7.759506680369990250e-02,-6.722820501362884726e-02,-5.760132266857321826e-01,-5.557442244961794398e-01,-2.402967067339916996e-01,-1.950042450511640379e-01,5.972563564055587831e-02,3.639572813798650636e-02,-3.256535144555163241e-01,-3.351534921131417710e-01,-6.300728361410250500e-01,-5.279994637830108806e-01,9.253854059609455396e-01,9.304169087090575774e-01,1.161892845971669863e-01,-1.524643639125966392e-02,2.060235041780240361e-01,-1.934268734081058261e-01,1.521336967692926423e-01,-1.262656955181196694e-01,-1.246704499754233827e-03,-3.181017918584387316e-01,-8.366772420572858582e-02,-1.950265874257116061e-01,8.290763662362036213e-01,7.350283748156754005e-01,-4.384914428705483092e-02,2.830332007685777002e-02,-1.398230483935832824e-01,5.965414004200366577e-02,-3.621654229411501724e-01,-2.237633495687921803e-01,-1.945350551856651344e-01,-2.486616917646007341e-01,4.108360516555699671e-01,2.189910183654318887e-01,3.996693328566960357e-01,4.094731668081683651e-01,-2.354886277313552809e-02,3.375932794137360970e-02,4.949819026766164587e-01,3.523794628893158754e-01,-1.776174091782474762e-01,-1.857098172393761848e-02,-1.533491219446802833e-01,-3.611689530363286771e-01,-6.473032753921086346e-01,-6.767147772465257338e-01,-4.088297064211984244e-01,-4.783815183877742627e-01,-2.273828142454979995e-01,-2.779123285222753204e-01,-2.711336520845435416e-01,-7.049019169757361758e-02,-6.201036686179006718e-01,-6.382412082756154792e-01,-5.181822244068099437e-01,-3.917333214174002487e-01,-4.503239644309396938e-01,-3.368515125787568953e-01,-2.145314804057375235e-01,-2.765315697752356860e-01,-3.954823718664819965e-01,-4.031055900621117738e-01,-6.675901514812994028e-03,9.464676705840296966e-02,-3.723267348853835923e-01,-3.602484472049689579e-01,-4.750793154296438781e-01,-2.616694222261942149e-01,-2.993341972384824801e-01,-1.795343849144287185e-01
3.089548237186648394e-01,2.500335135618213522e-01,0.000000000000000000e+00,5.113767371196210609e-01,1.732025559676482473e-01,4.178024040395013350e-02,3.880110818177756049e-01,7.658072299924036097e-02,1.923142231556369819e-01,2.880602350417802437e-01,3.078332365163769652e-02,2.535412663657893653e-02,2.878412797712140980e-01,4.179364582867867162e-02,3.100496000714956235e-01,2.110818177755931779e-01,3.098753295500245586e-01,3.562849099602306002e-01,3.531256981992045851e-01,4.346708968229143211e-01,3.162518432459001660e-01,2.806649090665355728e-01,4.384869743956387733e-01,6.488046829617051259e-01,3.024040395013182225e-01,2.764109209526788291e-01,3.939452164976093851e-01,9.633138209928951423e-02,4.262299477188435382e-01,3.008892265069931793e-01,1.864694579739934743e-01,3.595603020689038809e-01,2.823316502077840573e-01,2.827025336252736998e-01,3.645828678671969025e-01,1.780597881942892757e-01,-6.293846910049599730e-02,-8.397604897448500416e-02,-1.398945439921354950e-01,2.506814424237007941e-03,5.081549667098619188e-02,2.682202064435408317e-01,-3.316502077840832730e-01,-3.083068948567853629e-01,-3.580454890745788377e-01,-3.982572947852897616e-01,-2.839537065999374610e-01,-3.651905804548907231e-01,-3.889405245989543958e-01,-3.856785379150096116e-01,-1.739041065284418486e-01,-2.577684436301890258e-01,-3.940703337950757223e-01,-3.942803521158228519e-01,-1.913847803744581910e-01,-1.991956745162875853e-01,2.577282273560033699e-01,1.883194065865320121e-01,-9.570579561195763363e-02,-1.113141784708878840e-01,9.392734259797130836e-02,7.484695473434917201e-02,1.735600339604093101e-01,-2.197595960498681736e-02,4.476384110103222014e-01,1.409222932213235746e-01,2.752089012020197401e-01,1.617721971491130062e-01,2.413780776620939317e-01,2.002815139192993532e-01,2.278922203851825243e-02,6.616023951025515326e-02,1.260199293980964197e-01,6.152643102908977174e-02,1.407971759238571818e-01,1.102506814424236981e-01,2.219268063809821667e-01,2.226864471155994563e-01,1.837302828544617739e-01,3.465346977076723678e-01,1.806112873676214425e-01,2.955896152643102681e-01,2.418785468519594195e-01,2.263193172170338274e-01,6.125385405960945273e-02,-2.585414897895348396e-01,4.241923231601054528e-02,3.665936815764779533e-02,-2.508244336208051983e-01,-3.468340855266097700e-01,-5.155681665847445805e-01,-4.214084632914786299e-01,-5.017963269136244131e-01,-3.283703472005004564e-01,1.193082800840073333e-03,-3.735645024353188414e-03,-3.396040931230170923e-02,-2.523794628893158767e-02,-2.728227356003395943e-01,-2.596362661423656237e-01,-2.470932570713615384e-01,-1.625854595826444482e-01,-1.935296483310246229e-02,-1.404173555565485509e-01,7.751463425532865992e-02,3.038562938469100468e-03,-2.942043880423611535e-02,7.675499352071138426e-02,-8.379284150319496471e-02,3.494794226730416759e-02,3.604718709504445978e-02,-5.500469189865498931e-01,-5.267885070825327753e-01,-3.222619419991956669e-01,-1.751195317038294758e-02,6.890835157960588375e-02
3.951338308235399222e-01,3.408463291478618373e-01,5.113767371196210609e-01,0.000000000000000000e+00,-2.902721301219893593e-02,1.172304392510836041e-01,3.589034362572053882e-01,5.608650967424817502e-01,-6.514142723088610365e-02,7.505250458018677961e-02,2.344072568032530557e-01,2.601456722820501555e-01,1.862951874525224649e-01,-6.222798158988337297e-02,-1.827784976987354149e-01,-1.359086643728495414e-01,3.086599043746369175e-01,2.253094418874838079e-01,3.680235935475222320e-01,4.907368515125787312e-01,-7.293891594798694589e-02,-1.769203270923633831e-01,4.936681710532195289e-01,6.049287278251932465e-01,2.980025917154475179e-01,3.042584565887662684e-01,2.272711023727601864e-01,-3.590866437284954971e-02,2.860181420081326364e-01,3.196255418025827910e-01,1.875329550024576741e-01,3.984941239554939951e-01,3.333080119755127413e-01,4.342597971312391336e-01,1.699048214844273708e-01,1.675588721569328254e-01,-1.690647482014388525e-01,-1.881361991152419588e-01,-5.078868582152911149e-01,-4.079628222887528577e-01,-3.245766120023236279e-01,-1.459672013941641644e-01,-3.917288529424907129e-01,-1.870548281871397267e-01,-1.667366727735823673e-01,-1.884400554090888691e-01,-3.958353813843335511e-01,-3.807632155145448949e-01,-1.518745252245408683e-01,-1.051566200455784500e-01,9.913311586755439719e-02,6.323338844452387753e-02,-2.437150900397694331e-01,-2.697305509629563391e-01,-5.156485991331158925e-01,-5.623128826131641445e-01,3.627061084052012885e-01,2.156754099825729520e-01,-1.895839849859242976e-01,-7.290316814871083961e-02,1.081683721345904625e-01,2.156083828589302476e-01,1.682380803431788793e-02,7.927968184458644707e-02,2.337280486170070226e-01,3.138612091693105399e-01,-1.666294293757540623e-02,2.470128245229903097e-01,2.742034943473792286e-01,3.236114214218687168e-01,1.679029447249653639e-01,2.106751865588274708e-01,2.451673443853612799e-01,3.143572098842665197e-01,-9.940569283703472314e-02,5.267438223334375974e-02,8.113856740694401493e-02,7.185307654497519701e-03,2.651190848563385050e-01,2.143572098842664864e-01,2.378658563832164174e-01,3.316323338844452406e-01,-3.004110996916752319e-01,-1.918986549890522308e-01,7.907413199874882559e-02,7.182179722060860749e-02,-4.194155234818356393e-01,-2.467804638276956120e-01,-3.905804548907457763e-01,-4.431833415255373443e-01,-3.667768890477680066e-01,-3.216497609365923660e-01,-2.915679878457482221e-01,-3.150185441708744927e-01,-4.933643147593726463e-01,-4.644354081951829749e-01,-4.370213146253184022e-01,-2.764690111265025174e-01,-2.058492336565530267e-01,-2.072836141025068135e-01,-4.001787389963805119e-01,-1.998748827025336183e-01,-2.331113990794941582e-01,-2.175968541936637024e-01,-2.288752848652754815e-02,-8.411457169667992118e-02,-7.370302515751374350e-02,-2.118101791858438832e-01,-2.493453684257563030e-01,-1.243353143572098890e-01,-6.850172036284016448e-03,-3.401939318110728805e-01,-3.338755082890209613e-01,-9.319004423790160085e-02,6.732204298672862797e-02,2.387014611912953999e-01
-8.282765092274006757e-02,-3.244112784306715791e-02,1.732025559676482473e-01,-2.902721301219893593e-02,0.000000000000000000e+00,6.175521694445685883e-01,-1.939943697216140184e-01,-3.720675633406318461e-01,4.408195182984047666e-01,5.966977970418696486e-01,-2.510076410920952794e-01,-2.909021850842307688e-01,-1.498324321908932610e-01,-1.787389963805353140e-03,5.392198042807989644e-01,6.009651905804549443e-01,-3.597122302158273568e-03,4.350060324411278434e-02,9.919567451628759358e-02,8.210822646230842015e-02,3.904598060681889193e-01,3.824835783547075319e-01,2.568747486482863551e-01,3.351356182135037387e-01,7.073685151257875781e-01,6.049868179990169903e-01,5.662049242593503173e-01,6.205996693328567071e-01,1.751284686536485058e-01,1.691541176996291251e-01,2.434871978193842504e-02,1.422673041690870888e-01,8.448098663926001395e-02,4.625765226328254487e-02,2.128289914652129189e-01,1.200947316680816834e-01,2.496983779436078368e-02,-4.167299700612180774e-02,7.118280530854819571e-03,1.078242995665579414e-02,7.601322668573215480e-02,2.052057732695830861e-01,-2.209928951248938678e-01,-2.397962375441261840e-01,-2.982036730863756313e-01,-2.854104294204388159e-01,-1.441932168550873472e-01,-1.551186380088475925e-01,-2.056213414361678371e-01,-2.981723937620090470e-01,-2.507350641226149257e-01,-2.718754189195227711e-01,-2.916082041199338781e-01,-1.588051298091961161e-01,-2.162026900218955161e-01,-2.345949327494526171e-01,-1.247151347245185199e-02,-8.535233924661513039e-02,-4.712051476830957375e-01,-4.080075070378479940e-01,-7.909200589838688567e-02,-1.892175700433442187e-01,7.536529782385271992e-02,-1.645471200679208268e-01,7.297019527235354408e-02,-7.204075249117476709e-02,-2.202511282899146522e-02,-4.943026944903704256e-02,4.994414406363108239e-02,8.245676750525045284e-02,2.174359890969212172e-01,1.990482148442736521e-01,6.403324545332678142e-02,4.317440457571830592e-02,2.100049153224004539e-01,5.621341436167835541e-03,2.493364314759372591e-01,3.713034541311050485e-01,4.243442513070289079e-01,5.222306626748290936e-01,2.230483935832700271e-01,2.404441664060056327e-01,2.990124670449975652e-01,2.493543053755753192e-01,1.614817462799946479e-01,5.757183073417043023e-02,2.571830734170427735e-01,9.611242682872335463e-02,-1.018901648867241577e-01,-2.546807274677152511e-01,-2.716028419500424729e-01,-2.617856025738415360e-01,2.212341927700076094e-02,3.282988516019482578e-02,6.773761115331337901e-02,-2.587246972608248791e-03,5.829125519460208460e-02,-4.155681665847446582e-02,-4.494704857232226791e-01,-4.051610885204879331e-01,-1.233254390276598556e-01,-3.375039099155457967e-02,-8.651414272308860509e-02,-1.713168595558335894e-01,6.656687072702087427e-02,5.946646409580410436e-02,-1.109388265784887612e-01,1.606863577461012729e-02,-3.626614236561061522e-01,1.845926985119978603e-01,-1.013896956968586560e-02,-4.725233477814022032e-01,-2.554224943026944805e-01,-4.061843692747665185e-02,-8.975378703248580725e-02,-2.157200947316680884e-01
1.953170382948299713e-02,-5.943518477143750617e-02,4.178024040395013350e-02,1.172304392510836041e-01,6.175521694445685883e-01,0.000000000000000000e+00,-2.824969837794360714e-02,2.280709593815630556e-02,4.329952187318468482e-02,6.801867822512176476e-01,-1.586353277626346148e-01,-9.409714464453282357e-02,2.351311497385942181e-02,-1.572009473166808280e-01,3.288350685910898519e-01,5.153402743643594741e-01,-1.233165020778408394e-01,-1.388936056124044915e-01,2.096116895303632988e-01,1.087090575986415786e-01,3.011707404262924936e-01,2.146074444791992442e-01,1.831315072165869695e-01,1.868582152911211491e-01,7.206845703561374217e-01,7.381250279279681914e-01,4.520309218463738343e-01,6.154653916618257892e-01,1.918584387148666026e-01,3.217078511104159988e-01,2.893650297153581574e-01,3.805442602439787492e-01,9.710442825863532801e-02,1.614638723803565878e-01,1.343357612047008376e-01,9.714017605791143428e-02,2.662227981589883608e-01,1.462174359890969222e-01,4.736136556593234515e-02,7.805531971937977598e-02,6.967692926404217557e-02,5.556101702488940725e-02,-3.439385137852450924e-01,-2.287591045176281257e-01,-3.451226596362661492e-01,-3.803208364985030676e-01,-3.516466330041556621e-01,-3.278341302113588762e-01,-3.391393717324276968e-01,-3.715179409267617139e-01,-3.462263729389159495e-01,-3.492425935028374839e-01,-1.878412797712140925e-01,-5.438133964877787420e-03,-1.750748469547343533e-01,-2.289199696143706109e-01,-7.545466732204299254e-02,-1.251351713660127929e-01,-5.594441217212565709e-01,-2.763841101032217806e-01,-2.600920505831360030e-01,-1.126010992448277376e-01,-1.213995263416595971e-01,-5.599892756602171950e-02,-1.625541802582778361e-01,-8.810045131596586088e-02,-2.602037624558737883e-01,-1.406631216765717729e-01,3.922874123061798751e-02,1.572456320657759574e-02,3.567138835515438755e-01,4.344921578265338313e-01,2.254524330845882329e-01,3.792484025202198517e-01,1.119442334331292727e-01,1.907547254122168023e-01,1.971669869073685022e-01,2.253273157871218679e-01,4.052862058179543259e-01,4.003351356182134890e-01,1.241744492604674038e-01,1.983868805576656791e-01,8.031189954868403480e-02,1.799812324053800539e-01,5.764332633272264278e-02,1.269895884534608388e-01,2.169846731310603738e-01,2.545600786451583941e-01,8.142901827606237319e-02,-4.165065463157424652e-02,-4.579739934760266445e-02,1.029983466642834730e-02,1.993252602886634861e-01,1.927834130211358854e-01,-6.949372179275213612e-02,-8.422181509450824000e-02,-2.204968944099378880e-01,-2.858125921622949872e-01,-2.296438625497117803e-01,-1.850529514276777199e-01,9.692122078734527468e-02,1.302381697126770710e-01,5.361276196434156677e-02,1.519281469234550234e-03,1.038562938469100444e-01,1.068903883104696390e-01,1.681397738951695697e-01,1.798427096831851368e-01,-3.859198355601233255e-01,-1.744626658921310247e-01,-1.697439563876848856e-01,-1.801197551275749709e-01,-4.228070959381562827e-02,9.425800974127530873e-02,-1.873944322802627571e-01,6.153089950399928676e-02
3.353724473837079167e-01,2.221278877519102801e-01,3.880110818177756049e-01,3.589034362572053882e-01,-1.939943697216140184e-01,-2.824969837794360714e-02,0.000000000000000000e+00,4.490861968810045401e-01,-1.040395013182000977e-01,3.728048617007015397e-02,4.362214576165154845e-01,2.547656284909960434e-01,6.030519683631976324e-01,1.376022163635551299e-01,1.151749407927074448e-01,3.425532865632959639e-02,1.210331113990794905e-01,1.361186826935966709e-01,4.667456097234014001e-01,2.714911300773046321e-01,-3.291478618347557644e-02,-3.392466151302560295e-02,3.183028732293667895e-01,1.865320166227266707e-01,-6.717458331471469479e-02,8.427543679342241328e-03,-1.188256847937798760e-01,-3.217301934849636086e-02,3.769113901425443225e-01,3.052817373430448122e-01,3.401000938379730720e-01,3.197640645247776803e-01,3.021850842307520213e-01,3.004647213905893843e-01,-5.685240627373877587e-02,-6.722373653871933918e-02,-1.685910898610304409e-01,-6.203136869386478153e-02,-1.365521247598194821e-01,-4.694132892443808602e-02,-6.330488404307610395e-02,-6.292953215067696726e-02,-1.489342687340810545e-01,-1.667947629474060556e-01,-8.032977344832208100e-02,-2.217882836587872497e-01,-4.153402743643594408e-01,-4.885115510076410983e-01,-1.097144644532820901e-01,-2.420081326243353204e-01,3.187363152955895867e-02,-1.034630680548728754e-01,-4.217882836587872331e-01,-3.458688949461548590e-01,-3.283077885517672878e-01,-3.832834353635104496e-01,2.407167433754859587e-01,1.799276107064658736e-01,-6.204924259350283466e-02,-2.600563027838598829e-01,3.616917646007417608e-01,1.928415031949595737e-01,4.257071361544305099e-01,3.116180347647348192e-01,1.859198355601233421e-01,-6.207158496805040282e-02,-3.467536529782385551e-02,-1.584744626658921296e-01,3.039903480941954367e-02,-5.770141650654631721e-02,8.659010679655033960e-02,6.551231064837570450e-02,9.760489744850082972e-02,5.492649358773850354e-02,5.679431609991510144e-02,2.014477858706823499e-01,1.190848563385316604e-02,-8.446311273962196775e-02,9.496849725188792612e-02,3.299521873184681903e-02,1.253005049376647861e-01,1.521917869431163028e-01,-2.347736717458331554e-02,-1.122883060011617973e-01,2.016935519907055718e-01,-1.749273872827204201e-01,-1.348853836185709698e-01,-7.121855310782429505e-02,-1.122927744760713123e-02,-1.822869654586889432e-01,-3.531480405737521533e-01,-1.573394700388757450e-01,-2.612538540596094361e-01,-1.910138969569685763e-01,-2.726797444032351692e-01,-2.588721569328388261e-01,-2.548818088386433645e-01,-2.368112963045712616e-01,-1.587693820099200237e-01,-1.051029983466642836e-01,-1.567675052504580169e-01,-2.035390321283345877e-02,-1.266276419857902402e-01,-1.444032351758344768e-01,-6.712989856561955848e-02,-1.084320121542517584e-01,-9.680504043969792582e-02,-1.306537378792617943e-01,-7.212118503954600274e-03,-2.183788373028285323e-01,-1.256758568300639090e-01,-1.287903838419947322e-01,-2.562446936860449664e-01,-3.175745118191161676e-02,-1.423879529916439457e-01,1.466374726305911813e-01
1.581303900978595911e-01,2.471513472451852128e-02,7.658072299924036097e-02,5.608650967424817502e-01,-3.720675633406318461e-01,2.280709593815630556e-02,4.490861968810045401e-01,0.000000000000000000e+00,-1.226462308414138225e-01,-1.190401715894365275e-02,4.827338129496402952e-01,6.898565619554045680e-01,4.077528039680057281e-01,1.434380445953795935e-01,-4.421511238214397288e-01,-3.556637919478082277e-01,2.423700790920059120e-02,-4.409937888198757483e-02,1.633629742168997701e-01,1.921757004334420649e-01,-3.332722641762366766e-01,-3.956521739130434701e-01,1.073059564770543761e-01,1.555610170248893920e-01,-1.339201930381160865e-01,-4.653022923276285694e-02,-2.634523437150900205e-01,-3.412038071406229278e-01,1.360829348943205785e-01,2.244112784306716013e-01,1.425666919880244909e-01,3.431207828768041423e-01,2.140980383395147124e-01,3.832744984136914335e-01,-1.319987488270253292e-02,8.100451315965860599e-02,-2.018142008132624288e-01,-1.501943786585638319e-01,-3.935788015550292784e-01,-2.899638053532329618e-01,-2.744850082666785984e-01,-2.375754055140980314e-01,-1.920371777112471479e-01,-1.561329818133071201e-01,9.105858170606372093e-02,2.800840073282988632e-02,-3.109075472541221741e-01,-2.856249162160954258e-01,4.859019616604852432e-02,5.084677599535278314e-02,1.608382858930247072e-01,1.164171768175521759e-01,-2.112337459225166469e-01,-8.957951651101478396e-02,-2.939273425979713195e-01,-3.156217882836587774e-01,5.027034273202556081e-02,-3.520264533714643346e-02,-1.581929487465927875e-01,-7.518655882747218855e-02,3.083068948567853629e-01,5.374681621162696876e-01,2.034049778810491926e-01,4.867688457929308932e-01,1.471915635193708424e-02,3.500737298360069860e-01,-7.664775012288306544e-02,1.976004289735913133e-01,-8.351132758389562261e-02,-2.101076902453192716e-02,4.708432012154251806e-02,1.566111086286250398e-01,2.852719066982438711e-01,3.123106483757093765e-01,6.489119263595334586e-02,2.287322936681710495e-01,3.068948567853791581e-02,-8.880647035166897019e-02,-2.164082398677331584e-02,-1.239063407658965998e-01,-5.406854640511193563e-03,1.798248357835470768e-01,-4.868984315653067663e-01,-3.273157871218553283e-01,-7.402475535099869997e-02,1.606416729970061227e-02,-5.170382948299745429e-01,-2.533759327941373374e-01,-1.959515617319808611e-01,-2.083649850306090456e-01,-2.021091201572903021e-02,6.319317217033826317e-02,-1.097904285267438246e-01,-1.458108047723312151e-01,-4.204030564368381184e-01,-3.623530988873497338e-01,-3.642343268242548837e-01,-1.794584208409669701e-01,8.901202019750659167e-02,1.649358773850484738e-01,-1.403056436838107102e-01,-5.923410340050940665e-02,-1.785200411099691631e-01,-7.495866660708699891e-02,-1.426739353858527959e-01,-1.184503329013807532e-01,-1.078019571920103697e-01,-2.349568792171231879e-01,-1.023772286518611213e-01,-2.080745341614906874e-01,-7.458331471468787610e-02,1.241163590866437294e-01,-9.777023102015282643e-03,1.211269493721792712e-01,1.628133518030296378e-01,2.541891952276688071e-01
-1.254211537602216431e-01,-6.636132088118325278e-02,1.923142231556369819e-01,-6.514142723088610365e-02,4.408195182984047666e-01,4.329952187318468482e-02,-1.040395013182000977e-01,-1.226462308414138225e-01,0.000000000000000000e+00,2.981008981634568067e-01,-8.160328879753339648e-02,1.813173064033245518e-01,8.233165020778408782e-02,2.797533401849948698e-01,3.238929353411680867e-01,2.181956298315385068e-01,1.186380088475803146e-02,1.968452567138835596e-01,-7.707672371419634072e-02,1.717681755216944606e-02,1.065552526922561305e-01,1.097859600518343026e-01,1.031100585370213207e-01,2.490817284060949932e-01,2.103534563653425005e-01,-9.270298047276465114e-02,7.323830376692434807e-02,-3.333035435006032748e-02,-2.722194914875553096e-02,-5.094061396845256731e-04,-4.431520622011707600e-01,-1.992984494392064099e-01,1.846910049600071491e-01,1.112024665981500571e-01,2.882032262388846688e-01,2.865320166227266485e-01,-3.199919567451628977e-01,-4.814066759015148134e-01,-2.718128602707896024e-01,-1.898967782295902518e-01,-1.154385808123687407e-01,7.407837704991286631e-02,5.125340721211850414e-02,-1.581259216229500830e-01,-8.440502256579829332e-02,-6.769292640421824270e-02,6.335403726708074834e-02,6.531569775235712694e-02,2.879574601188614191e-01,1.547343491666294257e-01,1.699495062335225071e-01,1.282943831270387525e-01,-2.712632378569194147e-01,-9.195674516287591360e-02,-5.872022878591536682e-02,-9.973635998033870964e-02,-1.440189463336163413e-02,-1.522945618660351275e-01,-1.618034764734796113e-02,-2.963492559989275854e-01,4.634657491398185836e-01,3.823763349568792269e-01,4.758166137897135717e-01,2.657267974440323255e-01,3.255864873318736197e-01,2.174091782474641410e-01,4.042718620134947982e-01,2.299298449439206304e-01,-9.718486080700657059e-02,-1.719915992671701074e-02,-1.675633406318423613e-01,-1.556101702488940641e-01,9.243040350328432520e-02,-1.841547879708655411e-01,3.360427186201349614e-01,3.173957728227355668e-02,2.806202243174404365e-01,3.570177398453907580e-01,2.351311497385942181e-02,4.571696679923142187e-02,-1.885294249072791417e-01,-3.205683900084901200e-02,1.029089771660932073e-01,-4.619062513963984040e-02,-1.286518611197998152e-01,-1.997229545556101771e-01,-1.006613342866079785e-01,-2.654050672505474107e-01,-3.449796684391617241e-01,-4.841056347468609133e-01,-1.542204745520353859e-01,-1.256803253049734170e-01,-9.792662764198578618e-02,-1.594307162965279967e-01,-1.685955583359399490e-01,-2.137673711962107259e-01,9.680504043969792582e-02,-1.000938379730997863e-02,-2.324321908932481251e-01,-1.219491487555297432e-01,-2.624737477099066130e-01,-3.189016488672415939e-01,-3.921220787345279235e-01,-5.007060190357031093e-01,-2.512623441619375453e-01,-2.055006926136109802e-01,-4.363778542383484615e-01,-4.259037490504490875e-01,-2.405469413289244296e-01,9.178247464140489031e-02,2.788507082532731829e-01,-3.542428169265829374e-01,-7.746548103132401553e-02,-1.628759104517628065e-01,3.095446624067205721e-01,-1.191206041378077701e-01
-7.641538942758836772e-02,-1.118861432593055982e-01,2.880602350417802437e-01,7.505250458018677961e-02,5.966977970418696486e-01,6.801867822512176476e-01,3.728048617007015397e-02,-1.190401715894365275e-02,2.981008981634568067e-01,0.000000000000000000e+00,-1.682648911926359625e-01,-2.681084945708029805e-05,9.623307565128021157e-02,4.130658206354171497e-02,5.185888556235757063e-01,6.283256624514053090e-01,-4.489476741588095676e-02,4.804504222708789324e-02,2.544975199964252255e-01,1.577326958309129001e-01,4.791009428482059240e-01,4.519460208230930975e-01,3.184101166271951500e-01,3.305062782072478722e-01,6.510165780419142623e-01,6.140265427409624666e-01,4.440010724339782944e-01,5.121274409044193066e-01,2.822288752848652882e-01,4.238348451673443762e-01,3.001474596720139498e-01,3.979445015416238629e-01,1.894097144644532882e-01,1.922516645069037855e-01,3.042718620134948204e-01,1.550694847848429203e-01,1.258545958264444264e-01,7.097278698780105921e-02,1.035613745028821642e-01,1.905178962420125965e-01,2.354305375575316273e-01,3.289378435140086765e-01,-4.146208499039277795e-01,-3.849769873542159826e-01,-3.119978551320434224e-01,-3.767683989454398974e-01,-3.174404575718307586e-01,-3.905357701416506400e-01,-2.477814022074266154e-01,-3.115912239152777152e-01,-3.883953706599937439e-01,-4.520130479467358020e-01,-3.938111622503239762e-01,-2.445328209482103832e-01,-1.248938737208990513e-01,-1.657357343938513916e-01,-1.131551901336074056e-01,-1.232405380043791049e-01,-4.742481790964743760e-01,-4.973948791277537085e-01,2.169444568568747525e-02,1.286697350194378753e-01,2.310380267214799666e-01,2.067742079628222818e-01,1.338308235399258139e-01,2.010366861790071139e-02,9.745743777648687919e-03,-1.299164395191921006e-01,4.513159658608516776e-03,-3.140444166406005516e-02,2.863800884758032073e-01,2.903570311452701169e-01,2.119755127574958764e-01,2.048438268019125152e-01,3.299343134188301718e-01,2.873497475311675986e-01,2.681889271191742474e-01,2.970150587604450387e-01,3.120648822556861268e-01,3.905313016667411596e-01,9.528575897046337451e-02,1.862236918539702524e-01,4.343759774788864547e-01,4.104606997631708443e-01,7.256356405558782308e-02,-7.718843558693418150e-02,3.413512668126368332e-01,2.935609276553912128e-01,-6.233522498771169353e-03,-1.269538406541847186e-01,-1.346887707225523922e-01,-1.210420483488985205e-01,-3.970239957102640604e-02,2.042539881138567479e-02,3.683363867911881862e-02,-2.122078734527905672e-02,-1.949148755529737584e-02,-1.690379373519817763e-01,-2.544528352473300892e-01,-2.130524152106886004e-01,-8.385540015192814722e-02,-4.160150140756959519e-02,1.937530720765003045e-02,-1.488002144867956456e-01,-7.852897805978818757e-02,-1.674739711336520886e-01,-2.689575048036105254e-02,6.925689262254793033e-02,-2.918360963403190400e-01,-1.695339380669377491e-02,-3.713302649805621386e-02,-3.686179007104875005e-01,-2.110147906519505012e-01,-2.160641672997005991e-01,-2.609410608159435374e-01,-9.816792528709951393e-02
4.578444077036507576e-01,3.404441664060056105e-01,3.078332365163769652e-02,2.344072568032530557e-01,-2.510076410920952794e-01,-1.586353277626346148e-01,4.362214576165154845e-01,4.827338129496402952e-01,-8.160328879753339648e-02,-1.682648911926359625e-01,0.000000000000000000e+00,4.134322355779972424e-01,4.818848027168327608e-01,1.093346440859734592e-01,-3.069395415344742806e-01,-3.399213548415925823e-01,4.436525313910362200e-01,2.806336297421689885e-01,2.867152240940167296e-01,2.463514902363823089e-01,-3.082443362080521942e-01,-2.508825237946288866e-01,-9.600965190580454389e-02,-7.175923857187542498e-02,-2.504624871531346275e-01,-1.769560748916394755e-01,-3.128870816390366127e-01,-2.283256624514053423e-01,2.691139014254435025e-01,1.976495821975959577e-01,1.830242638187586646e-01,1.597569149649224751e-01,4.167612493855846756e-01,4.120738192055051763e-01,-2.061888377496760294e-01,-1.173778989230975511e-01,-2.140220742660529918e-01,-1.415166003842888431e-01,-2.410965637427945896e-01,-2.281067071808391689e-01,-7.462353098887350433e-02,-1.806783144912641192e-01,-9.496402877697841804e-02,1.995174047097725625e-02,4.260690826221010669e-02,-2.106885919835560159e-02,-2.965145895705795787e-01,-2.364895661110862912e-01,9.079047321149291694e-02,4.867956566423879694e-02,3.339738147370302501e-01,2.334331292729791285e-01,-2.601188614325930515e-01,-1.806112873676214425e-01,-3.435586934179364338e-01,-2.356048080790026367e-01,3.942311988918182353e-01,3.460252915679878360e-01,2.913981857991867486e-01,2.985834934536842414e-02,5.596183922427275803e-01,4.045399705080656161e-01,4.585548952142633472e-01,4.093748603601590763e-01,-7.462353098887350433e-02,-5.221859779257339434e-02,-3.691853970239956928e-02,-2.808883328120112544e-02,1.540193931811073003e-01,7.384601635461816860e-02,5.846105724116359287e-02,1.764511372268644795e-01,1.829527682202064520e-01,1.529916439519192206e-01,4.546673220429867102e-02,1.773537691585861664e-01,4.544438982975110286e-02,-1.564189642075159703e-01,6.727735823763349166e-02,-6.506993163233389110e-02,9.159033022029580695e-02,1.153804906385450663e-01,-2.570043344206622282e-01,-2.590821752535859557e-01,4.644979668439161435e-02,1.571562625675856917e-02,-4.747575852361589077e-01,-3.330979936547656117e-01,-1.823405871576031234e-01,-2.095491308816301024e-01,-2.853478707717055918e-01,-1.632601992939809732e-01,-3.709281022387059257e-01,-3.851423209258679758e-01,-3.089190759193887192e-01,-2.908664372849546487e-01,-2.489476741588096120e-01,-1.051789624201260043e-01,-1.992269538406541973e-01,-1.602126994056928266e-01,-3.399481656910496308e-01,-2.397962375441261840e-01,-3.212654720943741715e-01,-1.716251843245900077e-01,-3.018544170874480348e-01,-2.594083739219804063e-01,-4.107734930068367429e-01,-4.003887573171276415e-01,-1.559497743420170703e-02,-1.145806336297421624e-01,-1.830376692434871888e-01,-9.108539255552079716e-02,-1.577058849814558239e-01,-2.176906921667634831e-01,-1.212118503954600357e-01,-1.040573752178381578e-01
-8.033424192323160296e-02,-1.796997184860807117e-01,2.535412663657893653e-02,2.601456722820501555e-01,-2.909021850842307688e-01,-9.409714464453282357e-02,2.547656284909960434e-01,6.898565619554045680e-01,1.813173064033245518e-01,-2.681084945708029805e-05,4.134322355779972424e-01,0.000000000000000000e+00,3.680325304973412481e-01,4.936324232539434087e-01,-2.425711604629340046e-01,-1.521605076187497185e-01,-6.961883909021851155e-03,-6.227713481388801736e-02,-2.070244425577550534e-02,1.122927744760713123e-02,-3.109835113275838947e-01,-2.354886277313552878e-01,-5.144108315831806555e-02,9.694356316189284284e-02,-1.042629250636757654e-01,-1.567585683006390007e-01,-3.307162965279950018e-01,-4.325483712408954573e-01,-6.735779078600473424e-02,3.473300862415657497e-01,-3.658787255909558278e-02,2.406229054023861780e-01,3.427275570847669872e-01,4.738058000804325487e-01,1.924572143527414070e-01,3.636578935609276475e-01,-5.563698109835113481e-02,-4.927387282720407241e-02,-2.063094865722328863e-01,-6.953840654184727244e-02,-1.932928191608204171e-01,-1.935341168059341310e-01,-1.485723222664104837e-01,-4.518968675990884393e-02,2.108226462308413970e-02,-4.650788685821528878e-02,-6.460967871665400375e-02,-6.965011841458509934e-02,2.230796729076366114e-01,1.651146163814290191e-01,2.828410563474685890e-01,2.045310335582465611e-01,-1.867777827427498927e-01,-8.141114437642432700e-02,-3.771392823629295121e-02,-1.182135037311765474e-01,-1.480807900263640120e-01,-1.823942088565172759e-01,3.007283614102506872e-02,-1.021761472809330218e-01,4.574333080119755146e-01,6.727020867777827595e-01,3.332365163769605565e-01,6.940479914205281986e-01,8.288127262165423392e-02,3.114839805174494103e-01,2.220966084275436681e-01,3.185128915501139191e-01,-2.497430626927029940e-01,-1.875240180526386302e-01,8.730953125698198702e-02,2.143750837839045464e-01,2.606506099468251514e-01,5.097636176772867705e-02,3.767460565708923292e-01,2.666562402252111164e-01,3.505786675007819819e-01,2.207605344295991701e-01,-2.370302515751374073e-01,-2.671924572143527521e-01,-1.775503820546047717e-01,2.328075427856472757e-02,-2.736985566826042326e-01,-2.505786675007820041e-01,-2.477188435586934190e-01,3.664149425800974349e-04,-3.411412484918897037e-01,-2.611421421868715953e-01,-2.277090129138924779e-01,-1.596452030921846343e-01,1.405960945529290962e-01,2.483176191965682233e-01,-1.596362661423656182e-01,-1.649090665355913976e-01,-4.094642298583493489e-01,-3.362125206666964350e-01,-3.365521247598194932e-01,-2.958398498592430537e-01,1.930202421913400912e-01,3.008043254837123870e-01,-1.534876446668752004e-01,-2.152509048661691848e-01,-2.637115152598418222e-01,-2.094552929085303217e-01,-2.667724205728584930e-01,-1.809419545109254290e-01,-1.600384288842218172e-01,-3.169757361812413632e-01,-2.536172304392511068e-01,-3.791188167478439786e-01,1.190088922650699294e-01,2.229768979847178249e-03,1.725680325304973506e-01,-4.404575718307341542e-02,2.212744090441932099e-01,3.149649224719603402e-01
2.532865632959471203e-01,1.133696769292640433e-01,2.878412797712140980e-01,1.862951874525224649e-01,-1.498324321908932610e-01,2.351311497385942181e-02,6.030519683631976324e-01,4.077528039680057281e-01,8.233165020778408782e-02,9.623307565128021157e-02,4.818848027168327608e-01,3.680325304973412481e-01,0.000000000000000000e+00,2.495911345457795250e-01,-9.294427811787837109e-04,-1.023816971267706294e-01,1.684704410384735562e-01,2.350998704142276130e-01,3.692077393985432887e-01,2.001966128960185887e-01,-1.718173287456991050e-01,-2.293400062558648700e-01,1.457169667992314344e-01,1.025336252736940845e-01,-1.009562536306358588e-01,-3.093525179856115165e-02,-1.729344474730774295e-01,-2.161401313731623475e-01,3.798248357835470879e-01,1.904329952187318598e-01,2.962911658251038971e-01,2.647616068635774700e-01,2.822244068099557524e-01,2.923365655301845556e-01,-1.416372492068457001e-01,-1.744850082666785929e-01,-1.574824612359801701e-01,-1.421466553465302318e-01,-2.048527637517315314e-01,-6.056124044863488154e-02,-1.282452299030340968e-03,-1.966977970418695987e-01,-9.575048036105276994e-02,-8.080343178873050647e-02,1.010724339782832076e-01,-4.399213548415925601e-02,-2.924661513025604287e-01,-3.724965369319451214e-01,1.997855132043433596e-02,-1.203136869386478430e-01,-3.766924348719781837e-03,-8.729612583225344891e-02,-4.366772420572858637e-01,-3.147638411010322268e-01,-2.219759596049868111e-01,-2.213816524420215426e-01,1.501273515349211274e-01,8.528084364806291784e-02,-2.011260556771973795e-02,-2.226864471155994563e-01,3.032977344832208932e-01,1.849591134545779392e-01,2.951204253988113924e-01,2.140265427409624999e-01,1.584923365655301897e-01,-4.131105053845122999e-02,8.376603065373787460e-02,-9.403905447070914914e-02,3.478707717056168935e-02,-6.804146744716028927e-02,-2.386612449171097994e-01,-7.455203539032127791e-02,-3.025157513740560355e-02,6.825595424281692691e-02,1.184011796773761088e-01,1.876804146744716073e-01,-1.389248849367710759e-01,-3.077259931185486463e-01,1.430358818535233840e-02,-2.676169623307565054e-02,-2.533178426203136838e-02,6.257205415791590453e-02,-1.813530542026006442e-01,-4.385361276196433900e-02,8.067831449126412757e-02,-1.079672907636623630e-01,-2.987130792260601631e-01,-7.033826355065016245e-02,3.504178024040394829e-02,-7.652710130032619462e-02,-2.516019482550605479e-01,-7.166540059877564428e-02,-2.417221502301264702e-01,-1.233299075025693775e-01,-2.538227802850887005e-01,-2.534206175432324737e-01,-2.552973770052281433e-01,-1.182760623799097299e-01,-9.066088743911702996e-02,7.140622905402385992e-03,-2.870101434380446098e-02,7.004781268153179030e-02,-2.525135171366012926e-02,4.088654542204745237e-03,-3.327673265114616113e-02,-8.221546986013673897e-02,-3.074757585236159024e-02,-7.467715268778765680e-02,-4.036373385763438598e-02,-3.411591223915277915e-01,-2.951248938737208727e-01,-7.086554358997274039e-02,-1.407435542249430294e-01,-4.334420662227981939e-03,-1.483042137718396658e-01,2.233745922516645055e-01
