0.000000000000000000e+00,2.642737602999162272e-01,4.645710280395169978e-01,7.718686998988559533e-02,-1.769473662580567097e-01,3.136037663046332136e-01,2.567073602305080526e-01,1.305580733762720103e-01,-3.363942930073586246e-01,1.169504256956224869e-01,4.073641118840883868e-01,3.249647822205580239e-01,2.833290333775505543e-01,-4.783910098198813216e-02,-2.070303135466872446e-01,-1.356540917694279980e-01,1.786871359783008262e-01,2.998545625575071427e-01,4.543104963823292319e-01,6.670053357504411862e-01,-1.455264858249864790e-01,1.011669242834865694e-02,-5.862475998255663873e-02,-1.915573222158547259e-03,2.095691900938151386e-01,-1.269050135962318804e-01,3.776967001454374362e-01,1.647004833454721595e-01,-2.144003616529182310e-01,-8.923283461456794907e-02,-6.339200299550902529e-02,7.289452474833843509e-02,2.573603446661902328e-01,3.159965204605595379e-01,9.900933585090036793e-02,2.806075038414206912e-01,-1.015482123980282619e-01,-2.741393048683871125e-02,5.217710947078579853e-02,8.224179146051613376e-02,-2.151994684798020085e-01,2.637668982554356445e-01,-2.230398480327131505e-01,-1.707371646319884861e-01,-5.659731180463436345e-02,-6.768434823705618553e-02,-7.594939598939699776e-02,-2.463920326766197433e-01,-1.455516006109742501e-02,-2.352502003474973014e-01,-3.678402882264166646e-02,-2.264919895248510839e-01,2.534081906166593331e-02,-4.591508005908824241e-01,4.436869419094999906e-02,-3.493124256545255824e-01,7.208377379340576985e-01,3.451251058816545703e-01,5.545869873444310150e-01,3.040190507067528913e-01,5.294402370835796789e-01,2.037973556413517351e-01,1.389646771950893700e-01,2.771987424341707321e-02,4.943731463575569418e-02,5.327302740479783472e-02,1.342156994810372039e-01,2.632417709120548621e-01,5.243213870667984278e-01,5.810123085282963284e-01,3.153481023496023661e-01,-3.299854562557506810e-02,-1.251606775512627001e-01,1.080095618839742588e-01,-3.793474265335430862e-02,2.060165894577261070e-01,3.860622070417293328e-01,1.444853637876750418e-01,3.470246969672754478e-01,-1.702987974583836661e-01,2.961649721796665857e-01,-1.387820242060873732e-01,2.051307224610663671e-01,-2.119916253604542736e-02,3.491754359127740570e-01,-3.274671281698855463e-01,4.003411044569612498e-01,6.491030596658820505e-03,3.599519622638924776e-01,-3.119005271821895242e-01,1.688056092732922453e-01,-2.081810273773998798e-01,1.877786885058757294e-01,3.890280349506494706e-02,1.793583857128832060e-01,2.397160659285963724e-01,1.804132067243697790e-01,1.009956871062971939e-01,-1.499809355942729149e-02,-1.596181639264913077e-01,5.875261707485804341e-02,-1.820433846512126974e-01,1.001600496816130031e-01,-3.657374956905310448e-01,4.239124726876702387e-01,-1.035528289523252876e-01,7.067529093196404932e-02,-3.106036909602752361e-01,6.608613458328861656e-02,1.548280892899136785e-01,-1.813972497026181130e-02,-1.340787097392856786e-01,4.390292906899488645e-02,8.120066942320469661e-02,-5.563838361237382485e-02,-3.769501060528917570e-03
2.642737602999162272e-01,0.000000000000000000e+00,3.487073876284563917e-02,2.018794992568306579e-01,-4.626531716549959206e-01,-4.377507197669348177e-02,-1.512069937829488842e-01,7.752477801953930325e-02,-1.067675215587606113e-01,-3.624406092390448086e-01,1.885640963585843433e-01,2.698401101397523427e-01,5.973894321546888153e-02,2.771233980762073945e-01,-3.425679640356264488e-01,-3.452529629739559680e-01,2.983248437746153225e-01,1.574697081433551818e-02,3.466867889376217260e-01,3.368235275315133448e-01,-3.728198653390838446e-01,-3.421158978878465207e-01,-1.935276913347138972e-01,-2.107358860610654503e-03,-1.819063949094611998e-01,-2.994161953839023504e-01,-1.148910132446248622e-01,5.001267155111201179e-02,2.426248147784533515e-01,-2.393233620022420516e-01,-2.794156930881825929e-01,1.237451168864971557e-01,1.014066563315517006e-01,1.541979364778567618e-01,1.751573669658370302e-01,1.623533924367963621e-01,1.667370641728445346e-01,2.244599750222037449e-01,-1.735363216884442394e-01,2.142131423391911704e-01,-1.248227695216089922e-01,1.328595010376972807e-01,2.956923575706239121e-02,-7.563888590809357548e-02,1.425264104806285015e-01,6.656103235469383594e-02,-1.253889937875152238e-01,-1.559970684195265134e-01,2.525337394318122319e-01,1.820570836253878610e-01,-9.566450298980111499e-04,3.223254465294790316e-01,-3.076036156159173141e-01,1.933313393715367368e-01,-2.915575505320909810e-01,6.292623787355390574e-02,3.838977691220555877e-01,8.797686699894289308e-01,3.746052983065784603e-01,5.002294578174337758e-01,1.864087910883606702e-01,4.166520163748404504e-01,1.426360022740296996e-01,3.308005452191721818e-01,1.246401165326069815e-01,1.085027249542796779e-01,1.470653372573283713e-01,1.502252339670631098e-01,3.336179675745281070e-01,5.346823778679373751e-01,-2.892195922728653112e-01,4.828203448031800210e-02,-6.705647858736177996e-03,-1.224756786129331948e-01,-2.708584005534385719e-01,-9.938377447835447520e-02,4.461984205082775851e-02,6.954740872487664982e-02,-8.877163581733787945e-02,4.750187790104317687e-01,7.379409071917331087e-02,3.183025144467098722e-01,-2.458577726837888611e-01,7.070953836740192372e-03,-1.036487217715513359e-01,2.837491352522552024e-01,-2.350766800079454044e-01,3.192089299046323159e-02,-3.898522565635210158e-01,4.332780046987481648e-01,-2.644609796136432878e-01,1.139457840265394734e-01,-4.210836345205016401e-02,2.341816803618355647e-01,1.989479187833484430e-01,-4.543721417661174267e-02,1.420789106575735816e-01,3.216998600421471788e-01,-9.170778261554514421e-02,2.735913459013810875e-02,-1.418049311740705865e-01,3.873088136916680302e-01,-4.669820474943434663e-01,2.111217405003321945e-01,-3.806556785672699506e-01,3.175171065940012305e-01,-3.373075579523686640e-01,-1.174687035519156840e-02,1.440378639646201220e-01,3.361066145496804936e-01,1.935550892830641967e-01,2.829066483404834437e-02,9.846137688389434983e-02,1.775546874464883906e-01,1.263273735185130135e-02,1.784542534173232664e-01
4.645710280395169978e-01,3.487073876284563917e-02,0.000000000000000000e+00,6.132688263860507361e-01,1.868334592877903266e-01,1.949204203758541920e-01,7.846338606677336625e-01,5.871266173351386009e-01,-6.015904509017349494e-02,3.223985077250798303e-01,2.491546591352750972e-01,4.144624636691789099e-02,3.557052802695958027e-01,7.265250953791077548e-02,1.644561849726819749e-02,-4.374310770361812539e-02,-2.296244882862354952e-01,1.236400914178209937e-01,2.001397295365865414e-01,4.780736502514903452e-01,4.956517172805709887e-02,2.252819134727127859e-01,4.113961766163077294e-01,6.694757174266933175e-01,2.476569046254586404e-01,-1.365627903897129736e-01,3.062930804198278900e-01,1.248273358463340421e-01,-3.448008968261759843e-01,-8.179429163746121390e-02,1.739381582642486324e-01,2.851418642933954972e-01,3.393213071561158034e-01,3.206313400564854144e-01,1.111557596195338199e-01,3.477461762738333628e-01,-1.656868094860829976e-01,-2.491135622127496341e-01,9.375349609236761916e-02,-1.673626506601763875e-01,-1.406998805906084504e-01,-7.533294215151521700e-02,-3.356362831030003102e-01,-1.084524953823041149e-01,-9.758007621195965986e-02,-1.683398441513371258e-01,-2.254828317606149823e-01,-2.617257511033382333e-01,-1.351289644260472433e-01,-4.771421200075801061e-01,-3.439698257262168712e-01,-5.571532618399092085e-01,-2.895666329519691051e-01,-6.934626212073818907e-01,-4.072933338508501200e-02,-3.196861108384000394e-01,1.865823114279125672e-01,-2.962403165376299372e-02,1.727646128099107614e-01,2.579904974782471494e-01,1.552755891129685983e-01,1.827100680610700134e-01,-3.837995931404669832e-03,8.156140907648365412e-02,2.250353319375600625e-01,2.715844461847215507e-01,4.309172148158971760e-01,3.966469477543956845e-01,5.569751751756322200e-01,3.676873163481274576e-01,2.296427535851356949e-01,-5.107434204968617705e-03,-3.993913089141508110e-01,-7.711380879428478274e-02,2.225854987225706419e-02,2.494514702424033559e-01,3.078273655274447740e-01,1.788332583695024236e-01,-6.993554632650592073e-02,-3.833680754539497415e-01,-8.266189333522075411e-02,-3.131745317804784934e-01,-4.311295489156120181e-02,-1.036213238232010364e-01,1.108315505640552617e-01,-5.138964677195089203e-01,2.001351632118614776e-01,-1.065551874590457693e-02,2.211311242976421731e-01,-4.574703930920639428e-01,-3.006239882736781027e-02,-3.943226884693450951e-01,-2.403599177148284527e-01,-4.158757411715819363e-01,1.103292548442997428e-01,2.139163312320629118e-01,3.985259903787537888e-02,1.887330503734112042e-01,-4.431846461897444994e-02,3.175878846272395077e-03,-6.736927183102771333e-02,-3.500658692341588329e-01,3.570706113623858258e-01,-1.040962215946062558e-01,3.034345611419465016e-01,-4.275244355451849332e-01,4.354470089431469737e-01,1.231195303991652751e-01,2.814454244284673654e-02,-6.365684982956193450e-02,3.657397788528935628e-02,-2.668491674448444928e-01,-2.632646025356801256e-01,-5.216797682133569869e-02,-5.022340743717308431e-01,-4.103984346638842734e-02
7.718686998988559533e-02,2.018794992568306579e-01,6.132688263860507361e-01,0.000000000000000000e+00,2.660774585663110425e-01,7.060222973636323673e-02,6.032274783156654774e-01,7.231254666213078330e-01,7.404067225432602040e-02,2.185694161268890434e-01,1.002468098513889655e-01,1.677918851843311077e-01,1.637963510499122199e-01,2.149574532693743489e-01,7.283972885163782218e-02,3.233642854044279508e-02,-2.038247535897020346e-01,-1.887102187497859407e-01,2.172862788791499467e-01,2.328391808926708328e-01,1.929043880097445346e-02,9.068949220185895665e-02,4.224558151003792172e-01,7.303493923363372220e-01,-1.447456442970029011e-01,-1.712759909495444044e-01,-3.340266536374201286e-03,-3.534107020952580863e-02,-1.371107493567189917e-01,-2.728584507830105199e-01,1.554605252643331305e-02,1.062104299423044934e-01,1.577551034386708295e-01,1.929112374968321164e-01,8.484916287851977656e-02,1.440241649904449583e-01,1.075141156513063044e-02,-2.550132537575144354e-01,3.090260257677704403e-02,-2.154323510407795683e-01,-2.446865103918135012e-02,-1.452662053156586197e-01,-4.595252392183365453e-01,-2.603375883869229468e-01,-3.822127952985120425e-01,-4.446253216404978392e-01,-5.074077202852126378e-01,-4.256613750573644550e-01,-3.049231830023128587e-01,-4.645710280395169978e-01,-5.741536887912710441e-01,-4.761740591658694677e-01,-5.010924931904682245e-01,-3.873590432636436209e-01,-2.790640860843537352e-01,-2.223092360767051356e-01,-1.473119187924810947e-01,3.998958877962688341e-02,-1.176262417549299166e-01,2.321314005602880537e-01,-1.616593110785887188e-01,2.549904221338892274e-01,-1.494215608154542685e-01,7.493567190043586013e-02,1.941441451725956502e-01,2.747169449461059343e-01,5.375705782565315394e-02,4.145081269164294091e-02,3.042793312160807506e-01,8.952507939697115780e-02,-1.385765395934601130e-01,-1.414715894691419285e-01,-3.246314405156293659e-01,-1.791437684508058459e-01,-2.176972481044044394e-01,-8.898168675469018962e-02,-9.253657055314175317e-03,6.463860964544772270e-02,-3.604633906330980686e-01,-2.444056814212229034e-01,-3.696919329024244694e-01,-1.486818162099961538e-01,-2.001214642376863417e-01,3.714705163828315500e-03,-2.148752594243234504e-01,-2.527666219927897640e-01,2.840938927689964921e-02,1.821347111457136958e-01,-1.856690464829025278e-01,1.400263476936635353e-02,-3.760939201669448173e-01,-2.963110945708682387e-01,-3.928112349853535301e-01,-3.727559367929331735e-01,-2.867423611095255842e-02,-6.333720709880841238e-02,-1.905641465881563190e-01,4.056037937025815804e-02,-2.653148823372276643e-01,2.098454527396806726e-02,-2.703606711584080613e-01,-1.767692795937797490e-01,6.841952651778926420e-02,8.541538714442600821e-02,-2.500747735673726838e-02,-2.458988696063143242e-01,2.485656032457436160e-01,2.847811246401165119e-01,-5.231866553726235297e-02,-1.726641536659596354e-01,-9.287219542043292919e-02,-2.487939194819961120e-01,-3.478740333661347606e-01,-9.036984947110543454e-02,-4.298212968818851398e-01,7.873485407167760131e-02
-1.769473662580567097e-01,-4.626531716549959206e-01,1.868334592877903266e-01,2.660774585663110425e-01,0.000000000000000000e+00,1.362568466331346151e-01,3.588514780051553776e-01,2.846852318208905053e-01,3.970853149280004768e-01,4.254878547178125303e-01,-1.362933772309350144e-01,-1.637735194262869565e-01,-1.088908625559089349e-01,-4.156040448504414592e-02,2.832377068830495559e-01,3.600569877325686119e-01,-4.618494985033870792e-01,-2.311953039916527508e-01,-2.646847295251707477e-01,-2.606343994940512054e-01,1.066579297653593994e-01,3.061560906780763647e-01,4.349310142492163189e-01,3.883727673526047308e-01,3.294603289123699489e-03,2.768083216701789362e-01,-3.441410629034062640e-02,-1.395948300071462866e-01,-2.757032710867167724e-01,6.041475927477630431e-02,2.641733011559651012e-01,7.722340058768599469e-02,-1.514444426686515077e-01,-1.081328526515506067e-01,-3.045487443748587375e-01,-2.640454440636637035e-01,-1.728422403302365962e-01,-4.243417072118249589e-01,1.525312279532134441e-01,4.372255924235539902e-03,1.013518604348511015e-01,-2.185739824516140795e-01,-3.206176410823102785e-01,-2.971056350730269524e-01,-3.067908098148583451e-01,-2.741415880307496167e-01,-2.198297217510028767e-01,-1.860708830587069484e-01,-1.953587875494590120e-01,-1.300512113317914276e-01,-1.741527755263259925e-01,-3.216222325218213163e-01,-4.387096479591953008e-02,-1.680110687711335316e-01,1.425492421042537650e-01,-2.509446584274947489e-01,-3.622351246264175484e-01,-5.201842968659030619e-01,-1.847192509400920890e-01,-2.196562014114509798e-01,-2.253823726166638841e-01,-1.798880793809890244e-01,-2.971193340472020883e-01,-3.088593549153060835e-01,2.092974937726746476e-02,-5.282552758174292179e-02,-2.051809520330419301e-01,-1.792990234914575431e-01,-9.415989899289707588e-02,-3.338919470580311577e-01,8.091299096552653780e-02,-1.928587247624940354e-02,-2.211539559212674366e-01,3.556025379632821865e-02,-1.272063910280851751e-01,-1.244323487576172015e-03,-3.352664108002712529e-01,-1.775957843690138260e-01,-1.511293662626230216e-01,-2.930827029902577374e-01,-1.541842375036815982e-01,-4.037110521040482847e-01,8.349296443517988109e-02,-1.586112893246177311e-02,-7.266164218736087532e-02,-4.234056106431896560e-01,2.440586407421190818e-01,1.886371575541851420e-01,1.891622848975659243e-01,-3.257273584496414021e-01,-7.614346479021162281e-03,-2.758311281790181702e-01,-1.354029439095502385e-01,-2.915621168568160448e-01,-3.216313651712714439e-01,-3.033112703743701122e-01,-2.130350305601282357e-01,-4.024370475057592600e-01,-2.144916881474192294e-01,-2.161994935945879825e-01,-4.166086362899525108e-02,-2.356885675211021214e-01,1.894956266024945823e-01,-1.687553797013167101e-01,1.809885636397261244e-01,-3.760391242702442183e-01,2.303505339175184741e-01,5.100356401644789983e-02,-1.746413722719063755e-01,-3.514814298989243913e-01,-3.503489813671119557e-01,-2.209302060097399767e-01,-2.864523994894849213e-01,-2.889456127893623161e-01,-2.164597741039158418e-01,-7.528727890426471780e-02
3.136037663046332136e-01,-4.377507197669348177e-02,1.949204203758541920e-01,7.060222973636323673e-02,1.362568466331346151e-01,0.000000000000000000e+00,5.790784700072375973e-02,-6.709072602279965436e-02,-4.251933267730468452e-02,5.020103244602033277e-01,4.981175326320980840e-02,1.607917093808292064e-01,-2.637052528716474654e-03,3.551459054907771945e-02,-1.385902385676352488e-01,8.945201820137035909e-02,-5.138713529335211389e-02,5.904942818198630899e-02,-9.267356029489325075e-03,2.512916991065985428e-01,-8.289020957147325008e-02,1.675133393761030487e-01,1.930162629655082784e-01,1.428277879124818239e-01,5.372349533892403217e-01,4.117158193470612515e-01,5.338604394174283341e-01,3.495864051380285775e-01,-2.235649753760939329e-01,-3.514928457107370507e-02,3.797835105447853743e-01,3.523581642461340313e-01,-6.583955304813590703e-02,2.392069207217532856e-02,1.872535611624949470e-01,2.941192587028441108e-01,9.311421063086058880e-02,-3.075191386085038628e-02,2.793608971914819938e-01,3.481936760968882827e-01,1.775729527453885903e-01,3.082748653504996939e-01,-2.697533499699764081e-01,-2.662190146327875762e-01,-2.602188639440716766e-01,-2.204096449910842581e-01,-1.107493567190043632e-01,-1.577140065161453941e-01,-2.752786028872871160e-01,-1.859247606675053510e-01,5.701284735461392694e-02,-1.496727086753320279e-01,2.560954727173513357e-01,-1.696184150743511865e-01,4.307984903730459059e-01,-1.614903570637618857e-01,2.824888296281413691e-01,-2.646870126875332588e-02,6.087595807200637393e-02,-1.214893524723223706e-01,-7.685809460968197337e-02,-2.303140033197180747e-01,-4.350565881791551570e-02,-3.020966279975068058e-01,-1.049318590192904327e-01,-1.558874766261253153e-01,-1.322384808750904639e-01,-1.365125608177374383e-01,1.757464228553685115e-01,2.606846290660267962e-01,3.781624652673925557e-01,9.369870019566702013e-02,3.419035637881316647e-02,3.061697896522515561e-01,-1.005390546337921742e-01,-4.929347540691661304e-03,-1.079250848765608319e-02,7.242419330165826563e-02,2.536433563399994040e-01,-5.868868852870734454e-02,4.892931101009386219e-01,-5.298534894711967591e-02,2.420905547856224693e-01,3.412642783266246066e-02,4.621600085846904737e-01,-4.862450883469675994e-02,4.150857669941482309e-01,3.720938197078008658e-01,4.537990680131236410e-01,-1.651982127405026146e-01,3.011194345063460398e-01,-6.653363440634353643e-02,3.202203708312308938e-01,1.249780245622606895e-01,-7.453840164935648938e-02,-7.580327359819538646e-02,5.664525821424739108e-03,-5.417944286272029578e-03,-7.142873451159732767e-02,-1.647507129174476947e-01,3.503900782896374189e-01,-3.630228156414887111e-04,2.839774514885077261e-01,-2.372045873298187779e-01,2.746484500752301994e-01,-1.806278239864471391e-01,1.881120302108043874e-01,-5.569317950907443082e-02,-1.662712990508894151e-01,1.151855411893906028e-02,1.279712504195310886e-02,-1.191879248108970724e-01,2.800298637637018209e-02,-6.370251307681243369e-02,-5.091223752194690144e-02,-1.481521225418903076e-01
2.567073602305080526e-01,-1.512069937829488842e-01,7.846338606677336625e-01,6.032274783156654774e-01,3.588514780051553776e-01,5.790784700072375973e-02,0.000000000000000000e+00,6.935630803513330722e-01,1.074387712933429773e-01,3.669247401190440794e-01,2.422001465790236674e-01,7.069812255558929892e-02,3.848703962884912899e-01,-1.356997550166784972e-01,1.090324186223854963e-01,-8.821454420088176152e-02,-3.276178168858122075e-01,7.523019984520159555e-03,7.678503341408117466e-02,1.983177659712915264e-01,7.429638643892882977e-02,4.839619259844425009e-02,4.174282915780990200e-01,5.346321482959617288e-01,-6.286230932740319299e-02,-2.206927571240373531e-01,9.252058841660407151e-02,-1.960711342065668272e-01,-3.952085554660048627e-01,7.146298194703519730e-04,7.013646461440813107e-02,1.328960316354977078e-01,4.654477623867265823e-01,4.952978271143795852e-01,1.658717456374475194e-02,1.444625321640497784e-01,-3.291110050709036283e-01,-4.126245179673462271e-01,6.536922160145573757e-02,-2.436202735685142895e-01,-2.299441310169890174e-01,-2.931968611083839993e-01,-2.924479838534757570e-01,-1.108224179146051619e-01,-1.716778275253487973e-01,-2.130304642354031719e-01,-3.046400708693597359e-01,-3.252159300804358111e-01,-9.004564041562687637e-02,-3.188687387126160622e-01,-3.023249442337592741e-01,-4.720506679391491822e-01,-2.086422261746299633e-01,-5.265817178056982906e-01,-1.504672491774907694e-01,-4.451367500097034302e-01,-7.409546815102661943e-02,-2.491957560578005326e-01,8.414138254613699741e-02,2.746575827246803270e-01,1.840434348807846732e-01,3.593081104776604251e-01,-2.457847114881880624e-01,8.884926333766372808e-02,2.176470185324289042e-01,4.386434362506820839e-01,2.724292162588557997e-01,3.286224083253232453e-01,2.113728883602099540e-01,9.735632630043219993e-02,1.566591855046587933e-01,-6.694916995632310686e-02,-3.540157401213272492e-01,-1.775683864206635265e-01,-7.100406631216765740e-02,7.828278792389763152e-02,1.288000383571276941e-01,5.584386822500108510e-02,-1.109868056047069729e-01,-3.673539746431987996e-01,-2.260216580781709006e-01,-4.470911369920249068e-01,-5.337805287347398980e-02,-2.420951211103475331e-01,3.048021753970989959e-03,-5.806059056277669272e-01,1.045437214176611757e-01,-1.939569258588685896e-01,2.597393998479413657e-01,-4.941973428556424852e-01,4.353762309099087208e-02,-2.852514560867966953e-01,-1.012331359919998036e-01,-3.028181073040647209e-01,-1.038268084358282967e-01,2.400745224195128050e-02,-1.346768982782672597e-01,-8.373041332088249078e-02,-1.467182965782245774e-01,-7.522791668283906885e-02,-2.200740201237930474e-02,-3.576185703293918161e-01,2.843929870384872549e-01,-2.819089063880599877e-01,2.493327457995520302e-01,-4.710917397468886159e-01,3.355221249848740483e-01,-8.285596213603538610e-03,-4.785279995616328191e-02,-2.837810995253305379e-01,-1.544490843377345213e-01,-2.535748614691236691e-01,-1.338640924772083185e-01,-1.677736198854309080e-01,-4.021493690480811289e-01,-1.591113018820107250e-01
1.305580733762720103e-01,7.752477801953930325e-02,5.871266173351386009e-01,7.231254666213078330e-01,2.846852318208905053e-01,-6.709072602279965436e-02,6.935630803513330722e-01,0.000000000000000000e+00,2.425791515312028246e-01,3.192934069120457186e-01,5.502649609921710094e-02,4.238805084145949031e-01,9.008217101342727573e-02,2.895118370552685061e-01,5.374792517620305410e-02,1.042286450116327173e-01,-2.579311352568215421e-01,2.032699451356084416e-02,1.146581306836473024e-01,2.032493966743456892e-01,-2.711711937971044914e-02,-6.927342924137364077e-02,2.684702127222373114e-01,5.431072469856549345e-01,-2.676437079470032621e-01,-2.108797252899045349e-01,-9.190870090344734067e-02,-1.427364614179808255e-01,-1.906691720568324810e-01,5.065652333734408513e-02,2.647783391820342572e-02,9.812803517896567795e-02,2.254645664617147827e-01,3.934276888232353109e-01,-8.396329588186005055e-02,-5.600825591510288914e-02,-2.559402176766996662e-01,-3.829297082803449492e-01,-9.958925909098173546e-02,-2.848633184851674383e-01,-1.563897723458808342e-01,-2.838495943962062729e-01,-3.444264581987218632e-01,-1.301288388521172901e-01,-4.038571744952498821e-01,-3.707239222902858344e-01,-4.981198157944605742e-01,-4.744753863681507866e-01,-2.407160910433823742e-01,-3.002518328085865273e-01,-4.335108872597256968e-01,-3.455589067305343542e-01,-3.822858564941128412e-01,-4.323190765064875984e-01,-3.774775165586350401e-01,-3.479379619122854872e-01,-2.088568434367073234e-01,-7.928737936340866932e-02,3.409446355958711122e-02,3.333074574932247125e-01,4.481619401400491892e-02,4.423923888499483037e-01,-2.723241907901796655e-01,2.411316265933619307e-01,4.316318446353675786e-02,2.613650114500592481e-01,2.488646975152343814e-04,1.515859987351280413e-01,2.425837178559278884e-01,7.625533974597535625e-02,-2.763768039836616772e-02,-7.300868286646468308e-02,-2.533282799339709457e-01,-5.814986221115141934e-02,-1.356221274963526346e-01,4.191657781359806045e-02,-6.846062344031471347e-02,4.352849044154077224e-02,-3.258552155419428553e-01,-2.891282657783643129e-01,-4.061175052341496894e-01,-3.224396046476052935e-01,-1.809702983408259247e-01,-7.126434682149551669e-02,-3.095625689229637989e-01,-5.435684457828849903e-01,-3.814479359070661879e-02,-7.505439634328715803e-02,-1.022011968337104421e-01,-2.351954044507967023e-01,-2.176424522077038404e-01,-3.759203998273929481e-01,-3.416044695186408742e-01,-4.417531033884412595e-01,-1.477890997262488321e-02,3.630228156414887111e-04,-2.669267949651703553e-01,-1.081191536773754569e-01,-3.209418501377888644e-01,-2.667624072750685582e-01,-1.353618469870247754e-01,-3.250880729881344133e-01,1.800752986947160850e-01,-7.258401466703501281e-02,1.083817173490658411e-02,-4.286888483500727043e-01,3.224944005443058925e-01,2.255010970595151820e-01,3.546436097710216340e-02,-1.138864218051138244e-01,-2.624243987862708849e-01,-3.668288472998180172e-01,-3.434994942795366879e-01,-2.763242912493236170e-01,-5.305178897186915155e-01,1.212587530737073253e-02
-3.363942930073586246e-01,-1.067675215587606113e-01,-6.015904509017349494e-02,7.404067225432602040e-02,3.970853149280004768e-01,-4.251933267730468452e-02,1.074387712933429773e-01,2.425791515312028246e-01,0.000000000000000000e+00,8.936069170686934682e-02,-1.437821497800172987e-01,-1.311242976421782280e-01,-1.278045795670667562e-01,2.405334380543803496e-01,3.691257086365182793e-01,1.399053400884497089e-01,-3.153983319215779568e-01,-2.667167440278180313e-01,-5.497923463831283497e-01,-4.587398313656279036e-01,-1.544079874152090581e-01,2.303482507551559560e-02,2.358620878606540461e-01,2.451545586761311457e-01,-7.754304331843950293e-02,2.662327136069627120e-01,-2.816440595540070646e-01,-8.713689156576991113e-02,-2.842537141343732306e-03,7.541056967184107951e-02,1.653580341058793757e-01,2.133683722650568937e-01,-3.061697896522515561e-01,-2.733379148791407753e-01,-2.444011150964978674e-01,-3.299786067686631408e-01,-2.649153289237857548e-02,-6.388973239053949427e-02,-8.910041119754148753e-02,6.544684912178160008e-02,1.917559573413944174e-01,-2.240901027194746875e-01,-8.233311795501713215e-02,-1.601980871665726891e-01,-1.098497907481694735e-01,-1.098223927998191740e-01,-1.793812173365084417e-01,-5.185290041530723343e-02,-1.505288945612789399e-02,1.369509279913422584e-01,5.940560151054021659e-02,5.933254031493941788e-02,-1.055072159346467642e-01,2.456659870453367644e-01,-5.553792446842271968e-02,-6.844692446613956371e-02,-3.805369541244186249e-01,-1.814680277358563798e-01,4.888250618166209427e-03,8.623504243257249999e-03,-8.889036026018917735e-02,3.752377342809979505e-02,-3.290242449011276382e-01,-1.180600426038096867e-01,8.425097433953820936e-02,1.680635815054715848e-02,1.072857994150538084e-02,7.559550582320560645e-03,-1.755957341394418503e-01,-3.034162958430463020e-01,1.258022461751322424e-03,3.181426930813330833e-01,-8.179429163746121390e-02,1.041236195429565553e-01,-5.019532454011402245e-02,4.895785053962542488e-02,-6.095655370340351542e-01,-3.640662208411626910e-01,-3.340289367997826275e-01,-2.909890431038222522e-02,-2.297706106774370927e-01,-1.890572594288897623e-01,-9.752984663998411075e-02,-4.464723999917806496e-02,-2.338620376310820703e-01,-8.595421346198192647e-02,-2.696620234754754097e-01,3.887083922198959068e-02,-1.411291151147631429e-01,1.027217578523661606e-01,2.029731340284801535e-03,1.386587334385110115e-01,-1.696321140485263224e-01,-2.415814095787793825e-02,-2.756667404889163731e-01,-1.938838646632677909e-01,-3.908545648406695078e-02,-1.576866085677950946e-01,-9.210505286662450108e-02,-1.476452604974097527e-01,-2.649609921710362540e-02,2.554972841783697546e-01,1.520814449677959992e-02,2.314418855268054742e-01,-2.704154670551087158e-01,-1.402706460664537302e-01,-6.409521700316674064e-02,1.842580521428620333e-01,-2.552324373443168870e-01,-1.250054225106110029e-01,-1.489192650956987496e-01,-1.209185618816910890e-01,-1.027034925534659610e-01,-3.910029703942336510e-01,-3.642214758818143605e-01,-2.091901851416359814e-01
1.169504256956224869e-01,-3.624406092390448086e-01,3.223985077250798303e-01,2.185694161268890434e-01,4.254878547178125303e-01,5.020103244602033277e-01,3.669247401190440794e-01,3.192934069120457186e-01,8.936069170686934682e-02,0.000000000000000000e+00,8.594051448780677671e-02,2.906716835354312689e-01,2.603878179588985375e-01,1.490973517599757103e-01,2.694793704864734130e-01,4.126793138640468261e-01,-2.982837468520899149e-01,-5.106292623787355572e-02,-1.127585395980264388e-01,7.498133514768635932e-02,-1.592962380333752537e-02,2.765891380833765401e-01,2.102221745294973188e-01,3.357458748964015083e-01,2.528625148120158261e-01,2.555657790492455450e-01,2.376840514259490611e-01,-1.000550242129368550e-01,-2.325880330327930734e-01,2.426385137526284874e-01,3.889663895668612481e-01,2.447938190228521604e-01,9.139498937187920391e-03,1.628145912340264179e-01,7.386715191477410958e-02,-9.504804915191934767e-03,-2.559310850272495386e-01,-4.270678030726798857e-01,1.429944587649461564e-02,-3.431593030875204446e-03,7.363883567852161360e-02,-1.902559196692154425e-02,-2.529903719043172239e-01,-1.093977246003895037e-01,-3.221838904630024980e-01,-2.269805862704314392e-01,-1.703901239528846645e-01,-2.318848190251353303e-01,-2.339305325019578052e-01,-2.054823294648952248e-01,6.627792022174072706e-02,-2.521456018301829749e-01,2.500724904050101727e-01,-4.296614755165084065e-01,2.782010507113192310e-01,-3.333896513382756388e-01,-1.662347684530890157e-01,-4.360908607293790262e-01,-1.485676580918698919e-01,-1.848425417076684507e-01,-2.760571612529081828e-02,-4.706282577872960421e-02,-1.173842265445022570e-01,-9.727869878010635130e-02,2.272431499421218373e-02,1.579263406158602084e-02,-2.984253029185664485e-01,-1.387272283093867742e-01,1.080620746183123294e-02,-1.865457808301121678e-01,4.321638214658358734e-01,8.555694321090255572e-02,9.115069099908901240e-02,3.383532463144051650e-01,2.528716474614659537e-01,1.933267730468116730e-01,-8.347013281155463149e-02,1.983383144325542510e-02,2.399831959250118066e-02,-3.142110874930648667e-01,8.080339917212532586e-02,-3.565317850448299075e-01,2.071627369637137062e-01,-7.517312078613846982e-02,2.661687850608120409e-01,-3.725321868814057136e-01,4.649272013680708637e-01,2.645797040564945579e-01,4.345976725442876609e-01,-5.016998143788998776e-01,1.686868848304409474e-01,-3.956514889643347188e-01,1.420834769822986454e-01,-1.949158540511291282e-01,-2.581137882458235389e-01,-4.051471612300765884e-02,-1.631753308873053754e-01,-3.199646566466280984e-01,-1.006395137777432724e-01,-2.155739071072561297e-01,3.689841525700416902e-01,-3.546413266086591021e-01,4.254650230941873224e-01,-4.002817422355355870e-01,4.461230761503142683e-01,-4.750553096082321680e-01,3.050419074451641288e-01,-8.228745470776663296e-02,-6.814098070956120523e-02,-8.062074618312331520e-02,-2.363050213589839021e-01,-1.376724072979001734e-01,-9.965318763713243433e-02,-1.120050960183931604e-01,-5.461096054923753745e-02,-1.701755066908073044e-01
4.073641118840883868e-01,1.885640963585843433e-01,2.491546591352750972e-01,1.002468098513889655e-01,-1.362933772309350144e-01,4.981175326320980840e-02,2.422001465790236674e-01,5.502649609921710094e-02,-1.437821497800172987e-01,8.594051448780677671e-02,0.000000000000000000e+00,3.306224585548951933e-01,4.876811974729958754e-01,6.427786999216875130e-02,1.909294525661603403e-01,9.249090730589123663e-03,2.166241617940176667e-01,-1.071784907840151180e-01,2.167794168346693640e-01,2.934480089682617865e-01,-7.077118375119009763e-02,-1.429031322704451407e-02,-1.380788101984296301e-01,9.521928632910872659e-02,-3.261954067339590396e-02,-1.711983634292185419e-01,9.783579039656246923e-02,1.812602599608665807e-02,1.199915979625059137e-01,-9.381285831379326812e-02,-2.895278191918061739e-02,1.497275045720326270e-01,2.828541356061453627e-01,3.104895328421490297e-01,-8.089244250426379929e-03,1.320352794248257425e-02,-1.982310058015155640e-01,-2.240467226345867202e-02,7.108626015721855596e-02,9.835635141521818781e-02,-1.468872505930514105e-01,-4.456047982940210955e-02,1.933496046704369364e-01,5.756080632161995198e-02,2.356063736760512228e-01,1.646913506960220597e-01,2.454148391854590050e-01,1.429054154328076864e-01,1.735819849356947386e-01,8.340392110304139378e-03,-3.714020215119558099e-02,-1.121329531106945582e-01,-3.295288237832456890e-02,-1.823264967841658202e-01,1.608876022000552408e-01,3.589816182598193350e-02,1.235259332996947457e-01,1.188682820801435641e-01,2.408896113829342711e-01,2.827080132149437652e-01,5.120562388553137056e-01,2.639586838938877689e-01,2.675706467514024078e-01,2.605841699220756702e-01,2.231905367486398117e-01,3.784798248357835321e-02,9.420556224014758895e-02,1.900344529200505006e-01,1.532298756361461234e-01,1.325078940338684230e-01,1.471338321282041339e-01,4.019963971697919358e-02,-7.919605286890767093e-02,-7.007253606825741832e-02,1.457342535999762469e-02,2.331177267008988918e-01,2.020758512200078183e-01,1.576774759183449948e-01,2.387114744890853346e-01,-6.414088025041725372e-02,2.674016927365756024e-01,-2.153250424097408883e-02,2.736895218829696885e-01,9.037441579583048445e-02,2.015781218249773354e-01,-3.524974371502480330e-02,4.012863336750466248e-01,1.001052537849124041e-01,2.076559000340191252e-01,-3.116288308610490332e-02,1.976990289710472276e-02,-3.186153076903757569e-02,1.088999952053590348e-01,2.470609992488395981e-02,-3.633652899958674659e-02,1.003427026706150138e-01,1.044112980006347141e-01,-1.016212735936290606e-01,5.834164784960352984e-02,2.133615227779693188e-02,5.835078049905362968e-02,4.886652404512441955e-02,-1.969889654763019027e-01,-2.505610871505905557e-01,1.051921395286182920e-01,1.019500489738326826e-01,-3.512485473379468592e-01,-3.165262141286653286e-01,-8.178972531273616398e-02,-1.585998735128051063e-01,3.144599521905801220e-02,1.662827148627020468e-02,1.534673245218487192e-01,1.071647918098399682e-01,4.268828669213153848e-02,-1.917742226402946171e-01
3.249647822205580239e-01,2.698401101397523427e-01,4.144624636691789099e-02,1.677918851843311077e-01,-1.637735194262869565e-01,1.607917093808292064e-01,7.069812255558929892e-02,4.238805084145949031e-01,-1.311242976421782280e-01,2.906716835354312689e-01,3.306224585548951933e-01,0.000000000000000000e+00,1.426360022740296996e-01,4.840829335896563723e-01,-2.883862380105436593e-02,2.951512480907054758e-01,2.069709513252615818e-01,1.994365155289287983e-01,2.901008929447999596e-01,3.349239364458924673e-01,-1.380171648146414666e-02,-9.582204119281534371e-02,-3.560614535981497242e-01,3.038204155812132198e-02,-1.194527716449499816e-01,-7.065245930833879973e-02,7.938327218263471763e-02,5.529590925799506701e-02,2.494880008402037552e-01,2.354191543623241623e-01,2.524035991771482815e-02,1.555313032975713938e-01,1.409875590482866092e-01,4.085970195598519483e-01,4.121108064357780452e-03,-7.079401537481534723e-02,-9.802757603501457973e-02,-1.088086687108580364e-01,-1.301630862875551714e-02,9.512795983460771432e-02,-3.358303519038149249e-02,1.298091961213637680e-01,-5.286662450426837107e-02,-9.052738767411966717e-03,-2.783289078036206288e-01,-1.689882622622942698e-01,-2.303687992164186737e-01,-2.572781508211393620e-01,-1.695316549045752241e-01,-5.019075821538897253e-02,-9.817369842621617715e-02,2.835002705547399679e-02,-4.051928244773270876e-02,-1.995095767245296248e-01,-8.766201890915067962e-02,-4.251476635257962766e-02,5.279356330866757235e-02,1.609560970709310035e-01,5.941016783526526651e-02,2.035462077814739756e-01,1.753856832020895540e-01,3.121014454700917207e-01,-5.450593508056138237e-02,2.601412364237458141e-01,-1.826278742160191149e-01,-8.306829623575021082e-02,-3.105991246355502278e-01,-6.912274052544697955e-02,1.165074921972926308e-01,1.550061759541906392e-01,8.233311795501713215e-02,8.399754331729791801e-03,3.202797330526565567e-01,2.826349520193429665e-01,3.159211761025961657e-02,3.027701608944517037e-02,4.800805499681498612e-02,1.747326987664073739e-01,1.107950199662548624e-01,-6.221617437880859643e-03,1.333206998349273642e-01,4.119053218231508162e-02,1.801757578386671832e-01,1.604081381039249854e-01,-4.487555623543056788e-02,-1.202062152245832599e-01,2.333095123393509884e-01,2.011351883266474794e-01,6.029831799428752616e-03,-3.707627360504487518e-02,-1.724038731566317761e-01,-2.915758158309911807e-01,-9.897508841546248659e-03,-9.863033089872119685e-02,6.800855729253474369e-02,7.843347663982429274e-02,-1.768195091657553120e-01,-2.174643655434268796e-01,-2.093500065070127425e-01,-3.499288794924073631e-01,1.361472548397334170e-01,-1.354942704040512369e-01,2.143889458411056027e-03,-1.203477712910598213e-01,3.687992164186771477e-02,-1.152654518720789834e-01,1.217610487934628512e-02,7.133740801709631540e-02,2.254873980853400461e-01,5.375705782565315394e-02,-2.674108253860256745e-01,-2.330400991805730293e-01,-1.507138307126434651e-01,-5.647858736178305861e-02,-4.564726511396404590e-02,7.519595240976371942e-02
2.833290333775505543e-01,5.973894321546888153e-02,3.557052802695958027e-01,1.637963510499122199e-01,-1.088908625559089349e-01,-2.637052528716474654e-03,3.848703962884912899e-01,9.008217101342727573e-02,-1.278045795670667562e-01,2.603878179588985375e-01,4.876811974729958754e-01,1.426360022740296996e-01,0.000000000000000000e+00,1.384852130989591146e-01,3.755231295763135635e-01,-5.861106100838148897e-02,-3.892563511869019666e-02,-2.375013984369470366e-01,6.037366235225085503e-02,2.037060291468507089e-01,-1.821073131973633963e-01,-4.618837459388249432e-03,2.079275963551596024e-02,2.383598674852564769e-01,-6.613636415526417955e-02,-3.344901355970126833e-01,-6.876656719689307196e-02,-3.076858094609681848e-01,5.857909673530613953e-02,-1.136215749710609152e-01,-1.386861313868613110e-01,1.472068933238049326e-01,1.619652548351671051e-01,1.799337426282395236e-01,6.453358417677156067e-02,1.112151218409594827e-01,-1.463392916260453924e-01,-1.716915264995239609e-01,-1.389555445456392702e-01,-7.392194781147472249e-02,-2.736849555582446247e-01,-3.453739705791698117e-02,-5.251045117571445653e-02,-1.367842571388779190e-02,1.445675576327259404e-01,6.006771859567249655e-02,3.040487318174657505e-02,-7.851567048487519129e-02,1.719221258981389880e-03,-1.289552933977793914e-01,2.236152049480694681e-01,-6.600622390060024644e-03,1.561066602129277114e-01,-2.297888759763372923e-01,4.887109036984946947e-02,-1.342613627282877031e-01,1.038907369819789955e-01,3.128617385368125808e-02,1.316768229339093099e-01,1.170143542417731997e-01,3.304032749680927972e-01,1.923176152825755991e-01,1.243844023480041722e-01,-2.788882825824392717e-02,4.630869725038756490e-01,4.882017584916515940e-01,2.346976750557662472e-01,2.401681320763763561e-01,1.716412969275483980e-01,1.553075533860439339e-01,5.397167508773051403e-02,-7.468224087819557051e-03,3.239122443714340105e-02,4.300336309815999680e-02,7.112735707974400523e-02,2.414284377004901894e-01,7.262511158956046209e-02,-8.743826899762323357e-02,1.455082205260862793e-01,-1.190372360949704250e-01,1.432798540602617798e-01,-1.907513659018833796e-01,1.788834879414779866e-01,-1.962035576235932888e-01,4.641783241131626769e-01,3.939140024064531620e-02,2.109482201607802976e-01,-6.504501254597717941e-02,2.358027256392283832e-01,-2.935073711896873938e-01,1.588966846199333649e-01,-1.525723248757388795e-01,2.313916559548299112e-01,1.848516743571185506e-01,-2.659884152341725552e-03,1.464397507699965184e-01,1.209961894020169515e-01,-6.036909602752580511e-02,7.241962697693321571e-02,1.826301573783816606e-02,1.383619223313827529e-01,-7.962072106833732732e-02,-4.593950989636726157e-02,-3.440474532465427338e-01,2.866304861537618542e-01,-2.215809072830596249e-02,-1.012422686414499035e-01,-2.936352282819887916e-01,-2.173798885360134561e-02,-2.471066624960900973e-02,4.967476352145830387e-02,8.773508010475149221e-02,2.397845607994721351e-01,2.998271646091568710e-01,1.806734872336976383e-01,4.654683108479893555e-02
