1.000000000000000000e+00,5.881010456790006780e-01,3.710763493214544462e-01,2.826582409613591640e-01,-5.663335938897940541e-02,-3.736599392872054226e-01,3.627620868375038277e-01,2.462902096694699894e-01,-8.647178299099982091e-02,-3.799854967367657932e-01,4.336146087415123085e-01,4.032032748493952212e-02,1.496645727972776563e-01,2.015137388596416890e-01,-2.533001202326800594e-01,-2.647677437380120402e-01,-1.554909919666989937e-01,-8.743552797214870775e-02,4.998728610041155429e-01,3.479244951326169732e-01,2.770013404531170842e-01,1.887401938163359438e-01,2.528653362590998488e-01,1.230925226574247633e-01,-1.542400070318852012e-01,-2.727508169857698617e-01,-1.476381969492919499e-01,-8.826899472294685856e-02,-2.649435408681238835e-01,-2.413380672989084985e-01,-1.605765518020775551e-01,-2.523473625721631697e-01,3.710841974076201644e-01,3.039610860495559619e-01,-1.805734753523005887e-01,-2.538008281300522251e-01,2.463765386172927785e-01,-6.166712185566428084e-02,-4.634294880850355763e-02,-7.665539681493270530e-02,2.634586829655720108e-01,1.374309760821726123e-01,1.585627328919569576e-02,8.172369086074669775e-02,-1.596190852898612123e-01,-7.045383912679054061e-02,-3.205943198691567353e-02,6.757359150397583558e-02,-1.120204426948444298e-01,-2.663169559471227285e-02,1.654768968039453947e-01,1.096565991417332991e-01,2.416080414630088213e-01,1.505482672995363258e-01,-7.506537455776034207e-02,-1.799628942486085348e-01,4.875011379724940030e-01,5.253242044395053378e-01,4.006573556972396477e-01,3.972920963493842272e-01,4.505649052422076584e-01,5.867386179206338787e-02,-2.254912117131116500e-02,3.952453154773676730e-02,1.804337794185509880e-01,-1.050717472037269035e-01,-5.929072136468800658e-02,3.965480977808751722e-02,3.846205764262327076e-01,6.595531613660692016e-02,5.696297900793912544e-02,4.048513729441938214e-02,1.831837488110149570e-01,-1.193081755083205409e-01,-1.799330715211788501e-01,-1.536812232968868229e-02,2.023236613519426973e-03,3.902853250206404778e-02,-1.995909577490433129e-01,-1.625009025299090637e-01,-3.033175429839679027e-01,-8.086667985145142012e-02,-1.786710992657330466e-01,8.813871649259610863e-02,1.497775852380638373e-01,6.765835083456547827e-02,8.920291697666607456e-02,-7.347849153505425779e-02,1.955931426562318443e-01,-8.753441385783662654e-02,-7.134695133244807475e-02,-3.081001666933501706e-02,-9.540604428204138565e-02,-6.092940175608776293e-02,-2.225968375351986550e-01,1.522136311838994949e-01,-3.229613026567341172e-01,1.366194839726384350e-02,-1.134566424631689302e-01,5.767401561455223757e-02,-2.747771928337555680e-01,5.484556536043120462e-02,-1.380101648412018212e-01,-1.512137850063883515e-01,-1.727661992346546382e-01,-3.006695987116581592e-01,-9.376893350787476877e-02,1.497901421759289808e-01,-9.271415072720366746e-02,2.272601703348621494e-01,-2.622704827200838529e-01,-6.821085610063129523e-02,4.897990576018132480e-02,-1.551566634960398483e-01,-2.930632335998543253e-02,1.655946180964310011e-02
5.881010456790006780e-01,1.000000000000000000e+00,2.775930861500114366e-01,2.146985236180305179e-01,6.498215345205918215e-04,-3.033913149939255760e-01,8.963770095024627127e-02,5.559741201510599862e-02,-1.859321485862457657e-01,-2.456278311970842843e-01,1.245004693155527115e-01,-1.150121331412121833e-01,-5.838976107286476640e-04,5.605574024718332216e-02,-2.004652345479031594e-01,-1.512200634753209094e-01,-1.037422814072560262e-01,-8.899101865019196089e-02,4.942599097784014517e-01,5.809577176509735930e-01,1.917648462245996610e-01,1.171012936785235520e-01,1.475440199153034426e-01,9.112883732173072959e-02,-3.092648226803411671e-01,-2.079460302810556549e-01,-4.399323181049069609e-02,-1.176302546860922560e-01,-1.954000797365554321e-01,-2.032936848020241716e-01,-1.479913608267487968e-01,-6.213800702560673406e-02,2.730851454564289793e-01,2.690684949568198370e-01,-1.669884381994606870e-01,-2.627680513829897535e-01,7.674957384892119872e-02,2.035228489180628542e-01,1.755758140819779767e-01,2.148758903653754937e-01,2.778300983522158374e-01,1.322951884953335322e-01,-1.912861129684915173e-01,-7.316299847119281385e-02,-3.055793614169248773e-01,-1.787652762997215539e-01,-1.317568097843659913e-01,-2.838024919243193472e-02,-2.165804946805671982e-01,-1.090899673205692061e-01,-2.473088912537788620e-01,-1.489205742287685597e-01,2.221432181548207707e-01,2.133109819839333794e-03,2.497229625583505253e-01,1.947894986328634059e-02,6.397226172425591884e-01,7.132529061463072084e-01,2.047628465322446356e-01,3.683357976323893834e-01,1.289785872817054702e-01,-9.697880074964919384e-02,-2.160342678834339392e-01,-1.409453490671764841e-01,-1.310300770054214636e-01,-3.523696511368737405e-01,-1.296158518783609437e-01,-9.821722874659785663e-02,5.265155439194597609e-01,2.749922303946959468e-01,-6.249431013752985986e-02,5.083205409528832042e-02,1.502845716043685609e-01,6.925465156067041328e-02,1.252711513770251861e-01,1.530596548725627892e-01,-2.406254610750622469e-01,-1.899158371239589582e-01,-1.349180188919130163e-01,-1.017174751765034524e-01,-1.826218258415502893e-01,-2.998847900950873946e-01,1.281655255549381811e-01,2.721402358820777800e-02,-5.970039146253794393e-02,-2.974534530009511624e-01,1.812374234419194541e-01,-3.441385783662796044e-02,7.219925349004391313e-02,-1.677449937058348994e-01,-2.439263661163588726e-01,-1.352397904247070182e-01,-3.058477659637920953e-01,-1.430910158248809572e-01,-1.211979946570229394e-01,1.875315885468169796e-01,1.332636423281818583e-01,7.733504107688299323e-02,-7.651884011564939747e-02,-1.146511211775896322e-01,-2.069571714241764948e-01,-5.244091175925838337e-03,4.647165742162116114e-02,-1.264310985123167919e-01,1.122747206866133579e-02,1.945226637032293135e-02,3.255072218088896768e-02,-5.807897686070274956e-02,-3.371851740234626388e-02,3.121497791548552905e-02,-1.350639932945951749e-01,-1.363275351672741109e-01,-1.453795177508012959e-01,-1.830001035947373955e-01,-2.122640472894279928e-01,-5.471685674731360111e-02
3.710763493214544462e-01,2.775930861500114366e-01,1.000000000000000000e+00,5.225161592094151874e-01,4.631155646384072649e-02,-7.673544729382292262e-02,6.837362540770807184e-01,1.359743712898172641e-01,8.664287126941224576e-03,-1.746936891969524397e-01,1.257106442023048221e-01,-1.419232206034236610e-01,2.285001679490439586e-01,2.018841685266630978e-02,-1.041127110742774281e-01,-1.883477895080505615e-01,-1.659226680981575885e-01,-1.091370558375634459e-01,2.872933206508260784e-01,1.375643935469896273e-01,1.206109578118280123e-01,2.879462814198129744e-02,5.461906959368888481e-01,4.925066473289823610e-01,1.092641948334479168e-01,7.784359706042084937e-02,-6.484873598724215371e-02,-3.997815092811466894e-03,-1.598121482095376245e-01,-2.353798002819032509e-01,6.827207117272382497e-02,3.563031119231264109e-03,3.263328404735221233e-01,1.569287613522566405e-01,1.453512646406047437e-01,-8.151022291703944808e-03,1.373415078998835260e-03,-7.929706261830989089e-03,-1.789677569227968168e-02,4.467130645520783067e-02,1.441457986055520446e-01,5.790945819952346418e-02,-3.618909492731102462e-02,1.092171063164536632e-01,-9.784993831404273368e-02,-1.615559929555578644e-01,2.981017049182386330e-02,1.636216092343721062e-01,-9.816700099513732403e-02,-1.448882275568279809e-01,6.140813501219592740e-02,-1.884576627143704775e-01,9.181789928707985438e-02,-2.149371054374680234e-01,2.549058386621838590e-03,-2.002737412454598798e-01,1.793476042932170555e-01,2.199457540284226187e-01,2.518309585024595676e-01,-3.406069395917111554e-04,3.279621031615230220e-01,-2.296051784811755925e-01,-1.967577986432228754e-01,-3.305488323617402635e-01,3.388018797735984355e-01,1.052585316544707439e-02,1.763339392055853216e-01,6.192296946466634838e-02,3.638231480871074730e-01,7.054801616077903403e-02,2.438368979340697906e-01,2.657110836951300792e-01,1.960671670606405903e-01,-9.937560626465630209e-02,-8.562262006787025106e-03,1.220518664318519242e-01,2.504528345717613180e-01,1.032290165720187447e-01,-2.144646506502924099e-01,-7.041616831319513770e-02,-3.332846751991059286e-01,-2.625012164533556680e-01,-1.173979513355873083e-01,-1.679757274391066868e-01,-6.877905753902853470e-02,-2.096176726343513819e-01,2.126642996838790933e-01,4.188837510084790494e-02,1.090318914829429692e-01,-1.481294871432652371e-01,-1.816313973674379689e-01,7.674957384892119872e-02,-1.546386898091031414e-01,2.725263617214306322e-01,-1.177291405717801609e-01,1.045663304546553263e-01,-5.994368213367488180e-02,3.600858894549974903e-02,-1.748867521166288519e-01,-6.133279338500513544e-02,-3.784865122791156167e-01,1.125650998747445425e-01,-2.556058879481649670e-01,4.082574423401109584e-03,-1.647093539769391712e-01,-6.833328624481634084e-02,-1.024803091518102470e-02,-2.175018599964212776e-02,3.379228941230391636e-02,1.736310583301156271e-02,-3.368084658875086790e-02,-2.887938747257094013e-02,-2.420820658674175882e-02,-5.878216538115015044e-02,-4.329946099344213900e-02,-1.438507105657214347e-01
2.826582409613591640e-01,2.146985236180305179e-01,5.225161592094151874e-01,1.000000000000000000e+00,2.057281611306266966e-01,1.644142659371085891e-01,5.443479653051807032e-01,4.130149521737628837e-01,-1.506628493575556671e-01,6.159648908017290730e-02,-1.363557882774706631e-01,-1.950170931316689005e-01,-2.108969106793617265e-01,-1.749573848921202046e-01,-2.203460064228737192e-01,-1.712986071216673067e-01,-1.545303862200163858e-01,-2.747175473788961986e-01,3.346188498472762451e-01,2.220129399244700208e-01,1.038176230344468182e-01,-1.432338509930968229e-01,5.446807241586066883e-01,4.787583699838957041e-01,9.313794738015188091e-02,7.326502359134701159e-02,2.037190510722055314e-01,1.652932515876678332e-01,-2.420836354846506999e-01,-2.068520070695560042e-01,-1.001902376086567514e-01,-9.265136603787800518e-02,4.142580890224110135e-01,2.245776944834232680e-01,1.101008008187123466e-01,1.860624268165965087e-02,1.695814458686104725e-02,-7.706820614724893027e-03,-3.372479587127882872e-02,9.292134020197835229e-03,1.664579075746588574e-02,-1.003754524421674593e-01,-1.886256117583166303e-01,-8.443598943961524994e-02,-1.219984994459251126e-01,-8.820307079915491733e-02,-2.435166960185089213e-01,-8.838985524989875775e-02,-1.795422368301266003e-01,-1.874782215608901681e-01,2.067813742940646446e-02,-1.947753720777651298e-01,-8.508424135690270673e-02,-1.955334972013724748e-01,-9.928456846513408762e-02,-2.929690565658658527e-02,1.005512495722793026e-01,1.362412062194513218e-01,2.671190303532580690e-01,6.949794223180735808e-02,3.423837462996273673e-01,1.118006962822046257e-01,-5.404192133706274548e-02,-1.628006994214390990e-01,2.074704362594137763e-01,2.194795777101795908e-01,2.758806337486540694e-01,2.809049785119400733e-01,2.481046871909816098e-01,1.402547174845941991e-01,1.177369886579458791e-01,5.024658686732653284e-02,2.178644415772769682e-01,-7.762698988224731034e-02,1.177840771749401189e-01,1.032761050890129984e-01,1.296503834574900572e-02,8.832550094333996293e-02,-8.777770452897357134e-02,-3.029204298239831367e-02,-1.437628120006655130e-01,-5.506688139030416207e-02,-7.944774587269148869e-02,-2.072585379329396627e-01,-5.730829479923026104e-02,6.812609677004165254e-02,2.103381269443633517e-01,1.282031963685335563e-01,1.205685781465331841e-01,-5.337954286467701953e-02,-2.199897033109505795e-01,-1.527174783157379256e-01,-1.929922869009163544e-01,8.072541430046868693e-02,-2.692976590728585196e-01,-5.102511701496473262e-02,-1.610395888858542901e-01,-9.656442180009983112e-02,-2.760815447544961443e-01,-1.159382073087656811e-01,-3.072274595117234774e-01,6.288514482858209576e-02,-3.226615057652040819e-01,-1.422920806532119165e-01,-1.384386703458494738e-01,-3.520337530489815042e-02,1.921054531641913643e-02,-1.081607539185494293e-01,3.657365114943070261e-02,-8.828626051251141360e-02,9.887018951558473531e-03,-1.930315273317448899e-01,-1.519797582161614147e-01,-1.739575387146090613e-01,-1.331004021359351308e-01,-6.280038549799245307e-02
-5.663335938897940541e-02,6.498215345205918215e-04,4.631155646384072649e-02,2.057281611306266966e-01,1.000000000000000000e+00,4.612853909445642775e-01,-1.054076452916191814e-01,-1.357106755946494991e-01,4.947166683932456288e-01,5.371010425397662047e-01,-2.431807979306166434e-01,-1.922059086671124295e-01,-3.084282166950767512e-01,-1.690603329472074867e-01,3.710025773114968284e-01,1.692879274460130090e-01,1.748710559442974086e-02,-2.708217574062389207e-02,2.130331597336673488e-01,1.679772970563398471e-01,3.688004043333992787e-01,2.245651375455581453e-02,-1.445146586553403001e-02,1.374513811062034498e-02,5.979551026686632520e-01,3.003352702409990416e-01,7.208624104925772658e-01,6.542462855008177591e-01,1.072456670716279148e-01,2.496193678209631672e-01,1.712452401357404935e-03,-9.978684597973938586e-02,1.444550132004809306e-01,-8.937714448954478530e-02,-8.320540952883230534e-02,-3.024762281470040892e-01,3.120760071448976380e-01,-4.792041412781079118e-02,-5.883553236707696199e-02,-3.512489444324107257e-02,1.962084326116233235e-01,-1.119011517851256771e-01,8.876656338585273143e-02,1.993712113364035088e-01,-1.022511450357715818e-01,-2.812534335376974948e-01,-1.209186027895237520e-01,8.628185930578969806e-03,-1.891200411867562103e-01,-1.569444575245880491e-01,1.595201994041732865e-02,-9.869125315100658880e-02,-8.331685235238535381e-02,-1.339134638627024476e-01,1.043481536592486512e-02,-2.067499819494018204e-02,-3.595208272510665853e-02,-6.912594294755281150e-03,-8.930023324512084693e-02,-1.442117225293439997e-01,-1.001745414363253428e-01,-3.055825006513911424e-01,-3.261664610468091308e-01,-1.744582466119811992e-01,-4.253976625260164068e-02,-1.865552866278029354e-01,3.533208391801575393e-02,-1.646355819669815257e-01,1.555600551249572416e-01,8.149452674470802904e-02,1.948648402600541840e-01,7.611230925226573907e-02,1.777293289258481401e-01,-6.950265108350676957e-02,3.115957042715563619e-01,3.496793271992691687e-02,-2.349434466910899078e-01,-1.355144734405067941e-01,3.631262380355926300e-01,1.517741383586198589e-01,2.107493666594464354e-01,-1.211540453744949786e-01,-1.278939817736046980e-01,3.191659681869979392e-02,1.135570979660899954e-01,1.486082203993734085e-01,3.941151910695057936e-02,-2.255775406609344114e-01,3.034070111662570072e-03,-2.147722956279881634e-01,-1.687055994525175073e-01,-7.004102979447432431e-02,-2.243187076399549285e-01,-7.805706500412809556e-02,7.535104489419210128e-02,1.929185148909586811e-01,-4.989342298986969293e-02,-1.277558554570882299e-01,-1.197209848406367572e-01,4.924987992428166150e-02,-2.012060938819459355e-01,6.027330175263459792e-04,-1.086850060744186941e-01,-2.150171559163582269e-01,-3.586763731796364096e-01,-2.178613023428106754e-01,-1.914415050745725266e-01,4.035328944683549274e-02,1.443781019560569923e-01,-5.521756464468574599e-02,-1.986115165955630035e-01,-9.750305290551845860e-02,-7.985898558777455858e-02,-1.597760470131753541e-01,9.856725338958841065e-02,9.364022489475716526e-02
-3.736599392872054226e-01,-3.033913149939255760e-01,-7.673544729382292262e-02,1.644142659371085891e-01,4.612853909445642775e-01,1.000000000000000000e+00,-1.092987264125770269e-01,-1.098747759371399707e-01,3.750364936006705396e-01,7.144646506502924099e-01,-2.801029041058047397e-01,-1.556479536900131633e-01,-1.924774524484459126e-01,-2.302314557571990550e-01,3.565416937425639476e-01,2.863452718420085863e-01,-4.264336098998897789e-02,-9.458513446910836453e-02,2.822014823465149660e-02,-1.051784811755805266e-01,1.381765442679148137e-01,-1.529419335800771551e-01,4.518143205597882628e-02,1.029307892977218558e-01,3.298362261378940397e-01,2.614480032899177409e-01,4.687756043811155959e-01,5.992955557857660986e-01,2.919958938813180943e-02,1.579129113574363752e-01,1.763260911194196312e-01,8.007559276594809761e-02,-5.272030362675757947e-02,-1.178547099504314855e-01,1.061375173050300019e-01,-6.234990535208084078e-02,-3.719364995652160027e-02,4.671965694445752437e-02,-1.583147333691206082e-01,3.699273895067949069e-02,-9.317718781098041636e-02,-8.943522032717102221e-02,-1.266838068868525805e-02,-9.488336174340525342e-02,-2.495142034663427044e-01,-2.651114899120700641e-01,-1.273022360767103456e-01,-1.629341168862561140e-01,-1.826783320619433659e-01,-3.118437037943926904e-01,-1.602547802692835255e-01,-3.233756816062834938e-01,-3.675635459536837346e-01,-4.125048265729919228e-01,-1.402484390156616412e-01,-2.005970823954870280e-02,-1.862413631811746517e-01,-3.189634875639226763e-01,-2.062696790760605026e-01,-2.698203416114945963e-01,-5.506374215583787618e-02,-1.951426625103202250e-01,-1.493883201642447478e-01,-2.466057027333314611e-01,3.152576212764755109e-02,-3.731294086624035999e-02,5.285058185710832246e-02,-1.337047047706946268e-01,-7.670876380085951685e-02,-2.845245158515644426e-02,4.109556143638812276e-01,1.123751761895344231e-01,1.816926124395304987e-01,2.204794238876907342e-01,2.481109656599141677e-01,-5.583128498284408228e-03,4.935504427890214513e-02,1.038631419342079254e-01,1.915529478981255751e-01,2.762400760950434742e-01,1.209531343686528621e-01,-7.387874392950534441e-02,-2.919645015366552701e-02,-1.228806243309506496e-01,4.659251794857306034e-02,5.064997849624390536e-02,-1.822027380403014873e-01,-5.473098330241187720e-02,-7.131869822225152256e-02,-3.161836954440290226e-01,-9.038169951875535402e-02,-6.034393452812596842e-02,-1.220251829388885184e-01,-5.576850029351842521e-03,3.170783772669196615e-02,7.991078295646823759e-02,3.883076073068821715e-02,-3.154962030959130304e-01,-6.728635155031094384e-02,2.950880398306069199e-02,-8.026237721669193803e-02,-4.347368850632084974e-02,-6.269208190890569743e-02,-4.555814019193279302e-02,-1.258330743464898538e-01,7.473261570433434309e-02,-2.036578360001130295e-02,-5.601336058188850081e-02,2.670970557119940469e-01,-1.551393977064753071e-01,1.105685467541885209e-01,-6.730832619157492425e-02,1.687809410797082993e-02,7.004102979447432431e-02,1.094023211499643711e-01,3.018844824501097299e-02
3.627620868375038277e-01,8.963770095024627127e-02,6.837362540770807184e-01,5.443479653051807032e-01,-1.054076452916191814e-01,-1.092987264125770269e-01,1.000000000000000000e+00,4.014500123999761305e-01,-1.368078380406154149e-02,-1.781327205547655057e-01,2.790999186938273313e-01,-4.690330216073508585e-02,2.829909998147851491e-01,-4.410624425127688186e-04,-2.990858549234183816e-01,-2.435590756838037496e-01,-2.716175533434416756e-01,-2.231320770116999308e-01,9.633211844959488346e-02,-1.405859067207870794e-01,-3.978979686013768557e-02,7.654081475691337788e-02,6.151078797924338648e-01,3.224103670079014328e-01,2.828764177567658425e-02,-5.783254695509953275e-02,-8.504970977777359664e-02,-7.645291619185745624e-02,-3.322848290215947853e-01,-3.583326270055784413e-01,2.197150202951508174e-02,-6.635242929659172784e-02,4.064084332394702348e-01,2.709661621916879537e-01,2.477562321652241883e-01,7.267170827721951276e-02,-9.135172296883682349e-04,-5.915259504817155234e-02,1.225714097360217775e-02,2.484861041786350089e-02,-3.829709087142009472e-02,1.514853287877218346e-01,-1.968300010359473780e-03,-3.279872170372533091e-02,1.971125321379128478e-02,2.522217931935118174e-02,-7.276117645950858082e-02,5.411412372978725155e-02,9.078509114767273347e-02,3.321937912220725847e-02,2.427036342917416045e-01,2.786070588826208838e-02,1.104445469927703427e-01,-1.862664770569049180e-02,-1.672631212152604352e-01,-1.394275292027286339e-01,-2.334020825681449446e-03,9.456943829677694202e-02,3.404217247582004835e-01,1.308009128893828088e-01,5.799484537700636544e-01,8.318343488756831106e-02,6.072849075024564641e-02,-8.257913225280882896e-02,4.836869680959601236e-01,1.654596310143808258e-01,2.765712653312363267e-01,2.128463752829234945e-01,2.901908340632053385e-02,-1.253716068799462513e-01,1.523753017589130621e-01,1.387368976201463489e-01,9.679672515060477878e-02,-1.141959321799785876e-01,-2.472335496265880561e-01,6.318651133734527747e-02,3.828422001010833298e-01,2.898015689893862490e-01,-3.887486697493949261e-01,-2.274830559819682463e-01,-4.514799920891291451e-01,-2.493541025085622698e-01,-1.561941804871463946e-01,-2.757660516906347212e-02,-3.194484992889633918e-02,-4.552517823003682240e-02,1.158455998920103341e-01,1.545821835887100648e-01,1.829294708192460150e-01,4.939585432696382700e-02,5.072532012343469732e-02,2.321699330401288397e-01,7.129201472928811678e-02,3.550976458880737430e-01,-1.906268737305720495e-01,-6.656118838859956255e-02,-2.889759503247538164e-01,6.267795535380742133e-02,-5.200455816844504198e-02,8.142232435198352991e-02,-3.045889329428125847e-01,1.576146840831394724e-01,-3.214874320748142278e-01,-5.022304260882941296e-02,-1.287478535484336828e-01,-1.421947643847571441e-01,8.301705546085531850e-02,2.156654078336456976e-02,-1.498529268652546431e-01,6.286787903901754071e-02,-2.007226517741383595e-02,-5.178324213857208452e-02,1.432903572134899134e-02,-8.763173012629139891e-02,-1.308982291578375812e-01,-2.450250981795579208e-01
2.462902096694699894e-01,5.559741201510599862e-02,1.359743712898172641e-01,4.130149521737628837e-01,-1.357106755946494991e-01,-1.098747759371399707e-01,4.014500123999761305e-01,1.000000000000000000e+00,-1.168564333901534746e-01,-5.801305293691080660e-03,1.976587589350460861e-01,2.040706453324292458e-01,4.189936242147989515e-02,2.035589501144250968e-01,-2.641414664619886055e-01,-1.160637766874170057e-01,-2.361661785157071480e-01,-3.539910657387089765e-01,-3.407795974873567557e-02,8.006146621084982151e-02,-1.144094001236858338e-01,3.985886001839591269e-02,1.876226263463391941e-01,4.195492687153311029e-01,-3.382901845555942866e-01,-2.201058549862030533e-01,1.766133310730845160e-02,-1.365739650728773347e-01,-2.514903515628678643e-01,-3.010776991922749501e-01,-3.794581053464302078e-01,-2.130315901164342163e-01,1.578344304957793043e-01,3.456862209581571532e-01,1.325745803628327057e-01,1.327864786893068194e-01,5.985578356861895322e-02,-4.473252152730035347e-02,1.019450696753089747e-01,7.172365946840203454e-02,-2.555336855554404471e-02,1.513880125192670623e-01,-2.481800288181723879e-01,-2.776825543323005463e-01,-1.646952274218409229e-01,-6.583602522688816738e-02,-3.367786431600789943e-01,-3.028937463310197309e-01,-1.591576178233176098e-01,1.387541634097109143e-02,1.226640171527771245e-01,6.638382164125455898e-02,1.699597236217975926e-01,6.516579866833674406e-02,-6.773212284452313769e-02,9.515961437643816190e-02,-1.162678269277254012e-01,-1.660655032663734595e-03,1.059742771127832744e-01,6.866290586377606087e-02,4.158590986002153600e-01,4.557163890013781193e-01,1.268894267443941015e-01,5.112243328341950499e-02,3.288693419222788461e-01,4.070268624293280069e-01,3.428828845797663588e-02,2.217931935118302167e-01,-1.216155128410385811e-01,-2.945072814543445508e-02,-2.036248740382170519e-01,-5.337326439574445469e-02,1.154500563492586729e-01,-1.036182816458378481e-01,-2.772053906934254797e-01,2.876480541455160578e-02,1.747031069003512904e-01,2.373951888092569740e-01,-2.797010820941205345e-01,-2.817447237316708097e-01,-1.183805317235338966e-01,2.543564726305843141e-02,6.473572354645595883e-02,8.230444923700906690e-02,1.846670370963336971e-01,3.434055671184025327e-01,2.652543250802859021e-01,2.122106803035011813e-01,4.030306169537496430e-01,1.826438004828142558e-01,1.431647878348385992e-02,-3.291173414451151885e-02,1.848255684368809715e-01,9.749520481935275429e-02,-3.912349434466910747e-01,-2.461206910082907318e-01,-3.380751469946539078e-01,6.634615082765916994e-02,-1.215260446587495130e-01,4.123541433186102972e-02,-9.170802608075995233e-02,9.228721483978917506e-02,-2.330677540974857853e-01,-1.299643069041183652e-01,-5.300597396318933868e-02,-1.324647071565128176e-01,8.846519687708954971e-02,-1.179347604293217028e-01,-2.271926767938370617e-01,7.270780947358176927e-02,-1.151738037162257644e-01,-2.535559678416821408e-02,-6.059036443372919217e-02,4.850431173853943928e-02,-1.326624789278886551e-01,-1.941082847536799716e-01
-8.647178299099982091e-02,-1.859321485862457657e-01,8.664287126941224576e-03,-1.506628493575556671e-01,4.947166683932456288e-01,3.750364936006705396e-01,-1.368078380406154149e-02,-1.168564333901534746e-01,1.000000000000000000e+00,4.859126853325548279e-01,8.457725499059799701e-02,1.295875987681643915e-01,1.869445517016220526e-01,4.199824830716781393e-02,6.064545799861246200e-01,3.567708578586025747e-01,1.342258176920975987e-01,8.085726214805256939e-02,4.983691676947659549e-02,-1.370668248840837544e-01,2.882288125217784269e-02,6.109578118280076242e-02,-1.389425174776879046e-01,-4.606983540993693504e-02,3.263187139184238750e-01,2.265930830107769911e-01,2.246969853931420347e-01,2.528904501348301359e-01,2.733504107688299323e-01,2.934038405394460702e-01,1.453795177508012959e-01,1.212796147531463031e-01,-1.330250605087443250e-01,-6.566179771400945664e-02,-1.335006545303862313e-01,-1.318917968664161666e-01,2.733174488069339478e-02,-2.838433019723810014e-01,3.923729159407186862e-02,-4.496011602610587576e-02,-1.654031247939877491e-01,-1.887621684575999451e-02,1.562020285733121128e-01,7.158082430018615494e-02,1.012403115376284309e-02,-1.644158355543417216e-01,-1.786224411315056812e-02,-5.164825505652191617e-02,7.075677525278685487e-02,-2.943189273863675709e-02,9.545156318180247901e-02,3.752640880994760619e-02,-1.462616426358268329e-01,-4.088852892333675465e-02,-1.393804406857343803e-01,-2.615421803239061926e-01,-9.506072849075024311e-02,-2.079899795635836157e-01,-9.420842633315440473e-03,-8.492727963358855103e-02,-9.369202226345083040e-02,-2.347488141541803630e-01,-1.112387733127399581e-01,-8.427588848183481529e-02,1.114192792945512267e-01,-7.392269321203331911e-02,-4.514376124238343030e-02,-2.112186822121557561e-01,-5.103296510113043694e-02,-5.225883616021397005e-02,1.937300070004928654e-01,1.364013071772317565e-01,-8.842595644626101425e-02,-1.183836709580001756e-01,4.730826340688559437e-03,-2.592630961013847046e-01,1.508873046218948966e-02,-2.222734963851715276e-02,2.179539097595660224e-01,1.932057548446236006e-01,5.943826538460331155e-02,-2.183337571299862924e-03,-2.066526656809470341e-01,1.541473996151298542e-01,6.957799271069757541e-02,2.213317260452865934e-02,-2.423865716106470281e-01,-1.826846105308759516e-01,-1.250906453952139175e-01,-3.842266025007141927e-02,3.551886836875959436e-02,1.566791922121871239e-01,1.198339972814229520e-01,-7.873200041437894425e-02,1.306879004485966000e-01,9.676376318870880122e-02,-1.100034845502575742e-01,7.581094274350257123e-02,7.835529227842498445e-02,9.636508041149084713e-02,9.354604786076867184e-02,4.799889498946786903e-02,9.661621916879349625e-02,-6.522230488872983456e-02,-2.633079997111904547e-01,-2.420098634746930544e-01,-2.731746136387180890e-01,2.444506182722281373e-01,-9.097972368458227821e-02,1.241991028067895297e-01,-2.063340333826193251e-01,1.534803122910446960e-01,-7.896273414765075938e-02,1.443576969320261617e-02,6.058251634756348092e-02,-1.371515842146734110e-01
-3.799854967367657932e-01,-2.456278311970842843e-01,-1.746936891969524397e-01,6.159648908017290730e-02,5.371010425397662047e-01,7.144646506502924099e-01,-1.781327205547655057e-01,-5.801305293691080660e-03,4.859126853325548279e-01,1.000000000000000000e+00,-2.448555795183786354e-01,-3.421294683078584392e-02,-5.057463686905311340e-02,-4.614674665436086648e-02,4.916810286643499284e-01,3.184878935422807977e-01,5.940059457100791557e-02,-5.480632492960266916e-02,-5.645913187610069467e-02,-2.762369368605771883e-02,2.407949797362415184e-02,-2.196318305817943350e-01,-1.871203488317338959e-01,1.348018672166605425e-01,2.703398849156644634e-01,3.338465981685705963e-01,6.622513333898395471e-01,5.565203469481931897e-01,1.807602598030444430e-01,2.203350191022417359e-01,1.595343259592715834e-01,1.966714696954000863e-01,-2.213913715001459837e-01,-1.556228398142828762e-01,8.100009731626844900e-02,-2.766293411688625775e-02,-1.083051587039984415e-01,-1.201416422591186917e-01,-1.458959218205048425e-01,-6.823910921082784742e-02,-8.564773394360050696e-02,-2.061833501282377412e-01,6.253825942005782068e-02,4.752957943675855529e-02,-1.447422531541458224e-01,-1.993680721019372160e-01,-1.131474278682400442e-01,-1.168972434382151565e-01,-1.466414900062470716e-01,-3.176669837293477627e-01,-2.583809712163591676e-01,-2.378284031656040243e-01,-2.939814596812421188e-01,-3.574677679101174177e-01,-9.578746126969477082e-02,9.607627084059280897e-03,-1.865505777761035100e-01,-3.881333797940034191e-01,-1.926406926406926401e-01,-2.746092437898094429e-01,-1.892299143930760985e-01,-1.583241510725194590e-01,-1.975944046284872913e-01,-2.342559543429739155e-01,-8.913385381840784050e-02,-8.033300999218329769e-03,-5.764419288712254591e-02,-2.106316453669608013e-01,-8.170642507118214271e-02,2.932358914954999105e-02,2.865524613167833023e-01,2.528151085076393301e-01,2.123770597302142016e-01,2.417430285450589966e-01,3.170297191326922892e-01,1.679333477738118724e-02,-2.039089747574156578e-02,1.268125154999701909e-01,2.701342650581229354e-01,2.826519624924265783e-01,1.870654122285739518e-01,-6.844786830283566825e-02,-5.785923044806293852e-02,-1.665426669052484931e-01,-1.352900181761675646e-01,9.892669573597782928e-02,-2.322860847153813135e-01,-1.128915802592379836e-01,-2.146812578284659490e-01,-1.463354146457844784e-01,-5.958894863898489547e-02,-3.961713896449212124e-02,-5.532115938207309014e-02,3.663800545598950437e-02,9.714988902806161175e-02,1.449070629636256893e-02,1.405246916486945497e-01,-1.254500877416033222e-01,5.334815052001418839e-02,4.412194042360829960e-02,3.229016572018747477e-02,-5.737578834025534869e-02,1.752163717355885442e-02,-8.436692628135702282e-03,-9.409698350960134239e-02,7.471064106307036268e-02,-8.609978370674527259e-02,-1.621634348247836255e-01,2.651240468499351799e-01,-2.076148410448628023e-01,1.166837754945079103e-01,5.076142131979695035e-03,-1.464295916797729580e-01,1.009436538805646849e-01,2.391484512586760647e-01,8.810418491346699854e-02
4.336146087415123085e-01,1.245004693155527115e-01,1.257106442023048221e-01,-1.363557882774706631e-01,-2.431807979306166434e-01,-2.801029041058047397e-01,2.790999186938273313e-01,1.976587589350460861e-01,8.457725499059799701e-02,-2.448555795183786354e-01,1.000000000000000000e+00,4.536743169810609766e-01,5.603345168247271246e-01,5.343495035300691587e-01,-7.661301714963789089e-02,-2.067813742940646515e-01,3.685304301692989004e-02,1.281984875168341587e-01,5.375782061786412575e-02,-6.915733529221564438e-03,-4.594897488298503585e-02,1.179363300465548492e-01,4.064209901773353784e-02,-4.503545765329666772e-02,-1.849778213084957157e-01,-2.280873586167277145e-01,-1.973338481677857914e-01,-1.498293826067575163e-01,-6.150388166341756030e-02,-1.940517785332868672e-01,-5.604004407485190659e-02,-6.943986639418111423e-03,2.260719700893740192e-02,2.256968315706531780e-01,6.473258431198967988e-02,-6.515795058217102587e-02,2.244395681669068138e-02,-1.295420798684032981e-01,-3.863769781101180495e-02,-3.115533246062615266e-02,3.866124206950893177e-02,3.875840137624039228e-01,1.373697610100800826e-01,4.054164351481247958e-02,4.823904642613852101e-02,1.731476162223080373e-01,1.768236597823254763e-01,1.154641829043569490e-01,6.681546638036847674e-02,2.253028576451346632e-01,3.522801829545846863e-01,4.313198283466593841e-01,8.894079089873144217e-02,3.428059733353424621e-01,-2.662824243679935976e-01,-7.829250758909932564e-03,1.644958860332319459e-02,2.644710860809483255e-01,1.156588154412664937e-01,1.537659826274764552e-01,2.576620865235803581e-01,4.667884689639584250e-02,2.951131537063371724e-01,3.007465099560820976e-01,4.645407770860998098e-01,1.353637901861252102e-01,-1.333232877830412277e-01,2.312830993034038773e-02,1.734740966068014714e-02,-3.527871693208894238e-02,1.258158085569253126e-01,1.848381253747461220e-02,1.064891115652537024e-01,-1.350671325290614677e-01,-2.357062806663967058e-01,-7.688142169650509505e-02,3.920605621113235073e-01,1.836357985741597088e-01,-2.469211957971929050e-01,-1.568832424524955471e-01,-2.655180207754537225e-01,-7.414243962467312321e-02,-1.451377966968974975e-01,2.892914433886152326e-01,1.937347158521922907e-01,9.275653039249848186e-02,-3.762529469563552498e-02,-2.320836040923060506e-02,2.161629764965515565e-01,1.783681631397367462e-01,2.541681185626073480e-01,2.632499238735642177e-01,1.720002260248815751e-01,2.026407240330373172e-01,-1.110378623068978415e-01,-5.922165820642977946e-02,-3.725878907169697385e-01,1.905625194240132547e-01,8.231386694040791763e-02,2.183808456469805148e-01,-2.870657261520205839e-01,-1.826940282342748023e-01,-2.593855262455697641e-01,-3.016804322098013413e-01,-1.082580701870042017e-01,-3.755623153737729369e-01,3.260094993234950028e-02,1.669727420271292506e-01,-2.820507990921333752e-01,2.029781917381627276e-01,-5.453321153103603963e-02,-6.341410583615079977e-02,1.778219363426035080e-02,-2.459904127779399818e-01,-1.280321080901211384e-01,-2.725420578937620131e-01
4.032032748493952212e-02,-1.150121331412121833e-01,-1.419232206034236610e-01,-1.950170931316689005e-01,-1.922059086671124295e-01,-1.556479536900131633e-01,-4.690330216073508585e-02,2.040706453324292458e-01,1.295875987681643915e-01,-3.421294683078584392e-02,4.536743169810609766e-01,1.000000000000000000e+00,5.650779001032808502e-01,7.355760024360459282e-01,2.039937340880053074e-01,-1.154139551528964164e-01,5.062784689325661169e-01,4.564713748905191992e-01,-1.107176603913369722e-01,-1.159633211844959474e-02,-2.749969392463953999e-01,-1.052585316544707439e-02,-1.031662318826930824e-01,9.426964140524692060e-02,-1.289597518749077860e-02,6.335289076405827002e-02,-1.563401548898285531e-01,-6.222590559066266264e-02,3.526835745835020797e-01,2.203491456573400120e-01,8.507953250520328137e-02,2.702174547714794040e-01,-2.976182628104310224e-01,1.047358491158346117e-01,-1.729718190921961714e-03,8.647492222546609986e-02,-2.565209747950864538e-01,-5.346179080769363212e-01,-1.206140970462942913e-01,-2.058411735714128776e-01,-3.154679499857164782e-01,-2.142841446684811552e-02,2.026611290570681512e-01,2.394294127434084055e-02,3.705128567347566459e-01,3.584048293983029265e-01,2.265051844457210695e-01,3.752954804441389208e-02,3.533286872663232159e-01,3.711925009967069200e-01,1.992205280820219249e-01,3.770974010277853838e-01,-2.781314648609790052e-01,2.277310555048046026e-01,-5.164825505652191895e-01,-1.741882724478808486e-01,-1.844221768079636059e-01,-7.217884846601307913e-02,-2.065098305127311684e-01,-1.358692069351967735e-01,-2.246812892208106260e-01,6.158236252507463815e-02,4.646333845028551290e-01,5.453038622001639135e-01,2.252133894628455812e-01,2.213850930312133980e-01,-1.885769536240892164e-01,3.217244442770186147e-02,-1.222386508825957646e-01,-1.247845700347513303e-03,8.872575333779104956e-02,1.901151785125679283e-01,2.727618043064018449e-01,1.914305177539405226e-02,8.961572630898229086e-02,6.233420917974942521e-02,2.429626211352099718e-01,9.905383473186228638e-02,1.228256877277907055e-01,1.965537484029144522e-01,3.564129851294463303e-02,2.899491130093015401e-01,-3.754194802055570990e-01,1.342007038163673394e-01,-1.045679000718884727e-01,-1.072346797509959176e-01,-9.609667586462365685e-02,-4.225252629893674200e-02,-1.116735572863201548e-01,1.588766563385852759e-01,1.242147989791209522e-01,2.476385108727385820e-02,2.264753617182913847e-01,-2.347833457333094870e-02,9.149455813705269225e-02,-1.640485451217865986e-01,-3.562199222097699458e-01,7.154786233829019126e-02,-6.032509912132827390e-02,-2.547331807665382739e-02,-1.893429268338622795e-02,-2.699929995071401745e-01,-2.449340603800357341e-01,-4.009132033062417499e-01,-1.865662739484349464e-01,-4.916810286643499284e-01,-2.051740862473277194e-01,1.403112237049873035e-01,-1.516422905110359765e-01,2.531494369782984477e-01,-1.141425651940517795e-02,-1.285673475666223968e-02,-2.658915896769413756e-01,-2.494608364804158929e-01,-8.776671720834157420e-02,-2.089804080376959361e-01
1.496645727972776563e-01,-5.838976107286476640e-04,2.285001679490439586e-01,-2.108969106793617265e-01,-3.084282166950767512e-01,-1.924774524484459126e-01,2.829909998147851491e-01,4.189936242147989515e-02,1.869445517016220526e-01,-5.057463686905311340e-02,5.603345168247271246e-01,5.650779001032808502e-01,1.000000000000000000e+00,5.925713155589877879e-01,1.665034264744199577e-01,-5.040511820787382802e-02,3.335075608462120256e-01,3.459059673707969851e-01,-1.665662111637456200e-01,-8.086824946868456654e-02,-4.174318550678231543e-01,-9.429946413267660532e-02,-2.667250564277395472e-02,1.136434269139127706e-01,-1.283680061780134163e-01,6.223218405959522748e-02,-2.477295486722607687e-01,-2.079083594674602520e-01,2.435214048702083467e-01,2.965006953404342952e-03,2.565727721637801606e-01,2.969951247688738527e-01,-3.388442594388932361e-01,3.658306885282954640e-02,1.645979111533861228e-01,1.630989266957359740e-01,-3.803841795139837334e-01,-4.199510907270153082e-01,-1.651582645056176579e-01,-2.336281074497173205e-01,-2.748336990541486724e-01,8.006303582808296793e-02,2.245086313251650478e-01,4.913843710072861304e-02,1.824099275150761756e-01,1.743781961330909958e-01,3.373688192397402141e-01,1.742039686202122850e-01,2.556843688098220380e-01,3.067518654900815989e-01,2.017680168514106032e-01,2.960706202185535152e-01,3.880878608942422980e-02,1.015887665633858489e-01,-2.981362364973677570e-01,-2.823537352181297311e-01,-2.049449221312890645e-02,-1.638837353123067525e-02,-1.181293929662312510e-02,-4.260255094192730296e-02,-3.001108149766597722e-03,-5.354278305692374007e-02,2.747238258478287287e-01,2.086602061221350668e-01,2.712863641072488230e-01,8.916681578030381805e-02,-2.233832157690025799e-01,-9.293860599154289692e-02,-1.055457716081356356e-01,-4.830810958439674813e-02,2.365554435895262653e-01,3.326960687366778968e-01,1.415512213191691127e-01,1.374356849338720203e-02,-3.209082433157850467e-02,-6.002844146426452449e-02,4.934107468552718645e-01,1.880825241956496363e-01,-6.626453073153580620e-02,1.435870148705536697e-01,-1.607131085013608629e-01,4.656269522114336867e-02,-2.996603348307481651e-01,-1.547485630154230539e-02,-1.923440349836288976e-01,-2.375176189534420057e-01,-1.813096258346439671e-01,-1.498136864344261077e-01,-1.806252727209942677e-01,8.453016647360374336e-02,1.465363256516265811e-01,2.091169647369792439e-01,1.816313973674379689e-01,2.678394846632700110e-01,2.079428910465893829e-02,-1.147813994079403821e-01,-1.132808453330570869e-01,1.425683332862448249e-01,1.250309999403545480e-01,4.771636388750239571e-02,-1.440343557819989961e-01,-1.506942417022184844e-01,-1.270652238745059726e-01,-8.756894543696573663e-02,-2.376086567529642202e-02,-1.946874735127091804e-01,-1.371657107697716871e-01,1.004868952657204939e-02,-3.780580067744680056e-02,1.496818385868422252e-01,1.346684497518435275e-01,1.781170243824340971e-01,-1.865678435656680789e-01,1.143466154343601715e-02,1.427802316127189108e-01,-2.676935102605878525e-01
