0.000000000000000000e+00,7.406236229677001237e-01,2.318756863756852304e-01,-4.409471470744699001e-02,-2.635705462922584563e-01,-1.760204023388715344e-01,3.436775809438136764e-01,3.545317348152579040e-01,-5.496256755306640207e-02,-1.213340974316706594e-01,4.405658589599282249e-01,3.711531568144405546e-01,2.983705070218658495e-01,2.868359707663891145e-01,-1.776962435129649243e-01,-4.245380591750020915e-01,2.261632141446474620e-01,-1.526453860713396782e-01,2.006328926068919605e-01,3.216541967948966518e-01,-3.459698759557888192e-01,-4.146291345216432389e-01,7.922573397962049411e-04,1.918997965702334829e-02,-3.135535367326576783e-01,-2.619175367417903022e-01,-1.033793086127733768e-01,-2.931374988869583365e-01,4.591599332403324962e-01,3.333531207404752394e-01,2.429261922103066462e-01,2.058704670665245096e-01,4.724296728913283117e-01,4.817312763562555111e-01,2.980919612136377905e-01,8.144725095835740614e-02,-4.982887698092874351e-01,-5.210062353164121030e-01,-3.435177595784368876e-01,-2.950279573231291419e-01,-2.092084504405361811e-01,-2.037562587188262719e-01,-3.131471338321282216e-01,-3.870987627543157616e-01,-5.992776074284971166e-01,-4.701099799310028415e-01,-3.529084063755025952e-02,-1.757783871284438748e-01,-3.476274518309820372e-01,-1.404669980296308907e-01,-2.490541999913239712e-01,-2.802558968375918336e-01,-7.450643737628113994e-02,4.018137441807899390e-02,-2.607713892358027308e-01,-8.891775820853949075e-02,6.120815819575377015e-01,5.459018377173856518e-01,4.642422526593133481e-01,3.187819785428401276e-01,6.506761585336617859e-01,5.210610312131126465e-01,5.610414873432894439e-02,6.192004822038910117e-01,1.206856793207135292e-01,2.626709803214236083e-01,-4.839162627371920017e-02,6.054718269180275891e-02,5.369975045035377814e-01,3.905828685195290029e-01,3.911216948370849766e-01,4.286751493758975684e-01,6.212872926032388943e-01,5.848206233489882111e-01,7.211824954507989327e-02,2.774339081575107890e-01,2.794522236859829922e-01,1.763857083168755280e-01,-9.528321487525942546e-02,-3.388897894695985791e-02,-2.862377822274075334e-01,-3.031560153337184427e-01,-4.133322982997290063e-01,-3.715686923644200834e-01,-2.400311423346248307e-01,-2.624791946829714839e-01,-2.474514200128313801e-01,-2.181584469016345229e-01,1.702942311336586023e-01,1.574308943831922714e-01,-2.979230071988109296e-01,-1.151855411893906028e-02,-2.135510252540588905e-01,-2.335903413099415724e-02,1.948290938813531936e-01,-3.595957889353385561e-01,-5.391984730210119814e-01,-3.227729463525339515e-01,-5.392943658402380436e-01,-3.407551331197815614e-01,1.094205562240147533e-01,2.794522236859829922e-01,8.278061777807205202e-02,3.034436937913965737e-01,-4.846811221286379534e-01,-5.043985122914045327e-01,-1.461383733381431960e-01,-1.630155095219286421e-01,2.109390875113301977e-01,2.251449237309612883e-01,3.673950715657242627e-01,-5.680485126338788993e-01,-3.566733411113064411e-01,2.258024744913685045e-01,-1.271926920539100392e-01,-3.981766665372874492e-01
7.406236229677001237e-01,0.000000000000000000e+00,1.153476457171298819e-01,9.602295948071755405e-02,-2.898451787601971641e-01,-1.938838646632677909e-01,2.492642509286762953e-01,5.050240987787364411e-01,7.331462662304304156e-02,3.591186080015708326e-02,1.768286418152054118e-01,2.405791013016308766e-01,-4.292116925310909825e-02,1.448232718173287359e-01,-2.060165894577261070e-01,-4.858455349335257245e-01,3.518284705780282406e-01,-1.365102776553749064e-02,2.725844712995075247e-01,4.163278073193619200e-01,-2.464194306249700428e-01,-4.911105073415085731e-01,-4.344629659648986675e-02,-4.669067031363801148e-03,-2.622828427197943513e-01,-1.679608391991579686e-01,-1.622711985917454636e-01,-2.443371865503471685e-01,4.271317316188306124e-01,3.669521380673944067e-01,2.237978579370714927e-01,1.607734440819290067e-01,5.158325894029301972e-01,5.115037135635825960e-01,1.989022555360979438e-01,1.296311094570868350e-01,-5.250885296206069253e-01,-5.091292247065565268e-01,-5.326686286641901802e-01,-3.915052661139891699e-01,-3.327457995520435308e-01,-1.736276481829452378e-01,-3.924687606309747445e-01,-3.969026619389984800e-01,-6.424978709510968944e-01,-5.673863955487467026e-01,-5.559500352748584888e-03,-2.343323690777622259e-01,-4.898319364184945401e-01,-2.705341914979599860e-01,-2.582644769617502001e-01,-3.854594521780227434e-01,7.972574653701348935e-02,1.404213347823803915e-01,-4.078527086296687698e-01,-1.700156853254305434e-01,7.758847824945375171e-01,7.422127039720175512e-01,3.981675338878373771e-01,2.988591037674462325e-01,5.905330955800259796e-01,5.330704652399945731e-01,5.808593366500072047e-02,6.281139480671888986e-01,1.289826913461296909e-01,2.869546952092404402e-01,-1.523988045361869825e-01,-4.184351661799725480e-02,6.732201037012345290e-01,6.927274429266488953e-01,5.448652820047992229e-01,4.912794613563354340e-01,6.700784722903999624e-01,6.608499300210736171e-01,1.364258006479614760e-01,2.622052151994684888e-01,4.243462735365500227e-01,3.505225017066638804e-01,2.008977394409448558e-01,9.696818869880294289e-02,-1.073200468504916794e-01,-3.290333775505777658e-01,-5.236866679300165028e-01,-4.247024468651039442e-01,-1.438506446508930614e-01,-2.677989629876549316e-01,-2.501638168995111711e-01,-3.011194345063460398e-01,2.979275735235359934e-01,2.310628805746263170e-01,-2.420859884608974333e-01,-7.237624689204523541e-04,-1.752578261097881562e-01,-5.530504190744516685e-02,2.850277061752692354e-01,-4.894072682190648838e-01,-5.959944199511859608e-01,-5.175038642522985510e-01,-5.131384578151506615e-01,-2.877766336597494257e-01,7.027802068088467857e-02,1.965095013801716473e-01,5.170677802410562907e-02,1.552481911646182988e-01,-4.255198189908879214e-01,-4.922292568991458728e-01,-2.115235770761366152e-01,-1.209413935053163386e-01,4.913616552013863603e-01,2.837947984995056738e-01,5.067501695248054494e-01,-6.031863813931399587e-01,-4.126519159156964989e-01,2.336885172915301456e-01,-2.101262817102712566e-01,-6.385023368166780067e-01
2.318756863756852304e-01,1.153476457171298819e-01,0.000000000000000000e+00,3.340882990212082904e-01,2.843655890901369832e-01,1.910938402562621374e-01,5.472352045371002838e-01,1.459876846222165347e-01,3.747696859966802574e-01,9.508229658735721512e-02,9.017806383265333792e-02,3.766532949457634949e-02,1.206445823981880799e-01,1.268365187253561177e-01,2.798586265865124489e-01,-1.824954507989926811e-01,1.632757900312565014e-01,-1.807785127023738003e-01,2.205968643048113187e-01,2.817901819452086620e-01,-1.669151508371214676e-01,-2.418074426526693466e-01,5.687243286931863429e-01,5.439474507350641197e-01,2.999595880261833325e-01,3.563673973547281104e-01,1.023975487968875886e-01,1.109137444091061603e-01,2.798631929112375127e-01,3.747788186461303850e-01,5.069830520857829814e-01,4.977362445175563810e-01,4.439769035295407229e-01,4.105833708152487604e-01,5.489886732315195639e-01,3.957245501599355175e-01,-2.756576078394663010e-01,-2.759955158691200228e-01,-1.988611586135724807e-01,-3.069962944274856054e-01,-1.879476425207025625e-01,-1.912856258947142618e-01,-6.273239738897552487e-01,-5.514681875572217118e-01,-4.669911801437935384e-01,-4.650413594861971256e-01,-1.724769343522326026e-01,-3.687969332563146296e-01,-3.909801387706083875e-01,-4.838043877814283134e-01,-4.463513923865667921e-01,-4.514839413775231791e-01,-2.857948487290776773e-01,-3.462712533876421417e-01,-2.566388653596323177e-01,-3.361157471991305656e-01,1.598053832402183683e-01,1.318001137014856439e-01,-1.809429003924755974e-01,-2.202498236257074971e-01,1.898563662557735399e-01,2.108614599910043352e-01,-2.782330149843945666e-01,-4.864277413359695962e-02,7.000426951361792272e-01,3.855188143994484062e-01,-1.349348956252326018e-03,4.836422832536890065e-02,1.604172707533750852e-01,3.291635178052416955e-02,2.004867702156903353e-01,2.828404366319702268e-01,4.497144905465662312e-02,8.161620497318425316e-02,-4.361525061131672071e-02,5.540550105139626508e-02,2.662829431789383028e-01,7.382605499224866030e-02,8.424184169008810952e-02,-1.287589414346022310e-01,-1.208272353871900906e-01,-1.160371607506124614e-01,-2.339259661772327692e-01,-1.646913506960220597e-01,-2.106148784558516396e-01,-2.237110977672955303e-01,-3.410359620903721106e-02,-1.915801538394799886e-02,1.368641678215662960e-01,-2.974572420768558101e-01,-6.781677165408263319e-02,6.836929694581370121e-02,2.477459479575971207e-02,1.486726835605460539e-01,3.896148076778184199e-01,9.475808753187865696e-02,-5.569774583379948074e-02,9.466219471265259477e-02,-2.066604412439581873e-01,-3.107041501042263620e-01,-3.613561071168454319e-02,-1.028633139188427081e-01,3.504631394852382176e-01,2.109984497327558328e-01,-3.473032427755035068e-01,-3.274168985979100110e-01,-1.393619474461687269e-01,-7.568454915534408856e-02,1.017445643612054224e-01,3.531846690213681361e-01,3.173572852286244417e-01,-4.251476635257962766e-02,-5.482123980282609388e-01,1.910253453853864025e-01,7.497220249823625948e-02,-2.659267698503843813e-01
-4.409471470744699001e-02,9.602295948071755405e-02,3.340882990212082904e-01,0.000000000000000000e+00,1.365536577402628737e-01,5.308580809107078108e-02,-7.026888803143457873e-02,3.103251451520471771e-01,2.287523202637509190e-01,2.494606028918534557e-01,-4.073321476110130512e-01,6.257006454499998427e-02,-4.865898458637089030e-01,5.039624282801622585e-02,-1.720476998280778824e-01,-4.041220213293028052e-01,2.440084111701435465e-01,-2.124825052683971538e-01,-2.011237725148348407e-02,1.699974200265303437e-01,-2.013543719134498755e-01,-2.613147818780837128e-01,6.516350867259222968e-01,7.229017167097804286e-01,5.876974079257698547e-01,6.003050304916333069e-01,-3.483420816504523981e-02,-1.023062223023865902e-01,1.471429647776542338e-01,2.336930836162552094e-01,5.191386085038665055e-01,6.425024372758220137e-01,4.106701309850247505e-01,5.180107262967791337e-01,6.294016516396530037e-01,6.841929820155300268e-01,-3.375404405133462515e-01,-3.572030347794122873e-01,-3.759888946982686830e-01,-4.308213219966711693e-01,-5.878983262136719956e-01,-3.710389986963142928e-01,-2.985942569333933094e-01,-2.616846541808127702e-01,-4.580092194096198610e-01,-2.768402859432542717e-01,-4.239147558500327290e-02,-3.304854688131437235e-01,-4.297071387637589335e-01,-3.522348734785576974e-01,-4.670688076641194009e-01,-3.682170100162333037e-01,-4.908913237547061770e-01,-2.404101472868040157e-01,-4.631554673747514395e-01,-5.457328837025587909e-01,2.072084002109642054e-01,3.358463340403526343e-01,-6.592631321791186938e-02,-6.273445223510179525e-02,1.845936770101532301e-02,2.758813577509937609e-01,-4.308487199450214411e-01,-1.968474094098253691e-01,3.889618232421362398e-01,6.121866074262138913e-01,2.368347150270897206e-01,4.838591836781289124e-01,-1.481772373278781056e-03,9.329229729513754954e-02,4.333556322190739718e-01,4.675117411624493124e-01,2.529629739559669521e-01,1.083931331608784659e-01,1.833036902753265585e-01,2.986444865053688447e-01,3.791305261091031942e-01,3.650616796312236012e-01,2.137062802947105877e-01,-3.929094109669421103e-02,-2.023361317293356776e-01,-1.766870857487288504e-01,-5.537239519713965663e-01,-2.733242159049656395e-01,-5.414405384610115890e-01,-1.660977787113374904e-01,-2.039663096561785682e-01,1.987470004954462188e-01,-1.578144656600964923e-01,9.091324211338640271e-02,-5.661101077880951321e-02,-1.842740342793997010e-02,3.253940167447127441e-01,1.363253415040103778e-01,3.569244889711842283e-01,5.815899486060151918e-02,-7.435574866035447872e-02,-1.428118057759441423e-02,-3.089095844872816188e-01,-5.668201712828404570e-01,-1.155987935770076414e-01,-1.004705597629164254e-01,1.203386386416097215e-01,1.586912000073061324e-01,-2.417115498334433121e-01,-2.939868352858177047e-01,-3.383532463144051650e-01,2.130121989365029722e-01,1.536134469130503166e-01,2.699086050106281331e-01,3.863681507983077190e-01,-1.660475491393619552e-01,-3.404720209868284386e-01,3.439972236745671430e-01,2.805527079447200922e-01,-3.015167047574254244e-01
-2.635705462922584563e-01,-2.898451787601971641e-01,2.843655890901369832e-01,1.365536577402628737e-01,0.000000000000000000e+00,7.669850156054147661e-01,6.924831445538586275e-03,-3.616004054896355679e-01,6.874807358175661909e-01,6.188945384473125699e-01,-3.403053501343641235e-02,-1.424464997979401314e-02,2.691848425417076723e-03,4.473400016895401343e-02,5.826698844034895464e-01,4.679181440629787692e-01,7.241962697693321571e-02,2.065143188527565898e-01,-3.645137206642176109e-01,-4.273509152056330085e-01,1.643077794191178387e-01,1.744404539840041513e-01,2.069526860263613821e-01,1.652667076113783773e-01,6.036338812161948786e-01,6.595302621755341210e-01,6.115655872636071022e-01,6.303423145330133703e-01,7.938555534499725647e-03,7.151549468137327614e-02,1.441291904591211204e-01,1.311927925130539907e-01,-1.164983595478425310e-01,-1.533075031564719581e-01,4.049188449938240231e-02,1.194345063460497819e-01,1.338161460675952978e-02,3.724979394459677906e-02,1.131284119007554961e-01,4.259239387290548323e-02,8.827390642230741047e-02,-1.958724990810271557e-02,-2.644472806394680964e-01,-2.063727627862800285e-01,2.508967120178817387e-02,-6.032799910500035584e-02,-3.282068727753436610e-01,-4.622285034555662087e-01,-2.666893460794677595e-01,-3.777651950163131711e-01,-2.924525501782008208e-01,-2.710958494391411677e-01,-2.202817878987828326e-01,-6.820331104205813455e-01,-1.068542817285365598e-01,-3.039048925886266295e-01,-4.030923151038039859e-02,-5.696718410736342775e-02,-2.105281182860756772e-01,-1.151832580270280709e-01,-1.723947405071816763e-01,-1.742030050983015554e-01,2.310788627111639779e-02,-2.971147677224770245e-01,2.550178200822394992e-01,8.563913705595345427e-02,8.171666411713536526e-02,9.294753977839626327e-03,-1.203295059921596216e-01,-2.578375255999579979e-02,1.577779350622960930e-01,5.870238750288249430e-02,-2.258298724397188040e-01,-1.861622095532079468e-01,1.753719842279143903e-01,9.006390571452707605e-02,-6.201753925326891626e-02,-1.235304996244197956e-01,3.410359620903721106e-02,1.081830822235261558e-01,8.426467331371335912e-02,3.392710775841402682e-01,1.726915516143099349e-01,2.465655530161716402e-01,7.118215297644461814e-02,-4.079326193123571781e-02,5.012020849838694225e-01,5.306503131357179770e-01,-4.974782471705910258e-02,-1.632209941345559023e-01,7.839694604202387951e-02,3.564701396610417405e-02,1.962263892472185245e-01,9.616451554719410155e-02,2.630431357865151837e-02,2.957768345780373287e-01,3.248643230766069534e-01,3.074894574977910522e-01,1.923769775040012342e-01,-8.668939174271500514e-02,-3.387071364805965129e-02,-1.307224610663738074e-01,1.513850804472258449e-01,2.483098890611407927e-01,-2.011694357620853399e-02,1.084342300834039152e-01,-2.700752758630924413e-02,1.655977661539444895e-02,-1.000778558365621046e-01,1.528326053850667388e-01,-5.668407197441031886e-02,8.007050405375477908e-03,-1.039500992034046584e-01,-5.614524565685439367e-02,1.903723609497042224e-01,2.982700478779147235e-01
-1.760204023388715344e-01,-1.938838646632677909e-01,1.910938402562621374e-01,5.308580809107078108e-02,7.669850156054147661e-01,0.000000000000000000e+00,-6.092162131925687313e-02,-2.441362682624449443e-01,6.711789565491370624e-01,7.007504754685619508e-01,-8.633778473888613358e-02,3.833657922915872235e-02,-2.608512999184911182e-02,-4.108550671363892653e-02,5.930354415293535020e-01,4.002634769366353873e-01,-5.485297575966519706e-02,1.404373169189180627e-02,-3.512622463121219951e-01,-2.897310206420709022e-01,3.761509992260079344e-02,1.937651402204164930e-01,8.767115155860079334e-02,3.926354314834391152e-02,4.661007468224087624e-01,5.246364634728269971e-01,6.840103290265280300e-01,6.193694362187178726e-01,-8.253860256764439240e-02,4.066540483893431313e-02,1.142562941078428956e-01,1.440675450753329395e-03,-2.370607481009797193e-02,-7.962072106833732732e-02,5.664754137660991257e-02,9.901390217562541785e-02,-1.005276388219795460e-02,-1.029706225498813873e-03,1.564856651651068964e-01,1.034295381847489259e-01,1.388413864275130083e-01,7.939240483208481747e-02,-3.213025897910677942e-01,-2.834568904698520075e-01,-1.254597718207534941e-02,-1.187084607147668031e-01,-1.888152442184621027e-01,-4.657308745196797051e-01,-1.685681603875896495e-01,-3.364353899298840878e-01,-1.842808837664872967e-01,-2.792284737744555323e-01,-4.488925520960571763e-02,-5.916792430860136065e-01,-5.388034859322950870e-02,-2.840596453335585969e-01,-1.925847452789910402e-02,2.788426193351887725e-02,-1.184162159323635943e-01,-7.132827536764621557e-02,-1.801415104032292984e-03,-2.503030898036252144e-02,-2.614220905091223755e-03,-1.099137192943201724e-01,1.997104950124318212e-01,1.531385491416450972e-01,1.539079748578160711e-02,-6.906337830402133060e-02,2.315354951836690045e-02,9.319183815118645131e-02,2.084778384845281385e-01,5.010399804561301712e-02,-2.342410425832612275e-01,-1.432889867097118797e-01,1.502298002917881459e-01,1.568509711431108899e-01,-2.006214767950793149e-02,9.947738413521801243e-03,-1.644561849726819749e-02,-5.518175113986881208e-02,7.987643525294013669e-02,1.454123277068602171e-01,1.550975024486916376e-01,1.786551717052254629e-01,1.044980581704106765e-01,-9.263931285945536942e-02,5.556966042526182425e-01,3.675868572041763871e-01,1.048861957720399335e-01,-1.651342841943519157e-01,8.700903447346851338e-02,-5.629136804805599803e-02,7.289909107306348501e-02,3.097109744765279629e-02,7.952254508674875405e-03,2.396247394340953740e-01,2.575247323562920299e-01,2.818586768160843969e-01,1.034569361330992393e-01,-1.539970181899545376e-01,3.305334152227567407e-02,-1.217268013580249664e-01,2.074778133697421645e-01,7.057939811273798714e-02,1.578806773686097092e-02,4.068823646255956272e-02,-1.495128873099552669e-01,-1.927285845078300919e-01,-1.355444999760267999e-01,1.916691971716184550e-01,2.266951909751158123e-02,2.782946603681827474e-02,-1.642712488213174393e-01,3.957861955437236984e-02,5.338261919819903972e-02,1.690247928600946692e-01
3.436775809438136764e-01,2.492642509286762953e-01,5.472352045371002838e-01,-7.026888803143457873e-02,6.924831445538586275e-03,-6.092162131925687313e-02,0.000000000000000000e+00,4.186566329291374622e-01,1.505083461000162048e-01,-5.410866482948201855e-02,5.192573329467178311e-01,3.723175696193283257e-01,4.050215873001376532e-01,3.943089894951699592e-01,1.179184865373331254e-01,-2.160122742808609220e-01,2.517118009813031909e-01,-7.240592800275806595e-02,3.769660881894293936e-01,3.550659948080888140e-01,-3.299557751450378773e-01,-3.710389986963142928e-01,9.499097009285621673e-02,6.989901572870552138e-02,-2.210306651536910749e-01,-9.192239987762250431e-02,-2.141355148188653079e-01,-1.473393167408313942e-01,4.118984723360632483e-01,4.202228823098296817e-01,3.247182006854053560e-01,2.286335958208996211e-01,4.031311288639669033e-01,3.380062056353013156e-01,1.796551968200114646e-01,-3.324056083600272771e-02,-3.188596060631659901e-01,-3.202021055323306942e-01,-1.239277698754991525e-01,-2.282180602709200368e-01,-1.072424193301658307e-01,-2.569493754409357122e-01,-3.756053234213644898e-01,-2.689862074161679661e-01,-3.396820468093947332e-01,-1.989981483553240060e-01,-1.422843952702008419e-01,-8.716885583884527444e-02,-2.707670740589375735e-01,-2.229622205123872880e-01,-4.229946414179351355e-01,-2.798403612876122493e-01,-2.774750050800362522e-01,-9.154339492544333323e-02,-1.706138738644121244e-01,-7.695855375363308548e-02,9.868056047069674597e-02,-3.884800759836434109e-02,-1.413756966499158663e-01,-2.261586478199224259e-01,3.788839445739504708e-01,3.180741982104573484e-01,-1.183385884120377457e-01,1.984730210119432237e-01,4.651600839290484513e-01,2.214553333531207313e-01,-2.357296644436275845e-01,-1.567779099475100912e-01,7.760468870222768378e-03,-9.155252757489343307e-02,-3.223596939649168991e-02,1.319645013915874687e-01,5.654251590793375748e-02,5.555618976732292630e-02,-1.177723641461315279e-01,-9.326033302206220010e-02,-2.888428704830486513e-02,-1.463438579507704562e-01,-3.134553607510690704e-02,-4.497144905465662312e-02,-9.560285760601293370e-02,2.324487601286790231e-02,-1.879841731185029896e-01,-2.614426389703851106e-01,-1.507640602846190281e-01,-8.525099945432419724e-02,-2.218252056558498164e-01,-2.956992070577115217e-01,4.521803058980933265e-02,-2.947311462160008833e-01,-1.785547125612743646e-01,-3.619953925783524207e-02,-1.517275548016046027e-01,3.565614661555427389e-02,2.744520981120530667e-01,-1.089136941795341845e-01,-1.841119297516604358e-01,3.012176104879346270e-02,-1.063428533593309411e-01,2.882949115160426262e-02,-6.649710380854313707e-02,8.410485194833659806e-02,8.058421558532291584e-02,1.575359198518684334e-01,-3.666507606355410842e-01,-3.359422268595786409e-01,-4.647833621392317982e-02,-2.148067645534476877e-01,-6.240567685489818023e-02,2.585521554194283311e-01,2.275559431857877846e-01,1.892513282297043908e-02,-3.720618554347255302e-01,1.387546262577370737e-01,5.364289970752689901e-02,-2.031535038551196548e-01
3.545317348152579040e-01,5.050240987787364411e-01,1.459876846222165347e-01,3.103251451520471771e-01,-3.616004054896355679e-01,-2.441362682624449443e-01,4.186566329291374622e-01,0.000000000000000000e+00,-1.194093915600620082e-03,4.046448655103210279e-02,1.502206676423380460e-01,4.871469374801650210e-01,1.262588786476372777e-03,3.408601585884576957e-01,-2.566525643338074536e-01,-4.197434182136994263e-01,2.661185554888364502e-01,-1.463735390614832876e-02,2.407982848884332727e-01,4.797266598019584993e-01,-4.736351826187415459e-01,-5.040651705864759302e-01,3.752377342809979505e-02,1.104571119366011545e-01,-1.692348437974469655e-01,-1.811666503040030574e-01,-3.045807086479340731e-01,-3.908248837299566625e-01,2.717305685759231482e-01,3.579701773332206738e-01,1.762669838740242301e-01,9.236076705122731045e-02,3.368646244540388079e-01,3.934687857457607185e-01,1.628419891823767174e-01,1.088634646075586354e-01,-4.385566760809061493e-01,-4.989874174922201422e-01,-3.215811355992958531e-01,-3.510795933231199983e-01,-3.336955950948539695e-01,-2.604243485566989369e-01,-2.323962473943409490e-01,-2.503190719401628961e-01,-4.732881419396377520e-01,-3.151928473089506966e-01,-1.197678480509784538e-01,-2.633102657829305970e-01,-3.103890736981979037e-01,-2.049891663945898057e-01,-2.633513627054560602e-01,-2.818358451924591890e-01,-2.074960786686423642e-01,2.735456826541305883e-02,-3.761350170894702805e-01,-3.420382703675206582e-01,3.062200192242270913e-01,3.310471267543249052e-01,1.307955222619746061e-01,1.130599170298797473e-01,5.644639477247145321e-01,5.605551737600715789e-01,-1.944112751690110774e-02,3.808018009584715480e-01,3.194532282774225074e-01,5.085356024923000096e-01,-1.220053471662530392e-01,1.528006411119914032e-01,1.917239930683190541e-01,2.430723146015082436e-01,1.439328384959439600e-01,1.434122774772882414e-01,1.611250510857578644e-01,2.199804104669295379e-01,-7.982620568096458757e-02,6.343309991803447456e-02,8.868030932283688106e-02,-1.184732949914267183e-02,1.404624317049058269e-01,4.389836274426983653e-02,-9.371696549456721981e-02,-1.823310631088908562e-01,-4.147432926397695008e-01,-3.775186134811605032e-01,-2.567758551013838431e-01,-1.271607277808346759e-01,-3.043615250611316769e-01,-2.755480160460651029e-01,-4.035946108235594770e-02,-9.810063723061537844e-02,-1.168819308247467381e-01,-8.930589581016874778e-02,6.975061017514138859e-03,2.958750105596259436e-02,1.017262990623052227e-01,-2.963019619214181111e-01,-3.545363011399829678e-01,-3.235948848030429925e-01,-3.899801136558224135e-01,-3.043432597622314773e-01,2.069115891038359467e-01,1.707006340341880868e-01,-6.370251307681243369e-02,-1.341472046101614413e-01,-2.564014164739297219e-01,-3.376865629045478490e-01,-1.676822933909299096e-01,-9.448410804837564791e-02,1.298137624460888317e-01,1.986876382740205838e-01,2.776850560173885762e-01,-2.831326814143734216e-01,-2.477071341974341756e-01,6.468198973033569173e-03,-9.351604720666500947e-02,-4.470226421211491719e-01
-5.496256755306640207e-02,7.331462662304304156e-02,3.747696859966802574e-01,2.287523202637509190e-01,6.874807358175661909e-01,6.711789565491370624e-01,1.505083461000162048e-01,-1.194093915600620082e-03,0.000000000000000000e+00,7.854238348451673124e-01,3.061720728146140585e-03,1.885777953327595069e-01,-4.462440837555280843e-02,3.803520179730541378e-02,5.747336120313524255e-01,1.902216722337775612e-01,2.467527723298987008e-01,1.399190390626248726e-01,-2.231037765788638494e-01,-1.514764069417268433e-01,-1.384760804495090147e-01,-2.861030756480185608e-02,1.640155346367146161e-01,8.715059053994506089e-02,4.439358066070152598e-01,5.069556541374327097e-01,4.418672615065675213e-01,4.886218603663562421e-01,1.652575749619282774e-01,3.654909141553783214e-01,3.130512410129021594e-01,1.855548883647762937e-01,1.725317302489332016e-01,1.379144225083278330e-01,1.246675144809572811e-01,1.404715643543559267e-01,-2.809180139227240858e-01,-2.975531348960818723e-01,-1.827214838728826590e-02,-1.770112948042074086e-01,-7.585350317017093558e-02,-6.566146638385896017e-02,-4.978732342593079063e-01,-4.678998787640785695e-01,-3.220651660201511723e-01,-3.114438947096844768e-01,-2.925575756468769550e-01,-5.789483297525737093e-01,-4.696305158348725861e-01,-4.800508688574370852e-01,-3.544404083207569056e-01,-4.366342533716600083e-01,-1.588007918007073305e-01,-5.358878875953505538e-01,-2.668811317179198839e-01,-4.488948352584197221e-01,2.374283372413462379e-01,2.400174433604496949e-01,-1.594811741847398101e-01,-7.434661601090437888e-02,1.936327168033900314e-01,1.834543789912531919e-01,-7.237853005440775256e-02,-2.563763016879419196e-02,4.192867857411944343e-01,3.682672395882088390e-01,-1.576455116452696315e-01,-1.281744518697958135e-01,1.091374440910616445e-01,2.230763786305135499e-01,3.942633262479194878e-01,2.081399304548744444e-01,-3.535476918370095839e-02,1.294781375787976488e-02,3.589382381749313122e-01,2.271495402852583001e-01,1.011966053941994043e-01,1.495813821808310295e-01,2.245147709189043439e-01,1.649698965042501186e-01,1.748879538070590711e-01,1.073383121493918790e-01,-1.290146556192050542e-01,-5.483471046076499739e-02,-9.728554826719392964e-03,-2.152542643765026076e-01,3.812356018073513320e-01,2.617348837527883054e-01,2.567530234777585796e-01,-1.847649141873426160e-01,-6.536922160145573757e-02,-8.602727465758272518e-02,7.474388626198374963e-02,1.115301982469879410e-01,1.855274904164259941e-01,1.461886029101187590e-01,6.838299591998886484e-02,1.097995611761939244e-01,-1.543394925443332955e-01,-2.213548742091696331e-01,-9.312334328031068864e-02,-1.153019824698793827e-01,-2.374260540789837129e-02,1.803013317686060629e-02,-2.272773973775596978e-01,-2.134368671359326286e-01,-2.836075791857786133e-01,-2.642189644032156282e-01,4.450111760797645366e-02,3.739751454945215436e-01,2.263641324325496862e-01,-1.394989371879202522e-01,-2.529995045537673515e-01,6.758845541783012334e-02,6.571169595583450929e-02,-5.600825591510288914e-02
-1.213340974316706594e-01,3.591186080015708326e-02,9.508229658735721512e-02,2.494606028918534557e-01,6.188945384473125699e-01,7.007504754685619508e-01,-5.410866482948201855e-02,4.046448655103210279e-02,7.854238348451673124e-01,0.000000000000000000e+00,-5.457442995143713810e-02,1.713033888978947039e-01,-1.899796570233499016e-01,-1.746847523567943497e-02,4.157433177545554748e-01,3.033478009721705115e-01,1.328321030893469812e-01,3.424515227551376551e-02,-3.411341380719606908e-01,-2.282500245439954001e-01,-6.229151873677192530e-02,-8.249065615803135784e-03,7.029171965505982833e-02,-8.052713652625978838e-03,4.437759852416384709e-01,5.108461628031754076e-01,5.162024617056593101e-01,5.075264447280639635e-01,-1.471041510174913094e-02,1.353344490386744758e-01,1.625908413224989579e-01,5.729595948756704277e-02,4.028183356203009907e-02,2.445951838973125028e-02,5.599912326565278931e-02,1.128635650667025869e-01,-2.208891090872145135e-01,-2.537757797570258655e-01,-1.118224430293911498e-01,-9.352974618084015923e-02,-1.161969821159892086e-01,-2.892766713319284456e-03,-2.584197320024018696e-01,-2.592599357518111103e-01,-1.337590670085321842e-01,-1.075666283856443889e-01,-1.853128731543486341e-01,-4.814207662749521166e-01,-3.082611663763245025e-01,-3.210057786839395355e-01,-1.970483276977275655e-01,-3.048912187292374676e-01,-1.538965590460034394e-01,-4.665482466454636823e-01,-2.723013591665544020e-01,-3.733586916566397629e-01,2.123957450986211914e-01,2.660454942932356515e-01,-2.016260682345903665e-02,1.022148958078855918e-01,1.360604946699574547e-01,1.749062191059592708e-01,-5.282096125701787187e-02,-9.051597186230704584e-02,2.049389368226142705e-01,2.799864836788138467e-01,-8.093582258915178740e-02,-2.600750247152325625e-02,5.707220957603958283e-02,2.337935427602063077e-01,4.255152526661628576e-01,1.686640532068156839e-01,-3.632283002541159683e-02,3.002358506720488596e-03,2.627394751922993432e-01,3.502348232489856938e-01,8.394503058295985087e-02,8.884926333766372808e-02,2.404421115598793512e-01,1.107767546673546627e-01,1.168088696291459394e-01,7.045610734516163931e-02,-1.327636082184712463e-01,9.755952775069694216e-03,-1.066236823299215181e-03,-1.409829927235615454e-01,4.396525940149181855e-01,4.088527337444547438e-01,7.800880844039462247e-02,5.171362751119320048e-03,1.204824778704488043e-02,-4.470203589587866400e-02,1.572436750694652108e-01,2.497094675893686902e-02,-4.553310699583779791e-02,-5.872978545123279381e-02,-6.387603341636434451e-02,-5.577537335412532937e-02,-9.437908257969948589e-02,-2.303733655411437375e-01,-1.107562062060919381e-02,-9.109589510238841337e-02,-1.544856149355349206e-01,-1.564194534565936656e-02,-7.668914059485512635e-02,-6.734187388267741381e-02,-1.422524309971255063e-01,-5.543746532447162145e-02,1.469146485414017378e-01,2.664016676217895729e-01,1.422615636465756062e-01,-2.652509537910769377e-01,-1.052971649972944540e-01,-4.994417668023626300e-02,-3.030441403779546988e-02,-1.024706099924884012e-01
4.405658589599282249e-01,1.768286418152054118e-01,9.017806383265333792e-02,-4.073321476110130512e-01,-3.403053501343641235e-02,-8.633778473888613358e-02,5.192573329467178311e-01,1.502206676423380460e-01,3.061720728146140585e-03,-5.457442995143713810e-02,0.000000000000000000e+00,5.616693569929838148e-01,7.585692791371473342e-01,5.035674411914454751e-01,1.082607097438520183e-01,7.860699697937618968e-02,1.806323903111722029e-01,3.961971647689781911e-02,1.273890440170871996e-01,1.041510174913068548e-01,-1.543212272454330958e-01,-2.069024564543858469e-01,-1.427136297943555621e-01,-1.987424341707211828e-01,-3.036583110534739616e-01,-3.205308809125343439e-01,-8.862551342613626815e-02,-4.759251944683542263e-02,3.711531568144405546e-01,2.226745420547091292e-01,3.391637689531015742e-02,-7.965268534141269063e-02,1.242063156837272114e-01,8.270755658247125330e-02,-1.192952334419357559e-02,-2.332090531953998902e-01,-2.278573206176410793e-01,-2.745525572560041372e-01,-5.081177837799579627e-02,1.986351255396825023e-04,1.206400160734630300e-01,-8.310026050882556026e-02,-8.118240412430449693e-02,-9.973538148218334676e-02,-1.737829032235969351e-01,-8.114130720177903378e-02,-1.942263390176465487e-01,-6.552447664210744871e-02,-8.239248017644278110e-02,5.049213564724228109e-02,-1.517184221521545029e-01,-5.719550034361593760e-02,-1.680521656936589669e-01,-3.237752546296825129e-02,-1.182335629433615976e-01,1.492389078264522717e-01,8.714830737758253593e-03,-9.398181232862012902e-02,1.009363248848715311e-01,1.001646160063380531e-01,4.721602597325503803e-01,3.057862183753473073e-01,1.261789679649489015e-01,3.011559651041464392e-01,1.076488222306952874e-01,1.207085109443387788e-01,-2.207977825927135151e-01,-1.579605880512980898e-01,-1.546385868138240929e-02,-1.076625212048704372e-01,-1.147357582039731649e-01,-4.156497080976919584e-02,1.506316368675925665e-01,1.475174034051083549e-01,-2.396795353307959731e-01,-1.629036345661648982e-02,-2.233320928151163731e-01,-2.677350344415042604e-01,-2.304829573345449356e-01,6.966156684300291169e-02,-1.562938795266547720e-01,8.113674087705398386e-02,1.261903837767615159e-02,-8.117327147485439709e-02,-6.870035548837984639e-03,7.615031427729920810e-02,-1.219094543470269770e-01,-5.754710734744480222e-02,2.020827007070953932e-02,9.471242428462815777e-02,-1.651342841943519157e-01,-1.122927744760713192e-01,-1.992675615141019652e-01,-8.413681622141194749e-02,-1.155257323814068426e-01,-1.711116032594425795e-01,-2.541410857350298591e-01,-7.614118162784909438e-02,-1.550427065519910386e-01,4.580708647934080696e-02,-7.253606825742198692e-03,2.552050393959665597e-01,-1.658511971761847947e-01,1.842443531686868974e-01,-3.546961225053597011e-01,-2.260262244028959644e-01,8.055681763697261633e-02,-1.466178374342734514e-01,-2.030210804380931933e-01,3.456479500626728069e-02,-4.282984275860809292e-02,-2.243503832288025468e-01,-2.717191527641105164e-02,-7.494937087461100989e-02,-1.785204651258364902e-02,9.356171045391550867e-02
3.711531568144405546e-01,2.405791013016308766e-01,3.766532949457634949e-02,6.257006454499998427e-02,-1.424464997979401314e-02,3.833657922915872235e-02,3.723175696193283257e-01,4.871469374801650210e-01,1.885777953327595069e-01,1.713033888978947039e-01,5.616693569929838148e-01,0.000000000000000000e+00,5.506919123539631977e-01,7.661996077527061244e-01,4.096221594606257177e-02,-7.603158983444789631e-02,4.290587206528017616e-01,1.118498409777414493e-01,-9.788145364381296842e-02,6.106774371045848443e-02,-6.076705122731392850e-01,-3.456958964722858241e-01,4.098048124496277145e-02,7.470735566418335027e-02,1.852329624716602535e-02,-3.455566235681718085e-02,-2.321724974828134891e-01,-2.361041030710817057e-01,4.681190623508809656e-01,4.639545742016352170e-01,2.684336821244369120e-01,2.054047019445693900e-01,2.804431161513188941e-01,3.364810531771345592e-01,2.080714355839986818e-01,1.624926653409104055e-02,-4.568767708778074255e-01,-5.034532830733191577e-01,-3.108525556577904775e-02,-1.811346860309277218e-01,-1.564354355931313334e-01,-2.679359527294064569e-01,-2.222909707778049082e-01,-2.392868314044416522e-01,-4.764115080515720635e-01,-2.061855434725529679e-01,-2.022813358326350786e-01,-3.879983287251506097e-01,-4.071768925703613817e-01,-2.254554338122646828e-01,-4.631417684005762481e-01,-3.427323517257282459e-01,-3.925418218265755432e-01,-2.754429905773889131e-01,-2.141263821694152081e-01,-2.507346074901424249e-01,1.465995721353732517e-01,1.184025169581884446e-01,1.165896860423435294e-01,8.337880631705361922e-02,5.432351040779562767e-01,5.957250067924080295e-01,-2.914456755763272441e-02,3.048227238583617327e-01,1.193568788257239333e-01,5.783044779663416568e-01,-2.898543114096472917e-01,7.473018728780859987e-02,-5.073871718239499062e-02,-6.205406985106932255e-02,-1.445470091714632158e-02,1.167358084335451407e-01,2.942311336586078685e-02,1.116238079038514748e-02,2.371064113482302185e-02,1.559833694453513775e-01,-2.018931982310057938e-01,-9.222834363420086279e-02,-1.833858841203774570e-01,7.515942181196332006e-02,-2.805801058930703640e-01,6.941498530785020216e-02,-2.449810383365792210e-01,-2.161401313731623475e-01,-4.278395119512133915e-01,-7.665717632177977692e-02,-2.090760270235097196e-01,1.019180847007573193e-01,-7.660694674980421393e-02,6.798115934418444417e-02,-1.979844242663628406e-01,-3.180650655610072208e-01,-4.974325839233405266e-02,-7.868919082442710211e-02,1.464077864969211551e-01,7.973487918646358918e-02,-3.581140165620597809e-02,1.739198929653484327e-01,-2.901008929447999596e-01,-2.372411179276191773e-01,1.883837265319448714e-02,1.821073131973633963e-01,-1.023975487968875886e-01,2.077700581521453871e-01,-3.736555027637680215e-01,-3.557646424910214655e-01,-2.197064309834265150e-01,-1.239460351743993521e-01,-4.042407457721540753e-01,2.185831151010641793e-01,1.558418133788748161e-01,-8.046549114247161794e-02,-2.342730068563365631e-01,1.392203913796921932e-01,3.024254033777104000e-01,3.017199062076901528e-02
2.983705070218658495e-01,-4.292116925310909825e-02,1.206445823981880799e-01,-4.865898458637089030e-01,2.691848425417076723e-03,-2.608512999184911182e-02,4.050215873001376532e-01,1.262588786476372777e-03,-4.462440837555280843e-02,-1.899796570233499016e-01,7.585692791371473342e-01,5.506919123539631977e-01,0.000000000000000000e+00,6.256983622876373108e-01,2.353917564139738627e-01,1.679380075755327051e-01,1.931532527072597760e-01,2.761279392861464288e-01,8.466650988951777979e-02,3.046423540317222747e-02,-2.380128268061526553e-01,-1.148499163220994129e-01,-7.780332382776736222e-02,-9.999566199151120605e-02,-1.974318989746317865e-01,-2.558808554552740033e-01,-1.393802127450689265e-01,-9.611885229994360236e-02,3.347686814052407978e-01,2.192543648356465591e-01,-3.233642854044279508e-02,-7.346988166369475270e-02,-8.847254154784709931e-03,-3.436844304309012027e-02,-8.588571859110616380e-02,-3.470018653436501843e-01,-9.302745046108464033e-02,-1.215213167453977200e-01,2.243138526310021474e-01,1.496772750000570917e-01,3.248186598293564264e-01,7.144015032340994553e-03,2.196173876512880555e-02,-3.081127608227603870e-02,-3.361043313873179200e-02,6.487605853115033239e-02,-1.647415802679975949e-01,-4.658792800732438483e-02,-1.440675450753329395e-03,3.537303448260115807e-02,-8.084449609465077513e-02,4.098504756968782137e-02,-1.269643758176575155e-01,-1.298731246675144946e-01,9.887234610914885646e-02,1.649379322311747553e-01,-2.180123245104328977e-01,-3.531664037224679364e-01,-5.677083214418626733e-02,-6.279838078125249412e-02,1.534947224701990187e-01,4.790302952813883797e-02,2.399398158401238323e-01,1.707462972814385860e-01,1.072743836032411802e-01,3.189577820447545703e-03,-2.973750482318048838e-01,-2.187657680900661761e-01,-7.346074901424465287e-02,-2.519949131142563137e-01,-3.589839014221818392e-01,-2.398713209692480974e-01,-1.150325693111014236e-01,-8.307742888520031066e-02,-1.495722495313809297e-01,-1.271150645335841767e-01,-4.214968869081187064e-01,-3.447917641767259123e-01,-2.406567288219567113e-01,1.682302523579359277e-01,-5.844667331827968493e-02,3.076447125384427217e-01,2.326245636305934728e-01,9.781752509766226955e-02,7.455666694825668905e-02,2.067243697901088861e-01,-1.017902276084559215e-01,-3.984346638842527905e-02,2.074709638826545757e-02,-3.897586469066574577e-02,-1.853722353757742691e-01,-2.769772756850057971e-01,-3.099096096020676483e-01,-2.135099283315334273e-01,-1.389190139478388708e-01,6.892638856226983302e-02,-2.447778368863144996e-02,1.454945215519111157e-01,-1.803401455287689803e-01,-1.568532543054734297e-03,-9.621474511916966454e-02,-3.173595683909869684e-04,-1.131695088232809454e-01,6.618887688960225189e-03,-1.225441734838089575e-01,1.550267244154533534e-03,1.191331289141964733e-01,-7.973944551118863910e-02,-4.355474680870980997e-01,-2.616275751217496393e-02,-1.836278993308051166e-01,6.309519188838075276e-02,-2.725410912146195366e-02,-9.042464536780604745e-02,8.197694462646322455e-02,2.983659406971407857e-01
