0.000000000000000000e+00,-1.657714821931274840e-01,2.766879663970686631e-02,-8.490102328075427307e-03,-4.201751642164529010e-01,1.271638589749318482e-01,2.512444702622994575e-01,-3.071048751061262738e-01,-2.482729344474730870e-01,-1.126457839939228739e-01,7.025425622235130785e-01,-2.121676571786049459e-01,5.507037847982483303e-01,-9.401671209616158098e-02,-2.184145851021046525e-01,-3.354484114571696929e-01,3.644085973457258931e-01,-3.193842441574690771e-01,3.943205683900085079e-01,1.011752089012020184e-01,-2.326288037892667304e-01,-2.201528218419053495e-01,-1.177398453907681358e-01,-3.160284195004244845e-01,-3.099512936234862792e-01,-3.674337548594664438e-01,-4.341436167835917570e-01,-1.677242057285848464e-01,4.747754591357969400e-01,-5.439474507350641058e-02,6.179900799857009075e-02,-9.096027525805443215e-02,3.408642030474998696e-01,7.678627284507796857e-02,-2.020554984583761426e-01,-2.081236873854953318e-01,-7.953885338933821495e-04,-3.897850663568523943e-01,-2.485365744671343691e-01,-3.344474730774386617e-01,4.651682380803431882e-02,-2.081773090844094842e-01,3.561508557129451913e-01,1.745788462397783736e-01,2.074266052996112317e-02,-2.120291344564100358e-02,4.300951785155726625e-01,2.782340587157602907e-01,1.846686625854595809e-01,9.478082130568836472e-02,4.801152866526654517e-01,-5.160194825506055072e-02,3.394611019259126672e-01,3.777023102015282241e-01,1.021984896554805899e-01,-2.486036015907770735e-01,6.535144555163322488e-01,-2.248179096474373362e-01,4.299343134188301496e-01,1.186111979981232384e-01,6.631261450466955365e-01,-5.482818713972921129e-03,4.768220206443540832e-01,-9.874435855042673627e-02,1.519281469234550234e-04,-1.339023191384780265e-01,-1.709281022387059423e-01,-1.407480226998525374e-01,8.006166495375129089e-02,-2.423119889181822306e-01,2.563251262344161674e-01,-2.760757853344653623e-01,2.306090531301666635e-01,1.684123508646498957e-01,-4.795120425398811254e-02,-2.434425130702891002e-02,2.451360650609946956e-01,1.119799812324053824e-02,2.354037267080745233e-01,-8.603154743286116346e-02,1.339648777872112229e-01,-2.668439161714106778e-01,-2.600786451584074510e-01,-4.055319719379775756e-01,2.946512355333124611e-01,-1.621341436167836048e-01,-3.799142052817373605e-01,-5.299745296930157279e-01,-1.502301264578399520e-01,-2.319049108539255610e-01,3.489566111086286337e-01,5.091693105143214604e-01,3.666204924259350295e-01,3.825952902274453726e-01,4.493051521515706859e-01,1.465078868582152805e-01,4.095759417310871897e-01,1.807632155145448838e-01,3.455382278028508725e-01,2.796282228875284770e-01,-2.039411948701908006e-02,4.722150230126457848e-01,-3.785513204343357585e-01,-2.378211716341212811e-01,-1.238839983913490317e-01,4.762947406050314914e-02,-2.249877116939988375e-01,-2.528933375039099096e-01,-2.117699629116582549e-01,2.250011171187273895e-01,3.479556727288976026e-01,3.176236650431207842e-01,3.908083471111309937e-01,3.833817418115197384e-01,2.492604674024755385e-01,-7.789892309754681277e-02
-1.657714821931274840e-01,0.000000000000000000e+00,-4.100942848205907376e-01,-2.361946467670583971e-01,-8.184011796773761616e-02,-3.969659055364403999e-01,-5.716296527994995103e-01,5.062782072478663048e-02,-1.914473390231913874e-01,-3.414406363108271059e-01,2.127887751910273115e-02,4.939630903972473952e-01,-1.438312703874167764e-01,5.258724697260824810e-01,-8.156754099825729021e-02,-2.794584208409669687e-02,9.828410563474686279e-02,6.608785021672103355e-01,1.093972027347066417e-01,3.259260914249966223e-01,-5.673622592609142701e-02,-1.512846865364851079e-01,-1.544438982975110675e-01,-4.798695205326421881e-02,-4.927834130211358743e-01,-4.656508333705706160e-01,2.449617945395236515e-02,-1.644085973457259098e-01,5.453326779570132760e-02,3.980785557889092718e-01,-4.141650654631574002e-01,-1.736494034585995827e-01,-1.182805308548192519e-01,1.999508467759953390e-01,-2.925912686000268215e-01,-1.735064122614951576e-01,-2.741722150230126442e-01,5.716073104249519421e-02,-2.686357746101255550e-01,-3.079672907636623463e-02,-3.282988516019482578e-02,2.245944859019616546e-01,1.237141963447875304e-01,3.973546628535680747e-01,2.425309441887483763e-01,5.075695964967156248e-01,1.032217704097591546e-02,2.868179990169354987e-01,1.117878368112963094e-01,4.290808347111130794e-01,-2.569104964475624198e-01,2.857813128379284029e-01,-2.350685910898610287e-01,-8.335493096206264552e-02,-4.736091871844139711e-01,3.301890164886724377e-01,1.608159435184771391e-01,8.765539121497832875e-01,1.753116761249385591e-01,3.729299789981679325e-01,-1.261897314446579384e-02,2.875284865275481438e-01,1.972831672550158510e-02,4.292685106573126408e-01,-4.008087939586219006e-01,-2.056570892354439295e-01,-3.357343938513785431e-01,-2.325081549667098735e-01,-8.668841324455962838e-02,4.247017292997899984e-01,-4.405067250547388125e-01,3.432146208499039508e-01,-1.666383663255730785e-01,-7.943607846641941028e-02,-1.855802314670003117e-01,2.411010322177040976e-01,-7.543679342240493246e-02,3.967424817909647183e-01,-2.634836230394566603e-01,2.761472809330175471e-01,-3.884400554090888802e-01,4.743152062201170804e-01,-3.053308905670494566e-02,3.402252111354394648e-01,-2.587246972608248652e-01,4.224674918450332939e-01,-1.345859957996335954e-01,5.658876625407747996e-02,-4.059609455292908509e-01,2.209124625765226391e-01,-2.655793377720184201e-01,-1.744045757183073364e-01,-4.022074266052996089e-02,-1.438268019125072683e-01,-2.247240716743375555e-01,-9.517851557263505569e-02,-1.074668215737968613e-02,2.593547522230662539e-01,2.401269046874301705e-01,4.444166406005630177e-01,4.126189731444657866e-02,-4.284373743241431942e-02,1.210912015729031649e-01,4.226060145672281831e-01,-6.452477769337325308e-02,-8.150051387461459962e-02,1.216006077125876966e-01,2.447160284195004365e-01,5.618660351222128091e-02,-8.049510701997408813e-02,-6.685285312122972445e-02,3.290048706376513810e-01,7.933330354350059954e-02,-3.084588230037088596e-01,-2.593368783234282215e-01,1.314312525135171439e-01
2.766879663970686631e-02,-4.100942848205907376e-01,0.000000000000000000e+00,-1.076991822690915590e-01,7.739845390768131106e-02,5.140980383395147429e-02,4.139550471424102707e-01,-7.979802493408999498e-02,-2.900933911256088280e-02,1.034541311050538454e-01,-7.228651861119800293e-02,-3.253720005362170098e-01,1.543455918495017787e-01,-1.732204298672863074e-01,5.162160954466240570e-01,4.957057956119576558e-01,-2.848518700567496120e-01,-5.417623665043120873e-01,3.407435542249430127e-01,-1.011439295768354202e-01,3.556906027972652762e-01,5.457393091737789970e-01,7.958085705348764138e-01,6.639885607042316229e-01,4.857634389382903817e-01,4.383976048974485007e-01,4.459091112203404927e-01,5.079851646633004592e-01,-2.548371240895482281e-01,-5.103668617900710691e-01,6.174717368961972763e-01,6.515527950310558980e-01,2.959247508825237905e-01,4.012690468743017672e-03,6.238661244917109716e-01,2.939899012467044881e-01,3.642075159747977797e-01,3.778765807229992335e-01,1.896912283837526303e-01,4.270878949014701442e-01,2.565485499798918489e-01,2.486259439653246486e-02,-1.959962464810759974e-01,-2.638411010322176953e-01,-1.535502033156083690e-01,-3.407346172751239965e-01,-3.326198668394477198e-01,-4.959470932570713697e-01,-3.401179677376111599e-01,-6.074534161490683370e-01,-2.016756780910675118e-01,-5.794852316904240963e-01,-2.615532418785468383e-01,-3.527950310559005986e-01,1.413199874882702656e-01,-3.134367040529067450e-01,-1.745833147146878817e-01,-5.062916126725948152e-01,-4.662049242593502840e-01,-6.966263014433173861e-01,-2.654810313240091313e-01,-5.810536663836632920e-01,-3.846061039367263956e-01,-6.410920952678850204e-01,5.838777425264757293e-01,-4.482327181732874422e-02,4.299834666428348218e-01,3.995263416595915690e-02,2.243710621564860008e-01,9.459761383439832527e-03,3.852495643236963363e-01,2.807229992403592611e-01,2.739621967022655147e-01,1.740828455248223661e-01,2.562893784351401028e-01,1.424505116403771421e-01,4.910987979802493575e-01,6.786272845077974403e-02,-1.367710800303856278e-01,-1.108449886053889805e-01,-8.301979534384915094e-02,-3.986192412529603879e-01,4.781312837928414772e-01,3.123240538004379285e-01,-9.062960811475043177e-02,-4.924438089280128716e-01,5.446132534965816285e-01,4.559587112918360718e-01,4.144510478573663059e-01,-7.876580722999240725e-02,-2.464632021091201497e-01,-2.124804504222708723e-01,-3.141784708878859744e-01,-2.698422628356941799e-01,3.617677286742034676e-02,9.215782653380401312e-02,-5.067250547388176679e-02,-1.563966218329684160e-03,-2.549443674873765331e-01,-2.915098976719245893e-01,-2.746548103132400720e-01,-1.984136914071227553e-01,2.351624290629608094e-01,-2.824076142812458057e-03,-6.931945127128111284e-02,-8.862773135528843882e-02,3.673354484114571550e-01,2.733366102149336618e-01,3.397426158452120371e-01,-2.184413959515617287e-01,-3.600473658340408445e-01,-4.061933062245855486e-01,-5.274230305196836444e-01,-8.302426381875865902e-02,4.168640243085035280e-02,-3.853165914473390130e-02
-8.490102328075427307e-03,-2.361946467670583971e-01,-1.076991822690915590e-01,0.000000000000000000e+00,4.595603020689038587e-01,7.928102238705929672e-01,2.689619732785200612e-01,6.232718173287457031e-01,5.647079851646632509e-01,7.049868179990169681e-01,-1.633540372670807539e-01,1.300326198668394495e-01,-3.165467625899280601e-02,-6.485544483667723958e-02,-3.428973591313284608e-01,-2.504803610527727153e-01,-2.656955181196657412e-02,-1.273828142454980217e-01,-1.741945573975602068e-01,9.613030072836141471e-02,-2.085079762277134707e-01,-2.317082979579069557e-01,-3.902721301219893579e-01,-2.722641762366504459e-01,2.837794360784663961e-01,4.646498949908396403e-01,-2.577729121050985062e-01,-2.875016756780910399e-01,1.148844899235890865e-02,3.187988739443228248e-01,-2.244961794539523589e-02,-1.946959202824076196e-01,-2.115018544170874371e-01,-1.646722373653871918e-01,-1.049957549488359648e-01,-9.491487555297377365e-02,-1.577818490549175445e-01,-3.392019303811609210e-01,9.771660932123865662e-02,-1.155190133607399833e-01,-2.718128602707896024e-01,-1.678537915009607195e-01,-3.251262344161937601e-01,-3.809240806112873523e-01,-1.334420662227981669e-01,-2.532150676973948800e-01,-1.841503194959560330e-01,-3.309486572232896995e-01,1.100004468474909541e-01,1.305777738058000736e-01,-5.405960945529290906e-02,4.532820948210376094e-02,2.265427409625095090e-01,1.126860002681084882e-01,-7.318915054291970368e-02,-3.397962375441261895e-01,-1.551454488583046687e-01,-1.589615264310290932e-01,-4.812547477545913756e-03,2.864024308503507754e-01,-1.019705974350954003e-01,3.052593949684972441e-01,6.592787881496045554e-02,2.440859734572590478e-01,-1.525626703606059176e-01,3.482997452969301411e-01,-2.404575718307341570e-01,-6.224138701461191109e-02,4.098932034496625965e-02,-2.971312391080924153e-01,9.392287412306180028e-02,-3.414853210599222422e-01,-6.414942580097413027e-02,7.985611510791366940e-02,-1.863264667768890492e-01,-4.308503507752803885e-01,-2.467670584029670600e-01,-2.193842441574690438e-01,3.209794897001653213e-01,-1.309352517985611641e-01,3.780955359935653792e-01,1.600160865096742629e-02,-2.519549577729121026e-01,-3.242593502837481378e-01,7.261271727959247267e-03,3.060905313016667323e-02,-2.497922159167076384e-01,-2.444926046740247549e-01,7.866750078198310459e-02,-3.499396755887215771e-01,3.083113633316948987e-01,-1.323696322445149509e-01,2.303498815854148826e-02,-1.829840475445730294e-02,-4.665087805531971908e-03,1.179498637115152654e-01,-1.905000223423745365e-01,-2.706555252692255942e-01,-3.300013405424728763e-01,-4.704455069484784757e-01,1.694624424683855435e-01,-9.087537423477366760e-02,-1.168014656597703149e-01,-1.658340408418606804e-01,-1.080209124625765293e-01,-2.174896107958353697e-01,-1.307297019527235427e-01,-2.460297600428973663e-01,-2.562759730104115508e-01,2.963939407480227148e-02,-1.318289467804638349e-01,-3.385495330443719642e-01,-3.245900174270521799e-02,-1.080611287367621437e-01,-1.755842530944188851e-01,-1.389740381607757203e-01
-4.201751642164529010e-01,-8.184011796773761616e-02,7.739845390768131106e-02,4.595603020689038587e-01,0.000000000000000000e+00,4.843737432414316757e-01,1.409088877965950226e-01,4.305464944814335060e-01,7.221681040260958806e-01,5.258680012511729451e-01,-3.146968139773895223e-01,3.469681397738951789e-01,-1.533133741454041632e-01,8.863666830510746886e-02,-1.711917422583672244e-01,1.323562268197864093e-02,-2.949774342017069673e-01,1.441261897314446705e-01,-1.732829885160194761e-01,4.696367129898565418e-02,-2.147102194021180410e-02,5.145448858304660367e-02,-7.973993476026632055e-02,5.339827516868492913e-02,2.611600160865096831e-01,4.744001072433978172e-01,6.786272845077974403e-02,-1.248223781223468387e-01,-2.313106036909602647e-01,1.778721122480897143e-01,5.688368559810536539e-03,6.886813530542025552e-02,-4.987130792260601186e-01,-3.152866526654453105e-01,-1.451360650609946797e-02,2.804414853210599259e-02,-3.799320791813753928e-01,2.631484874212431171e-02,-5.237052593949684948e-02,-7.944948389114794840e-02,-2.869475847893114273e-01,-1.237767549935207129e-01,-3.843603378167031459e-01,-1.912954108762679184e-01,2.433531435720988345e-02,-4.395638768488314974e-02,-3.226775101657804457e-01,-2.387640198400285962e-01,9.514723624826847137e-02,1.739800706019035692e-01,-3.710844988605389028e-01,5.507395325975244366e-02,-1.022833906787613406e-01,-1.796684391617140997e-01,-1.154519862370972788e-01,2.286518611197997999e-02,-4.740605031502748146e-01,4.053800437910540927e-02,-2.878144689217569940e-01,2.264533714643192364e-01,-4.432414316993610326e-01,3.234639617498547559e-01,-9.305152151570668384e-02,3.949059386031547603e-01,-1.301845480137628908e-01,3.024978774744179755e-01,-3.212610036194646912e-01,-2.702086777782742866e-01,-5.469413289244380583e-02,-1.591402654274096384e-01,-2.254077483354930966e-01,-9.238571875418918888e-02,-3.280441485321060058e-01,-2.413691407122748878e-01,-2.137494972965726936e-01,-2.858930247106662437e-01,-2.509897671924571916e-01,-2.289199696143706109e-01,-2.869073685151257713e-01,-5.293802225300504871e-02,-4.977434201706957412e-02,1.692032709236337695e-01,2.152017516421645196e-02,2.164529246168282739e-02,-1.482237812234684371e-01,4.766075338486974733e-02,1.213324992180168926e-01,2.262656955181196750e-01,7.483354930962062002e-02,-3.963537244738370678e-03,-3.725367532061307774e-02,-3.915679878457482554e-01,-2.638857857813128316e-01,-2.102059966933285673e-01,-3.515572635059653894e-01,-1.584699941909826215e-01,-4.878368112963045733e-01,-4.509584878680906184e-01,-4.639081281558604108e-01,-4.311765494436748947e-01,-5.575762992090799175e-02,-3.020689038831047002e-01,3.157424371062156343e-02,1.005228115644130615e-01,-1.227043210152374969e-01,-2.203404977881049109e-01,5.670941507663434383e-02,-7.186648196970374380e-02,8.601814200813262881e-03,-3.285222753474238977e-01,-3.199651458957057937e-01,-4.097859600518343193e-01,-1.823808034317887239e-01,-3.153402743643594630e-01,-2.020867777827427547e-01,-8.725144108315831259e-02
1.271638589749318482e-01,-3.969659055364403999e-01,5.140980383395147429e-02,7.928102238705929672e-01,4.843737432414316757e-01,0.000000000000000000e+00,4.132088118325215609e-01,2.937083873274051737e-01,5.638053532329415640e-01,7.264489029894096728e-01,5.361723043925108179e-02,-7.803297734483220782e-02,9.544215559229635160e-02,-2.951114884489923762e-01,-3.797175923857187274e-01,-3.304303141337861516e-01,1.659546896644175373e-01,-1.819339559408373885e-01,4.405916260780195354e-03,9.964699048214844916e-04,-2.030609053130166541e-01,-1.587202287859153793e-01,-3.082800840073283144e-01,-2.723982304839358548e-01,2.981857991867375435e-01,4.443138656776441930e-01,-3.816122257473524293e-01,-2.866616023951025771e-01,2.220966084275436681e-01,3.300370883417489409e-01,1.308950355243755359e-01,-1.172527816256311722e-01,-1.175700433442066206e-01,-2.108941418293936165e-01,-1.327405156620045656e-01,-2.503909915545824427e-01,-1.522409401671209750e-01,-3.740336923008177328e-01,-5.980606818892712090e-02,-2.367576746056570813e-01,-9.494168640243084989e-02,-1.075785334465347021e-01,-1.713079226060145732e-01,-4.082934894320568442e-01,-8.490996023057330311e-02,-3.431207828768041423e-01,-8.607623218195629977e-02,-2.557799722954555710e-01,1.645918048170159631e-01,5.545824210197059650e-02,7.946735779078600848e-02,-1.273023816971267652e-01,4.063184235220519414e-01,2.449349836900665822e-01,8.712185531078242562e-02,-4.569104964475624309e-01,2.790562580991107905e-02,-2.929621520175164084e-01,-9.587559765851914884e-02,1.551767281826712530e-01,-2.131462531837883829e-03,1.324098485187005791e-01,2.783725814379552355e-01,1.569149649224719500e-01,-3.221770409759149023e-03,2.467983377273336720e-01,-3.003351356182135112e-01,-2.401447785870682305e-01,5.914473390231914096e-02,-3.812145314804057383e-01,1.842352205192367975e-01,-4.688636668305107280e-01,-1.648420394119487140e-02,-3.424192323160105134e-02,-1.738236739800706060e-02,-4.592877250994235605e-01,-1.490996023057330477e-01,-3.100049153224004872e-01,4.268600026810849268e-01,-6.456499396755886744e-02,4.592296349255998722e-01,-3.396934626212073927e-02,-2.186558827472183664e-01,-3.473300862415657497e-01,2.437687117386835856e-01,-3.340184994861254003e-02,-2.721837436882791894e-01,-3.484740158184012060e-01,1.034764734796014135e-01,-3.694535055185665384e-01,5.290763662362035769e-01,1.099959783725814322e-01,1.758344876893516151e-01,1.967335448411457188e-01,3.249474954198132426e-02,2.014880021448679503e-01,-9.302471066624960760e-02,-2.978551320434335570e-01,-2.675678091067518749e-01,-4.682738281424549953e-01,2.344653469770767162e-01,3.020689038831047071e-02,-1.999776576254524429e-01,-3.070199740828455370e-01,-2.157469055811251646e-01,-2.184056481522856363e-01,-1.250100540685464001e-01,-3.351356182135037387e-01,-6.607980696188391068e-02,-4.613253496581616597e-02,-1.021180571071093474e-01,-2.854148978953482962e-01,4.237901604182492399e-02,7.026676795209794990e-02,-3.887573171276643112e-03,-1.245363957281379885e-01
2.512444702622994575e-01,-5.716296527994995103e-01,4.139550471424102707e-01,2.689619732785200612e-01,1.409088877965950226e-01,4.132088118325215609e-01,0.000000000000000000e+00,2.025649045980606744e-01,2.608382858930247128e-01,4.375709370391885344e-01,2.008132624335314323e-02,-3.352920148353367158e-01,1.911479512042539852e-01,-2.970642119844497109e-01,-2.802180615755842444e-02,-8.974485008266679109e-02,-1.787300594307162926e-01,-5.167657178604941892e-01,-4.633361633674427243e-02,-2.335537780955359854e-01,4.539970508065597349e-02,8.658563832164081764e-02,5.990884311184592470e-02,-1.291657357343938550e-01,4.530676080253809301e-01,3.844318334152553862e-01,-1.154743286116448470e-01,2.568032530497341148e-02,-4.905938603154743477e-02,-2.716296527994995214e-01,4.460029491934403012e-01,2.534876446668751782e-01,1.747173689619732906e-01,-1.508646498949908488e-01,1.310290897716609448e-01,-1.545198623709727846e-02,9.845390768130836412e-02,-1.555208007507037915e-01,1.627329192546583814e-01,1.364046650878055211e-01,-1.239733678895393043e-01,-2.929532150676973923e-01,3.762455873810268553e-03,-2.210152374994414359e-01,-2.708521381652442273e-01,-4.628848474015818670e-01,-2.206086062826757149e-02,-2.997408284552482427e-01,-2.281603288797533491e-01,-3.669243487197819120e-01,1.119799812324053789e-01,-2.623665043120783080e-01,8.738102685553419957e-02,1.771437508378390369e-01,1.521783815183877786e-01,-3.824254881808838435e-01,-1.408061128736762257e-01,-5.086375620000893605e-01,-1.173868358729165673e-01,-2.488940524598954318e-01,-2.485365744671343829e-02,-2.606952946959202877e-01,-1.340765896599490636e-01,-3.608695652173913304e-01,1.061486214754904095e-01,-1.505071719022297583e-01,2.004960007149559909e-01,1.897671924572143509e-01,5.060994682514857734e-02,-2.969033468877071980e-01,2.354394745073506434e-01,-1.469770767237141840e-01,5.589615264310290876e-02,3.320523705259394859e-02,6.331828946780464207e-03,-1.607489163948344346e-01,4.363912596630770135e-02,-3.743956387684883036e-01,1.169578622816032920e-01,-1.254166852853121350e-01,1.213146253183788326e-01,-3.605791143482729444e-01,2.404039501318200236e-03,-2.424639170651056719e-01,-2.694043522945618538e-02,-3.779033915724563375e-01,5.836721926806381217e-02,-1.587649135350104879e-01,8.305554314312525721e-02,-3.808928012869207680e-01,1.971937977568256062e-01,2.501496939094686733e-01,2.147549041512131912e-02,1.618481612225747268e-01,1.880200187675946100e-01,1.745118191161356691e-01,1.346843022476428842e-01,-5.390768130836945393e-02,-1.362214576165154956e-01,-1.967692926404218112e-01,1.055453773627061144e-02,1.763394253541266388e-01,-1.061441530005809014e-01,-3.709459761383439580e-01,2.281603288797533560e-02,5.141874078377049739e-02,1.062156485991331140e-01,-5.711604629340006484e-02,2.077528039680057170e-01,4.508244336208052511e-02,1.462978685374681682e-02,-1.449573260646141448e-01,-5.879172438446757937e-02,3.513740560346753639e-01,2.477545913579695114e-01,-6.621832968407882769e-02
-3.071048751061262738e-01,5.062782072478663048e-02,-7.979802493408999498e-02,6.232718173287457031e-01,4.305464944814335060e-01,2.937083873274051737e-01,2.025649045980606744e-01,0.000000000000000000e+00,3.990571517940926793e-01,6.177800616649538057e-01,-5.520666696456499878e-01,4.316636132088118583e-01,-3.075293802225300688e-01,3.843201215425175454e-01,-7.795254479646096524e-02,9.188971803923320913e-02,-3.733723580142097598e-01,-6.452477769337325482e-03,-4.732517091916528806e-01,-2.056392153358058833e-02,-8.999061620269002693e-02,-8.159435184771438032e-02,-1.560212699405692793e-01,-4.227177264399660517e-03,2.935698646052102290e-01,4.065820635417132234e-01,1.053979176906921639e-01,-1.189150542919701486e-01,-3.701639930291791281e-01,1.756914964922471900e-01,8.506635685240628020e-02,1.273202555967648253e-01,-2.644666875195496036e-01,1.182805308548192519e-02,8.774744179811430622e-02,1.981366459627329213e-01,-1.504446132534965896e-01,5.486393493900531410e-02,2.037803297734483154e-01,2.098038339514723682e-01,-3.664640958041020524e-01,-1.029402564904598055e-01,-4.099691675231243448e-01,-1.994369721614013269e-01,-1.971625184324589941e-01,-1.334644085973457350e-01,-3.449439206398856039e-01,-3.641717681755217151e-01,-9.625988650073730168e-02,8.329684078823897109e-02,-3.204209303364761730e-01,1.845882300370883522e-01,-2.319406586532016534e-01,-1.225613298181330718e-01,-2.116895303632869985e-01,3.768264891192635996e-02,-5.390634076589659873e-01,5.501139461101926115e-02,-2.150900397694266997e-01,2.677420796282228843e-01,-3.620403056436838352e-01,4.225077081192188944e-01,-3.970642119844496887e-01,2.530899503999284872e-01,-2.929889628669735124e-01,3.438178649626882355e-01,-1.203181554135573511e-01,1.780061664953751233e-01,-1.359935653961303059e-01,-1.783502390634076618e-01,-8.711738683587291754e-02,6.992716385897493336e-02,-2.656955181196657412e-01,4.898342195808570720e-02,-2.003306671433039976e-01,-2.034764734796014052e-01,-2.387908306894856725e-01,2.337459225166450827e-02,-8.134858572769114449e-02,-8.274274989945931691e-02,-1.609097814915769198e-02,1.019705974350954003e-01,-1.130881630099647012e-01,1.635014969390946940e-02,-4.664015371553688616e-01,1.402654274096250958e-02,4.674024755350998477e-03,4.534608338174181408e-02,-2.274006881451360804e-02,-2.116716564636489661e-01,-5.890790473211492823e-02,-3.475669154117699833e-01,-1.477233120336029215e-01,-2.202734706644622065e-01,-2.168193395594083805e-01,-7.785423834845167645e-02,-2.598462844631127533e-01,-2.014343804459537979e-01,-2.569909289959336762e-01,-2.867018186692881776e-01,8.396264354975646604e-02,-2.992090799410161428e-01,1.588989677822958968e-01,-3.704365699986594818e-02,8.187586576701372243e-02,-1.321104606997631770e-01,1.623441619375307343e-01,6.092765539121498125e-02,-8.208588408776085199e-03,-1.151034451941552322e-01,-3.146074444791992497e-01,-3.778229590240850810e-01,-2.619554046204030651e-01,-2.485142320925868009e-01,-1.777335895258948251e-01,-8.727825193261540271e-02
-2.482729344474730870e-01,-1.914473390231913874e-01,-2.900933911256088280e-02,5.647079851646632509e-01,7.221681040260958806e-01,5.638053532329415640e-01,2.608382858930247128e-01,3.990571517940926793e-01,0.000000000000000000e+00,5.768354260690826685e-01,-2.223200321730193496e-01,1.901470128245229818e-01,-9.839134903257518161e-02,3.323204790205103176e-02,-1.781625631172081003e-01,-4.133339291299879120e-02,-1.459537959694356402e-01,5.113275838956164027e-02,-2.178560257384154764e-01,1.231958532552839686e-02,-1.117654944367487413e-01,8.056660261852630067e-03,-2.342776710308771548e-01,-8.311810179185843972e-02,2.582421019705974374e-01,4.813709281022386932e-01,-5.252245408642030461e-02,-7.677286742034943046e-02,-9.551811966575807222e-02,2.184950176504758812e-01,-1.556816658474462732e-02,-2.971982662317351059e-02,-3.340542472854015066e-01,-1.808391795880066044e-01,-4.439876670092497701e-02,8.843111845926985431e-03,-3.063005496224138757e-01,-1.686536485097636096e-01,3.375485946646409469e-02,-9.125072612717279041e-02,-2.842888422181509278e-01,-2.129853880870458960e-01,-2.727512400017874095e-01,-1.947450735064122640e-01,-3.904106528441842611e-02,-1.028017337682648885e-01,-2.308637562000089294e-01,-2.972652933553778243e-01,1.214844273649403478e-01,1.390321283345994086e-01,-1.740470977255462737e-01,9.101836543187810658e-02,5.687474864828633708e-02,-1.281111756557486853e-02,-1.590062111801242295e-01,-9.836453818311810537e-02,-3.666562402252111497e-01,-9.987935117744313473e-02,-1.650654631574243747e-01,2.488002144867956511e-01,-2.931855757629920900e-01,3.151347245185218138e-01,-1.950936145493542898e-02,3.315831806604405685e-01,-1.670896822914339219e-01,2.399660395906876853e-01,-2.901380758747039712e-01,-1.458823003708834276e-01,1.006747397113365132e-02,-1.680012511729746527e-01,-1.103489878904330007e-01,-1.680906206711649253e-01,-1.670807453416149058e-01,-7.707225523928683264e-02,-2.509763617677286951e-01,-1.667143303990347991e-01,-3.600384288842218283e-01,-3.165735734393851364e-01,-5.620894588676884907e-02,-1.108181777559318938e-02,1.008624156575360781e-01,1.248670628714419750e-01,-1.397068680459359336e-01,-1.364627552616292094e-01,-1.537602216363554986e-01,6.946244246838553793e-02,-8.146923455024800143e-02,2.439340453103355788e-02,-8.427543679342241328e-03,-7.813128379284149660e-02,9.891862907189775955e-02,-2.164350507171902138e-01,-1.023280754278564769e-01,-7.135707583001921206e-02,-1.925421153760221715e-01,2.915679878457482291e-02,-3.149783278966888367e-01,-3.330756512802180436e-01,-4.254703069842262764e-01,-4.955449305152151429e-01,3.942982260154609397e-02,-1.695250011171187399e-01,-1.315072165869788645e-01,-1.696411814647660887e-01,-1.888958398498592484e-01,-2.634255328656329720e-01,-5.197283167255015851e-02,-1.360605925197730104e-01,-1.153402743643594380e-01,-2.116939988381965343e-01,-2.995844318334152656e-01,-3.277134813888020193e-01,-2.919701505876044420e-02,-1.563385316591447416e-01,-2.030072836141025017e-01,-9.932526028866348056e-02
-1.126457839939228739e-01,-3.414406363108271059e-01,1.034541311050538454e-01,7.049868179990169681e-01,5.258680012511729451e-01,7.264489029894096728e-01,4.375709370391885344e-01,6.177800616649538057e-01,5.768354260690826685e-01,0.000000000000000000e+00,-2.942133249921801696e-01,-3.571651995174047328e-02,-5.838062469279235028e-02,-6.644622190446400345e-02,-6.666964564993967460e-03,7.566915411769963018e-02,-1.557620983958175054e-01,-2.527950310559006208e-01,-1.964162831225702566e-01,-9.070110371330264432e-02,3.130166674114125136e-02,7.826980651503641362e-02,-1.556906027972652928e-01,-1.073774520756065887e-01,5.201081370928102299e-01,5.923857187541892166e-01,4.004647213905893760e-02,7.623218195629831440e-02,-1.154653916618258169e-01,1.094508244336208080e-01,2.726752759283256888e-01,1.834800482595290161e-01,-1.812011260556772030e-01,-1.508378390455337725e-01,2.458108047723311929e-02,1.888377496760355531e-02,-1.124581080477233125e-01,-9.496849725188792612e-02,1.826310380267214817e-01,1.561061709638500439e-01,-1.786675007819830963e-01,-1.142454980115286678e-01,-3.005138746145940565e-01,-3.625229009339112629e-01,-2.995620894588676975e-01,-3.947495419813217832e-01,-2.588587515081102741e-01,-4.118101791858438943e-01,-1.930381160909781513e-01,-1.267661647079851572e-01,-1.932704767862728490e-01,-9.514276777335894941e-02,1.057464587336342104e-01,-6.089637606684838306e-02,1.442647124536395598e-01,-3.338844452388399775e-01,-3.778676437731802173e-01,-2.769337325170919129e-01,-2.815720094731667955e-01,9.413736091871843792e-02,-2.961571115778184882e-01,1.246034228517806930e-01,-2.103802672147995767e-01,-3.226685732159614156e-02,-1.765047589257786320e-01,2.096072210554537629e-01,-1.562044774118593327e-01,3.086822467491845065e-02,1.311944233433129381e-01,-2.064435408195182953e-01,1.924974306269270352e-01,-2.052370525939496981e-01,-7.527592832566244729e-02,9.590687698288574703e-02,7.476652218597792943e-02,-3.309978104472943161e-01,-8.283211939764957565e-02,-1.630948657223289799e-01,1.566915411769962962e-01,-1.886590106796550426e-01,3.090218508423075439e-01,-1.032038965101211014e-01,5.280843648062916174e-02,-9.108539255552079716e-02,-1.307699182269091431e-01,-2.099691675231243615e-01,2.713704812547477682e-02,-4.360784664194110316e-02,1.928236292953215136e-01,-3.405960945529291073e-01,3.174449260467402389e-01,-1.121319093793288341e-01,-2.069350730595647878e-02,-9.144733902319138186e-02,-7.305062782072478667e-02,1.880289557174136539e-01,-1.008356048080790018e-01,-2.216899772107779609e-01,-1.766969033468877015e-01,-3.796371598373475265e-01,2.052191786943116381e-01,-1.671254300907100421e-01,2.019795343849144220e-01,-1.222530050493766535e-01,-1.622726663389784940e-01,-3.665400598775637730e-01,5.309888734974753388e-02,-1.419455739756021184e-01,1.414272308860985670e-02,-1.210286429241699824e-01,-2.327449841369140793e-01,-3.610393672639528040e-01,-2.190982617632601936e-01,-4.954198132177487640e-02,-4.755797846195093659e-02,-3.394923812502793070e-01
7.025425622235130785e-01,2.127887751910273115e-02,-7.228651861119800293e-02,-1.633540372670807539e-01,-3.146968139773895223e-01,5.361723043925108179e-02,2.008132624335314323e-02,-5.520666696456499878e-01,-2.223200321730193496e-01,-2.942133249921801696e-01,0.000000000000000000e+00,-2.313016667411412486e-01,7.299655927431967228e-01,-8.817194691451807342e-02,-1.528754636042718718e-01,-3.363108271147057238e-01,4.960632736047186908e-01,-4.955985522141292954e-02,5.928638455695071086e-01,1.641628312257026601e-01,-1.641002725769694914e-01,-1.474373296393940713e-01,-1.457929308726931550e-01,-3.931185486393493633e-01,-3.556057017739845394e-01,-4.244291523303096447e-01,-4.933643147593726463e-01,-1.848474015818401262e-01,6.565753608293489751e-01,1.047187095044461308e-01,-1.574333080119755257e-01,-3.992716385897493447e-01,1.676169623307565137e-01,-1.593413467983377241e-01,-3.969301577371642797e-01,-4.904955538674650173e-01,-9.179588006613342843e-02,-5.117252781625630798e-01,-4.139237678180436864e-01,-4.494838911479512311e-01,1.041735555654855067e-01,-2.019661289601858978e-01,3.531033558246570170e-01,1.218642477322489787e-01,5.539121497832789898e-02,-5.004691898654988879e-04,3.367755485052951192e-01,2.584521202913445670e-01,2.826712543009071155e-01,1.773135528844005659e-01,4.400732829885160013e-01,-4.581974172215023261e-02,2.997765762545243073e-01,3.077617409178247665e-01,-6.148174627999463543e-02,-2.943071629652799226e-01,6.743286116448455880e-01,-9.784172661870503551e-02,3.527905625809911183e-01,4.871978193842441823e-02,5.946825148576790898e-01,-6.515930113052414985e-02,6.474596720139416117e-01,-6.461414719156352050e-03,1.422136824701729363e-01,-2.417757719290406226e-01,-2.658965994905938546e-01,-3.701818669288172159e-01,1.569775235712051603e-02,-1.203315608382858892e-01,3.967558872156932981e-02,-2.697082085884087710e-01,2.778542383484516876e-01,-4.267393538585281115e-02,5.796952500111712120e-02,-4.675812145314803964e-02,1.042137718396711210e-01,-2.742749899459314550e-02,2.300549622413870232e-01,1.372447383707940394e-01,3.833057777380580178e-02,-7.784083292372313834e-02,-2.480584476518164216e-01,-3.632110460699763399e-01,3.882121631887037183e-01,3.235175834487689223e-02,-4.086777782742749832e-01,-4.645024353188256794e-01,-2.774207962822288764e-01,-8.323875061441529666e-02,2.056749631350819896e-01,4.651905804548907564e-01,2.137226864471155896e-01,2.837258143795522436e-01,4.058805129809195944e-01,2.097725546271057562e-01,3.918673756646856576e-01,1.693105143214620745e-01,2.039322579203717845e-01,2.257071361544304988e-01,-1.752491174762053627e-01,5.081460297600428611e-01,-3.744001072433978394e-01,-4.626212073819205295e-02,-7.521336967692926478e-02,3.208364985030608824e-02,-2.432414316993610215e-01,-2.373475132937128695e-01,-1.202913445641002749e-01,3.133383976048974562e-01,3.675007819831091482e-01,3.478126815317931775e-01,3.757227758166137854e-01,2.312748558916841723e-01,1.360337816703159342e-01,-5.670494660172483402e-03
-2.121676571786049459e-01,4.939630903972473952e-01,-3.253720005362170098e-01,1.300326198668394495e-01,3.469681397738951789e-01,-7.803297734483220782e-02,-3.352920148353367158e-01,4.316636132088118583e-01,1.901470128245229818e-01,-3.571651995174047328e-02,-2.313016667411412486e-01,0.000000000000000000e+00,-1.945976138343983308e-01,5.839805174493944984e-01,-2.904687430180079577e-01,-1.691228383752625131e-01,-3.745520353903212807e-01,3.565306760802537944e-01,-3.362616738907011071e-01,2.744984136914071365e-02,-1.646186156664730393e-01,-2.843201215425175121e-01,-2.154430492872782543e-01,-3.619017829214889181e-02,-3.661289601858885301e-01,-1.601277983824120899e-01,-1.053085481925019051e-01,-3.594083739219804396e-01,-2.673801331605523135e-01,2.856159792662764096e-01,-3.393806693775414662e-01,-1.028732293668171011e-01,-3.587068233611868107e-01,4.374636936413602017e-02,-4.653022923276285694e-02,1.977434201706957384e-01,-4.035256267036060329e-01,1.420975021225255814e-03,-2.459806068188927219e-01,-1.818713972921041921e-01,-3.123910809240806330e-01,2.480003574779927542e-02,-8.950802091246257142e-02,2.552035390321283348e-01,4.170740426292506298e-01,5.222127887751910613e-01,-2.959470932570713517e-02,1.564636489566111066e-01,3.479288618794405541e-01,6.010858394030117458e-01,-2.177934670896822800e-01,4.428794852316904063e-01,-1.462889315876491347e-01,-1.384378211716341123e-01,-3.792618079449484036e-01,3.575986415836275301e-01,-2.894141829393627741e-01,5.018276062379909419e-01,6.303230707359577800e-02,5.363912596630769913e-01,6.729523213727155173e-03,7.350998704142276408e-01,-3.324098485187005486e-02,6.761338755082890728e-01,-2.299968720675633349e-01,3.916305464944814241e-01,-3.856919433397381636e-01,-1.886590106796550426e-01,-5.031100585370212874e-01,-1.692747665221859821e-01,-3.557620983958175165e-01,1.566691988024487281e-01,-3.772420572858483645e-01,-2.157915903302203009e-01,-3.681621162697171212e-01,-1.149738594217793453e-01,-3.066803699897225344e-01,7.372089905715178970e-02,-3.507261271727959429e-01,-1.103311139907949406e-01,-1.862549711783368367e-01,1.880378926672326700e-01,-2.220787345279056357e-01,3.997497654050672505e-02,-2.761517494079270829e-01,1.439251083605165571e-01,-1.413423298628178337e-01,6.296081147504357066e-03,-1.514232092586800249e-01,6.885919835560123589e-03,-1.686179007104875172e-01,-3.946914518074980949e-01,-1.460655078421734532e-01,-2.128200545153939027e-01,-3.258233165020778532e-01,-4.244157469055811482e-01,-3.575092720854372574e-01,-1.982751686849278383e-01,-1.068278296617364426e-01,-1.893739666651771819e-02,-1.255641449573260612e-02,-3.052996112426829001e-01,-2.641315519013360744e-02,1.409133562715045307e-01,1.212967514187407864e-01,4.348719781938424622e-02,1.298583493453684123e-01,9.337772018410116226e-02,-1.258143795522588260e-01,-6.169623307565128001e-02,-1.708521381652441939e-01,-1.339604093123017148e-01,5.791143482729344677e-02,-3.696769292640421645e-01,-2.570579561195763807e-01,1.795835381384333629e-01
5.507037847982483303e-01,-1.438312703874167764e-01,1.543455918495017787e-01,-3.165467625899280601e-02,-1.533133741454041632e-01,9.544215559229635160e-02,1.911479512042539852e-01,-3.075293802225300688e-01,-9.839134903257518161e-02,-5.838062469279235028e-02,7.299655927431967228e-01,-1.945976138343983308e-01,0.000000000000000000e+00,6.058358282318244969e-02,1.076053442959917783e-01,-9.406586532016622537e-02,1.875195495777291221e-01,-2.946154877340363964e-01,4.501094776352830840e-01,-3.887573171276643437e-04,2.971535814826399904e-03,1.277581661378971445e-01,1.300773046159345823e-02,-2.626614236561061744e-01,1.718128602707895761e-02,-2.902721301219893593e-02,-2.600786451584074510e-01,6.970820858840877376e-02,5.164842039411948749e-01,-4.467581214531480410e-02,4.894767415880960093e-02,-1.972295455561016986e-01,2.129585772375888197e-01,-1.469547343491666158e-01,-1.373117654944367438e-01,-2.763036775548505242e-01,-8.199651458957057937e-02,-4.091112203404977943e-01,-1.858036552124759933e-01,-2.896867599088431278e-01,1.393136422538987507e-01,-2.542428169265829596e-01,8.077662093927343023e-02,-8.059341346798337691e-02,-1.338889137137495022e-01,-2.067920818624603418e-01,2.095938156307252387e-01,3.736538719335091158e-02,8.603601590777067154e-02,-4.137807766209393098e-03,2.549443674873765331e-01,-2.124402341480852718e-01,1.397470843201215340e-01,1.186826935966754509e-01,6.637472630591179090e-02,-3.390946869833326160e-01,3.870995129362348464e-01,-2.444077036507439904e-01,1.019974082845524765e-01,-1.132132803074310801e-01,5.210107690245319167e-01,-6.770633182894678082e-02,3.040975914920237555e-01,-2.109790428526743811e-01,2.462263729389159439e-01,-1.594083739219804285e-01,-1.720318155413557426e-01,-3.582644443451449834e-01,-1.716788060235041949e-02,-5.013628848474015881e-02,2.099602305733053176e-01,-1.483354930962062779e-01,1.721658697886411238e-01,-4.696367129898565418e-02,1.552705661557710337e-01,-3.181554135573528598e-03,4.865275481478171377e-02,-4.619062513963984040e-02,4.051119352964833303e-02,-4.221815094508244576e-02,-3.951472362482684464e-02,-4.313508199651459041e-01,-1.655704008221993706e-01,-4.066088743911702719e-01,1.729657267974440416e-01,-2.974172215023012655e-01,-3.467044997542338969e-01,-2.988024487242504357e-01,-5.325975244649001211e-02,-1.049778810491979048e-01,1.411635908664372885e-01,2.932257920371776905e-01,6.898431565306760438e-02,1.340229679610349112e-01,4.917243844675812103e-01,2.206175432324947450e-01,4.358818535233924818e-01,1.096876536038250138e-01,2.556057017739845616e-01,1.327181732874569975e-01,-1.976138343983198653e-01,3.321506769739487885e-01,-8.477590598328790805e-02,8.279190312346396130e-02,-3.333929129987935058e-02,-4.374636936413602364e-03,-1.695250011171187399e-01,-4.507797488717101009e-02,-5.089146074444791945e-02,3.577729121050985395e-01,2.761383439831985309e-01,1.639394074802270063e-01,1.967335448411457188e-01,1.151660038428884286e-01,7.576746056570891896e-02,-7.761740917824747066e-02
