1.000000000000000000e+00,5.880307496306984572e-01,7.153147681791095260e-03,2.082951854955261417e-01,-3.480110231078862859e-01,-3.489790839495969244e-01,5.077981410492043990e-02,5.604478651290329544e-02,-4.661601090438344253e-01,-3.563582647052779828e-01,5.372212544150651858e-01,3.761030528163949449e-01,4.697218423293735845e-01,3.924413626826244728e-01,-4.559817712316975857e-01,-4.220631111740248964e-01,3.616300866003484271e-02,2.625796538269226099e-01,5.139786615645598467e-01,5.124946060289184979e-01,2.731461292406887065e-01,-1.940071554308441526e-01,-1.959524097637155293e-01,-1.945596807225752345e-01,-5.909394984805554918e-01,-5.252757489343339303e-01,-2.969047167851247560e-01,-1.259597843781464777e-01,3.251451520471975581e-02,-6.496738502565133078e-02,-1.788880542662030226e-01,8.762092198662523035e-02,6.319108470760681495e-02,4.733223893750756334e-02,-2.459582318277399593e-01,1.174687035519156840e-02,-5.108575786149880532e-02,3.734112043909778439e-02,1.853859343499494328e-01,7.075291845228989795e-02,2.071033747422880433e-01,1.838516492423325766e-01,2.339099840406951014e-02,2.093728381306379782e-01,7.133284169237126549e-02,2.809887919559623734e-02,-8.778074335200199141e-02,1.907422332524332798e-01,1.712029297539436057e-01,2.201402318323062990e-01,-1.666480208407060404e-02,1.613259693736600608e-01,-2.844386502857377819e-01,-9.678325254743840381e-03,2.460107445620780472e-02,1.790524419563048475e-01,4.921516293788200103e-01,3.252250627298858832e-01,-5.882111194573379914e-02,1.066579297653593994e-01,1.056305067022231120e-01,3.512645294744844854e-02,3.417779898581927989e-01,1.900207539458753647e-01,-7.087620921986624578e-02,-1.646639527476717324e-01,-3.397117279201075646e-02,-2.715205176385708241e-01,3.564358922256038453e-01,1.790798399046551470e-01,-1.965003687307215474e-01,4.366548018329227676e-02,3.156015333718426713e-02,-4.196680738557360957e-02,2.270490811413072019e-01,3.518330369027532489e-01,3.738792526752954815e-01,2.902150510629262214e-01,-8.881273273986332872e-02,-2.247385208304318038e-01,-1.897787387354477051e-01,-1.489055661215236137e-01,9.672160716365023336e-02,1.584491847968784728e-01,-1.239072214142364348e-02,-6.202667190271901609e-02,2.429855544317323091e-01,2.029251876188671311e-01,-3.452712282728561677e-01,-1.057035678978239246e-01,-2.843016605439862565e-01,-3.546184949850338941e-01,-3.327229679284182673e-01,-2.091034249718600191e-01,-1.822123386660395583e-01,-1.314485066976567862e-01,-2.355241798310003243e-01,2.200740201237930474e-02,1.495448515830306302e-01,2.567119265552331164e-01,-1.487366121066967528e-01,-2.892538397083031787e-02,-3.334101997995383287e-02,1.792533602442070439e-01,-3.273347047528590847e-01,-2.834888547429273431e-01,-9.071689015020925617e-02,-1.110279025272324221e-01,-2.127838827002504762e-01,-1.432296244882862446e-01,2.924730986394635628e-03,-2.958750105596259436e-02,-2.102130418800472189e-01,-2.078750836208215214e-01,-2.665158257399158348e-01,-2.016557493453031980e-01
5.880307496306984572e-01,1.000000000000000000e+00,-2.024183255743865761e-01,5.104466093897335605e-02,-1.808698391968747987e-01,-1.863676941658352071e-01,-1.748422905598085719e-01,-4.790302952813883797e-02,-2.660454942932356515e-01,-2.418394069257447099e-01,2.359305827315297810e-01,2.768083216701789362e-01,8.668939174271500514e-02,1.147768551264986142e-01,-3.453945190404325016e-01,-4.284605321138202361e-01,2.058932986901497453e-01,5.553495635735143932e-01,3.597738755996154891e-01,6.259038469002645710e-01,1.012651002650751531e-01,-2.317523956081088687e-01,-2.747489092191813254e-01,-2.639130206466372419e-01,-3.830119021253958200e-01,-3.008911182700935161e-01,-9.437451625497443597e-02,-1.063063227615305417e-01,2.052494469039176650e-01,3.983890006370022913e-02,-1.142928247056432950e-01,9.450009018491332263e-03,1.125621876348492784e-01,1.407775081109342852e-01,-2.549173609382884287e-01,6.788526652495839586e-02,1.166307829648689787e-01,6.488519118060043223e-02,5.481187883713974779e-02,-3.516298354524885483e-02,1.846050928219658549e-01,1.129822895095538987e-01,3.541413140512661428e-02,1.121740500332200074e-01,2.101902102564219554e-01,-3.196655623771373078e-02,-2.448691633808154980e-02,2.570909315074123014e-01,1.937331759473411297e-01,7.177120886597608551e-02,-6.851541933701531251e-02,9.961665703933203497e-02,-1.583898225754528100e-01,3.707627360504487518e-02,9.166668569301968106e-02,1.808835381710499624e-01,7.420072193593902909e-01,7.242898794261956041e-01,1.011372431727737414e-01,1.668375233167956329e-01,-5.190312998728278254e-02,-1.144617787204701420e-01,4.148757160567959623e-01,4.696944443810232572e-01,-1.836826952275057157e-01,-2.123181175782953567e-01,4.939621771323023797e-02,-1.594309446127642471e-01,6.687770697437607215e-01,3.920714903798953599e-01,-1.144252481226697427e-01,-7.623479128471262987e-03,-3.363783108708209846e-02,2.954183780871209170e-02,9.300461883745939073e-02,2.467573386546237368e-01,3.980077125224605883e-01,3.406090107285799640e-01,1.234300404804686835e-01,-1.013883910326515009e-01,1.136992024913867638e-01,1.314302413987565865e-01,1.865571966419247996e-02,8.917347239314230012e-02,-2.516752703835027916e-01,-1.822580019132900575e-01,-1.141809497498795685e-02,-1.133064985650324569e-01,-4.006516145382646443e-01,-1.538919927212783756e-01,-3.041149435259789535e-01,-2.305331869065204708e-01,-3.538833167043007877e-01,-4.464723999917806496e-02,-2.066490254321455555e-02,-4.451938290687665334e-02,-1.761802237042482677e-01,8.336510734287846947e-02,-1.418072143364331079e-02,1.093474950284139546e-01,-2.326839258520191078e-01,8.765060309733806176e-03,2.712625202916054898e-02,7.111365810556885547e-02,-2.347981341997173454e-01,-2.080942672076239452e-01,1.709403660822532076e-02,-9.552066376096203515e-02,-1.055300475582720138e-01,-3.751464077864969521e-02,7.791291562116857417e-02,1.704175219012349640e-01,-9.724216818230595194e-02,-1.108087189404300121e-01,-1.523622739383865832e-01,-1.551385993712170730e-01
7.153147681791095260e-03,-2.024183255743865761e-01,1.000000000000000000e+00,5.197733276406485414e-01,-2.555201158019950181e-01,-2.677076364931539332e-01,7.165408263677854883e-01,2.933110192265102611e-01,-2.591457776336848484e-01,-1.060528917392902608e-02,2.671231469283474880e-01,-2.239302813540979264e-01,2.943658402379968342e-01,-1.655361207701563364e-01,-1.586957663320311684e-01,-4.596005835762998967e-03,-1.867969286899899273e-01,-8.229658735721673279e-02,4.310838856683615189e-02,5.214057887298539223e-02,2.867674758955133796e-01,3.618561196742384189e-01,7.816292189986506767e-01,7.056318765996406617e-01,-1.758035019144316309e-04,-1.774724936014374921e-01,1.429647776542333215e-01,3.310653920532251049e-01,-2.140304893501891736e-01,-4.368374548219247644e-02,2.385105562011831382e-01,2.873565317850448331e-01,-2.496638043421181910e-02,1.130165369449917740e-03,3.569747185431597636e-01,1.767921112174050124e-01,-2.722671117311165415e-02,-1.055962592667852341e-02,-6.802225626670989345e-02,-1.616364794549634831e-01,9.349321558303975988e-02,2.254463011628145830e-01,-6.353287411327681600e-01,-5.004623403784113078e-01,-5.151156764210973460e-01,-4.927498179178015913e-01,-4.363374422645317496e-01,-4.067704896698318695e-01,-3.938569233473899756e-01,-1.826781037879946779e-01,-2.537438154839505300e-01,-3.151152197886248341e-01,-3.731760386676377661e-01,-5.132937128558022755e-01,-1.286310843423008332e-01,-2.130395968848532717e-01,1.218067120407133504e-02,-1.059455831082515703e-01,-3.182933817972597446e-01,-2.300902534081906148e-01,-2.218206393311247526e-01,-1.664722173387916115e-01,-6.813641438483615531e-02,-3.678859514736671638e-02,3.206815696284610051e-01,-1.949797825972798271e-01,-3.609908011388413690e-02,-4.044165492740685319e-02,-2.654632878907917798e-02,2.380995869759286176e-01,1.394624065901198529e-01,1.886691218272605053e-01,-3.789821205555390926e-02,1.563715070469806345e-01,2.398987189175983969e-01,1.486818162099961538e-01,-2.308893602350743923e-01,-1.875732038932484691e-01,-2.947128809171006836e-01,-2.641961327795903647e-01,-2.297477790538118569e-01,-1.121009888376192087e-01,3.946058006022982179e-01,2.170670952923475228e-01,3.085397121845525614e-01,-4.650048288883967262e-01,5.590893835233304854e-01,1.250944658427494832e-02,1.069593071972127218e-01,-4.067796223192819971e-01,-2.162360241923883819e-01,-2.358438225617538464e-01,-2.815253351111557389e-01,-2.414101724015899897e-01,-6.311802351200600236e-02,-5.688499026231252226e-02,1.687508133765916463e-01,-1.637461214779366570e-01,-1.056442056763982618e-01,-9.340417225090127257e-03,-8.543821876805125781e-02,-7.054286751493758778e-02,2.856624253120512158e-01,9.394071540609467974e-02,1.369098310688167952e-01,-1.351517960496724791e-01,1.563806396964307344e-01,2.177657429752802021e-01,3.092657578158355403e-01,1.772989732618855674e-01,-2.251426405685987703e-02,-8.923740093929299899e-02,-1.728924699022121592e-01,1.157563317800218775e-03,-4.971129411925870323e-02,1.384121519033583159e-01
2.082951854955261417e-01,5.104466093897335605e-02,5.197733276406485414e-01,1.000000000000000000e+00,-3.483854617353404071e-01,-3.209418501377888644e-01,5.255771263661872528e-01,5.334814344652490936e-01,-3.674133368646244624e-01,-1.860023881878312135e-01,3.476685487535075003e-01,1.232154232183913234e-01,3.032884387507449042e-01,1.910390443595615384e-01,-3.905920011689791305e-01,-1.527915084625413034e-01,1.112585019258474466e-02,9.828329021961738909e-02,6.211343207249497150e-02,7.971661388756338951e-02,2.687944217777158973e-01,7.651562025530321554e-02,4.467532289623711850e-01,4.846491578555625623e-01,-4.053503626803413029e-01,-4.645847270136921336e-01,-2.795846471030094538e-01,-7.546079924381662862e-02,-9.086757886613590351e-02,-1.529513298279180644e-01,2.291153430793924084e-02,3.293301886577060245e-01,2.221745294973161491e-02,3.902152793791625190e-02,9.011641844886515706e-03,-1.262428965110996004e-01,-2.572690181716892344e-01,-4.453764820577685996e-02,-4.417919171486041699e-03,-6.798115934418444417e-02,5.576167437995017961e-02,1.680156350958585676e-01,-4.754206155862361616e-01,-3.152156789325759045e-01,-2.744429654626029391e-01,-3.759797620488185554e-01,-5.194765165335202273e-01,-2.053544723725938270e-01,-4.964279924838294750e-02,6.755649114475477390e-02,-8.620536132185968592e-02,-8.360712255330612908e-02,-4.337072392229028850e-01,-2.445929007349499640e-01,-1.573121699403409735e-01,8.923740093929299899e-02,1.472708218699556315e-01,1.608739032258801049e-01,-3.654817815059282493e-01,-1.005664525821424737e-01,-2.715022523396706244e-01,5.376619047510325378e-02,1.661251766596877899e-01,2.450951964547054829e-01,-4.717698389685585914e-02,-1.855366230658760940e-01,-2.672510040206489412e-01,-7.045154102043658939e-02,-3.118571470973015292e-02,-2.673583126516876178e-03,1.141352865026290693e-02,1.299553185125653931e-01,-4.411754633107223961e-02,3.701234505889417631e-02,1.792213959711317084e-01,2.116194698953626774e-01,-1.423985533883271037e-01,-1.393665137708937907e-01,-1.639561724152889810e-01,-2.456248901228113013e-01,-2.943475749390966345e-01,-1.512389580560242475e-01,1.653397688069791760e-01,2.240992353689247873e-01,-2.009571016623705186e-01,-2.713515636237439632e-01,4.902200740201237972e-01,1.452707716403836558e-01,-2.666391165074922243e-01,-1.826735374632696141e-01,-1.882170556794805216e-01,-2.331633899481493910e-01,-3.236816449728189271e-01,-1.787830287975268884e-01,-1.149640744402256609e-01,-6.594914484153711898e-02,-1.578144656600964923e-01,-2.053362070736936273e-01,-3.228619896846724596e-02,4.983001856211000807e-02,-1.881120302108043874e-01,-8.777161070255189157e-02,5.807680101555062063e-02,1.216857044354995171e-01,-1.025391048633641500e-01,-1.452662053156586197e-01,2.055531074981335055e-02,2.498441741687576767e-01,8.721908541082082356e-02,1.078680058174976975e-01,-2.415471621433414873e-01,4.319971506133715722e-02,-1.223889184431572463e-01,-3.349102374717173314e-01,-3.493032930050754548e-01,-1.230921324508149756e-01
-3.480110231078862859e-01,-1.808698391968747987e-01,-2.555201158019950181e-01,-3.483854617353404071e-01,1.000000000000000000e+00,7.887389865955537482e-01,-1.807785127023738003e-01,3.929322425905673426e-03,8.170136692930644040e-01,5.768158561059752998e-01,-1.529741614515433001e-01,-1.384989120731342505e-01,-1.550335739025409387e-01,-2.865893892312363911e-01,7.511490014589407016e-01,4.840372703424058454e-01,-6.232348300984728168e-02,1.413893956240910021e-01,-2.258481377386190037e-01,-6.574822655363490864e-02,-9.012326793595272501e-02,-1.827009354116199136e-01,-2.523282548191849717e-01,-1.003655342942402634e-01,7.212350081851370831e-01,7.546605051725043811e-01,4.379539212171995044e-01,-3.987154928548433674e-01,2.477482311199596388e-01,5.385226569617045378e-01,2.087609506174812612e-01,5.376162415037820386e-02,1.260556771973725398e-01,5.558358771567322582e-02,1.116078257673137897e-01,-2.332547164426503894e-01,2.504332300582891579e-01,2.572439033857014737e-02,1.966784553949985082e-01,-7.248812184780896450e-02,7.374614430956028715e-04,-1.674722424535776133e-01,3.768816111820159909e-02,-1.775957843690138260e-01,3.441890093130192674e-01,2.583877677293265340e-01,1.620109180824176043e-01,-1.830023128434732360e-01,-1.538234978504026407e-01,-2.705661557710353216e-01,-1.543303598948831956e-01,-3.809342243754980095e-01,1.713490521451452031e-01,-2.445974670596750278e-01,2.283596163373965982e-01,-1.696229813990762225e-01,-6.181662096536671286e-02,-1.820114203781373619e-01,1.533942633262479205e-01,-1.052788996983942543e-01,3.151380514122500975e-01,1.490516885127252111e-01,-6.213169737139517118e-02,-1.351426634002223792e-01,-9.210048654189945116e-02,1.679836708227832320e-01,-1.525997228240891790e-01,-3.941423186427056580e-02,-7.565715120699378904e-02,-2.334830326789028854e-01,3.339832735525321561e-01,-1.474763064825828918e-01,-1.675612857857160937e-02,1.080871894043001075e-01,-1.435857978168401383e-01,-4.402873131517001659e-01,1.133475954875579061e-01,1.166490482637691783e-01,3.695549431606729995e-01,3.137179244227594754e-01,6.482879707024605809e-01,3.578331875914692040e-01,2.498715721171079762e-01,-3.807150407886956134e-01,3.176266983874024286e-01,-9.739742322295764920e-02,-2.944571667324978326e-01,-2.590179205413834507e-01,2.086741904477052989e-01,-3.222569516586032967e-01,-6.047412149620196020e-02,-1.352705204925237770e-01,1.009363248848715311e-01,-1.499512544835600869e-01,1.863585615163851072e-01,9.185847133147179155e-02,3.279694238896410652e-01,1.126078508820997776e-01,-1.069273429241373585e-01,-2.760640107399957577e-01,-1.398459778670240461e-01,-2.580452933749477484e-01,1.636136980609101954e-01,-1.595177047825402095e-01,1.761208614828226326e-01,-1.378345118256394525e-02,4.856514661327111099e-02,-9.042921169253109737e-02,-3.604040284116724613e-01,-1.406450846939078514e-01,-2.834546073074894687e-02,-2.668583000942946204e-01,-3.023340768832094017e-01,4.898981481270077432e-02,-9.218724671167541351e-02,-3.491183568537109538e-02
-3.489790839495969244e-01,-1.863676941658352071e-01,-2.677076364931539332e-01,-3.209418501377888644e-01,7.887389865955537482e-01,1.000000000000000000e+00,-2.284737744555228600e-01,-5.764756649139590045e-02,7.483361454283098402e-01,8.049722709931070863e-01,-2.990714378671610607e-02,-2.643879184180424891e-01,-9.319183815118645131e-02,-4.048663322594859837e-01,6.073737011660109708e-01,5.444177821817443030e-01,1.123156060996965688e-01,1.229779743326887137e-01,-7.675306914100582523e-02,-1.118133103799410499e-01,-2.277340298500647175e-01,-2.979915020696866645e-01,-1.582756644573265481e-01,-2.179894928868076620e-01,6.821701001623328153e-01,7.018235617789487790e-01,4.127889056574480242e-01,-3.819616474386343108e-01,2.584105993529517975e-01,3.286361072994983812e-01,8.758439138882483099e-02,-9.990890182173524370e-02,9.851845594295747729e-03,-1.326037868530944852e-01,4.713588697433040292e-02,-3.164988161803150568e-01,7.672110486793047579e-02,-5.142366589115252018e-02,9.215528243860005020e-02,-7.303608081481498260e-02,-4.385269949701933040e-02,-2.432275696421599687e-01,-1.016235567559915960e-02,-1.866279746751630664e-01,2.381406838984540808e-01,1.964044759114954852e-01,9.459141667941432102e-03,-1.180098130318341376e-01,-1.199961642872309636e-01,-1.831986648066503964e-01,1.852786257189107527e-02,-1.667005335750441353e-01,2.468988947211002982e-01,-5.472055234263874246e-02,2.339305325019578052e-01,-1.481544057042528430e-02,-3.056012822239827925e-02,-2.063773291110050645e-01,2.126057960359735155e-01,-7.748368109701385398e-02,1.947560326857523949e-01,-7.188536698410234738e-02,3.787538043192865272e-02,-2.250261992881099626e-01,-6.450161990369621123e-02,-3.404195082524903628e-03,-1.686320889337403484e-01,-1.480060001506887102e-01,3.640959019518755224e-02,-2.384785919281077748e-01,3.389742664770119540e-01,-3.598948832048293189e-02,4.960170232585749822e-02,1.270054727401829786e-01,-1.432067928646609811e-01,-2.799408204315633752e-01,1.750500583347983780e-02,-5.810876528862597007e-02,3.949391423072268759e-01,2.859181394966540113e-01,6.700328090431494354e-01,3.065122640066302862e-01,9.910522867012641623e-02,-4.626257737066455933e-01,3.805049898513432893e-01,-7.768459938491606431e-02,-3.315585551235304962e-01,-2.950233909984040781e-01,8.272582188137145298e-02,-2.127153878293747136e-01,-8.968490076234791886e-02,-1.536271458872254803e-01,1.033930075869485266e-01,-8.880816641513827880e-02,1.287954720324026303e-01,8.698620284984326378e-02,1.604446687017253848e-01,4.984371753628515783e-02,-3.635182618741566452e-01,-3.486868391671936740e-01,-1.878106527789510649e-01,-3.649931847603478663e-01,-4.288463865530869196e-02,-2.887309955272849282e-01,3.024961814109486738e-02,-2.760114980056576836e-02,-3.565614661555427389e-02,-1.044478285984351273e-01,-3.730116509775359690e-01,-1.761710910547981679e-01,-1.695088232809499884e-01,-3.489197217281712615e-01,-2.223959962464810702e-01,-4.993047770606111324e-02,-1.239825657721997654e-01,-5.825488767982757443e-02
5.077981410492043990e-02,-1.748422905598085719e-01,7.165408263677854883e-01,5.255771263661872528e-01,-1.807785127023738003e-01,-2.284737744555228600e-01,1.000000000000000000e+00,6.756356894807860058e-01,-7.403610592960097048e-02,1.003107383975396644e-01,2.594928183127886978e-01,-1.058542566137505719e-01,3.654680825317530579e-01,-6.770261353595638520e-02,-3.522234576667450379e-02,1.678809285164695880e-02,-1.747418314158574737e-01,-3.348257604643038732e-02,-1.819657571308868349e-01,8.055225131224756641e-02,3.156312144825554888e-01,2.556068759717710082e-01,4.145971702485679034e-01,4.413330015137366669e-01,-8.258198265253237358e-03,-1.826826701127197139e-01,1.351380970754973432e-01,1.144024164990444931e-01,-1.301790684240928531e-01,-1.525380774403010085e-02,2.123272502277454565e-01,2.339305325019578052e-01,1.070118199315507959e-02,5.571144480797463050e-02,1.955368742137359728e-01,1.194162410471495822e-01,-1.725362965736582377e-01,-1.095666786152163646e-01,-1.679517065497078687e-01,-3.353531709700471874e-01,1.114343054277618789e-01,2.644381479900180243e-01,-5.497603821100529586e-01,-3.859069520010776633e-01,-2.830824518423978864e-01,-3.305219994109441228e-01,-4.735073255264401482e-01,-3.867106251526865046e-01,-3.438374023091904097e-01,-1.929888650171579789e-01,-1.994821787761792975e-01,-2.946991819429254922e-01,-3.624999714604704715e-01,-5.368696474112363282e-01,1.608487884398923304e-02,-1.973999347015564232e-01,-6.590348159428661978e-02,-1.690476244837199049e-01,-3.562121423140763854e-01,-2.383644338099815407e-01,2.409421241172723591e-02,2.950987353563673879e-02,-8.412768357196184765e-02,1.337225364107317849e-01,1.825456803709682163e-01,3.770186009237674885e-02,-2.318551379144224989e-02,9.797278013831398069e-02,-1.383756213055578888e-01,1.641433917290160138e-01,1.852763425565482347e-01,-7.878964996837820034e-02,-1.132014730963562948e-01,1.453301338618093186e-01,2.379123676622015571e-01,-2.424033480292884027e-02,-2.174871971670521431e-01,-2.714931196902205524e-01,-2.368027507540143572e-01,-3.221062629426766355e-01,-1.905413149645310833e-01,-2.429809881070072453e-01,3.313987337581537629e-01,1.724632353780574390e-01,2.292957129060318733e-01,-3.949345759825018676e-01,5.067638684989805853e-01,8.810495240748054957e-02,1.572162771211149113e-01,-5.109922851943770050e-01,-2.941283913522942384e-01,-4.332643057245729734e-01,-3.834776672473509396e-01,-3.750664971038085160e-01,-8.653185353970076644e-04,-7.920975184308282069e-02,2.626938119450488718e-01,-8.988125272552506539e-02,-1.876919283360997670e-01,-1.120644582398188094e-01,-1.494535250885296318e-01,-1.964318738598457847e-01,3.090511405537582079e-01,-2.835915970492409663e-02,1.398893579519120377e-02,-4.174739548253494914e-01,2.930096417946569387e-01,-6.272988591037674533e-02,2.810824016128258829e-01,1.075346641125690395e-01,-2.418987691471703727e-01,-1.619241579126416419e-01,-8.422357639118790984e-02,-2.921055094990970269e-01,-1.233752445837680844e-01,2.978590786526602030e-01
5.604478651290329544e-02,-4.790302952813883797e-02,2.933110192265102611e-01,5.334814344652490936e-01,3.929322425905673426e-03,-5.764756649139590045e-02,6.756356894807860058e-01,1.000000000000000000e+00,1.310603690960275292e-01,2.324145126932411487e-01,2.887903577487105911e-01,1.346175360568415968e-01,3.525088529620606925e-01,1.215898116162734688e-01,-8.043581003175878999e-03,1.586569525718682303e-02,1.653694499176919935e-02,1.203203733427095218e-01,-2.328985431140964679e-01,4.230928173995237435e-02,3.038089997694006228e-01,1.931258547589094765e-01,1.123064734502464690e-01,2.582233800392247369e-01,-1.318914401959866700e-01,-2.188662272340173021e-01,7.731472708218699308e-02,-2.444125309083104713e-02,1.166695967250319047e-03,1.060277769533024828e-01,1.540883446844555360e-01,2.308299980136487572e-01,1.448209886549662283e-02,1.392340903538673291e-01,1.018221918815312710e-01,-4.736876953530796269e-02,-1.293799615972090755e-01,-4.258097806109285843e-03,-8.397699485603520031e-02,-2.661002901899362505e-01,1.966738890702734444e-01,3.056035653863453105e-01,-3.837607793803040623e-01,-3.174942749703759670e-01,8.119153677375459677e-02,-9.215528243860005020e-02,-3.912221539810360471e-01,-3.109370326652038941e-01,-6.962503624520249845e-02,-1.155850946028324916e-01,-1.903266977024537232e-01,-3.771076442559059827e-01,-4.181634698588320709e-01,-4.313601483142270876e-01,-6.014534611599834518e-02,-1.048587978236896340e-01,7.315937158239134430e-02,-6.582585407396075727e-02,-4.737858713346682071e-01,-2.871693124713177725e-01,4.707195842817970405e-02,2.066376096203329238e-01,-1.248319021710590920e-01,1.739564235631488598e-01,-5.325932843062268496e-02,2.025416163419629378e-01,-1.951807008851820513e-01,1.042332113363577673e-01,-1.376358767000997740e-01,-2.241837123763382178e-02,5.160631888015452390e-02,-2.615111338412608455e-01,-2.415380294938913874e-01,8.838121505334608358e-03,1.385674069440100131e-01,-8.178515898801111406e-02,-8.978535990629901709e-02,-1.974684295724321859e-01,-6.292167154882885582e-02,-2.298436718730379191e-01,-1.725842429832712827e-02,-1.433597647429501673e-02,2.760274801421953583e-01,3.364696373653219830e-02,2.410791138590238566e-02,-1.768469071141056115e-01,4.446481532641230472e-01,4.338693437506421086e-02,2.956466943233734129e-02,-3.550157652361132232e-01,-2.941694882748197015e-01,-3.672991787464982005e-01,-4.052042402891397055e-01,-3.414948777252396761e-01,7.370276422467231248e-02,-4.141884841856759147e-02,1.032377525462968293e-01,-1.563943386706058702e-01,-1.464488834194466182e-01,-2.135007956820833275e-01,-2.152223001034272443e-01,-1.675270383502782123e-01,2.631230464692035920e-01,-1.783378121368344935e-02,-8.273495453082155282e-02,-3.682444079645835755e-01,2.907904079782825391e-01,-3.069711796414978378e-02,1.097310663053181756e-01,1.315786469523207158e-02,-3.953775094808317236e-01,-8.563913705595345427e-02,-1.052788996983942543e-01,-4.952475975424040500e-01,-4.451413163344284940e-01,1.283936354565982374e-01
-4.661601090438344253e-01,-2.660454942932356515e-01,-2.591457776336848484e-01,-3.674133368646244624e-01,8.170136692930644040e-01,7.483361454283098402e-01,-7.403610592960097048e-02,1.310603690960275292e-01,1.000000000000000000e+00,6.965220587731655311e-01,-1.235487649233199953e-01,-1.414350588713415291e-01,-1.649196669322745556e-01,-3.866695282301610415e-01,8.668779352906123004e-01,5.266776106249243528e-01,1.219414186201023265e-01,7.278949927966227307e-02,-3.004481847717636600e-01,-1.290374872428302899e-01,-2.379899951825274196e-01,-9.168951731664494453e-02,-2.807764578562475521e-01,-2.087974812152816606e-01,7.007641744427371977e-01,7.214404927977643434e-01,4.377712682281975076e-01,-3.303210811230419264e-01,2.649450100344986070e-01,3.665594341410400858e-01,2.833381660270006819e-01,-8.633321841416108366e-02,3.663334010671501217e-02,1.012125875307370686e-02,2.061010664651395305e-02,-2.743516389681019407e-01,6.598110911461246841e-02,-8.911867649644168721e-02,-6.281664608015269380e-02,-2.370767302375173802e-01,-1.024249467452378881e-01,-2.298299728988627555e-01,3.403053501343641235e-02,-1.512526570301993833e-01,2.454194055101840410e-01,2.542735091520563206e-01,1.406770489669831870e-01,-1.053976241412455522e-01,-1.703718586539844648e-01,-2.908863007975086012e-01,-5.260177767021546186e-02,-3.002016032366109921e-01,2.414695346230156525e-01,-1.862946329702344084e-01,2.018201370354049951e-01,-2.420951211103475331e-01,-1.551112014228667735e-01,-3.126996340090733018e-01,2.307706357922230944e-01,-7.058396443746303706e-02,3.317503407619826206e-01,1.963907769373203493e-01,-1.083018066663774676e-01,-7.671653854320542587e-02,-1.251424122523625004e-01,1.985460822075440224e-01,-8.778987600145209125e-02,7.359317243127110053e-02,-1.668557886156958325e-01,-2.051855183577669661e-01,3.813862905232779932e-01,-1.743536938142282167e-01,-7.632611777921363694e-03,1.406587836680829873e-01,-1.383482233572075892e-01,-4.446527195888481110e-01,-3.824296957229519640e-03,-9.959382541570678538e-02,3.201153453625547596e-01,2.098340369278680617e-01,5.917568706063394135e-01,1.567916089216852549e-01,5.589866412170168414e-02,-4.831103064232206701e-01,3.091196354246339428e-01,-1.086305820465810756e-01,-3.543673471251561069e-01,-2.570589672343369103e-01,2.681094730689583261e-01,-2.308026000652984300e-01,9.450009018491332263e-03,-1.076670875295954871e-01,7.713207409318498242e-02,-8.225549043469128352e-02,2.260536223512462639e-01,1.572984709661658098e-01,3.577281621227930142e-01,9.068492587713390674e-02,-1.934728954380132704e-01,-3.476457171298822368e-01,-1.647598455668977946e-01,-2.512916991065985428e-01,2.332227521695750261e-01,-1.026258650331400984e-01,1.654539269251054379e-01,-7.788095134809321085e-02,1.575450525013185332e-01,-1.314485066976567862e-01,-7.920518551835777077e-02,-5.892842057677247225e-03,-9.978104472943384595e-02,-2.083180171191514052e-01,-4.889848831819976899e-02,-1.679722550109705864e-02,-4.572945895901495139e-02,1.127996365205518881e-01
-3.563582647052779828e-01,-2.418394069257447099e-01,-1.060528917392902608e-02,-1.860023881878312135e-01,5.768158561059752998e-01,8.049722709931070863e-01,1.003107383975396644e-01,2.324145126932411487e-01,6.965220587731655311e-01,1.000000000000000000e+00,9.665311229277447069e-02,-2.990052261586478299e-01,6.834646532218845161e-02,-4.317482859158563446e-01,5.399382176264700961e-01,5.262529424254946964e-01,1.782442024799709701e-01,1.098360917739943238e-01,-1.419145229674717845e-01,-1.580793124941493877e-01,-1.798195845101132617e-01,-8.515054031037308513e-02,2.224028457335686451e-02,-9.208222124299925149e-02,5.693362162063431153e-01,5.139786615645598467e-01,4.595572034914118809e-01,-2.366703273369879235e-01,2.114779138288861160e-01,2.566571306585325174e-01,1.542390334003821972e-01,-9.972168250800819700e-02,-1.712600088130067366e-02,-1.396724575274721492e-01,9.461653146540209558e-02,-2.317523956081088687e-01,-3.235241067698047066e-03,-1.387683252319122096e-01,-6.536922160145573757e-02,-2.724018183105055280e-01,-2.555086999901824002e-02,-9.808237193171517876e-02,-2.634609544988572583e-01,-3.689978515442168816e-01,9.215984876332510012e-02,5.628223539860589819e-02,-2.293824730758078356e-01,-2.624609293840712843e-01,-2.094093687284383776e-01,-1.744541529581793149e-01,-2.101194322231837025e-02,-2.710730178155159042e-01,1.412798038306898041e-01,-2.455152983294101032e-01,2.045371002468098498e-01,-1.324667971113429876e-01,3.387527997278470121e-02,-2.298939014450134544e-01,1.244323487576172015e-03,-1.272109573528102389e-01,1.433118183333371431e-01,-9.286762909570787927e-02,-6.838299591998886484e-02,-1.949158540511291282e-01,-1.174687035519156840e-02,-8.427152280080093052e-03,-1.709106849715403831e-01,-1.347682247727682581e-01,1.838630650541452083e-02,-1.344074851194893006e-01,3.820849382062106447e-01,-7.958875679526197788e-02,1.848676564936562253e-02,2.015233259282767364e-01,-2.503487530508757136e-02,-2.646208009790200211e-01,-1.656000493163070353e-01,-2.816577585281822005e-01,2.992015781218249626e-01,1.845502969252652559e-01,5.855284036813710458e-01,2.641550358570649015e-01,1.764268052394009911e-01,-3.906559297151298571e-01,4.614978914995582215e-01,-2.385014235517330383e-01,-1.158362424627102510e-01,-2.238663528079472276e-01,2.164141108566653426e-01,-3.060191009363248948e-01,-1.754404790987901530e-01,-3.196952434878501670e-01,-7.941523645571008094e-02,-1.947742979846525946e-01,1.180691752532597866e-01,6.208146779941962207e-02,2.529173107087164252e-01,6.921406701994799182e-02,-5.269972533556779304e-01,-4.451915459064040292e-01,-2.733653128274911026e-01,-4.500729470374826846e-01,2.344122797604505926e-02,-3.098959106278924569e-01,-2.500747735673726838e-02,-2.063910280851802281e-01,1.510563050670222229e-01,-1.609926276687314028e-01,-1.027171915276411107e-01,-1.058314249901253223e-01,-2.792832696711561313e-01,-3.555226272805938059e-01,-1.485539591176947283e-01,-2.159072488121847877e-01,-1.356951886919534611e-01,1.986739392998454201e-01
5.372212544150651858e-01,2.359305827315297810e-01,2.671231469283474880e-01,3.476685487535075003e-01,-1.529741614515433001e-01,-2.990714378671610607e-02,2.594928183127886978e-01,2.887903577487105911e-01,-1.235487649233199953e-01,9.665311229277447069e-02,1.000000000000000000e+00,3.621209665082912865e-01,8.008580124158368729e-01,3.012290262997472379e-01,-1.990529442520246051e-01,-6.032799910500035584e-02,3.673996378904493265e-01,3.640662208411626910e-01,3.870667984812403706e-01,4.091769427999333297e-01,6.749256259860407503e-02,-1.907057026546328804e-01,2.156287030039567287e-01,1.501339074725620837e-01,-2.925941062446773544e-01,-2.490952969138494344e-01,-9.894540730474966905e-02,-1.422067677498750071e-01,4.151496955402989575e-01,9.903673379925066744e-02,-5.305841014272048156e-02,1.820662162748379609e-01,-1.101055049327722829e-01,-1.930756251869339135e-01,-2.392776987549915524e-01,-2.926671674402781531e-01,-3.062154528995020275e-01,-3.042747648913557423e-01,-1.717691540198498235e-01,-3.563354330816527193e-01,2.480267769281876977e-01,6.291253889937875599e-02,-3.127635625552239729e-01,-1.409510284504862099e-01,-1.473210514419311945e-01,-1.205167253058866822e-01,-4.001767167668594527e-01,-1.770569580514579078e-01,-1.003974985673156128e-01,7.646082435860261650e-02,-5.254241544878981290e-02,-6.573909390418480880e-02,-2.607120270143770679e-01,-1.574171954090171077e-01,2.387959514964987581e-02,2.140030914018388464e-01,3.341841918404343525e-01,1.334942201744792611e-01,-3.894390041759039633e-02,4.531848973376043782e-02,9.660059955843640703e-03,-7.725079853603629421e-02,4.076746219653918368e-01,2.604243485566989369e-01,-3.187774122181150638e-01,-5.146910082216676896e-01,-4.588448568343040379e-01,-5.953277365413286448e-01,2.184187274109623822e-01,8.077600122377502634e-02,-2.138980659331627121e-01,1.269963400907328788e-01,-5.806310204137547087e-02,-1.145805031633214538e-01,1.149366764918753614e-01,2.071399053400884427e-01,-1.103452369808374106e-02,-2.043772788814330887e-01,5.664297505188486265e-02,-7.991068268837802269e-05,1.141649676133418834e-01,7.076661742646504771e-02,1.987013372481957196e-01,7.713207409318498242e-02,2.375698933078227992e-01,-1.874088162031466442e-01,2.394512190945434771e-01,8.598161141033222599e-02,-1.058999198610010711e-01,-1.185395066999399560e-01,-1.493302343209532701e-01,-2.908954334469587288e-01,-2.098751338503934971e-01,-1.049364253440154826e-01,-6.622312432504012802e-02,-4.554908913237547090e-03,-1.838059859950820774e-01,-7.719600263933569517e-02,-3.195765190449988413e-01,-1.745135151796049777e-01,-7.772112998271646367e-02,-1.790935388788302829e-01,1.078794216293103327e-02,-3.385701467388450153e-02,-4.366981819178107349e-01,-4.318670103587076148e-01,9.031505357440483550e-02,-1.545769414300359190e-01,-1.130279527568043979e-01,-1.682439513321110913e-01,-4.833386226594731938e-01,-3.499562774407576349e-01,-1.026806609298406975e-01,-3.108822367685032950e-01,-3.657192303916308451e-01,4.975695736650920242e-02
3.761030528163949449e-01,2.768083216701789362e-01,-2.239302813540979264e-01,1.232154232183913234e-01,-1.384989120731342505e-01,-2.643879184180424891e-01,-1.058542566137505719e-01,1.346175360568415968e-01,-1.414350588713415291e-01,-2.990052261586478299e-01,3.621209665082912865e-01,1.000000000000000000e+00,2.515656785901015935e-01,6.628225823022952934e-01,-3.822698743575751734e-02,-8.431490288568890823e-02,3.009185162184438433e-01,3.908157510805065904e-01,2.396978006296961727e-01,2.035142435083986123e-01,-4.894415156545027512e-02,-1.806643545842475385e-01,-2.103865622195991159e-01,-8.692684062841761483e-02,-3.884732264965558568e-01,-2.792330400991805961e-01,-4.467486626376461767e-01,-2.916351780524168436e-01,3.710298660468641652e-01,6.264312574060079686e-02,-4.823180490834244605e-02,7.464342711803265140e-02,7.971661388756338951e-02,2.732420220599147687e-01,-1.721709905956542164e-01,-4.576598955681535075e-02,-2.562735593816283242e-01,-5.584843454972613502e-02,-6.208146779941962207e-02,-8.026913917929445752e-02,-2.244051791255031458e-01,-2.418576722246449096e-01,1.612757398016845256e-01,3.060875958072006298e-01,1.309233793542760316e-01,1.466224037589985152e-01,7.075748477701494787e-02,2.712100075572674296e-01,9.452977129562614711e-02,1.644082385630689369e-01,-1.159869311786369123e-01,8.159793967428405348e-02,-1.863037656196845082e-01,-7.004057179518206888e-02,-1.493211016715031703e-01,-1.447958738689784364e-01,-6.982595453310470879e-02,-8.920315350385512113e-03,-3.317434912748950387e-03,1.009363248848715311e-01,2.086239608757297637e-01,4.072271221423369170e-01,2.522688925977593088e-01,3.520704857884559003e-01,-3.376317670078472499e-01,1.080917557290251574e-01,-1.309416446531762312e-01,-2.639564007315252370e-02,-1.889202696871382647e-01,-1.965323330037969107e-01,1.513736646354132227e-03,9.499097009285621673e-02,1.565176294381822319e-01,8.762092198662523035e-02,1.703170627572838658e-01,5.868868852870734454e-02,1.125256570370488790e-01,5.581190395192573567e-02,2.489765724709981365e-01,5.846950494190493453e-02,1.270579854745210527e-02,-6.761128704145537294e-02,-2.399580811390240320e-01,-1.324005854028297534e-02,-1.979730084545502228e-02,2.136606170474600885e-01,5.222277271803629772e-02,1.852946078554484344e-01,2.647326759347837580e-02,1.768788713871809470e-01,-1.853699522134117511e-02,3.164691350696022254e-02,-1.009271922354214313e-01,-2.461911143887175191e-01,1.504946471258410690e-01,2.967083648219475678e-01,-2.154140857418793686e-01,-8.157739121302133925e-03,1.704997157462858626e-01,1.522526821449853851e-01,-6.311345718728095244e-02,-1.150690999089018229e-01,-4.153072337433131624e-03,1.413482987015655667e-01,-2.715821630223590188e-02,2.607599734239900852e-02,-1.394852382137450886e-01,-7.107712750776845612e-02,8.824422531159458599e-03,2.790366881360034079e-01,-1.215441483690229696e-01,9.451150599672594743e-02,1.152791508462541331e-01,4.207639917897481457e-02,5.045560504944188174e-02,-2.424695597378016265e-01
4.697218423293735845e-01,8.668939174271500514e-02,2.943658402379968342e-01,3.032884387507449042e-01,-1.550335739025409387e-01,-9.319183815118645131e-02,3.654680825317530579e-01,3.525088529620606925e-01,-1.649196669322745556e-01,6.834646532218845161e-02,8.008580124158368729e-01,2.515656785901015935e-01,1.000000000000000000e+00,4.555479703828178573e-01,-2.340081600222836677e-01,7.106342853359330636e-02,1.161284872451134598e-01,1.567322467002595920e-01,2.041124320473801934e-01,2.771325307256574666e-01,2.961786711538417771e-01,5.122274760325030984e-02,2.134459997853827284e-01,2.107427355481530373e-01,-2.479628483820369989e-01,-2.913292342958384573e-01,-3.346431074753018764e-02,-7.664347734760461328e-02,2.192726301345467588e-01,6.647883850964293739e-02,-2.965142960211329670e-02,2.569676407398359119e-01,-9.255255268967942095e-02,-1.310649354207525652e-01,-7.297215226866428373e-02,-1.239551678238494520e-01,-2.857902824043526135e-01,-3.320471518691108792e-01,-1.769245346344314462e-01,-3.545089031916326405e-01,3.090283089301329444e-01,1.772259120662847687e-01,-2.983796396713159216e-01,-9.808693825644022868e-02,-1.074205059944427776e-01,-4.961083497530759806e-02,-4.091267132279577945e-01,-2.720684766055768700e-01,-8.792229941847855279e-02,4.310382224211110197e-02,-1.046898438088627731e-01,-1.839566747110087108e-01,-2.844203849868375822e-01,-2.891419647525394487e-01,-2.740936416211366133e-02,1.199276694163552009e-01,1.655909166668569354e-01,5.713613812219028171e-02,-1.520152332592827615e-01,1.014865670142400811e-02,4.791672850231398773e-02,-5.904029553253620222e-02,2.317980588553593679e-01,2.588444002018315260e-01,-2.434695848525876283e-01,-3.817607291507321143e-01,-3.576277029788419437e-01,-4.375338193424949118e-01,6.539661954980605096e-02,2.896648089335577061e-02,-2.488715470023219745e-01,1.083109393158275674e-01,-1.897833050601727412e-01,-1.818333337138604011e-01,2.559995798981252735e-01,8.228288838304158304e-02,-9.011641844886515706e-03,-2.251951533029368235e-01,-1.266538657363541209e-01,-7.332832559721819132e-02,-8.092212361497663764e-02,-2.435905924578014511e-02,2.417161161581683482e-01,2.760046485185700949e-01,2.586663135375545930e-01,-2.122861533052199934e-01,3.806556785672699506e-01,2.437755286091659868e-01,1.088954288806339848e-01,-1.539970181899545376e-01,-1.404898296532561264e-01,-3.364353899298840878e-01,-2.415699937669667507e-01,-1.292338392060074503e-01,-1.106443312503282012e-01,-1.119639990958677112e-01,-1.746733365449817110e-01,-2.657623821602825842e-01,-2.273139279753601250e-01,-1.791483347755308819e-01,-7.841521134092409306e-02,-1.726321893928842999e-01,2.892995029555536779e-02,-1.644036722383438731e-01,-3.952268207649050624e-01,-5.599432862469149175e-01,2.084093436136524036e-01,-1.513485498494254455e-01,-2.318551379144224989e-02,-2.187703344147912399e-01,-5.026861405195107713e-01,-2.574242732123409594e-01,-7.511375856471280699e-02,-4.277299201578121934e-01,-3.183664429928605433e-01,1.613990305692608596e-01
