0.000000000000000000e+00,1.657491398185799159e-01,3.506278207247866541e-01,-3.228919969614370278e-02,-2.968988784127977176e-01,-3.287903838419947017e-02,3.195585146789400866e-01,-1.226462308414138225e-01,-2.153000580901738292e-01,-4.293310693060458649e-01,5.289825282631037684e-01,6.765271013003262314e-03,4.165825103892041859e-01,-1.787702757049019209e-01,-3.680280620224317678e-01,-1.394119487019080394e-01,3.749988828812726438e-01,-5.694624424683855657e-02,5.296930157737164135e-01,2.091156888154072913e-01,1.141650654631574252e-01,1.152732472407167474e-01,6.018142008132624371e-02,-1.129183609634031860e-01,-2.296036462755261520e-01,-1.080611287367621437e-01,-2.825327315787121707e-01,5.071719022297689443e-03,1.142678403860762359e-01,-3.102774922918807854e-01,-2.276330488404307573e-01,-2.946110192591268606e-01,3.384959113454578117e-01,-2.761964341570222192e-02,2.876267929755574326e-01,2.744537289423119863e-02,2.183475579784619480e-01,-7.714821931274855327e-02,5.110594754010456403e-02,9.437419008892264372e-03,2.924572143527414125e-01,-2.675722775816613899e-02,-4.602350417802403837e-01,-6.223513114973859839e-01,-2.867956566423879305e-01,-3.516511014790651979e-01,-1.107019974082845554e-01,-5.118638008847580662e-02,-1.799097368068278413e-01,-3.114258903436257220e-01,1.452969301577371752e-01,-2.413423298628178115e-01,1.072568032530497317e-01,3.724250413333929366e-01,-5.117744313865677658e-02,2.432235577997229614e-01,7.857410965637428024e-01,1.323472898699673828e-01,3.699495062335225182e-01,7.906519504892979555e-02,3.867867196925689477e-01,-6.885919835560123589e-03,-9.544662406720586662e-03,-3.182492515304526370e-01,2.487599982126100229e-01,-1.628714419768532984e-01,2.774565440815049966e-01,1.667813575226775036e-01,5.524241476384109673e-01,4.975423387997676139e-01,-2.317261718575450158e-01,-2.806470351668975405e-01,2.741677465481031084e-01,9.646990482148443125e-02,-2.666204924259350517e-01,-2.517360025023459569e-01,-1.123955493989901300e-01,-3.349390053174851611e-01,-2.913669064748201643e-01,-2.660261852629697277e-01,-1.229411501854417027e-01,-2.704812547477545848e-01,1.467000312793243638e-02,1.189820814156128531e-01,-3.516242906296081216e-02,-1.147727780508512457e-01,-2.024755350998704018e-01,-4.344251307028910991e-02,-1.860181420081326309e-01,2.007819831091648410e-01,-6.086733097993655139e-01,-2.422673041690870943e-01,-4.110684123508646648e-01,4.820590732383037841e-02,-1.895973904106528288e-02,1.156798784574824546e-01,-6.588319406586531923e-02,-1.167835917601322687e-01,-4.180705125340721251e-01,-4.096116895303633099e-01,-4.923365655301845667e-01,1.773805800080432427e-01,-2.589123732070244266e-01,-2.009517851557263424e-01,-3.961973278520041220e-01,6.333169489253318019e-02,-2.246927923499709434e-01,-4.368381071540283073e-02,-5.616872961258322257e-03,5.496224138701460982e-03,-5.272353545734840413e-02,-3.197908753742347843e-01,-3.607757272442915220e-01,-2.850127351534921250e-01,-2.500379820367308881e-01,-1.894588676884579326e-01
1.657491398185799159e-01,0.000000000000000000e+00,4.211984449707315004e-02,5.490638545064568943e-01,-4.444166406005630177e-01,-4.711649314089101370e-01,9.217123195853255124e-02,6.979757808659904361e-01,-5.826310380267214484e-01,-4.956030206890388312e-01,3.360739979445015457e-01,7.472451852182849796e-01,2.919165288886902965e-01,6.495464497966844108e-01,-1.503329013807587489e-01,-4.786496268823450806e-01,4.794673577907859752e-03,6.888511551007641120e-01,6.268912820054515223e-01,7.487599982126100784e-01,-3.241789177353769369e-01,-3.191697573618124117e-01,3.075025693730729648e-01,5.206086062826756899e-01,-4.911300773046159418e-01,-6.309307833236516005e-01,-4.132311542070691290e-01,-5.012064882255685694e-01,5.438133964877787420e-03,3.463336163367442544e-01,-3.760132266857321715e-01,1.492157826533803966e-01,2.177443138656776356e-01,3.790517896242012741e-01,-5.321953617230439429e-03,-3.069842262835694238e-02,-2.291210509852987243e-01,-2.079226060145672184e-01,-2.182135037311765391e-01,-4.931677018633540133e-01,-1.787568702801733689e-01,6.524867062871442247e-02,-3.900755172259707804e-01,-3.765628490996023037e-01,-1.261227043210152443e-01,-3.526073551097010789e-02,-9.037043656999865782e-02,-1.471245363957281449e-01,-3.979400330667143271e-01,-6.716564636489566475e-02,1.784262031368693754e-02,8.199651458957058631e-03,4.029894097144644527e-01,7.556191071987131136e-02,2.202958130390097746e-01,-2.629027213012198883e-01,3.922159167076276765e-01,8.580857053487644936e-01,1.723982304839358215e-01,1.162205639215335845e-01,6.704276330488404545e-01,4.085794718262656944e-01,8.700120648822556868e-03,2.102819607667902879e-01,2.083783904553375976e-01,2.019437865856383296e-01,-1.212788775191027263e-01,-2.735466285356807914e-01,3.097725546271057895e-01,3.676750525045802132e-01,-4.212029134456409807e-01,-8.004379105411323081e-02,-1.339604093123017148e-01,1.730685017203628384e-01,-2.474328611644845688e-01,-3.433442066222798239e-01,1.167969971848608068e-01,-1.567987845748246289e-02,1.279815898833727983e-01,-3.490683229813664745e-01,1.213146253183788326e-01,1.855042673935385911e-01,-1.759193887126323796e-01,-3.700478126815318070e-01,4.027436435944412030e-01,-2.500826667858260244e-01,-2.123061799007998629e-01,-5.838822110013852651e-01,4.019795343849144054e-01,-3.753742347736717666e-01,-1.152509048661691793e-01,-2.045667813575226812e-01,2.086286250502703554e-01,-3.086867152240940215e-01,1.583314714687877045e-01,1.067965503373698583e-01,1.183341525537334044e-01,-7.936458286786719774e-02,-4.755172259707761695e-01,-2.759819473613655538e-01,1.443451450020108162e-01,-4.644264712453639588e-01,-3.173287456990929178e-01,-5.880423611421421448e-01,1.502122525582018919e-01,-3.646364895661111105e-01,-2.641628312257026656e-01,-6.156843469323919349e-01,2.441440636310827084e-01,2.518343089503552457e-01,-1.257875687028017254e-02,-4.962241387014612037e-01,-4.116135662898252612e-01,7.417668349792215683e-03,-1.549667098619241304e-02,-3.896956968586621356e-02
3.506278207247866541e-01,4.211984449707315004e-02,0.000000000000000000e+00,6.542026006523973258e-01,-5.331292729791322627e-01,-5.167433754859466211e-01,8.643505071719022048e-01,4.156664730327539470e-01,-4.418427990526833105e-01,-5.061084052013048451e-01,-1.142410295366191458e-01,-1.630412440234147997e-01,-3.302202958130390220e-02,-7.514187407837705224e-02,-6.656999865945752992e-01,-5.925733947003887225e-01,8.023593547522230029e-02,4.310737745207560839e-02,2.064480092944278034e-01,-2.279547790339157276e-01,-2.488180883864337112e-01,-3.165020778408328961e-01,7.941865141427231212e-01,4.903659680950891442e-01,-3.646007417668349904e-01,-4.728718888243442775e-01,-4.745520353903212585e-01,-3.496760355690602950e-01,1.073104249519638981e-01,-1.682827650922739948e-01,-3.840386076232181756e-01,-2.021895527056615516e-01,2.558246570445507073e-01,-1.986147727780508410e-01,3.865320166227266818e-01,2.538361857098172525e-01,1.153268689396308999e-01,2.832566245140533470e-02,-4.527905625809910961e-02,-1.563519370838732658e-01,-7.626346128066491259e-02,-2.210465168238080480e-01,-9.920907994101613170e-02,-3.649894990839626652e-01,-2.829795790696635338e-01,-3.792171231958532673e-01,9.647437329639393933e-02,-2.230215827338129578e-02,-5.389293534116805784e-01,-6.209705527503462941e-01,-7.343044818803341756e-02,-5.374592251664507270e-01,2.421466553465302374e-01,4.649805621341436268e-01,1.593726261227043084e-01,2.458554895214263430e-02,1.673533223110952317e-01,-1.587157603110058435e-01,-3.535680772152464124e-01,-7.036552124759819504e-01,1.029715358148264037e-01,-3.407748335493095970e-01,-2.161267259484337955e-01,-2.301309263148487438e-01,6.370034407256802700e-01,-2.488538361857098036e-01,2.247285401492470636e-01,-2.983600697082085945e-02,-5.518566513249028270e-03,-8.791724384467580755e-02,-3.709727869878010620e-01,-4.141874078377049684e-01,1.393940748022699794e-01,-7.247866303230707415e-03,-2.502926851065731539e-01,-2.201394164171768253e-01,-1.726708074534161474e-01,-3.928593770945976171e-01,-1.875687028017337665e-01,-3.164573930917377598e-02,-2.606059251977300151e-01,-2.303498815854148826e-02,-2.893471558157200696e-01,-2.136869386478394972e-01,7.238035658429778363e-02,4.542651593011304972e-02,-5.402207426605299956e-01,-3.544394298226015705e-01,-1.364627552616292094e-01,3.712364270074623440e-01,-1.823942088565172759e-01,-2.449171097904285360e-02,4.392689575048036033e-01,5.186782251217659789e-01,1.583940301175209009e-01,1.677331426784038626e-01,1.952991643951919321e-01,7.438223334375977658e-02,-1.437999910630501921e-01,-6.889941462978685371e-02,-1.835962286071763649e-01,3.843558693417936656e-01,-4.647526699137584094e-01,-2.055096295634299963e-01,2.364448813619911549e-01,4.969390946869833292e-01,-1.136556593234728935e-01,-4.064346038696992625e-01,3.838419947271996119e-02,2.116716564636489661e-01,1.169891416059698763e-01,-9.722507708119218495e-02,-2.042405826891282028e-01,1.753116761249385591e-01,1.738504848295276684e-01,1.111443764243263826e-01
-3.228919969614370278e-02,5.490638545064568943e-01,6.542026006523973258e-01,0.000000000000000000e+00,-7.106751865588274431e-01,-6.322355779972295142e-01,6.504088654542204972e-01,8.957192010366862300e-01,-7.324009115688815408e-01,-5.815407301488002556e-01,-1.480405737521783838e-01,3.316412708342642568e-01,-1.012467044997542309e-01,4.449573260646141337e-01,-5.315295589615264271e-01,-7.493587738504848828e-01,-1.248000357477992706e-01,4.444747307743867060e-01,2.319853434022967897e-01,1.361544304928727911e-01,-3.120872246302336950e-01,-4.023280754278564797e-01,8.161714106975289651e-01,7.769873542160060653e-01,-5.280128692077393771e-01,-7.457214352741409202e-01,-6.468743018007954149e-01,-5.465481031324008754e-01,-6.526207605344296059e-02,1.343402296796103457e-01,-4.477322489834219543e-01,-5.509629563430001181e-02,9.171544751776218585e-02,1.711872737834577163e-02,1.700924974306269322e-01,1.870146119129540985e-01,-4.870637651369587318e-02,1.726618705035971174e-02,-2.043746369364136117e-01,-4.465302292327628653e-01,-1.694088207694713910e-01,-1.056347468608963697e-01,-8.542830332007685101e-02,-2.206354171321328050e-01,-1.937530720765002767e-01,-1.562893784351400972e-01,1.063094865722328947e-01,-4.572590374905045191e-02,-5.491398185799186704e-01,-3.886500737298360098e-01,8.702801733768264492e-02,-2.496045399705080770e-01,5.768801108181778048e-01,3.379820367308637441e-01,4.237990973680682560e-01,-1.280575539568345189e-01,1.291746726842128712e-01,2.856606640153715460e-01,-3.688770722552393022e-01,-5.816881898208141610e-01,4.721569328388220965e-01,-7.508378390455337781e-02,-1.010769024531927261e-02,4.334420662227981939e-03,5.952544796460967902e-01,-1.288663479154564528e-01,-4.020286876089190775e-02,-2.502882166316636181e-01,-2.868314044416640438e-02,-5.199964252200724169e-02,-5.042718620134948315e-01,-3.732472407167433670e-01,-1.062469279234997122e-01,2.378569194333973735e-02,-3.551454488583046798e-01,-3.581527324724071426e-01,-1.165556995397470791e-01,-2.974485008266678499e-01,1.056034675365297854e-01,-6.380088475803208370e-02,5.930113052415210417e-02,2.711559944590911098e-01,-2.609321238661244657e-01,-4.117208096876536216e-01,4.505429197015058951e-01,2.578310022789222222e-03,-4.844765181643505003e-01,-6.870727020867777313e-01,3.289199696143705887e-01,-5.433665489968274136e-03,2.440234148085258445e-02,-6.991375843424639525e-02,7.326958309129094626e-01,7.713928236292953711e-02,1.111265025246883226e-01,7.518209035256266659e-02,1.088118325215603893e-01,-1.075293802225300438e-01,-2.935832700299387810e-01,-1.783010858394030174e-01,1.000089369498190217e-01,-2.551499173332141823e-02,-5.727512400017873428e-01,-5.936279547790339617e-01,3.377630814602975984e-01,2.771348138880200263e-02,-2.886545422047455123e-01,-7.999865945752714369e-01,2.580544260243978691e-02,2.106394387595513784e-01,-4.166852853121229966e-02,-3.970195272353545524e-01,-4.046606193306224730e-01,1.508467759953527887e-01,1.239912417891773505e-01,1.000089369498190217e-01
-2.968988784127977176e-01,-4.444166406005630177e-01,-5.331292729791322627e-01,-7.106751865588274431e-01,0.000000000000000000e+00,5.118995486840340892e-01,-5.520309218463738121e-01,-5.999687206756334490e-01,8.387014611912954054e-01,6.858304660619330972e-01,-6.073551097010590483e-02,-2.171812860270789514e-01,8.131283792841503821e-02,-1.533178426203136990e-01,6.213727154922025209e-01,6.705616872961258634e-01,-1.702488940524599006e-03,-2.848786809062067160e-01,-2.725948433799544324e-01,-1.814379552258814088e-01,1.073640466508780505e-01,2.002859823942088613e-01,-5.120336029313194981e-01,-4.307162965279949796e-01,7.302158273381295084e-01,7.357433308011975814e-01,8.676080253809375087e-01,4.876267929755574437e-01,2.178694311631440284e-01,1.231154207069127260e-01,5.187139729210420436e-01,3.340229679610349223e-01,-9.198355601233298984e-02,1.920550516108852218e-02,-2.391974619062514074e-01,-1.076455605701773927e-01,-1.506501630993341834e-01,-7.931542964386255334e-02,1.320479020510299806e-01,4.032753921086733029e-01,-1.519504892980025890e-01,1.154117699629116645e-01,-1.166271951382992977e-03,2.449349836900665822e-01,1.176236650431207870e-01,9.932972876357298864e-02,-2.333482282496983917e-01,-1.901961660485276262e-01,4.184726752759283519e-01,3.988337280486169978e-01,-3.436033781670315701e-01,2.605701773984538949e-01,-6.780195719201036475e-01,-5.297734483220877255e-01,-3.909021850842307466e-01,-8.801108181777558825e-02,-4.458688949461548923e-01,-2.679431609991509977e-01,7.471736896197328504e-02,4.424460431654676507e-01,-6.310916484203941135e-01,1.168863666830510795e-01,-1.266008311363331640e-01,1.812860270789579398e-01,-4.854908619688100280e-01,3.481835649492828200e-01,-7.944054694132891836e-02,2.353545734840698997e-02,-2.842486259439653273e-01,-2.460476339425354264e-01,5.406541847267527512e-01,4.591179230528620314e-01,-5.086018142008132820e-02,6.225926091424996422e-02,4.213995263416596138e-01,4.422762411189061216e-01,1.538093748603601707e-01,4.454667322042986655e-01,-3.371911166718798841e-02,3.047499888288127470e-03,-1.244470262299477159e-01,-2.202332543902766060e-01,1.518566513249028083e-01,2.420483488985209486e-01,-3.985790249787747319e-01,-2.185084230752044540e-03,4.532016622726663391e-01,5.681933955940837722e-01,-2.619151883462174091e-01,-2.809330175611064045e-02,1.442066222798158992e-01,-2.397336788953929876e-02,-5.219402118057107076e-01,-4.737923946557039828e-02,2.663211046069976357e-03,-7.262612270432101946e-02,5.448411457169668320e-02,1.768354260690826185e-01,3.466955628044148807e-01,2.960007149559855111e-01,1.638187586576701493e-01,-2.093882657848876172e-01,5.700299387818937857e-01,6.185262969748425155e-01,1.473256177666562410e-02,2.053264220921399361e-02,5.278341302113588318e-01,6.637785423834845488e-01,1.728137986505205725e-01,-6.305464944814334616e-02,9.516511014790651757e-02,3.918450332901380895e-01,4.022878591536708792e-01,3.100674739711336420e-02,8.881540730148800022e-02,1.915635193708387432e-02
-3.287903838419947017e-02,-4.711649314089101370e-01,-5.167433754859466211e-01,-6.322355779972295142e-01,5.118995486840340892e-01,0.000000000000000000e+00,-5.053219536172304238e-01,-6.088163009964698835e-01,6.143214620849903884e-01,5.915367085213816267e-01,9.148308682246748813e-02,-2.056302783859868533e-01,1.273828142454980217e-01,-2.190088922650699210e-01,3.343357612047008209e-01,7.062022431744046091e-01,1.099244827740292196e-03,-3.658519147414987516e-01,-4.522007238929353634e-01,-2.493453684257563030e-01,4.444121721256535373e-01,5.221770409759148857e-01,-5.796550337369855699e-01,-4.979355645918048245e-01,5.144689217570043160e-01,7.617051700254703350e-01,4.823227132579650522e-01,6.638500379820366781e-01,-9.663523839313642450e-02,-1.013003261986683973e-01,4.829929844943920414e-01,-2.180615755842530822e-03,-1.677242057285848464e-01,2.669913758434246456e-02,-2.235935475222306512e-01,-2.718352026453371706e-01,1.422047455203538924e-01,1.613476920327092390e-01,2.958532552839716057e-01,4.683363867911881639e-01,2.886456052549264961e-01,2.399571026408686691e-02,-4.941239554939898942e-02,1.637517315340274449e-01,1.479154564547120188e-01,1.853076544975199857e-01,-1.420126010992448229e-01,2.759730104115465377e-02,5.039903480941954061e-01,3.652442021538049310e-01,1.189508020912462619e-02,3.376871173868358778e-01,-3.480718530765449792e-01,-2.337503909915545908e-01,-1.637115152598418166e-01,2.779033915724563042e-01,-5.331784262031368654e-02,-3.030698422628356759e-01,2.471111309709995985e-01,4.765896599490593855e-01,-2.925108360516555650e-01,3.715536887260378202e-02,1.328164797354662863e-01,-3.035435006032441083e-02,-3.606863577461012493e-01,7.800616649537513159e-02,-4.392510836051655848e-02,1.971759238571875461e-01,-1.864247732248983450e-02,9.118816747843960790e-02,4.555476116001608844e-01,1.177979355645918103e-01,-1.601501407569596580e-01,-1.630323070735957836e-01,1.443049287278251880e-01,1.086777782742749943e-01,-3.782564010903078505e-02,7.230439251083604912e-02,-9.399883819652352090e-02,1.620805219178694245e-01,1.153402743643594380e-01,-5.987756378747933345e-02,2.453058671075561969e-01,4.134947942267304111e-01,-2.752535859511148764e-01,9.045086911836990040e-02,4.437374324143170123e-01,5.573528754636042359e-01,-6.339425354126636269e-02,-1.544751776218776518e-02,-9.326600831136333536e-02,-1.009875329550024561e-03,-5.545779525447964708e-01,-2.591804817015952445e-01,-2.450243531882568548e-01,-1.520085794718262773e-01,-3.091201572903168326e-01,-2.443674873765583899e-01,1.324411278430671635e-01,-8.618347557978461859e-02,-1.837794360784664183e-01,-3.702131462531838002e-02,2.957638857857813330e-01,2.531927253228473118e-01,-4.183118101791858390e-01,-1.480763215514544762e-01,1.075517225970776120e-01,5.838688055766566576e-01,-2.902765985968988605e-01,-3.217033826355065185e-01,-2.366504312078287764e-01,1.222172572501005472e-01,3.414808525850127063e-02,-2.751731534027436199e-01,-2.879663970686804353e-01,-5.611510791366906142e-02
3.195585146789400866e-01,9.217123195853255124e-02,8.643505071719022048e-01,6.504088654542204972e-01,-5.520309218463738121e-01,-5.053219536172304238e-01,0.000000000000000000e+00,4.959962464810759863e-01,-4.382278028508869716e-01,-5.266142365610616549e-01,-5.159747978015103570e-02,-1.603288797533401755e-02,2.323606952946959125e-02,8.173734304481880542e-02,-6.739443228026275046e-01,-5.126502524688323348e-01,1.411323115420707042e-01,5.827784976987353954e-02,1.700969659055364402e-01,-1.633853165914473382e-01,-2.917467268421287674e-01,-3.234416193753071878e-01,7.464319227847535654e-01,4.995665579337771889e-01,-4.821037579873989065e-01,-5.352964833102462627e-01,-5.423477367174582842e-01,-4.444657938245676898e-01,1.246525760757853374e-01,-4.657044550694847823e-02,-4.013182000983064324e-01,-2.831985343402296795e-01,8.393136422538986785e-02,-2.138746145940390586e-01,1.999955315250904753e-01,1.529067429286384561e-01,-6.354171321328030975e-02,-1.168863666830510795e-01,-2.910049600071495379e-01,-3.285937709459761380e-01,-1.318512891550114030e-01,-2.363867911881674666e-01,-5.291121140354797248e-02,-3.500692613610974502e-01,-1.152509048661691793e-01,-2.273515349211314152e-01,1.723177979355645928e-01,1.833415255373340921e-02,-3.522811564413065866e-01,-3.790651950489298261e-01,1.064703516689753798e-01,-3.338576343893829290e-01,3.644622190446400456e-01,5.143214620849904106e-01,1.656687072702086871e-01,8.170606372045220722e-02,2.164886724161043940e-01,-6.649090665355914323e-03,-2.399571026408686691e-01,-5.734259797131239234e-01,2.383082353992582447e-01,-1.237812234684302209e-01,7.452075606595469359e-02,-1.979534384914428697e-03,4.835202645337146610e-01,-3.912194468028061811e-01,3.089950399928504537e-02,-1.893873720899057200e-01,-3.307565128021806161e-02,-7.440457571830734473e-02,-3.881049197908753579e-01,-3.612940703337950699e-01,1.413512668126368499e-01,4.757585236158898973e-02,-2.950444613253496717e-01,-2.332231109522319989e-01,-2.999642522007238687e-01,-3.770096965905536668e-01,-1.777112471513472569e-01,-1.127217480673846084e-01,-2.654363465749139950e-01,-4.833996157111578040e-02,-3.217480673846016548e-01,-2.585683006389918881e-01,1.959426247821618311e-02,7.811787836811295849e-02,-6.797086554358997557e-01,-4.508869922695384336e-01,-9.357433308011975370e-02,3.780106349702846424e-01,-1.935296483310246229e-01,-3.091737789892309851e-02,4.611600160865096942e-01,3.996157111577818277e-01,1.102640868671522362e-01,1.440993788819875665e-01,1.591670762768667147e-01,3.258858751508110496e-02,-1.480137629027213075e-01,-9.997318915054291544e-02,-2.472630591179230397e-01,4.181420081326243099e-01,-5.241431699361007723e-01,-2.315474328611644983e-01,2.394208856517270750e-02,4.022208320300281748e-01,-2.076232181956298439e-01,-4.633495687921712070e-01,4.383573886232628933e-03,1.510701997408284425e-01,6.171857545019884816e-02,-1.970463380848116453e-01,-2.293712855802314543e-01,1.269717145538227787e-01,5.242861611332052391e-02,1.190401715894365275e-01
-1.226462308414138225e-01,6.979757808659904361e-01,4.156664730327539470e-01,8.957192010366862300e-01,-5.999687206756334490e-01,-6.088163009964698835e-01,4.959962464810759863e-01,0.000000000000000000e+00,-6.806917199159926435e-01,-5.699316323338844414e-01,-1.068412350864649842e-02,5.699495062335224738e-01,2.489834219580857114e-02,6.341346798337726964e-01,-3.821439742615845292e-01,-6.624826846597255958e-01,-8.898967782295902351e-02,5.990214039948165148e-01,2.720765002904508845e-01,3.567362259260914437e-01,-4.454443898297510973e-01,-5.010098753295499918e-01,7.120693507305956294e-01,8.143438044595379122e-01,-5.386165601680146242e-01,-7.467536529782384802e-01,-5.421243129719827136e-01,-6.378658563832163564e-01,1.237767549935207129e-02,3.798605835828232080e-01,-4.541891952276688182e-01,7.504356763036774958e-02,-7.962822288752849365e-03,1.488002144867956456e-01,-3.334822824969838062e-02,6.559721167165646037e-03,-2.880334241923231398e-01,-1.457929308726931550e-01,-3.225836721926806372e-01,-6.356763036775548992e-01,-3.531971937977568254e-01,-1.269136243799991182e-01,-1.068680459359220708e-01,-1.816479735466285383e-01,-8.920863309352518311e-02,-2.626122704321015230e-02,6.326019929398096764e-02,-1.197327852004110987e-01,-4.503552437553063337e-01,-1.979623754412618841e-01,9.888734974753116483e-03,-1.039814111443764233e-01,5.586040484382680527e-01,1.984941239554939840e-01,3.568479377988292844e-01,-2.800661334286608239e-01,1.005809017382367360e-01,4.928906564189642348e-01,-2.952946959202824018e-01,-3.865454220474551783e-01,5.323785691943340170e-01,1.951293623486304030e-01,1.103981411144376451e-01,2.851870056749631344e-01,4.424996648643818031e-01,-6.157558425309441613e-02,-2.548728718888243483e-01,-4.538987443585504322e-01,-8.936949819026766828e-02,-6.141025068144242288e-02,-4.959202824076142657e-01,-2.741856204477411962e-01,-1.934760266321104705e-01,2.401805263863443507e-02,-2.363555118638008823e-01,-3.476205371106841358e-01,-1.006792081862460386e-01,-2.081460297600428999e-01,1.715268778765807189e-01,-1.773850484829527785e-01,4.732561776665623887e-02,2.593279413736092054e-01,-3.374056034675365079e-01,-5.396800571964788240e-01,3.986862683766030924e-01,-7.325170919165288619e-02,-4.348451673443853860e-01,-7.681621162697171989e-01,4.400464721390589529e-01,-1.586800125117297511e-01,1.002725769694803176e-01,-9.186290718977613290e-02,7.027168327449840879e-01,-5.039099155458241774e-02,2.197864068993252706e-01,1.508512444702622968e-01,1.935251798561151149e-01,-5.018097323383529512e-02,-2.710219402118057008e-01,-1.380267214799588971e-01,2.296349255998927641e-01,-1.845033290138075877e-01,-4.613968452567138723e-01,-5.934983690066579776e-01,2.953930023682916906e-01,-1.083337057062424558e-01,-2.149470485723222746e-01,-8.214978327896689247e-01,1.019661289601858922e-01,2.963313820992894976e-01,6.246927923499709205e-03,-3.875463604271862095e-01,-3.639796237544126178e-01,1.963135081996514597e-01,1.454935430537557528e-01,1.912507261271727821e-01
-2.153000580901738292e-01,-5.826310380267214484e-01,-4.418427990526833105e-01,-7.324009115688815408e-01,8.387014611912954054e-01,6.143214620849903884e-01,-4.382278028508869716e-01,-6.806917199159926435e-01,0.000000000000000000e+00,6.934939005317485305e-01,-2.919701505876044420e-02,-3.841324455963179840e-01,1.112292774476071333e-01,-2.947048572322266136e-01,4.992180168908351701e-01,6.264444345145001591e-01,1.331650207784083328e-01,-3.510165780419142734e-01,-4.099602305733053287e-01,-3.373832610929889397e-01,1.916931051432146094e-01,2.455516332275794189e-01,-5.642790115733500311e-01,-5.426605299611242383e-01,6.056973055096295244e-01,7.453594888064704049e-01,6.617051700254703572e-01,5.303856293846910264e-01,1.967290763662362107e-01,-8.919075919388712997e-03,4.055051610885204716e-01,1.034988158541489817e-01,-2.635283077885517411e-01,-1.329594709325707114e-01,-1.034675365297823835e-01,-4.049778810491978798e-02,-2.820501362884847429e-02,6.970820858840877723e-03,1.701908038786362209e-01,4.053889807408731505e-01,4.288395370659994071e-02,9.268957504803609915e-02,7.356897091022833457e-02,2.623888466866258762e-01,1.696367129898565529e-01,1.257607578533446457e-01,-3.644934983690066577e-02,2.764645426515930163e-02,4.631574243710621652e-01,3.436301890164886741e-01,-2.365253139103623836e-01,2.063809821707850989e-01,-6.222574735242861754e-01,-3.327762634612806414e-01,-3.623262880378926853e-01,1.214531480405737530e-02,-3.932123866124491718e-01,-3.383171723490772664e-01,2.286161133205237006e-01,4.656195540462040316e-01,-6.239108092408061079e-01,8.779659502211895061e-02,-8.792171231958532951e-02,8.039233209705527738e-02,-3.769113901425443225e-01,3.188033424192323051e-01,3.120336029313195564e-02,1.360025023459493221e-01,-1.970552750346306892e-01,-9.445462263729388630e-02,5.016935519907055330e-01,3.786809062067116316e-01,5.697752357120514782e-02,-1.627418562044774183e-02,3.050627820724786665e-01,3.520666696456499212e-01,1.006479288618794404e-01,2.896420751597479915e-01,-8.781893739666651877e-02,-2.281156441306582058e-02,-9.998659457527145356e-02,-2.987175477009696434e-01,1.933509093346440777e-01,3.122749005764332564e-01,-4.725859064301353718e-01,-7.521783815183877286e-02,3.963715983734751314e-01,5.657491398185798825e-01,-2.715849680504043850e-01,7.947182626569551656e-02,8.266678582599758240e-02,1.577103534563653320e-01,-5.196076679029447698e-01,6.686625854595826257e-02,3.530095178515572571e-03,-1.547879708655435817e-02,7.072255239286831530e-02,1.913177532508154866e-01,3.864828633987220097e-01,2.497877474417981025e-01,6.265248670628714711e-02,-1.193976495821975903e-02,6.296796103489878949e-01,6.573796863130613177e-01,-4.037713928236293104e-02,3.631529558961526377e-02,3.324768756423432947e-01,8.110907547254122552e-01,7.906519504892979555e-02,-9.238571875418918888e-02,1.065820635417132067e-01,4.507886858215290893e-01,3.919120604137807939e-01,-4.935877385048483001e-02,-2.077840832923723118e-03,6.747397113365208310e-03
-4.293310693060458649e-01,-4.956030206890388312e-01,-5.061084052013048451e-01,-5.815407301488002556e-01,6.858304660619330972e-01,5.915367085213816267e-01,-5.266142365610616549e-01,-5.699316323338844414e-01,6.934939005317485305e-01,0.000000000000000000e+00,-1.541713213280307415e-01,-2.172349077259931316e-01,-8.272487599982125683e-02,-1.529961124268287287e-01,5.865588274721837969e-01,6.718620134947942413e-01,-1.465481031324009087e-01,-3.432861164484561356e-01,-4.945350551856651511e-01,-4.217480673846016326e-01,1.574824612359801701e-01,2.679386925242414619e-01,-5.607444479199249487e-01,-4.345681218999955520e-01,5.148755529737700787e-01,6.830063899191205490e-01,6.334107868984315548e-01,5.598954376871173588e-01,7.915456454712006817e-02,-2.066222798158988405e-02,4.793064926940435178e-01,1.155011394611019232e-01,-2.669735019437866064e-01,-1.516957862281603231e-01,-3.006032441127843291e-01,-1.279413736091871978e-01,-3.097099959783725792e-02,2.321819562983153812e-02,1.716073104249519754e-01,4.569015594977434147e-01,-3.604271862013494476e-02,8.463738326109299104e-02,8.950802091246257142e-02,3.678135752267751024e-01,1.102417444926046680e-01,1.517404709772554594e-01,-1.369185397023995610e-01,1.394164171768175458e-03,5.019303811609098220e-01,3.616292059520085922e-01,-7.898476250055855297e-02,3.191206041378077396e-01,-5.465838509316770510e-01,-3.711649314089101592e-01,-3.194825506054783659e-01,9.270298047276465114e-02,-4.815630725233477905e-01,-3.403101121587202016e-01,3.018007953885339101e-02,3.429911971044282692e-01,-6.213682470172929850e-01,-5.050270342732025852e-02,-5.006479288618794626e-02,6.775995352786094716e-02,-5.117118727378345833e-01,2.167791232852227523e-01,-9.376647750122883707e-02,1.008847580320836462e-01,-3.780910675186558989e-01,-2.402028687608919189e-01,4.462755261629205994e-01,2.710979042852674215e-01,-1.231824478305554305e-01,-7.350194378658564398e-02,3.582510389204164869e-01,4.067384601635462005e-01,-3.663702578310022717e-02,2.712185531078242784e-01,-7.791679699718485896e-02,1.497788104919790808e-01,-3.455471647526699164e-02,2.696724607891326855e-02,1.621118012422360366e-01,3.280396800571964699e-01,-3.596764824165512575e-01,1.700210018320747196e-01,4.446892175700433714e-01,6.252736940882076544e-01,-2.831449126413155271e-01,2.307073595781759801e-02,5.280396800571964672e-02,9.901693551990706221e-02,-3.709906608874390943e-01,-9.419098261763260427e-02,-1.447651816435050753e-01,-1.663523839313642283e-01,-8.978953483176191352e-02,1.804817015952455556e-02,2.578533446534697626e-01,2.301845480137628963e-01,5.625809911077349693e-03,-2.522007238929353454e-02,4.429152330309665264e-01,5.310737745207561034e-01,-1.599714017605791128e-02,1.183252156039143847e-02,2.168550873586844729e-01,5.763796416283122337e-01,-5.809017382367398464e-04,-2.226641047410518881e-01,-3.369676929264042026e-02,3.772107779614817247e-01,3.649314089101389769e-01,1.143929576835426122e-03,-2.338352920148353484e-02,8.615219625541802734e-03
5.289825282631037684e-01,3.360739979445015457e-01,-1.142410295366191458e-01,-1.480405737521783838e-01,-6.073551097010590483e-02,9.148308682246748813e-02,-5.159747978015103570e-02,-1.068412350864649842e-02,-2.919701505876044420e-02,-1.541713213280307415e-01,0.000000000000000000e+00,4.379552258814066734e-01,7.440055409088878191e-01,2.505250458018677961e-01,9.123732070244425230e-02,-7.073148934268734533e-02,5.578533446534698070e-01,3.312257026676795335e-01,3.270119308280083903e-01,4.343893829036150067e-01,-2.106751865588274708e-01,-1.427945842084096806e-01,-1.605791143482729333e-01,-7.330533089056705254e-02,-1.863577461012556336e-01,-9.237678180437017272e-02,-1.114795120425398772e-01,-7.316233969346262744e-02,5.287814468921756550e-01,2.634612806649090921e-01,-5.357701416506546049e-02,7.241163590866436794e-02,8.714866616023951573e-02,2.183341525537334238e-01,-2.048795746011886076e-01,-3.689887841279771430e-01,-1.596809508914607545e-01,-2.995308101345011131e-01,-9.010679655033737578e-02,-2.774520756065954608e-01,2.806202243174404486e-03,2.977791679699718502e-02,-3.207203181554135751e-01,-3.837079404799141891e-01,8.558469994190982810e-02,1.758344876893516359e-02,-2.308101345010947769e-01,-3.309531256981991798e-01,-1.370928102238705946e-02,2.668126368470441143e-02,-3.350909334644085885e-02,-6.163367442691809056e-02,1.059028553554671771e-02,-1.620760534429599165e-01,-2.764332633272263973e-01,-1.967692926404218112e-01,6.083471111309709523e-01,3.769739487912775466e-01,4.617543232494749628e-01,4.047008356048080735e-01,3.893650297153581352e-01,2.738996380535323460e-01,2.726350596541400328e-01,9.192099736359980733e-02,5.710710934358103827e-03,7.034720050046919249e-02,-1.045712498324321976e-01,-1.205639215335805869e-01,3.725412216810402577e-01,3.442289646543634785e-01,-9.910183654318781288e-02,-1.573350015639662230e-02,1.702757049019169855e-01,1.357388623262880400e-01,-1.262791009428482041e-02,-6.094552929085303439e-02,-8.669288171946915034e-02,-1.701863354037267129e-01,-5.337146431922784595e-02,-3.443183341525537511e-01,8.742124312971982780e-02,3.827695607489164237e-02,-1.792930872693149769e-01,-2.525716073104249393e-01,1.293176638813173067e-02,-2.913311586755440441e-01,-6.199115241967916023e-02,-2.632199830197953228e-01,1.898654989052236605e-02,-3.237007909200589895e-01,-4.041869609902140614e-01,-3.023951025514991509e-01,-3.473434916662943017e-01,-3.754144510478573671e-01,8.600920505831359530e-02,9.931185486393494244e-02,5.456007864515841077e-02,-7.847982483578354318e-02,-4.124491710979042991e-01,-3.706823361186826760e-01,-9.890969212207872951e-02,-2.500111711872737841e-01,1.513472451852182835e-02,-2.163858974931855694e-01,-2.142767773358952577e-01,-1.907636623620358463e-01,-1.438178649626882244e-01,4.128870816390365663e-03,1.153626167389070062e-01,5.047142410295366033e-02,-1.574020286876089136e-01,-3.308726931498279789e-01,-2.987220161758791792e-01,-4.702622994771884363e-02,-1.674292863845569523e-01,6.682604227177264822e-02
6.765271013003262314e-03,7.472451852182849796e-01,-1.630412440234147997e-01,3.316412708342642568e-01,-2.171812860270789514e-01,-2.056302783859868533e-01,-1.603288797533401755e-02,5.699495062335224738e-01,-3.841324455963179840e-01,-2.172349077259931316e-01,4.379552258814066734e-01,0.000000000000000000e+00,4.245051164037713654e-01,8.607087001206488175e-01,5.630725233477813785e-02,-1.356539613030072755e-01,5.379150096072210507e-02,6.330220295813039355e-01,4.043165467625899345e-01,6.544975199964252477e-01,-4.464408597345725926e-01,-3.920327092363376509e-01,2.067027123642700692e-01,5.377139282362929373e-01,-3.865364850976361621e-01,-4.417489610795835575e-01,-1.814647660753384850e-01,-4.961258322534519150e-01,2.443004602529156855e-01,6.051342776710308957e-01,-2.210375798739890041e-01,2.284954644979668437e-01,5.344742839268957352e-02,3.942043880423611313e-01,-3.522766879663970507e-01,-3.501452254345591708e-01,-4.630010277492291881e-01,-3.815407301488001890e-01,-3.282452299030341192e-01,-5.492694043522945435e-01,-3.324232539434290867e-01,-7.729567898476250032e-02,-3.495553867465034381e-01,-2.765851914741498940e-01,5.960945529290852946e-02,1.735600339604093101e-01,-1.977389516957862303e-01,-3.365968095089146295e-01,-1.864515840743554143e-01,1.556280441485320964e-01,-6.473032753921086069e-02,1.510076410920952739e-01,1.787255909558067846e-01,-1.911166718798874009e-01,-9.611242682872335463e-02,-2.482059073238303826e-01,2.391929934313418715e-01,6.821439742615845736e-01,7.054381339648778393e-02,1.954689664417534334e-01,5.047231779793556194e-01,5.148978953483176468e-01,3.041154653916618433e-01,5.249430269449036901e-01,3.847356897091022687e-03,1.635283077885517633e-01,-5.082622101076902377e-01,-5.370615308995040360e-01,-3.734751329371285844e-02,4.469815451986237226e-02,-3.452790562580991263e-01,-9.575494883596229190e-02,-2.679342240493319816e-01,6.713883551543857464e-02,-2.070244425577550534e-02,-1.587559765851914717e-01,-1.195272353545734773e-01,-5.002010813709280995e-02,9.821261003619465024e-02,-2.881317306403324285e-01,5.390768130836945393e-02,3.775816613789713672e-01,-3.473881764153894380e-01,-4.080790026364001788e-01,2.437016846150408811e-01,5.010054068546405254e-02,-1.775682559542428041e-01,-4.854551141695339633e-01,2.639260020554984321e-01,-3.596898878412797540e-01,-1.553197193797756781e-01,-2.354037267080745233e-01,1.053398275168684894e-01,-4.217570043344206487e-01,2.362482684659725773e-01,1.559319004423790067e-01,1.525939496849725296e-01,-9.712230215827338808e-02,-4.923767818043701672e-01,-3.081147504356763211e-01,5.800080432548371245e-03,-4.284552482237812265e-01,-2.657759506680369976e-01,-5.029447249653693497e-01,-2.614057822065329190e-02,-4.318289467804638515e-01,-2.788730506278207510e-01,-4.613655659323472880e-01,2.363555118638008823e-01,2.316636132088118194e-01,-1.055945305867107553e-01,-4.996782698065150297e-01,-3.441574690558112382e-01,6.298762232450064169e-02,2.909424013584163693e-02,2.023593547522230529e-01
4.165825103892041859e-01,2.919165288886902965e-01,-3.302202958130390220e-02,-1.012467044997542309e-01,8.131283792841503821e-02,1.273828142454980217e-01,2.323606952946959125e-02,2.489834219580857114e-02,1.112292774476071333e-01,-8.272487599982125683e-02,7.440055409088878191e-01,4.245051164037713654e-01,0.000000000000000000e+00,4.018544170874480681e-01,1.034407256803253072e-01,5.550739532597524784e-02,3.639662183296840658e-01,1.880915143661468225e-01,3.182849993297287572e-01,3.997989186290719088e-01,-2.042897359131328472e-01,-1.083873274051566221e-01,-2.573394700388757436e-02,8.287680414674471197e-02,-2.139952634165959156e-02,-3.824120827561552916e-02,-3.813396487778721033e-02,-1.134501094776352859e-01,5.190848563385316305e-01,3.136065060994682741e-01,1.743598909692122001e-02,7.808213056883685221e-02,1.682693596675454706e-01,2.482237812234684426e-01,-1.793690513427766975e-01,-3.204477411859332214e-01,-1.276464542651593037e-01,-2.171857545019884594e-01,-1.854283033200768704e-01,-1.800795388533893426e-01,-6.462755261629206383e-02,1.048527637517315397e-01,-3.868894946154877168e-01,-3.745877831895974008e-01,1.081683721345904625e-01,-7.734930068367665799e-03,-2.454577952544796382e-01,-3.748961079583538192e-01,-1.224228070959381548e-01,-9.197461906251395980e-02,-2.603959068769828855e-01,-2.156396621832968319e-01,-1.549086196881004629e-01,-2.000670271236426878e-01,-3.618749720720318419e-01,-2.770096965905536335e-01,4.437419008892264927e-01,2.692524241476383917e-01,3.896644175342955374e-01,3.746145940390544493e-01,2.761919656821126834e-01,3.559319004423789901e-01,-1.113097099959783724e-02,9.240806112873675704e-02,5.442602439787300878e-02,1.845569507127217401e-01,-1.424594485901961582e-01,-1.734036373385763330e-01,2.838822110013852207e-01,3.465972563564055364e-01,-3.054649448143348725e-02,-2.663657893560927512e-02,1.139058939184056513e-01,6.649090665355913976e-02,7.280486170070155083e-02,7.015505607936011433e-03,-1.373341078689843120e-01,-1.095714732561776650e-01,-4.639170651056793993e-02,-2.747531167612493608e-01,1.071540283301309210e-01,1.279771214084632867e-02,-2.017114258903436319e-01,-2.500111711872737841e-01,8.470887885964520359e-02,-1.825595424281692691e-01,-1.185888556235756702e-01,-2.521649760936592322e-01,3.668617900710487417e-03,-2.693417936458286643e-01,-3.830555431431252322e-01,-3.501362884847401546e-01,-3.095804102059966922e-01,-2.721703382635506374e-01,1.176191965682112650e-01,6.891728852942491379e-02,9.862817820277938741e-02,-5.128468653648509540e-02,-4.102864292416998349e-01,-3.031368693864783803e-01,-1.741766834979221468e-01,-2.704946601724831368e-01,-6.404665087805531953e-02,-1.673577907860047398e-01,-1.394432280262746238e-01,-1.980874927387282769e-01,-7.880602350417802160e-02,6.810402609589347178e-02,2.022565798293042560e-01,2.226194199919567449e-02,-1.615398364538183085e-01,-2.851557263505965500e-01,-3.554895214263372183e-01,6.653559140265427607e-03,-1.280754278564725790e-01,1.488448992358907819e-01
