0.000000000000000000e+00,5.194412790496909516e-01,4.012977595283613863e-01,4.342973922379288476e-01,9.800690003735688938e-02,2.075096766902423118e-01,5.036587777704528701e-01,1.138788694988839972e-01,2.345510423828045254e-01,1.575377728387155618e-01,4.188774725395464915e-01,1.662883889134795512e-01,3.937369133163186596e-01,1.032870924096449816e-01,1.733579449315489907e-01,5.540120986096330746e-02,-2.340707395094632215e-01,1.017111967075709023e-03,5.468719098160722547e-01,2.238902021353072688e-02,-1.510913548622033059e-02,7.588157551899393782e-02,2.855165139429098886e-01,8.385523106335289467e-02,8.777770452897357134e-02,-1.458582510069094673e-01,1.012717038822912724e-02,3.003148652169681729e-02,-1.873338167754411490e-02,-1.223485240889156805e-01,-1.338585272595424758e-01,1.401511227472068688e-02,1.013957036437094505e-01,-6.973652405124486364e-02,-2.064140838615095286e-01,-1.669099573378036161e-01,-2.591783367707950481e-01,-1.187776448835187043e-01,-1.364531045459254355e-01,-1.499643696888076916e-01,-1.428100543401486233e-01,-1.670135520751909464e-01,-2.597135762472963516e-01,-2.335998543395207683e-01,-2.028871539386405132e-01,8.375948441213125484e-02,-1.116374560899578983e-01,-2.326408182100712929e-01,1.671485391572411286e-02,-1.063729598900012285e-02,5.489893234635801617e-02,-8.713259184615239350e-02,-1.835196468989072349e-01,-2.368112911985283398e-01,2.052117570609231223e-02,4.107374375684745560e-02,7.388910340324408299e-01,4.888541480274620210e-01,4.679609730371151466e-01,7.971615041955869285e-02,4.922759135957105459e-01,2.614982310413782422e-03,-6.335759961575769539e-02,-1.359963459310812584e-01,1.333468320415383546e-01,-6.306565081039337828e-02,1.015416780463916091e-01,-1.375094569438296832e-01,3.935736731240719877e-01,2.932343218782667571e-01,2.204731454187581763e-01,-4.735064307218041918e-02,1.095137639735174195e-01,4.380644735974684872e-02,-2.437066197037190407e-01,-2.402503225563414058e-01,4.537763421012151570e-03,-4.525363444870333929e-02,-3.013037240738473677e-01,-1.851080995388464656e-01,-2.156858128576765177e-01,-3.301846811636514056e-01,-1.940517785332868811e-02,-1.281027408656125188e-01,1.672521338946284519e-01,-3.577769825050463037e-01,1.686616501699895465e-01,-2.649513889542895982e-03,2.985286408056531116e-01,-3.195897648399461527e-02,-2.211323846566776163e-01,-1.763512049951498906e-01,-1.610898166373148088e-02,-2.046937833739864362e-02,9.483627322641101018e-03,-1.010048689526572008e-01,9.536994308567912568e-03,-4.914628518689432429e-02,-1.446857469337527458e-01,-1.023217778112629484e-01,3.471365472815798880e-02,9.899105004253662410e-02,9.950745411224018455e-02,2.247472131446025534e-01,-1.744645250809137571e-01,2.350972691799377637e-02,1.158644352988080356e-01,7.629124561684387518e-02,2.154268260142081781e-01,2.081893209521925858e-01,-9.192620287616662389e-02,-1.705844312805879226e-01,1.248740382170403923e-01,2.161410018552875623e-01,-1.948051948051948007e-02,-1.572395455644186590e-01
5.194412790496909516e-01,0.000000000000000000e+00,1.707570891762334730e-01,3.937510398714169635e-01,1.774232535653855469e-01,2.209110686268046797e-01,8.569796169506103956e-02,3.178882997592207271e-01,2.046357075363601785e-01,2.572900872393258376e-01,1.494259909778401507e-01,4.068526349164492961e-01,1.343655136258471994e-01,4.251480933859468903e-01,7.851225400173914015e-02,2.074437527664503844e-01,-2.077011699926855914e-01,1.582488094453286462e-02,3.397028400654216740e-01,3.741041409641844839e-01,5.898935485592483180e-02,1.209939444167145439e-01,8.214120904476233942e-02,1.022793981459681201e-01,1.644189747888080144e-01,-2.921999441216265037e-02,1.717239733918486666e-01,2.041632527491845928e-01,-8.714514878401752318e-02,-1.238522173982652547e-01,-2.140141705043807907e-01,-2.864237527036656711e-02,-3.435892123346800942e-02,-5.270774668889244979e-03,-1.988705034390313708e-01,-1.308731152821072941e-01,-2.526581467843251882e-01,-2.037771269098317684e-01,-1.671438303055416963e-01,-1.011068940728113985e-01,-1.262976810474997491e-01,-1.738303997187246042e-01,-1.885502701311258245e-01,-1.624082951131537167e-01,-1.032619785339147223e-01,1.870340198839111068e-01,-1.150702089788384203e-01,-1.597948824199730555e-01,-1.179096465535914469e-02,3.937384829335518338e-02,7.132340707395094792e-03,1.090256130140103974e-01,-1.490225993489227851e-01,-2.237081265362628746e-01,-1.568816728352623868e-01,4.032503633663894749e-02,5.146256933784126852e-01,7.740488904375778523e-01,3.787768914672468012e-01,2.096035460792531058e-01,2.466449431641599965e-01,8.538717748289902099e-02,-1.740501461313644083e-01,5.842272303476074569e-02,-4.592856985895419492e-02,-1.477323739832804399e-02,4.011941647909740387e-03,-1.771626971046840610e-02,4.061761298889652871e-01,3.363454288037319162e-01,1.201290853212535620e-01,7.556608245513249389e-02,-2.544977381815670403e-02,5.957011323218720095e-02,-2.392300713547994284e-01,-8.016035209653774030e-02,-6.185076707194183537e-02,1.104147242653406580e-01,-2.764551136559838529e-01,-1.207082740802827847e-01,-3.334589027119846394e-01,-2.362336720567322357e-01,-1.075925524801521899e-01,3.831906551268407513e-02,-8.505598824670615454e-02,-1.248818863032060966e-01,-2.438086448238732662e-02,5.532429861653936909e-02,-1.079739694678055750e-02,2.367767596193992227e-02,-3.264317263592100282e-01,-2.949263692555933458e-01,-2.721512232027097911e-01,-2.410398400246115957e-01,-1.257106442023048221e-02,-1.207192614009147680e-01,2.826723675164574331e-02,-1.273179322490417542e-01,-1.941820567636376171e-01,-8.688459232331603721e-02,5.933937949891539276e-02,-2.653280970902435754e-02,9.432143877394058573e-02,2.478143080028504253e-01,-1.436089895118176363e-01,-9.003010525853165358e-02,9.022944664714062368e-02,9.300609953256798457e-02,4.235298180185780026e-02,1.323846566776225864e-01,-4.927499380001192780e-02,-9.297313757067202089e-02,2.520177429532034427e-02,1.247594561590210649e-01,4.147870500299796759e-02,-6.394306684371948990e-02
4.012977595283613863e-01,1.707570891762334730e-01,0.000000000000000000e+00,4.699386907508734668e-01,-1.028680046083961935e-01,1.153605881669696048e-01,5.391117222154205857e-01,4.828440836417631221e-01,1.230579910782956523e-03,-2.599913984975623857e-02,4.495116920787696757e-01,1.290649162295282593e-01,3.664365607802881342e-01,7.416755350040339645e-02,-8.914798037350611659e-02,-1.107725969944969163e-01,-2.795017407055115644e-02,-9.196230407252886652e-02,3.483891018336268686e-01,3.270187632044049830e-01,-1.956590665800237994e-01,-1.768880140888842711e-01,5.721600130592153777e-01,6.116358864727247102e-01,6.726594652628009596e-02,1.063839472106332118e-01,-2.291499894835645479e-01,8.061554109414878488e-03,3.003917764613921459e-01,-9.755485027421212374e-02,2.284797629250130968e-01,3.358525689925254687e-01,1.093709288053015469e-02,9.220559474366581132e-02,3.146611667278817470e-02,-1.835243557506066603e-01,-2.395816656150231150e-01,-3.135985358610449136e-01,-1.720222006661455416e-01,-3.602098892164156685e-01,-3.669561040844579458e-01,-2.256057937711309636e-01,-3.409616730864011291e-01,-3.732282945480914771e-01,-2.337944868764303130e-01,-5.430875626669680323e-02,-3.162339231954895413e-01,-3.656800052739139217e-01,-5.076769978872951866e-02,-1.659085415430593168e-03,-1.603458180688057400e-01,3.998913824874666262e-02,-1.239934829492480017e-01,-1.267324650210799597e-01,-2.648022753171411781e-01,-3.391660309716872379e-01,1.756605734125676055e-01,7.936298654210184600e-02,3.291754172827414116e-01,2.437128981726516264e-01,2.022734336004821942e-01,1.638868745467730315e-01,-6.310960009292133910e-02,6.064687065412228267e-02,8.309396670527925688e-02,1.746089298663627831e-01,1.409170959569799320e-01,6.317709363394642674e-02,-8.289148608220399048e-03,1.141111728493889553e-02,6.661612499175950663e-02,1.664265152299960193e-01,3.516664626164263674e-01,-8.523649422851743707e-02,-6.415025631849416952e-03,-8.920605621113235351e-02,-1.621728525281824762e-01,-2.612722061598058421e-01,1.758285224565137375e-02,-1.004586421555239556e-01,-1.186018477534068610e-01,-2.556718118719569222e-01,-9.190736746936892243e-02,-2.687153310793629624e-01,-7.307980875783631758e-02,-1.886083459687520614e-01,-1.382613035985044703e-01,-2.143092585442114006e-01,-1.357687514322757361e-01,-1.468863502946171629e-01,9.945094789184708711e-03,-3.191989301488938890e-01,-1.058691127581627978e-01,-2.422139137150014498e-01,-1.281718040238707390e-01,-3.739707234993674412e-01,-9.790958376890211701e-02,-7.720947169823166867e-02,-8.717183227698092896e-02,-2.880420280710345726e-01,-3.178051100458642031e-01,-3.646691717757707396e-01,-3.115925650370900413e-01,-1.769555076299093588e-01,-2.084781305230906379e-01,-1.117426204445783888e-01,-3.111719076186081345e-01,6.310332162398876732e-02,8.808848874113558991e-02,-1.881029292196804981e-02,-1.196534912996116834e-01,-1.776335822746265003e-01,-2.856452225560274782e-01,-2.298202160421159712e-01,-3.253204373581458642e-01,-9.139096339966536198e-02
4.342973922379288476e-01,3.937510398714169635e-01,4.699386907508734668e-01,0.000000000000000000e+00,3.519835252975209716e-01,5.558469811551755013e-01,6.858583765762881201e-01,4.994537732028667687e-01,4.916166743577911058e-01,4.589733447601467842e-01,1.624349786061171086e-01,2.928073859908522647e-01,4.488069339410891145e-01,3.416381781138851381e-01,4.330103061067527848e-01,3.888867960659113665e-01,-3.259404361652367688e-01,-1.809266392297574355e-01,4.197847113003023156e-01,2.954019632772352313e-03,2.268206775095825134e-01,2.351396488452326128e-01,7.160028755387710664e-01,5.429164743885556144e-01,5.448329770302213770e-01,2.911373132547896980e-01,2.605847138116899053e-01,3.775698558149609418e-01,-5.107691438365839776e-02,1.429795730013279087e-01,2.233565322760391603e-01,3.908739314830685374e-01,2.601938791206376278e-01,2.700950246272944000e-01,-7.279727765587083732e-02,-3.065776379772028673e-02,-4.014798351274058152e-01,-8.893608204703201681e-02,-8.826742510571372602e-02,-9.996264310985122914e-02,-5.572612062822360213e-02,-1.626060668845295265e-01,-2.703383152984313309e-01,-3.273672182301624045e-01,-2.547755604318330813e-01,2.082882068378805098e-03,-1.799989954449707774e-01,-3.439502242983026314e-01,-1.663213508753755288e-01,-2.177420114330919365e-01,-1.404446411698043184e-01,-1.958568383513996369e-01,-2.710132507086822073e-01,-3.339737371644550534e-01,1.317709363394642674e-01,-2.639468339250790330e-02,3.782196773494815312e-01,2.037441649479357908e-01,1.805467918593371690e-01,1.112230771404085390e-02,2.807652825781905004e-01,1.916659603389117561e-02,-3.527181061626311620e-01,-2.325591981139479292e-01,-6.678407403570565948e-02,9.778872324195021781e-02,1.020486644126963188e-01,1.062144285494539264e-01,1.354501191339479993e-01,9.320701053841010109e-02,5.481527174783157319e-01,2.016032070419307431e-01,1.792047691250011898e-01,3.131182329877036374e-01,-2.153310793629865383e-01,-2.152431807979306166e-01,-1.740862473277266648e-02,-1.032337254237181666e-02,-4.383846755130293982e-01,-2.688817105060760104e-01,-3.336033074974336654e-01,-3.339549017576573520e-01,-1.573619757086036908e-01,3.826098967505783821e-02,6.028899792496602086e-03,-2.237771896945210948e-01,1.621257640111882226e-01,1.859823763377062844e-01,1.913645938301485883e-01,-2.906617192331478056e-02,-3.040709592558758501e-01,-3.364647197134506551e-01,1.203394140304945292e-01,-1.436356730047810559e-01,-9.538877849247683061e-02,-1.472363749376077169e-01,-1.031458268586622484e-01,-1.921713770879833194e-01,-3.916273477549764848e-01,-3.098016317740755476e-01,-1.753262449419084636e-03,-2.093571161736498820e-01,-1.124615051373571983e-01,-3.075194083170878015e-02,-2.213646880071825640e-01,-8.780595763917010965e-02,1.837550894838784615e-02,-4.298867678128012043e-02,2.021949527388251233e-01,1.514759110843229839e-01,-1.007396036402562894e-01,-3.602271550059802374e-01,-1.222920178685225762e-01,3.969718944338233857e-02,-1.688813965826293506e-01,-2.328794000295087985e-01
9.800690003735688938e-02,1.774232535653855469e-01,-1.028680046083961935e-01,3.519835252975209716e-01,0.000000000000000000e+00,6.605749821848444503e-01,3.049091348583734540e-01,8.655811193882259613e-02,8.469152312517069792e-01,8.262653469324970912e-01,-2.113034415427453849e-01,-5.901760796612138052e-04,3.201736624506748008e-01,4.134277615060791278e-01,7.906177699506198309e-01,7.767109612649859551e-01,-2.537427522924259882e-01,-3.240349208442029338e-01,-1.599439960571215043e-03,-1.477198170454153137e-01,5.892421574074946378e-01,4.370238173718956620e-01,1.046244062922815632e-01,3.064834609432143808e-01,7.024555091995265954e-01,5.218836034644591670e-01,6.154170943873626953e-01,3.654618284785072224e-01,-1.182973420101774004e-01,-9.362923757412516812e-02,2.571503913055762230e-02,2.351694715726622975e-01,3.015642805345488675e-01,3.052560202668976874e-01,-9.385055360399813251e-02,1.428838263501062689e-01,-1.540077036813802536e-01,4.947433518862090485e-02,4.555814019193279302e-02,2.930710816860200296e-01,2.987876276491214789e-01,-1.130485419825521393e-01,-5.777761035193957305e-03,-2.158223695569598359e-03,-8.418171144784632187e-02,5.302951822168645857e-02,1.373948748858103419e-01,1.234660915589124407e-02,-9.832867157015090509e-02,-1.687746626107757275e-01,1.005732242135432830e-01,-2.586462365287601206e-01,-1.133734527498124305e-02,-1.814697267924244017e-01,3.424810625680821397e-01,1.607319439081585644e-01,3.317699945691243713e-01,3.412347864849677587e-02,-1.140907678253581109e-01,-2.272036641144690450e-01,2.054833008422566054e-01,-1.491968268618014681e-01,-2.732625122037740106e-01,-3.802837240110626404e-01,-2.421762429014060608e-02,-8.185396909109744767e-02,9.340635192701907119e-02,-3.223052026532809838e-02,3.023867599647150212e-02,-2.042856828933696176e-02,4.233555905056992641e-01,3.367378331120173263e-01,-6.127942639907832389e-02,7.347535230058797884e-02,-3.713321969304565484e-01,-1.942134491083004622e-01,2.351098261178029003e-01,1.267450219589451033e-01,-5.001067339718536786e-01,-2.361300773193449054e-01,-9.080863540616984642e-02,-1.884011564939773731e-01,1.897510273144790982e-02,3.785461577339749861e-01,2.652668820181510734e-01,1.219686767184954279e-01,4.541389236820708719e-01,4.639976895234327881e-01,3.829332379006055720e-01,3.339753067816882415e-01,-1.782535810817174049e-01,4.977884093185035858e-02,3.043895915542035868e-01,2.716363887502393770e-01,2.375772644083013960e-02,2.164062671676884875e-01,4.877428590263978292e-02,-2.151803961086049544e-01,-1.967405328536583065e-01,-9.983707373119990458e-02,1.559728644572734579e-01,1.530659333414953471e-01,8.187751334959457450e-02,-4.850117250407315339e-02,-6.712938982699678814e-02,-5.808054647793588904e-02,4.061384590753698842e-01,-2.518246800335270374e-01,2.407682962432781126e-01,2.335637531431584979e-01,5.459442660312856244e-02,-2.256167810917629468e-02,2.324053756251000524e-01,2.334366141472740408e-01,9.538406964077740524e-02,-2.037818357615311937e-01
2.075096766902423118e-01,2.209110686268046797e-01,1.153605881669696048e-01,5.558469811551755013e-01,6.605749821848444503e-01,0.000000000000000000e+00,4.421847188344650292e-01,2.821277103365573136e-01,7.588047678693073950e-01,8.456501197617949384e-01,-4.238751338098691035e-02,1.541458299978967217e-01,3.326929295022115762e-01,3.868054836147656883e-01,7.215075231753984575e-01,6.472253876169756781e-01,-1.680181071044015151e-01,-1.854424280095056110e-01,1.246746968284314222e-01,-8.778398299790612924e-02,6.415355251468376485e-01,6.370213059843227166e-01,2.950723436582755044e-01,3.249641342462227245e-01,7.056386929483375869e-01,5.064354306558802588e-01,6.682802331823362030e-01,7.159871793664397410e-01,-4.712932704230746173e-02,1.356651566948883780e-01,1.651755302951822268e-01,2.871190931379473676e-01,1.729231609579687801e-01,2.235794179231452572e-01,-2.151960922809363630e-01,-1.026937770955174828e-01,-1.407334507407023705e-01,1.433013445341219105e-01,1.795500849162923185e-01,2.581910475311490760e-01,2.914622240220499649e-01,-4.166862868820809390e-02,-1.149556269208190928e-01,-2.448414529632803871e-01,-2.449905666004288107e-01,-8.817952654065779050e-02,-3.553142530662472404e-02,-1.845147842247189529e-01,-1.933658558024040353e-01,-2.347158521922843855e-01,-7.297621402044897343e-02,-1.807571205685781501e-01,-1.372771535933247355e-01,-5.265124046849935235e-02,2.384013134557007030e-01,2.684532050014283300e-01,2.686996349070315815e-01,9.112255885279815781e-02,-1.065974151543404580e-01,-2.332561081654627722e-01,1.839591397241868709e-01,-1.365566992833127692e-02,-3.438544776470809916e-01,-3.655748409192934312e-01,-2.306552524101472545e-02,-9.578589165246162440e-02,-6.047421275847671834e-02,-9.929555578576608477e-02,8.248966407051976091e-02,3.734590282813633061e-02,6.485422964755814812e-01,3.926052192912236616e-01,4.542786196158205003e-02,1.718966312874942448e-01,-2.278456375628239161e-01,-1.230768264850933408e-01,2.361818746880385844e-01,2.603555496956512227e-01,-3.750741644142659426e-01,-1.631444455954970951e-01,-1.184809872264549618e-01,-1.803537289396607846e-01,-8.218515832729030718e-03,3.088786968409883427e-01,1.578783797783072651e-01,9.904598664569658206e-02,4.185635490929182079e-01,4.077410382704073633e-01,3.521561831931664943e-01,4.162138320949053116e-01,-2.295298368539847866e-01,8.011012434507720770e-02,2.231728870597615988e-01,2.374359988573186420e-01,-6.911338600968768009e-02,6.110990773789903852e-02,-1.105371544095256897e-01,-2.678237884909385746e-01,-2.661584246065754611e-01,-1.584921001164656118e-01,3.973329063974459507e-02,1.372473308658950508e-01,-1.101667247425042878e-01,2.742749153191502767e-02,-1.156807900825304741e-01,-7.851382361897227269e-02,2.394812101121020498e-01,-1.364217122012625905e-01,1.373462167515829557e-01,1.688845358170956434e-01,5.788434432379319788e-02,-2.048507450973005850e-01,1.210331848475430794e-01,1.721932889445579873e-01,-1.622827257345023921e-01,-3.347020395606327692e-01
5.036587777704528701e-01,8.569796169506103956e-02,5.391117222154205857e-01,6.858583765762881201e-01,3.049091348583734540e-01,4.421847188344650292e-01,0.000000000000000000e+00,3.863063453346267107e-01,4.178038543520776749e-01,3.375508948387845876e-01,3.313634637057407129e-01,1.657170482406160328e-01,6.231223453848544480e-01,2.336516517082144473e-01,3.994157884658247060e-01,2.149700673993640010e-01,-1.708183042483260028e-01,-3.310055909765844406e-01,3.438026802783872848e-01,-8.880894305114754583e-02,1.847596445130890441e-01,1.135068702146294628e-01,6.746136387180622362e-01,5.329713795993709091e-01,3.748402914465278624e-01,1.716847329610201311e-01,1.576460764278023174e-01,2.849263378632486687e-01,1.115354309698037005e-01,7.924840448408250471e-02,2.978489965437028375e-01,4.344449362578441387e-01,4.050397270121708360e-01,3.946190382013441966e-01,-7.517210852961396517e-02,-6.254767712345667141e-02,-3.741590775673444003e-01,-2.762369368605771883e-02,-1.048253172981236797e-01,-1.359319916245224358e-01,-1.238427996948664178e-02,-2.098797987122860143e-01,-2.528920197520632684e-01,-2.607306882143720639e-01,-2.431603929065858094e-01,-2.728308674646600512e-02,-1.055551893115344864e-01,-2.594012224179011450e-01,-7.731149681838586640e-02,-1.353559420999594920e-01,-5.134845816499188781e-02,-1.796144392228511133e-01,-1.328618203164976252e-01,-1.337235401774923282e-01,1.705891401322873480e-01,-2.707589727169132463e-03,3.972779697942859789e-01,-4.692370718476591984e-02,1.420362330442098420e-01,-3.451117410508273281e-02,3.928563580485263107e-01,1.074732615704334371e-01,-8.114293248448432860e-02,-1.335665784541781587e-01,1.623141180791652094e-01,1.512561646716831520e-01,1.681436764830528396e-01,4.407485190661405289e-02,-1.841474937921638508e-02,-1.071012622861788888e-01,4.831219058920291909e-01,2.152180669222003573e-01,2.144144228988318912e-01,1.639920389013934943e-01,-1.607193869702934208e-01,-3.142750408885289226e-01,4.379389042188171904e-02,-5.254293687941258978e-02,-3.872339891194133132e-01,-2.961428226112780004e-01,-1.442745072186696620e-01,-2.735670179470034435e-01,-1.403959830355769323e-01,-8.591613849046771112e-02,1.895359897535386917e-01,-1.853137193963879936e-01,2.339875497961067252e-01,1.536105905213954459e-01,2.510022006033608699e-01,8.884504424750980234e-02,-4.978982825248234878e-02,-1.573761022637019669e-01,3.096179865577980417e-01,1.177762290887744145e-01,-8.133599540416074081e-02,-6.047578237570985782e-02,2.095439006243937294e-02,-8.688302270608289080e-02,-1.787919597926849458e-01,-2.396915388213430309e-01,6.702108623791001862e-02,-1.806629435345896706e-02,-7.862212720805904220e-02,1.413440318443944313e-02,-1.755852317853768274e-01,-4.910233590436636347e-02,9.279577082332702079e-03,-1.307145839415600197e-01,3.201752320679079333e-01,2.147126501731287940e-01,2.043170752380324418e-02,-2.522060970211804087e-01,3.396023845625006227e-02,1.101306235461420313e-01,-8.835532367076964766e-02,-2.632530631080304828e-01
1.138788694988839972e-01,3.178882997592207271e-01,4.828440836417631221e-01,4.994537732028667687e-01,8.655811193882259613e-02,2.821277103365573136e-01,3.863063453346267107e-01,0.000000000000000000e+00,6.869429820843889201e-02,2.320333763408455319e-01,-6.079284505680444817e-02,4.169813749219115628e-01,4.076609877915171598e-02,4.161243639126162575e-01,-4.318017008372337928e-03,1.888955859224169531e-01,-1.387039356582503713e-01,3.803025594178603697e-02,2.676181686333970466e-01,4.163645153492869233e-01,7.282082191436796414e-02,3.669765091084888076e-02,3.378412740269157721e-01,6.100003453157912814e-01,9.157931746764233494e-02,2.132215138016443357e-01,-5.510926105559897821e-03,8.889056314727090957e-02,5.275483520588668956e-02,3.052591595013640080e-02,2.067813742940646515e-01,3.588207779650854357e-01,2.340613218060643569e-02,1.996788563140992345e-01,-9.548295552646531015e-02,-1.637173558855937461e-01,-1.255238597515609955e-01,-7.347064344888855347e-02,-5.756728164269861447e-02,-4.207829878605803126e-02,-4.037369447086633367e-02,-4.962187920853620982e-02,-2.675977636093662126e-01,-2.777939971558535670e-01,-2.486571924570474268e-01,-6.292752449387692404e-02,-3.343739895589061817e-01,-3.344038122863358664e-01,-2.437474297517807365e-01,-1.085547278440679442e-01,-2.920084508191832517e-01,-3.451745257401529765e-02,-2.725342098075962949e-01,-1.497524713623335779e-01,-1.539292228197231827e-01,-1.193427070874496509e-01,-1.803961086049556128e-02,1.854361495405730254e-01,-2.322719581602830305e-02,1.097915862237834744e-01,1.174073690389861469e-03,2.791093363972261820e-01,-2.802159165465909485e-01,1.947847897811639528e-01,-1.333656674483360560e-01,1.900476849715428407e-01,-1.923660096248928641e-01,-4.637120191870010288e-02,6.581248096839105444e-02,-3.487689492040470934e-02,2.353170155925776025e-02,4.133995083958825756e-01,1.755208774788180048e-01,6.351456133907185109e-02,-1.478375383379009200e-01,8.953253659562579458e-02,-1.359351308589887286e-01,-6.512969747197448755e-02,-1.736687291437110092e-01,1.039824328439266782e-01,-2.726597791862476194e-01,1.271091731570339334e-01,-1.302232937475867047e-01,1.604101723753645348e-01,-2.611607633362528214e-01,2.436846450624550742e-01,2.869417263906023918e-02,1.861817177263152545e-01,-1.430753196525495208e-01,1.816282581329717039e-01,-1.975441768770267725e-01,-2.566763669011674631e-01,-1.119199871919233785e-01,-2.124963506399329405e-01,-1.709893925267384207e-01,-1.668142106865819763e-01,-2.932060687680702049e-01,-1.994559706669931376e-01,-2.750032177153279300e-01,-3.113885147967816458e-01,-1.735290332099614086e-01,-2.262179444920561777e-01,-2.158145214707941351e-01,-9.823606415339555809e-02,-2.109377207274234223e-01,-2.215907128887549538e-01,-1.193160235944862452e-01,1.069678448213618599e-01,3.398692194921346804e-02,-1.477841713519741085e-01,-1.844425818319944399e-01,-2.657079444606638141e-01,-2.544412319611739637e-01,-1.627332058804140114e-01,-2.868004608396196309e-01,-2.268128294234167952e-01
2.345510423828045254e-01,2.046357075363601785e-01,1.230579910782956523e-03,4.916166743577911058e-01,8.469152312517069792e-01,7.588047678693073950e-01,4.178038543520776749e-01,6.869429820843889201e-02,0.000000000000000000e+00,8.687093665338770920e-01,-5.317863185883490822e-03,6.161532448697060876e-02,4.800187726221083473e-01,3.403495223654759427e-01,8.632910478450724900e-01,7.590402104542786077e-01,-2.918938687611639105e-01,-2.848698316428555644e-01,1.044501787794028524e-01,-2.390464261385218669e-01,4.728660268906824116e-01,4.459753444525018096e-01,2.854396026984859502e-01,2.348979277913288144e-01,7.936879412586446136e-01,3.251399313763345678e-01,5.612291986476177774e-01,4.345359740573663809e-01,-1.861032368646581836e-01,2.104228862749529805e-02,-3.741810522086084362e-02,1.102122436422653950e-01,3.150802545291305212e-01,2.407055115539524504e-01,-1.102248005801305247e-01,5.345802372633409738e-02,-2.882303821390115872e-01,6.183821013407670569e-02,1.143152230896973473e-02,2.147126501731287940e-01,2.001575895702074059e-01,-8.375006670873240411e-02,-2.243139987882554823e-02,-1.081199438704877475e-01,-8.535578513823618985e-02,7.515327312281627238e-03,1.557499788101673610e-01,-3.085867480356240412e-03,-4.647950550778687240e-02,-1.675519307861584872e-01,8.910717032544443472e-02,-2.134334121281184493e-01,-3.921845618727417410e-02,-1.072566543922598981e-01,3.556815434988023772e-01,2.174783157379241438e-01,4.318189666267983617e-01,1.346543231967452514e-01,4.952927179178085587e-02,-1.655789219240995924e-01,2.765634172450706085e-01,-4.352862510948080077e-02,-2.613114465906344330e-01,-4.063346612295125615e-01,-4.906937394247038592e-02,-6.825323576592612351e-02,1.423768399838015453e-01,-6.174874195178764111e-03,1.495578388254240332e-01,8.027336453732392130e-02,4.905571827254205930e-01,1.113753300120232659e-01,-7.795974873567332319e-02,1.352492081281058689e-01,-3.472731039808632514e-01,-1.709705571199407192e-01,2.133502224147619253e-01,1.459037699066705607e-01,-5.167540943465526171e-01,-4.029505664748594396e-01,-1.315668860991558720e-01,-2.468128922081061216e-01,2.418780156271091702e-03,2.870515995969222800e-01,2.471691953200292613e-01,-7.197322860847153725e-02,4.406543420321520355e-01,4.145468985933090100e-01,4.329459518001940177e-01,2.724463112425403732e-01,-2.163811532919582281e-01,6.867232356717491160e-02,3.185192858869436150e-01,3.352341398026676966e-01,-4.926243686214679812e-02,1.243560645301036854e-01,-1.727363765072249466e-02,-2.388580720705448801e-01,-2.401106266225918051e-01,-1.499471038992431227e-01,2.190761860812622253e-01,1.368392303852782599e-01,7.285221425903079528e-02,4.571353229801380924e-02,-1.251722654913372812e-01,6.100160414881226900e-02,2.958273295474165843e-01,-2.852449701615764055e-01,2.947646986805797509e-01,2.784030086423124883e-01,4.731925072751758804e-02,-1.652587200085387231e-01,2.462933489039362822e-01,3.052073621326703012e-01,4.926871533107936296e-02,-2.397558931279018257e-01
1.575377728387155618e-01,2.572900872393258376e-01,-2.599913984975623857e-02,4.589733447601467842e-01,8.262653469324970912e-01,8.456501197617949384e-01,3.375508948387845876e-01,2.320333763408455319e-01,8.687093665338770920e-01,0.000000000000000000e+00,-1.892675852066715014e-01,1.209186027895237520e-01,2.696649495054135870e-01,4.665310517377232458e-01,8.216977607840552089e-01,8.870738881616329063e-01,-2.453280343055542490e-01,-2.137379178713478822e-01,2.986039824328439243e-02,-9.138311531349964378e-02,5.986394557823129237e-01,6.083443991348269630e-01,1.797400086015024379e-01,3.082477107132654548e-01,7.477907637443532707e-01,3.714405005195433040e-01,6.515418350081149113e-01,5.450401665049960931e-01,-1.981594668324182518e-01,1.198559719226869290e-02,-6.289770176644723931e-02,1.448568352121651637e-01,1.657358836474137342e-01,1.734945016308322985e-01,-1.429638768289964723e-01,-8.912757534947528260e-02,-9.840872204904112241e-02,2.012484735472407638e-01,1.536608182728559924e-01,4.315584101660969174e-01,3.616335320468750392e-01,8.632737820555079489e-02,-1.671155771953451441e-01,-2.490166348034368315e-01,-1.466100976615842544e-01,-8.021528869969769826e-02,-1.780102904105804879e-02,-1.682582585410721809e-01,-1.953859531814571837e-01,-2.730506138772998970e-01,-8.869279137589507200e-02,-3.194798916336262229e-01,-1.813818282273684801e-01,-1.710427595126652323e-01,3.066451315182279758e-01,2.487607871944347571e-01,3.007606365111804014e-01,1.425181055347842785e-01,-8.934575214488195416e-02,-3.184141215323231244e-01,1.316202530850826835e-01,-9.557713256045380357e-02,-4.067772932892584903e-01,-3.787454991225839840e-01,-2.165443934842049487e-02,-1.437659512351318059e-01,-3.357254299966410532e-02,-1.237470530436447780e-01,1.902140643982558332e-01,1.534708945876458452e-01,4.314799293044398465e-01,2.944288005926874452e-01,-6.059978213712804290e-02,1.545994493782746060e-01,-2.806522701374042916e-01,-1.097570546446543505e-01,2.056057309864416371e-01,2.182976559336240185e-01,-4.936163667128133925e-01,-1.950971436105591317e-01,-2.164015583159890621e-01,-1.219153097325686164e-01,1.317583794015991239e-01,5.201460371873715127e-01,1.340751344377160148e-01,1.337298186464248861e-01,5.499938784927907998e-01,6.075878436284527506e-01,3.717936643970001231e-01,4.542425184194582299e-01,-2.940050039397392734e-01,1.753419411142398757e-02,1.764375339429726797e-01,2.521590085041861551e-01,-6.124960367164863223e-02,1.694527372554928690e-01,-1.748161193411374714e-01,-3.859123714091081681e-01,-3.852860941330847333e-01,-2.614448640554514203e-01,9.686735792609614537e-02,1.260716561659273871e-01,-5.023559954669454264e-02,4.138766720347576006e-02,-1.877419172560579330e-01,-1.188137460798809608e-01,3.102787954129506143e-01,-1.275219824893501497e-01,1.405435270554922511e-01,8.837258946033420270e-02,-1.110896596755915067e-01,-2.609520042442449728e-01,7.802881189393154338e-02,1.092940175608776016e-01,-1.215951078170077471e-01,-3.386684623087813928e-01
4.188774725395464915e-01,1.494259909778401507e-01,4.495116920787696757e-01,1.624349786061171086e-01,-2.113034415427453849e-01,-4.238751338098691035e-02,3.313634637057407129e-01,-6.079284505680444817e-02,-5.317863185883490822e-03,-1.892675852066715014e-01,0.000000000000000000e+00,2.980781606597415201e-01,6.617035369754731278e-01,9.867084812697575480e-02,-1.546072974644403276e-03,-2.624839506637911546e-01,-3.869577364863804186e-02,-2.183180609576548803e-02,5.422399693610716054e-02,2.798156641521398758e-02,-2.295533811124819135e-01,-2.049606183036204732e-01,3.320054371540955840e-01,1.619750807568066386e-01,9.800690003735689632e-03,-9.005678875149505935e-02,-1.726987056936295506e-01,7.378770612998314209e-03,4.480958973344760232e-01,1.711918731498136836e-01,1.236371798373248759e-01,1.868142734712713027e-01,1.080037921952352736e-01,6.391324411628980517e-02,-4.093090858863157600e-02,-1.521257326188435732e-01,-2.586948946629875068e-01,-8.927198013492429474e-02,-5.733026944049424145e-02,-3.227917839955548596e-01,-3.459028281363306645e-01,-1.635729511001447201e-01,-2.776056430878766079e-01,-2.393273876232542008e-01,-2.685724959111471244e-01,-2.211590681496410429e-02,-1.771642667219171796e-01,-2.058364647197134523e-01,1.032478519788164462e-01,9.014782655101727382e-02,7.518780470194538768e-02,2.414118393088661441e-01,1.654439348420494171e-01,8.573092365695701711e-02,-2.896571642039372230e-02,-2.513428075429525663e-02,2.608625360619559186e-01,1.062803524732458677e-01,3.029125817378174323e-01,2.201655004410624505e-01,2.725891464107562667e-01,1.605577163952798536e-01,3.458839927295329630e-01,2.766685815996910991e-01,2.535418412865838578e-01,1.218258415502795483e-01,1.351989803766453502e-01,7.195125396720755684e-02,-3.287877218261554824e-02,6.812138791834223108e-04,1.547093225845945219e-01,-1.547736768911533167e-01,2.426455584541153676e-01,3.025437216880291422e-02,1.443435703769278822e-01,-6.863308313634637614e-02,2.401828290153163251e-02,5.312997372460751683e-02,1.790462377844538946e-02,-1.747564738862781020e-01,2.379696687165867852e-02,-2.283384973740303636e-01,-9.606057466826139687e-03,-4.347572900872393453e-01,1.976917208969420636e-01,-2.503492398343740155e-01,-9.377992082850676592e-02,-3.271364844968905894e-01,6.322261253370753398e-02,-1.229104470583803482e-01,1.437172931009044197e-01,-1.839685574275857216e-01,-5.745583881914556601e-02,-1.047170137090369102e-01,9.410954044746648595e-02,-1.153213477361410694e-01,2.496868613619882549e-01,2.540739415286188407e-01,1.281718040238707390e-01,1.718573908566656955e-02,3.123538293951636825e-04,-9.894239190830923791e-02,-5.798323020948111667e-02,5.781999001723439613e-02,-3.172667313348966761e-02,1.099987756985581489e-01,-2.798423476451032399e-01,2.184279341639747823e-02,1.957296993555151521e-01,1.700005336698592606e-01,6.931900586722922197e-02,-1.692675224219821611e-02,-3.010525853165447151e-03,3.752013034101504135e-02,-6.213800702560673406e-02,1.318117463875259354e-01
1.662883889134795512e-01,4.068526349164492961e-01,1.290649162295282593e-01,2.928073859908522647e-01,-5.901760796612138052e-04,1.541458299978967217e-01,1.657170482406160328e-01,4.169813749219115628e-01,6.161532448697060876e-02,1.209186027895237520e-01,2.980781606597415201e-01,0.000000000000000000e+00,2.486414962847160182e-01,5.674386044219256187e-01,2.103287092409645111e-04,1.598937683056609882e-01,-2.623882040125695148e-01,9.046174999764557134e-02,-4.236082988802350457e-02,4.023870738881616532e-02,1.558159027339593022e-02,-3.181457169854558925e-02,1.460450354576532939e-01,2.354661292297260400e-01,1.605404506057152847e-01,1.029166627426235797e-01,1.650264166580337755e-01,1.922184656049775731e-01,7.469808412520523300e-02,2.915077429218110860e-01,2.118732125983757708e-01,3.308957177702645525e-01,1.429905603219598920e-01,1.927427177608468378e-01,-1.061218211326985794e-01,-1.700350652489883707e-01,-2.551020408163265363e-01,-5.577477876245098831e-02,-9.016195310611553604e-02,-8.003164348342013679e-02,3.785916766337361038e-03,-7.731777528731843818e-02,-2.587372743282823073e-01,-1.760890789172152582e-01,-9.252422704199353420e-02,8.646864375653352808e-02,-2.169085446822937857e-01,-2.060436541944881406e-01,-3.409836477276651651e-02,1.050073928971680948e-01,-7.589256283962593497e-02,2.164800391776461330e-01,-9.487865289170582805e-02,1.575738740350778044e-02,-1.997180967449277769e-02,-6.840548863754085385e-02,1.343639440086140668e-01,3.327855369189669510e-01,2.107446578077470101e-01,2.722548179400971491e-01,1.970293424245563585e-01,3.563345042677892316e-01,-1.821964595713689294e-01,3.768101610741204643e-01,-2.615453195583724785e-02,3.740209512508279599e-01,7.506380494052720953e-02,1.712530882219062134e-01,1.395264150884165388e-01,7.575286690587633431e-02,1.485124737481517687e-01,1.545476520095809547e-01,5.572141177652418023e-03,1.381231772819880022e-01,-2.537458915268922532e-01,-4.543884928221404024e-02,-2.057611230925226464e-01,1.106784199605084368e-01,-3.206131552759544090e-01,-9.429475528097717996e-02,-4.148608220399373492e-01,7.636030877510210924e-02,-2.236531899331029027e-01,1.544032472241319183e-02,-2.818938373688192334e-01,1.422355744328188121e-01,-2.016173335970290401e-02,9.339222537192080204e-03,-1.869837921324505881e-01,2.342810682187041957e-02,-2.535795121001792607e-01,-1.935133998223193263e-01,-1.998703496165425142e-01,-1.369334074192667394e-01,-1.562695221143372004e-01,-1.689488901236544383e-01,-1.147374501254124213e-01,-8.318814373926773642e-02,-2.758037225042301310e-01,-2.076697776480227464e-01,-5.457873043079714687e-02,-1.536859321485862517e-01,-9.078666076490587294e-03,8.214434827922863225e-02,-9.403262920304254757e-02,5.549695651218494036e-02,-1.721430611930974408e-01,-4.439191458770864324e-02,-1.947424101158691523e-02,4.578573469073831705e-03,-1.123155307346750398e-01,-2.073244618567316178e-01,-1.553450175640168351e-01,-2.278142452181610919e-02,-4.670239115489296933e-02,9.495399451889662001e-02
3.937369133163186596e-01,1.343655136258471994e-01,3.664365607802881342e-01,4.488069339410891145e-01,3.201736624506748008e-01,3.326929295022115762e-01,6.231223453848544480e-01,4.076609877915171598e-02,4.800187726221083473e-01,2.696649495054135870e-01,6.617035369754731278e-01,2.486414962847160182e-01,0.000000000000000000e+00,3.715864749222254626e-01,5.050070789737214350e-01,1.768597609786877467e-01,-2.455619072732923291e-01,-3.825926309610138687e-01,1.129527953313304994e-01,-1.784984413700874961e-01,1.354422710477822811e-01,6.593177187810980722e-02,4.569783612568238951e-01,2.980216544393484157e-01,4.045578545215963717e-01,1.606817161566980179e-01,1.703662544851812510e-01,2.335025380710659959e-01,2.124853633193009572e-01,7.226674703106900077e-02,1.117724431720080736e-01,2.558727228777989970e-01,2.821952038775824012e-01,2.385990852270765128e-01,-1.598655151954644360e-01,-5.144106558174723481e-02,-4.550618586151581324e-01,-6.623941685580554684e-02,-1.091009546412012032e-01,-1.989646804730198504e-01,-1.411792220349145643e-01,-2.833080624958797533e-01,-1.919751749338406421e-01,-1.287635497207650914e-01,-1.804180832462195794e-01,1.206564767115891057e-01,-1.721085296139683238e-02,-1.670449444198537636e-01,1.355144734405067941e-01,1.637267735889925968e-02,1.751394604911646335e-01,5.372171942150186924e-02,1.552335747404637867e-01,-5.253665841048001800e-02,1.930801854659722760e-01,8.265918273169904629e-02,4.565514253694094027e-01,-2.939422192504136111e-02,2.035730766695233729e-01,7.670562456639323790e-02,3.808833177941227111e-01,1.851363526490430039e-02,1.338663753457081940e-01,-9.522867753469638208e-02,1.684105114126868974e-01,6.993115658815440838e-02,2.414338139501301106e-01,1.146165895984605221e-01,-8.714828801848381601e-02,-7.152431807979306444e-02,4.347510116183067597e-01,-1.284103858433082584e-02,1.179316211948554238e-01,5.823436896678375885e-02,-1.114318362324163564e-01,-2.679572059557556174e-01,6.385202904419727543e-02,-9.171273493245937769e-03,-3.442092111417709432e-01,-3.536143576027550028e-01,-6.672599819807942256e-02,-3.384220324031781413e-01,-1.026843593921186321e-01,-2.508593654351449764e-01,3.665024847040800893e-01,-3.077407243469607590e-01,2.200524880002762418e-01,-9.797550769269405477e-03,2.759842284860413719e-01,-2.695503674473942804e-02,3.345953055887791044e-02,-1.906645445441674525e-01,1.961111163431685511e-01,5.457402157909772150e-02,9.227936675362345686e-02,-1.365723954556441813e-02,2.245196186457970311e-01,1.585643025091900971e-01,6.110519888619961489e-03,-5.547969072262037837e-02,1.640171527771237814e-01,-3.012252432121902829e-02,4.574335502544349397e-02,6.246448741010017514e-02,-4.551889976110425821e-04,7.687985207927194864e-02,-3.904579829162860283e-02,-1.593349845706625856e-01,4.029348703025280032e-01,2.839406182408357737e-01,9.843540554200452819e-02,-6.316296707884815065e-02,1.945619041340578559e-01,1.993084266470778465e-01,6.757202188674270131e-03,-8.313791598780721770e-02
