1.000000000000000000e+00,6.450287122429561038e-01,4.378120412862652189e-01,1.211108611817741237e-01,3.652789404645129800e-01,3.043667808354184601e-01,6.503599368941306857e-02,-1.108395384088570884e-01,8.686178160453088271e-02,-1.327008832811960026e-01,2.595325496889152594e-01,2.076193921460865455e-01,1.160756868483318049e-01,9.013688655552798412e-03,1.881913799114013353e-01,5.644821554318276563e-02,6.897199425832438446e-02,3.858509591489210355e-01,5.496773206132183898e-01,6.840053211759459240e-01,1.885283980276710458e-01,-7.051640296545022557e-02,1.483134794105893384e-01,3.437345162978405200e-01,-3.733557805950225156e-02,1.820848589973401987e-01,4.394986778222755297e-01,3.317688272156042451e-01,-7.663219960748211823e-02,4.122056212457457514e-02,6.139527046090319240e-02,1.838101443998951812e-01,3.196802347377558640e-02,-6.877179312962288654e-03,-3.332792249201707580e-01,-2.705954012486675997e-01,8.845875277015750882e-02,1.326776939612691886e-01,-1.165688463854420570e-01,2.758872040559666727e-01,8.506229037821007311e-02,1.874462297644196862e-01,-5.974890604383245041e-01,8.440835155627390840e-02,1.240095261726259362e-01,3.080848017970176933e-01,-2.455323842717664629e-01,6.695916128867689110e-02,-3.546242209354726338e-01,2.405590481247956436e-01,-1.763416374287991306e-01,1.924118361380815767e-01,-3.387117096016925011e-01,-1.977252823106456781e-01,-1.059713271788878253e-01,-2.304237693621159211e-01,6.451446588425900908e-01,5.593951916172154037e-01,3.979055406242101162e-02,4.293154744650803378e-01,-3.619852840575744218e-03,-1.406548200160933904e-01,1.335928991210474648e-01,1.305326818680388641e-02,8.715087512628516553e-02,-6.599293962505961564e-02,-7.904543483453260744e-02,7.408987716617234862e-03,3.181087718240487305e-01,2.573651212530890242e-01,2.682231338201544442e-04,-3.893486815712155630e-03,-4.639951024156314247e-02,6.632222796802038356e-02,-9.887539528128258537e-02,-3.955402299916750686e-02,-3.097250596931743760e-01,-3.043513212888005470e-01,-3.275104950997102284e-03,2.820246440632635521e-01,2.613150354139563980e-01,2.257240671902815132e-01,2.091993578104335005e-01,1.891622394390039819e-01,3.373203504060836577e-01,1.622301632760015933e-01,3.949782754721152256e-01,4.109124301711603588e-01,-2.184920912824389605e-01,1.407243879758738325e-01,-5.660180613883136758e-01,-4.211791150800920369e-01,-6.058279398840070717e-01,-3.387627261055314865e-01,-1.679672010258955184e-01,-6.943578065686067946e-02,-1.732373604679295631e-01,-6.638097424516831158e-02,-3.265635978693652852e-01,-3.416304720031475561e-01,-3.086073344727019441e-01,-2.358392485423579932e-01,-9.838996551748126207e-02,-8.085883965280950270e-02,-1.259450614091840448e-01,-2.247439319347081521e-01,3.246891278419478111e-02,-1.068123265149003021e-01,-3.734176187814940151e-02,4.668241994467028227e-02,-2.613459545071921686e-01,-1.842785686624168473e-01,-4.039038447119461250e-02,-2.070010102813714670e-01,-1.336671049448132920e-01,-5.904078151100062427e-02
6.450287122429561038e-01,1.000000000000000000e+00,2.407646600948133986e-01,2.688144614782882469e-01,3.973033912834438297e-01,3.825178808981068990e-01,-1.799916363852797352e-01,-9.311826012078543158e-02,-3.634771303061994779e-02,-8.256866550874662758e-02,2.344208351401678297e-02,1.696600213805529722e-01,-1.929173633124861287e-01,-1.342143728950861148e-01,-1.272251118691442029e-01,2.222309826319723586e-03,-1.925509720576424610e-01,3.159011485670159547e-01,1.672189589695902978e-01,6.145502160858128393e-01,5.509241330479500848e-02,6.348540116364007058e-02,-9.080242003742755585e-02,2.922959668361805874e-01,5.168899411686953861e-03,2.996902679835108385e-01,4.938096110455368892e-01,4.777224068349747443e-01,-1.830077939304274037e-01,5.235607355343090130e-02,4.250834235784366893e-02,2.019859333585324046e-01,-1.364915641118992773e-01,-1.336068127130035643e-01,-4.318786672943242810e-01,-2.788755344172021422e-01,6.911731399653242569e-02,1.939964396664139168e-01,-6.387807364773413765e-02,3.333905336558194987e-01,2.930898145550085362e-02,2.798742211287169601e-01,-5.981801021721435685e-01,1.970945328086363135e-01,1.041130896754190877e-01,3.431285020704197830e-01,-2.498997061913165174e-01,1.002466570662882139e-01,-4.527892500496638051e-01,2.685516491857843357e-01,-3.699770966816856022e-01,1.251241594837748106e-01,-3.752828130809408025e-01,-2.892488901977971483e-01,-1.674925929447267092e-01,4.608568144522025289e-02,5.256748285343035842e-01,8.597046144427722414e-01,7.023967708099024265e-02,6.720411780483713793e-01,-2.674030048720761332e-01,-1.511363926230135379e-01,-9.378920444400126732e-02,1.698115249374081703e-01,-1.544431896445772889e-01,-1.961916952861523511e-01,-1.138108632688129146e-01,1.099382468410348979e-01,2.466470175829153511e-01,3.066779830547909369e-01,-1.081031986574929743e-01,-4.440059086387173476e-02,-2.848228220010991518e-01,-3.741596770191520788e-02,-1.693121815816507614e-01,-8.299380304073822323e-02,-5.391029907265909582e-01,-4.841180212707901775e-01,-2.312307576955690558e-01,1.621003030844114512e-01,4.508699473370544192e-02,2.238364565482388047e-01,1.061985825141706086e-01,3.545917558875750775e-01,1.506061301740203862e-01,2.525247372070319463e-01,2.977222676990551875e-01,4.909341353746118908e-01,-3.752828130809408025e-01,2.526855164918578311e-01,-6.167331040682569876e-01,-4.624004501819974911e-01,-5.909929589494928859e-01,-4.308660669908533358e-01,-2.250747662323306919e-01,2.528795338019122069e-02,-5.613902461082524026e-02,3.382780693190610977e-02,-2.824544194592405466e-01,-3.850888035006597154e-01,-2.615407447945773955e-01,-2.860781371864707379e-01,5.882743976767393357e-02,2.803588779151873749e-03,1.275729516680464415e-01,-4.057435307594733920e-02,-4.202755045802771677e-02,6.006111158778046355e-02,4.454436464741798329e-02,6.509628592122278234e-02,-1.159025399262115785e-01,-1.332079564102623681e-01,-1.199282058655065791e-01,-3.289953845523572173e-01,-1.860981572993408717e-01,9.136360157965647821e-02
4.378120412862652189e-01,2.407646600948133986e-01,1.000000000000000000e+00,6.737015333551312768e-01,3.223354118693760872e-01,3.866440338904180707e-01,7.437672905366704557e-01,3.092736409319323809e-01,6.411359984045748028e-01,3.491670009793622631e-01,1.686010424372284544e-01,-6.713694607478246090e-02,5.559894534972973368e-01,8.311902536834302191e-02,4.214929438764349334e-01,1.230834993302151459e-01,-1.909153520254711356e-01,-2.221482740575667081e-01,4.006287397609490375e-01,3.934261369916804418e-01,1.148930315320642603e-01,1.153475422026298269e-01,3.703202986166024835e-01,7.017776159678564829e-01,-2.774795373576078861e-01,2.526113106680920595e-01,2.664012262512377438e-01,2.289056418842404517e-01,-1.700186828620877111e-01,-2.573743969810597387e-01,4.302043983956082562e-01,4.886847713417108441e-01,-2.813336023294444876e-01,-3.258957454554730071e-01,-3.176728126094245930e-01,-2.428918937094331765e-01,1.244470313419118318e-01,1.062495990180095939e-01,9.979678425970801847e-02,2.770389402789984468e-01,1.100572853499925396e-01,2.783313583762528909e-01,-5.014868218959742663e-01,-2.889721643133371654e-01,-1.388831559736847521e-01,-1.180699683620378415e-01,-2.532853469006314251e-01,-1.766369147692005703e-01,-9.353566787946809846e-02,1.101515885843615816e-01,-1.918738439157794684e-01,-1.370913945206728990e-01,-4.820696313439215563e-01,-4.080910629133979173e-01,-4.163796988325723508e-02,-2.352517857708786853e-01,-2.799182808365778888e-02,8.650775798698151497e-02,-3.043358617421826895e-01,1.867443663479681215e-01,-1.417864588285219496e-01,-2.288592632443868236e-01,-6.943423470219889371e-02,-2.338217777087251426e-01,3.241797357808887670e-01,5.436117674976945896e-02,-2.208883210082097925e-01,-1.917872704547193830e-01,-1.554032274895474075e-01,-6.677983054790952167e-02,5.525249691002311891e-01,6.087095993735791577e-01,2.497590243170938473e-01,1.898393675808669467e-01,6.526634093401942338e-02,-2.461322146805400568e-01,1.357015812797258136e-01,5.092142762729197358e-02,-3.140119919703114881e-01,-1.974160913782881388e-01,-8.899983690178317475e-02,-2.968178842219094116e-01,3.507469666437092459e-01,1.257178060739012615e-01,1.959041477190598401e-01,-3.600876247102301475e-01,5.704611350862913710e-01,2.903527018263135639e-01,-2.513389899814408301e-01,-2.399715853533163357e-01,-3.425603637322128386e-02,9.941029559426110829e-02,-9.135741776100932132e-02,1.521026142866308273e-01,3.027365716445633639e-02,-1.546441637506096867e-01,-2.959938903871766058e-01,-1.846604194638783725e-01,-7.509242876434163438e-02,-5.728921487919523547e-02,2.394165876297345841e-01,2.921166360954132180e-01,4.677309018558412634e-01,3.919667557909529143e-01,-1.181766392337011973e-01,-1.693771116774458463e-01,2.111719959588745088e-01,3.052479749926373942e-01,1.323344920263523350e-01,-8.839846053834779505e-02,-2.939037596844397138e-01,-4.451336825644914286e-01,1.895332685578330068e-01,5.537532300790214829e-02,-1.541463663495140635e-01,-1.224666634201618809e-01
1.211108611817741237e-01,2.688144614782882469e-01,6.737015333551312768e-01,1.000000000000000000e+00,1.085113306882049128e-01,4.107671104329523315e-01,6.258310472528771928e-01,6.869117159401065820e-01,5.503467189817724536e-01,6.657491425748957026e-01,-1.518204775608545699e-02,2.146558047892129298e-03,3.572461600418644356e-01,2.385353934725156222e-01,2.984952450299490079e-01,2.788894480091582140e-01,-3.825936326765345119e-01,-3.197706730854704138e-01,8.729310295516963525e-02,2.358547080889758785e-01,1.917524864748291688e-02,2.491962968202031670e-01,3.398866351446511169e-01,7.067045734749737296e-01,-2.858694333071293836e-01,3.154188107125382445e-01,1.003888848951726837e-01,1.186048686750163644e-01,-1.640961305527792735e-01,-1.160416758457724767e-01,5.625674905832036554e-01,6.569402929120298218e-01,-2.902228416347233941e-01,-2.390687478308323732e-01,-2.250345714111242346e-01,-7.091525926819143566e-02,5.308035331247840799e-03,1.062666045192892650e-01,4.969239367117080780e-02,1.305288169813843824e-01,5.587930422764491450e-02,3.868032672205822253e-01,-4.353926222405675728e-01,-2.545422080406647969e-01,-2.538480743975221610e-01,-2.202142847756703714e-01,-3.084079063213313043e-01,-3.040344005831340790e-01,-1.542994158610310473e-01,-5.069417229200919028e-02,-2.417308817584306602e-01,-1.181967366443044259e-01,-4.772972693029831626e-01,-3.385725736821316167e-01,-2.017803213885146496e-01,-2.079162154411497709e-01,-2.556723008984315704e-01,3.181497396225860946e-02,-2.707206235762723567e-01,2.916420280142444366e-01,-9.455136009226257354e-02,1.365425806157382904e-01,-5.549204258486711491e-03,7.178717769743966914e-02,1.525184760906516945e-01,3.063842516690513107e-01,-1.862063741256660132e-01,-8.677211623414719799e-02,-3.293509541245683847e-01,-1.945653509819517402e-01,5.483849025159639456e-01,5.917597524617395077e-01,1.958979639004126971e-01,2.662651822410004310e-01,2.178482011658043963e-02,-1.973217881439190968e-01,1.154155642077484833e-01,1.538588187824215803e-01,-3.443420764799230982e-01,-1.464320525871937728e-01,-9.392215654491500865e-02,-2.029645226594439800e-01,2.510205233211125764e-01,1.605435267399912824e-01,4.245887180866646932e-02,-1.662171803487519084e-01,3.036123549604660687e-01,7.589014136982404068e-02,-1.707483734624514748e-01,-1.973186962345955253e-01,2.099638323906874784e-02,1.374732453221344242e-01,1.494853130442243550e-01,2.144215926579521314e-01,7.019407141846751436e-03,-2.195819893189992489e-01,-2.739578526380556656e-01,-1.829969722477948757e-01,-1.141455624530899465e-02,-6.155450379106731928e-02,4.361949727100353225e-01,3.194506604704803743e-01,5.395683230797890806e-01,3.615933845508113031e-01,-6.014304718485521256e-02,-1.097187212790610433e-01,-1.383629422299932209e-04,3.091592402869601242e-01,8.935540647399434211e-02,-6.523232993146009517e-02,-3.018777938299403441e-01,-3.680802103116722068e-01,8.332927520234613417e-02,2.279432851072776475e-02,-3.590711595201047379e-02,-2.116141389921457894e-01
3.652789404645129800e-01,3.973033912834438297e-01,3.223354118693760872e-01,1.085113306882049128e-01,1.000000000000000000e+00,6.242139786766472964e-01,-7.054577610402419652e-02,-2.330766275617434935e-01,2.257024238250164849e-01,-3.695372725804070557e-02,1.025818215829184428e-02,1.688777683216884373e-01,-8.415481499174073954e-02,-2.276905215200753785e-01,1.809748635501766678e-01,9.791303850431977776e-03,-2.714008436274589209e-01,-1.364235421067806209e-01,3.593494313592265205e-02,3.649620197588465120e-01,2.106108144166456142e-01,1.970172350755469426e-01,1.112430325755836558e-01,3.754946088696056727e-01,1.235967562779286405e-01,2.550369135324368486e-01,8.114368179924387192e-01,6.310409144631015099e-01,-4.189792215963682454e-01,-3.378969914949304099e-01,5.781329350954124424e-02,1.528462184789506628e-01,-3.391724040909052107e-01,-4.343259135239340707e-01,-5.064477904056507995e-01,-5.003474533102367783e-01,3.648538029325213983e-01,1.877693342887333250e-01,1.952254736225350618e-01,3.985401550128739312e-01,1.905937934558193103e-01,1.148311933455927469e-01,-5.175307393760063546e-01,-1.035333566772487224e-01,1.139824642362713414e-01,2.414155070074260057e-01,-1.908179568817785221e-01,-1.044678862702993517e-02,-3.292891159380968991e-01,1.173773806735569913e-01,-2.228547753380036578e-01,-8.848812590873147976e-02,-1.453467924146188694e-01,-4.481374724723448111e-01,1.249896614281992974e-01,-1.587950520175094860e-01,9.497958953357775458e-02,4.452156181615661845e-01,-2.404786584823826734e-01,4.091933285872525472e-01,-2.435241891661043268e-01,-2.777840904259800681e-01,-1.081294798867433599e-01,-8.258876291934987013e-02,7.025977449159348520e-02,-1.487757198544638337e-01,-1.860054000196336155e-01,-4.015230745327931505e-02,4.972949658305370751e-02,2.178149631405759679e-01,-6.399479322469909734e-03,5.334239262765140543e-02,-3.601819279445991895e-01,-2.269391875544465864e-01,-3.091484186043275684e-01,-2.899955862994406108e-01,-3.888748464673776328e-01,-3.996486045053756486e-01,-2.974130767666976483e-01,-2.125123386506443945e-01,-8.517514506852057188e-02,-1.585229639970348603e-01,3.199809229194735538e-01,3.416876723256336845e-01,4.798171754016969937e-01,-5.394686090041037052e-02,6.312341587958250066e-01,6.399734404989104730e-01,-2.221359064202724221e-01,1.174075267894618413e-02,-4.207014150895996840e-01,-3.754111273178691310e-01,-4.835150989526930121e-01,-3.880307552220416123e-01,-9.100648605278352510e-02,1.986203900598207117e-01,-7.235608901297752027e-02,-9.880582732150214320e-02,-2.917378772032752643e-01,-5.220418350791026230e-01,-2.495364068457964213e-01,-3.002576333443869316e-01,1.580746371451164367e-01,-5.484506055890898957e-02,2.642801764552650812e-01,5.578345503861407984e-02,2.671293708969397218e-01,4.011829645071998685e-02,-1.481797543323446972e-03,1.788901436887560537e-02,-2.682362744347796535e-01,-1.784255843128888519e-01,7.763243227365870802e-02,-1.737552552796284011e-01,-1.827403437739381353e-01,1.916620481271145704e-01
3.043667808354184601e-01,3.825178808981068990e-01,3.866440338904180707e-01,4.107671104329523315e-01,6.242139786766472964e-01,1.000000000000000000e+00,1.447500539151688193e-01,1.822301787355482261e-01,5.037423697475224005e-01,4.978893853979944328e-01,-4.704571929019037840e-02,6.942650492888995106e-02,3.262350825037354379e-02,-4.221924883608938611e-02,4.300374352921351728e-01,2.495394987551200205e-01,-3.735791710436507929e-01,-1.805991965673622579e-01,-3.297134804927576157e-02,3.086367076112758734e-01,2.543582394359120702e-01,3.677571057873585958e-01,-1.140682647200005548e-02,6.342719597062377312e-01,-8.208246276761440793e-03,5.884251282562635854e-01,6.870879547715503799e-01,7.181693732467907543e-01,-2.993702553685207990e-01,-1.774439031026537050e-01,4.343769300277730561e-01,4.625086670083226603e-01,-2.741325455148376777e-01,-2.905784112069345615e-01,-3.716637332176959130e-01,-2.341758013262744964e-01,2.023152217014931586e-01,2.112554775106110505e-01,2.401911109152901902e-01,2.454349891280738494e-01,6.480410049014492802e-02,2.884728209575797564e-01,-5.543105467345958992e-01,-2.979139660771168430e-01,-2.150538881146232539e-01,-1.147909985243862757e-01,-2.317347389153118220e-01,-1.662357318046933652e-01,-2.353754621438217121e-01,2.942492805513492737e-02,-2.244842115515278402e-01,-1.303958648804706411e-01,-3.744866464301201403e-01,-5.585016298227022391e-01,-2.669917809320406232e-01,-2.627914221159636243e-01,4.585997206459926229e-02,3.321243967878154124e-01,-3.957543447123326175e-01,3.505753656762508053e-01,-2.640962078505123545e-01,-8.650775798698151497e-02,-1.624110399714307484e-01,-1.923244896996905914e-02,-2.709285544782828303e-03,8.982383073651599437e-02,-2.274802716860722662e-01,-1.180251356768459992e-01,-2.383266895931742957e-01,-3.962668286827152053e-02,2.700280358877915066e-01,3.058323458547931306e-01,-2.408991581503889257e-01,-8.200748396651771910e-02,-2.266918348085605606e-01,-2.248722461716365362e-01,-1.795541312159938396e-01,-7.842241510583218556e-02,-3.827652336439928971e-01,-2.334229214059839186e-01,-1.690710126544118785e-01,-2.575429060391946079e-01,2.949410952624992310e-01,2.563200559017205782e-01,1.991104576876074062e-01,-1.613319636175029881e-01,5.176234966557136108e-01,4.908475619135517776e-01,-3.362861067373477120e-01,-6.250371995340492370e-02,-1.728957044876744953e-01,-1.218745627846972157e-01,-1.798215813724830803e-01,-2.357155721694149941e-01,-9.111779478843223812e-02,-6.889005866124964239e-02,-2.132683104802585439e-01,-1.704036255728728355e-01,-1.496507301930356248e-01,-3.275576467168947459e-01,1.254318044614705641e-01,-7.046847837093481171e-02,4.062065441806788080e-01,2.136718046469851251e-01,8.432177809521379519e-02,5.007579042729413954e-02,1.201384556995097053e-01,2.465449845752373526e-01,-5.768188736328929561e-02,-8.042288043818539289e-02,-2.366756100143851127e-01,-2.041023452905196545e-01,1.602389736716191282e-01,-6.433876813694684726e-02,-2.563494290402945630e-01,-4.600838371213087502e-02
6.503599368941306857e-02,-1.799916363852797352e-01,7.437672905366704557e-01,6.258310472528771928e-01,-7.054577610402419652e-02,1.447500539151688193e-01,1.000000000000000000e+00,6.161580089340720212e-01,6.935206721192487267e-01,5.708398939784292692e-01,1.935202856305833219e-01,-7.764634586561479368e-02,7.844398117336413012e-01,3.377037471622069686e-01,5.297716083880408267e-01,3.052201478087251951e-01,-1.067674938297084597e-01,-3.340290129311377920e-01,2.561871038008068369e-01,5.959268732525881129e-02,5.934688053403457814e-02,1.256327785675029618e-01,3.827590498253457540e-01,5.326177109203917848e-01,-3.988246106706428429e-01,1.234498905850588135e-01,-1.154573049836167403e-01,-1.088375271218420953e-01,5.030149980791513015e-02,-9.826165128055289189e-02,5.258959000509392245e-01,5.197831953182309173e-01,-2.408976121957271399e-01,-2.278837658527988475e-01,-4.003945276296882322e-02,6.765870577313579104e-03,9.050791567435701596e-03,1.235990752099213165e-03,1.270225918084500472e-01,9.671415066410347927e-02,1.405968467162763483e-02,1.685376582960951553e-01,-2.580329736669812468e-01,-4.126454453470242978e-01,-3.290525848748434012e-01,-4.300034242895758863e-01,-2.839447197532037892e-01,-4.198387723883221789e-01,4.848886796696913470e-03,-1.792804972408574282e-01,-1.067999588776060021e-01,-2.107731396561333126e-01,-4.195605005492004103e-01,-2.640730185305855682e-01,-1.391877090420569341e-01,-2.708180187199650257e-01,-3.664152171409268965e-01,-3.811327055211451986e-01,-3.709649617105679198e-01,-1.338340680482863476e-01,1.106648455320750762e-01,1.076842449441485217e-01,4.169980806972874154e-02,-1.505040971663424154e-01,4.157574520812027941e-01,3.572152409486287206e-01,-1.730796730924272220e-01,-2.449974839587879538e-01,-4.251367590142683950e-01,-3.339779964272987511e-01,6.442294536828118146e-01,6.992499800958337230e-01,4.827606730777406763e-01,3.432258972141123965e-01,2.093802345058626557e-01,-1.159736538406538203e-01,4.704533280152493058e-01,4.429121457155025809e-01,-2.012825239874190264e-01,-2.120933849372999558e-01,-7.906398629047406423e-02,-3.079224765575300227e-01,3.256051059790569524e-01,1.929583311110235136e-02,-1.534360001824226554e-03,-3.396330985801179203e-01,2.955378337619492535e-01,-5.832036663860758890e-02,-4.824383415307579442e-02,-3.210986481399459858e-01,2.737862516705972804e-01,3.497359122949001420e-01,2.935404603389196176e-01,4.317627206946901830e-01,1.486968761667126493e-01,-2.332003039346865203e-01,-3.250377406181809148e-01,-2.216597523844418272e-01,7.281369159286665838e-02,1.646526742310228386e-01,5.272424265613562255e-01,4.748407473454026029e-01,4.981970303756901863e-01,4.245152852402297450e-01,-2.753924985641946210e-01,-1.908581517029850072e-01,1.048536019584153656e-01,3.292891159380968991e-01,2.092449634729562444e-03,-1.245011397550744026e-01,-2.566508901993431180e-01,-4.588339327772534282e-01,1.591629892270149393e-01,1.622935474171348924e-01,-2.735025689901592408e-02,-3.079255684668535942e-01
-1.108395384088570884e-01,-9.311826012078543158e-02,3.092736409319323809e-01,6.869117159401065820e-01,-2.330766275617434935e-01,1.822301787355482261e-01,6.161580089340720212e-01,1.000000000000000000e+00,3.809533747803778292e-01,7.713996841614626510e-01,2.199978511230201161e-01,1.973712586930962964e-01,4.971983436641753684e-01,6.759385297507379819e-01,3.174888440046718663e-01,5.017233529592277641e-01,-7.366396665684984968e-02,-1.909972876225458915e-01,-2.697768182552510302e-02,-5.660590291868510676e-02,-1.457162755787861086e-01,7.284615664076420083e-02,3.877849484308173444e-01,4.533009610427155001e-01,-2.050144585409743592e-01,1.337196674033140631e-01,-2.561098060677174382e-01,-1.998586997439125990e-01,8.874166247326464863e-02,1.922046782134020360e-01,4.085950441331406835e-01,4.697932053746659564e-01,5.808924641667033775e-03,1.409640109484509019e-01,2.132234777950667015e-01,3.246945386832640335e-01,-1.671818560577073842e-01,-7.790915815811869094e-02,-1.528910511641425052e-01,-2.037096728064256013e-01,-1.398091828160955563e-01,1.260548241901709721e-01,-1.834901317849051416e-01,-1.633942671363276811e-01,-3.177810294357497622e-01,-3.537337510502829296e-01,-2.305103428231760343e-01,-4.130473935590890933e-01,-6.033319960825508921e-02,-2.409980992487433249e-01,-9.684246490103184946e-02,-4.910802280901507832e-02,-3.361145057698892713e-01,-1.534305893411063992e-01,-3.456174890758978435e-01,-2.883553284032839281e-01,-2.835458634504625652e-01,-3.357001899205301898e-01,-1.359211068416996404e-01,2.408520065332044047e-02,3.866718610743302698e-01,6.297624099578031931e-01,2.333641751288360044e-01,3.508196265128132318e-01,2.621823159792192603e-01,7.241274825133203752e-01,8.286703475847163880e-02,8.797177705169439976e-02,-3.645585255921199863e-01,-3.153384210701252743e-01,4.031764730435750677e-01,4.424730945915549274e-01,3.438612845801071183e-01,3.285486036551005795e-01,3.141766361417918513e-02,-9.316309280597727394e-02,2.554172183792365880e-01,3.160913009904158799e-01,-8.904776149629860249e-02,-3.159854030960834032e-02,3.178250891436106701e-02,2.713150431437297457e-04,1.170790114238319801e-01,-2.532814820139769885e-02,-1.205713230048102436e-01,9.628437526812651248e-02,-9.024278444986043313e-02,-2.831794721956188976e-01,1.071733069284277161e-02,-1.680182175297345037e-01,1.369831776943477575e-01,1.474384690720175195e-01,3.709123992520671487e-01,3.038195128851456372e-01,9.879423266153873270e-03,-3.338883310569150664e-01,-3.298116486137810943e-01,-2.259636901628585826e-01,2.526940192424976736e-02,1.033679395284374525e-01,5.154390627186076212e-01,2.701501663060727476e-01,2.698394294190534226e-01,2.183436796349073339e-01,-2.298069334520626561e-01,-1.140783134253021830e-01,-1.004167120790848550e-01,1.633293370405326239e-01,-1.793933519311679270e-01,-1.901671099691659428e-01,-2.332435906652165492e-01,-2.902305714080323229e-01,-7.548046338445033032e-02,6.269232642214302154e-02,1.312940645389692740e-01,-3.154079890299057443e-01
8.686178160453088271e-02,-3.634771303061994779e-02,6.411359984045748028e-01,5.503467189817724536e-01,2.257024238250164849e-01,5.037423697475224005e-01,6.935206721192487267e-01,3.809533747803778292e-01,1.000000000000000000e+00,7.050333964855812763e-01,9.578966977635447466e-02,-1.316434502925332706e-01,5.997909869297263219e-01,1.243357226062631327e-01,6.705276884344812949e-01,2.910205542402057866e-01,-2.722897675579868393e-01,-3.934091314904007985e-01,1.389527239334651942e-01,1.095672177222058591e-01,9.550521411858554910e-02,3.262528609823459602e-01,7.515890481479849117e-02,5.726038282475289787e-01,-3.350276996426525544e-01,4.424205321330541563e-01,1.872297961117694309e-01,2.006564123493950191e-01,-6.468197007186370084e-02,-2.544030721211039126e-01,6.560420932535311334e-01,5.541265781298432280e-01,-4.260148612621637576e-01,-4.295442757550249069e-01,-3.015639650335974475e-01,-2.382478459054231390e-01,1.246294539920027727e-01,1.420786442595997900e-01,3.257782529011771788e-01,2.137228211508241105e-01,1.259079584973011590e-01,2.943876434935792652e-01,-3.768457732440080865e-01,-5.207726063017750207e-01,-4.167808740673062395e-01,-4.696370639538254288e-01,-2.810908874475438468e-01,-3.410229118210650334e-01,6.087737564920433359e-02,-1.030757540973595843e-01,-6.960583566965732050e-02,-2.630140395872610504e-01,-4.453872191290246252e-01,-4.898859781139198732e-01,-1.830866376181785604e-01,-2.106386416005577855e-01,-2.836277990475373212e-01,-1.505922165820642866e-01,-4.909542327852151056e-01,-9.313603859939598856e-03,-7.166659323382022773e-02,-8.752808806376134731e-02,-1.019348395569603105e-01,-2.456637904180184184e-01,2.774888130855786561e-01,1.699305634463658121e-01,-3.545391934290743063e-01,-4.214790302844788616e-01,-4.627853928927826432e-01,-3.653330488776755369e-01,7.249020057988759813e-01,7.765399834119064426e-01,2.736270183404331258e-01,2.300527402432868962e-01,1.660278009026829385e-02,-3.600165107957878918e-01,3.166663961246008463e-01,2.645337130197982778e-01,-3.882966594238690949e-01,-3.966741877360962509e-01,-2.670149702519674095e-01,-4.975291779617979082e-01,4.388710202295897367e-01,1.544230922339740464e-01,4.014612363463216510e-02,-5.295489909167433451e-01,4.565289143765280944e-01,1.164266185565575873e-01,-2.073797691735094484e-01,-2.654442803155911967e-01,3.076457506730699842e-01,4.264214473382139103e-01,2.562814070351758788e-01,3.547107943965327470e-01,-1.438588110526482604e-02,-1.136021593894715881e-01,-3.466285434247070030e-01,-2.017277589300138507e-01,1.652231315012224755e-01,1.692426136218703192e-01,6.142487549267642288e-01,4.802237614777471464e-01,7.225351492116790508e-01,5.775601588932200992e-01,-1.229675527305810756e-01,-4.702252997026356435e-02,1.826723217688194789e-01,5.215486755419923570e-01,2.070574376265267233e-02,-2.076518571939840740e-01,-2.270365826981391999e-01,-3.229507018247675942e-01,4.300807220226652294e-01,3.034299323103751278e-01,-2.180360346572116081e-01,-1.898811083567352176e-01
-1.327008832811960026e-01,-8.256866550874662758e-02,3.491670009793622631e-01,6.657491425748957026e-01,-3.695372725804070557e-02,4.978893853979944328e-01,5.708398939784292692e-01,7.713996841614626510e-01,7.050333964855812763e-01,1.000000000000000000e+00,-5.340500379145380651e-03,-2.173380361274145078e-02,4.215114953323763625e-01,4.071093817031627982e-01,5.122482122966779405e-01,5.154993549504173211e-01,-3.065264794979357665e-01,-3.731571254209827826e-01,-7.967309242721838658e-02,-6.463249952268650123e-02,-1.187834264384528445e-02,3.048104698233514709e-01,1.997442990989403144e-01,5.236388062447292491e-01,-1.854658618426697492e-01,4.283925395319931329e-01,-3.972562396662593365e-02,9.043912069190747360e-02,-6.589399852670520252e-02,-1.419263677254137095e-02,6.027731334723146484e-01,5.637841569020305421e-01,-1.973372476905369821e-01,-6.696225319800046261e-02,5.913508474536967319e-02,1.412855695181027549e-01,-3.188763383136263008e-02,1.009315149814601353e-01,1.430896986084089217e-01,-1.880421952865388158e-02,-1.633842184310260737e-02,2.755764671689473477e-01,-2.172089489131552309e-01,-3.515786902517509804e-01,-4.107346453850547752e-01,-4.504409449184083591e-01,-2.205513028919400820e-01,-3.724660836871637182e-01,4.396463164924762496e-02,-2.155810586542928342e-01,-5.407208322801516920e-02,-1.634360079121959519e-01,-3.890340797975417875e-01,-3.116126703352170568e-01,-4.053825503459460022e-01,-2.553770235580301029e-01,-3.139115049172953031e-01,-2.460966577233189567e-01,-3.252974610013611989e-01,-8.038191263964801492e-03,1.653498997834890460e-01,3.630527657515388307e-01,1.252996253378877052e-03,5.565050293770034545e-02,2.246310772443976533e-01,5.420573100852671411e-01,-1.060223436827268106e-01,-1.375953757404156652e-01,-4.708753736379173160e-01,-3.610275651445969958e-01,5.787675494840762713e-01,6.315804526400654595e-01,2.095827545665568392e-01,2.651428191565425863e-01,-4.505607564046969216e-02,-2.091529791705798724e-01,2.797412690278032188e-01,3.623570861537343535e-01,-3.232923578050226343e-01,-2.372197860553343640e-01,-2.138403137051199665e-01,-3.094158687608168368e-01,2.487000453737693295e-01,9.373664198550049620e-02,-1.154820402582053540e-01,-1.828052738697332202e-01,7.979213093617602837e-02,-1.554975307239164495e-01,-1.139098043671673277e-01,-2.010011602389736585e-01,3.001818815659593187e-01,3.491005249289054202e-01,4.140445343159421254e-01,3.153291453421545598e-01,-3.875167252969972248e-02,-2.855988912413165437e-01,-3.375244164214395992e-01,-2.301965140268331378e-01,1.336964780833872490e-01,1.494281127217381988e-01,6.092615051878373933e-01,3.798773903357736126e-01,5.014095241628848676e-01,3.872639617097949349e-01,-1.544787466017984168e-01,-3.709595508692516835e-02,-4.325658441414888949e-02,3.873257998962664206e-01,-1.350399126844807063e-01,-2.539392857225676314e-01,-1.833463580013589000e-01,-2.179092663749450098e-01,2.000163871194149401e-01,1.878651834777641527e-01,-5.095234672052773028e-02,-3.268109506152512833e-01
2.595325496889152594e-01,2.344208351401678297e-02,1.686010424372284544e-01,-1.518204775608545699e-02,1.025818215829184428e-02,-4.704571929019037840e-02,1.935202856305833219e-01,2.199978511230201161e-01,9.578966977635447466e-02,-5.340500379145380651e-03,1.000000000000000000e+00,6.728079715606180011e-01,6.234518230283860873e-01,5.948532077399766305e-01,4.120378851649417751e-01,3.058802704493085445e-01,6.129130500989797836e-01,3.895859856117999676e-01,3.214526717574953674e-01,1.613922558493127157e-01,-4.788208076221748405e-02,1.423368186881183439e-01,3.249898160236655009e-01,1.541092634376311776e-01,3.637399425987034030e-02,-1.762465612170991888e-02,-1.602382006942882318e-03,-1.023290579957161633e-01,4.993874154652666597e-01,4.038922500519827041e-01,9.367171188970541129e-02,1.560540744021600146e-01,7.366705856617343506e-02,2.079540913303635705e-02,5.601998610186759153e-02,1.278203044139324396e-01,6.506845873731061103e-02,1.284301835280076722e-02,-8.547351431824558310e-02,5.159237195050780933e-02,1.231654349272898880e-01,1.424295759678256001e-01,-2.527983711821683577e-01,4.033782201269383444e-02,-3.322952247779429463e-02,-1.034065883949821379e-01,-2.163107492546565980e-01,-2.266238128034419042e-01,-2.280105341350654180e-01,-1.569770093352472196e-01,-5.780710969089409429e-02,-8.230739917090451607e-02,-2.597860862534484561e-01,-1.470241532226584380e-01,6.035329701885832482e-02,-3.188338245604271370e-01,9.095237763962096822e-02,-1.578582034924661814e-01,-1.481836192189991686e-01,-1.385987003159158404e-01,3.725743005134888319e-01,2.122216991742283121e-01,5.298087112999236847e-01,3.956894146165375603e-01,1.552300805674272088e-01,1.857456796364533036e-01,2.543945693704640840e-02,-7.478942165063125203e-02,-2.725904557397045361e-02,-8.637325993140598790e-02,1.715383562946249385e-01,2.702862103163100604e-01,5.306450727719508320e-01,3.728371128059927431e-01,7.261117153217247489e-02,8.986866342170783672e-02,9.444159731127564628e-02,7.595197955629555409e-02,3.481389411292735159e-01,2.200906084027273724e-01,4.615455372540289702e-01,3.544417982853816929e-01,4.277169573447919260e-01,2.380159527061549984e-01,3.079518496961039520e-01,1.880491520825168794e-01,1.634298240935488089e-01,1.584680826065414105e-02,5.804673266347117749e-02,-4.644898079074034902e-02,-2.534136611375598092e-01,-2.327658906747241685e-01,-2.388043895836666763e-01,-6.436350341153544707e-02,-1.264320371276471677e-01,-6.470206748246694339e-02,-2.221374523749342078e-01,-1.424620410157231287e-01,-1.378566420782577628e-01,-1.738294611033942283e-01,-1.983691724272802423e-02,-1.126915920936786691e-01,-9.408293582974092129e-02,-1.203440676695274603e-01,-2.832181210621635969e-01,-2.478961489496397663e-01,-3.089822284781854056e-02,-2.004987249738926780e-01,-1.675590689951835799e-01,-1.168703075444906397e-01,-3.092179865641080383e-01,-3.237669658861914712e-01,-6.319939955120935926e-02,-9.750413349627695681e-02,-5.414938096110455401e-02,-9.378302062535412431e-02
2.076193921460865455e-01,1.696600213805529722e-01,-6.713694607478246090e-02,2.146558047892129298e-03,1.688777683216884373e-01,6.942650492888995106e-02,-7.764634586561479368e-02,1.973712586930962964e-01,-1.316434502925332706e-01,-2.173380361274145078e-02,6.728079715606180011e-01,1.000000000000000000e+00,2.384751012407059223e-01,5.957344018971955091e-01,2.120284548415048709e-01,3.827636876893311113e-01,3.970514006735724188e-01,4.030543426252938266e-01,8.194100791606084844e-02,1.609222856321292638e-01,1.016890327657360843e-01,1.614324506705191731e-01,1.529899922624969044e-01,1.351589511934383481e-01,2.301207622484055526e-01,1.208859247784840191e-02,1.917810866360722122e-01,8.805525860343094147e-02,3.579851263701989139e-01,4.571163771480074023e-01,3.830025376845773433e-02,1.738541963779828281e-01,8.161635743708543778e-02,7.625653262466772220e-02,-7.461472877384925373e-02,9.605789291017461859e-03,1.787842457944235908e-01,1.455353988833569534e-01,-3.682077515712696425e-02,1.160524975284049909e-01,2.605528797656951334e-01,2.199932132590347589e-01,-3.722357364425573634e-01,3.151505875787180555e-02,3.064932414727073243e-02,3.902762543682881426e-03,-2.042383893007569673e-01,-2.100326273731370208e-01,-2.763339849532232551e-01,-8.404196030143024077e-02,-4.122210807923636089e-02,8.678757578076508328e-02,-1.596437811268308915e-01,-2.188059200787818570e-01,-4.851592217355041314e-02,-1.840358537805161787e-01,3.741287579259162943e-02,2.979595717396395921e-02,-8.598522531129729196e-02,1.456188804350934674e-01,2.728648626921718057e-01,3.813104903072507823e-01,4.205359979407883864e-01,5.620944284566966598e-01,1.967768391256389734e-02,2.706974342563455704e-01,-2.150345636813509251e-02,5.235452759876910861e-02,2.050476965662028153e-02,-5.121361305836983485e-02,-2.030379555058788726e-02,1.385871056559524230e-02,2.257812675127676416e-01,3.116451353831146132e-01,-9.764326941583784114e-02,8.178177458589672155e-02,-2.143674842447895468e-01,-8.036568011569925063e-02,2.877369465385688496e-01,2.992125679930184856e-01,4.772910854843360196e-01,4.703296516423062790e-01,3.570668293010970662e-01,2.724768280720631375e-01,3.075483555293773708e-01,3.985633443328007730e-01,1.681434398573393163e-01,1.926823782038944166e-01,2.555385758201869292e-02,6.834124475631503381e-02,-4.383577632818762559e-01,-4.612193408203917877e-01,-3.145391625099810962e-01,-2.827821618475395149e-01,-1.796762616342750529e-01,2.434955890048612695e-02,-1.794320007977125986e-01,-1.074755410648071952e-01,-2.663471178380751869e-01,-4.073721939956667093e-01,-1.539778572913792221e-01,-3.921955570808974834e-01,-1.701856459655607667e-01,-2.879379206446012751e-01,-1.215669178070014761e-01,-1.283150099057044913e-01,-4.009974499477853699e-02,-2.066006080239684850e-01,-1.992681450631097473e-01,-6.826394702322564900e-02,-3.383267668909074044e-01,-2.647857036296696331e-01,-1.816829107852754033e-01,-2.095100946974527978e-01,5.860946016036187867e-02,4.000234985108591657e-02
1.160756868483318049e-01,-1.929173633124861287e-01,5.559894534972973368e-01,3.572461600418644356e-01,-8.415481499174073954e-02,3.262350825037354379e-02,7.844398117336413012e-01,4.971983436641753684e-01,5.997909869297263219e-01,4.215114953323763625e-01,6.234518230283860873e-01,2.384751012407059223e-01,1.000000000000000000e+00,5.557807496179559825e-01,6.566790265741876409e-01,4.725017179421179270e-01,2.735790937459177119e-01,-5.408445086530947604e-02,3.687836196827855573e-01,9.297912420122454724e-02,8.216053347803468909e-02,2.305567214630296624e-01,3.834516375138266597e-01,4.290959489031065388e-01,-2.741681024720588056e-01,4.259955368288913941e-02,-1.323530434822937918e-01,-1.563524436518850258e-01,3.425178499790136888e-01,1.268942775715216631e-01,4.320116193952380224e-01,4.392296817111244756e-01,-8.841546603962745221e-02,-1.185383926245594938e-01,-1.158306530344384647e-02,4.825001797172294438e-02,4.691122123461485133e-02,1.552911457765678146e-03,1.248397038260058989e-01,1.016766651284417844e-01,1.482037166296024111e-01,1.931971811062696831e-01,-2.645646321130340484e-01,-2.276348671522510358e-01,-2.766617273415222789e-01,-3.634732654195450552e-01,-2.629491094914659377e-01,-3.363989614276582385e-01,-7.287243787001458639e-02,-2.070396591479161663e-01,-3.601069491435024417e-02,-1.680661421242499176e-01,-4.052897930662387460e-01,-2.470767929788923178e-01,-1.854372616814266728e-03,-2.650175968289377737e-01,-2.360046656911692631e-01,-4.269965424723989322e-01,-3.847316879737868178e-01,-2.660812136362477043e-01,2.362010019332163036e-01,1.343844279078827419e-01,2.371764993248043074e-01,1.539693545407393865e-02,4.009410226026301483e-01,3.251737846284182276e-01,-1.159257292461383926e-01,-2.239895060597557885e-01,-2.697791371872437227e-01,-2.545793109525477105e-01,5.466364277934820937e-01,6.502942338210047080e-01,6.151639600865425050e-01,3.882147238267943390e-01,1.055199084176458302e-01,-1.306834124475631520e-01,3.596192004477084536e-01,3.095426370430834351e-01,4.670870117392067478e-02,-7.821525718115264481e-02,1.587734086522444577e-01,-4.056198543865303929e-02,5.090187130082035605e-01,1.627975286368776586e-01,1.782771726653572530e-01,-1.892086180788576100e-01,2.687603530651256345e-01,-5.669711424373057723e-02,-3.232050113666316837e-02,-2.428223257496527343e-01,1.307808075912557655e-01,1.932311921088290252e-01,1.193299214113947709e-01,3.039215458928236080e-01,-5.301851512600689979e-03,-2.318043068750922642e-01,-3.952426337192809225e-01,-2.362334669811138321e-01,9.265679265424183256e-03,7.728150056543291180e-02,4.526748494046914928e-01,3.316884375731912749e-01,3.606642657990768996e-01,3.363154798759216968e-01,-3.728324749420073858e-01,-2.550446433057457774e-01,1.549123868844298410e-02,1.749487322785284737e-01,-5.739743170552037005e-02,-1.934275283508760657e-01,-3.255108027446879104e-01,-4.986005245424167676e-01,8.341739461806803313e-02,1.548358621286713421e-01,-4.954089011431561662e-02,-2.985864563549944783e-01
