0.000000000000000000e+00,6.074239307379866171e-01,-3.366317418930612204e-01,-3.995556966042526081e-01,1.502298002917881459e-01,7.471192198890840019e-02,-1.382705958368817545e-01,-3.560751525723248601e-01,3.634452006785558464e-01,3.658105568861318435e-01,-2.212612645523060959e-02,-2.632600362109550618e-01,-9.895453995419976889e-02,-3.884275632493053299e-01,3.252296290546109470e-01,-5.951062697921637168e-02,4.471322339145503699e-01,7.995862909799104912e-02,4.329766272668948424e-01,6.145017340618142976e-01,-5.770236238809650642e-02,-5.358810381082629998e-02,-5.962775320841391391e-01,-6.501053679430305321e-01,-2.347479046277417825e-01,-2.394512190945434771e-01,-2.230124500843628510e-01,-4.022817924651075905e-01,3.590478299683325103e-01,2.620727917824420272e-01,-2.042494217891316910e-01,-5.210427659142125023e-01,6.434179853831945017e-02,-1.113201473096356309e-01,-3.270470262951809537e-01,-2.446979262036261260e-01,1.232976170634422358e-01,8.704556507126891274e-02,-2.578215434634202885e-01,-7.414569772300218242e-02,7.997689439689124880e-02,3.394834116838550686e-02,-1.758514483240446735e-01,-3.298028032667486842e-02,-4.603083639086826689e-02,-1.308594508081253049e-01,-2.128752091947514746e-01,5.571144480797463050e-02,-3.441433460657687959e-01,-2.106673911901896928e-02,-3.447871978520008485e-01,-1.066579297653593994e-01,-3.836283559632776008e-01,2.438668551036669851e-01,-3.679521631821803807e-01,3.507051546956658772e-01,6.287304019050706794e-01,5.379427337216231564e-01,3.314169990570539626e-01,5.548427015290338105e-01,2.348848943694933078e-01,3.841900139044587825e-01,6.159446926749302387e-01,4.167022459468160411e-01,-4.627399318247718552e-01,-2.405517033532805493e-01,9.681293365815123175e-02,1.303799867119950495e-01,5.062844044028502744e-01,5.381893152567758243e-01,-2.247841840776823030e-01,-1.999570765475845169e-01,-4.232298071412752410e-02,5.901974707127347931e-03,-1.371038998696314307e-02,-5.300818057074492551e-02,-9.515535778295801383e-02,-3.337298425302918231e-02,1.410309391331745696e-02,4.394197114539405979e-01,6.982138820837965887e-02,3.753496092367616388e-01,3.693471753856832074e-02,3.235857521535929204e-01,-2.905986223398304702e-01,6.946064855510070135e-02,1.336951384623814854e-01,3.728175821767213544e-02,-4.341364737470575497e-01,2.391726732863154181e-01,-4.207023464059599926e-01,-3.312343460680519103e-01,-4.428627202966284315e-01,-2.422960393982497296e-01,-2.316519364641577705e-01,2.779270712278162359e-01,6.585325202231105679e-02,1.429282470564329222e-01,7.150636203192317630e-02,1.114662697008372422e-01,-3.129964451162015604e-01,-1.639561724152889810e-01,3.098045841333914585e-01,3.061378253791761650e-01,-4.129624259969999489e-01,-1.997287603113320209e-01,2.324556096157666119e-01,4.082408462312980268e-01,-1.846142254714159547e-01,1.417181710042946241e-01,1.217450666569251799e-01,-1.886417238789102058e-01,-1.914271819611907954e-01,2.133592396156067938e-01,-1.134343556573338546e-01,-1.383390907077574894e-01
6.074239307379866171e-01,0.000000000000000000e+00,-4.304194854208667209e-01,-2.699497019331535963e-01,-4.011744587192828809e-02,8.685377943281680224e-02,-4.342734634888090750e-01,-2.712922014023183004e-01,2.704930945754345228e-01,2.539766980449280620e-01,-1.940710839769948515e-01,-2.221128841135279752e-01,-2.532780503619954104e-01,-1.600291331517458282e-01,2.848039562637417754e-01,-1.687256985906038708e-03,5.485731376815399241e-01,3.338371511613305587e-01,2.409033103571094347e-01,6.822614266568338692e-01,-1.234962521889819073e-02,6.292167154882885582e-02,-6.065243647671516580e-01,-4.929644351798789237e-01,-2.214188027553203320e-01,-6.505414519542727925e-02,-5.625940377498064859e-02,-3.110009612113546207e-01,9.610058700104340268e-02,3.136220316035334132e-01,-1.500928105500366483e-01,-3.332161309987237141e-01,1.896919785656717428e-01,1.476954900693853157e-01,-1.708147921523143209e-01,-2.891168499665516811e-02,1.790844062293801831e-01,2.461134868683916843e-01,-1.386861313868613110e-01,6.431668375233168082e-03,-6.349474530182265195e-03,6.156547310548895341e-02,-4.358328633824137127e-02,9.793624954051358134e-02,1.302840938927689873e-01,1.290877168148058529e-01,-2.017744737881544959e-01,-2.646185178166574926e-03,-3.683768313816100370e-01,6.359748760813627166e-02,-4.011584765827452270e-01,-2.288938763302274804e-01,-4.636166661719814952e-01,-3.480681021669494030e-02,-2.810230393914002200e-01,3.291612346428791636e-01,8.857414227297946141e-01,9.513047131320649941e-01,5.903116288308610238e-02,6.419133813862905047e-01,4.746466235453401794e-02,2.172497482813495195e-01,6.743571185577720284e-01,6.447947322877971565e-01,-4.303509905499909860e-01,3.914938503021765659e-02,2.576434567991433555e-01,2.746256184516049359e-01,8.147853028272399323e-01,8.238403247570144083e-01,-3.252341953793360108e-01,-2.919913513809707650e-01,-3.170604741214961830e-01,-1.171102470609992480e-01,-3.467278858601471891e-01,2.598923717262305658e-02,-1.009911207815721440e-01,5.738271965734299124e-02,2.021169481425332537e-01,2.489537408473728730e-01,3.071789474164876022e-01,4.823340312199621560e-01,3.307160682117587375e-02,3.388875063072360194e-01,-5.297735787885083925e-01,-7.325069807689234269e-02,6.197187600601841706e-02,1.682896145793615905e-01,-3.470749265392509830e-01,9.822392799819174014e-02,-4.998504528652545909e-01,-6.361826438563525921e-01,-5.608200205941245020e-01,-2.441682325355203076e-01,-1.784907840151236658e-01,6.483039528389981931e-02,1.800250691227405220e-01,-2.847331782305035155e-02,-2.533602442070462812e-01,-3.162431019957122058e-01,-3.352527118260960615e-01,-2.024685551463621114e-01,3.258415165677676639e-01,2.262865049122238237e-01,-4.401548897346737044e-01,-5.115265451872078595e-01,2.765937044081015483e-01,4.205425250405832038e-01,-3.458968147601880205e-01,-3.813109461653146209e-02,3.532280491062560895e-02,-2.438805540778421488e-01,-1.925413651941030591e-01,2.100258225663201583e-01,-3.468922735502489862e-01,-1.597186230704424059e-01
-3.366317418930612204e-01,-4.304194854208667209e-01,0.000000000000000000e+00,7.446739529988195549e-01,-3.903773839069017981e-01,-3.909481744975330519e-01,5.498243106562037408e-01,3.950533004253531377e-01,-7.055314174556894802e-01,-5.969533481434464717e-01,1.646730853971218322e-01,2.430449166531579441e-01,1.268821819726066169e-01,1.462251335079191583e-01,-4.798682158684350330e-01,-4.388032576160588727e-01,-1.786232074321501273e-01,-1.424670482592028664e-01,-1.292749361285329135e-01,-2.247933167271324029e-01,1.258456262600202158e-01,8.907301324919118801e-02,8.408179200847509804e-01,7.649803990511176988e-01,-9.968971823493284756e-02,-2.005233008134907624e-01,-2.787764076266755486e-01,1.000047946409613059e-01,-3.478192374694341615e-01,-2.233092611914911096e-01,2.487962026443586369e-02,8.490395877522037560e-02,9.509142923680731496e-02,8.498158629554623811e-02,4.479267744167090837e-01,2.421088200845226690e-01,2.063681964615549647e-01,6.529159408112988894e-02,-6.095815191705727942e-02,-1.458872254782654365e-01,-1.103201221948496430e-01,2.678377767478178767e-02,-1.497412035462077906e-01,-1.745089488548799139e-01,5.054236521921783715e-02,7.946089970296058014e-02,-3.430451449693942140e-02,1.998452015918207939e-02,9.855270337839534822e-02,-9.352061353139005939e-02,4.244170515697882895e-02,-8.357515828023077964e-02,-2.801668535054533185e-02,5.962935142206767652e-02,-1.608784695506051410e-01,-1.994639134772790978e-01,-2.591777419067602395e-01,-2.949137992050028800e-01,-3.884138642751301940e-01,-6.564251613624999537e-01,-4.162273481754107940e-01,-3.816374383831557249e-01,-5.085858320642755448e-01,-4.073960761571637779e-01,5.163394514474107799e-01,1.336220772667806589e-01,-1.104160150140756913e-01,6.113623858133423322e-02,-2.423006057229747656e-01,-3.287867960154250424e-01,2.623604702401201583e-01,1.018404571804314707e-01,5.128667614940101566e-02,-1.052743333736692044e-01,7.919605286890767093e-02,-1.339554189717093446e-01,1.787921614469769882e-01,3.067451465676078737e-01,-1.834954759137786551e-01,-2.021671777145088167e-01,-1.972127153878293626e-01,-2.494103733198778927e-01,-3.780985367212418846e-01,-4.006881451360650437e-01,1.478804262207498305e-02,2.131994182502300328e-01,-4.246476509684032896e-01,-2.477071341974341756e-01,-1.914089166622905958e-01,2.349145754802061184e-02,1.919705746034717775e-01,4.099577843279169076e-01,1.954546803686850465e-01,2.950507889467543499e-01,2.148524278006981869e-01,5.370682825367760482e-02,2.204849893490475748e-02,6.687154243599724435e-02,-1.331745774437257668e-01,-3.261954067339590396e-02,-1.023381865754619396e-01,1.996009032190306232e-01,-4.474244786969535648e-01,-1.245350910639308334e-01,1.348595512672692565e-01,3.998296760877556033e-01,-3.368235275315133448e-01,-2.113272251129594548e-01,2.511958062873725361e-01,-4.309925591738605205e-02,9.855270337839534822e-02,-6.810901643648584192e-02,-1.671480333980990274e-01,-5.864759160618188832e-02,2.115007454525113517e-01,1.388368201027879723e-01
-3.995556966042526081e-01,-2.699497019331535963e-01,7.446739529988195549e-01,0.000000000000000000e+00,-4.323738724031881975e-01,-4.547168992828586886e-01,3.571482388827116883e-01,7.605921609903445457e-01,-6.942251974364652689e-01,-7.554824436230133111e-01,-3.353965510549351912e-03,5.749801935665050934e-01,2.084298920749151282e-02,4.875624730301446053e-01,-6.240499190618942205e-01,-4.362050188475052881e-01,-2.687898554529908335e-01,1.093657603273141543e-01,-2.107290365739778737e-01,-1.363710047512608770e-01,-1.045985173143617747e-01,4.683450954247709436e-02,7.194769731659927947e-01,8.449550102856464573e-01,-2.390630814929141923e-01,-2.125327348403727168e-01,5.168851272520542939e-02,7.389911618784947289e-02,-4.542465678361785608e-01,-1.468758347812387961e-02,-4.578882118044060728e-02,6.430070161579400090e-02,-1.631479329389550759e-01,-1.073565774482920787e-01,1.769564989075068095e-01,2.419467155567833760e-02,-6.468427289269822189e-02,-2.245878321145051704e-01,-3.044026219836571401e-01,-4.028571493804639081e-01,-1.740842806554502575e-01,-3.879321170166374205e-02,-1.793880668235960096e-02,1.434510912374511657e-02,1.964592718081960843e-01,2.629266945060264038e-01,1.204025671877604203e-01,1.602894136610736875e-01,2.690821002353940283e-01,1.510152081444967875e-01,1.992629951893769014e-01,6.801312361725979361e-02,1.097767295525686748e-01,-1.518554118939060005e-01,-6.824143985351230346e-02,-4.147752569128448363e-01,-2.331542572986992912e-01,-1.417775332257202869e-01,-2.596800376265157584e-01,-4.172913018363474946e-01,-3.371523029117169390e-01,-2.366657610122628597e-01,-4.496300135391528285e-01,-2.335378285756034844e-01,3.043432597622314773e-01,9.684033160650153127e-02,-2.858085477032528132e-01,-1.751299690174867307e-01,-1.970072307752021301e-01,-3.096356301185645976e-01,1.529604624773681643e-01,-1.863745436529228028e-02,-8.141985301000710662e-02,-1.702485678864081031e-01,-1.460607458178173335e-01,-1.335581487206299600e-01,9.474895488242855712e-02,2.434056563064369294e-01,-9.055250246010744519e-02,-4.115103347344339912e-01,1.234894027018943463e-01,-2.226425777816337936e-01,-3.945510047055976188e-01,-5.396140085709915102e-01,1.137311667644621271e-01,-1.125439223359490787e-01,-4.568265413058318902e-01,-4.379813191655498317e-01,9.290415969350827863e-02,-2.307980337405733939e-01,3.025852247430871333e-01,4.128437015541486232e-01,2.825573244990171040e-01,3.034847907139220369e-01,6.421394144601805243e-02,-8.054311866279746657e-02,-1.318960065207117061e-01,-2.289486722269280794e-01,-1.994228165547536624e-01,-2.316062732169072713e-01,-8.760493985008756257e-03,2.320834541506750295e-02,-3.668197146503679451e-01,-3.630159661544011263e-01,2.768494185927043993e-01,1.186993280653167032e-01,-2.607165933391021317e-01,-3.971857740719516028e-01,1.872763927861202105e-01,-5.101726299062304959e-02,-1.197906796746037034e-01,4.707195842817970405e-02,-6.880309779469347131e-02,-6.398562520976554258e-02,2.467162417320983014e-01,2.309121918586996558e-01
1.502298002917881459e-01,-4.011744587192828809e-02,-3.903773839069017981e-01,-4.323738724031881975e-01,0.000000000000000000e+00,2.581959820908744097e-01,-1.810753238095020590e-01,-1.119868307194929608e-01,6.765809186988713808e-01,4.072408211165120528e-01,4.588928032439170551e-02,-7.486261070483504754e-02,2.237727431510836903e-02,-1.426360022740296996e-01,4.867861978268860357e-01,3.185125653840621407e-01,2.323140535492900505e-01,1.286539159659260967e-01,2.432709497270479568e-02,-5.883937724463399882e-02,1.771437182212338701e-01,-4.596005835762998967e-03,-3.697193308507747966e-01,-4.635710029247309683e-01,9.684489793122658119e-02,-1.230738671519147759e-01,1.255054350680039933e-02,-3.711737052757032446e-02,2.700775590254549940e-01,1.189459096004694127e-01,-4.473856649367906335e-02,-6.940585265840010232e-02,3.427026706150154527e-03,-3.019025591966921496e-02,-1.454534246293856803e-01,-5.473881764153894214e-02,3.280675998712296454e-02,8.573502987517951646e-02,9.094977271118681594e-02,1.351746276732977425e-01,2.117838575854644745e-01,-1.284735461392865971e-02,2.114596485299859163e-01,1.615634182593626844e-01,1.021464009370098291e-01,-4.193940943722331005e-02,4.847838644349515558e-02,3.727719189294708552e-02,3.787766359429118115e-03,-2.871989935820306108e-02,4.775690713693722667e-02,2.216950654011858642e-03,1.570381904568379505e-01,3.507165705074784950e-02,1.333709294069028994e-01,8.820997787615671160e-02,1.635885832749224209e-02,-7.287169312471317162e-02,2.262408416649733245e-01,8.033306772544515639e-02,4.673519197970725236e-01,3.760025936724438189e-01,2.719588848121756719e-01,1.116580553392893388e-01,-1.479649032281632748e-01,-7.486261070483504754e-02,7.806132117473270175e-03,-2.804408329889563484e-02,-1.815799026916201098e-02,7.980337405733933798e-02,-2.603923842836235458e-01,-3.356728137008007096e-01,-8.677615191249095361e-02,-5.000353890166191195e-02,1.980118222147131679e-01,2.804864962362068476e-02,2.994664249558778857e-01,3.987086433677557856e-02,-1.976077024765462292e-02,-1.316768229339093099e-01,2.637531992812605086e-01,1.486818162099961538e-01,2.296747178582110582e-01,2.518670560219549159e-01,2.512916991065985428e-01,-6.088052439673142385e-02,4.123962017310937034e-01,1.247908052485336428e-01,2.482642258138902935e-01,-1.331334805212003036e-01,2.137268287559733124e-02,-8.817801360308136216e-02,3.308073947062597359e-02,1.668763370769585710e-02,-1.106648797115909223e-02,-1.371929432017699180e-01,-2.659655836105473056e-02,1.004020648920406628e-01,-4.634134647217167530e-02,-3.856032914068618228e-02,2.456477217464365648e-01,4.063800689058400667e-02,1.131877741221811451e-01,1.916258170867304877e-02,-2.250170666386598628e-01,-2.612919502544584494e-01,-2.135441757669713156e-02,-1.236789051779839214e-02,-1.018906867524070198e-01,-1.004066312167657127e-01,-1.875686375685234053e-01,-2.571594263782880363e-01,1.750386425229857323e-01,-1.464032201721961191e-01,-1.861713422026580467e-01,-1.276767224747653584e-01
7.471192198890840019e-02,8.685377943281680224e-02,-3.909481744975330519e-01,-4.547168992828586886e-01,2.581959820908744097e-01,0.000000000000000000e+00,-4.233416820970389849e-01,-4.401000938379731053e-01,3.687467036843390944e-01,5.794734570959544362e-01,-1.413848292993659661e-01,-3.869115434405887011e-01,-1.555313032975713938e-01,-3.669201737943190156e-01,4.842153570066828339e-01,4.306706332807445081e-01,6.641947628821728844e-02,-2.484057818803668549e-01,2.018247033601300588e-01,2.347296393288415828e-01,4.257390025776903175e-01,4.660322519515330275e-01,-1.885001678124336444e-01,-2.772375561943336564e-01,5.173166449385715460e-01,6.682565087251050029e-01,3.058912438440234971e-01,4.255152526661628576e-01,1.055574455066223133e-01,-1.174435887659279060e-01,5.640849427725354026e-01,3.665137708937895589e-01,2.396064741351951743e-01,2.182269417725102578e-01,1.906098098354068182e-01,3.025806584183621251e-01,3.195628200708237054e-01,2.352958635947478006e-01,4.711648009424894146e-01,5.361436017799533493e-01,2.919091575359198387e-01,2.879958172465518773e-01,-1.656183146152072350e-01,-2.432093043432597690e-01,-2.382913726143807143e-01,-2.507437401395925525e-01,-3.601209162787193385e-01,-3.698152236700008588e-01,-4.240083655068963009e-01,-3.434766626559114244e-01,-3.207409318498866679e-01,-2.524195813136859701e-01,-1.085392555520800772e-01,-2.284418101824474967e-01,-1.045802520154615750e-01,-6.807248583868544256e-02,8.389023468625923796e-02,1.073702764224672285e-01,-3.338919470580311577e-01,1.245944532853564823e-01,-1.736733114301957370e-01,7.457036592243183881e-02,2.572553191975140985e-01,-1.239003719271488529e-01,2.831806278239864388e-02,2.983157111251652505e-01,2.268116322556046061e-01,2.945758911753491582e-01,1.567048487519092925e-01,2.495016998143788911e-01,3.763952975987981397e-01,4.004826605234377834e-01,3.325448812641413343e-01,3.622670888994928839e-01,7.580327359819538646e-02,-6.362031923176153514e-02,1.487503110808718887e-01,-8.011616730100527828e-03,2.897903828634965651e-01,1.163431045071908199e-01,2.151880526679893907e-02,2.863313918842710568e-02,4.189032144642901856e-01,2.487482562347456128e-01,-1.086990769174568244e-01,-9.260734858638001998e-02,3.225354974668313557e-01,3.749112420631568465e-01,-5.618862574174237311e-03,8.230800316902936106e-03,-1.936692474011904308e-01,-1.514124783955761444e-01,-1.344211840936644642e-01,1.289552933977793914e-01,-9.738372424878249944e-02,3.622237088146049167e-02,1.270648349616086137e-01,-3.719271488553365420e-03,-1.086100335853183545e-02,-9.291785866768342839e-02,9.756637723778451010e-02,5.310863971469603068e-02,2.343415017272123257e-01,-3.774067385253967490e-03,-1.852672099070981349e-01,-3.344810029475626112e-01,9.137900723534152225e-02,1.480288317743139737e-01,-5.008573274671281744e-02,-1.481703878407905350e-01,1.035254310039749881e-01,-2.844888798577133171e-01,1.002742077997392650e-01,-5.040286399886755309e-01,-4.204785964944325327e-01,-2.871145165746171735e-01
-1.382705958368817545e-01,-4.342734634888090750e-01,5.498243106562037408e-01,3.571482388827116883e-01,-1.810753238095020590e-01,-4.233416820970389849e-01,0.000000000000000000e+00,4.148711497320708985e-01,-2.999047921294826780e-01,-2.333506092618764516e-01,4.205470913653082676e-01,2.050987581879910315e-01,3.107909102740022966e-01,-1.661000618737000153e-02,-3.052565247072415167e-01,-2.868222717922139786e-01,-2.072586297829397406e-01,-6.436463016194469977e-02,1.886006269563847426e-01,-2.115098781019614516e-01,-2.576845537216688187e-01,-1.884819025135334447e-01,4.529086346917388095e-01,2.700273294534794033e-01,-1.601752555429474256e-01,-3.460794677491900728e-01,-4.202091833356545458e-01,-2.329807369591473665e-01,1.125439223359490787e-01,-1.807008851820479378e-01,-1.469648781133772730e-01,-1.013883910326515009e-01,-3.541184824276408585e-03,6.803138891615999329e-02,6.643317526239243820e-02,-1.212610362360698607e-01,-4.383900052284418064e-02,-9.331512891876279914e-02,-9.599556153236725453e-02,-9.928331533440337697e-02,-4.880716182369877060e-02,-7.365253465269676336e-02,-1.543805894668587586e-01,-1.301608031251926534e-01,-2.440951713399195089e-01,-6.807248583868544256e-02,-3.619497293311019215e-02,-1.022788243540362907e-01,1.655041564970809731e-01,-9.583574016699049347e-02,2.193685229537728210e-01,4.551484169693759130e-02,2.255376276573155814e-01,2.245923984392302064e-01,5.087114059942144523e-02,-2.048704419517385078e-01,-4.444015717289703793e-01,-4.543196290317793595e-01,8.845199308658437121e-02,-4.730369940797600203e-01,2.812787535760030710e-01,-4.378877095086863153e-02,-5.024897885563336386e-01,-2.528031525905901633e-01,2.128615102205763110e-01,-1.114023411546865294e-01,-2.948909675813776166e-01,-3.680206580530561156e-01,-4.773613035943825023e-01,-4.524200379461584820e-01,3.894846674231544625e-02,9.443387847640009880e-02,1.649698965042501186e-01,-1.469694444381023368e-01,3.337686562904547682e-01,2.174963298165022429e-01,3.752833975282484497e-02,1.055711444807974630e-01,-2.922607645397486964e-01,-8.100888378475258611e-02,-4.820052558397585063e-01,-3.159097602907835478e-01,-1.619926527835174046e-01,-1.333754957316279632e-01,1.378276623385518707e-01,-1.468073399103630430e-03,-2.293779067510827996e-01,-2.280217083077428764e-01,-4.634819595925925234e-04,-9.890431038222420590e-02,4.303692558488911857e-01,4.385155791583806861e-01,3.440428869218176700e-01,2.475199148837071150e-01,1.124251978930977669e-01,8.837436556625850870e-02,3.070853377596240857e-03,2.863313918842710568e-02,3.263323964757106066e-02,2.633011331334805250e-01,2.212772466888437706e-01,3.549381377157873607e-01,-2.969914769549006905e-01,9.858466765147069766e-02,7.731016075746194316e-02,3.705138713529335104e-01,-1.717554550456746598e-01,-1.728970362269371952e-01,1.942035073940213130e-01,2.742762946101386101e-02,-6.476646673774912044e-02,1.802100052741050645e-02,2.807604757197098427e-02,-4.010831322247818825e-02,1.945368490989499710e-01,7.666174264650482684e-02
-3.560751525723248601e-01,-2.712922014023183004e-01,3.950533004253531377e-01,7.605921609903445457e-01,-1.119868307194929608e-01,-4.401000938379731053e-01,4.148711497320708985e-01,0.000000000000000000e+00,-3.392117153627146053e-01,-5.260063608903420285e-01,2.282865551417957994e-01,7.378792618079449417e-01,1.752578261097881562e-01,5.851493987291918053e-01,-3.914504702172885708e-01,-3.345220998700880743e-01,-3.033341019979953757e-01,2.504743269808145656e-01,-1.028541812693926083e-01,-1.246675144809572811e-01,-3.321521773377870135e-01,-1.737235410021713000e-01,4.530958540054658701e-01,5.758980248362401966e-01,-1.558098491057994528e-01,-2.928132898314798060e-01,2.480655906883506151e-02,-1.351426634002223792e-01,-2.704109007303836520e-01,-1.645018482199324741e-02,-2.351771391518965026e-01,-8.412311724723679773e-02,-2.867583432460632520e-01,-1.354714387804260012e-01,-5.753340837326964552e-02,-1.445310270349255410e-01,-3.324078915223898090e-01,-4.456070814563836135e-01,-3.858795540527273360e-01,-4.857587747637497899e-01,-2.362867560600837025e-01,-2.991376495756742915e-01,7.375756012137291151e-02,1.545404108322355197e-01,7.578044197457013686e-02,2.128341122722260115e-01,1.346631993040921238e-01,5.337348654874893988e-02,3.192020804175447202e-01,1.041966807385573679e-01,3.540614033685777762e-01,8.426010698898830920e-02,3.578286212667441402e-01,-2.912105098529871872e-01,7.406807020267631991e-02,-5.837338380644262470e-01,-3.605364518286988673e-01,-2.412320857373130290e-01,2.997563865759185833e-02,-2.642874592740913631e-01,1.312338894355794261e-01,1.243204738018534733e-01,-3.551344896789645489e-01,-4.250563370312952782e-02,1.078588731680475976e-01,4.751945825123461697e-02,-3.890211854635618471e-01,-4.061951327544755519e-01,-3.183436113692352798e-01,-3.650388480075983377e-01,-3.298484665139991834e-02,-9.052053818703209576e-02,-8.344730118792938189e-02,-1.891211879750404612e-01,-9.620104614499451479e-02,4.366091385856722684e-02,1.841575929989109350e-01,2.760640107399957577e-01,-2.128135638109632938e-02,-4.050855158462883798e-01,2.559447840014246744e-01,-1.700293842996057070e-01,-3.675640255805511236e-01,-4.314560411334531498e-01,2.034046517149974143e-01,-2.694885031359234850e-01,-3.234898593343668582e-01,-5.524271157494823337e-01,3.690115505183920175e-01,-4.600366675875421363e-01,5.394815851539650486e-01,3.737742272066193472e-01,4.836354337666014525e-01,1.823447620830660199e-01,-5.704481162768928332e-02,-2.002219233816374400e-01,-2.469947875403263604e-01,-3.957428154588357172e-01,-1.470653372573283713e-01,-1.825685119945934798e-01,2.787718413019504848e-01,-3.440497364089052656e-02,-3.418875816515939969e-01,-4.551552664564635364e-01,3.373349559007189913e-01,-4.930032489400418966e-02,-1.754404790987901530e-01,-5.241067698047211509e-01,1.816735123484836401e-01,6.419110982239280283e-02,-3.381249300781526412e-01,1.381427387445803567e-01,6.384406914328898119e-02,-1.133704271111831557e-01,2.227521695750349917e-01,2.938726771676914429e-01
3.634452006785558464e-01,2.704930945754345228e-01,-7.055314174556894802e-01,-6.942251974364652689e-01,6.765809186988713808e-01,3.687467036843390944e-01,-2.999047921294826780e-01,-3.392117153627146053e-01,0.000000000000000000e+00,7.595008093810574623e-01,-2.799385372692008225e-02,-3.237364408695195817e-01,-1.153659110160300816e-01,-3.755779254730141625e-01,7.250981189025295093e-01,5.312713332983248771e-01,2.932196927320092628e-01,7.468909036528315060e-02,1.506544684912178023e-01,1.250693510567617017e-01,5.414976175200746783e-02,3.883659178655171629e-03,-5.857247556445481784e-01,-7.577062437641127746e-01,1.272383553011605384e-01,1.534970056325615437e-02,-2.542757923144188525e-02,-1.262565954852747363e-01,2.825710234731922399e-01,1.325124603585934868e-01,-9.386308788576881723e-02,-1.194847359180253449e-01,1.631570655884051757e-01,1.639927030130893804e-01,-9.941117242670477472e-02,1.293411478370461339e-02,8.103628173310288563e-02,8.970316606124811853e-02,6.567973168275915985e-02,2.302044115263168766e-01,1.347499594738680584e-01,2.349602387274566176e-02,1.315786469523207158e-02,2.692076741653329219e-02,-2.215603588217968933e-01,-2.074321501224916653e-01,-1.818789969611109003e-01,-2.206151296037115184e-01,-2.848039562637417754e-01,-2.143775300292929675e-01,-1.776323149668142254e-01,-1.576318126710944678e-01,-4.969759514508355347e-02,-7.466169241693285108e-02,-1.093406455413263763e-02,1.216902707602245670e-01,1.971624858158538274e-01,1.566135222574082941e-01,2.368301487023646845e-01,3.527600008219384242e-01,4.668633230514921406e-01,5.290703647808506771e-01,4.281454557077917222e-01,3.912632509035615103e-01,-1.444533995145996785e-01,7.610008470532364511e-02,1.624492852560224243e-01,7.616401325147435786e-02,1.253844274627901600e-01,2.504012657852137669e-01,-2.671870754744982146e-01,-1.885138667866088080e-01,-6.250156967412423548e-02,6.190338113514266133e-02,1.366449842347638999e-01,1.958062873725139319e-01,-3.821785478630741750e-02,-1.756916269586679125e-01,1.241355376504889307e-02,2.087883485658315608e-01,1.581843379628255497e-01,2.743699042670021404e-01,2.935165038391375214e-01,4.768635741993520472e-01,7.847913988707479194e-02,1.482457321987538414e-02,4.741100803901467931e-01,2.341405834393101293e-01,4.725004509245665785e-02,-1.232199895431163733e-01,-1.643625753158184377e-01,-2.811417638342515457e-01,-1.725773934961837008e-01,-7.049263794296203867e-02,-2.627029445944989439e-01,4.225905216797681829e-02,4.469746957115361408e-02,7.388998353839937305e-02,5.723888042850391530e-03,-9.655493631118589049e-03,1.055848434549726128e-01,1.654607764121929919e-02,2.273641575473356602e-01,1.196993531801026911e-01,-3.060556315341252942e-01,-3.273347047528590847e-01,2.130441632095783355e-01,2.143273004573174323e-01,-2.259622958567452655e-01,-5.723888042850391530e-03,-1.261652689907737379e-01,-2.159209477863599236e-01,1.083360541018153420e-02,-1.205075926564365824e-01,-2.288756110313272807e-01,-1.679197422766325054e-01
3.658105568861318435e-01,2.539766980449280620e-01,-5.969533481434464717e-01,-7.554824436230133111e-01,4.072408211165120528e-01,5.794734570959544362e-01,-2.333506092618764516e-01,-5.260063608903420285e-01,7.595008093810574623e-01,0.000000000000000000e+00,4.975695736650920242e-02,-5.694092774019439140e-01,-1.589149499188335646e-01,-6.515254949325210987e-01,8.356168762229188030e-01,5.830808536287440669e-01,2.803380906826427044e-01,-1.159595332302865989e-01,4.272458897369568742e-01,2.568991458689601770e-01,1.591113018820107250e-01,5.188943101310763278e-02,-4.788407928052987872e-01,-7.299018925132823021e-01,3.064894323830050782e-01,2.324647422652167117e-01,-8.574872884935466621e-02,-4.374310770361812539e-02,2.807262282842719614e-01,-8.862094710141121823e-02,1.183248894378625959e-01,-4.332300582891351198e-02,2.746027868279796724e-01,2.705661557710353216e-01,4.435042889204979938e-02,1.232976170634422358e-01,2.029708508661176303e-01,1.664128551173659487e-01,1.903814935991543222e-01,4.306751996054695164e-01,2.244234444244033455e-01,9.592706666149149186e-02,-2.761096739872462291e-01,-2.640317450894885676e-01,-4.690186283217158691e-01,-3.974369219318293345e-01,-4.719639077693731921e-01,-4.308076230224959779e-01,-5.145768501035413722e-01,-4.285290269846959710e-01,-3.397596743297205957e-01,-3.073935646785649900e-01,-1.459602866738662352e-01,-7.742203571322567833e-03,-6.389886503998959411e-02,1.137220341150120273e-01,1.852078476856724720e-01,1.798515487831886250e-01,5.906541031852397851e-03,3.411661023450360819e-01,2.560863400679012636e-01,4.139396194881606594e-01,3.728929265346846433e-01,2.075919714878684263e-01,-1.250556520825865381e-01,1.506133715686923669e-01,2.281221674516940023e-01,1.638694122455130187e-01,1.764131062652258275e-01,3.131288685332280219e-01,-9.080365031998520464e-02,1.894339812187064223e-02,1.852763425565482347e-01,1.932993750984613734e-01,1.901942742854272617e-01,2.129300050914520737e-01,-7.486489386719757597e-03,-1.098360917739943238e-01,6.313628881090621592e-02,3.701303000760293171e-01,-7.234656578133240312e-02,1.701663740413572046e-01,3.999301352317067293e-01,6.210224457691859712e-01,-1.538828600718282757e-01,8.644737653228734553e-02,5.076953987428908244e-01,4.584567192326747809e-01,-1.181239711499603856e-01,4.966106454728315411e-02,-2.159894426572356863e-01,-3.129827461420264245e-01,-2.077289612296199239e-01,-4.621805570459532053e-02,-7.864352757717658904e-02,6.055631534125286569e-02,2.221037514640778754e-01,1.819931550792371622e-01,2.871989935820306108e-02,8.671222336634025474e-02,4.097591492023772153e-02,1.365125608177374383e-01,2.477117005221592394e-01,2.356292052996764863e-01,-3.955327645214833931e-01,-2.719680174616257440e-01,1.211331791437684491e-01,3.370609764172159406e-01,-2.430220850295327084e-01,-3.621323823201039183e-02,6.174812609449095713e-02,-2.802513305128667698e-01,3.391637689531015742e-02,-3.018135158645536831e-01,-4.255152526661628576e-01,-2.741918176027252074e-01
-2.212612645523060959e-02,-1.940710839769948515e-01,1.646730853971218322e-01,-3.353965510549351912e-03,4.588928032439170551e-02,-1.413848292993659661e-01,4.205470913653082676e-01,2.282865551417957994e-01,-2.799385372692008225e-02,4.975695736650920242e-02,0.000000000000000000e+00,1.576592106194447673e-01,7.794282504811764767e-01,8.593138183835667687e-02,1.605907910929269822e-01,-2.493441616113646619e-02,-9.345211866051431060e-02,-5.376162415037820386e-02,3.712718812572918248e-01,1.319827666904876684e-01,-9.503206701538166601e-02,-1.766048919036779519e-01,1.241469534623015625e-01,8.112075874051631261e-03,-1.442113843041720189e-01,-2.921329074474472987e-01,-4.106701309850247505e-01,-9.586998760242836787e-03,9.070775750075915633e-02,-2.798403612876122493e-01,-2.823198756133145082e-01,-1.665407122096673742e-01,-2.696848550991006732e-01,-1.564354355931313334e-01,-1.703353280561840655e-01,-2.220489555673772764e-01,-1.440835272118706212e-01,-1.706412718127624240e-01,-7.254748406923461346e-02,-9.737915792405744952e-02,2.730890501816255617e-02,-1.400697277785515060e-01,-2.074504154213918650e-01,-1.688421398710926447e-01,-2.968773188367744287e-01,-2.056878140775224850e-01,-6.522309921025414015e-02,-9.277630260120688088e-02,-5.755623999689490206e-02,-1.642073202751667405e-01,3.331362203160353336e-02,-8.726931498279637267e-02,1.199961642872309636e-01,-1.803013317686060629e-02,4.475683179257926303e-02,-1.491612803061264092e-01,-2.183365335659114836e-01,-2.446339976574754271e-01,7.850653783542509145e-02,-1.333800620563530270e-01,2.119482452755662716e-01,1.698832619084040818e-01,-1.454031950574101173e-01,-9.766683638173560833e-02,-9.408227147257122724e-02,-1.945916449956505700e-01,-3.802355766925653580e-01,-3.809798876227485365e-01,-1.971350878675035279e-01,-1.385354426709346498e-01,-1.178408590170072767e-01,1.901349120640015988e-01,1.952537620807828500e-01,2.364671258867231951e-02,6.001292269897189058e-02,-3.396660646728570654e-02,2.474011904408558171e-01,2.294327026477833986e-01,-5.495800122834135215e-02,1.410423549449872083e-01,-1.748377242350835359e-01,-1.068862460016119093e-01,-3.113160376173830790e-01,-4.543721417661174267e-02,-2.517483315791035903e-01,-1.203021080438093221e-01,-1.274073093159873993e-01,-1.638237489982625195e-01,-3.947816041042126467e-02,-5.958825449954222725e-02,2.612051900846825148e-01,2.395334129395943756e-01,1.472616892205055317e-01,-5.053779889449278723e-02,3.924071152471865498e-02,-9.952989686955608650e-02,-1.053679430305327382e-02,-2.063750459486425604e-02,2.258390050891689038e-01,2.794750553096082557e-01,1.203066743685343720e-01,4.783225149490056075e-03,-1.042377776610828172e-01,2.666505323193048282e-02,2.017173947290913649e-02,2.423576847820379035e-02,-6.357922230923607199e-02,-1.410788855427876076e-01,2.548397334179625662e-01,6.107687635990858427e-02,-3.660137583363965580e-02,-7.723253323713609453e-02,9.003194144145172662e-02,-2.148478614759731509e-01,-1.157997118649098517e-01,9.922395311297772802e-02
-2.632600362109550618e-01,-2.221128841135279752e-01,2.430449166531579441e-01,5.749801935665050934e-01,-7.486261070483504754e-02,-3.869115434405887011e-01,2.050987581879910315e-01,7.378792618079449417e-01,-3.237364408695195817e-01,-5.694092774019439140e-01,1.576592106194447673e-01,0.000000000000000000e+00,2.669861571865960181e-01,8.059996940562433876e-01,-4.715986017913691986e-01,-2.389763213231382577e-01,-2.930142081193820025e-01,3.194075650301719804e-01,-1.683900737233126887e-01,-1.167403747582701906e-01,-3.895052158844171664e-01,-1.446269198541515755e-01,2.653148823372276643e-01,4.603426113441205225e-01,-1.131101466018552965e-01,-1.496179127786314289e-01,2.338255070332816710e-01,-1.065483379719582013e-01,-2.823838041594651793e-01,1.683215788524369261e-01,-1.817146092710090755e-01,-5.465662379648803665e-02,-3.727148398704077104e-01,-3.293119233588058248e-01,-2.744475317873280029e-01,-2.583010075595505994e-01,-4.503469265209856798e-01,-4.413969300598873380e-01,-3.184212388895611423e-01,-4.363876718365072849e-01,-3.362025073689065002e-01,-3.281292452550177985e-01,2.509537910769448765e-01,3.453671210920822299e-01,3.190605243510681865e-01,2.616115929852119715e-01,3.606323446479249295e-01,2.152907949743030069e-01,4.668724557009422682e-01,3.115443538536356027e-01,4.499405236204562231e-01,2.968818851614994925e-01,3.893179965706901058e-01,-1.993223574108025642e-01,2.279851777099424770e-01,-4.021493690480811289e-01,-2.846030379758395790e-01,-1.770569580514579078e-01,2.487025929874951136e-01,-1.852169803351225719e-01,1.831393025852247336e-01,1.004340291651160122e-01,-2.523099895202847720e-01,7.913669064748200810e-02,-7.178947416487628519e-02,-5.148302811257816913e-02,-2.802011009408912345e-01,-3.820347086342351095e-01,-3.133434857953053543e-01,-3.719157330435239328e-01,-6.267052368895109637e-02,-2.164415088050156422e-01,-2.549036619641132373e-01,-2.972106605417030867e-01,-1.901668763370769621e-01,5.325019578117258512e-02,6.628248654646577698e-02,1.321791186536648288e-01,1.808515738979745990e-01,-2.831007171412980861e-01,2.595613131836644327e-01,-4.065170586475916337e-02,-3.427186527515531100e-01,-4.364652993568331474e-01,3.010920365579957680e-01,-2.790412544607284717e-01,-1.714906082116217645e-01,-4.115194673838840633e-01,4.040306948348018068e-01,-4.979051985323832419e-01,3.550522958339136226e-01,1.920116715259972406e-01,3.375084762402708605e-01,-9.176029534988321482e-03,-2.406612951466817751e-01,-1.157677475918345023e-01,-3.341385285931838256e-01,-3.744637422401019267e-01,-1.795136407535349032e-01,-2.430768809262333074e-01,2.328848441399213320e-01,-2.641367705581647018e-01,-3.455908710036096898e-01,-5.048871090369849712e-01,3.365632470221854855e-01,-1.069090776252371588e-01,-2.567872709131964470e-02,-4.454563927404569523e-01,1.619150252631915421e-01,1.192929502795732344e-01,-4.297665009851845408e-01,2.442732580041964419e-01,-4.454449769286443657e-03,-5.735988803371774164e-02,3.546184949850338941e-01,1.208363680366401904e-01
-9.895453995419976889e-02,-2.532780503619954104e-01,1.268821819726066169e-01,2.084298920749151282e-02,2.237727431510836903e-02,-1.555313032975713938e-01,3.107909102740022966e-01,1.752578261097881562e-01,-1.153659110160300816e-01,-1.589149499188335646e-01,7.794282504811764767e-01,2.669861571865960181e-01,0.000000000000000000e+00,3.001559399893604652e-01,-1.054250220895958517e-01,-1.443301087470233168e-01,-1.014979828260527128e-01,-2.299829447771519278e-02,9.953902951900618634e-02,3.938455075355774132e-03,-1.415309516905675635e-01,-1.289324617741541557e-01,1.104160150140756913e-01,1.028633139188427081e-01,-5.527307763436981047e-02,-1.851165211911714736e-01,-2.620727917824420272e-01,9.291785866768342839e-02,6.339656932023407521e-02,-1.172563694522008593e-01,-1.698969608825792454e-01,-1.012970645381505025e-01,-3.463169166348926686e-01,-3.045167801017834019e-01,-3.109735632630043489e-01,-3.108868030932283588e-01,-2.604745781286744721e-01,-2.460997878942165207e-01,-1.629949610606658966e-02,-1.911988657249382995e-01,-2.703492553465954712e-02,-1.450652870277563955e-01,-5.878914767265844277e-02,-4.419974017612314510e-02,-1.197769807004285536e-01,-4.132295559934153623e-02,2.477071341974341756e-01,1.347499594738680584e-01,1.376176114011995744e-01,9.341558806271389737e-02,1.639287744669386537e-01,1.336083782926055230e-01,1.650429576998509174e-01,-8.125774848226782754e-03,1.289872576708547547e-01,-1.222884592992061481e-01,-2.759635515960446317e-01,-2.941786209242697736e-01,1.438004150789174984e-01,-1.937879718440417565e-01,1.196673889070273417e-01,5.294425202459422664e-02,-1.342476637541125395e-01,-1.391884271066168299e-01,-1.522115852224599220e-01,-2.762877606515232176e-01,-3.582258915178235248e-01,-3.677238469459278569e-01,-2.404649431835046147e-01,-2.162634221407386814e-01,4.692583603697809969e-02,2.607896545347029305e-01,2.307615031427729946e-01,1.213706280294710588e-01,2.135898390142218148e-02,-1.767281826712543136e-01,8.704556507126891274e-02,4.608106596284381601e-02,-1.983383144325542510e-02,1.643191952309304427e-02,-3.998502245490183349e-02,-5.468402174483834310e-02,-4.062499286511761509e-01,-2.651002650751502765e-01,-1.180280783307343373e-01,-1.992173319421264022e-01,-2.938315802451659797e-01,-3.563856626536283101e-01,4.820440695999214653e-02,-5.399450671135576363e-02,1.908518250458344778e-01,3.070236923758359326e-01,1.796004009233108656e-01,-8.429207126206365863e-02,4.567922938703940228e-02,2.639107374842747031e-02,-1.614629591154115862e-01,-6.510894109212787828e-02,2.262591069638735242e-01,2.260079591039957647e-01,1.457342535999762469e-02,-1.297954971471886321e-01,-1.545860740794860189e-01,-1.087949697366828866e-01,1.706458381374874600e-01,8.337423999232856930e-02,-4.740530013310836899e-02,-2.458258084107134978e-01,3.118822618832893245e-01,1.547413291201377161e-01,-8.366191845000674199e-02,2.116719826297007445e-02,3.661050848308975564e-02,-6.602677236186296761e-02,8.570763192682921694e-02,1.504307185796903701e-01
