0.000000000000000000e+00,2.981768622369185273e-01,4.117699629116582799e-02,-1.606506099468251458e-01,7.976674560972339678e-02,3.916171410697528998e-02,3.435810357924840019e-01,-5.923857187541892166e-02,6.636132088118325278e-02,5.108360516555699588e-02,5.987890432995218726e-01,1.035703114527011942e-01,4.448679565664238611e-01,1.011260556771973740e-01,3.541266365789356302e-02,-9.716251843245900244e-02,1.333392912998793423e-01,-1.244246838554001477e-01,3.188256847937798732e-01,5.447964609678716819e-02,-1.239957102640868725e-01,-1.405916260780195604e-01,-2.584208409669779827e-01,-4.853523392466151387e-01,-2.945350551856651400e-01,-2.694713794182045929e-01,1.136020376245587410e-01,1.738772956789847723e-01,1.068993252602886690e-01,-2.121765941284239620e-01,-2.298985656195540461e-01,-3.769069216676348422e-01,-1.836900665802761456e-01,-2.703248581259216077e-01,-4.520264533714642985e-01,-3.833996157111577707e-01,-3.313016667411412541e-01,-1.655972116716564746e-01,-3.149917333214173887e-01,-7.864515840743553643e-02,7.244291523303096614e-02,-2.003708834174895981e-01,2.558023146700031392e-01,3.278385986862683565e-01,-1.348675097189329375e-01,1.124804504222708806e-01,1.030698422628356925e-01,2.555967648241655107e-02,1.257116046293400013e-01,1.992939809642968740e-01,2.092050583135975639e-01,3.118772063094865654e-01,-8.645605254926493066e-02,1.016399302917914138e-01,-3.928683140444166333e-01,-1.117252781625631131e-01,5.582510389204164980e-01,3.804459537959694604e-01,4.588185352339246847e-01,2.139327047678627192e-01,5.595826444434514046e-01,4.253094418874837912e-02,4.126636578935609090e-01,1.156620045578444084e-01,-3.750927208543723967e-01,-5.386344340676526565e-01,-3.344340676527101097e-01,-3.532865632959470981e-01,8.422181509450824000e-02,-3.771839671120246623e-02,1.934939005317485028e-01,1.356405558782787513e-01,3.391170293578801287e-01,3.017069574154341294e-01,1.503194959560301969e-01,2.546137003440725535e-02,1.702220832030028053e-01,2.218731846820680143e-01,-2.346485544483667696e-01,-1.773001474596720139e-01,-1.896063273604718658e-01,-3.532820948210375622e-01,-2.810223870592966633e-01,-3.790339157245631863e-01,-2.243174404575718102e-03,-3.075427856472585653e-01,-1.925733947003887558e-01,-1.046382769560748882e-01,-9.370391885249564068e-02,1.067831449126413201e-01,-4.428079896331382215e-01,5.064569462442468362e-02,-1.624022521113543949e-01,-1.468743018007953871e-01,-2.755931900442378790e-01,-4.353813843335269662e-01,-2.797220608606282855e-01,-1.607667902944724947e-01,2.359086643728495469e-01,3.765628490996023037e-01,-7.867196925689262654e-02,2.261495151704723261e-01,-2.596541400420036561e-01,-7.796148174627999528e-02,-2.905581125161982303e-01,-3.405871576031100495e-02,-1.308235399258233234e-01,5.500692613610974266e-03,-2.813039009785959776e-01,-2.509316770186335588e-01,-2.463112739621967084e-01,1.017024889405246033e-02,2.428928906564189749e-01,3.130166674114125136e-02,-3.345994012243621030e-01,-2.656508333705706049e-01
2.981768622369185273e-01,0.000000000000000000e+00,-1.031368693864783970e-01,6.268823450556325338e-02,3.249385584699941987e-01,2.305688368559810630e-01,-1.016846150408865501e-01,4.116448456141919010e-01,5.869341793645828365e-02,2.698467313106037158e-01,2.021493364314759511e-01,5.695294695920282146e-01,-2.259707761740917947e-02,4.961258322534519150e-01,8.710398141114437942e-02,3.383439831985343149e-01,1.496715670941507759e-01,4.577863175298270693e-01,1.750748469547343533e-01,5.728718888243442553e-01,2.929532150676973992e-02,1.635059654140041951e-01,-2.240314580633629704e-01,-3.304437195585147036e-02,-5.270566155771035100e-02,1.384288842218150961e-01,1.383752625229009436e-01,1.505116403771392941e-01,9.710442825863532801e-02,2.762858036552124918e-01,9.768979847178158038e-02,1.909424013584163637e-01,9.397202734706644467e-02,2.369498190267661786e-01,-4.613968452567138723e-01,-2.951651101479065287e-01,-2.261495151704723261e-01,-4.845167344385361424e-02,-5.036864918003485653e-02,-4.726305911792304942e-02,1.306492694043522862e-01,2.532686893963090324e-01,-2.792707448947674420e-01,-1.041869609902140448e-01,-2.309441887483801858e-01,4.088207694713794083e-02,-1.563206577595066815e-01,-2.382367398007060322e-01,-5.662451405335359317e-02,6.792081862460341846e-02,-2.015460923186916387e-01,-5.665132490281066940e-02,-1.919790875374234873e-01,-2.978193842441574923e-01,-1.230260512087224672e-01,-5.630278385986862760e-04,3.051610885204879553e-01,6.653871933509093450e-01,2.604674024755351119e-02,1.339559408373922067e-01,-9.971848608070066344e-02,2.100004468474909458e-01,1.072031815541355793e-01,4.307609812770901159e-01,-5.393449215782653017e-01,-1.422538987443585368e-01,-2.310112158720228903e-01,-1.454086420304749883e-01,2.853970239957102639e-01,2.116627195138299222e-01,2.555833593994369934e-01,2.804146744716028428e-01,1.881049197908753745e-01,4.402296796103489784e-01,4.714062290540238509e-01,2.503194959560302024e-01,4.463559587112918281e-02,6.044059162607801766e-02,-1.007462353098887292e-01,-9.535725456901560093e-02,-9.212207873452790685e-02,-4.312078287680414651e-02,1.797220608606282799e-02,1.798114303588185456e-02,-1.498994593145359377e-01,-2.153670852138165337e-01,1.371017471736896143e-01,1.405156620045578397e-01,-1.263908128155860344e-01,-1.406944010009383850e-01,-1.160239510255149931e-01,-3.338576343893829290e-01,-1.181151972831672586e-01,-1.352294561866035083e-01,-8.441842799052683144e-02,-1.338084811653782458e-01,-1.805800080432548305e-01,-8.576343893829035947e-02,3.370034407256803366e-01,1.577371643058224360e-02,3.540774833549309442e-01,2.726484650788685848e-01,1.034451941552348153e-01,1.204432727110237300e-01,-1.810804772331203460e-01,-1.300907100406631101e-01,-1.095267885070825287e-01,-9.586666070870011880e-02,-1.267125430090710048e-01,-1.476920327092363372e-01,-2.521962554180258165e-01,-8.570088028955717696e-02,-7.267974440323517193e-02,-1.003708834174896064e-01,-3.559721167165646460e-01,-1.132266857321596182e-01
4.117699629116582799e-02,-1.031368693864783970e-01,0.000000000000000000e+00,5.756691541176995885e-01,-6.064614147191563220e-02,-1.857991867375664852e-02,6.949014701282452133e-01,1.480271683274498318e-01,1.962241387014611871e-01,-4.619062513963984040e-02,6.339872201617588465e-02,5.249117476205371335e-02,2.689083515796058532e-01,3.472005004691898489e-02,2.226060145672281998e-01,2.051923678448545618e-01,-1.492917467268421172e-01,5.926091424996648982e-02,4.383618570981723805e-01,5.489521426337191229e-02,-3.962196702265517040e-02,1.513472451852182765e-01,6.609678716654006081e-01,4.896376066848384667e-01,3.509048661691764326e-01,2.180839179588006660e-01,5.095848786809062392e-02,2.357969525001117062e-01,1.245766120023236029e-01,2.517985611510791324e-02,5.402564904598060602e-01,3.609008445417579147e-01,4.504446132534966063e-01,2.082577416327807407e-01,3.436659368157647942e-01,2.188748380177845398e-01,-1.700299387818937358e-01,7.431520622011707211e-02,4.705750927208543488e-02,4.286161133205237256e-02,3.896063273604719046e-02,-9.576835426069083002e-02,-4.151749407927074476e-01,-4.339157245632065951e-01,-2.913624379999106284e-01,-3.741900889226507099e-01,-5.645649939675588813e-01,-4.684659725635640370e-01,-3.677688904776799661e-01,-3.146521292282943860e-01,-3.456231288261316648e-01,-2.434827293444747354e-01,-1.934894320568389947e-01,-1.832342821395057941e-01,-2.850618883774967416e-01,-2.304660619330622384e-01,3.877742526475713714e-02,1.384378211716341123e-01,-2.611823584610572513e-01,-1.487823405871576132e-01,1.333392912998793492e-02,-3.253049734125743053e-02,-1.232673488538361811e-01,-1.564010903078779102e-01,3.721748067384601510e-01,2.772465257607578670e-01,3.744626658921310081e-01,2.125027927968184405e-01,3.332007685776844363e-01,4.235220519236784220e-01,1.882255686134322314e-01,1.564725859064301228e-01,4.997542338799767364e-02,-6.824254881808838880e-02,-2.752982707002100127e-01,1.647660753384869725e-01,-6.655793377720184423e-02,1.306269270298047180e-01,3.438938290361499839e-02,2.099334197238482413e-01,-1.922114482327181850e-01,2.150319495956030114e-01,4.388042361142142217e-02,1.475401045623128959e-01,-1.909602752580544238e-01,1.359354752223066176e-01,8.362750793154295759e-02,4.931855757629921011e-01,-1.361544304928727911e-01,-5.193708387327405224e-02,-4.119487019080387835e-01,-2.531837883730283026e-02,9.090218508423075772e-02,-1.524777693373251808e-01,1.486214754904151281e-01,-7.422583672192679949e-02,-2.072344608785021691e-01,1.022208320300281581e-01,-4.273425979713124101e-01,-2.372447383707940449e-01,-3.473926448902989184e-01,2.518745252245408461e-01,-4.719603199428035190e-02,2.405692837034719977e-01,-7.419008892265069322e-02,3.077528039680056948e-01,8.209928951248939011e-02,-8.312257026676794780e-02,3.584610572411636026e-02,-8.717547700969659197e-02,-2.097725546271057562e-01,-4.570311452701192878e-01,-5.201170740426293015e-01,-2.731489342687341004e-01,-3.045712498324321671e-01,2.999240359265382613e-02
-1.606506099468251458e-01,6.268823450556325338e-02,5.756691541176995885e-01,0.000000000000000000e+00,-1.400732829885160124e-01,7.959694356316189545e-02,3.121676571786049514e-01,5.785825997587024094e-01,-2.481790964743732855e-02,-6.845703561374503164e-03,-3.133518030296260082e-01,2.409446355958711206e-01,-2.271057688011081932e-01,1.682023325439027661e-01,-1.282228875284865399e-01,1.811162250323964384e-01,-6.438625497117833607e-02,1.668573215961392242e-01,2.116403771392823541e-01,4.392644890298941229e-01,-2.010188122793690468e-01,2.853121229724295271e-02,3.684972518879306436e-01,6.725054738817641820e-01,3.110505384512265992e-02,1.413646722373653741e-01,-7.693820099200142371e-02,1.327405156620045656e-01,2.347513293712855664e-01,1.071808391795880111e-01,4.552437553063139464e-01,5.168148710844988614e-01,6.220474552035389904e-01,6.451539389606327779e-01,2.321596139237678269e-01,3.955359935653961490e-01,-3.043791054113231254e-01,9.035703114527011970e-02,-3.898744358550426670e-02,3.457259037490504477e-02,-9.642968854729880648e-03,7.893114080164440050e-02,-5.027123642700745965e-01,-5.227087894901469856e-01,-3.204477411859332214e-01,-2.164707985164663340e-01,-4.560882970642120005e-01,-4.657580767683989209e-01,-4.810313240091156906e-01,-4.688055766566870952e-01,-3.827293444747307816e-01,-2.680995576209839748e-01,-1.298270700210018280e-01,-1.424102953661915139e-01,-1.728048617007015564e-01,-4.472049689440994041e-02,2.660976808615219541e-02,2.225523928683140473e-01,-2.676661155547611637e-01,-2.403592653827248821e-02,-1.424460431654676340e-01,2.924125296036462762e-01,-9.063407658965995373e-02,2.223691853970239940e-01,1.661825818848027339e-02,5.295232137271549400e-01,4.583627507931543055e-01,4.004289735913132975e-01,3.968944099378882151e-01,4.286563295947093399e-01,-4.713794182045667747e-02,4.928727825193261747e-03,-8.554895214263372183e-02,-3.611868269359667233e-02,-2.444657938245676787e-01,1.971491130077304699e-01,-5.740649716251843004e-02,2.015684346932392068e-01,4.888511551007641322e-03,1.879127753697663050e-01,-2.253943429107645446e-01,5.180973233835292069e-01,-3.094865722328968977e-02,2.554001519281469124e-01,-5.180571071093436064e-01,5.517538764019840336e-01,-2.059743509540193918e-01,3.732204298672863185e-01,-4.558023146700031503e-01,2.270163993029179206e-01,-1.369676929264042053e-01,-2.637025783100228060e-01,4.631038026721480128e-01,-3.643147593726261402e-01,2.216810402609589378e-02,-6.019035703114527375e-03,-2.025783100227892264e-01,3.460342285178068522e-01,-2.180034854104294095e-01,-3.614683408552660793e-01,-3.594441217212565598e-02,2.693641360203762325e-01,-1.071272174806738448e-01,9.554046204030564038e-02,-2.667858259975870450e-01,1.539568345323741039e-01,-1.169533938066937701e-01,-1.886590106796550217e-02,-2.734706644622190638e-03,-1.796863130613521597e-01,-9.044193216855086689e-03,-2.446266589213101639e-01,-5.005049376647749959e-01,-4.471379418204566858e-01,-2.565351445551632970e-01,8.255954242816926358e-02
7.976674560972339678e-02,3.249385584699941987e-01,-6.064614147191563220e-02,-1.400732829885160124e-01,0.000000000000000000e+00,7.794762947406049802e-01,-5.005138746145940121e-02,2.174315206220117092e-01,6.420304749988828830e-01,7.538093748603601485e-01,-7.961481746279994165e-02,3.292416998078555590e-01,4.490817284060950182e-02,3.903391572456320624e-01,5.906117342151123717e-01,6.168953036328701511e-01,-2.269940569283703524e-01,-1.541266365789356052e-01,-2.856070423164573935e-01,-1.295410876267929709e-02,3.889360561240448599e-01,5.435229456186603247e-01,-3.830734170427633201e-01,-1.549935207113811997e-01,4.225792037177711347e-01,6.404352294561865833e-01,7.364985030609053629e-01,5.472988069171991210e-01,-1.926806380982170816e-02,-2.696724607891326855e-02,9.331963001027748783e-02,1.482282496983779452e-01,3.436257205415791435e-03,4.532820948210376094e-02,-2.529469592028240621e-01,-1.694088207694713910e-01,-8.985656195540461799e-02,1.023414808525850150e-01,2.188748380177845398e-01,3.163858974931855750e-01,4.448679565664238611e-01,1.869520532642209298e-01,-6.137897135707583163e-02,1.941552348183564827e-02,4.872425041333392631e-02,7.979355645918048690e-02,-5.539568345323740706e-02,-1.127306850172036246e-01,1.291299879351177349e-01,2.956968586621386286e-01,1.997408284552482267e-03,1.177755931900442421e-01,-3.222842843737432350e-01,-3.774118593324098381e-01,-5.611063943875955334e-02,2.225300504937664965e-03,-3.736091871844139656e-02,1.161177889986147738e-01,2.539925823316502296e-01,2.825952902274453948e-01,-2.197595960498681736e-02,1.607846641941105548e-01,9.356539613030072366e-02,1.710085347870771710e-01,-3.710308771616247503e-01,-1.745386299655927315e-02,-8.669735019437865842e-02,4.209303364761606686e-02,-1.033156083828589283e-01,1.896867599088431222e-01,5.372223959962464379e-01,4.566423879529916685e-01,1.408642030474998863e-01,1.352160507618749806e-02,3.928012869207739288e-01,3.173376826489119340e-01,9.876670092497430442e-02,1.565172706555252591e-01,-2.889137137494973140e-01,-2.522856249162160891e-01,3.284775905983287891e-02,-4.757138388667947471e-02,1.163233388444523952e-01,9.159926717011483699e-02,-1.110237276017695118e-01,-1.442021538049063911e-01,3.592519773001474626e-01,3.235488627731355482e-01,2.547030698422628366e-03,8.594217793467089084e-02,-5.144108315831806555e-02,-2.394789758255507495e-01,-1.852674382233343853e-01,-1.881227936905134276e-02,1.580901738236739906e-01,1.318825684793779873e-01,-9.267170114839805295e-02,-2.275347423924214685e-01,1.975334018499486088e-01,-9.222932213235622567e-02,1.313106036909602869e-01,1.161624737477099101e-01,-1.235533312480450487e-02,1.232047902051029986e-01,-1.363733857634389368e-01,2.694222261941999208e-01,-1.618794405469413389e-01,-2.826444434514500115e-01,2.719960677420796280e-01,2.292148889583985050e-01,-2.396264354975646826e-01,-1.716430582242280678e-01,-4.662406720586263764e-02,3.270923633763796190e-02,-2.040305643683810732e-01,-1.660261852629697499e-01
3.916171410697528998e-02,2.305688368559810630e-01,-1.857991867375664852e-02,7.959694356316189545e-02,7.794762947406049802e-01,0.000000000000000000e+00,1.023280754278564804e-02,4.292104204834890080e-01,6.252021984896555251e-01,8.780776620939273469e-01,-2.019482550605478377e-01,3.531078242995665528e-01,6.774207962822288882e-03,4.148800214486795812e-01,5.258858751508109775e-01,5.775861298538809141e-01,-1.924750882523794671e-01,-9.812324053800437762e-02,-3.077304615934581267e-01,-8.062916126725948318e-02,3.345725903749050545e-01,4.394700388757317167e-01,-3.409401671209615903e-01,-1.817328745699092751e-02,3.933509093346440610e-01,6.777738058000803978e-01,7.489744850082666883e-01,6.080209124625765016e-01,1.431922784753563715e-01,1.289155011394610938e-02,1.439429822601546172e-01,1.892711917422583712e-01,5.368425756289378625e-02,1.346485544483667640e-01,-2.470619777469949541e-01,-3.766477501228830682e-02,-1.338486974395638740e-01,2.346887707225523978e-01,1.089369498190267682e-01,2.643415702220832109e-01,3.969525001117118479e-01,1.059430716296528019e-01,-7.657178604942133093e-02,-3.123910809240806191e-02,1.863800884758031948e-02,8.266678582599757893e-03,-8.559363689172885814e-02,-1.313508199651458874e-01,-1.326690200634523392e-02,9.827516868492783275e-02,-6.843916171410698024e-02,1.318200098306447979e-02,-2.806649090665355728e-01,-3.040216274185620349e-01,-5.870235488627731368e-02,6.286250502703427667e-02,-1.538049063854506418e-02,2.095580678314491185e-01,1.710308771616247392e-01,2.909870861075115056e-01,4.120380714062290423e-02,2.606506099468251514e-01,1.241297645113722675e-01,2.399213548415925767e-01,-3.672639528129049702e-01,5.750480361052772577e-02,4.570802984941239877e-02,1.060011618034764763e-01,-1.311988918182224462e-01,2.211403547969078287e-01,4.979400330667143049e-01,4.487778721122480663e-01,-1.652442021538048922e-02,-1.381652442021538141e-01,3.268957504803610692e-01,3.668081683721345909e-01,1.021627418562044837e-01,2.413780776620939317e-01,-3.153358058894499272e-01,-3.377720184101166284e-02,-8.496805040439697754e-02,1.878859645203092288e-01,1.053621698914160576e-01,2.067161177889986212e-01,-2.225032396443094029e-01,8.062916126725948318e-02,2.766254077483354945e-01,3.934224049331963013e-01,-9.573707493632423182e-02,2.774029223825908441e-01,-5.472988069171991904e-02,-2.561240448634881095e-01,9.129541087626792673e-02,-1.693507305956477027e-01,4.558738102685553489e-02,1.207247866303230721e-01,-2.044640064346038566e-01,-6.953393806693775048e-02,1.653782564010903011e-01,-5.128468653648509540e-02,9.920461146610662362e-02,1.907413199874882781e-01,-1.510210465168237981e-01,5.487287188882434413e-02,-3.221725725010053942e-01,2.265695518119665852e-01,-3.018365431878100025e-01,-3.811609097814915980e-03,1.661289601858885467e-01,-5.281737343044819004e-03,-2.156798784574824601e-01,-1.398051744939452223e-01,-3.042137718396711182e-02,-1.295634300013405460e-01,-3.143884892086331040e-01,-1.691228383752625131e-01
3.435810357924840019e-01,-1.016846150408865501e-01,6.949014701282452133e-01,3.121676571786049514e-01,-5.005138746145940121e-02,1.023280754278564804e-02,0.000000000000000000e+00,9.214442110907547501e-02,3.594575271459850563e-01,-8.248804682961704757e-03,3.669690334688770483e-01,1.532463470217614865e-01,6.485187005674962757e-01,1.870503597122302186e-01,2.923365655301845556e-01,1.103221770409759106e-01,-1.656999865945752715e-01,7.162965279949953280e-03,4.081549667098618994e-01,1.309263148487421237e-02,2.916126725948433793e-02,-7.395325975244649262e-03,4.187452522454086501e-01,1.746458733634210780e-01,1.519549577729120970e-01,2.904508691183698907e-03,1.518745252245408683e-01,2.407927074489476793e-01,8.875284865275481772e-02,-1.996067742079628282e-02,2.558291255194601876e-01,9.041958979400330221e-02,3.342017069574154120e-01,1.311586755440368179e-01,1.947763528307788483e-01,4.266499843603378112e-02,-3.391617141069752650e-01,-2.581437955225881348e-02,-1.200098306448009328e-01,-7.137494972965727213e-02,-9.973635998033870964e-02,-4.166942222619420266e-01,-2.265561463872380332e-01,-2.163278073193619089e-01,-2.825506054783502585e-01,-3.291746726842128545e-01,-4.564279011573350031e-01,-3.968184458644264945e-01,-3.579337772018409969e-01,-2.047812681531793189e-01,-2.272532284731221264e-01,-6.822020644354082064e-02,-2.811385674069439844e-01,-1.339335984628446385e-01,-5.275213369676928776e-01,-2.773493006836766361e-01,6.033781670315921386e-02,6.646409580410206352e-02,-1.296617364493498348e-01,-1.039099155458242107e-01,3.555788909245274354e-01,1.538942758836409075e-02,1.424102953661915139e-01,-9.231869163054649829e-03,3.509629563430001209e-01,1.163635551186380096e-01,3.572724429152330239e-01,1.042316457393091672e-01,2.402609589347155794e-01,3.001206488225568458e-01,2.780240403950131611e-01,1.718352026453371373e-01,1.318289467804638349e-01,-4.776799678269806615e-03,-3.421064390723446008e-02,6.784485455114169783e-02,3.513114973859422091e-02,2.255328656329594617e-01,-1.371687742973323187e-01,6.260780195719201080e-02,-3.153492113141784792e-01,-3.224451494704857341e-02,-1.533625273694088076e-01,-4.763394253541266415e-02,-4.298226015460922950e-02,3.409446355958711296e-03,-4.170874480539792095e-02,2.839492381250279252e-01,-1.603288797533401755e-01,-1.172974663747263120e-02,-4.916886366683050902e-01,1.838509316770186308e-01,1.747620537110684130e-02,-1.262701639930291775e-01,4.698154519862370732e-02,6.523526520398588435e-02,-3.466776889047767929e-01,1.368247017292997976e-02,-3.671075561910719931e-01,6.934179364582868099e-02,-4.132400911568881452e-01,4.553018454801376347e-01,-1.825863532776263454e-01,2.310603690960275347e-01,-3.346887707225523756e-01,2.096295634300013311e-01,2.716832744984137068e-03,1.310871799454846054e-01,4.183386210286429291e-02,-2.364448813619911549e-01,-3.101121587202287921e-01,-4.240448634880915058e-01,-1.939541534474283901e-01,-8.236739800706019410e-02,-3.541087626792975285e-01,-1.015639662183296793e-01
-5.923857187541892166e-02,4.116448456141919010e-01,1.480271683274498318e-01,5.785825997587024094e-01,2.174315206220117092e-01,4.292104204834890080e-01,9.214442110907547501e-02,0.000000000000000000e+00,8.801555029268511021e-02,3.932838822110014121e-01,-2.967558872156932925e-01,7.182760623799097077e-01,-2.163009964699048326e-01,6.569462442468385621e-01,9.906608874391169620e-03,3.302247642879485023e-01,-1.658206354171321284e-01,6.973501943786585000e-02,-5.499798918629071609e-02,4.311363331694892387e-01,-1.057196478841771342e-01,1.503865230796729013e-01,-1.946333616336744232e-01,2.827919031234639724e-01,-1.138746145940390531e-01,1.756914964922471900e-01,1.605701773984539171e-01,2.074221368247017305e-01,2.145761651548326598e-01,1.932794137360918652e-01,3.086420304749988852e-01,5.301398632646677767e-01,3.761785602573841647e-01,5.340542472854015177e-01,-1.566602618526296842e-01,1.229634925599892709e-01,-2.990214039948165814e-01,-6.976629876223244819e-02,-4.072121185039546259e-02,1.146610661781134050e-02,-7.827874346485544366e-02,-3.451450020108137035e-02,-3.303900978596004956e-01,-2.127574958666607063e-01,-1.576924795567272858e-02,1.734796014120380814e-01,-2.474775459135797051e-01,-2.800616649537512881e-01,-1.426784038607623317e-01,-2.614057822065328929e-03,-2.388712632378569289e-01,3.152509048661691904e-02,-2.821529112114035676e-01,-3.860538898074087344e-01,-1.014567228205013605e-01,7.142410295366191653e-02,-1.801108181777559269e-01,3.068278296617364398e-01,1.841011662719513678e-02,4.346217435989097044e-01,-1.451584074355422582e-01,7.162831225702667171e-01,-8.365878725590955578e-02,5.736538719335091407e-01,-4.102194021180571304e-01,4.842709683185129066e-01,3.345725903749050545e-01,4.053800437910541343e-01,1.276330488404307517e-01,2.580633629742168922e-01,1.664909066535591453e-01,1.999910630501809672e-01,-7.576299209079941088e-02,6.613342866079807182e-03,2.257652263282541594e-01,3.146431922784753699e-01,-1.469726082488046759e-01,1.000402162741856199e-01,-3.841503194959560163e-01,-1.194780821305688329e-01,-4.174136467223736324e-01,1.852897805978819534e-01,-5.957817596854193820e-02,5.849233656553018412e-02,-3.819294874659278638e-01,2.691183699003529828e-01,1.622056392153357895e-02,2.429062960811474992e-01,-4.479467357790786197e-01,1.515706689306939581e-01,6.044506010098753268e-02,-4.585683006389918992e-01,1.648465078868582290e-01,-4.202824076142812615e-01,8.825237946288932295e-03,7.627686670539345244e-03,-2.571517940926761892e-01,7.574511819116135081e-02,1.535636087403369210e-01,-1.964788417713034530e-01,2.867465034183833139e-01,1.979310961168952998e-01,4.693239197461906292e-02,1.855981053666383718e-01,-2.882032262388846688e-01,1.839805174493945317e-01,-9.314982796371598650e-02,2.027793913937173120e-02,1.976406452477769485e-02,-1.206935073059564739e-01,-2.816569104964475878e-01,-1.508110281960766685e-01,-1.279100942848205857e-01,-2.123374592251664472e-01,-2.893829036149961897e-01,1.894186514142722974e-02
6.636132088118325278e-02,5.869341793645828365e-02,1.962241387014611871e-01,-2.481790964743732855e-02,6.420304749988828830e-01,6.252021984896555251e-01,3.594575271459850563e-01,8.801555029268511021e-02,0.000000000000000000e+00,6.437553063139550558e-01,1.030385629384690943e-01,1.003619464676705902e-01,3.469413289244380749e-01,2.023012645783993924e-01,6.902989409714463953e-01,5.440993788819875610e-01,-2.283435363510434024e-01,-1.047946735779078653e-01,-9.473166808168371729e-04,-8.068278296617364953e-02,4.586308592877251233e-01,3.919209973635998101e-01,-4.919790875374234485e-02,6.418964207515974463e-02,5.102462129675141567e-01,6.115733500156396163e-01,5.415746905581124704e-01,5.051029983466642781e-01,3.968005719647884483e-02,-9.180928549086196655e-02,1.912641315519013341e-01,1.922918807810894137e-01,9.647437329639393933e-02,9.844050225657982600e-02,4.989945931453594608e-02,-6.801912507261272112e-02,-1.765985968988784127e-01,2.314491264131551818e-01,8.850708253273158188e-02,1.675231243576567330e-01,2.039009785960051724e-01,-2.517091916528888668e-02,-7.385942177934670672e-02,-2.444255775503820574e-02,-1.252826310380267261e-01,-1.424237007909200659e-01,-2.350998704142276130e-01,-2.600384288842217950e-01,-1.510478573662809021e-01,-6.903793735198176726e-03,-1.241565753608293438e-01,-4.126189731444657866e-02,-2.409714464453281968e-01,-1.841101032217704048e-01,-2.730372223959962596e-01,-7.533848697439564368e-02,4.097144644532820651e-02,1.029089771660932073e-02,-2.706555252692256081e-02,-4.732114929174672385e-02,9.469592028240761405e-02,-4.596273291925465770e-02,8.485633853165915064e-02,-5.415791590330220479e-02,-3.114527011930828121e-02,5.850127351534921416e-02,8.248804682961704757e-03,-7.580320836498502524e-02,-7.711247151347244699e-02,1.759015148129943196e-01,4.821886590106796433e-01,5.610214933643147273e-01,2.428124581080477185e-01,-1.488002144867956594e-02,1.936324232539434198e-01,2.791277536976629614e-01,1.685598105366638289e-01,2.530452656508333509e-01,-1.888466866258546040e-01,-1.010634970284641915e-01,-5.206666964564993921e-02,3.783457705884981509e-02,1.254300907100406627e-02,1.535948880647035053e-01,-2.192680638098216950e-02,2.580991107734930193e-02,2.367442691809285571e-01,2.807944948389115014e-01,-5.696411814647660971e-02,-3.389785066356852672e-02,-2.510523258411904157e-01,1.110952232003217244e-01,-7.389516957862281299e-02,1.258411904017159022e-01,1.977076723714196460e-01,1.758747039635372433e-01,-1.037356450243531875e-01,-8.099110773493006787e-02,-3.223110952232003529e-02,1.134992627016399337e-02,-1.449349836900665767e-01,3.216542294115018463e-01,-2.215872022878591641e-01,1.388399839134903391e-01,-3.530095178515572640e-01,1.346262120738191959e-01,-3.386076232181956525e-01,8.129049555386747006e-02,2.773090844094910357e-01,6.413155190133607020e-02,-2.042271772643996508e-01,-2.250368649180034819e-01,-3.241431699361008167e-02,1.521068859198355591e-02,-3.536753206130747729e-01,-2.521962554180258165e-01
5.108360516555699588e-02,2.698467313106037158e-01,-4.619062513963984040e-02,-6.845703561374503164e-03,7.538093748603601485e-01,8.780776620939273469e-01,-8.248804682961704757e-03,3.932838822110014121e-01,6.437553063139550558e-01,0.000000000000000000e+00,-1.993341972384825023e-01,3.555252692256132829e-01,-7.851110416015013790e-03,4.392287412306180028e-01,6.140801644398766745e-01,6.070780642566692142e-01,-4.013450109477635364e-01,-2.119218910585816962e-01,-2.421734661959873136e-01,-7.517762187765315851e-02,3.822556861343223700e-01,5.346798337727333150e-01,-2.990258724697260617e-01,-1.521515706689306920e-02,3.168550873586845062e-01,6.023280754278564908e-01,6.478350239063407345e-01,6.064658831940659134e-01,-5.121765941284239787e-02,-9.121944680280620610e-02,9.199249296215201988e-02,1.728942311988918290e-01,-3.970686804593592106e-02,4.647213905893918771e-03,-2.792573394700388900e-01,-1.581080477233120229e-01,-1.297600428973591236e-01,7.475758523615889939e-02,1.269717145538227787e-01,2.118906117342151119e-01,2.904374636936413734e-01,6.998078555788908584e-02,-6.510567943160999738e-02,7.376558380624692601e-02,1.274855891684168255e-02,8.804236114214218645e-02,-1.266991375843424528e-01,-1.594709325707136249e-01,-4.661066178113409952e-02,1.937128558023146763e-01,-4.303141337861388083e-02,1.826533804012690498e-01,-2.968541936637025813e-01,-3.057151794092676234e-01,-5.245095848786809206e-02,4.922025112828991300e-02,-9.871754770096966003e-02,1.829259573707493758e-01,1.950221189508020980e-01,3.313240091156888223e-01,5.942177934670896805e-02,2.261182358461057140e-01,-7.122749005764332508e-02,1.293980964296885527e-01,-3.515930113052415096e-01,4.664640958041020580e-02,-7.044997542338800323e-02,2.519326153983645483e-02,-2.078064256669198695e-01,1.555163322757942834e-01,4.586710755619107238e-01,4.193619017829214868e-01,9.383797309978104961e-03,-7.999016935519906446e-02,2.599892756602171784e-01,3.242906296081147777e-01,5.359041958979400555e-02,1.912551946020823179e-01,-4.297779167969971725e-01,-2.304973412574288505e-01,-2.274230305196836277e-01,-1.856651324902810693e-02,6.151749407927074170e-02,1.092184637383261103e-01,-1.094642298583493462e-01,-6.924348719781937833e-02,3.592519773001474626e-01,3.095491308816301079e-01,-3.649850306090531016e-02,6.339872201617588465e-02,8.324768756423432323e-03,-4.637830108583940181e-02,-2.882613164127083294e-02,5.504267393538585240e-02,9.167076276866704954e-02,2.008445417578980374e-01,-2.271415166003842856e-01,-2.170874480539791707e-01,1.727020867777827318e-01,-7.752803968005719804e-03,1.950578667500781904e-01,1.697841726618705138e-01,-9.117923052862057787e-02,1.099021403994816515e-01,-3.280218061575584376e-01,1.962911658251038916e-01,-2.953438491442870739e-01,-4.261584521202913672e-02,1.991509897671924489e-01,6.088743911702935996e-02,-3.504178024040395245e-01,-2.027481120693507277e-01,2.492068457035613582e-02,-4.316099915098976780e-02,-3.266812636847044038e-01,-1.502658742571160444e-01
5.987890432995218726e-01,2.021493364314759511e-01,6.339872201617588465e-02,-3.133518030296260082e-01,-7.961481746279994165e-02,-2.019482550605478377e-01,3.669690334688770483e-01,-2.967558872156932925e-01,1.030385629384690943e-01,-1.993341972384825023e-01,0.000000000000000000e+00,3.593547522230662594e-02,7.507663434469815655e-01,4.517628133518030581e-02,1.118816747843960901e-01,-6.754546673220429565e-02,4.001340542472853756e-01,2.532686893963090324e-01,4.449260467402475494e-01,5.513204343357611809e-02,1.538808704589123832e-01,-1.775325081549667186e-02,-3.296393940748022777e-02,-3.987801063497028453e-01,-1.643639125966307735e-01,-3.003172617185754234e-01,-4.845167344385361424e-02,-7.190222976897985008e-02,2.056704946601724815e-01,1.893873720899057200e-01,-7.390857500335135978e-03,-2.496402877697841693e-01,-1.291746726842128712e-01,-1.971133652084543497e-01,-2.493051521515706748e-01,-3.122034049778810716e-01,8.146029760042897486e-03,-8.736315295589615337e-02,-1.306850172036284063e-01,-8.118325215603913736e-02,-2.416104383573886363e-02,-9.738147370302516204e-02,-7.604450601009875299e-02,2.175253585951114968e-02,-3.333303543500603094e-01,-2.149783278966888589e-01,-8.549533044371955548e-02,-2.011573350015639638e-01,-1.372760176951606514e-01,-3.264220921399526437e-02,-1.043120782876804098e-01,-1.786496268823450570e-02,-1.176057911434827269e-01,6.974842486259440200e-02,-3.234594932749452756e-01,-2.573528754636042470e-01,4.030519683631976213e-01,1.149157692479556708e-01,3.127932436659368320e-02,-2.617453862996559355e-01,3.829929844943920636e-01,-2.343223557799722911e-01,4.289825282631037906e-01,-3.313374145404173604e-02,-1.006568658116984705e-01,-4.694624424683855324e-01,-3.444881361991152247e-01,-4.910138969569685652e-01,1.572009473166808280e-01,-1.133786138790830733e-01,5.842084096697797158e-02,1.485365744671343635e-01,3.106707180839179405e-01,2.783725814379552355e-01,9.741722150230126831e-02,-3.907681308369453238e-02,2.340095625363063647e-01,1.375754055140980259e-01,1.884668662585459453e-01,9.314982796371598650e-02,1.146700031279324350e-01,-2.601680146565977236e-01,-7.378345770588498609e-02,-1.005987756378747960e-01,2.563430001340542552e-01,-3.334107868984315659e-01,-9.532597524464900274e-02,-1.794137360918718338e-01,3.883998391349032658e-02,-2.517896242012601093e-01,-4.208856517270655462e-01,1.997855132043433457e-01,-3.773761115331337179e-01,1.096250949550918313e-01,5.308548192501898882e-02,-1.108137092810223823e-01,3.984539076813083808e-02,-8.286786719692569581e-02,-1.074668215737968613e-02,3.321372715492202365e-01,-1.168953036328700956e-01,3.848295276822020772e-01,1.549667098619241304e-02,5.238839983913490261e-02,-3.957281379865051907e-02,-1.553241878546851862e-01,8.513338397604897079e-02,2.115420706912730653e-01,-1.817820277939139473e-01,-2.625765226328254376e-01,-2.115152598418159891e-01,-1.752401805263863466e-01,8.215291121140354258e-02,9.422226194199920246e-02,-2.823539925823316254e-01,-2.144778587068233711e-01
1.035703114527011942e-01,5.695294695920282146e-01,5.249117476205371335e-02,2.409446355958711206e-01,3.292416998078555590e-01,3.531078242995665528e-01,1.532463470217614865e-01,7.182760623799097077e-01,1.003619464676705902e-01,3.555252692256132829e-01,3.593547522230662594e-02,0.000000000000000000e+00,6.832744984136913946e-02,8.403726708074533702e-01,2.020912462576522628e-01,4.613208811832521516e-01,-1.033647616068635727e-01,2.294070333795075745e-01,-4.370615308995039888e-02,3.793020242191340041e-01,1.182135037311765474e-01,1.791232852227534755e-01,-3.081773090844094898e-01,-2.699405692837034826e-02,-5.639215335805889545e-02,1.280084007328298745e-01,2.737208990571518008e-01,1.045578444077036456e-01,1.545198623709727881e-01,3.283658787255909761e-01,1.566066401537155317e-01,2.841592564457750547e-01,2.070378479824835916e-01,3.247732248983422054e-01,-2.252290093391125514e-01,-8.204119933866571915e-03,-1.085213816524420172e-01,-7.534295544930515176e-02,7.061530899503999648e-02,9.986594575271459662e-02,-6.739800706019036247e-02,1.415166003842888501e-02,-2.958621922337906218e-01,-1.221189508020912445e-01,-6.515483265561464177e-02,1.421332499218016798e-01,-2.299075025693730623e-01,-2.570043344206622282e-01,-1.049376647750122904e-01,1.926404218240314603e-01,-2.919969614370615529e-01,7.826533804012690554e-02,-4.760534429599178052e-01,-4.300773046159345747e-01,-1.789445462263729303e-01,1.450466955628044140e-02,-1.844005540908887908e-01,3.280039322579203498e-01,-1.595692390187228998e-02,4.175298270700210090e-01,-7.754591357969524423e-02,6.878278743464855127e-01,6.790294472496537226e-02,6.149827963715983614e-01,-3.891862907189775900e-01,2.901067965503373869e-01,1.704142276241119025e-01,2.403592653827248682e-01,2.053040797175923748e-01,2.918718441395951602e-01,2.622369185397023794e-01,2.883283435363510616e-01,6.708521381652442217e-02,1.270566155771035433e-01,4.347692032709236098e-01,3.123732070244425452e-01,2.492962152017516586e-02,2.222708789490147052e-01,-3.064390723446087650e-01,-1.510612627910094263e-01,-3.154743286116448719e-01,-6.805040439697930543e-02,-1.209169310514321416e-02,8.671522409401671849e-02,-2.990482148442736299e-01,-2.194468028062022263e-02,1.492202511282899047e-01,2.499083962643549872e-01,-3.165110147906519678e-01,-2.066669645649939560e-02,-7.572724429152330461e-02,-3.250592072925510556e-01,-1.380982170785111096e-01,-2.837392198042807956e-01,1.610125564144957444e-01,2.128647392644890390e-01,-1.909021850842307633e-01,-1.406765271013003249e-01,1.851065731265919001e-01,-6.287144197685329630e-03,3.072657402028687867e-01,3.390276598596899116e-01,2.254569015594977410e-01,2.955315250904866353e-01,-3.140131373162339812e-01,1.373653871933508963e-01,1.019974082845524765e-01,2.436212520666696316e-02,9.283256624514053812e-02,-2.238661244917109772e-01,-3.744090441932168556e-01,-2.479288618794405485e-01,3.105590062111801032e-03,3.520264533714643346e-02,-3.398230483935832935e-01,3.380401269046874602e-02
4.448679565664238611e-01,-2.259707761740917947e-02,2.689083515796058532e-01,-2.271057688011081932e-01,4.490817284060950182e-02,6.774207962822288882e-03,6.485187005674962757e-01,-2.163009964699048326e-01,3.469413289244380749e-01,-7.851110416015013790e-03,7.507663434469815655e-01,6.832744984136913946e-02,0.000000000000000000e+00,2.252424147638411034e-01,4.426426560614862282e-01,2.031413378613879106e-01,2.234639617498547781e-01,1.531122927744760776e-01,3.720318155413557260e-01,-1.277179498637115163e-01,2.917511953170383032e-01,1.207337235801421021e-01,1.574824612359801701e-01,-1.617587917243844542e-01,1.629474060503150190e-01,4.678493230260511761e-03,2.021984896554805955e-01,2.080924080611287474e-01,1.874301800795388495e-01,1.431207828768041590e-01,1.594664640958040891e-01,-5.143661468340855053e-02,1.054560078645158487e-03,-1.517806872514410876e-01,6.359980338710398418e-02,-7.356003396040931841e-02,3.176191965682112484e-02,9.759149202377229160e-02,6.273291925465838970e-02,5.834934536842575903e-02,2.760623799097368034e-02,-1.125742883953706613e-01,-1.070289110326645560e-01,-8.871710085347871144e-02,-2.686715224094016752e-01,-3.585683006389919214e-01,-2.556280441485321298e-01,-2.775012288306001329e-01,-2.387238035658429680e-01,-1.143482729344474785e-01,-2.059117923052861954e-01,-1.391214978327896812e-01,-3.328254166852853135e-01,-1.372402698958845313e-01,-3.484293310693060697e-01,-2.542160060771258556e-01,1.911836990035301054e-01,-7.568702801733767638e-02,-1.405111935296483316e-01,-2.440278832834353595e-01,3.927208543724026724e-01,-1.516376960543366625e-01,3.982260154609231773e-01,-9.592921935743330131e-02,2.236114214218687113e-01,-2.128379284150319628e-01,2.732472407167433823e-02,-2.035881853523392460e-01,1.653380401269047006e-01,3.118101791858438748e-02,2.940256490459806082e-01,2.637383261092988707e-01,3.052772688681353319e-01,1.016533357165199519e-01,1.489208633093525302e-01,1.168193395594083750e-01,3.260378032977344631e-01,3.284418427990526967e-01,1.353366995844318410e-01,1.881540730148800189e-01,6.517717503016220992e-02,-1.224898342195808593e-01,1.049063854506456922e-01,1.232539434291076430e-01,2.612181062603333714e-01,-2.263505965414004117e-01,1.360248447204968902e-01,1.410965637427945840e-01,1.221412931766388127e-01,-1.149425800974127471e-01,-4.088475803208365122e-01,2.310693060458465509e-01,-2.757049019169757198e-01,6.368917288529424292e-02,2.241476384110103193e-01,7.515081102819608228e-02,-6.100808793958621690e-02,-8.289467804638277204e-02,-2.549890522364716694e-01,2.209973635998033759e-01,-3.228249698377943511e-01,4.171366012779837984e-01,-8.695652173913043584e-03,2.127574958666607063e-01,-1.081058134858572800e-01,1.354439429822601459e-01,9.144733902319138186e-02,1.755216944456856887e-01,7.221055453773626842e-02,-2.173287456990929123e-01,-2.681442423700791111e-01,-3.746994950623352416e-01,-2.029134456410027279e-02,1.276107064658831836e-01,-2.721748067384601732e-01,-1.428660798069618931e-01
