1.000000000000000000e+00,5.054350680039909616e-01,5.409382427412560146e-01,2.440312427937687823e-01,2.552096057206916235e-01,1.740523163823748942e-01,4.350634376662427805e-01,1.199778989883307639e-01,2.833062017539253463e-01,1.116489226898392390e-01,2.270171168682318386e-01,3.824822084572900294e-01,1.504124532807901704e-01,-1.722120875181796795e-01,3.326407740833673965e-01,-2.377913600569877411e-02,-5.630050069750610481e-02,3.182248869263840096e-01,6.228215777108557782e-01,4.930374963754797224e-01,4.185264926744735464e-02,1.013975236821016007e-01,2.719086552402000811e-01,3.102155533586459790e-01,-2.223571824863181459e-02,-2.056330181808218860e-01,4.326364360748785609e-02,-2.801211902582028193e-02,1.944500889291740087e-01,2.299989269136896164e-01,3.710435650210393566e-01,3.654589498823029858e-01,2.447390231261515614e-01,1.787738961480767885e-01,-2.703492553465954712e-02,-1.447730422453532007e-01,-9.171234894027019413e-02,-1.817511398688095026e-01,4.045535390158200295e-02,-1.451429145480822580e-01,2.115875056222873141e-01,7.883759637799123143e-03,-4.534885579318201909e-01,-5.178417722819522728e-01,-5.999762551114297127e-01,-4.859916573247273219e-01,-1.951350376379315521e-01,-3.730253499517111049e-01,-4.760690336971933334e-01,-4.976449180230553826e-01,-2.787353107041500855e-01,-5.252529173107086669e-01,-1.099319845932203721e-01,-4.477304224535319510e-01,1.495174536346803307e-01,-4.749320188406558341e-01,3.454310496382329010e-01,3.970031210829495505e-01,1.642301518987919762e-01,-1.101374692058476323e-01,4.676669962031009820e-01,1.049775222665409458e-01,-1.395240519739080268e-02,3.510818764854824886e-02,-8.677158558776590369e-02,-3.403966766288651219e-02,-9.103196655623771449e-02,-1.723582099093812769e-01,5.135174627673297909e-01,3.251154709364846851e-01,3.027130818353885866e-01,-9.355714412919045875e-02,8.347469913627968141e-02,2.160031416314108221e-01,2.783563057519709560e-01,8.141528668528205670e-02,1.687005838046161110e-01,-3.909002280879200070e-02,2.051170234868912312e-01,-1.789428501629036217e-01,8.631951943998593391e-02,-2.254006379155640838e-01,2.669861571865960181e-01,-1.609926276687314028e-01,3.229053697695604130e-01,-3.510750269983949345e-01,2.278618869423661430e-01,-7.051546956658728826e-02,3.883408030795293953e-01,-4.442782809613939898e-01,-1.008952279623460818e-01,-3.032656071271196407e-01,-8.407745399998629854e-02,-2.553694270860683568e-01,1.255510983152544925e-02,4.017886293948021437e-01,1.415857475872681626e-01,-7.770743100854131391e-02,8.430120391151375847e-02,2.577461991054569995e-02,4.513286863368714541e-01,-1.015756103463785615e-01,4.651326859806981240e-01,2.873747970839450327e-01,1.567870425969601911e-01,-2.186698752708401416e-01,5.228373315311571901e-01,-1.841256287258355717e-01,3.091242017493590066e-01,-1.850434599955706749e-01,-2.369397404957658826e-01,-1.658283655525595313e-01,-1.392249577044172293e-01,2.623125238305071619e-02,-2.445883344102249279e-01,7.027345435615962865e-02
5.054350680039909616e-01,1.000000000000000000e+00,4.706762041969090316e-01,4.564041562687647796e-03,6.058827961432821513e-02,-5.192596161090803908e-02,1.349348956252326018e-03,-1.004933913865416750e-01,-8.227832205831653312e-02,-1.692302774727219294e-01,-5.312690501359623035e-02,8.657523362458874328e-02,-1.081967811977013055e-01,-2.592188388292856471e-01,7.428725378947872993e-02,-7.952482824911127901e-02,2.546707794031357053e-01,7.002618787229816233e-01,6.628636792248207010e-01,7.671448369707914994e-01,9.420556224014758895e-02,1.823904253303165190e-01,2.620453938340916999e-01,3.164303213094392664e-01,1.212564699113448108e-01,-6.901771505677083141e-02,5.436209585172230123e-03,-6.230521771094708200e-02,1.791666000744310816e-01,5.188646290203635658e-01,4.137341348755333992e-01,3.875736605257209533e-01,3.554084691624675441e-01,3.752354511186353769e-01,-1.168134359538709893e-01,-7.679873238825632442e-02,8.222352616161593408e-02,7.449730472683104010e-02,9.031048724967978558e-02,-1.326037868530944852e-01,2.255010970595151820e-01,3.762811394806718779e-01,-1.725271639242081378e-01,-2.096239859905157377e-01,-2.898862756827226272e-01,-9.831525449269273853e-02,-1.066487971159092996e-01,-1.605725257940267825e-01,-3.609063241314279802e-01,-3.548696428449116258e-01,-3.942085303512188887e-01,-4.607490142446499792e-01,-1.520791618054334604e-01,-4.808180114112454717e-01,1.221560358821796866e-01,-2.975440022466317447e-01,5.560756092047973720e-01,7.950405147161230257e-01,-2.693286817705467517e-01,-1.891348869492156248e-01,-2.935461849498503459e-02,-1.163248392082906202e-01,4.376822248960590689e-03,2.867081136740877167e-01,-1.871348367196436491e-01,-3.205719778350598070e-01,-8.267559230939590387e-02,9.088584416503610319e-02,6.276892798677592422e-01,4.887314521597574402e-01,4.184465819917851936e-01,7.020952581000892978e-02,2.588033032793061183e-01,3.917244497007915660e-01,3.144165721056921270e-01,1.522892127427857845e-01,4.582101376975220575e-01,2.602508282171470122e-01,3.832539173358234796e-01,-3.492096833482119522e-02,3.228871044706602134e-01,-5.838046160976645589e-03,2.548762640157629655e-01,-1.201879499256830602e-01,2.403005554934027899e-01,-3.379285781149755086e-01,1.841530266741858712e-01,-1.712714246248193406e-01,2.658034790828079919e-01,-5.442442618421924339e-01,-2.846943644703405774e-01,-4.420042512483190467e-01,-2.531319279707938130e-01,-4.471870298112509690e-01,6.558840518825814758e-02,2.646618979015454842e-01,2.728082212110349847e-01,-1.452296747178582204e-01,-1.074981335147686401e-01,-1.800205027980154859e-01,4.902566046179241965e-01,-2.234508172579676710e-01,4.658952622097815022e-01,2.011351883266474794e-01,4.088070704972042724e-01,-2.040918835861174618e-02,4.628586562676231808e-01,-1.610565562148821017e-01,2.429033605866814105e-01,-8.399754331729791801e-03,3.199852051078908716e-02,-4.707652475290475397e-02,-3.016171639013764949e-01,-2.241951281881508495e-01,-2.479993789798373982e-01,9.993629977008554321e-02
5.409382427412560146e-01,4.706762041969090316e-01,1.000000000000000000e+00,3.096675943916399887e-01,4.395430022215169874e-01,2.335149969519782487e-01,4.930374963754797224e-01,1.544102705775715796e-02,4.876401005504704678e-01,2.380721890275783181e-01,2.257819260301057937e-02,2.332227521695750261e-01,1.200829244570069121e-01,-1.213706280294710588e-01,6.347351189185116427e-01,2.742831440972262058e-01,-2.608261851325033298e-01,4.126427832662464268e-01,4.006972777855151713e-01,3.651530061257245996e-01,4.886355593405313780e-01,4.863067337307557803e-01,7.012162405905171259e-01,5.756286116774622652e-01,2.741826849532750798e-01,-8.551127996365205652e-02,2.147519686567470887e-01,-1.933153572349990620e-02,-2.156013050556064292e-01,1.403574062362296648e-01,5.032386658112418809e-01,3.645593839114680823e-01,3.560591704357871784e-02,-2.713081835388559890e-02,-3.629999840178634724e-02,-1.760934635344723331e-01,2.938909424665916426e-01,1.506453358417677024e-01,3.682672395882088390e-01,4.871126900447271535e-02,3.832539173358234796e-01,3.020966279975068058e-01,-5.061017514138482776e-01,-5.431346449340052063e-01,-4.235152024365908541e-01,-3.941902650523186891e-01,-2.538214430042763370e-01,-4.283189760473436469e-01,-4.494838911479512311e-01,-5.348467655580391167e-01,-5.156727680375534639e-01,-7.166321528622865422e-01,-2.257111479968675061e-01,-8.327674895944875422e-01,4.144282162337410425e-01,-4.952475975424040500e-01,5.537353677832091564e-02,2.898817093579975634e-01,-9.929473114621599830e-03,-4.392279258154885291e-01,2.327113238003694073e-01,-1.492708720995276073e-01,-2.808129884540479515e-01,-1.553029870613188979e-01,1.761482594311729322e-01,-9.059359938263289447e-02,-8.301350033904961179e-02,-2.023224327551605140e-01,2.835573496138030780e-01,2.811554628084266816e-01,6.558954676943941076e-01,9.182194073367139220e-02,3.687078899241761493e-02,3.066492537483818115e-01,3.581117333996972629e-01,-3.340951485082958861e-02,3.771122105806310465e-01,1.248045042227087925e-01,1.839201441132083115e-01,-3.580386722040964642e-01,1.221332042585544370e-01,-3.283255972181949867e-01,6.692565338398909214e-01,1.778104016310911861e-01,5.068597613182066475e-01,-3.594177022710616232e-01,6.785261730317427853e-01,2.459856297760902588e-01,6.558452381224185723e-01,-5.686330021986854000e-01,-3.598492199575788197e-02,-4.433832813152841501e-01,-2.634289902257819227e-01,-3.693996881200212745e-01,8.610490217790857381e-02,2.871464808476925090e-01,1.301060072284920266e-01,-3.407094698725310344e-01,-1.585359449666544074e-01,-2.345743842881898855e-01,5.306183488626426970e-01,-4.856674482692487915e-01,5.715600163474424678e-01,8.205457214678907318e-02,4.514063138571973166e-01,-4.005831196673889094e-01,6.073326042434855632e-01,-1.424259513366774033e-01,2.495108324638289909e-01,1.304758795312211117e-01,-3.282845002956695235e-01,-3.584998710013265200e-01,-4.215927797273447686e-01,-3.683539997579847736e-01,-4.831011737737705980e-01,1.390377383906901687e-01
2.440312427937687823e-01,4.564041562687647796e-03,3.096675943916399887e-01,1.000000000000000000e+00,2.229211235898618526e-01,5.333353120740474962e-01,2.010484281568715170e-01,6.078577315868662900e-01,4.483925395386642032e-01,6.383014185287758657e-01,-1.367226117550897346e-01,7.805104694410133215e-01,-3.248780220507820893e-01,1.345718728095910977e-01,9.750244869163381123e-02,3.241108794969736473e-01,3.189577820447545703e-03,1.703010806207461841e-02,2.381361175737290170e-01,1.702166036133327676e-01,1.485676580918698919e-01,7.407720285212641975e-02,1.569285986634367525e-01,5.223898317081022702e-01,6.061567756267851464e-02,1.863128982691346081e-01,2.585978186666788581e-01,3.473534723474790420e-01,7.934674158483431827e-02,1.828424914780964750e-01,2.799590857304635749e-01,4.385201454831057499e-01,2.306884419471721959e-01,2.900643623469995602e-01,2.400402749840749306e-01,2.377434136473746962e-01,-7.373929482247271183e-02,-1.005116566854418747e-01,5.338261919819903972e-02,8.441079570491497042e-02,6.888300847738185184e-03,-1.824178232786668186e-01,-4.339492544333305446e-01,-3.026628522634129959e-01,-4.512327935176454474e-01,-3.310790910274002408e-01,-3.102246860080961066e-01,-4.657126092207795054e-01,-5.505229583391363368e-01,-4.308715515686467046e-01,-4.588494231590291017e-01,-3.136631285260588764e-01,-4.634340131829794984e-01,-2.358849194842792818e-01,-1.413026354543150676e-01,-3.563810963289032463e-01,-1.715773683813976991e-01,-4.798978969791478644e-02,7.076661742646504771e-02,1.020048448705332816e-01,1.935368239841639970e-01,6.004100559603094966e-01,1.701800730155323405e-01,2.120487044195173976e-01,5.324106313172248528e-02,5.977478886456052409e-01,-8.820084522670661176e-02,1.341791688832368046e-01,1.539924518652295016e-01,3.736851838744808391e-02,2.552278710195918232e-01,1.324850624102431873e-01,1.617095406505642818e-01,1.740751480060001577e-01,1.563532417480804348e-01,1.893540705360180210e-01,-7.246072389945866499e-02,1.486133213391203911e-01,1.511430652367981853e-01,2.276541191673763648e-02,-8.107509549326581341e-03,3.163321453278507278e-02,-1.012148706930996039e-01,1.325809552294692217e-01,-8.422357639118790984e-02,1.408323040076348842e-01,1.821621090940639953e-01,1.244209329458045715e-01,8.429207126206365863e-02,4.865647310777211632e-02,-1.357317192897538605e-01,-2.961969364527419768e-01,-1.847512152131674523e-01,-3.794775667882069881e-01,3.009870110893195783e-01,1.641342590795659140e-01,1.036761197199016354e-01,-3.118571470973015292e-02,1.517092895027044031e-01,-2.618033786236640403e-01,2.898474619225597029e-02,-2.605111087264748715e-01,1.351563623743975429e-01,1.756094331136170139e-01,-7.258173150467249479e-03,-2.349168586425686434e-01,1.032697168193721787e-01,6.225042181424647603e-02,2.259348979083949660e-01,8.854331958108536960e-02,-1.527960747872663394e-01,-3.590386973188824382e-01,-4.254284924963869230e-01,-2.511684083390222089e-01,-2.662372799316877758e-01,-5.016336026703867301e-02
2.552096057206916235e-01,6.058827961432821513e-02,4.395430022215169874e-01,2.229211235898618526e-01,1.000000000000000000e+00,6.428814422280011431e-01,1.380422796006292308e-01,6.935562308642453933e-02,6.246298423019756019e-01,5.018505030948265944e-01,-9.153197911363070149e-03,2.852560224115217591e-01,2.018840655815556939e-01,5.205381870320944376e-02,6.950014726397237830e-01,3.370518437677658685e-01,-1.719244090605015207e-01,2.473098639463548187e-01,3.224053572121673983e-02,-2.285673841123863834e-02,4.257937984743909166e-01,6.524387598775311936e-01,5.288329158951480258e-01,4.244741306288514204e-01,5.744870304961996466e-01,3.360472523282548307e-01,6.592882469651064614e-01,4.774206658158081651e-01,-2.680181465744573277e-01,1.261881006143990014e-01,5.219697298333976221e-01,3.073022381840639916e-01,-5.487124105856539674e-02,-1.387043966857615107e-01,-2.056284518560968499e-01,-1.734312962197680774e-01,-5.404930260805636960e-02,-2.062380562068910281e-02,2.053088091253433278e-01,9.171463210263271562e-03,1.856690464829025278e-01,8.596791243615707623e-02,-5.215130973608925746e-01,-5.284539109429688963e-01,-4.126519159156964989e-01,-4.158255115996064011e-01,-4.280678281874659152e-01,-5.593085671101328815e-01,-4.126108189931710357e-01,-3.626232622280468054e-01,-2.799179888079381118e-01,-5.565824712492779547e-01,-1.585268123172043075e-01,-5.040880022101011937e-01,1.104982088591266037e-01,-5.990858217900449922e-01,1.467274292276746772e-01,1.431748285915856456e-01,-6.425960469326855162e-02,-3.104849665174239659e-01,2.173684727242008452e-01,-7.898600193155536076e-02,-4.625458630239571989e-02,-4.701259620675404816e-02,3.847105749231145011e-01,1.380285806264540949e-01,-1.138681565062136247e-01,-1.186536648180662040e-01,-5.173874229718097850e-02,-1.452479400167584200e-01,4.839687754715301105e-01,-1.323617716426668256e-01,-8.063901148202351488e-02,1.641616570279162135e-01,1.693398692661231275e-01,9.938605764071699669e-03,3.085168805609273535e-01,6.459066323583469334e-03,9.102283390678761466e-02,-4.033914093732947626e-01,1.970163634246522300e-01,-2.838724260198315363e-01,4.724753361385788386e-01,5.506302669701750724e-02,4.708725561600862197e-01,-2.517665968780037899e-01,6.785170403822926577e-01,2.425334882839523254e-01,4.875807383290448049e-01,-3.542212247339545095e-01,1.572939046414407738e-01,-3.609063241314279802e-01,-3.338211690247928909e-02,-2.594654203644383705e-01,7.993351431200326415e-03,1.307224610663738074e-01,6.121843242638513871e-02,3.792332684154168469e-03,-1.476132962243343894e-01,-3.338371511613305587e-01,3.611894362643810474e-01,-3.347367171321654067e-01,3.421889590834473194e-01,-3.233186221571774516e-02,3.057907847000723711e-01,-2.122404900579694942e-01,2.529036117345412893e-01,-2.214279354047704318e-01,1.050939635470297256e-02,1.375080196077983763e-01,-4.409448639121073543e-01,-2.322409923536892518e-01,-2.023041674562603143e-01,-2.849683439538435725e-01,-3.902997563865759356e-01,1.174572877401030557e-01
1.740523163823748942e-01,-5.192596161090803908e-02,2.335149969519782487e-01,5.333353120740474962e-01,6.428814422280011431e-01,1.000000000000000000e+00,-2.047996639185002514e-03,3.109552979641040937e-01,6.804942589882394532e-01,7.319202080417545053e-01,-8.297696974124921243e-02,4.869779834653381601e-01,-1.997538750973197955e-02,1.130736160040548971e-01,3.273803680001096117e-01,3.702581571683307149e-01,1.364486322715867395e-01,1.561340581612780110e-01,-4.640527501832238111e-02,-1.238958056024238030e-01,1.879567751701526623e-01,3.138457815150608732e-01,2.310080846779256902e-01,4.442691483119439178e-01,5.831082515770944497e-01,6.075198235572126793e-01,7.005815214537350899e-01,7.475690028745014537e-01,-8.810723556984307106e-03,2.094367666767886771e-01,4.111450287564299422e-01,3.811853722353757967e-01,3.399628757799853275e-03,-1.342727785401003245e-02,-1.396541922285719495e-01,-4.477509709147946965e-02,-1.054524200379461651e-01,-4.394402599152033573e-02,1.419442040781846055e-02,2.825870056097299146e-02,5.524567968601951096e-02,-5.123188025270040968e-02,-5.300110276742110438e-01,-4.727584482715319059e-01,-4.761420948927941321e-01,-4.149624762265718969e-01,-6.307761153818931543e-01,-7.251346495003299086e-01,-5.323033226861861866e-01,-3.621164001835662782e-01,-2.495108324638289909e-01,-3.300242700159136677e-01,-2.707488087600373738e-01,-1.821666754187890591e-01,-2.774293418327857808e-01,-5.373491115073666391e-01,1.348549849425442204e-01,7.284886150108792202e-02,-1.141147380413663343e-01,-8.831043702010780982e-02,1.382568968627065908e-01,2.772603878179589199e-01,2.599311854863934901e-01,7.828278792389763152e-02,3.612533648105317741e-01,4.511505996725945211e-01,-1.256538406215681192e-01,3.525887636447491008e-02,-5.733249008536744212e-02,-2.503190719401628961e-01,3.682535406140337031e-01,7.752934434426435317e-02,2.488532817034217748e-01,2.240444394722241883e-01,9.545216889008628636e-02,2.283847311233843866e-02,1.738787960428229973e-01,9.137444091061647233e-02,2.900963266200749513e-01,-1.049775222665409458e-01,3.328142944229193212e-01,1.611478827093831001e-01,-1.723787583706440016e-03,5.672060257221071822e-02,2.246334953617556696e-01,1.798652477573637609e-01,3.722445084237275270e-01,1.810707574847770229e-01,2.083910783147522039e-01,-3.719043172317113011e-02,6.272531958565169541e-02,-2.361954295655827041e-01,6.186685053734226197e-02,-2.327021911509193075e-01,3.735938573799798407e-02,-5.040080915274127576e-02,4.013571117082848777e-02,2.137108466194356515e-01,-1.083840005114283661e-01,-3.955008002484080576e-01,8.020749379550627667e-03,-2.907904079782825391e-01,-7.783300493848018843e-03,-1.414396251960665651e-01,1.201011897559071118e-01,-1.242474126062526746e-01,-8.877163581733787945e-02,-1.904545547947551210e-01,-2.194233188504734200e-01,4.973869206760900274e-02,-2.499263680138085753e-01,-5.702654632878907670e-02,-3.149416994490729094e-01,-2.820824267276118569e-01,-1.050642824363168942e-01,6.832363369856320201e-02
4.350634376662427805e-01,1.349348956252326018e-03,4.930374963754797224e-01,2.010484281568715170e-01,1.380422796006292308e-01,-2.047996639185002514e-03,1.000000000000000000e+00,1.262748607841749360e-01,4.004095993278369847e-01,1.210098883761921013e-01,1.943359308110477746e-01,2.135692905529590901e-01,3.784181794519953512e-01,-2.239348476788229902e-01,3.849936870560676239e-01,8.253631940528187438e-03,-4.503788907940610153e-01,-9.386308788576881723e-02,1.935322576594389332e-01,9.992716712063544338e-02,2.527460735315270515e-03,-1.999365280863217922e-02,3.454538812618581645e-01,1.225578724579841072e-01,-2.627212098933991435e-01,-4.946539753281475327e-01,-2.920415809529463003e-01,-3.510065321275191996e-01,-5.484384311021509723e-02,-1.529787277762683639e-01,8.895428880633989011e-02,5.025925308626472132e-02,-7.336028987029354076e-02,-1.653489014564292758e-01,1.894408307057939833e-01,-2.335606601992287479e-01,-9.907783072177611672e-02,-2.827719417610944364e-01,-9.310507798141048896e-02,-1.992584288646518653e-01,-2.717191527641105164e-02,-2.259851274803705012e-01,-2.396110404599202381e-01,-3.096493290927397890e-01,-3.399149293703723207e-01,-2.817399523732331268e-01,2.724041014728680390e-02,-1.094662194712652664e-01,-2.019936573749568920e-01,-3.117315731673626633e-01,-1.916235339243679558e-01,-3.225354974668313557e-01,6.256093189554988443e-02,-2.934297436693615868e-01,1.566728844788339570e-01,-2.588535328512816536e-01,-3.197637383587259019e-01,-1.416405434839687616e-01,3.657374956905310448e-01,-9.298635353855919106e-02,5.965195472945667987e-01,8.284454632422275089e-02,-2.839500535401573988e-01,-3.182979481219848084e-01,1.391244985604661311e-01,-6.531899202948018845e-02,5.847407126662998444e-02,-4.289445625346755553e-01,5.085287530052124555e-02,1.015619113722034117e-01,1.249871572117108032e-01,-8.394503058295985087e-02,-1.837192258253061150e-01,-2.560566589571884252e-02,1.740705816812750939e-01,2.029046391576044134e-02,-1.825548130204183161e-01,-3.980944726922365784e-01,-1.340787097392856786e-01,-1.270191717143581145e-01,-4.134144921447798771e-01,-4.056654390863697612e-01,2.014867953304763371e-01,-6.151524353351339736e-02,2.460632572964161213e-01,-3.882768745333786686e-01,1.618282650934155797e-01,-3.042770480537182465e-02,2.296564525593108586e-01,-2.649678416581238150e-01,1.185646214859277341e-02,7.224610663738130489e-02,-1.509649785725212245e-01,1.151832580270280709e-01,-8.394046425823480095e-02,2.924114532556753576e-01,-1.903906262486044221e-01,-3.716737178330962732e-01,5.330955800259824101e-02,2.401270351538508929e-01,2.152268664281523081e-01,2.143661142174803358e-02,3.823360860660884319e-01,3.007769601519673097e-01,3.404880031233661203e-02,-2.322135944053389522e-01,4.760507683982931337e-01,4.652399946117367902e-02,4.106838299591998864e-01,-1.574719913057177345e-01,-3.719202993682489966e-01,-3.463534472326930680e-01,-8.123720002100509596e-02,8.878533479151302921e-02,-1.849886640988700759e-01,1.777327741107653514e-01
1.199778989883307639e-01,-1.004933913865416750e-01,1.544102705775715796e-02,6.078577315868662900e-01,6.935562308642453933e-02,3.109552979641040937e-01,1.262748607841749360e-01,1.000000000000000000e+00,2.777078876410138397e-01,4.649774309400464545e-01,-2.709040638006890434e-01,7.262351337590670086e-01,-3.419012806257691328e-01,7.689462520748238661e-02,-1.538417631493028404e-01,-2.222727054789047085e-01,-9.132421133864092322e-02,-4.618837459388249432e-03,-2.772444056814212313e-02,7.574391137676973751e-02,-3.754272367570875013e-01,-3.257090931507412024e-01,-9.166668569301968106e-02,1.222884592992061481e-01,-2.963316430321309355e-02,4.364264855966702022e-02,-2.765137937254132094e-02,1.075757610350944887e-01,1.674950740772028490e-01,2.884113527965314061e-01,1.887924125948368670e-01,4.060398777138238824e-01,2.664518971937651637e-01,3.931126124172068526e-01,2.937813506731904445e-01,3.840164935649068578e-01,-4.385840740292564210e-01,-4.192548214681190433e-01,-3.432940096669094276e-01,-4.508674875396413984e-01,-3.609565537034035154e-01,-3.637191801620588416e-01,-1.227770560447865172e-01,-1.647004833454721595e-01,-2.605248077006500074e-01,-9.990890182173524370e-02,-2.547780880341743784e-02,-1.753537189290141907e-01,-2.095372258207398031e-01,-1.226035357052346064e-01,8.378520921758308981e-02,-1.150325693111014236e-01,1.367089127809145988e-01,-1.549376810833148765e-01,-1.256401416473929833e-01,-3.599519622638924776e-01,-2.228526287189860899e-01,-1.040505583473557566e-01,8.852505428218516992e-02,2.748493683631323958e-01,2.048887072506387075e-01,6.044147227441785120e-01,-3.185696444431252577e-02,3.090831048268335435e-01,6.242850847852342983e-02,6.437170796526853200e-01,6.846518976503976339e-02,3.107224154031265617e-01,-7.965953482850025164e-03,-1.402752123911787663e-01,1.870800408229430500e-01,-1.321471543805894655e-01,7.582382205945811110e-03,1.773788839445739410e-02,1.181057058510601859e-01,-5.884394356935904874e-02,-2.835619159385281418e-01,-2.718447266940494100e-01,1.931897833050601754e-01,-7.940610380625998110e-02,2.756461920276536554e-02,-1.805045332188708052e-01,-3.523992611686594945e-01,-4.354150446700716381e-01,1.610314414288943272e-02,-1.605953574176520460e-01,-1.265260086440526954e-01,-4.446253216404978392e-01,1.152060896506533205e-01,-1.996648317651813220e-01,2.834294925215016803e-01,-2.526478975499384938e-01,1.815091246583818430e-01,-3.142384854414151940e-01,-1.328777663365975081e-01,3.354193826785604321e-02,5.796949238451193712e-03,-9.878101961464785807e-02,1.738057348472221986e-01,-3.279100616682154024e-01,5.586669984862633470e-02,-4.013045989739468244e-01,2.789796090769403047e-02,-3.279831228638162011e-01,4.624088732822057013e-02,-2.775663315745372506e-01,1.771665498448591058e-01,-3.705275703271086463e-01,1.467685261502001126e-01,-1.562071193568788374e-01,-1.559605378217261140e-01,-2.752877355367372436e-01,4.891675361709997560e-02,9.376262874181771900e-02,2.232247841840776653e-02,-1.573395678886912730e-01
2.833062017539253463e-01,-8.227832205831653312e-02,4.876401005504704678e-01,4.483925395386642032e-01,6.246298423019756019e-01,6.804942589882394532e-01,4.004095993278369847e-01,2.777078876410138397e-01,1.000000000000000000e+00,7.244497007915723374e-01,3.806716607038076322e-02,4.170310213270196353e-01,2.189803853521435362e-01,3.115375043665480348e-02,5.614638723803565545e-01,3.551299233542394851e-01,-1.529787277762683639e-01,1.462342661573692582e-01,-1.776072001808264716e-02,-7.298128491811438356e-02,2.431316768229339065e-01,2.656390913927061947e-01,2.955576509912349326e-01,3.386546237462584874e-01,3.162704999440625331e-01,2.706985791880617831e-01,4.509222834363419974e-01,4.507898600193155358e-01,-1.401290899999771689e-01,8.853875325636031968e-02,3.613172933566825007e-01,2.982883131768149232e-01,-1.717645876951247597e-01,-2.004776375662402355e-01,-1.731025208395644555e-01,-1.477411533166358149e-01,5.888275732952197306e-03,-6.992641367705582089e-02,7.268447381098612492e-02,-6.225955446369657587e-02,1.240464943183504642e-01,-1.192792513053980846e-01,-5.590756845491553495e-01,-5.146544776238672902e-01,-3.938523570226649673e-01,-3.917701129480420930e-01,-4.725164330611043018e-01,-6.416394019027875650e-01,-3.966195498060453573e-01,-3.591985186842591715e-01,-2.013041423414743403e-01,-4.246248193447780817e-01,-9.466676103737764469e-02,-4.117112530223361877e-01,4.191657781359806045e-02,-5.327371235350659706e-01,-1.196765215564774415e-01,-1.805981428757343120e-03,1.028130843468671590e-01,-1.468004904232754759e-01,3.544860715680074326e-01,1.741482092016009564e-01,-1.870138291144298262e-02,-8.963010486564730595e-02,3.152841738034516950e-01,2.479263177842365995e-01,-1.894636623294192190e-01,-2.072084002109642054e-01,-8.815061565473104876e-02,-1.761573920806230320e-01,3.252296290546109470e-01,2.631344622810161821e-02,4.164716465482010133e-02,1.487366121066967528e-01,2.565201409167809921e-01,7.459319754605708841e-02,4.955603907860699903e-02,-1.033153800666226779e-01,1.287543751098771949e-01,-1.789108858898282861e-01,1.471657964012794972e-01,-4.876606490117331438e-02,2.640774083367390390e-01,1.387500599330120099e-01,3.736189721659676222e-01,-1.257223354924438818e-01,4.995719070570265319e-01,1.375308512314236120e-01,3.658562201333823705e-01,-2.140259230254641099e-01,2.089207719828580223e-01,-1.891942491706412599e-01,2.013064255038368375e-02,-7.393564678564987225e-02,4.857884558744626075e-02,1.232884844139921360e-01,1.352773699796113588e-02,1.147289087168855762e-02,-9.928331533440337697e-02,-2.700729927007299302e-01,1.906646057321074172e-01,-2.733424812038658391e-01,1.915550390534922209e-01,-6.584868569758600687e-02,2.043361819589076533e-01,-2.506752452687168176e-01,1.901257794145514990e-01,-2.424010648669258916e-01,-1.058679555879257217e-01,4.361525061131672071e-02,-5.120471062058635781e-01,-2.269577546468062035e-01,-2.807033966606467534e-01,-3.630935936747269888e-01,-2.534926676240727428e-01,5.412693012838221823e-02
1.116489226898392390e-01,-1.692302774727219294e-01,2.380721890275783181e-01,6.383014185287758657e-01,5.018505030948265944e-01,7.319202080417545053e-01,1.210098883761921013e-01,4.649774309400464545e-01,7.244497007915723374e-01,1.000000000000000000e+00,-4.772037653913682731e-02,5.566555324448787534e-01,-8.020749379550627667e-03,1.726321893928842999e-01,3.497873234259307740e-01,4.399083081995209810e-01,-2.472893154850920941e-02,-3.004869985319266051e-02,-6.280751343070259396e-02,-1.525175289790382804e-01,2.367114242595133589e-01,2.077974561004956866e-01,2.055097274132455243e-01,4.003913340289367850e-01,3.350106966156684574e-01,4.390133085534111412e-01,4.455157549618826152e-01,5.103712650317702160e-01,-5.900833125946085278e-02,1.316699734468217316e-02,2.381498165479041806e-01,3.223756761014546224e-01,-1.296585074054371345e-01,-6.562493578605856082e-02,-1.601524239193221621e-01,-7.576217667566993719e-02,-5.852430083860553356e-02,-3.524974371502480330e-02,6.433266588886935033e-02,6.246503907632383612e-02,1.335649982077175392e-03,-1.958199863466890678e-01,-5.744824641714746383e-01,-4.163460726182621197e-01,-4.238576767909696397e-01,-3.583217843370495870e-01,-5.848434549726134746e-01,-7.075177687110864033e-01,-4.694524291705955976e-01,-2.898086481623967647e-01,-2.953247684302574005e-01,-2.641915664548653009e-01,-3.626415275269470051e-01,-1.730522912675889202e-01,-2.202087267031820339e-01,-4.960558370187378996e-01,-1.033884412622234766e-01,-4.948297788300619338e-02,-3.013089369824356253e-02,-1.579720038631107076e-02,2.028429937738162325e-01,4.264011196628225697e-01,1.373481982424216152e-01,-6.564091792259622686e-03,3.162020050731867427e-01,5.316092413279785989e-01,-2.828313039825200992e-01,-8.676245293831580385e-02,-1.637004582306861578e-01,-2.055005947637954244e-01,2.584060330282267337e-01,1.878380507273013644e-01,8.185365385888686285e-02,9.267127713253071886e-02,9.297722088910909122e-02,5.986223398304523630e-02,-4.894871789017532504e-02,-2.856921064227640333e-02,1.215487146937480195e-01,-2.129048903054642922e-02,9.535627607086022417e-02,1.727920107582610609e-01,5.412693012838221823e-02,2.030758763347937923e-01,1.178225937181070770e-01,1.895960857464456806e-01,3.073889983538399262e-01,2.333095123393509884e-01,1.246903461045825307e-01,7.417309567135248194e-02,1.412204416092641690e-01,-1.167951706549707896e-01,1.917171435812314861e-02,-1.365171271424624744e-01,6.209516677359477183e-02,-4.742356543200856867e-02,-1.446817157508522023e-01,-6.691948884561027371e-03,-1.377728664418512716e-01,-3.635502261472319807e-01,-7.259314731648511265e-02,-2.161309987237122476e-01,-9.401377660169547845e-02,-1.018039265826310713e-01,2.182018269865224763e-02,-1.029455077638936206e-01,-2.433622762215489552e-02,-4.755142252430997335e-02,-1.668329569920705691e-01,2.082929023331636306e-02,-4.451184847108032305e-01,-2.329990022580475661e-01,-2.833427323517257457e-01,-4.020215119557797312e-01,-1.460972764156177328e-01,-1.202541616341962910e-02
2.270171168682318386e-01,-5.312690501359623035e-02,2.257819260301057937e-02,-1.367226117550897346e-01,-9.153197911363070149e-03,-8.297696974124921243e-02,1.943359308110477746e-01,-2.709040638006890434e-01,3.806716607038076322e-02,-4.772037653913682731e-02,1.000000000000000000e+00,4.893501891600017528e-02,6.994764708702729816e-01,3.779615469794903593e-01,8.992234964805052855e-02,1.705727769418866613e-01,2.450951964547054829e-01,-1.266470162492665426e-02,1.545632424558607554e-01,-1.445858229316261401e-01,8.991321699860041483e-02,8.097235318695218675e-02,-1.010504830029977930e-01,-9.026025767770423647e-02,-2.551137129014655613e-01,-1.775455547970382908e-01,-1.094570868218151666e-01,-9.323750139843695051e-02,2.164323761555655423e-01,-7.145613245994762719e-02,-1.926555233122292932e-01,-2.150031165166248481e-01,-2.207292877218377525e-01,-3.116904762448372002e-01,-3.087817273949802210e-01,-4.786946704140971343e-01,1.633534175515823361e-01,9.500466906703136649e-02,1.129366262623033856e-01,1.560518643162271124e-01,2.397571628511218356e-01,1.431930938904858452e-01,-2.665249583893659624e-01,-3.265218989518001713e-01,-1.645269630059202348e-01,-4.466482034936950507e-01,-2.952014776626810111e-01,-2.456979513184121000e-01,-1.190372360949704250e-01,-2.581868494414243376e-01,-7.864352757717658904e-02,-1.596546945242917070e-01,-1.731527504115400184e-01,5.390774654157980822e-02,7.107256118304340620e-02,-7.763436981294050132e-02,1.482936786083668690e-01,-1.166033850165186792e-01,2.071125073917381432e-01,-3.068867026340844073e-01,3.271429191144069604e-01,-1.277589163198162570e-01,4.196475253944733641e-01,-5.010399804561301712e-02,-1.481064592946398084e-01,-3.412893931126124158e-01,-4.126199516426211633e-01,-6.536123053318690923e-01,-7.283059620218772234e-02,-6.960677094630229877e-02,-1.741847397994013558e-01,7.088077554459129570e-02,1.385491416451098134e-01,8.855245223053546944e-02,2.200763032861556001e-01,3.692033361568441419e-01,2.134688314090079919e-01,8.671678969106530466e-02,-2.012493464447737135e-01,1.009386080472340561e-02,1.849361513645319849e-04,6.307236026475550317e-02,6.665235884919484821e-02,2.229211235898618526e-01,7.851795364723771972e-03,-1.757806702908063998e-02,-3.675206454956631008e-02,1.691069867051455677e-01,2.072426476464020798e-02,9.736089262515724985e-02,4.158780243339444543e-02,6.748799627387902511e-02,2.034777129105982130e-01,1.034158392105737762e-01,-2.451888061115690270e-02,-1.841712919730860709e-01,7.994493012381589936e-02,2.965713750801960980e-01,2.424238964905511273e-01,3.375084762402708605e-01,1.544719159613597570e-01,3.942039640264938249e-01,-1.179253360244207106e-02,1.708878533479151196e-01,-6.936475573587463916e-02,-2.399831959250118066e-02,-5.843754066882958509e-02,-4.377507197669348177e-02,1.046373310745246990e-02,1.209779241031167518e-01,-8.520990253179874796e-02,2.770275052569813323e-01,5.522741438711931128e-02,2.283847311233843866e-02,-1.369783259396925579e-01,-1.000778558365621046e-01
3.824822084572900294e-01,8.657523362458874328e-02,2.332227521695750261e-01,7.805104694410133215e-01,2.852560224115217591e-01,4.869779834653381601e-01,2.135692905529590901e-01,7.262351337590670086e-01,4.170310213270196353e-01,5.566555324448787534e-01,4.893501891600017528e-02,1.000000000000000000e+00,-1.698832619084040818e-01,1.764496368630262269e-01,9.209592021717440125e-02,1.000139272904114057e-01,2.596183922427275706e-02,1.672941557893006526e-01,2.484377461534422182e-01,1.767007847229039863e-01,-1.323115420706912626e-01,-1.288845153645411246e-02,3.012632737351851261e-02,3.313348052120030363e-01,-2.335903413099415724e-02,7.009993401660771783e-02,1.503074278121140084e-01,2.429581564833820095e-01,2.105052866624504138e-01,3.596779827803894825e-01,2.901602551662256224e-01,5.130014680733990806e-01,2.727077620670838587e-01,3.510978586220201980e-01,1.412067426350890054e-01,1.544034210904839943e-01,-3.443259990547707927e-01,-3.078593298005201095e-01,-1.175531805593291179e-01,-2.316793344125080700e-01,-1.949067214016790284e-01,-2.563877174997545860e-01,-4.033183481776939638e-01,-3.782994550091440811e-01,-5.334814344652490936e-01,-3.787058579096735378e-01,-2.875483174234969574e-01,-4.652148798257490503e-01,-5.837292717397012387e-01,-4.574018982211882078e-01,-3.623949459917943372e-01,-4.342004022932082763e-01,-2.930096417946569387e-01,-3.087451967971798217e-01,-8.262992906214539079e-02,-4.486984832952425895e-01,-7.071182152976444868e-02,2.357821771779656725e-02,1.341746025585117408e-01,9.158449184796878251e-02,3.800072604563128342e-01,6.348538433613629683e-01,2.393370609764172152e-01,3.737239976346438119e-01,7.752021169481425333e-02,5.308329661247199738e-01,-8.784467189815269028e-02,1.165485891198180801e-01,7.824169100137218225e-02,-9.036984947110543454e-02,3.272296792841829505e-01,2.552347205066794050e-02,1.232428211667416368e-01,1.648100751388733576e-01,3.113388692410083425e-01,2.979686704460614566e-01,-6.177552404284125664e-02,-1.487936911657598664e-02,1.612940051005847253e-01,-1.135622127496352662e-01,4.039142535543130408e-02,-5.644205676398265925e-02,-2.015141932788266366e-01,-1.280648600763946154e-01,7.067529093196404932e-02,-8.057964926059786592e-02,1.557733185079990534e-01,-1.047172417572130865e-01,1.992995257871773007e-01,-1.641251264301158141e-01,-3.303964254810052431e-02,-4.367529778145113339e-01,-8.684008045864165248e-02,-5.130653966195497517e-01,1.507115475502809367e-02,1.377774327665763354e-01,2.179255643406569631e-01,9.195893047542290366e-02,3.022107861156330677e-01,-2.477482311199596388e-01,2.641093726098143746e-01,-2.907127804579567321e-01,2.612280217083077227e-01,5.612241403322914407e-02,1.368413361979410325e-01,-2.538077440301012011e-01,2.450358342332798200e-01,-2.779544691761665076e-01,1.919203450314962145e-01,3.809913034345611266e-02,-3.003522919525375978e-01,-2.129848009881526727e-01,-2.133135763683562947e-01,-1.598556128121939035e-01,-3.185399633324124680e-01,-6.012251449237309558e-02
1.504124532807901704e-01,-1.081967811977013055e-01,1.200829244570069121e-01,-3.248780220507820893e-01,2.018840655815556939e-01,-1.997538750973197955e-02,3.784181794519953512e-01,-3.419012806257691328e-01,2.189803853521435362e-01,-8.020749379550627667e-03,6.994764708702729816e-01,-1.698832619084040818e-01,1.000000000000000000e+00,2.795618154793841903e-01,3.796739187513841762e-01,1.586181388117053059e-01,-9.584487281644059331e-02,-9.286762909570787927e-02,-1.022011968337104421e-01,-2.917493361705431054e-01,9.263018021000526958e-02,8.404548972691094910e-02,1.792533602442070439e-01,-5.815442853587646926e-02,-1.446406188283267391e-01,-2.691825593793451543e-01,-1.347179952007927228e-01,-2.009251373892951553e-01,-1.587688275276319672e-01,-2.139026322578877481e-01,-2.404466778846044150e-01,-3.619931094159898888e-01,-4.875487740559694694e-01,-5.600711433392162597e-01,-3.539883421729769220e-01,-6.259038469002645710e-01,1.057263995214491742e-01,-5.251273433807698111e-05,1.809862804773635855e-02,-8.938808965521964633e-02,1.170919817620990483e-01,1.911691846142254611e-02,-1.803218802298687806e-01,-2.553283301635428937e-01,3.224053572121673983e-02,-2.015141932788266366e-01,-1.613579336467354242e-01,-1.454214603563103170e-01,1.301790684240928531e-01,5.591464625823936059e-03,7.651105393057816562e-02,-9.795908116413883093e-02,1.509010500263705257e-01,-5.204925237848439384e-02,1.774998915497877916e-01,-1.339554189717093446e-01,4.832769772756850130e-02,-1.637780857510120203e-01,2.749589601565335939e-01,-2.085965629273794641e-01,2.613284808522588487e-01,-3.752217521444602411e-01,2.672898177808118517e-02,-2.435289470740132634e-01,1.252771188317514800e-02,-4.809276032046466698e-01,-3.204395544180333455e-01,-7.739943240583667672e-01,-2.224142615453812699e-01,-1.257497334407941814e-01,-1.231651936464157743e-01,-1.725591281972835012e-01,-1.596090312770412079e-01,-9.532887812250992465e-02,1.813515864553676138e-02,8.064357780674856480e-02,1.125804529337494780e-01,-2.432549675905102682e-01,-2.109710517844055333e-01,-1.932034822792353113e-01,5.063369171371883554e-02,-9.658461742189872190e-02,2.764612809910751423e-01,1.323115420706912626e-01,3.693357595738706034e-01,-1.615953825324380200e-01,1.753765505526394541e-01,1.086351483713061256e-01,2.134825303831831278e-01,-1.207450415421391920e-01,1.806278239864471391e-01,1.562436499546792368e-01,3.159508572133090110e-01,2.616481235830123708e-01,-1.974775622218822857e-01,-2.762010004817472830e-01,-1.992995257871773007e-01,-2.300742712716529262e-02,-6.314542146035631576e-02,2.469491242930758612e-01,2.290536976956042137e-01,2.893246177415414455e-01,1.034523698083741894e-01,5.166568110158017979e-02,7.545623291909157870e-02,-6.808618481286059232e-02,6.106317738573343451e-02,-9.653438784992317279e-02,-1.829041368618846558e-02,2.786143030989362765e-02,-2.229393888887620523e-01,6.625508859811547746e-02,6.870263865074237308e-02,9.927418268495327713e-02,-9.938377447835447520e-02,-5.600597275274036765e-03
