1.000000000000000000e+00,7.955672728897627000e-01,1.299879351177443132e-01,-2.734706644622190291e-02,2.565172706555252646e-01,3.536619151883462209e-01,1.923723133294606424e-01,5.350105009160373293e-02,2.862505027034273342e-01,1.131685955583359438e-01,4.793958621922337904e-01,2.096385003798203750e-01,3.742481790964743982e-01,3.358237633495688157e-01,-2.680638098217078338e-02,-2.785468519594262449e-01,1.288127262165423004e-01,5.065284418427991042e-01,4.986773314267840540e-01,5.710710934358103064e-01,7.134813888020018202e-02,7.878814960453997540e-02,-3.474239242146655582e-01,-3.529380222530050237e-01,-4.048885115510076488e-02,1.592743196746950196e-01,-4.494392063988560809e-02,2.673890701103713297e-01,1.464676705840296800e-01,-6.550784217346619469e-03,-1.168818982081415575e-01,6.041378077662093796e-03,1.015594977434201712e-01,2.685240627373877143e-01,-5.203628401626524402e-01,-1.603244112784306674e-01,-3.121765941284239676e-01,-1.541623843782117089e-03,-3.024755350998704073e-01,-2.073729836006970861e-01,3.020420930336475962e-01,1.371374949729657344e-01,-6.243934045310335357e-01,-4.259037490504490875e-01,-3.206577595066803510e-02,1.263237856919433300e-01,-4.863800884758032184e-01,-4.433039903480942012e-01,-1.572456320657759574e-02,2.757093703918852556e-01,4.029760042897359007e-01,1.722328969122838283e-01,2.937932883506859105e-01,-2.788417713034541112e-01,-7.283167255015862707e-02,-2.063675767460565746e-01,7.897761294070333449e-01,7.046204030564368059e-01,7.102283390678760799e-01,5.221457616515483569e-01,6.824791098797979849e-01,1.923857187541891944e-01,2.390902185084230747e-01,2.169489253317842536e-01,-2.517538764019839892e-01,-4.396755887215693104e-01,-2.678448545511417089e-01,-1.381741811519728302e-01,6.490861968810045513e-01,6.919522766879664388e-01,1.006389919120604104e-01,-3.159569239018722997e-01,3.442915233030966471e-01,3.330488404307609951e-01,-1.878278743464855405e-01,-6.164261137673712060e-02,-5.559229634925599850e-02,-2.958666607087001021e-01,6.431475937262612352e-02,-2.087403369230081684e-01,6.309933419723848247e-02,-2.071227490057643283e-01,1.237231332946065465e-01,-2.596183922427275359e-01,1.436435944412172150e-01,-4.336208052191786733e-01,-1.974350954019393201e-01,-2.137182179722060815e-01,2.523213727154922092e-01,-3.690155949774341915e-01,-2.934134679833772519e-01,-5.742973323204789704e-01,-1.278788149604540014e-01,-4.858528084364806543e-01,-3.248536574467134619e-01,-4.043076098127709184e-01,-5.262567585683006754e-01,-4.014254434961347928e-01,-5.183564949282809531e-01,-4.110907547254122330e-01,-8.974485008266679109e-02,-4.070333795075740668e-01,-1.710442825863532912e-01,-3.917243844675812325e-01,1.389248849367710759e-01,-4.942401358416372292e-01,-1.843782117163412226e-01,-1.593279413736091998e-01,-2.109611689530363210e-01,-9.518298404754457764e-02,-3.845926985119978436e-01,-5.275124000178739170e-01,-4.305152151570668662e-01,-4.651056794316099641e-01,-4.462353098887349989e-01,-2.912641315519013396e-01
7.955672728897627000e-01,1.000000000000000000e+00,-2.402564904598060713e-01,-1.175923857187541888e-01,1.098485187005674990e-01,1.603556906027972517e-01,-2.282407614281245778e-01,-2.445641002725769675e-01,1.017427052147102245e-01,-5.086018142008132820e-02,1.028151391929934266e-01,-1.157156262567585747e-01,-3.087716162473747722e-02,5.916260780195719410e-02,-3.553152509048661534e-01,-5.287501675678091262e-01,2.047946735779078709e-01,5.704499754233880449e-01,2.214754904151213233e-01,3.826399749765405089e-01,1.521739130434782705e-01,1.635238393136422552e-01,-5.619732785200410863e-01,-4.681799901693551869e-01,-2.501452254345592000e-02,2.912551946020823165e-02,-8.883774967603556838e-02,1.522498771169399912e-01,-2.746771526877876679e-02,-1.425890343625720591e-01,-3.520219848965547849e-01,-2.386925242414763837e-01,-1.121855310782430004e-01,1.108181777559318938e-02,-4.368336386791188408e-01,-2.792930872693150102e-01,-1.609053130166674117e-01,1.869788641136780061e-01,-3.405245989543768670e-01,-1.811877206309486510e-01,3.548862773135528781e-01,1.654542204745520217e-01,-4.679118816747843690e-01,-2.839983913490325973e-01,2.662764198579025132e-01,3.820814156128513606e-01,-2.657714821931274618e-01,-1.851289155011394683e-01,2.396711202466598190e-01,5.336520845435452909e-01,4.706912730685017254e-01,3.981500513874614566e-01,3.551633227579427121e-01,-1.653737879261807930e-01,5.147683095759417182e-02,1.543858081236873861e-02,9.184011796773761116e-01,9.083605165556994931e-01,7.494526118235845802e-01,6.327092363376379813e-01,4.970642119844497220e-01,-1.020063452343715066e-01,1.339201930381160935e-02,5.636534250860181228e-02,-4.734081058134858577e-01,-4.971223021582733548e-01,-2.760266321104606901e-01,1.584074355422494459e-02,7.822288752848652882e-01,7.566066401537154817e-01,-3.802672147995889151e-02,-3.371598373475133137e-01,2.095223200321730261e-01,2.350507171902229686e-01,-2.082264623084141286e-01,-1.693551990705572177e-02,-1.510701997408284425e-01,-3.430895035524375580e-01,-2.068903883104696549e-03,-2.261941999195674624e-01,1.279771214084632867e-02,-2.176460074176683468e-01,-6.278207247866303409e-02,-3.163680235935475427e-01,5.795611957638857614e-02,-3.481790964743732841e-01,-3.168908351579605709e-01,-2.508065597211671660e-01,1.610974574377764812e-01,-2.702131462531837669e-01,-2.993431341883015517e-01,-4.812860270789579564e-01,-1.872603780329773482e-01,-4.735466285356807470e-01,-3.418740783770499170e-01,-4.256177666562402373e-01,-4.450913803118995427e-01,-2.527145985075293644e-01,-3.776576254524330878e-01,-3.648241655123106719e-01,-6.086062826757227505e-03,-3.270119308280083903e-01,3.148934268734081277e-02,-2.897582555073953126e-01,1.579918673756646741e-01,-4.151883462174359996e-01,-2.456320657759506754e-01,-1.296125832253451904e-01,-2.245095848786809178e-01,-3.744581974172214982e-03,-3.943741900889226604e-01,-3.159345815273247315e-01,-3.047053040797175760e-01,-3.790294472496537059e-01,-3.337235801420975201e-01,-3.633719111667187973e-01
1.299879351177443132e-01,-2.402564904598060713e-01,1.000000000000000000e+00,5.124983243219088935e-01,1.509316770186335532e-01,2.839537065999374610e-01,8.473256177666562694e-01,6.550426739353858441e-01,3.428124581080477240e-01,9.668886009205057697e-02,5.034898789043299461e-01,5.111890611734215550e-01,6.368783234282139327e-01,2.597703203896510327e-01,6.586129853880869911e-01,3.989811877206309587e-01,-2.720005362169891638e-01,-2.424147638411010275e-01,5.062201170740425749e-01,3.591760132266857419e-01,-2.452120291344564162e-01,-1.172438446758121422e-01,5.946601724831315217e-01,5.054694132892443292e-01,9.196121363778542168e-02,2.841815988203226229e-01,1.709593815630725266e-01,3.283301309263148560e-01,2.362348630412440254e-01,9.360114392957682994e-02,3.750033513561821241e-01,4.044729433844229116e-01,3.369676929264042164e-01,2.372536753206130611e-01,1.928638455695071141e-01,2.886098574556503760e-01,-1.504222708789490215e-01,-2.595915813932704874e-01,1.131730640332454518e-01,-2.067429286384556975e-01,-1.578310022789222167e-01,4.296438625497117636e-02,-1.874257116046293414e-01,-1.820501362884847374e-01,-5.047053040797175871e-01,-5.072165869788640702e-01,-4.256043612315116853e-01,-4.954242816926582860e-01,-5.036105277268868585e-01,-5.585995799633585168e-01,-2.363287010143438061e-01,-5.039322579203717734e-01,-3.491979087537423476e-01,-3.613923767818043586e-01,-2.905536440412886945e-01,-4.256356405558782696e-01,-2.598328790383842013e-01,-3.532820948210375622e-01,-2.195272353545734967e-01,-2.152196255418025728e-01,-1.946020823093078458e-02,3.452030921846374056e-01,2.874078377049912869e-01,1.960766790294472539e-01,5.727735823763349110e-01,2.673622592609142257e-01,2.129898565619554041e-01,-4.265159301130524300e-02,-3.554493051521515623e-01,-1.286697350194378753e-01,3.776844363018901918e-01,3.754189195227669029e-01,3.157424371062156343e-01,2.124804504222708723e-01,-1.962107332767326628e-02,9.258233165020778033e-02,4.396934626212073982e-01,3.702220832030028164e-01,1.676258992805755299e-01,2.003664149425801039e-02,-3.829482997452969550e-02,2.535412663657893653e-02,1.724875999821260941e-01,9.299343134188300941e-02,1.866660708700120519e-01,5.023906340765896261e-02,1.312703874167746587e-01,1.408150498234952419e-01,-9.989722507708119481e-02,-7.375217838151838790e-02,1.389070110371330158e-01,-3.028285446177219828e-02,1.710219402118057230e-01,1.210241744492604743e-01,-7.767103087716162313e-02,1.759238571875419016e-02,-1.517672818267125356e-01,-2.241252960364627511e-01,-4.142723088609857190e-02,-3.392466151302560295e-02,-9.137137494972966123e-02,6.549443674873765830e-02,-3.204924259350283577e-01,-7.493185575762992268e-02,-4.279011573350015307e-02,-1.669869073685151251e-02,6.028419500424505445e-02,-1.185218284999329796e-01,-2.325394342910764439e-02,-3.402698958845346011e-01,5.215157066893069682e-02,-3.640511193529648581e-01,-7.941373609187184213e-02,-2.450645694624424553e-01,-4.863488091514366063e-02,2.463917065105679371e-01
-2.734706644622190291e-02,-1.175923857187541888e-01,5.124983243219088935e-01,1.000000000000000000e+00,-6.999419098261763783e-02,2.753474239242146779e-02,3.488717100853478970e-01,6.271772643996603724e-01,7.605344295991778303e-02,-6.312614504669555870e-02,1.313776308146029637e-01,1.000625586487331881e-01,2.231288261316412835e-01,5.266991375843424472e-02,3.073059564770543872e-01,1.166540059877563817e-01,-1.616604852763751654e-01,-3.558469994190982533e-01,2.534072121185039772e-01,3.208811832521560325e-01,-2.398543277179498723e-01,-1.893069395415344636e-01,5.231824478305554527e-01,6.926404218240314048e-01,1.709057598641583742e-01,2.556503865230796979e-01,1.901202019750659056e-01,1.929844943920639988e-01,-4.207515974797801372e-02,-2.217078511104160210e-01,1.688279190312346467e-01,3.358282318244782960e-01,3.674471602841949958e-01,3.738772956789847557e-01,5.163680235935474983e-01,3.939854327717949856e-01,6.053889807408731338e-02,-2.356539613030072811e-01,3.437687117386835634e-01,2.277134813888019929e-02,-2.263908128155860400e-01,-7.948970016533357663e-02,-1.509584878680906295e-01,-1.232494749541981349e-01,-1.775325081549667117e-01,-2.411367800169802178e-01,-4.151883462174359996e-01,-3.971535814826399613e-01,-4.129451718128602788e-01,-4.043120782876803987e-01,-4.112605567719737065e-01,-3.492157826533803799e-01,-5.574958666607087165e-01,-4.204834889852093749e-01,-3.089995084677599757e-01,-2.374636936413601906e-01,-1.293712855802314765e-01,-2.026051208722463026e-01,-3.665266544528352211e-01,-3.318334152553733540e-01,-3.433218642477322557e-01,3.052817373430448122e-01,-7.613387550828902561e-02,1.189552705661557769e-01,4.594307162965279856e-01,6.459627329192546563e-01,5.679878457482461229e-01,4.807810894141829605e-01,-2.076008758210822758e-01,-9.028106707180838519e-02,2.061664953751284612e-01,3.706019035703114750e-01,1.514455516332275931e-01,1.112516198221547015e-01,1.832119397649582260e-01,6.901112650252469449e-02,4.710621564859913124e-01,4.994816569104964521e-01,2.253854059609455285e-01,9.353411680593413935e-02,2.744090441932168709e-02,1.545779525447964486e-01,-2.085437240269896048e-02,4.946154877340364076e-02,3.530542026006524003e-01,4.241833862102864505e-01,2.476830957594172988e-01,2.383216408239867690e-01,-2.061754323249475052e-01,9.440100093837973383e-02,-3.162339693462621476e-02,-6.255864873318736641e-02,-3.677554850529514419e-03,4.848742124312972052e-02,-3.281201126055677264e-02,-5.174493945216497581e-03,-5.437687117386835745e-02,-1.409446355958711428e-01,-7.658519147414986905e-02,-2.197238482505920742e-01,-3.098261763260199420e-01,9.081281558604048509e-02,-3.434246391706510804e-01,-2.437553063139550474e-02,-2.941597032932660033e-02,1.068725144108315789e-01,-3.266455158854283166e-03,-3.364314759372626085e-02,-2.429375754055141112e-01,-3.608338174181152103e-01,4.944367487376558068e-02,-2.869207739398543233e-01,-7.614728093301756373e-02,-9.326600831136333536e-02,5.261182358461057029e-02,8.657223289691227952e-02
2.565172706555252646e-01,1.098485187005674990e-01,1.509316770186335532e-01,-6.999419098261763783e-02,1.000000000000000000e+00,8.474596720139416783e-01,3.930649269404352109e-01,2.854104294204388159e-01,7.990169355199070456e-01,5.437240269895884381e-01,2.503775861298538907e-01,2.503641807051253387e-01,4.568568747486482784e-01,4.789847625005585474e-01,2.874167746548103031e-01,1.820143884892086450e-01,3.408776084722284216e-01,3.116537825640108839e-01,2.168461504088654568e-01,2.622011707404263148e-01,-1.936190178292148956e-01,-3.141784708878859328e-02,-1.153313374145404219e-01,1.877653156977523649e-02,5.993565396130300371e-01,6.626256758568300764e-01,5.014120380714062186e-01,7.395638768488315140e-01,5.369453505518566594e-01,3.780642566691987949e-01,4.796505652620760562e-01,4.882345055632512643e-01,3.064390723446087650e-01,3.285133383976048815e-01,-3.416953393806693717e-01,1.325483712408954962e-01,-2.905044908172840779e-01,-9.064301353947896989e-02,-2.336565530184548170e-02,-8.196970374011350313e-02,-1.122704321015237511e-01,-1.614102506814424354e-01,-7.697394879127754386e-02,2.172304392510835958e-01,1.233835292014835300e-01,3.226104830421377412e-01,-2.806246927923499723e-01,-2.363287010143438061e-01,1.063362974216899709e-01,1.573350015639662092e-01,2.557308190714509266e-02,-6.389919120604137769e-03,-1.721479958890030915e-01,-4.217167880602350483e-01,-2.286205817954332087e-01,-1.684257562893784477e-01,2.472764645426515917e-01,2.178247464140488920e-01,2.336029313195406298e-01,2.019661289601858978e-01,3.443853612761964555e-01,2.801912507261271612e-01,3.881585414897895103e-01,4.649582197595960587e-01,1.389561642611376602e-01,-7.470396353724473304e-02,1.108494570802984885e-01,1.668483846463202080e-01,2.477188435586934190e-01,2.505965414004200364e-01,-3.215067697394879270e-02,-2.143929576835426065e-01,1.668886009205058363e-01,3.349121944680280571e-02,-1.360248447204968902e-01,1.488002144867956456e-01,-1.228875284865275502e-01,-2.049510701997408202e-01,2.444791992492962029e-01,2.336029313195406298e-01,2.605791143482729111e-01,2.734259797131239345e-01,2.653112292774476022e-01,1.756065954689664532e-01,1.510121095670047819e-01,-7.785423834845167645e-02,8.715313463514902381e-02,6.738460163546181048e-02,-1.422896465436346569e-01,-1.631306135216050723e-01,-4.840832923723133452e-01,-4.855802314670003006e-01,-3.476875642343268402e-01,-3.584833996157111846e-01,-1.194423343312927266e-01,-9.551365119084856414e-02,-3.088833281201125991e-01,-2.234684302247642862e-01,-3.893337503909915509e-01,-2.399213548415925767e-01,-2.418874838017784634e-01,-6.484203941194870147e-02,-2.152911211403547853e-02,-1.485857276911390079e-01,-1.906027972652933611e-01,-4.541802582778497466e-01,-2.144867956566423942e-02,-5.103445194155235148e-02,-1.488002144867956456e-01,-2.709549130881629964e-01,-1.978730059430716393e-01,-3.145270119308279932e-01,-2.962017963269136245e-01,-2.758568300638992166e-01,-3.956923901872291260e-01,-1.282050136288484798e-01
3.536619151883462209e-01,1.603556906027972517e-01,2.839537065999374610e-01,2.753474239242146779e-02,8.474596720139416783e-01,1.000000000000000000e+00,4.754278564725858969e-01,4.426292506367576762e-01,8.188078108941417854e-01,7.022833906787613323e-01,2.526967246078913321e-01,3.305509629563430085e-01,4.169087090575986365e-01,6.383797309978104240e-01,2.102998346664283480e-01,1.589213101568434650e-01,1.170829795790696570e-01,1.103623933151615388e-01,2.138835515438580748e-01,3.385629384691005161e-01,-6.595468966441753178e-02,1.563653425086018178e-01,-7.635729925376469329e-02,1.350641226149515151e-01,4.153313374145404246e-01,6.141337861387908825e-01,2.499039277894454514e-01,6.523213727154921759e-01,4.163635551186379846e-01,2.246034228517806985e-01,3.723848250592072806e-01,4.466330041556816899e-01,2.689262254792439411e-01,3.568390008490102128e-01,-3.713615443049287368e-01,1.681621162697171379e-01,-2.194870190803878685e-01,-6.079806961883908734e-02,-3.350015639662183575e-02,-1.824746414048885046e-01,2.288306001161803313e-02,6.868939630903972415e-02,-2.613208811832521405e-01,-5.707583001921444354e-02,4.649448143348675067e-02,2.359086643728495469e-01,-4.025604361231511774e-01,-4.592296349255998722e-01,1.115867554403681960e-01,1.589347155815720170e-01,1.929487465927878787e-01,-7.923052862058178880e-02,-3.567630367755485199e-02,-4.779123285222753315e-01,-2.111309709995978501e-01,-3.973546628535680747e-01,2.479780151034451929e-01,1.950131820009830541e-01,2.778050851244470154e-01,2.673175745118190894e-01,4.647884177130345296e-01,2.848652754814781640e-01,4.006389919120604270e-01,3.689530363287010228e-01,7.685776844363018806e-03,-1.776710308771616287e-01,-6.175432324947495791e-03,9.333750390991554791e-02,1.791143482729344594e-01,2.925376469011126690e-01,6.700031279324367151e-02,-2.273828142454979995e-01,3.311720809687653810e-01,2.704008221993833283e-01,-2.178738996380535364e-01,9.646990482148443125e-02,8.325662451405335673e-02,-9.389159479869520208e-02,3.001876759461995503e-01,-3.110952232003217147e-02,1.815675409982572819e-01,6.749184503329014317e-02,3.655078421734662131e-01,3.029625988650073640e-02,2.534429599177800418e-01,-2.549845837615621891e-01,2.592162295008713577e-02,-7.393538585280844122e-02,4.830421377183967413e-02,-3.991241789177353838e-01,-3.059966933285669377e-01,-6.265069931632334388e-01,-1.007149559855221449e-01,-4.824657044550694773e-01,-2.949282809777022951e-01,-3.289065641896420922e-01,-4.946914518074981282e-01,-5.138120559453058789e-01,-4.914875552973770323e-01,-3.932972876357299086e-01,-7.277805085124447459e-02,-2.804414853210599468e-01,-1.773984539076813027e-01,-4.460386969927163658e-01,5.990437463693641662e-02,-5.016220563921534037e-01,1.141516600384288871e-01,-2.550560793601143739e-01,-3.978149157692479343e-01,-4.135216050761875151e-01,-3.112828991465212969e-01,-5.509093346440859795e-01,-4.013003261986684000e-01,-5.100272576969480109e-01,-5.577461012556415021e-01,-1.190982617632602020e-01
1.923723133294606424e-01,-2.282407614281245778e-01,8.473256177666562694e-01,3.488717100853478970e-01,3.930649269404352109e-01,4.754278564725858969e-01,1.000000000000000000e+00,7.445641002725770230e-01,4.897761294070333560e-01,2.456410027257696915e-01,5.604182492515304981e-01,6.286831404441663995e-01,7.328701014343804720e-01,5.014656597703204266e-01,6.363152955896153040e-01,3.549801152866526865e-01,-2.371687742973323243e-01,-1.766030653737879208e-01,5.484159256445775288e-01,4.067608025380937686e-01,-3.525135171366012843e-01,-2.242280709593815757e-01,3.947361365565932312e-01,3.674114124849188756e-01,7.349300683676661394e-02,3.061754323249474830e-01,1.521426337191116585e-01,3.617453862996559133e-01,3.879217123195853323e-01,2.877965950221189617e-01,4.644756244693686309e-01,5.182894678046382486e-01,3.909826176326020031e-01,3.671164931408910093e-01,-6.730863756200008985e-02,2.790160418249251761e-01,-2.860807006568658051e-01,-2.398230483935832602e-01,9.299789981679253137e-02,-2.160194825506054905e-01,-2.383171723490772609e-01,-4.757138388667947471e-02,-1.233567183520264537e-01,-6.906921667634836892e-02,-4.135618213503731155e-01,-3.293980964296885361e-01,-3.879440546941329004e-01,-5.152955896152643378e-01,-3.386880557665668534e-01,-4.333303543500603427e-01,-1.136958755976585217e-01,-5.033334822824969690e-01,-2.331516153536797864e-01,-3.998525403279860613e-01,-2.075249117476205274e-01,-5.337280486170070670e-01,-2.067027123642700692e-01,-3.467089682291433772e-01,-1.233075651280218094e-01,-1.472496536931945099e-01,2.361276196434156927e-01,4.327628580365521227e-01,5.364180705125340953e-01,3.784083292372313334e-01,4.988694758478930957e-01,1.579695250011171059e-01,1.458376156217882913e-01,-9.523213727154922204e-02,-3.287233567183520111e-01,-1.734661959873095294e-01,3.738460163546181714e-01,2.030743107377452061e-01,3.865901067965503146e-01,2.600026810849457304e-01,-3.623039456633451311e-02,1.346440859734572559e-01,3.029268510657312508e-01,1.739487912775369849e-01,1.575003351356182024e-01,1.518834621743598949e-02,1.973278520041110012e-02,2.353098887349747495e-02,2.501541623843782092e-01,3.152062201170740402e-02,1.516421645292461706e-01,-1.134635149023638240e-01,7.101300326198668744e-02,-4.897448500826667717e-02,-4.525671388355154146e-02,-2.629652799499530569e-01,7.515974797801509844e-02,-2.077081192189105807e-01,1.675946199562089456e-01,-7.758166137897135051e-02,2.614057822065328929e-03,3.717324277224183515e-02,-1.072478663032307017e-01,-3.342240493319629802e-01,-1.244425577550382078e-01,-1.257116046293400013e-01,-4.802716832744984010e-02,-4.160596988247911021e-02,-3.320523705259394998e-01,-2.037133026498056110e-01,-1.803476473479601397e-02,-2.011305241521068876e-01,1.368783234282139605e-01,-2.603110058537021487e-01,2.155145448858304669e-02,-3.392287412306179695e-01,2.266857321596139202e-02,-4.046472139058939210e-01,-7.579427141516600908e-02,-2.056034675365297770e-01,-1.575450198847133387e-01,1.974216899772107681e-01
5.350105009160373293e-02,-2.445641002725769675e-01,6.550426739353858441e-01,6.271772643996603724e-01,2.854104294204388159e-01,4.426292506367576762e-01,7.445641002725770230e-01,1.000000000000000000e+00,3.444702622994771923e-01,2.851780687251441182e-01,2.453416149068322893e-01,5.173510880736404971e-01,4.721345904642745284e-01,5.743062692702980421e-01,4.437240269895884603e-01,2.753921086733098211e-01,-3.174940792707449111e-01,-3.508289020957147120e-01,3.343849144287054931e-01,4.280173376826489351e-01,-3.010500916037356367e-01,-1.392242727557084780e-01,3.930470530407971785e-01,5.652888869029000229e-01,4.197685329996871800e-02,3.094552929085302995e-01,1.150811028196076641e-01,3.004915322400464883e-01,1.457080298494123904e-01,4.554716475266991360e-02,4.175119531703829212e-01,5.908306894856785174e-01,4.015237499441440816e-01,5.270655525269225539e-01,1.085169131775325091e-01,4.361946467670583805e-01,-1.322087671477724657e-01,-2.017337682648912001e-01,3.126413155190133630e-01,-5.157066893069395253e-02,-2.560436123151168530e-01,-5.930113052415210417e-02,-2.288484740158183983e-01,-1.693641360203762547e-01,-3.498994593145359766e-01,-2.406497162518432542e-01,-5.112694937217927560e-01,-6.394208856517270556e-01,-3.778274274989946169e-01,-4.355065016309933590e-01,-2.057107109343581097e-01,-5.699584431833415454e-01,-2.953751284686536582e-01,-5.812279369051343014e-01,-2.102506814424237036e-01,-6.553152509048661978e-01,-2.330801197551275739e-01,-3.596943563161892898e-01,-2.774565440815049966e-01,-1.820322623888466773e-01,1.205639215335805869e-01,5.809732338352919800e-01,3.392957683542606739e-01,3.759998212610036195e-01,4.328432905849233792e-01,3.610348987890433237e-01,2.950712721748067202e-01,2.152732472407167530e-01,-3.237722865186111743e-01,-1.122570266767952130e-01,4.287501675678090929e-01,2.015460923186916387e-01,3.657178604942133426e-01,3.214084632914785966e-01,1.866750078198310958e-01,5.079762277134813875e-02,4.792484025202198294e-01,3.876536038250145144e-01,3.052951427677733642e-01,-2.763751731534027506e-02,7.989186290718977568e-02,1.026364001966128953e-01,2.345145002010813606e-01,-3.070735957817596895e-02,3.462531837883730534e-01,3.248581259216229596e-03,1.796058805129809310e-01,-6.664730327539210297e-02,8.970463380848116286e-02,-3.189954868403414023e-01,7.406497162518432820e-02,-3.133160552303498880e-01,2.174225836721926930e-01,-2.123061799007998629e-01,-2.036284016265248534e-02,-8.562491621609544246e-02,-1.481790964743733008e-01,-4.714509138031189872e-01,-1.953706599937441446e-01,-2.647258590643013498e-01,-3.051074668215738098e-02,-1.839894543992135478e-01,-4.240895482371866421e-01,-3.244961794539523714e-01,7.929755574422449327e-02,-1.875999821261003508e-01,2.416104383573886294e-01,-3.052862058179543481e-01,-2.005764332633272196e-01,-4.208543724026989619e-01,9.790428526743822496e-03,-4.545913579695249895e-01,-1.010947763528307758e-01,-2.237722865186111965e-01,-1.980651503641807087e-01,1.365074400107243457e-01
2.862505027034273342e-01,1.017427052147102245e-01,3.428124581080477240e-01,7.605344295991778303e-02,7.990169355199070456e-01,8.188078108941417854e-01,4.897761294070333560e-01,3.444702622994771923e-01,1.000000000000000000e+00,6.035792484025201965e-01,3.322221725725010288e-01,2.373698556682604099e-01,5.152866526654452661e-01,4.249028106707180563e-01,4.641538942758836606e-01,3.314491264131552151e-01,8.916394834443004680e-02,1.574377764868850338e-01,2.094150766343446934e-01,2.526207605344296114e-01,-1.497698735421600647e-01,-3.753072076500290483e-02,1.134769203270923621e-01,2.815451986237097470e-01,5.530407971759238039e-01,6.094061396845256162e-01,4.591492023772286712e-01,6.568434693239197930e-01,4.546851959426247980e-01,2.983153849591134721e-01,3.620313686938647635e-01,4.014611912954108575e-01,2.803118995486840181e-01,2.753742347736717333e-01,-2.228070959381563132e-01,2.748871710085347697e-01,-3.542472854014924732e-01,-2.658876625407748384e-01,-4.664640958041020580e-02,-2.042807989633138310e-01,-4.709772554627105617e-03,-6.760802538093749030e-03,-1.294964028776978415e-01,4.677152687787657775e-02,2.695830912909423852e-02,1.295321506769739617e-01,-3.609723401403100995e-01,-3.523437150900397552e-01,2.691362437999910567e-02,3.649850306090531016e-02,3.805353232941596775e-02,-9.207292551052326246e-02,-1.828053085481924911e-01,-3.990214039948165592e-01,-2.658116984673131178e-01,-2.771482193127485782e-01,1.750212252558202009e-01,1.548505295142767746e-01,1.923276285803655339e-01,1.441395951561731947e-01,2.909111220340497850e-01,2.447607131685955451e-01,2.963358505741990334e-01,3.854417087448053780e-01,2.467044997542338913e-01,1.472362482684659753e-02,7.076276866705392965e-02,5.747799276107064953e-02,1.035881853523392404e-01,2.075204432727110193e-01,-8.005272800393226085e-02,-1.706599937441351245e-01,6.592341034005094746e-02,6.711649314089101169e-03,-2.830912909424013746e-01,4.922025112828991300e-02,-2.796818445864426503e-02,-1.534250860181420040e-01,1.335582465704455157e-01,1.737074936324232433e-01,1.356763036775548437e-01,1.862326288037892685e-01,3.031636802359354843e-01,1.696992716385897493e-01,2.493766477501228873e-01,-9.639394074802269674e-02,1.039411948701908089e-01,9.028553554671790715e-02,-1.086375620000893660e-01,-1.327360471870950576e-01,-3.585817060637204734e-01,-4.087760847222842719e-01,-2.128915501139461153e-01,-2.119665758076768325e-01,-1.988650073729835988e-01,-1.297823852719066917e-01,-2.773135528844005715e-01,-2.832432190893248158e-01,-3.606684838464632170e-01,-2.552839715804995913e-01,-2.313418830153268768e-01,-1.303900978596005122e-02,-7.572277581661379653e-02,-1.873050627820724845e-01,-1.668081683721345798e-01,-4.198087492738728499e-01,-9.716251843245900244e-02,-3.807140622905402089e-02,-9.458867688457929523e-02,-3.477233120336029049e-01,-6.460521024174449567e-02,-4.434559184950176425e-01,-2.793243665936815945e-01,-2.912462576522633073e-01,-3.030966531122927798e-01,-7.986952053264220752e-02
1.131685955583359438e-01,-5.086018142008132820e-02,9.668886009205057697e-02,-6.312614504669555870e-02,5.437240269895884381e-01,7.022833906787613323e-01,2.456410027257696915e-01,2.851780687251441182e-01,6.035792484025201965e-01,1.000000000000000000e+00,8.356048080790026700e-02,1.499441440636310741e-01,2.060279726529335442e-01,5.962509495509182855e-01,1.382903614996201791e-01,3.231690424058268896e-01,-3.303543500603244032e-02,-8.882881272621653834e-02,-9.022297689798472464e-02,-2.941597032932660033e-02,3.001474596720139429e-02,1.215335805889449922e-01,5.519907055721882255e-02,1.994637830108584031e-01,2.841905357701416390e-01,4.539389606327360327e-01,1.222485365744671315e-01,3.368917288529424958e-01,2.144599848071853110e-01,3.081013450109477622e-02,3.201170740426292349e-01,3.418159882032262287e-01,1.224585548952142611e-01,2.715402833013092487e-01,-1.708968229143393303e-01,2.466464095804102030e-01,-7.994548460610394203e-02,-1.099557620983958178e-01,1.510255149917333339e-01,4.504222708789490381e-02,1.103713302649805654e-02,6.901559497743420257e-02,-1.807453416149068237e-01,-1.165154832655614647e-01,-5.957817596854193820e-02,2.077393985432771789e-02,-2.594709325707136305e-01,-3.318334152553733540e-01,-1.244023414808525900e-02,-1.922784753563608687e-02,6.781357522677509964e-02,-1.423253943429107771e-01,1.324009115688815422e-02,-2.576031100585370326e-01,-3.525626703606059287e-02,-3.095670047812681402e-01,2.426381875865767090e-03,3.413914830868224753e-02,6.506993163233389110e-02,9.518745252245408572e-02,3.047723312033602805e-01,1.699718486080700752e-01,1.920907994101613003e-01,2.194780821305688245e-01,-4.776799678269806615e-03,-1.938871263237856857e-01,-8.516019482550606090e-02,-4.792439340453103630e-02,-3.049287278251932784e-02,4.815675409982572708e-02,9.428482059073237803e-03,-2.097234014031011118e-01,8.464185173600249912e-02,8.397158049957549608e-02,-1.343536351043388977e-01,-2.443808928012869072e-02,2.944278117878368004e-02,-3.096206264801823135e-02,1.495107019974082907e-01,-7.655391214978328474e-02,9.108092408061128908e-02,-2.941150185441708878e-02,2.628312257026677035e-01,-5.733053308905670248e-03,1.176370704678493251e-01,-2.475803208364985020e-01,2.214754904151213233e-01,-9.339112560882970385e-03,1.093346440859734592e-01,-2.967737611153313249e-01,-1.540149247061977644e-01,-3.563072523347781129e-01,-2.200277045444389706e-02,-1.914384020733723712e-01,-1.320479020510299806e-01,-1.647437329639394044e-01,-1.617364493498369138e-01,-2.848339961571115797e-01,-2.677510165780419005e-01,-1.591536708521381627e-01,-2.321372715492202657e-02,-1.192635953349121952e-01,-8.607623218195629977e-02,-2.657893560927655496e-01,1.627641985790249657e-01,-1.793556459180481732e-01,5.481925018991018472e-02,-1.252156039143840216e-01,-2.276777335895258936e-01,-2.578846239778363469e-01,-1.131864694579739865e-02,-2.988292595737074842e-01,-2.083739219804280896e-01,-1.846731310603690890e-01,-3.126279100942848110e-01,-7.089682291433933858e-02
4.793958621922337904e-01,1.028151391929934266e-01,5.034898789043299461e-01,1.313776308146029637e-01,2.503775861298538907e-01,2.526967246078913321e-01,5.604182492515304981e-01,2.453416149068322893e-01,3.322221725725010288e-01,8.356048080790026700e-02,1.000000000000000000e+00,5.544796460967871266e-01,8.409044193216854701e-01,3.608070065686581063e-01,5.034228517806872416e-01,3.036596809508914641e-01,1.225568613432235637e-01,2.122391527771571584e-01,6.135216050761874707e-01,4.007998570088028845e-01,-1.699226953840654308e-01,-1.779436078466419546e-01,2.001519281469234524e-01,5.648152285624916114e-03,1.305018097323383530e-01,3.064346038696992847e-01,2.099691675231243615e-01,3.323249474954197979e-01,4.992314223155637221e-01,2.608874391170293849e-01,3.241252960364627289e-01,3.483265561463872451e-01,3.326019929398096320e-01,3.006166495375128256e-01,-2.430895035524375525e-01,7.507037847982483969e-03,-3.645783993922874222e-01,-4.010634970284641665e-01,-1.378881987577639801e-01,-1.744001072433978283e-01,-4.613253496581616597e-02,-1.543009071004066424e-01,-3.048125474775459365e-01,-1.240046472139058886e-01,-4.413557352875463469e-01,-3.333929129987935336e-01,-4.609589347155815808e-01,-3.879217123195853323e-01,-4.287322936681710606e-01,-3.253675320613074740e-01,-5.796505652620760618e-02,-2.037624558738102554e-01,-1.330622458554895082e-01,-1.905357701416506566e-01,-3.053532329415970525e-01,-1.969569685866213726e-01,8.631306135216050557e-02,4.882255686134322203e-02,1.227221949148755570e-01,-4.926493587738504931e-02,2.372983600697081974e-01,4.255686134322355652e-01,4.128602707895795421e-01,3.750078198310916600e-01,3.582152911211403667e-01,1.145716966799231393e-02,-7.186201349479422185e-02,-3.030117520890120431e-01,3.225345189686759650e-02,1.168193395594083750e-01,4.749988828812726216e-02,-1.916528888690290089e-02,1.802448724250413359e-01,5.682559542428169269e-02,-1.981321774878233924e-02,9.365923410340050437e-02,2.336118682693596668e-02,7.886858215291121799e-03,1.285312122972429583e-01,1.910183654318781121e-01,1.828231824478305512e-01,1.552839715804995857e-01,2.100004468474909458e-01,1.596898878412797707e-01,1.885607042316457260e-01,3.599803387103981539e-02,2.093927342597971253e-01,2.406631216765717785e-01,-1.137494972965726742e-01,6.684838464632021464e-03,-2.598909692122078896e-01,-2.117833683363867792e-01,-1.952187318468206756e-01,4.942133249921801599e-03,-1.474596720139416308e-04,6.496715670941508036e-02,-2.128513338397604870e-01,-7.592385718754189605e-02,-3.028419500424505140e-01,-1.668171053219536237e-01,-2.978327896688859888e-01,7.911434827293445382e-02,-2.937441351266812384e-01,-5.567272889762724108e-02,-1.717279592475088323e-01,-2.139327047678627192e-01,-1.875061441530005701e-01,1.089637606684838445e-01,1.336342106439072364e-01,-7.112918360963403630e-02,-2.984941239554939757e-02,-3.205817954332186304e-01,-2.150587604450600876e-01,-2.026498056213414389e-01,-1.718754189195227655e-01,5.280843648062916174e-02
2.096385003798203750e-01,-1.157156262567585747e-01,5.111890611734215550e-01,1.000625586487331881e-01,2.503641807051253387e-01,3.305509629563430085e-01,6.286831404441663995e-01,5.173510880736404971e-01,2.373698556682604099e-01,1.499441440636310741e-01,5.544796460967871266e-01,1.000000000000000000e+00,6.459493274945261598e-01,6.045846552571607635e-01,3.773627061084052214e-01,3.689575048036105032e-01,-1.331248045042227046e-01,3.482282496983779563e-02,4.793779882925957581e-01,3.979445015416238629e-01,-4.918897180392332175e-02,2.164529246168282739e-02,2.005674963135082034e-01,8.014656597703204155e-02,-4.420215380490638557e-02,1.514634255328656254e-01,7.220608606282676034e-02,2.184011796773761005e-01,3.963045712498324269e-01,3.419768532999687416e-01,3.589481210063005245e-01,3.383752625229009547e-01,2.567987845748246345e-01,2.749363242325394419e-01,-2.402341480852585032e-01,1.540640779302024088e-01,-3.375664685642790208e-01,-2.764332633272263973e-01,-1.437195585146789356e-01,-3.075651280218061334e-01,1.915635193708387432e-02,-1.161445998480718500e-01,-2.057643326332722622e-01,-9.485231690424057727e-02,-5.302828544617721462e-01,-3.148844899235890837e-01,-3.477903391572456093e-01,-3.768175521694445695e-01,-3.800795388533893537e-01,-3.195897940033066709e-01,-8.492783413021136318e-02,-2.436704052906742968e-01,-8.563832164082398057e-02,-2.036641494258009666e-01,-2.561687296125832458e-01,-2.802001876759461774e-01,-1.597837258143795514e-01,-2.084632914786183344e-01,3.958175074846954911e-02,-6.536485097636177133e-02,3.026900218955270727e-01,5.355154385808124085e-01,5.620224317440457584e-01,5.016399302917914360e-01,3.049063854506456894e-01,-1.802582778497698740e-02,-5.758523615889896835e-02,-3.470575092720854515e-01,-1.636042718620134839e-01,-7.704991286473926448e-02,1.427633048840430685e-01,5.291567987845748056e-02,2.693909468698333365e-01,5.192814692345502220e-02,1.119889181822244090e-01,5.839403011752088840e-02,1.915590508959292282e-01,2.004110996916752263e-01,-5.320613074757585270e-02,7.614281245810804524e-03,-2.159613923767817953e-02,5.970329326600831016e-02,8.671075561910719653e-02,1.990705572188211994e-02,-7.250547388176414865e-02,-5.552080075070378595e-02,-1.422315563698109755e-02,-2.454533267795701301e-02,8.539255552080075168e-03,-1.167478439608561624e-01,6.747843960856159118e-02,-1.299343134188301607e-01,1.595022118950802092e-01,-2.624782161848161072e-02,-6.144153000580901414e-02,2.792796818445864634e-03,-1.031413378613879051e-01,-1.555744224496179440e-01,-4.171768175521694405e-02,1.738683587291657215e-02,3.508646498949908460e-02,-1.147504356763036706e-02,-2.591492023772286601e-01,-1.322132356226819738e-01,-1.557397560212699372e-01,-1.795746011886143190e-01,-1.661378971357075907e-01,-8.049063854506456617e-02,5.295142767773358683e-02,3.554671790517896501e-02,1.588989677822958968e-01,-2.252156039143840272e-01,6.595468966441753178e-03,-1.492023772286518724e-01,-9.788641136780017182e-02,1.265963626614236559e-01
3.742481790964743982e-01,-3.087716162473747722e-02,6.368783234282139327e-01,2.231288261316412835e-01,4.568568747486482784e-01,4.169087090575986365e-01,7.328701014343804720e-01,4.721345904642745284e-01,5.152866526654452661e-01,2.060279726529335442e-01,8.409044193216854701e-01,6.459493274945261598e-01,1.000000000000000000e+00,5.458510210465168377e-01,6.985924304035032728e-01,4.327539210867331065e-01,8.928459716698690374e-02,1.292238259082175156e-01,5.626927029804728031e-01,3.434112337459225284e-01,-2.405558782787434735e-01,-1.118369900353009538e-01,2.802582778497698657e-01,1.778006166495375018e-01,2.765315697752356860e-01,4.825416685285311980e-01,3.919209973635998101e-01,5.302515751374056174e-01,5.934268734081058483e-01,3.443630189016488874e-01,4.961794539523660674e-01,5.739756021269940556e-01,4.303543500603244087e-01,3.913803118995486940e-01,-1.555967648241655121e-01,2.289914652129228234e-01,-3.817150006702712539e-01,-4.348585727691138825e-01,-4.847401581840118240e-02,-1.746414048885115422e-01,-9.383350462487152766e-02,-1.734796014120380814e-01,-2.122704321015237428e-01,7.319361901782921696e-03,-4.754591357969524812e-01,-3.114035479690781538e-01,-4.965145895705795343e-01,-4.244380892801287164e-01,-4.977389516957862470e-01,-4.112337459225166580e-01,-1.346306805487287317e-01,-2.941507663434470010e-01,-2.519594262478216384e-01,-3.250770811921890879e-01,-2.778497698735421517e-01,-2.270163993029179206e-01,5.996693328566960086e-03,-5.767460565708923403e-02,1.284239688994146325e-02,-1.055453773627061109e-01,1.976763930470530339e-01,5.960632736047186686e-01,4.342017069574154453e-01,4.338129496402877705e-01,5.427275570847669428e-01,1.797220608606282799e-01,8.496358192948746946e-02,-1.673399168863666797e-01,-5.311676124938558702e-02,6.472139058939184453e-02,1.094731668081683762e-01,1.043925108360516524e-01,1.641270834264265677e-01,8.257741632780731325e-03,4.316546762589927935e-03,1.333258858751508180e-01,1.545287993207918043e-01,1.343089503552437614e-01,2.175834487689351504e-01,2.784396085615979399e-01,2.421019705974351011e-01,2.536976629876223077e-01,2.957594173108717972e-01,2.611957638857858033e-01,2.063050180973233783e-01,8.252379462889315731e-02,2.312971982662317405e-01,2.510836051655570000e-01,-1.516913177532508150e-01,3.704812547477545626e-02,-3.226194199919567573e-01,-2.599714017605790906e-01,-2.194646767058403003e-01,-2.470172929978998316e-02,-2.472407167433754785e-02,8.618347557978461859e-02,-1.226685732159613906e-01,-1.124491710979042824e-01,-2.682872335671835362e-01,-1.694713794182045596e-01,-3.466017248313150723e-01,1.007060190357031149e-01,-3.513740560346753639e-01,-4.871531346351490321e-02,-2.353232941597032946e-01,-2.947584789311408215e-01,-1.442602439787300517e-01,1.680146565977031978e-02,8.433352696724608077e-02,-1.892577863175298192e-01,7.998570088028955638e-02,-3.776531569775235520e-01,-1.855534206175432355e-01,-1.802940256490459803e-01,-1.874033692300817733e-01,1.543724026989588549e-01
