0.000000000000000000e+00,5.351043388891371100e-01,3.382367398007060100e-01,7.938692524241476589e-02,-3.224049331963000919e-01,-1.791188167478439675e-01,1.823897403816077678e-01,-2.846418517360024911e-03,-1.474462665892131152e-01,-8.961079583538138216e-02,4.715224094016712275e-01,8.440055409088878524e-02,2.856025738415478576e-01,-8.375709370391885844e-02,-1.717681755216944328e-01,-1.977478886456052465e-01,1.359176013226685853e-01,3.310871799454845887e-01,6.353635104338889450e-01,4.638857857813128427e-01,-7.347066446221904579e-02,-3.028151391929934100e-01,2.079628222887528605e-02,-4.504222708789490208e-03,-1.577729121050985284e-01,-2.274677152687787640e-01,-2.524688323875061511e-03,-1.003887573171276665e-01,3.300013405424728763e-01,1.379596943563161926e-01,7.654497519996425470e-02,-1.049555386746503366e-01,-1.261450466955628055e-02,-1.366146834085526507e-01,-3.281513919299343107e-01,-3.812681531793198908e-01,-1.425130702891103385e-01,-1.411859332409848566e-01,-1.581795433218642355e-01,-6.514589570579561173e-02,-5.302739175119531440e-02,-4.726752759283256444e-02,-3.357835470753831597e-01,-4.052549264935877416e-01,-4.709281022387059035e-01,-5.151525984181598572e-01,-2.880200187675946433e-01,-4.369498190267661619e-01,-3.259931185486393268e-01,-3.228875284865275752e-01,-3.300951785155726292e-01,-3.437150900397694109e-01,-2.012511729746637446e-01,-2.525224540864203226e-01,-1.773046159345815220e-01,-3.048617007015505531e-01,5.872871888824344744e-01,4.315295589615264493e-01,9.735466285356807192e-02,1.554627105768801032e-01,2.076589659949059363e-01,-2.560123329907502687e-01,2.810045131596586310e-01,6.393493900531747876e-02,-1.390634076589659929e-01,-2.942222619419991858e-01,-3.504535502033155892e-01,-4.602886634791545917e-01,-8.818982081415613350e-02,-1.171812860270789597e-01,1.363018901648867243e-01,1.995174047097725625e-02,8.339067876133875179e-02,2.910764556057017782e-01,1.530318602261048211e-01,3.058581706063720485e-01,2.751150632289199871e-01,4.078198310916484326e-01,2.357343938513785375e-01,-6.901112650252469449e-02,5.653067608025381247e-02,-1.219044640064346069e-01,-1.705438133964877756e-01,-1.598730953125698240e-01,1.980651503641807087e-01,-3.891728852942490935e-01,-8.928012869207739566e-02,-1.445775056973055139e-01,3.179007104875106182e-01,-1.446355958711291745e-01,-2.436212520666696524e-01,1.001206488225568625e-01,-2.002189552705661568e-01,1.728584833996157089e-01,6.947584789311407605e-02,1.333973814737030306e-01,1.646409580410206075e-01,4.856427901157335247e-01,3.310559006211180044e-01,5.113231154207069640e-01,2.861611332052370685e-02,-1.179141159122391591e-01,8.549533044371955548e-02,8.256401090307878554e-02,-2.663121676571785779e-01,-1.304347826086956486e-01,-1.241252960364627594e-01,1.827740292238259068e-01,-1.804414853210599134e-01,3.016667411412484942e-02,1.317619196568211304e-01,2.595066803699896951e-01,5.541355735287546019e-02,1.675231243576567192e-02,-1.642522007238929327e-01,-1.276375173153402875e-01
5.351043388891371100e-01,0.000000000000000000e+00,-4.342463917065105677e-02,4.285714285714285754e-02,-2.067965503373698499e-01,-1.038965101210956726e-01,4.650341838330578070e-02,1.754770096965905385e-02,-3.150676973948791093e-01,-2.441127843067161240e-01,3.913177532508154699e-01,3.488314938111622410e-01,7.431967469502659407e-02,-1.602395102551499306e-01,-1.151660038428884286e-01,-2.309084409491040657e-01,2.421824031458063298e-01,5.531882568479378204e-01,2.664864381786496428e-01,5.013986326466777221e-01,-6.247821618481612382e-02,-1.797622771348138804e-01,-2.360784664194110483e-01,-7.943607846641941028e-02,-2.462978685374681564e-01,-3.855846999419098448e-02,9.014254434961348206e-02,2.496983779436078368e-02,4.725054738817641709e-01,4.008043254837124203e-01,1.697707672371419618e-01,-3.749497296572679855e-02,1.668394476965011919e-01,2.260154609231869102e-02,-4.400196612896018489e-01,-2.131105053845122610e-01,-2.045533759327941292e-01,-1.934045310335582579e-01,1.559944590911122031e-02,-1.500111711872737785e-01,-4.290182760623799385e-02,-2.353813843335269551e-01,-1.911881674784396135e-01,-2.243755306313955089e-01,-2.997855132043433790e-01,-2.920371777112471534e-01,-7.986505205773269944e-02,-2.221457616515483402e-01,-6.523973367889539243e-02,-3.039858796192859147e-01,-1.360248447204968902e-01,-2.142589034362571976e-01,-1.764153894275883802e-02,-3.879976763930470529e-02,1.179453952366057434e-01,7.804638276956074594e-02,6.081281558604048065e-01,6.881719469145181067e-01,-1.154341123374592187e-01,1.457839939228741111e-01,1.417400241297645247e-01,-2.112605567719737232e-01,4.116761249385584853e-01,4.359354752223066343e-01,-3.092899593368783062e-01,-5.340944635595871182e-01,-2.339246615130256002e-01,-2.303007283614102452e-01,-8.306001161803476529e-02,-5.963626614236561263e-02,3.128736762143080608e-01,1.904866169176460122e-01,3.947182626569551989e-01,3.239688994146298073e-01,4.115465391661825983e-02,5.379150096072210507e-02,3.086688413244559892e-01,4.160150140756959658e-01,2.277894454622637344e-01,2.700969659055364458e-01,2.554939899012467208e-01,2.003708834174895981e-01,-2.102551499173332117e-01,-3.071808391795879944e-01,2.972429509808302561e-02,-1.009205058313597525e-01,-1.191206041378077701e-01,-1.182760623799097299e-01,1.400241297645113681e-01,3.198087492738728443e-02,-7.557978461950935756e-02,-8.072746771526877196e-02,-1.788015550292685052e-01,-2.574556503865230717e-01,2.521471021940211998e-01,7.024889405245988983e-02,3.058581706063720485e-01,4.469011126502524522e-01,4.396666517717502942e-01,2.450377586129853791e-01,6.221904464006434293e-02,-1.615800527280039367e-01,2.447875240180526490e-01,-3.763796416283122365e-02,-2.420706912730684890e-01,-2.239331516153536816e-01,-3.357656731757451274e-01,-1.785155726350596411e-02,-1.290004021627418618e-01,2.687340810581348438e-02,4.436301890164886380e-02,1.582778497698735520e-01,1.044237901604182506e-01,9.928951248938737428e-02,2.292327628580365442e-02,-3.103713302649805383e-01
3.382367398007060100e-01,-4.342463917065105677e-02,0.000000000000000000e+00,2.281424549801152890e-01,-2.661021493364314483e-01,-2.851959426247821505e-01,5.954600294919344394e-01,1.948210375798739846e-01,-4.638723803565843185e-02,-2.190848563385316694e-01,2.212699405692837018e-01,-2.534876446668751782e-01,2.327226417623665111e-01,-1.692434871978193978e-01,-4.161937530720764833e-02,6.135662898252826347e-02,1.845167344385361397e-01,-1.278430671611778882e-02,5.786049421332498666e-01,2.491353501050091734e-01,-7.802850886992269974e-02,-2.142320925868001213e-01,5.180437016846149989e-01,4.841101032217703937e-01,-2.225523928683140473e-01,-2.136601277983824210e-01,-7.051700254703069382e-02,-4.884043076098127517e-02,2.913445641002725822e-02,-1.018052638634434071e-01,3.531256981992045851e-01,2.314535948880646898e-01,2.571339201930381013e-01,8.305107466821573525e-02,2.098395817507484606e-01,8.896733544841146576e-03,-1.069350730595647753e-01,-5.943071629652799809e-02,-3.184011796773761338e-01,-1.213727154922025070e-01,-1.871307922606014473e-01,1.307475758523615923e-02,4.250413333929130288e-02,-1.519281469234550234e-04,-1.448679565664238826e-02,-5.562804414853210477e-02,-1.078734527905625823e-01,-8.972250770811922294e-02,-1.713034541311050651e-01,2.462129675141874058e-02,-1.501586308592877117e-01,-5.766120023236069592e-02,-2.250994235667366783e-01,-7.517315340274365043e-02,-2.703516689753787117e-01,-1.649090665355913976e-01,8.602707895795165538e-02,-1.525939496849725296e-01,-1.245810804772331248e-01,-2.537646901112650122e-01,-6.666070870012065497e-02,-1.762902721301219944e-01,-1.507663434469815322e-01,-3.095714732561776761e-01,2.885115510076410872e-01,-2.558201885696411923e-02,-8.432012154251754613e-03,-1.912105098529871816e-01,6.555699539747084081e-02,-1.339335984628446385e-01,2.365119084856338594e-01,1.315206220117074165e-01,-4.791992492962152128e-02,1.036954287501675731e-01,1.358058894499307445e-01,1.246704499754233827e-03,2.903927789445462371e-01,6.491353501050091401e-02,9.776129407033379293e-02,9.602752580544261091e-03,-3.354037267080745011e-02,-1.689977210777961480e-01,-9.818133071182805205e-02,-1.185441708744805339e-01,-3.033647616068635769e-02,-3.813664596273291796e-01,-5.157066893069395253e-02,-1.166003842888422154e-01,3.342866079806961627e-02,-2.554537736270610648e-01,-4.958845346083382011e-01,-2.314223155636981055e-02,-3.420483488985209264e-01,2.440546941328924357e-01,-3.186022610483042056e-02,-6.789847625005585030e-02,-1.183118101791858501e-01,1.480986639260020443e-01,-6.814871084498860809e-02,1.933553778095535858e-01,-4.057285848339961531e-01,-2.544975199964252255e-01,-1.738638902542562203e-01,-2.140399481656910397e-03,-4.577952544796461132e-02,-1.367353322311095146e-02,2.134992627016399358e-01,3.455918495017650666e-02,9.464229858349345811e-03,-8.717994548460610005e-02,-3.530988873497475228e-02,5.670941507663434383e-02,-1.898297511059475473e-01,-1.409088877965950226e-01,-1.351132758389561594e-01,2.903168148710845164e-01
7.938692524241476589e-02,4.285714285714285754e-02,2.281424549801152890e-01,0.000000000000000000e+00,-4.756691541176995969e-02,-7.498100898163456707e-02,3.147236248268465708e-01,6.472005004691898655e-01,-1.721033111399079552e-01,-1.126547209437419039e-01,1.457437776486885106e-01,1.778453013986326572e-03,1.913847803744582118e-02,-5.987756378747933084e-04,-2.830332007685777002e-02,-9.361454935430536806e-03,-9.678269806515035767e-02,-2.891550113946110209e-02,-4.862594396532463753e-02,2.666741141248492042e-01,4.619062513963984040e-02,-4.609231869163054468e-02,1.664819697037401014e-01,4.951919209973635883e-01,-6.523973367889539113e-04,8.835515438580812675e-02,8.598239420885651907e-02,7.477099066088743751e-02,9.159033022029580695e-02,-1.595290227445372855e-01,2.221546986013673564e-01,2.171634121274408913e-01,2.721658697886411571e-01,3.499352071138120412e-01,1.051253407212118518e-01,2.010724339782831993e-01,-1.180660440591626142e-01,1.251396398409223010e-01,1.434380445953795883e-03,-3.350015639662183575e-02,2.554671790517896168e-01,2.348317619196568229e-01,-5.164082398677330987e-01,-4.170651056794316136e-01,-2.592609142499665009e-01,-2.027391751195317116e-01,-5.287010143438044540e-01,-4.911747620537110781e-01,-5.288842218150945351e-01,-3.998525403279860613e-01,-3.833013092631484819e-01,-2.908664372849546487e-01,-4.912775369766299027e-01,-4.213235622681978376e-01,-4.165691049644756339e-01,-4.378703248581259366e-01,-2.477322489834219571e-02,1.893292819160820317e-01,1.052459895437687087e-01,6.587872559095581115e-02,3.568300638991911966e-01,2.626614236561061744e-01,1.916931051432146094e-01,1.587470396353724555e-01,-5.565485499798918795e-02,3.157603110058537221e-01,1.470128245229903041e-01,2.909468698333259051e-01,1.916037356450243645e-01,8.391349032575182165e-02,3.751284686536485169e-01,2.384467581214531617e-01,2.140712274900576362e-01,1.714866616023950907e-01,8.920416461861566115e-02,-1.402743643594441258e-01,1.109611689530363293e-01,1.195451092542115373e-01,-1.869252424147638536e-01,1.665400598775637966e-02,2.407346172751239910e-01,7.504803610527727153e-02,1.202019750659100022e-01,-2.479556727288976387e-02,-1.484025202198489546e-01,-4.094463559587113027e-02,-1.150319495956030197e-01,-9.872201617587916811e-02,3.661468340855266179e-01,6.023504178024040312e-02,-3.608248804682961941e-01,-2.571607310424952053e-01,-3.499709549130881892e-02,1.047589257786317590e-01,-4.473837079404799355e-02,9.410608159435185360e-02,2.185977925733946850e-02,1.586308592877251067e-01,-2.666294293757540679e-01,-1.022789222038518187e-01,1.317306403324545461e-01,-4.710219402118057119e-02,8.191161356628982870e-02,8.177755931900441977e-02,-3.368112963045712394e-01,-3.455963179766745608e-01,-2.747263059117923123e-01,1.029000402162741912e-01,-2.256579829304258388e-03,8.190714509138030328e-03,-5.243755306313954700e-02,-1.402922382590821859e-01,-4.308860985745565086e-01,-4.963358505741990445e-01,-4.696635238393136458e-01,-1.325751820903525724e-01
-3.224049331963000919e-01,-2.067965503373698499e-01,-2.661021493364314483e-01,-4.756691541176995969e-02,0.000000000000000000e+00,7.309173778989230819e-01,-3.549488359622860467e-01,-6.174538629965592440e-02,4.692345502480003705e-01,5.438670181866929187e-01,-3.658295723669511834e-01,-1.202511282899146466e-01,-2.329460655078421649e-01,2.067518655882747136e-01,3.366995844318333986e-01,2.011215872022878715e-01,-1.274543098440502342e-01,-2.730550962956342920e-01,-2.207381920550516019e-01,-2.352786094106081582e-01,-6.563742794584208340e-02,2.206801018812279414e-01,7.092810223870592290e-02,1.062603333482282572e-02,7.151525984181599238e-01,7.414763841101031927e-01,1.473434916662942906e-01,2.002770454443898174e-01,-3.705393449215782509e-01,-2.865901067965503368e-01,-1.014835336699584367e-01,6.717458331471469479e-02,1.345457795254479706e-02,8.109835113275838669e-02,1.197998123240538032e-01,1.058134858572769149e-01,1.701148398051744934e-02,6.976183028732294011e-02,1.304615934581527248e-01,1.272085437240269845e-01,1.882166316636132153e-01,1.881585414897895270e-01,1.439742615845212015e-01,9.065195048929799992e-02,1.344430046025291703e-01,1.868001251172974608e-01,1.988337280486170144e-01,1.494615487734036463e-01,1.345189686759908909e-01,1.116671879887394386e-01,2.825506054783502585e-01,1.941060815943518592e-01,2.865096742481790804e-01,1.046695562804414864e-01,2.928236292953215192e-01,8.100898163456812795e-02,-2.267393538585280865e-01,-1.590553644041288739e-01,1.459806068188927164e-01,5.567719737253675263e-03,-1.708342642656061616e-01,-3.983645381831180804e-02,-1.670494660172483214e-01,-1.358997274230305252e-01,-8.295276822020644647e-02,2.218329684078823860e-01,1.776844363018901529e-01,3.755708476696903442e-01,-8.083024263818758270e-02,1.834308950355243925e-02,-2.514321462084990189e-01,-1.703337950757406460e-01,-1.513517136601277846e-01,-1.404799142052817473e-01,2.133205237052593906e-01,1.058626390812815593e-01,-1.020599669332856729e-01,-1.420706912730685112e-01,-4.549801152866526921e-02,-9.236337637964163461e-02,1.346574913981858079e-01,1.262835694177577295e-01,3.455561017024889603e-01,3.150542919701506128e-01,2.557352875463604347e-01,2.436704052906742968e-01,1.040484382680191278e-01,1.707136154430492769e-01,-3.613655659323473240e-02,1.283167255015863206e-01,1.566513249028106680e-01,-2.309397202734706778e-01,2.383886679476294734e-01,-1.709281022387059423e-01,-1.423968899414629896e-01,-3.167255015863085915e-02,-4.933196300102775031e-03,-2.837436882791903314e-01,-2.199740828455248320e-01,-3.840296706733991594e-01,1.614728093301756040e-01,1.184592698511997833e-02,-1.846463202109120127e-01,-2.578310022789221875e-02,6.035122212788775198e-02,4.196791635014969490e-02,1.637517315340274449e-01,6.643728495464497341e-02,5.545377362706107975e-03,-3.554671790517896501e-02,-1.889405245989543847e-01,-1.895437687117386971e-01,7.622771348138880632e-02,-3.097099959783725792e-02,-4.634702176147281055e-02,3.501050091603735703e-02
-1.791188167478439675e-01,-1.038965101210956726e-01,-2.851959426247821505e-01,-7.498100898163456707e-02,7.309173778989230819e-01,0.000000000000000000e+00,-3.799142052817373605e-01,-3.083694535055185593e-02,2.869922695384065636e-01,5.650431207828767732e-01,-1.351579605880512958e-01,8.199204611466107129e-02,-2.205862639081281606e-01,2.193797756825595358e-01,2.460029491934402901e-01,2.759015148129942974e-01,-6.869386478394923223e-02,-1.868179990169355209e-01,-1.367487376558380596e-01,-2.388087045891237326e-01,-7.950757406497162283e-02,-9.058492336565529546e-02,-2.968407882389740432e-02,-5.016756780910675007e-02,6.793958621922338015e-01,7.634523437150900760e-01,3.174940792707449111e-01,4.403771392823629394e-01,-2.280977702310201527e-01,-2.699673801331605727e-01,-2.202511282899146522e-02,1.092095267885070768e-02,-4.464453282094821285e-02,-4.093569864605210024e-02,5.220072389293534121e-02,1.737119621073327791e-01,-2.419277000759640639e-01,-1.070646588319406622e-01,-3.541266365789356302e-02,-1.246481076008758154e-01,3.072925510523258352e-01,1.151794092676169667e-01,1.166450690379373517e-01,1.127440904419321627e-01,2.010411546539166150e-01,9.572813798650520178e-02,1.815541355735287576e-01,1.322042986728629577e-01,1.540640779302024088e-01,1.226998525403279888e-01,2.352652039858796063e-01,1.162116269717145545e-01,2.117342151123821348e-01,1.252468832387506059e-01,1.709593815630725266e-01,3.583716877429733282e-03,-6.790294472496537226e-02,1.719915992671701074e-02,2.045399705080656050e-01,1.650967424817909590e-01,-1.459493274945261321e-01,-4.081504982349524330e-02,-2.457437776486885161e-01,-2.640913356271504808e-01,-1.262433531435721012e-01,2.382680191250726165e-01,1.212922829438312644e-01,3.054783502390633898e-01,-1.241833862102864339e-01,4.270968318512891743e-02,-1.022655167791232805e-01,-1.078421734661959841e-01,2.923723133294606549e-02,-8.649180034854103694e-02,2.084722284284373783e-01,3.278966888600920448e-02,-4.222708789490146886e-02,-1.312837928415031864e-02,6.573126591894186757e-03,-1.289333750390991573e-01,8.001251172974663262e-02,6.944903704365699981e-02,1.639483444300460224e-01,1.729657267974440416e-01,9.314982796371598650e-02,1.911345457795254610e-01,-2.250413333929129900e-01,-4.270968318512891743e-02,-1.009517851557263507e-01,4.595826444434514269e-02,2.990705572188211980e-01,-3.274945261182358319e-02,2.428616113320523628e-01,-8.211716341212743631e-02,-2.097189329281916037e-01,1.960677420796282100e-01,6.778676437731802340e-02,-6.279547790339157221e-02,-6.415389427588363835e-02,-2.798963313820992949e-01,3.242995665579337938e-01,1.510746682157379783e-01,-2.753072076500290288e-01,1.194870190803878629e-01,-1.248715313463514970e-01,-1.718396711202466731e-01,1.379418204566781360e-02,-1.060369096027525757e-02,1.351847714375083720e-01,6.405111935296482761e-02,-4.951517047231780017e-02,-1.012645783993922910e-01,1.224049331963001086e-01,-6.711649314089101169e-03,-1.626435497564681087e-01,-1.911077349300683570e-01
1.823897403816077678e-01,4.650341838330578070e-02,5.954600294919344394e-01,3.147236248268465708e-01,-3.549488359622860467e-01,-3.799142052817373605e-01,0.000000000000000000e+00,4.254881808838643642e-01,-6.249162160954466194e-02,-3.084722284284373561e-01,5.018052638634433738e-01,-2.826310380267214872e-02,5.229322132356226671e-01,-6.074444791992492793e-02,-1.018320747129004833e-01,-2.690513427767103338e-01,-9.526788507082533525e-03,-3.038562938469100555e-02,1.166808168372134580e-01,1.315206220117074165e-01,-1.610795835381384211e-01,-3.161624737477098934e-01,1.931587649135350082e-01,2.942222619419991858e-01,-2.920014299119710333e-01,-2.849993297287635730e-01,-1.077036507440010671e-01,-1.059564770543813400e-01,3.529335537780955434e-01,-1.073685151257875725e-01,2.403503284329058520e-01,1.211626971714553774e-01,1.741722150230126387e-01,1.724697260824880340e-01,-1.163903659680950858e-01,-2.224406809955762065e-01,-2.448768935162428939e-01,-2.008043254837124092e-01,-3.844228964654363701e-01,-2.326243353143572223e-01,-3.093703918852495627e-01,-1.156530676080253783e-01,-8.869922695384065137e-02,-2.156039143840207326e-02,3.648956611108628706e-02,5.273694088207694919e-02,-1.348496358192948774e-01,-1.152866526654452856e-01,-1.563564055587827739e-01,9.272085437240269734e-02,-1.138746145940390531e-01,4.711113097099960123e-02,-9.303364761606863764e-02,-1.630367755485052916e-01,-1.410965637427945840e-01,-1.727065552526922676e-02,1.788283658787255884e-02,7.775146342553286224e-03,2.300281513919299470e-01,7.143750837839045464e-02,4.426471245363957085e-01,1.815451986237097415e-01,4.068546405111935632e-02,2.472407167433754785e-02,1.823137763081460281e-03,2.664104741051879013e-02,2.092586800125117164e-01,8.530318602261048599e-03,3.078823897403816234e-01,2.896733544841145758e-01,2.301622056392153282e-01,1.973591313284775994e-01,1.225702667679521018e-01,9.303364761606864111e-03,-2.554627105768800949e-02,-1.426515930113052277e-01,1.525805442602439777e-01,-4.691898654989052481e-04,1.126502524688323924e-02,-2.883060011618034796e-02,6.523973367889539113e-04,-9.165288886902900334e-02,-3.193306224585548692e-01,-3.572679744403235436e-01,-2.220027704544438873e-01,-3.581035792484025260e-01,-1.677688904776799550e-01,-2.630054962241387129e-01,2.596764824165512242e-01,-3.018901648867241758e-02,-3.172929978998167977e-01,7.551722597077617678e-03,-4.345368425756289121e-01,1.557218821216318771e-01,4.091335627150453208e-02,-8.823003708834174785e-02,-2.561821350373117423e-01,8.541042942043880482e-02,-3.118995486840341405e-02,1.741945573975602068e-01,-7.698288574109656002e-02,2.113499262701639958e-01,-1.890164886724161062e-03,1.593905000223423685e-01,7.261271727959247267e-03,6.801018812279369455e-03,2.624335314357209917e-02,1.446713436704052946e-01,-1.469234550248000280e-02,-1.119174225836721964e-01,-1.202555967648241686e-01,-1.207784083292372246e-01,-2.535904195897940028e-01,-1.489968273828142509e-01,-3.098976719245721267e-01,1.288395370659993766e-01
-2.846418517360024911e-03,1.754770096965905385e-02,1.948210375798739846e-01,6.472005004691898655e-01,-6.174538629965592440e-02,-3.083694535055185593e-02,4.254881808838643642e-01,0.000000000000000000e+00,4.531480405737521588e-02,-1.911166718798873801e-02,4.311408016443987745e-01,1.603556906027972517e-01,2.538138433352696843e-01,1.616604852763751654e-01,2.600652397336789077e-03,-3.475132937128558308e-02,-1.598820322623888401e-01,-7.763081460297600878e-02,-8.846239778363644557e-02,1.932883506859109091e-01,-3.045265650833370655e-02,-8.239867733142678188e-03,7.121408463291478697e-02,3.566200455784440670e-01,-3.581035792484025398e-02,5.791143482729344677e-03,5.147683095759417009e-03,-2.740515662004557734e-02,6.763483623039456827e-02,-7.283167255015862707e-02,1.702176147280932972e-01,1.062245855489521440e-01,3.230171142589034483e-01,4.891505429197015031e-01,1.227490057643326332e-01,1.046650878055319783e-01,-1.921310156843469286e-01,-1.327137048125474721e-02,-1.685240627373877365e-01,-5.805889449930738688e-02,5.161088520487957729e-03,4.280352115822869813e-02,-3.505563251262344138e-01,-3.254658385093167627e-01,-1.093301756110639372e-01,-1.765628490996022926e-01,-4.128200545153938861e-01,-3.273202555967648086e-01,-4.071048751061262516e-01,-2.286071763707046844e-01,-3.222530050493766507e-01,-2.119218910585816962e-01,-3.188793064926940257e-01,-3.688681353054202861e-01,-3.490683229813664745e-01,-2.789981679252870883e-01,-4.436748737655837882e-02,1.251530452656508252e-01,2.027168327449841434e-01,1.602886634791545750e-01,5.666115554761159689e-01,5.966799231422315053e-01,9.124178917735377425e-02,1.914115912239152673e-01,1.765494436748737614e-02,3.190580454890745710e-01,1.113097099959783759e-01,2.474864828633987213e-01,2.880557665668707079e-01,1.052772688681353069e-01,1.563698109835113259e-01,5.177175030162205899e-02,2.547030698422628366e-03,7.168774297332319856e-02,1.359935653961303059e-01,-2.907189776129406877e-02,2.319138478037445841e-02,1.110907547254122163e-01,-3.214888958398498531e-01,-5.138746145940390614e-02,6.273738772956789778e-02,8.077215246436390828e-02,2.185977925733946850e-02,-7.083426426560614220e-02,-1.292372313329460676e-01,-1.225300504937664736e-01,-6.430582242280709349e-02,-3.327226417623665305e-02,2.885204879574601033e-01,5.305420260065239757e-02,-2.184413959515617287e-01,-2.364180705125340787e-01,-6.412261495151705057e-03,-1.419187631261450457e-02,1.084275436793422365e-01,-1.449751999642522049e-01,-1.028687608919075930e-01,4.929621520175164057e-02,-2.316368023593547432e-01,-3.019795343849144414e-02,9.392734259797130836e-02,5.848786809062066910e-02,1.344206622279816021e-01,1.689306939541534436e-01,-1.368559810536663923e-01,-2.236203583716877552e-01,-1.440368202332543979e-01,1.274855891684168185e-01,-8.481165378256401433e-02,5.151704723177979311e-02,-9.573707493632423182e-02,-3.252602886634791551e-02,-3.698109835113275734e-01,-2.460789132669020107e-01,-2.470038875731712658e-01,-8.376156217882836652e-02
-1.474462665892131152e-01,-3.150676973948791093e-01,-4.638723803565843185e-02,-1.721033111399079552e-01,4.692345502480003705e-01,2.869922695384065636e-01,-6.249162160954466194e-02,4.531480405737521588e-02,0.000000000000000000e+00,6.036641494258009333e-01,-1.243442513070289052e-01,-1.922874123061799057e-01,2.944278117878368004e-02,3.456678135752268011e-01,2.468653648509763487e-01,2.599803387103981622e-01,-1.711783368336386724e-01,-2.333705706242459321e-01,-1.128602707895795115e-01,-2.574556503865230717e-01,-2.490370436569998569e-01,2.700075964073461732e-01,3.134188301532686571e-02,2.967067339916886187e-03,3.323383529201483499e-01,1.519147414987264966e-01,-1.489387372089905626e-01,-1.005049376647750153e-01,-3.570579561195764140e-01,-2.551811966575807666e-01,-2.583895616426113984e-01,-1.173913043478260892e-01,-2.112516198221547070e-01,-1.640377139282362950e-01,2.687787658072299940e-02,-1.985745565038652405e-01,3.039411948701907784e-01,2.554939899012467208e-01,-1.483086822467491808e-02,3.023414808525849984e-01,-8.977612940703337541e-02,1.049823495241074267e-01,1.277358237633495763e-01,3.980964296885473180e-02,4.426918092854908310e-02,1.229813664596273309e-01,7.486482863398721821e-02,9.531703829482997270e-02,4.619956208945887044e-02,2.272532284731221264e-01,1.928370347200500379e-01,2.264712453639572687e-01,2.138165244202153703e-01,3.644934983690066577e-02,2.091335627150453513e-01,1.308995039992850440e-01,-2.179319898118771970e-01,-1.679118816747844078e-01,2.461682827650922833e-01,1.038160775727244300e-01,-8.009741275302739716e-02,-8.048170159524553613e-02,-2.638768488314938154e-01,-1.544483667724205755e-01,-5.506501630993342056e-02,1.289557174136467255e-01,1.925912686000268203e-03,8.680459359220697724e-02,1.840252021984896680e-01,1.943250368649180049e-01,-5.368515125787568509e-01,-2.992135484159256231e-01,-2.053040797175923748e-01,-2.720630948657223325e-01,3.613655659323473240e-02,-1.126055677197372595e-02,-1.464319227847535598e-01,-1.010947763528307758e-01,-2.819428928906564380e-01,-3.878412797712140758e-01,-1.462576522632825504e-01,1.073640466508780505e-01,2.675186558827472028e-01,4.182000983064479982e-01,1.655033736985566939e-01,6.876536038250145866e-02,3.636757674605657353e-01,2.914830868224674854e-01,2.193127485589168452e-02,-7.861834755797846019e-02,-5.855936368917288859e-02,-2.809553599356539588e-01,5.662898252826310125e-02,-6.032887975334018382e-02,-1.713749497296572777e-01,-1.892309754680727429e-01,-2.019348496358192857e-01,-1.878055319719379723e-01,-1.254703069842262875e-01,-7.204075249117476709e-02,2.141293176638813314e-02,6.636578935609276086e-02,1.350373117654944319e-02,1.488404307609812738e-01,3.108583940301175019e-01,2.553822780285088800e-01,2.850261405782206769e-01,1.040931230171142641e-01,7.101300326198668744e-02,1.462263729389159383e-01,-1.440368202332543979e-01,-2.984941239554939757e-02,-1.182358461057241190e-02,-6.467223736538720014e-02,-5.412216810402609851e-02,2.511640377139282565e-01
-8.961079583538138216e-02,-2.441127843067161240e-01,-2.190848563385316694e-01,-1.126547209437419039e-01,5.438670181866929187e-01,5.650431207828767732e-01,-3.084722284284373561e-01,-1.911166718798873801e-02,6.036641494258009333e-01,0.000000000000000000e+00,-2.472675275928325755e-01,-1.531614459984807219e-01,-2.472407167433754785e-02,1.064077930202421973e-01,2.686134322355779869e-01,2.767192457214352475e-01,-1.010411546539166233e-01,-1.672639528129049591e-01,-5.891684168193395826e-02,-3.325260288663479114e-01,-2.009339112560883100e-01,1.038875731712766426e-01,-5.973010411546539333e-02,2.249430269449036873e-02,5.529961124268287787e-01,4.281469234550248082e-01,1.101255641449573192e-01,1.380848116537825576e-01,-3.379552258814066956e-01,-2.164752669913758421e-01,-1.603959068769828800e-01,-1.459046427454309958e-01,-3.970865543589972568e-01,-2.910943295053398105e-01,7.548147817150006877e-02,-2.514410831583180697e-02,1.688413244559631710e-01,1.782340587157603129e-01,-1.460342285178068689e-01,7.406944010009383628e-02,9.062067116493141561e-03,2.832119397649582315e-02,1.620447741185933321e-01,6.128960185888555900e-02,2.564010903078779366e-02,5.252245408642030461e-02,2.020554984583761426e-01,2.261137673711962059e-01,5.025693730729702269e-02,2.185262969748424933e-01,1.696903346887707331e-01,1.364895661110862857e-01,8.325215603914383478e-02,3.650297153581482518e-02,2.318915054291970090e-01,2.647571383886679341e-02,-1.424951963894722784e-01,-1.064882255686134260e-01,1.426113767371196273e-01,2.400151928146923574e-01,-1.261718575450198887e-01,-4.262925063675767484e-02,-2.922650699316323153e-01,-3.097234014031011173e-01,-1.325170919165288841e-01,3.157379686313061540e-01,-1.478260869565217461e-01,4.296438625497117636e-02,-8.790830689485679139e-02,-1.302783859868626715e-01,-2.990660887439117177e-01,-1.704544438982975030e-01,-6.897984717815809630e-02,-7.031145270119308621e-02,1.072031815541355793e-01,1.236605746458733640e-01,-4.306269270298047208e-02,-3.685151257875687175e-02,-1.326332722641762329e-01,-2.925733947003887336e-01,4.298226015460922950e-02,1.477724652576075867e-02,1.320791813753965649e-01,2.112784306716117833e-01,1.311050538451226655e-01,4.611466106617811284e-02,6.778229590240850144e-02,7.462799946378301241e-02,5.415791590330220479e-02,-3.793735198176862410e-03,1.900084901023280648e-01,-5.826444434514500142e-02,1.928057553956834536e-01,-2.580544260243978691e-02,-1.312122972429509704e-01,2.867420349434737781e-02,2.087760847222842886e-01,-1.944233433129273145e-02,-1.335180302962598806e-02,-4.503329013807587378e-02,1.476741588095982771e-01,1.799678269806515019e-01,-1.505831359756915067e-01,2.111488448992358824e-01,1.648196970374011250e-01,4.940345859957996633e-02,2.109835113275838892e-01,3.562715045355020066e-02,-1.017024889405246033e-02,8.138433352696725076e-02,5.516779123285222436e-02,2.594843379954421547e-02,2.167433754859466599e-01,4.253988113856741089e-03,1.014343804459538062e-03,9.593368783234282327e-02
4.715224094016712275e-01,3.913177532508154699e-01,2.212699405692837018e-01,1.457437776486885106e-01,-3.658295723669511834e-01,-1.351579605880512958e-01,5.018052638634433738e-01,4.311408016443987745e-01,-1.243442513070289052e-01,-2.472675275928325755e-01,0.000000000000000000e+00,3.062379909736807071e-01,5.781089414182939423e-01,1.057017739845390741e-01,3.482282496983779563e-02,-1.754501988471334761e-01,4.268734081058134927e-02,2.036730863756200105e-01,2.715358148263997684e-01,3.196076679029447032e-01,-4.902810670718083658e-02,-2.907368515125787756e-01,3.321417400241297863e-02,8.054426024397873252e-02,-2.569328388221099879e-01,-2.066893069395415450e-01,2.207426605299611308e-02,8.075427856472586208e-02,5.026051208722462915e-01,1.553241878546851862e-01,1.681442423700791056e-01,-4.983690066580276357e-02,2.261897314446579266e-01,2.598730953125698018e-01,-2.365342508601814275e-01,-3.920595200857946994e-01,-3.408061128736762369e-01,-2.627016399302917748e-01,-2.373475132937128695e-01,-2.595066803699896951e-01,-7.124536395728138516e-02,-1.537334107868984223e-01,-2.259439653246347046e-01,-1.876089190759193948e-01,-1.675186558827472250e-01,-3.164618615666472956e-01,-3.167210331113990973e-01,-3.315161535367978640e-01,-2.179945484606103934e-01,-1.917824746414048820e-01,-2.820367308637561909e-01,-2.301264578399392358e-01,-1.874659278788149697e-01,-2.889092452745877782e-01,-1.319004423790160474e-01,-1.383127038741677473e-01,2.927968184458644152e-01,3.276419857902497790e-01,2.097189329281916037e-01,7.850216721033111134e-02,5.345323741007194096e-01,1.772241833862102933e-01,1.976317082979578976e-01,2.402564904598060713e-01,-1.071361544304928748e-01,-2.386031547432861111e-01,-1.145404173555565480e-01,-2.240135841637249103e-01,2.951427677733589605e-01,2.294025649045980664e-01,2.510299834666428476e-01,1.042450511640377192e-01,2.079226060145672184e-01,2.247821618481612160e-01,1.237901604182492510e-01,6.166495375128468875e-02,1.847044103847357011e-01,1.741454041735555625e-01,5.922069797578086853e-02,-4.389829751105947531e-02,8.935609276553911628e-02,5.179856115107913522e-02,-2.574824612359801757e-01,-3.337414540417355524e-01,-5.595871129183609821e-02,-3.307833236516377062e-01,-2.093927342597971253e-01,-2.248089726976182923e-01,3.449126413155190196e-01,-4.791992492962152128e-02,-2.908485633853166163e-01,-2.970195272353545746e-02,-4.413110505384512106e-01,-2.139058939184056499e-02,1.611957638857857700e-01,6.090978149157692811e-02,-1.329639394074802194e-01,1.848161222574735141e-01,1.252960364627552503e-01,1.982751686849278383e-01,3.955940837392198095e-02,8.136199115241968260e-02,1.083024263818758715e-01,1.113543947450735122e-01,-2.544707091469681215e-01,-2.403413914830868359e-01,-9.218910585817061132e-02,2.305241521068859267e-01,-9.205058313597568390e-03,1.103713302649805697e-03,-1.322534518968676021e-01,5.174493945216497581e-02,-2.793690513427767308e-01,5.136958755976585300e-02,-1.723937620090263134e-01,-1.527950310559006153e-01
8.440055409088878524e-02,3.488314938111622410e-01,-2.534876446668751782e-01,1.778453013986326572e-03,-1.202511282899146466e-01,8.199204611466107129e-02,-2.826310380267214872e-02,1.603556906027972517e-01,-1.922874123061799057e-01,-1.531614459984807219e-01,3.062379909736807071e-01,0.000000000000000000e+00,1.048214844273649415e-01,4.336208052191786733e-01,1.271727959247508782e-02,1.023370123776754931e-01,-7.158049957549487974e-02,1.382814245498011629e-01,-5.884087760847223070e-02,1.264310290897716627e-01,1.788417713034541334e-01,4.881808838643370702e-02,-1.898342195808570554e-01,-1.882836587872559198e-01,-1.163456812189999495e-01,1.506769739487912735e-02,-7.475311676124939131e-02,-1.259752446490012834e-01,4.121095670047812409e-01,4.648196970374011139e-01,1.633048840430761095e-01,1.451762813351802905e-01,6.678582599758701999e-02,1.395594083739219726e-01,-2.690826221010769181e-01,-2.736851512578756807e-01,-2.840252021984896458e-01,-2.613074757585235885e-01,6.843916171410698024e-02,-2.137941820456678022e-01,1.839715804995754878e-01,-1.328790383841994827e-01,-1.603556906027972517e-01,-1.694713794182045596e-01,7.905625809911077939e-02,-2.171678806023504341e-02,-9.869520532642209187e-02,-1.469726082488046759e-01,1.172036284016265278e-01,-1.149202377228651928e-01,-5.851467894007775228e-02,-5.853702131462532043e-02,-4.978327896688860416e-02,-1.197015058760445005e-01,1.660798069618839023e-01,-1.849501765047589091e-02,3.763796416283122365e-02,1.540998257294785290e-01,2.027168327449841434e-01,2.675767460565708911e-01,1.067027123642700775e-01,2.635908664372849652e-01,3.088028955717413426e-01,3.327628580365521449e-01,1.579159033022029673e-02,-7.457884623977836108e-03,1.606237990973680696e-01,9.901693551990706221e-02,-9.230081773090843822e-02,1.753295500245766192e-01,1.176996291165825076e-01,-1.498503060905312934e-01,1.368112963045712560e-01,1.401269046874301927e-01,1.841056347468608967e-01,4.672684212878144838e-02,1.857768443630188893e-01,3.746726842128781376e-01,3.869699271638589542e-03,7.556191071987131136e-02,-4.886277313552884333e-02,5.107466821573796584e-02,-8.855623575673622627e-02,-4.872871888824344133e-02,2.146700031279324405e-01,2.151615353679789122e-01,-6.942222619419992358e-02,1.070691273068501703e-01,2.591715447517762075e-02,2.034049778810491926e-01,1.533044371955851470e-01,-2.109030787792126604e-01,4.960007149559855083e-02,-3.045623128826131509e-01,2.768935162429063124e-01,-2.430090710040663238e-01,-2.917914115912239106e-02,-5.893918405648151948e-03,1.084901023280754329e-01,2.371866481969703636e-02,2.816256311720809480e-01,4.756691541176995969e-02,-4.357656731757451191e-02,-1.742034943473792508e-01,-3.561910719871307918e-01,-3.316993610080879451e-01,-2.765092274006881318e-02,1.646498949908396237e-01,-9.569239018722909551e-02,2.179632691362438091e-01,-3.122257473524286397e-01,2.428124581080477185e-01,-5.481925018991018472e-02,3.256847937798829085e-01,1.498234952410742171e-01,-1.521381652442021504e-01
2.856025738415478576e-01,7.431967469502659407e-02,2.327226417623665111e-01,1.913847803744582118e-02,-2.329460655078421649e-01,-2.205862639081281606e-01,5.229322132356226671e-01,2.538138433352696843e-01,2.944278117878368004e-02,-2.472407167433754785e-02,5.781089414182939423e-01,1.048214844273649415e-01,0.000000000000000000e+00,6.823361186826935876e-02,3.036864918003485680e-01,-9.466017248313150778e-02,-2.434425130702891071e-01,-6.488225568613431582e-02,1.637562000089369529e-01,6.767952097948970458e-02,-4.690111265025247167e-02,-1.569149649224719500e-01,2.408776084722284161e-01,1.901425443496134737e-01,-2.321059922248536467e-01,-3.028911032664551861e-01,-1.692390187229098619e-01,-1.066848384646320175e-01,2.189552705661557686e-01,6.890835157960588375e-02,-8.261763260199293801e-02,-8.841324455963180118e-02,-1.854685195942624709e-01,-3.345994012243621446e-02,-9.109432950533982720e-02,-4.193931811072880711e-01,-7.480673846016354378e-02,-1.603154743286116513e-01,-2.512042539881138570e-01,-1.824522990303409364e-01,-2.409044193216855201e-01,-7.403369230081773000e-02,-1.828857410965637476e-01,-1.265784887617855958e-01,-2.043612315116850597e-01,-2.487153134635149143e-01,-2.038607623218195719e-01,-1.964967156709415130e-01,-2.088833281201125935e-01,-6.648196970374010972e-02,-2.316993610080879396e-01,-9.804280798963313504e-02,-1.491040707806425558e-01,-2.691004960007149505e-01,3.598462844631127727e-02,-4.252647571383886410e-02,-3.734751329371285844e-02,-9.033022029581304346e-02,9.209973635998033870e-02,-5.648599133115867615e-02,3.356450243531882704e-01,6.273291925465838970e-02,1.125251351713660170e-01,6.462755261629206383e-02,7.233120336029312536e-02,-8.343536351043388810e-02,-2.555967648241654899e-01,-3.796952500111712148e-01,1.776799678269806448e-01,5.943965324634702119e-02,3.946110192591268523e-02,1.521962554180258248e-02,2.712364270074623350e-03,4.582867867196925571e-02,2.467491845033289999e-02,1.252334778140220817e-01,1.494079270744894661e-01,-4.016265248670628646e-02,5.996693328566960086e-03,-1.511953170382948353e-01,8.208588408776085199e-03,-8.176862236918540361e-02,-1.611376737119621094e-01,-2.767907413199874878e-01,1.430850350775280388e-01,-4.016399302917914027e-01,9.920014299119709906e-04,-5.435006032441128121e-02,4.670092497430626821e-01,7.224183386210286661e-02,-1.967514187407837789e-01,9.313195406407792643e-02,-2.962911658251038971e-01,1.868626837660306572e-01,2.159435184771437422e-01,-5.551186380088475592e-02,-1.824076142812458001e-01,-4.522096608427543345e-03,-6.604405916260780440e-02,1.499173332141739978e-01,6.394387595513651053e-03,1.974753116761249483e-01,5.593190044237901504e-02,1.675633406318423613e-01,-1.181866928817194712e-01,-3.957281379865051907e-02,1.116001608650967480e-01,3.271147057509272149e-01,1.783413021135886456e-01,5.483265561463872284e-02,-1.205460476339425407e-01,-1.780463827695607515e-01,-1.209794897001653380e-01,8.301532686893962898e-02,-5.523034988158541381e-02,8.896733544841145536e-02
