0.000000000000000000e+00,5.645560570177398096e-01,-1.830734170427633090e-01,-6.006345234371508468e-01,1.595066803699897173e-01,-1.758344876893516151e-01,-7.086554358997274039e-02,-4.121631887036954489e-01,3.423790160418249129e-01,1.600652397336788935e-01,4.172885294249072952e-01,2.850752938022252936e-01,1.841771303454131092e-01,9.649671567094150748e-02,5.059609455292908287e-01,3.165378256401090162e-01,1.425935028374815672e-01,-6.754993520711381760e-02,6.721301219893650591e-01,5.295634300013405404e-01,-5.985075293802225027e-02,2.135931006747397026e-02,3.051968363197640755e-03,-5.098932034496626020e-01,4.860807006568658439e-02,-3.347155815720094796e-01,-6.946244246838553793e-02,-6.179007104875106071e-02,3.527235354573484138e-01,3.575450198847133221e-01,2.402028687608919189e-01,-5.601233299075025762e-02,9.685866213861209217e-02,6.252736940882076822e-02,-1.398677331426783910e-01,-1.096742481790964757e-01,1.009651905804548888e-01,-6.295187452522453542e-02,4.077483354930962201e-02,3.626614236561061938e-02,3.138209928951248701e-02,4.101613119442334282e-02,-7.000312793243665399e-02,2.243621252066669569e-01,-2.071584968050404485e-01,-2.301353947897582519e-01,1.735913132847758944e-01,1.258590643013539345e-01,6.304124402341480804e-02,-1.620715849680504084e-02,-2.478216184816122158e-01,-2.401179677376111543e-01,-2.761606863577460991e-01,-2.260065239733679010e-01,1.080387863622145755e-01,1.210822646230841348e-01,5.523839313642253668e-01,4.096742481790964785e-01,2.574064971625184550e-01,5.852361588989677538e-02,2.168104026095893366e-02,-3.749318557576299393e-01,2.007998570088029011e-01,-1.271057688011081876e-01,-1.087269314982796387e-01,-5.684615040886545900e-01,-3.870503597122302297e-01,-4.649939675588721788e-01,4.187541891952276663e-01,4.070244425577550507e-01,3.155279503105590244e-01,3.032173019348496368e-01,5.007238929353411416e-01,3.149649224719603402e-01,5.874257116046293498e-02,1.732695830912909518e-01,2.193484963581929514e-01,7.538764019840028807e-02,7.608025380937485926e-02,-1.138209928951249006e-01,-9.561195763885785293e-02,-3.614549354305375828e-01,4.405469413289244546e-02,-9.352964833102461739e-02,1.060547835023906288e-01,-2.988203226238884680e-01,-3.487197819384244002e-02,-1.068010188122793663e-01,1.869341793645828698e-01,-3.167255015863085915e-02,-2.297779167969971892e-01,-8.965994905938602655e-02,-1.980249340899950805e-01,4.710666249609008621e-02,-1.210509852987175505e-01,-1.956834532374100710e-01,2.236248268465972633e-01,7.255015863085928496e-02,6.948478484293310609e-02,2.876580722999240169e-01,-4.455516332275794023e-02,-1.820322623888466773e-01,2.622101076902453101e-02,5.452879932079181258e-02,1.981545198623709814e-01,1.849546449796684311e-01,4.905938603154743477e-02,7.646007417668350403e-02,-2.246793869252424192e-01,-2.746592787881496078e-01,-5.387193350909334766e-02,-1.521962554180258248e-02,1.606416729970061297e-01,-8.464632021091202108e-02,2.321506769739487830e-01,1.119755127574958709e-01
5.645560570177398096e-01,0.000000000000000000e+00,-3.408329237231332853e-01,-2.220608606282675757e-01,2.156888154073014763e-01,1.468162116269717266e-01,-5.054515393896062969e-01,-1.945529290853031945e-01,3.707046784932302441e-01,3.127887751910273240e-01,1.070601903570311403e-01,3.295991778006166495e-01,-2.270700210018320730e-01,1.499396755887215660e-01,3.182135037311765724e-01,5.342955449305152038e-02,-2.164976093659234241e-02,5.973904106528441643e-02,2.358639796237544106e-01,5.319406586532016146e-01,-2.346977076723714140e-01,1.650207784083292453e-02,-2.770588498145583056e-01,-5.696992716385897992e-01,2.315563698109835145e-01,-2.605120872246302361e-03,2.129183609634031915e-01,2.034228517806872527e-01,4.624916216095446564e-01,4.036775548505295297e-01,2.685464051119352824e-01,1.565708923544394393e-01,3.116314401894633157e-01,4.705750927208543488e-01,8.906117342151123606e-02,1.688189820814156028e-01,-2.771437508378390424e-01,-4.230215827338129619e-01,-1.911434827293444771e-01,-3.293444747307743836e-01,-3.437061530899503947e-01,-3.418785468519594528e-01,-9.075472541221681066e-02,2.356271504535502048e-01,-2.476160686357746221e-01,-2.333437597747888698e-02,3.915098976719245671e-01,2.544662406720586412e-01,2.161401313731623475e-01,1.761651548326556016e-01,-1.695786228160328993e-02,-2.858930247106662367e-02,9.495509182715938801e-02,-2.379060726574020179e-01,3.207024442557755012e-02,4.479646096787166798e-02,6.948031636802359801e-01,7.144912641315519508e-01,2.486214754904151336e-01,4.024442557755038008e-01,-1.831091648420394014e-01,-2.680101881227937022e-01,1.425979713123910753e-01,-1.086286250502703499e-02,-3.405603467536529871e-01,-5.714643192278475725e-01,-1.771392823629295288e-01,-4.951070199740828515e-02,1.124000178738996381e-01,4.984449707314893563e-01,1.788149604539970572e-01,1.841547879708655411e-01,2.591447339023191243e-01,4.018946333616336686e-01,-7.430180079538853399e-02,9.783278966888600547e-02,2.870012064882255798e-01,2.439563876848831470e-01,4.472407167433755104e-01,-2.166003842888422071e-01,1.807051253407212024e-02,-4.642834800482595337e-01,-2.139729210420483474e-01,-3.535278609410608119e-01,-2.221681040260958806e-01,-4.563876848831494026e-01,-2.557799722954555710e-01,-2.241074221368246910e-01,-8.311363331694893164e-02,-1.529782385271906686e-01,-2.807989633138209887e-02,-2.097502122525581880e-01,3.287903838419947017e-02,-8.334599401224361548e-02,-3.198891818222440731e-01,-3.878949014701282283e-01,1.476875642343268291e-01,-1.074042629250636788e-01,3.535770141650654841e-01,1.044774118593324030e-01,2.399749765405067292e-01,-2.649805621341436157e-02,2.687519549577729316e-01,2.255507395325975217e-01,9.932079181375397248e-02,1.029581303900978656e-01,3.057822065329103278e-01,2.347423924214665503e-01,-1.928593770945976060e-01,-6.656687072702087427e-02,2.995218731846820415e-01,1.052593949684972469e-01,2.341614906832298060e-01,1.080879395862192199e-01,1.843469323919746106e-01,-1.638366325573081816e-01
-1.830734170427633090e-01,-3.408329237231332853e-01,0.000000000000000000e+00,2.045399705080656050e-01,-3.408999508467759620e-02,-1.553509987041422624e-01,5.816926582957236969e-01,2.180168908351579754e-02,-1.190267661647079894e-01,-2.004513159658608545e-01,5.031502748112069018e-02,-2.636802359354752379e-01,3.778408329237231134e-01,6.622279815898833751e-03,-2.463693641360203690e-01,-9.624201260109924161e-02,2.300370883417489631e-01,-9.526788507082533525e-03,-1.136914071227489997e-01,-4.393762009026319082e-01,4.754010456231288345e-02,-7.974887171008535058e-02,5.612091693105143442e-01,4.303409446355958567e-01,1.037133026498056158e-02,-9.305598999061620580e-02,-1.627105768801108132e-01,-7.306403324545332478e-02,-1.990258724697260839e-01,-2.162205639215335762e-01,-8.014656597703204155e-02,-6.978864113678001635e-02,8.196523526520398117e-02,-2.235577997229545588e-01,1.959292193574333207e-01,-9.850752938022253047e-02,1.876223245006479190e-01,5.238839983913490261e-02,1.332677957013271297e-01,9.916439519192099539e-02,1.456812189999553142e-01,1.285178068725144063e-01,1.809374860360159210e-01,-2.253094418874838079e-01,1.637249206845703409e-02,-1.230573305330890516e-01,-2.696411814647660665e-01,-1.680682782966173572e-01,-1.905670494660172409e-01,-1.985745565038652405e-01,-2.895124893873720837e-02,-5.245095848786809206e-02,-1.420304749988828830e-01,2.105500692613611058e-01,-2.399079494168640247e-01,-3.045846552571607191e-01,-8.077215246436390828e-02,-2.890164886724160831e-01,-3.316814871084499128e-01,-4.807140622905402561e-01,2.065463157424371199e-01,1.156888154073014950e-02,-3.248536574467134619e-01,-4.246972608248804626e-01,4.934760266321104871e-01,3.768845792930872740e-01,1.210733276732651187e-01,-1.133026498056213388e-01,-3.271862013494793997e-01,-3.743330801197551350e-01,5.757183073417043023e-02,1.093882657848876255e-02,-5.067250547388176679e-02,-3.372358014209750343e-02,-1.776218776531569843e-02,4.537289423119889031e-02,-1.721792752133696758e-01,-1.470262299477188561e-01,-1.613208811832521627e-01,3.188569641181464576e-01,-3.073238303766924195e-01,2.943741900889226271e-01,2.675722775816613899e-02,1.463783010858394074e-01,1.501139461101926031e-01,1.004379105411323109e-01,2.053621698914160631e-01,7.477992761070646754e-02,3.034094463559587184e-03,-1.086733097993654723e-01,-1.782921488895839943e-02,3.345994012243621030e-01,4.464006434603869783e-02,3.402162741856204486e-01,-1.343893829036149901e-01,-1.877385048482952679e-01,-1.306582063541713301e-01,-9.436972161401313564e-02,-3.182849993297287572e-01,2.377228651861119924e-02,-3.076723714196344939e-01,-3.959292193574333041e-01,-3.493408999508467727e-01,-2.821663166361320640e-01,-2.418025827784976989e-01,-3.857634389382903761e-02,-3.332097055275034525e-01,-2.387774252647571482e-01,-1.010411546539166233e-01,1.237767549935207129e-02,-1.784262031368693754e-02,-2.231556369810983390e-02,-2.405782206532910417e-01,4.102059966933285784e-02,1.811921891058581591e-01,-2.479556727288976387e-02
-6.006345234371508468e-01,-2.220608606282675757e-01,2.045399705080656050e-01,0.000000000000000000e+00,-1.242012601099244801e-01,1.465168238080343244e-01,1.127664328164797308e-01,6.240269895884534845e-01,-7.929755574422449327e-02,-3.957281379865051907e-02,-3.930381160909781624e-01,-2.642209213995263400e-02,-1.560257384154787874e-01,1.734527905625809774e-01,-5.127172795924750393e-01,-4.114348272934447714e-01,-9.256445775056973413e-02,2.452343715090039844e-01,-4.054470709146968388e-01,-2.234952410742213624e-01,-2.426873408105813534e-01,-1.104785736628088877e-01,-1.631708297957907006e-01,2.834040841860672733e-01,-1.908083471111309826e-01,1.297779167969971836e-01,-6.303677554850529996e-02,2.785200411099691617e-02,-1.491442870548281840e-01,-7.335001563966218885e-02,-2.314089101389695813e-01,1.719022297689798418e-02,-5.315697752357120831e-02,1.240046472139058886e-01,-2.430850350775280375e-02,-5.104785736628088960e-02,-2.570892354439429650e-01,-2.330935251798561259e-01,-2.512712811117565614e-01,-1.901291389248849495e-01,-3.272666338978506562e-01,-1.933196300102774934e-01,-2.417891773537691677e-02,-1.931766388131730683e-01,3.846910049600071185e-02,2.685910898610304187e-01,-4.297332320479020640e-02,8.465525716073103724e-02,5.707583001921444354e-02,2.523169042405826734e-01,3.060324411278430579e-01,4.136020376245587160e-01,2.255864873318736419e-01,2.262969748424862593e-01,-3.781491576924795317e-01,-1.997721077796148215e-01,-2.996514589570579701e-01,-2.661066178113409841e-01,-1.128692077393985416e-01,1.368381071540283322e-01,2.215023012645784065e-02,3.431967469502658630e-01,-9.775682559542428485e-02,2.225479243934045392e-01,-3.521605076187497158e-02,4.974753116761249649e-01,1.740873139997319019e-01,5.115465391661825345e-01,-5.106975289333750556e-01,-1.747843960856159673e-01,-2.323651637696054206e-01,-1.725725010054068587e-01,-3.762634612806649015e-01,1.009741275302739189e-01,-1.627731355288440096e-01,6.663389785066356485e-02,-2.208052191786943064e-01,-4.052906742928638617e-02,1.118593324098485220e-01,1.406541847267527567e-01,5.511416953393806495e-02,3.293802225300505038e-01,-3.709638500379820458e-01,-2.294740605031502789e-01,-3.048661691764600890e-01,2.574199025872469515e-01,-3.045935922069797352e-01,-8.915501139461101676e-02,-5.137182179722060704e-01,-3.669958443183341662e-02,3.818222440680995589e-01,-4.379105411323115540e-04,3.487510612627909845e-01,-2.568479377988292650e-02,-1.721658697886411238e-01,-7.321149291746727183e-02,-2.849859243040350210e-01,-1.921801689083515730e-01,3.271817328745699194e-02,-1.506725054738817515e-01,1.041780240403950147e-01,1.252066669645650054e-01,7.194244604316546443e-02,2.291433933598462785e-02,-2.111265025246883142e-01,-2.086286250502703554e-01,-5.923857187541892166e-02,-1.231779793556459224e-01,8.110728808257741673e-02,1.774565440815049910e-01,1.094865722328969143e-01,4.812100630054962080e-02,9.924035926538272989e-02,4.716922114482326872e-02,-1.533401849948612672e-01,-1.662227981589883274e-01
1.595066803699897173e-01,2.156888154073014763e-01,-3.408999508467759620e-02,-1.242012601099244801e-01,0.000000000000000000e+00,3.380356584297778966e-01,3.466195987309531046e-02,-1.586978864113678112e-01,6.196300102774923158e-01,4.193484963581929348e-01,-8.159435184771437338e-03,1.368693864783949304e-02,1.825148576790741328e-01,1.700567496313508120e-01,2.396577148219312670e-01,1.774342017069574229e-01,-2.609455292908530177e-01,-1.299298449439206526e-01,-2.011171187273783356e-01,-2.039411948701908006e-01,1.578756870280173252e-01,1.713660127798382338e-01,-7.448947674158809540e-02,-5.192367844854550718e-03,2.349211314178470955e-01,2.846597256356405703e-01,4.168461504088654679e-01,3.852138165244202161e-01,1.142633719111667140e-01,-5.769694803163680219e-02,3.941328924438089465e-01,3.755350998704142240e-01,1.439876670092497535e-01,-2.154251753876402012e-02,1.909021850842307633e-01,2.621520175164216426e-01,-1.099244827740292196e-02,-1.103400509406139707e-01,-7.005228115644131226e-02,-1.578712185531078172e-01,-1.053979176906921639e-01,-1.626167389070110325e-01,-1.564010903078779102e-01,-1.024889405245989482e-01,-2.392332097055274998e-01,-4.497207203181554092e-01,-4.964475624469368888e-03,-1.779391393717324188e-01,-3.112248089726976086e-01,-3.287948523169042514e-01,-5.406809955762098552e-01,-4.337146431922784817e-01,-3.619956208945886988e-01,-2.985879619285937703e-01,-2.248983421958085649e-01,-3.541713213280307526e-01,5.282184190535769985e-02,2.340140310112158728e-01,4.737477099066089020e-02,6.291165825103892106e-02,1.345591849501764914e-01,1.730550962956342864e-01,-3.755976585191473927e-01,-2.500871352607355047e-01,2.177487823405871714e-01,1.160105456007864549e-01,4.926940435229456433e-02,-7.643773180213593588e-02,1.934358103579248422e-01,1.635953349121944678e-01,2.932391974619062425e-01,4.268912820054515667e-01,2.855266097680861370e-01,5.683900084901023254e-03,1.484293310693060586e-01,-3.472005004691898575e-03,1.434559184950176536e-01,1.073595781759685425e-01,6.685732159613923253e-02,1.062782072478662965e-01,-2.296304571249832560e-01,-8.452120291344564218e-02,-8.343089503552438002e-02,-1.624156575360829469e-01,1.850037982036730755e-01,-2.356718352026453411e-01,-8.848474015818401373e-02,-1.172438446758121422e-01,1.535636087403369210e-01,-2.389159479869520653e-01,1.488717100853478581e-01,3.208364985030609171e-03,1.754457303722239681e-01,1.604316546762590001e-01,-8.713526073551096374e-02,-1.763170829795790706e-01,-4.008668841324455889e-02,-1.140399481656910463e-01,1.210241744492604743e-01,2.833817418115197051e-01,1.983377273336610347e-01,2.776933732517091746e-01,2.941731087179945692e-01,2.843067161177890156e-01,6.044952857589704770e-02,1.231601054560078623e-01,1.651950489298002478e-01,2.711336520845435416e-01,-2.206354171321328050e-01,-1.578488761785602490e-01,-9.607221055453773507e-04,6.418070512534071459e-02,1.307967290763662471e-01,-3.450109477635283223e-02,7.574958666607087276e-02,-6.162026900218955071e-03
-1.758344876893516151e-01,1.468162116269717266e-01,-1.553509987041422624e-01,1.465168238080343244e-01,3.380356584297778966e-01,0.000000000000000000e+00,-2.328522275347423842e-01,2.002010813709280967e-01,2.403950131820009883e-01,6.080432548371240697e-01,-2.847848429331069076e-01,-6.528441842799052874e-02,-2.398856070423164566e-01,-5.250458018678225147e-03,9.065195048929799992e-02,6.502077840832923283e-02,-2.026721479958890071e-01,6.345234371509003712e-02,-3.471736896197327726e-01,-2.048036105277268870e-01,1.305241521068859212e-01,2.645203092184637561e-01,-3.210241744492604576e-01,-3.015326868939630783e-02,1.388489208633093552e-01,6.060547835023906149e-01,5.978461950936145852e-01,6.318825684793779596e-01,1.331918316278654091e-01,6.453818311810179120e-02,1.853344653469770897e-01,4.265829572366950928e-01,-3.414808525850127063e-02,1.414316993610080786e-01,1.039814111443764233e-01,1.685419366370257965e-01,-4.169265829572366688e-01,-2.121274409044193177e-01,-3.273828142454980328e-01,-3.540462040305643598e-01,-3.012377675499351981e-01,-3.442423700790920305e-01,-2.216542294115018408e-01,1.527324724071674363e-02,-2.150140756959649790e-01,-1.066624960900844493e-01,-5.068144242370078989e-02,-1.820054515393896011e-01,-2.270387416774654887e-01,-2.186558827472183664e-01,-2.221546986013673564e-01,-2.036328701014343823e-01,1.283792841503194997e-02,-2.430224764287948480e-01,-1.715626256758568391e-01,-3.097099959783725653e-01,8.360963403190491139e-02,1.392376781804370300e-01,-2.148889583984986071e-02,1.822690915590508831e-01,3.619464676705839989e-02,4.511774431386567641e-01,-2.400866884132445700e-01,1.203717771124715175e-01,-7.856025738415478576e-02,1.845748246123598002e-01,3.442959917780061968e-02,1.827382814245498144e-01,9.621073327673265729e-02,-3.854953304437195444e-02,1.635774610125564077e-01,2.189463336163367524e-01,5.524375530631395192e-02,-7.950757406497162283e-02,1.468653648509763709e-01,-1.333124804504222660e-01,3.369408820769471125e-01,3.358237633495688157e-01,2.920371777112471534e-01,6.983779436078466074e-02,2.635372447383708128e-01,3.034094463559587184e-03,-4.989945931453594608e-02,-1.195853255283971517e-01,-5.201751642164529482e-02,-1.439206398856070490e-01,-2.401090307877921382e-01,1.940167120961615865e-01,-1.563430001340542497e-01,-4.457303722239599336e-02,1.436480629161267231e-01,8.936056124044863824e-02,1.122436212520666748e-01,1.446802806202243108e-01,4.850976361767728867e-02,-7.119174225836721881e-02,-1.123151168506188874e-01,1.199115241967916301e-01,3.352920148353367158e-01,-5.562357567362258975e-02,4.414048885115510190e-01,4.280039322579203831e-01,4.885070825327315625e-01,4.714509138031189872e-01,8.088386433710174905e-02,-1.885830466061932942e-01,2.934089995084677716e-01,3.659859689887841050e-01,-3.744581974172214722e-02,2.276777335895258936e-01,1.839581750748469635e-01,1.896867599088431222e-01,1.880244872425041458e-01,6.515036418070511981e-02,-3.201975065910004914e-01,1.379954421555922850e-01
-7.086554358997274039e-02,-5.054515393896062969e-01,5.816926582957236969e-01,1.127664328164797308e-01,3.466195987309531046e-02,-2.328522275347423842e-01,0.000000000000000000e+00,2.729657267974440193e-01,9.850752938022253047e-02,-1.375396577148219335e-01,3.581527324724071426e-01,-1.419366370257831023e-01,5.586397962375441173e-01,2.163590866437284932e-01,-7.229098708610751101e-02,1.889271191742258535e-02,1.209660842754367999e-01,-4.043522945618660547e-02,-6.647750122883060164e-02,-4.562715045355020260e-01,1.763081460297600545e-01,6.742481790964743871e-02,4.656821126949372003e-01,2.835560123329907700e-01,-2.565440815049823686e-01,-2.981857991867375435e-01,-4.086062826757227984e-01,-2.541623843782117032e-01,-1.912060413780776735e-01,-2.747575852361588966e-01,-1.709281022387059423e-01,-2.231511685061888239e-01,-2.564591804817015763e-01,-4.751731534027436310e-01,-1.409535725456901589e-01,-3.899727423030519557e-01,3.590553644041288850e-01,3.497385942177934637e-01,3.882345055632512865e-01,3.918271593905000016e-01,3.354707538317172610e-01,3.733321417400241038e-01,2.328611644845614281e-01,-1.379730997810447168e-01,1.568836855981053657e-01,-1.151972831672550129e-01,-2.918897180392331925e-01,-2.729791322221725713e-01,-1.288395370659993766e-01,-1.680012511729746527e-01,-8.905670494660172798e-02,-6.729523213727155173e-03,-2.676214308056660274e-01,1.555208007507037915e-01,-1.313106036909602869e-01,-2.983198534340229524e-01,-4.420617543232494562e-01,-4.175655748692971292e-01,-2.024665981500513856e-01,-4.758523615889896918e-01,5.769650118414585416e-01,2.120157290316814769e-01,-1.569953974708432065e-01,-1.278832834353635095e-01,3.718352026453371484e-01,4.366638366325573117e-01,-6.327360471870950055e-03,-2.017471736896197243e-01,-3.754099825729478312e-01,-5.141203807140622972e-01,-2.182403145806336223e-02,-8.821663166361320974e-02,-1.251664506903793772e-01,-8.108494570802984858e-02,-1.793288350685910970e-01,2.229992403592653827e-01,-2.596317976674560879e-01,-2.554180258277850002e-01,-3.648465078868582401e-01,2.214933643147593834e-01,-3.355779972295455660e-01,2.635372447383708128e-01,1.816077572724429101e-01,1.732427722418338756e-01,1.774565440815049910e-01,1.760311005853702204e-01,2.916528888690290144e-01,-6.987801063497028897e-02,1.280128692077394104e-01,4.540864203047499659e-02,-1.157781849054917607e-02,1.206488225568613376e-01,5.076187497207203594e-03,1.304794673577907849e-01,-1.744358550426739485e-01,-2.118057107109343543e-03,-1.917333214174002376e-01,-1.874123061799007894e-01,-5.870503597122301853e-01,-6.140578220653290786e-02,-4.490459806068188842e-01,-2.309173778989231096e-01,-5.497922159167076828e-01,-4.101970597435095622e-01,-2.266008311363331695e-01,-2.019974082845524821e-01,-4.363689172885294454e-01,-4.798963313820993060e-01,-1.561419187631261363e-01,-2.127128111175655700e-01,-3.185933240984851755e-01,-2.634255328656329720e-01,-2.003172617185754456e-01,-1.621698914160596972e-01,1.386433710174717338e-01,1.131641270834264218e-01
-4.121631887036954489e-01,-1.945529290853031945e-01,2.180168908351579754e-02,6.240269895884534845e-01,-1.586978864113678112e-01,2.002010813709280967e-01,2.729657267974440193e-01,0.000000000000000000e+00,4.577952544796461132e-02,1.834755797846195080e-02,-1.031145270119308288e-01,2.250413333929129900e-01,-1.289512489387372174e-01,3.551901336073998161e-01,-3.127530273917512038e-01,-3.733991688636668083e-01,-6.586532016622727304e-02,2.668394476965011974e-01,-3.567540998257294760e-01,-2.651727065552527129e-01,-1.927431967469502572e-01,-1.709012913892488383e-01,-1.767415880959828378e-01,-1.948255060547835057e-03,-5.472183743688279201e-01,-2.202600652397336822e-01,-3.095714732561776761e-01,-2.582957236695115899e-01,-1.462397783636444903e-01,1.397738951695786172e-02,-5.332186424773225353e-01,-2.730014745967201395e-01,-3.187229098708610486e-01,-3.156977523571204841e-02,-1.708029849412395496e-01,-2.578265338040127141e-01,-2.906430135394789671e-01,-1.334822824969837674e-01,-8.001251172974663262e-02,-5.126681263684704226e-02,-1.827338129496402785e-01,-1.483265561463872340e-01,5.687028017337682900e-02,1.832074712900487066e-03,1.802895571741364722e-01,2.661736449349836886e-01,-2.909424013584163693e-02,4.059609455292908370e-02,1.964341570222083166e-01,1.974127530273917519e-01,3.305554314312524888e-01,3.283882211001385443e-01,3.220251128289914888e-01,2.142454980115286733e-01,-9.149649224719602625e-02,-2.376826489119263641e-01,-3.797175923857187274e-01,-3.200589838688056021e-01,1.403547969078153615e-02,2.178604942133249844e-01,4.567094150766343175e-01,6.722284284373742924e-01,9.473166808168372380e-03,5.256937307297019357e-01,-1.505563251262344027e-01,4.096742481790964785e-01,-2.534965816166942151e-02,2.319183162786540853e-01,-5.127530273917512149e-01,-3.146119129541087855e-01,-2.895973904106528551e-01,-4.576031100585370437e-01,-5.353992582331650318e-01,-2.979132222172572661e-02,-3.900442379016041961e-01,3.235175834487689223e-02,-3.334778140220742704e-01,-1.763572992537646988e-01,-1.012556414495732575e-02,-5.740202868760892196e-02,9.618392242727556718e-02,1.888511551007641120e-01,-1.553018454801376180e-01,-2.545064569462442416e-01,-2.477456544081504952e-01,1.088431118459269875e-01,-1.626569551811966607e-01,-2.426560614862147414e-01,-1.862728450779748968e-01,-9.683185128915501594e-02,3.321506769739487885e-01,-1.702622994771884335e-01,3.899280575539568194e-01,-1.168640243085035113e-01,-2.137226864471155896e-01,8.356048080790027047e-03,-2.547030698422628192e-01,-1.444300460252915808e-01,-8.241655123106483849e-02,-2.973457259037490252e-01,3.626614236561061938e-02,1.243397828321193971e-01,-4.589570579561196018e-02,-3.988113856740694435e-02,-9.063854506456946181e-02,-3.747263059117922901e-01,-1.714687877027570584e-01,-3.109656374279458624e-01,2.193127485589168452e-02,3.366548996827382900e-02,7.110237276017694619e-02,-2.537200053621698967e-02,7.810894141829394233e-02,8.469994190982617355e-02,-9.324366593681576720e-02,-1.302426381875865791e-01
3.423790160418249129e-01,3.707046784932302441e-01,-1.190267661647079894e-01,-7.929755574422449327e-02,6.196300102774923158e-01,2.403950131820009883e-01,9.850752938022253047e-02,4.577952544796461132e-02,0.000000000000000000e+00,5.992537646901112680e-01,1.665355914026542816e-01,2.200411099691675365e-01,2.854551141695339522e-01,5.181866928817194795e-01,5.478797086554358930e-01,2.981053666383663425e-01,-2.752938022253005323e-01,-7.864068993252602835e-02,3.818758657670136974e-02,-3.177085660664015487e-02,4.131998748827025308e-02,2.681665847446266793e-01,4.043969793109611528e-03,-1.907457884623977862e-01,1.537602216363554986e-01,-2.898252826310380309e-02,2.294874659278788032e-01,3.076008758210822536e-01,3.049912864739264262e-01,1.407212118503954612e-01,3.629027213012198660e-01,2.040216274185620571e-01,1.905268331918316405e-01,1.471647526699137454e-01,5.430984405022565992e-02,1.987667009249743100e-01,2.363823227132579811e-03,-2.275838956164261129e-01,7.189776129407032985e-03,-1.535144555163322766e-01,-1.242459448590196164e-01,-1.832744984136913946e-01,-6.675454667322043567e-02,4.652576075785334192e-02,-3.660753384869743776e-01,-2.659591581393270232e-01,2.574735242861611248e-02,-7.041869609902140503e-02,-2.225077081192189110e-01,-1.543321864247732267e-01,-3.898923097546807548e-01,-2.291702042093033687e-01,-2.695696858662138817e-01,-2.496090084454175850e-01,-1.081773090844094926e-01,-2.757942714151659924e-01,1.654810313240091257e-01,2.429956655793377718e-01,2.772241833862102919e-02,4.210643907234461192e-02,3.370928102238706092e-01,1.407346172751240132e-01,-1.314446579382456681e-01,-2.701639930291791294e-02,8.129496402877697814e-02,1.313731623396934608e-03,-1.951293623486304030e-01,-1.350015639662183187e-01,9.206398856070423242e-02,2.696054336654899464e-01,2.248491889718039205e-01,2.386657133920193075e-01,2.145404173555565397e-01,1.552526922561329736e-01,-1.124312971982662362e-01,9.385137852450958773e-02,2.107377452075606672e-01,1.958621922337906163e-01,9.860583582823181925e-02,1.120336029313195453e-01,-2.296259886500737202e-01,-2.400285982394208817e-01,-1.814513606506099330e-01,-2.102908977166093318e-01,1.941731087179945359e-01,-2.573707493632423349e-01,-1.351937083873274159e-01,-1.776889047767996888e-01,1.841279771214084648e-01,-4.231645739309173454e-02,1.770543813396487642e-01,-1.488985209348049621e-01,2.467000312793243555e-01,7.103087716162473364e-02,-1.940971446445328152e-01,-2.243844675812145251e-01,3.994369721614013380e-02,-1.678537915009607195e-01,1.824478305554314353e-02,2.527280039322579164e-01,-7.595066803699897229e-02,5.263416595915813845e-02,7.180839179588006937e-02,6.640153715536886887e-03,-1.115867554403681960e-01,-1.262656955181196694e-01,2.887528486527548080e-02,-4.669556280441485192e-03,-2.777425264757138468e-01,-3.322355779972295253e-01,-5.406407793020242408e-02,-7.909647437329639375e-02,1.057017739845390741e-01,-5.261182358461057029e-02,1.631082711470575042e-01,-1.104383573886232595e-01
1.600652397336788935e-01,3.127887751910273240e-01,-2.004513159658608545e-01,-3.957281379865051907e-02,4.193484963581929348e-01,6.080432548371240697e-01,-1.375396577148219335e-01,1.834755797846195080e-02,5.992537646901112680e-01,0.000000000000000000e+00,-2.616292059520085658e-02,5.837615621788283526e-02,4.997542338799767364e-02,1.379954421555922850e-01,4.044282586353277753e-01,4.211314178470887959e-01,-3.443719558514679036e-01,-1.615353679789088004e-01,-2.075606595468966475e-01,-9.575048036105276994e-02,2.300192144421109031e-01,4.168684927834130360e-01,-2.862683766030653665e-01,-1.467134367040529019e-01,1.791188167478439675e-01,3.501720362840162748e-01,4.551767281826712419e-01,5.702757049019169244e-01,1.334241923231601068e-01,-1.159569239018722886e-01,2.618034764734796238e-01,3.835962286071763483e-01,8.047723312033602805e-02,2.201260109924482733e-01,8.417713034541310368e-02,1.664372849546449928e-01,-1.329773448322087714e-01,-1.657848876178560360e-01,-8.731846820680101706e-02,-1.911434827293444771e-01,-1.554627105768801032e-01,-1.687519549577728983e-01,-5.758076768398945333e-02,1.354037267080745455e-01,-2.631752982707001864e-01,-3.433799544215559441e-01,-1.693551990705572221e-03,-1.529022744537289480e-01,-3.710844988605389028e-01,-3.541311050538450966e-01,-2.951070199740828404e-01,-3.601680146565977014e-01,-1.430180079538853344e-01,-3.467357790786004812e-01,-3.112739621967022807e-02,-3.359622860717637050e-01,9.266723267348854487e-02,1.896376066848384778e-01,1.935296483310246229e-01,1.543053755753161504e-01,9.665311229277447069e-02,2.927119174225836784e-01,-2.408865454220474600e-01,-1.349926270163992990e-02,-2.037624558738102692e-03,9.442781178783681006e-02,-4.535502033156084065e-03,7.087894901470127851e-02,2.447070914696813926e-01,2.469055811251619770e-01,1.029223825908217593e-01,2.408463291478618318e-01,1.564100272576969541e-01,-1.019661289601858922e-01,9.716251843245900244e-02,-9.598730953125697574e-02,3.730908440949103899e-01,2.828455248223781249e-01,1.565977032038965155e-01,1.294517181286027052e-02,1.125608829706421232e-01,-1.501005406854640511e-01,-3.556906027972653143e-03,-6.618258188480272142e-02,3.241163590866437128e-01,-2.056079360114392851e-01,-5.283077885517672989e-02,1.289110326645515892e-01,1.189776129407033312e-01,1.304794673577907823e-03,1.477009696590553534e-01,-1.315519013360740008e-01,1.398900755172259591e-01,-1.861566647303275479e-02,-1.122480897269761829e-01,-1.533089056704946551e-01,1.535367978908798448e-02,-4.231645739309173801e-03,2.167076276866705398e-01,1.273872827204075298e-01,8.413691407122748933e-02,2.431297198266231807e-01,2.793645828678671950e-01,2.475401045623128737e-01,2.017963269136243895e-02,-2.285624916216095481e-01,1.304928727825193369e-01,2.208945886768845790e-01,-1.283256624514053368e-01,-1.689977210777961550e-02,-6.081594351847714221e-03,-4.094910407078064529e-02,7.128558023146699951e-02,4.801823137763081700e-02,-7.816703159211761676e-02,5.676750525045801826e-02
4.172885294249072952e-01,1.070601903570311403e-01,5.031502748112069018e-02,-3.930381160909781624e-01,-8.159435184771437338e-03,-2.847848429331069076e-01,3.581527324724071426e-01,-1.031145270119308288e-01,1.665355914026542816e-01,-2.616292059520085658e-02,0.000000000000000000e+00,3.147102194021180743e-01,5.321953617230439360e-01,1.775995352786094161e-01,2.056034675365297770e-01,1.761874972072031698e-01,4.084186067295231953e-02,-2.991331158675544222e-01,3.204388042361142053e-01,9.503999285044013867e-02,-1.814111443764243325e-01,-1.332588587515081135e-01,2.625407748335493174e-01,-2.502345949327494656e-01,-1.021627418562044837e-01,-4.074176683497922058e-01,-3.441351266812636700e-01,-1.345949327494526115e-01,3.378569194333974068e-01,2.983153849591134443e-02,2.561776665624022550e-02,-1.254658385093167794e-01,3.433576120470083898e-02,-1.028196076679029486e-01,-3.989901246704499749e-02,-1.440323517583448898e-01,4.867062871441976690e-02,-2.203851825372000681e-02,6.163814290182760558e-02,2.646230841413825530e-02,4.513159658608516776e-03,-9.455292908530319243e-03,1.903972474194557396e-01,1.087894901470128212e-01,-3.914384020733723685e-03,-9.878457482461236450e-02,2.469860136735332334e-01,1.201394164171768197e-01,1.800884758032083588e-01,1.049063854506456922e-01,5.660664015371554003e-02,4.723177979355645817e-02,-1.778899861477277813e-02,3.160105456007864522e-01,3.993029179141158874e-02,-4.119933866571338921e-02,1.009115688815407363e-01,8.074981008981634012e-02,9.451718128602708269e-02,-1.403771392823629227e-01,3.723714196344787286e-01,-1.886992269538406430e-01,3.607712587693819861e-01,-5.283524733008624491e-02,-1.185754501988471321e-01,-2.917869431163144234e-01,-2.821350373117654797e-01,-3.600697082085884126e-01,-1.461146610661781253e-01,-2.159971401760579224e-01,9.309620626480182015e-02,3.864337101747173514e-02,2.119576388578578163e-01,1.742347736717458351e-01,-7.200500469189866082e-02,2.739443228026274824e-01,1.053666383663255657e-02,-1.125296036462755250e-01,-7.085660664015371035e-02,-1.493587738504848217e-01,-3.027793913937173453e-01,-3.202332543902766115e-01,1.364225389874435847e-02,-2.324411278430671690e-01,1.208722463023370192e-01,-5.926091424996648982e-02,-2.680191250726127183e-02,-3.847803744581974050e-01,1.958755976585191405e-01,1.279234997095491377e-01,-8.314491264131551596e-02,7.696501184145851382e-02,-8.644264712453639254e-02,9.485231690424057727e-02,-3.338710398141114255e-01,-1.287456990928995959e-01,-2.462576522632825560e-02,-2.774699495062335486e-01,-2.568524062737387870e-01,9.585772375888108876e-02,-2.850976361767728617e-01,-1.404977881049197797e-01,-1.973948791277536918e-01,-1.428303320076857730e-01,9.263148487421242472e-02,1.487465927878814931e-01,-2.449751999642522104e-01,-2.921042048348898579e-02,-3.280307431073774538e-01,-4.006211180124223392e-01,9.035256267036060121e-03,-1.391706510567943256e-01,7.096831851289155113e-02,4.875106126279100949e-02,3.390142544349613596e-01,-1.422449617945395206e-01
2.850752938022252936e-01,3.295991778006166495e-01,-2.636802359354752379e-01,-2.642209213995263400e-02,1.368693864783949304e-02,-6.528441842799052874e-02,-1.419366370257831023e-01,2.250413333929129900e-01,2.200411099691675365e-01,5.837615621788283526e-02,3.147102194021180743e-01,0.000000000000000000e+00,1.219938335046248656e-01,5.832476875642342851e-01,2.140846329147861882e-01,1.789490147012824661e-01,6.927029804727646844e-02,1.793913937173242656e-01,2.134590464274543076e-01,4.519549577729121137e-01,-2.739085750033513622e-01,-1.965101210956700373e-01,-2.126994056928370458e-01,-2.917601322668573194e-01,-1.509629563430001375e-01,-3.294561866035122244e-01,-1.017069574154341183e-01,-7.396666517717502554e-02,6.153447428392689877e-01,5.463068054872871615e-01,-4.487242504133339555e-02,-8.713526073551096374e-02,1.470530407971759324e-01,2.609499977657625536e-01,-2.085437240269895909e-01,-1.643505071719022215e-01,-3.325170919165288952e-01,-4.428079896331382215e-01,-2.205013628848473961e-01,-3.306894856785378978e-01,-4.004825952902274500e-01,-4.074489476741587901e-01,-3.500335135618213300e-01,-1.806783144912641192e-01,-4.680325304973412814e-01,-1.769694803163680275e-01,2.478886456052549203e-01,1.996782698065150408e-01,8.439608561597926328e-02,1.746279994637830180e-01,9.887394432280262324e-02,1.379686313061352088e-01,9.114795120425399355e-02,9.416417176817552803e-02,1.224362125206666973e-03,1.831181017918584453e-02,2.107198713079226071e-01,2.456454712006791996e-01,3.127038741677465317e-01,3.762321819562983172e-01,2.369587559765851947e-01,8.223334375977478516e-02,5.082309307833235978e-01,5.152464363912596657e-01,-3.434827293444747132e-01,-3.263640019661289693e-01,-4.347692032709236098e-01,-2.837258143795522436e-01,-1.627865409535725338e-02,1.865007372983600586e-01,-5.364404128870816496e-02,-1.516957862281603231e-01,8.384199472719960911e-02,4.565083337057062596e-01,-2.169578622816032976e-01,1.398230483935832824e-01,-1.134724518521828540e-01,-1.654854997989186338e-01,2.771929040618437146e-01,-8.938290361499620640e-02,-1.175432324947495444e-01,-3.192814692345502525e-01,-3.237007909200589895e-01,-5.042763304884042563e-01,-2.644175342955449315e-01,-7.711247151347244699e-02,-3.525179856115107646e-01,-4.106885919835560061e-01,-6.593681576477948558e-02,-4.070780642566692101e-03,1.606327360471870858e-01,-2.065954689664417643e-01,1.377586129853880792e-01,-1.437642432637740719e-01,-3.405826891282005553e-01,-2.114348272934447603e-01,1.154430492872782488e-01,-4.765628490996023231e-02,9.990169355199070289e-02,-7.474864828633986935e-02,1.327271102372760136e-01,1.302560436123151137e-02,1.581572009473166673e-01,8.414585102104651937e-02,4.868850261405782004e-02,2.413691407122748878e-01,5.093614549354305576e-02,9.054470709146968110e-02,-2.164931408910139021e-01,-3.043165467625899012e-01,2.425264757138388683e-01,-8.936502971535814632e-02,2.509450824433620553e-01,2.834800482595290494e-01,1.565485499798918712e-01,-2.860360159077706688e-01
1.841771303454131092e-01,-2.270700210018320730e-01,3.778408329237231134e-01,-1.560257384154787874e-01,1.825148576790741328e-01,-2.398856070423164566e-01,5.586397962375441173e-01,-1.289512489387372174e-01,2.854551141695339522e-01,4.997542338799767364e-02,5.321953617230439360e-01,1.219938335046248656e-01,0.000000000000000000e+00,3.419277000759640694e-01,2.928995933687832398e-01,3.206890388310469908e-01,-1.262925063675767456e-01,-4.358684480986639298e-01,1.366504312078287708e-01,-2.044282586353277642e-01,4.789311408016443811e-02,7.028464185173599610e-02,5.151347245185218249e-01,1.419098261763260260e-01,1.501988471334733399e-01,-1.700612181062603201e-01,-1.550248000357478118e-01,9.920014299119709906e-04,2.464632021091201497e-01,-1.030787792126547225e-01,2.761830287322936672e-01,5.708029849412395856e-02,2.208096876536038145e-01,-1.575628937843513988e-01,9.251977300147459782e-02,-2.479556727288976387e-02,2.324634702176147372e-01,9.482103757987399295e-02,1.658876625407748329e-01,1.024755350998704101e-01,7.339916886366683324e-02,5.981500513874614400e-02,1.372760176951606514e-01,-9.784619509361454359e-02,-1.849635819294874750e-01,-2.750301622056391948e-01,-6.143706153089950606e-02,-9.743509540193931451e-02,-2.224630233701237747e-01,-2.260824880468296216e-01,-3.421600607712587672e-01,-3.233254390276598667e-01,-4.080745341614906985e-01,1.130970999597837208e-02,-1.442379016041824835e-01,-3.019259126860002751e-01,-8.283658787255909761e-02,-9.056258099110774118e-02,-1.635104338889137032e-01,-3.782519326153983563e-01,3.946333616336744066e-01,-7.478886456052549758e-02,3.198534340229679945e-02,-2.276419857902498012e-01,3.735332231109522172e-01,6.721479958890030915e-02,-1.158675544036820299e-01,-2.805576656687072679e-01,1.539389606327360403e-02,-1.297421689977210912e-01,2.082800840073283088e-01,2.511819116135662888e-01,2.248447204968944124e-01,4.556503865230796674e-02,4.285267438223334252e-02,8.251932615398364923e-02,-3.554671790517896501e-02,-6.294293757540551926e-02,-1.478663032307073466e-01,1.042539881138567354e-01,-5.443138656776441708e-01,-1.417668349792216009e-01,-9.954868403413914824e-02,-5.172706555252692268e-02,1.947942267304169084e-01,-1.115063228919969673e-01,1.126010992448277376e-01,-1.454935430537557528e-01,2.055900621118012528e-01,2.971535814826399904e-03,2.118503954600295044e-02,5.807229992403592500e-02,3.334375977478886560e-02,1.919209973635997990e-01,-8.086599043746368898e-02,-1.302381697126770710e-01,8.122346843022476559e-02,-2.264980562134143727e-01,-3.842441574690558248e-01,-2.391974619062513935e-02,-4.195942624782161845e-01,-4.235265203985879578e-01,-3.178783681129630501e-01,-4.205102998346664234e-01,-1.979891862907189881e-01,1.030296259886500781e-01,-2.757763975155279601e-01,-1.004647213905893871e-01,-3.292104204834889747e-01,-3.873318736315295441e-01,-2.669466910943294954e-02,-2.505786675007820041e-01,-1.732695830912909518e-01,1.623486304124402424e-01,3.300862415657536131e-01,-2.596675454667322080e-01
