0.000000000000000000e+00,7.017094036608225727e-01,1.088543319581085356e-01,-1.406222530702825879e-01,-9.963035601350718473e-02,1.005276388219795460e-02,-3.575660575950537906e-02,-4.265632241905618904e-02,-1.939980227813940528e-01,-2.966900995230473681e-01,3.946286322259234813e-01,1.983679955432670616e-01,1.882718515761811484e-01,2.785526577151480887e-01,-1.653808657295046114e-01,-9.176714483697079316e-02,2.176926817796794034e-01,2.231220418777640491e-01,2.637075360340099817e-01,3.262159551952217851e-01,-8.576242782352981597e-02,-3.447552335789255129e-01,-1.173020326994513585e-01,-1.309416446531762312e-01,-2.535154992476980063e-01,-1.228364182662121662e-01,-2.292820139318567374e-01,-2.893109187673663096e-01,1.405286434134190611e-02,3.419492270353821639e-02,-6.139423592829956755e-03,-3.008523045099305987e-02,1.577185728408704302e-01,1.760569329366719338e-01,-3.148549392792969748e-01,-1.913769523892152602e-01,-1.686457879079154842e-01,-3.782492254371684903e-01,-2.393050967033418519e-01,-1.296219768076367351e-01,-1.576637769441698311e-01,2.481569171828516135e-02,1.694357620853491619e-01,1.931486863825347122e-01,4.971586044398375315e-02,5.034144693131562681e-02,1.462251335079191583e-01,-1.340878423887357784e-01,2.191858699647707964e-01,2.303048706702679749e-01,2.304190287883942367e-01,7.912755799803190826e-02,2.161903609451378827e-01,3.119028103445520284e-02,-2.240923858818372194e-02,-2.655546143852927782e-02,7.930221991876508225e-01,5.965104146451166711e-01,3.625456347077209429e-01,3.055761674379950388e-01,2.441864978344205073e-01,1.944181246560986731e-01,2.214370680542205316e-01,3.181244277824328837e-01,-2.209210733602898769e-01,-2.771188317514823307e-01,-1.893906011338184203e-01,-2.093956697542632417e-01,1.821301448209886598e-01,1.243935349974542720e-01,-1.746368059471813117e-01,-7.850197151070004153e-02,1.577436876268582117e-02,2.337707111365810442e-01,-7.224610663738130489e-02,2.147793666050973882e-01,-1.878357675649388464e-02,-5.865444109326946841e-03,9.128768074084052386e-02,-1.308274865350499694e-01,-1.576729095936199310e-01,-1.363618721018107771e-01,-3.174029484758749686e-01,-4.682994321775204444e-02,-3.367961295831630730e-01,-1.559514051722760142e-01,-2.906077549892805423e-01,-2.086467924993549994e-01,5.147846178785311921e-02,-7.959788944471207772e-02,-1.733262707510919154e-01,-1.039774971517549579e-01,4.363123274785440063e-03,7.065245930833879973e-02,-2.278344889940158435e-01,-1.559377061981008783e-01,-2.307341051944226951e-01,-1.767373153207044134e-01,5.744208187876864713e-02,1.093657603273141543e-01,2.274783156654619221e-01,1.742349693713769188e-01,-3.750094180447453851e-02,-1.125758866090244281e-01,-2.419170344460705724e-01,1.408916662290605470e-01,-1.903358303519038230e-01,-3.565135197459297078e-01,-2.387160408138103984e-01,-1.377135042204256365e-01,6.925516394247344110e-02,1.433163846580621792e-01,1.997538750973197955e-02,5.581647027665078559e-02,1.537253218688140570e-02,-9.623757674279491414e-02
7.017094036608225727e-01,0.000000000000000000e+00,-1.106123669772528517e-01,-2.792421727486306682e-01,-2.707990383320129091e-01,-3.040144843820278830e-01,-3.581345650233225264e-01,6.016132825253601990e-03,-3.072976718593389278e-01,-3.649520878378224031e-01,2.050622275901906322e-01,2.664655961679402996e-01,4.860852669815909043e-03,3.443807949514713918e-01,-1.025117069150138505e-01,-1.305900376493473458e-01,2.223001034272550358e-01,4.928685423606529170e-01,5.075469931893266534e-03,2.720867419044770696e-01,-2.458280915730760505e-02,-2.806440344392210906e-01,-3.212066969718417320e-01,-1.201103224053572116e-01,-3.907609551838059914e-01,-2.586023849914038664e-01,-3.868932781416885014e-01,-3.698334889689010585e-01,-5.358810381082629998e-02,7.848370621179984186e-02,-6.220019224227092691e-02,-8.579439209660516541e-02,2.414604019735655527e-01,2.428942279372313107e-01,-3.922998066161478836e-01,-9.866686149652159621e-02,-6.386233444218918087e-02,-3.014436435618246257e-01,-5.993072885392099203e-02,-2.503030898036252144e-02,-3.417209107991296679e-02,2.335743591734039115e-01,1.582163022359009130e-01,2.473966241161307811e-01,2.524492624243987807e-02,1.359600355260063564e-01,1.188454504565183145e-01,-9.653438784992317279e-02,2.166195954692926029e-01,1.794314469084840047e-01,2.590635837886339776e-01,2.916739918125797748e-02,3.224304719981552214e-01,1.858722479331672769e-02,1.686686195315407477e-01,2.005758135478288157e-02,7.799442451751071870e-01,8.768918854126473983e-01,1.217496329816502298e-01,4.268212215375272178e-01,9.244524405864073743e-03,1.607414798088536434e-01,2.331314256750740277e-01,4.341684380201329407e-01,-4.793522211745043782e-01,-4.609773304809025030e-01,-2.886853322800344568e-01,-2.228206644459107544e-01,3.677055816470276572e-01,3.556413517234451316e-01,-1.267269269319549196e-01,-2.298345392235878193e-01,1.217153855462123520e-02,7.026888803143457873e-02,-3.653744728748895693e-02,1.318960065207117061e-01,-2.302181105004920125e-01,-2.420083609405715708e-01,1.617186733000143817e-01,-2.266655098644029809e-01,7.682613033660662394e-02,8.221667667452836267e-03,-2.286130473596368826e-02,1.163842014297162691e-01,-2.445015742404489656e-01,-2.568671815958848414e-01,-4.235266182484035379e-03,-7.273470338296167403e-02,1.117630808079655008e-01,-2.075097776428175000e-01,-1.384121519033583159e-01,-3.835552947676768021e-01,-1.308000885866996699e-01,-2.944845646808481598e-01,-2.269212240490058041e-01,-2.027516672793152341e-01,-1.597962505907682684e-01,-9.768966800536087181e-02,2.499857302352342103e-01,9.562112290491313338e-02,2.770001073086310606e-01,-1.726276230681592361e-01,2.972928543867540130e-01,-1.074684524040558052e-02,6.104491208683322789e-02,-6.990358205343057130e-02,-9.007303836397717589e-02,-2.418028763279443105e-01,-1.730979545148394194e-01,-2.615841950368616442e-01,3.503969277767250007e-02,1.771208865976086066e-01,-1.568532543054734297e-03,7.373016217302261199e-02,-8.504551484169693698e-02,7.009993401660771783e-02
1.088543319581085356e-01,-1.106123669772528517e-01,0.000000000000000000e+00,4.198804079554509516e-01,2.609083789775542561e-01,-1.511887284840486845e-01,7.851452890369392534e-01,1.350696022046215805e-01,3.894595526371666949e-01,-1.532024776877958239e-01,2.203639817438337589e-01,-1.355764642491021355e-01,2.335241296014283485e-01,-1.393208505236432915e-01,3.641301493873133621e-01,1.698786955836790458e-01,-4.042338962850665351e-02,2.477231163339718364e-03,3.351385537079698551e-01,1.140051462479651362e-01,1.058953535362760212e-01,2.100121235921449947e-01,3.535865055971725290e-01,5.431894408307057498e-01,-1.458735265040902729e-01,-1.261789679649489015e-01,-1.444556826769622000e-02,7.440597823233004171e-02,1.864727196345113691e-01,1.193842767740742328e-01,5.209194751466360573e-01,3.576870652002676065e-01,2.084641395103530026e-01,2.001625611602117771e-01,3.196176159675243045e-01,9.729239775428150105e-02,1.136398402699611149e-01,-1.792282454582192711e-03,1.338366945288580190e-01,2.551867740970663601e-01,9.235163440177721061e-02,9.693622442572759346e-02,-2.363369856320592655e-01,-2.393781578989426784e-01,-9.693622442572759346e-02,-2.075143439675425638e-01,-3.122338688871181822e-01,-2.448760128679030867e-01,-2.755891129685905105e-01,-2.613147818780837128e-01,-4.082225809323978272e-01,-3.203071310010068840e-01,-4.936996134606120301e-01,-4.633700846368287718e-01,-2.788129382244759480e-01,-1.445766902821760402e-01,-1.898244019826982043e-01,-1.456132459947624136e-01,2.382731073154805146e-01,-1.576592106194447673e-01,1.500197493544358496e-01,-9.255711901440447087e-02,-1.263250903561504990e-01,-1.173294306478016580e-01,4.836719643644018518e-01,2.597804967704668289e-01,3.125489452931466405e-01,7.399044268235047128e-02,-6.183945258899196246e-02,-1.907513659018833796e-01,1.843767765857133312e-01,5.512946672176698426e-01,5.568861318434938090e-02,5.910879040341195795e-02,1.300283797081661918e-01,9.911436131957651607e-02,1.476726584457600522e-01,7.600419188609759680e-02,2.313779569806547753e-01,3.616757498475989263e-02,-1.887832799453867672e-01,-1.053519608939950530e-01,-1.767852617303174168e-02,1.271721435926473050e-03,-9.383568993741851771e-02,-1.586409704353305694e-01,2.545063917130339082e-01,1.399464370109751721e-01,5.861106100838148897e-02,1.821735249058766340e-02,6.119560080275988911e-02,4.338853258871798180e-01,2.321998954311637886e-01,4.658861295603314301e-01,8.341077059012898254e-02,2.397343312274965721e-01,3.914481870549260667e-02,-6.196274335656831722e-02,-5.416802705090767445e-02,2.404740758329547146e-01,-4.088002210101166628e-02,2.711734769594670302e-01,-7.380778969334846062e-02,1.205281411176993035e-02,-7.158855587697407485e-02,-1.310306879853147081e-02,-1.915824370018425205e-01,5.303786168145775519e-03,-2.792992518076937991e-02,-1.570655884051882500e-01,-9.590423503786624226e-02,9.200459372267340286e-02,1.991123064734502401e-01,2.498533068182077765e-01,6.562950211078361074e-02,1.730865387030267738e-02
-1.406222530702825879e-01,-2.792421727486306682e-01,4.198804079554509516e-01,0.000000000000000000e+00,2.365790008424869251e-01,-5.687585761286242242e-02,5.155586099194271466e-01,6.698684213530476939e-01,1.365353924413626741e-01,2.561320033151517350e-01,-8.484003022906967673e-02,4.825463653196769565e-02,-9.361194002589105778e-02,1.492023772286518724e-01,1.987743984437965461e-01,3.023386432079344655e-01,-1.725499955478334013e-01,-1.649698965042501186e-01,4.376982070325967089e-01,4.483879732139391394e-01,1.606661354508903336e-02,2.092495473630616165e-01,3.502667875220610294e-01,7.017687658822482355e-01,-1.908107281233090424e-01,-1.556408950909725919e-01,3.897358152830322255e-03,2.087107210455056983e-01,-9.216898141277519996e-02,4.022703766532949310e-02,3.145444291979935802e-01,4.294331592802558828e-01,1.846050928219658549e-01,2.975074716488313453e-01,1.041921144138323041e-01,1.631251013153298401e-01,-2.189849516768686000e-01,-2.379123676622015571e-01,3.066515369107443434e-02,2.385790510720589008e-01,4.367689599510489983e-03,4.377963830141853169e-02,-4.382826965974031541e-01,-4.663107977597610865e-01,-3.446136775124489238e-01,-5.016358858327492065e-01,-5.346732452184872475e-01,-3.447141366564000498e-01,-4.018160273431524709e-01,-2.992609403432506254e-01,-5.291479923011764841e-01,-3.511024249467452618e-01,-6.011452342410426031e-01,-4.248987988282810768e-01,-4.821650772051352951e-01,-3.210788398795403342e-01,-3.961172540862898384e-01,-3.069186669071597429e-01,-7.335800670793102447e-03,1.476178625490594531e-01,1.021327019628346794e-01,2.969732116560004909e-01,-7.705672973522165875e-03,-2.993225857270387889e-03,3.166860354940420619e-01,6.072458440737096286e-01,2.050439622912904325e-01,2.910095915650849907e-01,-3.025875079054496722e-02,5.958368817481717733e-02,1.520563301818082247e-01,4.097431670658395753e-01,9.275803730230668120e-02,1.219779492179027258e-01,8.449298954996586897e-02,-8.179885796218626381e-02,-8.066640943037382827e-02,-1.809246350935753977e-01,7.542883497074127919e-02,1.301699357746427532e-01,-5.567034788544918122e-02,1.968200114614750695e-01,1.629698462746781429e-01,1.007582382205945842e-01,-1.622209690197699006e-01,2.621458529780428259e-01,2.580452933749477484e-01,3.450018151140781808e-01,-1.201651183020578106e-01,1.604218370781001213e-01,1.153019824698793827e-01,1.915367737545920213e-01,1.817831041418848381e-01,1.854452965713750678e-01,3.341864750027968844e-02,5.822064024438970437e-04,-1.003906490802280484e-02,-5.544203164919667137e-02,-7.530097787843986756e-02,-1.594081129891389836e-01,-8.926023256291824859e-02,1.728970362269371952e-01,-1.819611908061617989e-01,8.251120461929409289e-02,5.041450812691643246e-02,2.997563865759185833e-02,1.555061885115836297e-02,1.447593432711780370e-01,-1.530403731600565344e-02,-1.025436711880891999e-01,-2.043316156341825895e-01,-1.632072951603807387e-01,-1.593944140149638478e-01,4.546461212496204218e-02,3.612191173750938650e-02,1.058633892632006718e-01
-9.963035601350718473e-02,-2.707990383320129091e-01,2.609083789775542561e-01,2.365790008424869251e-01,0.000000000000000000e+00,3.351659516563201269e-01,3.992588854971243495e-01,2.642098317537655006e-01,8.022690067558774230e-01,4.315017043807036212e-01,1.090689492201858957e-01,2.495290977627291906e-01,1.305717723504471461e-01,-3.837767615168417162e-02,2.405517033532805493e-01,8.037873097269565559e-02,-2.777672498624394470e-01,9.050227288813189608e-02,6.576192552781005840e-02,2.313368600581293122e-01,2.284760576178853850e-02,-5.580277130247563583e-02,2.605522056490003346e-01,3.156312144825554888e-01,5.133530750772279383e-01,5.155997068419526652e-01,4.267344613677512277e-01,4.967590510263956149e-01,-3.977040519282448033e-02,8.436284929530192891e-03,1.493393669704033699e-01,8.175776103966081454e-02,6.483496160862486923e-02,1.053062976467445538e-01,8.789946779485328932e-02,1.526088554735392788e-01,4.424083709864859437e-02,-1.173020326994513585e-01,-1.939980227813940528e-01,-3.175216729187262943e-01,-8.415964784503721097e-02,-5.235519613506275233e-02,-4.100993403943934412e-01,-4.073732445335385144e-01,-2.505610871505905557e-01,-2.082221242999253430e-01,-2.859044405224788754e-01,-2.391452753379651186e-01,-3.795917249063332499e-01,-3.247227670101303643e-01,-3.507690832418165483e-01,-2.383553011605314409e-01,-1.728924699022121592e-01,-2.876624755416231638e-01,-2.334875990036279492e-01,-2.650500355031747413e-01,-2.167154882885186651e-01,-1.584354858227033092e-01,4.201041578669784116e-01,1.694585937089744254e-01,5.018642020690017302e-01,2.288208151346266817e-01,-2.068156962846098845e-01,-1.424122523625022674e-01,4.008114359036414331e-01,4.037521490265737478e-01,1.562253846557790371e-01,7.089219135640392917e-03,-1.922947836589503356e-01,-3.161654744753863433e-01,4.136336757315822732e-01,4.057385002819705599e-01,1.087904034119578367e-01,1.165166248467427307e-01,-1.434396754256385409e-01,-1.660155848662865918e-01,8.073490430124957706e-02,1.462707967551696575e-01,1.646776517218468960e-01,-3.712193685229537438e-02,-1.818607316622107006e-01,-1.515312028384274423e-01,-1.989524851080734791e-01,-3.321476110130619497e-01,2.330857624278235285e-01,-7.375756012137291151e-02,-7.381235601807351054e-02,-2.459308338793896598e-01,2.343049711294119264e-01,-3.527714166337510976e-02,1.059547157577016840e-01,2.153958204429791690e-01,1.041555838160319047e-01,1.775409884723132270e-01,-1.813972497026181130e-02,2.141218158446901720e-01,-2.104230928173995152e-01,-1.411656457125635700e-01,-1.093977246003895037e-01,-1.820433846512126974e-01,-1.274210082901625352e-01,1.446862820755772383e-01,-1.197769807004285536e-01,-9.243839457155317296e-02,-7.479868215868434866e-02,-1.196993531801026911e-01,-6.757932276838002350e-02,-1.627871932856761183e-01,-1.520814449677959992e-02,-6.261572779225048346e-02,-3.453739705791698117e-02,-1.032742831440972286e-01,-1.272429216258855744e-01,-1.321836849783898649e-01,-1.806734872336976383e-01,-6.283947770377794340e-02
1.005276388219795460e-02,-3.040144843820278830e-01,-1.511887284840486845e-01,-5.687585761286242242e-02,3.351659516563201269e-01,0.000000000000000000e+00,5.538723575249606540e-02,-1.503530910593645076e-01,2.108934242640796985e-01,4.322505816356118635e-01,1.580176671103612068e-02,-3.944619613734591523e-02,-2.612166058964951118e-02,-1.355764642491021355e-01,-1.485585254424197921e-01,-4.677971364577649532e-02,-1.465219446150474170e-01,-3.019596382557552805e-01,7.125749733440794008e-03,-4.368374548219247644e-02,-2.691620109180824227e-02,-1.283890691318731736e-01,2.559995798981252735e-01,-3.082954138117623838e-02,6.142962494491870373e-01,6.461600633805871796e-01,3.203025646762818202e-01,1.733765003230674784e-01,-1.535814826399749811e-01,-2.395060149912440761e-01,6.582357091159823231e-03,1.175897111571295173e-01,1.183842516592882449e-01,5.613154668267924391e-02,1.265488402676779589e-01,5.576624070467522953e-02,7.312284098459093107e-02,1.357454182639289963e-01,-1.451794451458826574e-01,-2.400996372055005934e-01,-1.678466810810317067e-01,-2.325515024349926463e-01,-2.624951768195091586e-02,-3.615844233530979279e-02,8.673962131469055425e-02,8.224179146051613376e-02,4.997842411567413566e-03,-3.928637477196916111e-02,-2.053247912618810095e-02,1.839087283013957075e-02,1.807579642411110896e-02,1.927217350207425378e-02,-5.275703271086716606e-02,1.433255173075122790e-01,-9.354801147974035891e-02,-1.860708830587069484e-01,7.774852793106676319e-02,-2.313825233053798114e-01,1.884225402921077819e-01,-2.055873549335713868e-01,1.461246743639680323e-01,7.573477872731963767e-02,-2.097929400053425986e-01,-1.351517960496724791e-01,1.486133213391203911e-01,1.321654196794896652e-01,2.579950638029722132e-01,2.300080595631397162e-01,-1.500106167049857497e-01,-2.073225583290904672e-01,4.299194728634737721e-03,-2.100737689759331686e-02,-2.462847240455810424e-02,-2.762854774891606788e-02,-1.348960818650696836e-01,-4.960170232585749822e-02,4.459404231613122715e-01,5.496005607446762253e-01,-2.539173358235023992e-01,1.363276246663728923e-02,-3.081835388559986399e-01,-2.232544652947905106e-01,-3.041058108765288814e-01,-1.246309838831568817e-01,6.138738644121199267e-02,1.141238706908164341e-01,-4.082180146076728189e-01,-1.541796711789565621e-01,-1.510837030153725224e-01,-3.372459125685804693e-02,-8.658893259876389303e-02,1.260739424962727395e-01,-6.278468180707734436e-02,1.304941448301213114e-01,-1.801209619419665842e-01,-1.124662948156232301e-01,-1.897376418129222420e-01,-7.724166588658619437e-02,-4.203370404279559436e-01,-2.926808664144533445e-01,-1.830434097659986992e-01,1.728787709280369955e-01,-3.768838943443785228e-01,-1.122745091771711196e-01,-3.587829831342796427e-01,1.398322788928489102e-01,-8.373497964560754070e-02,-3.128548890497249713e-01,-3.142316359543276261e-02,1.384578151506088151e-01,5.037341120439097625e-02,-1.685909920112148852e-01,-7.979424140788923814e-02,-2.285468356511236587e-01,-1.250282541342362386e-01,-2.195192116696994544e-01
-3.575660575950537906e-02,-3.581345650233225264e-01,7.851452890369392534e-01,5.155586099194271466e-01,3.992588854971243495e-01,5.538723575249606540e-02,0.000000000000000000e+00,3.115626191525358024e-01,5.389701567847594577e-01,1.309918742251517665e-01,3.693996881200212745e-01,-6.906794462874638052e-02,4.266157369248999576e-01,-5.189628050019521460e-03,3.857060337131754668e-01,2.731187312923383792e-01,-2.145190860957695289e-01,-2.646413494402827596e-02,4.541095780944270355e-01,1.942217726929215127e-01,1.048040019269890349e-01,1.243615707243789226e-01,3.950441677759030656e-01,4.857268104906743988e-01,-2.375630438207352105e-02,-1.484055535641305961e-04,7.169358134565023688e-02,2.067472014137341219e-01,2.234919141804931064e-01,5.836904579795382936e-02,5.576281596113144001e-01,4.166017868028649151e-01,2.391315763637899550e-01,2.334510684058275498e-01,2.379717298836272199e-01,2.030895753089689559e-01,-6.230978403567213192e-02,-1.942971170508848294e-03,-4.050558347355755207e-02,6.304496231640520365e-02,-3.452826440846688133e-02,-7.660009726271664078e-03,-2.738904401708718850e-01,-3.432757443680092280e-01,-1.088132350355830863e-01,-2.552370036690418953e-01,-3.397322763813703239e-01,-3.244076906041019059e-01,-3.222341200349780332e-01,-2.512916991065985428e-01,-4.523880736730830909e-01,-3.174668770220256397e-01,-5.658521104411298186e-01,-3.807287397628707493e-01,-3.106904511300512262e-01,-2.107792661459534367e-01,-3.059871366632495593e-01,-3.892175374267390353e-01,1.809520330419256973e-01,-2.341862466865606285e-01,3.565409176942799796e-01,7.407263652740136983e-02,-8.287651059729810032e-02,-8.779444232617714117e-02,5.504453308188105298e-01,5.085493014664751454e-01,3.024025717540851366e-01,1.076579548801453873e-01,-2.259714285061953654e-01,-3.826283308484916268e-01,2.863428076960836677e-01,6.288719579715472685e-01,-1.034044233987611514e-02,1.251424122523625004e-01,1.709837461671411818e-01,-6.203580455216911593e-02,2.193822219279479568e-01,1.501704380703625108e-01,6.369794675208738377e-02,2.270148337058693414e-02,-3.058821111945733695e-01,-1.665544111838425101e-01,-1.505540093472667040e-01,-1.148453499973743630e-01,-9.786318834491276875e-02,-2.047311690476244853e-02,5.702198000406402678e-02,-1.799816890378525339e-02,4.900808011160097399e-02,2.616275751217496393e-02,5.456073097726198834e-02,3.773039962190831154e-01,2.573740436403654241e-01,4.942749703759683477e-01,9.427177394866080931e-03,2.381954797951546798e-01,-1.127768048969266385e-01,-2.158341876165839890e-01,-2.064275586829806275e-01,3.311727006842637294e-02,-6.974832701277886016e-02,3.621255328330163503e-01,-2.088705424108824593e-01,1.278342606777795737e-02,-2.115920719470123779e-01,-8.447700741342818612e-05,-1.170737164631988486e-01,2.220375397555646516e-02,-7.640146213717696755e-02,-4.121336380594033122e-02,-1.436451600382658012e-01,-1.482845459589167691e-01,-1.143864343625068149e-03,-4.461984205082775851e-02,1.520814449677959992e-02,-2.476089582158455885e-02
-4.265632241905618904e-02,6.016132825253601990e-03,1.350696022046215805e-01,6.698684213530476939e-01,2.642098317537655006e-01,-1.503530910593645076e-01,3.115626191525358024e-01,0.000000000000000000e+00,2.545977182075349066e-01,4.045877864512579247e-01,2.101993429058720553e-01,5.733682809385624024e-01,1.222793266497560483e-01,5.835146544776238509e-01,3.376545986314724579e-01,3.769112922927287945e-01,-2.590224868661085145e-01,2.504058321099388307e-01,3.919984291842945612e-01,6.327852982609152299e-01,1.165622880939932299e-01,-6.035083072862560544e-02,9.110959407656356313e-02,5.428195685279767480e-01,-1.477594186155360145e-01,5.952204279102899648e-03,-2.375470616841975358e-01,1.013472941101260516e-01,-4.859254456162141050e-02,1.560609969656772122e-01,3.471114571370513824e-01,4.536164150241215887e-01,2.325012728630171110e-01,5.197596286664734055e-01,-2.641596021817899653e-01,8.090842464080148788e-02,-2.007790149980935579e-01,-2.656938872894067938e-01,-4.339150069978926078e-02,-1.463735390614832876e-02,-2.432709497270479568e-02,1.346586329793670600e-01,-5.731993269237355415e-01,-5.396140085709915102e-01,-5.932728904150560423e-01,-5.858023831648739854e-01,-5.070469806319336525e-01,-5.939715380979887493e-01,-5.826698844034895464e-01,-4.643290128290893382e-01,-5.256136569639876521e-01,-6.194333647648685437e-01,-3.406638066252805630e-01,-6.284518560968426204e-01,-2.229165572651367888e-01,-5.322530931142106514e-01,-2.570909315074123014e-01,-1.050003538901661954e-01,4.403078616129629114e-02,4.241544878980978983e-01,3.657283630410809172e-01,5.890673053432848860e-01,1.998908648390712930e-02,3.135078734854071514e-01,-1.437730171305671989e-01,4.616394475660347552e-01,-2.230078837596377872e-01,-1.120461929409186097e-01,2.968339387518864614e-02,-7.100863263689270732e-02,3.308873053889481164e-01,2.791280146305044063e-01,1.404373169189180627e-02,1.339965158942347800e-01,1.547276301459625802e-01,-7.962528739306237724e-02,-1.246675144809572811e-01,-2.901693878156757500e-01,1.874636120998472433e-01,-1.211057811954181496e-01,1.152563192226288835e-01,6.205406985106932255e-02,1.175166499615287186e-01,6.611809885636396600e-02,-9.754811193888431042e-02,-1.618008671450652802e-01,1.976236846130838831e-01,9.350691455721490963e-02,2.574014415887156959e-01,-2.231814040991897119e-01,3.835415957935016662e-01,-4.777973876056248320e-02,4.059759491676731558e-01,-7.309087671151558163e-02,-1.048907620967649834e-01,5.964761672096787620e-02,-1.894636623294192190e-01,-1.719244090605015207e-01,2.628855975835009406e-01,-7.420277678206530078e-04,3.340243704750576192e-01,-4.171337636333332169e-03,1.555678338953717932e-01,-9.338134062727602514e-04,2.141537801177655076e-01,-1.484124030512181946e-01,1.864658701474238012e-02,-7.902253252935576011e-02,-2.345652516387397857e-01,-2.173867380231010449e-01,-2.685204422942128466e-01,-4.425453607282374413e-02,-2.130167652612280083e-01,-1.074707355664183406e-01,-2.072494971334896408e-01,1.420149821114228827e-01
-1.939980227813940528e-01,-3.072976718593389278e-01,3.894595526371666949e-01,1.365353924413626741e-01,8.022690067558774230e-01,2.108934242640796985e-01,5.389701567847594577e-01,2.545977182075349066e-01,0.000000000000000000e+00,3.537554596119993899e-01,2.794704889848831919e-01,1.970437613730025295e-01,3.905874348442540667e-01,2.951443986036178871e-02,4.913844868250115683e-01,3.292388621632050261e-01,-2.717305685759231482e-01,1.974455979488069224e-01,1.404989623027062262e-01,1.552025279173677996e-01,1.560929612387525756e-01,2.397320480651340545e-04,1.937697065451415568e-01,3.746920584763544504e-01,3.847471055209149005e-01,3.717102484308966726e-01,2.842012014000351861e-01,3.250789403386842857e-01,2.223731646228558345e-01,1.219505512695524263e-01,3.485818136985175397e-01,2.247522198046069675e-01,3.763336522150100005e-02,8.961183956674710627e-02,1.240419279936254143e-01,1.086945105927317745e-01,1.191194299400213236e-01,-6.460207904764730946e-02,-7.162508647477447421e-02,-2.703195742358826537e-01,4.075444817107278656e-03,1.761003130215598941e-02,-4.175744139693006174e-01,-4.009073287228674953e-01,-2.847171960939658408e-01,-2.390128519209386571e-01,-2.759452862971444320e-01,-3.175719024907018295e-01,-4.004232983020121761e-01,-2.924160195804004214e-01,-3.979483503010349810e-01,-3.742262933543993308e-01,-2.240901027194746875e-01,-4.307756587494206424e-01,-1.068588480532616097e-01,-2.468303998502245356e-01,-2.861418894081814712e-01,-2.624335314357210125e-01,3.052884889803168522e-01,-1.289986734826673812e-03,5.178691702303025446e-01,1.362705456073097787e-01,-1.872992244097454462e-01,-7.519595240976371942e-02,4.530501907582153986e-01,4.523241451269324198e-01,5.247392057791405717e-02,-1.585679092397297707e-01,-2.646938621746208198e-01,-5.288055179467977540e-01,3.973501617620533999e-01,4.691327864398420755e-01,8.768028420805089318e-02,5.912705570231215763e-02,1.003929322425905629e-01,-6.975061017514138859e-03,2.311633397185774152e-01,1.956418996824121070e-01,2.128295459475009754e-01,-5.378445577400345345e-02,-1.860754493834320122e-01,-1.724449700791572393e-01,-1.597460210187927054e-01,-2.527666219927897640e-01,2.453509106393083061e-01,-2.319259159476607934e-01,2.298916182826509294e-02,-2.287066570165004198e-01,3.496594663336293762e-01,-5.298078262239462599e-02,1.579423227523978901e-01,2.358620878606540461e-01,2.610636340182059256e-01,3.180650655610072208e-01,1.408026228969220736e-02,3.962999070752918351e-01,-2.015141932788266366e-01,-1.302155990218932524e-01,-2.737739988903830843e-02,3.846900264618517695e-02,5.112228845929920468e-02,2.179803602373575622e-01,-1.993429058720652680e-02,-1.419053903180216847e-01,4.954462326679436946e-04,-1.769017030108062105e-01,-2.978841934386480123e-02,-1.339188883739089453e-01,3.385929783624703083e-03,-2.884775645050446577e-02,-2.651893084072887846e-02,-1.553440839838443333e-01,-7.701334965033368452e-02,-1.814817267100315434e-01,-1.916646308468934190e-01,-1.135896106979855658e-01
-2.966900995230473681e-01,-3.649520878378224031e-01,-1.532024776877958239e-01,2.561320033151517350e-01,4.315017043807036212e-01,4.322505816356118635e-01,1.309918742251517665e-01,4.045877864512579247e-01,3.537554596119993899e-01,0.000000000000000000e+00,1.324485318124427879e-01,3.267547815127777033e-01,1.800479007463657855e-01,3.266360570699264332e-01,3.763336522150100005e-02,2.898132144871218285e-01,-2.840733443077337328e-01,7.276438449367450025e-03,-1.060072284920397616e-02,1.555404359470214937e-01,1.217998625536257790e-01,-2.566434316843573815e-01,7.997232807216619888e-02,1.590976029078355891e-01,4.871104068823646216e-01,4.581964387233469216e-01,2.213982542940576281e-02,2.399306831906737325e-01,-9.024199237880403679e-02,-3.606711584080878746e-02,1.679265917637200872e-02,9.728326510483140122e-02,-4.455134717995200971e-02,1.078588731680475976e-01,-1.867238674943891286e-01,8.254316889236944232e-02,-1.082972403416524176e-01,-2.114505158805358165e-01,-3.096082321702143259e-01,-3.797789442200603105e-01,-2.798860245348627207e-01,-2.423645342691254922e-01,-4.631326357511261760e-01,-4.181086739621314718e-01,-3.549381377157873607e-01,-2.035918710287244748e-01,-2.969184157592998918e-01,-3.189874631554673878e-01,-3.335083757811269090e-01,-3.089415487603570099e-01,-3.014801741596250251e-01,-2.447618547497768249e-01,-1.733445360499921151e-01,-1.817876704666099019e-01,-9.228770585562651174e-02,-3.007906591261424456e-01,-2.819454369858603870e-01,-3.232889410464646618e-01,2.689405441689174947e-01,2.064732219302311267e-01,4.597855197276644046e-01,4.077933464082431070e-01,-6.017274406434864470e-02,1.012833655639753527e-01,7.884444586507879937e-02,4.041220213293028052e-01,-8.141072036055700678e-02,-6.034626440390055552e-02,-2.006922548283175955e-01,-3.096995586647153242e-01,3.545682654130583034e-01,7.019582683583378002e-02,-2.967882755046359622e-02,-5.063369171371883554e-02,-9.013696691012787476e-02,-2.378393064666007584e-01,5.891243844023479753e-02,1.057035678978239246e-01,-1.962766188191940875e-01,2.297089652936489326e-02,-2.156469683028569284e-01,-6.426417101799360154e-02,-2.258664030375192033e-01,-2.454376708090842407e-01,1.125073917381486793e-01,8.203402368552634855e-03,-2.292043864115308749e-01,-1.711755318055932784e-01,1.249369276397352402e-01,5.736445435844279156e-02,2.569767733892860395e-01,5.271593578834171678e-02,2.061307475758523688e-01,1.124023662694725173e-01,-1.078862711163978971e-01,9.105479817986296409e-02,-1.982538374251408275e-01,-1.445218943854754412e-01,5.894440271331015391e-02,-1.122745091771711196e-01,4.821810593416729629e-02,1.259597843781464777e-01,-1.265534065924029949e-01,1.336334930785933010e-02,-1.560792622645774119e-01,-6.385320179273908103e-02,2.252271175760121869e-01,-2.137336782430608872e-01,-1.365993209875133729e-01,1.686320889337403484e-01,-2.949617456146158903e-02,-2.152862286495779709e-01,-7.758870656569000213e-02,-2.594151907924628353e-01,-2.019160298546310572e-01,-4.723177979355645817e-02
3.946286322259234813e-01,2.050622275901906322e-01,2.203639817438337589e-01,-8.484003022906967673e-02,1.090689492201858957e-01,1.580176671103612068e-02,3.693996881200212745e-01,2.101993429058720553e-01,2.794704889848831919e-01,1.324485318124427879e-01,0.000000000000000000e+00,4.726808207512060989e-01,8.335574637719211921e-01,5.889668461993338155e-01,2.735160015434177638e-01,3.096767270410900608e-01,1.038359410852783965e-01,4.363557075634319493e-01,4.106427330366744233e-01,2.859318384708292027e-01,1.589788784649842912e-01,-3.967063099758212918e-01,-6.053805004235265907e-02,-4.793499380121418740e-02,-1.498325300407087890e-01,-8.189703394377485096e-03,-2.434513195536874286e-01,-1.566043896079581943e-01,4.202913771807054721e-01,2.134140355123073929e-01,3.304261065917180606e-01,1.430789357723595834e-01,9.857553500202059782e-02,2.768174543196290083e-01,-4.361365239766295532e-01,-1.502663308895885452e-01,-2.400265760098997947e-01,-2.690957992095691642e-01,-3.082611663763245025e-01,-2.605065424017498077e-01,-2.990600220553484290e-01,5.619547522882994972e-02,-2.454605024327095042e-01,-2.386338469687594999e-01,-3.497462265034053108e-01,-2.186972732191904412e-01,-1.551249003970419371e-01,-4.464335862316176629e-01,-1.643945395888937733e-01,-4.779800405946268288e-02,-1.470607709326033352e-01,-3.233528695926153329e-01,-1.678147168079563711e-01,-3.676553520750521220e-01,-7.637863051355170407e-02,-3.479836251595359586e-01,1.820981805479132964e-01,9.988607019810999410e-02,2.882286998075294093e-01,1.474123779364321929e-01,5.730440718830838165e-01,3.870394005328900988e-01,3.941811324028685615e-01,5.248784786832546567e-01,-1.283160079362723749e-01,-2.005758135478288157e-02,-3.844822586868619774e-01,-5.025217528294089187e-01,-1.951418871250191339e-02,-2.532278207900198197e-01,2.504377963830141662e-01,2.443371865503471685e-01,1.367842571388779190e-02,2.193822219279479568e-01,2.151264072842012098e-01,8.988581905025011531e-02,1.068405827543614101e-01,4.653769843534883571e-02,-6.452445152732146083e-02,8.231485265611693247e-02,-1.418551607460461217e-01,-6.888072531501933382e-02,-3.480475537056866853e-01,-1.006349474530182225e-01,-2.613193482028087211e-01,-3.150923881649995706e-01,-2.740045982889981468e-01,-3.104256042959983031e-01,1.910892739315371014e-01,-1.860115208372813134e-01,1.503348257604643079e-01,3.827265068300802348e-02,3.465315338969700010e-01,1.954455477192349466e-01,-1.555221706481212940e-01,3.989826228512588502e-02,-1.379509531061282324e-01,-1.286561991282886112e-02,2.338392060074568068e-01,3.546367602839340938e-01,3.197546057092758298e-01,1.930116966407832146e-01,1.629949610606658966e-02,-3.661050848308975564e-02,-2.737260524807700879e-01,-1.737714874117843311e-02,1.584765827452287723e-01,-2.381041533006536814e-01,-2.635340156944580570e-01,6.167963122361520834e-02,5.167024742630522971e-02,1.618328314181406435e-01,2.083545477169518045e-01,-8.160250599900910340e-02,7.899513458100546059e-02,-1.581295420661249507e-01
1.983679955432670616e-01,2.664655961679402996e-01,-1.355764642491021355e-01,4.825463653196769565e-02,2.495290977627291906e-01,-3.944619613734591523e-02,-6.906794462874638052e-02,5.733682809385624024e-01,1.970437613730025295e-01,3.267547815127777033e-01,4.726808207512060989e-01,0.000000000000000000e+00,3.296498313884595466e-01,7.286187552655432054e-01,3.092109619191349412e-01,3.159554235380340748e-01,-6.601763971241286777e-02,5.380386265408492186e-01,2.797170705200359153e-01,5.440068129564897825e-01,3.027496124331889860e-01,-3.549290050663372886e-01,-5.939190253636506683e-02,1.371701115781446545e-01,6.882136309359367099e-02,2.794248257376326650e-01,-2.486980266627700775e-01,1.697531216537401591e-02,3.353737194313099329e-02,2.429490238339319097e-01,2.580589923491229398e-01,2.115372760503117788e-01,1.551659973195674003e-01,4.386571352248572198e-01,-4.517442218868510384e-01,-9.580834221864019395e-02,-2.559310850272495386e-01,-2.620316948599165641e-01,-3.293712855802314876e-01,-2.749269958834582583e-01,-2.730548027461877081e-01,3.677489617319156662e-02,-5.931952628947302353e-01,-5.497740810842280945e-01,-6.259129795497146986e-01,-4.367484114897862701e-01,-3.472712785024281157e-01,-6.570735794734571256e-01,-4.792882926283537071e-01,-3.160010867852845462e-01,-3.229555993415359483e-01,-5.531805593291155843e-01,-4.449655128325140374e-02,-5.570025731239826028e-01,-2.723584382256175399e-02,-5.167778186210155722e-01,7.343791739061940327e-02,2.105189856366255774e-01,2.600636089034199516e-01,5.708842002881351352e-01,5.062387411555997474e-01,6.826449979337380070e-01,2.125510001392729165e-01,6.522606732132542051e-01,-3.980259778213607880e-01,-1.792282454582192711e-03,-5.353490612777946911e-01,-4.943936948188196734e-01,1.009682891579468944e-01,-1.693878156757361655e-02,5.580117308882186489e-01,2.190580128724693987e-01,1.453073022381840551e-01,3.198641975026770279e-01,2.274143871193112232e-01,1.051053793588423435e-01,-1.587596948781818673e-01,-2.101628123080716559e-01,-7.780789015249241214e-02,-6.498565032455153045e-02,8.924653358874309883e-02,-1.417912321998954228e-01,-1.717006591489740608e-01,-7.343791739061940327e-02,-2.720319460077764706e-01,-4.372278755859165256e-01,-4.306729164431070261e-02,-1.274255746148875990e-01,3.200559831411290967e-01,-2.905392601184048074e-01,4.247618090865295515e-01,-1.420012831372477469e-01,4.393877471808652624e-01,-1.017399980364803724e-01,-1.359143722787558572e-01,6.494455340202608118e-02,-1.374760553347230130e-01,-5.920240006027548477e-03,4.541872056147528980e-01,2.512916991065985428e-01,4.651007217076227884e-01,-1.256880880570059901e-02,2.077791908015954869e-01,6.716378721840046695e-02,9.374436344291751932e-02,4.946927890883104362e-02,1.226354999783099559e-01,-2.607576902616275949e-01,-4.122500793398921060e-01,-6.299244958206712611e-03,-8.856386804234809770e-03,3.013660160414987632e-01,1.074479039427930771e-01,2.511250282541342346e-02,-9.834721876576808797e-02,1.541819543413190663e-02
1.882718515761811484e-01,4.860852669815909043e-03,2.335241296014283485e-01,-9.361194002589105778e-02,1.305717723504471461e-01,-2.612166058964951118e-02,4.266157369248999576e-01,1.222793266497560483e-01,3.905874348442540667e-01,1.800479007463657855e-01,8.335574637719211921e-01,3.296498313884595466e-01,0.000000000000000000e+00,5.131247588409754146e-01,3.295585048939585482e-01,4.112043909778556050e-01,-4.288463865530869196e-02,3.816237394089805890e-01,3.420063060944452671e-01,1.884499382404580814e-01,2.694702378370232854e-01,-4.267344613677512277e-01,2.751210646842728712e-03,9.669192605293740542e-03,-1.112562187634849320e-01,-6.494911972675113110e-02,-2.809591108452495489e-01,-1.379692184050284320e-01,5.055446597973921596e-01,1.816689460237585763e-01,3.973821260351287354e-01,1.395993963318713504e-01,8.522816783069894764e-02,1.475858982759840898e-01,-3.221793241382774342e-01,-5.280726228284272211e-02,-3.155170563644292270e-01,-3.143572098842665197e-01,-3.864868752411590447e-01,-3.214989417542449823e-01,-3.320608508432860151e-01,2.280194251453803583e-02,-2.185009212560132807e-01,-2.258572703880691035e-01,-2.247933167271324029e-01,-1.728331076807864963e-01,-1.686046909853900488e-01,-4.378397630990732425e-01,-1.103977497151754916e-01,-7.902024936699322821e-03,-1.305672060257221101e-01,-1.982721027240410272e-01,-1.912947585441643616e-01,-2.616618225571875067e-01,-7.765720143656576480e-02,-1.986008781042446214e-01,4.785736628088833183e-02,-5.864302528145683840e-02,2.783289078036206288e-01,7.468452404055810068e-02,5.906152894250769059e-01,3.389514348533867460e-01,3.963044734000168989e-01,4.567854443833064271e-01,6.639664466459203884e-02,1.231651936464157743e-01,-2.893794136382420445e-01,-4.387484617193582737e-01,-2.304829573345449356e-01,-4.296569091917833427e-01,2.821189573254122562e-01,3.130558073376272232e-01,7.692658948055773604e-02,1.484489336490185940e-01,1.535449520421745817e-01,5.939646886109011675e-02,1.631022696917045767e-01,1.238821066282486533e-01,-2.052448805791926290e-01,1.452936032640089192e-01,-2.473509608688802819e-01,-5.249218587681425685e-02,-3.965601875846196944e-01,-1.049272926945653828e-01,-2.258253061149937679e-01,-1.848927712796440137e-01,-1.999022806508839178e-01,-2.778905406300158365e-01,1.619378568868168056e-01,6.505414519542727925e-02,1.302247316713433523e-01,8.445189262744041969e-02,2.965302781576706348e-01,4.013456958964722876e-01,-1.110233362025073722e-01,1.382934274605069902e-01,-1.993040921119023645e-01,-4.281157745970789325e-02,1.572710730178155103e-01,3.327594985262187222e-01,2.000666683409857427e-01,3.234122318140409957e-01,-1.294324743315471322e-02,2.995280703396660527e-02,-2.504743269808145656e-01,4.838021046190657710e-03,2.664336318948649640e-01,-2.128478112464011751e-01,-2.499765975857841105e-01,1.301471041510174897e-01,1.182061649950112842e-01,6.599937441351266809e-02,1.846096591466908909e-01,-4.703086150565425477e-02,1.161467525440136594e-01,-6.051065209400235956e-02
