0.000000000000000000e+00,5.588154040398274347e-01,4.191041327521923820e-01,1.747874946631079729e-01,-3.932633011331334583e-01,-1.070415010422636204e-01,4.593654178529597565e-01,2.494743018660285916e-01,-5.756537264634500189e-02,6.996751059958127017e-02,6.743388532588717732e-01,3.285813114027977822e-01,4.752973248186598276e-01,3.389514348533867460e-01,8.833783496845810934e-02,-8.305459726157506106e-02,3.177933692398667714e-02,1.536180132377753804e-01,4.067887549687320692e-01,3.753724408603869023e-01,-2.020895501941829542e-01,-1.976967458086846818e-01,3.183413282068727618e-02,-9.637913280927146165e-02,-2.025918459139384731e-01,-1.693079049930477642e-01,-8.826934009758236055e-02,-2.028384274490911965e-01,2.403142544675779535e-01,-1.359463365518312206e-01,-1.056579046505734115e-01,-3.514814298989243913e-01,-1.827214838728826590e-02,-9.512795983460771432e-02,-2.219165321503508148e-01,-3.425086018142007860e-01,-2.628171027126252057e-01,-3.716280545858457462e-01,-4.570639901915344860e-01,-1.860891483576071481e-01,-1.858014698999289893e-01,-1.919614419540216776e-01,-7.334659089611839100e-02,-8.189703394377485096e-03,-2.841418391786095232e-01,-1.522663811191605210e-01,-6.505871152015232917e-02,-1.619447063739043804e-02,-1.131786414727310452e-01,-1.778743301772418850e-01,5.383468534597900951e-02,6.548337971958199943e-02,1.471338321282041339e-01,2.949160823673653911e-02,-2.629997557016272025e-01,1.848745059807438140e-01,5.444680117537198383e-01,5.043071857969035898e-01,2.210397978031411748e-01,-1.058085933665000727e-01,5.218099084680208888e-01,2.699405692837034687e-01,2.370767302375173802e-01,2.144094943023683308e-01,2.803495064944553500e-02,-2.157428611220829628e-01,-1.860708830587069484e-01,-3.444812540954224622e-01,3.736463701143179494e-01,4.275837977666105960e-01,2.939640036621924413e-01,2.152907949743030069e-01,4.597170248567886142e-01,3.839479986940311229e-01,9.314160857921088832e-02,2.473806419795930925e-02,1.535129877690992184e-01,1.150325693111014236e-01,-3.109895453995420098e-02,2.196607677361760158e-01,1.501795707198126106e-01,3.292342958384799623e-01,-2.398256577219975982e-01,-3.091013701257337432e-01,4.238805084145949031e-01,3.076766768115181128e-01,-3.256497309293155951e-01,-3.392391133110648771e-01,-2.100349552157702582e-01,-1.483302092061672683e-01,-1.862398370735338093e-01,-2.344282618969882881e-01,7.198582612805344561e-02,5.415889440145756767e-02,-3.841808812550087104e-01,-4.033731440743945629e-01,-1.799428752776896234e-01,-4.570206101066465187e-02,-6.744233302662852592e-02,3.286269746500483091e-01,-1.130279527568043979e-01,-1.127813712216516884e-01,-4.503788907940610153e-01,-3.797195819986346477e-01,-4.753658196895355625e-01,-4.437394546438380716e-01,-4.781649767459913436e-01,-4.284513994643701085e-01,-2.952471409099315380e-01,-4.773407551331197707e-02,7.316850423184144414e-02,-1.598784444358191670e-01,-2.101673786327967197e-01,-3.935486964284490990e-02,4.330474053001331231e-02,-4.145743386249426399e-01
5.588154040398274347e-01,0.000000000000000000e+00,-3.824981905938276694e-02,-1.092790001575382058e-01,-3.290470765247529017e-01,-1.297954971471886321e-01,-8.779900865090219109e-02,2.821760363844754219e-02,-4.671236035608199999e-01,-1.420560790339483459e-01,3.223163138800289595e-01,4.816993120831801756e-01,1.184573128548890436e-01,2.502140464714867063e-01,-2.243777811771528463e-01,-2.053590386973188908e-01,3.252889912760366098e-01,5.421346198192191768e-01,5.722723630045503107e-01,6.057343905897180081e-01,-3.197957026318012375e-01,-1.948975887522289285e-01,-2.903292091810524833e-01,-2.668719990684697563e-01,-2.919593871078954295e-01,-2.093545728317377785e-01,-1.273799113676370998e-01,-7.352467756039535174e-02,3.093433853361614028e-01,2.070166145725121087e-01,-4.353305676626582216e-02,-4.521734564110057586e-01,1.162609106621399213e-01,8.175319471493576462e-02,-2.709086301254141071e-01,-3.815187139403044547e-01,-3.726600439737071113e-01,-2.595202162611389696e-01,-4.266750991463256204e-01,-1.644539018103194361e-01,-1.447867412195283365e-01,-2.596640554899780698e-02,-7.494937087461100989e-02,-1.024295130699629380e-01,-3.543216838779056355e-01,-2.554242229827689559e-01,-6.964786786882776193e-02,-3.036834258394617223e-02,-2.262225763660731248e-01,-3.457735239926116866e-01,-7.065702563306384965e-02,-3.758313564952544400e-02,1.994182502300285986e-01,1.949158540511291282e-01,-1.358230457842548589e-01,7.548363086744187822e-02,6.232508122350104429e-01,8.352059069976642824e-01,-1.966487742842856767e-02,-1.004294628403909623e-01,3.029322654221909827e-01,2.130624285084785352e-01,5.713545317348152075e-01,6.463655479932144399e-01,-4.672149300553209983e-01,-4.339172901602551535e-01,-3.675640255805511236e-01,-3.660936690190849663e-01,5.389244935375089307e-01,6.237439753053158897e-01,-5.390546337921728326e-03,8.121208523501731100e-03,2.594973846375137061e-01,4.085559226373264852e-01,5.055149786866793699e-02,1.003244373717148141e-01,1.482457321987538414e-02,3.993479288292628437e-02,2.820413298050864492e-01,3.346864875601898714e-01,5.152389671886736799e-01,5.168554461413414902e-01,-2.992792056421508251e-01,-2.009251373892951553e-01,2.039617433314535322e-01,4.443696074558949882e-01,-4.722104893045259155e-01,-4.361730545744299525e-01,-2.806006543543330782e-03,-3.328165775852818392e-02,-1.409464621257611461e-01,-3.744317779670265911e-01,-2.257842091924683048e-01,-5.772519401172175602e-02,-3.304809024884186597e-01,-1.322887104470660269e-01,-4.984828386101020775e-02,1.648671541979364677e-02,2.679861823013819921e-01,1.108543821876805113e-01,6.831906737383815209e-02,-2.213366089102694334e-01,-2.693378144199968238e-01,-2.742329145252506151e-01,-4.110947991844544069e-01,-3.079963195422716349e-01,-2.801143407711152444e-01,-2.060531200555265063e-01,-8.984015580299961612e-02,2.334533515681900748e-02,2.694565388628481495e-01,9.784948937073761899e-02,-2.240261741733239886e-01,6.704962910027420508e-02,9.690426015265223014e-02,-2.028612590727164322e-01
4.191041327521923820e-01,-3.824981905938276694e-02,0.000000000000000000e+00,6.200726502263755879e-01,6.444225768227056228e-02,-1.513531161741504816e-01,7.439159430944612961e-01,1.769245346344314462e-01,4.754114829367860895e-01,6.426417101799360154e-02,4.832107655671717961e-01,-4.440065846402535543e-02,4.426663683334512989e-01,1.866234083504380303e-01,5.777428200251604196e-01,3.051606318880154545e-01,-8.624645824438513519e-02,-1.556865583382231188e-01,1.149732070896757746e-01,1.514444426686515077e-01,3.504494405110630817e-01,6.581215509978560751e-02,4.568767708778074255e-01,2.973019870362040851e-01,2.076422010598439616e-01,-1.061602003703289304e-01,1.463210263271451927e-01,-1.780158862437184464e-01,1.070552000164387701e-01,-1.671571660475491272e-01,4.498058170410672296e-02,1.587779601770820670e-01,-3.993250972056375768e-03,-4.075673133343531152e-02,1.109731066305318231e-01,-2.151423894207388915e-02,4.030854656167163763e-01,2.496204242572302168e-01,1.657918349547591319e-01,3.259008787891933268e-01,2.574151405628908318e-01,1.672393598926000535e-01,-2.352319350485971017e-01,-2.339898947233834681e-01,-1.127265753249510893e-01,5.171591067355572890e-02,-2.536479226647244678e-01,-2.623878681884704855e-01,1.377431853311384541e-02,-7.476215156088394931e-02,-1.284529976780238725e-01,-1.278639417884923912e-01,-3.699156828139519293e-01,-4.772334465020811045e-01,-5.886220886825924842e-02,1.641593738655536911e-03,9.847964218279454951e-02,-1.154526711858060301e-01,1.013746920584763511e-01,-1.204756283833612190e-01,1.319736340410375686e-01,-6.604960398548821721e-02,-4.451938290687665334e-02,-1.990894748498250044e-01,5.602811942765686393e-01,2.622874090445193596e-01,2.037197281210258726e-01,-3.373829023103319669e-02,1.105278899698394247e-02,-9.360965686352854009e-05,3.428784741169298989e-01,4.346479021162631962e-01,1.257588660902442812e-01,3.244602033384400008e-02,1.709654808682409821e-01,-1.104822267225889255e-02,3.927381737897527314e-01,3.500247723116333698e-01,-3.270287609962807540e-01,-1.968428430851003053e-01,-1.983040669971163628e-01,-1.504489838785905698e-01,2.659085045514841816e-01,7.178947416487628519e-02,1.476132962243343894e-01,-2.049206715237140708e-01,3.798200411425857737e-01,3.514403329763989281e-01,-9.757550988723460994e-02,-2.263230355100242230e-01,-2.783426067777957646e-01,-7.388998353839937305e-02,2.497117507517312152e-01,-1.163613698060910195e-01,6.572996125473470896e-02,-1.167586400571703903e-01,-5.436437901408482792e-02,1.302338643207934521e-01,-1.922034571644493373e-01,2.958544620983631912e-01,1.027263241770912106e-01,9.358682523990328669e-03,-2.823586893734774186e-02,-2.858290961645155309e-02,3.682740890752964329e-03,-1.022559927304110411e-01,-1.437501855069419632e-01,-5.331869065204834085e-02,-1.001463507074378534e-01,-1.557002573123982547e-01,-3.193710344323715811e-01,-4.860327542472527851e-01,-2.543100397498567200e-01,-1.751436679916618944e-01,-1.480516633979392094e-01,-1.660840797371623545e-01
1.747874946631079729e-01,-1.092790001575382058e-01,6.200726502263755879e-01,0.000000000000000000e+00,1.890686752407023941e-02,-4.294400087673434785e-02,3.884412622234805212e-01,5.173623081858220729e-01,2.460404256727908578e-01,2.242727557084766843e-01,1.660886460618873905e-01,-6.732817490850226405e-02,-4.960170232585749822e-02,3.319033126402717859e-02,3.355129923354239763e-01,3.518878327994538480e-01,-3.118639965843891249e-01,-3.901171033975739388e-01,1.644128048877939730e-01,3.077017915975058596e-02,2.270399484918571020e-01,-1.289758418590421229e-02,4.464244535821675908e-01,5.954921242314304974e-01,2.972380584900534140e-01,1.078817047916728472e-01,8.750676386849898236e-02,-1.287772067335024306e-01,8.513912449856046727e-03,-7.223240766320615514e-02,1.205989191509375807e-01,1.999205459497841175e-01,-6.459294639819720962e-02,1.072972152268664298e-01,3.262890163908225838e-01,2.750000570790590571e-01,2.507072095417921531e-01,1.663169622981399143e-01,3.749180915502443867e-02,2.709360280737644344e-01,3.858316076431143188e-02,1.088999952053590348e-01,-3.006217051113155847e-01,-3.853270287609962819e-01,-1.450470217288561958e-01,1.204664957339111192e-01,-2.621595519522179618e-01,-2.338620376310820703e-01,2.925872567575897934e-02,2.144117774647308350e-02,-8.808212078385529997e-02,-1.050277518385164949e-01,-3.519334960467043749e-01,-3.716965494567215367e-01,-2.155921724061563294e-01,-7.199495877750354544e-02,-1.561249255118279111e-01,-3.169645813022701208e-01,8.044722584357141826e-02,3.426798389913902204e-02,1.672347935678749897e-01,3.304169739422679331e-01,-2.868862003383646497e-01,-1.539696202416042381e-01,3.172339944610481077e-01,3.033067040496451039e-01,1.501293411478370476e-01,1.126443814799001769e-01,-3.221770409759149023e-02,-8.399754331729791801e-03,2.827080132149437652e-01,3.343942427777866766e-01,1.304987111548463474e-01,9.942943772560497440e-02,1.319371034432371692e-01,-1.101237702316724826e-01,1.952035325088072870e-01,3.002746644322117908e-01,-3.060556315341252942e-01,-1.261013404446230390e-01,-1.460013835963916984e-01,-4.157410345921929568e-02,1.323754706168419892e-01,2.739566518793851158e-02,-7.280776457856247275e-02,-1.843904755598884948e-01,3.827561879407930245e-01,3.063615752907036249e-01,-2.209256396850149129e-01,5.095790076919740064e-02,-1.388550854016881719e-01,-2.852811371975095406e-02,3.721486156045014648e-01,-1.851484854642468092e-01,1.452776211274712376e-02,-9.404345771240829599e-03,-9.399779446515779679e-03,9.166211936829463114e-02,-4.129213290744744858e-01,3.787994675665370264e-02,-1.094251225487398033e-01,-5.388948124267960854e-02,-1.404350337565555273e-01,-6.181205464064166294e-02,4.815417738801659742e-02,-9.286762909570787927e-02,-9.515079145823296392e-02,-6.318195205815671511e-02,-1.901714426618019982e-01,-1.131969067716312449e-01,-1.709974451413163454e-01,-3.607739007144015186e-01,-2.011351883266474794e-01,-9.065296160405854342e-02,-2.465130402818335731e-02,-3.693015121384327082e-02
-3.932633011331334583e-01,-3.290470765247529017e-01,6.444225768227056228e-02,1.890686752407023941e-02,0.000000000000000000e+00,3.525179856115107646e-01,5.489863900691569626e-02,-2.995668840998290117e-01,4.095696467262876506e-01,3.333942176630006471e-01,-1.181513690983106851e-01,-2.242225261365011491e-01,-9.927418268495327713e-02,-1.659288246965106295e-01,1.946647061912513688e-01,2.650637344773498771e-01,-7.114105605391916887e-02,-1.910892739315371014e-01,-2.021032491683581178e-01,-2.769818420097308609e-01,3.215491713262205176e-01,1.946921041396016683e-01,1.213158321327704597e-01,1.526864829938651413e-01,4.667811292064412698e-01,4.389859106050608695e-01,5.825739915842634842e-01,5.343307708641084064e-01,-1.059729810566018837e-01,1.032651504946471288e-01,8.638801431086168270e-02,1.026578293062154479e-01,3.793930897807935854e-02,5.246022160373890741e-02,5.929600971713901159e-02,1.205212916306117321e-01,3.461342636458906719e-01,2.939503046880173054e-01,5.258693711485904476e-01,2.545474886355593158e-01,1.955003436159355734e-01,2.275696421599629204e-01,-1.953450885752838484e-01,-2.000803673151608786e-01,-9.194979782597280382e-02,-1.904271568464048214e-01,5.328216005424793456e-02,-1.513576824988755454e-01,-2.484788430759676536e-01,-1.901166467651013992e-01,-2.861236241092812715e-01,-3.191290192219439215e-01,-5.807680101555062063e-02,-1.214802198228722707e-01,3.358874309628780419e-01,-1.091785410135870937e-01,-3.448191621250761840e-01,-3.894458536629915590e-01,-2.343597670261125254e-01,-1.781026464134944087e-01,-3.703220857144814415e-01,-3.089004518378315467e-01,-2.530360351515677508e-01,-3.101927217350207155e-01,9.324663404788705034e-02,2.454239718349091048e-01,1.537504366548018420e-01,1.122790755018961695e-01,-2.062129414209032674e-01,-3.763313690526474686e-01,-1.846416234197662543e-01,-3.513558559689855532e-02,-5.277369979611360451e-01,-3.470475285909007113e-01,-1.377911317407514713e-01,3.572464148643002269e-02,-2.201813287548317344e-01,-2.326930585014692077e-01,-3.537760080732620799e-02,-3.740710383137476058e-01,-3.137818529689102021e-01,-5.366458974997089237e-01,2.643650867944172256e-01,2.828450029566952351e-01,-3.941628671039683618e-01,-4.789503845986999853e-01,4.650504921356472532e-01,3.520293888659304371e-01,2.959731865412145169e-01,-7.091730614239170893e-02,-5.564066677473634807e-03,3.773839069017714820e-02,-3.838224247640922154e-02,-1.778058353063661501e-01,3.815050149661292633e-01,3.228186095997844784e-01,1.834315473676279562e-01,6.664550936210726986e-03,-9.905043277342581720e-02,-2.714337574687948895e-01,1.029135434908182573e-01,2.939571541751048386e-02,4.064873775368788023e-01,3.589154065513061043e-01,4.332643057245729734e-01,5.310886803093228803e-01,3.601300489281694106e-01,3.523764295450342310e-01,1.601341586204219625e-01,-7.936044055900946803e-02,-2.593603948957622363e-01,-1.127539732733013889e-01,3.395062433074803356e-03,-1.678466810810317067e-01,7.358860610654605061e-02,4.457897344453856103e-01
-1.070415010422636204e-01,-1.297954971471886321e-01,-1.513531161741504816e-01,-4.294400087673434785e-02,3.525179856115107646e-01,0.000000000000000000e+00,-1.768012438668551123e-01,-2.594608540397133067e-01,-6.458838007347215970e-02,4.968366785467214775e-01,-3.574770142629152825e-01,-3.823360860660884319e-01,-3.796967503750094397e-01,-4.222822947608273481e-01,-3.006924831445538515e-03,1.900527182189507003e-01,-1.794177479343088411e-01,-2.820550287792615851e-01,-3.128457564002748992e-01,-4.210904840075892497e-01,6.464774229489782253e-02,5.034144693131562681e-02,-2.130213315859530721e-01,-6.962960256992754837e-02,5.722038681336746313e-01,8.155113484585229111e-01,4.790965069899015827e-01,5.851676640280920605e-01,-2.652737854147022012e-01,-1.749016527812342348e-01,6.688980773489745790e-02,-1.551522983453922366e-01,4.159693508284454527e-02,-9.228770585562651174e-02,1.595633680297907087e-01,1.755546372169164149e-01,3.946902776097116483e-02,-2.762854774891606788e-02,7.483064643175969810e-02,3.792561000390420878e-02,8.911411017171663729e-02,9.714627536307988975e-02,1.661525746080380894e-01,1.198226439476790528e-01,9.493617419615561770e-02,-1.260556771973725398e-01,1.680704309925591666e-01,1.525357942779384801e-01,-8.253860256764439240e-02,-1.375354175561486758e-01,-2.631367454433787278e-01,-3.049734125742883939e-01,1.726687199906846992e-01,3.092520588416604044e-01,-3.114461778720470017e-02,-1.983383144325542510e-02,-1.166467651014066638e-02,1.450036416439682251e-02,-1.096169081871919138e-01,-1.771482845459589062e-01,-2.673194988915246761e-01,-1.622438006433951641e-01,-3.769249912669039859e-01,-4.000031964273075280e-01,6.184858523844206230e-02,1.940573850028197156e-01,2.823883704841902431e-01,2.285514019758486948e-01,-1.742806326186274180e-01,-2.201767624301066983e-01,-3.133343531458552822e-01,-4.372552735342668528e-01,-3.499836753891079622e-01,-3.209372838130638006e-01,-6.183876764028319872e-01,-3.718015749253976709e-01,-6.980791755044076785e-01,-6.576717680124386511e-01,-1.958565169444894671e-01,-4.027338586128875186e-01,-3.715047638182694123e-01,-4.182365310544328696e-01,-2.535428971960482780e-01,-9.379915933961811836e-02,-1.738011685224971348e-01,9.011641844886515706e-03,1.166924283486571630e-02,-7.005427076935721864e-02,4.707652475290475397e-02,1.845183326521898926e-01,1.253752948133400602e-01,2.462915735326686173e-01,2.586206502903041216e-01,9.916002456682701527e-02,-5.269767048944151711e-02,1.368504688473911324e-01,1.185577719988401557e-01,-1.212884341844201602e-01,-2.095326594960147393e-01,-3.407642657692316335e-01,-3.433305402647098270e-01,-1.030368342583946190e-01,-1.518234476208306649e-01,-1.459374550502409995e-01,-5.215884417188559191e-02,1.334211589788784624e-01,-1.489923262912995483e-01,-1.893358052371178213e-01,1.171604766329747971e-01,2.614449221327476425e-02,1.703467438679966833e-02,2.734429403478169651e-01,2.968910178109495646e-01,-3.535134444015717303e-01,8.398156118076025023e-02,1.993862859569532631e-01
4.593654178529597565e-01,-8.779900865090219109e-02,7.439159430944612961e-01,3.884412622234805212e-01,5.489863900691569626e-02,-1.768012438668551123e-01,0.000000000000000000e+00,2.627577404911995429e-01,4.941608122578420859e-01,4.385954898410690528e-03,5.632904022703766334e-01,4.623175467877047029e-02,6.112002812856031086e-01,2.172269166577242838e-01,4.405567263104780973e-01,1.114251727783117790e-01,-1.872124642399694838e-01,-1.579194911287726266e-01,-6.407238537954149105e-02,5.652425060903355780e-02,2.237156640920205664e-01,1.201559856526077108e-01,3.928203676348036022e-01,3.009892942516821310e-02,-8.671678969106530466e-02,-2.096422512894159373e-01,2.012082495222482781e-01,-2.100760521382957213e-01,1.410012580224617451e-01,-4.249764263486069393e-01,-2.118660514305153730e-01,7.951112927493612925e-02,6.185771788789216213e-02,1.981099981963017204e-02,1.526750671820525235e-02,-1.091876736630371936e-01,1.450150574557808603e-01,-2.314441686891680061e-02,-1.280625769140320870e-02,6.243307480324848668e-02,-5.009486539616291728e-02,-1.820707825995629969e-01,-8.366648477473179191e-02,-4.928662591982903990e-02,-4.354675574044097192e-02,2.236814166565826920e-02,-3.156928598663436697e-02,-6.914557214907224303e-02,6.582357091159823231e-03,-6.459751272292225954e-02,-7.209085159672959375e-02,-1.315398331921577846e-01,-1.203843018888602207e-01,-2.856213283895257526e-01,-1.872672601366701106e-01,1.399281717120749724e-01,5.414062910255736799e-02,-7.356577448292080101e-02,2.879044907520508234e-01,-3.870188520716273672e-02,4.100491108224179060e-01,6.634641509261647585e-02,-1.349120640016073479e-02,-1.411976099856389055e-01,5.436917365504613242e-01,1.971213888933283642e-01,2.052951101511681919e-01,4.267230455559386550e-03,-5.012226334451321680e-02,-1.048633641484146839e-01,2.741598533296498164e-01,2.829682937242716245e-01,2.600955731764952872e-01,1.091831073383121437e-01,1.188408841317932646e-01,-1.064661441269073028e-01,3.659247150042581054e-01,2.559539166508748020e-01,-3.268324090331035658e-01,-1.198774398443796518e-01,-2.721004408786522055e-01,-1.208089700882898909e-01,1.579971186490984891e-01,-4.637787706997207465e-02,2.624152661368208128e-01,-1.249323613150101903e-01,1.045848183401866249e-01,6.270248796202644581e-02,-2.645249081597939589e-01,-1.374943206336232127e-01,-2.055964875830214866e-01,1.467228629029496134e-01,2.266472445655027812e-01,1.220373114393283887e-01,-1.876919283360997670e-01,-4.451276173602533581e-01,-3.719796615896746039e-01,-1.617186733000143817e-01,-3.532211996191685355e-01,2.966809668735972960e-01,-1.724769343522326026e-01,7.218674441595565594e-02,-2.098660012009433973e-01,-1.660292838404617555e-01,-2.400950708807755574e-01,-2.079435784916972840e-01,-3.317777387103328923e-01,-2.431773400701844057e-01,-1.812351451748788200e-01,-2.953156357808072729e-01,-3.411524033708608905e-01,-5.802132017014125509e-01,-2.909547956683843917e-01,-2.583786350798764619e-01,-1.084113984597786656e-01,-3.523033683494334323e-01
2.494743018660285916e-01,2.821760363844754219e-02,1.769245346344314462e-01,5.173623081858220729e-01,-2.995668840998290117e-01,-2.594608540397133067e-01,2.627577404911995429e-01,0.000000000000000000e+00,-6.024123893522440043e-02,1.098201096374566569e-03,3.196176159675243045e-01,4.563927404569521062e-01,7.390368251257452281e-02,4.904301249574761212e-01,-5.060629376536853602e-02,1.584286363356157343e-02,-2.208708437883143139e-01,-1.923358805814757988e-01,2.816851564765325278e-01,1.004431618145661259e-01,-1.001554833568879532e-01,-6.088052439673142385e-02,2.474696853117315798e-01,3.168184589110685234e-01,-2.633650616796311961e-01,-2.354922155579249610e-01,-2.523099895202847720e-01,-3.819433821397341111e-01,1.900892488167510996e-01,-1.858060362246540531e-01,1.287018623755391104e-02,5.300361424601987559e-02,-1.763035144718246294e-01,9.710061211582939056e-02,4.543493101424921424e-04,1.496612928635194031e-02,-2.502460107445620974e-01,-1.504763818269408693e-01,-3.137453223711098027e-01,-1.355718979243770994e-01,-4.029302105760647068e-01,-2.794111267634575291e-01,-2.119391126261161717e-01,-2.858587772752283485e-01,-2.640317450894885676e-01,-6.164538378817732830e-05,-2.510770818445212105e-01,-7.846544091289964218e-02,-1.559399893604633807e-03,-4.991677873188596348e-02,1.082378781202267687e-01,-9.313019276739826005e-03,-1.011098452244234419e-01,-1.232428211667416368e-01,-4.385886403539814848e-01,-1.342750617024628390e-01,-1.428506195361070596e-01,-1.383573560066576891e-01,1.172792010758261089e-01,6.451075255314631107e-02,5.654594065147754423e-01,7.523362458874538472e-01,2.030416288993559110e-02,3.025532604700117978e-01,-1.035893595501256870e-01,8.185137069652433442e-03,-2.330537981547481652e-01,-8.006365456666719727e-02,-4.480249503982976916e-02,1.220350282769658637e-02,3.033614999463457029e-01,3.690891780387178800e-01,5.199194500318501388e-01,3.526138784307368268e-01,2.390174182456636931e-01,-1.072058887323654314e-01,3.403943934665025761e-01,5.085766994148255282e-01,-1.055346138829970637e-01,2.710136555940902414e-01,1.715636694072225632e-01,3.760802211927696814e-01,-8.502724954279673730e-02,-2.114870464783362158e-01,1.324713634360680237e-01,1.608784695506051410e-01,-1.874636120998472433e-01,-1.794177479343088411e-01,-4.004826605234377834e-01,5.194194374744571380e-03,7.454296797408153930e-02,-5.282552758174292179e-02,1.610154592923566663e-01,-2.752808860496496618e-02,-2.805664069188952281e-01,-3.709796364748886299e-01,-3.400975823593743175e-01,-2.134825303831831278e-01,-3.036309131051236343e-01,1.470470719584281716e-01,-1.871850662916191843e-01,1.536408448614006161e-01,-3.376728639303726576e-01,-1.388733507005883716e-01,-2.116468678437129769e-01,-3.200011872444284977e-01,-2.019571267771564926e-01,-1.969250369301512038e-01,-2.215238282239964940e-01,-1.383664886561077889e-01,-1.654151131649424927e-02,-3.192203457164449198e-01,-2.338026754096564075e-01,7.998146072161629871e-02,-1.474694569954953204e-02,-2.009753669612707183e-01
-5.756537264634500189e-02,-4.671236035608199999e-01,4.754114829367860895e-01,2.460404256727908578e-01,4.095696467262876506e-01,-6.458838007347215970e-02,4.941608122578420859e-01,-6.024123893522440043e-02,0.000000000000000000e+00,1.227633570706113675e-01,3.195765190449988413e-01,-1.068268837801862603e-01,3.748701451406313834e-01,8.261166376324519112e-02,5.723682558237763729e-01,1.442113843041720189e-01,-1.631022696917045767e-01,-2.608444504314035295e-01,-1.385674069440100131e-01,-2.042539881138567270e-01,2.683971515266365127e-01,6.691720568324775742e-02,3.661484649157855653e-01,1.846872866670167534e-01,8.531949432519994603e-02,3.997817296781425687e-03,3.120238179497658582e-01,6.665235884919484821e-02,-5.202642075485913731e-02,-1.190372360949704250e-01,-3.034710917397469010e-01,1.150554009347266732e-01,-1.969843991515768666e-01,-1.562299509805040731e-01,1.204162661619355701e-01,-4.097134859551267161e-02,2.881921692097290100e-01,1.382705958368817545e-01,4.048708985842109920e-01,1.023153549518366900e-01,1.684037726974878246e-01,-1.212359214500820844e-03,-1.851210875158965097e-01,-1.346586329793670600e-01,-1.466931817922367993e-02,2.893908294500546763e-02,-1.195349654900008940e-01,-2.020712848952827545e-01,7.744258417448840470e-02,1.066008507062962685e-02,7.720056896406074509e-02,3.492096833482119522e-02,-1.790478756315797837e-01,-3.351750843057702545e-01,1.644904324081198355e-01,3.707170728031982526e-02,-2.730365374472875084e-01,-5.060195575687973513e-01,2.732945347942528167e-03,-1.222473623766806988e-01,3.742331428414868988e-02,-1.318594759229113067e-01,-2.680318455486325191e-01,-4.108025544020512121e-01,4.655071246081522451e-01,1.002468098513889655e-01,-2.109413706736927227e-02,-1.901577436876268623e-01,-2.682281975118096518e-01,-2.984800988152670476e-01,2.295651260648098602e-01,3.059186417923737689e-01,-2.732260399233770592e-02,-8.386740306263398836e-02,9.073515544910945585e-02,1.438597773003431612e-01,1.852306793092977355e-01,5.930970869131416828e-02,-2.044412074275837876e-01,-2.609677411989798634e-01,-4.074691373527645766e-01,-3.737102986604686206e-01,2.681551363162088530e-01,1.175029509873535688e-01,6.507012733196496307e-04,-4.384973138594804865e-01,4.584749845315749806e-01,3.582076262189233251e-01,1.893906011338184203e-01,1.390674195014030001e-02,4.178872072129665577e-02,2.140852852468897727e-01,1.734541278433933409e-01,1.272748858989609377e-01,2.587576400320555914e-01,4.123162910484053090e-02,-8.064357780674856480e-02,-2.877926157962871351e-02,-2.132587804716556679e-01,2.783837037003212278e-01,7.771656365799141375e-02,2.298299728988627555e-01,1.875777702179735051e-01,2.116240362200877134e-01,2.877172714383238183e-01,2.600179456561694247e-01,1.703261954067339656e-01,1.734906584411937402e-01,-6.437376281139481349e-02,-1.052788996983942543e-01,-5.034350177744190136e-01,-3.375267415391710601e-01,-7.344248371534445319e-02,1.508028740447819524e-02,8.324181657530212164e-02,1.757783871284438748e-01
6.996751059958127017e-02,-1.420560790339483459e-01,6.426417101799360154e-02,2.242727557084766843e-01,3.333942176630006471e-01,4.968366785467214775e-01,4.385954898410690528e-03,1.098201096374566569e-03,1.227633570706113675e-01,0.000000000000000000e+00,-8.553411158727730612e-02,-1.958976138670149303e-01,-1.130690496793298472e-01,-8.297240341652416251e-02,3.155490206375046180e-01,6.041224779617753171e-01,-2.711141147380413674e-01,-3.054528766704186493e-01,-6.536465527673068765e-02,-1.607688777572039429e-01,2.857354865076520145e-01,2.587713390062307273e-01,-1.586820673578560326e-01,-1.008472815527330577e-02,3.832858816088988707e-01,5.049190733100602513e-01,2.694611051875732133e-01,1.914865441826164583e-01,-3.625958642796965337e-01,-2.715479155869211514e-01,-1.188545831059684144e-01,-1.447958738689784364e-01,-3.628287468406740657e-01,-3.351202884090696554e-01,-1.521339577021340594e-01,-6.783960327770788279e-02,1.798241508348383255e-01,8.502268321807168738e-02,1.709517818940658462e-01,2.082632212224507784e-01,-2.637737477425232055e-02,1.934865944121884340e-01,-1.765637949811524887e-01,-1.659744879437611564e-01,-6.841952651778926420e-02,-1.342522300788376033e-01,-9.799104543721418037e-02,-1.273068501720362733e-01,-1.112288208151346325e-01,-2.966056225156339654e-02,-3.431524536004328940e-01,-2.476021087287580413e-01,-1.553532166332944331e-01,-1.144252481226697427e-01,4.048731817465735239e-02,-8.745196797179838333e-02,-6.984878615672995839e-02,-1.937240432978910298e-01,-7.151092835664822622e-02,6.639207833986698892e-02,-1.128772640408777367e-01,8.494048937302078883e-02,-5.106315455410980197e-01,-4.040900570562274141e-01,8.869400829701203082e-02,6.378927324658838216e-02,-2.881122585270406294e-02,-1.249095296913849407e-01,1.151649927281278712e-01,5.607675078597864488e-02,-9.021459443045373727e-02,-9.687686220430193063e-02,-3.191335855466689853e-01,-2.848267878873670389e-01,-1.232017242442161736e-01,-2.357365139307151386e-02,-4.588676884579293014e-01,-3.841671822808335190e-01,-2.765160768877757413e-01,-3.936514387347627708e-01,-3.630981599994520526e-01,-3.180194023137567494e-01,9.297722088910909122e-02,2.816623248529072643e-01,-1.177084355999808152e-01,-1.737646379246967354e-01,2.734338076983668375e-01,2.183730641637118830e-01,2.276381370308386831e-01,9.531974547305982481e-02,5.550596019534737025e-02,-1.152312044366411020e-02,2.107199039245277739e-01,-1.930116966407832146e-01,1.375902134528492748e-01,1.522207178719100218e-01,1.144069828237695430e-01,-1.194778864309377700e-02,-1.094388215229149530e-01,-1.142197635100424963e-01,-1.205669548778622313e-01,-9.831068816796768861e-02,8.836979924153345878e-02,1.435401345695896391e-01,1.531979113630707601e-01,2.200489053378053006e-01,1.162654769868649712e-01,1.712074960786686417e-01,8.955247734532145731e-02,-4.487098991070551796e-02,-1.330923835986748405e-01,-1.111900070549716978e-03,6.918210274687264238e-02,-3.125124146953462412e-01,-1.398459778670240461e-01,2.425700188817527247e-01
6.743388532588717732e-01,3.223163138800289595e-01,4.832107655671717961e-01,1.660886460618873905e-01,-1.181513690983106851e-01,-3.574770142629152825e-01,5.632904022703766334e-01,3.196176159675243045e-01,3.195765190449988413e-01,-8.553411158727730612e-02,0.000000000000000000e+00,5.243076880926232919e-01,7.307512289121416149e-01,6.015425044921219877e-01,1.772578763393601320e-01,-1.425264104806285015e-01,1.412295742587142688e-01,1.756642290103176129e-01,4.385201454831057499e-01,3.963044734000168989e-01,-1.226765969008354051e-01,-1.787967277717020242e-01,1.578920931804223271e-01,-7.180773946377648487e-02,-3.846101157791634306e-01,-3.731988702912630296e-01,-1.344097682818518220e-02,-1.738605307439227976e-01,4.563288119108014351e-01,-1.192495701946852567e-02,-1.848516743571185506e-01,-1.464169191463712549e-01,-5.006290112308756785e-02,-8.742457002344808381e-02,-3.085077479114772259e-01,-4.559178426855469146e-01,-2.229850521360125515e-01,-2.603695526599983379e-01,-2.359214500820796812e-01,-1.967515165905993069e-01,-1.949112877264040922e-01,-2.335606601992287479e-01,-2.563146563041537318e-01,-1.382157999401811554e-01,-4.162775777473863292e-01,-2.282043612967449009e-01,-2.302866053713677752e-01,-1.326677153992451841e-01,-1.757692544789937750e-01,-2.120030411722668706e-01,9.372153181929226973e-02,8.985385477717476588e-02,4.167912892789545076e-02,-1.012970645381505025e-01,-2.276244380566635195e-01,5.608131711070369479e-02,2.613102155533586490e-01,2.009023057656699196e-01,7.173011194345063624e-02,-1.613077040747598612e-01,5.458242101970597338e-01,2.850231398505441716e-01,3.244031242793768977e-01,3.086630029521289509e-01,-2.151880526679893907e-02,-2.918452289897691676e-01,-4.006059512910141729e-01,-4.860281879225277213e-01,1.500106167049857497e-01,1.503713563582647073e-01,3.427369180504533097e-01,4.544703177477059652e-01,4.779777574322642830e-01,4.158346442490564732e-01,3.663037199564372348e-01,2.343734660002876891e-01,4.338670605882796183e-01,3.283392961923701225e-01,2.095258100089271783e-02,1.780524168415188457e-01,1.824771855000924814e-01,2.613010829039085214e-01,-2.626778298085111554e-02,-1.951715682357319515e-01,3.447826315272757847e-01,9.264387918418041934e-02,-2.026146775375637366e-01,-2.021580450650587168e-01,-8.901365102776553906e-02,-1.903723609497042224e-01,-7.105886220886825644e-02,-1.963314147158946865e-01,-9.445671010002534840e-02,3.559450123176609564e-03,-1.791802990486062452e-01,-3.349376354200676031e-01,-2.575840945777176927e-01,-1.270465696627084140e-01,1.969684170150392058e-02,5.240337086091203522e-01,1.338777914513834821e-01,1.494124281660041687e-01,-1.704860167721107267e-01,-6.956110769905179958e-02,-1.604629340006255844e-01,-1.491658466308514730e-01,-1.601387249451470263e-01,-1.812534104737790197e-01,-2.330172675569477658e-01,-5.489863900691569626e-02,-1.281287886225453143e-01,-3.463351819337928683e-01,-2.876990061394236187e-01,1.551888289431926360e-01,1.923084826331254993e-01,-9.646132665432237407e-02
3.285813114027977822e-01,4.816993120831801756e-01,-4.440065846402535543e-02,-6.732817490850226405e-02,-2.242225261365011491e-01,-3.823360860660884319e-01,4.623175467877047029e-02,4.563927404569521062e-01,-1.068268837801862603e-01,-1.958976138670149303e-01,5.243076880926232919e-01,0.000000000000000000e+00,2.983705070218658495e-01,6.354702971992447491e-01,-1.022240284573356917e-01,-2.455335636283103029e-01,2.872104093938432356e-01,4.465797086228193158e-01,6.090358433659293080e-01,4.867724988527108998e-01,-4.062362296770010150e-01,-2.464605275474954782e-01,1.654151131649424927e-02,1.074684524040558052e-02,-5.280794723155147752e-01,-3.781487662932174199e-01,-3.673448419937487275e-01,-1.925322325446529592e-01,4.808910726068462704e-01,2.771188317514823307e-01,-1.091146124674363949e-01,-2.921055094990970269e-01,-7.529641155371481764e-02,6.129149362198593742e-02,-3.880987878691017356e-01,-4.795348741635063750e-01,-5.172481500676957555e-01,-3.326088098102920609e-01,-3.555865558267445325e-01,-3.137544550205598748e-01,-4.502145031039592182e-01,-2.846624001972652418e-01,-3.746281299302037238e-01,-3.696873665776994611e-01,-5.416368904241887217e-01,-2.388028009835863330e-01,-3.239236601832465867e-01,-2.377982095440752952e-01,-3.097452219119658512e-01,-3.582943863886992597e-01,3.678402882264166646e-02,3.753290607754989489e-02,3.008066412626800995e-02,-5.299904792129482567e-02,-2.554105240085938200e-01,-2.184826559571130811e-01,2.692327889513206896e-01,2.675797794008525354e-01,-2.006283262821668967e-01,-2.063179668895794294e-01,4.673245218487222519e-01,4.866218101367842386e-01,5.813958798052005772e-01,7.248332720684765862e-01,-3.844365954396115059e-01,-3.763952975987981397e-01,-6.759233679384641924e-01,-5.530572685615392503e-01,2.753288324592626513e-01,2.547073100009361046e-01,1.220692757124037381e-01,2.783928363497713554e-01,5.774551415674822330e-01,6.450824107454753431e-01,3.042656322419056147e-01,3.307046523999461196e-01,3.388327104105354204e-01,3.609291557550531881e-01,3.533992862834454685e-01,5.119512133866375159e-01,5.270246513040282021e-01,6.075609204797380869e-01,-2.004959028651404351e-01,-2.373872403188208025e-01,1.670110436563475298e-01,2.750274550274093843e-01,-3.841808812550087104e-01,-3.709842027996136937e-01,-5.559728668984837557e-02,-2.394694843934436768e-01,-1.248889812301222152e-03,-2.625613885280224102e-01,-2.697853142430517437e-01,-5.872978545123279381e-02,-1.553760482569196966e-01,-2.104733223893750782e-01,-2.465655530161716402e-01,-2.614449221327476425e-02,9.738829057350754936e-02,2.855756651422752812e-01,1.863220309185847079e-01,1.080734904301249577e-01,-1.010504830029977930e-01,3.675663087429136694e-02,-1.405765898230320887e-01,-1.046898438088627731e-01,3.554883798451559211e-03,-1.365102776553749064e-02,-1.243524380749288227e-01,-2.245033551070917469e-02,-7.061592871053838649e-02,-1.796506304952864008e-01,-2.917310708716429057e-01,3.110237928349798842e-01,1.442068179794469829e-01,-1.134960010411220459e-02
4.752973248186598276e-01,1.184573128548890436e-01,4.426663683334512989e-01,-4.960170232585749822e-02,-9.927418268495327713e-02,-3.796967503750094397e-01,6.112002812856031086e-01,7.390368251257452281e-02,3.748701451406313834e-01,-1.130690496793298472e-01,7.307512289121416149e-01,2.983705070218658495e-01,0.000000000000000000e+00,4.991974684295724107e-01,3.540522707191276486e-01,5.157663776944169422e-03,2.041900595677060282e-01,1.948473591802533933e-01,1.155576966544821921e-01,1.769519325827817458e-01,7.932390996120906868e-02,5.807680101555062063e-02,1.178728232900826262e-01,-2.506661126192666900e-01,-4.567854443833064271e-01,-5.022660386448061232e-01,-8.145181728308245606e-02,-3.214304468833691919e-01,3.534495158554210037e-01,-1.318275116498359434e-01,-2.792513053980807958e-01,-8.467564253896787962e-02,-2.832262910712369380e-02,-1.630885707175294408e-01,-2.429627228081070456e-01,-3.419149795999442687e-01,-5.212687989881024248e-02,-6.674825166842089652e-02,-1.280694264011196515e-01,-1.349006481897947196e-01,-6.054261636707770899e-02,-1.555176043233962579e-01,-4.114030261033953251e-02,5.717266871999068800e-02,-1.043656347533842149e-01,-8.251120461929409289e-02,-8.334684204397826979e-02,-9.725130083175605178e-02,8.034448353725779160e-03,-8.686291208226690208e-02,4.204443490589946514e-02,-2.123340997148330197e-04,-7.440826139469255800e-03,-1.979387610191123414e-01,-1.193477461762738334e-01,3.174737265091132771e-02,1.766459888262033873e-01,9.913719294320176567e-02,1.718193835918253587e-01,5.702198000406402678e-02,3.602990029429962715e-01,1.302087495348056706e-02,2.313048957850539489e-01,1.445766902821760402e-01,1.331152152223001039e-01,-2.184735233076629812e-01,-1.923815438287262980e-01,-3.053706828253677785e-01,-1.445470091714632158e-02,2.978841934386480123e-02,2.845025788318884530e-01,3.246268741909043576e-01,2.398256577219975982e-01,1.705042820710109264e-01,3.814319537705284646e-01,3.609885179764788510e-01,5.044533081881051872e-01,3.717741769770473437e-01,-2.675181340170643476e-02,7.620054384927475721e-02,4.096221594606257177e-02,1.331837100931758666e-01,2.209850019064405757e-01,1.004363123274785476e-02,3.850347839785930870e-01,2.160099911184984109e-02,-1.774268303541869651e-01,-7.670283956903027611e-02,-1.493873133800163906e-02,-2.232818632431408101e-01,-2.037608250435513357e-01,-1.146763959825475021e-01,-1.501932696939877465e-01,8.864834504976151774e-02,2.650751502891625280e-03,-2.974389767779556104e-01,-2.833062017539253463e-01,-1.011144115491484918e-01,5.177983921970642778e-02,3.850256513291429594e-01,1.548965841607894134e-01,2.293276771791072366e-01,-7.400870798125067096e-02,-2.761484877474091812e-02,-1.887924125948368670e-01,-1.787236665761012255e-01,-1.628602544812769171e-01,-1.049866549159910456e-01,-1.258227946363949801e-01,-1.677873188596060716e-01,-2.082175579752002792e-01,-3.752811143658859039e-01,-2.623650365648452221e-01,3.582966695510617777e-02,-5.662014342825961305e-02,-2.375333627100223999e-01
