0.000000000000000000e+00,8.668361370319310755e-01,-6.350198025324928219e-02,2.365832861844464341e-01,-3.779151957542095097e-01,-2.624214074540398012e-01,-1.460159854648614697e-01,9.574066252818971834e-02,-3.423232315183004082e-01,-2.430635354493222433e-01,1.900469363848624194e-01,3.573364996135119376e-01,-9.775836925945700917e-02,1.246435942592577784e-01,-3.457593892691789850e-01,-2.048737339527767487e-01,4.255193682314784565e-01,1.603295906414108074e-01,3.244858115053909087e-01,4.715122441010765608e-01,-2.854305955103634829e-01,-2.553594338946043041e-01,-3.598673987361442062e-01,-2.103722238602586669e-01,-3.318920383459904588e-01,-2.075337280558455233e-01,-1.157950099211883105e-01,-2.465698188685860881e-01,8.373801687797337301e-02,3.277099984859230958e-02,-2.783542780642128123e-01,-2.363713154141000305e-01,7.666010566663213760e-03,6.843946481364900081e-02,-2.456199348150037154e-01,-1.905904103148483020e-01,-1.338922136601614354e-01,-1.237909298823004350e-01,-9.552709799265274304e-02,6.133924088963972621e-02,2.534118528317222951e-01,6.336172891647873229e-02,-2.962602299803169803e-01,-1.080381547386623509e-01,1.324195746240706406e-01,3.650136665365091848e-01,-1.862888380654878218e-01,-6.491405621209826726e-02,1.196630780387125531e-01,2.565850393261560614e-01,2.468821968459386784e-01,3.086804421104638596e-01,2.928926041326331275e-01,2.818478113619520276e-01,5.381826295531879495e-02,1.336483675860035414e-01,7.263106726485987208e-01,6.781709950672967224e-01,4.019029556375459111e-01,4.334738502976356322e-01,4.021515830072755482e-01,2.206265090964148190e-01,4.798890739427359997e-01,4.817346540334212501e-01,-2.858959749460112110e-01,5.991282104407557457e-02,3.145614356636836778e-02,2.362230952513766080e-01,6.824438795432269389e-01,6.472423877790085545e-01,-6.884746870243607653e-02,-2.962952928145096143e-01,4.365322856983480312e-03,-1.706540015459522275e-01,-1.656559539083106991e-01,4.721688753595932458e-02,1.393476719074978609e-01,-2.247687048267178744e-02,-2.562455673405637097e-02,1.431679270693048817e-02,9.449274438396991493e-02,1.881662934599845349e-01,-1.241638709368948629e-01,2.754695630692730046e-01,-8.198965646391316586e-02,4.015124831658551940e-01,-3.491780156029612031e-02,9.567053685980445032e-02,-3.073783359497645473e-01,-1.144323406832471399e-02,-5.185474424053104769e-01,-4.548685542159073836e-01,-4.958251320832901543e-01,-6.136266923794116979e-01,-8.519153073177729296e-02,-3.126887615647586660e-01,-2.412083927674935624e-01,-9.040951796571811139e-02,-1.974898198248452030e-01,-4.015921714253838926e-01,-1.884005769429989985e-01,-3.247025635713090552e-01,3.010941198033293895e-02,-1.022719122791639068e-01,-4.265282215971121227e-01,-6.060451513678489777e-01,-3.355066977982134047e-01,-1.942018822366900765e-01,-1.394082349847396984e-01,5.592522053725824949e-03,-3.665978691359401964e-02,-2.551490568894485000e-01,-3.488624500952274832e-01,-9.161281068460183641e-02,-5.135541760632406083e-01,-4.851676242539186834e-01
8.668361370319310755e-01,0.000000000000000000e+00,-1.708962538549195498e-01,1.751500131485628220e-01,-4.484616181497980136e-01,-3.464399270055542601e-01,-2.950489684354803965e-01,-1.032281713935085873e-02,-4.580959287268207003e-01,-3.076174007283506984e-01,-4.099164070157543943e-02,2.449330220178660977e-01,-3.082437504482464785e-01,1.531608348142068227e-02,-4.385850552638079769e-01,-2.953549713520706721e-01,4.582393675939723798e-01,2.567858537401684349e-01,2.240483229605782223e-01,4.186725529727705064e-01,-3.824351138346787637e-01,-2.350596466622572600e-01,-4.625393460781422883e-01,-3.156196957502251377e-01,-4.133748774793009617e-01,-2.797536039015371956e-01,-2.036704412338930237e-01,-3.013682474161081815e-01,7.882762632581341231e-03,-6.378726422236212501e-02,-3.698395875335686589e-01,-3.186111930129333913e-01,-3.359178892173816239e-02,5.624716110575429112e-02,-2.261759994899951443e-01,-2.568256978699328119e-01,-9.658535807919418903e-02,-6.232578154260532549e-02,-3.214146259831539287e-02,2.468423527161743222e-02,2.709592075799472366e-01,2.865908565691016596e-02,-3.008933053893169673e-01,-1.287108830256038505e-01,2.523137486154164999e-01,4.768768577325502855e-01,-1.725713010702133177e-01,-2.378535170413342836e-02,1.493150794093506262e-01,3.380041278518435832e-01,2.688777502410569786e-01,3.427264541115157548e-01,3.224617297133613447e-01,3.263170477093609856e-01,1.327494840185195479e-01,2.116966427336260670e-01,8.201675047215293279e-01,8.271211022480058350e-01,3.948919825642088210e-01,5.040935858919904922e-01,3.199531433033971362e-01,1.746033516881957681e-01,4.248165177824351213e-01,4.879583071026145635e-01,-3.425798277139828762e-01,-1.209349026607909813e-02,6.449808349735833279e-02,2.359059359784523024e-01,7.552088230840949823e-01,7.867829052745658469e-01,-1.710141924790220536e-01,-3.683478233151909476e-01,-1.808604738263911577e-02,-2.560096900923586882e-01,-9.760536780116185751e-02,-5.971997545601606672e-02,3.704069679414132010e-02,-1.277514363808779918e-01,3.383882252627720688e-02,-1.978021978021977934e-02,7.885631409924376278e-02,2.334690690020639336e-01,-8.075767597159910771e-02,3.457115763134617215e-01,-1.857756456741228301e-01,4.105985385173202551e-01,3.092541975790706610e-02,1.274725274725274637e-01,-2.285395532676170738e-01,4.255831188391014097e-02,-5.609081274055893740e-01,-5.048904684872778104e-01,-5.317358493573142164e-01,-6.582584927762592519e-01,-7.441130298273154753e-02,-2.504617934639689625e-01,-1.721250468168524783e-01,-8.146212018583301462e-02,-2.284518961821354888e-01,-3.828064611240825643e-01,-1.849755755484544517e-01,-3.409525934544063719e-01,6.576672058905561058e-02,-3.695622723904087165e-02,-4.489014973423965382e-01,-6.303596331152531151e-01,-3.051056267880053463e-01,-1.809513184422539001e-01,-1.077337455872626332e-01,3.763995250579731805e-02,3.994931826693973176e-02,-2.825618181673293927e-01,-4.745658982062172515e-01,-5.294806716126512769e-02,-6.132282510817681498e-01,-3.543242834033261679e-01
-6.350198025324928219e-02,-1.708962538549195498e-01,0.000000000000000000e+00,5.966674369865088146e-01,4.921674409709217435e-01,3.493469547131621278e-01,6.604037007227725464e-01,4.706802986715967196e-01,4.566216959255393060e-01,3.717266055192088303e-01,2.327678123182111702e-01,3.053701918096407009e-01,5.685327000772976147e-01,6.140299149726270445e-01,4.240323853086724881e-01,4.209325120130051334e-01,-1.758911139621799624e-01,-9.643873168166134519e-03,3.179896245886093542e-01,3.754639848911059952e-01,4.790778474607336190e-01,2.741658631433830928e-01,7.336164922821920564e-01,8.435623839539720947e-01,6.049072030217788054e-01,5.719322012287929580e-01,2.530580369594147561e-01,2.156874307708245286e-01,2.864171361633290336e-01,1.885487971057224210e-01,5.171768043414163296e-01,6.312935795169297704e-01,1.438851214050634042e-01,2.751300910836806390e-01,3.309309979360740561e-01,3.943182270956019919e-01,1.497103331766130863e-01,2.279689853293914159e-01,2.712078349496768737e-01,-1.561204567731036275e-01,1.645498808660520174e-01,1.191116352827737840e-01,-2.851182175330108648e-01,-4.149813927914000611e-01,-2.435448525368757444e-01,-4.421216202216927127e-01,-5.201922080819832983e-01,-6.222107116958458528e-01,-5.575596267401923267e-01,-5.271011801831235744e-01,-4.749802771557666281e-01,-5.665851190144156613e-01,-5.565969925650854355e-01,-5.160181370478686969e-01,-4.859995696833985246e-01,-4.851787806102527134e-01,-3.201173011180262762e-01,-3.105435536182454270e-01,-4.220513351767883892e-01,-4.514132712827418903e-01,-2.713146172174453752e-01,-1.746926025388679388e-02,-2.325335288351967067e-01,-2.967399533026799374e-01,6.600690100327518683e-01,4.039477563770529911e-01,2.078110431990054796e-01,-9.477165329232044300e-02,2.876108662910693489e-02,-2.209548247256731546e-01,5.824096135916295713e-01,7.125198224545578052e-01,3.197507351241941631e-01,3.572599988843643826e-01,9.576775653642949360e-02,-1.292543569555897401e-02,2.547139589924216629e-01,1.184964419192120477e-01,-8.784196224370263706e-02,2.690164078126369707e-01,2.126401517264461458e-02,1.543226896381356128e-01,1.382655053430978109e-01,-1.344452501812908041e-01,1.503032138275068041e-01,-3.502617759325518665e-02,3.444030950920001222e-01,1.615073831172453289e-01,-1.490170453187131998e-03,-2.892221628987401427e-01,-9.259297627680514176e-02,-1.265130808278016467e-02,-6.499374447162699700e-03,1.705424379826120107e-01,-3.301165839236905319e-02,-1.017188757580345659e-01,-2.761405382145048493e-01,-2.398010981042162926e-01,-3.325422945437448430e-01,-2.962602299803169803e-01,-3.483811330076739821e-01,-1.090246953916279571e-01,-1.455346683773079686e-01,-2.890006295372502532e-01,-3.610196909689295658e-02,-5.590928288535250423e-02,8.332204416323343160e-03,-1.238291802468742264e-01,1.828654304361338467e-01,1.009650248228928376e-01,-4.139502267130983348e-01,-3.847875112559666633e-01,-1.198304233837228783e-01,-2.139661643650040967e-01,1.176198710643960865e-01,-2.892205691335495571e-02
2.365832861844464341e-01,1.751500131485628220e-01,5.966674369865088146e-01,0.000000000000000000e+00,9.620126066826574507e-02,3.078357465594593889e-01,5.791121134123309311e-01,7.428061423710444755e-01,2.688155933986245971e-01,2.446126752145606487e-01,1.641195642645968955e-01,5.068715186191617983e-01,2.859740694403493655e-01,3.801193730127740422e-01,-3.110551522444198261e-02,9.072030217788012996e-02,-2.834399827873359534e-01,-2.295643442851564575e-01,1.340213086405979692e-01,3.684259178095291021e-01,1.398465204121476790e-01,2.512411446421598804e-02,2.959733522460136212e-01,6.005753492337974064e-01,2.804054538644821237e-01,3.504833092940417005e-01,2.130943748057598786e-01,2.634414171760074419e-01,-1.760983034369546230e-01,-1.327574528444724344e-01,1.687096080134513898e-01,2.903617050100008590e-01,-3.774514100837523395e-02,1.762321797129628997e-01,3.569715273848703824e-02,9.007801480607861844e-02,-7.876228195299986301e-02,5.729585860115229620e-03,-6.102526914709655720e-02,-1.585366048020145080e-01,-4.073663827108352231e-03,-1.607997513726302785e-01,-4.281554558566886270e-01,-4.812230554072468580e-01,-2.176876060849954886e-01,-2.677653021380360099e-01,-4.971718636693255866e-01,-4.912366820996262873e-01,-4.330100646271785036e-01,-3.485644160045900386e-01,-2.613758974890229569e-01,-3.129214512825825301e-01,-3.361107348054411248e-01,-3.208137765063073243e-01,-4.410984229693439285e-01,-4.556957183498155373e-01,-9.797193379499398447e-02,-3.069113627489261989e-02,4.632597279442819682e-02,1.207117755341105547e-01,1.385045701216839620e-01,5.062053247695017522e-01,-2.344030154037405611e-01,-4.727107555243886122e-02,3.377076875263967382e-01,5.417542573452652777e-01,1.732359011546828753e-01,1.522715138378662736e-01,2.845093992302114017e-01,9.986213931101531327e-02,4.098430938169879689e-01,3.784985138139597693e-01,1.811059136657396373e-01,1.803329375483110064e-01,-1.335447728486162111e-01,3.382766616994318382e-02,1.315716915426850264e-01,1.351991011164325150e-02,-2.271338523695304035e-01,-1.602020894261648454e-01,-3.185044107451648898e-01,-1.847157918223908124e-01,-1.815378240323853032e-01,-1.941652256373068430e-01,-1.732693702236849376e-01,-1.188741642693781908e-01,1.275665596187713635e-01,-3.017475635314649171e-02,-1.022161304974937984e-01,-1.246021563643028435e-01,-7.780761660384575770e-03,-1.443584696666640188e-01,1.061001362669238002e-01,4.786076867295141479e-02,-1.948744511471124929e-01,-1.364470192606523358e-01,-4.046314816438094097e-01,-4.029532468981344984e-01,-2.869271410243128817e-01,-4.362517830248069384e-01,-1.511702220911793071e-01,2.915155910079767973e-02,7.619472623098438868e-02,-1.527783311684689435e-02,-1.284463180039684682e-01,-2.361195005139892777e-01,4.317828654304361330e-02,9.032186088023651249e-02,-3.492098909067727075e-02,-2.065519686984516618e-03,-1.921475189060395661e-01,-4.968387667444955080e-01,-2.396273776984436943e-01,-1.150124712126162491e-01,-1.502920574711727741e-01,-1.391691702061535196e-01
-3.779151957542095097e-01,-4.484616181497980136e-01,4.921674409709217435e-01,9.620126066826574507e-02,0.000000000000000000e+00,7.265114870626110388e-01,3.116289077130266483e-01,1.050849078405278608e-01,6.811577110344333441e-01,7.501932440293571647e-01,1.000996103244109064e-01,-6.458574058283993169e-02,4.783128401692578469e-01,3.937683781048538223e-01,7.237208042139151587e-01,7.474471866059972935e-01,-6.307166365179418810e-02,2.616484313366111703e-02,-4.326594362852521219e-02,-8.813999633434006775e-02,7.095362940178023825e-01,6.215987058626653017e-01,6.363043772760959005e-01,5.690745802420928978e-01,7.411087824430826476e-01,7.946401676640980627e-01,6.820820948449665133e-01,6.054873335511479215e-01,3.686968578919267991e-01,4.284184271131334376e-01,8.060308074811337598e-01,7.483062260437169932e-01,4.915809353807903403e-01,4.966570775127700510e-01,5.075887129549203625e-01,5.733809337870251488e-01,-2.824789423774195368e-02,1.648479149566894342e-01,2.597996637155448041e-01,-3.774928479787073021e-01,-1.269194909513981229e-01,-1.742543171114599720e-01,1.842663500386488018e-01,-1.107666807449258529e-02,-7.295460159854648408e-02,-4.210552319326793524e-01,-2.059590880475579422e-01,-3.660033947198559345e-01,-3.294711090215078353e-01,-4.548143661994278331e-01,-4.270637267011451188e-01,-5.470264325956857299e-01,-4.005131923913649583e-01,-4.803146092486194063e-01,-3.887703304672122662e-01,-4.304584465570687746e-01,-2.352859613193188371e-01,-2.480902708603941464e-01,-5.583915721696722789e-01,-5.590418283674266631e-01,-3.088509749858553421e-01,-1.407294663277259272e-01,-5.166827371323382684e-02,-1.002047988269888223e-01,4.524157495876132695e-01,1.339511829722127012e-01,2.268916000605630812e-01,2.229836878132744615e-02,-1.978818860617265196e-01,-2.717529026448533558e-01,5.612380368000382536e-01,6.578361450007570443e-01,1.751563882093251090e-01,5.288065089370382887e-01,2.734151997386224942e-01,-4.174708540190773948e-02,1.354333845994469543e-01,2.776004271290710701e-01,3.720405772617520479e-01,4.738869542350325759e-01,3.090756958777263197e-01,3.135159256986668197e-01,2.857652862003841054e-01,-1.190574472662942612e-01,2.855517216648471024e-01,-1.423901696563045494e-01,2.179091394464853504e-01,1.214576576432994104e-01,-4.414888954410346733e-02,-3.027452605407645048e-01,1.961924949597175939e-03,2.957406625281897017e-01,1.265911753221397873e-01,3.204998047637641623e-01,3.013602785901552950e-01,-8.444883615296958079e-02,-3.396313621114201067e-03,-1.820924543187052158e-01,-2.165385013825913141e-01,-6.999657340484026491e-02,-3.067424236387252812e-01,-6.264453458072022363e-02,-2.129110918088437943e-01,-2.269872259719975527e-01,-4.372972929898238242e-02,2.470973551466662532e-02,8.106049135780825365e-02,-4.087529584266350047e-02,-2.689160006056307700e-02,-1.014574982667803549e-01,-2.120297396584561178e-01,-4.624787830009004924e-02,1.436874945214321464e-01,-7.283506920925339467e-02,2.774777072093968511e-01,2.421088701001681415e-02
-2.624214074540398012e-01,-3.464399270055542601e-01,3.493469547131621278e-01,3.078357465594593889e-01,7.265114870626110388e-01,0.000000000000000000e+00,3.497932089665229394e-01,2.539967646566631543e-01,7.276733418865398706e-01,7.462566440086382258e-01,1.631218672552972870e-01,4.511152371921044874e-02,4.206599781654168924e-01,2.238746025548055962e-01,5.409047804986891750e-01,6.204591637514045299e-01,-3.052952848456836898e-01,-2.665779470710580301e-01,-2.124887440333415589e-01,-2.032815625273928506e-01,5.927053367227406167e-01,4.565595390831068690e-01,4.365450358198726399e-01,4.829363529871144034e-01,5.881041366175521201e-01,6.094223398066762609e-01,8.161942481014272666e-01,8.222919937205651619e-01,-2.075401031166078381e-02,1.529169887400489147e-01,5.850791702858417764e-01,4.935619855126744393e-01,3.182956275051996853e-01,3.526046107626963355e-01,2.354883694985217824e-01,2.840488010901354166e-01,-1.419646343504211428e-01,1.097721712660073845e-01,-1.096669827634294686e-01,-2.907362398297858586e-01,-3.267234578329574757e-01,-2.812852122496792284e-01,1.414450668982938641e-01,-2.683900580927411905e-02,-8.517081178429981858e-02,-3.435488369498521655e-01,-9.460749547769127521e-02,-1.813927914000430242e-01,-1.864386519934018160e-01,-2.933898588720924017e-01,-1.910159456207317086e-01,-3.025396648311804437e-01,-2.300233486600419264e-01,-3.657946114798906745e-01,-3.588298575970802484e-01,-4.228450302416945084e-01,-2.829506968738295658e-01,-2.593773159400425410e-01,-2.206551968698451660e-01,-2.120456773103618631e-01,-1.691144243718573081e-02,1.062611065511718106e-01,-1.399150523153423753e-01,-1.271330554869350982e-01,3.438867151702539871e-01,1.523225143239646528e-01,8.651594960514467914e-02,4.539043262756098374e-02,-1.775119731609941798e-01,-2.396927220712572471e-01,5.290822303150076733e-01,4.612499900389675500e-01,-6.897815744806318032e-03,3.124210090127421680e-01,1.054992867900772235e-01,-1.290631051327208005e-02,1.214608451736805678e-01,2.978125572759365292e-01,7.910016017340165684e-02,8.796946345894859909e-02,8.974491788124856415e-03,-2.432245057335702745e-02,-2.017228601710109939e-02,-2.485652128871853328e-01,9.982229518125095014e-02,-2.425599056491007099e-01,-2.620149973304433146e-03,-9.057367578034727917e-02,-9.237144291531527995e-02,-1.170269904135023825e-01,2.468901656718915649e-01,2.876204288822127864e-01,3.715385412267210863e-01,4.290495581286009052e-01,5.755404856202535335e-02,-1.362254858991624740e-01,-1.964953103459267381e-02,-1.226737004837077372e-01,2.182820805010797852e-02,6.593247216887536399e-02,-7.508546565834454956e-02,1.404505574193753992e-01,-2.026791192853556745e-02,8.539393891098025213e-02,-3.353122584449633181e-02,3.445082835945779964e-02,1.060698547283028814e-01,1.463028631991648565e-01,-1.566862434157575701e-01,-8.860059447441608060e-02,4.064101235964905252e-04,3.776745372104328008e-02,2.255305245878124754e-01,2.906708954569723127e-02,2.132633139159607616e-01,-1.918255783375435314e-02
-1.460159854648614697e-01,-2.950489684354803965e-01,6.604037007227725464e-01,5.791121134123309311e-01,3.116289077130266483e-01,3.497932089665229394e-01,0.000000000000000000e+00,7.186446620819354481e-01,5.680689144068404861e-01,2.916685924662719698e-01,4.760098494688777548e-01,4.282064563427870341e-01,5.816222935874857392e-01,3.508562503486361561e-01,3.386352588673111064e-01,2.281682059782132177e-01,-3.787519224792611494e-01,-2.299516292264660589e-01,1.734287467427423901e-01,1.591741108782443181e-01,3.331654567332594796e-01,1.126297922527074030e-01,6.264740335806325833e-01,6.388034010949167341e-01,3.567739005012391384e-01,3.442644375204201301e-01,2.500617584011347594e-01,2.705703288734470635e-01,3.969909713201953683e-02,8.367267250515980637e-03,3.379403772442206022e-01,4.177354190407127077e-01,1.617352915394974777e-01,2.773661436460566065e-01,1.712962889177537529e-01,1.296336730709464480e-01,4.913418706022041477e-02,-8.002295021874426817e-02,-7.144530596307245573e-02,-1.735992796181338726e-01,9.142474639211405074e-02,-4.575221732582138850e-02,-2.336969774243160825e-01,-3.634900270143199830e-01,-3.698300249424252284e-01,-4.873463012694339569e-01,-3.163783279809385673e-01,-4.358437791360199043e-01,-4.149829865565906051e-01,-4.775828957119747642e-01,-4.538278255464622268e-01,-4.684362772832678656e-01,-4.886436261345615817e-01,-4.979273083696578728e-01,-4.812087115205316845e-01,-5.589493899863733350e-01,-4.288136808803958977e-01,-4.344221405860274610e-01,-2.178724828471021446e-01,-2.042633218847867138e-01,1.693232076118225404e-01,3.824940831467300018e-01,-2.068515965542796486e-01,-1.694985217827857382e-01,4.378614858672871812e-01,3.104351775852863815e-01,7.365904581278040486e-02,-1.679461944871662171e-01,-1.561762385547737220e-01,-3.847699798388703463e-01,5.316019730813059674e-01,5.793607407820605681e-01,3.356341990134593667e-01,3.229972348173943408e-01,4.578728016001402251e-02,2.457171544916287587e-01,1.916789519400106667e-01,9.852497031612332534e-02,-2.012574807353632589e-01,-8.224306512921451817e-02,-1.443090629457562113e-01,-1.924232402840089506e-01,-5.743770370311342133e-02,-3.080349672082812185e-01,2.165608140952593463e-02,-3.675413781287603099e-01,9.083983456717321936e-02,-1.690363298775191536e-01,7.888978316824582504e-02,-2.600004781295571776e-01,2.568687295300783324e-01,1.838296583764313930e-01,2.528699726669269565e-01,3.031150140649778169e-01,-1.624317669277785259e-01,-9.889631760552718143e-02,-1.811457577955039866e-01,-3.032967032967032739e-01,-3.579118488473093107e-02,-1.040473667014638753e-01,-5.977416347249559642e-02,1.321295093593860825e-01,-4.414092071815059470e-02,-1.307429336435863010e-01,-7.794308664504458195e-02,4.169608491580935328e-02,1.962116201420044670e-01,3.543577524723282718e-02,-1.045031835459681729e-02,-2.138832885750942443e-03,-2.617281195961398965e-01,-1.755612045677310273e-01,-1.485548534134465901e-02,-1.149742208480424577e-01,1.562782395269704805e-01,-8.724270653204663217e-03
9.574066252818971834e-02,-1.032281713935085873e-02,4.706802986715967196e-01,7.428061423710444755e-01,1.050849078405278608e-01,2.539967646566631543e-01,7.186446620819354481e-01,0.000000000000000000e+00,2.999864529958801151e-01,2.988851612491931764e-01,4.462622221868052241e-01,6.140139773207213825e-01,3.318059750256994733e-01,3.509518762600706276e-01,8.086764576974873886e-03,4.800261377491254339e-02,-2.527950657029700010e-01,-2.358039350062555162e-01,1.851987026751348853e-01,2.877463363322681489e-01,6.059973384121317141e-02,3.604140601965112600e-02,2.402553211835300184e-01,4.896126353704308709e-01,1.491620779510554606e-01,2.403955725203005822e-01,1.131780474782650286e-01,1.751149503143701880e-01,-3.474408115452350381e-03,-3.472017467666489027e-02,1.551020408163265307e-01,2.380049247344388774e-01,-3.890062077154173015e-02,9.485452908223031276e-02,-5.767676848169959319e-02,-1.367928663070069883e-02,-1.507399054897241852e-01,-1.691510809712405139e-01,-7.074404927921969233e-02,-1.443871574400943381e-01,-7.159033859541473477e-02,-1.570830909482106019e-01,-3.356055112400290197e-01,-4.271211022480058128e-01,-3.702109348229725150e-01,-3.572026233375036885e-01,-3.891480528173784093e-01,-4.415207707448461361e-01,-3.742877861804620454e-01,-2.969917682027906625e-01,-2.874769900150611068e-01,-2.883965925300225330e-01,-3.087840368478512176e-01,-2.464359425925778391e-01,-3.427089226944194378e-01,-3.914877001171417348e-01,-1.954450190853381508e-01,-1.754034218138641743e-01,1.020965981082007194e-02,9.041908055686155576e-02,2.810142721672815869e-01,6.204639450469762174e-01,-1.854648614619608116e-01,1.923196455466216065e-02,1.639059997290599202e-01,3.773669405286519396e-01,-1.384392257488704092e-01,-1.105419598530548442e-01,6.530293491859844035e-02,-1.892118034250014069e-01,3.720039206623688144e-01,4.004303166014551163e-01,2.414841141454629470e-01,2.059224314481747364e-01,-4.374885448126927291e-03,7.039023340691215325e-02,1.346859087250675269e-01,4.143789495493628810e-04,-2.495852226091530013e-01,-1.301054275673564908e-01,-2.450844297109706915e-01,-2.310274207301038218e-01,-6.891600060563077279e-02,-2.638781088382248785e-01,-2.200894102271912234e-01,-2.421821832989345669e-01,-5.438564336316330239e-02,-1.104527090023826735e-01,-5.493708611910207325e-03,-2.801042322434635704e-02,1.675700659021906180e-01,-5.249225031676083009e-02,1.526364860665078149e-01,9.317151304098367226e-02,-1.518045406370279460e-01,-8.233869104064897582e-02,-3.315700977774944658e-01,-2.582760241933556022e-01,-6.917897186207555560e-02,-1.940664121954912280e-01,-2.160986221899927409e-02,9.696148666416977424e-02,-1.039772410330785934e-02,-7.962769645148180808e-02,-1.132529544422220258e-01,-1.384392257488704092e-01,6.103961303381173070e-02,-4.032385308672473134e-02,-2.344587971854106626e-02,-2.074922901608905815e-02,-2.578664265393779687e-01,-2.852106559140641928e-01,-7.581381635043708822e-02,-1.733012455274964281e-01,-1.031899210289348029e-01,-7.280160014025133242e-02
-3.423232315183004082e-01,-4.580959287268207003e-01,4.566216959255393060e-01,2.688155933986245971e-01,6.811577110344333441e-01,7.276733418865398706e-01,5.680689144068404861e-01,2.999864529958801151e-01,0.000000000000000000e+00,6.569165424857955626e-01,3.760297715337599378e-01,2.010582600865414571e-01,7.013618723553458612e-01,3.706061885902349751e-01,7.353807903481579533e-01,6.422539027325103733e-01,-3.292368255384934272e-01,-1.678776625839714931e-01,-1.635521838567523950e-02,-7.495637067790802965e-02,6.385850552638079325e-01,4.411366733339177060e-01,6.750567778849142497e-01,6.158802763588840934e-01,6.283674266270350417e-01,6.227924359904055684e-01,6.221852114527967048e-01,6.551889010192127882e-01,9.413255345090007498e-02,1.665978691359402131e-01,5.150650654639051806e-01,5.446820040003506058e-01,1.902429695033030776e-01,3.020408163265306256e-01,3.227390448565212733e-01,2.654559363768935754e-01,1.166731745411948434e-01,5.904740654559363644e-02,-1.181569699336196821e-01,-2.691008773677374122e-01,-9.788268294432181382e-02,-4.004813170875534678e-02,4.343488273872610217e-02,-1.414737546717242112e-01,-2.438365115667508742e-01,-5.093561985512674584e-01,-1.024456326849365329e-01,-3.255520404178852134e-01,-2.900907649276032174e-01,-4.753356867932647667e-01,-3.218242236371315346e-01,-4.255161807010973130e-01,-3.795057734144028361e-01,-4.546390520284646630e-01,-3.842551936823148107e-01,-5.336499613511941353e-01,-4.740766122927109194e-01,-4.847006510530803558e-01,-3.812939779582273925e-01,-4.242714500872586392e-01,-3.378622827498824893e-02,7.014001227199197219e-02,-1.803759692084565269e-01,-2.716317764903696808e-01,5.183259090438205874e-01,1.005602084644869332e-01,1.084828152268326323e-01,-1.287794149287985468e-01,-2.548844918678130900e-01,-3.695272095562160963e-01,6.889065973910063478e-01,6.462112217007068837e-01,3.182302831323861048e-01,4.282032688124058906e-01,3.678410059845883123e-02,2.188908988038792136e-01,2.326227796858688912e-01,3.213636254970554940e-01,8.582266174724477448e-02,4.267943803839380212e-02,1.401573046243096976e-01,-2.206408529831299994e-02,-4.073823203627409406e-02,-3.227629513343799328e-01,2.985600331503159843e-01,-2.907872403158842656e-01,8.040545386448214038e-02,-1.864035891592091820e-01,1.470551203691160269e-01,-2.783287778211636088e-01,2.914151838009705897e-01,2.102670353576807649e-01,2.933245144992788211e-01,4.209436683693391634e-01,-9.131318282877383397e-02,-8.954888476280789544e-02,6.110495740662528347e-03,-1.909649451346333016e-01,6.365179418116329035e-02,3.745348197850010587e-03,-1.128863884483898988e-01,7.243503414641920546e-02,-1.280112201069416311e-01,-1.596602092613695345e-01,-1.140769310457490360e-01,8.790730661651618982e-02,1.557204217102694244e-01,3.407469977448222831e-02,1.168548637729203282e-02,1.446023157408219025e-02,-1.371116193451218934e-01,-4.028719648734151865e-02,8.321685566065550876e-02,-5.565428045486058711e-02,2.591318761006941029e-01,-6.427655013586848660e-03
-2.430635354493222433e-01,-3.076174007283506984e-01,3.717266055192088303e-01,2.446126752145606487e-01,7.501932440293571647e-01,7.462566440086382258e-01,2.916685924662719698e-01,2.988851612491931764e-01,6.569165424857955626e-01,0.000000000000000000e+00,2.716620580289905718e-01,1.077959024296950286e-01,4.791670983114058036e-01,4.369657898301843035e-01,6.352795862585565168e-01,7.302504601996987477e-01,-1.132115165472670909e-01,-1.142474639211405046e-01,-4.597375068731123643e-02,-6.153527400808039144e-02,5.108368064133110842e-01,4.503566049613910161e-01,4.856776291149024760e-01,5.376375618580114812e-01,5.576456900604833677e-01,6.599956968339854013e-01,5.554462940974905782e-01,5.067950178900142433e-01,2.206982285299906865e-01,3.424395763772123402e-01,6.464789742527233818e-01,5.874395365330825625e-01,3.516324139964459028e-01,3.820159535895576441e-01,3.314967845787279987e-01,3.969367833037158455e-01,-3.464845524308903663e-02,2.073488512937388950e-01,2.230171568822765238e-01,-2.777056156316489721e-01,-8.352604610762696946e-02,-6.724414092071814841e-02,7.653897951214846951e-02,-4.687263425479524376e-02,-1.682649475252810944e-01,-3.708532221947740681e-01,-2.601008853365633366e-01,-3.602116520173083147e-01,-2.515264286112727232e-01,-3.661308959351018966e-01,-3.831714333527241334e-01,-5.194112631386017531e-01,-3.748758855357839925e-01,-4.545864577771757120e-01,-3.229972348173943408e-01,-3.714413215500960153e-01,-1.999904374088565528e-01,-1.929491827968985440e-01,-4.421327765780267427e-01,-3.895863382447863899e-01,-1.924662719441544712e-01,1.295539848114177217e-01,-1.078214026727442182e-01,-5.538652790284407518e-02,3.161233255504466433e-01,1.968969391739515129e-01,2.443242037150666554e-02,-9.616301030369195368e-02,-7.520499804763763896e-02,-1.981958578042697094e-01,5.281658153304273906e-01,5.813688849221844146e-01,7.610706914550278979e-02,4.092868697654774568e-01,3.250786921562845988e-01,-1.548518196814063497e-01,1.311844066013754251e-01,1.693184263162508252e-01,2.190933069830821867e-01,3.149614707265178670e-01,2.165385013825913141e-01,2.157926192734024584e-01,2.262397500976181253e-01,-2.044003856911761133e-02,1.457179513742240251e-01,-1.948298257217764007e-01,2.312186725529727649e-01,1.999107491493278266e-01,-9.239056809760218258e-02,-1.728103658487994965e-01,2.312075161966387418e-02,2.330881591215166193e-01,2.117811122887265085e-01,2.100295643442851579e-01,2.632804468917594454e-01,-9.491827968985329378e-02,6.853190319470232222e-05,-1.955263011100574488e-01,-2.940401150698467858e-01,-3.244109045414338838e-02,-2.733116050012351916e-01,-7.887703304672122329e-02,-2.205356644805520905e-01,-2.005960681812748447e-01,-7.414195666552446384e-02,-5.967535003067998139e-02,1.659109563388026093e-03,3.641753460462669734e-02,2.446907697088987824e-02,1.584521352469140873e-02,-1.676640980484345178e-01,-1.249942226011841739e-01,1.278279371100255746e-01,1.231821115795009997e-02,2.822685653722636911e-01,-2.316697081019053472e-02
1.900469363848624194e-01,-4.099164070157543943e-02,2.327678123182111702e-01,1.641195642645968955e-01,1.000996103244109064e-01,1.631218672552972870e-01,4.760098494688777548e-01,4.462622221868052241e-01,3.760297715337599378e-01,2.716620580289905718e-01,0.000000000000000000e+00,5.608125014941548470e-01,6.213389221366015791e-01,3.890731458534213982e-01,3.183306903393923193e-01,2.577182063766545461e-01,4.539362015794212724e-02,-4.426842193339654979e-02,3.749013857788331960e-01,3.089003817067631497e-01,2.321510251894588484e-01,4.717544964100438970e-02,2.178884204990078899e-01,2.301859127094805224e-01,5.457370765565109499e-02,9.941907258803560354e-02,1.107873996924033239e-01,4.774761134442062627e-02,3.172230235319430380e-01,2.645761779916964707e-01,1.881901999378431667e-01,2.057821801114042004e-01,-5.466614603670441174e-04,4.339025731339001685e-02,-1.172102734104184391e-01,-1.093482297253145670e-02,1.222099148132505669e-01,5.037413637848735942e-02,-1.004964578568639522e-01,-3.009347432842719369e-02,1.293818581708356952e-01,1.553777621942959153e-01,-1.120799432619592195e-01,-1.513726302703822524e-01,-4.801249511909410628e-01,-4.024528046282941363e-01,-2.649602754026249563e-01,-3.694586776530213723e-01,-2.932368574137972361e-01,-3.427854234235669928e-01,-1.611057542892205818e-01,-2.315820510164237622e-01,-5.572281235805529032e-02,-1.184868793280685895e-01,-1.409159368550231550e-01,-2.423734351218035099e-01,-9.275713409143430954e-02,-2.026615878682593574e-01,-1.348373164181721207e-01,-1.759070516140857077e-01,2.994270414139884595e-01,1.397222067272828605e-01,1.633896198073137851e-01,9.596378965487015189e-02,2.271274773087680887e-02,-8.700045422307930987e-02,-3.635442150307995335e-01,-4.191634326514674380e-01,-6.908175218545051233e-02,-2.305891353026958412e-01,3.479077847460733675e-01,3.793336467738208095e-01,2.703041700866211650e-01,2.429503781207914548e-01,6.054713958992421347e-02,1.489756074237582606e-01,3.364199252524125439e-01,2.563650997298568268e-01,-7.702029659970197062e-02,2.138832885750942270e-02,1.606116870801424790e-01,-4.731888850815609004e-03,-1.706603766067145422e-02,-1.056682259002781066e-01,1.467809927563372141e-01,-1.324817314665030499e-01,-1.202017706731267344e-01,-1.218290049327032665e-01,7.560025181490011292e-02,-8.859262564846320798e-02,6.560096900923587104e-02,3.162030138099753557e-03,-3.863286821952521821e-02,1.939134107371960972e-02,-2.160029962785582971e-02,-1.283427232665811379e-01,7.118392847181824468e-02,-6.585915897010893860e-02,1.214369386958219499e-01,1.146969057048825014e-01,-2.727410370630094921e-02,9.538684665588218620e-03,-1.042354309939516610e-01,-9.974898198248452474e-02,-2.211715767915913011e-01,-9.715911354780100428e-02,-1.009522747013682498e-01,-9.784443257974802244e-02,-1.759341456223254552e-01,8.447114886563762692e-02,-1.167592378614858706e-01,5.450836328283754223e-02,7.451011642454717643e-02,-2.292471850122321589e-02,5.994629011307763683e-02,-2.757930974029595972e-01
3.573364996135119376e-01,2.449330220178660977e-01,3.053701918096407009e-01,5.068715186191617983e-01,-6.458574058283993169e-02,4.511152371921044874e-02,4.282064563427870341e-01,6.140139773207213825e-01,2.010582600865414571e-01,1.077959024296950286e-01,5.608125014941548470e-01,0.000000000000000000e+00,4.470861987903322343e-01,5.598259608411892962e-01,-3.060029165902987663e-03,1.227597638039987504e-01,-4.550358995609177226e-02,-6.052163934687502383e-02,3.656942042728844600e-01,4.616229310935620056e-01,-3.571627792077393393e-02,4.680410235160054055e-02,3.187530381148945269e-02,2.725513790053311625e-01,1.079935293133262725e-02,1.575261576711902978e-01,3.490823896915267593e-02,5.917172023045844803e-02,1.055646311628907763e-01,1.912040099132194804e-01,7.192662305062594817e-03,1.729506171855700603e-01,-2.125987138314912039e-01,1.043756823307222074e-02,-1.818661396616436388e-01,-1.213285626628628766e-01,8.582903680800707535e-02,1.612412243304194026e-02,-9.690889241288080935e-02,-1.028552303389141664e-01,6.734295436253376343e-02,5.208105889759261781e-02,-2.332252229279060396e-01,-2.610459880945740219e-01,-2.247416108184781269e-01,-1.508849381220664643e-01,-3.307875590689223766e-01,-3.642008462893162046e-01,-2.620325287475396281e-01,-1.902142817298727306e-01,-6.900684522149351519e-02,-1.014144666066348482e-01,-1.519400106782267668e-01,-2.799289180725003656e-02,-2.427065320466335607e-01,-1.915578257855270194e-01,9.017523448270366518e-03,-3.103379579086613244e-02,5.040282415191769949e-02,4.540318274908557855e-02,3.019515654758584411e-01,3.446947541218752242e-01,-7.853756106112885771e-02,4.813011499015849848e-02,9.281929093386671881e-02,2.000191251822868999e-01,-1.943740088772721031e-01,-1.522635450119133871e-01,1.887512052849253663e-01,-1.635203085529408906e-02,2.967431408330610809e-01,2.475818597646008701e-01,2.355728390536222239e-01,1.171003036122688079e-01,-9.758305508849381138e-02,1.901345934703440044e-01,3.095123875399437563e-01,1.656352349608332108e-01,-1.357075122122257671e-01,-5.060523233112065866e-02,-7.737730000239064800e-03,-2.992294145303572503e-02,-1.996461841276924720e-01,-1.517407900294049650e-01,-7.597478663468511424e-03,6.724095339033700491e-02,-3.862968068914406777e-02,-1.050737514841938308e-01,-5.903784395445019206e-02,-7.967232187681789687e-03,1.780395094390743380e-02,-1.818533895401190648e-01,-6.651897775900676713e-02,-1.308560909721170895e-01,-2.729912581979296871e-01,-1.791121134123309644e-01,-3.223358222633059267e-01,-2.107818215142363005e-01,-5.590609535497135379e-02,-1.992238363521902367e-01,-9.838153144897161806e-02,-4.772211110137143664e-02,-7.586322307134490094e-03,-1.255185713488831678e-01,-3.171672417502729435e-01,-3.379818151391755232e-01,-1.240746200862226888e-02,-1.259313565332419449e-01,-1.252587876228195285e-01,1.853995170891472588e-01,-1.257034481109897961e-01,-2.224561515351943242e-01,-1.856752384671166434e-01,-5.562718644662081879e-02,-1.366940528651913733e-01,-3.357760441154205022e-01
-9.775836925945700917e-02,-3.082437504482464785e-01,5.685327000772976147e-01,2.859740694403493655e-01,4.783128401692578469e-01,4.206599781654168924e-01,5.816222935874857392e-01,3.318059750256994733e-01,7.013618723553458612e-01,4.791670983114058036e-01,6.213389221366015791e-01,4.470861987903322343e-01,0.000000000000000000e+00,7.049159687303269139e-01,6.560144713879304534e-01,6.238475085465657877e-01,-2.313541425941716134e-01,-1.334395843460383091e-01,2.537290121046466007e-01,1.885918287658679138e-01,4.792085362063607246e-01,3.158348540509526847e-01,6.436436659786913816e-01,6.323566208990429871e-01,4.819035931436221332e-01,5.181155320386647833e-01,3.399373650280104187e-01,3.085704723123142146e-01,2.704890468487277655e-01,2.225756839244873997e-01,4.278892970698626730e-01,5.058817904358150486e-01,1.415566304616340809e-01,2.832088868347026334e-01,3.741459410785009099e-01,3.886189227741077001e-01,1.904565340388400529e-01,2.421885583596968539e-01,6.460805329550797782e-02,-1.220346006422873691e-01,5.408442174214472820e-02,1.676226601534795968e-01,5.806724095339033803e-02,-8.501143526524236604e-02,-2.487835587182940233e-01,-4.322036194407478105e-01,-2.381244571237319529e-01,-4.360955940361306293e-01,-3.435679621321390820e-01,-4.411860800548255135e-01,-2.597088190996820201e-01,-3.861804620325287596e-01,-3.518539473579357368e-01,-3.884563587246691041e-01,-3.085194718262158631e-01,-4.195969367833037311e-01,-3.482456629664751335e-01,-4.075831347767533419e-01,-3.649786037023165508e-01,-4.695614755078134084e-01,3.403804317509901561e-02,3.831252141621974833e-02,-1.253767262469220323e-01,-1.663619918877351778e-01,5.563595215516897730e-01,2.206982285299906865e-01,9.869072189594306488e-02,-1.708866912637761193e-01,-1.919722047350763683e-01,-3.675302217724262799e-01,6.402935715481038459e-01,6.383204902421726334e-01,4.107626963319493951e-01,4.423367785224203153e-01,1.583086963797623592e-01,2.331407533728055981e-01,4.869797352756018438e-01,5.061941684131676666e-01,1.394385165233606207e-02,1.680609455808875774e-01,1.868498434125700214e-01,1.522348572384830678e-01,1.329200168939110270e-02,-9.170365530046457880e-02,4.090860553514650833e-01,-8.647769924057088775e-02,2.540366087864274758e-01,2.155089290694801873e-02,-5.506458733434803007e-03,-2.876841794898357674e-01,5.362541736725928015e-02,5.952234857238482973e-02,6.076070412546119570e-02,1.384758823482536427e-01,-8.007873200041437656e-02,-2.364765039166779603e-01,-9.294838591430325259e-02,-2.328761883511702158e-01,-1.589430149256109981e-01,-6.904987688163902182e-02,-2.928352285857724335e-01,-1.176262461251583735e-01,-2.409183275028090043e-01,-2.935444540955781112e-01,-2.218218329893456853e-01,-6.427495637067791312e-02,-5.673804078445122967e-03,-7.431089577572536076e-02,-1.062897943246021576e-01,1.471427774545976119e-01,-1.466550853062818238e-01,-1.913219485373219841e-01,-4.274956370677907708e-02,-1.498776785216234149e-02,2.830766043238849838e-01,-2.662113810772259170e-01
