0.000000000000000000e+00,4.019941140074294039e-01,-3.572007516170497277e-02,-2.586115176408539940e-01,6.111797328243403354e-02,-1.185189582386772349e-02,1.079912965850740592e-01,-1.557687521832740174e-01,1.735956839098698745e-01,2.687282100692026370e-03,5.200929703714020080e-01,1.476817910952101520e-01,4.919507110909178138e-01,4.502624495135722910e-02,1.944089920066485733e-01,-7.243789227583341539e-02,1.659859037555737674e-03,-1.495996474797312292e-01,3.674818317355001973e-01,9.055706878483249511e-02,-1.089867553751349971e-01,-1.653260698328040124e-01,-8.519163723289854828e-02,-3.073935646785649900e-01,-2.038338862391521344e-01,-3.610707118215297773e-01,2.029936824897428937e-01,2.371520745954807177e-02,1.253067999424642975e-01,-1.093977246003895037e-01,-3.219966711492754374e-01,-4.201087241917034198e-01,-2.785663566893232246e-01,-4.871286721812648213e-01,-4.446938165113735741e-01,-4.105651055163485608e-01,-8.711862626686971145e-02,-2.068659258565854475e-01,9.005477306507697621e-02,9.579464324446504420e-02,1.048656473107772123e-02,-1.350490537433588455e-02,-2.960416814120902518e-01,-5.385751696960425910e-02,-4.169853580797691084e-01,-3.245309813716782954e-01,-9.141553783314192161e-02,-1.340513117909353791e-01,-1.782989983766715691e-01,-9.520787051729610135e-04,2.607942208594279943e-01,1.422980942443760055e-01,1.460607458178173335e-01,3.108982189050410114e-02,9.312334328031068864e-02,1.511225167755354641e-02,4.015740121327248113e-01,3.701394327254793892e-01,4.222046672405014855e-01,2.972243595158782781e-01,2.439673142476180834e-01,-9.852530543004504870e-02,3.128092258024744998e-01,-1.160143291269872118e-01,-1.162061147654393084e-01,-4.445933573674224482e-01,-2.841235738797093235e-01,-4.891013244624864975e-01,1.183385884120377457e-01,-9.743395382075806244e-02,-8.253631940528187438e-03,1.118087440552160000e-01,2.111674037475826937e-01,1.317453178047850448e-01,2.527232419079018105e-02,1.961464785645301509e-02,9.524211795273397618e-02,1.895253077132074207e-02,4.540981622826144315e-02,5.183006879168198383e-02,-1.599012760594444027e-01,-1.199139704421800512e-01,-1.125987182326496777e-01,-4.823637123306749597e-02,1.200372612097564129e-01,-3.052816394932292982e-02,2.478372744520981191e-02,-6.439202811029501317e-02,2.622828427197943513e-01,1.111900070549716978e-03,-2.378347401418757223e-01,-5.813159691225121967e-02,-2.715113849891207520e-01,-1.023290539260118398e-01,2.521752829408957855e-02,8.931502845961884762e-02,-5.471141969318864262e-02,-1.674242960439645614e-02,-9.472155693407825761e-02,1.251698102007128000e-01,-1.834817769396035192e-01,-6.017274406434864470e-02,-1.886006269563847426e-01,-6.285774300267814307e-02,-1.005710189068675237e-01,-4.924552899730358368e-02,-5.644662308870770917e-02,-1.246903461045825307e-01,8.226005675941633344e-02,-7.828963741098520640e-03,-7.948829765131087965e-02,-2.225649502613079311e-01,-5.992616252919594211e-02,-1.239414688496743022e-01,-1.729335668247375946e-01,5.704937795241433324e-02
4.019941140074294039e-01,0.000000000000000000e+00,-1.417820995504453230e-01,-3.188892871738788215e-02,1.827214838728826590e-02,6.363173504357414953e-03,3.004869985319266051e-02,-7.800880844039462247e-02,1.003929322425905629e-01,-1.344805463150900993e-01,2.599631497594688256e-01,2.636573064620344464e-01,1.772076467673845690e-01,1.171559103082497472e-01,6.134172319396149348e-02,-1.704631851484854632e-01,3.085237300480149145e-02,9.136530826116637249e-02,1.971305215427784641e-01,4.562237864421252453e-01,-1.456497765925628407e-01,-1.979707252921877048e-01,-1.301630862875551714e-02,3.621780455673544175e-02,-1.083611688878031165e-01,2.888428704830486513e-02,1.144252481226697427e-01,-1.873334718451833206e-02,2.017790401128795597e-01,1.476361278479596528e-01,-3.630456472651139715e-02,1.792282454582192711e-03,6.917753642214759247e-02,-2.967426122573854630e-02,-2.621686846016680894e-01,-2.421910139295735676e-01,8.637431533668653294e-02,-5.085744162524629547e-02,5.395797611355536427e-02,-1.262200648874743369e-01,2.275559431857877846e-01,2.963019619214181111e-01,-2.312866304861537492e-01,-3.758313564952544400e-02,-1.111603259442588698e-01,8.580352474605526525e-02,-3.087977095315179096e-02,-3.497576423152179426e-02,5.702654632878907670e-02,8.231941898084198239e-02,2.345492695022021248e-02,-7.722796691241104461e-02,1.650155597515006178e-01,-8.568708346556649230e-03,1.701115781446566055e-01,1.239688667980246017e-01,6.040813810392497984e-01,4.718954128984974572e-01,8.799536061407935150e-02,-1.068816796768868593e-01,1.835320065115790544e-01,-2.676094605115653460e-02,1.113977748299614795e-01,1.076031589834447882e-01,1.514878227535394750e-02,-1.879202445723522630e-01,-2.328346145679457690e-01,-3.056355296594206461e-01,3.475087273881307670e-01,3.832539173358234796e-01,-1.287315434862519314e-01,4.511757144585822749e-02,2.098614348762183612e-01,2.276929329275392822e-01,2.603946674459860916e-02,5.911792305286205779e-02,6.654276705579363627e-02,-6.943096744438787687e-03,9.146120108039243468e-02,-1.177130019247058651e-01,9.375806241709266908e-02,2.882286998075294093e-01,7.774167844397919004e-03,1.098178264750941241e-01,1.278959060615677545e-01,5.715440342109048139e-02,-2.448691633808154980e-02,2.276541191673763648e-02,1.284712629769240722e-01,-1.568555374678359537e-01,-1.748514232092586718e-01,-2.473007312969047189e-01,-1.356312601458027622e-01,-8.937439068104449658e-02,-4.709479005180495365e-02,-3.376112185465845322e-02,1.549285484338647767e-01,1.272406384635230495e-02,-2.334784663541778493e-01,-2.652509537910769377e-01,-3.591414396251960735e-03,-1.104365634753384263e-02,-1.020322428188835812e-01,-1.816141501270579772e-01,-1.047674713291886356e-01,-2.560224115217505370e-01,3.927724212251906127e-02,1.266447330869040211e-01,1.682850482546365267e-01,1.349577272488578471e-02,2.963316430321309355e-02,-2.285057387285981956e-01,-2.790914840327040070e-01,-7.301324919118973300e-02,-1.347819237469434217e-01,1.476224288737844892e-01
-3.572007516170497277e-02,-1.417820995504453230e-01,0.000000000000000000e+00,1.844270061576888942e-01,2.453737422629335418e-01,1.603624748566744862e-01,4.056060768649440984e-01,-1.933587373198870363e-01,2.289258406033028159e-01,7.418679464552763170e-02,-1.653717330800545116e-01,-5.774414425933070971e-01,5.766126546557105020e-02,-3.397003121082949328e-01,1.405446255499567254e-01,1.023610181990871892e-01,-4.272025096520688792e-02,-1.121238204612444583e-01,3.067497128923329375e-01,-1.130918813029550968e-01,1.747189997922322380e-01,-2.765137937254132094e-02,6.232188479619351629e-01,4.499884700300692264e-02,4.565616944717789671e-01,2.936991568281395182e-01,8.873053889481243017e-02,2.080623029345485819e-01,-1.958428179703143313e-01,-2.953339010797074726e-01,2.513145307302238063e-01,1.417227373290196879e-01,-3.166746196822294804e-03,-1.817374408946343389e-01,4.500318501149572215e-01,8.600900935868252550e-02,4.172022585042090004e-02,1.925139672457527595e-01,-6.951087812707625047e-02,1.376975220838879549e-02,-3.173527189038994334e-01,-1.057994607170499729e-01,6.390571452707716205e-03,-1.952126651582573869e-01,4.389836274426983653e-02,-1.224345816904077455e-01,-1.029957373358691697e-01,-2.355972410266011230e-01,5.959053766190475611e-04,-9.393158275664457990e-02,-6.298103377025450478e-02,-1.116032594425887398e-01,-1.645726262531707340e-01,-1.702622668605832668e-01,-2.919365554842701660e-01,-2.420083609405715708e-01,-4.021333869115434334e-02,-9.424665916267303822e-02,-2.708972143136014962e-02,-1.788606563178527231e-01,1.648877026591991923e-01,-2.778585763569404454e-01,-1.811894819276283208e-01,-3.582213251930984610e-01,5.532810184730666547e-01,1.806506556100724026e-01,5.502444125309082779e-01,4.291660292838404833e-02,1.785547125612743646e-01,-2.176744164807792037e-01,2.624928936571466198e-01,2.142314076380913701e-01,-1.915801538394799886e-02,-1.634721419944336618e-01,-2.335903413099415724e-02,-6.416827819876755323e-02,2.096627997506786759e-02,-3.324969348545282755e-02,-8.392219895933460128e-02,1.217268013580249664e-01,-1.299461858631152933e-01,-8.796339634100400207e-02,-2.330081349074976660e-01,-2.191150919315325296e-02,2.812376566534776079e-01,-1.662621664014393152e-01,2.722671117311165415e-02,1.203934345383103205e-01,-2.604403306932365908e-02,-2.107427355481530373e-01,-1.358687090315053581e-01,1.302521296196936518e-01,-2.260102422663582897e-02,2.888200388594234103e-03,7.874855304585275106e-02,9.554349538458728475e-02,-2.981924203575889165e-01,-9.706864784275404112e-02,-3.625502010324460067e-01,1.730408754557762746e-02,-1.267451922308551193e-01,2.272431499421218373e-02,-2.950279573231291419e-01,-9.515079145823296392e-02,-1.760318181506841540e-03,2.774521734564109887e-01,-4.682994321775204444e-02,-1.989661840822486427e-01,-1.498051320923584895e-01,7.009080136715761800e-02,-1.577825013870211290e-01,-4.619065775624502102e-02,-8.994518127167577815e-02,2.142291244757288382e-02,3.812652829180641217e-02,1.747600967147576734e-01
-2.586115176408539940e-01,-3.188892871738788215e-02,1.844270061576888942e-01,0.000000000000000000e+00,-4.415864325359769582e-02,-1.882124893547554856e-01,4.876446668751954761e-01,6.259358111733399621e-01,-4.061060894223370715e-02,-1.339645516211594445e-01,-1.832488943786259594e-01,1.053428282445449532e-01,-1.593167864946379852e-01,1.914454472600909951e-01,-3.600615540572936757e-01,-2.416978508592681485e-01,-1.742395356961019548e-01,-5.042820710109158222e-02,1.931327042459970306e-02,4.663815757929993394e-02,-3.234624613860165310e-01,-1.605040309231510476e-01,1.799794058754900228e-01,3.222523853338782329e-01,1.909933811123110392e-01,3.413396226845879511e-01,-3.083524928708255008e-01,-2.611458278632568519e-01,-1.567687772980599914e-01,-6.915013847379729295e-02,2.543283050487569197e-01,3.179783053912312862e-01,2.640134797905883679e-01,3.273529700517592844e-01,1.991168727981753039e-01,1.898700652299487035e-01,-6.465687494434792237e-02,-8.645650918173744537e-02,-9.327859832096239978e-02,-3.088136916680556121e-01,-5.498996550141670159e-02,-6.223215651534627635e-02,1.315900627641333476e-01,-3.784341615885330329e-02,6.058371328960316521e-02,1.026623956309404978e-01,-9.947510097285548747e-02,-1.689699969633940702e-01,1.478005155380614499e-01,2.781120073791807507e-02,-4.985741651046030759e-02,-2.204849893490475748e-02,-7.757957391623990229e-02,-1.054843843110215146e-01,-2.582096810650496010e-01,-1.276858551242154582e-01,-1.304941448301213114e-01,-1.716732612006237613e-01,-7.094927041546705837e-02,-1.798652477573637609e-01,1.406861816164332868e-01,3.015988986024762952e-01,-1.726687199906846992e-01,1.777053761624150241e-01,1.484991632209941292e-01,5.781035596784394048e-01,2.947539778396260912e-01,4.390589718006616682e-01,-2.550771823036651620e-01,-1.713353531709700395e-01,2.347775857384546208e-02,-1.511704631851484848e-01,6.188054951151741173e-02,1.887033692626983658e-02,-8.056138396169766624e-02,-1.033747422880483269e-01,-5.049670197196733101e-02,-1.652324601759404960e-02,4.893958524072522520e-02,-1.332156743662512022e-01,-1.106306322761530514e-01,-2.246860080960937436e-02,-3.945966679528481458e-01,-2.306336460504715968e-01,-1.270739676110587135e-01,1.257862640385945807e-01,-2.564881766437056565e-01,-1.343800871711390010e-01,-3.201336106614549593e-01,-1.086990769174568244e-01,2.091216902707602188e-01,-7.391738148674967257e-02,1.611204847610328006e-01,1.081465516257257564e-01,-1.376130450764745106e-01,-1.167951706549707896e-01,-6.420480879656795259e-02,-1.420423800597731823e-01,-1.431793949163106816e-01,-1.376998052462504729e-01,7.563888590809357548e-02,1.643488763416432741e-01,-2.454650687574345402e-01,-2.049298041731641706e-01,2.357365139307151386e-02,-8.308427837228788207e-03,-5.098529871754770015e-02,-1.140599421446657352e-01,2.968796019991369606e-02,-1.291699106598567515e-01,7.570738077896933815e-02,-8.968490076234791886e-02,-3.092429261922103323e-01,-2.191767373153206966e-01,1.323617716426668256e-01,2.985211957377925107e-01
6.111797328243403354e-02,1.827214838728826590e-02,2.453737422629335418e-01,-4.415864325359769582e-02,0.000000000000000000e+00,5.504088002210101305e-01,3.450543278484163173e-02,-1.718148172671003227e-01,5.799848854651601382e-01,5.614045101589308917e-01,4.673633356088851935e-03,-4.491916463655479808e-01,8.705926404544406250e-02,-2.765845717586514763e-01,4.485797588523912638e-01,3.500932671825091602e-01,-4.581233775277461229e-01,-6.274815120927694501e-02,9.805040765863982932e-02,-1.268639166737064172e-01,2.283276520643212626e-01,2.851464306181205610e-01,2.788038055750258759e-01,2.819477201482228912e-02,4.293098685126795488e-01,1.406998805906084504e-01,6.961521864704364182e-01,5.360066120382018795e-01,-3.243802926557516342e-01,-2.485290726479432166e-01,6.750169524805417487e-02,-3.586163122818152721e-02,-1.465584752128478163e-01,-2.211722212201676363e-01,1.480790613462895089e-01,7.710010982010963299e-02,6.509067579322767860e-02,2.368073170787394210e-01,2.054412325423697894e-01,3.276041179116370716e-01,-1.368755836333789173e-02,1.673991812579767868e-01,-2.275970401083132200e-01,-2.864934964120103289e-01,-1.856964444312528273e-01,-1.573030372908908736e-01,-2.097792410311674627e-01,-2.199941094411046738e-01,-1.609286991225807040e-01,-1.791620337497060456e-01,-1.187130270394918530e-01,-1.306585325202231085e-01,-7.273926970768672395e-02,-2.640317450894885676e-01,2.233161106785786984e-02,-1.448917666882044986e-01,9.623301041806986422e-02,5.155608930817897478e-02,-5.567034788544918122e-02,-1.771071876234334708e-01,1.492343415017272079e-01,-2.173730390489258812e-01,-4.219512362182611942e-02,-4.499222583215560234e-01,3.642260422065394243e-01,7.868919082442710211e-02,2.208297468657888785e-01,-3.218573982451614079e-02,2.698812070622778059e-01,-1.883837265319448714e-02,3.418601837032436697e-01,3.136265979282584770e-01,-4.230928173995237435e-02,-1.208318017119151405e-01,1.150554009347266732e-01,-1.542276175885695828e-02,-1.071008632636892693e-01,-3.412574288395370803e-01,-9.829242286906748893e-02,1.419145229674717845e-01,2.733972771005664382e-01,1.415492169894677632e-01,2.912470404507875865e-01,1.919523093045715778e-01,4.222594631372020846e-01,-1.207176435937888787e-01,5.537239519713965663e-01,5.165312370858629043e-01,4.117066866976111239e-01,-1.145120082924457050e-01,-1.143658859012440937e-01,-7.975771081008883878e-02,7.047893896878688891e-02,-1.815228236325569788e-01,1.658717456374475194e-02,7.863439492772648920e-02,-2.974846400252061374e-01,-9.708691314165424080e-02,-4.477669530513323504e-01,-7.724623221131124429e-02,-2.663765528358017984e-02,-8.943375290247015941e-02,-2.158981161627346879e-01,-2.744886287098534661e-01,-5.706764325131453292e-02,-6.091705499453182321e-02,-1.150097376874761740e-01,6.408836751607916750e-03,-8.455235177139151792e-02,1.280146305044190524e-01,-3.620707369363157513e-01,-6.261116146752543354e-02,-2.144460249001687302e-01,2.108043809319412251e-02,-1.645086977070200351e-01,-1.774245471918244402e-02
-1.185189582386772349e-02,6.363173504357414953e-03,1.603624748566744862e-01,-1.882124893547554856e-01,5.504088002210101305e-01,0.000000000000000000e+00,-3.919961460219320570e-02,-1.811849156029032570e-01,5.244446778343748727e-01,6.135245405706536426e-01,-3.317206596512697891e-02,-3.317138101641822212e-01,-2.171287406761356845e-03,-2.583558034562511985e-01,5.494864026265500190e-01,5.406596969330279556e-01,-1.538463294740278764e-01,-1.356677907436031616e-01,5.685074282687465263e-04,-1.545404108322355197e-01,3.567874992294327030e-01,3.806602448919950143e-01,7.904993047770605963e-02,1.476521099844973345e-02,5.091223752194690144e-02,2.015507238766270359e-01,4.853706371621205329e-01,5.326183990922146450e-01,-1.450196237805058963e-01,-2.438896867272922486e-01,7.959788944471207772e-02,2.169232560635084295e-02,-6.823230720406220362e-02,-1.702554173734956849e-02,1.003381363458899639e-01,2.194050535515732203e-01,4.945557993465589386e-02,1.142699930820180454e-01,1.977424090559351810e-01,3.838429732253549886e-01,2.350515652219576160e-02,1.880115710668532891e-01,-1.820388183264876614e-01,-3.472164826057275167e-01,-9.959382541570678538e-02,-1.230693008271897260e-01,-2.533374125834210178e-01,-1.990164136542242057e-01,-2.685158759694878383e-01,-2.731050323181632433e-01,-3.315402898246302965e-01,-3.459379116827134837e-01,-2.981787213834137251e-01,-3.002472664838614635e-01,1.742030050983015554e-01,-2.822673628789764202e-02,1.433757468794878420e-01,3.142316359543276261e-02,-5.034601325604067673e-02,-1.927833804045307187e-01,2.303482507551559560e-02,-1.801255282666916202e-01,-1.408711177677978224e-03,-2.728584507830105199e-01,1.390468710401402685e-01,-1.484740484350063547e-02,-5.422510610997079497e-03,-1.368687341462913321e-01,1.691435173029459671e-01,8.335597469342836963e-02,3.004984143437392508e-01,3.770208840861299926e-01,-3.363783108708209846e-02,-1.013975236821016007e-01,3.326681720317176683e-01,2.030530447111685566e-01,-8.775791172837674181e-02,-2.129437040656272095e-01,-8.624645824438513519e-02,1.397181207747226483e-01,2.483601186331163557e-01,1.265260086440526954e-01,4.305382098637180466e-01,2.836395434588540043e-01,1.879887394432280256e-01,-1.776323149668142254e-01,6.655943414104007472e-01,6.136523976629549848e-01,2.893657146640669087e-01,4.661989228039973426e-02,3.082497505645118846e-02,-5.712700547274018187e-02,1.571797465233145119e-01,-5.223190536748639756e-02,-4.984143437392262940e-03,-2.097997894924301734e-02,-2.850003082269189636e-01,-7.797227784259422312e-02,-2.871282155487923093e-01,-1.060049453296772332e-01,6.847203925212733307e-03,1.071236948873145189e-01,-1.660247175157366917e-01,-7.581240624764548630e-02,-2.170488299934473231e-01,-9.147490005456758444e-02,-4.092111902353712249e-02,1.016943347892298732e-01,-9.626040836642016374e-02,1.490745201363504469e-01,-3.072200443390130653e-01,-1.492389078264522717e-01,-2.017516421645292324e-01,1.741756071499512559e-01,-3.293393213071560965e-01,3.132270445148165744e-02
1.079912965850740592e-01,3.004869985319266051e-02,4.056060768649440984e-01,4.876446668751954761e-01,3.450543278484163173e-02,-3.919961460219320570e-02,0.000000000000000000e+00,3.180102696643066218e-01,3.225035331937560201e-01,-8.825564112340721079e-02,1.917879216144697807e-01,-3.324056083600272771e-02,3.676325204514268585e-01,7.586720214434608534e-02,6.513177271575314176e-02,-8.948854879917075844e-02,-2.284463765071725605e-01,-3.619839767665398167e-01,3.033204030238202398e-01,-2.343369354024872897e-01,-3.797972095189605102e-01,-3.029368317469159910e-01,3.847516718456399643e-01,1.777875700074659504e-01,1.865960104020877308e-01,2.179894928868076620e-01,-1.509649785725212245e-01,-1.838470829176075128e-01,-1.660658144382621548e-01,-2.987586446234951065e-01,1.721481589720289807e-01,1.138909881298388743e-01,6.513862220284070970e-03,-6.392169666361484370e-02,1.252748356693889620e-01,-1.198409092465792525e-01,-1.255853457506923565e-01,-2.251586227051364242e-01,-6.360662025758637150e-02,-2.721369714764526049e-01,-3.847356897091022687e-02,-1.723536435846562409e-01,4.277504686190749389e-02,-3.025875079054496722e-02,7.217076227941797602e-03,-8.546105039167650741e-02,-8.287651059729810032e-02,-2.170122993956469237e-01,1.796414978458363010e-01,4.872496797864786511e-02,1.742760662939023542e-01,-4.723862928064403652e-03,8.881501590222585629e-04,-9.848877483224464935e-02,-1.595725006792408085e-01,-9.420099591542253903e-02,6.828253677603775273e-02,-9.592706666149149186e-02,1.626319382450244211e-01,-2.258801020116943670e-01,4.775439565833844990e-01,2.309418729694124803e-02,-9.575354632193959492e-02,-1.278730744379425188e-01,4.225608405690554070e-01,2.641459032076148294e-01,3.341156969695586176e-01,1.328115546280842635e-02,-1.769062693355312466e-01,-1.963222820664445867e-01,-2.730433869343750625e-02,-2.292979960683944052e-02,-2.819933833954733904e-02,-1.587094653062063321e-01,-1.857284087043281906e-01,9.828785654434243901e-02,1.223478215206317971e-01,-3.492553465954624514e-02,1.227953213436867169e-01,-2.333460429371513878e-01,-3.236405480502935195e-01,-3.221793241382774342e-01,-3.917929445716673009e-01,-2.229987511101876874e-01,2.147793666050973882e-01,-1.339554189717093446e-01,-1.640931621570404786e-01,-1.124708611403482800e-01,-4.806285089351559209e-02,-2.002127907321873401e-01,2.471317772820778580e-01,1.431063337207098829e-01,1.347316941749678587e-01,2.533739431812214726e-01,-1.695773181518257233e-01,-7.512289121416290683e-02,-1.373801625154969508e-01,-2.159072488121847877e-01,-3.678608366876793823e-01,4.385726582174438032e-02,1.942674359401720119e-01,2.188205639867668029e-01,-4.371000184936151278e-01,-2.633604953549061878e-01,-3.482964184032018989e-02,2.331337088374365457e-02,-7.863439492772648920e-02,-2.368940772485153834e-01,-5.455616465253693842e-02,-1.408140387087346845e-01,1.924957019468525599e-01,-1.108315505640552617e-01,-2.334008388338519868e-01,-4.617125087616355539e-01,6.637837936569183916e-02,3.930030206238055990e-01
-1.557687521832740174e-01,-7.800880844039462247e-02,-1.933587373198870363e-01,6.259358111733399621e-01,-1.718148172671003227e-01,-1.811849156029032570e-01,3.180102696643066218e-01,0.000000000000000000e+00,-6.491030596658820505e-03,1.322635956610782385e-02,-7.293105534613883445e-02,3.655411437273538566e-01,-3.916308400439280635e-02,5.561121398025977713e-01,-3.371614355611670666e-01,-2.044412074275837876e-01,-1.428186552630317241e-01,-2.643217067095292305e-02,-6.784416960243293271e-02,-2.275627926728753317e-02,-4.910054818728324388e-01,-3.638219224683725272e-02,-2.450723648310802194e-01,1.647370139432725589e-01,-2.927721929089543429e-01,2.798472107746998241e-02,-3.401660772302500524e-01,-3.542897196048302444e-01,-3.793017632862925870e-02,6.995381162540612041e-02,-2.394809002052562807e-02,1.849840977741450121e-01,1.949615172983796274e-01,3.998616403608309944e-01,-5.186203306475733327e-02,1.298776909922395306e-01,-1.162974412599403207e-01,-1.803036149309685809e-01,8.822367685033186135e-02,-2.389671886736881579e-01,-6.895835283534518245e-02,-1.720819472635157568e-02,-1.566477696928461616e-02,-6.640121098931708876e-02,-3.571094251225487293e-02,1.123932336200224175e-01,-1.428232215877567601e-01,-1.603122452846989232e-01,4.633221382272157546e-02,1.284735461392865971e-02,-1.075529294114692391e-01,-3.668356967869056129e-02,-6.125952934891058799e-02,-8.566653500430376766e-02,-2.095417921454648391e-01,-1.424305176614024671e-01,-1.338275618794079191e-01,-2.813997611812168662e-02,1.189002463532189136e-01,1.385080447225843503e-01,3.261611592985211860e-01,7.318425805214285873e-01,2.671528280390603541e-02,3.855507786725237418e-01,-2.067837320115345490e-01,5.554180584443901836e-01,-1.069364755735874584e-01,2.521684334538081829e-01,-2.897949491882216289e-01,-1.123841009705723176e-01,8.973513033432346797e-02,-8.222352616161593408e-02,-1.139526335136270552e-02,4.961083497530759806e-02,-2.721301219893650439e-02,-8.871227359591223049e-02,-1.095666786152163646e-01,1.050825477352170939e-01,2.040439371765044307e-01,2.438189086940539471e-02,9.276260362703173112e-02,-1.043975990264595644e-01,-2.809591108452495489e-01,-7.924628244088322004e-02,-3.433670708625102264e-01,1.617826018461650806e-01,-2.995531851256538203e-01,-2.871099502498921097e-01,-1.953861854978093116e-01,2.839112397799944607e-02,1.774131313800118293e-01,-1.633716828504825358e-01,1.032057882732214799e-01,-5.878458134793339285e-02,-1.557801679950866422e-02,-3.398487176618590622e-02,-3.534107020952580863e-02,4.018137441807899390e-02,9.455260291925139671e-02,-4.214946037457562023e-02,1.446543178025019027e-01,-9.042007904308099753e-02,-5.827771930345282403e-02,-1.153659110160300816e-01,3.219258931160371589e-04,-1.666274723794433088e-01,-2.234987636675806952e-02,8.250207196984399305e-02,1.769884631805821729e-01,-2.627303425428492711e-01,1.155622629792072420e-01,-7.907276210133130923e-02,-1.172289715038505598e-01,-1.636319633598103951e-01,2.773357321759222296e-02,6.861131215624136082e-02
1.735956839098698745e-01,1.003929322425905629e-01,2.289258406033028159e-01,-4.061060894223370715e-02,5.799848854651601382e-01,5.244446778343748727e-01,3.225035331937560201e-01,-6.491030596658820505e-03,0.000000000000000000e+00,4.999280803855804534e-01,1.794497122073842044e-01,-2.745068940087536657e-01,3.501343641050346234e-01,-6.736470550630266341e-02,5.853868476148944566e-01,3.656050722735045833e-01,-3.125991748651221758e-01,-2.547666722223617675e-01,2.522003977268835739e-01,-2.412366520620380927e-01,4.691670338752799985e-02,8.607750422955827430e-02,2.428622636641559474e-01,-3.023135284219466770e-02,1.487000815088963535e-01,1.198637408702045021e-01,4.048161026875103929e-01,3.406866382489057710e-01,-3.185947592291130670e-01,-3.993136813938249485e-01,-7.987186892821508677e-02,-1.082835413674772679e-01,-2.466614458353977024e-01,-2.750502866510345923e-01,7.199495877750354544e-02,-1.355056862158638721e-02,4.930032489400418966e-02,1.165485891198180801e-01,1.933404720209868366e-01,1.990529442520246051e-01,9.173518056389544373e-02,1.409281968268609464e-01,-2.854523743746988917e-01,-3.372390630814929291e-01,-2.385151225259081742e-01,-2.667624072750685582e-01,-2.918360963403190400e-01,-3.897928943420953529e-01,-2.083134507944263414e-01,-2.196151044889255166e-01,-8.075773592487482666e-02,-1.391473301840913945e-01,-7.513202386361300666e-02,-3.086173397048784239e-01,9.336535849073834825e-02,-1.265899371902033943e-01,1.328732000118724443e-01,8.335140836870331971e-02,1.371016167072688918e-01,-1.053473945692700031e-01,3.930258522474308625e-01,-8.263906171159549063e-02,-1.019911458963581319e-01,-4.589316170040800280e-01,4.237206870492181143e-01,1.702759658347584026e-01,1.631022696917045767e-01,-1.701161444693816416e-01,2.271678055841584998e-01,-8.206370479623917302e-02,2.611503941879819157e-01,1.944500889291740087e-01,-7.467995771583305076e-02,-1.739518572384237960e-01,6.302669701750500397e-02,7.280776457856247275e-02,8.250207196984399305e-02,-1.775775190701136264e-01,6.158830472911420301e-02,-1.163727856179036513e-02,4.524086221343458225e-02,-5.540093472667121516e-02,9.314160857921088832e-02,1.432570224366365441e-01,3.991492937037231514e-01,-1.818789969611109003e-01,3.552532141218158190e-01,3.813817241985529294e-01,3.787880517547244086e-01,-7.064789298361374981e-02,8.859354915306091871e-02,9.059816570735794439e-02,6.315455410980641560e-02,6.118646815330978928e-02,8.110021027925358450e-02,1.164389973264168682e-01,-2.722922265171043299e-01,-8.800905958825450126e-02,-4.920420375854188122e-01,3.136836769873215663e-02,6.792636344748384514e-02,2.443212044138094730e-02,-3.729294571324850427e-01,-2.632463372367799259e-01,-1.770021621547573087e-01,-4.630024954964622602e-02,-1.792510770818445121e-02,-9.468502633627785825e-02,-1.477137553682855153e-01,8.183995488471171309e-02,-1.582984960809518116e-01,-1.442661802008726180e-01,-1.282155487923212767e-01,-2.028749580468915958e-01,-2.011808515738979786e-01,2.258755356869693032e-01
2.687282100692026370e-03,-1.344805463150900993e-01,7.418679464552763170e-02,-1.339645516211594445e-01,5.614045101589308917e-01,6.135245405706536426e-01,-8.825564112340721079e-02,1.322635956610782385e-02,4.999280803855804534e-01,0.000000000000000000e+00,-2.211242748105545983e-02,-3.428328108696793719e-01,8.807298813440520013e-02,-1.369372290171670947e-01,4.675985013322252470e-01,6.427124882131742822e-01,-3.399149293703723207e-01,-2.789453616415024095e-01,-4.757882047266027287e-02,-3.149919290210485001e-01,2.832148752594243479e-01,4.151451292155738937e-01,1.190669172056832426e-02,1.194093915600620082e-03,6.290112308756612772e-03,5.004006949946231825e-02,5.766788663642237189e-01,4.760872989960935331e-01,-3.651027765537490644e-01,-3.644041288708164128e-01,-2.058887323654247092e-01,-2.458121094365383619e-01,-3.507736495665416121e-01,-2.199758441422044741e-01,8.735607515257232114e-02,1.649014016333743560e-01,1.718992942745137600e-02,5.756537264634500189e-02,2.830550538940475591e-01,5.030697117964150200e-01,3.669041916577813704e-03,1.910299117101114386e-01,-2.725525070264321892e-01,-3.040144843820278830e-01,-1.715545367577724634e-01,-2.003360814997637018e-01,-3.030418572155921808e-01,-2.436842021146649884e-01,-2.825299265506667767e-01,-1.911806004260380998e-01,-2.557392993887974142e-01,-1.816780786732086761e-01,-2.269760199457064032e-01,-1.762624175492991940e-01,1.139366513770893735e-01,-4.623175467877047029e-02,-9.264844550890546926e-02,-8.495418834719593859e-02,-1.199048377927299514e-01,-8.337880631705361922e-02,-2.157360116349954157e-02,-7.253835141978451362e-02,-4.288007233058364204e-02,-4.386525689001322115e-01,1.609789286945562670e-01,1.496453107269817284e-01,-4.264718976960608920e-02,-1.397820493208733472e-01,1.129366262623033856e-01,-1.044432622737100635e-01,2.972426248147784777e-01,3.138183835667106014e-01,-1.237177189381468423e-01,-1.625588770494236224e-01,3.212614928685423865e-01,5.083461000162104587e-02,-2.091993177910860813e-01,-2.516387397857023922e-01,-1.416588087828689890e-01,1.792487939194820079e-01,1.175760121829543675e-01,7.808643596072047111e-02,2.482916237622405931e-01,2.168661770044453263e-01,1.586455367600556055e-01,6.425047204381845178e-02,4.802380881711640903e-01,5.093758062417093058e-01,2.633467963807309964e-01,1.842763174417622329e-01,7.524161565701421861e-02,1.326905470228704476e-01,1.154070079385555309e-01,3.094369949930249331e-02,2.914913388235777780e-02,6.894922018589508261e-02,-2.884570160437819331e-01,-2.687510416928278953e-02,-1.853402711026989336e-01,1.066168328428339501e-01,2.233161106785786984e-02,1.286493496412010329e-01,-2.289943354741785786e-01,-5.319539988447198609e-02,-1.545404108322355197e-01,-5.932797399021436796e-02,-2.340675222437093306e-01,4.377050565196843185e-02,-6.340113564495912513e-02,3.722696232097152946e-02,-3.836694528858030639e-01,-3.334101997995383287e-02,-1.617163901376518498e-02,1.319416697679622053e-01,-2.162497231665635455e-01,6.107459319754605584e-03
5.200929703714020080e-01,2.599631497594688256e-01,-1.653717330800545116e-01,-1.832488943786259594e-01,4.673633356088851935e-03,-3.317206596512697891e-02,1.917879216144697807e-01,-7.293105534613883445e-02,1.794497122073842044e-01,-2.211242748105545983e-02,0.000000000000000000e+00,2.388712958544620957e-01,6.961384874962612823e-01,1.876051681663238047e-01,2.142725045606168055e-01,-3.714476847592063091e-02,1.180623257661722082e-02,1.650041439396880000e-02,3.653767560372520595e-01,1.669220003242090702e-02,-1.496407444022566646e-01,-1.678558137304818065e-01,9.102740023151266457e-02,-1.198431924089417809e-02,-1.113155809849105810e-01,-1.291881759587569511e-01,7.672110486793047579e-02,-2.762854774891606788e-02,1.359509028765562566e-01,5.637812821783195344e-02,-1.248593001194093915e-01,-1.533029368317469221e-01,-2.110030160574808966e-01,-2.975303032724566088e-01,-3.003385929783624619e-01,-4.674067156937731227e-01,-3.513558559689855532e-02,-8.573959619990456638e-02,-1.869225026199288278e-02,-1.716412969275483980e-01,1.304713132064960479e-01,7.696540324072066036e-03,-2.000347040679103794e-01,2.770617526924191998e-02,-3.713997383495932780e-01,-3.277639392770138049e-01,-9.652525520047307295e-02,-2.742831440972262058e-01,-1.602802810116235877e-01,-1.898700652299487035e-01,8.176004420202333603e-03,-1.375308512314236120e-01,4.812221311494124104e-02,-2.103180673487233809e-01,-7.104516323469310668e-02,-1.719335417099516206e-01,3.521344143346065714e-01,1.947286347374020676e-01,5.019989086483907237e-02,-1.197450164273532042e-01,2.795572491546591265e-01,-6.577105817726015824e-02,5.085858320642755448e-01,5.206751767738459352e-02,4.638244339469712457e-02,-1.613077040747598612e-01,-2.890780362063887221e-01,-4.671281698855450637e-01,-3.915623451730522800e-03,-1.374075604638472781e-01,-2.610796161547436142e-02,4.928205959510398998e-02,1.924089417770765975e-01,1.808013443259990638e-01,-5.725486256504158655e-02,-6.849258771339006291e-02,1.692348437974469655e-01,3.207158170638988587e-02,-7.060679606108828665e-02,-7.462972814385748777e-02,-4.497144905465662312e-02,-6.290340624992865615e-02,2.311701892056649763e-02,-7.873485407167760131e-02,3.323211313526138744e-01,-1.741482092016009564e-01,1.891600017352033924e-02,-7.917322124528242133e-02,3.627054560730977317e-01,-1.343846534958640648e-01,-1.024066814463376884e-01,8.425554066426325928e-02,-7.664804367232967708e-02,5.852430083860553356e-02,-1.390331720659651327e-01,-8.206827112096422294e-02,1.029957373358691697e-01,-1.064387461785569894e-01,-1.004340291651160122e-01,2.263823977314498859e-01,1.177883462826691957e-02,5.288945612789362066e-02,-6.460664537237235938e-02,7.164335177367468777e-02,-9.856411919020797649e-03,-1.355901632232772991e-01,-1.499192902104847513e-01,-1.343184417873508237e-02,1.146809623072725520e-01,-2.252339670630997687e-02,9.380372566434316828e-02,-1.451520471975323578e-01,-1.395354677857206516e-01,-1.529695951268182641e-01,-1.209391103429538136e-02,1.240784585914258137e-01
1.476817910952101520e-01,2.636573064620344464e-01,-5.774414425933070971e-01,1.053428282445449532e-01,-4.491916463655479808e-01,-3.317138101641822212e-01,-3.324056083600272771e-02,3.655411437273538566e-01,-2.745068940087536657e-01,-3.428328108696793719e-01,2.388712958544620957e-01,0.000000000000000000e+00,1.456223786442125134e-01,7.029103470635107431e-01,-2.772238572201585205e-01,-3.152019799584007687e-01,7.383975396642381006e-02,1.633990807988328353e-01,-6.102892995029555664e-03,3.459150800590882202e-01,-4.066152346291802000e-01,-1.961989912988682250e-01,-3.780665724481664935e-01,1.080049955592492089e-01,-4.839002806006543755e-01,-3.008043581003175815e-01,-4.110856665350042793e-01,-4.529725632378895361e-01,2.171675544362986210e-01,3.668608115728934083e-01,-1.296174104829116713e-01,-5.500138131322932465e-03,6.577562450198520816e-02,1.518873761669813638e-01,-4.661555427191093615e-01,-1.498462290148839249e-01,-1.078771384669477973e-01,-2.794065604387324653e-01,-3.872471683078798632e-02,-2.733470475285909029e-01,1.480836276710145727e-01,1.179504508104084748e-01,-3.831374760553347275e-02,1.211240464943183492e-01,-1.617460712483646812e-01,2.008041297840813463e-02,4.126359337791588033e-02,1.121786163579450574e-01,1.550495560390786030e-02,1.649105342828244558e-01,2.007607496991933582e-01,1.477594186155360145e-01,2.015644228508021996e-01,1.600291331517458282e-01,1.402523807675535306e-01,2.091764861674608178e-01,-2.082015758386625975e-02,4.007634894940283882e-02,7.830561954752288112e-02,1.755729025158166146e-01,3.234099486516784500e-02,3.426181936076020396e-01,1.292977677521581492e-01,4.870830089340143498e-01,-4.681327613250561015e-01,-3.123594428170570550e-02,-4.577900358228174649e-01,-6.025493790939955019e-02,-2.812422229782026717e-01,8.360712255330612908e-02,-1.952491957560578140e-01,-2.620590928082668913e-01,2.577393496183694177e-01,3.363029665128576262e-01,-4.657879535787428499e-02,6.343766624275952448e-02,1.707120498460007116e-02,2.213183436113692337e-01,3.633652899958674659e-02,-1.987698321190714823e-01,1.122174301181079817e-02,-3.755573770117514448e-02,-3.769729376765169893e-02,-5.923208117098831271e-02,-2.389123927769875588e-01,2.262454079896983605e-01,-3.091150690999088790e-01,-4.040032968864514795e-01,-1.372340401242953534e-01,4.047361920048220263e-02,6.704962910027420508e-02,-2.006831221788674957e-01,-6.588978262011147002e-02,-4.377050565196843185e-02,-1.179458844856834249e-01,-1.094799184454404162e-01,1.805501964661213044e-01,8.501355056862158754e-02,3.117224405179125357e-01,-1.121717668708574825e-02,1.557367879101986541e-01,2.582941580724629899e-02,2.210032672053407754e-01,8.889949290963927719e-02,-1.453232843747217368e-02,-1.806871862078728019e-01,1.149229775177002116e-01,1.452844706145588194e-01,1.043428031297589653e-01,-1.407775081109342852e-01,2.960462477368153156e-01,-1.100826733091470333e-01,-1.266470162492665426e-02,-9.507773026263216520e-02,1.568144405453104906e-01,3.319489758875222851e-02
4.919507110909178138e-01,1.772076467673845690e-01,5.766126546557105020e-02,-1.593167864946379852e-01,8.705926404544406250e-02,-2.171287406761356845e-03,3.676325204514268585e-01,-3.916308400439280635e-02,3.501343641050346234e-01,8.807298813440520013e-02,6.961384874962612823e-01,1.456223786442125134e-01,0.000000000000000000e+00,2.810276057161252838e-01,4.274696396484843341e-01,1.341883015326869044e-01,-1.621159435510937386e-01,-2.256746173990671067e-01,3.806876428403452861e-01,-1.826872364374447777e-01,-1.639927030130893804e-01,-1.597734189671430050e-01,2.755662813449653026e-01,8.384000511428368885e-02,-7.017756153693358034e-02,-1.636639276328857584e-01,8.291760751982356348e-02,-1.728353908431490369e-03,-1.292840687779830133e-01,-2.553739934107934206e-01,-2.096422512894159373e-01,-2.203411501202084954e-01,-2.843792880643121190e-01,-4.704478879606565633e-01,-1.851302201653466095e-01,-3.108457061707028957e-01,-8.271212290719630322e-02,-1.831027719874243342e-01,2.365584523812241935e-02,-9.698188767297809265e-02,1.000413252387617052e-01,-3.170170940366082157e-02,-3.535499749993721297e-01,-2.350218841112448054e-01,-4.122272477162668425e-01,-4.317391532664062170e-01,-2.249440054430590641e-01,-3.914230722689382436e-01,-1.973451388048558242e-01,-2.277568614736899810e-01,4.293030190255919809e-02,-1.324074348899173248e-01,-4.415407692887264590e-02,-2.505747861247656916e-01,-9.798647911248913045e-02,-1.554262778288952596e-01,1.178773896148076761e-01,9.237446602540246021e-02,1.255670804517921568e-01,1.625383285881609047e-02,4.693839342997198627e-01,-4.927749327037893312e-02,2.528031525905901633e-01,-2.133409743167065942e-01,1.988337606652221812e-01,-5.421369029815817364e-02,-1.224163163915075458e-01,-4.860966827934035117e-01,2.121286151022057712e-02,-2.601503690731958862e-01,-2.924730986394635628e-03,6.456098212512186019e-02,6.183945258899196246e-02,1.562824637148421680e-02,-1.043656347533842149e-01,-9.582432435517786867e-03,1.010641819771729427e-01,3.012176104879346270e-02,-4.316318446353675786e-02,-1.548920178360643773e-01,-2.160214069303110218e-01,-3.151426177369751058e-01,4.430476564479930018e-02,-6.468198973033569173e-03,4.482738150958129331e-01,-1.563852060211557704e-01,8.264819436104559047e-02,9.343385336161411092e-02,3.678334387393290550e-01,-1.126626467788003766e-01,-8.889036026018917735e-02,1.484443673242935302e-01,-1.148179520490240635e-01,5.864302528145683840e-02,-6.876656719689307196e-02,2.427686540072924309e-02,-1.159275689572112494e-01,-1.224574133140329951e-01,-1.981625109306398014e-01,1.806141250122720032e-01,1.167084104851948273e-01,9.181280808422129236e-02,-1.246081522595316321e-01,-1.767852617303174168e-02,-1.307726906383493704e-01,-1.283571048587978103e-01,-6.804052156561009312e-02,-2.115349928879492469e-02,-2.740023151266356150e-02,-1.252565703704887623e-01,-1.663283781099525460e-02,-2.609540422248047276e-01,-3.239122443714340105e-02,-2.580955229469233392e-01,-3.696211548691862026e-02,1.356266938210776984e-01
