1.000000000000000000e+00,2.957380208178744113e-02,-2.205146704597603924e-01,-1.473256177666562305e-01,-2.678902894821559300e-01,1.333070008607522006e-01,1.961487617268926897e-01,2.754840874999143763e-01,-1.773766007822114299e-01,5.467488909538824327e-02,4.839687754715301105e-01,4.563699088333268428e-01,2.090394964257093202e-01,1.804314720232699787e-01,-3.301840913812904010e-01,-4.167387765446164405e-01,3.848726794508537663e-02,1.206856793207135292e-01,6.055517376007160113e-01,4.964074440225667573e-01,-1.764633358372013905e-01,-3.297868211302110164e-01,-2.547529732481865761e-01,-3.006993326316414472e-01,-2.688857482722168957e-01,-2.998225982844318072e-01,-2.773334490135597186e-01,-3.082794316752247021e-01,2.222818381283548084e-01,4.740530013310836899e-02,-5.352874158940064409e-02,-5.592149574532694067e-02,8.254773521709449224e-02,3.494379995844644482e-02,-3.777103991196125721e-01,-4.422553991081967784e-01,2.282020781343823551e-02,-2.135601579035089903e-01,-1.080460924817746582e-01,-1.331426131706504035e-01,-3.942793083844571556e-02,-2.146012799408204275e-01,2.429398911844818099e-01,2.760959750130710932e-01,-7.859786432992608984e-02,1.319188381443369695e-01,2.363689499051346010e-01,2.380584900534031545e-01,1.389372792467390705e-01,2.340172926717337676e-01,1.729335668247375946e-01,2.048704419517385078e-01,1.266995289836046201e-01,3.148480897922093825e-03,3.113708335140836780e-01,2.552689679421172864e-01,5.461575519019884473e-01,7.007710239298246824e-02,5.297644461390582649e-01,1.721618579462041165e-01,4.900830842783722718e-01,3.611346403676804484e-01,2.008612088431444564e-01,1.337271027354568209e-01,-4.976860149455808457e-01,-6.351529376308537311e-02,-2.909136987458589285e-01,-2.728127875357600485e-01,4.701236789051779774e-01,1.817191755957341393e-01,-5.176614024553127802e-02,-7.371189687412241232e-02,5.653794958320870756e-02,-5.939190253636506683e-02,-1.590930365831105253e-01,-1.169275940719972373e-01,5.384838432015415927e-02,1.005755852315925736e-01,6.399475785921564241e-02,9.755952775069694216e-03,-2.326770763649315538e-02,-2.619586336643157654e-01,-9.928788165912842689e-02,-1.541796711789565621e-01,-1.409373294763110462e-01,-5.207139905340087971e-01,-9.184020603257159188e-02,-2.690136053645182934e-01,1.741116786038005571e-01,-1.464991129914221535e-01,-9.147033372984253452e-02,-3.278324341478895398e-01,4.302162839706020342e-02,-4.510729721522686586e-01,-2.120578370689674974e-01,-1.925413651941030591e-01,-2.113911536591101537e-01,3.265150494647126034e-02,-1.386222028407106122e-01,3.183869914541232610e-02,-1.093200970800636551e-01,-1.770067284794823725e-01,-2.662509789058629117e-01,-1.986511076762201844e-01,-1.794268805837589409e-01,-1.774861925756126280e-01,-1.394898045384701524e-01,-1.244894278166803342e-01,3.351454031950574369e-02,-1.445355933596505771e-01,2.346405959967031232e-02,-1.271881257291849754e-01,-8.591539970181898828e-03,1.266013530020160260e-02,-1.452570726662085199e-01,8.704556507126891274e-02
2.957380208178744113e-02,1.000000000000000000e+00,4.208553182842491441e-02,-3.318325346070334914e-01,1.808972371452250982e-01,-2.878588275048003520e-01,-1.783903248711725675e-01,-3.847927687681654274e-01,1.676229311695042468e-01,-6.036521465150951338e-01,-1.052606343994940546e-01,-3.839845292918315223e-01,-3.568148971777830303e-01,-2.684382484491619758e-01,-2.145830146419202278e-01,-3.218505487580738400e-01,2.047334522099870102e-01,4.296477765423332706e-01,-7.303608081481498260e-02,2.366977252853382230e-01,-1.468278883716257754e-01,-1.723216793115808776e-01,-1.848973376043690497e-01,-3.693814228211210748e-01,2.141903107155659070e-01,9.613255127411875212e-02,2.755092022859021578e-02,6.222302386589617651e-02,-9.567135247688868249e-02,-4.316318446353675786e-02,-3.238186347145704524e-01,-2.099892919685197590e-01,-1.880618006388288244e-01,-1.261287383929733386e-01,-1.737555052752466356e-01,-3.413167910609627431e-01,2.976102139551449824e-02,1.789245848640034220e-01,-2.852811371975095406e-02,-5.483927678549004731e-02,-6.694916995632310686e-02,-2.202589562751575969e-01,-1.182426955928116974e-01,-7.318220320601659390e-02,-7.061821187290091666e-03,-1.667233651986693710e-01,-7.686266093440702329e-02,-7.955679252218662845e-02,1.123544198598594966e-02,2.261472320081097873e-02,1.882079230300304218e-01,-6.271847009856412226e-03,2.462322113112429822e-01,2.419718303427711714e-01,2.419010523095328768e-02,7.308402722442801196e-03,3.356682473760756458e-01,7.436328309615081178e-01,2.463783337024445796e-01,3.451913175901678149e-02,1.210076052138295749e-04,-3.959802643445383130e-01,2.561479854516894236e-02,9.231053747925176134e-02,7.758414024096495221e-02,-5.531394624065900656e-01,3.816762521433186839e-02,-4.180493117407058090e-01,1.051008130341172936e-01,3.386911543440588868e-01,-1.509741112219713244e-01,-5.803570409302516442e-02,-2.461477343038295448e-02,9.126484911721527427e-02,-2.973567829329046841e-01,-5.611328138377904423e-02,-3.978410416699963009e-02,-1.203203733427095218e-01,1.272657532495108379e-01,8.041069524577101890e-02,2.882332661322544731e-01,4.002269463388349879e-01,-1.507823255835192278e-01,1.000778558365621046e-01,2.299167330686387178e-01,2.298802024708383185e-01,-4.488925520960571763e-02,-1.628579713189143990e-02,1.410309391331745696e-02,-9.213245081497480060e-02,-5.475251661571409190e-02,9.632433691257086261e-02,-2.853610478801978934e-01,1.237907801337476549e-01,-1.042697419341581666e-01,-2.903109438821522836e-01,1.219642502437275761e-01,-1.129959884837290485e-01,5.568107874855304784e-01,2.636390411631342467e-01,-1.576774759183449948e-01,-2.304852404969074536e-02,4.266088874378123896e-02,5.143279854060262002e-02,9.658005109717367198e-02,9.762117313448510914e-02,-1.041784154396571543e-01,-1.752715250839632921e-01,1.491293160330510459e-01,-1.077218834262961000e-01,-1.779268429115799660e-02,1.485722244165949280e-01,-2.481797488064768718e-03,5.713613812219028171e-02,6.806335318923534272e-02,1.554605252643331305e-02
-2.205146704597603924e-01,4.208553182842491441e-02,1.000000000000000000e+00,3.532622965416939431e-01,4.403877722956512364e-01,2.391863722604905540e-01,4.770051302658285808e-01,-2.316268216781700029e-02,4.001904157410345886e-01,9.068949220185895665e-02,-2.635431483439081846e-01,-1.843767765857133312e-01,1.986351255396825023e-04,-1.790707072552050472e-01,4.365931564491345451e-01,5.682996604937566865e-01,-2.952471409099315380e-01,-3.149622479103356132e-02,1.724951996511328023e-01,3.901696161319120199e-02,3.069049679329846070e-01,1.880435353399286247e-01,7.541536431280237984e-01,6.381918267353746677e-01,4.932475473128320465e-01,5.679434871652028205e-01,3.548011479740358909e-01,2.968362219142489655e-01,-2.547347079492863764e-01,-6.410434965261684048e-02,2.664792951421154354e-01,2.780001324234170346e-01,3.256086340067901319e-01,3.417368929356673357e-01,6.637586788709305408e-01,4.363922381612323487e-01,1.768103765163052121e-01,1.065300726730580017e-01,1.058633892632006718e-01,1.067903531823858609e-01,2.598946548885930907e-01,1.456132459947624136e-01,-2.886807659553093930e-01,-2.508168013351933512e-01,1.327544755690211464e-01,-1.232062905689412236e-01,-1.382249325896312553e-01,-2.589996552424832510e-01,-3.574267846909397472e-01,-4.777037779487612879e-01,-3.438511012833655456e-01,-4.777220432476614875e-01,-1.742304030466518550e-01,-2.933064529017851974e-01,-2.128934744936516743e-01,-3.686279792414878242e-01,-1.116397900403891391e-01,-1.551933952679176998e-01,-4.767402834317756577e-01,-5.187778688505875202e-01,-1.366906474820143991e-01,-3.881353184669021350e-01,-3.278370004726146036e-01,-3.770163177614049843e-01,3.439013308553411363e-01,2.664975604410156351e-01,6.351004248965156362e-01,3.354444974645481858e-01,1.476064467372468179e-02,-1.621273593629063772e-02,3.094712424284628005e-01,2.038475852133272703e-01,-1.587505622287317675e-01,3.997132348072668373e-02,1.752212955119877569e-01,2.554607535805693552e-01,3.996219083127658389e-02,-2.508441992835436229e-01,-1.727737454593608613e-01,-1.859521586158556505e-01,-1.104205813388007412e-01,6.886702634084417018e-02,1.297315686010379332e-01,-1.020505081177837808e-01,-3.502599380349735031e-02,-9.637456648454641173e-02,3.215537376509455814e-01,4.293098685126795488e-01,1.383847539550080163e-01,-2.981969866823139248e-01,3.588446285180678375e-02,-1.286310843423008332e-01,-1.918016205886449166e-01,4.706282577872960421e-02,-4.611759656064421536e-02,1.228113034802243847e-02,4.704912680455445445e-02,-2.405973666005310763e-01,-1.491521476566763094e-01,-2.038384525638771705e-01,-7.662064572397936368e-02,9.739285689823259928e-02,4.159236875811949535e-02,-2.086467924993549994e-01,1.651867969286899968e-02,-1.018358908557064207e-01,1.349828420348456182e-01,-2.365127891339736943e-02,1.479831685270634745e-01,1.188317514823431648e-01,1.525266616284883803e-01,1.560518643162271124e-01,-4.120948242992403809e-01,-2.844432166104628457e-01,-2.036603658996002097e-01,-4.173392482459604980e-02
-1.473256177666562305e-01,-3.318325346070334914e-01,3.532622965416939431e-01,1.000000000000000000e+00,-1.138498912073134250e-01,2.611366952138067243e-01,3.880531246218512087e-01,4.927680832167017910e-01,1.109502750069065596e-01,7.002253481251812239e-01,-5.670690359803556846e-02,1.587779601770820670e-01,2.383187705627310138e-01,4.847153695640758417e-03,2.667852388986938217e-01,4.017292671733764808e-01,-2.165282689747916045e-01,-3.752765480411608401e-01,6.500163246108920344e-03,-2.663468717250889739e-01,-2.822673628789764202e-02,-1.232245558678414232e-01,4.081586523862471561e-01,5.867795766560347515e-01,-6.914557214907224303e-02,1.421474055284493443e-01,2.431567916089217001e-03,-3.390724424586005759e-02,-1.498599279890590885e-01,-8.780357497562724101e-02,3.252798586265865377e-01,3.246040425672790941e-01,1.349006481897947196e-01,7.807273698654532135e-02,4.269171143567532245e-01,4.313327503658767603e-01,-2.104687560646500144e-01,-1.501567390961873472e-01,-2.111674037475826937e-01,-9.535170974613517425e-02,-2.833746966248010812e-01,-1.173613949208770074e-01,-2.804202845276936307e-01,-2.798905908595877845e-01,-7.670740589375532603e-02,-1.287018623755391104e-02,-1.301745020993677893e-01,-1.704631851484854632e-01,-3.310790910274002408e-01,-1.373253666187963518e-01,-4.592832240079088857e-01,-2.378119085182504588e-01,-3.796556534524839766e-01,-1.757509891800935753e-01,-4.261180075298694470e-01,-2.318300231284347312e-01,-3.024482350013356635e-01,-2.557210340898972145e-01,-3.084575183395016906e-01,3.879092853930121709e-03,1.031966556237713800e-01,3.328782229690699923e-01,-1.862946329702344084e-01,-2.508510487706312395e-02,-2.162154757311256573e-03,5.363034231453300826e-01,1.645497946295454983e-01,2.539903970191031979e-01,-2.641185052592645022e-01,-3.372390630814929291e-01,1.432113591893860449e-01,1.831347362604996976e-01,-2.602005986451714770e-01,-2.876213786190977562e-01,2.894981380810933702e-01,4.808111619241579177e-02,-1.552116605668178995e-01,-2.090988586471349830e-01,-1.864544543356111694e-01,-1.468644189694261748e-01,-2.233823223870919084e-01,-2.199370303820415498e-02,-6.978942393530430943e-02,-8.110021027925358450e-02,-2.021260807919833535e-01,7.833301749587318064e-02,-5.022728881318937189e-02,-1.702097541262451857e-02,-2.434558858784124646e-01,2.630887990337656829e-02,-7.014103093913318099e-02,2.020895501941829542e-01,7.302238184063983284e-02,2.853062519834972943e-01,-7.589460009269639873e-02,3.116516624846742654e-03,-3.134576439134316161e-01,-8.924881675110562032e-03,-2.312683651872535495e-01,1.868311761254277947e-02,-5.147846178785311921e-02,-1.358915406551306215e-01,1.556888415005856265e-02,-7.016157940039589869e-03,-1.496909739742322276e-01,-1.413482987015655667e-01,-1.162746096363150711e-01,8.074403695069967690e-02,9.834265244104303805e-02,1.850959727299087559e-02,5.504932772284235748e-02,-3.651461566386370733e-02,2.619928810997536328e-02,-2.510907808186963464e-01,-1.643077794191178387e-01,-3.084552351771391483e-03
-2.678902894821559300e-01,1.808972371452250982e-01,4.403877722956512364e-01,-1.138498912073134250e-01,1.000000000000000000e+00,2.666345501827671605e-01,-6.833276634801330185e-02,-2.527026934466390928e-01,8.417083534061358119e-01,-2.976353287411327431e-01,-3.379308612773380266e-02,-2.698812070622778059e-01,-1.153796099902052313e-01,-5.011541385742564192e-03,4.887131868608572405e-01,4.086061522093020759e-01,-2.663765528358017984e-02,1.945003185011495717e-01,-1.294347574939096746e-01,-5.689868923648767202e-02,2.580726913232980757e-01,3.094621097790127284e-01,2.554470546063942193e-01,1.791802990486062452e-01,7.793962862081010856e-01,6.837591811666503538e-01,6.814577535052249724e-01,7.314133459972739226e-01,-1.969387359043263674e-01,-1.072972152268664298e-01,-3.355563724203119297e-02,9.678325254743840381e-03,-5.982570338524483694e-02,1.635429200276719217e-02,8.659806524821399287e-02,2.859660859062670632e-02,1.605405615209514469e-01,3.541025002911031838e-01,1.465356435892225528e-01,1.641525243784661137e-01,2.726894967681836590e-01,1.414989874174922280e-01,-2.645249081597939589e-01,-2.793106676195064031e-01,1.136763708677615142e-01,-2.905164284947795439e-01,-1.252383050715885626e-01,-2.246563269853809053e-01,-1.909431515403354762e-01,-2.648125866174721454e-01,-2.320766046635874547e-01,-2.602873588149474116e-01,-2.264280609787003851e-01,-2.398576219950729338e-01,-2.393644589247675147e-01,-3.205034829641840166e-01,8.774192959183906015e-03,1.878563160262015641e-01,-2.103180673487233809e-01,-1.621296425252689022e-01,-3.551573213025898124e-01,-5.074990467797136917e-01,-1.425720737278790007e-01,-1.498918922621344241e-01,2.120898013420428330e-01,-2.121445972387434320e-01,1.536180132377753804e-01,2.673583126516876178e-03,-5.758820426997025149e-02,2.444559109931984664e-01,1.140599421446657352e-01,1.799154773293393239e-01,-1.419008239932966486e-01,6.845605711558966355e-02,-4.158323610866939551e-02,3.012472915986474375e-01,1.023244876012867899e-01,-1.265534065924029949e-01,-4.618152510679492118e-02,-2.736826723958820859e-02,1.919614419540216776e-01,1.761208614828226326e-01,5.837361212267887928e-02,3.714020215119558099e-02,1.022057631584354920e-01,1.475311023792834908e-01,1.193249145526485838e-01,4.453376682976056267e-01,1.842283710321492018e-02,-2.013772035370751390e-01,-8.227832205831653312e-02,-8.218699556381553473e-02,-7.374614430956028715e-04,1.383299580583073896e-01,1.442616138761475819e-01,-2.282477413816328890e-02,1.729929290461632574e-01,-1.254209580605905594e-01,8.322355127640192196e-02,-1.302658285938687877e-01,-5.988734876903301606e-03,3.345677631173385458e-01,2.340538232695341669e-01,1.270876665852338772e-01,1.628282902082015815e-01,1.518462792444559006e-01,2.506752452687168176e-01,1.500928105500366483e-01,1.643854069394436734e-01,2.425380546086773892e-01,7.158855587697407485e-02,1.222793266497560483e-01,-3.653995876608773230e-01,-2.213503078844445970e-01,-1.849019039290941135e-01,-4.423170444919849453e-02
1.333070008607522006e-01,-2.878588275048003520e-01,2.391863722604905540e-01,2.611366952138067243e-01,2.666345501827671605e-01,1.000000000000000000e+00,4.353648150980960474e-01,2.406293308736064118e-01,3.398601334736717217e-01,3.862037631082059219e-01,2.433691257086365300e-01,1.661617072574881893e-01,2.483738176072915194e-01,-6.954284240015159990e-02,1.980985823844891025e-01,1.713627511193203390e-01,5.615894463102954343e-02,1.161741504923639590e-01,2.470450171123018956e-01,4.524086221343458225e-02,1.834224147181778564e-01,1.702348689122329672e-01,2.106103121311265758e-01,2.372639495512444407e-01,1.018450235051565206e-01,1.768377744646555116e-01,1.678923443282822059e-01,2.446568292811006629e-01,9.546586786426143612e-02,7.051546956658728826e-02,2.963430588439435742e-01,1.502937288379388447e-01,1.549605127069401400e-01,1.487959743281223879e-01,1.082561434191269684e-01,1.763400450696250288e-01,-1.155074670825066430e-01,-6.880309779469347131e-02,3.389331695544865464e-01,4.439906025037158588e-01,1.235441985985949453e-01,4.772494286386187723e-02,-1.497229382473075909e-01,-1.538965590460034394e-01,-4.070193543673471248e-02,3.645068711771300152e-02,-1.296151273205491464e-02,-1.179504508104084748e-01,-4.321912194141862007e-01,-3.710116007479639655e-01,-5.795784825646306260e-01,-3.313850347839785715e-01,-6.408494277253538041e-01,-5.856608270983973963e-01,-1.493530659445785058e-01,-3.540956508040156436e-02,-2.389808876478632937e-01,-1.777830036827408866e-01,-1.284712629769240722e-01,-4.294628403909686934e-03,1.402090006826655494e-02,2.573352298802024721e-02,-4.698519825840374864e-02,-1.346358013557418243e-01,-5.005376847363746801e-02,2.827902070599946360e-01,2.701460538963307290e-01,4.842290559808579697e-01,-1.427912573146814246e-01,-2.796896725716855880e-01,1.374212594380224139e-01,2.914022954914392560e-01,2.000278545808227906e-02,1.551203340723168733e-01,2.234690825568678707e-01,2.964709159362449720e-01,-1.850959727299087559e-02,-5.620004155355499964e-02,-1.010550493277228429e-01,1.216925539225870980e-03,-9.121918586996477507e-02,-1.510243407939468874e-01,1.823858590055914553e-01,-2.742077997392628440e-03,-2.512369032098979438e-01,-2.276381370308386831e-01,2.245056382694542441e-01,3.209738144108642000e-01,-1.135302484765599168e-01,-1.395993963318713504e-01,-2.911100507090360612e-01,-1.381701366929306563e-01,6.556557356463289798e-02,1.157997118649098517e-01,2.546890447020359050e-01,-7.117758665171956822e-02,-4.954690642915689919e-02,8.020064430841870873e-02,-1.720385671786277826e-01,-1.489101324462486498e-01,-9.064382895460844358e-02,2.092061672781736492e-02,2.938087486215407163e-01,1.787693298233517247e-01,-3.907632383461685094e-02,5.048756932251723117e-02,5.182778562931945930e-04,5.336595211295260821e-01,3.898065933162704888e-01,3.563582647052779828e-01,-6.028233585774984971e-02,2.406704277961318750e-01,-3.487051044660938737e-01,-4.263052268435965075e-01,-4.095696467262876506e-01,-3.009596131409693065e-01
1.961487617268926897e-01,-1.783903248711725675e-01,4.770051302658285808e-01,3.880531246218512087e-01,-6.833276634801330185e-02,4.353648150980960474e-01,1.000000000000000000e+00,4.607033509973994523e-01,5.997639210117149122e-02,3.562258412882515213e-01,1.081100210279253571e-01,2.659085045514841816e-01,3.423761783971743800e-01,-8.993376545986314294e-03,7.822342570247198257e-02,1.414670231444168647e-01,-5.482557781131489755e-02,1.763286292578124248e-02,5.364632445107069270e-01,2.201310991828561991e-01,7.845630826344954234e-02,-1.094159898992897034e-01,4.011447776085700911e-01,3.187043510225142651e-01,-1.379007235341526971e-01,-3.200308683551413708e-02,-4.410384735689708985e-02,-1.796049672480359016e-01,7.623250812235010665e-02,8.134679181440629403e-02,2.642372297021158278e-01,2.184095947615122824e-01,3.549655356641376880e-01,3.344855692722876750e-01,3.247182006854053560e-01,1.835685371093794538e-01,-1.571797465233145119e-01,-3.558468363360723918e-01,1.303685709001824221e-03,4.742813175673361858e-02,-7.178034151542618535e-02,-1.638625627584254507e-02,-3.554198849742801897e-02,-2.857377696700145325e-02,-1.950048973832676016e-02,2.491592254600001333e-01,9.215528243860005020e-02,-8.098376899876481502e-03,-3.033569336216206391e-01,-3.327001363047930593e-01,-4.902337729942989331e-01,-3.245401140211283675e-01,-3.234167981387660595e-01,-3.039140252380767571e-01,-1.882398873031057851e-01,-8.099061848585238643e-02,-1.248090705474338424e-01,-3.531070415010422736e-01,-1.536134469130503166e-01,-2.319715791949112926e-01,3.149143015007226376e-01,1.809246350935753977e-01,-9.615538289774400171e-02,-9.525581692690912594e-02,1.843653607739006994e-02,4.105468402174483611e-01,4.809367358540967974e-01,4.166063531275899789e-01,1.507686266093440641e-01,-9.167581834246979477e-02,1.609058674989554405e-01,1.102561936486989441e-01,-6.658843030304413546e-02,-3.125649274296842927e-03,3.236314154008433919e-01,1.391884271066168299e-01,3.904207639917897459e-04,-6.747429729970387535e-02,-1.539193906696287029e-01,-2.315377783460315086e-01,-2.985348947119676466e-01,-3.248414914529816899e-01,-1.477046227188354155e-01,-3.273529700517592844e-01,-4.174282915780990200e-01,-4.487715444908433882e-01,3.012176104879346270e-02,-6.657929765359403562e-02,-9.071232382548420625e-02,-2.548990956393882290e-01,-6.252440129774948507e-02,-5.784391845457306086e-02,-1.695727518271006873e-01,5.841470904520432855e-02,-8.469390783786807930e-02,-1.472297249474301961e-01,-1.206811129959884793e-01,1.759199431949204084e-01,-2.253686736424887482e-01,5.934623928911456764e-02,-2.120624033936925334e-01,-2.688674829733166960e-01,-9.110046142711346329e-02,-2.186561762966649780e-01,-3.290333775505777658e-01,-3.298735812999870065e-01,-2.011123567030222159e-01,1.565450273865325315e-01,4.311592300263248356e-01,-1.283822196447855987e-02,1.176125427807547669e-01,9.504576598955681577e-02,-2.572827171458643702e-01,-3.393715367280913386e-01,-4.168985979099931738e-01,-4.317231711298685770e-02
2.754840874999143763e-01,-3.847927687681654274e-01,-2.316268216781700029e-02,4.927680832167017910e-01,-2.527026934466390928e-01,2.406293308736064118e-01,4.607033509973994523e-01,1.000000000000000000e+00,-3.783428350940320345e-02,4.505798090819632673e-01,2.969321147334750277e-01,6.553429424026631089e-01,4.445522604448970405e-01,2.976901246378333976e-01,1.551203340723168733e-01,3.679772779681681621e-02,1.017148832504925944e-02,-1.326517332627075120e-03,3.590797942414079014e-01,2.230307153832630507e-01,-1.722257864923548432e-01,-2.658582749795085909e-01,-1.456497765925628407e-01,3.432277979583962108e-02,-4.179123219989543392e-01,-3.510065321275191996e-01,-1.112333871398596824e-01,-3.635821904203073718e-01,1.481475562171652716e-01,2.198479870499030764e-01,7.032825025286022769e-02,8.481948176780695556e-03,1.316128943877585833e-01,1.169504256956224869e-01,-1.145485388902461044e-01,-1.153430793924048320e-01,-3.783222866327692890e-01,-5.360659742596275423e-01,-2.382776736402055784e-01,-3.650479806570484653e-01,-3.389605675028368181e-01,-2.760640107399957577e-01,-1.488416375753728871e-01,-8.594508081253182663e-02,-2.134231681617574927e-01,1.351198317765971157e-01,1.218272605019760785e-01,-5.454246567836178866e-02,-1.525997228240891790e-01,5.589409779697663422e-02,-2.267385710600037796e-01,-2.831806278239864388e-02,-1.320558278860884671e-01,-2.161720956462376830e-01,-7.377125909554806127e-02,-1.587277306051065318e-01,1.253250652413644972e-01,-2.083317160933265411e-01,1.594218119633141473e-01,3.283484288418202501e-01,4.808454093595957990e-01,6.366347100041325202e-01,1.062697921637301424e-01,3.334398809102511740e-01,-2.327889513206952699e-01,3.031971122562439058e-01,-1.313754455020559875e-01,1.792533602442070439e-01,3.058821111945733695e-01,8.132852651550609435e-02,6.110884063298393371e-02,-2.250033676644847269e-01,-2.622600110961690878e-01,-1.548006913415633790e-01,3.186449888010886022e-01,-2.063636301368299286e-01,-1.393665137708937907e-01,-1.106443312503282012e-01,6.562493578605856082e-02,-2.124505409953217905e-01,5.991702987974583533e-02,-3.435679891504124783e-01,-1.126763457529755263e-01,-3.589839014221818392e-01,-8.043352686939626850e-02,-3.951035299973286730e-01,-1.548052576662884150e-01,-4.706579388980088319e-01,3.309443844480112334e-02,-2.449673393624040851e-01,1.982447047756906999e-01,-1.988702912630225805e-01,4.406275043437164057e-02,-1.133749934359082057e-01,-1.706732360858377595e-01,-1.226081020299596563e-01,-2.774750050800362522e-01,9.911207815721400152e-03,-2.936900241786894461e-01,-1.492297751770021719e-01,-3.509448867437309910e-02,-5.294356707588546707e-01,-5.530504190744516685e-02,-3.780254755256410304e-01,-3.134485112639814886e-01,-4.298441285055104033e-01,-2.011945505480731144e-01,-5.984396868414503662e-02,2.179575286137322987e-01,-1.752852240581384557e-01,3.570180986280477309e-02,-7.125064784732036693e-02,-1.285762884456002342e-01,-1.032560178451970290e-01,-3.016719597980770939e-01,9.432885300772393677e-02
-1.773766007822114299e-01,1.676229311695042468e-01,4.001904157410345886e-01,1.109502750069065596e-01,8.417083534061358119e-01,3.398601334736717217e-01,5.997639210117149122e-02,-3.783428350940320345e-02,1.000000000000000000e+00,-1.026304313578651484e-01,9.966003712422000921e-03,-1.185623383235652056e-01,5.304014484382028188e-02,1.748674053457963465e-02,5.351709746135177026e-01,4.109349778190776736e-01,-4.290062079184637014e-03,1.691480836276710031e-01,-4.414037795469748920e-02,-5.417944286272029578e-03,1.976282509378089469e-01,1.720248682044526189e-01,2.282363255698202364e-01,2.430220850295327084e-01,6.274153003842561915e-01,6.400685861973702817e-01,5.485959693051651875e-01,6.033051058359912844e-01,-1.216902707602245670e-01,-1.013198961617757521e-01,5.102182931534809951e-02,1.535449520421745817e-01,-4.880716182369877060e-02,3.203276794622695895e-03,6.979399026002935935e-02,-3.732970462728516046e-03,1.637415551532116209e-01,2.627531741664744791e-01,5.940560151054021659e-02,1.026304313578651484e-01,9.604579110434280365e-02,2.327684028594325522e-02,-3.203436615988072833e-01,-3.736646354132181491e-01,9.803214235973962964e-02,-2.314692834751557737e-01,-1.217998625536257790e-01,-2.147200043836717254e-01,-2.888953832173867253e-01,-2.896259951733947680e-01,-4.128208699305233598e-01,-3.339376103052816291e-01,-3.749569053104073180e-01,-2.605156750511999353e-01,-4.186931635269379171e-01,-4.017520987970017443e-01,1.426748160341926447e-02,2.004000100459144007e-01,-2.443052222772718052e-01,-1.274392735890627348e-01,-1.886782544767106051e-01,-2.711278137122165033e-01,-1.492297751770021719e-01,-6.777567473155718392e-02,9.799104543721418037e-02,-1.186947617405916533e-01,4.304446002068545302e-02,-1.172472368027507594e-01,-1.107676220179045629e-01,1.643899732641687372e-01,8.640627960976188238e-02,3.099918034471185191e-01,-1.654950238476308733e-01,-6.494911972675113110e-02,-9.947510097285548747e-02,2.886077047597085943e-01,-4.751489192650956705e-02,-2.357753276908780837e-01,-7.015929623803338067e-02,1.075141156513063044e-02,1.378139633643767348e-01,1.923130489578505353e-01,-1.229482932219758996e-02,2.148227466899853624e-02,9.322151926189927579e-03,1.448461034409539994e-01,2.457367650785750174e-02,3.577235957980680059e-01,-7.009080136715761800e-02,-1.630566064444540775e-01,-1.726687199906846992e-01,2.820847098899743888e-02,-2.573808931274529713e-02,2.723104918160045296e-01,1.336768731634812857e-01,1.626753183299124023e-02,8.904104897611583858e-02,-3.527714166337510976e-02,2.299372815299014286e-02,-2.127679005637127946e-02,-1.313480475537056880e-01,3.333257227921249122e-01,1.320877921591638027e-01,1.538189315256775769e-01,2.108957074264422235e-02,4.746009602980896802e-02,1.881759587569550862e-01,8.239704650116783102e-02,2.356246389749514225e-01,2.061855434725529679e-01,1.192061901097972720e-01,1.217176687085748665e-01,-1.874362141514969438e-01,-2.891602300514396484e-01,-2.713698289226441629e-01,6.121158293929756210e-03
5.467488909538824327e-02,-6.036521465150951338e-01,9.068949220185895665e-02,7.002253481251812239e-01,-2.976353287411327431e-01,3.862037631082059219e-01,3.562258412882515213e-01,4.505798090819632673e-01,-1.026304313578651484e-01,1.000000000000000000e+00,4.530935708431033798e-02,2.786302852354739512e-01,3.754181041076374292e-01,1.649881618031503183e-01,5.374335885147800418e-02,2.517163673060282547e-01,-1.604720666500756843e-01,-3.503855119649123551e-01,1.605862247682019461e-01,-2.273230606248102248e-01,8.076686857432492650e-02,2.219918765083141524e-02,2.827354111632940370e-01,4.431686640532068178e-01,-2.033452894935717514e-01,2.504857427926272112e-02,-1.392066924055170296e-01,-1.502663308895885452e-01,6.890355693864458342e-02,4.003981835160243946e-02,4.348990499761409279e-01,3.773176951932582512e-01,1.520197995840078253e-01,1.282794773384719755e-01,2.977083899367335973e-01,4.271545632424558758e-01,-1.967743482142245703e-01,-2.247841840776823030e-01,-1.037994104874779971e-01,6.763868498980568633e-02,-1.568418384936607901e-01,7.696540324072066036e-03,-1.025482375128142498e-01,-7.120955092479491766e-02,-1.390788353132156319e-01,7.088077554459129570e-02,-1.300649103059665912e-01,-5.524111336129446104e-02,-2.203548490943836591e-01,-1.032286198968467295e-01,-3.540796686674779759e-01,-8.810951873220559949e-02,-3.756281550449896978e-01,-2.477071341974341756e-01,-2.060485537308014703e-01,-7.262511158956046209e-02,-3.693083616255202761e-01,-4.956905310407339060e-01,-3.107772112998271608e-01,-4.893958524072522520e-02,9.296352191493394146e-02,4.591234026425320969e-01,-1.408414366570849841e-01,-1.101146375822223827e-01,-1.641296927548408779e-01,6.561192176059216230e-01,3.168344410476062190e-02,3.379331444397005169e-01,-3.007952254508675094e-01,-5.189422565406893728e-01,2.347935678749922817e-01,2.215101292498213303e-01,6.766151661343093593e-02,-1.760843308850222333e-01,2.195968391900253169e-01,-5.888504049188449802e-02,-3.903522691209140166e-02,-2.800298637637018209e-02,-1.001372180579877536e-01,-1.910778581197244627e-02,-2.853884458285482206e-01,-2.162953864138140447e-01,1.635885832749224209e-02,-8.921000299094269947e-02,-2.503008066412626964e-01,-1.301379715015673899e-01,7.017299521220853042e-02,-4.817244268691679709e-02,-4.836422832536890065e-02,1.209779241031167518e-01,-1.051647415802679925e-01,-6.684414448764694483e-02,2.743836032411772763e-01,-3.643242181881280184e-02,-7.991068268837802269e-05,1.941258798736954505e-01,-2.956033142384854595e-01,1.529787277762683639e-01,-4.473057542541022946e-01,-9.752984663998411075e-02,3.614246019877211634e-03,-7.204062202475404464e-02,-1.614172958681610592e-01,-9.474438855770350720e-02,-2.444604773179235024e-01,-1.995643726212302238e-01,-5.332325697677339077e-02,9.379915933961811836e-02,-4.600800476724301036e-02,-3.261497434867085404e-02,6.658843030304413546e-02,-1.686275226090152846e-01,1.374806216594480768e-01,-1.151558600786777714e-01,-8.096778686222713683e-02,7.092643879184180877e-02
4.839687754715301105e-01,-1.052606343994940546e-01,-2.635431483439081846e-01,-5.670690359803556846e-02,-3.379308612773380266e-02,2.433691257086365300e-01,1.081100210279253571e-01,2.969321147334750277e-01,9.966003712422000921e-03,4.530935708431033798e-02,1.000000000000000000e+00,4.306843322549196440e-01,5.718750927534709261e-01,2.628992965576761320e-01,1.860023881878312135e-01,-4.810394781604104136e-02,1.805958597133718035e-01,3.897791953679202170e-01,5.391847740468368455e-01,4.421503736395206441e-01,9.614396708593138038e-03,-6.624138962394032770e-02,-2.435837429707138901e-01,-1.569605629365121158e-01,-1.878197854284011648e-01,-2.509903216747452759e-01,-5.733705641009249204e-02,-1.389144476231138348e-01,2.256883163732422426e-01,8.497245364609613827e-02,1.045254561187609760e-01,-8.084906241937582505e-02,1.232017242442161736e-01,-2.039092305971154651e-02,-3.244442212019023053e-01,-3.581573966469477344e-01,-1.530563552965941987e-01,-1.999799081712097804e-01,-1.518531287315434859e-02,-6.266139103950099654e-02,1.281082401612825862e-02,-2.761781688581220195e-01,3.299169613848749842e-03,-4.100331286858802105e-02,-2.226243124827335940e-01,-1.349463114370452188e-01,1.210692505976177502e-01,-3.026331711527001714e-02,-1.519421720636819628e-01,-6.500163246108920344e-03,-1.208318017119151405e-01,1.964204580480331808e-02,-2.147702339556472884e-01,-2.703287068853327257e-01,4.795782542483943700e-02,5.052866624504268045e-02,3.443899276009214638e-01,7.950199662548602941e-02,3.416957960131418726e-01,2.430677482767832076e-01,4.035329654397712962e-01,2.901511225167755503e-01,5.483493877700125196e-01,4.834664797517745916e-01,-1.502526319154134093e-01,-1.880252700410284250e-01,-3.523718632203091672e-01,-1.521293913774090234e-01,1.655589523937815721e-01,9.680836733342618183e-02,7.551102881579217774e-02,-1.414670231444168647e-01,3.168801042948567182e-02,7.163878544894963785e-02,1.940802166264449513e-01,-1.129594578859286352e-01,1.554308441536202956e-01,2.319807118443613925e-01,8.499071894499633795e-02,2.631801255282666813e-02,2.223640319734057347e-01,-3.844160469783487744e-02,-6.339200299550902529e-02,-1.372386064490204172e-01,1.071145622378644191e-01,-2.709862576457399697e-01,-3.483877448977028973e-02,-1.092561685339129562e-01,-9.328773097041249962e-02,-1.493119690220530704e-01,-1.693627008897483632e-01,-2.819637022847605867e-01,1.781300443618447082e-01,-8.298610239069931227e-02,-7.304064713954003252e-02,-4.036653888567977577e-01,-3.269876640737552909e-01,4.166086362899525108e-02,-2.314966814235060732e-01,-3.153481023496023661e-01,1.648466057366737569e-01,-1.348595512672692565e-01,-2.340469737824465990e-02,4.997842411567413566e-03,-5.312233868887118043e-02,-5.186659938948238319e-02,-1.573167362650660095e-01,2.936900241786894461e-01,4.019530170849039408e-01,7.652018658002826546e-02,3.976127254337437356e-02,-2.389489233747879582e-01,-1.757007596081180123e-01,-3.329147535668703917e-01,-4.337620351196034840e-01,-8.920543666621764956e-02
4.563699088333268428e-01,-3.839845292918315223e-01,-1.843767765857133312e-01,1.587779601770820670e-01,-2.698812070622778059e-01,1.661617072574881893e-01,2.659085045514841816e-01,6.553429424026631089e-01,-1.185623383235652056e-01,2.786302852354739512e-01,4.306843322549196440e-01,1.000000000000000000e+00,6.165931107858872995e-01,5.274858501012582579e-01,1.530837532449444982e-01,8.747936592014868284e-02,-1.052697670489441545e-01,1.991145896358127720e-02,5.262072791782441694e-01,4.518127167577267733e-01,7.168901502092518696e-02,6.935105676169948941e-02,-4.578425485571555736e-02,9.561199025546303354e-02,-2.760822760388959574e-01,-2.638262604768613073e-01,-1.129046619892280362e-01,-3.098411147311918579e-01,5.822748973147727491e-02,9.215528243860005020e-02,2.545885855580847790e-01,2.374374698907963377e-01,4.338898922119048818e-01,4.133368646244540145e-01,-9.514165880878286408e-02,2.285445524887611338e-03,-1.718056846176502228e-01,-4.797814556986590984e-01,-2.250216329633849266e-01,-4.793613538239545058e-01,-1.425355431300786013e-01,-1.786597380299505267e-01,1.397911819703234471e-01,5.521828173766921144e-02,-3.342321382500473836e-02,1.532207429866960235e-01,2.853793131790980930e-01,1.568053078958603908e-01,-1.081556842751758563e-01,-4.945101360993084394e-02,-1.577231391655954940e-01,-8.378977554230813973e-02,-1.120461929409186097e-01,-2.624426640851710846e-01,-2.266038644806148139e-02,-1.558098491057994528e-01,2.382091787693298157e-01,-2.626709803214236083e-01,1.981990415284402007e-01,1.598145158896684681e-01,5.066634093550295148e-01,6.539410807120726865e-01,3.137864192936352103e-01,4.612695752633056978e-01,-1.801483598903168837e-01,1.652256106888529141e-01,-2.388210662824865327e-01,3.424971860023881542e-02,2.862149506037822699e-01,1.251606775512627001e-01,2.069526860263613821e-01,-1.711755318055932784e-01,-1.466589343567989145e-01,-8.126459796935539548e-02,2.747397765697311978e-01,-1.427410277427058616e-01,1.458552612051900732e-01,1.955140425901107093e-01,-9.494530684560571754e-02,-2.232772969184157463e-01,-6.939672000895000248e-02,-4.062179643781008154e-01,-1.450972513008317588e-01,-4.247755080607047429e-01,-1.110758489368454498e-02,-5.922180694035694692e-01,-9.546130153953638620e-02,-3.971401108247010758e-01,8.874652103135009448e-03,-4.596896269084383424e-01,7.104972955941815660e-02,-4.685711284986609493e-01,2.410403000988609323e-01,-3.325448812641413343e-01,-2.492322866556009320e-01,-1.340421791414852792e-01,-2.833838292742511533e-01,-2.361931464032201652e-02,-4.895214263371910901e-01,-3.274534291957104104e-01,1.353755459611999390e-01,-5.232893976789371182e-01,-2.814477075908299319e-01,-4.806216594480683391e-01,-1.772898406124354675e-01,-2.808403864023982233e-01,2.466956932708355699e-02,-1.229939564692263988e-02,2.198205891015527769e-01,-1.061875983186792299e-01,2.141857443908408709e-01,-2.362867560600837025e-01,-1.356038621974524350e-01,-2.413051469329138277e-01,-3.200833810894794240e-01,3.377482082883360298e-02
2.090394964257093202e-01,-3.568148971777830303e-01,1.986351255396825023e-04,2.383187705627310138e-01,-1.153796099902052313e-01,2.483738176072915194e-01,3.423761783971743800e-01,4.445522604448970405e-01,5.304014484382028188e-02,3.754181041076374292e-01,5.718750927534709261e-01,6.165931107858872995e-01,1.000000000000000000e+00,4.153551801529262177e-01,5.036222370881460186e-01,3.317457744372575568e-01,-1.173842265445022570e-01,7.848827253652489178e-02,5.040606042617508109e-01,3.632945119626291852e-01,2.072768950818399680e-01,1.716184653039231622e-01,1.422798289454758058e-01,2.931694631600336720e-01,-1.582893634315017117e-01,-1.022377274315108414e-01,-2.203479996072960773e-02,-1.425401094548036651e-01,-1.855069419551632487e-02,-3.786168145775350297e-02,4.983572646801632255e-01,3.871900892488167600e-01,3.982360287587131120e-01,2.916260454029667160e-01,6.370022991444991133e-04,9.792711689106346762e-02,-9.402290925114557829e-02,-2.920004840304208371e-01,-9.336992481546339817e-02,-1.325763889047441857e-01,2.899616200406859336e-04,-7.688092623330722297e-02,-1.868060613394400271e-01,-2.834888547429273431e-01,-1.400834267527266697e-01,-1.089547911020596477e-01,1.399578528227877951e-03,-1.293342983499585486e-01,-3.101927217350207155e-01,-2.600179456561694247e-01,-3.700298409320781912e-01,-2.420996874350725692e-01,-3.870713648059654344e-01,-4.723018157990269139e-01,-2.437116000630152879e-01,-2.929913764957567390e-01,2.439102351885549802e-02,-1.669105845123964316e-01,5.594889369367724019e-02,1.156718547726084401e-01,5.161933290562091825e-01,5.018185388217512033e-01,3.509700015297188003e-01,4.346570347657132682e-01,-8.653185353970076644e-04,3.470635107274383513e-02,-2.283915806104719615e-01,1.154595206728936153e-02,-5.059716111591843618e-02,-4.786193260561338175e-02,4.286066545050218335e-01,8.157054172593375396e-02,2.630431357865151837e-02,1.965117845425341792e-02,4.083915349472246881e-01,6.582357091159823231e-03,2.132724794458308315e-01,2.737808483774706869e-01,-1.398733758153743456e-01,-1.468918169177764743e-01,1.697531216537401591e-02,-1.524079371856370824e-01,7.865494338898921731e-03,-2.482413941902650578e-01,1.045574203918363254e-01,-3.932770001073086497e-01,1.934957270616385339e-01,1.820821984113756356e-02,6.939672000895000248e-02,-2.317478292833838327e-01,-4.903091173522623053e-02,-4.046745466210338593e-01,3.066949169956322829e-01,-1.230419028788394264e-01,-4.245083780642892879e-02,-7.835584911949843023e-02,-2.984755324905419838e-01,6.746744781261629874e-03,-4.942567050770681480e-01,-4.222548968124770208e-01,2.383553011605314409e-01,-1.682530839815611912e-01,-2.317889262059092681e-01,-2.380402247545029548e-01,-8.963923751509740578e-02,-1.850114957224953116e-01,6.820034293098685418e-02,1.609515307462059674e-01,3.092018292696848691e-01,6.290112308756612772e-03,2.634792197977574579e-01,-2.693149827963716159e-01,-1.750614741466109958e-01,-3.992406201982241498e-01,-4.978275710120573794e-01,5.133233939665151485e-02
