1.000000000000000000e+00,3.831940658653201770e-01,4.504580186782251028e-01,2.564949282809776965e-01,2.436972161401313730e-01,1.896688860092050621e-01,5.221502301264578927e-01,4.657714821931274729e-01,1.419366370257831023e-01,3.167791232852227301e-01,2.966263014433174194e-01,-1.745162875910451772e-01,3.573394700388757284e-01,2.463112739621967084e-01,1.019482550605478322e-01,3.487644666875195365e-01,-2.511908485633853050e-01,-2.613655659323472769e-01,5.049957549488359732e-01,5.003038562938468825e-01,-4.580186782251217947e-02,-1.324545332677956877e-01,1.901202019750659056e-01,2.297600428973591291e-01,-8.020018767594619402e-02,5.027034273202556081e-02,2.262299477188435548e-01,-1.622145761651548335e-01,-1.232316010545600748e-01,-1.733008624156575361e-01,-8.739890075517225965e-02,1.171634121274408996e-01,1.597479780151034590e-01,1.510791366906474864e-01,-2.193261539836453833e-01,-2.620269002189552499e-01,-1.296974842486259549e-01,-1.778944546226372825e-01,-2.501541623843782092e-01,5.830019214442110770e-02,-2.210599222485365722e-01,-1.938290361499620251e-01,-4.615532418785468494e-01,-3.192010366861789961e-01,-4.001832074712900478e-01,-4.104249519638947241e-01,-3.290584923365655334e-01,-4.562580991107734740e-01,-2.625899280575539341e-01,-2.280262746324679402e-01,-9.905715179409267657e-02,-2.598596898878413053e-01,-4.210956700478126757e-01,-4.950578667500781793e-01,-4.465749139818580016e-01,-4.493900531748514227e-01,2.564323696322445278e-01,1.778899861477277744e-01,4.201930381160909889e-01,4.303141337861388083e-01,5.056749631350819785e-01,3.536574467134366850e-01,8.793958621922337571e-03,-2.230215827338129578e-02,-6.557040082219937893e-02,9.941016131194423122e-02,4.804504222708789324e-02,3.303096653112292530e-02,1.596764824165512187e-01,4.564993967558872434e-02,-6.148621475490415045e-02,1.695696858662138484e-01,-8.016890835157960971e-02,6.584297779167970488e-02,1.224630233701237830e-01,-6.460967871665400375e-02,-1.628222887528486540e-01,-9.754233879976763333e-02,-2.254211537602216486e-01,-1.641226149515170596e-01,-1.553197193797756781e-01,-2.634031904910854038e-01,-2.597703203896510327e-01,-2.525090486616917707e-01,-1.252111354394745135e-01,-3.505027034273202613e-01,8.061575584253094506e-02,1.005540908887796597e-01,-1.580946422985834987e-02,3.057330533089056696e-02,-1.012332990750256928e-01,-1.908798427096831951e-01,-9.541087626792975340e-02,-1.308816300996469839e-01,-2.029804727646454254e-01,-4.571071093435810084e-01,-3.117118727378345722e-01,-4.361678359176013320e-01,-7.335001563966218885e-02,-1.706108405201304801e-01,-6.930157737164305276e-02,4.557844407703650486e-03,-2.171053219536172307e-01,-8.658116984673130956e-02,-3.935653961303007264e-01,-1.103579248402520169e-01,-1.175923857187541888e-01,-1.677197372536753106e-01,-1.334733455471647512e-01,-3.493051521515706526e-01,-2.527190669824389002e-01,-8.432012154251754266e-02,-2.849054917556637645e-01,-2.375217838151838790e-01,8.808704589123732276e-02,-1.243576567317574572e-02
3.831940658653201770e-01,1.000000000000000000e+00,-1.221278877519102746e-01,-6.713883551543857464e-02,1.627999463783010858e-01,1.064614147191563498e-01,-3.333482282496983556e-02,9.272085437240269387e-03,-1.321372715492202532e-01,1.565083337057062429e-01,2.906608874391170549e-01,2.544126189731444887e-01,-5.404620403056437095e-02,1.502748112069350606e-01,-1.408463291478618262e-01,3.773627061084051937e-02,1.472049689440993736e-01,2.593413467983377019e-01,6.138746145940390253e-01,5.849948612538540260e-01,-2.954868403413914990e-01,-1.398811385674069430e-01,-4.564993967558872434e-02,6.597703203896509994e-02,-2.353769158586174470e-01,-1.877831895973904042e-01,1.709951293623486190e-01,-1.032977344832208821e-01,1.943473792394655730e-01,3.878189373966665215e-02,-1.449573260646141448e-01,-1.465659770320389688e-01,2.826533804012690276e-01,2.674337548594664660e-01,-2.175387640198400419e-01,-1.962196702265516790e-01,-3.252200723892935130e-01,-8.549086196881004740e-02,-1.386523079672907499e-01,-1.242727557084766926e-01,-5.919388712632378535e-02,6.762143080566603015e-02,-4.115822869654586769e-01,-1.776352830778855085e-01,-2.143616783591760222e-01,-4.648107600875821255e-02,-2.164529246168282739e-01,-3.242593502837481378e-01,-1.053800437910541177e-01,-1.334644085973457350e-01,-3.252200723892935130e-01,-4.051566200455784528e-01,-2.319272532284731292e-01,-3.425086018142007860e-01,-2.694043522945618538e-02,-9.827963715983734083e-02,6.736896197327851832e-01,7.303320076857768850e-01,1.174538629965592718e-01,2.866705393449215933e-01,3.400017873899637832e-01,1.296349255998927585e-01,3.717368961973278596e-01,3.903168148710844942e-01,-1.258277849769873502e-01,-1.632780731936190055e-01,-2.160909781491577031e-01,-1.757763975155279546e-01,3.660932123866124654e-01,1.301175208901202140e-01,-1.164573930917377903e-01,-1.211537602216363613e-01,1.592206979757808671e-01,1.616247374770990730e-01,1.601590777067786742e-01,2.623888466866258762e-01,1.653514455516332249e-01,2.041065284418427939e-01,1.533580588944992995e-01,2.700880289557174296e-01,1.996380535323294125e-01,1.269851199785513307e-01,-5.094508244336207886e-02,-1.101166271951383030e-01,-1.760355690602797285e-01,-3.266678582599758518e-01,1.932123866124491607e-01,3.018454801376290256e-02,2.792930872693150102e-01,7.891773537691586238e-02,-5.876044506010098811e-02,-3.405514098038339710e-01,-6.373832610929890119e-02,-2.474149872648465087e-01,-9.773001474596719473e-02,-2.220027704544438873e-01,-3.461280664909066607e-02,-5.916260780195719236e-03,3.572947852897805920e-01,1.264980562134143671e-01,3.453460833817418307e-01,2.329818133071182851e-01,1.751463425532865659e-01,2.353143572098842784e-01,-1.241431699361008056e-01,-2.069082622101076907e-01,-1.459940122436212406e-01,2.087939586219223487e-01,-1.175566379194780825e-01,-2.145002010813709392e-01,1.025783100227892208e-01,4.246838554001518967e-02,5.067250547388176679e-02,-1.895616426113767294e-01,-1.831046963671298933e-01,-8.442289646543635340e-02
4.504580186782251028e-01,-1.221278877519102746e-01,1.000000000000000000e+00,2.916528888690290144e-01,3.301353947897582297e-01,3.986773314267840623e-02,8.450958487868091007e-01,3.989186290718977346e-01,2.262969748424862593e-01,2.279637159837347438e-01,-6.801465659770319916e-02,-2.964743732963939227e-01,2.781536261673890897e-01,-1.105053845122659639e-02,1.920952678850708362e-01,1.612896018588855507e-01,-4.186022610483042250e-01,-3.862460342285178316e-01,3.034988158541490066e-01,2.136467223736538690e-01,-1.551320434335761167e-01,-1.130211358863219967e-01,6.099512936234863236e-01,4.671343670405290749e-01,3.408418606729523015e-01,1.548237186648196984e-01,1.052325841190401706e-01,-1.057553956834532405e-01,-2.331024621296751420e-01,-1.074489476741588151e-01,6.686179007104875449e-02,3.930113052415210584e-01,2.060279726529335442e-01,1.608159435184771391e-01,3.973948791277536752e-01,5.304079717592385425e-03,-1.984896554805844898e-02,-2.121899995531525140e-01,-3.363018901648867076e-01,8.335493096206264552e-02,-2.931498279637159698e-01,-2.272576969480316345e-01,-2.554761160016086330e-01,-4.253988113856740916e-01,-7.802404039501317778e-02,-4.076053442959917672e-01,-3.130166674114124858e-01,-2.587336342106438813e-01,-2.239733678895393099e-01,-2.610214933643147384e-01,1.978640689932525953e-02,-1.461906251396398460e-01,-2.940211805710710724e-01,-2.636712989856562217e-01,-3.941641717681755308e-01,-4.742705214710219441e-01,-2.414629786853746685e-01,-1.747084320121542467e-01,1.386567764422002788e-02,-1.597837258143795514e-01,2.351937083873273937e-01,7.684436301890164300e-02,-3.243353143572098585e-01,-4.262165422941150417e-01,3.767013718217971929e-01,2.658831940658653026e-01,5.358997274230304919e-01,1.270610840520130513e-01,-1.857008802895571686e-01,-2.002189552705661568e-01,7.733589525894811467e-02,3.194199919567451418e-01,-1.393359846284463188e-01,-1.082398677331426751e-01,4.016265248670628646e-02,-2.575092720854372241e-01,3.402296796103489868e-02,-5.865767013718217737e-02,-4.067563340631842328e-01,-3.778184905491755452e-01,-5.608561597926627895e-01,-5.892801286920773540e-01,-2.164886724161043940e-01,-2.113722686447115640e-01,1.674784396085615967e-01,-2.292640421824031494e-01,2.334867509718932810e-01,1.970463380848116453e-01,4.142276241118906382e-02,-2.357567362259260779e-02,-9.428482059073238497e-02,1.812636847044103716e-01,-2.894990839626435664e-01,7.305956477054381670e-02,-3.065731265918941739e-01,-2.569283703472005076e-01,-4.191027302381696851e-01,-4.251709191652888742e-01,-3.001474596720139498e-01,-2.432905849233656659e-01,-4.634434067652710154e-01,-2.578801555029268666e-01,-4.957817596854193765e-01,-3.752938022253005101e-01,-4.257875687028017109e-01,-2.221100138522722200e-01,8.099557620983957595e-02,-3.621252066669645719e-01,-5.170919165288886954e-02,-1.544528352473300836e-01,-1.627507931542964414e-01,-6.443093972027347238e-02,-3.893650297153581352e-01,-2.358058894499307501e-01,1.418383305777738135e-01,8.695652173913043237e-02
2.564949282809776965e-01,-6.713883551543857464e-02,2.916528888690290144e-01,1.000000000000000000e+00,2.255015863085928773e-01,1.681844586442647060e-01,4.240716743375486097e-01,7.224004647213906338e-01,-1.082443362080521970e-01,3.057598641583627597e-01,-4.080164439876670102e-01,-2.765762545243308224e-01,-2.604808079002636223e-01,-5.997140176057911415e-02,-1.412618973144465773e-01,2.138969569685866268e-01,-3.567809106751865800e-01,-3.740202868760891808e-01,-7.587470396353724819e-03,9.494615487734035797e-02,-2.685732159613923864e-01,-3.207113812055945035e-01,1.077304615934581572e-01,4.176504758925778660e-01,7.893114080164440050e-02,2.339872201617587966e-01,1.601188614325930459e-01,1.476250055855936327e-01,-2.756780910675186713e-01,-4.326153983645381618e-01,-2.210063005496224198e-01,2.473881764153894325e-01,-1.073908575003351407e-01,4.434067652710130258e-02,-1.290495553867465096e-02,2.713168595558335672e-01,-3.981411144376423988e-02,-8.786809062067116316e-02,2.333884445238839853e-02,1.917869431163143901e-02,-1.604986817999017046e-01,-1.818982081415612961e-01,-2.616247374770990786e-01,-4.580008043254837347e-01,-3.567630367755484921e-01,-2.903838419947272209e-01,-3.394074802269985147e-01,-6.242012601099244939e-02,-3.958755976585191516e-01,-3.182537200053621729e-01,-1.523213727154922037e-01,-8.855623575673622627e-02,-5.384467581214531506e-01,-4.461012556414495900e-01,-4.628088833281200909e-01,-5.013226685732159460e-01,-2.700835604808078938e-01,-1.980070601903570204e-01,2.364091335627150348e-01,3.060011618034764735e-01,3.072523347781402209e-02,4.840430760981276892e-01,-3.129362348630412294e-01,-1.065105679431609942e-01,4.855578890924527324e-01,7.879038384199472667e-01,4.284641851736002427e-01,7.310201528218418510e-01,8.858751508110282447e-02,5.657536082934894184e-02,5.046248715313463723e-02,1.026900218955270616e-01,-9.092899593368783395e-02,-1.011886143259305565e-01,8.222887528486527708e-02,-2.266276419857902458e-01,-2.045220966084275449e-01,1.251843245900174373e-01,-2.495151704723178043e-01,-3.993073863890254094e-01,-4.128870816390365905e-01,-4.137271549220251088e-01,-4.874346485544483465e-01,-2.541981321774878233e-01,1.836543187810000350e-03,-2.772241833862102919e-02,-2.514232092586800027e-01,-6.156664730327539303e-02,-3.804012690468742963e-02,-1.940256490459806027e-01,2.419991956745162764e-01,-4.215112382143974129e-02,1.741185933240984862e-01,-1.236605746458733640e-01,-1.538406541847267550e-01,-1.273068501720362768e-02,-3.379954421555923100e-02,-7.078064256669198973e-02,-2.442736494034586092e-01,-3.167433754859466655e-01,-2.689530363287009895e-01,-3.427901157335001558e-01,-3.096965905536440689e-01,-2.896242012601099036e-01,-1.783413021135886456e-01,-6.568658116984673039e-04,1.406944010009383850e-01,1.188614325930559832e-03,1.362884847401581861e-02,1.593636891728852922e-01,1.263818758657670183e-01,-1.269493721792752106e-01,-3.836632557308190528e-01,-1.547075383171723495e-01,-9.537959694356315521e-02,3.976942669466911051e-02
2.436972161401313730e-01,1.627999463783010858e-01,3.301353947897582297e-01,2.255015863085928773e-01,1.000000000000000000e+00,5.029357880155502780e-01,2.990437463693641496e-01,2.637785423834845266e-01,3.510523258411903935e-01,3.893784351400866872e-01,-1.892845971669869162e-02,-5.704455069484784535e-02,7.810447294338442037e-02,-2.593949684972518890e-02,9.319004423790160085e-02,1.369632244514946973e-01,-7.860941060815943016e-02,-1.220563921533580620e-01,3.405245989543768670e-01,3.172617185754502134e-01,9.395862192233790655e-02,-1.079136690647482071e-02,1.455516332275794134e-01,1.247910987979802544e-01,3.543992135484159145e-01,3.058626390812815843e-01,2.248045042227087842e-01,2.762545243308459075e-01,-3.356271504535501826e-02,1.701684615040886528e-01,1.138567406944009965e-02,2.035345636534250935e-01,1.724875999821260941e-01,1.039858796192859314e-01,-2.028687608919076124e-03,7.570490191697573645e-02,-3.036730863756200161e-01,-1.200411099691675171e-01,-1.148666160239510264e-01,8.457929308726931661e-02,-2.410876267929755457e-01,-1.061799007998570077e-01,-6.260333348228250272e-02,-1.312659189418651506e-01,1.391036239331516072e-02,-2.373966665177175139e-01,-1.374994414406363052e-01,-2.617632601992939817e-02,-3.544617721971491386e-01,-2.949104070780642628e-01,-6.673220429867286752e-02,-2.865945752714598727e-01,-3.470887885964520359e-01,-2.870771705616873004e-01,-2.796014120380714285e-01,-3.265203985879619464e-01,2.151570668930694041e-02,-1.357969525001117075e-02,-3.151615353679788900e-02,-8.911032664551588045e-02,1.166048527637517374e-01,-7.562000089369498579e-02,-1.813485857276911362e-01,-1.733097993654765523e-01,8.168372134590463907e-03,-4.061843692747665532e-03,8.269359667545467252e-02,-5.447070914696813815e-02,-3.812055945305867222e-02,-5.822869654586889515e-02,4.652129228294383384e-02,2.544215559229635049e-01,5.312122972429509510e-02,7.274677152687787987e-03,2.565664238795299368e-01,8.850261405782205992e-02,2.093212386612449127e-01,2.159792662764198623e-01,1.056436838107153997e-01,-1.348809151436614617e-01,-1.515036418070512536e-01,-2.237588810938826445e-01,8.606729523213726973e-02,-1.593636891728852922e-01,-1.985968988784128086e-01,-5.767996782698064928e-01,2.662942937575405455e-01,-1.027436435944412141e-01,2.195004245051163927e-01,-2.384288842218151017e-01,-9.568792171231958743e-02,-7.323830376692434807e-02,-1.468117431520621907e-01,-1.324411278430671635e-01,-2.137807766209392779e-01,-1.351981768622369240e-01,-1.132177487823405881e-01,-1.287501675678091040e-01,1.175923857187541888e-01,-1.452030921846373945e-01,-2.370123776754993472e-01,-8.065150364180705134e-02,-3.618570981723937680e-02,-2.099021403994816570e-01,-1.215916707627686666e-01,-5.326868939630904215e-02,6.141471915635193790e-02,-2.865409535725456647e-01,1.641315519013360757e-01,-8.649626882345055889e-02,4.742392421466553459e-02,2.269851199785513085e-01,-1.752580544260244066e-01,-1.960364627552616257e-01,2.327002993878189430e-01,1.109030787792126549e-01
1.896688860092050621e-01,1.064614147191563498e-01,3.986773314267840623e-02,1.681844586442647060e-01,5.029357880155502780e-01,1.000000000000000000e+00,3.499709549130881892e-02,2.106394387595513784e-01,1.872827204075249163e-01,4.418517360025023266e-01,-5.570847669690334736e-02,-9.374860360159077699e-02,-2.660306537378792635e-01,-7.601322668573215480e-02,-3.299030340944635320e-01,1.820367308637562132e-01,1.255283971580499480e-01,-9.584878680906207260e-02,2.115465391661825734e-01,2.567183520264533780e-01,1.473122123419277063e-01,6.860002681084945153e-02,-1.505607936011439385e-01,-1.461325349658161576e-01,1.519192099736360047e-01,2.479601412038071329e-01,-2.448724250413333945e-03,4.919656821126949242e-01,4.182492515304526287e-02,7.961034898789043357e-02,2.104696367129898493e-01,3.673622592609142590e-01,6.094106081594351937e-02,2.643996603959068714e-02,-3.695339380669377394e-01,5.232137271549220509e-02,-2.474730774386701693e-01,-7.343491666294293951e-02,1.870056749631350893e-02,2.597971312391080811e-01,-3.700612181062603590e-01,-3.443406765271012776e-02,-3.734751329371285844e-02,-1.116135662898252862e-01,-1.251038920416461808e-01,-8.937396666517717636e-02,-3.085303186022610444e-01,-2.703427320255596608e-02,-2.897761294070334004e-01,-2.142544349613476895e-01,-2.384333526967246097e-01,-1.244336208052191778e-01,-2.879485231690424030e-01,-2.625675856830063659e-01,-1.752803968005719748e-01,-2.812904955538674673e-02,3.041690870905760027e-02,1.396085615979266170e-01,2.265025246883238808e-01,2.694222261941999208e-01,-2.324500647928861782e-02,4.949282809777023201e-02,9.403011752089011910e-02,1.705348764466687594e-01,-1.549443674873765553e-01,-3.613208811832521739e-02,-1.925510523258411877e-01,-2.619866839447696633e-02,6.318423522051923487e-03,-3.218195629831538396e-02,-2.065686581169846603e-01,1.650341838330577904e-01,-1.025068144242370083e-01,1.671567094150766264e-01,-1.018410116627195133e-01,2.531212297242950715e-01,-3.409893203449662624e-02,3.824567675052504417e-02,9.839134903257518161e-02,-2.075159747978014974e-02,-9.190759193887126921e-02,-1.489387372089905626e-01,-1.513785245095848886e-01,-8.007507037847982206e-03,-6.329862817820277598e-01,-3.488002144867956567e-01,8.328790383841994105e-02,2.331650207784083384e-01,1.159345815273247204e-01,-1.532061307475758583e-01,9.895884534608338778e-02,-2.023057330533089004e-01,9.836453818311810537e-02,-6.997631708297958296e-03,-9.537959694356315521e-02,3.266008311363331751e-02,-2.041422762411189140e-01,-1.665221859779257296e-01,1.011081817775593139e-01,2.467044997542338844e-02,5.233030966531122818e-02,1.748961079583538081e-01,1.484606103936726429e-01,1.115286652665445216e-01,1.407524911747620455e-01,1.992448277402922296e-01,1.249251530452656495e-01,1.999419098261763228e-01,3.220787345279056413e-01,-1.366012779838241264e-01,-8.475356360874033990e-02,2.379462889315876392e-02,-3.848250592072925691e-02,-3.252870995129362175e-01,-9.113454577952544156e-02,2.785691943339738130e-01
5.221502301264578927e-01,-3.333482282496983556e-02,8.450958487868091007e-01,4.240716743375486097e-01,2.990437463693641496e-01,3.499709549130881892e-02,1.000000000000000000e+00,6.667322042986728592e-01,1.046382769560748882e-01,2.076053442959917839e-01,-6.524420215380490051e-02,-2.497117833683363819e-01,2.732293668171053014e-01,1.538495911345457746e-02,1.135931006747397110e-01,2.118369900353009594e-01,-3.853791500960722094e-01,-4.258724697260825032e-01,2.474194557397560168e-01,2.311184592698511953e-01,-2.078064256669198695e-01,-1.855757629920908036e-01,4.832119397649582426e-01,4.103087716162473475e-01,2.685151257875686981e-01,2.815675409982573152e-01,1.173555565485499830e-01,-1.782742749899459411e-01,-2.233879976763930575e-01,-1.923589079047321182e-01,-3.715983734751329703e-02,3.280084007328298856e-01,8.741230617990079776e-02,2.434425130702891002e-02,1.205594530586710789e-01,-1.061799007998570077e-01,-1.214576165154832715e-01,-3.504222708789490048e-01,-2.752669913758434284e-01,6.972161401313731188e-02,-4.481031324009115413e-01,-3.727244291523302833e-01,-3.228517806872514551e-01,-4.736315295589615393e-01,-1.625988650073729724e-01,-5.265829572366951261e-01,-3.777067786764377044e-01,-2.478841771303454122e-01,-4.502122525582019086e-01,-4.068680459359220736e-01,-1.528933375039099041e-01,-2.901380758747039712e-01,-3.975378703248581003e-01,-3.388176415389427820e-01,-4.770096965905536446e-01,-5.008043254837124536e-01,-3.175923857187541999e-01,-2.319630010277492216e-01,8.111175655748692481e-02,3.787926180794495140e-02,3.298270700210018114e-01,3.471021940211805878e-01,-2.115107913669064810e-01,-2.424907279145627481e-01,4.457393091737789637e-01,4.372268644711559960e-01,4.858394030117521023e-01,2.591804817015952445e-01,-1.585057419902587139e-01,-1.873810268555342051e-01,-6.762143080566603015e-02,1.560302068903883232e-01,-2.229054023861656020e-01,-1.229232762858036565e-01,1.520622011707404263e-02,-2.988650073729836043e-01,-1.215425175387640187e-02,-2.342374547566915266e-02,-3.875910451762813458e-01,-3.519236784485454961e-01,-4.606863577461012826e-01,-4.733723580142097376e-01,-3.437955225881406673e-01,-2.707851110416015228e-01,1.074131998748827088e-01,-1.720943741900889112e-01,1.834308950355243925e-02,1.123017114258903493e-01,-3.207024442557755012e-02,-5.770588498145583223e-02,4.605210241744492339e-02,1.380222530050493890e-01,-8.441842799052683144e-02,2.236918539702399678e-02,-3.072389293534116828e-01,-2.656374279458421084e-01,-2.968139773895169808e-01,-4.283033200768577853e-01,-3.374190088922650599e-01,-2.959202824076142546e-01,-3.598909692122078674e-01,-2.826891282005451478e-01,-4.772643996603959105e-01,-3.819741722150230001e-01,-4.750390991554582221e-01,-1.961839224272755589e-01,7.980696188390902501e-02,-3.519907055721882005e-01,-1.130390097859600568e-01,-1.646096787166539954e-01,-1.344251307028911102e-01,-5.216050761874971992e-02,-4.142901827606237930e-01,-2.744760713168595823e-01,1.611153313374145413e-01,7.551722597077617245e-04
4.657714821931274729e-01,9.272085437240269387e-03,3.989186290718977346e-01,7.224004647213906338e-01,2.637785423834845266e-01,2.106394387595513784e-01,6.667322042986728592e-01,1.000000000000000000e+00,2.656061486214754755e-02,4.088833281201126324e-01,-9.797131239108092249e-02,-3.476920327092363622e-02,1.433039903480941846e-01,2.463380848116537847e-01,6.748737655838062122e-02,4.518432459001742729e-01,-3.665624022521113412e-01,-4.774520756065954719e-01,1.366325573081907108e-01,1.410474105187899396e-01,-1.910630501809732207e-01,-2.394923812502792737e-01,2.575941731087180164e-01,3.831538495911345210e-01,6.899772107779614250e-02,3.500692613610974502e-01,1.722016175879172439e-01,-1.410250681442423715e-02,-2.327002993878189430e-01,-2.797980249340900061e-01,-1.183252156039143882e-01,3.292640421824031272e-01,-1.307028911032664664e-01,-5.456454712006791885e-02,-2.393047053040797123e-01,-8.222887528486527708e-02,-2.199517404709772639e-01,-2.696099021403994822e-01,-1.572009473166808280e-01,3.430448188033424078e-02,-4.177979355645918269e-01,-3.041333392912998757e-01,-2.897091022833906959e-01,-3.913356271504535577e-01,-3.271772643996603835e-01,-5.215157066893069127e-01,-3.926136109745743674e-01,-2.040618436927476576e-01,-5.288663479154565028e-01,-5.045086911836990096e-01,-2.210420483488985122e-01,-2.802225300504937455e-01,-5.044818803342419056e-01,-4.315876491353500821e-01,-5.272442915233030991e-01,-5.581437955225881931e-01,-2.879842709683185231e-01,-2.830421377183967024e-01,2.228651861119799737e-01,3.762500558559363495e-01,2.844586442647124569e-01,6.267840386076232173e-01,-2.004647213905893788e-01,-9.733678895393002573e-02,3.063943875955136287e-01,6.154162384378211170e-01,1.610259618392242686e-01,3.832923723133294658e-01,-1.316099915098976614e-01,-1.389606327360471960e-01,-1.192189105858170589e-01,8.576790741319988143e-02,-2.377228651861119924e-01,-3.236069529469592226e-02,2.881272621654229482e-02,-1.905715179409267490e-01,-1.116448456141918705e-01,4.261584521202913672e-02,-3.883864337101747277e-01,-3.608963760668483789e-01,-3.847625005585593727e-01,-4.046829617051700412e-01,-4.514947048572322541e-01,-3.768577684436301700e-01,-8.683587291657357543e-02,-1.540283301309263164e-01,-2.397604897448500916e-01,-6.257205415791590453e-02,-2.958577237588810860e-02,-1.693015773716430583e-01,1.984941239554939840e-01,-1.012467044997542309e-01,2.257786317529827114e-01,-9.758702354886276964e-02,-2.687787658072299801e-01,-1.679923142231556366e-01,-2.610974574377765145e-01,-3.444389829751106080e-01,-3.742571160462934143e-01,-4.169980785557889091e-01,-2.939809642968854719e-01,-2.920773939854327539e-01,-4.287993207918137650e-01,-4.302247642879485356e-01,-3.278207247866303242e-01,-1.738817641538942804e-01,3.375932794137360970e-02,-1.168059341346798369e-01,-4.932749452611823876e-02,-4.391170293578801342e-02,-1.474462665892131152e-01,-1.142991197104428203e-01,-4.347960141203807138e-01,-2.563340631842352391e-01,-5.027034273202555734e-03,-2.751240001787389963e-02
1.419366370257831023e-01,-1.321372715492202532e-01,2.262969748424862593e-01,-1.082443362080521970e-01,3.510523258411903935e-01,1.872827204075249163e-01,1.046382769560748882e-01,2.656061486214754755e-02,1.000000000000000000e+00,5.432548371240895069e-01,-6.206711649314088780e-02,-8.335939943697216747e-02,4.315429643862549458e-01,1.750390991554582332e-01,5.338308235399258361e-01,3.725456901559497935e-01,-2.777157156262567428e-01,-2.776620939273425903e-01,-7.681308369453505522e-03,-1.692658295723669520e-02,2.403950131820009883e-01,3.096429688547298609e-01,2.820769471379418469e-01,9.329728763572991967e-02,5.894365253139103450e-02,7.889092452745877226e-02,2.405469413289244296e-01,2.542696277760400636e-01,-3.687832342821394938e-01,3.427320255596764866e-03,8.980740873139997360e-02,1.445417578980293938e-01,8.882881272621653834e-02,7.952097948970016095e-02,2.152911211403547853e-01,5.265203985879619158e-02,-6.902900040216274069e-02,1.152866526654452821e-02,-2.648331024621296548e-01,2.229768979847178249e-03,-1.635238393136422552e-01,-4.706197774699494990e-02,3.913490325751820681e-02,2.104964475624469256e-01,8.907457884623977418e-02,1.329818133071182865e-02,8.154966709861924054e-03,3.606506099468251292e-02,9.672460789132669712e-02,2.546092318691630663e-01,3.051253407212118351e-01,3.190044237901604185e-01,1.563966218329684160e-04,8.761338755082889729e-02,-1.851333839760489763e-01,2.538987443585504281e-02,-1.833862102864292354e-01,-1.523034988158541436e-01,-1.696322445149470448e-01,-1.612940703337950865e-01,1.780687251441083196e-01,-4.329952187318467788e-03,-3.161445998480718611e-01,-3.942937575405514039e-01,9.084409491040708329e-02,-5.538674650341838396e-02,-4.516287591045176075e-02,-3.072210554537736504e-01,-2.691094329505339666e-01,-2.673801331605523135e-01,8.330130926314849305e-02,2.176191965682112706e-01,-1.375798739890075617e-01,-5.014969390946869693e-02,-2.176147280933017625e-02,2.899146521292282966e-02,1.585861745386299704e-01,-1.384780374458197474e-02,-2.654005987756378748e-01,-1.052325841190401706e-01,-1.384333526967246042e-01,-1.598239420885651796e-01,1.761919656821126987e-02,-1.816971267706331827e-01,1.623307565128021823e-01,-1.583850931677018570e-01,9.733232047902050377e-02,-1.045623128826131676e-01,-1.273649403458599616e-01,-5.000223423745476029e-03,-2.612806649090665401e-01,2.282318244783055616e-01,-8.370347200500469209e-02,1.490415121319093872e-01,-1.992269538406541973e-01,-1.889449930738638928e-01,-2.999865945752714369e-01,-2.796729076366236133e-01,-2.973233835292014571e-01,-2.761874972072032031e-01,-4.572947852897806253e-01,-1.688234505563251386e-01,-1.469860136735332279e-01,-2.450243531882568548e-01,-1.300102774922918814e-01,-7.844407703650743691e-02,-2.479377988292595647e-01,-3.268376603065373809e-01,1.092229322132356184e-01,3.428213950578667263e-02,-1.261137673711962004e-01,-1.816881898208141596e-02,-9.978104472943384595e-02,3.186916305464945059e-02,1.588230037088341762e-01,5.759417310871799145e-02
3.167791232852227301e-01,1.565083337057062429e-01,2.279637159837347438e-01,3.057598641583627597e-01,3.893784351400866872e-01,4.418517360025023266e-01,2.076053442959917839e-01,4.088833281201126324e-01,5.432548371240895069e-01,1.000000000000000000e+00,-9.966933285669600517e-02,5.406854640511193563e-03,9.111220340497788728e-02,2.345457795254479727e-01,2.478663032307073522e-01,6.124447026229947744e-01,-4.759015148129943085e-01,-4.484069886947584793e-01,2.646811743152062135e-01,2.011394611019259038e-01,8.360516555699540331e-02,7.539657714821931811e-02,3.406050315027481235e-01,3.186692881719468962e-01,2.540327986058358301e-01,3.490102328075427862e-01,3.353098887349747481e-01,3.011528665266544613e-01,-2.003217301934849537e-01,-5.699539747084320096e-02,7.038294829974529876e-02,3.730372223959962374e-01,7.666115554761160356e-02,9.960230573305331458e-02,6.154877340363733990e-02,5.603467536529782404e-03,-1.627597301041154576e-01,7.219268063809822222e-02,-1.534653022923276322e-01,1.423075204432727170e-01,-2.858796192859376917e-01,6.005630278385987175e-02,-2.267840386076232229e-01,-6.486885026140577770e-02,-2.519415523481835506e-01,-1.600607712587693854e-01,-3.651995174047097947e-01,-1.621073327673265008e-01,-2.820992895124894151e-01,-1.917109790428526694e-01,-4.189642075159748236e-02,2.309754680727467771e-02,-4.447517762187765400e-01,-3.067071808391795829e-01,-4.649314089101389547e-01,-3.239197461906251352e-01,-1.842799052683319339e-02,3.388891371374949668e-02,1.347513293712855886e-01,1.714330399034809382e-01,2.183922427275570843e-01,2.761651548326556349e-01,-2.355333124804504241e-01,-1.824210197059743521e-01,1.633942535412663544e-01,2.376513695875597521e-01,3.539925823316501796e-02,6.261227043210151888e-02,-8.273828142454979495e-02,-5.612851333839760648e-02,8.889583984985924281e-02,3.062067116493140673e-01,6.926136109745743841e-02,2.682246749184503121e-01,5.666919880244872254e-02,2.583895616426113984e-01,1.200366414942580090e-01,1.696233075651280287e-01,-3.694892533178426031e-01,-3.107109343581035965e-01,-2.883060011618034935e-01,-2.703650744001072637e-01,-2.071763707046784808e-01,-2.462710576880110802e-01,-8.349792215916707061e-02,-1.682693596675454706e-01,4.281245810804772123e-02,1.096876536038250138e-01,-4.821037579873989343e-02,-6.737119621073327236e-02,-9.704633808481165358e-02,-3.829482997452969117e-03,1.130970999597837312e-01,3.631082711470574875e-02,-2.805531971937977320e-01,-1.020733723580142110e-01,-3.613834398319853425e-01,-1.266321104606997761e-01,-3.144823271817328569e-01,-2.149872648465078750e-01,-1.919522766879663833e-01,-1.356584297779167836e-01,-2.518611197998123497e-01,-2.499173332141740034e-01,-3.114392957683542740e-01,-2.217525358595111573e-01,-2.809687653603825108e-01,1.990705572188211994e-02,1.764109209526788513e-01,1.288529424907279008e-01,-8.852942490727915004e-02,-1.857991867375664574e-01,-3.290674292863845496e-01,-1.862326288037892685e-01,2.774922918807811063e-03,-1.679208186246034240e-01
2.966263014433174194e-01,2.906608874391170549e-01,-6.801465659770319916e-02,-4.080164439876670102e-01,-1.892845971669869162e-02,-5.570847669690334736e-02,-6.524420215380490051e-02,-9.797131239108092249e-02,-6.206711649314088780e-02,-9.966933285669600517e-02,1.000000000000000000e+00,4.304615934581527137e-01,5.244336208052191584e-01,4.714330399034809549e-01,8.665713392019304406e-02,3.813396487778721033e-02,3.714509138031190094e-01,3.205862639081281662e-01,3.520622011707404408e-01,2.008311363331694854e-01,-4.088207694713794083e-02,-1.276866705393449319e-01,-2.959917780061665019e-02,-1.014611912954108824e-01,-4.943473792394655758e-02,2.557755038205460421e-02,1.340631842352205116e-01,-3.186916305464944643e-01,4.410161311944233442e-01,2.543858081236873847e-01,2.488940524598954318e-01,-2.778497698735421517e-02,1.149425800974127471e-01,1.571115778184905554e-01,-2.596630769918226722e-01,-4.887260378032977082e-01,-2.891594798695205082e-01,-1.307922606014567113e-01,-3.970239957102640604e-02,9.976763930470530783e-02,5.676303677554850324e-02,9.848518700567496231e-02,-2.160507618749720610e-02,1.703382635506501541e-01,4.057375217838152248e-03,3.900978596005183485e-02,-1.657357343938513708e-02,-3.721390589391840309e-01,1.021984896554805899e-01,-7.980696188390902501e-03,-2.246302337012377748e-02,-1.864828633987220263e-01,4.606103936726395343e-02,-1.200098306448009328e-01,9.251083605165556778e-02,1.498413691407122772e-01,4.827740292238258957e-01,2.606014567228204792e-01,2.534250860181420095e-01,2.710934358103579411e-01,4.491845033290138289e-01,1.200455784440770390e-01,5.828678671969257374e-01,4.064837570937039346e-01,-4.109567004781268240e-01,-4.020286876089190775e-01,-3.635104338889136866e-01,-3.406229054023861558e-01,1.364806291612672695e-01,1.226372938915947924e-01,-8.750167567809107039e-02,-5.032843290584923523e-02,2.671433039903480799e-01,2.905357701416506622e-01,-9.893203449662629767e-03,2.629474060503150246e-01,-1.069306045846552498e-02,-7.913669064748200810e-02,2.759774788864560735e-01,2.959158139327047743e-01,4.472005004691898544e-01,3.048706376513695693e-01,2.759908843111845700e-01,1.444077036507440126e-01,-1.170651056794316108e-01,-9.123732070244425230e-02,1.695786228160328923e-01,1.146074444791992525e-01,-2.269985254032798674e-02,6.998078555788908584e-02,-2.750346306805487306e-01,-2.331382099289512622e-01,-1.557352875463604291e-01,-1.809196121363778609e-01,1.024442557755038258e-01,-1.883596228607176404e-01,-3.098753295500245586e-01,-2.590598328790383875e-01,1.790964743732963854e-02,7.088788596452030855e-02,2.545779525447964819e-01,2.506367576746056369e-01,1.333437597747888781e-01,1.511595692390187151e-01,-1.891147951204253941e-01,-1.187050359712230191e-01,-3.380133160552303284e-01,-8.145136065060994135e-02,-3.660574645873363592e-02,-4.809553599356539699e-01,-3.954555610170248925e-01,-1.598865007372983482e-01,4.430939720273470439e-02,-6.759461995620894004e-02,3.467536529782385551e-02,-2.959202824076142546e-01
-1.745162875910451772e-01,2.544126189731444887e-01,-2.964743732963939227e-01,-2.765762545243308224e-01,-5.704455069484784535e-02,-9.374860360159077699e-02,-2.497117833683363819e-01,-3.476920327092363622e-02,-8.335939943697216747e-02,5.406854640511193563e-03,4.304615934581527137e-01,1.000000000000000000e+00,2.083739219804280896e-01,4.693194512712811073e-01,3.436123151168506418e-01,2.464051119352964891e-01,3.124312971982662335e-01,3.840341391483086952e-01,2.698646052102417481e-01,3.410786898431565628e-02,-7.931542964386254640e-03,-7.169221144823272052e-02,2.157871218553107928e-01,1.606908262210107741e-01,1.568390008490102294e-01,1.858974931855757740e-01,7.319361901782921176e-02,-8.150051387461459962e-02,5.890477679967827118e-01,5.395906876982885514e-01,4.043031413378613825e-01,8.499039277894454569e-02,5.698646052102417786e-02,1.424505116403771421e-01,-1.391751195317038337e-01,-3.227713481388801986e-01,-3.955717413646722136e-01,-1.629474060503150190e-01,-1.674337548594664604e-01,-2.306179900799857144e-02,3.170829795790696543e-02,2.809151436614683583e-01,-1.407435542249430294e-01,1.180392332097055241e-01,1.771794986371151570e-01,6.982438893605612262e-02,-1.171097904285267471e-01,-1.952857589704633801e-01,4.112337459225166164e-02,-8.990571517940926238e-02,-2.652173913043478493e-01,-2.864337101747173597e-01,9.940569283703472314e-02,1.046516823808034402e-02,1.008624156575360781e-01,1.466151302560436132e-01,1.634523437150900427e-01,4.280352115822869813e-02,-3.368827919031234797e-01,-1.941284239688994273e-01,4.327717949863711666e-02,3.877742526475713714e-02,4.473703025157513835e-01,3.988471334733455498e-01,-4.994414406363108239e-02,-1.890075517225970891e-01,-5.001251172974663373e-01,-4.381205594530586667e-01,-6.266589213101568523e-02,-1.090665355914026552e-01,-1.228339067876133839e-01,-1.742258367219268189e-01,2.747799276107064648e-01,3.482729344474730926e-01,-7.843514008668840687e-02,2.620671164931409058e-01,2.450824433620805154e-01,1.596809508914607545e-01,2.846195093614549143e-01,3.069976317082979689e-01,3.705438133964877867e-01,3.402430850350775526e-01,3.279279681844586292e-01,5.818848027168327386e-02,2.737834577058849764e-02,7.911881674784396190e-02,1.350998704142276352e-01,-7.034720050046919249e-02,-4.644085973457259126e-02,-1.002636400196612876e-01,2.390634076589659776e-02,-1.817909647437329634e-01,1.344027883283435421e-01,3.302202958130390220e-02,-5.471200679208186590e-02,5.681665847446266265e-02,-1.471647526699137454e-01,1.360203762455873822e-01,1.025157513740560383e-01,1.322981366459627384e-01,2.387238035658429680e-01,2.084543545287993183e-01,1.195451092542115373e-01,5.462263729389159328e-02,8.391349032575182165e-02,-1.643817864962688335e-01,-1.854997989186290830e-01,6.537825640109030945e-02,-5.997140176057911415e-02,1.781134098932034629e-02,-2.524241476384110339e-01,2.930872693149827804e-02,2.378122346843022580e-02,8.711738683587291754e-02,-2.604227177264399617e-02,-1.623307565128021823e-01
3.573394700388757284e-01,-5.404620403056437095e-02,2.781536261673890897e-01,-2.604808079002636223e-01,7.810447294338442037e-02,-2.660306537378792635e-01,2.732293668171053014e-01,1.433039903480941846e-01,4.315429643862549458e-01,9.111220340497788728e-02,5.244336208052191584e-01,2.083739219804280896e-01,1.000000000000000000e+00,5.326198668394477309e-01,5.631395504714240552e-01,2.634389382903615240e-01,-1.234148085258501282e-01,-1.231064837570937098e-01,5.414897895348317475e-02,-1.068680459359220708e-01,2.727110237276017535e-02,6.825148576790741883e-02,2.934313418830153397e-01,1.089146074444792001e-01,2.904508691183699232e-04,9.522766879663970008e-02,1.291970150587604393e-01,-2.557933777201841230e-01,3.781223468430224693e-02,1.815541355735287576e-01,1.360248447204968902e-01,-1.048304213771839716e-02,-2.398230483935832533e-02,-3.507305956477054648e-02,4.767862728450780047e-02,-3.116359086643728515e-01,-1.998123240538004497e-01,-2.586934179364582809e-01,-1.363197640645247843e-01,1.015058760445060049e-01,-1.738683587291657215e-02,-6.845256713883551836e-02,8.056660261852630067e-03,1.789936994503775747e-01,5.996246481076009105e-02,-1.236427007462353039e-01,2.043880423611421290e-02,-2.714196344787523918e-01,9.774788864560525481e-02,1.639930291791411509e-03,3.105858170606372037e-01,5.636981098351132730e-02,1.517047231779793635e-02,1.218106260333348158e-02,-5.695964967156709469e-02,-1.038607623218195664e-01,-1.612225747352428670e-02,-1.925242414763841114e-01,-3.082800840073282936e-02,-7.440904419321685281e-02,4.945663345100317354e-01,1.037356450243531875e-01,-3.464408597345725732e-02,-1.860002681084945708e-01,-1.321283345994012370e-01,-1.508154966709862044e-01,-1.217882836587872580e-01,-3.608070065686581063e-01,-3.018901648867241549e-01,-2.457482461235980242e-01,-2.798605835828231816e-02,7.551722597077617245e-04,-2.910317708566066350e-02,-4.812100630054962080e-02,3.381294964028776912e-02,-6.095893471558157251e-02,1.054247285401492540e-01,-1.168148710844988669e-01,-1.180615755842530923e-01,-4.892086330935251776e-02,-2.614504669556280345e-02,-9.880244872425041069e-02,2.235801420975021270e-01,-7.758612985388087246e-02,2.136511908485633771e-01,-1.364448813619911494e-01,1.176057911434827269e-01,-1.782474641404888649e-01,-6.355958711291835594e-02,-3.082353992582331781e-02,-3.325126234416193594e-01,9.674248179096473638e-03,-1.083515796058805158e-01,6.513249028106707361e-02,-3.935385852808436641e-02,-1.715402833013092709e-01,-2.887349747531167687e-01,-3.723312033602931281e-01,-2.604271862013494698e-01,-1.628848474015818504e-01,-1.685598105366638289e-01,-9.757361812413423152e-02,-1.638053532329415973e-01,-2.986594575271460106e-01,-2.675990884311184592e-01,-1.652263282541668599e-01,-2.660574645873363675e-01,-3.898297511059475307e-01,-7.279145627597301271e-02,-2.916037356450243423e-01,-4.090397247419455540e-01,-9.379328835068591677e-03,-8.769828857410966183e-02,1.380580008043254814e-01,2.719201036686179074e-01,-1.160060771258769330e-01
