1.000000000000000000e+00,4.086611159855881303e-01,3.173969048107976865e-01,7.846248623219519158e-02,9.892284428846118138e-02,1.682985793492262072e-01,4.909972557731439036e-01,1.320635839229376274e-01,4.135988575055538075e-01,1.998011835645079892e-01,6.506337857262867175e-01,3.622612802658353170e-01,3.898015569287061055e-01,2.556704687587507130e-01,-1.881242182687102027e-01,-1.353585229712322979e-01,-1.421070808520170925e-01,-1.964689080964026335e-01,5.409113820075792667e-01,5.488920417421173648e-01,-3.575428902122575192e-02,-3.429630182761774781e-01,-5.929956876435118346e-02,-2.291756118505796358e-01,-5.255567793604271065e-02,-4.025332760841562885e-02,1.565189388989489672e-01,-2.699563163888214490e-01,-2.679354826665670819e-01,-1.621894076576997079e-01,2.276868221106278234e-01,-7.756641215673829026e-02,2.462663580189295709e-01,2.108247615136184527e-01,-4.855648066906864124e-01,-4.977504807064050407e-01,2.212182873784232940e-03,-2.084352306457333825e-01,-1.158735788825209501e-01,-1.245636305934623989e-01,-2.359521720462224859e-01,2.173026303507756551e-01,5.560326320309145337e-02,1.645135997909160375e-01,-2.152584613661396029e-01,3.994996919745365596e-03,-8.485168107230198209e-02,7.203595497227770206e-02,-1.449259805477252916e-01,3.472287042395504758e-02,-6.955775010734220609e-02,2.003098922844288518e-02,8.120671308828196402e-04,8.072600668321915085e-02,-1.423731028431683698e-01,1.892303097056023398e-01,6.070435155972894181e-01,3.895075326226968282e-01,3.067840274796049815e-01,5.875352362461963573e-02,3.341982937256146591e-01,1.968096029271753158e-02,1.961048780032482730e-01,3.570295144398603557e-03,-2.735079433233147395e-01,-4.408591110198443186e-01,-2.084258965407806974e-01,-2.118701812683181918e-01,4.565170720779584412e-01,4.748119177852035966e-01,3.066720182201728706e-01,2.286529019732297940e-01,5.297617936416076923e-01,4.878049918793286865e-01,8.140272929228815901e-02,4.621315362069931126e-02,1.406416263744469652e-01,2.317938282898052982e-01,-1.992364702148710920e-01,2.385190509082084076e-01,-8.883267683461833208e-02,2.616722982433214439e-01,-1.737683648514943835e-01,1.682332406145574666e-01,2.458603244534881410e-02,2.614716149868389072e-01,-3.934325237552970811e-01,-6.623014169171317911e-02,-9.931487669647357658e-03,1.593005021748464534e-01,-2.898659622528795832e-01,-6.307988127018500368e-02,-8.142139750219351546e-02,-1.849926260570873837e-01,-1.629734724737244844e-01,-3.605811413743535976e-01,-9.446114212108200348e-02,6.999178598764164982e-02,-1.813849944928780655e-01,2.906966975936677300e-01,4.089224709242630929e-01,3.893488528385012915e-01,1.855713405641533087e-01,2.894085911101984543e-01,-9.301902290589354749e-02,1.018537532436014775e-01,3.979548976048686848e-01,-2.865616890996322552e-01,1.024838053279071015e-01,-7.961058114137435637e-02,1.253243601471054902e-01,-3.248735228778912298e-02,5.651800548845371114e-02,-1.484309369574551563e-01,-1.606539473929844974e-01,-1.307054716523232685e-01
4.086611159855881303e-01,1.000000000000000000e+00,1.378693972035021642e-01,2.785530270502361572e-01,-8.214012358354956956e-04,2.167565852110441005e-01,6.677618683144473377e-02,5.052177646685459544e-01,8.274217335299717535e-02,2.395458024530027763e-01,1.189538335169040700e-01,4.177712024194000229e-01,-2.914994306195978768e-01,3.582242798738028977e-01,-4.296441839192040035e-01,-1.984290701364646026e-01,1.113652061903784019e-01,2.458836597158698400e-01,4.411298000634719108e-01,7.252832900853136699e-01,-6.277185580674669169e-03,-1.619420538764537731e-01,-3.416469094778501470e-01,-3.687064797356581214e-01,-2.863470046857206630e-01,-1.234342038941885905e-01,9.889484197360315365e-02,-8.030130490787237840e-02,-1.349571564582672245e-01,7.869583885601209861e-02,6.764892564451994994e-02,-6.208113204024866272e-02,3.294939048294658838e-03,1.253803647768215457e-01,-4.846547314578005250e-01,-4.903998730561726638e-01,1.646069408404428058e-01,-5.053251068755016950e-01,-9.880150092407639570e-03,-3.690751768812888800e-01,-2.269214255045083617e-01,3.647768215505815120e-02,1.058300819534414849e-01,2.682388410775290999e-01,-2.039548602684488621e-01,1.552681688352903766e-01,2.717251292773535942e-01,1.286286333003528182e-01,9.543655608863665929e-02,1.817863610058431389e-01,2.416506431198312266e-01,3.008755390445609912e-01,1.026938226893423234e-01,-2.211016110665148249e-01,-1.330623331528739683e-01,1.174370414620942021e-01,5.368883827729759028e-01,8.428603431216981079e-01,2.973192450575914414e-01,4.704435566673511593e-01,5.085220378217932685e-02,1.428071387234678136e-01,-1.982890585621744639e-01,3.910149905725540109e-01,-4.326590998189183690e-01,-3.843177702690089292e-01,-2.023353930591595684e-01,1.178337409225829330e-01,5.143838557320739024e-01,4.899004984412044794e-01,1.609993092762335154e-01,1.911157989060428830e-02,2.805598596150615243e-01,6.625814400657120684e-01,-2.880971493643474587e-02,8.798327328392480107e-02,-2.308790860044430404e-01,-1.268971568316314136e-01,9.828812515167920094e-02,-1.583064199973864550e-02,2.576819683760523949e-01,1.365392872477458053e-01,-2.721358298952713389e-02,-3.989863162021393961e-02,1.958621912744786808e-01,1.961282132656299582e-01,-6.779827132376275989e-02,-3.037691115798906161e-01,-1.964129034666865781e-01,-4.963877013833143531e-02,-1.262531035898967757e-01,-6.081356058767525274e-01,6.209513319767767658e-02,-7.763081748091175127e-01,-2.471344297795284306e-01,-7.493419456008362789e-02,3.378945992868743770e-03,2.054576511658297022e-01,1.759478783579442518e-03,2.906966975936677300e-01,3.027750294024306177e-01,-2.790897380850150197e-02,3.208038531185244402e-01,1.982377209849347510e-01,-3.006795228405548248e-01,-1.793688278231000410e-01,2.493326114958836492e-01,-2.962084865682229617e-01,2.782403345343215095e-01,1.542040808706853228e-01,2.601088356637482057e-01,1.584650997815819362e-01,1.826824350813000541e-01,-3.757910653947393181e-02,1.983357290869378620e-01,-3.715440476412716631e-02
3.173969048107976865e-01,1.378693972035021642e-01,1.000000000000000000e+00,5.223598484141355192e-01,-2.092426307241398720e-01,2.653079321223887899e-01,6.944714096365299794e-01,9.920753448951780129e-02,1.568689678346743277e-01,-8.865999589299382311e-02,4.155543524931394339e-01,-6.757891985737487540e-03,2.543590270128997521e-01,-9.693467993354117074e-02,1.595151865887580178e-01,1.206946440905781598e-01,4.259152089906098615e-02,-3.300539511266264991e-02,6.180157559691601410e-01,4.661125319693094626e-01,2.037308417495846402e-01,-2.367035674949129198e-01,5.491580637332685866e-01,2.726538727201448520e-01,8.943472660406594221e-02,2.923395000653387088e-01,2.474424552429667634e-01,2.066104131274851957e-02,-1.134280433849198244e-01,-6.152575279556443677e-02,3.161554688520917811e-01,2.527862303283738288e-01,5.008027330259301468e-01,4.780461851513058136e-01,1.299260738887748068e-01,-2.563145220004853578e-02,1.528926391248343168e-02,4.226016017324098900e-02,1.097130696137547379e-01,1.194952116041592821e-01,-3.169955382978326131e-01,1.545074392816472852e-01,-1.647002818899695811e-02,-7.422946963615659199e-02,4.984412044729030940e-03,1.698293725614650751e-01,-2.081692086545821052e-01,-2.419073310060298188e-01,-3.857505553792446862e-01,-8.740455877685888997e-02,-3.953460152705957076e-01,-3.363311367073011371e-01,-1.577230384378441874e-01,-1.193552000298691296e-01,-3.365038176489256183e-01,5.740474545895793597e-04,1.269624955663001542e-01,-5.501988164354919969e-02,-6.414396923479007140e-02,-1.308128138592790368e-01,7.363675397166165315e-02,2.800044803703772844e-01,2.482171859540388548e-01,-2.933149140328933924e-01,4.050114809490917844e-01,1.593565068045625088e-01,4.600780331174043614e-01,3.203511490283196816e-01,3.927838034610861007e-01,4.645210670748781689e-01,2.537243078761177717e-01,4.072096626654470031e-01,2.348414135568540340e-01,3.276177497339780031e-01,6.519872309444246783e-02,-2.647945563499916055e-01,5.655067485578808145e-02,1.231355125357029567e-01,3.952060036963055828e-02,3.365318199637836738e-01,5.991561969122780745e-02,3.719594153116657642e-01,2.150671122146097514e-01,2.198975115276196046e-01,1.855666735116769661e-01,4.251684805943958118e-02,1.377480538391173681e-01,1.061661097317378177e-01,2.695689510332854311e-01,-3.675770530363843547e-02,-4.229516306681352367e-01,-1.545587768588869981e-01,-3.194410737954337387e-01,-2.744460208710586824e-01,-1.762979072936696201e-01,-3.484421378833983673e-02,-3.073394067242892214e-01,8.541172736946253674e-02,-4.144015905314839543e-01,-5.813747269774301174e-02,-5.193962700916609360e-02,4.292288162488099024e-02,-8.816062127802565263e-02,-1.220107528889054771e-01,-2.542236824910859561e-01,-3.582476151361845829e-01,8.108536972389716879e-02,-3.749976664737618148e-01,2.233324621502044138e-01,-1.336643829223215819e-02,-8.734855414714283450e-02,-1.389568204304889310e-01,-2.948643754550376098e-02,2.633711053447084782e-01,-1.373886907984393502e-01,2.762895065992122118e-02
7.846248623219519158e-02,2.785530270502361572e-01,5.223598484141355192e-01,1.000000000000000000e+00,-6.706554408497769453e-03,3.286911718035357421e-01,4.774441353818582590e-01,6.585817760934904452e-01,5.140291597438721716e-02,7.887785390258927887e-02,4.822932029047734270e-02,2.093359717736666126e-01,-2.240745234939421626e-01,3.777512274348012594e-02,-1.542787537103067208e-01,1.159435846696660194e-01,-1.341170870125263648e-01,-3.515223925177814873e-02,5.474639236843579226e-01,5.172680941624507867e-01,6.832098120111262940e-02,-3.199077790430675527e-01,2.924748445871525604e-01,3.474153863386039709e-01,-2.075811600425635228e-01,1.167556518005488514e-01,1.955308305486586906e-01,-1.438198891108331545e-01,-2.913920884126421362e-01,-5.189762353687905200e-02,7.042115481546475098e-02,3.363871413370171926e-01,3.441391155002146984e-01,5.797505927156645367e-01,-3.570295144398603904e-02,-5.649000317359568341e-02,-5.764276513525118384e-02,-1.946907611029178309e-01,1.246523045905128108e-01,1.700673922377583108e-02,-2.950463905016147970e-01,6.249183265816640742e-02,1.182584426979296915e-01,2.248399201000615966e-01,-7.914854294621688491e-02,1.516465361136520584e-01,-1.372020086993858135e-01,-1.082056116638975551e-01,-3.468460059364907311e-01,-2.385283850131610928e-01,-3.767571452573412749e-01,-3.235854163944219541e-01,-1.422844288461179441e-01,-1.314615341534900173e-01,-2.150297757947990385e-01,-2.020600369630556059e-01,8.710120036589691361e-02,2.415806373326861711e-01,-1.145574700841936328e-01,2.855769410271248934e-02,8.158474433886533927e-02,6.053353743909496432e-01,5.357309537588440806e-02,1.081496070341814858e-01,7.901319842440308883e-03,2.670767450109208796e-01,2.838407975059271671e-01,5.635419194653424890e-01,5.065758769391602856e-01,5.339201373980249077e-01,1.109591726249369997e-01,1.402169245991001789e-01,1.249929994212854861e-01,4.466462560905034573e-01,-4.043067560251647347e-02,-2.072171299494091675e-03,-1.330109955756342555e-01,-1.236768906229581680e-03,-6.757891985737487540e-03,3.721600985681483009e-01,1.297440588421976126e-01,5.274749379282021033e-01,2.588533985476132449e-01,2.928855452050702635e-01,2.401758545373084142e-01,1.546754531707954516e-01,7.821046539847294199e-02,6.250583381559542129e-02,-5.858084268299512676e-02,-2.658866466294547148e-01,-1.259030746541714152e-01,-3.820589168704612848e-01,1.124852987846995389e-01,-4.529374428286071508e-01,-4.105466051860287013e-01,-4.559243564134635163e-02,-4.702942109881083632e-01,2.363115350869005038e-01,-9.738738402374595704e-02,-9.283700785931636723e-02,1.138760804226482664e-03,-1.328523157914387465e-01,1.310975040603356602e-02,7.499019918979968335e-02,-3.304506505871152022e-01,-3.211958855265368840e-01,9.510052831034032650e-02,-4.609881083502903043e-01,2.142783803461086045e-01,-8.158941139134168186e-02,-2.512274348012769054e-02,1.256510538204491656e-01,5.116022924561763885e-02,3.782179326824350873e-01,1.535413594190453146e-01,1.752898239587805940e-01
9.892284428846118138e-02,-8.214012358354956956e-04,-2.092426307241398720e-01,-6.706554408497769453e-03,1.000000000000000000e+00,3.787919801370246420e-01,-1.226828084454981566e-01,9.251498123844904831e-02,4.115686896783467552e-01,5.055631265517949169e-01,3.090522149831052834e-02,8.392293762951071046e-02,-3.625366363619392240e-02,2.403532025314092727e-02,-2.318965034442847239e-01,-5.231765825974947492e-02,-1.425084473649821659e-01,-3.532958724587899335e-02,7.161125319693094349e-02,-1.077482405212164263e-01,-2.541070061791774748e-01,-9.497451789347918782e-02,-6.439599006851233487e-02,-1.448559747605802084e-01,1.683265816640842349e-01,8.074467489312449342e-02,5.440383071667257570e-02,-7.637631377527208387e-02,-1.247036421677525375e-01,3.262269680960292861e-03,3.696305561259730782e-02,1.123126178430750299e-01,-3.389680213564321559e-02,-5.798345996602385921e-02,-1.800828868519797621e-01,-9.285100901674538110e-02,2.461263464446394322e-01,-1.908777792297496612e-01,1.172503593630406793e-01,-3.132478951593331562e-01,2.264453861519218764e-02,-2.296236488883081073e-01,1.456260384191759849e-01,1.997171766199339060e-01,-1.758918737282282041e-01,-1.951854686654096727e-01,3.580095954598913610e-02,1.289133235014094381e-01,-7.582560158306420051e-02,-1.554828532492019411e-01,-9.172624936994791534e-02,-8.297085892433773979e-02,-1.910831295387085405e-01,2.310097634737804939e-01,1.534526854219948888e-02,-7.791177403998730822e-02,-4.783728788246494751e-02,5.851550394832639307e-02,-4.289954636249929815e-02,2.172979632982993334e-02,1.476982097186700649e-01,1.970569567084212159e-01,-1.160229245617637739e-01,3.646368099762913734e-02,-3.850738327701756503e-01,-1.676451920025388842e-01,-4.120167267160751989e-01,-2.025500774730711051e-01,-6.786827711090782922e-02,-7.696436238729068013e-02,2.922321578583829682e-01,-9.554856534806877022e-02,-1.444406070901861350e-01,-5.747008419362667486e-02,-3.899789049228069571e-02,9.664998973248455083e-02,-5.861817910280583271e-02,1.742770735714152253e-01,-9.615528216999272293e-02,6.677151977896839119e-02,-1.227948177049302675e-01,1.344717830007280679e-01,-3.169722030354509279e-01,-5.178094722497059849e-02,-8.048798700692590125e-02,5.571527246252357124e-02,-3.277717624656971696e-01,-2.619849907592360916e-01,-5.639479530307839328e-01,-3.881587544570350851e-02,3.814615341534900450e-01,2.065684096551981541e-01,2.259553456419063910e-01,9.996826404316090653e-02,-3.448671756865234195e-01,-8.890734967423973359e-03,-8.124871656056900648e-02,2.103487221610319813e-01,3.409328504489704259e-01,3.368118431123639511e-01,-1.561549088057946066e-01,4.496238355704071377e-02,5.479586312468497089e-02,1.569156383594377258e-01,3.475087273881307531e-02,1.230375044336998458e-01,-1.451920025388765516e-02,4.929807530755875994e-02,-1.332816846192618476e-01,-2.539343252375529936e-01,2.621063341236208877e-01,2.222590400806466748e-01,8.999010584875016816e-02,-1.293520264341852244e-01,2.409179158810461630e-01,3.168881960908768725e-01
1.682985793492262072e-01,2.167565852110441005e-01,2.653079321223887899e-01,3.286911718035357421e-01,3.787919801370246420e-01,1.000000000000000000e+00,1.471895009987492231e-01,2.974592566318815523e-01,4.268999570631172302e-01,7.055976627401198131e-01,8.884667799204734595e-02,1.250256687886198703e-01,6.184777941643175569e-02,1.603319207721171646e-01,-1.043459592659659874e-01,1.943640674295741833e-01,-6.484402710624077859e-02,-6.150708458565908032e-02,2.669367334366307687e-01,2.128875987081598753e-01,7.844848507476617772e-02,-1.861827244385535762e-01,2.821699927193981397e-02,8.423563014542535810e-02,2.479231616480295775e-01,4.648990983254615572e-01,4.179158810461665041e-01,1.193878693972034999e-01,-1.471101611066514825e-01,-1.346818003621632620e-01,3.037877797897959309e-01,5.065945451490656559e-01,2.172746280359176274e-01,3.179149476356712412e-01,-8.072133963074280827e-02,3.911456680418914922e-02,8.866932999794649439e-02,-3.436630761476281992e-01,-7.616629641383687588e-02,-3.540239326450986823e-01,-2.919101312375156354e-01,-2.942156551608266501e-01,2.001838818675677201e-01,1.215627158511770334e-01,-3.322661340004107178e-01,-7.263333768924898348e-02,2.103580562659846664e-01,9.016745384285100584e-02,-1.831164709615994979e-01,-2.208915937050796169e-02,-2.589000690723766707e-01,-9.896484776074822298e-02,-1.012843728414882238e-01,9.315436742770735398e-03,-2.223290458677917303e-01,-2.594227789497264847e-01,-6.319655758209345719e-02,1.721068941699180344e-01,-2.945376817816939413e-02,1.435538671196819049e-01,7.398678290738701369e-02,4.264472529729124162e-01,-1.986157522355181393e-01,1.980230365710232074e-02,-2.353407881718221906e-01,1.074355480053017751e-02,-2.262587040528683813e-02,1.551794948382399508e-01,2.369742565385405120e-01,2.394057908787126376e-01,4.446254223682490903e-01,4.068923030970560406e-01,-5.853883921070808516e-02,2.455102955177627944e-01,-1.765172587600574994e-01,-9.782608695652174335e-02,-9.110086433811861312e-03,2.866036925719192552e-01,1.048686691433158534e-02,1.708887934735938141e-01,-4.221348964847760482e-02,1.556508671383501075e-01,-2.168919297328579243e-01,-2.804525174081057282e-01,4.913006141841058660e-02,-8.992476711408142753e-02,-1.856133440364403364e-01,-2.315604756659883912e-01,-3.050478839584072066e-01,-1.758452032034648060e-01,1.951201299307409320e-01,-1.352045102395131315e-01,2.332639498198517680e-01,-3.040398006235182082e-01,-2.294649691041125983e-01,-2.275188082214796292e-02,-2.563611925252487489e-02,7.250732727238784481e-02,1.283906136240595824e-02,1.533966807922788333e-01,1.179970877592547707e-01,-1.906490936584091106e-02,2.422760281516605496e-01,2.973659155823548117e-01,-5.935090634159090328e-02,-1.235648813635260579e-01,2.893525864804823988e-01,1.416450426568596418e-02,1.717195288143819887e-01,8.591110198443070722e-02,4.164457595161200065e-01,3.955793678944125730e-02,2.504387029327757586e-01,5.226632068250975510e-02,2.757434614594806432e-01,1.837558571508577931e-01
4.909972557731439036e-01,6.677618683144473377e-02,6.944714096365299794e-01,4.774441353818582590e-01,-1.226828084454981566e-01,1.471895009987492231e-01,1.000000000000000000e+00,2.101807082718838149e-01,3.786893049825452162e-01,-3.119457875184348736e-02,6.147581533406761833e-01,1.152855302705023677e-01,4.353846584650997720e-01,3.953460152705957215e-02,6.091903597364049100e-02,6.909571191218473463e-02,-1.993158101069688326e-01,-2.541023391267011600e-01,5.772630537457763555e-01,3.804067802938376208e-01,1.249323277390931020e-01,-3.113157354341292149e-01,3.434297235238112922e-01,1.743704146209419936e-01,-6.055033882800978096e-02,4.249351279705788909e-02,2.086825844269792896e-01,-2.256613213358971137e-01,-2.752814232643231995e-01,-1.952181380327440430e-01,2.505973827169712953e-01,7.674967797337912956e-02,4.964390389605540799e-01,4.922620269942315496e-01,-1.097364048761364230e-01,-1.988957753840984166e-01,1.495323613418709195e-02,-2.459536655030149059e-03,3.314540668695278858e-02,2.502940243060092912e-02,-3.225539977971512151e-01,1.410523269923646961e-01,6.237515634625795391e-02,1.641262344353799918e-01,-1.055687270147665467e-02,1.338790673362331152e-01,-2.282748707226464058e-01,-1.184077883771725154e-01,-2.709130621464707622e-01,-4.507905986894916728e-02,-3.264043160901300977e-01,-2.656159575858271227e-01,-9.131554875203017063e-02,-2.714824425485840020e-02,-1.123732895252674280e-01,6.156775626785147837e-02,2.409739205107622184e-01,-2.513674463755670441e-02,3.116657643698545616e-02,-1.939627009166091098e-01,3.684777941643175847e-01,2.759394776634868651e-01,3.266703380812813751e-01,-2.910887300016801182e-01,1.538727201448653048e-01,-2.098773498609218455e-02,1.962448895775384117e-01,7.286669031306587663e-02,3.038437844195119863e-01,3.008942072544663615e-01,2.019060242313364673e-01,3.516530699871189269e-01,3.393927231317788729e-01,3.074234136688632768e-01,5.959359307036048159e-02,-4.014598540145985356e-02,1.488789739951836000e-01,2.160565273395934072e-01,-1.457100453637500681e-01,4.086237795657774452e-01,-7.033714787089065390e-02,4.461422144230589582e-01,5.475385965239792929e-02,2.995500961412810303e-01,6.447999701308641807e-02,6.590811507084586018e-02,-1.524352679821531775e-01,1.351205032949390483e-01,3.103589896764799017e-01,1.004163010808893503e-01,-2.866596972016353106e-01,1.401515858644314556e-02,-1.314568671010136747e-01,-5.223365131517538479e-02,-6.777026900890473216e-02,-1.393535198909776618e-01,-2.433354490637892609e-01,2.234258031997311822e-01,-2.852222450389232389e-01,6.555808613512049965e-02,2.047015886646629534e-01,2.683835197042955811e-01,1.277838968021356367e-02,7.099520227005431949e-02,-2.382156924972464451e-01,-2.588300632852315597e-01,8.963540986054847892e-02,-4.059355573394067274e-01,1.385881232848582278e-01,-3.721040939384322177e-02,-9.572591334216962178e-02,-1.026238169021972541e-01,2.044168984636063335e-02,1.821970616237608975e-01,-2.617563051878955549e-01,1.391715048444004676e-02
1.320635839229376274e-01,5.052177646685459544e-01,9.920753448951780129e-02,6.585817760934904452e-01,9.251498123844904831e-02,2.974592566318815523e-01,2.101807082718838149e-01,1.000000000000000000e+00,8.175275822801351955e-02,3.287845128530625383e-01,-2.563145220004853578e-02,5.980547725278623217e-01,-3.359811077715758043e-01,4.014271846472641792e-01,-4.970410887300016900e-01,3.999663972221703841e-03,-2.982479885003826992e-01,-1.095030522523195299e-01,3.261896316762185610e-01,5.750555379244683962e-01,4.005264435193309214e-02,-3.380346108611645417e-01,-1.297113894748632423e-01,8.844997853155861511e-02,-4.926633935071965675e-01,-1.861593891761718911e-01,9.093285044897045366e-02,-2.872664140235592911e-01,-4.814998039837959931e-01,-1.057974125861071146e-01,-1.566916198405734761e-01,7.806578677170646074e-02,7.071517912147404217e-02,3.490348535478933201e-01,-3.967274628035917794e-01,-4.050954878936658954e-01,1.967629324024119247e-02,-4.320523829969944440e-01,3.635167173819702641e-02,-1.983310620344615194e-01,-3.747596467974685930e-01,9.310769690294398021e-03,1.881895570033789433e-01,2.341226874754979703e-01,-3.025090074112793403e-01,5.874885657214330009e-02,1.066188138219426179e-01,9.464315716765919761e-02,-2.190761102917841152e-01,-1.275832135456531069e-01,8.238281031231915741e-02,9.308902869303863070e-02,1.182537756454533628e-01,4.737058263483114387e-03,-3.432150391098997416e-02,-1.143894561950454525e-01,-5.044617021673791779e-02,5.571293893628539440e-01,1.546101144361267110e-01,4.810424328411148642e-01,2.517221423637687194e-01,6.233035264248510954e-01,-1.537840461478148790e-01,4.721890342935016194e-01,-3.283644781301920945e-01,9.576791681445666685e-03,-3.230067018873560014e-02,3.373252188847611355e-01,4.041994138182089524e-01,4.511452946776933759e-01,-2.008232680568260153e-02,-1.252170179401497149e-02,4.607314204640917260e-02,4.235583474900591616e-01,-7.565292064143969153e-02,9.542255493120764542e-02,-2.144183919203987432e-01,-1.906397595534564116e-01,-1.411970056191311773e-01,3.962327552410999619e-03,6.048500009334104727e-02,2.374082924188399557e-01,2.540370003920324193e-01,1.708467900013067864e-01,4.748819235723486520e-01,2.898099576231635277e-01,8.781992644725297725e-02,-7.231597812085799326e-02,-1.514178505423114940e-01,-1.083642914480930364e-01,7.568092295629771926e-02,-5.699917859876416637e-01,3.041658110403793192e-01,-5.272135829895271408e-01,-3.291018724214535007e-01,-1.564395990068512265e-02,-2.731625814400657215e-01,2.615929583512237033e-01,1.898370265275262647e-01,4.216681912371422758e-02,3.464399723710493428e-01,-9.614594806504003777e-02,2.368902495939664288e-01,2.624890324266805908e-01,-2.642438441577837360e-01,-2.049582765508615456e-01,2.588487314951369300e-01,-4.341338884014411814e-01,3.244254858401627861e-01,1.405016148001568266e-01,1.438478914256911823e-01,3.104756659883883829e-01,3.044271659790542817e-01,3.184563257229264255e-01,3.602964511732970054e-01,1.469234790075979735e-01
4.135988575055538075e-01,8.274217335299717535e-02,1.568689678346743277e-01,5.140291597438721716e-02,4.115686896783467552e-01,4.268999570631172302e-01,3.786893049825452162e-01,8.175275822801351955e-02,1.000000000000000000e+00,3.818395654040733778e-01,5.069445740847909887e-01,1.522252506207179834e-01,3.478727574812850998e-01,3.110310452330726227e-01,2.985980174361080666e-02,1.709074616834991775e-02,-6.833498235854164327e-02,-1.024744712229544302e-01,2.601601732409879464e-01,1.088776672204902207e-01,2.024427352661153368e-01,-3.996583717587320339e-01,7.724438553587097134e-02,-7.488285698284391501e-02,1.726856086769839593e-01,2.196408236414210124e-01,4.556816696846939241e-01,-7.576492990087180246e-02,-2.504947075624918140e-01,-1.847499393283178193e-01,2.416506431198312266e-01,1.693580002613549462e-01,2.067784270166333760e-01,1.498917243825489687e-01,-3.891528366344951251e-01,-3.439617675061138469e-01,1.835505068418989416e-01,-1.739923833703586054e-01,-4.431833031530606204e-02,-2.042488845744581671e-01,-4.355760076166296235e-01,-1.325209550656187563e-01,2.195848190117049570e-01,1.222861089850094257e-01,-1.740530550525510034e-01,-1.273638620792652276e-01,1.855573394067242810e-01,2.356208113204024956e-01,-8.727388130752142606e-03,1.591464894431272870e-02,-1.077809098885507827e-01,-4.752926241902664245e-02,-6.174510426195232299e-02,4.227976179364160703e-01,1.738477047435921241e-02,1.393208505236432915e-01,2.549937461496817326e-01,9.767674127727891953e-02,-1.929172811619093708e-01,-2.224410551272238412e-01,2.465183788526518205e-01,2.674687774189333025e-02,2.385190509082084076e-01,-6.181977710157372796e-02,-2.532669367334366428e-01,-3.585369723897175454e-01,-3.694858774992065831e-01,-3.582662833460899532e-01,1.955681669684694035e-01,4.689921033472100459e-02,3.489228442884611536e-01,1.561642429107472918e-01,1.221414303582429445e-01,2.130836149121660694e-01,3.405081486736236812e-02,4.523307260066831981e-02,1.198405734874082862e-01,2.675154479436966937e-01,-9.349506225848003282e-02,2.123088842010939503e-01,-1.562855862751320879e-01,2.074878189930367545e-01,-3.972875091007523340e-01,-8.987809658931805723e-02,-7.932589094031773647e-02,6.356525472772416030e-02,-5.732960591408889917e-01,-1.826964362387290819e-01,-1.135353855918755928e-01,1.535180241566636294e-01,9.629996079675920417e-02,1.354098605484720108e-01,2.385703884854481205e-01,7.627830567326898681e-02,-1.280545858457632635e-01,-1.067634924487090992e-01,-9.190826441652509560e-02,1.939813691265144524e-01,9.174025052737692920e-02,2.880271435772023825e-01,1.654423432337073230e-01,1.201672671607519616e-01,7.319338398640953813e-02,1.935426661937386938e-01,-1.320449157130322848e-01,-8.665316332816845601e-02,4.105092687662180162e-01,-2.036515018574868718e-01,4.502772229170944746e-02,-1.151828551160229315e-02,2.463503649635036541e-01,1.040846043272910526e-01,1.669498011835645057e-01,6.356525472772415856e-03,2.349627569212388301e-01,2.850962346220620725e-01
1.998011835645079892e-01,2.395458024530027763e-01,-8.865999589299382311e-02,7.887785390258927887e-02,5.055631265517949169e-01,7.055976627401198131e-01,-3.119457875184348736e-02,3.287845128530625383e-01,3.818395654040733778e-01,1.000000000000000000e+00,1.135633879067336205e-01,3.737095599902925391e-01,-8.298019302929041455e-03,4.172064890697630979e-01,-2.568232307204061926e-01,6.739690481079768647e-02,-8.091268878227267369e-02,-3.326208299886124209e-02,1.392881811563089212e-01,1.376267104747325720e-01,8.112737319618422427e-02,-1.317975619317863500e-01,-1.283206078369145131e-01,-9.610394459275299617e-02,1.117339033360091050e-01,1.941867194354733317e-01,2.865103515223925146e-01,-6.823697425653854620e-02,-1.847126029085071064e-01,-8.496835738421042172e-02,2.451602665820374616e-01,2.717437974872589646e-01,6.756025164746952416e-02,1.504657718371385233e-01,-2.861369873242854966e-01,-2.356068101629734679e-01,2.037635111169190105e-01,-3.733501969496145212e-01,-7.600294957716505206e-02,-3.123611551888289539e-01,-2.774142662460096775e-01,-1.394235256781227172e-01,1.787061063714600329e-01,-2.573879440700431107e-02,-3.716140534284167463e-01,-1.073515410607276815e-01,2.838687998207851670e-01,2.329465902514607778e-01,6.664550936210726986e-03,-6.092370302611682664e-02,8.111337203875521040e-02,1.415610357122855378e-01,-1.359092351634401674e-01,2.313971288293165673e-01,-4.742192021207086716e-02,-1.018957567158885191e-01,-4.820131797561931497e-02,3.231280452517408253e-01,8.992010006160509883e-02,3.503976328709840216e-01,1.023951313308566792e-02,2.410905968226706719e-01,-2.806391995071592649e-01,2.035908301752945015e-01,-4.517660126570463008e-01,-1.737263613792073558e-01,-2.640804973211118845e-01,-6.835831762092332842e-02,1.729189613008008664e-01,2.437694849440887046e-01,2.812272481191778750e-01,1.090456811096384010e-01,-1.236908917803871827e-01,4.978811581757425220e-02,-1.523745962999608072e-01,-1.351438385573207335e-01,-1.240175854537308442e-01,1.690733100602983263e-01,-8.270483693318647633e-02,1.455186962122202027e-02,-2.047109227696156109e-01,8.979408964474397403e-03,-3.576782347340713430e-01,-3.070547165232325737e-01,9.506785894300595618e-03,1.299587432561091771e-01,-2.411699367147684125e-01,-2.631797561931786267e-01,-4.841786921052140258e-01,5.169694028039651529e-02,2.297636604625982459e-01,-7.469617488379039216e-02,3.067420240073179261e-01,-1.761905650867138240e-01,-1.267944816771519878e-01,1.161582690835775700e-01,8.808594843840424071e-02,1.888802807698769792e-01,1.716448559747605906e-01,2.007532622696809599e-01,1.941213807008045911e-01,1.331183377825900238e-01,2.009819478410215243e-01,4.599753579629249356e-01,-1.307661433345156665e-01,-5.052551010883566535e-02,2.532062650512442170e-01,9.932421080142625480e-02,2.036655030149158996e-01,1.602292456176377111e-01,4.773694625422368332e-01,1.571163216159202625e-01,1.639348852838501402e-01,-1.285959639330184756e-01,3.337315884779808450e-01,1.524912726118692607e-01
6.506337857262867175e-01,1.189538335169040700e-01,4.155543524931394339e-01,4.822932029047734270e-02,3.090522149831052834e-02,8.884667799204734595e-02,6.147581533406761833e-01,-2.563145220004853578e-02,5.069445740847909887e-01,1.135633879067336205e-01,1.000000000000000000e+00,2.407919054641850520e-01,7.188660929303488656e-01,2.840788171822203889e-01,-4.363694065376071130e-02,-1.964595739914499484e-01,-1.750798065973453721e-01,-2.141710381391528362e-01,4.620988668396587284e-01,3.021076408983142669e-01,-2.797897959564657477e-02,-3.026163496182350809e-01,1.383034330838016079e-01,-1.225054604513973189e-01,7.216663244161516944e-02,4.561577090372804372e-02,1.276718875427035327e-01,-2.256239849160864008e-01,-1.739177105307372073e-01,-2.683461832844848405e-01,3.414182239065096103e-01,-4.807064050628185345e-04,3.232820579834599917e-01,2.173633020329680532e-01,-3.219752832900852901e-01,-2.719304795863124458e-01,7.870517296096476989e-02,1.067821606586144383e-02,1.168676610599809623e-01,2.124442287229077672e-02,-1.246103011182257692e-01,9.832546157148991384e-02,-5.171094143782552915e-02,-1.043646274758713438e-01,-1.580964026359512331e-01,-1.443332648832303389e-01,-1.765265928650101845e-01,-9.693467993354117074e-02,-3.409748539212575230e-02,1.709541322082625339e-02,-1.985224111859913709e-01,-1.361425877872570744e-01,-1.188698265723299730e-01,6.285119569884443924e-02,-8.614445460824761425e-02,1.266358018929564788e-01,3.677403998730561785e-01,7.071517912147404217e-02,8.474433886534619986e-02,-1.741137267347434014e-01,3.062986540220657972e-01,7.681034965557152761e-02,3.426596598652155157e-01,-1.832798177982713217e-01,-1.526546194485410846e-01,-4.169638023409935057e-01,-2.075438236227528099e-01,-3.769718296712528116e-01,2.690229058935538764e-01,1.997685141971736467e-01,2.567065544084977669e-01,4.694168051225567906e-01,2.124815651427184593e-01,3.088468646741464041e-01,1.157429014131834992e-03,-2.300856870834655510e-02,3.148626953161461350e-01,3.840284130154759668e-01,-3.045158399761047074e-01,1.649896391435025367e-01,-2.935996042339499845e-01,2.267907480351709082e-01,-3.837670580768010042e-01,6.250583381559542129e-02,-2.610982507887318893e-01,2.506207179793529596e-02,-2.782590027442268799e-01,-5.483786659697201943e-02,1.765499281273918697e-01,1.685459331304721142e-01,-2.441288479847667503e-01,1.235462131536207014e-01,-1.718175369163850996e-01,1.303974461888849495e-02,5.483786659697201422e-03,-2.720378217932682419e-01,-3.859652397931562229e-02,3.456885769223588811e-02,-1.641495696977616769e-01,2.179746859073683485e-01,2.694056041966135795e-01,3.302172979632982952e-01,1.009390109582392198e-01,3.878787313084548077e-02,5.926223234454048444e-02,8.135139171504844613e-02,3.095935930703604955e-01,-2.043328915190322503e-01,-6.032632030914555910e-02,-1.716728582896186184e-01,9.346239289114566251e-02,-9.932421080142625480e-02,3.233800660854630610e-02,-8.918737282282002826e-03,-2.050376164429592862e-01,2.608415629025332902e-02
3.622612802658353170e-01,4.177712024194000229e-01,-6.757891985737487540e-03,2.093359717736666126e-01,8.392293762951071046e-02,1.250256687886198703e-01,1.152855302705023677e-01,5.980547725278623217e-01,1.522252506207179834e-01,3.737095599902925391e-01,2.407919054641850520e-01,1.000000000000000000e+00,4.465902514607874435e-02,7.699889857561558193e-01,-3.840330800679522816e-01,-7.275934810611010134e-03,-3.628773311927119272e-01,-2.411839378721974403e-01,2.898846304627848980e-01,4.830352642485112313e-01,1.179924207067784281e-01,-2.985980174361080319e-01,-1.652836634495118140e-01,-8.565441409823211505e-02,-3.306139974237870538e-01,-2.288722534396176733e-01,1.227108107603561843e-01,-3.529598446804935730e-01,-4.076483655982227616e-01,-2.241165269662292181e-01,6.556275318759684223e-02,-1.029551776280172512e-02,4.213414975637986420e-02,1.636361939253644926e-01,-5.549778781712622067e-01,-5.972940429742191748e-01,-1.731476468721414351e-03,-2.430647600201616687e-01,1.274151996565049405e-01,-7.247465790505348837e-02,-3.034610861164522833e-01,8.347490059178225286e-02,-3.241267944816771801e-02,-6.328523157914387257e-03,-1.731289786622360882e-01,5.702204715589822420e-02,1.393115164186906063e-02,8.147740213190957093e-02,-2.093173035637612561e-02,-2.178580095954598880e-02,1.895476692739933300e-01,2.873177516007989762e-01,-1.668937965538484433e-02,9.520320346481975227e-02,6.356525472772416030e-02,1.409916553101722980e-01,4.170011387608042047e-02,4.114846827337726443e-01,1.764752552877704439e-01,4.175098474807250604e-01,7.481285119569884567e-02,1.776466854593312938e-01,1.653069987118935269e-02,4.508652715291130986e-01,-4.020058991543301041e-01,-3.241827991113931939e-01,-3.478680904288087850e-01,-2.037028394347266125e-01,1.472081692086545934e-01,2.551944294061642693e-01,1.256417197154964804e-01,6.338790673362330874e-02,2.362928668769951612e-01,1.775066738850411552e-01,9.255231765825974732e-02,1.330576661003976362e-02,1.327169712696249504e-01,1.158129072003285659e-01,-3.583269550282823235e-01,-2.628483954673586226e-02,-1.622174099725577356e-01,1.420137398024903519e-01,3.975862004592379401e-02,1.642335766423357601e-01,2.600481639815558355e-01,4.372888158754457133e-01,-2.685888700132544119e-02,4.376295107062183609e-02,-1.723122444788769136e-01,1.300847536729702880e-01,-4.271286426344577530e-02,-3.834450314559336714e-01,1.525472772415853162e-01,-3.370591968936098581e-01,-1.549181398995650438e-01,-1.182257733305953351e-01,-1.886282599361547296e-01,2.676787947803684897e-01,2.035161573356730758e-01,1.201159295835122348e-01,2.650139078163795125e-01,5.852483805327907129e-03,5.501054753859652147e-02,1.509464782422013651e-01,-1.999505292437508130e-01,-5.667201822017287061e-02,2.032781376593798539e-01,-3.634327104373961670e-01,1.811936453413482140e-01,8.306886702634085073e-02,1.333563574588832734e-01,3.907723038437844326e-02,1.061707767842141603e-01,7.915320999869322749e-02,8.052999047921294284e-02,5.379711389474862993e-02
3.898015569287061055e-01,-2.914994306195978768e-01,2.543590270128997521e-01,-2.240745234939421626e-01,-3.625366363619392240e-02,6.184777941643175569e-02,4.353846584650997720e-01,-3.359811077715758043e-01,3.478727574812850998e-01,-8.298019302929041455e-03,7.188660929303488656e-01,4.465902514607874435e-02,1.000000000000000000e+00,1.622547463923684485e-01,3.434297235238112922e-01,8.182276401515858888e-02,-1.355685403326674920e-01,-2.782916721115611947e-01,1.096383967741333260e-01,-1.433391827057703405e-01,-7.214329717923348428e-02,-3.457352474471223069e-02,2.670954132208262499e-01,8.040398006235181805e-02,3.169161984057348724e-01,1.705200963279631110e-01,1.342244292194821331e-01,-8.230813747269774550e-02,3.094722497059756994e-02,-2.588300632852315597e-01,3.072367315698097956e-01,1.575130210764089794e-02,1.653770044990385824e-01,2.354061269064909243e-02,4.237683648514943557e-02,1.370899994399537025e-01,-2.019246924412418098e-01,1.197332312804525178e-01,1.110758489368454498e-02,-6.658017062743853964e-02,7.633431030298504227e-02,-1.310975040603356602e-02,-2.323258722721078251e-01,-2.837334552989713710e-01,1.980697070957865985e-02,-7.882184927287322340e-02,-3.268803554427165969e-01,-3.266656710288050602e-01,2.597214703082121462e-02,1.774646704127541275e-01,-1.596085276382847584e-01,-7.359008344689828285e-02,-1.840732167192487834e-01,-3.919390669628688983e-02,-1.792568185636679301e-01,2.520208337222543810e-02,3.081654750126010256e-02,-3.065973453805514448e-01,4.345025855470719192e-03,-2.826787014393190023e-01,1.647189500998749168e-01,-1.674585099034853475e-01,4.287014393189836903e-01,-3.327421733529971615e-01,1.499150596449306538e-01,-1.416543767618123062e-01,-7.192394571284559113e-02,-4.109013011742304045e-01,-1.684619261858980310e-01,-1.777260253514290622e-01,2.101573730095021297e-01,4.729637650045737107e-01,7.132656299587432358e-02,-1.713274964063695935e-02,-1.384061082382810337e-01,-2.029234416711781647e-02,5.196249556630014865e-01,5.230412380756809254e-01,-2.655086153788713266e-01,1.517025407433681139e-01,-3.760570873858905538e-01,-8.565908115070845763e-02,-4.298121978083521699e-01,-1.339444060709018558e-01,-3.668023223253122356e-01,-1.462887598708159931e-01,-2.389810891033658791e-01,4.546642522448522683e-02,1.963708999943995503e-01,1.925392499113260103e-01,-1.741043926297907163e-01,2.728265536617693887e-01,-2.189500998749230043e-01,2.618123098176116104e-01,9.538055145892060382e-02,-2.564265312599174895e-01,4.274553363078014562e-02,-2.403952060036962934e-01,-2.785156906304254720e-01,-3.004181679018799039e-02,1.209700001866820945e-02,2.696342897679541717e-01,-9.341105531390594963e-02,-1.471428304739858528e-01,1.796721862340620035e-01,2.116975003266936828e-01,1.181511004909739232e-01,1.134140422274908105e-01,-2.851055687270147576e-01,-2.221843672410252490e-01,-1.087749920660107950e-01,-3.897315511415610501e-01,-1.531306588011275560e-01,-1.996518378852651932e-01,-4.381428864786155453e-01,4.260085500401366437e-02
