0.000000000000000000e+00,4.938320368776384917e-01,-1.757601218295436751e-01,-3.323622282751393375e-01,3.614930968585969295e-02,-3.879754971015254017e-01,1.423163595432762052e-01,-1.201103224053572116e-01,2.026763229213519174e-02,-1.861850411768332103e-01,5.797200386311072151e-01,5.230336834943343227e-01,2.417343814570685478e-01,6.187370002442983512e-04,-1.879796067937779258e-01,-4.582786325683978479e-01,3.905326389475534676e-01,4.407439456242051579e-01,3.914413375678384432e-01,5.316503382505040065e-01,-1.112607850882099819e-01,-1.383208254088572897e-01,-3.206815696284610051e-01,-4.405932569082784966e-01,-1.160097628022621619e-01,-1.474352095600574564e-01,-1.695704686647381623e-02,-9.093835689937417727e-03,4.852382137450940713e-01,2.275970401083132200e-01,1.546728342492619812e-01,-5.014509496813846640e-02,-4.930032489400418966e-02,-1.156901200715086397e-01,-4.075148006000150480e-01,-5.427373746829258216e-01,2.202110098655445797e-02,3.547805995127731316e-02,-1.366221526111386364e-01,-1.292110075823822146e-01,5.807680101555062063e-02,6.327327855265771350e-02,-1.957058282285628059e-01,-1.553258186849441336e-01,4.032293048455554835e-02,6.292623787355390574e-02,-1.856142505862019287e-01,9.624670939224501398e-02,2.184643906582128814e-01,2.596663386523405670e-01,2.499263680138085753e-01,2.364420111007353997e-01,1.277771816187164566e-01,-8.367105109945684183e-02,-2.793449150549442983e-02,1.094776352830778912e-02,4.795896700602069740e-01,4.945763478078216702e-01,5.940719972419398198e-01,6.286847386578201524e-01,6.587083237250250800e-01,3.987520234526437668e-01,4.425522102153250370e-01,4.865761468895337671e-01,-3.248825883755071531e-01,-4.417622360378913871e-01,-2.213274762608193336e-01,-2.827902070599946360e-01,1.671891303206244905e-01,2.158067896682336895e-01,2.981969866823139248e-01,2.326199973058684090e-01,1.330741182997746408e-01,2.060942169780519695e-01,-9.021916075517878719e-02,-1.600725132366338094e-02,-2.855802314670002895e-01,-3.097497882366908595e-01,2.203183184965832597e-01,2.791599789035797974e-01,2.076924306318195246e-01,4.646303902609426051e-01,-2.712830687528682283e-01,1.266995289836046201e-01,-4.023617031477959294e-02,5.185746674003228335e-02,-5.205381870320944376e-02,-1.024706099924884012e-01,-5.123644657742545960e-02,-8.736977412674747090e-02,-5.575596647404387207e-01,-2.560315441712006646e-01,-5.253259785063094656e-01,-1.797647886134126627e-01,-1.720111692302774831e-01,-2.901830867898508859e-01,-2.833290333775505543e-01,-2.660089636954352521e-01,-2.473326955699800545e-01,-2.423462689702252926e-01,-6.812271541066099168e-02,1.341243729865361778e-01,-1.002924730986394647e-01,-5.016107710467614111e-03,-1.302566959444186878e-01,-2.498259088698574493e-01,-1.221012399854790875e-01,-9.390646797065679841e-03,-2.195192116696994544e-01,-2.591777419067602395e-01,-5.193577920906689016e-01,-4.911196399909587007e-01,-3.847699371445401639e-01,-3.759683462370059376e-02,-2.146743411364212262e-01,-2.542506775284310572e-01
4.938320368776384917e-01,0.000000000000000000e+00,-3.902175625415250093e-01,-4.392233594907634653e-01,-8.782184027452744068e-02,-4.234604065398902550e-01,-4.084782951170006782e-01,-5.474589544486276882e-01,-9.223747628365096263e-02,-4.100719424460431695e-01,-8.165730189570971631e-02,-4.921813104895328417e-02,-2.387388724374356341e-01,-5.799004084577466522e-02,-2.571502937288379642e-01,-3.971720750977764114e-01,8.985842110189981580e-02,4.015740121327248113e-01,1.060232106285774328e-01,2.898406124354721003e-01,-5.843754066882958509e-02,-1.155211660566817927e-01,-3.122567005107434457e-01,-3.038637956661012218e-01,1.384532488258837513e-01,-3.115375043665480348e-02,1.683626757749623892e-01,2.484286135039921184e-01,-1.627232647395254195e-01,-2.188479619351171024e-01,-8.442449467909012017e-02,-1.700156853254305434e-01,-1.257337513042565066e-02,-7.988100157766518661e-02,-2.022196904488468908e-02,-6.875286822271792220e-02,1.881622597827799226e-01,2.725342417275319895e-01,-6.141021806483724227e-02,-7.729646178328679340e-02,1.400697277785515060e-01,7.013646461440813107e-02,1.449237309612798619e-01,7.721883426296094477e-02,4.747493658516537818e-01,3.612396658363566382e-01,4.947841155828114346e-02,2.695432990326240841e-01,4.899734924849710738e-01,4.253782629244113322e-01,5.168828440896917620e-01,4.552831235487649342e-01,5.486507652018658421e-01,4.002452116377351876e-01,-6.212484788430759804e-03,2.440358091184938460e-01,8.288358840062193256e-01,9.179203130672231037e-01,3.670115002888200140e-01,5.129603711508736730e-01,2.340401242953590033e-01,-1.169504256956224869e-01,-2.613467461511590484e-01,-1.191650931872718228e-01,1.195235496781882692e-02,-1.167814716807956399e-01,1.184847108032393570e-01,8.221667667452836267e-03,7.591126717794282053e-01,7.586743046058234130e-01,1.102150967261734948e-01,-1.077721129982716491e-01,-2.948042074116016820e-01,-1.057766290934247233e-01,-3.676827500234023938e-01,-4.630481587437127594e-02,-4.536301139982967801e-01,-4.283007107484434473e-01,8.482176493016947705e-02,2.535383308713232697e-01,3.235241067698047066e-03,4.815257917436282509e-01,-2.118843167294155727e-01,-1.037240661295146631e-02,3.679338978832801810e-01,4.390087422286861329e-01,-2.105052866624504138e-01,-1.417684005762701871e-01,7.798597681676937288e-02,-5.675256684528606765e-02,-4.190036736082413116e-01,-1.604035717791999216e-01,-2.609677411989798634e-01,-4.514154465066474442e-01,-2.842377319978355854e-01,-6.174652788083718757e-01,-3.190970549488685859e-01,-5.905193966058508437e-01,-6.321231811757829222e-01,-6.563475338421741467e-01,-8.985385477717476588e-02,-2.177337787022048388e-01,-3.167819283132681241e-01,-4.650596247850973253e-01,-1.928290436517812179e-01,-2.321314005602880537e-01,-2.906397192623558778e-01,-3.749112420631568465e-01,-4.160949247583843325e-01,-3.120283842744909220e-01,-3.447917641767259123e-01,-6.912616526899076907e-01,-4.284103025418446453e-01,-3.968821134777357484e-02,-2.354374196612243619e-01,-4.693611026760945992e-01
-1.757601218295436751e-01,-3.902175625415250093e-01,0.000000000000000000e+00,7.858759009929473516e-01,2.813540979339663670e-02,5.158417220523803248e-01,5.489841069067944446e-01,5.807428953695183971e-01,-1.170326195406733993e-01,2.264645915765007844e-01,-7.180317313905143495e-02,3.722239599624647954e-02,2.075874051631433626e-01,3.222021557619026977e-01,7.159700357771542345e-01,3.602944366182712077e-01,-2.356703022222019217e-01,-1.051419099566427429e-01,1.162243800643395220e-01,-3.683425839461721557e-02,-3.388897894695985791e-02,3.670183497759076097e-02,7.729988652683058570e-01,6.926863460041233767e-01,1.931852169803351116e-01,1.069867051455630214e-01,1.345673064848660616e-01,-2.264006630303500855e-01,-1.260556771973725398e-01,1.679608391991579686e-01,1.854612787079127495e-02,2.755525823707901112e-01,1.415355180152926273e-01,2.589859562683081151e-01,1.695773181518257233e-01,2.223731646228558345e-01,-2.281176011269689385e-01,2.942767969058583677e-02,-6.917297009742254255e-02,-3.927724212251906127e-02,-7.420505994442783138e-02,-1.191605268625467728e-01,-1.931806506556100755e-01,-2.593786601946624359e-01,-4.902977015404496597e-01,-4.936904808111619025e-01,-1.078360415444223480e-01,-4.634705437807798978e-01,-6.717406144903182996e-01,-6.504341433232341263e-01,-5.835283534517989867e-01,-6.803664018959380000e-01,-6.070631910847076318e-01,-7.107826908894971929e-01,1.150645335841767730e-01,-4.167935724413170395e-01,-4.386480025754071477e-01,-3.764044302482482673e-01,-1.508827847274703260e-01,-1.544536506624595573e-01,-1.378322286632769345e-01,-8.937439068104449658e-02,5.425022089595857300e-02,9.189956825399724083e-02,1.627506626878757190e-01,1.537504366548018420e-01,3.261337613501709143e-01,3.873681759130936930e-01,-1.818242010644103013e-01,-2.393050967033418519e-01,2.598444253166175555e-01,2.251403574062362245e-01,2.623239396423197589e-01,2.494332049435031562e-01,3.135991999799081498e-01,-2.574722196219539697e-02,7.820173566002799337e-01,6.596900835409108543e-01,-3.610935434451550408e-01,-4.182867606264084048e-01,-2.323460178223654138e-01,-3.685046884739114348e-01,-4.688930543917769339e-02,-1.984319240894177605e-01,-1.851758834125971087e-01,-4.258668596699917153e-01,5.078186895104671583e-01,2.751096488724602551e-01,1.020094111952583316e-01,-3.817698618001821864e-01,2.961010436335159146e-01,-5.472215055629251479e-01,2.254736991111648825e-01,-7.478041685978414899e-02,8.982189050409941644e-02,1.773902997563865658e-01,-1.209550924794914883e-01,3.233848338656906685e-01,3.751075940263339792e-01,4.404151702440015637e-01,3.829297082803449492e-01,-1.244665961930550707e-01,4.720095710166237191e-01,4.285975218555717059e-01,1.624903821785478597e-01,-6.078006525278031869e-02,5.888207238081322181e-01,6.988052211356906573e-01,-1.320969248086139025e-01,1.805045332188708052e-01,1.732075463082406175e-01,2.546981773514859770e-01,1.476087298996093533e-01,-9.604122477961775373e-02,8.189703394377485096e-03,1.600063015281205647e-01
-3.323622282751393375e-01,-4.392233594907634653e-01,7.858759009929473516e-01,0.000000000000000000e+00,-6.060197858850336489e-02,7.091068497154038308e-01,3.860348090933790610e-01,6.314656304153757338e-01,-2.090531953998844839e-01,2.404010146373539158e-01,-1.839795063346339743e-01,-2.949160823673653911e-02,2.755548655331526570e-02,1.842671847923121331e-01,5.996885766537515261e-01,3.695686421348481354e-01,-1.961852923246930891e-01,-1.747007344933320105e-01,-6.666605782336999797e-02,-1.740842806554502575e-01,7.126434682149551669e-02,1.614035968939859234e-01,6.830240028859172474e-01,7.890403640274070707e-01,2.258275892773562929e-02,3.955122160602207032e-02,5.469772071901349286e-02,-2.350584147090452047e-01,-1.634630093449835619e-01,4.490752050850592425e-02,-9.342015438743894729e-02,1.246994787540326305e-01,-8.526013210377429707e-02,4.305815899486060278e-02,7.363426935379654981e-02,2.284098459093721611e-01,-1.448141391678786360e-01,3.620410558256029199e-02,-1.036076248490258866e-01,-3.789821205555390926e-02,1.218637910997764778e-01,-9.057990040845774471e-02,-2.830733191929477588e-01,-2.751005162230101830e-01,-5.461940824997888466e-01,-5.053300425353147718e-01,-1.827009354116199136e-01,-2.994618586311528219e-01,-7.051889431013107501e-01,-5.760395809027167857e-01,-5.805693750299665279e-01,-5.406003347116022928e-01,-5.921815388057690699e-01,-4.410270577571582806e-01,6.819577660626180426e-02,-1.735408880131692755e-01,-4.382552986490528268e-01,-3.483763290858902795e-01,-2.440221101443186824e-01,-2.537849124064759376e-01,-1.858882300697049517e-01,-1.193340472020986837e-01,2.875642995600346044e-02,8.169839881823516559e-02,6.297190112080440494e-02,1.728742046033119595e-01,2.289715038505533151e-01,2.958361967994629915e-01,-1.596409955501165434e-01,-2.542141469306306578e-01,1.304302162839706125e-01,4.896698318907552472e-02,1.528691359828671381e-01,6.274358488455189509e-02,2.009571016623705186e-01,-4.032293048455554835e-02,6.245293831580245314e-01,5.921221765843434071e-01,-3.364171246309838881e-01,-3.006445367349408482e-01,-1.374714890099979769e-01,-2.761599035592218199e-01,1.761847900289733315e-01,-1.122151469557454706e-01,-2.782330149843945666e-01,-2.832103089346992841e-01,4.927954811650520628e-01,3.753267776131363753e-01,-1.034272550223864010e-03,-7.144699981049752735e-02,3.078273655274447740e-01,-2.898086481623967647e-01,2.247796177529572670e-01,1.409555947752112459e-01,1.727737454593608613e-01,3.686371118909378963e-01,5.321366518337218576e-02,4.649500329916961272e-01,4.071860252198114538e-01,3.950761320489784012e-01,1.892673103662420864e-01,-2.074709638826545757e-02,4.805851288502679397e-01,3.709750701501635661e-01,1.196856542059275413e-01,1.580838788188744515e-01,5.759254227845904683e-01,6.013187545805944723e-01,-9.563482187908828314e-02,2.523647854169853710e-01,2.910963517348609253e-01,3.911993223574107836e-01,1.616821427022139823e-01,4.454449769286443657e-03,1.251972081490630995e-01,4.049119955067364551e-01
3.614930968585969295e-02,-8.782184027452744068e-02,2.813540979339663670e-02,-6.060197858850336489e-02,0.000000000000000000e+00,6.217279429392062046e-02,-4.303761053359787640e-03,-9.042464536780604745e-02,6.689505900833125907e-01,3.062200192242270913e-01,-1.287931888700401088e-02,-7.070953836740192372e-03,-6.513862220284070970e-03,8.237421487754258143e-02,4.447828598435120406e-02,1.698649966095038821e-01,7.177577519070113543e-02,3.917221665384290619e-02,7.957049149636177821e-02,-4.568607887412697716e-03,1.241652187612017622e-01,2.219028331761756512e-01,2.004822038909652993e-01,8.573959619990456638e-02,5.059282310742964084e-01,5.683361910915570858e-01,3.324261568212900086e-01,3.573674224695140844e-01,5.407213423168161920e-02,6.832363369856320201e-02,5.459566336140861953e-01,4.130628851409510194e-01,2.719954154099760713e-01,4.016288080294254104e-01,2.855710988175502174e-01,1.408094723840096485e-01,2.688880314345793929e-02,-2.604654454792243445e-01,2.532095554911196200e-01,1.426131706504044638e-01,-1.231971579194911237e-01,-1.176262417549299166e-01,3.730458984129738503e-02,-4.596005835762998967e-03,6.132345789506129380e-02,6.969353111607826112e-02,6.437376281139481349e-02,-9.261191491110506990e-02,-1.030322679336695690e-01,-1.809931299644511604e-01,-2.775982958476125861e-01,-2.364876743479858989e-01,-3.195354221224733782e-01,-6.710442499697480412e-02,1.578920931804223271e-01,-7.071182152976444868e-02,4.290747027893394849e-02,-6.964330154410271201e-02,3.957405322964731992e-02,-3.722239599624647954e-02,-1.254803202820162222e-01,-3.143686256960791237e-02,1.118224430293911498e-01,3.071538326304998692e-02,7.221414236430595546e-02,1.150143040122012239e-01,2.370493322891670807e-01,1.209870567525668517e-01,-1.278137122165168560e-01,-8.134222548968124411e-02,2.207475530207379522e-01,2.048476103281132721e-01,-9.934039439346649750e-03,1.513736646354132227e-03,-1.691846142254714025e-01,-1.066168328428339501e-01,-1.192335880581475854e-01,-4.994417668023626300e-02,-1.369212468806294165e-02,6.788526652495839586e-02,-1.908289934222092421e-01,2.037722408553639328e-02,9.784492304601256907e-02,-7.519595240976371942e-02,4.874779960227311471e-02,1.367956729506905333e-01,2.819545696353104591e-01,2.873154348625193699e-01,-8.355232665660553004e-02,1.543166609207080597e-01,-1.726869852895848989e-01,-3.629086575233624740e-02,-1.851165211911714736e-01,-1.016669368408795598e-01,-1.168454002269463388e-01,-9.865772884707149637e-02,-8.101801643420268595e-02,-1.378961572094276333e-01,-2.633627785172687127e-02,-8.331031144617787043e-02,-1.432387571377363444e-01,5.639182719200710320e-02,-1.222382297272305990e-01,9.196349680014795358e-02,-3.214624111564445830e-01,1.384281340398959767e-02,-1.422798289454758058e-01,4.493948478158127369e-02,-1.035414131405126663e-02,-3.018546127870791462e-01,3.248255093164439944e-02,-1.712600088130067366e-02,-3.440725680325305152e-03,-1.498188310665336254e-01,-2.684656463975122476e-01,-1.300923082543168907e-01
-3.879754971015254017e-01,-4.234604065398902550e-01,5.158417220523803248e-01,7.091068497154038308e-01,6.217279429392062046e-02,0.000000000000000000e+00,3.100374666943690460e-01,4.878547178125478001e-01,-1.112881830365602814e-01,3.263072816897227835e-01,-1.083840005114283661e-01,4.270655199103173816e-02,4.876149857644826446e-02,3.205628451856096794e-01,4.237435186728433778e-01,3.949848055544774028e-01,-1.763811419921504919e-01,-2.003041172266883385e-01,-2.352365013733221655e-01,-3.390473276726128082e-01,7.913212432275695818e-02,1.067538225845854616e-01,6.205475479977807796e-01,6.790056371278730962e-01,-7.591514855395911816e-03,4.699433090785384848e-02,-1.220350282769658637e-02,-1.783309626497469047e-01,-2.191402067175202972e-01,-6.282577872960279364e-02,-1.197404501026281542e-01,1.084935923048295781e-01,-8.291760751982356348e-02,-2.326314131176810546e-02,7.716860469098539566e-02,1.952172314829824507e-01,-8.366191845000674199e-02,1.517618022370424875e-02,4.027270091257999923e-02,1.837146595005810512e-01,7.202235672585384496e-02,-7.625990607070040617e-02,-1.952765937044081135e-01,-2.027973305265657333e-01,-2.884159191212564699e-01,-3.526047457812867547e-01,-1.779428250481176477e-01,-2.364214626394726959e-02,-5.157275639342540074e-01,-4.120811253250652451e-01,-4.646486555598428048e-01,-3.609063241314279802e-01,-4.273052519583825370e-01,-2.441362682624449443e-01,-1.682462344944736163e-02,1.112744840623851317e-01,-3.750801960779837074e-01,-2.945256616033736230e-01,-2.476386393265584407e-01,-2.951329827918052762e-01,-2.187109721933655770e-01,-1.753993821762646899e-01,4.426823504699889389e-02,6.049695311982720980e-02,1.820114203781373619e-01,1.508736520780202262e-01,1.023838498227124388e-01,9.993173344536049330e-02,-1.589880111144343910e-01,-1.009819881321220442e-01,7.432835071200417920e-02,1.211468781179435988e-01,2.271312749863581004e-01,1.156398904995330906e-01,1.191376952389215232e-01,-8.634235106361118350e-02,4.998915497877800540e-01,5.259880955914417733e-01,-3.298781476247120148e-01,-2.592645020765361741e-01,-2.373278780973951396e-01,-1.325718225800191219e-01,2.097975063300676624e-01,-9.600012785709230445e-02,-8.806385548495510029e-02,-5.986680030777028622e-02,4.457897344453856103e-01,4.204694638449824051e-01,-3.530453961172540928e-02,1.098634897223446233e-01,2.032996262463212522e-01,-1.209322608558662387e-01,1.607643114324789069e-01,1.510243407939468874e-01,1.634515935331709233e-02,2.215694914712469932e-01,-9.524668427745902610e-02,2.774521734564109887e-01,2.373096127984949399e-01,3.002563991333115911e-01,2.965142960211329670e-02,-4.371570975526782588e-02,1.528965339312174376e-01,1.773172385607857671e-01,-4.877063122589836430e-02,1.226902958750105549e-01,3.148777709029222382e-01,4.833249236852980579e-01,-2.034320496633477138e-01,-3.630913105123644707e-02,2.530314688268426870e-01,2.675249835041519364e-01,2.520177447378815216e-01,-7.673023751738057563e-02,-3.493010098427129506e-02,1.951533029368317518e-01
1.423163595432762052e-01,-4.084782951170006782e-01,5.489841069067944446e-01,3.860348090933790610e-01,-4.303761053359787640e-03,3.100374666943690460e-01,0.000000000000000000e+00,6.430595288922781316e-01,-3.340038220137948877e-02,3.567555349563573674e-01,4.214192593877928439e-01,2.703332732100577895e-01,6.081773743176198677e-01,2.000894999646109784e-01,4.736580142423668094e-01,3.024573676507857356e-01,1.361152905666580537e-01,1.094319720358273920e-02,2.771599286740077939e-01,-3.744614590777393948e-02,-1.047263744066631863e-01,-5.498083285196660175e-02,3.786601946624230108e-01,1.502389329412382457e-01,-1.390925342873907677e-01,-1.847694805120676520e-01,-5.535070515469566604e-02,-2.185694161268890434e-01,2.470587160864770593e-01,1.277771816187164566e-01,-6.469797186687337165e-02,3.336385160357908247e-02,-3.950555835877156419e-02,3.165604615641032238e-02,-2.673971264118505387e-01,-3.201747075839804224e-01,-1.947240684126770316e-01,-8.718712113774547412e-02,1.414875716056795962e-02,2.614905853799981417e-02,-1.902445038574028247e-01,-7.961615474361227740e-02,-3.819936117117096464e-01,-3.762902721301220055e-01,-4.970741274324241288e-01,-4.157341851051054027e-01,-1.597734189671430050e-01,-2.792924023206062034e-01,-4.304194854208667209e-01,-4.080170963197705669e-01,-4.273737468292582720e-01,-3.822401932468623698e-01,-4.889506357465598363e-01,-4.875898709784948770e-01,-6.668888944699524757e-02,-2.382000461198797159e-01,-2.726803641187335869e-01,-3.067177486192575464e-01,3.558765174467851816e-02,1.381313229327677189e-03,3.789570057695512695e-01,4.842975508517337047e-01,3.415131430241398758e-01,3.156677450803558882e-01,1.141581181262543060e-05,-7.246985654890876483e-02,-1.997881225327576837e-01,-1.423437574916265047e-01,-4.186703319033126536e-01,-3.592898451787601699e-01,1.870024133026171875e-01,2.905072958453294718e-01,3.563856626536283101e-01,3.222158547360778336e-01,2.219073995009007150e-01,4.317231711298685770e-02,5.456643888316830004e-01,4.266568338474253652e-01,6.553360929155754855e-02,-1.008632636892707324e-01,1.134434883067839545e-01,-1.443186929352107024e-02,-7.711380879428478274e-02,1.219733828931776759e-01,-2.035005445342234487e-01,-3.463762788563183315e-01,3.335768706520026994e-01,2.516981020071280550e-01,-4.271568464048183800e-02,-6.949717915290110071e-02,-9.140640518369182177e-02,-2.105281182860756772e-01,-1.861119799812324116e-01,2.418348406010196738e-01,-1.234049256944809089e-02,1.533942633262479205e-01,-1.785501462365493286e-01,1.431656959421355457e-01,1.539102580201785753e-01,2.534698360004474793e-01,5.619090890410489980e-02,2.876853071652484273e-01,2.309806867295753907e-01,4.011858745310955543e-01,-1.079547659872736598e-01,-1.881394281591546869e-01,2.137884741397615140e-01,4.828408932644427387e-01,9.525125060218407602e-02,3.372230809449552457e-03,-1.778104016310911861e-01,3.269260186899670961e-02,1.526225544477144425e-01,-2.638810563735619064e-01,-1.653534677811543119e-01,2.305993986150337005e-04
-1.201103224053572116e-01,-5.474589544486276882e-01,5.807428953695183971e-01,6.314656304153757338e-01,-9.042464536780604745e-02,4.878547178125478001e-01,6.430595288922781316e-01,0.000000000000000000e+00,-1.086123167476808760e-01,2.684930443458625748e-01,1.922308551127996368e-01,3.899846799805474773e-01,2.783928363497713554e-01,3.206587380048357416e-01,5.029692526524638385e-01,2.974115788296052831e-01,-2.832011762852491565e-01,-1.139914472737899864e-01,3.961971647689781911e-02,-5.378445577400345345e-02,-1.339143220491838815e-01,-6.436234699958218002e-03,3.134667765628817437e-01,3.937381989045387054e-01,-3.461159983469904722e-01,-2.244965056200041442e-01,-2.427937687932801847e-01,-4.898547680421198036e-01,8.990408434915031499e-02,2.978499460032101309e-01,-1.821529764446138955e-01,4.782083568308793248e-02,-9.253885371550427119e-02,1.129548915612035853e-01,-2.807033966606467534e-01,-1.317498841295101086e-01,-3.869480740383891004e-01,-2.043042176858322900e-01,1.488393544130103656e-02,-1.109845224423444340e-02,-1.089502247773345839e-01,-1.138179269342380756e-01,-3.419697754966448677e-01,-3.037450712232498962e-01,-6.317807068214041921e-01,-4.749822484126313693e-01,-1.404373169189180627e-02,-2.621549856274929535e-01,-5.191386085038665055e-01,-3.956880195621351182e-01,-3.692033361568441419e-01,-4.200356629961026211e-01,-3.962496775033162999e-01,-5.013619063492462669e-01,3.102155533586459790e-01,-2.820641614287116572e-01,-6.211092059389619058e-01,-4.777174769229364237e-01,-2.084527236985403605e-03,-7.987643525294013669e-02,2.086467924993549994e-01,4.786809714399219984e-01,3.550842601069890137e-01,4.170492866259198350e-01,-1.722394854665299790e-01,5.160175255542947398e-02,-1.862672350218841089e-01,-3.140946462125761285e-02,-4.665984762174392730e-01,-5.544591302521296727e-01,1.519421720636819628e-01,2.927699097465918249e-02,3.174668770220256397e-01,2.625065926313218112e-01,3.726463449995319754e-01,1.985780464806193857e-01,5.712358072919639929e-01,4.700277860859519152e-01,-1.060140779791273330e-01,-3.599154316660920783e-01,4.900351378687592407e-02,-3.338508501355056945e-01,3.295288237832456890e-02,-9.560742393073798362e-02,-3.384537054583562354e-01,-5.331343937861453552e-01,3.587418862117541796e-01,7.784898707501786141e-02,2.943932381863471615e-01,-2.334145378080271505e-01,3.140786640760384607e-01,-3.218870793558742394e-01,1.729700974225380217e-01,8.597247876088212615e-02,2.424786923872517264e-01,4.858090043357253252e-01,8.234681692919228191e-02,4.827769647182920121e-01,5.576875218327400630e-01,5.811173339969725182e-01,3.359285278854035051e-01,-9.338134062727602514e-04,3.790483322640522679e-01,3.688151985552148293e-01,2.496204242572302168e-01,-3.817219153905691831e-02,3.437917390619399383e-01,4.452828724009050276e-01,1.525860238499140431e-01,1.861667758779330106e-01,2.614837358929105737e-01,2.782375813091196304e-01,6.868437335184217341e-02,-1.085483882015301771e-01,7.207715262255444399e-02,1.595131384578151457e-01
2.026763229213519174e-02,-9.223747628365096263e-02,-1.170326195406733993e-01,-2.090531953998844839e-01,6.689505900833125907e-01,-1.112881830365602814e-01,-3.340038220137948877e-02,-1.086123167476808760e-01,0.000000000000000000e+00,4.650185278625719176e-01,4.850578439184545509e-02,-1.310238384982271298e-01,-8.863464607558636799e-02,-1.705910422407868610e-01,2.696186433905874494e-02,2.793106676195064031e-01,8.239932966353035945e-03,-1.051327773071926430e-01,2.150122491660749480e-01,9.870110893195947407e-03,1.459785519727664349e-01,2.676619732459034617e-01,-1.559399893604633807e-03,-6.067960610882922046e-02,3.331704677514731872e-01,4.749959473868065052e-01,2.575612629540924292e-01,3.959483000714629775e-01,3.123137795698065558e-02,-3.458990979225505698e-03,4.403740733214761005e-01,2.068796248307605834e-01,3.327092689542431314e-01,3.834365703248255319e-01,1.281424875967204779e-01,4.351479146736561554e-02,1.126306825057250272e-01,-8.344730118792938189e-02,2.705159261990597863e-01,2.483920829061917190e-01,-6.251983497302443515e-02,-5.492147063054095280e-02,9.705038254385384144e-02,5.377075679982830370e-02,3.703517668251942591e-02,5.114968640764950419e-02,7.181230578850153479e-02,1.676982755274675913e-02,-1.173317138101641864e-02,-6.203580455216911593e-02,-1.126991773766007759e-01,-1.374897543088981766e-01,-1.718924447874261574e-01,-5.356983851192610030e-02,1.430880684218096832e-01,2.559653324626874268e-02,-1.540449645995675687e-02,-7.977140978426398854e-02,-7.404295541668854709e-03,-7.918235389473252117e-02,-1.194093915600620082e-03,8.628755516691058447e-02,-4.290747027893394849e-02,-8.094038891387683732e-02,1.646388379616839717e-02,1.765455296822522890e-01,4.614042818426946496e-02,5.559500352748584888e-03,-1.745500457774053771e-01,-1.683581094502373254e-01,1.418460280965960219e-01,2.309167581834246918e-01,-9.450693967200089751e-02,-9.061643100625814407e-02,-6.012708081709814550e-02,-3.468808577384363545e-02,-2.636892707351097820e-01,-1.765729276306025886e-01,6.741493507827822640e-02,1.613716326209105600e-01,-1.062743584884551923e-01,3.574747311005527228e-02,4.057864466915835772e-02,8.003625661831689775e-02,-9.668051024112477021e-02,8.046092481774656802e-02,8.453408647249131824e-02,2.068065636351597847e-01,-1.084890259801045281e-01,1.670521405788729929e-01,-8.089015934190127433e-02,3.594382507323243270e-02,-6.863414377986662429e-02,-6.053805004235265907e-02,9.980387635305909555e-02,-1.389304297596515025e-02,-2.483395701718536450e-02,-4.288007233058364204e-02,-4.199877165864895900e-02,-8.227832205831653312e-02,-2.314875487740559734e-01,7.116845400226946838e-02,-2.432960645130357036e-01,5.246478792846395733e-02,-2.098660012009433973e-01,5.069305393514449143e-02,-2.358849194842792818e-01,-6.793092977220889506e-02,9.052510451175714568e-02,-2.268116322556046061e-01,-1.119776980700428609e-01,-8.996801289530102774e-02,3.777035496325250458e-02,-9.453433762035119703e-02,-2.152268664281523081e-01,-1.802122884364675826e-01
-1.861850411768332103e-01,-4.100719424460431695e-01,2.264645915765007844e-01,2.404010146373539158e-01,3.062200192242270913e-01,3.263072816897227835e-01,3.567555349563573674e-01,2.684930443458625748e-01,4.650185278625719176e-01,0.000000000000000000e+00,-6.520940023607899039e-02,-1.056259403774980621e-01,2.277911089091278624e-02,-1.262794271088999998e-01,2.161172997495370840e-01,3.839982282660066581e-01,-2.511706915013847338e-02,-2.986536191548189723e-01,-8.412768357196184765e-02,-1.882627189267310486e-01,1.155668293039322919e-01,1.085529545262552270e-01,2.205146704597603924e-01,1.078132099207970984e-01,2.132633467963807317e-01,3.175993004390521013e-01,3.126813687101731021e-01,3.178915452214553516e-01,-2.663308895885512992e-02,-1.216628728118742675e-01,2.395425455890444755e-01,7.235569843078250296e-02,1.416040128861683622e-01,2.618627408450897032e-01,2.997107233286680841e-02,7.083054597261574659e-02,-1.173385632972517578e-01,-8.718712113774547412e-02,1.345307758870656623e-01,2.725342417275319895e-01,-3.295744870304961882e-02,-2.623833018637454217e-01,-6.434179853831945017e-02,-1.260533940350100184e-02,-1.607780104066540428e-01,-1.378230960138268346e-01,-1.686572037197281090e-02,4.783225149490056075e-03,-2.838678596951064725e-01,-1.472114596485299964e-01,-2.923794889826000221e-01,-1.398414115422990101e-01,-3.866375639570857059e-01,-1.481384235677151717e-01,1.240898744032384315e-02,1.594720415352897103e-01,-2.257385459452178056e-01,-2.778631426816655092e-01,5.943299945889052305e-02,-6.620029270141487843e-02,4.620892305514522069e-02,1.670932375013984283e-01,7.751107904536415349e-02,2.945964396366118621e-02,-6.489889015477558198e-02,2.215352440358091257e-02,2.383849822712442654e-02,6.292623787355390574e-02,-4.615572537209838844e-01,-3.771030779311809189e-01,-1.552778722753311164e-02,1.482297500622161701e-01,-1.279461356335433175e-01,-1.660749470877122547e-01,8.013214943754294606e-02,-7.773482895689161343e-02,1.047537723550134858e-01,9.011413528650262517e-02,-2.520131784131565134e-01,5.579820497775058591e-02,-1.892947083145923859e-01,-7.425528951640338049e-02,2.089755678795586213e-01,1.839703736851838745e-01,-2.901465561920504865e-01,-3.046880172789727739e-02,1.412889364801399039e-01,4.332460404256727737e-01,-2.161538303473374834e-01,3.014253782629244260e-01,2.070828262810253412e-03,4.482989298818006868e-02,-6.687610876072230814e-02,2.000301377431853433e-01,5.117251803127476073e-02,1.556089308178972563e-01,6.053348371762760916e-02,1.222701940003059484e-01,1.656639778624577342e-01,6.286687565212824291e-02,-1.834452463418030921e-01,9.637000015982136181e-02,4.069736911200966256e-02,2.215101292498213303e-01,-2.110852099025317952e-01,7.362970302907149989e-02,-1.947765811470151057e-02,1.675042067266529489e-01,1.227656402329738855e-02,7.559550582320560645e-03,-1.020801892284966053e-02,1.264849117215272600e-01,4.950124318190639305e-02,-3.928637477196916111e-02,-1.435264355954145032e-01,4.303532737123535318e-02
5.797200386311072151e-01,-8.165730189570971631e-02,-7.180317313905143495e-02,-1.839795063346339743e-01,-1.287931888700401088e-02,-1.083840005114283661e-01,4.214192593877928439e-01,1.922308551127996368e-01,4.850578439184545509e-02,-6.520940023607899039e-02,0.000000000000000000e+00,5.878891935642219790e-01,6.701971967332512881e-01,1.391381975346412947e-01,-4.581165280406585688e-02,-4.578882118044060728e-02,5.199422816554754023e-01,3.670343319124452774e-01,5.053620068083901629e-01,3.504814047841384173e-01,-5.432784841628442857e-02,-3.318119861457707875e-02,-1.767053510476290501e-01,-3.591117585144832369e-01,-4.249444620755316038e-01,-4.238348451673443762e-01,-4.034096746721949622e-01,-3.647922664724456698e-01,7.324590343593103681e-01,4.464107546079924549e-01,1.385993712170853487e-01,-1.298000634719136681e-01,-1.707599962556137219e-01,-2.815436004100559386e-01,-6.129674489541975246e-01,-7.552769590103860509e-01,2.718104792586115148e-02,-2.474468536881063163e-01,-9.240186397375275973e-02,-3.580226900675587826e-02,-4.266088874378123896e-02,1.010459166782727430e-01,-2.407343563422825738e-01,-2.466979764331981018e-01,-2.407982848884332727e-01,-1.698375986611535826e-01,-1.130051211331791483e-01,6.938302103477485272e-02,4.551027537221254138e-02,-2.033156083828589408e-02,4.470203589587866400e-02,1.909408683779729651e-02,1.387021135233989892e-02,-1.222382297272305990e-01,-1.130233864320793480e-01,-1.088223676850331861e-01,-1.913061743559769934e-02,-4.848751909294525542e-02,2.108797252899045349e-01,1.966053941993977094e-01,4.224603814251042810e-01,5.141476155793867076e-01,6.890515515229834742e-01,5.764459838032461869e-01,-4.903616300866003308e-01,-4.966814235060698079e-01,-6.132003315151750567e-01,-5.966200064385178692e-01,-2.850368388247193630e-01,-2.602690935160472119e-01,2.746256184516049359e-01,3.517325777588021785e-01,5.477192349579556030e-01,4.857085451917741992e-01,2.089527362559333579e-01,2.605111087264748715e-01,-5.945583108251577265e-02,-7.872115509750245155e-02,4.042270467979789395e-01,2.692510542502208892e-01,3.902906237371258080e-01,3.092474925169353406e-01,-9.809607090589032852e-02,2.461956807134425829e-01,-2.297797433268871925e-01,-2.032174324012703537e-01,2.359191669197171701e-02,-1.500973768747616843e-01,-8.363452050165642859e-02,1.582459833466137375e-02,-3.002655317827616632e-01,4.780713670891278272e-02,-3.613766555781081080e-01,2.423417026455002288e-01,9.745221911965826211e-02,1.408049060592845847e-01,-1.170600174890236989e-01,1.300283797081661918e-01,1.210783832470678500e-01,1.679380075755327051e-01,-8.498158629554623811e-02,3.715869576633203386e-01,-6.905881197929628068e-02,1.786643043546755627e-01,-2.648696656765352556e-02,-2.256837500485172066e-01,-9.110959407656356313e-02,9.308681268251028929e-02,1.533531664037224573e-01,-5.804027041775021434e-02,-2.963932884159191095e-01,-3.306704049645082383e-02,-8.394046425823480095e-02,-9.468046001155280833e-02,-3.286155588382356357e-02,-6.818664395681170443e-02
5.230336834943343227e-01,-4.921813104895328417e-02,3.722239599624647954e-02,-2.949160823673653911e-02,-7.070953836740192372e-03,4.270655199103173816e-02,2.703332732100577895e-01,3.899846799805474773e-01,-1.310238384982271298e-01,-1.056259403774980621e-01,5.878891935642219790e-01,0.000000000000000000e+00,2.677852640134797957e-01,3.667192555064168191e-01,1.900732666802134457e-02,-3.030509898650422529e-01,9.348864925831470996e-02,3.773633584405087782e-01,9.717367331143018927e-02,3.977930952603832560e-01,-1.552892880871437342e-01,-1.993725869827780994e-01,-2.201995940537319341e-01,-2.036740648737753734e-01,-4.675254401366244483e-01,-3.510019658027941358e-01,-3.560751525723248601e-01,-5.147869010408937518e-01,4.311455310521496997e-01,5.421711504170195761e-01,-7.851567048487519129e-02,-8.994518127167577815e-02,-6.579388980088540784e-02,-6.570712963110945937e-02,-5.763957542312706517e-01,-4.751238044791079029e-01,-2.647303927724212191e-01,-2.515565459406514659e-01,-1.019500489738326826e-01,-7.009080136715761800e-02,-2.737511672667578520e-03,-2.486592129026071393e-02,-2.336839509668051096e-01,-1.336860058129313855e-01,-2.324419106415914482e-01,-1.571957286598521866e-02,-7.004970444463216872e-02,1.146946612814477018e-01,3.934573699339481007e-02,1.608739032258801049e-01,1.276493245264150589e-01,8.856158487998556927e-02,-2.084298920749151282e-02,-2.869638278586905122e-01,2.373004801490448401e-01,-1.560153337184267130e-01,-1.981305466575644658e-01,-3.854206384178598260e-02,4.004232983020121761e-01,4.685893937975611490e-01,4.588631221332042376e-01,5.073985876357625102e-01,7.299612547347079650e-01,8.697273219190436722e-01,-5.481165052090348766e-01,-5.328101847306667693e-01,-3.518284705780282406e-01,-3.025349951711115981e-01,-2.471774405293283572e-01,-2.566616969832575812e-01,2.490678989654991349e-01,7.626447239542545609e-02,4.358351465447762307e-01,4.881104319971505956e-01,3.669247401190440794e-01,2.918178310414188403e-01,1.436177620899155016e-01,1.107904536415298125e-01,2.129026071431017741e-01,1.057789122557872483e-02,2.242362251106762849e-01,4.751032560178451714e-02,1.105735532170899239e-02,4.688473911445264347e-02,-2.081536294290495803e-01,-3.518421695522033765e-01,8.426923963843840903e-02,-1.986876382740205838e-01,2.809956414430499483e-01,-2.881328069883033471e-01,-1.032742831440972286e-01,-2.853016856587722305e-01,-2.418896364977202729e-01,-9.654352049937327263e-02,-4.877519755062341422e-02,6.089878969563162353e-02,-2.085668818166666258e-02,1.411884773361888057e-01,3.634771649516311820e-01,3.643675982730160134e-01,2.267020404622033802e-01,-1.605748089563893005e-02,1.593396181182632487e-01,1.705590779677115254e-01,2.239028834057476269e-01,-1.422569973218505424e-01,1.260374118984723402e-01,1.199002714680049014e-01,8.185137069652433442e-03,-8.972143136014831821e-02,1.811689334663655823e-02,-2.413987565897773857e-02,-2.858542109505033402e-01,9.795908116413883093e-02,1.184892771279644069e-01,-1.111511932948087700e-01
2.417343814570685478e-01,-2.387388724374356341e-01,2.075874051631433626e-01,2.755548655331526570e-02,-6.513862220284070970e-03,4.876149857644826446e-02,6.081773743176198677e-01,2.783928363497713554e-01,-8.863464607558636799e-02,2.277911089091278624e-02,6.701971967332512881e-01,2.677852640134797957e-01,0.000000000000000000e+00,4.109304114943526098e-01,3.304809024884186597e-01,2.201904614042818342e-01,2.749452611823584580e-01,2.540954224877793877e-01,3.369970478710652695e-01,8.233311795501713215e-02,-1.356632244188780978e-01,-2.418097258150318785e-02,2.407206573681074102e-01,-5.035057958076572665e-02,-2.087244200196808619e-01,-4.153917107507266171e-01,-2.562324624591028610e-01,-3.374034507715947262e-01,4.588494231590291017e-01,2.709177627748642347e-01,1.143613195765190438e-01,5.562011831347362517e-02,-1.459785519727664349e-01,-2.355241798310003243e-01,-3.104027726723730396e-01,-5.656968554004780936e-01,-3.856946179013628212e-02,-1.798515487831886250e-01,-1.070232357433634207e-01,-2.618102281107516360e-02,-2.411704403535248550e-02,-9.635630118564621205e-02,-2.757717659575925628e-01,-3.047679279616611336e-01,-3.283301635429200505e-01,-3.555408925794940056e-01,-1.845685622241654555e-01,-2.062266403950784033e-01,-2.267294384105536798e-01,-3.169371833539198491e-01,-1.962994504428193510e-01,-2.588215685782063180e-01,-2.260399233770711003e-01,-2.086285272004547997e-01,-2.369488731452159824e-01,-2.350218841112448054e-01,-1.044341296242599637e-01,-1.875138416718228063e-01,3.951925733294672088e-02,-1.561911372203411523e-02,2.141263821694152081e-01,3.237181755706193265e-01,4.330816527355709766e-01,2.682921260579603784e-01,-5.913618835176225746e-02,-2.595202162611389696e-01,-3.650388480075983377e-01,-4.240083655068963009e-01,-3.280972809819424629e-01,-2.680729424711579267e-01,2.471363436068029218e-01,2.625111589560468195e-01,4.488126414133688513e-01,3.567601012810823757e-01,1.972903429081552251e-01,8.743370267289818365e-02,2.253778062919388481e-01,1.067766542082107112e-01,2.906762498601563327e-01,7.323243277799214301e-02,3.092977220889109313e-01,2.042083248666062278e-01,6.577562450198520816e-02,1.754724433718655163e-01,9.153882860071828331e-02,-1.704403535248601997e-01,2.174689318681519434e-01,1.034706351072743891e-01,6.763411866508063641e-02,-4.723634611828150809e-02,-2.391452753379651186e-01,1.522640979567979960e-02,-2.680957740947831902e-01,3.349741660178680025e-01,-8.361168887803117900e-02,1.119685654205927611e-01,-1.880572343141037883e-01,5.835991314850372952e-02,-1.055049327722842357e-02,1.614218621928861230e-01,5.644205676398265925e-02,2.388758621791871595e-01,-4.653769843534883571e-02,1.565176294381822319e-01,-1.173568285961519575e-01,-1.917102940941439182e-01,6.001292269897189058e-02,1.670156099810725936e-01,2.145373513946697286e-01,4.211292977677521393e-02,-2.208434458399640143e-01,3.810597983054369014e-03,-3.314923434150172932e-02,-5.346024671852489529e-02,-3.947816041042126467e-02,-1.425834895396916290e-02
