0.000000000000000000e+00,6.948857401841515014e-01,2.251562425456800631e-01,-3.877295930537665303e-01,2.753017508706645522e-01,3.266065550307714616e-02,-1.297218644148656896e-01,-3.402175468727636765e-01,2.511282858642240323e-01,1.568102666857497385e-01,8.166595105195362247e-02,1.278803492199799552e-01,9.055388578789179410e-02,-2.326368016793091964e-01,2.553027050236152951e-01,8.353132007060731778e-02,-1.063021802394923943e-01,1.910691283812795266e-02,4.766137111779017999e-01,3.021420733743618858e-01,1.167072181670721770e-01,1.394923906302180105e-01,-5.285053194027002771e-02,-7.236295978245312066e-02,-1.036305519774819855e-01,-1.452459329230475771e-01,1.108105529316349425e-01,7.707170459424646236e-02,2.789466151424073448e-02,-8.259625017890367960e-02,4.162015171031916566e-02,2.095510710366871865e-01,3.139640284337579246e-01,7.340775726348933161e-02,-3.538619340680311254e-01,-2.938266304088545389e-01,-7.831687419493345292e-02,1.169982348170411773e-01,1.026430036734888585e-01,2.697867468155145110e-01,-2.922093411573875241e-02,2.365106626592242689e-01,-1.965555078479080345e-03,-1.027622727923286142e-02,-5.746386145699155373e-02,-1.359190878297791144e-02,-8.857401841515194496e-02,-1.398740518105052177e-01,-3.601450312485091065e-02,-2.481417871284767040e-01,-3.834215924812747756e-01,-3.076284528409903851e-01,-1.839606888984304245e-01,-2.133295167215304711e-01,-1.666618959019130763e-01,-1.138304470206574076e-02,8.877391345832736924e-01,6.741138304470206677e-01,5.173942082915891083e-01,2.475979199465674352e-01,3.540718477171890810e-01,3.882925432946901512e-02,1.802204093316158717e-01,2.566671437431420049e-03,-2.312675921950288760e-01,-4.723581890176995479e-01,-8.911311483230761887e-02,-1.428653213110061548e-01,2.747006345117122272e-01,3.779352130146462208e-01,-8.799675587996755310e-02,-6.803587615094700003e-02,-7.383712609131243276e-02,-9.569677019226181802e-02,2.003864319450407994e-01,9.538667048327846565e-02,-9.347836458184247133e-02,-1.573875292209341026e-02,-2.708553981203186689e-01,-7.451934545107580937e-03,-1.246171461285243975e-01,-2.700491388769619694e-01,2.746243022756547636e-01,-8.731930728495777838e-02,-1.461046705786937516e-01,-1.147607461476074647e-01,1.205906206764944394e-01,2.896903773674920357e-01,-1.849243833786556046e-01,1.394637660416964964e-01,-3.918610753303754524e-01,-2.709365011211297136e-01,-4.115977291159773066e-01,-2.013119603072372477e-01,2.737226277372262762e-01,-2.854348552072897421e-02,4.818472401125900584e-02,1.234960164114307507e-01,-1.499785315586088519e-01,-3.524163923476933413e-02,-2.011115881875864819e-01,-2.642526597013501385e-02,-1.209961356805495936e-01,-1.712990792424025632e-01,-1.360669815371403912e-01,-6.544058012499404109e-02,3.516673822813797257e-01,-7.330280043891035380e-02,2.994036544058012450e-01,-2.134440150756166110e-01,1.275702495109966132e-02,-1.570965125709651300e-01,-6.255426744907208181e-02,-3.643814703496970342e-01,-5.601354897190019555e-02,9.803921568627450844e-03
6.948857401841515014e-01,0.000000000000000000e+00,1.121463670626401399e-01,-1.151996565049377419e-01,1.451314345689614094e-01,-1.074901006631363010e-01,-1.913696865607557029e-01,1.368732407804971150e-02,1.616144267926148681e-01,-3.717856972472687038e-02,1.002003721196507852e-01,2.198463813749343965e-01,-8.387004436811220862e-03,3.545632364868088471e-02,1.701207003482658187e-01,-9.016268307809742477e-02,6.011163589523400288e-04,1.536854157721482816e-01,4.451505176279757503e-01,4.983063785124755563e-01,-1.736606077954296057e-01,-1.069796288345021690e-01,-2.123944468298268329e-01,-1.675731119698487537e-01,-1.023185916702447351e-01,-3.296646152378226446e-01,1.629454701588664567e-01,-9.424645770717045290e-02,-3.974524116215829433e-02,1.435523114355231195e-02,-1.165020752826678163e-01,1.813224559896951527e-01,1.970182720290062361e-01,2.313486951958398929e-01,-4.866180048661800650e-01,-4.974285577978149742e-01,-3.345546491102524000e-01,1.450312485091360092e-02,-1.080578216688135064e-02,2.337483898668956672e-01,-8.282524688707600113e-02,3.396402843375793124e-01,-9.417012547111301701e-02,-1.650064405324173367e-01,-6.505891894470683390e-02,3.710223748866943450e-02,-2.443013215018367545e-01,-3.136586994895281810e-01,9.786746815514527076e-02,-1.108057821668813475e-01,-3.000047707647535700e-01,-3.307380373073803836e-01,-8.836887553074758428e-02,-2.266876580315824730e-01,-1.468107437622250822e-01,-9.862124898621249525e-02,7.246409999522923640e-01,7.886789752397309616e-01,3.623825199179428469e-01,3.639759553456419217e-01,3.264825151471780762e-01,1.896188158961881476e-01,1.403654405801249838e-01,2.133056628977625102e-01,-3.569199942750823085e-01,-3.900291016649968801e-01,-3.259052526119937121e-01,-3.167883211678831912e-01,3.686274509803921795e-01,4.716425743046610553e-01,-1.743285148609322044e-01,-1.556509708506273459e-01,-1.952912551882066694e-01,-3.543246982491293079e-02,-4.269357377987691160e-02,1.160727064548447082e-02,-8.468107437622250655e-02,2.388244835647154382e-02,-3.732646343208816109e-02,2.204618100281475201e-01,1.609894566098945545e-01,-9.093077620342540635e-02,3.588616955297934119e-01,3.515099470445112034e-02,-9.585897619388387969e-02,-3.072897285434855186e-01,1.131673107199084038e-01,1.534564190639759462e-01,3.476933352416392009e-02,1.624445398597395077e-02,-3.954773150135966753e-01,-4.222460760459901818e-01,-4.877773007013024298e-01,-3.797862697390391729e-01,1.348027288774390486e-01,5.418157530652163711e-02,-7.958112685463479552e-02,-1.764037975287438553e-01,-2.575879013405849016e-01,-3.874528886980582731e-01,-1.095796956252087229e-01,-2.446257335050808779e-01,-1.772052860073469738e-01,-3.184485473021325119e-01,-1.871666428128428983e-01,-1.718906540718477260e-01,2.762797576451505033e-01,-1.643337627021611569e-01,2.617146128524402426e-01,-2.970087304994990518e-01,-2.347597919946567413e-01,-1.953962120127856472e-01,-1.715567005390964128e-01,-2.882448356471542517e-01,-2.183006535947712434e-01,-9.054434425838461808e-02
2.251562425456800631e-01,1.121463670626401399e-01,0.000000000000000000e+00,-9.511473689232384510e-02,6.275607079814894407e-01,7.051810505223987668e-01,4.012690234244549181e-01,-6.836839845427221674e-01,7.281570535756881624e-01,7.932302848146557395e-01,-4.204999761461762353e-01,-1.584991174085205734e-01,2.190830590143600098e-01,-7.494537474357139129e-01,6.773436381852010468e-01,3.791565287915653060e-01,-3.431324841372072054e-01,-1.635513572825723905e-01,4.006488240064882134e-01,1.725108534898144308e-01,-2.209245742092457443e-01,-2.397452411621582846e-01,6.818329278183292708e-01,5.109345928152282390e-01,5.561709842087686484e-01,3.227613186393779032e-01,1.405324173465006543e-01,-2.945613281809074113e-01,-2.249033920137397946e-01,-1.628214302752731268e-01,2.207432851486093237e-02,-4.602356757788273467e-01,-3.233147273507943481e-02,-1.219312055722532318e-01,1.013930633080482868e-01,-5.305090405992080385e-03,-8.935642383474070791e-03,-1.874910548160870242e-03,-3.280854921043842992e-02,-1.950288631267592040e-02,2.676017365583703289e-01,2.605314631935499309e-02,1.551977481990363117e-01,2.030437479127904232e-02,2.874719717570726751e-01,1.338676589857354104e-01,1.646009255283621964e-01,6.555030771432659997e-02,2.463288965221124838e-01,7.790658842612470901e-03,1.488001526644721143e-02,9.088306855588951239e-03,-1.283240303420638273e-01,-6.362768951862983469e-02,-1.866370879251944004e-01,-1.605648585468250622e-01,8.717618434235008262e-02,2.808167549258145934e-01,4.301321501836744693e-02,1.001478937073612963e-01,1.129573970707504482e-01,-8.410858260579171311e-03,-2.958160393111015640e-01,-3.998139401746099719e-01,1.326034063260340679e-01,-1.674347597919946529e-01,9.248604551309574928e-02,-1.215352320977052675e-01,-5.090405992080530850e-02,-1.288058775821764312e-01,-1.184485473021325286e-01,1.115261676446734351e-01,-5.579409379323505697e-02,-1.409760984685845195e-02,1.431086303134392335e-01,-1.771862029483326217e-01,-2.793712132054768649e-01,-1.170030055817947584e-01,1.532417346500644095e-01,-1.963503649635036374e-01,-2.657936167167597175e-01,-2.621058155622346120e-01,7.611755164352845826e-02,1.342493201660226176e-02,-6.319832069080673354e-02,-2.385000715614712941e-01,-6.870855398120319368e-02,-1.230761891131148256e-01,-1.669529125518820767e-01,-7.275416249224750387e-02,-3.055197748199036181e-02,4.964457802585754698e-02,-1.082343399646963356e-01,9.265779304422498697e-02,-2.549353561375888311e-01,6.426220123085730693e-03,-3.841467487238204304e-01,-6.528791565287915544e-02,-1.440770955584180085e-02,3.116263537044988360e-02,-2.387767759171795234e-01,-6.112303802299508954e-02,-1.257573589046324103e-01,-1.617623204999761588e-01,-1.252564286055054543e-01,-1.099041076284528462e-01,-2.060874958255808354e-01,-9.300128810648347621e-02,-2.099613568054959079e-01,-1.772482228901292867e-01,-1.780640236629931761e-01,-3.051762797576451636e-01,1.926816468679929395e-01,3.267973856209150513e-02,2.964266971995611066e-01,-3.261485616144267907e-01
-3.877295930537665303e-01,-1.151996565049377419e-01,-9.511473689232384510e-02,0.000000000000000000e+00,-3.269166547397547862e-01,-2.082581937884643020e-01,8.126043604789848218e-02,3.160202280425551957e-01,-3.067076952435475179e-01,-1.701493249367873606e-01,2.995086112303802298e-02,-5.204904346166690232e-02,-8.299222365345164387e-02,1.658365535995419970e-01,-2.876437192882018712e-01,-1.023138209054911540e-01,-3.220266208673250308e-02,-8.429464243118171829e-02,-1.491818138447593110e-02,1.200992319068746733e-01,4.313248413720719571e-02,-3.015600400744239407e-02,4.920566766852726287e-02,3.332808549210438676e-01,-2.244167740088736165e-02,8.015838938981918738e-02,-1.896426697199561084e-01,-1.510280998043986578e-01,1.304947283049472939e-01,5.335623300415056475e-02,7.000620199417967315e-02,-6.804064691570058110e-02,9.621201278564954495e-02,2.152664472114879934e-01,1.680740422689757096e-01,1.350889747626544402e-01,1.173465006440532477e-01,-2.980773818043032097e-01,6.153809455655741278e-02,-2.064548447116072716e-01,2.619865464433948632e-01,-1.163017031630170367e-01,1.913553742664949112e-02,-4.819426554076618185e-02,-4.846619913172081628e-02,-7.898478126043605163e-02,-7.679500023853823298e-02,-1.090119746195315070e-01,-1.616048852631076782e-01,-8.983827107485330143e-02,-1.940794809407948018e-01,-2.220170793378178631e-01,-2.175611850579647899e-01,5.840847287820237488e-02,-2.579075425790754161e-02,-1.689232383951147498e-01,-3.818376985830828629e-01,-2.924621916893277995e-01,-4.455226372787557954e-01,-1.384762177377033554e-01,-1.558513429702781394e-01,-2.032345785029340129e-02,1.379371213205476954e-01,1.949573016554553562e-01,3.076666189590191239e-02,3.563284194456371456e-01,5.636181479891226587e-02,1.616907590286723040e-01,1.882543771766614221e-02,4.869042507513954288e-02,4.027956681456037469e-01,2.443394876198654586e-01,1.504603787987214281e-01,3.720099231906874859e-01,-1.589952769428939483e-01,1.348027288774390486e-01,1.438003912027097930e-01,2.308477648967129370e-01,5.564620008587376626e-02,1.319975192023281341e-01,9.083059014360002348e-02,4.351891608224798397e-02,-2.680120223271790225e-01,-1.180716568865989163e-01,-6.621821477982921256e-02,1.664519822527550999e-02,-1.599685129526263183e-01,-1.382710748532989808e-01,1.683555173894375201e-01,-3.802299508611230172e-02,1.805305090405991963e-01,1.767568341205095206e-01,2.167072181670721687e-01,1.699728066409045280e-01,-7.516339869281045416e-02,2.403034206383283106e-02,8.962358666094175086e-02,-9.069223796574590879e-02,7.064071370640713499e-02,3.228853585229712192e-02,9.179905538857878466e-02,1.677019226181956923e-01,1.912599589714231163e-02,1.182338628882209780e-01,-1.380611612041410252e-01,-9.024378607890845561e-02,-2.533276084156290200e-02,-6.618959019130767063e-02,-1.133581413100520074e-01,8.904632412575735900e-02,6.553122465531224794e-02,2.572253232193120742e-01,8.543008444253613609e-02,2.299222365345164887e-01,-1.638757692858164999e-02,-1.221792853394399053e-01
2.753017508706645522e-01,1.451314345689614094e-01,6.275607079814894407e-01,-3.269166547397547862e-01,0.000000000000000000e+00,6.910452745575115241e-01,2.904918658460951125e-02,-6.024474023185916183e-01,7.052287581699346886e-01,7.440961786174323800e-01,-4.292495587042602923e-01,-2.275893325700109604e-01,2.796145222079099435e-02,-6.291636849386956776e-01,7.099804398645103154e-01,3.994704451123515243e-01,-2.799293926816468492e-01,-7.978149897428557513e-02,2.766184819426554253e-01,5.436763513191164576e-02,-7.462907304040837519e-02,3.254615714899098539e-02,4.950097800677448756e-01,3.504794618577358190e-01,4.120509517675683409e-01,1.475454415342779546e-01,2.279423691617766257e-01,4.457325509279137787e-02,-2.259195649062544775e-01,-2.406564572300939897e-01,-1.627594103334764619e-01,-5.094222603883402645e-01,-7.845522637278755373e-02,-1.338056390439387455e-01,7.965268832593865034e-02,1.350651209388865071e-01,-3.642955965841324084e-02,2.631506130432708090e-01,-1.362196460092552908e-01,4.994513620533371639e-02,1.686226802156385596e-01,1.449787700968465376e-01,3.253661561948380330e-03,1.854873336195792324e-02,2.544153427794475508e-01,1.990649301082963729e-01,-9.760984685845141423e-03,-9.657936167167596730e-02,1.348504365249749426e-01,-2.919230952721721395e-02,-7.302132531844854335e-02,1.304279375983970202e-01,-2.068126520681265110e-02,-2.080959877868422403e-01,-3.396355135728257313e-01,-3.116168121749916531e-01,1.554649110252373512e-01,2.558704260292924970e-01,1.194647201946471976e-01,1.618195696770192149e-01,1.531415485902390102e-03,-7.179523877677591870e-02,-2.834215924812747422e-01,-3.276084156290253180e-01,2.157339821573398334e-02,-1.445350889747626655e-01,2.452268498640332028e-01,1.023138209054911540e-01,5.142884404370020451e-02,-6.133295167215304516e-02,-1.790086350842040042e-01,-7.920900720385477822e-02,-2.914460187968131305e-02,-1.842469347836458299e-02,3.272124421544773676e-01,-1.286102762272792466e-01,-2.576308382233671868e-01,-3.135060350174133093e-01,1.171461285244024680e-01,-2.773913458327370019e-01,-2.449406039788178113e-01,-1.237536377081246142e-01,2.267067410905968250e-01,1.883784170602547658e-01,8.426124707790659529e-02,5.275034588044463790e-02,-1.756690997566910106e-01,-7.699537235818901260e-02,-3.024330900243308862e-01,-1.091360145031248507e-01,-1.465722055245455846e-01,-1.978626973903916675e-01,-1.786889938457134619e-01,-1.975144315633796110e-01,-2.669195171986069592e-01,7.238681360622108152e-02,-3.578168980487572148e-01,-1.186966270693192056e-02,-2.040885453938266203e-01,-1.889413673011783867e-01,-4.426792614856161490e-01,-2.777109870712275441e-01,-2.997614617623204913e-01,-3.027193359095463054e-01,-1.668813510805782288e-02,-1.088497686179094454e-01,-7.991030962263251380e-03,-4.468775344687753170e-02,-1.423262248938504948e-01,-2.970278135585134247e-02,-1.376651877295930471e-01,-3.352941176470587981e-01,2.850054863794666132e-02,1.859644100949382067e-02,1.491484184914841915e-01,-1.612279948475740798e-01
3.266065550307714616e-02,-1.074901006631363010e-01,7.051810505223987668e-01,-2.082581937884643020e-01,6.910452745575115241e-01,0.000000000000000000e+00,2.196316969610228598e-01,-7.070655026000668419e-01,8.070845856590811440e-01,8.733600496159534821e-01,-6.085826057917084198e-01,-1.582605791708410758e-01,-7.466246839368351033e-03,-7.968322122036162192e-01,7.983493153952578858e-01,4.848671342016125374e-01,-2.897094604265063600e-01,-4.670578693764610573e-02,1.393158723343352057e-01,2.511807642765135143e-02,-1.631553838080244401e-01,-1.145889986164782270e-01,7.331758980964648842e-01,5.016888507227708072e-01,6.522398740518104976e-01,4.323648680883545592e-01,1.664472114880015396e-01,-9.060636420018128301e-02,-2.808692333381040962e-01,-1.850531940270025155e-01,-1.168646534039406576e-01,-6.612327656123276887e-01,-9.139831114927722544e-02,-1.162444539859739528e-01,2.114116692905872730e-01,2.020991364915795951e-01,3.765087543533228442e-02,1.085682934974476349e-01,-2.490100663136300685e-01,-1.591527121797624289e-01,2.538953294213062151e-01,8.415151948857402253e-02,7.809741901626830740e-02,-3.517961929297266227e-02,3.287915652879156436e-01,2.232097705262153509e-01,-1.041935022184056064e-02,-1.015552693096703346e-01,2.167358427555937106e-01,-8.873622441677401097e-04,3.678736701493249411e-02,1.738657506798339802e-01,-3.692571919278660533e-03,-1.528362196460092415e-01,-2.291064357616525993e-01,-3.732264682028529346e-01,-7.644196364677258160e-02,5.667668527264920625e-02,-7.847908019655551459e-02,7.477219598301607095e-02,-3.223128667525404500e-02,-1.045417680454176768e-01,-4.654405801249940633e-01,-4.053003196412384712e-01,1.163398692810457546e-01,-2.961690759028672362e-02,2.350174132913505909e-01,1.085301273794189170e-01,-1.224941558131768526e-01,-2.072801870139783509e-01,-3.153952578598349099e-01,-1.381995133819951260e-01,-2.393969753351462074e-02,-8.061638280616383045e-02,2.090835360908353535e-01,-2.328610276227279230e-01,-2.343256524020800591e-01,-3.248890797194790570e-01,2.208959496207242024e-01,-5.290968942321454538e-01,-2.867420447497733837e-01,-1.434998330232336305e-01,7.384189685606602771e-02,1.610180811984160965e-01,1.729402223176375042e-01,-1.936930489957540153e-03,-1.383998855016459195e-01,-1.698392252278040082e-01,-9.584943466437670367e-02,-1.928629359286293532e-01,2.349601641143075209e-02,-6.900434139592576122e-02,-2.084824197318830077e-02,1.013787510137875020e-02,-2.897523973092887006e-01,7.690472782787081095e-03,-3.792567148513906750e-01,-1.151185535041267111e-01,-2.061352034731167293e-01,-1.756261628739086977e-01,-2.998282524688707373e-01,-1.975812222699298570e-01,-2.304708744811793386e-01,-2.666428128428987021e-01,1.688850722770860249e-02,-1.015314154859023876e-01,-1.262105815562234723e-01,-2.414006965316540035e-03,-2.607890844902437943e-01,-1.540432231286675280e-01,-1.749010066313630152e-01,-2.848862172606269061e-01,6.470111158818758756e-02,2.201946472019464807e-01,2.974428700920757618e-01,-1.604408186632317046e-01
-1.297218644148656896e-01,-1.913696865607557029e-01,4.012690234244549181e-01,8.126043604789848218e-02,2.904918658460951125e-02,2.196316969610228598e-01,0.000000000000000000e+00,-1.433423977863651499e-01,1.130146462477935182e-01,1.639043938743380557e-01,2.118935165306998769e-01,7.170459424645770491e-03,7.152616764467344401e-01,-2.161872048089308607e-01,6.052669242879633871e-02,1.303706884213539363e-01,6.944325175325605226e-02,-3.914651018558275020e-01,3.100758551595820811e-01,-1.180287200038166173e-01,9.891226563618148171e-02,2.528028242927341310e-02,3.846810743762225093e-01,1.583225991126377685e-01,8.365535995420066151e-02,1.769142693573780012e-01,8.838318782500835524e-02,4.525070368780115260e-02,2.622489385048423424e-02,-1.872477458136539152e-01,4.334239778636515550e-01,1.595343733600496083e-02,-5.199179428462382541e-02,-1.668956633748389928e-01,3.959019130766661676e-01,2.560374027956681675e-01,2.335098516292161697e-01,-2.982205047469109471e-02,8.963312819044892688e-02,4.123849053003196541e-02,3.388244835647154507e-01,-1.929297266351796131e-02,2.780401698392252416e-02,-4.882877725299365756e-02,-9.164639091646390595e-03,-5.605171508992891349e-02,-1.003434950622584809e-01,3.554219741424550355e-02,-5.791231334382901386e-02,1.098182338628882204e-01,6.325556986784981739e-02,-8.698535375220647903e-02,-4.668241019035351269e-01,1.226468202852917383e-01,-2.329278183292781967e-01,1.848671342016125138e-02,-1.731930728495778005e-01,-3.399646963408234357e-02,-1.366585563665855541e-01,-9.091646390916463538e-02,-9.069223796574590532e-03,2.432899193740756527e-01,-2.790945088497686077e-01,-3.654501216545011921e-01,5.131339153666332198e-01,1.732455512618672755e-01,-1.793187347931873565e-01,-3.487667573111969954e-01,-3.260149802013262987e-01,-3.162539955154811122e-01,2.260626878488621594e-01,4.104765993988836459e-01,3.548637946662849818e-01,2.979724249797242597e-01,-4.297027813558513404e-02,2.675969657936166923e-01,3.334239778636515217e-01,5.331520442726969122e-01,-1.159295835122370055e-01,7.757263489337340445e-02,-3.816182434044177452e-01,-2.761843423500787154e-01,-1.437622250846810612e-01,3.696865607556891475e-02,-2.783168741949334501e-01,-3.100186059825389973e-01,-1.621869185630456511e-01,1.129144601879681353e-01,-1.874958255808406027e-01,2.061876818854062321e-01,-1.742235580363532266e-01,3.087352702638233026e-01,-1.533800868279185103e-01,4.040933161585802402e-01,9.427031153093840335e-03,-1.214779829206621836e-01,4.160583941605839470e-02,1.197366537856018320e-01,2.270168407995801774e-01,3.034254090930776360e-01,-1.229855445827966187e-01,4.555364724965412226e-01,3.646295501168837078e-02,1.681312914460187935e-01,-1.833357187157101387e-01,9.798673727398501954e-02,-1.365869948952817270e-01,-8.803015123324268998e-02,-1.076857020180334856e-01,-2.008539668908926046e-01,8.729068269643623645e-02,1.225848003434950595e-01,2.248318305424359398e-01,-9.657459090692238624e-02,1.681646867992939165e-01,-1.143933972615810285e-01
-3.402175468727636765e-01,1.368732407804971150e-02,-6.836839845427221674e-01,3.160202280425551957e-01,-6.024474023185916183e-01,-7.070655026000668419e-01,-1.433423977863651499e-01,0.000000000000000000e+00,-6.102905395734936622e-01,-7.770860168885072028e-01,4.774867611278088009e-01,3.576976289299174661e-01,-6.661895901913077178e-02,9.109536758742426965e-01,-6.646581747054052247e-01,-5.429750489003387637e-01,2.230189399360717473e-01,2.487906111349649230e-01,-1.858308286818377009e-01,1.418968560660273937e-01,-2.020418873145365252e-02,6.174323744096178734e-02,-4.741042889175134945e-01,-2.942893945899527908e-01,-4.900577262535184553e-01,-4.570297218644148729e-01,-1.982729831592004027e-02,1.012451696006869961e-01,2.762272792328610352e-03,1.858451409760984718e-01,-8.781546681933113940e-02,4.699441820523829749e-01,7.256810266685749522e-02,3.793282763226945020e-01,-1.865273603358618415e-01,-1.193215972520395018e-01,-9.851152139687992249e-02,-1.987834549878345625e-01,2.188445207766805123e-01,-1.415629025332760804e-01,-1.074137684270788651e-01,-1.481656409522446316e-01,-2.566719145078956155e-01,-1.555269309670340161e-01,-3.270359238585945350e-01,-1.141119221411192181e-01,-1.055340871141643988e-01,-2.858642240351128364e-02,-1.497877009684652483e-01,1.877773007013024131e-01,1.786269739039167970e-01,1.091550975621392167e-02,2.061399742378703381e-01,1.151185535041267076e-02,2.521015218739564023e-01,6.464386241114450371e-02,-1.932445971089165604e-01,-2.256810266685749800e-01,-2.146510185582748975e-01,-9.716616573636753518e-02,6.224416774008873637e-02,1.865225895711082604e-01,2.216783550403129688e-01,4.500071561471303827e-01,-1.605982539001001852e-01,1.701254711130194275e-01,-3.154763608606459546e-01,-1.166976766375650010e-01,1.310147416630886019e-01,4.592815228281093426e-02,1.809407948094079455e-01,-5.117122274700634799e-02,-6.084633366728686710e-02,7.081723200228996762e-02,-3.898191880158389244e-01,2.111540479938934373e-02,1.818376985830828796e-01,1.409856399980916886e-01,6.103239349267687575e-02,4.168217165211583475e-01,3.691379228090262976e-01,2.933638662277562870e-01,-2.203568532035685423e-01,-1.083059014360001904e-01,1.757072658747197147e-01,-3.092409713277038258e-02,1.128047325986355626e-01,-2.258193788464290808e-01,4.218501025714421759e-01,-2.122894900052478551e-01,1.896903773674920024e-01,-6.657125137159486394e-02,1.943323314727350704e-01,-1.872238919898859821e-01,-2.748437574543199230e-02,-5.257382758456180527e-02,2.946519727112256182e-01,-3.261676446734411705e-01,-1.390343972138733952e-01,-2.102189781021897852e-01,3.498783454987834385e-01,-9.381708887934736563e-02,-7.838366490148371279e-02,-7.064071370640713499e-02,3.301846285959639249e-02,-2.154572778016315970e-01,4.566098945660989478e-02,-1.483039931300987602e-01,-9.627403272744621682e-03,1.468489098802538140e-01,1.439101187920423519e-01,7.088879347359382244e-02,-2.527169505271695260e-01,-1.342827155192977406e-01,-5.233958303516054178e-01,-4.360478984781260108e-03
2.511282858642240323e-01,1.616144267926148681e-01,7.281570535756881624e-01,-3.067076952435475179e-01,7.052287581699346886e-01,8.070845856590811440e-01,1.130146462477935182e-01,-6.102905395734936622e-01,0.000000000000000000e+00,7.686369925098993638e-01,-5.930728495777872755e-01,6.493010829635990563e-03,-3.650112112971709566e-02,-6.769094985926243924e-01,8.503745050331568134e-01,4.380516196746338520e-01,-3.518391298125089217e-01,1.290778111731310518e-01,2.262821430275273049e-01,1.272267544487381274e-01,-1.430418396068889875e-01,-6.014503124850913846e-02,5.336100376890415831e-01,3.690854443967367948e-01,4.657840751872525109e-01,1.776966747769667399e-01,1.739420829158914161e-01,-1.052812365822241303e-01,-2.372739850197986833e-01,-1.057392299985687734e-01,-2.644148657029721794e-01,-5.197700491388769217e-01,-5.479223319498115891e-02,1.784266017842660312e-02,1.004245980630695187e-02,4.569915557463861272e-02,-1.438051619674633741e-01,-5.414817995324650544e-03,-2.081532369638853242e-01,-1.779352130146462374e-01,2.418014407709555835e-01,9.104050379275797911e-02,-1.487047373694003194e-02,-1.651066265922427334e-01,2.579027718143218628e-01,1.323219312055722574e-01,3.062830971804780204e-03,-1.659367396593673938e-01,2.281809073994561232e-01,1.091264729736176747e-01,1.310767616048852668e-01,2.556509708506273792e-01,2.228567339344496856e-01,-1.878202375840847260e-01,-1.922904441581985702e-01,-2.941224178235771203e-01,1.685702018033490845e-01,2.866657125137159756e-01,1.009350698917036437e-01,2.349840179380754679e-01,7.669958494346643119e-02,-6.378512475549830661e-03,-3.449644578025857777e-01,-2.537426649491913433e-01,-9.259100233767472710e-02,-8.690902151614904314e-02,1.565144792710271571e-01,7.921854873336195424e-02,4.112399217594580464e-03,-8.871714135775965460e-02,-4.209579695625208506e-01,-1.811316253995515491e-01,-1.004961595343733666e-01,-1.277706216306473963e-01,7.666618959019130819e-02,-2.820189876437192988e-01,-3.628357425695338812e-01,-3.446305042698344367e-01,1.652688325938647951e-01,-3.574686322217451306e-01,-2.712847669481417978e-01,-1.323982634416296933e-01,1.400839654596631734e-01,1.041791899241448355e-01,1.180287200038166173e-01,-1.493726444349029181e-02,-6.539764324221172820e-02,-1.390200849196126243e-01,-1.020228042555221537e-01,-2.617623204999761644e-01,-1.311960307237250087e-02,-2.371499451362053257e-01,-1.000620199417966705e-01,-1.986498735747340427e-01,-2.235723486474882060e-01,-1.844377653737894196e-02,-2.986784981632555902e-01,-2.374552740804350970e-01,-3.351366824101903452e-01,-3.240589666523543966e-01,-2.713420161251848817e-01,-3.323362434998330395e-01,-1.414722580029578736e-01,-3.871093936357998255e-01,1.149086398549687554e-01,-1.388531081532369538e-01,-1.628262010400267218e-02,-8.205238299699442461e-02,-1.749630265731596801e-01,3.363389151280950489e-03,-1.485997805448213416e-01,-3.718811125423405195e-01,-9.347836458184247133e-02,6.903296598444731008e-03,1.057440007633223544e-01,-2.016220600162206000e-01
1.568102666857497385e-01,-3.717856972472687038e-02,7.932302848146557395e-01,-1.701493249367873606e-01,7.440961786174323800e-01,8.733600496159534821e-01,1.639043938743380557e-01,-7.770860168885072028e-01,7.686369925098993638e-01,0.000000000000000000e+00,-4.861027622727923103e-01,-9.935594675826535382e-02,8.315442965507370554e-02,-8.581556223462620814e-01,8.106101808119842156e-01,5.863890081580077629e-01,-3.232574781737512781e-01,-8.695195839893134215e-02,2.781308143695434554e-01,1.547922331949811436e-01,-2.447688564476885598e-01,-1.573302800438910465e-01,6.376795000238538735e-01,5.118219550593959832e-01,5.696961022851962930e-01,3.105815562234626181e-01,1.165497829302037103e-01,-2.208959496207242024e-01,-2.572205524545584931e-01,-2.108534898144172609e-01,-1.420447497733886844e-01,-6.069987118935165071e-01,-6.188636038356948310e-02,-1.107055961070559646e-01,1.332903964505510186e-01,9.491436477267306548e-02,-1.130432708363150601e-01,5.962024712561423551e-02,-2.690568198082152751e-01,-5.709174180621153644e-02,2.414484041791899183e-01,6.551214159629788203e-02,3.449739993320929260e-02,-3.706407137064071655e-02,2.554887648490052898e-01,1.741090596822670589e-01,-9.589237154715900269e-03,-7.745336577453365567e-02,1.115404799389342061e-01,-1.330566289776251125e-02,-6.287390868756261020e-02,1.320738514383855700e-01,4.732598635561280874e-03,-1.368255331329612245e-01,-2.149515767377510600e-01,-1.926482515147178165e-01,-6.464386241114450371e-03,1.708601688850722722e-01,3.677305472067172315e-02,1.775869471876341810e-01,7.976718668002480417e-02,2.256571728448070191e-02,-2.940842517055484162e-01,-2.883497924717332017e-01,3.139163207862220167e-02,-2.259434187300224384e-02,2.497829302037116450e-01,1.438003912027097930e-01,1.758503888173274313e-02,-7.595057487715280164e-02,-2.587519679404608475e-01,-6.595105195362817307e-02,-2.615810314393397090e-02,-1.079624063737417115e-02,2.492247507275416329e-01,-1.885072277086016768e-01,-3.580124994036544273e-01,-3.339630742808072372e-01,1.165736367539716573e-01,-4.674490720862554127e-01,-2.528553027050235991e-01,-1.766852726492056658e-01,1.312294260770001386e-01,6.887075998282524147e-02,7.694289394589952369e-02,-7.432851486093221098e-03,-1.387338390343972050e-01,-1.421974142455035561e-01,-1.574352368684700243e-01,-9.235723486474882449e-02,-4.953485043652497422e-02,-5.892371547159009487e-02,-1.385716330327751433e-01,-6.754925814608081502e-02,-2.082868183769858439e-01,1.560040074423930077e-02,-4.039597347454796927e-01,-1.200992319068746733e-01,-1.365869948952817270e-01,-1.357044034158675638e-01,-3.129955631887791356e-01,-2.357044034158675694e-01,-1.964028433757931402e-01,-2.766614188254377105e-01,-5.152425933877200805e-03,-9.231906874672009267e-02,-1.082915891417394194e-01,5.686751586279280637e-03,-1.648537760603024649e-01,-1.361146891846763129e-01,-2.063164925337531708e-01,-3.254234053718811359e-01,6.070798148943275935e-02,1.063975955345641961e-01,2.860550546252564330e-01,-2.014646247793521194e-01
8.166595105195362247e-02,1.002003721196507852e-01,-4.204999761461762353e-01,2.995086112303802298e-02,-4.292495587042602923e-01,-6.085826057917084198e-01,2.118935165306998769e-01,4.774867611278088009e-01,-5.930728495777872755e-01,-4.861027622727923103e-01,0.000000000000000000e+00,3.513763656314107253e-01,5.666141882543771491e-01,5.004866180048661572e-01,-4.923333810409808442e-01,-2.514622393969753178e-01,4.295024092362005885e-01,2.701207003482658173e-02,1.708315442965507303e-01,9.274843757454319382e-02,6.686226802156385041e-02,-2.851486093220743229e-02,-4.641858689947998551e-01,-4.574972568102667059e-01,-5.061256619436095283e-01,-3.703830924097132882e-01,-2.503697342684032406e-02,-1.392109155097562105e-02,3.656648060684127843e-01,1.492342922570488173e-01,2.133819951338199461e-01,4.738896045036019022e-01,1.594628118887457535e-01,7.584084728782024276e-02,-1.786746815514526909e-01,-1.700109727589332598e-01,-1.333190210390725605e-01,-9.649825867086493647e-02,1.459567768713324609e-01,2.003864319450407994e-01,-1.380182243213587123e-01,1.450789561566719066e-02,-1.621010447974810254e-01,-3.360049615953437235e-02,-4.215638566862268122e-01,-2.035733028004389211e-01,-1.220934115738752934e-01,5.278374123371976784e-02,-3.455798864557988459e-01,4.380993273221697737e-02,-7.392299985687705854e-02,-2.389676065073231270e-01,-2.257430466103716449e-01,1.452936405705834710e-01,-2.532799007680931400e-02,2.974237870330613820e-01,1.340632603406325951e-01,4.456848432803778293e-02,2.076475359000047594e-01,4.583273698773913246e-02,3.227136109918419815e-01,3.042268975716807544e-01,4.214398168026334823e-01,3.251800963694480018e-01,4.685368064500739643e-02,2.987929965173417163e-02,-3.451075807451934319e-01,-2.568865989218071522e-01,1.205715376174800874e-01,2.643051381136395928e-01,1.833881971279996137e-01,1.760936978197605030e-01,1.983970230427937465e-01,2.123181145937693692e-01,-1.657077429511950861e-01,3.735604217356042200e-01,3.640999952292352515e-01,4.521396879919851175e-01,-3.017317876055531922e-01,3.797862697390391729e-01,-6.841276656648061227e-02,-1.169505271695052695e-01,-1.428510090167453839e-01,-2.013644387195267504e-01,-2.947521587710509872e-01,-2.364677257764419560e-01,-1.059968512952626368e-01,1.226420495205381433e-01,5.534087114164401057e-04,2.548256285482562999e-01,-1.984256476313152884e-01,1.455464911025237396e-01,-1.502695482085778245e-01,1.352177854110013788e-01,2.680358761509469834e-01,-9.235723486474882449e-02,2.835933400124039938e-01,1.288297314059443643e-01,1.313820905491150104e-01,1.536949573016554438e-01,2.446686703878631630e-01,3.457611755164352596e-01,9.126472973617670917e-03,1.791756118505796469e-01,-2.644768856447688443e-01,3.688755307475788392e-02,2.338151805734459132e-01,-1.994370497590763902e-01,2.211821955059395939e-01,-3.806116120414102660e-02,2.305424359524831934e-01,2.552645389055865910e-01,4.179189924144840335e-02,-1.224369066361337688e-01,-2.345451075807452046e-01,-2.222699298697581108e-02
1.278803492199799552e-01,2.198463813749343965e-01,-1.584991174085205734e-01,-5.204904346166690232e-02,-2.275893325700109604e-01,-1.582605791708410758e-01,7.170459424645770491e-03,3.576976289299174661e-01,6.493010829635990563e-03,-9.935594675826535382e-02,3.513763656314107253e-01,0.000000000000000000e+00,9.900291016649968856e-02,2.592242736510662615e-01,-4.684890988025380842e-03,4.958255808406087511e-02,3.864319450407900495e-04,5.174323744096178679e-01,1.789370736129001493e-01,4.773150135966795493e-01,-2.012547111301941638e-01,-6.119459949429893741e-02,-3.287104622871045989e-01,-2.396307428080721447e-01,-3.380373073803730755e-01,-3.222556175754973662e-01,2.303563761270931709e-01,-4.767902294737846186e-02,5.613281809073994433e-02,3.852297123228853315e-01,-3.758408472878202455e-02,2.872954534611898425e-01,2.513572825723963677e-01,4.285673393444969226e-01,-4.161204141023805980e-01,-3.544153427794475286e-01,-4.430227565478745966e-01,-4.084776489671294586e-01,-1.508802060970373671e-01,-1.985496875149086460e-01,1.199847335527885056e-02,1.457182386336529634e-01,-3.933924908162778622e-01,-4.202232717904680337e-01,-3.723343351939316093e-01,-2.091884929154143313e-01,-2.600114498354086368e-01,-2.530652163541815547e-01,-9.470922188826869093e-02,1.818043032298077288e-01,1.695243547540670748e-01,3.996469634082343292e-02,2.177281618243404326e-01,-1.621201278564954051e-01,1.527980535279805374e-01,4.575163398692810163e-02,1.220409331615858045e-01,2.628166595105195236e-01,1.442345307952864752e-01,3.519679404608558881e-01,5.309622632507990936e-01,6.088974762654453254e-01,2.457754878106960528e-01,6.541004723057105563e-01,-3.289442297600305154e-01,1.221315776919040114e-01,-3.758408472878202455e-01,-2.026620867325032160e-01,1.713849530079671890e-01,1.543771766614188135e-01,-1.702447402318591763e-01,-6.730594914364772252e-02,9.832546157148991037e-03,3.708792519440866353e-02,-1.154715900958923763e-01,-1.604408186632317115e-02,-1.770430800057249190e-02,5.387624636229187275e-02,-2.834311340107819113e-02,2.950384046562664064e-01,9.949906970087304958e-02,1.349887887028290712e-01,-1.460808167549258185e-01,-4.470206574113830267e-02,1.245169600686990129e-03,-2.106292638709985343e-01,1.066456753017508696e-01,-1.571108248652259010e-01,3.655073708315442760e-01,-1.959448499594484971e-01,1.265111397356996348e-01,-1.314345689614045132e-01,-2.490339201373980259e-03,-3.414102380611612197e-01,1.210629263870998534e-01,-1.996326511139735749e-01,1.566194360956061349e-01,-4.345403368159915791e-01,-1.918515338008682791e-01,-3.480272887743905419e-01,3.186870855398120095e-01,-2.800391202709794358e-01,-6.919994275082295976e-02,-3.188492915414340989e-01,4.338056390439387622e-02,-2.593101474166308873e-01,1.932493678736701415e-01,-2.739468536806450305e-01,1.238538237679499970e-01,9.899813940174609361e-02,1.229092123467391828e-01,-8.824483564715424055e-02,-3.875721578168980219e-01,-3.173798959973283540e-01,-4.751300033395353117e-01,-1.016316015457277844e-01
9.055388578789179410e-02,-8.387004436811220862e-03,2.190830590143600098e-01,-8.299222365345164387e-02,2.796145222079099435e-02,-7.466246839368351033e-03,7.152616764467344401e-01,-6.661895901913077178e-02,-3.650112112971709566e-02,8.315442965507370554e-02,5.666141882543771491e-01,9.900291016649968856e-02,0.000000000000000000e+00,-6.664758360765229983e-02,8.036353227422356194e-02,2.468870759982825236e-01,1.450598730976575546e-01,-3.336100376890415720e-01,3.481704117169982515e-01,-1.609417489623586606e-01,3.014169171318162310e-02,3.000333953532751188e-02,8.955202518963789604e-02,-1.145889986164782270e-01,-3.318543962597204217e-02,-7.189542483660130330e-03,8.158961881589618659e-02,-6.154286532131100166e-04,1.879585897619388268e-01,-7.980535279805352211e-02,2.919183245074185584e-01,7.746290730404083169e-02,-1.466580792901102104e-01,-2.794666285005486528e-01,2.022947378464767798e-01,5.883307094127188802e-02,1.750870664567530030e-02,-6.068412766566480890e-03,1.132961213682553286e-01,1.895472544248843205e-01,1.165497829302037103e-01,-2.062878679452316219e-02,-6.675254043223129152e-02,-1.788082629645532107e-02,-1.615094699680358625e-01,-7.632746529268641389e-02,-4.151519488574018091e-02,7.336004961595343765e-02,-1.755736844616191950e-01,1.860312008014884666e-01,6.280234721625876926e-02,-2.460760459901722291e-02,-3.173226468202852701e-01,1.604932970755212074e-01,-2.125137159486665817e-01,2.632412575735890714e-01,5.525976814083297800e-02,1.292877248222890074e-01,1.831878250083488480e-01,1.604265063689709336e-01,1.956490625447259157e-01,3.428700920757597470e-01,-5.979199465674347319e-02,-2.329325890940317778e-01,4.478221458899861451e-01,8.618386527360336058e-02,-2.036544058012499381e-01,-2.995754019369304966e-01,-3.916320786222031447e-02,2.040456085110443213e-02,1.259529602595295950e-01,2.452793282763227056e-01,2.371547159009589345e-01,2.266971995610896351e-01,9.137445732550927846e-02,3.713372453604312784e-01,2.409427031153093812e-01,4.778350269548208851e-01,-3.374075664328992086e-01,1.497638471446972874e-01,-4.860264300367349022e-01,-3.453604312771337281e-01,-1.460665044606650476e-01,-6.846047421401650623e-02,-3.669767663756500209e-01,-3.359858785363293854e-01,-2.221077238681360699e-01,2.254615714899098344e-01,-2.807547349840179285e-01,2.947855541243261102e-01,-4.039883593340012347e-01,1.922141119221411065e-01,-3.893230284814656050e-01,2.390439387433805629e-01,1.599064930108296256e-01,-6.242545680072515701e-02,7.120366394733075588e-02,1.010543390105433925e-01,1.111254234053718759e-01,2.085348981441725036e-01,-1.657888459520061031e-01,3.965411955536472521e-01,-1.034301798578312129e-02,1.393635799818710996e-01,-2.126186727732455595e-01,9.189924144840418141e-02,6.448642717427603699e-02,-1.050856352273269456e-01,7.352702638232909427e-02,-1.694146271647345159e-01,6.313152998425647366e-02,5.516435284576117620e-02,7.491054816087018564e-02,-2.425313677782548472e-01,-6.931444110490911359e-02,-8.153714040360669768e-02
