0.000000000000000000e+00,2.153715536887260418e-01,5.260020554984583541e-01,3.033915724563206462e-01,-2.571115778184905332e-01,-2.370436569998659593e-01,6.565217391304347672e-01,1.344251307028911102e-01,3.579650565262075812e-01,-1.148174627999463820e-01,3.358416372492068480e-01,-8.881540730148800022e-02,4.426739353858528125e-01,-2.248938737208990568e-01,1.516376960543366625e-01,-3.976093659234103406e-01,-2.501988471334733455e-01,-3.063139550471424138e-02,5.378837302828544109e-01,3.943473792394655564e-01,-2.303454131105053815e-01,4.414406363108271114e-02,1.066759015148129874e-01,6.352383931364224967e-02,-3.119352964833102537e-01,-5.245900174270521354e-01,-7.855578890924527768e-02,-7.194244604316546443e-02,-8.322087671477725046e-02,-1.713972921042048458e-01,1.398632646677688959e-03,-3.497922159167076578e-02,1.989499083962643633e-01,1.650073729836006864e-01,-3.413914830868224580e-03,1.200277045444389790e-01,5.213369676929264368e-02,-1.083158318066044096e-01,-1.971937977568255854e-02,-4.954555610170248703e-01,-1.975825550739532532e-01,-3.183386210286429097e-01,-1.730148800214486859e-01,-1.615800527280039367e-01,3.215514544885830772e-02,-3.300415568166584906e-02,-1.241387014611912976e-01,-1.547298806917199177e-01,4.488583046606193366e-02,-1.631440189463336243e-01,2.539657714821931256e-01,-3.027883283435363615e-01,3.723177979355645761e-01,-4.487734036373385860e-01,3.138075874703963319e-01,-3.402833013092631531e-01,4.362035837168774521e-01,2.266767952097948902e-01,1.393762009026319193e-01,1.661647079851646669e-01,3.308235399258233067e-01,-1.951829840475445832e-01,1.002234237454756732e-01,-3.210956700478126979e-01,-3.445641002725769592e-02,-4.315250904866169135e-01,2.661066178113409841e-01,1.148353366995844282e-01,3.564144957326064733e-01,2.649760936592340799e-01,3.577639751552795233e-01,8.659904374636935576e-03,2.836945350551856593e-01,1.551767281826712530e-01,1.618392242727557107e-01,3.275838956164260907e-01,3.775816613789713672e-01,2.736494034585995952e-02,-9.209973635998033870e-02,-1.187229098708610792e-01,9.002636400196613320e-02,-4.334867509718933198e-01,-1.421153760221636475e-01,-5.813039009785959665e-01,5.264980562134143893e-01,-6.290227445372894577e-01,1.731668081683721272e-01,-3.849769873542159826e-01,3.307699182269091542e-01,-5.319987488270253584e-01,5.433978283211939875e-01,-2.762321819562983394e-01,2.725501586308592961e-01,-3.284329058492336390e-02,-1.262344161937530712e-02,2.534340229679610257e-01,3.010054068546405004e-01,3.065239733678895573e-01,1.165869788641136773e-01,1.456275973010411617e-01,2.929889628669735124e-01,-2.887841279771213854e-01,1.302962598865007315e-01,-2.021359310067473991e-01,3.970954913088163285e-01,-1.770901291389248844e-01,1.781580946422985923e-01,-4.451494704857231893e-02,1.669377541445104807e-01,-1.813977389516957806e-01,-1.093703918852495655e-01,1.349479422673041749e-03,4.135126681263684434e-02,1.598015997140176114e-01,1.655301845480137701e-01,-4.335314357209884423e-02
2.153715536887260418e-01,0.000000000000000000e+00,1.470709146968139647e-01,5.867286295187452705e-01,-1.872290987086107639e-01,1.237097278698780084e-01,6.474820143884891903e-03,5.814111443764242715e-01,-1.464363912596630679e-01,1.846463202109120127e-01,-1.994280352115822968e-02,4.362437999910630526e-01,1.279369051342776620e-01,3.157290316814870823e-01,-2.727244291523303055e-01,2.184548013762902807e-01,-1.480807900263640120e-01,1.939407480226998659e-01,4.587246972608248763e-01,4.784574824612359834e-01,-1.723133294606550847e-01,-9.431163144018946121e-02,3.124357656731757346e-02,2.885785781312837917e-01,-2.885249564323696392e-01,-6.150855712945171860e-02,1.033692300817730947e-01,-5.071719022297689616e-02,-2.680414674471602865e-01,1.497296572679744364e-01,5.594530586710755315e-02,6.662496090084454869e-02,-1.038473568970910144e-02,1.301041154653916621e-01,-4.061843692747665532e-03,-2.762411189061173555e-01,-3.707091469681397800e-01,-2.053219536172304349e-01,-4.705661557710353327e-01,-3.610885204879574761e-01,-4.030430314133786052e-01,-1.970150587604450609e-01,-2.353277626346128026e-01,-1.664194110550069328e-01,-1.473256177666562410e-02,1.025783100227892208e-01,-3.607444479199249376e-01,8.545064569462441917e-02,3.637338576343893994e-03,-2.394208856517270750e-02,-1.793958621922338015e-01,4.205728584833996059e-02,-1.521873184682067948e-01,4.779480763215514239e-02,-2.220251128289914555e-01,3.647616068635774894e-02,7.230886098574557108e-02,8.055587827874346463e-01,-1.427364940345859923e-01,8.076768398945440020e-02,-6.991822690915590333e-02,2.169578622816032976e-01,-4.476071316859556171e-02,3.239331516153536872e-01,-2.251396398409223065e-01,3.354484114571696513e-02,-1.172483131507216642e-01,-1.301309263148487383e-01,1.096742481790964757e-01,2.314133786138790894e-01,-1.583806246927923489e-01,7.901604182492515116e-02,-1.572903168148710729e-01,2.329326600831136407e-01,-2.447830555431431201e-02,-6.934626212073818907e-02,6.716117788998614453e-03,2.626122704321015230e-02,-2.578801555029268666e-01,3.937083873274051515e-01,-3.292640421824031272e-01,7.999463783010858642e-02,-1.010947763528307758e-01,-3.710174717368962261e-02,-2.556325126234416101e-01,7.500335135618213522e-02,-1.595647705438134056e-01,-4.676705840296706967e-02,-2.761874972072032031e-01,9.307386389025425200e-02,-4.113678001698020670e-02,3.438491442870548337e-02,-8.031636802359354288e-02,-1.102819607667902997e-02,-1.929487465927878787e-02,-8.217525358595111074e-02,2.450064792886187948e-01,1.400956253630635806e-01,1.400911568881540725e-01,2.214039948165691107e-01,1.164573930917377903e-01,-8.901202019750659861e-03,-7.386389025425621827e-03,6.894409937888199003e-02,1.735421600607712500e-01,9.890969212207872951e-02,1.572322266410474123e-01,7.904732114929174935e-02,1.379909736806827769e-01,-1.202511282899146466e-01,2.242727557084767120e-02,2.296930157737164246e-01,3.624379999106305122e-02,1.784976987354215949e-01,3.080745341614906652e-01,1.426739353858527959e-01
5.260020554984583541e-01,1.470709146968139647e-01,0.000000000000000000e+00,5.301175208901202085e-01,-1.342240493319629968e-01,1.596183922427275581e-01,8.259260914249966223e-01,2.237588810938826445e-01,5.199651458957057493e-01,1.813843335269672563e-01,6.427454309844050917e-02,-1.468385540015192947e-01,3.192233790607265642e-01,-6.691988024487242892e-02,4.935788015550292562e-01,3.436704052906743023e-02,-2.477143750837839109e-01,9.279681844586443185e-02,4.414629786853747073e-01,1.613566289825282551e-01,1.361812413423298673e-01,2.561329818133071257e-01,4.647035166897537928e-01,6.285714285714285587e-01,-3.040305643683810510e-01,-4.088833281201126324e-01,1.784842933106930707e-01,2.868448098663926027e-01,-1.079672907636623630e-01,9.600965190580454389e-02,3.339335984628446496e-01,5.358863219983019954e-01,-7.753697662987622807e-02,3.540372670807453298e-02,3.558648733187363411e-01,1.830734170427633090e-01,4.046695562804414892e-01,2.561866035122212781e-01,3.216765717860494145e-01,-1.527905625809911072e-01,-9.071004066312168129e-03,-9.188078108941417910e-02,-5.205728584833996253e-01,-3.621967022655167567e-01,-3.884847401581840165e-01,-5.021940211805711041e-01,-8.187586576701372243e-02,-1.864113678001698138e-01,-3.996335850574199156e-01,-5.772509942356673918e-01,-1.744447919924929646e-01,-5.990616202690022263e-01,2.036284016265248534e-02,-6.021538049063854814e-01,5.837392198042807845e-01,-1.416506546315742529e-03,1.264131551901336026e-01,7.360025023459493276e-02,2.529558961526430783e-01,7.135260735510970398e-02,4.947942267304169389e-02,-4.369498190267661619e-01,-1.435050717190222980e-01,-3.653067608025380997e-01,2.348630412440234211e-02,-3.928191608204120167e-01,5.099021403994816737e-01,2.146119129541087522e-01,4.727244291523303166e-01,4.654497519996425026e-01,4.667187988739442961e-01,2.817194691451807564e-01,3.521515706689307135e-01,4.400464721390589529e-01,3.792796818445864360e-01,3.148800214486795479e-01,5.786094106081594024e-01,2.166137897135707591e-01,-2.901023280754278511e-01,-2.017739845390768005e-01,-1.687698288574109584e-01,-4.605835828231824580e-01,7.983377273336610125e-02,-2.019482550605478377e-01,5.120291344564100733e-01,-5.966441753429554407e-01,4.412127440904419218e-01,-7.313106036909602925e-02,5.594977434201706679e-01,-3.771124715134724359e-01,2.046382769560748938e-01,-8.009741275302739716e-02,-1.218463738326109325e-01,-2.707136154430492825e-01,3.745341614906832484e-01,4.819786406899325137e-01,4.795031055900620953e-01,2.781759685419366579e-01,2.189284597166986923e-01,2.395817507484695463e-01,5.132177487823406103e-01,-1.645247776933732586e-01,4.956655793377719998e-01,1.666919880244872310e-01,3.627552616292059606e-01,-2.363465749139818661e-01,4.312703874167746476e-01,2.642387952991643862e-01,4.195317038294830159e-01,1.955940837392197984e-01,4.071674337548594758e-02,-2.893069395415344691e-01,-2.318066044059162722e-01,2.170785111041601545e-01,-1.526296974842486220e-01,3.405424728540148993e-02
3.033915724563206462e-01,5.867286295187452705e-01,5.301175208901202085e-01,0.000000000000000000e+00,-3.917958800661334312e-02,4.218016890835157851e-01,4.188569641181464909e-01,8.036462755261629676e-01,1.730506278207247783e-01,4.323115420706912793e-01,-2.908083471111309881e-02,3.961749854774565538e-01,5.689262254792439022e-02,2.338844452388399719e-01,1.287278251932615358e-01,3.102685553420617692e-01,-2.608472228428437290e-01,1.803387103981411166e-01,5.751552795031056320e-01,3.499173332141740089e-01,7.704544438982975640e-02,2.855802314670003242e-02,1.249206845703561414e-01,6.196925689262254844e-01,-2.904687430180079577e-01,-2.207873452790562463e-01,3.505607936011439496e-01,2.282854461772197141e-01,-2.666473032753921002e-01,2.544438982975110730e-01,3.100317261718575357e-01,3.380848116537825687e-01,9.482550605478350103e-02,2.304079717592385779e-01,1.755350998704142407e-01,-1.370034407256803290e-02,6.774654810313239517e-02,-1.546092318691630503e-02,-6.512355333124804357e-02,-2.351177443138656731e-01,-1.925153045265650953e-01,-8.834174896107958863e-02,-4.701237767549935054e-01,-3.351534921131417710e-01,-4.619688100451315727e-01,-3.529693015773716636e-01,-3.516019482550605257e-01,-7.326064614147191623e-02,-4.284060949997765544e-01,-4.730014745967201506e-01,-4.569149649224719667e-01,-4.687564234326824231e-01,-3.449707314893427079e-01,-5.302917914115912179e-01,3.784351400866884374e-01,7.124536395728138516e-02,1.972608248804682829e-01,5.618302873229367167e-01,1.217257250100540616e-01,4.136735332231109563e-01,-1.906296081147504373e-01,9.910630501809732096e-02,-2.199159926717011437e-01,1.946244246838554071e-01,-3.625943965324634477e-01,-1.345234371509003990e-01,3.083605165556995154e-01,3.623843782117163181e-01,4.569775235712051353e-01,5.131105053845123054e-01,3.056973055096295910e-01,3.042584565887662684e-01,1.329013807587470508e-01,5.832208767147772921e-01,1.925331784262031276e-01,2.908262210107690482e-01,2.565440815049823686e-01,2.033915724563206684e-01,-3.364493498369006685e-01,-1.889718039233209690e-02,-2.796460967871665648e-01,-1.967246078913267027e-01,6.843469323919745828e-02,-4.090888779659502400e-02,9.480763215514545483e-02,-2.730327539210867238e-01,3.294919344027883445e-01,7.687117386835873312e-02,3.016622726663389931e-01,-9.079941016131194698e-02,2.043701684615040759e-01,-1.626658921310156769e-01,-2.791500960722105296e-01,-4.114795120425399078e-01,2.646186156664730449e-01,3.082666785825997624e-01,4.942088565172706449e-01,2.624916216095446453e-01,4.573260646141472097e-01,4.198355601233298984e-01,6.525537334107869292e-01,-1.906251396398409362e-02,5.487644666875195476e-01,3.606059251977299929e-01,5.638813173064033402e-01,-6.313061352160508066e-02,5.586219223379060850e-01,3.379150096072210396e-01,6.059117923052862453e-01,2.332990750256937196e-01,1.013718217972206098e-01,9.009339112560882379e-02,-2.556548549979891782e-01,3.005004691898655045e-01,6.491353501050091401e-02,3.352696724607891476e-01
-2.571115778184905332e-01,-1.872290987086107639e-01,-1.342240493319629968e-01,-3.917958800661334312e-02,0.000000000000000000e+00,4.192635953349121980e-01,-7.535636087403368988e-02,3.002815139192993327e-03,3.205192367844854617e-01,4.448322087671477965e-01,-6.299655927431967173e-02,-2.390634076589659776e-02,-1.132088118325215581e-01,2.376558380624692879e-01,2.992895124893873993e-01,4.046695562804414892e-01,9.251083605165556778e-02,3.594441217212565598e-02,-1.179275213369676972e-01,-2.396889941462978790e-01,6.648196970374010972e-02,-6.205817954332186470e-02,1.161088520487957437e-01,1.672773582376334833e-01,2.689262254792439411e-01,1.536351043388891335e-01,4.424415746905581148e-01,2.576299209079940811e-01,-4.891192635953349466e-02,1.900129585772376006e-01,2.313418830153268768e-01,1.426649984360337797e-01,-4.245051164037713654e-03,3.175298270700210174e-02,-2.918807810894141763e-02,-3.665043120782876529e-02,1.027927968184458585e-01,8.954823718664819271e-03,-1.629205952008579497e-02,1.328164797354662863e-01,-1.966128960185888411e-02,5.612404486348809146e-02,-1.597256356405558908e-01,-1.045935922069797519e-01,-3.257607578533446291e-01,-2.095848786809061948e-01,-1.191474149872648464e-01,-1.340542472854014955e-01,-2.631887036954287384e-01,-1.546092318691630607e-01,-3.042807989633138366e-01,-1.995933687832342762e-01,-4.090575986415836418e-01,-2.145627597301041078e-01,1.129943250368649205e-01,1.587291657357343955e-01,2.893337503909915523e-02,-6.391259663076992448e-02,-1.620715849680504084e-02,5.180302962598865024e-02,-6.364001966128959853e-02,6.307252334778140623e-02,1.890298940971446573e-01,1.848161222574735141e-01,-1.140801644398766745e-01,-6.058805129809195777e-02,-1.346217435989096878e-01,-7.029804727646454809e-02,6.873408105813486046e-02,2.479556727288976387e-02,-3.494347379239465430e-03,7.379239465570400225e-02,1.120827561553241897e-01,-1.122346843022476448e-01,-5.186111979981232467e-02,-1.522409401671209576e-02,-5.165110147906519511e-02,-5.943071629652799809e-03,7.417668349792215683e-03,-2.206979757808660014e-01,-2.096563742794584073e-01,4.680727467715269097e-02,-1.299879351177443132e-01,1.161982215469860164e-01,-2.247642879485231560e-01,7.911434827293445382e-02,1.546851959426247813e-01,3.198355601233299206e-01,-6.141025068144242288e-02,1.552482237812234656e-01,-2.037579873989007473e-01,-2.673667277358237615e-01,-3.167076276866705453e-01,-3.220697975780866251e-01,2.502345949327494656e-02,-1.952544796460967957e-01,-1.326153983645381729e-01,-3.360293131954064094e-01,2.244112784306716013e-01,4.166852853121229966e-02,9.588006613342865692e-02,1.053219536172304432e-01,1.809196121363778609e-01,1.649850306090531182e-01,3.712855802314669884e-02,-1.996514589570579437e-02,9.881138567406944073e-02,2.355601233299075004e-01,1.767415880959828378e-01,1.868358729165735810e-01,-2.102417444926046874e-02,-8.341302113588631995e-02,-2.142723088609857496e-01,-4.227177264399660517e-02,-1.023727601769516132e-01,2.009875329550024625e-01
-2.370436569998659593e-01,1.237097278698780084e-01,1.596183922427275581e-01,4.218016890835157851e-01,4.192635953349121980e-01,0.000000000000000000e+00,5.658876625407747996e-02,3.693775414451047623e-01,3.234952410742213957e-01,6.963224451494705036e-01,-2.711291836096340058e-01,2.247866303230707241e-01,-1.907636623620358463e-01,2.301711425890343721e-01,4.188346217435989227e-01,6.385450645694624727e-01,4.051566200455784111e-02,1.718262656955181211e-01,-4.856338531659144808e-02,-2.786094106081594135e-01,2.463425532865632928e-01,2.314714687877027499e-01,-7.641092095267885097e-04,4.728272040752491412e-01,-5.844765181643504955e-03,1.290227445372894299e-01,5.004557844407703238e-01,6.259037490504490986e-01,-6.968139773895169753e-02,4.125698199204611560e-01,4.166763483623039388e-01,4.929621520175164195e-01,-1.966128960185888411e-03,6.031100585370213069e-02,1.360874033692300866e-01,-4.655704008221994011e-02,1.438536127619643445e-01,1.649180034854104415e-01,2.540953572545689987e-01,2.358461057241163505e-01,5.852808436480629040e-02,2.879663970686804353e-01,-4.885472988069172184e-01,-3.476920327092363205e-01,-5.079851646633004592e-01,-3.696635238393136680e-01,-3.946467670584029586e-01,-2.577639751552794900e-01,-6.485901961660485160e-01,-4.108673309799365514e-01,-6.194557397560213063e-01,-4.393985432771794764e-01,-6.264712453639572631e-01,-3.938692524241476645e-01,3.579293087269315166e-01,2.343491666294293674e-01,8.083917958800661274e-02,2.387550828902095801e-01,6.422092139952634282e-02,2.533446534697707531e-01,-2.134054247285401551e-01,1.541981321774878178e-01,-9.736359980338710196e-02,3.433576120470083759e-01,-2.011439295768354396e-01,-2.623888466866258415e-02,8.504401447785871204e-02,1.591581393270476708e-01,3.127843067161177881e-01,3.142589034362572309e-01,2.070199740828455315e-01,2.624558738102685806e-01,1.332588587515081135e-01,4.579561195763885983e-01,1.372358014209750232e-01,3.115376022163635628e-01,1.160328879753340231e-01,2.957951651101479174e-01,-1.706778676437731845e-01,-1.225702667679521018e-01,-1.635819294874659158e-01,9.548684034139148791e-02,-6.923455024800036217e-02,2.702667679520979749e-01,-1.050493766477501173e-01,1.883015326868939590e-02,4.166316636132088025e-01,4.749586666070870211e-01,2.687966397068680680e-01,2.477992761070646477e-01,-2.333973814737030361e-01,-1.197372536753206068e-01,-5.724831315072166360e-01,-4.978953483176192241e-01,2.907323830376692397e-01,5.164216452924616507e-02,1.139997318915054320e-01,-7.742526475713838729e-02,3.212252558201885710e-01,2.511953170382948408e-01,3.853925555208007614e-01,9.900799857008803218e-02,4.870861075115063277e-01,4.384780374458197572e-01,3.241610438357388491e-01,1.479512042539881111e-01,4.663791947808212934e-01,4.305956477054381226e-01,3.918584387148666415e-01,1.948076321551454604e-01,-3.308905670494659973e-02,-1.543411233745922533e-02,-3.491130077304616108e-01,1.450020108137092811e-02,-2.808391795880066377e-01,3.170070155056079475e-01
6.565217391304347672e-01,6.474820143884891903e-03,8.259260914249966223e-01,4.188569641181464909e-01,-7.535636087403368988e-02,5.658876625407747996e-02,0.000000000000000000e+00,1.647616068635774644e-01,5.513114973859422063e-01,1.299924035926538213e-01,2.108628625050270322e-01,-2.016309933419723754e-01,4.668662585459582570e-01,-1.588498145582912524e-01,4.805934134679833991e-01,-1.333169489253317741e-01,-2.785334465346976929e-01,-4.387148666160239213e-02,3.412931766388132004e-01,6.833191831627864754e-02,-3.151615353679788900e-02,1.021582733812949617e-01,3.851512578756870475e-01,4.219402118057107298e-01,-2.936860449528576056e-01,-4.689530363287010006e-01,1.708610751150632379e-01,2.606863577461012715e-01,-7.458331471468787610e-02,-8.940524598954377455e-02,2.720854372402699006e-01,3.397917690692166537e-01,2.500558559363689343e-02,-1.678359176013226664e-02,2.577192904061843537e-01,1.802404039501318278e-01,3.160239510255150042e-01,8.661691764600741583e-02,3.084230752044327395e-01,-1.949819026766164698e-01,-2.572501005406854779e-02,-1.370391885249564456e-01,-3.613298181330711900e-01,-2.276911390142544456e-01,-2.473837079404799244e-01,-3.819205505161088476e-01,-6.380982170785111200e-03,-2.529201483533670136e-01,-3.098306448009294223e-01,-4.721524643639126162e-01,-1.726171857545020019e-02,-5.210688591983555495e-01,1.239912417891773505e-01,-5.623977836364448812e-01,5.517672818267125301e-01,-9.131328477590598680e-02,1.529156798784574722e-01,-8.578578131283792763e-02,1.689083515796058754e-01,1.241878546851959420e-01,2.252245408642030433e-01,-3.452969301577371586e-01,-8.677331426784039292e-02,-4.939943697216140350e-01,-2.768220206443540790e-02,-3.737030251575137463e-01,4.652754814781714932e-01,2.338129496402877594e-01,3.654854997989186449e-01,3.837526252290093254e-01,4.478037445819741946e-01,1.309844050225658085e-01,2.962598865007373128e-01,3.236114214218687168e-01,2.305107466821573747e-01,3.697662987622324371e-01,4.905313016667411374e-01,1.102506814424236981e-01,-2.778676437731802396e-01,-2.918718441395951602e-01,-1.040618436927476659e-01,-5.838375262522901288e-01,5.691943339738147339e-02,-3.857187541891952121e-01,5.579695250011170726e-01,-6.372179275213369909e-01,3.809419545109254401e-01,-1.655838062469279226e-01,5.592832566245140580e-01,-4.586621386120917077e-01,3.712140846329147759e-01,-2.233522498771169373e-01,3.587738504848295151e-02,-2.024755350998704018e-01,1.985388087045891203e-01,3.445283524733008806e-01,4.021180571071093501e-01,2.208633093525179947e-01,1.409491040707806508e-01,1.697931096116895300e-01,4.321864247732248865e-01,-2.693998838196523526e-01,3.392957683542606739e-01,-2.090799410161311989e-02,3.598194736136556826e-01,-2.524286161133205142e-01,3.000804325483712454e-01,1.321015237499441330e-01,3.255462710576880192e-01,2.373475132937128695e-01,1.630099646990482154e-02,-3.005228115644130726e-01,-1.203628401626524874e-01,1.655748692971089064e-01,-1.031994280352115795e-01,-7.618749720720317808e-02
1.344251307028911102e-01,5.814111443764242715e-01,2.237588810938826445e-01,8.036462755261629676e-01,3.002815139192993327e-03,3.693775414451047623e-01,1.647616068635774644e-01,0.000000000000000000e+00,-7.194691451807498639e-02,3.499441440636310574e-01,-3.387997676393047358e-02,5.609455292908530621e-01,3.770945976138344313e-02,4.074936324232539264e-01,-4.354975646811742873e-02,2.663434469815452177e-01,-2.249251530452656411e-01,1.596049868179990061e-01,4.859153670852138229e-01,3.689575048036105032e-01,-7.973993476026632055e-02,-1.112560882970642095e-01,-8.946780463827695706e-02,3.656776442200276867e-01,-1.549175566379194791e-01,-3.676214308056660607e-02,2.427409625094955059e-01,9.474060503150275037e-02,-3.537959694356316298e-01,2.407435542249430349e-01,1.391617141069752817e-01,1.474060503150274870e-01,7.072255239286831530e-02,3.076589659949059419e-01,-3.042584565887662684e-02,-1.196076679029447198e-01,-4.217346619598730945e-02,-1.532552839715805026e-01,-1.832968407882389628e-01,-1.641047410518789995e-01,-1.618570981723937707e-01,-7.816256311720809480e-02,-3.451360650609947012e-01,-2.619598730953125454e-01,-3.099959783725814155e-01,-2.075249117476205274e-01,-3.258322534518968694e-01,-1.646141471915635313e-01,-2.844094910407077847e-01,-3.097814915769248056e-01,-4.287859153670852130e-01,-2.902944724965369483e-01,-3.400285982394208872e-01,-2.970776174091782629e-01,2.045355020331560969e-01,-3.906340765896599426e-02,1.373475132937128640e-01,6.456544081504982380e-01,4.646320210912015941e-02,4.625407748335493285e-01,-1.786138790830689438e-01,3.293757540551409679e-01,-1.908575003351356270e-01,3.603512221278877270e-01,-4.867554403682023412e-01,-7.785870682336118453e-02,7.510612627910094596e-02,2.345457795254479727e-01,2.784351400866884041e-01,3.110907547254121996e-01,7.010590285535546473e-02,1.578935609276553853e-01,2.802627463246793946e-02,4.392823629295321552e-01,4.230752044327271144e-02,2.003664149425800900e-01,1.562000089369498246e-01,2.298762232450064780e-01,-3.853657446713436574e-01,2.410295366191518920e-02,-2.599267170114839542e-01,-1.378658563832164119e-01,1.104517628133517976e-01,-2.831225702667679658e-02,-1.809374860360159210e-01,-1.096295634300013394e-01,1.647482014388489124e-01,7.678627284507796857e-02,1.893918405648152281e-01,7.786764377318021457e-02,1.556146387238035722e-01,-2.567094150766343619e-01,-2.114616381429018366e-01,-3.073417042763305074e-01,7.443138656776442097e-02,1.364716922114482256e-01,2.687698288574109640e-01,1.475043567630367758e-01,3.192278475356361001e-01,2.171634121274408913e-01,4.884623977836364261e-01,5.376022163635551382e-02,3.458823003708834110e-01,2.294606550784217269e-01,3.819786406899325359e-01,-8.604495285758970158e-02,4.257607578533446624e-01,2.111488448992358824e-01,4.430626927029804873e-01,2.118057107109343473e-01,6.367129898565619672e-02,1.315519013360740008e-01,-1.977881049197908747e-01,2.549577729121050851e-01,5.208454354528799235e-02,2.780061664953751288e-01
3.579650565262075812e-01,-1.464363912596630679e-01,5.199651458957057493e-01,1.730506278207247783e-01,3.205192367844854617e-01,3.234952410742213957e-01,5.513114973859422063e-01,-7.194691451807498639e-02,0.000000000000000000e+00,3.303766924348719991e-01,9.260020554984584040e-02,-2.580454890745788599e-01,1.508467759953527887e-01,-8.462397783636445292e-02,7.895348317619196310e-01,2.339514723624826764e-01,-2.068457035613744874e-02,1.403547969078153615e-02,1.974797801510344564e-01,-2.118593324098485275e-01,1.704321015237499348e-01,4.156754099825729631e-01,2.635372447383708128e-01,3.245229903034094199e-01,-2.249787747441798214e-01,-3.677286742034943656e-01,1.800750703784798346e-01,4.576075785334465240e-01,1.509227400688145093e-01,1.130121989365029667e-01,3.337280486170070004e-01,3.781983109164842038e-01,6.395728137986504691e-02,-1.023280754278564630e-03,2.554761160016086330e-01,2.040260958934715652e-01,3.824299566557933794e-01,2.803968005719648104e-01,3.389427588364091193e-01,-2.036730863756200036e-02,9.760042897359130776e-02,1.104606997631708276e-01,-5.642432637740738555e-01,-3.473479601412037820e-01,-4.625452433084588089e-01,-4.596183922427275470e-01,-2.093435810357924809e-01,-2.026900218955270672e-01,-5.099066088743912095e-01,-5.097770231020153364e-01,-2.735466285356807914e-01,-5.957549488359622503e-01,-2.258188480271683396e-01,-6.031502748112069767e-01,5.588095982841055909e-01,1.520577326958309217e-01,2.301488002144868039e-01,-8.735868448098664529e-02,2.545868894946154981e-01,1.832968407882389628e-01,1.271593905000223401e-01,-2.960900844541757837e-01,8.610304303141337601e-02,-2.193082800840073232e-01,1.530005809017382333e-02,-3.763617677286741903e-01,3.149649224719603402e-01,1.594977434201707012e-01,4.266991375843424694e-01,3.363689172885294121e-01,5.725010054068546683e-01,4.496090084454175684e-01,4.245185218284999173e-01,3.116269717145538354e-01,3.340006255864873541e-01,4.476518164350506979e-01,3.951695786228160423e-01,1.331158675544036885e-01,-3.063139550471424138e-02,-3.027659859689887933e-01,-1.304928727825193369e-01,-2.253898744358550366e-01,8.102685553420617415e-02,-3.601590777067786853e-03,4.125385405960945717e-01,-4.369810983511327462e-01,5.557174136467223358e-01,2.571294517181286210e-01,4.398141114437642551e-01,-1.704186960990214106e-01,6.486438178649626962e-02,-1.091961213637785422e-01,-2.770767237141963379e-01,-3.304884043076098399e-01,2.511059475401045682e-01,1.846954734349166571e-01,1.914160596988248031e-01,-1.310603690960275222e-02,2.946244246838554126e-01,2.886366683051074800e-01,3.335761204700835592e-01,-9.554939899012467042e-02,4.470887885964520136e-01,1.962509495509182633e-01,3.917377898923097290e-01,-5.951561731980874875e-02,3.379150096072210396e-01,4.344519415523481753e-01,4.061843692747665324e-01,1.580499575494883624e-01,1.305241521068859281e-02,-2.122883060011618028e-01,-3.145493543053755614e-01,-1.745833147146878817e-02,-1.506456946244246753e-01,6.622279815898833577e-02
-1.148174627999463820e-01,1.846463202109120127e-01,1.813843335269672563e-01,4.323115420706912793e-01,4.448322087671477965e-01,6.963224451494705036e-01,1.299924035926538213e-01,3.499441440636310574e-01,3.303766924348719991e-01,0.000000000000000000e+00,-5.736628088833280875e-02,2.568479377988292511e-01,-5.825997587023548641e-02,3.064122614951517165e-01,2.258009741275302795e-01,6.090754725412216297e-01,-7.434648554448367030e-02,-6.909602752580544516e-02,9.760042897359130776e-02,-1.168372134590464212e-01,1.348004825952902330e-01,6.976629876223244819e-02,1.385763438938290293e-01,5.109432950533983053e-01,2.061754323249475121e-02,1.165825103892041692e-01,4.780419142946512601e-01,3.891505429197015253e-01,-1.198087492738728332e-01,1.653559140265427330e-01,5.342285178068725271e-01,4.850618883774967527e-01,2.345145002010813606e-01,2.135975691496492246e-01,2.546137003440725466e-01,5.501139461101926115e-02,-3.887573171276643112e-03,-1.772197149113007714e-02,1.318736315295589712e-01,1.855712945171812955e-01,-1.271102372760176957e-01,1.692702980472764740e-01,-3.984762500558559628e-01,-2.813888020018767699e-01,-4.490370436569998680e-01,-3.799231422315563766e-01,-4.433710174717369057e-01,-2.549130881630099488e-01,-5.063541713213279838e-01,-3.041780240403950120e-01,-5.310424951963894635e-01,-2.971312391080924153e-01,-6.183296840788239379e-01,-2.311139907949416872e-01,2.329103177085660725e-01,2.561508557129451580e-01,1.516242906296081105e-01,2.876580722999240169e-01,4.140488851155101069e-02,3.454846061039367200e-01,-2.071942446043165409e-01,1.758568300638991833e-01,-1.692658295723669382e-01,2.869654586889494596e-01,-2.684257562893784255e-01,1.214978327896688859e-02,1.342061754323249367e-01,2.035390321283346016e-01,2.994012243621251845e-01,2.653156977523571380e-01,2.042093033647615977e-03,1.417444926046740328e-01,-3.998391349032575509e-02,2.558291255194601876e-01,2.069797578086599033e-02,2.586532016622726804e-01,3.864783949238125016e-02,1.100674739711336586e-01,-2.208364985030609184e-01,-1.127664328164797308e-01,-3.902408507976227736e-01,-1.333437597747888781e-01,-1.168059341346798369e-01,2.144823271817328791e-01,-2.666294293757540679e-01,7.856025738415478576e-02,4.178649626882345314e-01,5.384735689709102546e-01,1.335761204700835481e-01,2.719201036686179074e-01,-1.060547835023906288e-01,-1.024397873005943038e-01,-5.348272934447473315e-01,-4.206711649314089363e-01,1.363510433888913687e-01,2.386165601680146492e-02,7.663881317306403540e-02,-3.199428035211582255e-02,3.580186782251217892e-01,1.808168372134590363e-01,3.453997050806559832e-01,6.795656642387952473e-02,4.740515662004557984e-01,4.954957772912105263e-01,3.511997855132043544e-01,9.603646275526163401e-02,4.473613655659323673e-01,4.445149470485723064e-01,3.833325885875150663e-01,2.137941820456678022e-01,-1.321238661244917012e-01,-4.963581929487465710e-02,-4.942669466910943332e-01,2.027793913937173120e-02,-1.252066669645650054e-01,3.672594843379954344e-01
3.358416372492068480e-01,-1.994280352115822968e-02,6.427454309844050917e-02,-2.908083471111309881e-02,-6.299655927431967173e-02,-2.711291836096340058e-01,2.108628625050270322e-01,-3.387997676393047358e-02,9.260020554984584040e-02,-5.736628088833280875e-02,0.000000000000000000e+00,1.736404665087805665e-01,5.121006300549622026e-01,9.978551320434335403e-02,4.967603556906027840e-02,-1.299164395191921006e-01,-2.005451539389606352e-01,-2.726439966039590490e-01,2.110907547254122218e-01,1.448277402922382717e-01,-4.645381831181017995e-01,-2.107556191071986995e-01,2.338755082890209558e-01,-1.957192010366861842e-02,2.797265293355377658e-02,-1.430135394789758263e-01,-1.678180437016846271e-01,-1.789534831761919742e-01,1.897135707583001984e-01,-4.182045667813575340e-01,5.411323115420706847e-02,-7.966397068680459992e-02,1.287054828187139677e-01,2.095401939318110862e-01,-6.050315027481120711e-02,-1.188390902185084280e-01,-3.204522096608427573e-01,-4.858170606372045341e-01,-3.748112069350730824e-01,-3.454443898297511195e-01,-2.649716251843245995e-01,-3.865856383216408343e-01,1.154922025112828932e-01,-1.046338084811653801e-01,1.829527682202064520e-01,9.395862192233790655e-02,-1.360695294695920265e-01,-6.578488761785603045e-02,3.030609053130166597e-01,1.571160462934000634e-01,3.878546851959426278e-01,1.834889852093480600e-01,3.059296662049242332e-01,1.102059966933285617e-01,-2.036462755261629343e-01,-4.507082532731578883e-01,2.406139684525671341e-01,2.645337146431922786e-03,-1.077170561687296191e-01,-1.040797175923857121e-01,4.307699182269091320e-01,-1.404575718307341792e-01,1.324187854685195953e-01,-2.272979132222172627e-01,-2.865186111979981312e-02,-1.180213593100674779e-01,-2.084990392778944546e-02,-8.403413914830867859e-02,-1.952768220206443639e-01,-2.128289914652129189e-01,-1.414585102104651548e-01,-1.100942848205907348e-01,-2.319585325528396996e-02,-2.693730729701952487e-01,-2.542562223513114908e-02,-7.721077796148174965e-02,4.260690826221010669e-02,-5.748692971088967263e-02,-3.005943071629652574e-01,-2.084052013047946739e-01,-4.521649760936592016e-02,-4.637115152598418333e-01,-1.813217748782340599e-01,-4.873050627820724734e-01,9.174225836721926208e-02,-8.763126145046695736e-02,-2.534742392421466817e-01,-2.709370391885249640e-01,-1.433710174717368890e-01,-2.565038652307967126e-01,1.371374949729657344e-01,-1.203941194870190856e-01,2.765226328254166699e-01,2.651369587559765928e-01,-4.919701505876044600e-01,-2.133473345547164668e-01,-1.480763215514544762e-01,-1.128826131641270797e-01,-2.407256803253049748e-01,-3.341704276330488277e-01,-7.069574154341123906e-02,1.341123374592251560e-01,-2.162697171455382206e-01,-9.335984628446311606e-02,6.654452835247330611e-02,8.607176370704679169e-02,-2.669690334688770705e-01,-9.608561597926627840e-02,-1.703203896510121218e-01,-1.020957147325617792e-01,-4.112248089726976419e-01,-2.030206890388310537e-01,-1.044550694847848488e-01,2.658787255909558223e-01,3.285669600965190340e-01,-1.679342240493319760e-01
-8.881540730148800022e-02,4.362437999910630526e-01,-1.468385540015192947e-01,3.961749854774565538e-01,-2.390634076589659776e-02,2.247866303230707241e-01,-2.016309933419723754e-01,5.609455292908530621e-01,-2.580454890745788599e-01,2.568479377988292511e-01,1.736404665087805665e-01,0.000000000000000000e+00,2.655123106483757156e-01,5.552482237812235155e-01,-2.453371464319227813e-01,2.137941820456678022e-01,-2.556816658474462822e-01,1.094999776576254524e-01,2.507842173466195979e-01,1.684257562893784477e-01,-2.167567809106751842e-01,-3.843871486661602499e-01,-1.008221993833504637e-01,3.998838196523526317e-02,1.038339514723624762e-01,3.152687787658072227e-01,1.517091916528888751e-01,-7.643326332722641392e-02,-2.398319853434023041e-01,9.662630144331739446e-02,2.764198579024978661e-02,-8.132624335314357633e-02,-3.078779212654720893e-03,1.776933732517091968e-01,-1.255328656329594839e-01,-2.343849144287054875e-01,-3.612359801599713816e-01,-3.038741677465481295e-01,-4.161937530720765110e-01,-1.148844899235890726e-01,-1.802448724250413359e-01,-2.852272219491487348e-01,5.157513740560346754e-02,-1.983556012332990739e-02,-9.562983153849591300e-02,6.811743152062200990e-02,-2.209482103757987315e-01,6.207605344295991784e-02,1.539389606327360403e-02,7.196925689262255454e-02,-2.331426784038607702e-01,1.246972608248804737e-01,-2.767103087716162313e-01,1.381384333526967378e-01,-2.108673309799365403e-01,-9.866839447696501564e-02,-4.437195585146789210e-03,5.722641762366503793e-01,-1.920595200857947160e-01,2.295947093257071359e-01,-9.182715939050002663e-02,4.804459537959694382e-01,-1.495553867465034270e-01,4.492113141784708774e-01,-4.254703069842262764e-01,1.191027302381697101e-01,-3.078332365163769513e-01,-8.511104160150140263e-02,-1.815496670986192496e-01,-1.061709638500379776e-01,-1.692613610974574301e-01,-1.042048348898520910e-01,-2.610304303141338100e-01,1.043835738862326223e-01,-1.844184279905268231e-01,-4.325483712408954504e-03,-3.074042629250636760e-01,-3.262880378926672625e-02,-2.755708476696903109e-01,7.104875106126279372e-02,-2.668439161714106778e-01,-7.128111175655749143e-02,-1.562223513114973927e-01,2.402698958845346164e-02,-3.918271593905000016e-01,1.414808525850127230e-01,-1.720273470664462345e-01,5.293802225300504871e-02,-1.732740515662004599e-01,1.328745699092899468e-01,-4.715134724518521558e-02,-1.356763036775548437e-01,-8.834621743598909671e-02,-3.013092631484874315e-02,-1.295991778006166384e-01,-2.970374011349926069e-01,-1.345100317261718470e-01,-2.087001206488225680e-01,1.372715492202511260e-02,-4.484114571696679735e-02,1.343089503552437614e-01,3.187050359712230163e-01,1.948255060547834927e-02,2.416864024308503500e-01,1.845346083381741720e-01,2.057375217838151860e-01,8.137539657714822072e-02,1.050404396979311011e-01,1.639930291791411726e-02,-1.517940926761696292e-02,-3.593994369721614096e-02,1.751374056034675497e-01,-1.103266455158854326e-01,1.592385718754189272e-01,2.513159658608516978e-01,2.810849457080298319e-01
4.426739353858528125e-01,1.279369051342776620e-01,3.192233790607265642e-01,5.689262254792439022e-02,-1.132088118325215581e-01,-1.907636623620358463e-01,4.668662585459582570e-01,3.770945976138344313e-02,1.508467759953527887e-01,-5.825997587023548641e-02,5.121006300549622026e-01,2.655123106483757156e-01,0.000000000000000000e+00,2.959739041065284626e-01,4.494392063988560809e-02,-2.164618615666472901e-01,-3.982707002100183136e-01,-1.446445328209482184e-02,2.272264176236650501e-01,1.578801555029268611e-01,-3.716073104249519865e-01,-2.428258635327762704e-01,2.558112516198221553e-01,5.451092542115375944e-02,-8.576343893829035947e-02,-1.907323830376692342e-01,5.969882479109879514e-03,-1.383305777738058073e-01,-1.602484472049689468e-01,-2.755440368202332624e-01,-8.480718530765449237e-02,-2.399571026408686518e-03,-1.905178962420125965e-01,-1.479065195048929748e-01,-4.960453997050806585e-02,-1.623352249877116904e-01,-1.843960856159792550e-01,-2.277805085124446904e-01,-2.007864515840743491e-01,-3.036596809508914641e-01,-2.186111979981232301e-01,-4.822288752848652993e-01,3.097546807274677294e-02,1.131194423343312994e-01,2.023995710264086811e-01,1.221234192770007665e-01,9.368157647794807252e-02,-1.122480897269761829e-01,2.977612940703338040e-01,1.601680146565976903e-01,3.790071048751061378e-01,1.103847356897091070e-01,3.747039635372447219e-01,8.762679297555744581e-03,-9.644756244693686309e-02,-3.546896644175343005e-01,-9.472273113186469029e-02,1.047857366280888353e-01,-1.274945261182358347e-01,-1.008177309084409556e-01,3.667992314223155748e-01,-1.689843156530675961e-01,-8.524956432369631965e-02,-3.511908485633853383e-01,-6.881898208141561113e-02,-2.124044863488091517e-01,-5.055185665132490291e-02,-2.511595692390187207e-01,-2.127664328164797225e-01,-1.042718620134947954e-01,-7.271549220251127821e-02,-1.266321104606997761e-01,-2.356628982528262972e-01,-1.391393717324277135e-01,-2.069931632333884552e-01,-1.373609187184413917e-02,7.957460118861432730e-02,-1.151972831672550129e-01,-3.283301309263148560e-01,-1.215872022878591585e-01,-1.712364270074623607e-01,-5.598328790383841902e-01,-2.480182313776308212e-01,-4.002055498458376159e-01,1.924527458778318989e-01,-3.447383707940480102e-01,-1.674292863845569523e-01,-3.845971669869073795e-01,6.712989856561955848e-02,-4.029894097144644527e-01,2.647347960141203660e-01,-1.630635863979623679e-01,3.479467357790785864e-01,2.217882836587872497e-01,-2.432190893248134533e-01,-1.445149470485723175e-01,-2.855355467179051913e-03,-9.314089101389695646e-02,-4.170427633048840454e-01,-3.733991688636668083e-01,-2.668126368470441143e-02,-1.393270476786272749e-01,-2.464766075338487017e-01,-3.073729836006970917e-01,-1.416059698824791158e-02,-3.127932436659368320e-02,-1.505563251262344027e-01,-1.367487376558380596e-01,-2.184235220519236687e-01,-6.260333348228249925e-03,-2.291523303096653086e-01,-3.810268555342061769e-01,-5.824657044550694829e-02,3.675320613074757603e-02,9.255552080075070409e-02,-3.207873452790562796e-01
