1.000000000000000000e+00,3.675581115654588671e-01,-2.421552120006122827e-02,-1.258227460584723789e-02,-2.141392053530427886e-01,-2.927860750912947285e-01,-4.355470031269816772e-02,-3.592836369202510594e-01,-5.204347160569416930e-03,-1.360171437318230536e-01,3.143688089042444012e-01,7.775906934027246135e-03,-2.500273337560954268e-02,-2.302333209420305837e-01,-1.800135575430233392e-01,-2.441538562463099471e-01,-2.624915265356104338e-02,-1.715685202597800121e-02,4.452778202969539523e-01,4.082045002296035285e-01,-3.711836609739563864e-01,-4.194528875379939237e-01,-3.034834138768012779e-01,-2.228860073035796308e-01,-3.292296254182064952e-01,-3.085040781964094592e-01,-3.114736174586166806e-01,-1.043362270669786346e-01,1.471649428177822412e-02,-4.823074063545516044e-01,-3.224596007084909455e-01,-3.474973212919026389e-01,2.737705276508276553e-01,-1.530646607334193443e-01,-1.560079595897749805e-01,-1.484857099123133017e-01,4.264065950886707090e-03,-1.923946557040082106e-01,-3.037152041284905124e-01,-1.094268658021910756e-01,-2.314841136209573325e-01,-2.860247971835297442e-01,-2.162646782270232493e-01,2.523889702827403561e-02,-4.373051103190396249e-01,-2.238962629288666351e-01,-2.266689991471868004e-01,-1.511797249130786558e-01,-8.640528306837812200e-02,5.625068334390238844e-02,2.134482079989503955e-01,1.346876298353414658e-01,-2.547768472152369124e-01,-1.139402156086680856e-01,-1.829874702062058434e-01,-1.485075769171896598e-01,6.977367649952985751e-01,4.694015000765345280e-01,5.777831230456363931e-01,-1.143207014935164294e-02,4.612626008615600126e-01,-4.178697163849467433e-01,4.496118606634449399e-01,2.472677177407010540e-01,-1.911438630250814619e-01,-4.549736502591240073e-01,-6.141129649471911700e-02,-3.261901117403949169e-01,3.358028470840349056e-01,1.138002667774594967e-01,-5.449694955281975117e-02,-8.940980953838752188e-02,4.856749251055083039e-01,1.996457545210032491e-01,1.994839386849183160e-01,2.860073035796287244e-01,1.916380573352867989e-01,2.352452384596881788e-02,-2.580306575408366498e-01,-3.909689269860707195e-01,-2.509501213618770543e-01,-2.417965931206402797e-01,-3.189958671360783593e-01,1.187378364785375388e-02,-8.724497605562965552e-02,-4.215958540158754736e-02,-1.603857339660186843e-01,-5.576960923662285796e-02,-1.376046882858454889e-01,6.249589993658568460e-03,-1.490498786381229401e-01,1.072314185126063274e-01,-2.298353414532811334e-01,-7.091469681397738478e-02,-8.986464323981543934e-02,-2.734294023747567137e-01,-4.898427762349391035e-01,-1.908202313529115957e-01,-1.345258139992565327e-01,3.627211300868120047e-01,-5.377971179287573122e-02,-1.786971638494675232e-02,-2.996435678205155995e-01,6.486628326518116550e-02,-8.943167654326386606e-02,-3.912444512475126562e-02,-3.922940674815770246e-01,-1.878244516848527335e-01,2.532199164680413572e-03,-8.149395377315168942e-02,-1.363626424088692501e-01,2.385777700028427206e-01,2.024534779471255930e-01,-1.218473245719533804e-01,2.640659508867070418e-02,-1.569132535916555604e-01
3.675581115654588671e-01,1.000000000000000000e+00,-4.173842688766919440e-01,-1.591043274802650398e-01,-1.599046598587391399e-01,-1.298593951586451134e-01,-5.164986551792001279e-01,-4.535041875314338444e-01,6.156436552885351243e-02,6.390413505062211841e-02,1.495878069580809655e-01,8.409612735343639789e-02,-5.222015700509501368e-01,-4.216133476197765351e-01,-1.193107520062976906e-01,-3.022151275939734538e-01,2.883689401062736191e-01,6.299140626708359392e-01,1.090726203231943275e-02,5.200017493603901197e-01,-2.298222212503553408e-02,9.334149701515383202e-02,-6.661870503597122628e-01,-5.890446305569526642e-01,-3.132842054623778405e-01,-1.487349937679036116e-01,6.282390500973081271e-02,1.531433819509741834e-01,3.101091163543329698e-01,-1.566945835428921185e-01,-3.441516695458223252e-01,-4.176947803459359898e-01,4.542214252913778089e-02,-1.679211038464061556e-01,-3.742669086615206253e-01,-1.668015131967374443e-01,1.048216745752334339e-01,5.271697535588550781e-02,-1.721807963963175800e-02,-2.158010977236447803e-01,-3.701646585467188721e-02,-1.948962410618617636e-01,-3.523867835822527272e-01,-2.732632131376965257e-01,-5.324353283330782727e-01,-5.150073254466335237e-01,-1.631059893726356236e-01,-3.323784741203997251e-03,-4.868032625571275251e-01,-2.823948743740569700e-01,-8.763420874242855430e-02,-9.380507751853228715e-02,-7.595722813846186861e-02,4.841354879622138119e-03,1.563009774551179787e-01,-3.564321794843760324e-03,6.536485097636176578e-01,9.350681157201897742e-01,6.545013229537950394e-01,4.591108875817279111e-01,4.347160569416806952e-01,-2.091579016422120685e-01,4.673766154249852645e-01,6.426275393059412977e-01,-5.657956309724256894e-01,-5.581159388598543325e-01,-1.714110778246703548e-01,-1.584439439329994870e-01,3.611685727405917201e-01,4.796265115567120985e-01,2.657715772670617149e-02,1.329032822374319467e-01,4.004110996916752097e-01,3.443353523867835886e-01,2.022479281012879715e-01,3.875139402156086432e-01,-2.207692812315497147e-02,3.963875707944282678e-01,5.121252542039316825e-03,-1.316481161575299152e-01,-1.813561916424307474e-01,-4.139555225120815085e-01,-2.326211978745271192e-01,1.276595744680850963e-01,-5.616452734468959651e-01,-1.915156021079792714e-01,4.779689925870853756e-02,5.706413592530230894e-02,6.477006844372526495e-02,2.430298921956659530e-01,-3.622662963853841012e-01,-3.435656338151363287e-01,-2.469878200782838762e-01,-4.477968992587085251e-01,3.910257811987492144e-02,-1.455074238481555149e-01,-1.221622094421727089e-01,-1.552251208152019279e-01,3.743150160722485964e-01,8.459469506461700372e-02,4.873105770702587103e-01,-3.619120509063873392e-01,1.942096171087446255e-01,5.245019789639412955e-02,3.421748923050009494e-02,-8.795784041459840663e-02,-4.807810894141829605e-01,-5.192976318033718647e-02,8.068050119175176893e-02,2.760490695589425114e-02,1.067590912072773346e-01,3.698147864686973652e-01,-2.810041328639216185e-01,-4.597319105202160583e-01,-6.641884061140145012e-02,-8.235988716625483597e-02
-2.421552120006122827e-02,-4.173842688766919440e-01,1.000000000000000000e+00,4.157836041197437438e-01,-9.324090879272266263e-02,-1.005576086243467199e-01,7.248081170322101530e-01,1.245719533795456024e-01,-2.059828125341671978e-01,-4.447748791847980915e-02,-1.157158164046270532e-01,-1.995757801053989755e-01,3.158776322407119697e-01,1.970348341387680169e-01,-4.530406070280553615e-02,2.939537731516914110e-01,-5.030898077890271214e-01,-6.216789486344055371e-01,3.729723819728411605e-01,-2.372307625024600297e-01,-2.491264131551901295e-01,-2.641184316984102609e-01,6.710021648334827393e-01,5.097679910782619839e-01,1.538037654982397084e-01,-1.325883973672126181e-01,-2.115763923815354997e-01,-1.456561194813146554e-01,-3.339966324812490561e-01,-1.211082198071330163e-01,2.903194769412433818e-01,3.141064048457282709e-01,-1.221315956353458271e-01,1.705320242286414156e-01,4.293498939450263729e-01,2.400122455227307605e-01,-2.039010736699394255e-01,-3.914193872865233924e-03,8.768668955413177687e-03,1.653976514836762723e-01,-1.334674509632415573e-01,4.137237322603922948e-03,4.487590474732676138e-01,4.025540661695567457e-01,2.595569744812052937e-01,2.764864096564693674e-01,1.108219807133016960e-01,-7.691937635302092957e-02,5.566902101419168858e-02,1.097373772714351353e-01,-7.262469659530734756e-02,1.721370623865649263e-02,3.625986748595044773e-02,1.524086505871290742e-01,-2.538103255997026242e-01,9.254116463667971804e-03,-4.373575911307427955e-01,-4.216264678227022999e-01,-4.221775163455861457e-01,-5.237978614069230821e-01,-2.741378933327502376e-01,2.361199186547418769e-02,-4.285932955763049335e-01,-4.947234917233386819e-01,7.769171896525333132e-01,4.804749513459141697e-01,1.697273184491920051e-01,6.110953182742559497e-02,-5.415363757626118213e-01,-5.062911373029236328e-01,-1.021276595744680799e-01,6.490127047298331966e-03,-2.122542695327021001e-01,-1.831361658393649838e-01,-8.260917102184513194e-02,-5.469375259670682804e-02,4.325293564540464743e-03,-7.009249743062692661e-02,-3.184491920141698240e-01,2.129146530799676251e-01,-2.870656666156436443e-01,4.867157945376221484e-02,-8.421858258074391146e-02,4.491045461503138242e-02,4.132645251579891155e-01,1.123745380595219806e-01,-8.208436290481292696e-02,1.779493122826966423e-01,-2.961579672432266830e-01,9.924121493079092471e-02,3.069471474492138641e-01,4.004548337014279258e-01,1.930287988454221504e-01,5.009424679101703859e-01,-1.899236841529815534e-01,-6.903850779558723394e-02,-1.126894229297413091e-01,4.346285889221753601e-02,-2.592595832148870683e-01,4.456932933896044086e-02,-3.730161159825938766e-01,3.469943801797467642e-01,-3.485294439220659735e-01,1.999956265990247145e-02,-1.456867332881415233e-01,-3.311976558570772777e-02,1.533314381929107295e-01,8.206686930091185161e-02,-2.321401237672476026e-01,-6.177428877566639581e-02,-3.152522359012486231e-01,-1.001858695414489103e-01,3.431020533117579152e-01,4.116988476088430104e-01,-7.075288097789245167e-02,-9.646410531149549050e-02
-1.258227460584723789e-02,-1.591043274802650398e-01,4.157836041197437438e-01,1.000000000000000000e+00,-1.527322822592989404e-01,-1.438848920863309384e-03,3.621044805492991681e-01,5.474142266733725837e-01,-2.135925302311342533e-01,-1.281187815704882826e-01,-4.553585095449476372e-02,1.100129015328770443e-01,-1.235092169425553721e-01,6.829940303076686980e-02,-3.129037195775294933e-01,-2.688766919595023119e-02,-8.214996391944195953e-02,-2.972425706850932436e-01,1.351380901357941092e-03,3.037545647372679181e-01,-2.883733135072489295e-01,-4.040060352933458887e-01,5.016159716603616481e-01,6.799107826201045146e-01,4.270626052349609653e-02,-6.373357241258664763e-02,-1.182742559751590872e-01,-1.388204937569701147e-01,-2.395442916183770365e-01,-3.451881655769609147e-01,1.896044258817869699e-01,3.017821608974218806e-01,2.698082263672345049e-01,6.286282827841070953e-01,3.070783494784719569e-01,3.260851501169884648e-01,-2.247884367278213946e-01,-2.559576654785594152e-01,-2.991843607181124409e-02,-1.605475498021036174e-01,-1.700247097155102582e-01,1.847761912050906521e-02,-1.175876320220419352e-01,-1.703002339769521881e-02,-1.354267346001618022e-01,1.387680129452668887e-02,-2.313878987995014458e-01,-3.180993199361483725e-01,-7.705057838227898082e-02,-2.901314206993068148e-02,-1.945638625877413597e-01,-2.227679254772473860e-01,-2.486715794537622259e-01,-3.354486016050381436e-01,-1.844088255231680906e-01,-2.879053596028952056e-01,9.665216155343202623e-04,-1.318143053945901033e-01,-2.804662045439635931e-01,-2.816907568170387566e-01,-3.333493691369093237e-01,2.264459556974481313e-01,-1.639063217511097514e-01,-8.492270013776212489e-02,4.304694845946950843e-01,5.162843585314119688e-01,1.403992915090420124e-01,1.659530734075353731e-01,6.046664188406113832e-02,-1.076337714023310188e-01,1.156021079792700773e-01,-1.279613391353786322e-01,1.072357919135815893e-02,-2.026459075900373941e-01,6.661127025431326509e-02,3.885329426428461852e-02,-1.451356847652577053e-01,-1.360608777415757420e-01,-1.465264262753930569e-01,-2.666681244669917294e-01,-1.729505149679648468e-01,2.186700487634208646e-04,-2.325293564540464875e-01,-3.607530996479412222e-01,1.176226192298440859e-01,1.381120027989766325e-02,1.953598215652401979e-02,-3.138964815989154222e-01,-2.228204062889506121e-01,-1.530734075353698820e-01,8.802344142922743919e-02,-1.643961426603398127e-02,-2.159847805646060714e-01,-6.145503050447180537e-02,-4.020729920622772569e-01,-6.198858542345454803e-02,-2.484660296079246045e-01,8.980341562616168949e-02,-3.676062189761868382e-01,-1.170453303011086549e-01,-3.232818000918414314e-01,-7.346438958255888108e-02,-2.426625265137434262e-01,-2.151013535676018495e-01,-1.524567579978570314e-02,-1.559685989809975748e-01,8.205374909798604510e-02,1.772408213247031461e-01,-4.139598959130567635e-01,-4.322669523955303961e-02,-1.894032494369246311e-01,-1.266536922437733748e-01,-6.572784325730904320e-02,3.838708972032100486e-01,1.360127703308477813e-02,-3.628873193238721928e-01
-2.141392053530427886e-01,-1.599046598587391399e-01,-9.324090879272266263e-02,-1.527322822592989404e-01,1.000000000000000000e+00,2.270713520369115057e-01,3.794362686142879054e-02,2.226061096411624442e-03,6.326780520872056224e-01,2.315409678336358135e-01,-2.260261092038223507e-01,-1.469331525660930171e-01,1.007194244604316460e-02,-3.300605716035074494e-02,6.897509348144584829e-01,1.012660995823402021e-01,-8.564431129868141368e-02,-1.764361155452537633e-01,7.025868666768712856e-02,4.718899652314622467e-02,1.869060374800463609e-01,1.607618464498917488e-01,1.343115173514683736e-01,9.964794122149089883e-02,2.843147974021998370e-01,3.675581115654588671e-01,4.516411187159694585e-01,1.011436443550326886e-01,1.113467888303339148e-01,-8.214996391944195953e-02,7.549802103605869619e-02,9.034571734709496982e-02,-5.262513393540486917e-02,1.970042203319411211e-01,-4.307362620541864418e-02,-5.693730729701952653e-02,-5.309308783975858620e-02,-8.463405567339440938e-02,-4.417572325118628712e-02,-1.550370645732654026e-02,-3.566945835428921019e-02,-2.637816798233145743e-01,1.520631519100828707e-02,2.889506024359843328e-02,3.518838424700968665e-02,1.079574030745008850e-01,6.998753580722048839e-02,-7.270779121383744159e-02,-1.532877041831580411e-02,-1.357328726684305931e-01,-2.069493341497015138e-01,-3.553694430473858246e-01,2.630600686623953133e-02,-2.339638319739345274e-01,1.108044871094006206e-01,-6.747283024644114280e-02,-2.696114233233474211e-01,-1.439155058931578246e-01,-9.652533292514924035e-02,4.487109400625396288e-02,-1.062211628873193231e-01,5.108569679211038411e-02,-1.690057072882727163e-01,-9.698891342852769548e-02,3.749316656097614192e-02,-5.367912357044455490e-02,-4.177909951673919320e-02,2.541383306728477523e-02,-1.193457392140998413e-01,4.996610614244167275e-02,4.378649056438739806e-01,2.148389495090857471e-01,1.931293870678532990e-02,1.491460934595788546e-01,2.989394502634973860e-01,-3.612429205571712765e-03,1.498195972097701723e-01,1.446677308609039814e-01,1.528940980953838805e-02,3.113861494391113177e-02,9.299599833810763549e-02,-2.744746452078458687e-02,3.444927948218932251e-02,6.080776716013207989e-02,2.711989678773698564e-01,-1.838883908071111406e-01,3.470731013973016310e-01,1.018696289169272462e-01,1.923509216942555500e-01,-3.016247184623122024e-01,-5.259014672760271847e-02,-9.520893923159344865e-03,2.599112199602020626e-02,5.151866348866196085e-03,1.706107454461962269e-01,9.061686820756160304e-03,6.396098926330059942e-02,-1.246550479980757103e-01,1.214624652861297643e-01,3.584876779427521865e-02,8.370252126566224415e-02,-6.603835472655310464e-03,3.023769434300583800e-02,-8.239050097308171783e-02,-1.388554809647722481e-02,-2.360324506352365001e-02,1.533314381929107122e-02,-8.082045002296036132e-03,1.928363692025103215e-01,3.681485206971201185e-01,7.346001618158361224e-02,-1.046117513284205471e-02,-2.555246987820078419e-01,-1.196649974852944387e-01,4.653298637685596151e-02,-3.748441975902560425e-02
-2.927860750912947285e-01,-1.298593951586451134e-01,-1.005576086243467199e-01,-1.438848920863309384e-03,2.270713520369115057e-01,1.000000000000000000e+00,1.535238678358225306e-01,3.668277536025890684e-01,9.314906737224203093e-02,5.276901882749119865e-01,-1.857252192167238858e-01,-2.730314228860072912e-02,-1.727930725328551687e-01,2.236557258752268698e-02,2.026021735802847057e-01,2.790535960289519113e-01,-1.270254313266711843e-01,4.797620869869453908e-02,-1.853141195250486428e-01,-3.914150138855481131e-01,2.176073123264306575e-01,2.213553169622356764e-01,2.132032975443353406e-01,2.563294045614571970e-01,2.659115260982703455e-01,6.126128884126741392e-01,1.411602632787387068e-01,2.001180818263322558e-01,-3.363582690078940202e-02,5.594454527563359758e-02,1.765673175745118284e-01,1.779668058865977176e-01,-2.153550108241674144e-01,-6.404408388183070733e-02,6.264022216876954929e-02,8.606415779230719432e-02,-3.093481445846362199e-01,8.744177909951673933e-02,2.082176204325293656e-01,-1.422098795128031445e-01,3.611073451269379841e-01,8.377686908224180051e-02,-1.294657890708709735e-01,-2.818350790492226143e-01,6.726290699962825768e-03,-2.227548052743215656e-01,7.317574511819116556e-02,1.399706982134656941e-01,-2.789267674006691289e-01,-4.618223961863943683e-01,-1.047954341693818209e-01,-2.165883098991931155e-01,2.580612713476634901e-01,-3.190833351555837361e-01,9.677024337976426749e-02,2.400166189237060155e-01,-2.884170475170015902e-01,-1.594804399641381043e-01,-1.493997507161444194e-01,1.432551223458922718e-01,-2.623165904965996803e-02,3.652839430583192937e-01,-2.195141151516476763e-01,-1.080230040891299193e-03,1.662767050797052393e-01,2.509851085696792050e-01,-2.448229865955259960e-02,1.223983730948371984e-01,-3.717565765017165624e-01,-1.957053202422864013e-01,9.485906715357197982e-02,2.976099363670158260e-01,-3.502525639063217566e-01,-4.366359799698235067e-01,-1.812512300190242953e-01,-2.718987120334127594e-01,2.003892326867988752e-02,4.032275699197481258e-03,-2.725503487787277884e-02,-1.810850407819641072e-01,-2.063807920229166204e-01,1.036889637226389160e-01,2.232796133913537984e-01,9.637663729199011375e-02,-3.387636395442916032e-02,-2.069799479565283817e-01,3.661323828475213649e-01,2.418928079420961871e-02,2.228553934967527628e-01,-4.459119634383678504e-02,-1.579410028208436401e-01,-2.642233933218167130e-01,-2.498086637073320196e-02,-9.135159957140670528e-02,6.497124488858760372e-02,-1.201548183945245069e-01,8.863134416478975208e-02,-5.077955872384159325e-02,-6.240843191708031652e-03,-4.191598696726509532e-01,6.337932693358989955e-02,-2.915746430211453855e-01,2.615337517220266417e-01,7.053421092912903756e-02,1.114954844634930414e-01,1.625112068399991172e-01,6.063283112112134027e-02,-1.919310752006297693e-01,-4.372963635170890734e-02,7.870372395093043483e-02,-2.049813037108307381e-02,-8.145896656534953872e-02,-5.073844875467407034e-01,8.878003979794887781e-04,1.368218495112724364e-01,-1.104502416304038864e-01
-4.355470031269816772e-02,-5.164986551792001279e-01,7.248081170322101530e-01,3.621044805492991681e-01,3.794362686142879054e-02,1.535238678358225306e-01,1.000000000000000000e+00,3.479740219982069283e-01,-5.419081148455096031e-02,7.648640965646935630e-02,3.826288513262338792e-02,-1.600621022938488180e-01,5.270997791432507906e-01,3.017428002886444749e-01,9.730817169972228245e-03,2.905950012026852769e-01,-4.497999169053814583e-01,-5.873215105726968810e-01,3.999562659902473061e-01,-3.580984452559533016e-01,-2.012814064857536556e-01,-3.682359887166254953e-01,7.250267870809735671e-01,5.811156545887909974e-01,2.481905053464826885e-02,4.648925236710327487e-03,-2.009271610067568936e-01,-2.183857777000284273e-01,-3.183179899849117866e-01,-1.867311014410356351e-01,2.286457763880081206e-01,2.959480439964138343e-01,-1.803721764229953561e-01,1.248081170322100919e-01,4.565174608033937820e-01,3.136865583521025180e-01,-2.986508057991296705e-01,-1.290503159782204756e-01,-4.702718068706129156e-02,1.130261748048369819e-01,-2.318864665106820377e-01,5.467188559183048385e-02,3.286042290787430931e-01,4.036605366162996922e-01,2.106754717806302024e-01,2.944654610657977956e-01,2.568804530843410427e-01,8.608165139620825579e-02,7.359559161181693232e-02,1.583695961164199306e-01,-5.479871422011327320e-02,5.301874002317902290e-02,-4.019155496271675614e-03,-3.461546871924952445e-02,-1.410902888631344054e-01,-1.138964815989153972e-01,-4.805449257615184711e-01,-5.131180162253176080e-01,-4.215652402090485640e-01,-4.400865933393103280e-01,-1.381251230019024390e-01,2.213771839671120345e-01,-4.711421136646913310e-01,-4.575889440423345222e-01,7.686514618092760154e-01,5.158513918348603955e-01,1.182830027771096248e-01,1.116616737005532295e-01,-5.994270844722398017e-01,-5.345651746080339883e-01,-1.151910082875948482e-01,-4.073385668365003820e-02,-2.628982528263104079e-01,-3.131923640418972088e-01,-9.645535850954495283e-02,-8.467778968314709775e-02,-1.777918698475869641e-01,-2.141916861647460146e-01,-2.909711136865583692e-01,6.433272834619842284e-02,-3.215586801075856482e-01,6.054973650259123930e-02,-1.590824604753886817e-01,-2.868076359581028106e-02,4.015525573462203068e-01,1.100216483348275820e-01,-1.037239509304410529e-01,1.494740985327239757e-01,-2.022216876954363585e-01,-1.501038682731626328e-01,1.317443309789858019e-01,2.121099473005182492e-02,3.820603091994489303e-02,2.901139270954057325e-01,-2.209048566617830278e-01,-6.826878922394000182e-02,-1.123001902429424242e-01,7.206052786949770916e-02,-4.154381054426974917e-01,-2.248584111434256960e-01,-4.450154162384378220e-01,1.847674444031401075e-01,-2.488989963044761777e-01,8.820275086921344765e-02,6.505433950711771163e-02,1.311539218473245783e-01,1.834423039076337747e-01,6.417528591108875857e-02,-2.832389407622837862e-01,3.895825588769106368e-02,-3.273228225929894486e-01,-2.041722245304060657e-01,5.645185978876473415e-02,5.149810850407819940e-01,1.059675056307537479e-02,-3.421399050971988265e-01
-3.592836369202510594e-01,-4.535041875314338444e-01,1.245719533795456024e-01,5.474142266733725837e-01,2.226061096411624442e-03,3.668277536025890684e-01,3.479740219982069283e-01,1.000000000000000000e+00,-1.612123067503443974e-01,7.483326408781788841e-02,3.030766875861013333e-03,3.401456342524764587e-01,1.385755833023550876e-01,3.068115720189805717e-01,-1.375347138702411875e-01,-6.439832936082744153e-02,-2.071548839955391352e-01,-2.541120902669961046e-01,-1.603245063523649205e-01,-1.833417156852026053e-01,-1.827119459447639482e-01,-2.704642365135247473e-01,4.217139358422076767e-01,5.453631016159716793e-01,-1.439286260960836138e-02,2.001880562419365295e-01,-2.264547024993986482e-02,-6.070280553672563473e-02,-2.509501213618770543e-01,-1.280794209617108770e-01,2.842229559817192053e-01,3.750934814458463662e-01,5.257702652467691196e-02,4.255843957053202509e-01,8.191380026677745618e-02,8.943167654326386606e-02,-3.095668146333996895e-01,-3.058406770024709731e-01,5.390654042115851363e-02,-1.067634646082526034e-01,3.071876845028536501e-02,5.709474973212919080e-02,-1.308171699722288917e-01,-1.559336117731954241e-01,1.070521090726203189e-01,2.251426822068181358e-02,-9.920185432201351905e-02,-8.448098663926001395e-02,1.480265028099101154e-01,-1.271478865539787118e-01,2.668649275108788202e-02,-2.098226585904528763e-01,1.770527650827666000e-01,-2.890162034506133515e-01,-1.417419256084494032e-02,-2.044608689947737812e-01,-3.039295007762786716e-01,-4.039098204718899465e-01,-3.609455292908530510e-01,1.538562463099429206e-02,-1.059631322297784894e-01,7.332575277164287142e-01,-2.941330825916774194e-01,-5.304935383000590476e-02,2.666418840611401442e-01,4.473420655572806215e-01,-2.999278388839080739e-02,1.480265028099101154e-01,-1.533358115938859845e-01,-2.425925520981391248e-01,2.242898690166408027e-01,2.034068793597340954e-02,-3.021582733812949728e-01,-3.901729680085718743e-01,-1.183223633858870305e-01,-2.132164177472611610e-01,-1.194113402287288739e-01,-3.023157158164046510e-01,-1.001508823336467709e-03,-2.363385887035052701e-01,-4.224705342109291023e-03,-2.826529050315978314e-02,-6.354114276967483266e-02,-5.002252301502263521e-01,1.117097811112811867e-01,-1.898318427325009217e-01,7.931162668649274772e-02,-4.523583564759134923e-01,5.994183376702893334e-02,-2.505040344623996607e-01,1.206227722988782169e-01,-1.175132842054623789e-01,-4.554022435547003256e-02,-8.493144693971266257e-02,-2.693315256609302155e-01,-1.548315147274277881e-01,-1.193457392140998413e-01,-9.070433622706697979e-03,-3.753646323063130064e-01,-3.436968358443943661e-01,-2.645426515930113243e-01,-8.954975836959611080e-02,-6.131070827228794762e-02,-2.508276661345695269e-01,9.513459141501388883e-02,2.212066213290765637e-02,1.977476984977367680e-01,4.640178434759791026e-02,-2.710371520412849233e-01,-3.749316656097614192e-02,-5.545472436640353636e-02,-1.977127112899346173e-01,-3.092125691544029276e-01,2.206993068159454063e-01,5.601014629026262320e-02,-2.594607596597494070e-01
-5.204347160569416930e-03,6.156436552885351243e-02,-2.059828125341671978e-01,-2.135925302311342533e-01,6.326780520872056224e-01,9.314906737224203093e-02,-5.419081148455096031e-02,-1.612123067503443974e-01,1.000000000000000000e+00,3.481795718440445220e-01,-1.717478296997660137e-01,-9.300911854103342813e-02,-6.624827797336599322e-02,-1.175526448142397984e-01,7.898143491285998241e-01,6.609958234020686663e-02,3.616802606546981602e-02,4.212022479281012782e-02,1.461415669895694269e-01,1.383000590409131647e-01,3.296013645011042770e-01,1.232774266908661515e-01,-1.645667052983752765e-01,-1.739257833854497004e-01,1.207670945310620747e-01,1.642693140320570233e-01,3.690669349019264911e-01,2.195097417506724213e-01,7.113774026371608161e-02,-1.020708053617895988e-01,-6.483129605737901480e-02,-5.837178281690756643e-02,6.124948065863418389e-02,4.089567251973497131e-02,-1.710043515339703946e-01,-1.130349216067875195e-01,1.537075506767837940e-01,-5.831055520325380964e-02,3.286173492816688718e-02,5.097636176772867705e-02,-1.378014913297325728e-01,-2.015263169403686827e-01,-1.489886510244691764e-01,-8.991275065054339655e-02,-2.199645754521003249e-01,-9.882574183814042679e-02,5.536725634689816655e-02,1.137958933764842209e-02,-2.425094574796090308e-01,2.269795106164308480e-03,-2.123461109531827318e-01,-1.463252498305307181e-01,-5.027661761168572552e-02,-1.960376987164068052e-01,2.097658043777743675e-01,-1.623581378058647218e-01,7.557236885263825081e-03,9.027574293149066842e-02,1.367999825063961027e-02,5.264700094028120642e-02,9.247556362205068547e-02,-7.672694671010911460e-02,5.166298572084581514e-02,1.022894754105530130e-01,-1.459622575495834462e-01,-1.215061992958824388e-01,-1.151079136690647542e-01,-3.720889549758369524e-02,3.777743762436858860e-02,1.039688613850560939e-01,4.751568957599877630e-01,2.835713192364041832e-02,9.196824910891955585e-02,1.732216658284314870e-01,2.870131858039404182e-01,1.445146618267695859e-01,6.323937810238131063e-02,1.693162187575167899e-01,4.006035293345870663e-02,5.802628413986136297e-02,1.280225667490323960e-01,-4.697032647438280362e-03,-2.979160744352845822e-02,1.748660645951324033e-01,3.054820581224989770e-02,-1.584351971310489493e-01,3.589293914412542974e-01,1.476503903260370509e-01,1.589774988519822574e-01,-2.366753405786009568e-01,-2.332815814217926442e-01,-2.069799479565283817e-01,-1.359471693162187522e-01,-2.137630928691696963e-01,2.262972600642889909e-01,5.934705123439242523e-03,1.347444840480199399e-02,-1.890621241608536895e-01,1.646454265159301156e-01,-1.532877041831580411e-02,9.043755876757560153e-02,-4.451247512628195291e-02,7.302704948503203897e-02,2.137281056613675456e-02,1.045636439176926002e-01,8.318208654960529413e-02,-6.747283024644114280e-02,-1.925652183420436814e-01,2.452821936979291961e-01,1.294439220659946155e-01,-3.057007281712623755e-03,5.864730707834947543e-02,-1.611292121318143034e-01,-1.163980669567689363e-01,1.437405698541470711e-01,7.320198552404277859e-02
-1.360171437318230536e-01,6.390413505062211841e-02,-4.447748791847980915e-02,-1.281187815704882826e-01,2.315409678336358135e-01,5.276901882749119865e-01,7.648640965646935630e-02,7.483326408781788841e-02,3.481795718440445220e-01,1.000000000000000000e+00,-1.510747632896722037e-01,6.120137324790623362e-02,-1.591830486978198511e-01,-1.270472983315475320e-02,3.749972666243904795e-01,2.072598456189455596e-01,-1.094662264109684882e-02,1.881699503618989300e-01,-1.549189827469331648e-01,-1.903391572456320791e-01,1.696660908355382691e-01,1.708250420939843861e-01,-1.496140473639325646e-02,-5.462377818110253185e-03,-1.413483195206752599e-02,2.759134941287091913e-01,2.120837068946666293e-01,4.485578710284052195e-01,1.769171896525332799e-01,4.721086352802256886e-02,-2.627101965843738410e-02,-6.243467232293192781e-02,-1.047385799567033260e-01,-1.649821783910257744e-01,-8.377249568126653168e-02,2.848833395289847303e-02,-1.853228663269991805e-01,5.280006997441560185e-02,3.213137696529706072e-02,-1.317224639741094716e-01,-5.475498021036058829e-03,-1.236447923727887060e-01,-3.313201110843847497e-01,-3.717040956900133364e-01,-2.787080973519057148e-01,-4.495812468566180442e-01,-9.152653561041744490e-02,3.109925433513371570e-02,-5.069165336423869794e-01,-3.077256128228116339e-01,-2.464673853622269262e-01,-1.400188056241936652e-01,7.164942817782248008e-02,-8.935732872668430971e-02,-4.029651658612319609e-02,-8.201876189018390828e-02,-8.274037305110319707e-02,1.021713935842207682e-01,1.368874505259014707e-03,1.251623625112068539e-01,1.585445321554306841e-01,2.128840392731407571e-01,-4.348909929806914210e-02,2.234720430342655995e-01,2.264547024993986482e-02,2.987907546303382803e-02,-6.901226738973562785e-03,9.137346657628304947e-02,-1.723032516236251144e-01,3.658349915812031394e-02,1.848286720167938713e-01,4.846777896831471200e-01,-1.017340534866939261e-01,-2.658634186875423744e-01,1.789989285167610522e-01,-6.860116769806039183e-02,1.467276027202554095e-02,2.216483348275786747e-01,2.772736218320176818e-02,4.545712973693993159e-02,-1.805296188581050065e-01,1.451969123789114595e-03,-3.821040432092016187e-02,3.323303667096717540e-01,-1.125888347073101398e-01,-3.936498217839102393e-02,1.806826878922394020e-01,3.246419277951498872e-01,3.964050643983293293e-02,1.883929938116376268e-01,-2.462618355163893324e-01,-3.289803415626161853e-01,-1.251798561151079014e-01,-1.691281625155802437e-01,1.852616387133454445e-01,-9.841026874548992887e-02,6.452078458813496897e-02,-9.007019308565306082e-02,2.917495790601561459e-02,-1.989416369639850357e-01,1.052109072620323188e-01,-2.035162143841157956e-01,4.584636242373882342e-02,8.661083291421574348e-02,1.131967374428724527e-01,3.423192145371848349e-01,-2.068924799370230327e-01,-2.645426515930113243e-01,1.208633093525179891e-01,1.262775797599002825e-01,-1.437580634580481465e-01,-5.988935295532570730e-02,-3.290896765869978924e-01,-1.134110340906605979e-01,2.099494872187356587e-01,-1.122477094312391982e-01
3.143688089042444012e-01,1.495878069580809655e-01,-1.157158164046270532e-01,-4.553585095449476372e-02,-2.260261092038223507e-01,-1.857252192167238858e-01,3.826288513262338792e-02,3.030766875861013333e-03,-1.717478296997660137e-01,-1.510747632896722037e-01,1.000000000000000000e+00,5.454505696354770006e-01,4.643677155540005819e-01,3.691806433272834531e-01,-3.762655529072183036e-01,-8.933108832083269668e-02,2.294636023703833239e-01,6.601648772167675872e-02,2.002011764448623499e-01,1.796330716581749920e-01,-1.421399050971988431e-01,-1.982069056001399543e-01,-1.885854234545494279e-01,-7.868185694605410452e-02,-3.050971988366753540e-01,-2.630863090682469263e-01,-2.795784041459841163e-01,-3.926876735693512338e-02,2.694758478931140733e-01,-2.361111718527913184e-01,-2.232839867923290533e-01,-1.499420524370776997e-01,4.526470009402812356e-02,-2.465198661739301522e-01,-3.419081148455095920e-01,-1.788546062845771945e-01,-4.697907327633334129e-02,-4.384334477706588323e-02,-3.203953554481642901e-02,3.460672191729898678e-02,1.097155102665587911e-01,-1.188078108941418298e-01,-9.446546106579781221e-02,7.588725372285758108e-02,-1.754258599199667590e-01,-1.892895410115676413e-01,-1.819291071701908957e-01,6.192735780980079124e-02,-1.910301545997244652e-02,1.346220288207124194e-01,1.590081126588091254e-01,3.062780170999978013e-01,-2.293980013557543052e-01,1.314906737224202371e-01,-3.367518750956681722e-04,5.751896962673022640e-02,3.072795259233342957e-01,1.029586057597690896e-01,2.613282018761889924e-01,8.288032188231178599e-02,4.331591261944851556e-01,6.384290743696835468e-02,4.416785112943080183e-01,2.393693555793662830e-01,-2.350353152128752954e-01,-2.331460059915593241e-01,-2.800769718571647360e-01,-2.665281756357831822e-01,9.254116463667971804e-02,-1.019046161247293969e-01,-2.302595613478821690e-01,-2.150969801666265668e-01,1.850954494762852287e-01,1.114036430430123958e-01,-2.173886422776672156e-01,4.740329317093437689e-02,1.025912400778465350e-01,-1.708687761037370675e-02,-7.725175482714131958e-02,8.032188231177975202e-02,1.287398045089764020e-01,-9.684021779536856889e-02,-3.158951258446130450e-01,-5.359602895191445393e-02,-2.491482801600664876e-01,2.444468741116529176e-01,-5.424154293586407327e-01,3.737945813561916603e-02,-1.931906146815070835e-01,2.585510922568935999e-01,-1.876451422448667250e-01,-1.514115151647678903e-01,-2.137805864730707717e-01,-1.157114430036517844e-01,-1.032647438280378804e-01,-8.717500164002536800e-02,-2.024884651549277159e-01,-5.453631016159716377e-02,-2.266733725481620831e-01,-3.543329470162472072e-02,-1.266886794515755255e-01,-1.501913362926679818e-01,-2.178172355732435339e-01,-1.005751022282477952e-01,-2.761146705735715301e-01,-1.665434825391965967e-01,3.955741182130283889e-02,-3.019833373422842193e-02,-1.493166560976142976e-01,-1.813430714395049270e-01,-5.767203866086462183e-02,-6.849620607465395361e-02,-6.056285670551704581e-02,-1.476285233211606929e-01,-2.261573112330804158e-01,-7.811768822024448000e-02
7.775906934027246135e-03,8.409612735343639789e-02,-1.995757801053989755e-01,1.100129015328770443e-01,-1.469331525660930171e-01,-2.730314228860072912e-02,-1.600621022938488180e-01,3.401456342524764587e-01,-9.300911854103342813e-02,6.120137324790623362e-02,5.454505696354770006e-01,1.000000000000000000e+00,1.504231265443572163e-01,5.675187509566814725e-01,-1.512496993286829572e-01,-1.651833548358881340e-02,3.442435109663029569e-01,1.679517176532330236e-01,-1.303492160678751954e-01,1.542717194025934324e-01,-1.259626948896809540e-01,-1.847849380070411829e-01,-4.941943102053311665e-02,6.299446764776628349e-02,-1.170934377118366121e-01,-1.168397804552710473e-01,-1.430583193020052157e-01,1.989241433600839604e-01,2.807898362161334593e-01,-4.468741116529269253e-02,2.424613500688810666e-02,1.106864052830683759e-01,1.183354835888128370e-01,3.882268045745774360e-02,-2.519035227744855776e-01,-1.966893354617218204e-01,-6.578032406901226925e-02,1.173383481664516496e-02,-9.736939931337604270e-02,-5.733966018674422488e-02,6.002930178653429621e-02,-2.211497671163980550e-01,-1.940609214755854850e-01,-1.671994926854868668e-01,-1.599527672694671110e-01,-2.390326037042706242e-01,-2.463755439417462945e-01,-6.897728018193348409e-02,-1.681047866873674190e-01,7.434781657956309776e-03,-5.793881612035599316e-02,7.423848155518138203e-02,-1.641774726115763916e-01,1.918173667752727865e-02,5.099385537162974373e-03,-5.964006909973541132e-02,1.602895191445627698e-01,5.286129758806936557e-02,2.698388401740613781e-03,2.958911897837352978e-01,1.486868863571756683e-01,3.989591305678861222e-01,3.200279897662416939e-01,3.007850254750606966e-01,-2.767575605169360076e-01,-9.210382453915287593e-02,-2.276573877675974744e-01,-8.271413264525158404e-02,1.588200564168725792e-01,-4.310424001224552604e-02,-1.134416478974874798e-01,1.350506221162887238e-02,1.600227416850713916e-02,-5.479871422011327320e-02,-1.268198814808335628e-01,1.399050971988366823e-02,5.025912400778465711e-02,1.105726968577114000e-01,1.285123876582624503e-01,6.731976121230674737e-02,2.574708622160022942e-01,4.603441866567536261e-02,-2.629682272419146538e-01,6.030919944895147405e-03,-2.167195119284511529e-01,1.133629266799326546e-01,-3.763442741247731149e-01,-5.790820231352911823e-02,-2.620323194332072059e-01,1.256915440292143138e-01,-4.318733463077562007e-02,-1.821302836150532345e-01,-6.829065622881633213e-02,-1.784391331919266965e-01,-9.446546106579781351e-04,-1.280444337539087263e-01,-2.932015481839452264e-01,-2.873280706741597745e-01,-1.559423585751459618e-01,-1.227307515689576023e-01,-7.953029673525617571e-02,-2.152631694036867827e-01,-7.440029739126631514e-02,-1.495047123395508437e-01,-2.240580787649515682e-01,-7.558548905556405906e-02,7.116835407054296347e-02,-1.003170715707069616e-01,-3.852966259211475838e-03,-2.254269532702105894e-01,-1.012048719686864523e-01,-2.204237825545035112e-01,-2.070018149614047398e-01,-2.761584045833242462e-01,-6.573659005925958088e-02,1.210557389954297902e-01
-2.500273337560954268e-02,-5.222015700509501368e-01,3.158776322407119697e-01,-1.235092169425553721e-01,1.007194244604316460e-02,-1.727930725328551687e-01,5.270997791432507906e-01,1.385755833023550876e-01,-6.624827797336599322e-02,-1.591830486978198511e-01,4.643677155540005819e-01,1.504231265443572163e-01,1.000000000000000000e+00,5.513153003433119981e-01,-5.126937963307166141e-02,1.555093918785943885e-01,-1.577529465789070939e-01,-4.251601758107191875e-01,3.736721261288841189e-01,-3.617021276595744905e-01,-2.090485666178303406e-02,-1.564146858804749407e-01,3.363932562156961570e-01,1.627823577004657574e-01,-3.189083991165730242e-02,-8.875379939209726565e-02,-1.936410749819597321e-01,-1.793225601889309184e-01,-1.126763027268155026e-01,4.570204019155496220e-03,9.136034637335724296e-02,1.156939493997507229e-01,-1.778837112680676236e-01,-2.290699962826091840e-01,7.666571909645536476e-02,-6.293761343508780248e-02,7.201242045876976583e-02,9.282543570007216471e-02,1.680697994795652891e-02,2.259473879862675116e-01,-1.412608515011698745e-03,9.856771118059959313e-02,3.129387067853315885e-01,4.179353173995757897e-01,4.073779274452778432e-01,3.437055826463449315e-01,2.099538606197109136e-01,1.618202094859067242e-01,3.306815945419955827e-01,3.015416238437821361e-01,1.281625155802409710e-01,1.719096455358509468e-01,-6.187050359712230330e-02,2.294898427762349369e-01,-8.214559051846669069e-02,2.833963831973934731e-03,-3.703570881896306455e-01,-5.330344842666899785e-01,-2.793990947059981078e-01,-2.831427259408278996e-01,5.985436574752356353e-02,1.333974765476372837e-01,-2.071505105945638525e-01,-4.173624018718156137e-01,2.593557980363429549e-01,1.206708797096061742e-01,-1.988585423454549417e-01,-1.748179571844044600e-01,-3.781679823314600397e-01,-4.228204062889506232e-01,-2.154555990465985837e-01,-1.212000612276136480e-01,-1.569876014082351168e-01,-3.583127419037414330e-02,-3.415276289606612448e-01,-1.790601561304148159e-01,-1.584308237300736943e-01,-3.444665544160416260e-01,-3.562135094356125992e-02,3.587369617983424686e-01,2.254881808838643253e-01,1.766023047823139791e-01,-1.335330519778706038e-01,-3.583564759134941213e-02,2.530712208348822601e-01,2.292799195294220604e-01,-4.225623756314097479e-01,1.787234042553191571e-01,-1.642736874330323060e-01,-1.101965843738383216e-01,2.126784894273031357e-01,1.756007959589775125e-01,2.538715532133563602e-01,3.486387789464476805e-01,1.904178784631868973e-02,1.147974021998206945e-01,8.361505324615686741e-02,2.391375653276770624e-02,-2.471933699241214977e-01,-9.560254531936760933e-03,-4.692834182502022555e-01,2.426887669195950115e-01,-2.993636701580984494e-01,5.601451969123789204e-02,-1.021538999803196929e-01,5.073582471408891181e-02,2.755023944370339484e-01,1.616277798429948953e-01,-4.070761627779843211e-02,-2.018543220135138039e-01,-2.860335439854803097e-01,-2.437908639653626752e-01,2.511775382125910339e-01,1.838577770002842726e-01,-2.231396645601451956e-01,3.512715663335592986e-02
