1.000000000000000000e+00,5.912730685017203447e-01,1.934849635819294728e-02,-1.354394745073506448e-02,1.941105500692613672e-02,1.970820858840877654e-01,2.593324098485186857e-01,6.595915813932705374e-02,1.618481612225747268e-01,-7.514187407837705224e-02,4.660038428884221706e-01,2.108628625050270322e-01,3.352071138120559235e-01,1.758612985388086913e-01,2.650029045086911839e-01,1.411189061173421522e-01,2.085169131775325146e-01,2.203583716877429710e-01,7.113186469457973837e-01,4.362125206666964683e-01,-2.208990571517940871e-01,-6.548103132400912019e-02,-1.048751061262790940e-01,-2.407658965994906031e-01,-1.352964833102462128e-01,2.445149470485723231e-01,9.864605210241744748e-02,6.203583716877429655e-02,5.132088118325215387e-01,2.955047142410295313e-01,2.184726752759283130e-01,1.073908575003351407e-01,1.897761294070333948e-02,5.023459493274945453e-02,-3.265248670628714267e-01,-3.797086554358997113e-01,-3.278028508869922919e-01,-3.670584029670673210e-01,-1.944054694132892336e-01,-2.554537736270610648e-01,-1.060637204522096588e-01,-2.576701371821797371e-01,-2.978864113678001968e-01,-4.613119442334331355e-01,-2.106081594351847663e-01,-3.255998927566021717e-01,-3.332677957013271408e-01,-3.912551946020823013e-01,-2.580186782251217559e-01,-2.287367621430805575e-01,-1.917422583672192815e-01,-1.150542919701505878e-01,-2.005496224138701433e-01,-1.881630099646990351e-01,-3.449662630144331721e-02,-1.255105232584119157e-01,3.804325483712409084e-01,4.210912015729031954e-01,1.063988560704231673e-01,1.071987130792260642e-02,1.816569104964475545e-01,5.511416953393806495e-02,2.188480271683274636e-01,3.529961124268287120e-01,-3.992135484159256564e-02,-4.063631082711470499e-02,-2.294964028776978471e-01,-3.073997944501541402e-01,2.759059832879038332e-01,2.627999463783010636e-01,1.477769337325171017e-01,1.702488940524599093e-01,4.715313463514902437e-01,3.202645337146431959e-01,1.591983556012332990e-01,1.785245095848786712e-01,4.718709504446132880e-02,-5.125787568702801916e-02,3.667456097234014223e-01,2.717279592475088101e-01,1.831851289155011497e-01,7.527592832566244729e-02,-1.901559497743420257e-01,-1.476741588095982771e-01,-8.575003351356181441e-03,-4.123508646498950103e-01,-9.160373564502435895e-02,1.535636087403369210e-01,-1.849144287054828306e-01,-1.182000983064480093e-01,-1.882300370883417395e-01,2.838822110013852415e-02,2.075115063228920032e-01,1.290495553867465062e-01,1.026810849457080316e-01,1.002457661200232414e-01,2.420706912730684890e-01,1.982662317351087944e-01,2.829170204209303097e-01,8.659904374636936963e-02,1.999195674516287755e-02,0.000000000000000000e+00,2.490861968810045013e-01,1.581616694222262032e-01,-1.517717503016220437e-01,-6.917199159926716578e-03,4.146744716028419667e-03,-8.036998972250770923e-02,6.656687072702087427e-02,2.744447919924929424e-01,7.717056168729612142e-02,2.381652442021537919e-01,-7.295678984762500596e-02,2.261092988962866979e-01,-2.078287680414674377e-01,1.124670449975423425e-01
5.912730685017203447e-01,1.000000000000000000e+00,-1.565753608293489474e-01,-1.428705482818714012e-01,-1.894990839626435608e-01,4.518074981008981528e-01,-3.415255373341078565e-02,1.423700790920058856e-01,1.030296259886500781e-01,-5.912686000268108782e-02,2.157469055811251646e-01,3.924348719781938222e-01,2.074489476741588068e-01,3.902944724965369261e-01,-1.010769024531927261e-02,5.557442244961794536e-02,4.144153000580901858e-01,1.145046695562804417e-01,3.125653514455516424e-01,1.746726842128781543e-01,-3.481835649492828200e-01,-5.581572009473166618e-02,-9.257786317529827225e-02,-2.031949595603020631e-01,-2.749184503329013540e-01,3.141740024129764386e-01,2.096831851289155113e-01,2.537512846865364602e-01,2.491308816300996376e-01,2.589838688055766669e-01,4.047678627284507780e-01,2.595111488448992310e-01,1.705214710219402074e-01,2.916082041199338781e-01,-1.892086330935251748e-01,-1.685642790115733369e-01,-3.626301443317395679e-01,-3.452075606595468860e-01,-3.022342374547566934e-01,-1.767192457214352697e-01,-3.382456767505250261e-01,-4.249966486438178648e-01,-3.700478126815318070e-01,-4.725814379552258915e-01,-1.244380892801286859e-01,-2.822824969837794407e-01,-3.028598239420885463e-01,-1.999419098261763228e-01,-1.005094061396845234e-01,-1.225077081192189055e-01,-1.845122659636266038e-01,-1.437016846150408755e-01,-9.653246347021761375e-02,9.273425979713123546e-02,-1.157469055811251590e-01,-1.974172215023012669e-02,6.517628133518030831e-01,7.867554403682023301e-01,3.842039411948701688e-01,3.823763349568792269e-01,3.619554046204030429e-01,4.279413736091871590e-01,4.363242325394343091e-01,4.913669064748201198e-01,1.422181509450824444e-01,2.711828053085482138e-01,1.941552348183564827e-02,-4.083292372313329643e-02,1.952500111711872599e-01,3.874123061799008005e-01,7.743420170695741733e-02,1.697394879127753775e-01,3.011573350015639416e-01,2.673220429867286252e-01,2.155860404843826794e-01,2.988962866973501886e-02,-2.692792349970954957e-01,-1.235265203985879551e-01,3.465212922829438158e-01,5.759417310871799145e-02,-1.090799410161311933e-01,-1.444523883998391212e-01,-4.035792484025202409e-01,-3.395638768488314918e-01,-2.806693775414451086e-01,-2.492872782519326147e-01,-1.975199964252200846e-01,2.041824925153045145e-01,-3.180347647347960272e-01,1.478663032307073466e-01,-3.016890835157960415e-01,6.893963090397246807e-02,2.731042495196389641e-01,2.416864024308503500e-01,9.772107779614817857e-02,2.703963537244738480e-01,2.560078645158407329e-01,3.249698377943607830e-01,2.850529514276777254e-01,9.226060145672282387e-02,-2.174627999463782935e-01,0.000000000000000000e+00,4.464721390589391770e-01,2.468340855266097644e-01,-2.815005138746146107e-01,6.520398587961928616e-02,-9.695250011171187288e-02,-1.811519728316725655e-02,1.462308414138254742e-01,3.174627999463783268e-01,3.470932570713615717e-01,2.622994771884356036e-01,-1.559095580678314386e-01,3.463157424371062221e-01,-4.296483310246212994e-01,-2.877072255239286891e-01
1.934849635819294728e-02,-1.565753608293489474e-01,1.000000000000000000e+00,1.259216229500871309e-01,1.170785111041601489e-01,-2.021314625318378910e-01,8.289780597881942770e-01,-4.102059966933285957e-03,1.161222574735242818e-01,-2.289780597881942992e-01,1.179900799857008797e-01,-2.271281111756557614e-01,2.845569507127217457e-01,-1.033871039814111409e-01,-1.218865901067965468e-01,-3.567183520264533558e-01,-1.478528978059788224e-01,-4.414451047857366195e-01,2.000044684749095192e-01,-1.627999463783010858e-01,-2.603646275526163012e-01,2.158005272800393171e-01,6.883506859108986520e-01,2.259037490504490764e-01,2.782161848161222584e-01,-3.547522230662674553e-02,-2.666428348004826199e-01,-2.823986773314267618e-01,-3.122391527771571362e-01,-2.266767952097948902e-01,4.887171008534787336e-02,1.681487108449886136e-01,3.160060771258769163e-01,1.892577863175298192e-01,3.292506367576746307e-01,-1.020152821841905331e-02,6.035122212788775198e-02,4.940345859957996633e-02,-2.011796773761115320e-01,-1.184592698511997833e-02,-3.209839581750748572e-01,-5.880959828410563250e-02,-6.908262210107690010e-03,1.447383707940479991e-01,1.751508110281960739e-01,7.708566066401537076e-02,2.547566915411769717e-01,3.973725367532061070e-01,9.545109254211538163e-02,1.576924795567272858e-02,3.484069886947584876e-02,-1.069708208588408815e-01,-1.089146074444792001e-01,3.407167433754859642e-01,-2.379507574064971542e-01,5.290674292863845572e-03,-1.537155368872603805e-03,1.012958577237588753e-01,-1.105992224853657446e-01,-4.493811162250324065e-01,4.100674739711336336e-01,-4.587336342106439202e-02,1.102372760176951669e-02,-2.094374190088922616e-01,5.176638813173064513e-01,1.524956432369632131e-01,1.746816211626971704e-01,-9.008445417578980763e-02,-1.832923723133294547e-01,-4.361231511685061818e-02,1.463693641360203634e-01,1.463559587112918392e-01,3.688055766566870619e-01,9.464676705840296966e-02,1.657759506680369921e-01,2.629965592743196967e-01,2.329281916082041326e-01,-1.753250815496671111e-01,-3.222395996246480987e-01,-3.498547745654408403e-01,-3.295589615264310490e-01,-1.848563385316591423e-01,-2.453058671075561969e-01,-1.997631708297957775e-01,-1.808257741632780802e-01,2.718352026453371706e-01,-4.565619554046204120e-01,-1.045980606818892739e-01,-1.420394119487018991e-01,2.964833102462129805e-02,-1.226060145672282081e-01,-1.798963313820992893e-01,-2.676571786049421475e-01,-2.030921846373832662e-01,-4.194825506054783437e-01,-2.327405156620045712e-01,-3.348362303945663365e-01,-2.501318200098306410e-01,-3.278430671611778924e-01,-1.729210420483489052e-01,-1.345189686759908909e-01,0.000000000000000000e+00,2.221949148755529846e-01,-4.416640600563027930e-02,-1.787836811296304729e-02,1.303900978596005122e-01,-9.638500379820367364e-03,-1.018097323383529151e-01,1.640421824031458031e-01,-2.499262701639930195e-01,7.510165780419142401e-02,-1.330220295813039078e-01,-1.924750882523794671e-01,6.782698065150363775e-02,-7.599982126100361668e-02,-1.175164216452924681e-01
-1.354394745073506448e-02,-1.428705482818714012e-01,1.259216229500871309e-01,1.000000000000000000e+00,2.526386344340676438e-01,-2.658340408418606859e-01,-1.015639662183296793e-01,3.650788685821529378e-01,-2.627731355288440152e-01,-5.791590330220295485e-02,-4.358684480986639298e-01,-1.044282586353277587e-01,-2.539121497832789731e-01,-1.056347468608963697e-01,3.787836811296304562e-01,2.678940077751463256e-01,-5.803476473479601827e-01,2.492157826533804021e-01,4.012779838241208319e-01,5.311408016443988078e-01,3.834711113097100110e-01,1.173019348496358166e-01,2.544528352473300892e-01,3.256490459806068438e-01,4.237812234684302237e-01,-6.068188927119174368e-03,-6.046293400062558582e-02,-1.137539657714821961e-01,5.064122614951516860e-02,-2.506367576746056439e-02,-3.818267125430090947e-01,-2.788462397783636471e-01,-2.403279860583582839e-01,-3.353545734840698844e-01,-1.610795835381384211e-01,-2.537512846865364602e-01,1.870950444613253549e-01,4.930515215157067060e-02,1.555386746503418516e-01,2.545690155949774380e-02,4.764466687519549604e-01,3.041780240403950120e-01,2.705304079717592569e-01,2.567853791500960825e-01,1.563966218329684160e-04,2.441261897314446483e-01,-2.314044416640600454e-01,-2.279056258099110832e-01,-3.120336029313195564e-02,-9.015594977434202018e-02,1.857902497877474413e-01,-7.666562402252111164e-02,-1.324545332677956877e-01,-4.094910407078064529e-01,8.923544394298226282e-03,-4.615577103534563852e-01,-3.582152911211403667e-01,-2.113588632199830120e-01,-5.427722418338620791e-01,-3.671075561910719931e-01,-2.410608159435184694e-01,-2.775414451047857334e-01,-4.752938022253004879e-01,-2.343804459537959795e-01,-2.035837168774297379e-01,-1.168595558335939893e-01,-2.573573439385137829e-01,-1.730685017203628384e-01,3.361857098172393865e-01,9.263148487421242472e-02,-9.987041422762411857e-02,-1.411278430671611683e-01,1.841994727199606774e-01,3.927029804727646400e-01,-2.862058179543321840e-02,1.584387148666160372e-01,1.941999195674516399e-01,1.085705348764466754e-01,6.282675722775816346e-03,3.445685687474864811e-01,4.596541400420036672e-01,3.854148978953483295e-01,5.001295857723758731e-01,-1.756110639438759613e-01,5.474283926895749941e-01,5.345189686759908854e-02,1.401581840117967770e-01,-5.092497430626926613e-01,1.645560570177398430e-01,-5.511282899146521252e-01,-5.219178694311631291e-03,-2.054962241387014721e-01,-3.221681040260959139e-01,-2.616426113767371109e-01,-3.789713570758300454e-02,-4.052638634434067577e-01,-1.371509003976942587e-01,-5.610840520130478959e-01,-9.419991956745163431e-02,-1.615130256043612322e-01,3.561731980874927594e-01,0.000000000000000000e+00,-3.846865364850976521e-01,-3.894946154877340638e-01,-6.613789713570758511e-02,-4.214933643147593667e-01,-2.400866884132445700e-01,-3.260780195719201191e-01,-4.019616604852763730e-01,-1.647571383886679564e-01,-4.455158854283033376e-01,-3.367398007060190546e-01,-1.160150140756959630e-01,-3.536440412887081886e-01,2.500111711872737841e-02,8.817641538942758150e-02
1.941105500692613672e-02,-1.894990839626435608e-01,1.170785111041601489e-01,2.526386344340676438e-01,1.000000000000000000e+00,-2.344385361276196400e-01,4.369721614013137578e-02,1.109567004781268212e-01,3.181598820322623644e-01,5.200857947182626478e-02,-1.299521873184681930e-01,-9.143840207337235182e-02,-2.322132356226819794e-01,-3.915411769962911515e-01,-8.176862236918540361e-02,-1.173555565485499830e-01,-3.236561061709638532e-01,-8.775191027302381430e-02,9.796237544126189245e-02,2.038160775727244356e-01,-3.382188659010679915e-02,5.603914384020733386e-02,-5.127128111175655728e-02,-1.015014075695964968e-01,4.177621877653157068e-01,-3.100540685464051038e-01,-7.292551052325841124e-03,-7.264399660395906566e-02,-1.390008490102327965e-01,-2.042718620134947871e-01,-4.367353322311094965e-01,-2.353545734840698789e-01,-9.760936592341033780e-02,-1.713704812547477419e-01,-8.741230617990079776e-02,-2.752580544260244122e-01,1.303543500603244198e-01,1.307162965279949907e-01,-3.485410429420438688e-02,-1.032173019348496396e-01,9.555833593994370045e-02,2.150096072210554432e-01,2.010813709281022293e-02,2.220295813039009913e-01,-1.157737164305822491e-01,7.747441798114303169e-02,9.808302426381875633e-03,9.611689530363287659e-03,-1.105858170606372065e-01,-5.420260065239733416e-03,1.583627507931542958e-02,1.816435050717190094e-02,1.498279637159837321e-02,9.325707136154430532e-03,-1.128960185888556178e-01,-2.690513427767103338e-01,-2.218731846820680143e-01,-3.056749631350820229e-01,-3.217346619598731028e-01,-2.652173913043478493e-01,-2.117610259618392110e-01,-2.795701327137047887e-01,-3.466419411055006727e-01,-2.819518298404754542e-01,-2.292506367576745974e-01,-2.050538451226596448e-01,-2.588721569328388261e-01,-2.023861656016801569e-01,2.161624737477099156e-01,4.321015237499441219e-03,1.236024844720496896e-01,2.737611153313374013e-01,-2.338933821886590159e-01,8.810491979087536896e-02,-1.527414093569864628e-01,4.349166629429375430e-02,2.209124625765226391e-01,1.965994905938603099e-01,-3.619509361454935625e-01,-2.720854372402698937e-02,7.151347245185218915e-02,8.050404396979310429e-02,1.825729478528977934e-01,-9.281022387059295956e-03,1.306984226283569306e-01,1.265829572366951039e-01,-3.963090397247419350e-02,-4.376737119621073591e-01,7.791232852227535088e-02,-1.557308190714509211e-01,2.041020599669332858e-01,1.187720630948657236e-01,-2.570579561195763807e-01,4.736583404084185865e-04,-2.472988069171991599e-01,-3.049197908753742414e-01,-1.574467134367040499e-01,-2.281826712543009172e-01,2.625229009339112574e-02,9.849859243040350043e-02,1.925957370749363240e-01,0.000000000000000000e+00,-6.354171321328030628e-03,-1.440636310827114741e-02,1.183386210286429263e-01,5.922516645069037661e-02,6.738460163546181048e-02,-2.349077259931185366e-02,-1.851155100764109163e-01,-3.067608025380937353e-01,-1.688234505563251386e-01,-2.937575405514097904e-02,2.075293802225300632e-01,7.683095759417310489e-02,5.596183922427275803e-01,2.192099736359980344e-01
1.970820858840877654e-01,4.518074981008981528e-01,-2.021314625318378910e-01,-2.658340408418606859e-01,-2.344385361276196400e-01,1.000000000000000000e+00,-1.123866124491710999e-01,1.237052593949685003e-01,3.309754680727467480e-01,3.879976763930470529e-01,4.132222172572501129e-01,3.070155056079360012e-01,7.911881674784396190e-02,3.689932526028866233e-01,5.997140176057911415e-02,2.874927387282720237e-01,4.683453237410071801e-01,-1.575316144599848145e-01,-2.574288395370660093e-02,4.904598060681888971e-02,-1.804414853210599134e-01,1.746279994637829971e-02,4.669556280441485192e-03,1.373207024442557878e-01,8.120559453058670552e-02,4.155190133607399861e-01,6.751954957772912103e-01,5.528888690290003627e-01,1.032485812592162239e-01,2.506412261495151728e-01,5.180258277849769666e-01,4.315697752357120498e-01,1.336118682693596682e-01,2.666473032753921002e-01,1.442379016041824835e-01,1.579695250011171059e-01,-2.637115152598418222e-01,-2.112471513472451989e-01,-3.056168729612583346e-01,-1.948567853791501048e-01,-4.203136869386478458e-01,-4.810089816345681224e-01,-3.652710130032619795e-01,-5.520666696456499878e-01,-1.933375039099155535e-01,-3.416595915813932516e-01,-3.739756021269940445e-01,-3.257160731042494928e-01,-1.329326600831136351e-01,-2.838598686268376525e-01,-2.902363823227132600e-01,-2.534653022923276100e-01,-1.228249698377943677e-01,6.002502345949327356e-02,-3.880915143661468614e-01,-2.609991509897671702e-01,6.119308280084007068e-01,6.046248715313463640e-01,1.173019348496358166e-01,3.720407524911747421e-01,3.429599177800616849e-01,5.037803297734483321e-01,4.698646052102417592e-01,4.072255239286831641e-01,2.907457884623977917e-01,4.691228383752625297e-01,1.634210643907234584e-01,5.675856830063899516e-02,-1.615755842530944286e-01,1.540730148800214562e-02,2.341123374592251616e-01,2.055989990616202689e-01,3.060905313016667323e-02,5.474328611644845716e-02,1.592564457750569873e-02,3.702131462531838002e-02,-2.387059296662049357e-01,-1.176415389427588332e-01,3.254390276598597143e-01,-1.545645471200679244e-01,-2.504848295276821957e-01,-3.778497698735421850e-01,-3.690736851512578798e-01,-9.848071853076545423e-02,-4.359086643728495303e-01,-3.869520532642209409e-01,-7.471736896197328504e-02,4.079315429643862734e-01,-4.280709593815630876e-01,2.079672907636623547e-01,-3.311810179185843972e-01,-2.446579382456767482e-01,-1.252066669645649985e-02,-8.684034139148308351e-02,1.087045891237320705e-01,4.048661691764600667e-01,2.054828187139729201e-01,3.199025872469726250e-01,-1.692658295723669520e-02,-2.815362616738906754e-01,-3.543455918495017620e-01,0.000000000000000000e+00,2.834711113097099777e-01,1.092095267885070803e-01,-2.720899057151794365e-01,-3.329460655078421427e-02,-7.031592117610259429e-02,2.445060100987533069e-01,2.391170293578801509e-01,3.121050985298717273e-01,4.681665847446266349e-01,1.738772956789847723e-01,-5.100942848205907154e-01,1.396219670226551690e-01,-4.363644488136199096e-01,-3.754278564725859191e-01
2.593324098485186857e-01,-3.415255373341078565e-02,8.289780597881942770e-01,-1.015639662183296793e-01,4.369721614013137578e-02,-1.123866124491710999e-01,1.000000000000000000e+00,7.464140488851155053e-02,2.393225792037177724e-01,-1.290853031860225986e-01,4.197774699495062101e-01,-1.227490057643326402e-02,4.727288976272397969e-01,1.929934313418830288e-02,-1.068859198355601170e-01,-3.429733232047901814e-01,6.536931945127127941e-02,-4.445149470485723064e-01,2.643236963224451230e-01,-1.879395862192233813e-01,-3.375173153402743487e-01,2.742168997721077806e-01,5.728227356003395832e-01,1.316055230349881533e-01,6.052549264935877527e-02,-1.064882255686134260e-01,-2.862281603288797660e-01,-3.437106215648599306e-01,-1.584119040171589332e-01,-1.260422717726439878e-01,2.024442557755038175e-01,2.739487912775369627e-01,4.428258635327762538e-01,3.289646543634657250e-01,3.047187095044461280e-01,8.123687385495331065e-03,-1.092542115376022097e-02,1.957638857857812997e-02,-1.951919209973635994e-01,1.831627865409535608e-02,-4.740381607757272464e-01,-1.617587917243844542e-01,-2.994905938603154572e-01,-1.184503329013807532e-01,-7.305956477054380976e-03,-1.915188346217436000e-01,2.062424594485902096e-01,3.330979936547656117e-01,-9.991509897671924101e-02,-2.051655569953974578e-01,-2.254926493587738612e-01,-2.886724161043836001e-01,-2.441395951561732003e-01,2.449617945395236585e-01,-2.295991778006166439e-01,1.515751374056034662e-01,1.154966709861924151e-01,1.836185709817239331e-01,2.092586800125117302e-02,-3.316055230349881366e-01,5.868045935922069356e-01,1.706823361186826926e-01,1.924169980785557788e-01,-5.445283524733008501e-02,5.734885383618570920e-01,2.263327226417623794e-01,1.077796148174628016e-01,-1.678269806515036433e-01,-3.007909200589838905e-01,-1.744626658921310247e-01,3.095670047812681402e-01,2.893337503909915731e-01,3.673086375620001065e-01,9.952187318468207200e-02,2.648018231377630705e-01,2.836453818311810426e-01,2.722999240359265660e-01,-1.390097859600518404e-01,-2.376379641628312278e-01,-3.694847848429331227e-01,-4.419634478752401674e-01,-3.133115867554403522e-01,-3.871576031100585347e-01,-8.959292193574333596e-02,-3.364314759372626362e-01,7.620537110684123816e-02,-4.142410295366191764e-01,1.323428213950578747e-01,-1.520532642209213858e-01,1.335582465704455157e-01,-8.100898163456812795e-02,-1.242057285848340020e-01,-2.878591536708521512e-02,-1.811162250323964384e-01,-3.455829125519460088e-01,-3.954600294919344283e-02,-2.213280307431073901e-01,2.898699673801331464e-02,-2.149470485723222746e-01,-8.203226238884668564e-02,-1.609589347155815642e-01,0.000000000000000000e+00,3.507484695473435110e-01,1.056704946601724898e-01,-7.432861164484561023e-02,3.226685732159613740e-01,1.760311005853702204e-01,1.402654274096250958e-02,4.064390723446087983e-01,-1.507529380222530080e-01,2.664328164797354903e-01,1.532240046472138975e-02,-1.564010903078779102e-01,2.055498458376156246e-01,-1.497028464185173602e-01,-1.133473345547164751e-01
6.595915813932705374e-02,1.423700790920058856e-01,-4.102059966933285957e-03,3.650788685821529378e-01,1.109567004781268212e-01,1.237052593949685003e-01,7.464140488851155053e-02,1.000000000000000000e+00,-6.339425354126636269e-02,1.253720005362169987e-01,-4.345591849501764803e-02,4.780508512444702762e-01,-2.974753116761249538e-01,3.174091782474641188e-01,-1.653782564010903011e-01,-1.432012154251753877e-01,1.058671075561910674e-01,-4.055140980383395433e-02,-3.524286161133205475e-02,2.284731221234192755e-01,-3.331248045042227157e-01,1.530407971759238650e-01,3.269314982796371338e-01,3.819473613655659516e-01,3.428705482818714123e-01,4.776799678269806615e-03,1.048840430760981240e-01,-5.799186737566468242e-02,-4.314759372626122969e-02,4.185620447741186106e-02,2.426471245363957252e-01,2.299655927431967506e-01,2.694624424683855213e-01,3.623530988873497338e-01,2.126145046695562812e-01,2.234818356494928382e-01,-1.004245051164037728e-01,-9.719826623173510871e-02,-3.067161177889986268e-02,5.194602082309307534e-02,-2.491532240046472058e-01,-1.176683497922159233e-01,-2.704365699986594485e-01,-2.044237901604182561e-01,7.002100183207471580e-03,-1.922784753563608687e-02,-2.083694535055185537e-01,-7.664775012288306544e-02,-8.258188480271683174e-02,-3.337191116671879842e-01,-2.053755753161445874e-01,-4.399749765405067126e-01,-2.818937396666517659e-01,-2.057017739845390658e-01,-1.387014611912954221e-01,-8.556235756736225995e-02,1.720630948657223269e-01,1.825506054783502252e-01,-2.642298583493453701e-01,-6.778676437731802167e-03,1.726484650788685793e-01,5.532240046472138850e-01,2.765271013003262057e-01,2.752759283256624445e-01,2.826310380267214872e-02,4.237231332946065354e-01,9.267616962330756103e-02,2.222217257250100608e-01,-1.642656061486214847e-01,-1.414763841101032149e-01,1.931230171142589158e-01,2.125921622950087131e-01,9.970061218106260337e-02,5.474820143884892021e-01,1.421421868716207237e-01,3.985477456544081476e-01,-4.736583404084186190e-03,7.282273560033961091e-02,5.855042673935385855e-02,-1.538406541847267550e-01,-1.194512712811117566e-01,-2.517628133518030054e-01,-2.243799991063050170e-01,-2.342732025559676468e-01,-2.547432861164484752e-01,-1.669332856696009726e-01,-4.622637293891594668e-02,-1.125251351713660170e-01,-6.847044103847356455e-02,-4.712006792081862433e-02,-1.995084677599535394e-01,-3.207873452790562796e-01,-6.697350194378658139e-02,-1.517091916528888751e-01,-1.624201260109924549e-01,5.552526922561330097e-02,-1.114973859421779373e-01,-8.610751150632289797e-02,-8.933375039099154813e-02,-1.622816032887975379e-01,1.115286652665445216e-01,0.000000000000000000e+00,1.865007372983600586e-01,-1.278877519102730211e-02,-3.045801867822512388e-01,-9.421332499218017242e-02,-1.139639840922293257e-01,-6.619598730953125953e-02,2.017382367398007081e-01,-8.682246749184503731e-02,2.825372000536217065e-01,1.586308592877250928e-02,-1.360471870950444584e-01,2.301890164886724044e-01,-2.615800527280039423e-01,-4.535457348406988776e-01
1.618481612225747268e-01,1.030296259886500781e-01,1.161222574735242818e-01,-2.627731355288440152e-01,3.181598820322623644e-01,3.309754680727467480e-01,2.393225792037177724e-01,-6.339425354126636269e-02,1.000000000000000000e+00,4.355467179051789595e-01,5.769605433665490057e-01,3.939675588721569532e-01,4.396800571964788462e-01,3.153983645381830958e-01,6.668751954957773120e-02,1.264444345145002147e-01,3.331694892533178520e-01,-2.627865409535725671e-01,4.749541981321774714e-02,-1.605076187497207207e-01,-2.551320434335760945e-01,-2.300773046159345914e-01,-6.870280173376826227e-02,-2.860449528575896849e-01,-8.557129451718128305e-03,-9.403905447070914914e-02,2.277179498637115218e-01,2.271057688011081932e-01,4.760713168595558098e-02,2.742168997721077806e-01,2.675722775816613899e-02,-3.905447070914697116e-02,-5.976138343983198459e-02,-4.228964654363465830e-02,-5.429197015058760852e-03,-7.504803610527727153e-02,-3.196568211269493753e-01,-3.207337235801420716e-01,-4.377318021359309919e-01,-5.331516153536798308e-01,-3.735957817596854413e-01,-5.036775548505295630e-01,-1.011260556771973740e-01,-1.645560570177398430e-01,-7.422136824701729141e-02,-1.131105053845122693e-01,1.665400598775637966e-02,3.703918852495643316e-02,4.500647928861879754e-02,-1.970597435095402129e-03,-8.870369542875017332e-02,-3.934045310335582135e-02,1.460163546181688088e-01,2.873139997318914785e-01,-3.940524598954376900e-01,-2.574913981857991918e-01,2.010500916037356312e-01,6.843469323919745828e-02,1.052504580186782307e-01,2.179319898118771970e-01,1.239152777157156299e-01,1.607891326690200628e-01,2.864962688234505839e-01,6.530676080253809690e-02,2.090933464408597231e-01,1.775146342553286516e-01,-1.047410518789937059e-02,-7.738951695786228102e-02,-3.002815139192993327e-03,-3.722909870861075277e-01,-2.997006121810626145e-02,1.438044595379597002e-01,-1.723714196344787453e-01,-2.354260690826220914e-01,-1.448500826667858121e-01,-1.861075115063229035e-01,-7.756825595424281239e-02,-1.106528441842799110e-01,-2.491621609544662427e-02,-2.041065284418427939e-01,-2.444479199249296186e-01,-2.805085124447025957e-01,-3.843379954421555778e-01,-2.924393404531033802e-01,-2.250055855936368976e-01,-2.961615800527280240e-01,-4.105009160373564447e-01,7.428392689575047392e-02,-3.514812994325036688e-01,1.453416149068323115e-01,4.020286876089190775e-02,4.371509003976942892e-02,-1.672416104383573909e-01,2.903614996201796250e-02,1.024174449260467357e-01,4.231913847803744355e-01,2.382143974261584640e-01,2.761651548326556349e-01,-1.663613208811832653e-02,-1.417623665043120651e-01,-4.278251932615398379e-01,0.000000000000000000e+00,3.823763349568792269e-01,8.539702399571026670e-02,-9.352517985611510931e-02,2.082219938335046205e-01,-2.591715447517762292e-04,1.079136690647481966e-01,4.524330845882300334e-02,2.871844139595156054e-01,3.038339514723624735e-01,2.995263416595915773e-01,-1.497162518432459122e-01,3.897135707583002096e-01,1.845926985119978464e-02,-1.363599803387103848e-01
-7.514187407837705224e-02,-5.912686000268108782e-02,-2.289780597881942992e-01,-5.791590330220295485e-02,5.200857947182626478e-02,3.879976763930470529e-01,-1.290853031860225986e-01,1.253720005362169987e-01,4.355467179051789595e-01,1.000000000000000000e+00,3.540283301309263275e-01,3.601412038071405974e-01,1.975959604986818052e-01,3.751240001787389811e-01,1.987398900755172337e-01,4.347021761472809054e-01,4.298672862951874452e-02,-7.800616649537513159e-02,-1.740649716251843337e-01,-2.180928549086196822e-01,-4.636042718620134867e-02,-3.475132937128557753e-01,-2.245766120023235946e-01,-1.859645203092184507e-01,2.833906787613387629e-02,1.601948255060547943e-02,2.573215961392376627e-01,3.012109567004781496e-01,3.117654944367487246e-02,2.856517270655525298e-01,-2.067295232137271455e-01,-2.987577639751552994e-01,-2.728942311988918346e-01,-1.873452790562581127e-01,-2.321908932481344112e-01,-7.302828544617721851e-02,-3.245319272532284915e-01,-2.815898833728048833e-01,-3.998480718530765254e-01,-3.970910228339067927e-01,-1.574020286876089136e-01,-3.689083515796058865e-01,1.977746994950623297e-02,-1.289378435140086654e-01,-1.425175387640198466e-01,-9.139818579918673747e-02,-1.656016801465659827e-01,-1.591804817015952389e-01,3.311139907949416789e-02,4.636042718620134867e-02,-2.067116493140891062e-02,1.264042182403145864e-01,1.771437508378390369e-01,1.586040484382680305e-01,-3.762589928057554212e-01,-1.708297957906966258e-01,-9.419991956745163431e-02,-1.344340676527101264e-01,6.827829661736449507e-02,4.955449305152151429e-01,-9.946378301085839757e-02,1.884847401581840054e-01,4.255775503820546229e-02,1.853970239957102722e-02,-3.971133652084543608e-02,2.752848652754814607e-01,1.298538808704589181e-02,5.600786451584074260e-02,-4.968944099378881651e-02,-4.606684838464631948e-01,-1.277626346128066526e-01,7.015952455426963108e-02,-3.038607623218195775e-01,-1.853702131462531821e-01,-2.662362035837168572e-01,-1.830644800929442650e-01,-2.791456275973010492e-01,1.220340497788104973e-02,-4.263371911166718986e-02,-4.862147549041512251e-02,-1.262344161937530851e-01,-1.929576835426068948e-01,-1.270074623530988989e-01,-9.210867330979936873e-02,-4.271415166003842551e-02,-8.669288171946915034e-02,-2.547477545913579555e-01,1.258724697260824865e-01,-2.617051700254702795e-01,1.765405067250547522e-01,3.151034451941552295e-01,1.351803029625988639e-01,8.478931140801644617e-02,1.339648777872112263e-02,2.009562536306358504e-01,3.367576746056570869e-01,2.411055006926136057e-01,2.293087269314982857e-01,1.848384646320210822e-01,1.707404262925063532e-02,-3.082353992582331781e-02,0.000000000000000000e+00,8.504401447785871204e-02,-1.309709995978372565e-02,5.910898610304303469e-02,-7.285401492470619522e-02,-2.682425488180883999e-02,2.566513249028106736e-01,-1.214486795656642415e-01,3.056660261852629512e-01,2.088520487957460092e-01,2.892980025917154530e-01,2.235577997229545519e-02,1.214799588900308258e-01,3.681576477948076548e-02,-8.652754814781714321e-02
4.660038428884221706e-01,2.157469055811251646e-01,1.179900799857008797e-01,-4.358684480986639298e-01,-1.299521873184681930e-01,4.132222172572501129e-01,4.197774699495062101e-01,-4.345591849501764803e-02,5.769605433665490057e-01,3.540283301309263275e-01,1.000000000000000000e+00,4.153536797890879928e-01,6.730819071450914182e-01,3.850886992269538234e-01,7.793020242191339708e-02,1.669020063452343605e-01,4.759551365119084609e-01,-2.174136467223736491e-01,2.173332141740024204e-01,-1.147817150006702758e-01,-2.925555208007507013e-01,-1.988292595737075064e-01,4.593592206979757626e-03,-2.767549935207113676e-01,-2.709012913892488439e-01,2.874123061799007881e-02,7.705438133964877256e-02,1.439161714106975409e-01,2.496983779436078577e-01,3.385718754189195323e-01,3.191697573618124117e-01,1.806068188927119067e-01,5.146789400777514872e-02,1.268868135305420142e-01,3.480941954510925578e-03,-1.086286250502703499e-02,-3.680325304973412481e-01,-3.097814915769248056e-01,-3.999150989767192299e-01,-3.496939094686983274e-01,-3.974931855757630195e-01,-5.364001966128960630e-01,-2.809240806112873745e-01,-4.821663166361320751e-01,-2.337459225166450827e-01,-4.279726529335537988e-01,-7.060190357031145836e-02,-1.076679029447249608e-01,-1.870816390365968029e-01,-1.434737923946557137e-01,-2.269314982796371560e-01,-7.867643773180213462e-02,-9.477635283077885664e-03,2.083426426560614775e-01,-2.895169578622815987e-01,1.764153894275883802e-02,3.747888645605255142e-01,2.640198400285982405e-01,2.760311005853702260e-01,2.487957460118861430e-01,3.739487912775369960e-01,3.288663479154564362e-01,5.117923052862057842e-01,2.248894052459895487e-01,2.041199338665713459e-01,2.136199115241967927e-01,-8.116537825640109116e-02,-2.329505339827516730e-01,-1.494079270744894661e-01,-2.304437195585146703e-01,1.911613566289825372e-01,2.853031860226104555e-01,2.627061084052013107e-01,-4.937664775012288315e-02,-2.891103266455159054e-03,4.485455114169534241e-02,-5.182537200053621840e-02,-1.946735779078600515e-01,9.387818937396666397e-02,-1.622369185397024016e-01,-2.538138433352696843e-01,-3.135037311765494494e-01,-4.936100808793958405e-01,-1.343670405290674219e-01,-3.318334152553733540e-01,-3.254703069842262986e-01,-4.149157692479556458e-01,4.120425398811385920e-01,-3.408597345725903893e-01,3.072657402028687867e-01,3.676661155547611415e-02,-1.283748156754099812e-01,1.166227266633897836e-01,-1.156173198087492721e-01,1.202734706644622148e-01,4.582331650207784324e-01,2.772063094865722110e-01,4.351624290629608205e-01,1.204522096608427600e-01,-3.163233388444523786e-02,-3.055096295634299741e-01,0.000000000000000000e+00,3.635908664372849430e-01,5.489521426337191229e-02,-1.057777380580008086e-01,2.605880512980919828e-01,1.493408999508467894e-01,1.707627686670539213e-01,3.034988158541490066e-01,3.660351222127887771e-01,4.150096072210554543e-01,4.456856874748648112e-01,-1.872648465078868563e-01,3.686044952857589485e-01,-1.311899548684034023e-01,-1.035166897537870279e-01
2.108628625050270322e-01,3.924348719781938222e-01,-2.271281111756557614e-01,-1.044282586353277587e-01,-9.143840207337235182e-02,3.070155056079360012e-01,-1.227490057643326402e-02,4.780508512444702762e-01,3.939675588721569532e-01,3.601412038071405974e-01,4.153536797890879928e-01,1.000000000000000000e+00,2.463291478618347685e-01,7.584297779167969988e-01,1.091246257652263296e-01,2.471200679208186146e-01,4.646320210912015525e-01,1.835157960588051362e-01,-5.788015550292684858e-02,-9.763170829795790595e-02,-3.761428124581080445e-01,-3.235935475222306845e-01,-1.025425622235131146e-01,-1.005943071629652741e-01,-6.586532016622726610e-03,2.384646320210911941e-01,2.329058492336565644e-01,3.758881093882657787e-01,2.453013986326466889e-01,6.121721256535144207e-01,2.607489163948344402e-01,3.348675097189329070e-02,2.684212878144689313e-02,1.546807274677152733e-01,-1.378077662093927236e-01,6.108405201304794793e-03,-5.753161445998480339e-01,-5.137092810223871098e-01,-3.417981143035881963e-01,-3.974797801510344675e-01,-3.795165110147906695e-01,-6.448098663926001839e-01,-1.858215291121140256e-01,-4.040484382680191167e-01,-7.074936324232539153e-02,-1.402654274096250819e-01,-1.253585951114884467e-01,-6.893516242906295999e-02,-9.571026408686715559e-02,-1.204388042361142080e-01,-2.380758747039635470e-01,-1.759819473613655760e-01,1.861119799812323977e-02,1.010590285535546695e-01,-1.437061530899504114e-01,2.517985611510791324e-02,2.755976585191474149e-01,2.684346932391974416e-01,1.302962598865007315e-01,4.537736270610840394e-01,3.592206979757808782e-02,4.971223021582733548e-01,5.021538049063855036e-01,4.828231824478305678e-01,6.689306939541533881e-02,4.337906072657402023e-01,1.480584476518164438e-01,2.239823048393583260e-01,-2.319585325528396996e-02,-2.609053130166674173e-01,-7.452969301577370975e-02,1.019705974350954003e-01,8.361857098172394143e-02,1.178873050627820690e-01,4.903257518209035160e-02,-1.114303588185352328e-01,-3.469279234997095229e-01,-2.527414093569864684e-01,3.102506814424236814e-01,1.018186692881719452e-01,-6.338084811653782458e-02,-1.608382858930247072e-01,-5.398319853434022653e-01,-4.418919522766879826e-01,-2.152062201170740485e-01,-2.950444613253496717e-01,-3.350730595647705701e-01,1.095625363063586349e-01,-2.747218374368827765e-01,2.506188837749676046e-01,-8.592430403503284464e-02,9.441887483801778003e-02,2.813932704767862503e-01,2.551231064837570783e-01,3.960900844541758170e-01,6.504848295276821624e-01,4.654586889494615742e-01,4.248402520219848877e-01,2.661602395102551366e-01,5.876044506010098811e-02,-1.940256490459806027e-01,0.000000000000000000e+00,4.605344295991777859e-01,2.103757987398900686e-01,-2.629518745252245604e-01,2.333035435006032554e-01,-1.158630859287725079e-01,-2.948746592787881635e-02,1.326109298896286648e-01,5.619241252960364141e-01,3.732204298672863185e-01,5.194110550069260812e-01,-5.292461682827651059e-02,5.523571205147682628e-01,-1.955493989901246621e-01,-2.934983690066580442e-01
3.352071138120559235e-01,2.074489476741588068e-01,2.845569507127217457e-01,-2.539121497832789731e-01,-2.322132356226819794e-01,7.911881674784396190e-02,4.727288976272397969e-01,-2.974753116761249538e-01,4.396800571964788462e-01,1.975959604986818052e-01,6.730819071450914182e-01,2.463291478618347685e-01,1.000000000000000000e+00,4.193887126323785908e-01,1.841369140712274810e-01,1.411010322177040921e-01,2.884489923589079186e-01,-1.304258456588766324e-01,2.720943741900889168e-01,-2.580633629742168922e-01,-1.716966799231422203e-01,-2.092631484874212522e-01,-1.189954868403413947e-02,-3.150140756959649568e-01,-4.353992582331649985e-01,-1.998301979534384751e-02,-2.745520353903213029e-01,-4.963135081996514902e-02,1.387014611912954221e-01,2.497117833683363819e-01,4.475624469368604669e-02,-6.220117074042628980e-02,-6.673220429867286752e-02,-5.747352428616113451e-02,-8.900755172259708359e-02,-1.765851914741498607e-01,-2.825103892041646025e-01,-3.284463112739621771e-01,-3.918450332901380895e-01,-3.238437821171634146e-01,-1.982349524107422101e-01,-4.155056079360114341e-01,2.944278117878368004e-02,-1.521381652442021504e-01,-8.928459716698690374e-02,-2.798069618839090222e-01,1.529112114035479641e-01,1.306448009294427781e-01,2.091693105143214645e-02,1.408239867733142581e-01,9.273425979713123546e-02,1.797667456097233885e-01,1.415166003842888431e-01,3.644711559944591173e-01,-1.601412038071406141e-01,1.276419857902497956e-01,1.449796684391617130e-01,1.267751016578042011e-01,4.681129630457124824e-01,2.077796148174627933e-01,3.457616515483265540e-01,8.486527548147816680e-02,2.129853880870458960e-01,2.374994414406363108e-02,2.693239197461906320e-01,6.217435989096921356e-02,-3.114080164439876619e-02,-2.756334063184235350e-01,9.397202734706644814e-03,-1.431073774520756070e-01,-7.256803253049733983e-03,-2.460342285178068744e-02,2.598730953125698018e-01,-1.934939005317485028e-01,-3.158318066044059347e-02,-2.270342732025559807e-01,6.650878055319719984e-02,-9.031681487108450535e-02,9.079047321149291694e-02,-4.770543813396487670e-02,-1.008221993833504637e-01,-1.068144242370079045e-01,-3.330130926314848749e-01,-2.757629920907994081e-01,-7.849323026051208130e-02,-1.109030787792126549e-01,-5.186290718977613068e-01,2.512578756870280094e-01,-3.404128870816390262e-01,1.969390946869833403e-01,5.979713123910809086e-02,4.166406005630278464e-02,1.313240091156888112e-01,3.690513427767103116e-02,1.434871978193842379e-01,2.765628490996023259e-01,2.293266008311363457e-01,2.432637740739085619e-01,9.134903257518209307e-02,-9.602752580544261091e-03,-3.191831627865409637e-01,0.000000000000000000e+00,3.140622905402385978e-01,-8.251038920416461919e-02,-3.547075383171723745e-02,2.165646364895661147e-01,1.601948255060547943e-02,-1.013807587470396399e-01,4.098485187005675157e-02,3.068769828857411119e-01,1.675275928325662411e-01,2.542875016756780959e-01,-5.627150453550203157e-02,2.105053845122659695e-01,-1.932928191608204171e-01,-5.653961303007283556e-02
