0.000000000000000000e+00,6.980354670710000597e-01,2.090541800476535816e-01,1.193866563699776118e-01,-4.441074999450633776e-02,1.789944404157602087e-01,4.421721618965999134e-01,3.700812119956427559e-01,2.181218588035121753e-01,9.378776891467247023e-02,7.311653780109182987e-01,5.585545708823446143e-01,6.060543275916735473e-01,3.997485473192507466e-01,2.896838476969006426e-01,9.789702683103698733e-02,1.356117897089615665e-01,-2.623144320026118276e-02,5.588402412187764012e-01,5.257323049201221288e-01,-3.137068394501316693e-01,-2.476416501072048471e-01,-1.691231176365331490e-01,-3.707357423818627429e-01,-9.307830192529249758e-02,-1.476899943179856289e-01,-1.116735572863201548e-01,-1.097664723480532012e-01,1.673400324596843736e-01,-1.080932603775243417e-01,-4.543727966498090076e-02,-1.130202888723555871e-01,2.617854709950431236e-01,2.252400729558089870e-02,-4.904473095191006493e-01,-4.993234949725159910e-01,-2.934352328841088875e-01,-3.739879892889320101e-01,-1.065157950582171081e-01,-5.924991131662632471e-02,-3.775055015084021748e-01,-2.492787608813714639e-01,1.550153979450571116e-02,2.285519653177376168e-02,-2.690732038085192346e-01,-1.807461332479461669e-01,9.561637299128233902e-02,-2.180339602384562536e-01,-1.254642142967015983e-01,-1.997337929172592064e-01,5.159645768782824410e-02,-9.531814571698545013e-02,4.364163755026698871e-02,-2.495754185384352064e-01,-8.534008896590478122e-02,3.939268370015287790e-02,4.632678175100219953e-01,4.893077674078399331e-01,4.566785643652938598e-01,2.341649165434517010e-01,4.588242311229983605e-01,2.265852349246112729e-01,9.117749545595811578e-02,3.304876172896477615e-01,-3.939472420255596408e-01,-3.330445237624353183e-01,9.810735554027795458e-02,3.376403630210737111e-02,5.289390329274302749e-01,1.755836621681436671e-01,1.831272425906218526e-01,7.373747837852261122e-02,2.168567473136001067e-01,2.286995093376529287e-01,2.095988372275536804e-01,1.515999108457411482e-01,9.555201868472354421e-02,8.134384349032644512e-02,4.618912631965568782e-02,3.318484754307814838e-02,7.302173292021008066e-02,9.491004523636865919e-02,-1.339448562073652649e-01,-6.687197260076158112e-02,-2.047063403118515590e-01,-5.983851777905439817e-02,-2.726315260760510673e-01,-2.749969392463953721e-02,-1.536357043971257053e-01,-9.674492778191109976e-02,-3.560064542660626996e-01,-2.852622359511409744e-01,-4.145280631865113641e-01,-3.011373446471343751e-01,-1.824366110080395675e-01,-1.133781616015118593e-01,-6.935039821189205311e-02,-4.477458726914854692e-01,-1.961770402669605062e-01,-4.071744064492432980e-02,1.393192256136418505e-01,3.937384829335518338e-02,6.756731303504327768e-02,-6.076145271214161703e-02,-2.112233910638551815e-01,-2.192865147905031786e-01,-1.542305893284863505e-02,1.859070347105155063e-01,1.906614053097011874e-01,-3.405912434193797411e-02,-2.721182612408138413e-01,-2.213741057105814147e-01,-1.098889024922382468e-01,-8.587846767687232208e-02,1.907084938266954133e-01,-2.406521445680256388e-01
6.980354670710000597e-01,0.000000000000000000e+00,9.354761747800181826e-02,-8.092004683737823167e-02,-4.631469569830701238e-02,5.735381369899136828e-03,5.213012754709636654e-02,4.504016650499609309e-02,-1.075219197046608233e-01,-2.323049201221790150e-01,4.533509758310338422e-01,3.342751036732182213e-01,4.657085723075570782e-01,2.250407315672000308e-01,6.659258073326237981e-02,-2.161645461137846891e-01,3.355041139667680472e-01,6.103142687624196067e-02,5.011207067044630703e-01,6.036072943252058787e-01,-1.966557735230686776e-01,-1.841930126919249511e-01,5.958110055281919115e-02,-2.269085760746384350e-01,1.913363407199520361e-01,9.995008617198609946e-02,1.277197542607259872e-01,8.138465353838813393e-03,2.471252460375013005e-01,-1.137423127996006894e-01,9.692543376372238229e-02,2.831589488587312950e-02,2.289475088604892850e-01,2.062068943867348403e-01,-9.440619810453022842e-02,-1.347641964030651396e-01,-2.479492950849006005e-01,-3.887565178355606443e-01,-2.884956474514124847e-01,-2.310523655701320622e-01,-3.484095068576577026e-01,-3.891630486989443027e-01,8.267487890403046880e-02,1.779475057212548048e-02,-2.060154010842915884e-01,-2.394199950400095478e-01,2.189380597647457571e-01,-7.050720611271735216e-02,-1.251879616636686898e-01,-1.911401385658093310e-01,-6.484088790107644940e-02,-1.011241598623759674e-01,3.308910089185650855e-02,-2.249324279781132474e-01,-8.136895736605672183e-03,3.434793391283601921e-02,7.814700407158710060e-01,7.833818345058374266e-01,3.381426405356789955e-01,2.240142018967254678e-01,2.112751884325488327e-01,3.778068680171653426e-02,1.513785948158682115e-01,3.239124907000178744e-01,-2.443674285588716411e-01,-4.266643436331616357e-01,9.118848277659009904e-02,-3.573076669523370108e-02,4.024012004432598877e-01,2.248884786955852866e-01,-2.728308674646600512e-02,-2.599129176359053078e-02,5.112243328341950672e-03,1.156650939101990655e-02,2.437552778379464269e-01,4.078964303764883587e-02,1.337926033357505484e-01,2.978348699886045892e-01,1.282769683784912296e-01,9.577647394906278755e-02,6.282392975648957989e-02,7.389757933630305281e-03,-1.722450863132516385e-01,-2.597936267261865551e-01,-1.717930365501068868e-01,-2.213317260452865864e-01,-2.289208253675258653e-01,-7.883716476899943482e-02,-2.800620940577430718e-01,-2.140455628490436357e-01,-2.804921691796238292e-01,-2.972023142436485688e-01,-4.584224091113140997e-01,-2.662321966165330789e-01,-2.919629319194221306e-01,7.853736787746939951e-02,2.006221962712173013e-01,-2.578645671466556211e-01,1.227095360525382317e-01,-1.732700463664930621e-02,1.137894013165949292e-01,3.107842121620221689e-03,2.440535051122433297e-01,-5.827360939761230124e-02,-1.756401683885367706e-03,-1.180446336356416187e-01,2.584264901161202888e-01,3.517166903678868861e-01,1.162803838655905309e-01,-1.688295992139356994e-01,-7.363702287560155990e-02,-1.088969044008927939e-01,-1.639292542120678320e-01,5.606044909888274752e-02,3.311029072450392130e-01,-9.220716436089895773e-02
2.090541800476535816e-01,9.354761747800181826e-02,0.000000000000000000e+00,3.300245802058709987e-01,3.823854414862391526e-01,2.517571864925019498e-01,5.007267327789445277e-01,1.380823672339263342e-01,3.154051652963908436e-01,8.789856505592546208e-05,1.661078829316682826e-01,-1.166021553983845466e-01,1.245051781672521368e-01,4.750446556102828899e-02,3.242672241947078815e-01,1.492831558096242572e-01,2.398767536548537249e-01,2.456968943553425044e-01,4.539333038245293439e-01,3.311499957620334667e-01,-5.432288282179507932e-02,1.428037758712160377e-01,4.339081271641097581e-01,4.008096085688543919e-01,7.187120348831733951e-02,3.361021381325950130e-02,-6.371076349321454224e-02,-5.029995385325334439e-02,4.092525796659226556e-01,2.398014120276629468e-01,3.883327211826124170e-01,4.569626650844925142e-01,2.498140003578727397e-01,2.037582915030340669e-01,-1.351236387494545443e-01,-2.523238183136660151e-01,2.276682708154789403e-01,1.628320917661019163e-02,-3.217715327940128402e-04,6.504493814138484140e-03,9.952942875350416496e-02,-1.343592351569146415e-03,-4.941625935099466793e-02,-4.638218923933209309e-02,-2.301922153263705195e-01,-2.280669535926968805e-01,-4.848233709727545887e-02,-2.841917569981384228e-01,-4.789074836210441832e-01,-4.362280214346929141e-01,-4.867822532797151935e-01,-4.590031674875764689e-01,-4.302603367142888713e-01,-3.991897635842523440e-01,-2.678237884909385746e-01,-1.669491977686321516e-01,1.280352473245874312e-01,1.375204442644616665e-01,-2.133470831802956602e-01,-2.908846048802539164e-01,-2.148178145277492707e-02,3.196525495292718011e-02,2.663593356124175360e-01,1.134691994010340599e-01,-5.967684720404081884e-03,-1.086033859782953304e-01,-2.745747122106803051e-01,-3.469529020653023821e-01,3.857098907860329051e-01,1.150372470169424427e-02,2.294670521646591244e-01,2.232199755767558524e-01,2.491280776269898800e-01,1.912814041167920920e-01,2.226753183968557537e-01,1.012183368963644470e-01,8.590515116983572785e-02,-4.585165861453026348e-02,2.093822300493801691e-01,2.347582318575792137e-01,3.559216949354730430e-01,4.185305871310222026e-01,3.113963628829473709e-02,2.736816000050227848e-01,1.191339479954418249e-03,-5.851533045151609269e-02,2.330881591215166158e-03,1.372159385212322058e-01,-7.831291261313015617e-02,-3.148275461545947396e-01,-4.148639612744036143e-01,-1.956339527042935400e-01,-3.846441206847298067e-01,-1.203833633130224900e-01,1.344957918561979493e-01,-1.977921763998631288e-01,-8.212237363796465184e-02,-1.671014506402468749e-02,-8.050723750506201537e-02,-1.010660840247497305e-01,-4.292510728333788772e-01,-2.312171753796119222e-01,-1.759964715004599112e-01,-2.052086178264568295e-01,-4.890723248228687203e-01,-3.609209258230288153e-01,-2.390228818800247401e-01,-2.376369098631607724e-01,1.136245915071150692e-01,7.283023961776681487e-02,-1.428461555365108659e-01,-7.905063271270668102e-02,-3.437571613786262192e-01,-1.859996421272708533e-01,-2.253044272623677957e-01,-1.559273455575123368e-01
1.193866563699776118e-01,-8.092004683737823167e-02,3.300245802058709987e-01,0.000000000000000000e+00,1.901905201397587064e-01,5.519025330482908442e-01,3.576184511644990294e-01,7.627539248278915052e-01,2.790339947700353762e-01,4.661951536498309401e-01,2.028777362352416624e-01,2.074782843455794945e-01,-1.384057083839534963e-01,1.206219451324599956e-01,8.680925069612524525e-02,3.160879487928073828e-01,1.082690575076361850e-01,4.331515716577355457e-02,8.539973442076415067e-02,2.553107999083343294e-01,1.693460032836392390e-02,1.921996301981798716e-01,-4.792198374504393066e-02,2.864111957658005414e-01,-2.992914747809599096e-01,-1.392423143692179122e-01,-2.087057250218961602e-01,-7.584233508816540237e-02,1.860702749027622060e-01,2.407855620328426816e-01,9.242220192183933647e-02,2.039968733224715725e-01,2.745150667558209356e-01,1.470809828315267076e-01,-4.122097385331612851e-01,-3.766265158578429029e-01,-2.527397668804485381e-02,-6.076773118107418187e-02,1.961173948121011090e-01,2.130158939441027799e-01,1.908309239708804728e-01,1.781327205547655057e-01,-3.419097218952186351e-02,1.197084279027716275e-01,-2.020160163742469872e-01,-6.631004963129691343e-02,-8.537148131056759848e-02,-2.980546164012443655e-01,-3.385899814471243219e-01,-3.745295072343658438e-01,-2.804811818589918460e-01,-2.943361931759321259e-01,-3.189525002432906930e-01,-8.739471792408702588e-02,-2.736266634018628130e-01,-1.594134654323196842e-01,-9.910563210055595151e-02,-1.631883948780250559e-01,-2.882241036700790016e-01,-2.078989417640614290e-01,8.145842554834578642e-02,3.146125085936543608e-01,4.242047534288288790e-02,5.418475650527862508e-02,-2.169854559267177241e-01,4.164634012349748282e-01,-2.420067242402267893e-01,1.702563812788613490e-02,2.738542579006683630e-01,-1.259806183664051726e-01,4.377819424955030347e-02,-9.758310338440867593e-02,1.605639948642124115e-01,1.940407912126548839e-01,8.441558441558441594e-02,8.696778203667253349e-02,-1.260402638212645456e-02,4.788745216591482057e-02,7.299661904447980743e-02,5.111929404895321910e-02,2.845668955168592640e-01,2.309001126985173458e-01,9.210043038904532076e-02,3.623429990362549979e-01,-4.879626054390376333e-02,2.540488276528885536e-01,1.117834304926400707e-01,2.916898185208555150e-01,-3.384565639823072791e-02,-9.237197417037880734e-03,-2.200697537898408107e-01,-3.654524107751083717e-01,-2.465868673265337544e-03,-3.542751664579075754e-01,2.380183268508141714e-01,-1.302625341784152402e-01,-3.409208630383394611e-01,-1.063572637176698060e-01,-3.258650945380459629e-01,-2.086523580359693486e-01,-1.196487824479122580e-01,-3.045748063877142808e-01,-3.436001996553120774e-01,-2.931213094374805483e-01,-3.869514580174478469e-01,-2.710619088429095935e-01,-3.157096710396202766e-01,-2.701091511823926483e-01,1.557264345516702342e-01,1.345413107559590427e-01,-4.480425303485491839e-01,-9.243318924247133361e-02,-2.573308972873875056e-01,-3.141981296441049842e-01,-2.032293304954653768e-01,-2.159542174045437357e-01
-4.441074999450633776e-02,-4.631469569830701238e-02,3.823854414862391526e-01,1.901905201397587064e-01,0.000000000000000000e+00,5.542993385632979386e-01,1.394416557578269100e-01,9.216321507837098304e-02,4.064351167324336545e-01,2.249041748679167230e-01,5.263397467893479731e-02,5.824535628741574905e-02,2.027647237944554814e-01,1.970544563002866179e-01,2.241350624236773670e-01,1.749997645574150329e-01,6.226514602149119809e-02,5.678718187782727522e-02,1.050105321316343737e-01,1.334724014201896791e-01,1.467042746955727339e-01,1.873228294548091588e-01,3.785587146718401019e-01,4.545030748801597298e-01,1.690901556746371714e-01,2.043280625586644528e-01,3.774034763882479493e-01,3.515157793620447557e-01,3.117903368084659066e-01,1.893021167858006115e-01,3.501706173932425115e-01,3.612897858728170708e-01,6.490367259040209780e-02,4.084771887527507278e-02,-9.527576605169064006e-04,-1.664579075746588366e-01,-5.372799789043444102e-02,-1.618385240575233308e-01,-2.608217260138942506e-01,-2.491296472442230125e-01,-9.700234500814631372e-03,-7.453327431572537298e-02,-3.437351867373622527e-01,-3.087656844002021894e-01,-1.501825464842143631e-01,-1.278217793808801850e-01,-2.780686801716533152e-01,-3.945688104498836779e-01,-2.175552269823480822e-01,-1.283067911059209143e-01,-3.384753993891049806e-01,-3.363422895692656511e-01,-2.097871912955306672e-01,-2.236061014161086768e-01,-2.171204430087678716e-01,-2.145964984978763201e-01,-8.919977774219978173e-02,-8.114921095341690038e-02,-8.139407124178697772e-02,-1.648239360349585125e-01,3.775714254321940744e-02,1.837064313496510615e-01,9.655500409670098039e-02,1.032651177683810012e-01,3.923179793375587421e-01,3.141714461511415646e-01,-4.148388473986733826e-01,-3.884237589821346037e-01,-1.865929574413983383e-01,-2.306976320754420828e-01,4.179984868889872751e-01,3.514938047207807892e-01,3.303071113078364651e-01,3.311421476758677485e-01,2.828450254121030183e-02,1.881390304160427407e-01,-3.398535233198032163e-02,7.557706977576448583e-03,8.646079567036782376e-02,1.047750895466631471e-01,1.302845088196792345e-01,2.025402685301162520e-01,-1.668189195382813877e-02,-2.836612263733365863e-02,1.644331013439062628e-01,2.185378073702946844e-02,-6.610756900822165050e-02,5.651877733096007106e-02,-1.217944492056167172e-01,-2.709410483159576666e-01,-2.556294322066620661e-01,-1.869288555292906162e-01,-1.827866356510301493e-01,-7.018229534545705750e-02,-8.105189468496212801e-02,-2.036437094450147256e-01,-2.209769925505966071e-01,-7.331682096004069060e-02,-2.734147650753886993e-01,-2.628025829621188358e-01,-5.375468138339784679e-02,-1.727991611965505950e-02,-6.749354102508562780e-04,3.026065063773548253e-02,-2.738197263215392252e-01,-2.577656812609677162e-01,-4.024655547498186964e-02,-1.399784648515613010e-02,-9.841343090074054778e-02,-1.034613199225236924e-01,-2.366558990924473027e-01,-3.023804814957824494e-01,-2.344521564971166205e-01,-6.654392259903499363e-02,3.831592627821779617e-02,8.677471911699613516e-02
1.789944404157602087e-01,5.735381369899136828e-03,2.517571864925019498e-01,5.519025330482908442e-01,5.542993385632979386e-01,0.000000000000000000e+00,2.509064539521392301e-01,5.690804240477916887e-01,5.797962008984488547e-01,6.346857155414080687e-01,4.362813884206197534e-01,4.332347613710920697e-01,1.319263284455452767e-01,4.313951699738501899e-01,2.781942495503046398e-01,4.367538432077953670e-01,2.893369622883763537e-01,1.534850211427441213e-01,1.949150680115147027e-02,2.171847973153266942e-01,-1.413518799305601426e-01,6.370134578981569151e-02,-7.037849749959974865e-02,1.506738366781876504e-01,-2.491767357612172662e-01,-8.608722676888014291e-02,5.893912710446430267e-03,1.752524729319508145e-01,4.746600993881632258e-01,3.948607592552479950e-01,2.978238826679726059e-01,2.755211914022646646e-01,4.616934914251810684e-01,3.542265083236801892e-01,-2.225607363388364124e-01,-3.444886030092701446e-01,-3.766375031784748861e-01,-4.299024639851325991e-01,-3.350269503278930361e-01,-3.019205836464719517e-01,-8.831451362270796579e-02,-1.701480776897745795e-01,-3.817999742582773859e-01,-2.011558661304854168e-01,-1.910538096179865628e-02,1.572552417367500677e-01,-2.947537113599477676e-01,-5.172092833441637172e-01,-1.539998555952145631e-01,-2.211559289151747432e-01,-3.682369117467014230e-01,-4.892936408527416292e-01,-2.956844943792006908e-01,-1.525275546305278063e-01,-3.802523316663998232e-01,-2.766921258581881982e-01,-2.944601929373502971e-02,-6.382220631676759071e-02,4.843681819751435164e-02,-8.491158346125714240e-02,4.625787555446728705e-01,6.373980141202766347e-01,3.562842765163287129e-01,4.229867304559110086e-01,1.303284581022071953e-01,4.794678369732757184e-01,-2.270529808600874611e-01,-3.763000354733495034e-02,8.993906745900944171e-04,-1.904181146385642287e-01,2.140173097388470835e-01,2.208812458993749672e-01,3.621216830063820891e-01,4.815569975105870593e-01,1.490210297316896249e-01,2.580544908318657682e-01,8.091533798567880631e-02,1.005167179931501925e-01,2.433330508022313599e-01,1.463950601006438479e-01,3.263862074594489626e-01,3.009474209619242280e-01,-1.078923493716822252e-01,2.069069436727159761e-02,-4.671180885829181312e-03,6.637597355508885466e-02,-2.319831485893849854e-01,8.523806384575056960e-02,-3.003823587579932952e-01,-2.519408317087795113e-01,-3.012927367532153844e-01,-3.785273223271772847e-01,-3.059340949116148289e-01,-4.619006808999557290e-01,-1.766494322694467656e-01,-2.148696118964429358e-01,-4.229537684940150588e-01,-1.933109191992440634e-01,-3.812364816715795857e-01,-3.749140634564854802e-01,-3.845248297750110400e-02,-1.208259953727683911e-01,-2.619408631011241329e-01,-5.140025553368555294e-02,-2.262603241573509782e-01,-2.773058461963465726e-01,-4.706968158744808534e-02,2.373732141679929866e-02,-1.573776718809351272e-01,-2.280795105305620241e-01,-5.261419750179721078e-01,-2.892490637233204320e-01,-3.476874829304125725e-01,-2.965870242882570618e-01,4.895950073615048387e-02,1.905656586584795475e-01
4.421721618965999134e-01,5.213012754709636654e-02,5.007267327789445277e-01,3.576184511644990294e-01,1.394416557578269100e-01,2.509064539521392301e-01,0.000000000000000000e+00,5.457417854082103892e-01,5.226401589708333795e-01,2.944382182960862959e-01,3.717120443008767872e-01,3.134494222238964900e-01,4.202964065183064646e-01,3.655575751297288623e-01,3.283152670389798966e-01,1.977874675481637035e-01,-5.737892757472162764e-02,-7.307666952337002475e-02,2.962731008416287781e-01,1.604290077821622362e-01,-1.589253144728126621e-01,-2.098892164156848650e-02,-4.843210934581492627e-02,-6.330423262983088384e-02,-8.429158465416623780e-02,-7.001591591874405107e-02,-2.542324728691661151e-01,-7.124963506399328850e-02,3.244241859180220511e-02,-7.868491189738470448e-02,6.248646205136415728e-03,-8.663502318324653451e-02,1.743248291471641842e-01,-1.460152127302236091e-01,-5.147889335706594682e-01,-5.296328037444788528e-01,1.223987518403762097e-02,-3.863612819377866547e-02,8.742454065151672449e-02,8.594282198343111689e-02,-9.552847442622641738e-02,-3.453785759804613859e-02,1.056509359627561158e-02,3.947273417904309523e-02,-3.123255762849671546e-01,-2.493493936568628444e-01,-5.975218883123161601e-02,-2.126658693011122259e-01,-2.180857576071499326e-01,-2.426675330953793619e-01,-9.871322779227058308e-02,-7.527727288423445573e-02,-2.093822300493801691e-01,-2.462949185211694147e-01,-2.291625464214296637e-01,-1.195530357966906182e-01,-1.156933470203956038e-01,-5.436997133878932603e-02,-2.496476209311597125e-02,-9.018392774737953033e-02,3.137209660052299731e-01,2.961961895972048397e-01,-8.918565118710151951e-02,-8.847775381495467939e-02,-3.299178462340173618e-02,1.116766965207864476e-01,-4.588148134195994821e-02,-1.190005305306248012e-01,2.387246546057278374e-01,2.957001905515321133e-02,2.544475104301064938e-01,1.588295678215910223e-01,3.997658131088152600e-01,3.305017438447460099e-01,2.467736517772775862e-01,1.440343557819989961e-01,1.047719503121968682e-01,-6.725338958841496628e-02,-1.203315659443288110e-01,-5.742601609171587435e-02,4.126209782482443550e-02,1.418933978759939485e-01,-1.983148589384992611e-01,1.229481178719757373e-02,-8.267330928679732238e-02,3.954022772006818287e-02,-2.143029800752788427e-01,-1.668722865242082132e-01,-7.043814295445913198e-02,-8.193715880445394395e-02,-2.126533123632471101e-01,-5.810722997089929481e-02,-8.031260496815247063e-02,3.114434513999416246e-02,8.519882341492203415e-02,-2.050893269167380906e-01,-1.929216541254249739e-01,-2.351302311418337621e-01,-3.054443743348747020e-01,-7.430254058245355786e-02,-3.171411619562453793e-02,1.248002662070827468e-01,-1.429638768289964723e-01,-1.519389481680997189e-01,-2.898313917168159337e-01,-1.790572251050858710e-01,-1.035507881048127604e-01,4.171257797073605472e-02,6.516893790280302301e-02,3.736630785216717154e-02,-2.411089031828698159e-01,-2.541178908111467738e-01,1.520959098914138712e-02,-9.789859644827011986e-02,-1.573855199671008245e-02,-2.377373653660818376e-01
3.700812119956427559e-01,4.504016650499609309e-02,1.380823672339263342e-01,7.627539248278915052e-01,9.216321507837098304e-02,5.690804240477916887e-01,5.457417854082103892e-01,0.000000000000000000e+00,4.475339743650113555e-01,6.483256892974079699e-01,3.893027446326938756e-01,4.429773755372015120e-01,1.525903393198534685e-01,3.985163977912346556e-01,1.516956574969627880e-01,3.566955162314118244e-01,4.118675619763364354e-02,-1.235869520858643433e-01,6.160433716633861856e-02,2.256136418572966817e-01,-1.521712515186046666e-01,4.763788302584531786e-03,-2.251364782184216429e-01,2.153200920423545620e-02,-2.799349550618586147e-01,-1.226153590185497383e-01,-2.641681499549519696e-01,-3.079589011423674270e-03,4.997504308599304973e-02,3.724701694244841269e-03,-6.630534077959748807e-02,-8.788129926636090161e-02,2.183259090438205707e-01,8.340475091744127545e-02,-5.496501323187327204e-01,-5.285466286191449203e-01,-1.761942432718357210e-01,-1.800963117134255775e-01,1.160261058738216167e-01,1.126702642293650330e-01,-7.476086881453089528e-02,-5.081164907125748642e-02,-1.620786754941939967e-02,1.233624968215251000e-01,-2.949247996383602133e-01,-9.637920696658912323e-02,2.832688220650512317e-02,-1.693099020872770033e-01,-2.102486587620742697e-01,-2.628496714791130895e-01,-1.493333835610848037e-01,-1.111351785753526139e-01,-2.139921958631168242e-01,-3.436363008516742784e-02,-2.172114808082900861e-01,-6.028742830773287792e-02,-3.077077623850647814e-02,-1.273446157420051461e-01,-6.287415750795011249e-02,-5.842429265199388516e-02,3.115690207785929422e-01,4.842661568549893603e-01,-5.241422826629497933e-02,4.875231126137580251e-02,-2.177875303328530299e-01,4.848218013555214423e-01,-1.140185654326335979e-01,9.823606415339555809e-02,2.776040734706434754e-01,2.372005562723474362e-02,-7.017758649375763040e-03,-1.260543903763628182e-01,2.178911250702403601e-01,2.309833024118738420e-01,1.497979902620946990e-01,6.334818191235885854e-02,8.004890927298469183e-02,7.031414319304093996e-02,-4.083516193740994310e-02,-1.129841876759933306e-01,8.746221146511211353e-02,5.254921534834515462e-02,-1.423266122323410265e-01,9.823606415339555809e-02,-1.647187716803380220e-01,2.140769551937064530e-01,-1.562538259420057918e-01,1.089377144489544758e-01,-8.014622554143946420e-02,5.821396394275291791e-02,-1.529764651592062652e-01,-2.917274893344509179e-01,6.756417380057698485e-02,-3.117087167123425151e-01,8.362606694731422596e-02,-4.713246627677374762e-02,-3.358698347820900376e-01,-2.184703138292695968e-01,-3.737038885697334112e-01,-1.485030560447529180e-01,1.298293198220681899e-01,-9.717343328655873858e-02,-2.737883339768764079e-01,-2.088956487071062795e-01,-2.793620447717619637e-01,-2.405987775820988273e-01,-1.351220691322214118e-01,-1.348144241545256791e-02,1.225808274394206282e-01,3.236550734737826934e-03,-4.290391745069047635e-01,-2.176352774612383134e-01,-1.317411136120345827e-01,-2.957190259583298286e-01,-3.731608010070663894e-02,-2.016220424487284446e-01
2.181218588035121753e-01,-1.075219197046608233e-01,3.154051652963908436e-01,2.790339947700353762e-01,4.064351167324336545e-01,5.797962008984488547e-01,5.226401589708333795e-01,4.475339743650113555e-01,0.000000000000000000e+00,6.356934098050849302e-01,4.486138710214127023e-01,3.864287754788117146e-01,4.014594301033749812e-01,5.763430429855375126e-01,6.106799895777416110e-01,5.843920401570873446e-01,1.696128382132733037e-01,1.772945449522679295e-01,1.613409553946174718e-02,-3.576372865712967170e-02,-4.050067650502748307e-01,-1.603772104134685850e-01,-1.563370156553622881e-01,-1.682315750481087543e-02,-1.675236776759619350e-01,-5.137985050965471895e-02,-2.755871153260565642e-01,1.398356296833454249e-01,2.850456287729674076e-01,1.900508242060091335e-01,1.503630524660256318e-01,4.070959255875861854e-02,2.451585156443749636e-01,1.090570053586732285e-01,-4.452705863148212484e-01,-4.579530935586048068e-01,-2.294984445093219694e-01,-2.199928425454168723e-01,-3.063751573541276252e-01,-2.979871228602193334e-01,-2.350941299454714917e-01,-2.152902693149248703e-01,-4.025299090563775328e-01,-3.039548075806233762e-01,-1.838461272834006621e-01,-3.418312410335615226e-02,-4.020872769966316040e-01,-3.686450122273182695e-01,-3.036942511199218764e-01,-3.380610204395556040e-01,-3.556689865609372614e-01,-3.065619418048714517e-01,-3.530916750641188706e-01,-3.076245726717082851e-01,-4.841955240794979520e-01,-4.528785210438582287e-01,-1.439872672650047425e-01,-9.603389117529799457e-02,5.962975868704657734e-02,-9.841029166627426883e-02,4.669768230319354396e-01,5.338566437188627667e-01,2.985741597054142327e-01,3.062134867791140302e-01,-2.001261972255445956e-02,2.494985072940112958e-01,-2.274877648336676716e-01,-1.035602058082116111e-01,5.964074600767856754e-02,-4.828770456036590719e-02,1.823220289500202540e-01,2.622594953994518696e-01,3.361680620563869404e-01,4.872374422773262381e-01,7.887169634812854491e-02,2.150909279263159002e-01,6.652037834053787374e-03,-5.340622635764042531e-02,1.266210221975269112e-01,1.438475713312551696e-01,2.508248338560158941e-01,3.837462996273728888e-01,-2.747724839820561149e-01,-4.731140264135187679e-02,-2.051615293094626036e-01,-2.490982548995602022e-02,-2.920979190014723059e-01,-2.059431986915670754e-01,-2.256371861157938086e-01,-2.640111882316378278e-01,-2.963892525168812520e-01,-3.325704993580265445e-02,-1.981955680287804944e-01,-1.240499891696410922e-01,-2.738997768004294286e-01,-3.181425777509896413e-01,-4.487378707828308944e-01,-2.485912685332554717e-01,-4.269358874144951188e-01,-2.969747197448430187e-01,-1.702312674031310757e-01,2.785128818486323765e-02,-1.649840369927389472e-01,-1.069537182662635803e-02,-1.187854929696844086e-01,-1.686946121318855241e-01,1.095561436388122339e-01,-1.008949957463372953e-02,-3.543159765059692434e-01,-3.302772885804067804e-01,-2.180527956452539551e-01,-2.466182596711965769e-01,-1.336921478328294832e-01,-1.474545517330143884e-01,-7.534790565972582232e-02,2.490794194927624938e-01
9.378776891467247023e-02,-2.323049201221790150e-01,8.789856505592546208e-05,4.661951536498309401e-01,2.249041748679167230e-01,6.346857155414080687e-01,2.944382182960862959e-01,6.483256892974079699e-01,6.356934098050849302e-01,0.000000000000000000e+00,3.637179837324869824e-01,4.781524977319031033e-01,4.398695334155812431e-02,5.229948924655233311e-01,3.154459753444525116e-01,6.725872628700765299e-01,5.086030720548487261e-02,2.955432288282179576e-02,-2.793934371164247810e-01,-1.993555151640721002e-01,-2.332561081654627722e-01,-6.855146304022301240e-02,-3.566390100110187200e-01,7.209722836988971539e-02,-3.613761148206398599e-01,-1.239306982599223395e-01,-2.636140750716530201e-01,1.343435389845832328e-01,1.011398560347073761e-01,1.307899255687507978e-01,-9.745125553682479347e-02,-7.555823436896678957e-02,1.225745489704880564e-01,3.857334350445300319e-02,-4.727153436363008554e-01,-4.397737867643596310e-01,-3.781019560569959248e-01,-2.606757516112120920e-01,-2.278613337351553525e-01,-2.083117510963776453e-01,-1.814760052613569596e-01,-1.768111028444603605e-01,-4.548892007195125542e-01,-2.679054085870619661e-01,-2.581831994449833578e-01,-1.350184743948340711e-02,-3.895397568348982209e-01,-2.727743612442669607e-01,-2.388235404914157700e-01,-1.931727928827276231e-01,-2.065129697471974612e-01,-1.909674806701637806e-01,-1.699000781669382232e-01,-2.503225563414105889e-02,-3.883609742928089692e-01,-2.682287497370891005e-01,-3.015925336447454197e-01,-2.891862790339947975e-01,5.284744262264204351e-02,4.426163635735789331e-02,4.901851834411660169e-01,6.928180593880376437e-01,1.680699044730951941e-01,2.111307836470998067e-01,-2.326800586408998145e-02,6.142854003622676418e-01,-1.666666666666666574e-01,7.154943195552332380e-02,-8.071756621430298262e-02,-2.140675374903076023e-01,-3.642139827781597228e-02,1.057796445758737297e-01,3.094437590449193309e-01,3.781663103635547474e-01,6.734913623963660612e-02,1.979381508025452874e-01,6.435430655880257020e-03,1.751378908739314663e-02,4.375935884275260895e-02,-1.555490678043252445e-02,9.916684717264848126e-02,1.267544396623439540e-01,-2.189019585683835145e-01,-7.015875108695993068e-02,-2.250893897014274170e-01,9.762077419800407885e-02,-3.306241739889310693e-01,-8.507482365350385600e-02,-1.525118584581963976e-01,1.955900034217655792e-02,4.416902894060254110e-03,-3.141118006962822368e-02,1.311462286806739375e-01,-1.554062326361093649e-01,-1.851803019315709786e-01,-8.917466386646952237e-02,-3.654681069474398081e-01,-2.118433898709460583e-01,-3.359734295194773956e-01,-1.405215524142282568e-01,5.152896414680316339e-02,7.750612935529541114e-02,-2.363717983732487038e-01,1.049854182559041144e-01,1.588452639939224448e-02,4.310953730823201269e-02,7.060766161563840349e-02,6.307349889655908259e-02,-2.611968645326150917e-01,-1.324317451946168400e-01,-2.065553494124922618e-01,-1.552147393336660852e-01,7.425859129992560051e-03,-1.357310806186803331e-01,8.956078970582233290e-02,2.412250548581222898e-01
7.311653780109182987e-01,4.533509758310338422e-01,1.661078829316682826e-01,2.028777362352416624e-01,5.263397467893479731e-02,4.362813884206197534e-01,3.717120443008767872e-01,3.893027446326938756e-01,4.486138710214127023e-01,3.637179837324869824e-01,0.000000000000000000e+00,7.460233747398359316e-01,6.304712932704230610e-01,6.498843192099175159e-01,5.501822325607677033e-01,3.944557980090975247e-01,2.408483467221683438e-01,1.099061682818028018e-01,3.489039362860972826e-01,2.833520117784077419e-01,-4.803546707100006530e-01,-2.924589309650948432e-01,-3.190215634015489132e-01,-3.832565790506327064e-01,-3.378852233094437607e-01,-3.009191678517276758e-01,-2.881628885979864996e-01,-1.328257191201353549e-01,3.954273910764121158e-01,1.734615396689363209e-01,2.833316067543768801e-02,-5.242992443862639490e-02,4.514485997444663279e-01,2.148178145277492568e-01,-4.233697170607975679e-01,-4.048137021305984184e-01,-5.387460014000985398e-01,-5.597380622761333191e-01,-3.466939152218340148e-01,-2.968350238110934458e-01,-4.288586685250934671e-01,-3.734056612954365084e-01,-2.955573553833162337e-01,-1.633673312426031921e-01,-2.100901274215269954e-01,-1.427409911818903858e-02,-1.716345052095595847e-01,-4.181648663157002677e-01,-1.670229697785897971e-01,-2.804576376004947469e-01,-8.208784205883552787e-02,-3.677330646148629922e-01,-5.973806227613333991e-02,-3.095002652653123798e-01,-2.350439021940109730e-01,-1.453952139231327045e-01,2.192205908667112513e-01,3.166639983173702988e-01,5.023434385290802551e-01,2.966937582601106849e-01,7.439075307095611711e-01,5.759004109257915838e-01,3.727244474162530463e-01,6.038929646616376656e-01,-1.871156399800344705e-01,-5.782312925170068202e-02,1.332887562039121176e-01,1.745963729284976673e-01,2.936063211625213332e-01,6.039730151405277997e-02,5.400425052346734950e-02,1.031882065239570628e-01,2.188219080894932833e-01,3.691488593591567002e-01,2.700714803687972454e-01,2.045462393540711243e-01,2.411905232789931797e-01,1.762115090614002899e-01,1.819924093310605340e-01,1.502704450492702848e-01,2.299567727413992790e-01,2.459762862228417057e-01,-1.358488019111659395e-01,-7.312689727483055735e-02,-9.037071219812337075e-02,-6.662397307792521095e-02,-2.483793702067813858e-01,-2.877579273518359945e-02,-2.248508078819899114e-01,-2.401624239912854841e-01,-4.320779534702667291e-01,-3.210824708286637019e-01,-4.913074597628622198e-01,-4.580331440374950103e-01,-3.035341501621414695e-01,-2.570562142715877574e-01,-2.595927157203444247e-01,-4.940072014038656700e-01,-2.209973975746274411e-01,-2.421558378773752129e-01,8.385052221165346931e-02,3.805850905198258222e-02,-5.420516152930946602e-02,-1.156023092208733997e-02,-1.724412884673943436e-01,-1.925873256547658285e-01,7.039262405469802475e-02,1.694072183557317757e-01,-6.964391663448951664e-02,-1.756197633645059375e-01,-3.247585143886811965e-01,-2.516253386449180396e-01,-1.586035429400186603e-01,-1.592125544264775538e-01,1.796725150604773502e-01,4.006447987593745458e-02
5.585545708823446143e-01,3.342751036732182213e-01,-1.166021553983845466e-01,2.074782843455794945e-01,5.824535628741574905e-02,4.332347613710920697e-01,3.134494222238964900e-01,4.429773755372015120e-01,3.864287754788117146e-01,4.781524977319031033e-01,7.460233747398359316e-01,0.000000000000000000e+00,5.594932019877633111e-01,7.469667146969539706e-01,4.392668003980549352e-01,4.289308709178180079e-01,1.465300471826940232e-01,7.304998603040661898e-02,8.731466744519680856e-02,1.533908441087556418e-01,-4.193405096233232543e-01,-2.248052889822287903e-01,-4.511048535704083040e-01,-4.150680115147120097e-01,-3.376811730691353652e-01,-2.270121708120257931e-01,-2.398751840376205924e-01,-2.682789774885496401e-02,3.019629633117668077e-01,1.866934129443194035e-01,-7.311747957143170662e-02,-1.497634586829655612e-01,3.889731250137341556e-01,1.029511943217527037e-01,-4.492684014076327448e-01,-3.966611102216613394e-01,-6.745853856078656285e-01,-6.511196079723998720e-01,-3.373138826365802423e-01,-3.158211138631733528e-01,-3.060267023283702037e-01,-2.655619700579816556e-01,-2.874031938571460221e-01,-1.097225230655252404e-01,-1.653481881908277773e-01,9.202351914462139626e-02,-2.152886996976917100e-01,-3.607702425686472036e-01,4.486907822658366823e-02,-1.413283356720630192e-02,1.168328891316563478e-01,-8.934261291041566133e-02,6.133907185393770028e-02,-2.804372325764639129e-01,-2.052980860087459114e-01,-1.535226919563395243e-01,9.338437728575509078e-02,1.484496890588261064e-01,5.132695440889785132e-01,4.022034286718840779e-01,7.216864595399765658e-01,6.352711827693698909e-01,3.085741910977589098e-01,5.340575547247048416e-01,-1.231270542365538734e-01,1.774405193549500881e-01,1.500365720815322046e-01,2.522076666384135413e-01,1.143403369654276136e-01,-4.830026149823104381e-02,5.445943952107838715e-02,1.069976675487915585e-01,2.672634351387070950e-01,4.080518224825693818e-01,1.269459329647872059e-01,2.442261630078889079e-01,2.019783455606515843e-01,3.395191948491441125e-01,1.420817519439709353e-01,8.665071935557794314e-02,1.995501477009816449e-01,2.114133147490653009e-01,-4.135941409327921481e-02,-1.504854826102106635e-01,2.922627288109521521e-02,1.621885487005138848e-01,-1.996568816728352680e-01,-1.166162819534828227e-01,-2.805816373619129389e-01,-1.854126052820759263e-01,-2.728512724886908991e-01,-3.367566685188150277e-01,-3.934229898696903760e-01,-5.063914813733523257e-01,-3.584063990155360591e-01,-3.523900561609045745e-01,-3.838750082404904784e-01,-5.972895849618111708e-01,-4.261997369321517404e-01,-4.059532442418591902e-01,1.194557195282358458e-01,6.620331565944329033e-02,-1.161359790801415187e-01,-1.565536228335358271e-02,-2.608075994587959884e-02,-1.034330668123271402e-01,5.454262923443489036e-02,1.430533450112855542e-01,-1.346009562108184399e-01,-3.177925531079990873e-01,-2.774125801682001957e-01,-4.383454350822008627e-01,-1.334802495063553696e-01,-1.105591290507896701e-01,3.065022963500120823e-01,1.571987355163569910e-01
6.060543275916735473e-01,4.657085723075570782e-01,1.245051781672521368e-01,-1.384057083839534963e-01,2.027647237944554814e-01,1.319263284455452767e-01,4.202964065183064646e-01,1.525903393198534685e-01,4.014594301033749812e-01,4.398695334155812431e-02,6.304712932704230610e-01,5.594932019877633111e-01,0.000000000000000000e+00,6.316296707884815342e-01,5.581998373876546626e-01,1.922451490979409650e-01,9.992340267902269368e-02,-1.469946538837039150e-02,3.679088617449748910e-01,2.522531855381746624e-01,-3.155024815648456160e-01,-2.165600896565363642e-01,4.205946337926033674e-02,-2.826378359373283300e-01,7.987939061180540645e-02,1.144721848130115030e-02,1.269349456441552088e-02,1.252538855874606449e-01,1.981610364496513843e-01,-7.664440949430072203e-02,8.463690044545736646e-02,-1.061563527118276895e-01,1.801700837233832231e-01,-5.128724309289936500e-02,-2.719032236798734070e-01,-3.325234108410323186e-01,-3.407262305014299164e-01,-4.171477543486245554e-01,-3.283764821110723986e-01,-2.996823094720121317e-01,-3.948858731309782821e-01,-3.674866347092597962e-01,-7.714511739167285997e-02,-1.168124841076255138e-01,-2.135040449036098020e-01,-2.129845015994399626e-01,-6.347532090824331910e-03,-1.560073960364025680e-01,-8.848874113558667653e-02,-1.476994120213844519e-01,-4.525363444870333929e-02,-8.700074399856851104e-02,-1.690791683540051812e-02,-3.393481065707316668e-01,-1.109578118280076242e-01,-1.012465900065609992e-01,2.965462142401953938e-01,3.686465818445514020e-01,3.341558127634994824e-01,1.332746296488138416e-01,4.068746095577132627e-01,1.985346053511390652e-01,8.398864852816992355e-02,2.646594401489252846e-01,5.350982109502776946e-02,-2.052431494055859673e-01,-3.387233989119413455e-03,-1.686506628493575632e-01,1.859007562415829207e-01,2.371534677553531756e-01,2.022875601555804703e-01,1.463715158421467211e-01,2.611984341498482243e-01,3.113775274761496625e-01,2.369604048356767634e-01,1.607319439081585644e-01,1.974861010394005356e-01,1.828729645988529107e-01,5.223058305001742480e-02,8.471067245541502588e-02,7.698972528559185069e-02,1.881767012296381436e-01,-1.151157278785995275e-01,-2.224492935152833639e-01,7.885756979303026881e-02,3.563031119231264109e-03,-2.125104771950312166e-01,-1.374702165130011478e-01,-1.641568487108733543e-01,-2.628873422927084924e-01,-3.980706264970224617e-01,-1.857563514561338947e-01,-3.745483426411635453e-01,-1.810365124360773514e-01,-3.320101460057950371e-01,-2.498610888748669656e-01,-6.676366901167481160e-02,-3.558322267531839889e-01,-2.352510916687856612e-01,-2.197275772330159471e-01,8.364647197134507384e-02,1.547862338290184603e-01,1.120392781016421313e-01,6.782316064404534696e-03,-1.580494680567196830e-01,-2.016094855108633288e-01,1.642620130654938448e-01,2.138399429915020800e-01,-2.095909891413879830e-02,-2.394388304468072493e-01,-3.453314874634671322e-02,-4.007923427792898230e-01,-1.170761798027932926e-01,-3.514059061557248814e-02,1.931162866623345187e-01,-2.352699270755833488e-02
