0.000000000000000000e+00,1.845869866174434659e-01,5.358249437292221806e-01,2.948164960492734021e-01,1.245491274497800976e-01,8.063437650094647247e-02,6.306376726971361091e-01,2.550423953614671668e-01,1.432542560171276569e-01,-6.407177545683709168e-03,3.627667956892032253e-01,-9.078038229597330810e-02,5.211474529821157331e-01,5.058405457245196413e-02,2.163952798470565042e-01,8.566970858486448737e-03,-1.963889385934345921e-01,-1.420346634269767094e-01,6.487165239884601364e-01,4.615129854433697720e-01,-1.128743144696734285e-01,1.398058069559157401e-01,3.918926130673773822e-01,1.273242107179743121e-01,8.386935761845117077e-02,-5.578419646584983731e-03,6.741662978066169376e-02,-2.307337332718043324e-02,1.068077438635814252e-01,1.125289986783822860e-01,1.442807856876022199e-01,8.296525809216163949e-02,3.501376554313465062e-01,6.445476206172362499e-02,-2.197935011568078953e-02,-8.339847244850870367e-02,-3.574803248479825890e-01,-5.112086366618636551e-02,-3.113539832176525635e-01,-2.146561439527356896e-01,-2.874220292639436680e-01,3.526615999422380576e-02,-2.363890641628132450e-01,-2.594216274419320345e-01,-1.954016493537885923e-01,-3.702821230014848308e-01,-9.190893708660205497e-02,-2.955275326558865281e-02,-3.499493013633695471e-01,-3.317605768657255205e-01,-1.873809052924353957e-01,-2.843298833146548632e-01,-4.348185051593318473e-01,-2.034726211666023077e-01,-1.160983082665461158e-01,-9.551591748836128770e-02,6.506659885920219599e-01,-1.234519650038141680e-01,1.934349189606622554e-01,-7.898470878891473979e-02,2.360170648785587244e-01,-1.855554404502917920e-01,2.760375954719682112e-01,1.080053618124684166e-02,-1.447783543505080928e-01,-1.614869297972996443e-01,8.163893153015705506e-02,-1.244549504157916112e-02,4.727388878947979545e-01,3.538702052117570496e-01,2.476181058487077480e-01,-4.586264593516225369e-02,1.310598997328511484e-01,6.141441348112849224e-02,3.560378466107255169e-01,2.398485005446571727e-01,1.977435182656357426e-01,1.566870402983528421e-01,-2.218842313113524034e-01,-2.698925440042191370e-01,-2.547237630631394301e-01,-3.078254836775504155e-01,2.936282958037852997e-02,-1.321774672028479085e-02,-3.906149446396001840e-02,-3.763063139422820336e-01,2.664739176704368842e-02,-9.486452633660755196e-02,-1.392564409243161883e-02,-6.068454146771768559e-02,-3.397828905443118774e-01,-2.242669102712612494e-01,-1.625056113816084891e-01,-2.424509259172058229e-01,-1.657217570923154581e-01,-1.379803421137721364e-01,-2.591061343780705628e-01,-1.147500070632775510e-01,-1.513440632367391014e-01,-1.329214657713569947e-01,-2.405611067685034243e-01,-1.933548684817720242e-01,-2.481643326458409793e-01,-1.372316346935636144e-01,-5.075200361639810309e-02,-3.214105208303903033e-02,1.689849913200167086e-02,-9.777302706961880918e-02,3.026551645115821976e-01,-1.342901719986564213e-01,4.092463011969901115e-02,-1.400145660479235610e-01,-3.642610712951539487e-01,-1.437188627181375522e-01,-2.377452134522475280e-01,-1.484857902551883768e-01
1.845869866174434659e-01,0.000000000000000000e+00,1.331647564424939256e-01,2.538400685608807605e-01,-5.577006991075156295e-02,-1.032337254237181701e-01,1.424914220418208866e-01,4.769533101657829621e-01,-5.246602563498865140e-02,1.136716800241093124e-02,5.471685674731360111e-02,3.869043695004535932e-01,2.358679512414102730e-01,3.004137511026561125e-01,-7.145368530430169784e-02,7.692380136179990946e-02,-2.320223890202135208e-01,-6.208777927414620840e-02,3.247334005129509094e-01,5.807238446832355683e-01,3.749815569975106094e-02,-1.030453713557411867e-02,4.427733252968930888e-02,9.780598903151477286e-02,5.527093163061255754e-02,-4.604472153420666874e-02,1.403237806428524323e-03,-2.833473029267083096e-02,-2.364235957419423828e-01,-2.362289632050328103e-01,1.050387852418309259e-01,4.201551409673236898e-02,3.640884133995084260e-02,2.101011147421589786e-01,-2.147314855799264677e-01,-3.289085823531073816e-01,-4.936917083400042122e-02,-1.117693039375417946e-01,-1.149619053897516507e-01,-2.009973347899381146e-01,-2.135401460999720724e-01,-1.743530822573607225e-02,-3.811689881305544980e-01,-2.236955695983977310e-01,-1.882834352014917667e-01,-1.125525429368794128e-01,-2.880216230470037386e-01,-3.725298148793435016e-01,-2.673089540384681606e-01,-4.594426603128561049e-02,-1.107474831187666570e-01,-1.859368574379451911e-01,-4.340368357772273478e-01,-2.821135837814590652e-01,-1.385516827866356548e-01,-2.516174905587523214e-01,1.710772910917943423e-01,4.722020788010635739e-01,-1.137815532304292318e-02,4.099918693827323546e-01,1.384669234560459983e-01,1.362160923437210625e-01,2.713083387485127826e-02,1.242618874961151920e-01,-1.400177052823898260e-01,-8.135797004542472122e-02,-1.544974242581204082e-01,-7.908673390906893752e-02,2.887216723329849022e-01,3.729897127286539993e-01,7.672289035595779294e-02,-2.792349057758775153e-03,-2.406066256682645385e-02,2.572602645118961077e-03,-1.878360942900464403e-02,-3.673375210721113726e-02,1.578344304957793043e-01,1.342995897020552443e-01,-1.960860024674382918e-01,-2.702598344367742600e-01,-2.289804708223852625e-01,-1.606644503671334767e-01,-1.394934531265205613e-01,-1.520990491258801536e-01,-5.710267494168871916e-02,-1.554658780909687343e-01,-6.297932186257058917e-02,-1.870355895011442671e-02,5.481574263300151295e-02,-2.183761367952810895e-01,-2.945967496366336258e-01,8.069402195580586273e-03,-2.467406898153816086e-01,-1.821069913890798475e-01,-3.357976323893655524e-01,-3.828987063214764341e-01,-4.235188306979459916e-01,-3.524889420465925349e-01,-2.747144081444298780e-01,-2.979416039604582123e-01,-1.526185924300500207e-01,-1.706801779318095624e-01,-1.529811740109056906e-01,9.399809762391343748e-02,2.643172635921004487e-01,2.760784055200298792e-01,1.069976675487915585e-01,-6.022307400117407616e-02,8.411578752405438064e-02,-1.797023377879070349e-01,-1.837378236943139065e-01,-2.871081058173153844e-01,-1.480321708748104648e-01,-1.750107518780470162e-01,-6.297461301087116381e-02,-6.936923361868974069e-02
5.358249437292221806e-01,1.331647564424939256e-01,0.000000000000000000e+00,5.193659374225001457e-01,4.102775397191640860e-01,2.927241962774957962e-01,6.258628970739195108e-01,4.485196939874242505e-01,1.831335210595544105e-01,1.836813174739208021e-01,2.028902931731068060e-01,9.154792512297950380e-02,3.277549136867483615e-01,2.853265902576997415e-01,1.565096735510078385e-01,6.385673789589670080e-02,-1.908764428706415661e-01,-1.415119808883405772e-01,5.621364374083736015e-01,4.430432994609934672e-01,7.009596639763426840e-02,1.975080756806645021e-01,7.997921826783320753e-01,6.398623131763088168e-01,4.354651874593861716e-01,3.605395088353753885e-01,2.971206941475251773e-01,3.005189154572766030e-01,8.081174324829147604e-02,3.282226596222245080e-02,5.760149929838109806e-01,5.925210878075272136e-01,3.197200430702968887e-01,2.803964225284022102e-02,-3.083670016229842284e-02,-1.929232237426581065e-01,-4.577286382942655774e-01,-2.239781007003631974e-01,-5.065625696517647159e-01,-4.583690421253873160e-01,-2.623913432470357798e-01,-5.081792754019005126e-02,-2.330850198870503542e-01,-2.534602211904605218e-01,-2.083400042065741975e-01,-3.149625332366449149e-01,-1.737707542638652070e-01,-1.147923867285723654e-01,-3.844526273822865825e-01,-1.936766400145660538e-01,-1.564045091963873757e-01,-2.703665684086278831e-01,-2.893918988915363255e-01,-1.793397562070513374e-01,-2.085487632985820183e-01,-2.921434379012334270e-01,2.366119498099193419e-01,-2.179162389459706473e-01,1.558786874232849506e-02,9.766158424606576072e-03,3.217715327940128683e-02,-1.366304712932704113e-01,1.921399847433205021e-01,6.821242571786444164e-02,2.133423743285962210e-02,-2.037771269098317684e-01,5.446885722447723788e-02,-1.351267779839208372e-01,3.910701336372112147e-01,2.527209314736508228e-01,3.918753472778128133e-01,3.956596944269170635e-01,2.351490665486314635e-01,9.774006510772283857e-03,5.259316463087311544e-02,-1.014192479022065635e-01,6.858599461935212249e-02,-3.684990378246361109e-02,-2.491422041820881561e-01,-1.964391663448951386e-01,-2.616300788889621143e-01,-3.570063004435738430e-01,-2.775915165327783041e-01,-2.486053950883537478e-01,-3.137084090673648573e-01,-4.907251317693667181e-01,-2.466841835949885320e-01,-2.342135746776791150e-01,-1.661706676209939448e-01,-1.991530345409968372e-01,-2.476306627865728638e-01,8.113351478108548828e-03,-4.922162681408511625e-02,-6.730047810540921993e-02,-1.945587648995915908e-01,-1.828965088573500375e-01,-1.983666563071929401e-01,-8.675431409296528729e-02,-2.275003217715327805e-02,1.451582017209283350e-02,-6.480164747024790006e-02,-1.213596652320365205e-01,-1.003770220594005919e-02,1.054829869188099734e-01,-8.821248850255376805e-02,1.296660796298214693e-02,1.126451503536347598e-01,1.040970149019460056e-01,2.725357794248294829e-01,-2.725593236833265820e-01,-6.315511899268244633e-02,2.575584917861930070e-02,-3.071317128605018376e-01,-6.116327472382585007e-02,-1.544377788032610388e-01,1.269663379888180503e-02
2.948164960492734021e-01,2.538400685608807605e-01,5.193659374225001457e-01,0.000000000000000000e+00,1.333499712760046196e-01,3.049530841409013870e-01,5.127233172918451709e-01,7.364659754072372388e-01,2.720272234412915990e-01,2.473748151775707893e-01,1.541772223425595389e-01,3.521875755378293671e-01,2.180355298556893862e-01,4.992905330106200412e-01,-1.081497665979174322e-01,5.799421753011310687e-02,-2.133015642805345391e-01,-2.170749241090067783e-01,3.033332391562993391e-01,3.105817315389469147e-01,-3.192052086178264747e-01,5.144891366791294607e-02,4.612602770688339904e-01,6.618118405645598834e-01,1.355474354024027717e-01,1.853231370997868444e-01,-4.849646365237373496e-02,-7.993589683219849695e-02,-2.164439379812838904e-01,-1.220958157143798850e-01,2.467752213945107465e-01,4.516275361090444362e-01,-4.884648829536429246e-03,2.398673359514548742e-01,-1.201039714455232887e-01,2.741493459404989452e-02,-1.193066058910873944e-01,-3.014842300556586085e-01,-3.684205569629789984e-02,-1.516831005590976722e-01,-4.426634520905731868e-02,6.920756304367617351e-02,-2.198154757980718688e-01,-3.097749482811121835e-01,-9.088554665059378479e-02,-3.097514040226150289e-01,-3.079730276974657066e-01,-3.460786252664425078e-01,-2.051113015580020571e-01,-3.217448493010494626e-01,-3.072745480287177311e-01,-4.052892961522402970e-01,-4.143114560083377973e-01,-3.391644613544541054e-01,-2.508028592147518721e-01,-2.617854709950431236e-01,5.373113712490071997e-02,2.955432288282179576e-02,4.125738897312501707e-02,1.822765100502591329e-01,-3.473562936942197615e-02,2.160892044865939110e-01,-6.386301636482927258e-02,4.900031078421215880e-02,-1.663653001579034896e-01,1.025383849894364735e-01,1.219278666704337426e-02,-4.744952895786833796e-03,7.982445400864544849e-02,8.421624302697544584e-02,1.692376996945524903e-01,3.987392834383407525e-01,1.998122737789162842e-03,-7.820460902404340053e-02,7.061080085010469631e-02,-2.249245798919475570e-01,-2.177875303328530299e-01,-2.032434570505636529e-01,-1.943468665731174772e-01,-1.704478745813046148e-01,-2.154488006554721446e-01,-1.322842011747015489e-01,3.871774828990202227e-02,1.101761424459031385e-01,-1.411682347142825811e-01,-2.410822196899064240e-01,1.583555434171822762e-01,1.275565140684792598e-01,2.173433286558739685e-01,-1.383962906805546456e-01,-3.854571824114971235e-01,-1.832747866105371437e-01,-2.636595939714141412e-01,-1.305827360939761095e-01,-3.839111094368527488e-01,-2.393211091543216151e-01,-3.873611281152978258e-01,-2.695958863471553668e-01,-3.229063660535742009e-01,-3.296431632182176275e-01,-1.813410181793067844e-01,-8.226520880618053144e-02,-1.418682840002636891e-01,-4.261981673149185801e-02,-9.722523065525240371e-02,-1.345224753491613412e-01,2.227051411242854384e-01,-3.337634084552141417e-02,1.048394438532219558e-01,-3.000276252633032881e-01,-2.873545357229186359e-01,-4.005333559358215112e-01,-1.834898241714775502e-01,-3.328577393116914362e-01,-2.551161673714247846e-01,-4.989813184156911829e-02
1.245491274497800976e-01,-5.577006991075156295e-02,4.102775397191640860e-01,1.333499712760046196e-01,0.000000000000000000e+00,6.431538005142065639e-01,3.771790211239087112e-03,7.057313003650929339e-02,4.652329782859151996e-01,4.604158229974038563e-01,-4.482669856128884689e-02,-8.455998920103344196e-02,1.573086087226768792e-01,1.931649447965619049e-01,5.144530354827672181e-01,1.593412630395951712e-01,-3.021827097244066118e-02,4.324295477304904156e-02,1.412655509827373534e-01,5.486283114999575966e-02,2.506882771567325863e-01,3.371318070375358134e-01,4.515521944818536304e-01,4.405899877255932129e-01,7.472005876646921063e-01,7.363451148802853119e-01,7.545903455983223873e-01,7.123236927442874178e-01,3.734574586641301597e-01,2.782350595983663633e-01,6.735855394303544852e-01,6.015228426395938799e-01,-5.582814574837779986e-02,-3.234651497885725480e-01,-2.286775346963889483e-02,-1.414429177300823293e-01,-2.150532571127204973e-01,-4.999230887555760477e-02,-5.474777820680648555e-01,-5.804821236293317144e-01,-2.289616354155875610e-01,-1.489755108319285315e-01,-1.816361062191373943e-02,-1.782378849093859963e-01,-9.591616988281237433e-02,-1.110865204411252277e-01,-1.735996659854527856e-03,2.191028695742256241e-02,-2.331211210834125969e-01,-1.792738322832594100e-01,4.197156481420440816e-02,-1.185877211983085849e-01,5.638379024890990271e-02,-1.744284238845515145e-01,-3.720620689438673689e-02,-2.756514696326153868e-01,1.502202172978097661e-01,-2.050469472514432623e-01,-1.890556868801973878e-01,-1.223343975338174044e-01,-1.614743728594345007e-01,-1.762413317888299746e-01,8.912286649777586070e-03,6.341253621891765335e-03,-1.369443947398987227e-01,-1.631852556435587631e-01,-1.221429042313741387e-01,-9.878386056776194968e-02,1.078484000891542643e-01,-3.297451883383718113e-02,3.953473405975219124e-01,3.875275075420108184e-01,5.252708374535786096e-01,5.101726892879902137e-02,-2.834728723053596064e-03,-2.574470489626399794e-01,-1.123390749931721666e-01,-1.703144571164875720e-01,-2.519235659192149528e-03,-1.577496711651896477e-01,-5.328379621345538664e-02,-2.599662846218321333e-01,-4.612304543414043057e-01,-2.711121365943701123e-01,-3.850914615961751331e-01,-4.560271732135401379e-01,-4.967901327582255888e-01,-4.816966934443366877e-01,-1.638460644987113357e-01,-4.109728801534457548e-02,1.318415691149556201e-01,3.478444446537267698e-01,1.765646729388571368e-01,1.327723521342085433e-01,1.101149273738106227e-01,9.647809285227704201e-02,1.666415527909363981e-01,3.033489353286307755e-01,3.970331095059158599e-01,3.432297699882906339e-01,1.185390630640811988e-01,8.769608443285020760e-02,3.786167905094663388e-01,3.194249550304662510e-01,-1.489252830804680024e-02,1.629859142549497930e-01,1.553921060810110888e-02,9.305789690126166358e-02,2.614903829552125414e-01,5.268106319592904402e-02,3.289682278079667510e-01,2.123111358064222465e-01,-5.877902614668387149e-02,3.012330912983559594e-01,7.857189945659850960e-02,-7.848086165707630554e-03
8.063437650094647247e-02,-1.032337254237181701e-01,2.927241962774957962e-01,3.049530841409013870e-01,6.431538005142065639e-01,0.000000000000000000e+00,3.878681144816024939e-02,4.778228781129433694e-02,5.436651818087641086e-01,7.353123067408782187e-01,1.605247544333838691e-02,3.913840570838395677e-02,4.768497154283956457e-02,1.590147826551017163e-01,1.659666173806855494e-01,-4.035485906406863742e-03,-6.091684481822262631e-02,-8.894706936766400007e-02,-2.372633409616730846e-02,-4.916355097645887934e-02,-1.691121303159011657e-01,1.277935262706836328e-01,3.576074638438670461e-01,4.441263353518610790e-01,5.122665586770009938e-01,7.017852826409751721e-01,4.764086529858828634e-01,4.977413208015093460e-01,1.055143792634728045e-01,1.169584585103076724e-01,4.178713478931027625e-01,4.507830820376143022e-01,-1.907948227745182024e-01,-1.680338032767329237e-01,-9.604016964423055247e-02,1.575220766663841254e-01,-1.727300980382923956e-01,-1.307569636068548202e-01,-3.405488637540849406e-01,-4.119130808760975704e-01,-9.830983616335320363e-02,-1.304948375289201878e-01,3.613258870691793412e-02,-3.022078236001368712e-01,1.085751328680987920e-01,-1.076553371694778521e-01,-9.747323017808876347e-03,-1.099359910092324866e-01,-1.277323111985911031e-01,-2.172774047320820412e-01,-8.265133464553334197e-02,-2.034663426976697498e-01,6.905060132036201781e-02,-2.344647134349817363e-01,-8.655340308712317077e-02,-1.865238942831401181e-01,1.258974286530486764e-01,9.348640240590929198e-03,4.117733849423479281e-02,7.342041569742802087e-02,-1.762491798749956928e-01,1.519593531921305807e-01,-4.608553158226835061e-02,9.063283827605800314e-02,-3.407042558601659499e-01,-2.148649030447435243e-02,1.107851539323620599e-01,7.897372146828274264e-02,9.934735315445974990e-02,-4.007860643103573067e-02,3.185569567005390179e-01,3.781207914637936263e-01,3.067236123798850467e-01,-1.484700940828569474e-02,5.372956750766758049e-02,-4.615176942950692252e-01,-4.779107766779993050e-01,-4.257712314275041154e-01,-8.075994587959779702e-02,-1.714131891796866480e-01,-1.841004052751695971e-02,-2.001167795221457379e-01,-3.365227955510768920e-01,-7.709802887467862020e-02,-1.888218139124593076e-01,-3.135247638510872958e-01,-2.709928456846513178e-01,-2.560877604387394313e-01,6.556134221108840532e-02,1.538240584651026921e-01,-1.435948629567193879e-01,1.478030067587718099e-01,-7.774157194026665163e-02,6.137203381583367263e-03,-4.732238996198387393e-02,-1.714022018590546578e-03,3.485492027914072893e-02,5.832697638353911279e-02,1.126529984398004641e-01,8.110997052258836493e-02,-5.144420481621352070e-02,1.195875673758197283e-01,2.384028830729338355e-01,3.006680290944250267e-01,1.358189791837362617e-02,1.614037400839431202e-02,1.372002423489007972e-01,2.868161570119510603e-02,1.418102081626374522e-01,9.157146938147663062e-02,9.652518136927129566e-02,-2.954490517942294503e-02,3.572605784353427572e-02,5.048987753846347071e-02,-2.439185180301931682e-02,7.551742432090510770e-02
6.306376726971361091e-01,1.424914220418208866e-01,6.258628970739195108e-01,5.127233172918451709e-01,3.771790211239087112e-03,3.878681144816024939e-02,0.000000000000000000e+00,4.747370106325871641e-01,2.209675748471977563e-01,-2.393038433647570740e-02,4.763599948516554772e-01,1.942809426493255220e-01,4.928660896753717657e-01,2.745794210623797027e-01,1.138647429437857350e-01,7.360876976540500771e-02,-5.587052541367262121e-02,-1.062411120424173322e-01,6.144549190234469549e-01,4.178415251656730778e-01,-2.117915925022524071e-01,-1.854031875786770617e-02,4.626148567410351409e-01,2.914857682805471195e-01,-7.755007863782338584e-02,-7.512658962985285793e-02,-1.703756721885801018e-01,-1.900586722921748239e-01,-7.709959849191176315e-03,-1.839434435518554414e-02,1.263180860715305831e-01,1.791576806080069362e-01,4.493625784416212521e-01,2.100304819666675982e-01,-2.310476567184326525e-03,-5.844626729325786557e-02,-3.287029624955658536e-01,-2.109392903446565548e-01,-1.285281071357938787e-01,-1.112952795331330486e-01,-7.515484274004941012e-02,-9.763019190140292134e-04,-3.443426286065879860e-01,-2.699082401765505734e-01,-1.954832694499119561e-01,-3.742877861804620454e-01,-2.774486813645624106e-01,-8.349107986526405067e-02,-1.920536557954977130e-01,-2.358444069829131462e-01,-2.918153878995068395e-01,-2.432734053473719904e-01,-5.063757852010208893e-01,-4.951043638498316135e-02,-3.207873827888331197e-01,-7.386618699164021473e-02,3.023349625960213283e-01,-6.784042643360989333e-02,2.094921032557000573e-01,2.778850349553757884e-02,3.345544955407174226e-01,9.736335697176885795e-02,2.811341426279787559e-01,1.504038625140873275e-01,2.756247861396519949e-02,-1.546857783260974055e-02,1.409830198807718836e-02,-8.244885402245807904e-02,2.185409466047609495e-01,1.729310090441344983e-01,1.872302220380538118e-01,2.989022097071408063e-02,-2.943032312140361414e-02,3.547648870346477301e-02,1.476915639352187615e-01,1.245428489808475259e-01,1.575048108768195843e-01,1.898954320999281242e-01,-5.440921176961786149e-02,-1.782802645746808246e-01,-1.176742039686202168e-01,-1.219906513597594083e-01,1.603018687862777791e-01,2.597716520849225816e-02,4.630370837767502044e-04,-2.471786130234281120e-01,1.435320782673937257e-01,2.493023051398685769e-02,-3.269512696633798676e-02,-1.807461332479461669e-01,-3.636316547846641933e-01,-2.662070827408028473e-01,-3.387877532185001317e-01,-2.717792239184552705e-01,-2.392708814028610964e-01,-2.168661650169989574e-01,-3.654021830236478530e-01,-2.653108313006790064e-01,-4.276155316764453929e-01,-2.733802334962596170e-01,-4.287896053668352470e-01,-2.165569504220700714e-01,-3.935956477653359542e-01,-3.338905474510985849e-01,-2.559825960841189407e-01,-2.494639757148821579e-01,-7.088705348313760479e-02,-2.110836951301055808e-01,1.537706914791758805e-01,-2.457345651689379074e-01,-2.684845973460912028e-01,-2.472539546506188901e-01,-4.753664271430768640e-01,-3.043770346163384710e-01,-3.429315427139937866e-01,-2.208137523583499073e-02
2.550423953614671668e-01,4.769533101657829621e-01,4.485196939874242505e-01,7.364659754072372388e-01,7.057313003650929339e-02,4.778228781129433694e-02,4.747370106325871641e-01,0.000000000000000000e+00,1.245758109427435034e-01,1.050858737588251761e-02,1.538523115752992443e-01,4.674241639433807660e-01,2.516975410376425804e-01,6.716674671714555345e-01,-4.913215863179604820e-02,2.843361617835874627e-02,-3.262873215737610022e-01,-2.560077099598491723e-01,3.028843286276208802e-01,3.961902250517189139e-01,-2.915877934007013103e-02,1.118823163783279756e-01,2.849561605906783535e-01,5.178904972233471238e-01,3.161209107547033673e-03,7.188846927788189413e-04,-1.213910575766993516e-01,-1.195373396243592096e-01,-2.159275339115803161e-01,-1.455694414360114153e-01,1.517364675450244837e-01,3.071583963534652573e-01,4.109414878087829653e-02,1.027487136986774408e-01,-2.077200053994832929e-01,-1.953200292576652286e-01,-9.917155602434790662e-02,-2.229044825128944085e-01,-6.604949317059541358e-02,-1.552131697164329527e-01,-1.257059353506053967e-01,2.219438767662118128e-03,-4.120151059962517404e-01,-3.319677663405001811e-01,-2.850409199212680100e-01,-3.252529438171207765e-01,-3.644290203391001293e-01,-2.397339184866378592e-01,-2.990371967891909954e-01,-2.216158267644852131e-01,-2.844648703967050385e-01,-3.628499854025597493e-01,-4.205098744620137108e-01,-2.298123679559502530e-01,-2.460736024912964781e-01,-2.614574209933165916e-01,2.748713698677440406e-02,8.930494209682027229e-02,8.370768704343759317e-03,2.638542265083236860e-01,1.142241852901751398e-01,2.181093018656470317e-01,-1.033279024577066565e-02,1.392250485796533641e-02,-1.496316108353816857e-02,-2.652025277115922439e-02,-1.902611529152500869e-01,-1.691199784020668839e-01,6.734913623963660612e-02,1.041503818878728171e-01,8.962985286408056695e-02,2.567297338870943024e-01,-1.671956276742353475e-02,-2.353044586547124728e-01,2.434947213772449548e-02,-8.050409827059573642e-02,5.655016967562290220e-02,1.641034817249465566e-02,-2.030723687721512349e-01,-2.779980473961619625e-01,-2.448728453079432044e-01,-2.998769420089217319e-01,-5.401523784409933970e-02,-8.906322104291647390e-02,-1.381357342198531457e-01,-2.627602032968240353e-01,1.284245123984065207e-01,6.980558720950308382e-02,2.724541593287060914e-02,-3.174927562164690520e-01,-2.861176773432030918e-01,-6.032509912132827390e-02,-2.485331926956292348e-01,-9.987474454479530750e-02,-3.957240487334758305e-01,-3.530555738677566002e-01,-4.592244835174494333e-01,-4.012396836907352049e-01,-3.669482559982922831e-01,-2.932186257059353762e-01,-1.939010952789052833e-01,-1.961582048601628048e-01,-2.542261944002335849e-01,-8.139093200732069877e-02,-3.375618821594165986e-02,-7.902080998527699629e-02,1.327754913686748361e-01,-1.074795400393659950e-01,1.973668101296817690e-01,-2.389742237457973539e-01,-3.143817748603825457e-01,-3.364521627755855393e-01,-2.989665640136996427e-01,-2.745825602968460233e-01,-2.376683022078235896e-01,-7.935199922146984886e-02
1.432542560171276569e-01,-5.246602563498865140e-02,1.831335210595544105e-01,2.720272234412915990e-01,4.652329782859151996e-01,5.436651818087641086e-01,2.209675748471977563e-01,1.245758109427435034e-01,0.000000000000000000e+00,5.702796116139118299e-01,1.554784350288338779e-01,5.288511343623743949e-02,1.436325337703147631e-01,8.330743464898650308e-02,3.122125638441809459e-01,1.011963622551004666e-01,6.272190463633538215e-03,-9.842598783860567746e-02,2.330096782598595484e-01,5.704930795576190761e-02,-3.133505363382085851e-01,7.030315587240895323e-03,1.780652270137404181e-01,2.698878351525196839e-01,1.831900272799475149e-01,2.429861653937070987e-01,1.540814756913378991e-01,1.191480745505401062e-01,-1.535870462628983329e-02,9.671667467171456145e-02,1.383601894841923752e-01,2.229029128956612760e-01,9.982294717610164236e-02,1.351189298977551467e-01,2.189459078509114684e-02,1.852320993002646299e-01,-1.768723179165528625e-01,-2.399065763822834096e-01,-1.431082816144454983e-01,-2.437081893209522010e-01,-4.405915573428263732e-02,-1.780495308414090094e-01,-6.908670251672427431e-02,-1.986350608540601304e-01,8.143174205538237023e-03,-3.735689014876832081e-02,3.112550973319646187e-03,-1.232887248115674544e-01,-2.589664384443209899e-01,-1.417819550524409000e-01,-1.628650537279978938e-01,-2.842231493428012401e-01,-1.793334777381187795e-01,-2.409849034214516517e-01,-8.508267173966956032e-02,-1.473949062781550190e-01,1.144721848130114961e-01,8.587375882517289671e-02,2.399568041337439561e-01,3.665684086278719889e-02,1.702830647718247548e-01,1.524773268790672598e-01,2.076682080307896139e-01,2.279445234485118488e-01,-1.026623847508546516e-01,1.403363375807175628e-01,8.659107390071857369e-02,3.687752904576689916e-01,3.591441191151125562e-02,-1.108965967559151083e-01,9.794254573079808068e-02,1.624663709507799536e-01,1.659415035049552900e-01,-2.869260302182709624e-02,1.669099573378036161e-01,-1.191512137850063852e-01,-2.293948497719346113e-01,-4.456457248335420757e-02,5.823436896678375885e-02,-1.593349845706625856e-01,1.491120675312118393e-01,3.644965138801251753e-02,7.964237840960103343e-02,1.591120989235565025e-02,1.253151006595531747e-01,-5.688135891181576170e-02,4.603687344804096269e-03,-1.252523159702275124e-01,1.480478670471418734e-01,-8.774317294984444737e-02,-3.803119771212591926e-01,-1.697760784055200312e-01,-3.757302644177191175e-01,-1.240374322317759626e-01,-3.751856072378190188e-02,3.219441906896584188e-02,-1.201400726418855452e-01,-3.130444609777459364e-02,-1.886036371170526360e-01,-1.749055875234265256e-01,-2.851146919312256278e-01,-7.156512812785474631e-02,-7.725185136352649695e-02,-4.622208828155165844e-02,-2.219548640868437839e-01,-1.495374338013931992e-01,-9.151025430938411476e-02,-1.141927929455123086e-01,7.690653557223535441e-02,-1.237831542400070345e-01,7.945402434162404659e-02,-1.084746773651777269e-01,-2.123456673855513566e-01,-1.753372322625404434e-01,-3.448590326762915326e-01,-8.284596718244288671e-02
-6.407177545683709168e-03,1.136716800241093124e-02,1.836813174739208021e-01,2.473748151775707893e-01,4.604158229974038563e-01,7.353123067408782187e-01,-2.393038433647570740e-02,1.050858737588251761e-02,5.702796116139118299e-01,0.000000000000000000e+00,8.907734759801475000e-02,1.256196064027826076e-01,3.662387890089122827e-02,1.285390944564258620e-01,7.868962074908412985e-02,2.294262421165974564e-01,3.064677647708829653e-02,-8.166247578865418189e-02,6.555035489045640817e-02,4.202336218289808023e-02,-2.440754797535072962e-01,-5.108319285259096953e-02,2.614793956345805581e-01,2.532765759741829603e-01,3.542516221994104764e-01,4.882153138135734149e-01,3.092758100009731503e-01,3.370831489033084272e-01,-2.185535035426260791e-02,8.953567583009207353e-02,3.004011941647909967e-01,3.041761236104963406e-01,-2.631777214808396839e-02,3.661446119749237754e-02,-2.024649269029254670e-02,1.994700972220914137e-01,-1.395201366194839809e-01,-1.495735349977554418e-01,-2.769793658118531177e-01,-3.223287469117780968e-01,-5.336698592681188866e-05,-1.832559512037394422e-01,6.622058144900784538e-02,-1.721807320066928437e-01,2.053310479706418890e-01,2.909128579904504339e-02,3.348778366907446263e-02,-1.454627074641577922e-01,-1.425228143864837038e-01,-5.807269839177018472e-02,-2.979761355395873015e-02,-2.146514351010362642e-01,-1.579191898263689400e-02,-3.542751664579075754e-01,-2.081186881767012331e-01,-2.882649137181406696e-01,2.329468935705339069e-02,9.714831941082847921e-02,5.558328546000772252e-02,1.580651642290510916e-01,-7.816850782768114403e-02,2.354802557848243161e-01,9.514234858687360685e-02,1.303692681502688633e-01,-2.537364738234934025e-01,1.193662513459467778e-01,2.459103622990497506e-01,1.865191854314406927e-01,1.751064985292686421e-02,-4.974273973548810207e-02,1.994402744946617290e-01,2.635685561718918990e-01,1.848538215470775237e-01,1.212183996810537734e-01,4.533211531036041714e-02,-2.822375835428772572e-01,-4.365686283742846729e-01,-3.701659713262324125e-01,-2.805219919070535417e-02,-8.346753560676693773e-02,8.615472030990523056e-02,-1.843358478601408307e-02,-1.708214434827922956e-01,-2.070639053960301318e-02,-1.824523071803709970e-02,-1.660827690559380232e-01,-2.247032638620745926e-01,-2.120709843697515806e-01,6.816219796640390904e-02,-6.562569651764721054e-03,-3.100229478039485120e-01,6.694731422795237308e-02,-1.649510750308429696e-01,-2.833002144097140559e-02,-7.838668462308781559e-03,7.054487692631275508e-02,5.420987038100888444e-02,7.546091810051200333e-02,-6.529607689868748921e-04,-9.713262323849705671e-02,-9.705885122853941116e-02,-4.082417461677795290e-02,1.004146928729959948e-01,2.076619295618570560e-01,-4.460224329694960355e-02,7.835529227842499139e-03,-9.168134258779653614e-03,9.891727803257897855e-02,6.890933576937928462e-02,-4.762218685351390576e-03,1.537738307136421734e-01,-1.109531029763081988e-01,-1.147280324220135705e-01,-9.208002536501448676e-02,-8.727542701436827310e-02,7.062492740520297241e-02
3.627667956892032253e-01,5.471685674731360111e-02,2.028902931731068060e-01,1.541772223425595389e-01,-4.482669856128884689e-02,1.605247544333838691e-02,4.763599948516554772e-01,1.538523115752992443e-01,1.554784350288338779e-01,8.907734759801475000e-02,0.000000000000000000e+00,2.286382942655603989e-01,7.540912073181833541e-01,1.610741204649834002e-01,9.788760912763813660e-02,1.704604315191697306e-01,1.159444857776982529e-01,9.316149163864899385e-02,3.107418324967273215e-01,7.675428270062062408e-02,-5.264810123403306646e-02,-1.408590201193536950e-01,3.155589877852386649e-01,3.663486622152321848e-02,-1.064451622827257277e-01,-4.450021817679540581e-02,-1.338381222355116418e-01,-1.255568217134569453e-01,7.722830710502937013e-02,1.090805496171703554e-01,1.557562572790999189e-01,1.134362374391380962e-01,3.916147908171113134e-01,1.127487450910221040e-01,1.176851912892522001e-01,1.554407642152384750e-01,-3.605269518975102727e-01,1.456290868908707847e-02,-6.228084219382261366e-02,-2.457549701929687483e-02,4.132880655723295549e-01,-1.808889684161620326e-01,-2.490841283444619192e-01,-1.945477775789596075e-01,3.780109182574737520e-02,-1.208605269518975029e-03,-2.224649896876147726e-01,9.666173806855460349e-02,-8.710276911872270877e-02,5.021833375712998759e-02,-2.135542726550703208e-01,-1.084291584654166196e-01,-2.454928441150341090e-01,-4.790628757271251509e-02,-3.869027998832204607e-01,-1.593412630395951712e-01,2.049009728487611037e-01,-6.299972688660143705e-02,2.567799616385548211e-01,1.829074961779820346e-02,4.587881299266360902e-01,1.752100932666559863e-01,6.368627746437753867e-01,2.237866073979199455e-01,1.874154368715645058e-01,1.203865025474887690e-01,1.870104756254139799e-01,-3.099366188561257507e-02,-2.473716759431045329e-03,2.566010252739766781e-02,1.916282895253163532e-01,-1.132541618400936811e-01,1.909925945458940399e-01,7.149135611789708689e-02,2.911200474652251291e-01,1.512106457719220587e-01,2.226972930381197410e-02,4.289920859899105238e-02,1.473227038854305060e-01,4.934091772380387597e-02,3.669608129361573989e-01,3.616398105158075832e-02,2.164251025744861889e-01,-1.022605627391704256e-02,1.968708110840090564e-01,-2.282521684262075745e-01,8.146313440004521178e-03,-1.587353907876025427e-02,-2.841007191986162205e-03,-1.593161491638648902e-03,-2.254504016650499543e-01,-1.086850060744186941e-01,-1.775519621785031366e-01,-1.318666829906858795e-01,1.885424220449601063e-01,1.361297633958982733e-01,9.497126030846117506e-02,6.244094315160304831e-02,-2.761725825540183865e-01,-1.968252921842479630e-01,-2.118433898709460583e-01,-1.466179457477499448e-01,-2.096459257445479341e-01,-1.494511048535704101e-01,-2.574957070968673656e-01,-3.042341994481225775e-01,-1.706001274529193312e-01,-5.068294045813987597e-02,-6.879475371135994333e-02,3.568681741270574026e-02,-5.229807659104250550e-02,-2.207760815447545044e-01,-5.133307591610709597e-01,-1.163337508515173424e-01,-1.052004558168445070e-01,3.850506515481134651e-01
-9.078038229597330810e-02,3.869043695004535932e-01,9.154792512297950380e-02,3.521875755378293671e-01,-8.455998920103344196e-02,3.913840570838395677e-02,1.942809426493255220e-01,4.674241639433807660e-01,5.288511343623743949e-02,1.256196064027826076e-01,2.286382942655603989e-01,0.000000000000000000e+00,2.297998110180851372e-01,7.062382867313976575e-01,-6.405294005003939195e-02,1.138961352884485523e-01,3.201234346992142682e-02,1.206910082907182297e-01,9.802416582692144442e-02,1.785941880213091359e-01,8.453958417700259409e-02,-1.119576580055187676e-01,1.733485272281501399e-01,2.496774436585894041e-01,-1.007584390470539909e-01,9.870851894057115772e-02,-1.965678749580127282e-01,-7.209408913542343644e-02,-1.352005499938784827e-01,-1.127220615980586982e-01,8.725973084203686447e-02,2.635732650235913521e-01,2.303774301598812135e-01,3.950318475336604407e-01,8.554256958898003027e-02,5.590191775833545235e-02,-1.296503834574900538e-01,-6.486600177680670876e-02,7.588785398792650960e-02,-4.248953850114111502e-02,2.996901575581778499e-01,-2.516331867310837578e-01,-4.390988513541088101e-01,-2.836235555597412250e-01,-2.049135297866262195e-01,-1.005088699069844882e-01,-4.976659791743185401e-01,-2.419706230438645189e-01,-1.714759738690123103e-01,9.754857180527956584e-02,-3.840429572844366035e-01,-1.329073392162587186e-01,-2.989179058794722565e-01,4.115693347020395881e-02,-4.845785106843845114e-01,-2.988033238214529153e-01,-2.225764325111678210e-01,2.681848004545611674e-01,2.057658319442220718e-01,3.269418519599810447e-01,3.524151700366348616e-01,5.218663376748946536e-01,1.335602999852456008e-01,3.426144800328991824e-01,2.248508078819899114e-01,3.029628094892779511e-01,9.655657371393412680e-02,-1.117567469996766632e-03,-2.186021616768534792e-01,9.767414118393089040e-02,9.773064740432398090e-02,2.878144335722290781e-01,1.273038056939434781e-01,-2.007116644535063554e-01,-9.995950387538495019e-02,-1.109860649382041764e-01,-1.051455192136845490e-01,2.417524462484578474e-02,9.017764927844695855e-02,7.796288797013960215e-03,1.908842909568072843e-01,1.063760991244675075e-01,-4.104078179495148498e-02,-8.739942677578645125e-02,-5.110987634555437531e-02,7.996571955962819556e-02,-4.304204376720693198e-02,6.813865370790679610e-02,-1.908372024398130307e-01,-2.905047575098336776e-01,-3.179542236830126822e-01,-2.669275370508147893e-01,-4.149283155809624368e-01,-2.829862909630857515e-01,-7.952779635158170601e-02,-2.459464634954120210e-01,-3.571397179083908857e-01,-3.514655516105842370e-01,-5.878295018976672504e-01,-4.672766199234654749e-01,-3.899792496601778846e-01,-3.167032387481988898e-01,-3.680187349512947792e-01,-3.104702887153938384e-01,-1.976603285522792464e-01,-3.731466744519681411e-01,-7.329013746707728483e-02,-5.352080841565975966e-02,-3.028309616416940409e-01,-6.193395678529833859e-02,-4.137291280148422956e-01,-4.534781148269182993e-01,-4.701035005603533268e-01,-3.753833790091948286e-01,-1.420456507476086927e-01,2.365428866516611217e-01
5.211474529821157331e-01,2.358679512414102730e-01,3.277549136867483615e-01,2.180355298556893862e-01,1.573086087226768792e-01,4.768497154283956457e-02,4.928660896753717657e-01,2.516975410376425804e-01,1.436325337703147631e-01,3.662387890089122827e-02,7.540912073181833541e-01,2.297998110180851372e-01,0.000000000000000000e+00,3.115847169509243231e-01,2.911796929200844986e-01,3.068962702755306249e-01,-8.483467221683320403e-02,-6.301071420723342031e-02,4.269625709074584829e-01,2.540048783703606206e-01,6.785926184040759479e-02,-1.374670772785348619e-02,3.711108809005835840e-01,1.832339765624754757e-01,7.091373697610101057e-02,4.334654951043638571e-02,2.957001905515321133e-02,-3.214262170027216980e-02,5.129195194459879037e-02,-7.689711786883650368e-02,2.672273339423448246e-01,2.172287465978546550e-01,3.230225177288266747e-01,1.157090431927270263e-01,2.032340393471648160e-02,1.115213044147054383e-02,-3.859704472467344050e-01,3.064991571155457895e-02,-1.107694577600306374e-01,-1.006721100992312018e-01,2.178895554530072276e-01,-1.157482836235555618e-01,-3.939048623602648402e-01,-3.032500494429428706e-01,-1.606173618501392231e-01,-2.114290109213967095e-01,-3.762152761427598469e-01,-9.142392536156132565e-02,-9.985904837246388499e-02,-1.087320945914129339e-01,-1.301055724551010984e-01,-1.454940998088206094e-01,-3.872371283538796338e-01,-1.576099752314400748e-01,-3.145167619424327210e-01,-2.433581646779616192e-01,3.234792763436708518e-01,-8.135169157649216332e-02,3.759547196820583331e-02,-7.178487454049455041e-02,2.972792254880724516e-01,-7.370922526832606424e-03,3.944605068607969223e-01,2.330253744321909501e-02,-1.152099049125880192e-03,7.291185971389016474e-02,2.474658529770929968e-02,-1.498544964824877757e-01,9.623637179837324362e-02,2.412046498340914558e-01,3.415078998835344160e-01,7.761757217884845961e-02,2.793918674991916484e-01,4.125424973865873118e-02,3.003085867480356219e-01,2.893918988915363255e-01,1.299156487698909790e-01,1.834066344581210539e-01,-5.842429265199388516e-02,-2.205924363284769429e-01,8.861588013147113363e-02,-2.170717848745404854e-01,1.012465900065609992e-01,8.679983299272639279e-04,-4.836618542202298504e-02,-3.023082791030579086e-01,9.182260813877927974e-03,3.863455857654552600e-02,7.542167766968346787e-02,-9.996892157878379051e-03,-2.366810129681775898e-01,-8.885603156814179948e-02,-1.074089072638746284e-01,-1.107474831187666570e-01,-2.413129534231782392e-02,-8.706823753959359868e-02,-7.309707454740087262e-02,6.051188357207211432e-02,-2.087355477493258449e-01,-2.007744491428320177e-01,-1.979883785540058339e-01,-1.672254504016650600e-01,-2.199677286696866130e-01,-1.004037055523639976e-01,-7.712785160210830493e-02,-1.376334567052478475e-01,2.762212406882457588e-02,4.281287965116826327e-02,4.789216101761424593e-02,-5.427579430480083261e-02,-1.781358597892317847e-02,-1.982881754455358414e-01,-4.730889125377885085e-01,-1.187211386631256138e-01,-3.610904444842080729e-02,3.452702723913746441e-01
