0.000000000000000000e+00,7.881451360650609805e-01,4.532418785468519395e-01,3.772778050851244291e-01,-1.931677018633540244e-01,-1.964207515974797924e-01,4.723758881093882422e-01,-1.796773761115331297e-02,-2.822154698601367362e-01,-2.346217435989096933e-01,1.019348496358192940e-01,-4.566334510031726246e-02,1.950355243755306223e-01,8.244783055543143668e-02,-2.269225613298181399e-01,-1.725278162563117362e-02,-1.546315742437106289e-01,-1.096876536038250138e-01,5.854506456946244608e-01,6.458778318959739195e-01,-6.935966754546672719e-02,-3.064926940435229452e-02,2.045712498324321893e-01,3.308101345010947547e-01,-3.140533535904195817e-01,-3.312167657178605173e-01,1.086956521739130405e-01,1.948210375798739846e-01,-4.359310067473970984e-01,-5.772778050851244958e-01,-1.734751329371285455e-01,-8.482952768220206052e-02,3.894454622637293917e-01,2.859064301353947957e-01,-3.805800080432548138e-01,-2.876223245006479523e-01,-4.413825461370034509e-01,-3.637159837347513358e-01,-3.359890969212208089e-01,-1.458286786719692474e-01,-3.003038562938469269e-01,-2.507797488717100620e-01,-1.588900308324768806e-01,-2.428660798069618709e-01,-5.310335582465704196e-02,-7.900263640019661304e-02,-3.007194244604316502e-01,-3.008087939586219228e-01,-6.128960185888555900e-02,4.633808481165378051e-02,-2.438312703874167819e-01,-1.204388042361142080e-01,-2.736672773582376483e-01,-9.722507708119218495e-02,-4.675231243576567497e-01,-1.904195897940033078e-01,8.557084766969033085e-01,7.008847580320836101e-01,4.094329505339827646e-01,3.907323830376692175e-01,2.673756646856427777e-01,-9.192099736359980733e-02,1.168193395594083750e-01,-9.213995263416595305e-02,-2.904508691183698907e-03,-1.672550158630859152e-01,2.515081102819607395e-01,8.701908038786362876e-02,7.181688189820814028e-01,6.849457080298494427e-01,-4.450332901380758543e-01,-1.759327941373609316e-01,-4.237901604182492399e-01,-5.343268242548817604e-01,-4.754501988471334650e-01,-3.191206041378077396e-01,-5.599490593860315668e-01,-5.290406184369275122e-01,-3.515438580812368929e-01,7.046784932302605289e-03,-1.533669958443183434e-01,1.225211135439474575e-01,-4.737432414316993801e-01,-1.243487197819384271e-01,-3.390455337593279439e-01,-1.079672907636623630e-01,8.674650341838330281e-02,3.735198176862236652e-02,-3.013360739979444869e-01,4.906832298136645787e-02,-4.560927655391214808e-01,-1.943697216140131412e-01,-4.301756110639438635e-01,-1.235935475222306595e-01,-5.260958934715581625e-01,-4.507931542964386251e-01,-6.400688145136065321e-01,-5.296170517002547484e-01,-5.535591402654274074e-01,-4.860538898074087122e-01,-4.096608427543679265e-01,-2.688234505563251095e-02,-2.207381920550516019e-01,5.370659993744135441e-02,-3.567094150766343397e-01,-1.963760668483846561e-01,-7.279145627597301271e-02,2.010858394030117513e-01,-2.655927431967469721e-01,-4.739890075517225743e-01,-5.932615398364537995e-01,-5.745654408150497883e-01,-5.291746726842129211e-01,-4.974797801510344453e-01,-3.980740873139997360e-01,-3.868492783413021163e-01
7.881451360650609805e-01,0.000000000000000000e+00,4.087090575986415675e-01,4.280486170070155194e-01,-2.549264935877385008e-01,-2.841950042450511540e-02,3.549890522364717027e-01,2.520666696456499295e-02,-2.950846775995352722e-01,-9.738147370302516204e-02,-2.482729344474730870e-01,-1.064971625184324561e-01,2.103311139907949531e-02,4.930068367666115559e-02,-3.213324992180168760e-01,1.578444077036507409e-01,-1.900799857008802773e-01,-4.996201796326913552e-02,6.627373877295679172e-01,6.674382233343759685e-01,-1.418740783770499128e-02,-1.341436167835917577e-02,2.585861745386299759e-01,3.917556637919478169e-01,-3.260824880468295994e-01,-3.390991554582420964e-01,9.966039590687698901e-02,1.988203226238884624e-01,-5.348272934447473315e-01,-5.658563832164081875e-01,-8.594664640958041280e-02,5.366638366325573312e-02,3.689440993788820067e-01,3.286250502703427223e-01,-5.383127038741677417e-01,-3.115912239152777152e-01,-5.307699182269091098e-01,-2.778408329237231356e-01,-2.855534206175432410e-01,7.230439251083604912e-02,-4.037311765494436822e-01,-1.778631752982706982e-01,-1.363867911881674888e-01,-2.419277000759640639e-01,-4.765628490996023231e-02,-1.050404396979311011e-01,-3.290808347111131016e-01,-3.466285356807721763e-01,-1.279592475088252301e-01,2.073372358014209833e-03,-3.589749318557576285e-01,-1.592430403503284353e-01,-2.655435899727422999e-01,-1.691764600741766864e-02,-4.954689664417534223e-01,-9.024978774744180088e-02,7.404531033558247044e-01,8.603601590777067987e-01,2.433352696724608022e-01,3.711559944590910876e-01,-4.231645739309173454e-02,2.680191250726127183e-02,-1.217301934849635836e-01,-5.205326422092140110e-02,-2.315250904866169301e-01,-2.059430716296528074e-01,1.689798471781580880e-01,5.799186737566468242e-02,6.611063943875955529e-01,7.388444523883997972e-01,-4.779346708968228996e-01,-2.340095625363063647e-01,-5.150855712945171527e-01,-5.724384467581214997e-01,-4.756468117431520426e-01,-1.824120827561553360e-01,-5.313776308146029859e-01,-4.267080745341614856e-01,-3.568970910228339011e-01,1.074534161490683232e-01,-2.862817820277939185e-01,2.446490012958577320e-01,-4.612672594843379992e-01,2.693149827963715881e-02,-4.941641717681755086e-01,-1.708744805397917690e-02,8.303320076857768905e-02,2.200723892935341208e-01,-3.516868492783413180e-01,1.581884802716832794e-01,-5.289959336878323759e-01,-6.613342866079806315e-02,-5.090665355914026913e-01,-6.191518834621743267e-02,-4.525447964609678464e-01,-3.405022565798292988e-01,-5.620849903927789271e-01,-3.849188971803923498e-01,-5.978819428928906499e-01,-4.344564100272577112e-01,-4.418740783770498948e-01,1.207247866303230721e-01,-2.392689575048036199e-01,1.565306760802538111e-01,-4.387863622145761755e-01,-2.127440904419321821e-01,-1.615666473032753847e-01,2.622413870146119153e-01,-1.278385986862683732e-01,-3.420930336476160627e-01,-5.855444836677241582e-01,-5.491755663791947351e-01,-4.607623218195630033e-01,-5.471021940211805434e-01,-4.848652754814781751e-01,-5.293355377809553231e-01
4.532418785468519395e-01,4.087090575986415675e-01,0.000000000000000000e+00,5.380803431788730995e-01,1.302202958130390109e-01,1.853121229724295216e-01,8.664640958041021079e-01,2.991867375664685746e-01,2.875642343268242640e-01,3.300728361410250611e-01,1.183430895035524344e-01,-3.009249743062692439e-01,2.475132937128557975e-01,-1.617498547745654380e-01,8.998167925287099689e-02,2.105277268868135376e-01,-4.330220295813039244e-01,-6.215514544885830661e-01,6.751418740783770023e-01,2.545198623709727936e-01,-2.049912864739264484e-01,3.406273738772956916e-01,4.365029715358147988e-01,4.497475311676125131e-01,3.978730059430716365e-02,-1.757004334420662200e-02,-1.148844899235890865e-02,4.511953170382948519e-01,-3.428169265829572598e-01,-4.830421377183967135e-01,5.294517181286026997e-01,5.910362393315161667e-01,-2.691809285490862069e-02,2.202913445641002665e-01,-3.188301532686894091e-01,-6.097993654765628824e-01,-1.694043522945618552e-01,9.757808659904373960e-02,9.126413155190134241e-02,1.241118906117342213e-01,-4.643147593726261180e-01,-1.150051387461459435e-01,-6.805934134679834102e-01,-2.841860672952321587e-01,-5.877921265472094703e-01,-5.787568702801734188e-01,-7.212118503954599857e-01,-5.936145493543053542e-01,-2.171455382278028590e-01,-2.808079002636399979e-01,-2.401715894365253068e-01,-4.613387550828901840e-01,-3.769605433665489946e-01,-2.007328298851601966e-01,-5.358684480986639631e-01,-3.635729925376469107e-01,2.040707806425667015e-01,1.877206309486572355e-01,-2.485231690424058171e-01,1.819116135662898412e-02,-1.624603422851780554e-01,-1.185039546002949196e-01,-2.985075293802225138e-01,-7.031770856606640585e-01,-3.066490906653558945e-01,-3.877519102730238032e-01,-4.615845212029134337e-01,-5.666741141248491376e-01,2.598284105634746655e-01,4.379239465570400891e-01,1.462531837883730146e-01,1.715268778765807189e-01,-3.426873408105813312e-01,-3.926270163993029194e-01,-2.704767862728451044e-01,5.498011528665266295e-02,-4.114437642432637876e-01,-3.536931945127128052e-01,-4.467849323026051311e-01,-4.264220921399526354e-01,-4.296349255998927474e-01,-2.050717190222976771e-01,-5.241521068859198579e-03,2.118950802091246199e-02,-3.635863979623754627e-01,-5.309441887483801886e-02,2.588185352339246736e-01,4.503552437553063337e-01,-3.547522230662674553e-02,-1.970865543589972735e-01,-2.437687117386835856e-01,-2.816166942222619318e-01,-2.290450869118370036e-01,1.761294070333795092e-01,-2.009249743062692661e-01,-2.167210331113990918e-01,-4.346351490236382564e-01,-1.746324679386925260e-01,-2.611778899861477155e-01,-1.857142857142857206e-01,-1.067608025380937520e-01,2.473390231913847881e-01,1.675141874078377169e-01,3.648733187363152886e-01,-1.535859511148844891e-01,-1.555699539747084359e-01,-2.020242191340095583e-01,2.242236024844720399e-01,-1.690870905759864207e-01,-1.834666428348004918e-01,-4.398543277179498556e-01,-5.105187899369945104e-01,-5.651324902810670459e-01,-3.846463202109119961e-01,-3.643102908977166043e-01,-1.622324500647928935e-01
3.772778050851244291e-01,4.280486170070155194e-01,5.380803431788730995e-01,0.000000000000000000e+00,-2.824076142812458057e-02,3.404084186067295181e-02,5.783189597390410164e-01,7.326690200634523586e-01,-1.138209928951249006e-01,1.215246436391259621e-01,-1.099825729478528941e-01,1.003306671433039921e-01,7.838598686268376248e-02,2.696367129898565862e-01,-1.792662764198579006e-01,-3.348228249698378262e-02,-3.575450198847133221e-01,-2.309531256981992020e-01,5.717815809464229515e-01,6.677152687787658580e-01,-7.944948389114794840e-02,-8.040126904687430742e-02,7.463068054872872281e-01,7.017784530139863364e-01,-1.683274498413691450e-02,-2.466598150051387342e-02,-1.431252513517136671e-01,-1.781178783681129640e-01,-3.505295142767773098e-01,-1.565128021806157510e-01,2.142186871620715971e-01,2.930023682917020644e-01,3.146342553286563537e-01,5.353947897582554960e-01,-4.675097189329281977e-01,-2.957996335850573977e-01,-4.669645649939675458e-01,-2.960722105545377514e-01,-3.100808793958622078e-01,-3.320389651012109478e-01,-3.125251351713659864e-01,-1.963939407480226884e-01,-1.933285669600965095e-01,-3.353545734840698844e-01,-2.545824210197059623e-01,-3.353590419589794203e-01,-3.379820367308637441e-01,-4.068054872871889049e-01,-2.873095312569819981e-01,-3.209392734259797209e-01,-2.692658295723669437e-01,-3.945752714598507738e-01,-4.103400509406139596e-02,-6.536931945127127941e-02,-3.206488225568613348e-01,-3.731221234192769742e-01,2.385361276196434066e-01,2.748782340587157536e-01,-2.486706287144197780e-01,-1.365789356092765583e-01,-3.154832655614638881e-01,-1.064390723446087886e-02,-2.849144287054828362e-01,-7.554850529514277324e-02,-4.082711470575092760e-01,-3.713838866794763049e-01,-3.295991778006166495e-01,-3.856338531659144753e-01,2.314178470887885974e-01,1.869475847893114218e-01,-1.753340184994861273e-01,-3.239063407658965832e-01,-3.704231645739309298e-01,-1.162741856204477370e-01,-2.241699807855578874e-01,-2.766477501228830627e-01,-3.714955985522141457e-01,-4.158139327047678524e-01,-2.308816300996469895e-01,-9.872648465078869007e-02,-2.718843558693417872e-01,-1.256177666562402206e-01,-9.986147727780508854e-02,-1.436078466419410948e-01,-2.336029313195406298e-01,-2.435944412172125761e-01,-1.077349300683676583e-02,6.077125876938201110e-02,4.496179453952366123e-02,-1.592653827248760035e-01,-7.962822288752847977e-02,-8.261316412708342993e-02,5.344295991778005850e-03,-1.653961303007283612e-01,-2.758568300638992166e-01,-2.512355333124804413e-01,-2.705482818713972892e-01,-3.026140578220653521e-01,-2.091156888154072913e-01,-2.349658161669422318e-01,-1.100764109209526748e-01,-1.850529514276777199e-01,-9.376200902631931511e-02,-1.187407837704991254e-01,-1.871978193842441518e-01,-3.930828008400732987e-01,-8.745699092899593408e-02,-1.557531614459984892e-01,-2.589704633808481149e-01,-2.847669690334688752e-01,-3.217614728093301513e-01,-1.889181822244068165e-01,-2.406005630278386098e-01,-1.938066937754144570e-01,-1.947316680816837120e-01,-3.154028330130926316e-01
-1.931677018633540244e-01,-2.549264935877385008e-01,1.302202958130390109e-01,-2.824076142812458057e-02,0.000000000000000000e+00,5.943831270387416321e-01,7.703650744001072810e-03,3.609187184413959609e-02,5.852182849993297076e-01,6.278922203851825534e-01,3.904508691183699032e-01,1.679565664238795164e-01,2.867196925689262099e-01,5.954242816926583193e-02,6.451539389606327779e-01,5.797488717100853783e-01,2.101836543187809991e-01,-8.320300281513919038e-02,-2.182313776308145992e-01,-6.077572724429152612e-02,4.778855176728182830e-01,3.475892577863175514e-01,4.832655614638723535e-02,2.183028732293668117e-01,6.182671254300906583e-01,7.347468608963760861e-01,5.076679029447249691e-01,2.924929621520175327e-01,5.383752625229009103e-01,3.912015729031681488e-01,5.099334197238482025e-01,3.323428213950578858e-01,-4.147549041512131884e-01,-3.456320657759506809e-01,4.765181643505071729e-02,-2.673488538361857084e-02,2.953125698199204341e-01,4.235220519236784775e-02,3.761696233075651485e-01,1.710710934358103674e-01,3.930425845658876427e-01,-8.734974753116761526e-02,-5.221815094508244215e-01,-4.064614147191563664e-01,-5.992090799410161317e-01,-5.607355109701058771e-01,-3.655838062469279337e-01,-4.471066624960901015e-01,-4.453416149068322727e-01,-5.431252513517136338e-01,-4.127083426426560453e-01,-5.072210554537736060e-01,-4.068367666115554893e-01,-3.194602082309307978e-01,-1.239376200902631980e-01,-9.192993431341882349e-02,-2.587649135350105212e-01,-2.440323517583448676e-01,-2.576120470083560487e-01,-1.860583582823182314e-01,-2.245900174270521465e-01,-2.143393359846284540e-01,-1.518834621743598949e-02,-1.787434648554448446e-01,-1.340542472854014963e-03,-3.780553197193797788e-01,-3.599177800616649714e-01,-1.993610080879395785e-01,-2.542964386254971121e-01,-2.119352964833102482e-01,4.423611421421868584e-01,5.259931185486393934e-01,4.297555744224496044e-01,3.065060994682514695e-01,2.875061441530005757e-01,6.696009651905804327e-02,2.325796505652620860e-01,1.495285758970463508e-01,2.024040395013181892e-01,-8.651414272308860509e-02,1.314759372626122802e-01,-1.226953840654184669e-01,3.573484069886947445e-01,3.007551722597077704e-01,-2.813351803029625828e-02,-1.002725769694803176e-01,3.600831136333169646e-01,4.086599043746369508e-01,-2.397068680459359113e-01,4.259797131239108359e-02,-3.285312122972429694e-01,-2.625452433084587978e-01,-3.478752401805264016e-01,-4.397426158452120287e-02,3.516779123285223019e-01,3.219983019795343848e-01,1.092095267885070803e-01,2.044193216855087480e-01,-6.702712364270074601e-03,-2.984941239554939757e-02,4.005094061396845262e-02,2.808481165378256539e-01,1.551186380088475925e-01,2.408999508467759842e-01,-3.152955896152643406e-02,1.983287903838419908e-01,2.421913400956253737e-01,3.020376245587381159e-01,4.169131775325081724e-01,9.343134188301532861e-02,-6.973501943786585000e-02,-1.951025514991733267e-01,-9.049108539255551475e-02,-7.221055453773626842e-02,-9.278788149604540181e-02,3.078332365163769513e-01
-1.964207515974797924e-01,-2.841950042450511540e-02,1.853121229724295216e-01,3.404084186067295181e-02,5.943831270387416321e-01,0.000000000000000000e+00,6.571339201930381790e-02,7.256356405558782308e-02,4.424639170651056830e-01,6.403503284329058465e-01,7.246972608248804237e-02,-4.857232226641047465e-03,9.359220697975781378e-02,-1.009294427811787825e-01,3.898654989052236508e-01,5.718128602707895913e-01,8.481165378256400739e-03,-2.213146253183788381e-01,5.363957281379864994e-02,-4.270521471021940241e-02,3.796282228875285103e-01,3.925242414763840948e-01,7.242950980830242802e-02,2.030787792126547142e-01,4.868716207158496623e-01,5.093927342597971419e-01,4.734349166629429617e-01,5.208722463023369720e-01,2.343491666294293674e-01,1.375396577148219335e-01,4.684480986639260047e-01,4.885607042316457149e-01,-4.139639840922293423e-01,-1.964922471960320050e-01,-1.704589123732070111e-01,-2.325394342910764578e-01,1.214352741409357034e-01,1.016488672416104438e-01,3.060860628267572103e-01,3.232494749541981460e-01,-2.234237454756691425e-04,-3.902319138478037297e-02,-4.890522364716922143e-01,-3.375798739890075728e-01,-5.067652710130032823e-01,-4.496268823450556562e-01,-4.075651280218061667e-01,-3.153849591134545993e-01,-2.836587872559095391e-01,-3.406675901514812921e-01,-2.633406318423521797e-01,-3.417668349792216120e-01,-1.371687742973323187e-01,-6.155324187854685491e-02,-1.751865588274721941e-01,-9.789087984270967990e-02,-2.236158898967782194e-01,-8.629965592743196745e-02,-3.708342642656061727e-01,-2.323696322445149565e-01,-4.342553286563295978e-01,-9.753787032485812525e-02,-3.174449260467402389e-01,-3.015192814692345680e-01,-2.918182224406810077e-01,-3.173555565485499663e-01,-3.845077974887171068e-01,-3.448277402922382828e-01,-1.095670047812681569e-01,-1.851289155011394752e-02,4.117252781625631020e-01,4.882076947137941603e-01,2.067697394879127737e-01,1.842396889941463056e-01,1.437016846150408755e-01,3.027793913937173453e-01,1.257428839537066134e-01,9.709549130881629797e-02,3.854953304437195444e-02,-1.483220876714777259e-01,-9.640287769784172678e-02,-9.236337637964163461e-02,2.733142678403860937e-01,2.555073953259752173e-01,-1.404665087805531953e-01,2.359801599714017595e-02,2.907457884623977917e-01,4.116314401894633490e-01,-1.661378971357075837e-02,1.364314759372626251e-01,-2.027213012198936515e-01,-2.492649358773850465e-01,-2.770722552392868576e-01,-4.506456946244246503e-02,1.779212654720943865e-01,1.660083113633316898e-01,2.789222038518253746e-02,7.028911032664551806e-02,-1.629474060503150190e-01,-1.981634568121899975e-01,2.463023370123776715e-02,2.609678716654005859e-01,1.587470396353724555e-01,2.576880110818177694e-01,-8.856517270655525631e-02,-7.626346128066491259e-02,-1.076991822690915590e-01,1.853836185709817341e-01,2.860941060815943571e-01,1.587559765851914717e-01,-2.140176057911434837e-01,-2.344474730774386839e-01,-2.128066490906653507e-01,-2.378211716341212811e-01,-2.526118235846105953e-01,-6.537825640109030945e-02
4.723758881093882422e-01,3.549890522364717027e-01,8.664640958041021079e-01,5.783189597390410164e-01,7.703650744001072810e-03,6.571339201930381790e-02,0.000000000000000000e+00,4.219223379060726420e-01,2.543679342240493524e-01,2.242906296081147444e-01,1.768175521694445584e-01,-1.412395549398990091e-01,3.856383216408240111e-01,-7.417668349792215466e-04,-1.018365431878100018e-02,1.937128558023146763e-01,-3.531525090486616891e-01,-5.266946691094329669e-01,6.071227490057643505e-01,3.448188033424192112e-01,-2.839715804995754933e-01,7.116046293400062062e-02,5.288708163903659276e-01,5.048795746011885965e-01,5.630278385986862977e-02,-4.647213905893918771e-03,-7.710800303856293891e-02,2.611957638857858033e-01,-3.002457661200232386e-01,-5.182671254300906805e-01,4.349926270163992914e-01,4.697707672371419507e-01,1.596094552929085419e-01,2.973725367532061292e-01,-3.164350507171902471e-01,-4.821082264623083868e-01,-2.545690155949774103e-01,-3.362080521917869269e-02,-1.482550605478350214e-01,-5.359488806470351363e-02,-4.298226015460923088e-01,-2.754055140980383176e-01,-6.159747978015103209e-01,-3.678314491264131347e-01,-5.113231154207069640e-01,-4.803610527726887014e-01,-6.462844631127395711e-01,-4.964475624469368853e-01,-3.008311363331694910e-01,-2.688681353054202527e-01,-3.058983868805576489e-01,-3.817775593190044225e-01,-3.605165556995397202e-01,-3.577907860047365579e-02,-5.146610661781133578e-01,-2.659010679655033904e-01,2.259126860002681203e-01,1.006523973367889485e-01,-3.062603333482282753e-01,-7.090129138924884666e-02,-9.382456767505251150e-02,-7.085660664015371035e-02,-2.088475803208365011e-01,-5.640958041020599500e-01,-2.121363778542383616e-01,-2.649180034854104471e-01,-3.872827204075249274e-01,-4.821841905357701630e-01,2.371240895482371880e-01,3.083515796058804992e-01,3.026498056213414514e-02,1.833906787613387435e-01,-2.379954421555922905e-01,-3.753563608740336788e-01,-3.451896867599088536e-01,-6.791635014969391038e-02,-4.377586129853880959e-01,-3.822601546092318503e-01,-3.682380803431788974e-01,-3.554939899012466986e-01,-4.384467581214531728e-01,-7.161624737477098601e-02,-1.737030251575137352e-01,4.718709504446132186e-03,-4.119487019080387835e-01,5.389427588364091581e-02,1.377273336610214949e-01,3.073997944501541402e-01,-9.485678537915009922e-02,-3.359399436972161646e-02,-2.360427186201349559e-01,-6.210733276732650909e-02,-1.472451852182850018e-01,2.422717726439966024e-01,-2.549577729121050851e-01,-2.459940122436212462e-01,-4.272085437240270012e-01,-2.002859823942088613e-01,-2.750614415300058346e-01,-2.472854014924706079e-01,-2.391259663076991948e-01,1.290540238616560142e-01,-2.917020420930336450e-02,2.223468430224764258e-01,-2.672684212878144727e-01,-1.796148174627999472e-01,-2.508199651458957180e-01,1.411904017158943647e-01,-2.355824657044550685e-01,-2.360605925197729882e-01,-3.997765762545243406e-01,-4.450109477635282862e-01,-5.397649582197595608e-01,-3.307967290763662582e-01,-2.843648062916126484e-01,-1.341034005094061399e-01
-1.796773761115331297e-02,2.520666696456499295e-02,2.991867375664685746e-01,7.326690200634523586e-01,3.609187184413959609e-02,7.256356405558782308e-02,4.219223379060726420e-01,0.000000000000000000e+00,-5.117744313865677658e-02,1.399034809419545111e-01,9.415076634344697951e-03,3.034541311050538703e-01,1.076410920952678846e-01,4.261584521202913534e-01,-3.896956968586621356e-02,-2.327181732874569753e-02,-3.483399615711157971e-01,-2.014880021448679503e-01,2.560748916394834374e-01,3.451181911613566133e-01,-5.558782787434648348e-02,-2.166361320881183272e-01,7.022655167791233000e-01,5.788060235041779800e-01,2.340810581348585773e-01,1.795075740649716145e-01,-4.864381786496269067e-02,-2.904776799678269739e-01,-1.479512042539881111e-01,1.270655525269225594e-01,3.615800527280039200e-01,3.775325081549666950e-01,2.321193976495821987e-01,5.045086911836990096e-01,-1.879485231690423974e-01,1.808391795880066183e-02,-2.951114884489923762e-01,-3.138478037445819879e-01,-3.132356226819786316e-01,-3.918673756646856576e-01,-1.719915992671701144e-01,-1.837839045533759263e-01,-1.520979489700165221e-01,-4.004825952902274500e-01,-2.280977702310201527e-01,-2.605791143482729111e-01,-2.599177800616649381e-01,-2.773314267840386038e-01,-2.723267348853836145e-01,-3.618079449483891374e-01,-1.554582421019705951e-01,-4.182626569551812223e-01,2.102864292416997960e-01,-7.066893069395414895e-02,-1.037043656999865893e-01,-4.240806112873676259e-01,-1.326511461638142930e-01,-9.806515036418070319e-02,-4.192233790607265975e-01,-3.361812413423298507e-01,-3.860583582823182702e-01,6.306805487287188428e-02,-4.150676973948791426e-01,-5.327762634612806525e-02,-3.217525358595111351e-01,-2.111309709995978501e-01,-4.330488404307609729e-01,-3.351579605880513069e-01,4.912194468028061728e-02,-1.964609678716653929e-01,1.151525984181598766e-01,-1.324858125921622998e-01,-2.254792439340453161e-02,2.278743464855444711e-01,1.479288618794405430e-01,-1.892533178426203111e-01,-8.532552839715805415e-02,-2.231511685061888239e-01,1.196702265516779162e-01,-1.788060235041780133e-01,-2.583895616426113984e-01,-3.286563295947093066e-01,7.672371419634478953e-03,-1.939720273470664502e-01,-1.197551275749586617e-03,-3.727512400017873873e-01,9.062067116493141561e-02,-1.475445730372224040e-01,2.591045176281335238e-01,-2.210822646230841404e-01,2.052683319183162824e-01,3.034094463559587184e-03,2.657267974440323255e-01,-1.289289065641896492e-01,-8.020912462576522406e-02,-7.512400017873899216e-02,-5.977925733947003772e-02,-2.365699986594575199e-01,-1.168238080343178831e-01,-1.822646230841413750e-01,1.971937977568256062e-01,-3.542160060771258889e-01,3.829482997452969550e-02,-3.651190848563385383e-01,-5.431878100004468302e-02,-5.280620224317440492e-01,7.102640868671522556e-02,-3.821216318870369610e-01,-1.600071495598552329e-01,-1.189105858170606406e-01,-8.868582152911211325e-02,7.098619241252959733e-02,1.699361008087939620e-02,7.490057643326332448e-02,6.443540819518298046e-03,-1.271906698243889244e-01
-2.822154698601367362e-01,-2.950846775995352722e-01,2.875642343268242640e-01,-1.138209928951249006e-01,5.852182849993297076e-01,4.424639170651056830e-01,2.543679342240493524e-01,-5.117744313865677658e-02,0.000000000000000000e+00,7.100138522722194701e-01,3.720899057151794143e-01,-3.780776620939273192e-02,5.012690468743018490e-01,-3.177085660664015314e-03,5.399794450154162817e-01,5.290227445372893689e-01,2.556057017739845616e-01,-1.362259260914250036e-01,-1.493230260512087293e-01,-2.974797801510344342e-01,2.415210688591983706e-02,2.225300504937664792e-01,-1.298538808704589181e-02,-3.699897225077081273e-03,5.577729121050984951e-01,6.101389695696858295e-01,3.608740336923008107e-02,2.633763796416282998e-01,5.256043612315116631e-01,1.599490593860315446e-01,5.811072880825773890e-01,4.872112248089727204e-01,-4.029000402162741801e-01,-3.302605120872246225e-01,9.981232405380044415e-02,-1.893784351400866761e-01,4.701014343804459372e-01,5.082979579069663023e-01,3.478707717056168658e-01,2.731221234192769964e-01,1.890701103713302578e-01,5.343849144287055042e-02,-5.468966441753430052e-01,-1.838777425264757071e-01,-5.456186603512220845e-01,-4.525760757853344862e-01,-4.449662630144331499e-01,-3.386165601680146686e-01,-3.126234416193753307e-01,-2.980606818892712062e-01,-2.466106617811341106e-01,-2.213950578667500668e-01,-4.168863666830510684e-01,-4.595826444434514269e-02,-2.093167701863354047e-01,-1.329818133071182865e-02,-3.643013539478975882e-01,-3.704723177979355464e-01,-5.046472139058939543e-01,-3.559855221412931980e-01,-2.765807229992403582e-01,-2.492962152017516309e-01,5.174493945216497581e-03,-4.034451941552348320e-01,-4.859466464095803934e-02,-2.013226685732159571e-01,-5.671343670405291082e-01,-4.626346128066490815e-01,-4.364180705125340620e-01,-2.469413289244380971e-01,5.384646320210911830e-01,6.733276732651146679e-01,3.848608070065686615e-01,1.638053532329415973e-01,3.964877787211224663e-02,3.742347736717458462e-01,2.714955985522141124e-01,3.310916484203941246e-01,5.594530586710755315e-02,-1.804906385450645578e-01,9.160373564502435331e-04,5.203985879619285604e-02,3.271683274498413674e-01,3.371821797220608818e-01,-8.352026453371463877e-02,2.138031189954868461e-01,1.915769247955672605e-01,4.936547656284909769e-01,-1.065641896420751605e-01,3.421958085705349012e-02,-1.409312301711425908e-01,-2.049242593502837578e-02,-1.545377362706108482e-01,3.244514947048572351e-01,2.369364136020376266e-01,1.560793601143929676e-01,3.522945618660350969e-02,2.803253049734125701e-01,1.577103534563653320e-01,6.040037535189239637e-02,-8.801108181777558825e-02,3.364046650878055322e-01,-1.403101121587202287e-02,3.228383752625229031e-01,-4.093123017114258522e-03,2.610661781134098747e-01,-1.497609365923410207e-01,2.131105053845122610e-01,1.201215425175387597e-01,7.267974440323517193e-02,-3.484516734438536378e-02,-1.408061128736762257e-01,-2.415612851333839850e-01,1.156441306582063622e-02,4.128423968899414681e-02,3.401671209616157765e-01
-2.346217435989096933e-01,-9.738147370302516204e-02,3.300728361410250611e-01,1.215246436391259621e-01,6.278922203851825534e-01,6.403503284329058465e-01,2.242906296081147444e-01,1.399034809419545111e-01,7.100138522722194701e-01,0.000000000000000000e+00,1.281647973546628516e-01,-6.935073059564771103e-02,2.154653916618258225e-01,-1.838330577773805707e-02,4.362706108405201566e-01,6.797354662853568597e-01,1.018276062379909752e-01,-2.634210643907234362e-01,8.166137897135707091e-02,-6.268823450556325338e-02,2.038071406229053917e-01,4.284954644979668270e-01,7.572277581661379653e-02,2.133339291299879426e-01,3.958175074846954633e-01,5.143572098842664753e-01,8.798873944322802010e-02,3.347781402207426482e-01,3.784887617856025899e-01,1.642253898744358565e-01,6.117520890120201615e-01,5.893873720899057700e-01,-2.838285893024710682e-01,-1.311497385942178018e-01,-2.378703248581259255e-01,-2.642924169980785387e-01,2.053755753161445874e-01,3.064167299700611968e-01,2.772867420349434675e-01,2.073863890254256104e-01,7.101300326198668744e-02,-2.436659368157647818e-02,-5.637517315340274671e-01,-2.509227400688144871e-01,-5.514098038339514396e-01,-5.376156217882837041e-01,-4.805219178694311588e-01,-4.747218374368827876e-01,-3.619017829214888904e-01,-4.587693820099200126e-01,-3.957057956119576225e-01,-4.204253988113856866e-01,-4.895035524375530578e-01,-2.878680906206711465e-01,-3.361812413423298507e-01,-1.625050270342731917e-01,-3.332677957013271408e-01,-2.717324277224183460e-01,-4.881942892890656638e-01,-2.393583270029938648e-01,-4.108896733544841195e-01,-1.325796505652620805e-01,-1.847267527592832692e-01,-3.958890030832477036e-01,-3.126636578935609312e-01,-4.216631663613208958e-01,-5.368738549533044191e-01,-4.280039322579203831e-01,-3.220563921533580731e-01,-1.275928325662451512e-01,5.131462531837883700e-01,6.122034049778810605e-01,2.879798024934089873e-01,1.843245900174270424e-01,8.712185531078242562e-02,3.978104472943384540e-01,2.259082175253585845e-01,3.203717771124715008e-01,-1.450913803118995468e-02,-1.749988828812726327e-01,-1.443540819518298324e-01,-6.325573081907144568e-02,3.262880378926672487e-01,3.852227534742392323e-01,-3.399749765405067348e-01,4.083292372313329643e-02,1.587068233611868273e-01,5.261227043210152665e-01,-1.724786630323070780e-01,5.477009696590553339e-02,-2.049689440993788803e-01,-1.021806157558425299e-01,-1.848027168327449898e-01,1.048527637517315397e-01,2.453773627061084095e-01,1.951874525224540913e-01,2.957683542606908203e-02,2.201751642164529177e-01,8.321640823986772850e-02,4.195004245051164177e-02,-8.630859287725099749e-02,3.834532374100719232e-01,1.057151794092676123e-01,3.684927834130211632e-01,-4.147191563519370822e-02,1.931408910138969481e-01,-8.892711917422584100e-02,3.208052191786943119e-01,2.309531256981992020e-01,7.406050315027480624e-02,-8.830153268689396040e-02,-1.712989856561955293e-01,-1.669645649939675569e-01,-1.277849769873542207e-01,-1.410697528933375078e-01,1.594262478216184886e-01
1.019348496358192940e-01,-2.482729344474730870e-01,1.183430895035524344e-01,-1.099825729478528941e-01,3.904508691183699032e-01,7.246972608248804237e-02,1.768175521694445584e-01,9.415076634344697951e-03,3.720899057151794143e-01,1.281647973546628516e-01,0.000000000000000000e+00,3.188301532686894091e-01,6.383529201483533200e-01,2.692032709236337751e-01,6.664328164797355125e-01,1.163501496939094715e-01,1.249966486438178620e-01,6.489566111086286782e-02,-2.737655838062469371e-01,-8.688502614057821982e-02,2.143884892086330984e-01,1.454399213548416003e-01,3.891147951204253913e-02,9.076813083694534878e-02,5.125117297466375010e-01,5.048751061262790607e-01,2.755395683453237266e-01,6.814424237007908614e-02,4.905849233656552899e-01,2.309709995978372621e-01,3.246302337012377803e-01,1.663389785066356763e-01,-2.104338889137137569e-01,-3.009830644800929322e-01,1.349658161669422263e-01,5.903302202958130712e-02,2.740292238259082191e-01,-9.319898118772063089e-02,1.786451584074355559e-01,-1.375664685642790097e-01,2.686447115599445712e-01,-4.320121542517538910e-02,-2.340363733857634410e-01,-1.934089995084677660e-01,-2.155636981098351113e-01,-2.318110728808257803e-01,-1.668975378703248524e-01,-2.007730461593458249e-01,-2.812100630054962247e-01,-2.718888243442513231e-01,-1.903346887707225432e-01,-2.438491442870548420e-01,-1.842084096697796936e-01,-3.897135707583002096e-01,7.183520264533714561e-02,-1.420349434737923910e-01,-3.473792394655703802e-02,-3.223245006479288355e-01,-2.925957370749363365e-02,-1.847580320836498535e-01,1.273068501720362733e-01,-4.123419277000759386e-01,2.426337191116672010e-01,-1.714866616023950907e-01,2.875284865275481438e-01,-1.124402341480852524e-01,-1.040618436927476659e-01,-3.853612761964341632e-02,-7.405156620045579008e-02,-2.282362929532150697e-01,3.535502033156083801e-01,3.046472139058939432e-01,3.204298672862951891e-01,1.609812770901291323e-01,2.104964475624469256e-01,-2.115152598418159891e-01,2.408597345725903838e-01,1.206756334063184277e-01,1.718664819697037494e-01,-3.478350239063407456e-01,1.194199919567451584e-01,-3.700969659055364236e-01,1.749005764332633162e-01,-6.931945127128111284e-02,1.786272845077974958e-01,-3.165288886902900001e-01,3.158139327047678746e-01,9.298896286697350827e-03,-8.562491621609544246e-02,-3.815943518477143970e-01,-1.416327807319361920e-01,-3.663881317306403318e-01,-1.285133383976048982e-01,-1.129853880870458904e-01,1.104115465391661832e-01,8.903883104696366790e-02,2.791903123463961717e-02,-5.512757495866661001e-02,-8.490102328075428337e-05,-1.596273291925465743e-01,5.045801867822512221e-02,-1.361678359176013153e-01,-3.421511238214397510e-02,-1.432593055989990483e-01,-1.412350864649895010e-01,-9.108092408061128908e-02,7.371643058224228162e-02,-6.827829661736449160e-03,1.491487555297376921e-01,-6.114661066178113391e-02,4.202153804906385431e-02,-1.704499754233879949e-01,-1.402207426605299734e-01,-7.876580722999240725e-02,-1.072836141025068080e-01,1.195227668796639692e-01
-4.566334510031726246e-02,-1.064971625184324561e-01,-3.009249743062692439e-01,1.003306671433039921e-01,1.679565664238795164e-01,-4.857232226641047465e-03,-1.412395549398990091e-01,3.034541311050538703e-01,-3.780776620939273192e-02,-6.935073059564771103e-02,3.188301532686894091e-01,0.000000000000000000e+00,3.843692747665221621e-01,7.251798561151079348e-01,1.887528486527548233e-01,8.036552124759820115e-02,2.762411189061173555e-01,4.864828633987220430e-01,-3.204075249117476210e-01,2.028955717413646609e-01,2.639930291791411365e-01,-2.918271593905000239e-01,2.009383797309978181e-01,2.203851825372000472e-01,3.875597658519147615e-01,4.197953438491442979e-01,1.476428794852316928e-01,-3.490147012824523221e-01,2.948031636802359579e-01,4.659010679655033460e-01,1.500067027123642635e-02,-3.448322087671477909e-02,7.536529782385271992e-02,3.144912641315519147e-02,1.828053085481924911e-01,2.827829661736449562e-01,-4.568568747486483062e-02,-3.018142008132624343e-01,-1.789445462263729303e-01,-3.403726708074534257e-01,3.332275794271415403e-01,-1.315161535367978807e-01,3.799097368068278524e-02,-2.979981232405379821e-01,2.591715447517762075e-03,3.530988873497475228e-02,3.217301934849636086e-02,-6.633897850663568463e-02,-1.540685464051119447e-01,-7.759059832879038054e-02,-8.907011037133026610e-02,-7.480673846016354378e-02,1.215067697394879159e-01,-3.410340050940614126e-02,1.139237678180436975e-01,-2.457661200232360513e-03,-6.864918003485410980e-02,-4.690111265025247167e-02,3.144912641315519147e-02,-1.321283345994012370e-01,-5.436793422404933435e-02,3.863443406765271204e-02,1.525224540864203171e-01,4.350685910898610120e-01,2.054694132892443681e-01,1.119174225836721964e-01,1.644398766700925010e-02,1.876491353501050230e-01,-1.276911390142544400e-01,-3.401090307877921437e-01,-6.990035300951785713e-02,-1.082264623084141369e-02,1.997676393047053134e-01,3.971714553822780491e-01,1.221993833504624871e-01,-2.264980562134143727e-01,9.089771660932123576e-02,5.033736985566825833e-02,2.513740560346753861e-01,1.219536172304392513e-01,1.140042003664149400e-01,-1.517494079270744964e-02,-1.078466419411055061e-01,-1.776040037535189242e-01,1.370838732740515542e-01,-2.234460878502167180e-01,3.923320970552750253e-03,-2.925331784262031332e-01,-6.609321238661244879e-02,-5.592296349255999194e-02,-1.045667813575226757e-01,-8.472675275928324978e-02,-2.946512355333124819e-02,-2.263237856919433355e-01,5.559229634925599850e-02,4.552482237812234545e-02,7.930202421913401523e-02,-6.412708342642656212e-02,-1.561419187631261363e-01,-2.444032351758344823e-01,-1.268600026810849379e-01,-2.130077304615934641e-01,-2.974440323517583695e-01,-3.108583940301175019e-01,-3.489744850082666661e-01,-2.305241521068859267e-01,2.002100183207471407e-01,-1.292506367576745918e-01,-2.850886992269538196e-03,-1.011796773761115265e-01,9.646096787166540121e-02,2.251217659412842534e-02,-1.632780731936190124e-02,-1.319138478037445716e-01,-1.119531703829483027e-01,-8.433352696724608077e-02
1.950355243755306223e-01,2.103311139907949531e-02,2.475132937128557975e-01,7.838598686268376248e-02,2.867196925689262099e-01,9.359220697975781378e-02,3.856383216408240111e-01,1.076410920952678846e-01,5.012690468743018490e-01,2.154653916618258225e-01,6.383529201483533200e-01,3.843692747665221621e-01,0.000000000000000000e+00,4.662004557844407482e-01,4.975602126994057017e-01,3.251977300147459449e-01,3.434693239197462167e-01,1.643192278475356372e-01,-2.989856561955404543e-02,1.068278296617364426e-01,6.155324187854685491e-02,-1.105679431609991464e-01,3.298494123955493795e-01,3.142589034362572309e-01,5.016399302917914360e-01,5.126591894186514065e-01,5.761651548326555961e-02,4.613253496581616597e-02,3.692077393985432887e-01,2.100183207471289972e-03,4.470262299477188450e-01,4.399883819652352646e-01,8.029849412395549668e-02,1.992939809642968810e-02,6.176326019929397754e-02,-7.732248983421957655e-02,1.270789579516511114e-01,3.778542383484517070e-02,-4.568568747486483062e-02,-1.260378032977344798e-01,1.586308592877251067e-01,-2.414495732606461442e-01,-3.701014343804459594e-01,-3.337235801420975201e-01,-3.881585414897895103e-01,-4.085303186022610222e-01,-4.128513338397604704e-01,-3.681755216944456732e-01,-3.479824835783547066e-01,-2.463961749854774452e-01,-3.170651056794316358e-01,-3.074891639483444128e-01,-2.942937575405514261e-01,-1.389114795120425516e-01,-2.805710710934358199e-01,-1.248402520219848988e-01,1.634612806649090588e-01,-7.595960498681800233e-02,-2.864560525492649279e-01,-3.145985075293802335e-01,-6.597703203896509994e-02,-1.932168550873586965e-01,2.868984315653067552e-01,-1.108271147057509204e-01,1.593547522230662761e-01,-2.103757987398900686e-02,-2.226551677912328442e-01,-2.043656999865945678e-01,-5.262076053442960033e-02,-1.053934492157826558e-01,1.856561955404620323e-01,3.428571428571428603e-01,2.875284865275481438e-01,3.611421421868716425e-02,-5.034630680548728837e-02,-4.695026587425711606e-02,9.416864024308503611e-02,1.006613342866079785e-01,1.517449394521649675e-01,1.345010947763528378e-02,1.781089414182939479e-01,9.525447964609679019e-02,-6.352830778855177163e-02,4.312971982662317655e-02,-2.002323606952946880e-02,-1.176549443674873748e-02,2.515751374056034440e-01,1.917824746414048820e-01,-1.611689530363286937e-01,-1.269314982796371505e-01,-3.403682023325438899e-01,-2.164752669913758421e-01,-2.346664283480048296e-01,-3.955493989901246593e-02,-2.069663523839313513e-01,-2.430805666026185363e-01,-2.664864381786496428e-01,-1.703829482997452904e-01,-2.545913579695249784e-01,-4.468430224764288194e-01,-3.763483623039456383e-01,-9.942356673667277628e-03,-3.144555163322758085e-01,-4.897448500826667890e-03,-3.932347289869967399e-01,-1.616604852763751654e-01,-2.742660529961124527e-01,1.536708521381652433e-02,-1.877072255239286835e-01,-3.082175253585950903e-01,-2.309844050225657863e-01,-4.249028106707180563e-01,-5.081370928102239004e-01,-3.451718128602707658e-01,-2.992224853657446948e-01,-1.132579650565262025e-01
