0.000000000000000000e+00,4.170999978132995389e-01,3.237803678030219956e-01,2.493100959961514207e-01,-1.562397498414642150e-01,-4.488421420917976939e-02,5.581509260676564832e-01,2.880540552360543183e-01,-6.393912225842426911e-02,-9.097548708753362690e-02,7.274059172115195926e-01,5.459884979554350259e-01,5.558680107585663999e-01,1.222015700509501146e-01,1.153484507227045125e-01,-5.785572150182589218e-02,2.018368284096127285e-01,2.351577704401828020e-02,5.171153047167129646e-01,5.047998075703571397e-01,-2.465985873914849913e-01,-1.777218954319826905e-01,3.756751437755570522e-02,-8.482648531630622435e-02,-1.691937635302092624e-01,-9.603988541689445491e-02,1.165161487831011811e-01,-2.482473595591611903e-01,4.008134525813999427e-01,2.089917124051518527e-01,-2.479718352977192813e-02,8.939231593448645000e-03,2.714263847280837805e-01,3.518226148564431166e-01,7.774157573637138774e-02,-1.677636614112965052e-01,-4.522533948525070402e-02,-3.034702936738754853e-02,-1.506330497911700927e-01,-5.414707747479827887e-02,4.420196365703789321e-02,-1.708250420939843792e-02,-6.863178150488727369e-02,-1.144737705276508283e-01,-8.459906846559227256e-02,-3.779930462924493278e-02,-2.264415822964728486e-01,-3.399750716144409601e-01,-3.981544247884367255e-02,1.462902626227285605e-02,-1.879731473180118462e-01,-2.247971835297719323e-01,6.292449323216199597e-02,-1.034659202729002192e-01,-2.486103518401084622e-01,-2.392075397432813499e-01,4.628107848068049868e-01,3.449913625330738309e-01,4.679407841507948751e-01,3.178587828825085726e-01,7.449738689291727223e-01,3.610898515230369088e-01,1.331088320832695682e-01,3.022238743959239637e-01,2.804268439351861875e-01,1.252104699219347937e-02,-2.610176904069449466e-01,-2.472633443397257991e-01,6.345367475016946979e-02,5.615446852244648096e-02,-5.690232008921738277e-02,1.643043012398591740e-01,2.697688657584570437e-01,2.304782313966456109e-01,-1.908552185607137464e-02,-2.035818153987448489e-02,7.537556580875116874e-02,4.640178434759791026e-02,6.496687148761233488e-02,-3.405567339441516878e-02,-1.040694496074872633e-01,-2.313397913887734747e-01,1.315912619448514065e-01,-1.339310314666200263e-01,-6.443331656862959222e-02,-3.134110340906606229e-01,-2.240055979532483421e-02,-9.949487218735649299e-03,4.080383109925433266e-02,-5.166735912182108398e-02,-2.421552120006122688e-01,-3.094312392031663417e-01,-1.859570094684131203e-01,-1.964225580022304352e-01,-6.239531171415451521e-02,-1.057182217751634623e-01,-1.294614156698956908e-01,-4.740329317093437689e-02,-9.917124051518663719e-02,-8.204500229603550743e-02,-2.408431917080317355e-02,-6.270144978242329914e-02,-1.084690909886072974e-01,-4.612188668518073242e-02,-3.499595460409787862e-02,1.846887231855852754e-02,-1.199536419496621542e-01,-6.541733178806498350e-02,-1.920360368240362214e-01,1.022238743959239943e-01,-1.131879906409219150e-01,-7.526623078436946168e-02,1.679385974503072240e-02,1.399400844066388261e-01,2.441582296472852021e-01,1.413920535304279309e-02
4.170999978132995389e-01,0.000000000000000000e+00,3.130524152106886060e-01,2.210797927007937813e-01,-6.904288119656250278e-02,-2.112790011152172465e-01,2.756554634711683716e-01,2.046489252367103273e-01,1.063348713126762990e-01,-2.084013032734906290e-01,1.858957818547593566e-01,1.866655004264065887e-01,1.506024359843432248e-01,-7.230981172508801902e-02,1.009774551179724866e-01,-1.346570160285145701e-01,2.235770046576720516e-01,2.209529640725109989e-01,4.351446502372570135e-01,6.048063676718199444e-01,-4.054973650259123819e-01,-3.095930550392512748e-01,2.257549583433557105e-01,1.128337451619251634e-02,-3.871028405239334558e-01,-2.256674903238503338e-01,-1.735671645054776835e-01,-3.045592705167173286e-01,1.403774245041656543e-01,1.526142004329666957e-01,-1.034877872777765634e-01,-2.250552141873127590e-02,4.679845181605475357e-01,4.360718112440138960e-01,6.410531149548445717e-02,-6.044040147820953224e-02,-1.990159847805646198e-01,-2.604753886860116663e-01,-2.292274387177188344e-01,-1.747611029717259512e-01,-1.053945901029935961e-01,-1.824233014803962327e-01,2.982571997113555584e-01,2.912510113489755192e-01,2.085718659115260998e-01,2.961929544510288337e-01,4.285932955763049217e-04,-5.746648881502700729e-02,1.064267127331569446e-01,8.949727755789289863e-02,-8.605541099035665664e-02,-1.401456342524764476e-01,-6.172618136493844554e-02,-1.317880649887384903e-01,-3.413745599265268771e-01,-4.147733484944567395e-01,6.406770024709715905e-01,7.680916664844416042e-01,-4.541339572718725015e-02,1.175045374035118412e-01,2.343530646607334122e-01,1.637270123111237430e-01,1.343639981631715996e-01,3.112068399991252954e-01,1.176051256259430106e-01,-1.202991406267083646e-01,-2.366447267717740680e-02,1.834204369027574166e-02,2.870306794078414936e-01,4.352714788655397959e-01,-2.661389429489842695e-01,-1.789464477050578262e-01,-1.069515208501891496e-01,-1.165248955850517187e-01,-4.505433950711770774e-01,-4.015656775491460717e-01,1.978614069230937300e-01,1.265487306203669227e-01,3.168835144650237190e-01,1.986092584898646318e-01,1.729242745621132130e-02,-1.266493188427980920e-01,7.191620563731385141e-02,-4.492357481795718199e-02,-1.160875554875248766e-01,-2.471277689094924790e-01,-4.279372854300146634e-02,-1.705538912335177459e-01,-2.843191708031750919e-01,-4.992455883317661880e-01,-3.806127134766351117e-01,-4.140648575364632156e-01,-1.841726618705036012e-01,-2.760053355491898230e-01,-3.346438958255887886e-01,-3.869672650937001079e-01,-4.036736568192254571e-01,-4.336970545144431810e-01,-3.074850757691718894e-01,-4.107148323894076469e-01,-3.849642474470271747e-01,-4.395749054252038879e-01,-4.314491264131551929e-01,-5.333974765476372504e-01,-2.296516586123198700e-01,-9.800791585576523746e-02,-2.287070040016618844e-01,-2.743084559707856807e-01,-4.383722201570051102e-01,-6.783582252738842855e-02,-3.210601123964050840e-01,-4.171306116201263792e-01,-3.416544575889440272e-01,-2.227941658830989990e-01,2.834357438061708701e-01,1.191401893682622337e-01
3.237803678030219956e-01,3.130524152106886060e-01,0.000000000000000000e+00,6.710852594520128056e-01,-5.606700050294110942e-03,-1.760731232643064914e-01,7.003433119765585246e-01,4.256499967199492418e-01,-3.159782204631431807e-02,-1.355360696245435370e-01,1.350943561260414122e-02,-7.265531040213421554e-02,1.759462946360237090e-01,4.760446961579672259e-02,1.988279285386280737e-01,-6.333121952286195622e-02,-3.099866611270254285e-02,7.990640921912925410e-02,6.321576173711487279e-01,5.669108482211191458e-01,-2.758653867179812202e-01,-3.373772714351315205e-01,6.099844744265378038e-01,4.787255909558068012e-01,-9.894382366447267152e-02,-2.172224530406070275e-01,-1.269685771139927033e-01,-1.564146858804749407e-01,-8.274474645207845896e-03,-1.988760359493560170e-01,9.809538387527060033e-02,2.578076140910979253e-01,4.618442631912706986e-01,4.207649078305744639e-01,2.971857164724147626e-01,-2.680457457742013022e-02,-3.594541995582865024e-01,-2.876560757473048957e-01,-2.749557193151254131e-01,-3.938553716297478746e-01,-3.399182174017624791e-01,-3.551988804093503260e-01,1.560385733966018762e-01,3.935186197546521741e-02,8.949290415691762979e-02,2.401434475519887909e-02,-6.449454418228335595e-02,-1.321816710765126579e-01,4.767007063042575255e-04,-4.391331919267017769e-02,-2.594563862587741521e-01,-2.327480265028099016e-01,-6.867551551463996207e-02,-4.797620869869453908e-02,-4.444731145175045417e-01,-5.307209551507729994e-01,4.159235529509522911e-01,2.205199973759594256e-01,7.839758588266165784e-02,-1.717609499026918340e-01,3.590168594607596741e-01,1.691106689116791684e-01,-3.663160656884826422e-02,-2.276486409656469367e-01,3.404080383109925334e-01,-1.879250399072839028e-02,1.146443331656862991e-01,-9.267236666593776581e-03,2.380004810741072896e-01,2.340206861866130084e-01,-6.685180730795302340e-02,7.917605125625942764e-02,-1.333887297456867261e-03,-7.750103868273162944e-02,-9.267236666593776928e-02,-2.416347772845553465e-01,-3.354398548030876077e-03,-1.200892173798954743e-01,2.267914543744943279e-01,1.112155868010758497e-01,2.785419081148455059e-02,-1.795499770396448702e-01,-7.069602676521397067e-02,-5.918960879928276270e-02,2.737749010518029415e-03,-3.288272725284817621e-01,-1.151910082875948482e-01,-1.675406179615578084e-01,-1.444403140101900296e-01,-2.801950536834969530e-01,-2.481730117425816062e-01,-1.153134635149023618e-01,-1.444927948218932556e-01,-1.460016181583608519e-01,-4.272113008681200919e-01,-3.438280378736524590e-01,-4.614725241083728613e-01,-4.192998185038595005e-01,-3.236360455708381378e-01,-3.885110756379698826e-01,-3.623537644048894779e-01,-1.208020817388642254e-01,-4.898558964378649239e-01,-3.086615206315190818e-01,-3.450700837506286978e-01,-2.911110625177669164e-01,-3.055520325381032576e-01,-3.410421814524064454e-01,-2.480374363123482861e-01,-1.361133585532789680e-01,-3.339004176597931139e-01,-3.252716975355885443e-01,-3.807439155058931490e-01,-1.140757910389014057e-01,3.275677330476044896e-02,-1.209464039710480832e-01
2.493100959961514207e-01,2.210797927007937813e-01,6.710852594520128056e-01,0.000000000000000000e+00,-3.906759091207277074e-02,-6.988694758478930513e-02,5.604032275699197818e-01,7.306641009380945295e-01,3.102053311757888357e-02,-1.755483151472742726e-02,5.986311254947410121e-02,1.842776234939100255e-01,2.072423520150445120e-01,2.527213487568607531e-01,2.004592071024031974e-01,1.628916927248474644e-01,-1.331656862959480492e-01,1.201810588003761164e-02,4.138549342896503669e-01,4.644201963657038079e-01,-1.125363538956069137e-01,-2.174061358815682909e-01,4.169775425859920115e-01,4.708053617895956999e-01,-2.162428112221468912e-01,-2.118475432420021398e-01,-2.268483085871728089e-01,-1.036189893070346146e-01,1.938291312238962782e-02,-2.059434519253897783e-02,-1.290022085674925045e-01,1.913756532767706686e-01,3.725262950733638223e-01,5.297150729264612501e-01,1.172377599440204698e-01,-5.528853512934333442e-02,-4.474032931709343575e-01,-2.687148761234173788e-01,-2.827622400559795524e-01,-3.456779864861909690e-01,-3.158426450329098190e-01,-2.471846231221709600e-01,4.567142638472808380e-02,2.484091753952461304e-02,6.693490192648313131e-02,6.994817519844306886e-02,-1.429533576785987636e-01,-1.357897268811091018e-01,7.760600030613806766e-02,9.699328682950296432e-02,-2.208567492510550845e-01,-9.688395180512125726e-02,-2.143403817979051273e-01,-3.441429227438717875e-02,-4.915571494172443212e-01,-3.854322013513808987e-01,9.719008987339004813e-02,1.037195775294657840e-01,2.612363604557083607e-01,1.323959677243007893e-01,2.890686842623165775e-01,3.189083991165729826e-01,-2.758435197131048899e-01,-1.706151188471715097e-01,1.745074457151603864e-01,1.252017231199842595e-01,9.210382453915286899e-03,9.145218779383787466e-02,1.921147580415910328e-01,2.615512453259277170e-01,-1.071002164833482762e-01,-2.059434519253897783e-02,-3.062255362882945753e-02,4.189718134307143793e-02,-1.510485228838205907e-01,-1.737158601386368240e-01,-3.558199033478384732e-02,-5.608449410684218650e-02,8.486147252410837505e-02,1.236010583630360177e-01,-1.650346592027290005e-01,-2.146858804749513516e-01,-1.207714679320373435e-01,-2.905250267870809755e-02,-9.750060134263409395e-02,-2.903457173470949670e-01,-7.321073232599330238e-02,-1.159301130524152124e-01,-1.598784194528875269e-01,-2.288731932387221002e-01,-1.793837878025846821e-01,-2.272244210710459011e-01,-4.392206599462071537e-02,-1.844525595329207790e-01,-2.993549233561478840e-01,-8.227241914674947310e-02,-3.218823117797555144e-01,-2.777065885285692204e-01,-3.768953226476569607e-01,-4.313835253985261464e-01,-5.250399072838993764e-01,-2.465636001836828406e-01,-5.808182633224727720e-01,-4.059740657322166713e-01,-5.059062780170999751e-01,-4.731626249152653396e-01,-4.194966215477465843e-01,-3.455424110559576767e-01,-1.120377861844263218e-01,-4.058516105049091681e-03,-2.388707878681856911e-01,-2.650980735168703695e-01,-2.231965187728236766e-01,-2.069712011545778441e-01,-2.262360324506352410e-02,-2.042596925499114424e-01
-1.562397498414642150e-01,-6.904288119656250278e-02,-5.606700050294110942e-03,-3.906759091207277074e-02,0.000000000000000000e+00,3.712623821915112532e-01,-1.398307493822571190e-01,-8.027814830202707752e-02,7.455773982637597941e-01,3.180730795302967318e-01,-7.914106404845727694e-02,1.819772145809188391e-01,1.677199274015438168e-02,-1.511184972994248921e-01,4.571297369399313637e-01,-9.499026918283002413e-03,-3.174651767947344466e-02,5.156239749841463882e-02,-1.099079399094706061e-01,-4.081257790120487033e-02,1.518707222671710766e-01,1.874789530078065092e-01,2.029607924602567226e-01,2.605541099035665331e-01,5.318492926023922207e-01,4.589928057553956942e-01,3.746911285561216887e-01,-8.507139577092125149e-02,-6.302508145459316535e-02,2.091404080383109931e-01,6.284577201460715690e-02,2.145196912378911358e-01,-9.316218757516782356e-02,-1.991209464039710511e-02,-2.386127572106448713e-02,-6.465636001836828906e-02,-3.233692681113468220e-02,-1.449038945135684708e-01,2.312916839780455314e-01,-3.340841005007544329e-02,1.041962782357700457e-01,6.951520850189149558e-02,-2.441232424394830514e-01,-2.844984802431611004e-01,-1.611991865474186048e-01,-1.879294133082591578e-01,-3.273359427959152690e-01,-2.539852616387133222e-01,-1.941702564999671921e-01,-3.215368131027093179e-01,-3.780630207080536431e-01,-4.222299971572893718e-01,-1.958933764842229475e-01,-2.759616015394371624e-01,-1.014279154184251353e-01,-9.290415691762698991e-02,-3.037370711333668427e-01,-3.309352517985611475e-02,-9.074369683584439239e-02,2.302901751547090647e-01,-1.758632000174936150e-01,9.017952811003477134e-03,-5.242395749054252346e-02,-1.133585532789573892e-02,-4.378211716341212645e-02,-4.978242330148039546e-02,-6.354551617065010150e-02,3.682403621176007658e-03,-1.736283921191314472e-01,-1.406529487656075772e-01,4.858848483523212081e-02,1.605912838118563057e-02,5.660930222387439842e-02,1.991384400078721195e-01,2.388751612691609669e-02,-3.001027749229187927e-02,1.115217248693446423e-03,-4.247009687083160012e-02,-9.809538387527060380e-03,-9.810850407819640684e-02,2.061052677614746975e-01,1.984736830596313117e-01,1.594367059543854159e-01,3.625068334390238456e-01,1.702302595613478797e-01,-1.100435153397039262e-01,2.792241586669874098e-01,3.005401150204456417e-01,1.807220485010168076e-01,2.363167216986289398e-01,-5.657431501607224772e-02,4.355032691172289888e-02,-6.122324025278257781e-02,1.578797752071898694e-02,-1.647154009315344170e-01,-1.233517745074457217e-01,-1.297106995254860007e-01,-1.577923071876844996e-01,-5.522293411471430880e-02,-1.031116747939034850e-01,5.010605497365026167e-02,1.530253001246419282e-02,1.026524676915002987e-01,9.512584461306335115e-02,-7.983643480352496657e-02,-2.695327021057925682e-02,1.624018718156174101e-01,6.951520850189149558e-02,-1.006013426340994082e-01,-2.828234676696332883e-01,-2.339244713651571217e-01,-2.236819662810784759e-01,-1.767378802125472992e-01,-2.599637007719052817e-01,-4.592071024031838672e-03,2.265859045286567064e-01
-4.488421420917976939e-02,-2.112790011152172465e-01,-1.760731232643064914e-01,-6.988694758478930513e-02,3.712623821915112532e-01,0.000000000000000000e+00,-1.179156370951870703e-01,-2.202007391047648352e-02,2.808423170278366854e-01,8.083794362686143042e-01,1.281931293870678668e-01,3.727886991318798970e-02,2.469659530734075181e-02,7.883492598018849995e-02,1.166692178172355765e-01,2.844766132382847701e-01,-3.484725897093875202e-02,-8.064551398394962517e-03,-1.872690297609936327e-01,-2.558658240580787835e-01,2.049506899040038355e-01,2.330279241652270794e-01,-5.245019789639412955e-02,1.049135159957140656e-01,3.786096958299621784e-01,3.224333603026393602e-01,3.233211607006188371e-01,2.193348057116616678e-01,-3.075812905906278108e-02,-5.101134897553082082e-02,2.680020117644486138e-02,-1.027355623100303927e-01,-2.883470731013972888e-01,-3.100741291465308191e-01,-3.419999562659902237e-01,-3.190002405370536143e-01,1.986529924996173202e-01,2.433797642736874184e-02,2.514137018652555233e-01,6.385165423891889236e-02,2.065032472502241478e-01,-4.330978985808314058e-02,-5.139708294154949897e-01,-4.922437733703614593e-01,-4.289694080601779702e-01,-4.829721633027924121e-01,-4.411143425684984076e-01,-3.489624106186175467e-01,-4.425400712864359098e-01,-4.288075922240930926e-01,-4.541208370689466811e-01,-3.285692418709409424e-01,-2.506264896897071881e-01,-2.208173886422776788e-01,3.265181168135400380e-02,6.096520959524173895e-03,-2.345979751153484394e-01,9.700640703242877083e-02,-1.616627670507970460e-01,2.300846253088714363e-02,-8.607290459425771811e-02,1.580240974393737341e-01,1.902429424241761698e-03,1.621525879600271280e-01,-1.043493472699044342e-02,1.231462246616081002e-01,-4.196890511906584131e-01,-3.606044040147821095e-01,-3.680435590737136664e-01,-4.191336292667993124e-01,2.175417113118016110e-01,1.343814917670726750e-01,2.634055673394415376e-01,3.126806761277907687e-01,2.874548993024425569e-01,1.358728214996391959e-01,-1.027005751022282420e-01,-9.113292952264327729e-02,-1.180380923224945838e-01,-1.514071417637926145e-02,5.635564496730882666e-02,1.217773501563490790e-01,-1.059325184229516076e-01,2.008703067940784126e-02,1.726531237016465936e-01,1.187815704882902168e-01,3.761999518925892433e-02,1.306684743390697789e-01,3.460453521681135514e-01,5.106208042684393655e-01,2.476219632196977882e-01,3.198136931184535903e-01,2.916708578426012721e-01,3.486562725503487559e-01,7.338129496402877316e-02,7.267717740701055973e-02,2.173755220747414230e-01,1.392490870525464053e-01,3.847062167894863549e-01,3.522118475432420293e-01,3.155146399597646978e-01,4.085106382978723194e-01,1.704882902188887273e-01,2.479062342830902488e-01,-1.774288775666396992e-02,7.934661389429489842e-02,2.664538278192036258e-01,2.956856399378977041e-01,2.409962607421661518e-01,-1.423760687498633326e-01,-3.372329492029476489e-02,2.706173055476591149e-01,1.919048347947781563e-01,-8.057116616737006187e-02,-1.851960376987163981e-01,-1.168791410640484529e-01
5.581509260676564832e-01,2.756554634711683716e-01,7.003433119765585246e-01,5.604032275699197818e-01,-1.398307493822571190e-01,-1.179156370951870703e-01,0.000000000000000000e+00,6.023791301305460033e-01,-9.751372154555990046e-02,-4.274562113227350912e-02,3.340447398919769717e-01,8.220681813212044053e-02,5.015285036408563268e-01,1.519144562769237372e-01,2.108154206118388052e-01,8.325643436618486437e-02,6.525114255100479196e-03,4.884651549277295446e-02,4.711858476744440472e-01,4.399641381120028005e-01,-4.278848046183114096e-01,-3.194856880453084136e-01,1.761081104721086421e-01,3.822352452384596838e-02,-3.649471911832236071e-01,-2.646607334193435412e-01,-2.024972119568782536e-01,-4.007653451706719716e-01,8.616037261376309486e-02,-9.946425838052962154e-02,-1.546784456932933927e-01,-2.774922918807810890e-02,3.849380070411755894e-01,4.521178194222737479e-01,2.118431698410268849e-01,-1.792657059762524374e-02,-3.515164767881743257e-01,-1.488793160000874694e-01,-2.823336467604032340e-01,-2.683606306444206169e-01,-2.203756751437755679e-01,-1.867442216439614278e-01,-1.654020248846515412e-02,-9.411558898777634685e-02,-3.573068596794297391e-02,-5.278694977148980227e-02,-2.092453696617174452e-01,-2.805274321576173846e-01,-1.359559161181692899e-01,-7.601845575211563233e-02,-2.998666112702543241e-01,-2.277317355841770308e-01,-1.553650696464105307e-01,-1.073101397301611665e-01,-4.219107388860947605e-01,-3.326233845750147800e-01,3.303579628698257165e-01,1.555006450766438508e-01,1.760774966652817464e-01,-6.414029870328660787e-02,5.589118978373531776e-01,3.362795477903391395e-01,-1.586582405807876461e-01,-7.873871115873258553e-02,3.956003586188799881e-01,1.558155299468631794e-01,4.561457217204959586e-02,1.821521506199295926e-02,1.860357306859679316e-01,2.094946535173077273e-01,-2.253613522555815429e-02,1.883755002077365515e-01,1.394590102993593095e-01,9.431239203166341678e-02,-1.338698038529662591e-02,-3.657912575714504511e-02,-1.428090354464149059e-01,-2.076534517067197272e-01,1.140539240340250615e-01,2.135094356126041384e-02,-3.939559598521790579e-02,-3.838534035993090149e-02,-5.105070958430824035e-02,-6.114889243620301451e-02,5.017602938925455613e-02,-1.926395661586232655e-01,-1.556493407098029913e-01,-5.726093896918939274e-02,-1.469156589621919418e-01,-1.696792110384640617e-01,-1.319280138199470931e-01,-1.095012136187706320e-01,-5.478996741816273552e-02,-1.710437121427478210e-02,-1.469550195709693752e-01,-1.995757801053989755e-01,-2.889068684262316444e-01,-1.198399335243051783e-01,-1.988016881327764607e-01,-2.277229887822264931e-01,-1.915330957118803468e-01,6.648881502700575152e-02,-3.291509042006516284e-01,-1.251230019024294204e-01,-2.063764186219413654e-01,-1.897618683168966411e-02,-1.935929675712317610e-01,-8.722310905075332521e-02,-1.790076753187115899e-01,-2.271981806651942812e-02,-1.509523080623647040e-01,-1.754652205287441646e-01,-1.828825085827994190e-01,4.408388183070564847e-03,1.849073932343486826e-01,-1.367781155015197481e-01
2.880540552360543183e-01,2.046489252367103273e-01,4.256499967199492418e-01,7.306641009380945295e-01,-8.027814830202707752e-02,-2.202007391047648352e-02,6.023791301305460033e-01,0.000000000000000000e+00,6.055848330454177697e-02,8.295904309986661118e-02,2.852944392206599455e-01,3.101703439679867058e-01,4.528263103802672163e-01,6.433185366600336907e-01,3.194856880453084136e-01,4.703767684940193816e-01,1.169010080689248006e-02,8.554809647722551313e-02,2.908092978504734361e-01,3.419037414445343370e-01,-2.037392578338544924e-01,-3.139664560145196681e-01,4.482735999650128145e-02,1.676105923771621098e-01,-4.435590737136734241e-01,-3.847018433885111000e-01,-3.700553235223371651e-01,-1.874745796068312542e-01,1.784347597909514416e-01,9.545822308718375504e-02,-3.176794734425225641e-01,-8.405676674465898876e-03,2.972819312938707048e-01,5.047691937635302439e-01,8.212372351359034650e-02,2.607859001552557260e-02,-3.469725131748704339e-01,-2.445955697448120580e-01,-2.373182305219654065e-01,-2.459294570422689286e-01,-1.334018499486125386e-01,-1.268155080798583079e-01,-2.071242701887122603e-02,-4.218582580743915345e-02,-2.063807920229166273e-02,-1.557805427390610356e-02,-2.318689729067809624e-01,-2.085981063173777128e-01,-8.979466882421115181e-02,1.867004876342087324e-02,-2.024228641402986972e-01,-2.377818110253438616e-02,-2.841879687739170546e-01,-1.028623909383131856e-02,-5.000590409131661085e-01,-2.663138789879950230e-01,1.349106732850801349e-01,5.004920076097176679e-02,3.377577573199798677e-01,7.706807198618005617e-02,4.003804858848483694e-01,4.114276967483763703e-01,-9.727755789289541100e-02,1.207364807242352067e-01,1.869147842819968985e-01,3.957709212569154311e-01,4.463930375456473532e-02,1.588113096149220416e-01,1.504187531433819613e-01,2.806455139839496016e-01,-1.514596225754958336e-01,-6.092584898646432462e-02,6.118387964400516348e-03,4.057204084756511203e-02,-5.571712842491963712e-03,-3.607181124401390854e-02,-6.087336817476110551e-02,-3.334718243642168650e-02,9.956484660296079092e-02,2.021123526710546514e-01,-8.941855634033805955e-02,-3.269991909208195408e-02,-2.413679998250639613e-02,-2.129846274955719473e-02,-2.423301480396230015e-02,2.437296363517088907e-02,-1.759025606262710206e-01,-1.670507970523277541e-01,-1.965625068334390102e-01,-9.311845356541514906e-02,-1.559642255800222921e-01,-2.879753340184995070e-01,5.414707747479827887e-02,-1.075900373925783443e-01,-2.066038354726553172e-01,-3.192582711945944618e-02,-2.415516826660252248e-01,-8.167763661411296672e-02,-3.719796199514552315e-01,-3.735190570947497513e-01,-4.647044674290962130e-01,-1.452931272003673557e-01,-5.833810762939800609e-01,-4.236294854693752332e-01,-5.480833570225885909e-01,-4.105180293455205631e-01,-3.879687739170366023e-01,-2.896197327852004233e-01,-7.404167851129431210e-02,-1.127462771424198040e-02,-5.278694977148980227e-02,-1.323959677243007893e-01,-1.260807767160131987e-01,-2.019374166320438979e-01,-5.814873936716887654e-02,-4.413067722114101810e-01
-6.393912225842426911e-02,1.063348713126762990e-01,-3.159782204631431807e-02,3.102053311757888357e-02,7.455773982637597941e-01,2.808423170278366854e-01,-9.751372154555990046e-02,6.055848330454177697e-02,0.000000000000000000e+00,1.348669392753274465e-01,7.576479849555006751e-02,2.371826550917320864e-01,1.304060702805536764e-01,-2.941112155868010752e-02,6.061708687761037107e-01,6.779208851763574017e-02,8.593732916402439803e-02,-3.832411274627714470e-02,1.088408300715051069e-01,2.288950602435984305e-01,-5.754958343355710826e-02,1.507073976077496699e-02,1.481708250420939732e-01,1.963569569876014165e-01,2.566093022238744026e-01,2.069230937438499007e-01,1.108525945201285778e-01,-2.252695108351009112e-01,7.572981128774791681e-02,2.356563381513634148e-01,-1.266536922437733713e-02,1.485119503181649148e-01,9.550633049791169837e-02,1.577135859701296605e-01,5.573024862784544536e-02,1.789858083138352596e-01,-2.020904856661782933e-01,-2.613150816732632276e-01,-4.621372810566136413e-02,-2.195272353545734967e-01,-8.140211235267105772e-02,-3.070564824735955850e-02,-1.299206227722988771e-01,-1.134416478974874798e-01,-1.301830268308149796e-01,-8.198377468238175758e-02,-1.996851151297806826e-01,-1.475016946928779105e-01,-2.161903304104436929e-01,-5.713848374188187224e-02,-1.778268570553891148e-01,-1.033784522533948563e-01,-3.426122324025278332e-02,3.252935645404649023e-02,-3.189565065273009536e-01,-1.890402571559773592e-01,-1.774157573637138996e-01,-4.066388226804574374e-02,-1.272790885832367491e-01,2.100063414314141397e-01,-1.509741750672410343e-01,-1.901554744046708018e-02,5.841114342568498596e-02,1.066016487721676703e-01,3.315037939253460270e-02,8.693446458638560970e-02,-1.750672410399947351e-02,1.637663729199011486e-01,8.891124182720692992e-03,6.805886597712711150e-02,-1.402987032866108430e-01,-9.776300540115021032e-02,5.947825326365048168e-03,1.558330235507642547e-01,-2.093547046860991523e-01,-1.927357809800791522e-01,1.346613894294898528e-01,9.586057597690844645e-02,1.940478012726596924e-01,9.243182961229799710e-02,3.166867114211366352e-01,2.477269248431042403e-01,2.586035730685967704e-01,3.228138461874877074e-01,1.785003608055804603e-01,7.663947869060375173e-02,9.912313310445867998e-02,6.922219063654851123e-02,-6.064595132404714678e-02,3.420436902757429537e-02,-1.173864555771795964e-01,-3.474229734753230686e-02,-9.110231571581640930e-02,-1.235398307493822539e-01,-3.403905447070914581e-01,-1.896656534954407336e-01,-3.160963022894753838e-01,-3.187378364785375395e-01,-3.105508298528350530e-01,-3.666309505587019846e-01,-2.750956681463340159e-01,-1.731648116157529782e-01,-1.932212284883339515e-01,-1.995976471102753058e-01,-2.481773851435568889e-01,-2.027464958124685634e-01,-1.387417725394152757e-01,-1.862369071308302981e-01,-2.366753405786009568e-01,-2.285364413636264136e-01,-1.133847936848089849e-01,-2.273731167042050139e-01,-1.953117141545122615e-01,-3.626861428790098540e-01,1.410159410465548491e-01,1.250092934770724584e-01
-9.097548708753362690e-02,-2.084013032734906290e-01,-1.355360696245435370e-01,-1.755483151472742726e-02,3.180730795302967318e-01,8.083794362686143042e-01,-4.274562113227350912e-02,8.295904309986661118e-02,1.348669392753274465e-01,0.000000000000000000e+00,8.951039776081870514e-02,-4.584198902276355458e-02,4.580262841398613505e-02,2.314534998141304645e-01,1.460366053661630026e-01,5.066322625789945189e-01,-1.136209573374734882e-01,-4.007347313638450620e-02,-2.149657781373685295e-01,-2.910848221119153312e-01,6.511994052174673552e-03,1.458135619164243058e-01,-5.877850910760753361e-02,6.606459513240471593e-02,3.486344055454724256e-01,3.362533073844875542e-01,2.797577135859701247e-01,2.353720670879709542e-01,-7.265968380310948438e-02,-1.505368349697142061e-01,9.522205943451925170e-02,-1.175570182152150568e-02,-2.468260042421989431e-01,-2.691740832258205374e-01,-2.481292777328289456e-01,-3.174476831908333296e-01,1.169709824845290985e-01,-3.293608274474645048e-02,1.280094465461065756e-01,5.632940456145721364e-03,1.038420327567733115e-01,-1.511622313091775804e-01,-3.881480833570226108e-01,-4.358618879972010474e-01,-3.533533051977870709e-01,-4.446043165467625791e-01,-4.132732719599396254e-01,-3.582821280969145650e-01,-4.073385668365003820e-01,-4.320920163565196703e-01,-4.588441101222365814e-01,-3.173252279635258577e-01,-3.198093197174782798e-01,-2.153462640222168767e-01,1.927795149898318267e-02,6.764339288447661358e-02,-2.612844678664363318e-01,9.292165052152806526e-02,-1.863287485513109298e-01,-1.715247862500273238e-02,-6.800201176444861662e-02,2.748157704839168103e-01,-7.869935054995516599e-02,1.376834095034003280e-01,1.898930703461546715e-02,2.072073648072423613e-01,-3.609105420830509003e-01,-3.178631562834838276e-01,-3.333712361417856540e-01,-3.457523343027705254e-01,2.621985086702674494e-01,1.719052721348756918e-01,1.999475191882967851e-01,1.378627189433863365e-01,2.538846734162821805e-01,2.383503531521287411e-01,-9.313157376834095558e-02,-7.053421092912903756e-02,-1.528022566749032418e-01,-5.191226957643611285e-03,-3.576567317574511767e-02,5.614572172049594329e-02,-3.013710612057466376e-01,-8.038310992543351574e-02,7.663947869060375173e-02,1.520806455139839530e-01,-1.680129452668867873e-01,7.194244604316547137e-03,1.563403380638953843e-01,4.622509894819706311e-01,2.517985611510791255e-01,2.192342174892304985e-01,2.996260742166145241e-01,3.054295773107957301e-01,1.482582930615993499e-01,1.233211607006188398e-01,2.069143469418993631e-01,1.273403161968905128e-01,3.802016137849598687e-01,3.321991646804137166e-01,3.863287485513109409e-01,4.076534517067197383e-01,1.909426865802190953e-01,2.955456911066891013e-01,2.630163346526426249e-02,1.208370689466663761e-01,2.504121930419190289e-01,3.018958693227788426e-01,2.818788130589753305e-01,-8.855262294723491301e-02,-6.118387964400516348e-03,2.499792263453674834e-01,2.380354682819094403e-01,9.194638210404321166e-02,-1.969298725153615648e-01,-1.232818000918414203e-01
7.274059172115195926e-01,1.858957818547593566e-01,1.350943561260414122e-02,5.986311254947410121e-02,-7.914106404845727694e-02,1.281931293870678668e-01,3.340447398919769717e-01,2.852944392206599455e-01,7.576479849555006751e-02,8.951039776081870514e-02,0.000000000000000000e+00,6.426931403205703441e-01,6.130546019111762224e-01,3.372198290000218424e-01,2.342043690275742995e-01,2.159497933568039207e-01,4.288688198377468286e-01,1.530296735256171936e-01,3.222802912685049370e-01,2.736218320176685426e-01,-2.478625002733375604e-01,-1.818110253438586510e-01,-1.553038420327567670e-01,-1.790951433382169666e-01,-1.709212569154403005e-01,-1.369311845356541435e-01,3.557761693380857848e-02,-1.760337626555290857e-01,5.587457086002930451e-01,2.919157682972163270e-01,5.775950668036999164e-02,1.001071483238940782e-02,1.700334565174607959e-01,2.284883339528984703e-01,-1.522818219588462953e-02,-1.038420327567733115e-01,6.857492729220879268e-02,1.000196803043887014e-02,-1.115916992849489420e-01,-2.147339878856793175e-03,8.226367234479893542e-02,4.354158010977236121e-02,-1.899849117666353171e-01,-1.795456036386696153e-01,-2.175154709059500258e-01,-1.782029695392622071e-01,-1.759550414379742467e-01,-2.456626795827775434e-01,-2.074872624696595391e-01,-2.557127550239443603e-02,-1.095362008265727827e-01,-4.107935536069624860e-02,3.980232227591786603e-02,5.274758916271238274e-02,-6.492313747785966038e-02,7.575605169359952984e-02,1.248037436312348231e-01,4.035337079880169098e-02,2.745096324156480194e-01,1.561304148170825079e-01,5.157420568104786884e-01,2.230347029367387435e-01,2.521484332291006325e-01,4.077934005379283411e-01,4.998797314731801521e-03,1.087970960617524185e-01,-3.561872690297610000e-01,-1.875051934136581222e-01,-4.264065950886707090e-03,-5.670551704533029896e-02,-1.574774223174651711e-01,7.119459447639456262e-02,3.557368087293083514e-01,3.212700356432179327e-01,9.028448973344120609e-02,1.374384990487853009e-01,1.620257593317443179e-01,1.273403161968905128e-01,7.306641009380944463e-02,3.664910017274933957e-02,-1.061861756795171724e-02,-7.334630775622663634e-02,1.595941483894950941e-01,-1.481139708294154922e-01,-4.839168179134503700e-02,6.083400756598369118e-03,-1.190658415516826635e-01,-1.124663794800026262e-01,4.068137587194681909e-02,1.454505696354770339e-01,-6.345804815114473862e-02,-1.955128905993746002e-01,-7.583477291115435504e-03,-7.232293192801382553e-02,-5.564278060834007555e-02,-6.672935208064550983e-02,7.762349391003914301e-02,1.368262229122477192e-01,2.356825785572150278e-02,3.710393387417725702e-02,2.300408912991187479e-02,1.051584264503290927e-01,-6.295948043996413279e-02,-4.410137543460672382e-02,-1.068071986180052918e-01,-4.982178391025781500e-02,-1.246987820078283848e-01,-3.644355032691172502e-02,-7.493385231024907167e-02,1.351424635367693694e-01,1.162143841158076590e-01,8.967221359690363824e-02,1.920404102250114764e-01,1.188471715029192494e-01,2.777503225383219365e-01,-1.130524152106885949e-01
5.459884979554350259e-01,1.866655004264065887e-01,-7.265531040213421554e-02,1.842776234939100255e-01,1.819772145809188391e-01,3.727886991318798970e-02,8.220681813212044053e-02,3.101703439679867058e-01,2.371826550917320864e-01,-4.584198902276355458e-02,6.426931403205703441e-01,0.000000000000000000e+00,5.587981894119962156e-01,3.034834138768012779e-01,2.421377183967111935e-01,9.079617764754761844e-02,1.318186787955653583e-01,2.825654370120924547e-02,4.748201438848920902e-02,1.610592377162100020e-01,-7.068290656228816415e-02,-1.576173711486737739e-02,-5.031597822046314505e-02,3.796986726728040357e-02,2.292974131333231150e-02,1.814174192560844834e-01,1.828344011720714479e-01,-2.306356738317552613e-01,3.340272462880758964e-01,4.794646957206271654e-01,-1.112593208108285381e-02,2.301545997244757447e-01,8.068924799370229620e-03,2.253613522555815429e-01,-7.282149963919441749e-02,-2.431042400122455094e-01,4.501541623843782064e-02,7.267280400603529089e-02,1.122039754214865237e-01,1.982900002186700483e-01,2.584417572325118373e-01,2.975355885504362696e-01,-2.188362380004810759e-01,-2.255319148936170137e-01,-1.827862937613435046e-01,-1.346832564343661831e-01,-2.864796308849577033e-01,-3.486562725503487559e-01,1.726181364938444290e-02,4.334040366491001550e-02,-2.025759331744330857e-02,-4.191904834794778212e-02,4.774441844700531151e-02,-1.236622859766897675e-01,1.482145590518466755e-02,6.191861100785025357e-02,-8.699569220003935954e-02,5.121252542039316652e-02,4.562812971507292370e-01,5.768384684349784353e-01,3.204522096608427573e-01,2.427062605234960868e-01,-3.551201591917955112e-03,3.214318514793028658e-01,-3.664910017274934043e-03,1.052371476678839318e-01,-3.930156786424963133e-01,-1.616715138527475837e-01,-2.423651352474251730e-01,-1.862412805318055531e-01,-2.659027792963197800e-02,7.041612910279679283e-02,2.077846537359777923e-01,3.418337670289300356e-01,-1.033041044368152861e-01,-1.873127637707463350e-02,1.608536878703724013e-02,5.178106754717806508e-03,-1.958059084647175985e-01,-2.675253110581443661e-01,-2.398154424788436767e-01,-1.635608230740635549e-01,2.357656731757451218e-01,9.005707288272725430e-02,-5.904091316612363480e-04,-2.028252170300234025e-01,2.209048566617830278e-01,2.199208414423476365e-01,2.475519888040935146e-01,1.467932037348844421e-01,-1.659793138133869861e-01,-3.267411602632787626e-01,-1.010518029345520569e-01,-1.927314075791038972e-01,-2.934552054405108017e-03,2.246178740897859100e-02,-2.189324528219369764e-02,8.311211213400100661e-02,-4.226454702499398558e-02,-1.485644311298681478e-02,7.307953029673525634e-03,-1.923902823030329556e-01,2.254925542848396081e-02,-5.576960923662285796e-02,4.077759069340272657e-02,1.752859110887581770e-02,9.237060199864424725e-02,1.992521484332291162e-02,-9.201198311867223034e-02,1.061774288775666347e-01,-1.460234851632371822e-01,-1.015022632350047055e-01,1.053246156873892947e-01,5.175045374035118495e-02,2.753274583980232504e-01,1.145962257549583418e-01
5.558680107585663999e-01,1.506024359843432248e-01,1.759462946360237090e-01,2.072423520150445120e-01,1.677199274015438168e-02,2.469659530734075181e-02,5.015285036408563268e-01,4.528263103802672163e-01,1.304060702805536764e-01,4.580262841398613505e-02,6.130546019111762224e-01,5.587981894119962156e-01,0.000000000000000000e+00,5.498239706107453939e-01,4.678095821215368377e-01,3.821521506199295759e-01,5.378845859482626890e-02,-9.154840261529378909e-02,2.450066694364872733e-01,2.447661323828475288e-01,-4.321182567623712556e-01,-1.726356300977455183e-01,7.062605234960966927e-02,1.248868382497649310e-01,-1.455948918676608916e-01,-1.632590584067700190e-02,-7.017559204915702065e-02,-5.297763005401150416e-01,1.695567558111565343e-01,1.540530493538300183e-01,-1.061293214668386914e-01,1.422142529137783995e-01,4.444250071067765845e-02,1.604207211738208350e-01,7.695436356082308027e-02,-1.291771446065032580e-01,-8.178259823751940147e-03,4.162603048260479777e-02,-4.158229647285211633e-02,1.025431326671185916e-01,1.603113861494391001e-01,1.987229669152216216e-01,-3.113817760381360489e-01,-3.854584417572325394e-01,-3.505630753755658024e-01,-3.059456386258774252e-01,-3.884585948262666566e-01,-5.180949465351730732e-01,-2.395224246135006785e-01,-2.897378146115326542e-02,-5.019789639413089338e-02,-8.239487437405698667e-03,1.907196431304804263e-01,5.275633596466292041e-02,-6.857055389123352385e-02,-8.326080776716013321e-02,4.456058253700990318e-02,6.898165358290875293e-02,2.492051343727449686e-01,2.624740329317093446e-01,4.124991799873171106e-01,3.468063239378102458e-01,-9.984037086440269992e-02,4.658546718855918062e-02,3.996851151297806659e-01,2.979598084450372775e-01,-4.316546762589927866e-01,-3.165992434016312584e-01,-1.854453215543067079e-01,-1.884892086330935135e-01,-9.672650937001159299e-02,7.605781636089305187e-02,1.816929435175264063e-01,1.919791826113577127e-01,-9.552382410181277372e-02,-4.267127331569395277e-02,2.264109684896459598e-02,-1.245981937853972085e-02,-1.214580918851544955e-01,-3.098029782860641790e-01,-1.304366840873805444e-01,-6.053224289869016395e-02,1.735890315103540138e-01,6.040978767138265038e-02,2.418140867245413272e-01,-9.998469309658655768e-02,2.842273293826944394e-02,1.458704161291027868e-01,1.309265049966106265e-01,1.095449476285233203e-01,-1.106470446742909616e-03,-6.917845662679582286e-02,-2.571559773457829639e-03,7.176313660317945597e-02,4.956375325271697441e-02,-1.229100610089436107e-01,-2.049594367059543731e-01,-1.887997201023375662e-02,-1.713498502110166050e-02,-2.838774573046729671e-02,2.298659552601080291e-02,9.928057553956834425e-02,-4.152544226017362144e-02,6.076840655135466035e-02,2.165270822855393587e-02,9.198136931184536236e-02,8.562681769478035221e-02,1.426428462093547178e-01,-1.444840480199427180e-01,1.094662264109684882e-02,-2.381098160984889966e-01,-1.164942817782248369e-01,1.193413658131245725e-01,8.168638341606350439e-02,2.716669217817235804e-01,-5.632503116048195174e-02
