1.000000000000000000e+00,5.545915536691560233e-01,-1.867056021954889289e-01,-1.486567014240083688e-02,-3.070556566489112682e-01,-7.778734169122968924e-03,-1.213843270036462085e-01,-1.519901184732949835e-02,-6.212713104667012126e-02,2.621755340887556643e-02,3.268278427083785020e-01,2.652235558427266660e-01,-1.328595010376972807e-01,9.948879994703063723e-02,-6.002433851078451364e-03,8.007050405375477908e-03,4.174739548253494914e-01,2.323597167965405497e-01,6.108121436839738516e-01,5.522124984874049458e-01,-3.365723796716356131e-01,-5.057889581701823650e-02,-2.019023308804558936e-01,-4.841742600841573707e-01,-2.174461002445266800e-01,-1.940939156006201149e-01,-1.419327882663719842e-01,9.115525732381406232e-02,1.749701476521099974e-01,-1.182061649950112842e-01,-9.501836804120651625e-02,-2.520542753356819210e-01,1.184344812312637940e-01,-2.477916112048476199e-02,-3.281657758528181978e-01,-3.483626301117151436e-01,-2.343049711294119264e-01,-5.730052581229209269e-02,-3.091744313213345419e-01,-2.055599569852210873e-01,2.787901066008506845e-01,2.886944649294845289e-01,-1.245761879864562827e-01,7.928737936340866932e-02,2.929068994883433225e-02,1.744450203087292151e-01,-8.539712184552579466e-02,3.844617102255992735e-02,2.313368600581293122e-01,2.880460468185274125e-01,2.062083750961782036e-01,1.012742329145252529e-01,2.131788697889672873e-02,-1.093474950284139546e-01,-5.048071983542965283e-03,1.083657352125281664e-01,6.879054040169958473e-01,5.305270223681416430e-01,4.993846877432994713e-01,4.502738653253848811e-01,3.356362831030003102e-01,-1.469192148661267738e-01,5.118370552685113095e-01,3.179463411181559507e-01,-5.529111461703376529e-01,-4.491642484171977090e-01,-2.392822650797166162e-01,-2.433417277602862305e-01,6.263330814244193467e-01,3.092703241405606041e-01,1.512252590818490838e-01,4.955603907860699903e-02,1.235533312480450452e-01,3.908294500546817263e-01,-8.260709743852014120e-02,4.290062079184637014e-03,-6.822774087933715370e-02,7.097666836381735789e-02,2.244576918598412130e-02,-1.989433524586233792e-01,2.791828105272050053e-01,-7.631470196740100520e-02,-1.708239248017644207e-01,-2.726620988198333873e-01,-1.965551646274221465e-01,-2.237795926381712652e-01,-1.581158430919497870e-01,1.608031251926418312e-02,-2.860094659911550097e-01,-1.637095908801362576e-01,-4.105422738927233528e-01,-3.199646566466280984e-01,-3.412848267878873521e-01,7.585806949489598550e-02,-3.004299194728634603e-01,-2.571868243266383636e-01,-2.025827132644883732e-01,1.395697152211585260e-02,8.295870444234901275e-02,2.366497788757251919e-02,-7.970748123811328967e-02,2.743219578573891093e-02,3.780688556105290393e-02,1.671571660475491272e-01,-3.942678925726444961e-01,-2.813335494727036701e-01,-2.210306651536910749e-01,-2.321177015861128901e-01,3.252364785416985565e-02,-5.146019648895291954e-02,-2.710867167896910401e-01,-8.950681409807095812e-02,1.135987433474356656e-01,4.022703766532949310e-02,1.844566872684017325e-02,-2.035051108589485125e-01
5.545915536691560233e-01,1.000000000000000000e+00,8.918260504259239996e-02,5.203327024194671219e-03,-4.152501546842500835e-01,-1.758240503756943740e-01,1.227542244211612676e-01,-1.771528508706839700e-01,-2.572416202233389626e-01,-1.686823185057158836e-01,-5.714527077164038155e-02,2.561023222044389244e-02,-1.468826842683263745e-01,-1.366632495336640996e-01,-1.793446867387080423e-01,-2.146971727600464896e-01,3.948615147869010134e-01,2.824477327056159059e-01,3.820986371803858361e-01,4.079486014488948320e-01,-4.287436442467733033e-01,-1.180783079027098864e-01,-5.760190324414540125e-02,-4.069759742824591298e-01,-1.431748285915856456e-01,-2.910415558381603263e-01,-3.287776633659749703e-01,-3.434561141946487067e-02,1.645771925778957978e-01,-6.893552121171993285e-02,-3.316864122158318939e-01,-4.785485480228955368e-01,-3.591642712488213318e-02,-1.804177730490948428e-01,-1.761345604569977685e-01,-2.849729102785686363e-01,-1.893221062629426854e-01,-5.077524778019538998e-02,-2.902789796090769481e-01,-1.725180312747580380e-01,8.500441791917148771e-02,1.354143597213628737e-02,1.452114094189580207e-01,1.454031950574101173e-01,1.342156994810372039e-01,1.247223103776578801e-01,-4.408558205799689017e-02,1.504489838785905698e-01,1.102196630508985448e-01,1.578920931804223271e-01,2.366748936617129595e-01,-1.013952405197390827e-02,1.793812173365084417e-01,2.117929902349145743e-01,-1.283388395598976106e-01,-2.025393331796003851e-02,6.779142855185861238e-01,7.761222313802401684e-01,2.792467390733557320e-01,6.192164643404286101e-02,1.805912933886467397e-01,-3.109096347168536223e-01,3.310836573521253046e-01,-2.787741244643130237e-03,-3.155353216633294267e-01,-3.996926863460041335e-01,-1.655726513679567358e-01,-4.166611490242905780e-01,5.188417973967383023e-01,4.115879622547597982e-01,-8.486286185269492632e-02,-1.063885166065814403e-01,6.257006454499998427e-02,8.539712184552579466e-02,4.505820922443257853e-02,1.585496439408295710e-01,1.247634073001833432e-01,2.736758229087944971e-01,2.647577907207715464e-01,1.364897291941121749e-01,4.248668345552057413e-01,3.855188143994484062e-01,-7.652475290475331537e-02,-1.594172456385890835e-01,1.327910061668215458e-01,2.602120144569840948e-02,-1.367819739765153975e-01,-2.385425204742584737e-01,-2.572233549244387629e-01,-1.957971547230638321e-01,-2.173365084511254819e-01,-2.071056579046505822e-02,-2.037790903424515354e-01,1.348093216952937212e-01,-2.875254857998716940e-01,-2.880186488701770853e-01,-1.812260125254287202e-01,-1.790067787090543483e-01,-1.133978250595334553e-01,-1.319371034432371692e-01,-3.998342424124806671e-01,-6.467057391852307213e-02,-9.564395452853838298e-02,-1.109365760327314099e-01,-1.801574925397669835e-01,-1.531339828169200612e-01,-2.242727557084766843e-01,-3.140010365557125982e-01,-4.915648566516510679e-03,-3.607624849025888730e-02,-2.751461794702606545e-01,-2.645386071339690948e-01,1.139982967608775544e-02,3.404423398761156211e-02,-9.866229517179654629e-02,-1.747144334675071742e-01
-1.867056021954889289e-01,8.918260504259239996e-02,1.000000000000000000e+00,5.620848925429634546e-01,-1.812305788501537840e-01,1.755272392685661154e-01,6.687725034190356022e-01,1.688147419227423451e-01,-3.202934320268317481e-01,1.797282580156122633e-01,-1.830708077143489987e-01,-6.309724673450702870e-01,3.111699152261814816e-01,-7.763893613766555124e-02,-3.830803969962716105e-01,5.120448230435011017e-02,-2.566753959574327171e-01,-2.717853644726237472e-01,-3.857425643109758662e-01,-2.940507638319683759e-01,2.491158453751121660e-02,-1.027080588781910109e-01,7.812684793453716914e-01,3.043934893342070125e-01,1.386130701912605123e-01,-6.865240907876682397e-02,-5.367486398060225539e-02,-9.631063793839571285e-02,-3.343531458552612134e-01,-3.634817312763562458e-01,-1.285762884456002342e-01,-2.864250015411345940e-01,-4.208484687971615901e-01,-5.656192278801522866e-01,6.776654208210708408e-02,-1.190600677185956746e-01,2.746575827246803270e-01,1.035528289523252876e-01,-1.915413400793170573e-01,-2.345469863398395860e-01,1.346586329793670600e-01,1.279233040099180541e-01,2.616207256346620436e-01,1.340216306802225529e-03,-2.369237583592281871e-02,7.267534116153602508e-02,3.036674437029240337e-01,2.815755646831313297e-01,-1.713353531709700395e-01,-2.059983241588259073e-01,7.264794321318572556e-02,-9.879243542646048981e-03,1.314028434504062870e-01,3.016673934733520857e-01,-3.196267486169743766e-01,-2.838221964478560011e-01,8.974882930849861773e-02,2.121491635634684958e-01,4.121108064357780452e-03,-3.640616545164376272e-01,-3.200765316023918700e-02,-3.564861217975793806e-01,-2.270582137907573017e-01,-5.446004351707462998e-01,3.998707730102810665e-01,3.983890006370022913e-02,4.361228250024544173e-01,-2.472276701013039202e-01,5.088483957359659499e-02,3.269739650995800995e-01,4.780713670891278272e-02,4.122706278011548098e-02,-2.530771320740931585e-01,-6.040562662532620447e-02,-3.015486690305007600e-01,-2.746621490494053353e-01,1.046944101335878230e-01,-1.218866227234017274e-01,-2.879067739144133831e-03,3.746441120667413915e-02,-2.263276018347492868e-01,2.009251373892951553e-01,-1.937971044934918563e-01,-1.713353531709700395e-01,4.436618271235122091e-01,-1.918084700757324845e-02,-1.382249325896312553e-01,-6.388059974108939443e-02,5.840557639575422871e-02,-2.393598926000424787e-01,9.793168321578851754e-02,4.337255045218030847e-01,1.509786775466963882e-01,4.516026658203745048e-01,-1.697234405430273485e-01,-2.157816748822459149e-02,-3.037450712232498962e-01,-3.528558936411644864e-01,-4.810645929463981951e-01,-1.967515165905993069e-01,-1.420012831372477469e-01,1.043245378308587656e-01,-1.813082063704796187e-01,-1.088360666592083359e-01,2.470587160864770593e-01,4.356205292826988984e-01,-2.111719700723077575e-01,-1.698832619084040818e-01,-3.271771665498448591e-03,-1.845502969252652559e-01,-4.002383621506476474e-03,-1.114754023502873420e-01,-5.043733975054168206e-02,-4.930489121872923958e-02,2.027699325782154338e-01,-1.398048809444986107e-01
-1.486567014240083688e-02,5.203327024194671219e-03,5.620848925429634546e-01,1.000000000000000000e+00,-1.770295601031076083e-01,4.882337227647269851e-01,4.656441143499037705e-01,7.572450449668827188e-01,-2.837217373039048751e-01,6.280637184952133634e-01,3.153732171355901753e-02,-1.630794380680793410e-01,8.445189262744041969e-02,3.712490496336666168e-01,-3.723404012429535892e-01,4.946722406270477324e-01,-2.135281936304336547e-01,-1.668831865640461320e-01,-2.435061154503880276e-01,-9.277173627648183096e-02,-8.748849856959878268e-02,-1.749130685930468457e-02,5.152480998381238075e-01,4.879369116575987264e-01,-5.522741438711931128e-02,-9.554806170931233467e-02,-4.863135832178433677e-04,-1.677325229629054726e-01,-2.980965275383628543e-01,-2.933429834995855967e-01,-1.387409272835619101e-01,-1.443072771233980811e-01,-2.309213245081497556e-01,-1.806278239864471391e-01,-3.015372532186881560e-02,-1.169664078321601755e-02,1.425766400526040645e-01,1.814429129498686122e-02,-1.487777090292221882e-01,-2.211904865190678360e-01,7.709097717065953315e-02,7.508179429163745755e-02,-8.504779800405946888e-03,-1.405628908488569251e-01,-7.166161707257488744e-02,1.876416987641242040e-01,1.716253147910107302e-02,6.386233444218918087e-02,-1.766596878003785509e-01,-1.048177009011641847e-01,-1.446634504519520026e-01,-6.486692588170021867e-02,1.841484603494608352e-01,2.109801844338556331e-01,-3.451433711805547699e-01,-3.091789976460596057e-01,1.541362910940685671e-02,4.673861672325103911e-02,-7.322786645326709309e-02,-2.053362070736936273e-01,-7.524161565701421861e-02,-4.349424300610289437e-03,-1.355399336513017361e-01,-1.327818735173714459e-01,1.941487114973207140e-01,1.575861494238439686e-01,1.946373082429010692e-01,-5.965674937041797604e-02,5.987593295722038605e-02,-4.080239458068581765e-02,-1.408642682807102475e-01,-9.176029534988321482e-03,-3.428556424933046354e-01,-2.343666165132000934e-02,-2.839180892670820633e-01,-4.675026085129991849e-01,5.153325768455371825e-02,-5.285292553009322131e-02,-3.642306085312644881e-01,-1.920984316957731752e-01,-3.579199477612451386e-01,-2.398918694305108082e-02,-1.959615424131656292e-01,-1.573897974606668082e-01,-8.061846302076078677e-03,-2.330766297783734287e-01,-1.756139994383420500e-01,-8.165273557098465251e-02,2.591389281465972857e-03,-1.015253807744030123e-01,2.057974058709237108e-01,2.923064277869992234e-01,2.067837320115345490e-01,2.548077691448871751e-01,-1.481886531396907347e-01,-7.232830048243220344e-02,-3.964962590384690233e-01,-2.743059757208514138e-01,-1.596181639264913077e-01,-6.313628881090621592e-02,1.338138629052327833e-01,1.592711232473874861e-01,-1.142722762443805669e-02,1.193751441246241329e-01,3.127932436659368320e-04,2.189712527026934363e-01,-7.487630967901019730e-02,2.227202053019596284e-01,1.096854030580676626e-01,-9.646132665432237407e-02,-3.878407905221364221e-02,8.157739121302133925e-03,-1.501658717456374470e-01,-1.597779852918680688e-01,1.105438721063771029e-01,-3.853681256835217450e-01
-3.070556566489112682e-01,-4.152501546842500835e-01,-1.812305788501537840e-01,-1.770295601031076083e-01,1.000000000000000000e+00,1.067492562598604117e-01,-1.581089936048622399e-02,8.778759283908955935e-03,5.601168065864667867e-01,3.626803412871099780e-02,-5.825488767982757443e-02,1.240738922667007638e-01,2.467984355771492000e-01,-1.046898438088627731e-01,4.228713506503588015e-01,-3.340951485082958861e-02,-3.339467429547317567e-01,-2.216836495893732550e-01,-1.063428533593309411e-01,-1.950208795198052902e-01,5.864690665747313014e-01,1.790615746057549473e-01,-1.827055017363449774e-01,6.314998778508136568e-02,2.414923662466408882e-01,7.068236873528787045e-01,3.827744532396932242e-01,-6.194219489530559258e-03,-1.651662484674272513e-01,8.188105180723716237e-02,3.507827822159917397e-01,2.854295427510736838e-01,2.137154129441606876e-01,2.075143439675425638e-01,1.067812205329357611e-01,2.005004691898654989e-01,2.235467100771937332e-01,-3.319033126402717859e-02,1.916007023007427201e-01,1.137631310375374766e-01,-2.224233941948313698e-01,-1.999251122745091813e-01,-2.850779357472447706e-01,-2.894570411585679071e-01,-1.006440801024683224e-01,-4.354515752678720375e-01,-1.923495795556509347e-01,-4.094965855306868519e-01,-2.019982236996819558e-01,-2.321542321839132894e-01,-4.493103708083993064e-01,-3.037724691716002234e-01,-5.398468911319690422e-01,-3.291840662665044270e-01,-2.324944233759295223e-02,-1.342841943519129388e-01,-2.729771752258618456e-01,-4.429814447394797572e-01,-1.656274472646573348e-01,-8.141528668528205670e-02,1.108132852651550621e-01,3.382299555468287755e-01,-3.008819856206434440e-01,-4.097591492023772153e-02,2.923155604364492954e-01,3.610341812237293779e-01,6.832363369856320201e-02,9.901390217562541785e-02,-1.480630792097518446e-02,-1.321654196794896652e-01,2.203502827696585953e-01,3.116448129975866732e-01,6.546511442068179976e-02,-1.135576464249102163e-01,1.865594798042873315e-01,-6.842409284251431412e-02,6.214539634557032094e-02,-9.735632630043219993e-02,-1.032286198968467295e-01,-5.783478580512296102e-02,-1.310147058487770300e-01,8.347926546100473133e-02,5.394884346410526443e-02,3.210811230419028522e-02,2.923132772740867982e-02,5.856996408585603969e-02,3.273484037270342206e-01,2.187475027911659764e-01,3.636780832395334340e-01,2.643376888460668983e-01,-8.911182700935412274e-03,-4.270198566630668824e-02,-8.007735354084234702e-02,-2.036192689770747744e-01,2.161469808602499085e-02,8.778074335200199141e-02,1.346540666546420240e-01,1.273479470945617364e-01,1.980574854619636671e-01,-2.613535956382466094e-02,2.864227183787720551e-02,-1.855526052024137479e-02,3.468123628675605970e-03,9.961437387696951001e-03,2.266426782407777452e-01,1.454853889024610158e-01,-7.853850210850044089e-02,3.757057825653155603e-01,1.903814935991543222e-01,1.512206927571240478e-01,1.200235622355812631e-01,2.397343312274965721e-01,-3.749934359082077173e-01,4.669295347600053991e-02,1.023610181990871892e-01,7.457949857188193865e-02
-7.778734169122968924e-03,-1.758240503756943740e-01,1.755272392685661154e-01,4.882337227647269851e-01,1.067492562598604117e-01,1.000000000000000000e+00,2.010758261052218165e-01,5.058734351775957538e-01,9.005933938980202613e-02,9.080981485836402411e-01,4.218142464765096966e-02,-2.798472107746998241e-02,3.687786679574144300e-01,4.756443654977636215e-01,-1.218455258008762782e-01,8.031000778558365916e-01,8.105454703200308531e-02,1.324028685651922888e-01,2.581115050834609931e-02,1.306448335460479726e-01,1.560792622645774119e-01,9.775359655151157068e-02,1.214025923025464082e-01,1.584080878743530096e-01,5.747861247656904649e-02,1.734723931422935406e-01,1.271881257291849754e-01,-1.243661370491039725e-01,3.227249999429209620e-02,-1.354029439095502385e-01,1.714266796654710379e-01,7.258401466703501281e-02,7.853393578377539097e-02,1.479512042539881111e-01,2.046398425531234869e-02,1.142836920561931952e-01,-5.329129270369804133e-02,-2.496021589583300171e-01,-1.183751190098381451e-01,-2.217475781355239539e-01,1.508485372920324516e-02,8.105911335672813522e-02,-3.522074755302073701e-01,-4.087248766521533461e-01,-2.249394391183340280e-01,-7.458863122133203849e-02,-2.543420040229320556e-01,-3.049003513786875952e-01,-2.167063556390685652e-01,-2.155419428341807664e-01,-3.497507928281303746e-01,-3.584724730529761927e-01,7.694257161709540426e-04,2.626778298085111554e-02,-2.301404829801661778e-01,-2.508761635566190140e-01,-2.380196762932402371e-02,-1.789565491370787853e-01,-2.225375523129576316e-01,-3.392094322003520734e-02,2.938201644333533410e-02,1.496612928635194031e-02,-8.367790058654440630e-03,1.392957357376555134e-02,5.172960964773087866e-02,-5.251045117571445653e-02,-9.763487210866025889e-02,-7.032825025286022769e-02,1.366997801314644989e-01,-6.855651625954076178e-02,-3.411272885848731090e-02,5.902203023363600254e-02,-1.860092376749187745e-02,9.663484699387427102e-02,-2.189781021897810320e-02,-3.524403580911849576e-01,-5.116566854418718412e-03,-1.182700935411619969e-01,-1.629744125994031789e-01,4.644180561612278046e-02,2.428143172545429301e-02,7.383518764169876014e-02,-5.953802492756667120e-02,-1.842283710321492018e-02,-8.018237900951850905e-02,-2.085098027576035018e-01,9.025569135297918655e-02,1.264438147990017969e-01,7.167988237147508712e-02,-5.787816589001093873e-03,-7.432378438727912928e-02,-2.046398425531234869e-02,-2.479445830831367992e-01,-1.014705848777024133e-01,-2.087198536949557981e-01,-4.774320816276207691e-02,-3.664452760229138240e-01,-1.326083531778195213e-01,3.863339033628698099e-02,-2.462847240455810424e-02,8.394046425823480095e-02,-4.180698602019685545e-02,-7.701106648797115956e-03,1.356312601458027622e-01,-1.206582813723632297e-01,3.076104651030048612e-02,9.851845594295747729e-03,3.352846760991714525e-01,6.818664395681170443e-02,-2.333460429371513878e-01,-1.605177298973261835e-01,5.366573133115215555e-02,-2.955576509912349326e-01,-2.157656927457082263e-01,-1.165531554445431300e-01,-2.584151656776768613e-01
-1.213843270036462085e-01,1.227542244211612676e-01,6.687725034190356022e-01,4.656441143499037705e-01,-1.581089936048622399e-02,2.010758261052218165e-01,1.000000000000000000e+00,2.420722894867222696e-01,1.340444623038478111e-02,1.911121055551623371e-01,-2.443280539008970409e-01,-4.518401147060771006e-01,4.363374422645317496e-01,-5.525481233546961080e-02,-1.212975668338702601e-01,-5.542833267502152161e-02,-1.661297429844128537e-01,-2.583969003787766616e-01,-2.828221713330700271e-01,-2.646938621746208198e-01,6.395366093669019314e-02,-1.028633139188427081e-01,4.499085593473808875e-01,1.044569612478852272e-01,1.275534317071889967e-01,1.016121409441789608e-01,-1.547002321976122807e-01,-1.318069631885732292e-02,-8.599531038450737574e-02,-9.345668498523936052e-02,-1.907057026546328804e-01,-2.410996623202865952e-01,-2.986718844537191719e-01,-3.277228423544883418e-01,7.017756153693358034e-02,-8.688574370589215168e-02,2.664473308690400999e-01,1.160828239978629606e-01,-3.178846957343677698e-02,-6.332807444935831254e-02,1.539833192157794017e-01,9.435625095607423629e-02,3.302137724920032463e-02,-2.667030450536428954e-01,-1.060049453296772332e-01,-2.073362573032656031e-01,2.176150542593535409e-01,6.478016571192427020e-02,-3.511663534928959329e-01,-2.923201267611743592e-01,1.455630164227868784e-01,-8.369388272308209142e-02,2.002767192783380390e-01,3.782766233855188176e-01,-1.617871681708901443e-01,-1.498142647418085893e-01,6.457468109929700995e-02,7.620967649872485705e-02,-8.696793755094306411e-02,-5.606328012803974969e-01,1.761710910547981679e-01,-2.117062300651386120e-01,-2.707762067083876456e-01,-4.186977298516629253e-01,1.773948660811116296e-01,-1.210281536750923009e-01,2.570909315074123014e-01,-2.900552296975494881e-01,-2.103020852121856993e-02,1.658831614492601303e-01,-1.465219446150474170e-01,-1.201742509515079105e-01,-3.969848557840493508e-01,-2.129482703903522733e-01,-2.176470185324289042e-01,-2.253001787716129856e-01,7.555212573831762701e-02,-1.085849187993305764e-01,-1.230099386057640770e-01,1.875161248341853173e-02,-1.498142647418085893e-01,9.022829340462888703e-02,5.536440412887081580e-02,-1.626410708944745209e-01,3.422574539543230543e-01,-1.206537150476381798e-01,2.908977166093212538e-02,-1.127539732733013889e-01,4.650573416227347934e-02,-7.277123398076207339e-02,8.205457214678907318e-02,4.750872738813075036e-01,-4.455591350467705963e-02,2.717807981478986834e-01,4.138688414549223510e-02,7.852023680960024121e-02,-9.227400688145136198e-02,-2.183228345917363200e-01,-1.546454363009116539e-01,-9.855270337839534822e-02,-2.111856690464828934e-01,1.498896090997719165e-02,-2.222498738552794728e-01,-1.149458091413254612e-01,2.358072919639534193e-01,3.638424709296352311e-01,-1.986351255396825023e-04,-1.910207790606613387e-01,-1.488644691989981506e-01,-1.799200436540643600e-01,-4.282071010915799308e-02,-2.265582012333643147e-02,-9.326489934678725002e-02,-4.618609143151997110e-02,1.046350479121621740e-01,5.725942888976663647e-02
-1.519901184732949835e-02,-1.771528508706839700e-01,1.688147419227423451e-01,7.572450449668827188e-01,8.778759283908955935e-03,5.058734351775957538e-01,2.420722894867222696e-01,1.000000000000000000e+00,-6.669802209644534741e-02,6.491144754776946302e-01,4.497144905465662312e-02,1.362066170611590799e-01,2.485222231608556417e-02,5.913504677058100123e-01,-3.224533036217804294e-01,4.359036414156519657e-01,-1.695133896056750245e-01,-7.191276493245264689e-02,-7.101776528634280716e-02,-3.770642641710179876e-02,-1.535403857174495179e-01,-4.010374689775313833e-02,2.168935749527956258e-01,4.717355915331206684e-01,-3.034254284924963740e-01,-3.069255163942473386e-02,1.354303418579005380e-01,-1.453483991607095183e-01,-1.977150111075848815e-01,-2.066147779967076881e-01,-1.442661802008726180e-01,-6.302669701750500397e-02,3.767217898166392285e-04,1.049957875654411454e-01,6.141021806483724227e-02,2.425928505053779882e-01,-4.106267509001367694e-02,-1.296037115087365077e-01,-2.376566534775987616e-01,-1.924591713490521327e-01,-1.315398331921577846e-01,-1.511681800227859633e-02,-2.834523241451269437e-01,-3.164896835308649292e-01,-6.617746107778962883e-02,1.520745954807084244e-01,-1.822306039649397580e-01,-2.739726340159227558e-01,-3.781601821050300377e-02,-6.639664466459203884e-02,-1.342613627282877031e-01,-6.167963122361520834e-02,-1.379258383201404682e-02,8.572133090100436670e-02,-2.839957167874079258e-01,-1.575085219035181339e-01,-2.473509608688802819e-01,-2.228663276931612536e-01,-9.269410875615598233e-02,-8.619622867240958608e-02,1.017810949590058217e-01,3.189783305060172602e-01,-8.877620214206292937e-02,1.258684578836454793e-01,1.410606202438874079e-01,1.812442778243289199e-01,-1.667850105824575380e-02,6.503587989652707957e-02,-5.744208187876864713e-02,-2.790869177079789432e-01,-2.148661267748733505e-01,-7.120498460006986774e-02,-3.715321617666196841e-01,-4.159693508284454527e-02,-1.320969248086139025e-01,-2.582051147403245372e-01,6.394909461196514322e-02,5.347394569270004505e-02,-3.436867135932637485e-01,-2.545246570119341079e-01,-3.424629385669503145e-01,-2.552598352926671588e-01,-2.343871649744628249e-01,-3.540477043944025848e-01,-2.543009071004066479e-01,-1.927057528842048562e-01,-5.537353677832091564e-02,6.458381374874710978e-02,1.067583889093105115e-01,1.531522481158202609e-01,2.114687811794360162e-01,1.293069004016082491e-01,1.184025169581884446e-01,-1.312133409743167049e-02,-1.804040740749196792e-01,-7.691745683110763621e-02,-3.344855692722876750e-01,-1.241697850859268121e-01,1.921897581902741736e-01,8.635605003778633326e-02,1.652849729102785770e-01,1.992972426248147688e-02,6.969353111607826112e-02,1.338001639310576196e-01,-1.119183358486171981e-01,-3.896216571649059601e-02,5.185746674003228335e-02,4.791467365618771179e-01,1.879659078196027622e-01,-1.644402028361443002e-01,1.413277502403028360e-03,1.782122382068956068e-01,-1.477320206671857150e-01,-1.877558568822504659e-01,-1.958268358337766565e-02,-3.359970227562792400e-01
-6.212713104667012126e-02,-2.572416202233389626e-01,-3.202934320268317481e-01,-2.837217373039048751e-01,5.601168065864667867e-01,9.005933938980202613e-02,1.340444623038478111e-02,-6.669802209644534741e-02,1.000000000000000000e+00,-7.920290235599524234e-03,1.027719874243417097e-01,1.238227444068230043e-01,3.802584083161905659e-01,-1.473895463128069294e-01,6.758320414439632495e-01,-9.416446531762212580e-02,1.974707127347946969e-02,-3.573377413588012252e-02,1.172381041533006596e-01,-9.878101961464785807e-02,3.313804684592535632e-01,2.174141359714513444e-01,-4.755530390032626231e-01,-1.778697638525168490e-01,-1.174687035519156840e-02,3.058821111945733695e-01,6.932365881334918989e-02,1.591135850443732569e-02,3.902609426264130182e-02,1.221012399854790875e-01,2.376201228797983622e-01,2.421362180328729685e-01,1.710773558240047051e-02,1.963496800147948862e-01,-1.911006897433497123e-03,5.265200724219101097e-02,-8.911182700935412274e-03,3.139119932235741317e-02,3.380701341814520422e-01,4.207023464059599926e-01,-5.459041208797481455e-03,1.067857868576608110e-01,-3.112018794992568171e-01,-1.832534607033509955e-01,-5.965218304569292612e-02,-2.448257832959275238e-01,-1.046898438088627731e-01,-1.796962937425369000e-01,2.262842217498612848e-02,1.056624709752984614e-01,-8.820997787615671160e-02,2.482939069246031458e-02,-1.078360415444223480e-01,-1.507320960115436648e-01,1.913860850386653600e-01,5.617720992992975004e-02,-2.628148195502626877e-02,-1.940436860286445520e-01,-6.826655463950008019e-04,6.820490925571190410e-02,1.331700111190007030e-01,1.774953252250627278e-01,2.870163405930285794e-02,1.950163131950802542e-01,-1.135302484765599168e-01,3.947816041042126467e-02,-1.022651253798611409e-01,8.407745399998629854e-02,-1.958268358337766565e-02,-1.929386354451824159e-01,-3.557851909522841832e-02,-1.625040811527230233e-01,5.632561548349387937e-03,-1.139503503512645233e-01,2.978499460032101309e-01,1.637141572048613214e-01,-1.893769021596432844e-01,-9.295438926548384162e-02,-1.866941863836762971e-02,5.786218375347326054e-02,1.484398009995684942e-01,-3.685709001824246517e-02,2.122998522793951570e-01,9.300918516218444065e-02,-9.613255127411875212e-02,1.022833906787613406e-01,3.976561055186317306e-01,2.406612951466817751e-01,8.735150882784727122e-02,2.070257472219622086e-01,-2.081764610526748438e-01,-2.012904433672991766e-01,-3.448511263981515751e-01,-2.955987479137603957e-01,3.652032356977001903e-01,2.862012516296071341e-01,2.618353428967394314e-01,1.678329821068565708e-01,9.989520284756009394e-02,-1.858973627191550515e-01,-2.290445650461541138e-01,-3.107543796762018973e-01,-1.163727856179036513e-02,-2.164095445319403066e-01,2.985691421474055349e-02,-1.779245597492174480e-01,1.028633139188427081e-01,1.211697097415688484e-01,-5.274105057432949741e-04,2.970051759290758264e-01,-8.742913634817313373e-02,9.132877766336597314e-02,-2.138341373870120132e-01,-1.895709709604579199e-02,-3.579770268203082834e-02,1.149412428166004113e-01
2.621755340887556643e-02,-1.686823185057158836e-01,1.797282580156122633e-01,6.280637184952133634e-01,3.626803412871099780e-02,9.080981485836402411e-01,1.911121055551623371e-01,6.491144754776946302e-01,-7.920290235599524234e-03,1.000000000000000000e+00,7.935587423428441811e-02,3.272913246679710897e-02,2.749863581048839212e-01,5.571806597882594803e-01,-1.763537440438001924e-01,8.522748288199019084e-01,2.257819260301057937e-02,9.205938961937400189e-02,-2.786143030989362765e-02,1.071510928356648185e-01,6.135998849286169315e-02,8.953421204642125764e-02,1.837009605264059153e-01,1.937697065451415568e-01,-6.449248725424611139e-02,6.925973026719849102e-02,8.124176634573014588e-02,-1.079228017141982965e-01,-2.492071718696131644e-02,-1.755592035416414509e-01,1.294941197153353096e-01,1.180600426038096867e-01,8.904333213847836310e-05,7.152462733082337598e-02,-9.170778261554514421e-02,3.615844233530979279e-02,-3.722239599624647954e-02,-2.180625540824084607e-01,-1.511932948087737483e-01,-2.923566573589747586e-01,2.185671329645265046e-02,7.915495594638222165e-02,-3.283164645687448591e-01,-3.558559689855224639e-01,-2.557666973371477415e-01,-1.347065793889800787e-04,-1.905093506914557200e-01,-2.072038338862391416e-01,-2.083225834438764412e-01,-1.195121338663756444e-01,-3.930760818194063977e-01,-3.285950103769729180e-01,-4.956745489041962556e-03,4.351935779209067240e-02,-3.005166796426394504e-01,-2.098614348762183612e-01,-7.348814696259495238e-02,-2.127427857777250131e-01,-2.180808193813086604e-01,-8.751361335558656418e-03,-6.896291916007023237e-02,-9.641794656943439290e-03,-9.186303765619684147e-02,1.714426618020087334e-02,3.597122302158273222e-02,-4.814961106329154056e-02,-1.696275477238012863e-01,-1.163979004038914189e-01,9.498183744340611689e-02,-1.828242261791962753e-01,2.728150706981225665e-02,1.233204486870674854e-01,-6.048782047037710996e-02,1.159458342561114491e-01,-7.960702209416217756e-02,-3.827972848633184877e-01,1.021053040144843799e-01,-4.061974159168380699e-02,-2.613787104242343839e-01,-5.669777094858546862e-02,-1.212062403393692478e-01,-2.177908577612679836e-02,-1.386769987374112112e-01,-7.667087529595492668e-02,-1.398459778670240461e-01,-2.101080164113710569e-01,-6.317738573343166519e-02,8.924196726401804891e-02,4.022703766532949310e-02,2.647326759347837580e-02,-3.067885266524958410e-02,3.966081339942327533e-02,-1.757007596081180123e-01,-5.647402103705800869e-02,-2.346383128343405844e-01,-6.266595736422604646e-02,-4.168255367143923751e-01,-1.443803383189988798e-01,1.084113984597786656e-01,5.059716111591843618e-02,1.277543499950911932e-01,7.607725308169839551e-02,1.037080839929769988e-01,2.825801561226423675e-01,-1.550427065519910386e-01,2.719474690003630124e-02,1.080620746183123294e-02,4.360223658585032913e-01,4.768384594133642795e-02,-2.514378214978001957e-01,-7.561605428446832589e-02,1.266812636847044204e-01,-2.318893853498603941e-01,-1.932856761242862376e-01,-1.383368075453949783e-02,-2.298299728988627555e-01
3.268278427083785020e-01,-5.714527077164038155e-02,-1.830708077143489987e-01,3.153732171355901753e-02,-5.825488767982757443e-02,4.218142464765096966e-02,-2.443280539008970409e-01,4.497144905465662312e-02,1.027719874243417097e-01,7.935587423428441811e-02,1.000000000000000000e+00,3.868476148944379744e-01,2.771051327773071948e-01,2.530040708784923598e-01,3.051012696665897916e-01,2.772010255965332570e-01,1.144983093182705552e-01,1.214573881992470072e-01,1.589560468413590277e-01,1.076670875295954871e-01,-1.518599782186310643e-01,-5.833479836251595670e-03,-1.962126902730433886e-01,1.015116818002278626e-01,-1.787191002513761895e-01,-1.449785268579804609e-01,-1.140279778715903858e-01,-1.867398496309267963e-02,-1.467913577738253761e-01,-1.749564486779348338e-01,-6.052891739290255924e-02,-4.703086150565425477e-02,7.514572283778817030e-02,1.230693008271897260e-01,-3.259739399847941255e-01,-1.943587624346730103e-01,-1.154252732374557305e-01,-1.332111080415261661e-01,-3.429538184748932156e-02,-8.931046213489379770e-02,2.983750733465909133e-01,2.626527150225234086e-01,-1.967469502658742708e-01,8.036046567379545591e-02,-1.853265721285237699e-01,2.167428862368689646e-01,6.557013988935794790e-02,1.843265470137377959e-01,1.084661943564792785e-01,3.457963556162369501e-01,-1.368596014968412322e-01,1.412021763103639693e-01,7.947916500186077982e-02,-8.426467331371335912e-02,-3.625433515453584110e-02,5.933938980202699102e-03,2.404329789104292514e-01,1.823493284077910559e-01,2.440129774948685826e-01,3.504631394852382176e-01,1.513348508752502819e-01,9.690882647737728006e-02,3.634315017043807106e-01,3.817378975271068509e-01,-2.659176372009342537e-01,-5.035514590549077657e-02,-2.939411720385671778e-01,2.493898248586151611e-02,1.959638255755281541e-02,-6.688980773489745790e-02,9.883124918662340719e-02,1.622940302153706993e-01,1.946738388407014686e-01,2.985714253097680460e-01,-2.099436287212692598e-01,-8.267330914703337197e-03,-1.691891805501964663e-01,-1.631524992636801397e-01,-1.729016025516622590e-01,-4.180858423385062084e-01,-1.380468459253542945e-01,-2.283915806104719615e-01,-2.153250424097408883e-02,1.355308010018516363e-01,-4.696236663477849904e-02,-8.148606471852032351e-03,-3.940053289009541604e-02,2.643559541449670980e-01,-2.033681211171970149e-01,-1.485950560402201914e-01,-4.485729093653036820e-02,-1.858608321213546521e-01,6.870720497546742300e-02,4.804915191934044233e-02,-1.279141713604679542e-01,-3.711737052757032446e-02,7.462059549440738793e-02,2.162839706020014061e-02,9.267127713253071886e-02,-2.157360116349954157e-02,3.101379258383201165e-01,8.992691597277557847e-02,3.365449817232852858e-01,2.650409028537246137e-01,-2.474970832600818793e-01,-2.441590998860702078e-01,-1.419419209158220840e-01,5.254241544878981290e-02,1.263273735185130135e-02,-2.320377909034245303e-02,4.958800335168234846e-02,1.143110900045434947e-01,1.211057811954181496e-01,2.550977307649278727e-02,1.985095516097436230e-01,-2.745708225549043369e-01
2.652235558427266660e-01,2.561023222044389244e-02,-6.309724673450702870e-01,-1.630794380680793410e-01,1.240738922667007638e-01,-2.798472107746998241e-02,-4.518401147060771006e-01,1.362066170611590799e-01,1.238227444068230043e-01,3.272913246679710897e-02,3.868476148944379744e-01,1.000000000000000000e+00,-1.209642251289415882e-01,5.076588681450904250e-01,3.092703241405606041e-01,1.663306612723150502e-01,3.240492341131855081e-02,2.185876814257892431e-01,2.647029948240709474e-01,1.771893814684843693e-01,-2.605659046231754705e-01,-1.406450846939078514e-01,-5.580482614860190482e-01,-6.697656790467340637e-02,-3.626871907741975321e-01,-1.713513353075077350e-02,-8.302263298849971163e-02,1.232199895431163733e-01,9.590880136259129218e-02,2.171721207610236848e-01,-9.795451483941378101e-02,8.710492729269456169e-02,2.590042215672083148e-01,3.511663534928959329e-01,-2.319487475712860292e-01,5.373879252675295426e-02,-2.779590355008915714e-01,-7.071638785448949860e-02,-1.475151202427458196e-02,9.584943914116564323e-02,4.588928032439170551e-02,-1.057811954181497732e-01,-4.273417825561829364e-01,-9.251145576715397167e-02,-7.303608081481498260e-02,3.536846815787610815e-02,-2.646664642262705480e-01,-2.530634330999180226e-01,1.303069255163942508e-01,2.706529159408113117e-01,-1.222108317788802856e-01,6.611353253163891608e-02,-1.996100358684807230e-01,-3.457278607453611596e-01,-3.496663158207169442e-02,1.278045795670667562e-01,-2.498464573311201878e-02,-8.376922708104542203e-03,3.844617102255992735e-02,4.326387192372411206e-01,8.647934080536269497e-02,4.299400213247364655e-01,3.869252424147638370e-01,5.648566516510689084e-01,-3.289283520819015760e-01,1.087493064894323874e-01,-4.555525367075428655e-01,1.338047302557826834e-01,-4.280244481025779341e-02,-3.423122498510236533e-01,-7.428725378947872993e-02,-3.216975768797846521e-03,-6.609526723273871640e-02,-1.787031181148384870e-02,8.589028491583121372e-02,4.277048053718244397e-02,-1.704860167721107267e-01,-3.104872496797864839e-02,-1.644949987328448993e-01,-2.066193443214327241e-01,-8.916890606841725020e-02,-1.770569580514579078e-01,4.236407763665297338e-02,1.493302343209532701e-01,-4.640595996703113513e-01,1.879727573066903440e-02,1.804543036468952422e-01,1.854452965713750678e-01,3.043455429245940039e-03,1.586455367600556055e-01,-1.636821929317859581e-01,-3.575820397315914168e-01,-1.585039806935790718e-01,-2.901374235426003589e-01,-1.710316925767542059e-02,-4.308327378084837560e-03,1.262337638616495006e-01,2.289167079538527161e-01,4.008205685530915052e-01,1.154892017836064433e-01,1.696184150743511865e-01,-9.514165880878286408e-02,1.544901812602599567e-01,1.791209368271805824e-01,-3.378007210226741108e-01,-3.780665724481664935e-01,1.773035395866106312e-01,2.646755968757206201e-01,5.655393171974638401e-03,4.123619542956558082e-02,1.567847594345976592e-02,1.248456011452342418e-01,6.208603412414467199e-02,4.014484382027859455e-02,-1.042720250965206881e-02,2.986604686419065333e-02
-1.328595010376972807e-01,-1.468826842683263745e-01,3.111699152261814816e-01,8.445189262744041969e-02,2.467984355771492000e-01,3.687786679574144300e-01,4.363374422645317496e-01,2.485222231608556417e-02,3.802584083161905659e-01,2.749863581048839212e-01,2.771051327773071948e-01,-1.209642251289415882e-01,1.000000000000000000e+00,1.782168045316206706e-01,3.359970227562792400e-01,2.253686736424887482e-01,-1.899750906986248378e-01,-1.050825477352170939e-01,-1.181513690983106851e-01,-1.291379463867814159e-01,2.025690142903132374e-01,-1.624926653409104055e-02,6.405412008064129137e-02,8.606380525538312454e-02,-4.813134576439134088e-02,1.229140457865380148e-01,-1.952674610549580136e-01,4.540981622826144315e-02,-1.164846605736673812e-01,-4.025900193840484254e-02,-1.092561685339129562e-01,-3.270630084317185937e-02,-2.498213425451324132e-01,-1.918792481089707791e-01,-4.678884629522659516e-02,-1.264301158248266610e-01,1.247588409754582933e-01,-3.368349433433259765e-02,1.389738098445394698e-01,-1.496612928635194031e-02,2.766758982531524746e-01,2.338163743838315711e-01,-2.536022594174739409e-01,-2.648171529421971537e-01,-2.490359346924237716e-01,-2.776667907184883766e-01,1.345992707579413972e-01,2.495268146003666587e-02,-2.793106676195064031e-01,4.166771311608282249e-03,-1.866416736493382300e-01,-1.303251908152944505e-01,6.583042039868580719e-02,1.616707268904013506e-02,-1.006395137777432724e-01,-6.479386468609941996e-02,9.274433832813153145e-02,5.291228775151887720e-02,-9.947738413521801243e-03,-9.881298388772320751e-02,2.517528979038286541e-01,-4.803545294516529257e-02,-1.553235355225816156e-02,-5.963848407151777636e-02,1.056122414033229123e-01,-1.346997299018925232e-01,-1.095484133163161650e-01,-2.212178844674181355e-01,-1.043062725319585660e-01,1.289324617741541557e-01,4.779800405946268288e-02,2.268321807168673099e-02,-1.011783400952991907e-01,-9.051597186230704584e-02,1.360993084301203963e-02,-1.145165746171707549e-01,-2.623581870777576611e-02,-1.980711844361388030e-01,-1.825091497731678170e-01,2.048681587893759828e-02,-1.316768229339093099e-01,6.395366093669019314e-02,1.740523163823748942e-01,1.772533100146350682e-01,1.849201692279943132e-01,-8.284911264894780081e-02,3.524905876631604928e-01,3.472301815799027080e-01,6.958393932267704918e-02,-4.667468817710034024e-02,-1.696321140485263224e-01,2.244576918598412130e-02,-2.790184228371032082e-01,-3.272456614207205905e-02,2.802125167527038177e-02,1.487685763797720884e-01,-4.999897257693686203e-02,-1.185897362719155052e-01,-1.984547557130430240e-01,-2.062175077456283034e-01,-1.340056485436848799e-01,-9.621474511916966454e-02,-1.040140277495553572e-01,-5.783935212984801094e-02,2.377456968097372420e-02,1.475676329770838902e-01,1.746619207331690914e-03,4.196680738557360957e-02,-1.967606492400494067e-01,-1.038587727089036461e-01,-2.757831817694051529e-02,-5.068848761041944151e-02,-1.833995830945525929e-01,-1.776460139409893890e-01,3.454652970736708101e-02,7.981707303151448774e-02
