1.000000000000000000e+00,8.375807175662143278e-01,5.650622039309494138e-01,4.816276302860784120e-01,2.230583050017422714e-02,5.750763618783923115e-02,5.268106319592904541e-01,3.852939422192503960e-01,2.629422788958684504e-02,1.281121585690113696e-01,4.192557502927335977e-01,3.270454466973683749e-02,1.285092717289961772e-01,1.019890189578369355e-01,-1.752461944630182566e-01,-8.904752487058506527e-02,3.967207556765207227e-02,1.308903810716718560e-02,6.707084310420060591e-01,6.186583539737999793e-01,-4.235847546217379467e-01,-4.797158364961120469e-01,4.297313757067201534e-01,3.212959387723709481e-01,-1.207616410662095963e-01,-1.176365331550248139e-01,1.351424741562522458e-01,2.039717594467413131e-01,-9.758153376717554339e-02,-1.986334912368269978e-01,1.225729793532549100e-01,2.089505853102662514e-01,1.412043359106448237e-01,2.341696253951511264e-01,-5.227139309807909973e-02,-3.434777695111270179e-01,-4.103183497672257540e-01,-3.669200028880957309e-01,-4.948846174371917539e-01,-4.606324301755773676e-01,-4.893548559248341867e-01,-2.397511842762024004e-01,-3.902853250206404501e-01,-2.888927606113972923e-01,1.317065820329054587e-02,2.738307136421712085e-01,-5.241187384044526665e-01,-5.552991847408090820e-01,2.464832725891464016e-01,2.631322025810785559e-01,-1.072362493682290641e-01,1.788735798888083095e-02,-3.180892107650628575e-01,-4.186765615337044166e-01,-2.209094990095715194e-01,-5.277586807681078351e-01,7.854066407365899449e-01,7.920068812019500637e-01,4.544826698561288958e-01,4.338657474988149576e-01,5.677023001170934391e-01,3.802382051113015748e-01,2.561018869938376796e-01,2.951272802614354207e-01,1.859682497826080014e-02,-4.906937394247038592e-02,1.502861412216016934e-01,-8.216004445156004088e-02,6.015903361806189675e-01,6.245130262534178689e-01,1.260151499455342827e-01,1.552681063195928968e-01,-5.388338999651545030e-02,7.117586305403564295e-02,3.939896216908544968e-02,5.876960844328502076e-02,-2.820303940681025412e-01,-1.812750942555148570e-01,-3.892179853021042468e-02,-9.055592703163406476e-02,-1.397712753767866301e-01,-8.258541072174140074e-02,-3.260126385579612540e-01,-4.415914035203375443e-01,-5.049772562462917502e-02,-1.937975005415179530e-01,-3.354005192293807447e-01,-3.884002147236375047e-01,-3.639722617242558966e-01,-3.774992230394695891e-01,-5.337436312780765579e-01,-5.133998223193292354e-01,-6.690430671576429456e-01,-4.469893171851112568e-01,-4.838957271879679167e-01,-3.054726274450712542e-01,-4.476014679060364432e-01,-3.096321131128962900e-01,-4.207829878605803264e-01,-4.596451409359313400e-01,-5.702733331449792997e-01,-4.304282857582349964e-01,-5.095244373707027430e-01,-5.697804733337727967e-01,-4.731862288062433364e-01,-2.193147679006997308e-01,-6.043842548556108696e-01,-7.385990852270765683e-02,-1.704918238638325756e-01,-4.481728085788999616e-01,-5.769394975341313181e-01,-3.396526123139610998e-01,-3.352200132475694483e-01,-3.737321416799299079e-01,-4.357116173649893676e-01,1.835808619709997647e-01
8.375807175662143278e-01,1.000000000000000000e+00,3.792179539097595420e-01,3.897767690371026217e-01,-3.799415474542378046e-02,1.188576953624089216e-01,3.075900410925791473e-01,3.089289245924488614e-01,1.095906752179413510e-02,1.776178861022950917e-01,2.722438306194651103e-01,7.497904560993756684e-02,-1.001886679914236120e-02,1.042743816492910092e-01,-2.678834339457979996e-01,-8.504029207437474591e-02,1.550310941173885237e-01,1.361752822956593667e-01,6.484496890588261619e-01,6.694197752935968637e-01,-3.214529004956851455e-01,-3.564067066605137724e-01,2.947129013118860996e-01,2.624949379844231379e-01,-1.105010532131634332e-01,-3.567583009207375006e-02,1.385202904419728098e-01,2.397857158553315104e-01,-6.225572831809234736e-02,-1.390131502531792573e-01,1.268909963616272618e-01,1.592737694985700836e-01,1.529513512834760058e-01,2.472319800093549236e-01,-1.089392840661876222e-01,-2.989681336309327753e-01,-3.420666836185327631e-01,-3.001783085176848997e-01,-4.016211006783885762e-01,-3.341542431462663498e-01,-4.261243953049609345e-01,-2.018763204404973866e-01,-3.080483693246565124e-01,-2.057375788340255474e-01,-1.508559122772320724e-02,2.699082401765505734e-01,-4.455719528235844162e-01,-4.499731595453133060e-01,1.695751673996779008e-01,2.264941971250890862e-01,-1.076945776003063876e-01,6.920442380920988935e-03,-2.735105117266103392e-01,-3.352498359749991330e-01,-1.659289465670901464e-01,-4.369830073238339940e-01,7.961977592144379168e-01,8.373578319191081754e-01,3.299413904925144747e-01,3.570376927882366602e-01,4.124907000178936189e-01,2.764613921249164386e-01,3.163124040571466122e-01,3.869671541897792832e-01,-7.467767910117438512e-02,-1.111697101544817240e-01,6.968472668255119851e-02,-5.687037159118377150e-02,6.532542874094723340e-01,6.370903691425808812e-01,1.174513183215141199e-01,1.517709991241535938e-01,6.842118480987226248e-02,1.976587589350460861e-01,8.730524974179797171e-02,1.398921359037385015e-01,-2.561944944105930544e-01,-9.182731699047870511e-02,1.813535751171719418e-02,2.560830515870399920e-02,-6.248018358243159071e-02,7.132340707395094792e-03,-2.447205924363284879e-01,-4.064194205601022181e-01,-1.800194004690016183e-02,-8.230287961977592048e-02,-2.506600240465360341e-01,-3.804814957824385058e-01,-3.262779038703621515e-01,-3.488803920276001280e-01,-5.958000182075599005e-01,-5.635883333490294689e-01,-6.896176098496620277e-01,-5.561295122571410232e-01,-4.561182110130623801e-01,-3.050362738542579111e-01,-4.001550781826344050e-01,-3.447679948767693459e-01,-4.170441596112371974e-01,-5.439634090830609559e-01,-5.200706955601807069e-01,-4.343633161617208027e-01,-3.933633444148310065e-01,-4.806466195153649701e-01,-4.611692392693118037e-01,-3.122847662369054866e-01,-5.663445812104260790e-01,-8.523963346298371602e-02,-1.628320917661019163e-01,-4.110560698668022650e-01,-5.705401680746132742e-01,-4.828346659383642714e-01,-3.477063183372102739e-01,-3.897532247786054671e-01,-3.931169145092277550e-01,1.172237238227085976e-01
5.650622039309494138e-01,3.792179539097595420e-01,1.000000000000000000e+00,8.308125280569080839e-01,-1.946325369095492502e-02,-8.324778919412711975e-02,8.501172504073156722e-01,7.572006190570367279e-01,-1.322402518921735742e-02,-1.366869775136635157e-01,2.891109374068039917e-01,1.320534674414297338e-01,2.791627033831529658e-01,2.254299966410191203e-01,-2.025653824058465113e-01,-2.441618087013300853e-01,-2.808374849709149856e-01,-1.559618771366414469e-01,7.018857381438962095e-01,6.553136252193539901e-01,-5.777384327058003866e-01,-6.022919550838332636e-01,7.017177890999500844e-01,6.525887697026203638e-01,-4.730826340688559437e-03,-8.667740284854134891e-02,-4.129035093502098769e-02,1.686396755287255730e-02,-4.945094789184709683e-01,-4.348232140110312449e-01,8.831608323994111220e-02,3.617355571670292647e-01,2.324446160559286156e-02,1.652571503913055628e-01,1.431883320933357295e-01,-1.368031291889159895e-01,-5.983098361633532036e-01,-5.341187697967973991e-01,-6.222402204998289665e-01,-6.345130576457624905e-01,-6.807429940134798185e-01,-3.099962643109851479e-01,-5.721176333939205216e-01,-5.293031841255191328e-01,-1.575142285802184350e-01,7.347849153505425779e-02,-7.077435496579803642e-01,-7.585960087772996019e-01,5.844940652772415146e-02,7.475929919729774886e-02,-1.768660394476203046e-01,-1.091040938756674822e-01,-3.518924874979987294e-01,-1.612718922363592378e-01,-6.844472906836938930e-02,-5.794194927624949365e-01,2.880859773535625612e-01,3.493732518388065755e-01,4.131530784902793796e-01,3.976405513751416487e-01,3.739424703891708890e-01,4.108802727366904217e-01,-8.478130523090639248e-02,8.299194158512504527e-02,1.539229443507906248e-01,1.220094867665571098e-01,2.884516981688845516e-01,9.203293684802024699e-02,3.219693045653886920e-01,3.261178029125817446e-01,2.221385093031213454e-01,1.948318782981582065e-01,-2.712769464038499723e-01,-1.442792160703690874e-01,1.083475383692932698e-01,-8.286637220647373459e-02,-1.561784843148149859e-01,-1.285689171838555467e-01,-2.967157329013746514e-01,-2.788503495537578147e-01,-5.321614571070698574e-01,-3.766123893027446545e-01,-5.706547501326326710e-01,-6.321539229443507990e-01,-3.596840674433132712e-01,-3.225076832763562051e-01,-4.787254080219997543e-01,-4.990613688945813586e-01,-4.927907480481809599e-01,-2.597057281611306334e-01,-1.051109876345554389e-01,-1.691670669190611098e-01,-2.967188721358409720e-01,-4.442801578407089974e-02,-5.793221764940401641e-01,-3.585649303560833889e-01,-5.095809435910958474e-01,-3.169371117159369700e-01,-2.758978995382185828e-01,-2.229076217473607013e-01,-3.558463533082822372e-01,-1.356682959293546709e-01,-4.702918546283303414e-01,-4.782042951005967546e-01,-4.148262904608082113e-01,-7.461018556014929748e-02,-6.104476862272366633e-01,2.815359646396629612e-01,-3.462324477552903845e-01,-5.632273213854069871e-01,-6.187917714386169665e-01,-2.744695478560598145e-01,-1.576476460450354500e-01,-4.228140725602654304e-01,-4.162499332912675820e-01,2.737475239288147399e-01
4.816276302860784120e-01,3.897767690371026217e-01,8.308125280569080839e-01,1.000000000000000000e+00,-1.189377458412991390e-01,-7.847772242261001618e-02,7.727853485648989995e-01,8.231936060072391204e-01,-5.802247064030965212e-02,-1.824005098116773249e-01,1.586160998778837761e-01,1.558206115856587137e-01,1.333123004624092445e-01,2.249120229540824134e-01,-3.284879249346254193e-01,-3.166012136280446643e-01,-3.280201789991492589e-01,-1.765819387284216779e-01,5.590772534209808020e-01,6.750656884812069602e-01,-5.396689363331858003e-01,-5.625413986545241274e-01,5.705872565916075834e-01,5.780084068699007371e-01,-5.319432803116631858e-02,-1.001509971778282160e-01,-3.135938270093455160e-02,-4.062169399370269517e-03,-4.810657073166137443e-01,-4.335722290762174524e-01,8.260895498023851369e-02,2.705172516630094393e-01,3.467755353179573924e-02,1.607696147217539395e-01,1.739999183799038895e-01,-1.254657839139347586e-01,-5.394538987722453660e-01,-5.098477785207299329e-01,-5.810707300917598017e-01,-6.237533315125773914e-01,-6.183789621063007225e-01,-3.014591161799283769e-01,-5.064322914214139937e-01,-5.209669470003045477e-01,-2.307682648509334633e-01,4.768497154283956284e-03,-6.288906887166495485e-01,-6.367529014374554430e-01,3.730509278007464874e-02,6.089957902865807127e-02,-1.531805153995146607e-01,-1.121208981977654950e-01,-2.728575509576234848e-01,-7.253986042963563030e-02,-1.387133533616492220e-01,-5.571576115448486632e-01,2.418748763926428791e-01,3.009191678517276758e-01,4.612461505137357420e-01,4.939711002075033996e-01,3.390985374306621503e-01,4.261620661185563375e-01,-1.056336701731915712e-01,9.050099042847410680e-02,1.203504013511265125e-01,1.357389287048460236e-01,2.858869436099312766e-01,5.815902733959296689e-02,3.401015228426396142e-01,3.691519985936229653e-01,1.732841729215913451e-01,1.624224216682519928e-01,-2.050547953376089805e-01,-5.921224050303092873e-02,6.043654194488132236e-02,-1.232918640460337334e-01,-1.603693623273028668e-01,-1.406612483479778575e-01,-3.127854741342775968e-01,-2.848180342741619131e-01,-5.601822639531124359e-01,-4.128187500196202064e-01,-5.701022448665667985e-01,-5.645191163682824476e-01,-4.717971175549130480e-01,-3.163437964018094295e-01,-5.293502726425134419e-01,-5.062031273053753111e-01,-4.665561656134534774e-01,-2.981079833871712048e-01,-4.073941528618831021e-02,-1.393003902068441491e-01,-2.044316572960517830e-01,-8.482211527896807435e-02,-4.838172463263108458e-01,-3.029942018339407683e-01,-4.477474423087186017e-01,-2.781236167748132870e-01,-2.403884488728578739e-01,-1.831821791937817967e-01,-2.726754753585790558e-01,-1.649777585238063893e-01,-3.728657129672358073e-01,-3.671601543247663413e-01,-3.335860417078690965e-01,-7.654866284307908220e-02,-4.483941246087729260e-01,1.726657437317335730e-01,-2.928105252253185298e-01,-4.345752144881949164e-01,-5.204113024997724102e-01,-2.581941867656153411e-01,-8.135012195925901690e-02,-3.875604695039067682e-01,-3.181080461718605035e-01,2.242998722331572270e-01
2.230583050017422714e-02,-3.799415474542378046e-02,-1.946325369095492502e-02,-1.189377458412991390e-01,1.000000000000000000e+00,6.028617261394636495e-01,-4.674163158572150478e-02,-9.079136961660529137e-02,6.828023318233615857e-01,5.446995595654043898e-01,-7.727225638755733095e-03,-8.701644017089991967e-02,3.584377913601988902e-02,-3.066561188388599452e-02,7.063057802724227452e-01,5.256224317138022961e-01,-3.449076908105189188e-02,-4.933306963763816298e-03,1.776838100260870468e-01,3.475603439345281015e-02,8.568854399166218883e-02,3.617073040568327125e-01,-1.055316450530373595e-01,5.599923402679022472e-02,3.181158942580262217e-01,3.692540237137771353e-01,6.319106322732138681e-01,6.224913592571315046e-01,3.561775425444751314e-02,1.061579223290608359e-01,1.749087267578928184e-01,2.999334482293147808e-01,3.278930400032648018e-02,-6.325243526113721870e-02,-1.537581345413107647e-01,-1.035476488703464815e-01,-3.208140662817965394e-02,6.976320754420826942e-02,1.015636526876555895e-01,2.111825810157934857e-01,-3.274221548333223347e-02,-4.849018518344116319e-02,-2.891925575029273277e-01,-1.484857902551883768e-01,-2.201560827376635998e-01,-1.677858037538965674e-01,-4.868952657205014023e-02,-9.775262204558796131e-02,-3.494972516002247676e-01,-2.578629975294224885e-01,-1.988265541565033823e-01,-2.115561499172811666e-01,-1.184386075611601336e-01,-3.905254764573111159e-01,2.087904843524857890e-01,1.101777120631362850e-01,5.711837111402013473e-02,4.797692034820388862e-02,-1.754879155169220550e-01,-7.270937909081491568e-02,-9.533541150655001906e-02,-1.473713620196578922e-01,-9.435283111860341687e-02,-1.010331220628537530e-01,-2.058898317056402638e-01,-3.175304270300644549e-01,-2.740567385237436260e-01,-2.687922423237869007e-01,2.088061805248172254e-01,-6.319435942351098179e-02,3.918376764642174104e-01,2.995002338729677582e-01,-1.647627209628660036e-02,1.402233251399313818e-01,9.011172535465501732e-02,5.317706224160176354e-02,-1.530361106140656624e-01,-2.047597072977783705e-01,1.851159476250121561e-01,1.549698790452960218e-01,2.642827320129713109e-01,1.130595293031841225e-01,1.289738784300060725e-01,6.686569413182900934e-02,2.668396384857588677e-01,6.736483241196801475e-02,4.694081601260716718e-01,2.128510841346229199e-01,2.875601555804601639e-01,2.210068152780262918e-01,-3.080499389418896450e-01,-2.873309914644214813e-01,-5.558642469447400841e-02,-1.390351248944432516e-01,4.649677129735142744e-02,1.573400010673397242e-01,1.081466273634511532e-01,1.403865653321781023e-02,-2.949279388728264784e-01,-4.435848174064272453e-01,-3.219049502588298695e-01,-1.204602745574464145e-01,-1.675393738482933437e-01,-2.170184178886136739e-01,-2.890544311864108873e-01,-9.969109932851774603e-02,-8.655654232158946360e-02,9.253992321432495671e-02,-1.382832782397684472e-03,-5.595685436149540511e-03,-1.118383670958000148e-01,-1.273556030626371571e-01,-3.254099055404349183e-01,-1.052852151474341497e-01,-2.437034804692527756e-01,2.014760680460462791e-02
5.750763618783923115e-02,1.188576953624089216e-01,-8.324778919412711975e-02,-7.847772242261001618e-02,6.028617261394636495e-01,1.000000000000000000e+00,-6.339213119488681936e-02,-4.561464641232589046e-02,7.331117033800137461e-01,6.684152202643863783e-01,6.825637500039240246e-02,2.017287764205820677e-01,1.526358582196145619e-01,2.361834443052717170e-01,4.585746619829288440e-01,6.792910980728239512e-01,1.801716533406163556e-01,2.452495534438971780e-01,3.423649108928297075e-02,-2.835670493393481137e-02,1.486647266197665129e-01,1.518196572583809800e-01,-9.395728757585175561e-02,3.086495327249496809e-02,3.775808431355929806e-01,5.878436284527654987e-01,3.836317175693535475e-01,6.904950258829881671e-01,8.398864852816992355e-02,2.160201413283356631e-01,1.929373502977563826e-01,2.930475374275229306e-01,1.984828079824454139e-01,2.002737412454598798e-01,-2.078801063572637345e-02,4.250523467347252886e-03,6.389754794395838267e-02,1.283428923022831569e-01,7.087763577973875406e-02,1.804275009496184370e-02,-9.860806343765009252e-02,-3.639942363655199187e-02,-9.940542899208598682e-02,5.570885483865904708e-02,9.878856941946137504e-02,1.686506628493575632e-01,-3.413446596912876607e-02,-1.417976512247723364e-01,-5.403407325089703422e-02,5.695983977347283955e-02,8.676216217913099160e-02,2.277357643565040141e-02,4.372639688085663140e-02,-2.087983324386515072e-01,2.854914000671796015e-01,1.280054245971577465e-01,2.402346263840099971e-01,9.102210334987710649e-03,-1.278453236393773118e-01,-1.760749523621169821e-01,1.557311434033696596e-01,7.448461618149798680e-02,1.884042957284436659e-01,1.759352564283673814e-01,-2.489255970039146171e-02,-6.363699148325689670e-02,-1.062379728079510532e-01,2.515625539555924051e-02,1.559477505815431986e-01,-1.200474652251301982e-01,2.492489381539417792e-01,3.398660802576683460e-01,1.047892161017614232e-01,1.190491886648521874e-01,2.966529482120490169e-01,2.773968839958687593e-01,-4.492087559527733337e-02,4.889671604682482159e-02,4.550665674668575300e-01,3.198252074249173793e-01,4.479326571422292957e-01,3.398189917406740923e-01,1.430800285042489461e-01,-1.945744610719229994e-01,3.072384468323554607e-01,2.515813893623901065e-01,3.623304420983898821e-01,9.766158424606576072e-03,1.231019403608236140e-01,1.509971778282148125e-01,-3.566672631212152722e-01,-4.795824190312950042e-01,-2.522060970211804087e-01,-4.011784686186426474e-01,-2.371487589036537502e-01,-1.153794235737673063e-01,-1.181372410523969657e-01,-2.530427030064448246e-01,-2.081139793250018077e-01,-5.249255216622874531e-01,-3.482635324549755440e-01,-2.833284675199105873e-01,-2.408012582051740902e-01,-4.211235948001720297e-01,-2.247958712788299396e-01,-1.696662051992001152e-01,-1.992315154026539081e-01,7.599458795978013270e-02,-1.581546324113401736e-01,-2.490778498755293613e-01,-2.186508198110808654e-01,-1.573839503498676851e-01,-4.095963258399806795e-01,-3.131449164806670016e-01,-2.591186913159356786e-01,-1.517035055831284993e-02
5.268106319592904541e-01,3.075900410925791473e-01,8.501172504073156722e-01,7.727853485648989995e-01,-4.674163158572150478e-02,-6.339213119488681936e-02,1.000000000000000000e+00,8.320697914606544066e-01,7.921701213941968744e-02,-2.104511393851495327e-01,4.152846186928855765e-01,2.489993690138722904e-01,3.790594225692122676e-01,2.880467369227340257e-01,-2.503115690207786126e-01,-2.822595581841412238e-01,-2.304449237009063012e-01,-4.089951624396874486e-02,5.350150212369211289e-01,5.168106005669457215e-01,-4.769109305004881616e-01,-5.312840410737437180e-01,5.625021582236955364e-01,4.422161111791278465e-01,-9.071759760664764582e-02,-2.687027741414978535e-02,-8.920762582836549992e-02,1.927489962297794165e-02,-4.212695692028541883e-01,-3.475399389104972814e-01,1.600146288326128874e-01,2.765210375797758080e-01,1.347422217618011731e-01,2.657503241259586702e-01,4.089009854056989413e-02,-2.396805515007110476e-01,-4.818002881817239902e-01,-4.483721499675089039e-01,-5.805872879839522049e-01,-7.198390200565689678e-01,-6.275282609582827353e-01,-2.144850556743232717e-01,-4.695117548634589744e-01,-4.205287098688114122e-01,-2.807103459750305216e-02,1.558284596718244319e-01,-6.050183802178000780e-01,-6.915937579461872708e-01,1.947957771017959638e-01,1.771626971046840471e-01,-6.066099720922055877e-02,5.371230171810302371e-03,-2.871944347651381735e-01,-1.493679151402139138e-01,-3.059183987392834550e-02,-5.629400814317420121e-01,2.148146752932829917e-01,2.650785279501740588e-01,4.836885377131932562e-01,3.611720645803314644e-01,5.456931272739830030e-01,5.288071850798464757e-01,4.318017008372337928e-03,1.740862473277266509e-01,1.466148065132836797e-01,1.366084966520064448e-01,2.023252309691758455e-01,1.087038414812163956e-01,1.298120540325036210e-01,1.577543800168890731e-01,1.466006799581854037e-01,1.439119256378139644e-01,-2.936220173348527140e-01,-1.581044046598796549e-01,4.425849712289161436e-02,4.509510310815604585e-03,-1.710270633403338236e-01,-6.021993476670779027e-02,-1.701574953931734302e-01,-1.616501699895463440e-01,-4.439693736285469372e-01,-3.036503018373939433e-01,-5.100016010095778096e-01,-5.958235624660570551e-01,-3.763565416937425523e-01,-3.699666299376234146e-01,-5.392467092974707610e-01,-5.550888560315681008e-01,-4.572718796794214002e-01,-2.895237467391201802e-01,-4.895636150168420318e-03,-1.209735393926836960e-01,-2.158521922843895380e-01,-4.104078179495148498e-02,-5.717942922438934428e-01,-4.027810478136801819e-01,-5.036509296842871519e-01,-3.577738432705800387e-01,-1.389535047983198879e-01,-1.234362688314827594e-01,-2.221981547579807148e-01,-2.195109700548424428e-02,-3.880046711808858295e-01,-3.438937180779095271e-01,-3.712662730066645933e-01,-1.026984859472169082e-01,-4.763066278657286379e-01,2.618419772154362279e-01,-3.880548989323463482e-01,-5.434014861135962882e-01,-5.606311744817908949e-01,-1.516265943387045678e-01,-1.103801926862115340e-01,-3.904250209543900785e-01,-3.786246385956320570e-01,2.524588053957161904e-01
3.852939422192503960e-01,3.089289245924488614e-01,7.572006190570367279e-01,8.231936060072391204e-01,-9.079136961660529137e-02,-4.561464641232589046e-02,8.320697914606544066e-01,1.000000000000000000e+00,5.414237683998380374e-02,-2.647112375176189358e-01,2.666528540350150411e-01,4.806026702328370370e-01,3.293009866613927361e-01,4.842269164241608248e-01,-3.069574853476231269e-01,-2.690119887364267326e-01,-2.036656840862787199e-01,4.376406769445203432e-02,4.512351318007590817e-01,5.221645649491915009e-01,-3.931310410643260589e-01,-5.279407563671523196e-01,5.326135068702145814e-01,5.359316777010758592e-01,-1.254940370241312830e-01,-8.621907461646403231e-03,-2.044034041858552309e-01,-2.413914342848353170e-02,-4.446396001870983605e-01,-3.091188482776590085e-01,1.712546578391393459e-01,3.153565071621634575e-01,1.966777481643326442e-01,3.458573092365695434e-01,-1.082094120527768086e-02,-2.550847750267619674e-01,-4.224310859553789266e-01,-4.260930029602981173e-01,-5.049458639016289885e-01,-6.735776913441887670e-01,-6.050434940935303096e-01,-1.308480014063770347e-01,-4.407516583006068078e-01,-3.721531067433895834e-01,-4.444371195640230837e-02,1.880778153439502109e-01,-4.928613808236723126e-01,-5.901792188956801466e-01,1.183758228718344713e-01,1.831131160355235765e-01,-1.993413886089738182e-04,4.616872129562484689e-02,-1.271091731570339334e-01,7.323990971561675223e-02,1.285014236428304590e-01,-4.049141576335195114e-01,1.397854019318848784e-01,1.701967358240019657e-01,4.542017083713965619e-01,3.474253568524779401e-01,4.771950312196867605e-01,6.173508628185930824e-01,7.698972528559185242e-03,3.022392159447996884e-01,1.940659050883851433e-01,1.843123036016436900e-01,1.056399486421241291e-01,1.387651507303429010e-01,1.156776508480641952e-01,1.403677299253804078e-01,-1.502594577286382911e-02,4.624092368834935990e-02,-3.229424672499364157e-01,-1.578124558545153100e-01,5.413452875381809248e-02,2.126988312630082034e-02,-2.315342380607065265e-01,-3.111609202979761374e-02,-1.146919312256513140e-01,-6.723298456438413229e-02,-4.528063186511337435e-01,-2.584123635610219849e-01,-4.922256858442500271e-01,-6.348834873127838785e-01,-3.738310275656178683e-01,-2.135982219375983093e-01,-4.531767483181551315e-01,-5.491305890145629087e-01,-3.584126774844686447e-01,-1.421539543366954483e-01,1.090789799999372089e-01,-1.557954977099284544e-01,-1.310096719813906296e-01,-6.954816998326787680e-02,-5.682799192588895432e-01,-4.277128479449001652e-01,-4.894851341551849089e-01,-3.816791137313254589e-01,-4.259941170746101707e-02,-1.733861980417455428e-01,-1.236685721819877071e-01,-2.710258076465473301e-02,-2.902834414799607132e-01,-2.996367905722510661e-01,-3.643693748842407043e-01,-2.123346800649193733e-01,-4.495744767680953102e-01,3.323695883521844419e-01,-3.845703486747721889e-01,-5.433904987929643049e-01,-5.586691529403640111e-01,-1.407114760994384040e-01,-1.855162000194632566e-01,-4.156283648669435449e-01,-3.973187798423476469e-01,1.808324621957689282e-01
2.629422788958684504e-02,1.095906752179413510e-02,-1.322402518921735742e-02,-5.802247064030965212e-02,6.828023318233615857e-01,7.331117033800137461e-01,7.921701213941968744e-02,5.414237683998380374e-02,1.000000000000000000e+00,6.132698580124250620e-01,2.136280446650279941e-01,1.643279369892858000e-01,2.065600582641916871e-01,2.354708380814254653e-01,6.603379699826400495e-01,6.449447337772210576e-01,1.306361030799029210e-01,2.316378327980938567e-01,5.998606179896970314e-02,-4.261196864532615369e-02,2.056842118480987358e-01,3.556313157473418585e-01,-8.797547630034939503e-02,9.339850384085336688e-02,4.531579129113574300e-01,5.943889323149657011e-01,3.825643778508173165e-01,7.489883816932403349e-01,4.564289952252243571e-02,2.081987386555914366e-01,3.169590863572009365e-01,3.000715745458312766e-01,2.711937566904934482e-01,2.016597132623238475e-01,-1.907602911953890923e-01,-2.234868105063899102e-01,5.278779716778266712e-02,1.015620830704224431e-01,1.140374008394312993e-01,-6.537298814311141848e-02,-6.382377593400073712e-02,2.333706902234820857e-02,-1.290209669470002984e-01,3.190717911530094320e-02,2.304982906868330989e-02,7.391641474310074733e-02,-2.277043720118411899e-02,-1.151800821851583223e-01,-1.386929483376183880e-01,-1.318101767702928029e-01,-4.938486700633183679e-02,-8.593654351449855899e-02,-3.983845499436507176e-02,-3.014355719214312224e-01,2.962778096933281757e-01,3.623461382707213185e-02,8.333411814194990885e-02,-2.312203146140781942e-02,-1.650813532611937196e-01,-2.048130742837051821e-01,1.666556793460346741e-01,7.968475807489586171e-02,1.686647894044558393e-01,1.627033831529843266e-01,-9.864102539954607007e-02,-2.230017987813491809e-01,-3.729865734941877342e-01,-2.690857607463844059e-01,2.645589846460042263e-02,-2.582538322204747105e-01,3.807608876499377071e-01,4.395603188206523848e-01,4.400421913112268629e-02,1.611698671162050400e-01,2.248131370683945085e-01,3.792273716131583927e-01,-7.657220710157620902e-02,4.003936600020718828e-02,4.524892559700391392e-01,3.782714747181752379e-01,3.829191113455072681e-01,2.246985550103751672e-01,1.703238748198864227e-01,-1.226263463391817216e-01,2.757016973840759055e-01,2.268410825336133682e-02,2.734712712957818037e-01,-3.278459514862705482e-02,1.332400980696847315e-01,7.841022888158494242e-02,-2.174657588000590280e-01,-3.087719628691347196e-01,-1.074638438670345864e-01,-2.121008070971812931e-01,-1.751473085773303240e-01,-1.248693293653409669e-01,-4.431029449158527950e-02,-2.250815416152616988e-01,-1.055049615600739538e-01,-3.654492715406421066e-01,-1.570951407789696330e-01,-8.832550094333996293e-02,-6.334033382619314034e-02,-2.148554853413446597e-01,-2.276635619637795149e-01,-1.710490379815978179e-01,-5.536196943013476507e-02,1.054327591673494546e-01,-2.943911297790920978e-01,-2.019548013021544575e-01,-1.848977708296054845e-01,-1.068438450599436818e-01,-3.376026922074782943e-01,-2.274657901924036774e-01,-1.650264166580337755e-01,-4.744952895786833102e-02
1.281121585690113696e-01,1.776178861022950917e-01,-1.366869775136635157e-01,-1.824005098116773249e-01,5.446995595654043898e-01,6.684152202643863783e-01,-2.104511393851495327e-01,-2.647112375176189358e-01,6.132698580124250620e-01,1.000000000000000000e+00,-2.677923961462757782e-02,-2.217680796360999296e-01,-1.997447802378911896e-01,-1.268329205240010249e-01,4.359423510982611827e-01,7.892286586992895980e-01,1.291371186222527723e-01,-6.970670132381517198e-03,5.419574382591061529e-02,-5.156192610869913227e-03,2.006206266539841687e-01,3.896402123378193139e-01,-2.747222562305955962e-01,-3.041761236104963476e-02,4.144291773008234037e-01,4.346332903258211533e-01,5.457009753601487212e-01,6.669947166683932727e-01,7.257282239153160786e-02,1.039541797337301260e-01,5.950105007392897383e-02,6.807272978411484099e-02,-7.616410662095941808e-02,-8.059199683565165806e-02,-1.576837472413977204e-01,-1.253198095112525723e-01,5.782469886893381802e-03,5.257589884130856039e-02,1.539857290401162870e-01,1.292030425460447274e-01,5.185701414852973701e-02,-2.508483781145129932e-01,-1.721336434896985901e-01,-1.469271603426788309e-01,-1.068312881220785521e-01,-1.366273320588041462e-01,1.134833259561323325e-02,1.209860963305488257e-02,-1.369977617258255342e-01,-1.528446173116223827e-01,-1.097758900514520519e-01,-1.108338120665894461e-01,-1.250215822369556973e-01,-3.518673736222684978e-01,-1.065848582164753283e-01,-1.075925524801521899e-01,2.753563815927848046e-01,1.833171662758319720e-01,-1.962617995975501350e-01,-9.867398736144203375e-02,-5.692216895987744357e-02,-1.910192780388574318e-01,1.248300889345124315e-01,2.017115106310175127e-02,-2.472257015404223657e-01,-3.595428018923305102e-01,-3.440020216669962827e-01,-3.987628276968378516e-01,1.803537289396607846e-01,-2.901123532015482606e-02,4.576093473845467829e-01,6.004916041174199748e-01,2.015639666111022077e-01,2.408891567702300118e-01,2.891705828616633611e-01,2.830443668007119884e-01,-3.014763819694929112e-02,-4.593170909342048081e-02,2.229845329917846120e-01,1.205418946535697783e-01,3.579653365730233183e-01,1.208919192965603462e-01,2.052023393575242716e-01,1.229245736134786104e-01,3.085475076047954901e-01,6.022621323564035511e-02,3.081519640620438150e-01,1.471908560378466235e-01,1.023955498212205939e-01,-4.427105406075674404e-02,-4.245893096509485432e-01,-2.512078204609023979e-01,-2.503021513173797619e-01,-2.646939717280544224e-01,5.676363761933014840e-02,1.061139730465328751e-01,8.717183227698092896e-02,1.299956992487811928e-02,-3.108830980477100825e-01,-3.195724990503815977e-01,-2.945951800194004933e-01,-2.935215618319316766e-01,-9.073957224791162623e-02,-2.158741669256535045e-01,-1.724004784193326478e-01,-8.290404302006912363e-02,-5.034233351854816574e-02,-1.932120333135561585e-01,-7.080072453531481569e-02,4.803028733413069844e-03,-1.318949361008824386e-02,-1.118901644644936938e-01,-1.801700837233832231e-01,-1.040232428919883600e-01,-1.154422082630929686e-01,-1.944959802102659285e-01
4.192557502927335977e-01,2.722438306194651103e-01,2.891109374068039917e-01,1.586160998778837761e-01,-7.727225638755733095e-03,6.825637500039240246e-02,4.152846186928855765e-01,2.666528540350150411e-01,2.136280446650279941e-01,-2.677923961462757782e-02,1.000000000000000000e+00,3.913526647391766811e-01,6.665646415465125152e-01,4.403341401165911662e-01,8.240804397439639717e-02,4.886061485046256508e-02,3.369246175627611528e-01,3.255825634360804965e-01,2.302173292021007789e-01,8.914484113903983764e-02,-3.202019155608713048e-04,-1.700193690766569621e-01,3.229848469152312718e-01,1.984624029584145521e-01,2.649513889542895982e-03,9.914016367968507548e-02,-1.280807662243485245e-01,8.926413204875858695e-03,1.872569055310172037e-01,1.002404653601172840e-01,3.133301313141777511e-01,2.191232745982564789e-01,3.162700243918518117e-01,4.589576485878153478e-01,-1.442980514771667888e-01,-3.785587146718401019e-01,1.688908142860282013e-03,-2.348147380779722938e-03,-1.023861321178217432e-01,-3.722268787533472012e-01,-9.978841559697251840e-02,1.176522293273562364e-01,-5.079752251615921033e-02,2.663954368087798064e-02,3.678586339935143168e-01,4.519791303692681228e-01,-3.211970528866830432e-01,-4.139002162932547413e-01,5.353116788939848991e-01,4.472388863251807178e-01,1.861267811231553104e-01,3.381583367080103764e-01,-7.356168124841076794e-02,-1.344078932911420277e-01,2.216142571472520806e-02,-3.788255496014741874e-01,3.497892004055890847e-01,2.000696910051514843e-01,1.019183861823455689e-01,-6.839921016860828207e-02,6.107286477119689971e-01,5.173693843019441241e-01,4.993077988001846101e-01,4.510138157708861173e-01,3.205880414002241219e-01,2.285551045522039026e-01,-1.065487570201130718e-01,-7.839924156095294527e-02,-1.425683332862448180e-02,8.822818467488517669e-02,-1.074104768811077748e-01,1.109217106316453677e-01,-4.040822604999545070e-02,-5.542161488499414840e-02,3.693309349582010997e-03,2.643549344056958517e-01,-1.147374501254124213e-01,1.502484704080062905e-01,1.598765025160964193e-01,1.411509689247180122e-01,1.181058487077341346e-01,1.368659138782416518e-01,5.437468019048874446e-02,-2.452008953096697919e-01,2.664896138427683137e-01,-1.232761678737023248e-01,-2.761474686782880994e-01,-2.504041764375339318e-01,-2.755415964262954986e-01,-3.652577782381988269e-01,-2.263858935360022959e-02,-2.521652869731187407e-01,-3.382289694835017291e-01,-1.047248617952026284e-01,-5.206027958022156898e-01,-5.739760601979601029e-01,-5.247999522836360731e-01,-5.278434400986975472e-01,-1.284276516328728135e-01,-2.232984564384129234e-01,-1.931492486242304962e-01,-1.666384135564701330e-01,-2.633974678934795088e-01,-2.850770211176302804e-01,-2.467814998634433044e-01,-3.004843838781474652e-01,-2.816081670323875019e-01,-3.123067408781694462e-02,-4.201802548430539908e-01,-5.051200914145076437e-01,-4.725097237787593274e-01,-2.465209434027418045e-01,-2.181422638275430093e-01,-3.246250969238641537e-01,-2.443391754486750889e-01,-1.068595412322750904e-02
3.270454466973683749e-02,7.497904560993756684e-02,1.320534674414297338e-01,1.558206115856587137e-01,-8.701644017089991967e-02,2.017287764205820677e-01,2.489993690138722904e-01,4.806026702328370370e-01,1.643279369892858000e-01,-2.217680796360999296e-01,3.913526647391766811e-01,1.000000000000000000e+00,6.459539976581311072e-01,8.600372313207701458e-01,-5.846039384835614167e-02,8.169543775055014556e-02,3.187107791893868947e-01,5.808980721961142235e-01,-2.906303268884849814e-02,-9.744183783342593927e-03,2.198672731667655478e-01,-2.187183133521059530e-01,3.176858191361454642e-01,2.807024978888648103e-01,-3.021984058967380066e-02,2.560767731181073925e-01,-4.333854446254736259e-01,-3.648732220160791351e-02,2.912424776094101747e-02,2.187277310555048038e-01,3.682541775362659919e-01,3.561178970896157203e-01,5.231377276337392246e-01,6.598890594539615906e-01,-1.284370693362716642e-01,-1.397022122185283821e-01,2.042637082521056302e-01,2.073009175982344909e-01,6.036590916938995577e-02,-2.689460648126347775e-01,-2.752794703483608593e-02,3.377580843135593036e-01,8.472636862774643451e-02,2.686431286866384771e-01,4.306966903051022144e-01,5.798684032911733954e-01,1.100301680432209852e-03,-1.834348875683175784e-01,3.240129462029389673e-01,5.174054854983063390e-01,5.266301259774791577e-01,5.201146448427086399e-01,4.719650665988592286e-01,3.814515192325199644e-01,5.977432043421890828e-01,1.687244348593152088e-01,5.587523426537204657e-02,-1.269992999507140174e-01,8.219143679622287202e-02,-1.804149440117532865e-01,5.061372033815834115e-01,6.436042806601182109e-01,3.905772738260047672e-01,5.817613616743421145e-01,3.944871903537603419e-01,5.080113263579543181e-01,-2.130127547096365148e-02,3.454397910525539017e-01,-2.343987895111898090e-01,-1.734662485206357463e-01,-3.994048011451927227e-01,-1.700586095074854975e-01,-5.722667470310689730e-02,-1.344612602770688392e-01,1.237140910817488004e-01,3.527290934832631453e-01,-1.098575101475754157e-01,3.440020216669962827e-01,4.631469569830701238e-01,5.089844890425020418e-01,2.262697418607498290e-01,4.052751695971420487e-01,1.279238045010343827e-01,-3.387626393427698446e-01,2.603116004131232342e-01,3.541260528207591518e-01,5.774778762450989006e-02,-9.962831463919208375e-02,5.344546678846896597e-03,2.003302474658529841e-01,2.355587366464813870e-01,-3.490279360475154746e-01,-8.437948321922215944e-02,-1.752932829800124825e-01,-5.557528041211869940e-01,-6.109421156556762433e-01,-4.922162681408511764e-01,-5.799343272149654060e-01,1.988861996113627795e-01,-2.573481630769520745e-01,6.675582092550910729e-02,-1.031395483897296766e-02,-1.411776524176814318e-01,-2.213301564280534539e-01,-1.549840056003942979e-01,-4.149204674947967186e-01,-2.358365588967474280e-01,3.191408543112676521e-01,-3.122392473371443655e-01,-5.782328621342399666e-01,-4.638266012450203979e-01,-1.372316346935636144e-01,-4.202744318770424425e-01,-3.319567790198681978e-01,-2.859246144235266796e-01,-8.831451362270796579e-02
1.285092717289961772e-01,-1.001886679914236120e-02,2.791627033831529658e-01,1.333123004624092445e-01,3.584377913601988902e-02,1.526358582196145619e-01,3.790594225692122676e-01,3.293009866613927361e-01,2.065600582641916871e-01,-1.997447802378911896e-01,6.665646415465125152e-01,6.459539976581311072e-01,1.000000000000000000e+00,7.142135118929897608e-01,2.031461407821088805e-01,1.403645906909141150e-01,2.714668700890600639e-01,5.120813438434903553e-01,8.950585310266238881e-02,-8.895962630552912975e-02,1.964328878759625807e-01,-1.899252548273578090e-01,5.633968400465861892e-01,3.817481768895836791e-01,1.439182041067465223e-01,2.688958370611742588e-01,-3.416099250036885859e-01,-4.818410982297856998e-02,7.172365946840203454e-02,2.268709052610430321e-01,5.199906450812904479e-01,4.686877058160596743e-01,5.539838454994364669e-01,6.557295737861364993e-01,-1.348458164991885033e-02,-2.354896734882231668e-01,2.153138135734219971e-01,2.268316648302144967e-01,6.077557926723989139e-03,-3.199947260860966369e-01,3.880093800325852549e-02,3.445168561194666967e-01,7.137206520817833411e-02,2.056951991687307191e-01,5.198933288128356756e-01,5.729558089964181811e-01,-2.018684723543316684e-01,-3.632109973661822866e-01,4.688540852427727224e-01,5.152190086925402257e-01,4.469877475678781242e-01,4.570301586255176018e-01,2.241868597923710460e-01,1.785675045283457163e-01,3.967772618969138132e-01,-8.604484710358531463e-02,1.253590499420811355e-01,-1.054202022294843111e-01,2.840850230262847997e-02,-2.887499254431813989e-01,5.802921999441216228e-01,5.805872879839522049e-01,3.397593462858147229e-01,4.180942335402088594e-01,6.506502924196905235e-01,5.500707897372146826e-01,4.165764136757610370e-02,2.384421235037623710e-01,-2.545322697606961504e-01,-6.123390749931721666e-02,-3.115172234098992354e-01,-1.006736797164643482e-01,-1.532480089405397483e-01,-2.265868045418444332e-01,1.117410508273452424e-02,2.176462647818702967e-01,-1.438726852069854290e-01,2.453970974638124691e-01,3.338387500824048781e-01,3.452184750226809928e-01,2.275709545470241679e-01,3.683263799289905327e-01,1.991451864548311190e-01,-2.355807112877453813e-01,4.330354199824830719e-01,1.290727643156939775e-01,-5.218192491579003861e-02,-4.525677368316962518e-02,-5.893912710446430614e-02,1.068752374046065198e-02,1.793067942451553876e-01,-2.809614847323331777e-01,-1.749856380023167568e-01,1.272959576077777738e-02,-6.008070971812813355e-01,-6.916424160804146570e-01,-6.306627865728663407e-01,-6.513283670644076651e-01,1.755616875268796798e-02,-1.985769850164338934e-01,-1.139416541882096595e-01,-5.835052064203623268e-02,-2.911200474652251291e-01,-2.989006400899076876e-01,-2.703461633845970491e-01,-3.767646421743593432e-01,-2.645087568945436729e-01,1.611274874509102117e-01,-3.680187349512947792e-01,-5.547733629677067402e-01,-5.387067609692700598e-01,-1.990996675550700257e-01,-3.470486487165239664e-01,-4.229898696903773292e-01,-3.040913642799066841e-01,-1.348458164991885033e-01
