1.000000000000000000e+00,4.764600741766835124e-01,4.218597792573394734e-01,1.307475758523615923e-02,8.075427856472586208e-02,-9.188078108941417910e-02,4.125787568702801722e-01,2.108494570802985080e-01,-7.596854193663703236e-02,-7.664775012288306544e-02,5.438893605612404869e-01,1.455829125519460254e-01,6.438848920863309289e-01,2.441664060056302765e-01,2.081683721345904681e-01,-2.714106975289333756e-01,2.582331650207784005e-02,-3.448322087671477909e-02,6.477858706823361734e-01,6.160239510255149931e-01,-5.957862281603288901e-01,-4.088654542204745446e-01,1.726216542294115031e-01,-7.057062424594486016e-02,-2.675409982572947709e-01,-2.574913981857991918e-01,5.393449215782653711e-03,-4.798248357835471073e-02,1.652978238527190724e-01,1.268600026810849379e-01,-2.325081549667098735e-01,-2.481835649492828144e-01,4.030117520890120347e-02,-6.580276151749407665e-02,7.689798471781580935e-02,2.966620492425935118e-02,-5.923455024800036162e-01,-4.469636712989856764e-01,-5.809330175611063796e-01,-5.901827606237991519e-01,-3.234952410742213957e-01,-1.469413289244380916e-01,-8.010634970284641332e-02,2.989096921220787406e-01,-6.477948076321551896e-02,1.793020242191340208e-01,1.787792126547209370e-01,1.331828946780463929e-01,1.677420796282228788e-01,2.137852450958487860e-01,-1.375262522900933815e-01,-2.631261450466955698e-01,-2.462129675141874197e-01,-3.046159345815273034e-01,-2.092005898386880558e-01,-2.137718396711202340e-01,4.314133786138790727e-01,2.900621118012422506e-01,4.829304258456588728e-01,2.440412887081639115e-01,4.714732561776665554e-01,2.288350685910898741e-01,-3.172170338263550354e-02,-2.512623441619375383e-02,9.763170829795790595e-02,-4.482059073238303659e-01,-2.621341436167836103e-01,-4.264757138388667879e-01,3.680459359220698001e-01,3.322534518968676132e-01,9.137137494972966123e-02,7.918584387148666637e-02,1.428213950578667568e-01,2.486661602395102422e-01,-1.815630725233477738e-01,-2.376469011126502440e-01,8.834174896107958863e-03,-9.349390053174851112e-02,-1.887885964520309157e-01,-1.131283792841503155e-01,5.317038294829974643e-02,-1.341436167835917577e-02,-4.093703918852495405e-01,-5.753965771482193459e-01,1.801555029268510633e-01,-4.737789892309754447e-01,-2.552392868314044549e-01,-4.373609187184414049e-01,-7.785423834845167645e-02,-4.595245542696277941e-01,-2.623888466866258762e-01,-1.682648911926359625e-01,-1.986013673533223167e-01,2.094821037579874118e-02,-1.033647616068635727e-01,-3.277045444389829476e-01,-5.254032798605835775e-02,6.018588855623575873e-02,1.249832432190893169e-02,1.452701193082800782e-02,9.623307565128021157e-02,1.182715939050002218e-01,-2.338799767639304639e-02,-1.430448188033424106e-01,-2.964609678716654262e-01,-1.995263416595915718e-01,-3.235667366727735805e-01,-2.525805442602439554e-01,-2.451584074355422360e-01,-6.702712364270074004e-05,2.472585906430135316e-01,3.342732025559676523e-01,-2.391661825818847953e-01,1.461191295410876239e-03,8.321193976495822042e-02,-1.245900174270521410e-01
4.764600741766835124e-01,1.000000000000000000e+00,-6.612896018588855507e-02,-1.960453997050806696e-01,9.406139684525671729e-02,-2.423030519683631867e-01,-1.757138388667947582e-01,-1.557308190714509211e-01,7.158943652531390978e-02,-2.239733678895393099e-01,1.775325081549667186e-02,-1.758791724384467514e-02,6.402430850350775138e-02,-7.013271370481254097e-02,-1.532955002457661309e-01,-3.209482103757987370e-01,3.244068099557620988e-01,4.614504669556280247e-01,3.743688279190312551e-01,6.891058581706063224e-01,-3.472273113186469251e-01,-2.610840520130479625e-01,-2.639706868045935684e-01,-3.580052728003932372e-01,-3.110103221770409987e-01,-3.961526431029089856e-01,-1.615889896778229529e-01,-2.741900889226506766e-01,1.628178202779391459e-01,2.007685776844362890e-01,-4.574288395370659788e-01,-4.370034407256803144e-01,4.456410027257697026e-02,-7.757272442915233088e-03,-9.001742705214710316e-02,-1.125474775459135851e-01,-2.616202690021895427e-01,-1.628893158764913585e-01,-2.407971759238571874e-01,-3.255730819071450677e-02,-1.757004334420662200e-02,1.546896644175342894e-01,-1.899906162026900325e-01,3.719066982438893332e-01,1.061709638500379742e-02,3.785825997587023428e-01,4.356048080790026478e-01,4.735242861611331788e-01,5.072389293534116383e-01,4.778050851244470265e-01,1.194423343312927266e-01,1.436480629161267231e-01,-2.510657312659189677e-01,-1.758389561642611509e-01,2.224853657446713290e-02,5.034183833057777335e-02,8.893560927655391746e-01,8.933866571339201812e-01,4.000446847490951585e-01,5.304481880334241950e-01,2.621028642924169705e-01,2.211492917467268449e-01,-4.514500201081370762e-02,1.668528531212297161e-01,-6.790741319987488034e-02,-4.389606327360471849e-01,-7.189776129407032985e-03,1.547879708655435817e-02,6.998659457527145467e-01,7.680772152464363511e-01,-1.862996559274319730e-01,-3.279815898833727816e-01,-1.704142276241119025e-01,-6.768845792930872074e-02,-2.643281647973546589e-01,-3.630323070735957947e-01,7.710800303856293891e-02,-5.936368917288529362e-02,-6.743822333437597683e-02,-4.790205102998346468e-03,2.445372894231198913e-01,3.135484159256445857e-01,7.699182269091558659e-03,-4.830421377183967413e-02,9.756021269940569340e-02,-5.131596586085169359e-02,-4.641404888511550808e-02,-1.934581527324724104e-01,-3.284731221234192811e-01,-6.029491934402788633e-01,-6.664819697037400736e-01,-5.540640779302024033e-01,-5.400911568881541225e-01,-3.258858751508110219e-01,1.772554627105768776e-01,-1.473211492917467225e-01,-7.243397828321194130e-03,-2.468072746771526882e-01,-3.612672594843380214e-01,-4.830823539925823140e-01,-2.883283435363510616e-01,-3.050180973233835302e-01,-7.020867777827427547e-02,-2.661691764600741528e-01,-3.152374994414406384e-01,-3.488180883864336890e-01,-3.028017337682649135e-01,-3.448768935162428995e-01,-2.144108315831806666e-01,1.367442691809285515e-01,-1.348853836185709698e-01,-1.263505965414004062e-01,-5.078019571920103781e-01,2.396219670226551746e-01,-2.314938111622503181e-01,-1.057241163590866458e-02
4.218597792573394734e-01,-6.612896018588855507e-02,1.000000000000000000e+00,2.312212341927700199e-01,1.949684972518879178e-01,2.211805710710934292e-01,6.501184145851021112e-01,1.742660529961124194e-01,8.255954242816926358e-02,1.441664060056302710e-01,4.558916841681934229e-01,4.672237365387193336e-02,5.185262969748425377e-01,3.239420885651727033e-01,4.196478841771303370e-01,2.809777023102015200e-02,-2.702712364270074552e-01,-3.833191831627865143e-01,3.800750703784798179e-01,1.583314714687877045e-01,-2.873542160060771344e-01,1.564144957326064622e-01,6.392957683542607183e-01,3.852674382233343686e-01,2.264846507886858207e-01,-3.832610929889628676e-02,2.268197864068993153e-01,2.857232226641047146e-01,-4.554269627776039858e-02,-1.899682738281424643e-01,4.796460967871665065e-02,-5.755395683453237536e-03,9.029447249653693719e-02,-8.743464855444836592e-02,3.014745967201394317e-01,8.875284865275481772e-02,-3.793601143929576924e-01,-3.988560704231645659e-01,-1.499575494883596261e-01,-3.562000089369498079e-01,-1.998257294785289739e-01,-2.782787434648554270e-01,-1.137316233969346280e-01,-1.346172751240001797e-01,-2.036507440010724423e-01,-2.847803744581974272e-01,-2.941194870190803612e-01,-3.884489923589078963e-01,-3.102238705929666329e-01,-3.122034049778810716e-01,-2.134992627016399358e-01,-2.028598239420885685e-01,-3.304079717592385834e-01,-2.814379552258813866e-01,-2.277313552884400460e-01,-2.107958353813843277e-01,-1.962554180258277714e-01,-2.824522990303409697e-01,4.061843692747665532e-03,-9.984807185307655042e-02,1.862996559274319730e-01,6.118682693596675520e-02,-2.605925197730014631e-01,-2.915188346217436055e-01,5.752044327271101931e-01,9.288618794405469059e-02,1.990079985700880238e-01,-1.737745207560659477e-01,-4.440770365074400011e-02,-1.450422270878949094e-01,2.975736181241342426e-01,2.882211001385227012e-01,2.333973814737030361e-01,2.879842709683185231e-01,2.144376424326377428e-01,2.886858215291120966e-01,1.316636132088118416e-01,1.105277268868135321e-01,-1.690468743018007924e-01,-1.175655748692971125e-01,-3.283926895750480246e-01,-4.974261584521202928e-01,-3.512042539881138348e-01,-5.285535546717905486e-01,-7.696501184145851382e-02,-4.922293221323562062e-01,1.258009741275302740e-01,-8.857857813128379443e-02,9.535278609410607897e-02,-1.787211224808972765e-01,6.813530542026006998e-02,1.507261271727959318e-01,1.934536842575629023e-01,3.121944680280619999e-01,-1.069931632333884497e-01,-1.991107734930068485e-01,9.369945037758613260e-02,5.519460208230930753e-02,1.612002323606953058e-01,1.760355690602797285e-01,2.548639349390053321e-01,2.421332499218016854e-01,-1.604763394253541364e-01,-1.522141293176638710e-01,9.862817820277938741e-02,3.003440725680325274e-01,-4.146297868537467818e-02,4.531480405737521588e-02,-2.338531659144733876e-01,-3.044506010098753102e-01,1.405380043791054079e-01,3.644756244693685976e-01,1.329639394074802194e-01,-1.703695428750167662e-01,2.307565128021806244e-01,-1.391349032575182054e-01
1.307475758523615923e-02,-1.960453997050806696e-01,2.312212341927700199e-01,1.000000000000000000e+00,-3.804057375217838044e-01,1.291880781089414232e-01,2.951606416729969928e-01,7.783591760132266835e-01,-4.341927700075964291e-01,1.675320613074757492e-01,-1.188212163188703679e-01,4.114258903436256998e-01,-1.182403145806336237e-01,3.229500871352607438e-01,-2.760757853344653623e-01,1.688145136065060947e-01,-4.211448232718173479e-01,-4.157290316814871156e-01,-1.666562402252111386e-01,-4.056481522856249244e-02,-1.059475401045623100e-02,1.765539121497832764e-01,1.290138075874703860e-01,4.816658474462666151e-01,-1.098753295500245752e-01,3.320881183252156199e-01,5.068591089861030491e-02,9.982572947852898226e-02,-1.461191295410876334e-01,-6.555252692256133273e-02,3.113633316948925533e-01,4.037803297734482988e-01,-2.389293534116805964e-02,2.231869163054649441e-01,6.895303632870102006e-02,1.633182894678046337e-01,3.484963581929487186e-02,1.129943250368649205e-01,-4.003753518923991450e-02,2.122525582018856827e-02,-1.240448634880915099e-02,-2.574288395370660093e-02,-1.767818043701684660e-01,-6.290718977612941298e-02,-2.575718307341704483e-01,-1.039858796192859314e-01,-2.044729433844229005e-01,-1.373251709191652958e-01,-3.918092854908619693e-01,-3.593770945976138553e-01,-3.593458152732472155e-01,-3.353277626346127804e-01,-1.654184726752759294e-01,-2.259797131239107970e-01,-1.509182715939050012e-01,-1.432861164484561523e-01,-2.435720988426650080e-01,-3.214933643147593889e-01,1.382992984494391987e-02,-1.847803744581974217e-01,1.461459403905447096e-01,1.657178604942133315e-01,6.790741319987488034e-02,9.272979132222172738e-02,-1.368961973278519928e-01,3.331024621296751476e-01,1.245676750525045867e-01,1.833772733366102192e-01,-2.341972384825059261e-01,-1.582599758702354920e-01,8.802895571741364833e-02,2.563385316591447194e-01,1.483265561463872340e-01,1.358058894499307445e-01,-1.358863219983019732e-02,1.600428973591313253e-01,-7.257250100540685311e-02,1.702042093033647591e-02,-3.463425532865632706e-01,-3.870414227624112136e-01,-2.931498279637159698e-01,-2.317351088073640597e-01,-2.693775414451047845e-01,-1.980606818892712007e-01,-3.448232718173287470e-01,-4.013137316233969520e-02,-4.630680548728718926e-02,1.402654274096250819e-01,-3.387103981411144441e-03,2.249743062692702855e-01,2.607801957192010245e-01,-3.604718709504445978e-02,2.085750033513561752e-01,-7.658965994905939101e-02,1.007372983600697131e-01,-4.915769247955673049e-02,1.231109522320032179e-01,7.749229188078109176e-02,3.062469279234997233e-01,2.421868716207158378e-01,4.451762813351802794e-01,1.186737566468564348e-01,1.345681218999955353e-01,2.278698780106349631e-01,2.411367800169802178e-01,8.913713749497297056e-02,2.129943250368649121e-01,2.311988918182224517e-01,7.822959024085079927e-02,3.386210286429242045e-02,1.226372938915947924e-01,2.926091424996648538e-01,1.525492649358773933e-01,-5.120872246302337304e-03,5.431878100004468302e-02,-2.457661200232360565e-01
8.075427856472586208e-02,9.406139684525671729e-02,1.949684972518879178e-01,-3.804057375217838044e-01,1.000000000000000000e+00,5.407882389740381601e-01,9.647884177130344741e-02,-3.398766700924974460e-01,7.971267706331829350e-01,2.530542026006524226e-01,3.342866079806962043e-01,2.580991107734930193e-02,2.805531971937977320e-01,1.619643415702220757e-01,5.738772956789847113e-01,2.149202377228651983e-01,2.962375441261897446e-01,2.319183162786540853e-01,2.547924393404530918e-01,1.355735287546360433e-02,-2.263684704410384718e-01,-7.856919433397381580e-02,2.772643996603958993e-01,1.154162384378211725e-01,3.306224585548951933e-01,3.308011975512757663e-02,-5.297377005228115499e-02,-8.925331784262031942e-02,3.432414316993609993e-01,1.606952946959202821e-01,-2.066222798158988405e-02,-2.842843737432414197e-02,2.045623128826131731e-01,-3.774967603556905749e-02,-4.694132892443808602e-02,-7.639751552795030765e-02,-2.301622056392153282e-01,-2.558246570445507073e-01,-1.443764243263774005e-01,-9.789534831761920186e-02,-1.420840966977970354e-01,-1.841279771214084648e-01,-4.054917556637919751e-01,-3.693283882211001456e-01,-3.102417444926046652e-01,-3.210599222485365778e-01,-1.546986013673533333e-01,-2.358327002993878263e-01,1.719066982438893498e-01,6.852406273738773090e-02,3.663345100317261793e-01,2.020197506591000502e-01,-2.436212520666696316e-02,-2.815720094731667955e-01,2.803521158228696741e-01,1.784351400866884263e-01,8.512891550113946271e-02,9.576388578578130806e-02,2.494704857232226680e-01,1.815451986237097415e-01,7.808659904374637417e-02,1.570937039188524953e-01,1.673265114616381555e-01,2.528397158049957572e-01,1.759774788864560402e-01,2.087224630233701361e-02,9.386031547432861777e-02,-1.421734661959873081e-01,1.279592475088252301e-01,-5.169131775325081640e-02,3.897805978819429140e-01,1.218955270566155769e-01,2.538987443585504211e-01,2.751418740783770356e-01,2.481880334241923225e-01,3.220206443540819530e-01,6.347021761472809720e-02,-2.754814781715000591e-02,3.639572813798650497e-01,2.467759953527861039e-01,2.090173823673980025e-01,8.321193976495822042e-02,-1.632333884445238970e-02,-1.126815317931989802e-01,4.099378881987577605e-01,-1.622950087135260622e-01,3.433978283211939764e-01,5.792484025202198489e-02,3.401000938379730720e-01,-3.346843022476428953e-01,-3.206354171321327828e-01,-2.742883953706600209e-01,-1.382412082756155347e-01,-1.694088207694713910e-01,-9.947271996067742761e-02,-1.837883730282854552e-02,-1.154564547120067869e-01,-1.517538764019840114e-01,-4.181375396577148296e-01,-4.475401045623128571e-01,-2.177040975914920351e-01,-3.293757540551409679e-01,-1.829840475445730363e-01,-4.214308056660261981e-01,-1.324187854685195953e-01,-2.234237454756691707e-02,-3.732248983421957989e-01,-2.850797622771348294e-01,-3.054470709146968055e-01,-3.534742392421466595e-01,-4.574511819116135469e-01,-1.418651414272308897e-01,-3.972429509808302339e-01,-2.602350417802404281e-01,9.638500379820367364e-03,-9.371732427722417880e-02
-9.188078108941417910e-02,-2.423030519683631867e-01,2.211805710710934292e-01,1.291880781089414232e-01,5.407882389740381601e-01,1.000000000000000000e+00,2.105098529871754845e-02,1.562536306358639770e-01,4.277671030877161495e-01,7.411099691675231416e-01,7.052147102194021577e-02,1.064033245453326754e-01,-8.941418293936279418e-03,2.545645471200679300e-01,3.682470172929979135e-01,4.149470485723222857e-01,3.509093346440859962e-02,-5.303186022610482941e-02,8.654542204745520328e-02,-1.655614638723803544e-01,1.152151570668930730e-01,2.433888913713749547e-01,4.932123866124491496e-01,5.375217838151838956e-01,4.653916618258188698e-01,4.825952902274453504e-01,2.342866079806961987e-01,1.690960275258054368e-01,2.429777916796997117e-01,1.732561776665623998e-01,4.325036864918003210e-01,4.089369498190267849e-01,2.675186558827472028e-01,2.833996157111577929e-01,2.224004647213905783e-01,3.049868179990169459e-01,3.374145404173555657e-02,4.325483712408954851e-02,1.911613566289825303e-02,-7.990526833191831380e-02,8.457035613745028657e-02,4.892980025917154779e-02,-4.084141382546137011e-01,-4.528441842799052486e-01,-3.648867241610438406e-01,-3.570132713704812777e-01,-4.251753876401984100e-01,-4.417444926046740217e-01,-3.594619956208945921e-01,-3.246793869252423970e-01,-1.639036596809508861e-01,-2.560123329907502687e-01,-1.879753340184994737e-01,-4.791590330220295568e-01,2.952768220206443417e-02,-1.542562223513115061e-01,-1.426471245363957197e-01,-2.197595960498681666e-01,3.326332722641762302e-02,-7.456097234014030795e-02,8.722463023370123636e-02,2.065731265918941961e-01,5.084230752044327506e-02,8.449886053889807402e-02,2.593681576477948059e-01,3.917556637919478169e-01,-1.832074712900487175e-04,5.455561017024889575e-02,-3.840654184726752934e-02,-1.628759104517628065e-01,5.202019750659100383e-01,3.694624424683855546e-01,3.576567317574511629e-01,4.443317395772822809e-01,2.879306492694043706e-01,4.124134232986281789e-01,2.860896376066848212e-01,3.418249251530452448e-01,2.634657491398185725e-01,6.262120738192054892e-02,1.200992001429911915e-01,-2.155547611600160951e-01,4.569015594977433870e-02,-1.060771258769381969e-01,2.400688145136065099e-01,-3.213771839671120123e-01,3.168059341346798341e-01,9.858349345368425110e-02,3.664194110550069161e-01,-1.813709281022387043e-01,-2.362482684659725565e-02,-1.421287814468921717e-01,-6.089637606684838306e-02,-2.458733634210643892e-01,-7.894901470128244669e-02,1.069082622101076852e-01,5.800974127530274249e-02,7.873452790562580211e-03,-1.570177398453907747e-01,-2.170785111041601545e-01,1.527324724071674363e-02,-3.122480897269762079e-01,1.665579337772018498e-01,-8.245229903034094476e-02,1.504624871531346220e-01,2.688681353054202597e-02,5.508735868448098871e-02,9.924035926538272989e-02,-5.127128111175655728e-02,-1.664864381786496372e-01,-3.420751597479780304e-01,8.172840609499977191e-03,-1.503641807051253332e-01,-2.916216095446624301e-01,1.284686536485097653e-02,-2.200589838688055688e-01
4.125787568702801722e-01,-1.757138388667947582e-01,6.501184145851021112e-01,2.951606416729969928e-01,9.647884177130344741e-02,2.105098529871754845e-02,1.000000000000000000e+00,3.717145538227802914e-01,-1.160418249251530393e-01,6.811296304571250182e-02,5.671075561910720042e-01,3.121721256535144318e-01,6.633406318423522574e-01,4.738460163546181492e-01,3.645962732919254545e-01,1.633674426918092781e-01,-2.356628982528262972e-01,-3.680638098217078324e-01,3.754591357969525034e-01,1.297198266231735231e-01,-3.417132132803074041e-01,-4.666428348004825893e-02,3.587202287859153627e-01,2.231779793556459279e-01,-2.060994682514857568e-01,-2.020689038831046946e-01,-1.375977478886455940e-01,7.301488002144867692e-03,2.280709593815630556e-02,-9.173332141740024592e-02,-8.975378703248580725e-02,-5.258054426024397904e-02,-1.597166986907368469e-01,-2.195406407793020209e-01,-2.145761651548326598e-02,-1.227624111890611713e-01,-4.446221904464006669e-01,-4.271191742258367285e-01,-4.183609634031905111e-01,-5.085303186022610555e-01,-3.504356763036775568e-01,-4.442334331292729921e-01,-1.703740113499262743e-01,-2.260914249966486378e-01,-9.087984270968318956e-02,-1.803476473479601327e-01,-3.593055989990616150e-01,-4.959068769828857137e-01,-1.647482014388489124e-01,-2.299789981679252748e-01,-1.168372134590464212e-01,-2.162652486706287125e-01,-2.170025470306984339e-01,-2.691049644756244863e-01,-2.990482148442736299e-01,-2.189910183654318887e-01,-3.193663702578309893e-01,-3.920952678850708195e-01,1.339425354126636547e-01,-1.146878770275704951e-01,2.848831493811162519e-01,1.927744760713168692e-01,3.781223468430224693e-02,-1.069752893337503896e-01,3.751910273023816855e-01,8.682246749184503731e-02,-3.193619017829214812e-02,-4.340631842352205005e-01,-1.640734617275123874e-01,-2.852629697484248550e-01,3.054515393896063413e-01,4.045220966084275283e-01,3.400375351892399034e-01,2.637338576343893903e-01,2.145761651548326598e-01,2.667634836230394768e-01,-6.006077125876937983e-02,-7.972652933553778243e-02,-2.118548639349389917e-01,-1.011573350015639722e-01,-4.470217614728093092e-01,-3.984985924304035310e-01,-5.174851423209259060e-01,-6.467759953527860706e-01,-2.164484561419187658e-01,-3.609455292908530510e-01,-3.284820590732382972e-01,-2.757049019169757198e-01,-3.610527726886813421e-03,2.267304169087090704e-02,2.244783055543143058e-01,3.261227043210152554e-01,3.369766298762232326e-01,5.418204566781357201e-01,-2.196746950265874299e-01,-2.904061843692747891e-01,-9.851199785513203855e-02,1.139103623933151593e-01,2.662540774833549451e-01,4.066312167657178400e-01,2.870771705616873004e-01,5.052951427677733198e-01,-1.577505697305509602e-01,6.448456141918762485e-02,-9.121050985298717606e-02,2.216274185620447645e-01,-1.574154341123374656e-01,-2.023772286518611338e-02,-1.433263327226417527e-01,-1.782742749899459411e-01,2.091290942401358433e-01,4.426962777604003807e-01,2.039546002949193526e-01,-3.239644309397202854e-02,3.409178247464140221e-01,-1.665266544528352377e-01
2.108494570802985080e-01,-1.557308190714509211e-01,1.742660529961124194e-01,7.783591760132266835e-01,-3.398766700924974460e-01,1.562536306358639770e-01,3.717145538227802914e-01,1.000000000000000000e+00,-4.434201706957415223e-01,2.749318557576299060e-01,9.040171589436525601e-02,5.593055989990616261e-01,5.751820903525626388e-02,5.072165869788640702e-01,-1.355735287546360468e-01,2.791277536976629614e-01,-1.712498324321908849e-01,-2.045578444077036373e-01,1.594307162965279967e-01,1.156843469323919765e-01,-9.953527860941061012e-02,-9.634031904910854080e-03,1.918048170159524501e-01,4.389159479869520486e-01,-2.432324947495419776e-01,3.580722999240359417e-01,1.158809598284105680e-01,1.144376424326377407e-02,1.036552124759819449e-01,1.928102238705929616e-01,3.365699986594575255e-01,4.517762187765315685e-01,8.804236114214218645e-02,3.216452924616828302e-01,1.232941597032932712e-01,2.223647169221144859e-01,-2.047767996782698108e-01,-6.903346887707224877e-02,-3.055989990616202467e-01,-2.685017203628401461e-01,-9.298896286697350133e-02,-1.093033647616068610e-01,-1.388980740873139996e-01,-7.609365923410339738e-02,-1.830957594173108771e-01,1.925912686000268203e-03,-2.452030921846373723e-01,-2.404799142052817251e-01,-3.843067161177889934e-01,-3.563385316591447527e-01,-5.923365655301845445e-01,-6.052459895437687365e-01,-3.953438491442870517e-01,-4.286071763707046678e-01,-4.066982438893605445e-01,-3.670047812681531685e-01,-1.420349434737923910e-01,-2.631842352205192581e-01,1.305241521068859281e-02,-2.459359220697975856e-01,2.080432548371241031e-01,2.400643460386970018e-01,2.383797309978104573e-01,1.490459806068188953e-01,-4.211537602216363502e-02,3.222306626748290825e-01,-1.102372760176951599e-01,7.095938156307252283e-03,-2.138969569685866268e-01,-1.998748827025336183e-01,3.204968944099378936e-01,4.960453997050806585e-01,3.843514008668841297e-01,3.595424281692658486e-01,1.074757585236158913e-01,1.812145314804057272e-01,6.324679386925242952e-02,1.625005585593636837e-01,-1.323517583448768908e-01,-8.110728808257741673e-02,-8.520487957460118333e-02,-1.135126681263684684e-01,-4.209526788507082506e-01,-3.274543098440502176e-01,-2.394745073506412136e-01,-2.325081549667098735e-01,-3.545198623709727714e-01,-1.352205192367844921e-01,-1.851244470262299602e-01,9.404799142052817917e-02,1.998212610036194659e-01,-4.313865677644219965e-02,1.478082130568836861e-01,-3.356271504535501826e-02,-3.816971267706331661e-02,-1.353947897582555033e-03,1.232137271549220287e-01,3.097412753027391497e-01,4.148085258501273409e-01,2.875240180526386080e-01,4.088520487957459926e-01,6.000714955985522042e-02,2.593368783234282215e-01,2.698154519862370759e-01,1.342329862817820407e-01,-7.302381697126771043e-02,9.447249653693194638e-02,6.901559497743420257e-02,1.319093793288350636e-02,-3.388444523883998166e-02,2.966575807676840038e-01,4.823986773314267729e-01,6.973948791277537196e-02,-2.272219491487555143e-02,1.154519862370972788e-01,-1.398319853434022986e-01
-7.596854193663703236e-02,7.158943652531390978e-02,8.255954242816926358e-02,-4.341927700075964291e-01,7.971267706331829350e-01,4.277671030877161495e-01,-1.160418249251530393e-01,-4.434201706957415223e-01,1.000000000000000000e+00,2.584297779167969988e-01,7.862728450779749023e-02,-1.299075025693730845e-01,3.866571339201930330e-02,-8.561597926627642630e-02,4.107958353813843111e-01,9.000849010232807312e-02,2.547700969659055237e-01,1.656865811698467195e-01,1.155905089592921958e-01,-3.677554850529514419e-02,-7.381473703025157040e-02,1.347692032709236348e-02,1.600428973591313253e-01,2.229768979847178249e-03,4.493364314759372702e-01,1.072121185039545954e-01,1.329818133071182865e-02,-1.899995531525090417e-02,2.451003172617185755e-01,4.771884355869341482e-02,-1.002725769694803176e-02,-7.007462353098888042e-02,3.087313999731891578e-01,6.653559140265427607e-02,2.795924750882523846e-02,3.333929129987935058e-02,-3.259752446490012806e-02,-9.177800616649536836e-02,1.002323606952946894e-01,6.131194423343312716e-02,9.007551722597077759e-02,8.297064211984449267e-02,-2.276553912149783254e-01,-2.266499843603378139e-01,-1.989007551722597189e-01,-2.625094955091827331e-01,-1.050404396979311011e-01,-1.102551499173332200e-01,1.935832700299387754e-01,8.687162071584968170e-02,3.424192323160105689e-01,2.375262522900933870e-01,6.328254166852853579e-02,-1.503686491800348413e-01,2.044506010098753324e-01,9.496849725188792612e-02,1.635417132132803153e-01,1.156888154073014846e-01,1.524062737387729682e-01,2.048840430760981157e-01,6.133428660798069532e-02,1.105143214620849940e-01,3.973814737030251232e-02,1.833951472362482793e-01,9.234550248000357453e-02,-4.639170651056793993e-02,1.908396264354975669e-01,5.250011171187273645e-02,2.541489789534831512e-01,8.029402564904597472e-02,1.274140935698646060e-01,-9.194780821305688356e-02,2.247196031994280405e-02,9.365923410340050437e-02,1.217257250100540616e-01,1.278207247866303131e-01,-6.466776889047767818e-02,-1.291746726842128712e-01,3.188167478439608571e-01,1.657133920193038235e-01,1.639215335805889462e-01,2.268644711559944516e-02,1.254077483354930911e-01,-3.959962464810760224e-02,2.378390455337593412e-01,-1.255954242816926525e-01,4.526162920595200867e-01,-7.551722597077617678e-03,3.366057464587336456e-01,-2.555833593994369934e-01,-2.945931453594888283e-01,-1.807006568658116874e-01,-1.929264042182403105e-01,-1.972295455561016986e-01,5.996693328566960086e-03,7.599535278609410860e-02,-1.576790741319987477e-01,-9.927163858974931421e-02,-4.671790517896242112e-01,-4.890254256222351104e-01,-3.496402877697841749e-01,-3.754680727467715196e-01,-2.812324053800437929e-01,-4.306492694043522751e-01,-1.345189686759908909e-01,-2.973770052281156373e-02,-2.885383618570981912e-01,-1.411010322177040921e-01,-2.716564636489566253e-01,-3.125206666964565061e-01,-4.429331069306045587e-01,-2.547522230662674914e-01,-2.937798829259573585e-01,-3.247196031994280530e-01,-1.513963984092229209e-01,-3.209258680012511827e-02
-7.664775012288306544e-02,-2.239733678895393099e-01,1.441664060056302710e-01,1.675320613074757492e-01,2.530542026006524226e-01,7.411099691675231416e-01,6.811296304571250182e-02,2.749318557576299060e-01,2.584297779167969988e-01,1.000000000000000000e+00,1.017873899638053470e-01,1.982036730863756258e-01,9.549130881630099946e-03,3.344117252781625416e-01,3.158318066044059069e-01,5.861656016801465308e-01,-9.026319317217033553e-03,-1.355377809553599266e-01,1.265338040126904595e-01,-1.902810670718083907e-01,6.768845792930872074e-02,1.715090039769426589e-01,4.830376692434871777e-01,5.965994905938603043e-01,3.000268108494570929e-01,3.690602797265293278e-01,2.627463246793869112e-01,2.390723446087850146e-01,8.988784127977121619e-02,2.679297555744224527e-02,3.409088877965950060e-01,3.076142812458108056e-01,1.080968765360382500e-01,2.004915322400464828e-01,1.455695071272174734e-01,2.426158452120291409e-01,-8.388221100138522346e-02,-2.789222038518253746e-02,4.501988471334733566e-02,-1.454712006792081846e-01,-9.268510657312659107e-02,-7.702757049019169633e-02,-3.327047678627284566e-01,-3.609499977657625314e-01,-3.339023191384780098e-01,-2.659636266142365590e-01,-5.623084141382546086e-01,-5.113007730461593958e-01,-5.053219536172304238e-01,-3.849769873542159826e-01,-3.296796103489879060e-01,-3.490683229813664745e-01,-1.716207158496804996e-01,-4.531078242995665306e-01,-1.724875999821260941e-01,-2.614370615308995172e-01,-1.086688413244559642e-01,-2.786540953572545498e-01,-1.203270923633763811e-01,-1.962062648018231270e-01,1.454086420304749883e-01,2.153492113141784736e-01,1.862907189776129291e-02,9.625094955091827512e-03,2.942803521158228741e-01,5.142767773358952743e-01,-2.934089995084677716e-01,-8.488761785602573495e-02,-6.187050359712230330e-02,-1.605791143482729333e-01,4.572277581661379209e-01,2.863800884758032073e-01,1.693820099200142870e-01,2.341078689843156535e-01,3.015863085928772724e-01,3.380758747039635526e-01,2.695115956923901934e-01,3.136735332231109785e-01,2.303275392108673214e-01,2.831225702667679658e-02,-5.692837034720049823e-03,-3.863845569507127209e-01,-1.546137003440725688e-01,-2.816479735466285161e-01,1.373117654944367438e-01,-2.173734304481880208e-01,2.322177040975914875e-01,8.201885696411814752e-02,3.711157781849054871e-01,-9.231869163054649829e-03,1.006479288618794404e-01,-1.045623128826131572e-02,9.785960051834309212e-04,-1.831404441664060134e-01,-2.917467268421287951e-02,1.473032753921086624e-01,6.876982885741096674e-02,5.052057732695831166e-02,-7.300594307162965035e-02,-1.158586174538629998e-01,2.083783904553375976e-01,-1.420483488985209430e-01,3.035837168774297434e-01,5.000223423745475682e-02,2.262880378926672431e-01,5.314357209884266325e-02,3.032753921086733112e-02,1.569373072970195182e-01,-9.462442468385540151e-02,-2.170293578801555101e-01,-2.055900621118012528e-01,-6.094552929085303439e-02,-2.103936726395281287e-01,-3.427186201349479155e-01,6.224585548952142784e-03,-1.230841413825461417e-01
5.438893605612404869e-01,1.775325081549667186e-02,4.558916841681934229e-01,-1.188212163188703679e-01,3.342866079806962043e-01,7.052147102194021577e-02,5.671075561910720042e-01,9.040171589436525601e-02,7.862728450779749023e-02,1.017873899638053470e-01,1.000000000000000000e+00,3.664775012288306044e-01,8.538049063854505905e-01,5.522811564413065977e-01,6.398632646677688829e-01,2.421198444970731611e-01,9.993297287635730108e-02,5.038652307967290966e-02,5.895661110862862042e-01,1.687206756334063140e-01,-2.750971893292818993e-01,-1.419723848250591947e-01,4.903883104696367123e-01,2.048259529022744552e-01,-1.283167255015863206e-01,-2.889315876491353463e-01,5.495777291210510174e-02,1.972831672550158510e-02,1.780463827695607515e-01,6.693775414451047512e-02,-1.822512176594128508e-01,-1.763975155279502993e-01,-1.895348317619196532e-01,-3.544796460967871710e-01,-1.424639170651056663e-01,-2.763930470530407968e-01,-5.452388399839135369e-01,-5.476428794852317150e-01,-3.918003485410429532e-01,-5.306805487287188372e-01,-3.813396487778721311e-01,-4.205817954332186637e-01,-1.011752089012020184e-01,-2.918360963403190608e-02,-1.500022342374547624e-01,-5.238393136422538759e-02,-1.093033647616068610e-01,-2.598418159882032175e-01,-7.925733947003887891e-02,-7.883283435363509783e-02,-1.078153626167389079e-01,-2.014701282452298903e-01,-1.040752491174762040e-01,-2.253764690111265123e-01,-1.076544975199964227e-01,-4.270521471021940241e-02,-7.423477367174582953e-02,-1.357567362259261001e-01,4.080611287367621326e-02,-1.382009920014299065e-01,2.183475579784619480e-01,-4.606997631708298346e-03,1.585102104651682497e-01,-3.579248402520220085e-02,4.053040797175923582e-01,-7.953885338933821061e-03,-4.487510612627910178e-01,-6.952678850708253755e-01,-1.799588900308324857e-01,-2.142454980115286733e-01,4.149693909468698538e-01,3.187586576701371688e-01,4.141829393627954881e-01,3.052147102194021078e-01,3.207203181554135751e-01,3.026229947718843682e-01,2.006568658116984760e-01,4.831315072165869723e-02,-1.686849278341302077e-02,6.569551811966575783e-02,-1.084409491040707746e-01,-1.108717994548460567e-01,-3.275928325662451623e-01,-4.677420796282228954e-01,3.940256490459805860e-01,-1.795209794897001665e-01,-7.366727735823763723e-02,-1.798650520577327050e-01,1.558112516198221498e-01,-2.272532284731221264e-01,-9.341346798337726853e-02,7.996335850574198822e-02,-3.536797890879842671e-02,1.991152419679163565e-01,-2.199785513204343401e-01,-1.260065239733678955e-01,-1.433486750971893313e-02,1.861253854059609358e-01,8.717100853478708389e-02,2.113633316948925200e-01,1.154117699629116645e-01,2.382054604763394201e-01,2.011707404262924950e-02,-4.161490683229813331e-02,-1.209973635998033842e-01,6.589659949059385735e-02,-1.930425845658876594e-01,-1.295187452522454097e-01,-1.879976763930470418e-01,-2.217793467089682335e-01,1.571428571428571397e-01,2.737745207560659533e-01,-2.459716698690736780e-01,-2.383663255730819053e-01,3.418159882032262287e-01,-2.065329103177085748e-02
1.455829125519460254e-01,-1.758791724384467514e-02,4.672237365387193336e-02,4.114258903436256998e-01,2.580991107734930193e-02,1.064033245453326754e-01,3.121721256535144318e-01,5.593055989990616261e-01,-1.299075025693730845e-01,1.982036730863756258e-01,3.664775012288306044e-01,1.000000000000000000e+00,2.851959426247821505e-01,8.417981143035881963e-01,2.656910496447562609e-01,6.061352160507619269e-01,2.324143169936100928e-01,1.758300192144421070e-01,9.133115867554403300e-02,-6.624067205862639585e-02,-1.123463961749854717e-01,-1.039099155458242107e-01,2.476920327092363427e-01,4.741319987488269994e-01,-9.377541445104785323e-02,2.507976227713481499e-01,-5.773269583091290673e-03,-5.800527280039322747e-02,4.480450422270879085e-01,4.561597926627641852e-01,3.013986326466777110e-01,3.784172661870503496e-01,2.139505786675007792e-01,2.788104919790875269e-01,-1.168461504088654512e-01,-1.096563742794584226e-02,-2.740560346753653231e-01,-2.086822467491845079e-01,-1.701371821797220685e-01,2.444702622994771729e-02,-3.110952232003217147e-02,-7.551722597077617505e-02,-2.865409535725456647e-01,-1.222708789490146997e-01,-3.537289423119889253e-01,-9.898118772063094206e-02,-3.059922248536574574e-01,-2.898342195808570332e-01,-2.211895080209124731e-01,-2.133920193038116031e-01,-1.151525984181598766e-01,-1.749273872827204201e-01,-2.906698243889360711e-01,-4.696992716385897659e-01,-5.376022163635551382e-02,5.794271415166003802e-02,-6.158452120291344617e-02,-1.458554895214263236e-01,-5.884981455829125380e-03,-2.620626480182313700e-01,3.271415166003842634e-01,2.906787613387550873e-01,5.112784306716118277e-01,5.024710666249608826e-01,-3.792394655704008077e-02,4.152062201170740319e-01,-2.444434514500201105e-01,-2.118906117342151119e-01,-3.758791724384467625e-01,-3.287635729925376671e-01,5.063273604718709908e-01,4.869743956387684869e-01,5.946333616336744177e-01,4.831717234907725866e-01,3.865186111979981298e-01,3.385361276196434122e-01,9.202824076142812615e-02,7.942714151660038024e-02,1.573484069886947612e-01,2.332275794271415070e-01,3.783010858394030007e-02,9.163501496939094326e-02,-2.264399660395906844e-01,-2.346351490236382453e-01,1.516153536797890805e-02,7.711693998838196895e-02,-6.774207962822288709e-02,5.619554046204030401e-02,-1.345189686759908909e-01,-2.413870146119129548e-02,-1.150632289199696179e-01,-3.054962241387014776e-01,2.736940882076947107e-02,-1.748112069350730713e-01,-9.381563072523348146e-02,1.683900084901023275e-01,6.331828946780464207e-03,3.699226953840654142e-01,1.002725769694803176e-01,6.078019571920103420e-02,2.148755529737700620e-01,-9.503999285044013867e-02,-9.546449796684391975e-02,-1.130345413110505348e-01,-4.611466106617811631e-03,-1.100138522722194923e-01,-2.443183341525537455e-01,-3.269493721792752217e-01,-1.183296840788238963e-01,-5.758076768398945333e-02,1.691094329505339888e-01,4.744135126681263692e-01,-2.649894990839626319e-01,-3.197461906251396480e-01,3.140846329147861660e-01,-2.528620581795433253e-01
6.438848920863309289e-01,6.402430850350775138e-02,5.185262969748425377e-01,-1.182403145806336237e-01,2.805531971937977320e-01,-8.941418293936279418e-03,6.633406318423522574e-01,5.751820903525626388e-02,3.866571339201930330e-02,9.549130881630099946e-03,8.538049063854505905e-01,2.851959426247821505e-01,1.000000000000000000e+00,4.836141025068144139e-01,6.348004825952902053e-01,1.505518566513248946e-01,1.600473658340408334e-01,2.260601456722820604e-02,5.874167746548103475e-01,2.310693060458465509e-01,-3.818624603422851593e-01,-2.827293444747307483e-01,4.027302381697126510e-01,8.783681129630456497e-02,-1.185441708744805339e-01,-3.114705750927208583e-01,-1.210956700478126730e-02,-2.000536216989141566e-02,2.992358907904731913e-01,1.368023593547522121e-01,-1.360918718441395947e-01,-1.881853523392466032e-01,-7.493632423253943076e-02,-2.346262120738192014e-01,-5.075293802225300244e-02,-2.168818982081415492e-01,-4.971848608070065789e-01,-4.243129719826623236e-01,-4.694132892443809157e-01,-5.291746726842129211e-01,-2.735779078600473757e-01,-2.825908217525358590e-01,-1.464140488851154998e-01,-6.768398945439921266e-02,-1.400464721390589362e-01,-1.599535278609410527e-01,-1.352160507618749841e-01,-2.824880468296170344e-01,-8.238974038160776225e-02,-3.829036149962018049e-02,-9.484337995442156111e-02,-1.985790249787747486e-01,-1.999731891505429071e-01,-2.833817418115197051e-01,-1.421198444970731556e-01,-1.321998301979534496e-01,-1.608204119933866541e-02,-1.119933866571339171e-01,1.710308771616247392e-01,-9.214442110907547501e-02,3.860717637070467667e-01,8.529424907279145596e-02,1.209750212252558160e-01,-4.533267795701326902e-02,3.359444121721256726e-01,-1.506188837749675991e-01,-3.381697126770633055e-01,-6.649403458599579819e-01,-5.261182358461057029e-02,-1.274453728942311903e-01,4.209392734259796987e-01,3.815317931989811728e-01,3.779480763215514738e-01,3.615845212029134559e-01,2.606416729970061352e-01,1.285535546717905264e-01,1.247687564234326862e-01,-1.400866884132445644e-02,-1.145270119308280064e-02,6.293846910049599730e-02,-6.894409937888199003e-02,-1.297823852719066917e-01,-2.739353858528084107e-01,-5.253675320613074851e-01,2.145582912551945998e-01,-3.752089012020197734e-01,-2.131730640332454574e-01,-3.764198579024978786e-01,8.549086196881004740e-02,-3.192501899101836682e-01,-1.201304794673577897e-01,5.939943697216139989e-02,-3.425086018142008137e-02,2.482505920729255189e-01,-3.601143929576835490e-01,-2.559810536663836844e-01,-1.518923991241789284e-01,1.528575897046338117e-01,5.557442244961794536e-02,2.233522498771169373e-01,8.432459001742705074e-02,3.368381071540283433e-01,-8.697886411367800052e-02,-1.434380445953795883e-03,-1.839447696501184115e-01,1.244023414808525796e-01,-2.421645292461682697e-01,-1.057509272085437185e-01,-1.063586397962375391e-01,-1.261450466955628125e-01,1.466464095804101975e-01,3.695160641672997071e-01,-1.219670226551677894e-01,-6.208052191786943286e-02,4.576343893829036280e-01,-9.023191384780374080e-02
