1.000000000000000000e+00,5.577282273560033588e-01,7.092810223870592290e-02,5.080655972116716879e-02,2.362884847401581778e-01,-2.710666249609008371e-01,5.722775816613789868e-02,-9.322579203717770713e-02,4.333526967246079109e-02,1.814156128513338406e-01,3.663881317306403318e-01,-2.463246793869252327e-01,5.192367844854550718e-03,-1.883551543858081323e-01,-4.488672416104383389e-01,-4.601054560078645106e-01,4.014477858706823610e-01,3.615085571294517353e-01,4.271504535502033129e-01,4.855981053666383884e-01,-4.078555788909245527e-01,-1.812502792796818474e-01,1.256088297064212045e-01,4.805844765181643830e-02,-1.612225747352428740e-01,1.130390097859600568e-01,2.381518387774252676e-01,2.954510925421153789e-01,-8.627731355288439929e-02,-1.703918852495643343e-01,7.548594664640957685e-02,1.616783591760132255e-01,2.342419232316010624e-01,1.976495821975959577e-01,-5.327762634612806525e-02,-1.130032619866839505e-01,-9.810536663836633142e-02,-2.952634165959158175e-01,-3.174806738460163591e-01,-3.346708968229143433e-01,-2.935877385048483168e-01,-3.684615040886545234e-01,3.786138790830689826e-02,8.047276464542651997e-02,1.127753697662987609e-01,2.123240538004379230e-01,3.989007551722597023e-01,3.347557978461950801e-01,2.869967380133160439e-01,4.051878993699450371e-01,3.915277715715625995e-01,1.256579829304258489e-01,2.596273291925466076e-01,1.394298226015460995e-01,3.230930783323651689e-01,-1.413467983377273418e-01,5.895482371866481719e-01,5.701282452299030190e-01,3.064301353947897488e-01,2.603825014522543335e-01,3.488314938111622410e-01,2.567004781268152902e-01,2.598686268376603214e-01,1.301711425890343665e-01,-2.164127083426426457e-01,-2.772331203360293150e-01,2.385718754189195337e-02,5.968541936637025702e-02,5.479869520532641980e-01,5.791366906474819665e-01,-3.201304794673577869e-01,-1.511908485633853272e-01,3.167255015863085776e-01,2.492694043522945546e-01,2.220742660529960999e-01,8.617453862996558855e-02,2.795031055900621189e-02,-7.090129138924884666e-02,3.159211761025961743e-03,-1.529156798784574722e-01,9.951293623486304196e-03,-1.596630769918226944e-01,-3.097546807274677017e-01,-3.713794182045667691e-01,-4.254166852853121239e-01,-5.403190491085392289e-01,-4.215648599133116070e-01,-2.532418785468519840e-01,-3.163009964699048382e-01,-4.291433933598463035e-01,-1.123955493989901300e-01,-3.685240627373877476e-01,-3.323249474954197979e-01,-2.726886813530541853e-01,-1.884668662585459453e-01,-2.583940301175208787e-01,-8.386880557665668534e-02,-2.614057822065328929e-03,2.927297913222217107e-01,2.731891505429197009e-01,1.054470709146968083e-01,-1.606818892711917302e-01,-3.220429867286295211e-02,5.590955806783144688e-02,6.957415434112337871e-02,9.547790339157245787e-02,-5.786675007819831046e-02,-1.924304035032843307e-01,-1.154653916618258169e-01,1.360025023459493221e-01,2.432637740739085688e-02,1.148710844988605345e-01,1.079047321149291805e-01,-3.074310737745207609e-03,-1.639304705304079623e-01,2.072478663032307211e-01
5.577282273560033588e-01,1.000000000000000000e+00,2.396443093972027219e-02,1.291702042093033631e-01,5.092184637383261325e-01,-1.147683095759417377e-01,-4.392466151302560351e-01,-3.789847625005585696e-01,3.015014075695964801e-01,3.186022610483041917e-01,2.119040171589436639e-01,2.280307431073774482e-01,2.050359712230215847e-01,9.464676705840296966e-02,-1.378881987577639801e-01,-8.731399973189150898e-02,4.477724652576075548e-01,5.168148710844988614e-01,4.786183475579784408e-01,4.902900040216274236e-01,-3.636444881361990955e-01,2.475535099870414084e-03,5.163144018946334013e-01,4.043120782876803987e-01,2.209482103757987315e-01,4.023951025514991842e-01,5.261405782206532988e-01,4.999463783010858475e-01,-1.384691004960007243e-01,-5.799186737566468242e-02,3.677867643773179984e-01,3.723624826846597125e-01,3.840877608472228477e-01,2.736672773582376483e-01,3.288395370659993877e-01,8.591983556012333656e-02,1.956968586621386230e-01,2.690468743018007911e-02,-2.956432369632244761e-01,-3.013092631484874315e-02,-7.085660664015371035e-02,-1.769516064167299674e-01,2.120291344564100358e-02,4.441217212565351513e-02,3.501899101836543071e-01,4.333750390991554791e-01,4.422270878949014494e-01,4.889896778229590457e-01,5.259439653246347213e-01,5.094642298583493822e-01,4.279771214084632791e-01,2.459582644443451538e-01,5.000089369498190717e-01,2.581795433218642688e-01,5.394119487019080061e-01,8.841324455963180118e-02,8.227177264399659906e-01,8.879798024934090206e-01,1.356941775771929037e-01,6.523079672907636239e-02,1.724384467581214497e-01,1.185665132490281021e-01,-1.090039769426694727e-01,-5.985075293802225027e-02,-6.842128781446892016e-02,-2.738192055051610896e-01,2.058760445060101030e-01,1.168372134590464212e-01,6.567540998257295204e-01,7.046382769560748383e-01,-2.814379552258813866e-01,-9.580857053487644437e-02,2.390231913847803702e-01,1.296662049242593429e-01,7.231332946065507916e-02,1.778631752982706982e-01,-9.158139327047679079e-02,-3.009249743062692439e-01,6.078019571920103420e-02,-6.705393449215782398e-02,2.871888824344251412e-02,9.435184771437508944e-02,-9.910630501809732096e-02,-1.098351132758389609e-01,-2.243531882568479408e-01,-3.004736583404084005e-01,-7.362259260914250092e-02,-6.614236561061709319e-02,-5.334107868984315770e-01,-5.579605880512981120e-01,-1.839894543992135478e-01,-7.371911166718798647e-01,-8.156307252334778213e-02,-1.899503999285044042e-01,-1.897448500826667828e-01,-3.304794673577907682e-01,-1.212654720943741882e-01,2.534518968675990996e-02,8.613879083068948228e-02,1.583359399436972126e-01,2.119397649582197563e-01,-4.819562983153849456e-01,-1.843290584923365782e-01,-8.974485008266679109e-02,-1.779748871710085389e-01,-9.151436614683408632e-02,-3.990750256937307117e-01,-5.114616381429017977e-01,-2.327092363376379591e-01,2.224451494704857146e-01,6.412261495151705404e-02,2.022431744045757318e-01,-6.843469323919745828e-02,-2.539568345323741094e-01,-4.219268063809821778e-01,1.985700880289557047e-01
7.092810223870592290e-02,2.396443093972027219e-02,1.000000000000000000e+00,4.176772867420349700e-01,1.586934179364582753e-01,1.652888869029000285e-01,2.644890298940971718e-01,-1.287144197685330116e-01,2.508378390455337503e-01,-2.262433531435721068e-01,-9.349390053174851112e-02,-7.143750837839045464e-02,2.121274409044193177e-01,-9.124178917735377425e-02,3.591045176281335016e-01,2.379909736806827825e-01,-1.119218910585817045e-01,-1.151213190937932923e-01,2.456767505250458117e-01,1.822512176594128508e-01,1.456722820501362980e-01,-2.244514947048572434e-02,5.323696322445149454e-01,5.548684034139148569e-01,4.488136199115241864e-01,1.893784351400866761e-01,1.526386344340676660e-01,1.128245229903034053e-01,-5.907323830376692668e-03,1.979534384914428697e-03,4.022833906787613434e-01,2.493319630010277510e-01,3.905759864158362960e-01,1.192501899101836571e-01,4.023325439027659600e-01,3.426739353858528347e-01,-7.796595022118950336e-02,2.441127843067161102e-02,9.541087626792975340e-02,1.185486393493900489e-02,2.894141829393627741e-01,-5.984181598820322717e-02,-3.435140086688412975e-01,-2.545287993207918098e-01,2.102059966933285673e-01,-1.363465749139818606e-01,-2.440815049823495120e-01,-2.817730908440949089e-01,2.166763483623039555e-02,-1.310022789222038408e-01,-4.204879574601188552e-01,-3.776844363018901918e-01,-1.944635595871129219e-01,-3.682782966173644978e-01,-2.087224630233701361e-01,9.696143706153090291e-02,7.185307654497519701e-03,6.300549622413870567e-04,-3.608070065686581063e-01,-1.493945216497609418e-01,-3.710487510612627826e-01,-1.649537512846865339e-01,-3.040975914920237555e-01,-4.121676571786049292e-01,6.684972518879306325e-01,2.758121453148040803e-01,4.483265561463872229e-01,2.304705304079717465e-01,-4.955091827159390644e-02,-9.829304258456589283e-02,4.968050404396979342e-02,-2.971535814826399904e-02,-1.383931364225389760e-01,-1.846597256356405647e-01,-7.347513293712855387e-02,-2.411144376424326496e-01,1.067876133875508282e-01,8.978506635685240544e-02,2.853568077215246426e-02,1.722597077617409045e-01,-2.756423432682425512e-01,-2.836587872559095599e-02,1.277983824120827467e-03,-3.858974931855757573e-02,1.826891282005451422e-01,-3.675320613074757603e-02,3.256981992046114605e-01,3.326958309129094404e-01,-2.934894320568389933e-02,2.239644309397202659e-01,-4.477769337325170906e-01,-1.038250145225434601e-01,-1.276509227400688118e-01,-2.767460565708923514e-01,1.584789311408016377e-01,-9.611242682872335463e-02,4.914875552973770045e-02,-1.805263863443406711e-03,-3.402564904598060491e-01,-2.531346351490236235e-01,-4.202287859153671090e-01,-4.026140578220653299e-01,-1.075517225970776120e-01,1.317619196568211304e-01,-3.410518789936994311e-01,-1.687072702086777898e-01,-1.808525850127351564e-01,-2.390991554582420908e-01,-1.695875597658519085e-01,-2.578756870280173377e-02,-5.994012243621252289e-02,-2.856830063899191141e-01,-6.084811653782563612e-01,-1.051700254703069881e-01,-3.644800929442781334e-01,1.423968899414629896e-01
5.080655972116716879e-02,1.291702042093033631e-01,4.176772867420349700e-01,1.000000000000000000e+00,4.597658519147415079e-01,4.015818401179677144e-02,1.203092184637383211e-01,2.126547209437419095e-01,2.160954466240672112e-01,1.686625854595826535e-01,-1.452075606595469026e-01,1.747263059117923067e-01,-1.425443496134769098e-03,-6.162473747709906746e-02,1.607757272442915109e-01,3.908485633853165941e-01,-1.934626212073819185e-01,-7.869431163144019470e-02,3.640019661289601860e-01,3.721122480897269824e-01,-2.939586219223379038e-01,5.737521783815183879e-02,5.036373385763438515e-01,5.755842530944188518e-01,1.692479556727289058e-01,4.072165869788640924e-01,4.248134411725278392e-01,3.826355065016309731e-01,-1.974350954019393201e-01,-1.654989052236471581e-01,3.934760266321104538e-01,5.352428616113320547e-01,3.766298762232450081e-01,2.935028374815675245e-01,5.091469681397738922e-01,5.290718977612940410e-01,2.963492559989275646e-02,-1.548281871397292064e-01,-1.141337861387908270e-01,-1.416327807319361920e-01,-7.139282362929531833e-02,-2.320389651012109700e-01,-1.182939362795477900e-01,-2.156798784574824601e-01,-1.097412753027391802e-01,-1.589749318557576174e-01,-3.387103981411144354e-02,-5.882747218374368564e-02,-1.189642075159747930e-01,-1.527592832566245229e-01,-2.013450109477635253e-01,-1.897805978819429029e-01,2.807319361901782773e-01,1.272621654229411370e-01,2.038652307967290800e-01,2.418383305777738190e-01,5.879619285937709439e-02,9.287725099423566055e-02,-1.081013450109477581e-01,4.469368604495285724e-02,-1.403279860583582783e-01,-6.651771750301621600e-02,-3.077974887171008311e-01,-3.586397962375441062e-01,4.411323115420706653e-01,1.571294517181286154e-01,3.695294695920282591e-01,2.920907994101613059e-01,1.152509048661691793e-01,1.756468117431520537e-01,-2.117029357880155505e-01,1.355154385808123585e-01,2.957460118861432452e-01,1.090888779659502233e-01,2.681799901693551758e-01,9.815005138746145386e-02,-1.617990079985700824e-01,-7.902051029983467312e-02,-1.395281290495553883e-01,8.132624335314357633e-03,-3.339604093123016981e-01,-1.799678269806515019e-01,-1.035479690781536261e-01,-3.390589391840564959e-01,1.648420394119486931e-01,1.524286161133205364e-01,-6.255864873318736099e-05,-4.802716832744984010e-02,-1.887260378032977470e-01,-6.130300728361410406e-02,-6.170070155056079503e-02,-1.572501005406854724e-01,-1.229858349345368390e-01,-5.448858304660619128e-02,-2.251977300147459671e-01,-2.408284552482237717e-01,-1.859287725099423583e-01,-2.339827516868492885e-01,-9.651458957057956756e-02,-1.105947540104562365e-01,7.010590285535546473e-02,-1.704991286473926393e-01,-8.453013986326467222e-02,-2.803968005719647758e-02,-7.424817909647436764e-02,-4.434514500201081066e-02,-1.831538495911345377e-01,-2.455605701773984628e-01,-4.102506814424237147e-01,-2.387148666160239519e-01,-2.070780642566691920e-01,-6.637919478082129898e-02,-1.687966397068680346e-01,-1.788998614772777940e-01,-1.323383529201483666e-01,1.129809196121363823e-01
2.362884847401581778e-01,5.092184637383261325e-01,1.586934179364582753e-01,4.597658519147415079e-01,1.000000000000000000e+00,3.995531525090486591e-01,-2.791188167478439452e-01,-2.966486438178649876e-01,7.157335001563965848e-01,6.330845882300371041e-01,1.962866973501943835e-01,1.838285893024710627e-01,3.371732427722418102e-01,2.735600339604093295e-02,1.480629161267259519e-01,3.065954689664417421e-01,3.210018320747128895e-01,2.261539836453818342e-01,6.138209928951249283e-01,4.562312882613164255e-01,-2.109745743777648730e-01,-2.491621609544662427e-02,6.425443496134769505e-01,5.789624201260109571e-01,4.518566513249028249e-01,7.024889405245989815e-01,8.231377630814602497e-01,6.103981411144376867e-01,-1.117654944367487413e-01,-7.470843201215425500e-02,5.417266187050360227e-01,6.469681397738952233e-01,3.963715983734751314e-01,2.676482416551231314e-01,4.741900889226506877e-01,2.276956074891639537e-01,1.397604897448500860e-01,-2.115286652665445410e-01,-2.962464810760087608e-01,-1.848295276822020661e-01,-8.371240895482372213e-02,-2.055230349881585483e-01,3.342419232316010732e-03,2.095714732561776775e-02,2.888466866258546095e-01,2.224094016712096222e-01,2.363510433888913742e-01,3.257607578533446291e-01,2.886813530542026163e-01,3.474864828633987268e-01,2.489476741588096120e-01,8.134858572769114449e-02,4.203404977881048943e-01,2.752535859511148764e-01,2.968050404396979092e-01,1.707627686670539213e-01,3.732829885160194872e-01,4.208141561285133614e-01,-1.668081683721345798e-01,-1.868269359667545579e-02,-2.797265293355377918e-03,-2.118369900353009594e-01,-3.425756289378434905e-01,-4.216274185620447756e-01,1.993386657133920103e-01,-2.177934670896822800e-01,2.066982438893605611e-01,7.435542249430269687e-03,3.511863800884758025e-01,4.593413467983377130e-01,-1.932972876357299252e-01,7.046784932302604942e-02,3.600652397336788768e-01,7.821618481612226115e-02,1.978059788194289348e-01,1.105009160373564558e-01,-1.416461861566647440e-01,-3.293131954064077993e-01,-4.105187899369944909e-02,5.709370391885249668e-02,-5.908664372849546653e-02,6.162026900218955244e-02,-1.851289155011394752e-02,-1.135573528754636047e-01,2.222172572501005319e-02,-1.493498369006658055e-01,-4.717815809464229876e-02,4.534161490683229906e-02,-4.244961794539523492e-01,-4.083337057062424447e-01,-3.000625586487332130e-01,-4.761874972072031587e-01,-2.188212163188703666e-02,-6.452030921846374500e-02,-2.267572277581661466e-01,-2.050583135975691529e-01,-1.515572635059654061e-01,-7.035166897537870057e-02,-3.099781044729433763e-02,6.301443317395773180e-02,8.041914294651235362e-02,-2.495375128468653725e-01,-2.878189373966665299e-01,-1.288082577416327923e-01,-1.065552526922561305e-01,-1.403101121587202243e-03,-3.223155636981098193e-01,-5.361008087939586053e-01,-3.341391483086822434e-01,3.841547879708655244e-02,-4.123508646498950242e-02,-5.170025470306983950e-02,-1.010232807542785632e-01,-2.418204566781357590e-01,-1.644488136199115380e-01,4.325796505652620971e-01
-2.710666249609008371e-01,-1.147683095759417377e-01,1.652888869029000285e-01,4.015818401179677144e-02,3.995531525090486591e-01,1.000000000000000000e+00,-1.515036418070512536e-01,-2.103221770409759162e-01,3.809285490861968881e-01,4.946959202824076085e-01,-2.607846641941105603e-01,-1.140712274900576445e-01,1.463246793869252549e-01,-8.557576299209079806e-02,1.862728450779748968e-01,3.119933866571339420e-01,-6.932391974619062092e-02,-2.073238303766924417e-01,2.542606908262209919e-01,6.272845077974886774e-02,2.610885204879574428e-01,7.515974797801510537e-03,2.477411859332409871e-01,2.094686983332588459e-01,5.985254032798605905e-01,4.937083873274051293e-01,3.795120425398811337e-01,9.137584342463916931e-02,-9.040171589436525601e-02,-9.210420483488984678e-02,2.642924169980785387e-01,1.113990794941686346e-01,1.885115510076410816e-01,8.334152553733410740e-02,2.857008802895571464e-01,1.267348853836185729e-01,-1.504982349524107421e-01,-9.876223245006479634e-02,6.659368157647795050e-02,5.200411099691674977e-02,1.674516287591045205e-01,2.353501050091603708e-01,-1.701818669288172048e-01,-1.713213280307430975e-01,2.368291702042093008e-02,-2.451941552348183562e-01,-2.566915411769962740e-01,-1.687742973323204665e-01,-5.576209839581750677e-02,-9.273425979713123546e-02,-1.464319227847535598e-01,-2.796371598373475001e-02,-1.476562849099602170e-01,-8.534787077170561884e-03,-3.175298270700209757e-01,1.248179096474373306e-01,-1.358192948746592688e-01,-2.757049019169757406e-02,-1.191876312614504607e-01,8.552214129317664559e-02,-1.499754233879976861e-01,-2.097457437776486799e-01,-4.795969435631619038e-01,-3.486170070155056311e-01,3.267348853836185563e-01,1.513785245095848886e-01,2.368917288529424903e-01,-2.256579829304258388e-03,-1.423656106170963914e-02,9.218463738326109977e-03,-3.290584923365655334e-02,-2.175700433442066123e-02,-1.823495241074221396e-01,-3.011483980517449255e-01,-2.495196389472273055e-02,2.515304526565083354e-02,2.051476830957594047e-02,-6.282675722775817040e-02,-1.669377541445104807e-01,1.153938960632736044e-01,4.062290540238616687e-02,2.803699897225077065e-01,1.201617587917243879e-01,2.634121274409044200e-01,2.140131373162339756e-01,3.590687698288574370e-01,1.518611197998123163e-01,2.503463068054873064e-01,1.050404396979311011e-01,2.584878680906206871e-01,-2.795969435631618927e-01,7.326958309129094626e-02,2.168372134590464406e-01,-5.384512265963626275e-03,-1.411144376424326372e-02,5.281737343044819004e-03,-5.809017382367397814e-02,-7.580767683989454719e-02,-4.531837883730283068e-01,-3.050449081728406342e-01,-2.378167031592117731e-01,6.907815362616738508e-02,-3.530407971759238484e-01,-2.344206622279815799e-01,-7.775593190044237379e-02,7.244291523303096614e-02,5.167791232852227828e-02,-8.159882032262388840e-02,-1.285356807721524663e-01,-1.416953393806693884e-01,-6.990928995933687329e-02,-2.893784351400867094e-01,-2.451941552348183562e-01,-1.182715939050002218e-01,5.977925733947003772e-02,2.611421421868715953e-01
5.722775816613789868e-02,-4.392466151302560351e-01,2.644890298940971718e-01,1.203092184637383211e-01,-2.791188167478439452e-01,-1.515036418070512536e-01,1.000000000000000000e+00,5.876982885741096618e-01,-8.444523883998390767e-02,-3.671969256892622657e-01,8.148710844988604762e-02,-2.462576522632825282e-01,8.970016533357165478e-02,-8.605835828231823970e-02,-1.647794807632155245e-01,-2.482774029223825951e-01,-3.928370347200500490e-01,-4.605567719737253540e-01,-1.415478797086554275e-01,-8.485633853165915064e-02,-1.936190178292148886e-02,-1.992582331650207816e-01,-1.703025157513740617e-01,-1.783502390634076618e-01,-3.379284150319495916e-01,-4.131909379328835286e-01,-4.345502480003574641e-01,-3.745252245408641767e-01,-9.271191742258366730e-02,-1.423745475669154215e-01,-1.979579069663523760e-01,-1.604405916260780163e-01,-9.348496358192948108e-02,-7.962822288752849365e-03,-1.505697305509629547e-01,-4.972518879306492973e-02,-2.476830957594172988e-01,-3.235712051476831164e-01,3.442959917780061968e-02,-2.034541311050538370e-01,-1.508780553197193730e-01,-1.913937173242772349e-01,-5.163769605433665699e-02,-5.922516645069037661e-02,-1.507708119218910681e-01,-3.150096072210554765e-01,-3.288350685910898519e-01,-4.156485991331158591e-01,-2.314491264131551818e-01,-1.630814602976004279e-01,-2.447830555431431132e-01,-7.093703918852495294e-02,-3.440815049823495175e-01,-2.020644354081951866e-01,-4.578444077036507576e-01,-1.982036730863756258e-01,-4.747263059117923234e-01,-4.882836587872559364e-01,-8.141561285133383508e-02,3.536797890879842671e-02,9.396309039724741463e-02,2.211537602216363529e-01,1.102015282184190537e-01,-9.125519460208231237e-02,2.927655391214978309e-01,2.537155368872603955e-01,1.101032217704097510e-02,6.350149693909468152e-02,-4.661647079851646835e-01,-4.639885607042316673e-01,1.952455426962777518e-01,2.362080521917869491e-01,-4.454622637293891713e-02,7.109343581035792135e-03,-1.370794047991420461e-01,-2.768711738683587442e-01,2.121095670047812576e-01,2.847401581840117712e-01,-2.035971223021582621e-01,-1.400822199383350564e-01,-3.308458823003708749e-01,-2.686179007104875227e-01,-2.736270610840519923e-01,-2.513919299343134184e-01,-5.183430895035524150e-03,-8.195182984047544306e-02,-1.997721077796148215e-01,-1.930425845658876594e-01,2.220876714777246519e-01,2.068725144108315706e-01,-2.234237454756691707e-02,5.271102372760176902e-01,-2.592832566245140691e-01,-8.978506635685240544e-02,-1.015729031681487093e-01,-6.858662138612091341e-02,-7.987845748246123756e-02,-1.412618973144465773e-01,-4.871531346351490321e-02,-2.121363778542383616e-01,-2.843245900174270480e-01,3.857857813128379165e-01,-1.482997452969301577e-01,3.487644666875195504e-02,1.627507931542964414e-01,2.104875106126279094e-01,2.071361544304928803e-01,1.481567540998257326e-01,-6.591447339023191743e-02,-1.696099021403994767e-01,-7.142410295366191653e-02,-2.535412663657893306e-01,8.580812368738549578e-02,1.538093748603601707e-01,1.462397783636444903e-01,-8.272040752491174875e-02
-9.322579203717770713e-02,-3.789847625005585696e-01,-1.287144197685330116e-01,2.126547209437419095e-01,-2.966486438178649876e-01,-2.103221770409759162e-01,5.876982885741096618e-01,1.000000000000000000e+00,-2.116493140891013980e-01,-1.579248402520219974e-01,8.393583270029938981e-02,5.093167701863354074e-02,-3.884892086330934968e-02,1.478484293310693143e-01,-2.070646588319406678e-01,-1.502167210331114000e-01,-4.776978417266187216e-01,-4.367978908798427207e-01,-2.540506725054738624e-01,-2.095714732561776705e-01,-2.211761025961839211e-01,-2.191786943116314293e-02,-3.708923544394298055e-01,-3.102953661915188177e-01,-4.446221904464006669e-01,-2.417087448053979182e-01,-2.389204164618615733e-01,-1.893426873408105837e-01,-2.232673488538361728e-01,-2.302247642879485245e-01,-3.242906296081147777e-01,-1.871978193842441518e-01,-2.892488493677107808e-01,-7.050806559721167766e-02,-1.635774610125564077e-01,6.537378792618079616e-03,-1.936368917288529556e-01,-2.471066624960900904e-01,9.499977657625452085e-03,-1.571875418919522760e-01,-3.289244380892801245e-01,-2.065195048929800159e-01,-1.365119084856338504e-02,-7.094597613834398298e-02,-3.933375039099155646e-01,-3.826712543009070933e-01,-1.892399124178917869e-01,-2.589659949059385791e-01,-3.840922293221323836e-01,-2.878725590955806823e-01,-8.836855981053666487e-02,-1.003976942669466965e-01,-5.358148263997497551e-02,5.553867465034183909e-02,-1.486348809151436523e-01,-1.070825327315787084e-01,-4.213012198936502695e-01,-4.232360695294695718e-01,2.535233924661512983e-01,3.756914964922472011e-01,3.781580946422986034e-01,4.764645426515929927e-01,1.534831761919656923e-01,1.954689664417534334e-01,-3.376826489119263280e-02,2.316189284597167108e-01,-1.829259573707493758e-01,4.588230037088341512e-02,-2.352026453371464376e-01,-2.946199562089458768e-01,1.597926627641985675e-01,3.534340229679610590e-01,1.552929085303186019e-01,2.879708655435899711e-01,1.288440055409088847e-01,2.468832387506144158e-02,-1.252960364627552642e-02,1.874972072031815540e-01,-3.116537825640108839e-01,-2.900933911256088349e-01,-2.234952410742213624e-01,-3.340184994861253864e-01,-3.077259931185486463e-01,-3.879798024934090206e-01,1.589123732070244488e-01,1.048706376513695859e-01,-1.504535502033156058e-01,-3.984985924304035310e-01,1.761964341570222137e-01,1.880244872425041458e-01,2.205773269583091167e-01,3.827874346485544699e-01,-1.813798650520577205e-01,1.112426828723356714e-01,-2.753742347736717333e-01,-9.141605969882479754e-02,-1.789579516511014823e-01,-2.614191876312614293e-01,1.707717056168729652e-01,-3.047053040797175968e-02,7.943607846641941028e-02,3.239286831404441513e-01,8.560704231645739626e-02,6.829617051700254127e-02,1.536619151883462098e-01,2.813351803029625828e-02,1.470887885964520247e-01,2.424639170651056719e-01,1.876312614504669490e-02,-2.542964386254971121e-01,-1.000714955985522181e-01,-6.182581884802716699e-02,2.873363421064390466e-01,1.726037803297734430e-01,1.657089235443942876e-01,-3.542070691273068728e-01
4.333526967246079109e-02,3.015014075695964801e-01,2.508378390455337503e-01,2.160954466240672112e-01,7.157335001563965848e-01,3.809285490861968881e-01,-8.444523883998390767e-02,-2.116493140891013980e-01,1.000000000000000000e+00,4.127396219670226296e-01,1.313329460655078551e-01,9.835560123329907534e-02,5.027123642700745965e-01,2.089637606684838500e-01,2.980696188390902224e-01,2.978640689932526286e-01,2.428660798069618709e-01,1.600518343089503415e-01,2.297957906966352493e-01,5.376022163635551382e-02,-6.031100585370213069e-02,2.308414138254613612e-02,4.749229188078109010e-01,4.266231735108807488e-01,3.086554358997274372e-01,3.177711247151347451e-01,4.692077393985432665e-01,2.900084901023280981e-01,-3.987220161758791431e-02,1.845033290138075807e-02,1.826623173510880660e-01,2.348317619196568229e-01,3.550650163099334372e-02,-1.234371509003976963e-01,3.302515751374056063e-01,1.115554761160016117e-01,1.707895795165110253e-01,-2.815139192993431380e-04,-1.692479556727289058e-01,-8.294829974529692451e-02,8.600473658340408722e-02,-1.978506635685240711e-01,-1.778989230975468183e-01,-1.419187631261450422e-01,1.253317842620313705e-01,4.730327539210867072e-02,2.931319540640779306e-02,1.034764734796014135e-01,7.561106394387595575e-02,1.112963045712498378e-01,7.362259260914250092e-02,-1.180705125340721223e-01,2.514142723088609865e-01,7.892220385182537046e-02,9.073238303766924251e-02,2.097948970016533243e-02,2.084901023280754384e-01,2.261763260199294023e-01,-2.488359622860717713e-01,-6.054336654899682840e-02,4.841145716966799295e-02,-7.721524643639125773e-02,-3.448098663926001950e-01,-4.149872648465078862e-01,2.795790696635238604e-01,2.839268957504803570e-02,4.399660395906877103e-02,-4.978774744179811224e-02,3.055543143125251382e-02,5.835381384333526711e-02,-6.941328924438089354e-02,3.221323562268197521e-02,1.689262254792439355e-01,-3.480495107019974249e-02,5.151704723177979311e-02,-8.804682961705169453e-02,-1.156485991331158703e-01,-2.546315742437106344e-01,6.505205773269583103e-02,1.932883506859109091e-01,-1.531301666741141376e-01,1.382992984494391953e-01,2.515751374056034509e-02,-6.481522856249162523e-02,-5.940837392198042993e-02,-1.491532240046472002e-01,9.636266142365611242e-02,1.725903749050449187e-01,-1.447339023191384910e-01,-2.539210867330979893e-01,-2.527548147817150204e-01,-2.715179409267616806e-01,1.069306045846552533e-01,4.693239197461906292e-02,3.151615353679788900e-02,-5.953795969435631691e-02,2.312882613164127243e-02,7.410518789936994255e-02,-1.118012422360248476e-01,5.147683095759417009e-03,6.440859734572590423e-02,-1.919969614370615196e-01,-2.491979087537423421e-01,-1.071182805308548147e-01,-6.385897493185575813e-02,-2.055051610885205021e-02,-2.067339916886366813e-01,-3.837883730282854455e-01,-1.863309352517985573e-01,1.291165825103892106e-01,5.544483667724205839e-02,-5.171366012779838456e-02,-1.730327539210867460e-01,-3.185307654497520069e-01,-8.057107109343580875e-02,3.219759596049868167e-01
1.814156128513338406e-01,3.186022610483041917e-01,-2.262433531435721068e-01,1.686625854595826535e-01,6.330845882300371041e-01,4.946959202824076085e-01,-3.671969256892622657e-01,-1.579248402520219974e-01,4.127396219670226296e-01,1.000000000000000000e+00,1.713392019303811575e-01,7.409178247464140443e-02,9.760936592341033780e-02,-7.083426426560614220e-02,7.462353098887349392e-04,2.000044684749095192e-01,3.074400107243397962e-01,2.882121631887036850e-01,4.599356539613029815e-01,3.353679789087984364e-01,-2.695026587425711773e-01,-1.017024889405246033e-02,1.586978864113678112e-01,1.239688994146297824e-01,2.316323338844452351e-01,5.898476250055856296e-01,5.667366727735824172e-01,4.818177755931900563e-01,2.657848876178560416e-02,2.294561866035122258e-02,1.768801108181777548e-01,2.942401358416372736e-01,1.155324187854685214e-01,1.414138254613700463e-01,1.372581437955225914e-01,-6.481076008758210327e-02,-4.829974529693015911e-02,-2.503641807051253387e-01,-3.511729746637472505e-01,-1.768890477679967710e-01,-3.418427990526833327e-01,-1.260243978730059555e-01,7.029804727646454809e-02,3.458152732472407481e-02,-6.155324187854685491e-02,1.226775101657804207e-01,2.515438580812368596e-01,2.640645247776933768e-01,1.314357209884266520e-01,2.205281737343044723e-01,3.787255909558067679e-01,2.328164797354662918e-01,4.479422673041690839e-01,3.363465749139818439e-01,3.112963045712498489e-01,-8.772956789847624615e-02,2.845837615621788497e-01,3.022521113543947258e-01,1.746369364136020341e-01,3.930917377898923010e-02,2.440055409088877914e-01,-1.158764913535010460e-01,-4.794226730416908944e-02,-7.846641941105500506e-02,-1.024397873005943038e-01,-2.996425220072389539e-01,-3.827248759998212735e-02,-1.160016086509674249e-02,3.898654989052236508e-01,4.668841324455963449e-01,-3.534518968675990913e-01,8.257741632780731325e-03,3.816926582957236858e-01,1.721479958890030915e-01,3.244872425041333552e-01,3.631842352205192359e-01,-1.768801108181777548e-01,-2.302783859868626770e-01,7.131685955583359771e-02,1.246793869252424136e-01,2.162875910451762806e-01,1.215827338129496366e-01,7.196478841771303259e-02,-3.804906385450645967e-02,-1.017829214888958389e-01,-5.346530229232762665e-02,-1.754055140980383398e-01,1.041601501407569616e-02,-3.891684168193395577e-01,-4.648286339872201856e-01,9.255105232584119601e-02,-1.923812502792796864e-01,2.641494258009741136e-01,2.043612315116850597e-01,-2.531167612493855912e-01,5.206220117074042419e-02,-8.435140086688412697e-02,-8.471334733455471167e-02,1.439161714106975409e-01,2.480405737521783893e-01,3.605969882479109767e-01,1.652486706287144280e-01,-3.272934447473077602e-01,-1.846105724116359204e-01,-3.709281022387059257e-02,2.217704097591492035e-02,-1.052772688681353069e-01,-2.709459761383439802e-01,-1.370347200500469098e-01,6.975289333750391008e-03,-1.048661691764600778e-01,1.188346217435989061e-01,2.038965101210956643e-01,-1.577505697305509602e-01,8.461950936145493096e-02,2.905581125161982303e-01
3.663881317306403318e-01,2.119040171589436639e-01,-9.349390053174851112e-02,-1.452075606595469026e-01,1.962866973501943835e-01,-2.607846641941105603e-01,8.148710844988604762e-02,8.393583270029938981e-02,1.313329460655078551e-01,1.713392019303811575e-01,1.000000000000000000e+00,2.096116895303632988e-01,5.563653425086018123e-01,2.918360963403190400e-01,3.778542383484517070e-02,-1.013539478975825497e-01,3.890969212207873729e-01,1.952500111711872599e-01,2.810983511327583839e-01,2.403592653827248682e-01,-2.468608963760668407e-01,-8.324768756423432670e-02,2.220832030028151508e-02,-3.543500603244112857e-03,-1.561329818133071201e-01,7.444479199249296256e-03,1.711604629340006123e-01,3.402564904598060491e-01,2.895214263371911345e-01,1.267795701327137092e-01,8.460610393672639284e-02,2.250189910183654218e-01,-7.845301398632646694e-02,3.718664819697037327e-02,-2.516734438536127882e-01,-3.090397247419455762e-01,1.136243799991063091e-01,-2.077662093927342690e-01,-2.206398856070423131e-01,-1.260556771973725398e-01,-3.155815720094731769e-01,-2.091290942401358433e-01,2.393270476786272805e-01,3.579471826265695489e-01,8.720675633406319016e-02,3.236873854953304375e-01,2.232271325796505723e-01,2.966843916171410522e-01,2.607757272442915442e-01,3.931230171142588992e-01,2.850797622771348294e-01,3.295500245766119773e-01,1.826221010769024655e-01,1.246927923499709517e-01,1.472943384422896462e-01,-1.525805442602439777e-01,1.171187273783457772e-01,6.370704678493230300e-02,-3.213727154922025459e-02,-1.168595558335939893e-01,2.396130300728361306e-01,2.004736583404084227e-01,4.933687832342821267e-01,2.864158362750793274e-01,-2.314759372626122580e-01,-3.455382278028508725e-01,-3.393851378524509466e-01,-1.049912864739264429e-01,1.538674650341838313e-01,1.963537244738370879e-01,1.868626837660306572e-01,2.422628356941775862e-01,4.506680369989722323e-01,4.712900487063765298e-01,1.780329773448321995e-01,2.007238929353411805e-01,2.301622056392153282e-01,1.730685017203628384e-01,1.269314982796371505e-01,1.060815943518477085e-02,2.400017873899638193e-02,-1.639081281558603942e-01,-7.092363376379641482e-02,-1.496849725188793001e-01,-3.513249028106706917e-01,-4.873989007551722819e-01,-2.573975602126993834e-01,-6.608427543679341876e-02,-2.863041244023414866e-01,-3.189731444657938342e-01,-3.543947450735063925e-02,-1.196166048527637499e-01,-2.144867956566423681e-03,3.404977881049198012e-03,8.327449841369140293e-02,9.386031547432861777e-02,1.544617721971490998e-01,1.207471290048706403e-01,2.838017784530139642e-01,3.148442736494034833e-01,4.540417355556548851e-02,7.664328164797354348e-02,-2.297153581482639928e-01,3.440725680325305152e-02,-3.394432280262746349e-01,-2.678940077751463256e-01,-4.115822869654586769e-01,-3.976674560972340289e-01,3.292372313329460648e-02,4.799946378301085947e-01,1.362795477903391561e-01,6.613342866079807182e-03,2.856293846910049616e-01,5.618213503731176589e-02,-2.794494838911479317e-01,2.185084230752044193e-02
-2.463246793869252327e-01,2.280307431073774482e-01,-7.143750837839045464e-02,1.747263059117923067e-01,1.838285893024710627e-01,-1.140712274900576445e-01,-2.462576522632825282e-01,5.093167701863354074e-02,9.835560123329907534e-02,7.409178247464140443e-02,2.096116895303632988e-01,1.000000000000000000e+00,3.578399392287412439e-01,6.827293444747307705e-01,4.985030609053129891e-01,3.646856427901157272e-01,9.929844943920640432e-02,2.057688011081817703e-01,1.886277313552884305e-01,1.772912105098529978e-01,4.518521828499932891e-02,3.669422226194199999e-01,2.393851378524509688e-01,2.278609410608159469e-01,2.222485365744671371e-01,2.676393047053040597e-01,3.092095267885071053e-01,3.680101881227936800e-01,3.026587425711604884e-01,3.539613030072836231e-01,2.980338710398141022e-01,3.489163948344429778e-01,9.548237186648196595e-02,1.251664506903793772e-01,2.182403145806336223e-02,3.346887707225523756e-02,3.140712274900576695e-01,1.452656508333705632e-01,-5.225434559184950062e-02,1.693596675454667189e-01,8.490102328075427307e-03,2.164082398677331376e-01,-9.207739398543277054e-02,1.662719513829929996e-02,8.842218150945083122e-02,2.281379865052057809e-01,-4.713347334554716245e-02,5.870235488627731368e-02,7.014165065463157100e-02,-5.104338889137137458e-02,-4.281245810804772123e-02,-2.372760176951606379e-03,2.021761472809330273e-01,-1.502748112069350779e-02,2.511372268644711525e-01,9.255105232584119601e-02,1.089995084677599507e-01,8.551320434335761556e-02,-3.727601769516063895e-02,-2.125117297466374844e-01,-5.026587425711604579e-02,-2.559542428169265735e-02,1.463336163367442710e-01,2.467759953527861039e-01,-7.908306894856785563e-02,-1.849010232807542786e-01,-1.894633361633674346e-03,5.265203985879619158e-02,1.689798471781580880e-01,1.717681755216944328e-01,2.394387595513651212e-01,2.545734840698869461e-01,2.193887126323785797e-01,3.315563698109835200e-01,6.966352383931364439e-03,1.742705214710219275e-01,4.262478216184815982e-02,9.835560123329907534e-02,1.471781580946422974e-01,1.321551454488583133e-01,1.586308592877251067e-01,5.946199562089458934e-02,2.226060145672281998e-01,7.936011439295768966e-02,2.862147549041512140e-01,5.099423566736673019e-02,1.852495643236963252e-01,-1.152509048661691793e-01,-2.126770633182894776e-01,-2.070021001832074714e-01,-1.257294785289780614e-01,-3.502837481567541156e-01,-8.450332901380758210e-02,-8.268019125072612052e-02,1.371866481969703788e-01,1.834398319853434156e-01,2.303588185352339335e-01,1.979400330667143437e-01,1.668528531212297092e-02,1.152866526654452908e-03,1.870950444613253549e-02,-1.736672773582376428e-01,-5.768801108181777215e-02,-9.774788864560525481e-02,-4.650073729836006753e-01,-5.123776754993520921e-01,-5.741141248491890003e-01,-3.975736181241342204e-01,5.728584833996156964e-03,2.048036105277268870e-01,2.032753921086733195e-01,5.019437865856383324e-02,-1.050985298717547686e-02,1.085213816524420172e-01,-1.199383350462487202e-01,-1.802314670003127839e-01
5.192367844854550718e-03,2.050359712230215847e-01,2.121274409044193177e-01,-1.425443496134769098e-03,3.371732427722418102e-01,1.463246793869252549e-01,8.970016533357165478e-02,-3.884892086330934968e-02,5.027123642700745965e-01,9.760936592341033780e-02,5.563653425086018123e-01,3.578399392287412439e-01,1.000000000000000000e+00,4.902006345234371509e-01,3.782251217659413078e-01,1.932570713615442970e-01,1.737789892309754558e-01,-2.256579829304258388e-03,2.255686134322355818e-01,8.551320434335761556e-02,1.452656508333705632e-01,1.633227579427141626e-02,4.135305420260065312e-01,3.054783502390633898e-01,2.520666696456499434e-01,1.459001742705214599e-01,2.605657089235444146e-01,2.213548415925644663e-01,1.450913803118995538e-01,1.091782474641404821e-01,2.753474239242146848e-01,2.233343759774788773e-01,3.780776620939273192e-02,4.327717949863711666e-02,1.623441619375307343e-01,4.007328298851602078e-02,3.154832655614638881e-01,7.441798114303588285e-02,1.645828678671969192e-01,1.941775771929040717e-01,1.721524643639125995e-01,6.279994637830108029e-02,-4.327271102372760164e-02,8.810491979087536896e-02,2.118593324098485275e-01,1.603288797533401755e-01,-1.439117029357880051e-01,8.636668305107467192e-02,2.261718575450198943e-01,1.984985924304034921e-01,-7.801957192010366970e-02,1.411367800169802122e-01,-6.154430492872782488e-02,-1.776486885026140605e-01,-8.411904017158944313e-02,1.201081370928102215e-01,8.457482461235980853e-02,6.465436346574914006e-02,-2.288440055409088902e-01,-1.360963403190491028e-01,-3.438044595379596835e-02,4.607444479199249154e-02,-5.330890567049466344e-02,-1.008892265069931682e-01,1.516153536797890944e-01,6.211626971714553913e-02,1.496492247196032008e-02,1.243799991063050114e-01,-8.321193976495822042e-02,2.229768979847178076e-02,3.723446087850216801e-01,1.946646409580410075e-01,7.875240180526386913e-02,2.182403145806336223e-02,-7.576299209079941088e-02,-7.349747531167612202e-02,3.804727646454265089e-01,2.401805263863443507e-01,3.373251709191652653e-02,6.725054738817641542e-02,-1.454890745788462447e-01,-2.478216184816122228e-02,9.451718128602708269e-02,1.233030966531122874e-01,-2.768220206443540790e-02,-2.236829170204209238e-01,1.220697975780866001e-01,1.835470753831717206e-01,8.722463023370123289e-03,-8.079449483891147643e-02,-3.776799678269806559e-01,-2.384333526967246097e-01,4.482774029223825923e-02,-1.210733276732651187e-01,2.375932794137360915e-01,2.522454086420304609e-02,1.601233299075025818e-01,1.390410652844184247e-01,-2.490281067071808407e-01,-1.763528307788551630e-01,-2.408954823718664762e-01,-1.295053398275168577e-01,-4.245274587783189335e-01,-2.853836185709817119e-01,-4.492738728272041016e-01,-3.087090575986415897e-01,-4.696992716385897659e-01,-4.737343044818803084e-01,-2.276956074891639537e-01,4.708610751150632545e-01,1.329684078823897275e-01,-3.355377809553599100e-01,-1.633451003172617100e-01,-1.371151525984181663e-01,-3.912105098529871650e-01,9.509808302426381310e-02
