1.000000000000000000e+00,7.493855846999418757e-01,2.588006613342865858e-01,-1.445551633227579458e-01,1.871710085347870756e-01,-1.124044863488091461e-01,9.755127574958666337e-02,-6.923901872290987025e-02,1.765717860494213365e-01,-1.096831851289155058e-01,5.476518164350506757e-01,3.312793243665936860e-01,1.896465436346574940e-01,-1.741230617990079943e-01,9.231422315563697634e-02,-1.097502122525581963e-01,4.527950310559006319e-01,5.066356852406274092e-01,4.859689887841279754e-01,5.791724384467581421e-01,-6.007864515840743297e-02,1.815988203226238940e-02,-1.980830242638187688e-01,-1.792126547209437482e-01,4.352741409356986751e-02,-1.530765449751999574e-01,2.191742258367219143e-01,2.326556146387238067e-01,2.123329907502569391e-01,2.139282362929532111e-01,3.927253228473122082e-01,8.681799901693551536e-02,4.487778721122480663e-01,3.854863934939005143e-01,3.242682872335672095e-01,1.347289869967380205e-01,1.823227132579650633e-01,4.838017784530140170e-02,3.037758612985387852e-01,1.955315250904866298e-01,2.545198623709727936e-01,5.469413289244380583e-02,-2.445015416238437711e-01,-9.397202734706644467e-02,-2.696456499396756024e-01,-1.910183654318781121e-01,-2.511819116135662888e-01,-2.132177487823405937e-01,-3.113543947450734817e-01,-3.092542115376022416e-01,-2.122883060011618028e-01,-4.233969346262120848e-01,-1.529514276777335924e-01,-4.109343581035792559e-01,3.691541176996291362e-01,2.631529558961526183e-01,4.808525850127351453e-01,5.077483354930961701e-01,1.325617766656240204e-01,9.627329192546583980e-02,1.648107600875821088e-01,-2.333437597747888698e-02,3.779346708968229218e-01,4.284999329728763628e-01,3.338844452388399497e-02,-3.812055945305867222e-01,3.845524822378122431e-01,3.257250100540685644e-01,5.341391483086822545e-01,4.452656508333705521e-01,3.458063362974216903e-01,-1.141874078377049934e-01,4.229858349345368140e-02,2.586442647124536642e-01,3.793779882925957248e-01,3.398275168684927738e-02,3.417176817552169399e-01,4.222217257250100442e-01,2.209303364761606991e-01,-1.078242995665579379e-01,3.706287144197685235e-01,8.633540372670807372e-02,2.754323249474954216e-01,2.100183207471289972e-03,2.680146565977031825e-01,-4.746190625139639629e-01,3.736583404084186100e-01,8.656776442200277144e-02,2.760847222842843784e-01,-2.378658563832164174e-01,-1.016578041914294600e-01,-3.892890656418964146e-01,-1.786094106081594357e-01,-1.060369096027525826e-01,1.408195182984047500e-01,-6.777335895258948528e-02,2.985566826042271860e-01,2.967558872156932925e-01,2.332946065507842115e-01,1.319853434022967842e-01,3.050404396979310984e-01,1.564189642075159703e-01,2.680593413467983188e-01,1.729121050985298613e-01,2.483131507216586875e-01,-1.485410429420438716e-01,3.727512400017873873e-01,1.801555029268510633e-01,1.837302828544617739e-01,6.291165825103892106e-02,-3.812949640287769532e-02,1.211492917467268393e-01,2.332588587515081191e-01,-1.351981768622369240e-01,-2.842664998436033597e-01,-4.659725635640556141e-02
7.493855846999418757e-01,1.000000000000000000e+00,2.605791143482729111e-01,-2.913892488493676977e-02,9.079047321149291694e-02,-1.313329460655078551e-01,1.986326466776889010e-01,-9.205058313597569257e-04,9.424907279145627870e-02,-1.906608874391170216e-01,4.113365208454354272e-01,4.232718173287456920e-01,1.687474864828633903e-01,-5.786675007819831393e-03,-1.056347468608963801e-02,-1.046248715313463501e-01,5.310246212967514312e-01,6.215201751642164263e-01,4.173600250234594800e-01,7.162697171455382206e-01,3.304437195585147036e-02,5.176281335180302895e-02,-5.732159613923767938e-02,-2.837928415031949758e-02,1.803699897225077009e-01,9.747531167612494274e-02,1.327762634612806580e-01,1.595424281692658375e-01,2.968095089146074450e-01,3.019080387863621873e-01,3.383976048974485229e-01,1.426605299611242716e-01,3.574243710621564651e-01,2.951427677733589605e-01,2.576880110818177694e-01,-5.634746860896376261e-03,1.515885428303320182e-01,-1.988918182224406681e-02,2.845926985119978658e-01,6.727735823763349166e-02,3.469234550248000426e-01,1.223557799722954503e-01,-1.952232003217301837e-01,-8.007507037847982206e-03,-2.504937664775012118e-01,-1.082175253585951069e-01,-2.360739979445015402e-01,-2.674560972340140341e-01,-2.953349121944680022e-01,-1.937620090263193207e-01,-1.387327405156620064e-01,-2.944054694132892669e-01,-1.779838241208275551e-01,-4.610706465883194216e-01,1.507440010724339918e-01,1.302337012377675629e-01,5.607310424951963412e-01,7.535278609410608341e-01,2.161445998480718556e-01,1.769694803163680275e-01,2.154922025112828987e-01,5.014522543455918191e-02,4.891192635953349188e-01,5.811072880825773890e-01,1.311586755440368179e-01,-1.777916796997184856e-01,4.385986862683766141e-01,2.872290987086107417e-01,5.106930604584655198e-01,4.676705840296706551e-01,3.564815228562491778e-01,-4.130658206354171497e-02,1.939541534474283901e-01,3.662272666338978744e-01,3.611644845614191968e-01,6.135216050761875366e-03,3.049689440993788581e-01,4.609991509897671813e-01,2.372268644711559848e-01,1.221636355511863808e-01,3.983153849591134499e-01,2.768041467447160398e-01,2.010054068546405226e-01,-3.817864962688234665e-02,1.056213414361678316e-01,-2.885026140578220710e-01,2.300594307162965313e-01,3.516689753787032718e-02,-1.287814468921756952e-02,-2.574243710621564873e-01,-3.287054828187139788e-01,-4.393806693775414440e-01,-4.490817284060950182e-02,-1.364850976361767776e-01,1.331069306045846445e-01,-1.326690200634523392e-02,2.738549533044372097e-01,2.048036105277268870e-01,-2.583225345189686661e-02,-1.109075472541221630e-01,1.239778363644488124e-01,4.901470128245229846e-02,1.296170517002546985e-01,6.047187095044461586e-02,9.042405826891282417e-02,-1.072031815541355793e-01,2.047410518789936906e-01,6.548549979891862827e-02,2.440993788819875721e-01,1.488091514366146895e-01,-1.819250189910183724e-01,-1.194065865320166203e-01,-3.560480807900263944e-02,-3.559453058671075421e-01,-2.531614459984807275e-01,1.255015863085928718e-01
2.588006613342865858e-01,2.605791143482729111e-01,1.000000000000000000e+00,-6.099468251485768225e-03,1.427007462353098999e-01,-2.438714866616023824e-01,2.572769113901425264e-01,-2.925912686000268215e-01,1.890343625720541654e-01,4.140935698646051877e-02,1.266276419857902402e-01,-1.065775950668036987e-01,1.852719066982438934e-01,-9.274319674695026550e-02,3.243040350328432742e-01,2.082800840073283088e-01,7.798829259573707151e-02,4.583314714687877073e-02,2.886724161043836001e-01,1.810760087582108102e-01,1.701059028553554564e-01,1.654229411501854374e-01,2.773090844094910357e-01,3.897180392332096899e-01,9.597837258143795958e-02,9.005317485142320943e-02,2.374324143169936063e-01,3.229590240850797600e-01,-1.072612717279592537e-01,-4.593592206979758147e-02,1.965190580454890812e-01,1.116805934134679767e-01,-7.806425666919880081e-03,-1.658876625407748329e-01,2.425711604629340046e-01,8.134411725278162253e-02,2.255149917333214293e-01,2.186603512221278744e-01,2.179811430358818414e-01,2.069306045846552589e-01,1.284641851736002538e-01,3.450109477635283084e-01,-2.594530586710755427e-01,-3.458599579963358289e-03,-9.812324053800437762e-02,-2.057196478841771259e-01,-1.835917601322668569e-01,-4.334420662227981614e-04,-3.810268555342061769e-01,-3.124223602484472173e-01,-3.065686581169846936e-01,-3.753876401984002631e-01,-3.306492694043522973e-01,-1.984449707314893396e-01,9.644309397202734113e-02,1.683721345904642674e-01,6.491800348541043597e-02,9.364136020376245817e-02,-2.900353009517851466e-01,-3.090397247419455762e-01,-1.761204700835604930e-01,-2.828544617721971410e-01,3.729389159479869209e-02,-4.711113097099960123e-02,2.962866973501943613e-01,-1.979936547656284962e-01,2.382009920014299120e-01,1.343044818803342533e-01,1.320523705259394887e-01,4.139595156173198065e-02,2.720586263908127966e-01,3.614683408552660793e-01,-2.045399705080656050e-01,-2.915456454712006540e-01,-3.017114258903436097e-02,9.124625765226328233e-02,1.620447741185933321e-01,2.741498726484650761e-01,-1.271772643996604002e-01,1.420572858483399592e-01,-1.555520800750703758e-01,6.261227043210151888e-02,3.889315876491353241e-01,2.031770856606640030e-01,1.398945439921354950e-01,4.764287948523168725e-02,3.034585995799633507e-01,2.141918763126144931e-01,-1.250904866169176566e-01,-2.438893605612404633e-02,-4.544438982975110286e-02,-4.217346619598730945e-02,-1.308101345010947714e-01,1.944456856874748618e-01,-6.970374011349926568e-02,-2.102864292416998029e-02,1.218999955315250988e-02,9.895884534608338778e-02,1.837034720050046976e-01,1.729880691719916097e-01,-8.810491979087536896e-02,1.473077438670181982e-01,1.394074802269985314e-01,1.546762589928057652e-01,-5.441261897314446372e-02,6.866258545958264792e-02,1.781536261673890564e-01,1.285893024710666188e-01,-4.657938245676750827e-02,-3.380445953795969682e-01,-2.566468564279011377e-01,-2.992090799410161359e-02,6.018588855623575873e-02,-2.860538898074087566e-01,-1.867241610438357402e-01,-1.191876312614504607e-01
-1.445551633227579458e-01,-2.913892488493676977e-02,-6.099468251485768225e-03,1.000000000000000000e+00,-7.322579203717770602e-01,6.194199919567451584e-02,5.117252781625630798e-01,8.285356807721524497e-01,-5.562491621609544357e-01,3.345100317261718442e-02,3.788373028285445948e-02,6.727288976272398358e-02,2.123106483757093710e-01,4.246391706510567743e-01,-2.769516064167299452e-01,-6.459850752938022245e-01,-2.938558469994190792e-01,1.265293355377809514e-01,-3.130702891103266383e-01,1.153536797890879900e-01,-1.815764779480763258e-01,-5.129004870637651203e-01,6.632333884445238414e-01,2.658742571160463072e-03,1.382322713257965185e-01,1.828812726216542395e-01,-7.276509227400688173e-01,-7.388176415389428042e-01,-9.813664596273291574e-02,1.887528486527548233e-01,-6.504758925778632017e-01,-1.848742124312972024e-01,-1.498234952410742171e-01,-6.394387595513650879e-02,-3.507261271727959429e-01,-5.758121453148040692e-01,-5.283480048259528994e-01,-7.056883685598105416e-01,-7.399615711157782050e-01,-7.372223959962465045e-01,-2.894275883640913261e-01,-5.279234997095491044e-01,7.524643639125966343e-01,5.513695875597658391e-01,5.756602171678806279e-01,6.829214888958398122e-01,6.561419187631261085e-01,4.123061799007998740e-01,6.737968631306134881e-01,7.566557933777201539e-01,7.804146744716028428e-01,6.362125206666964239e-01,7.634389382903614685e-01,4.772018410116627418e-01,-5.796192859377095052e-01,-7.269359667545466364e-01,3.332186424773224687e-01,-1.914339335984628354e-01,4.061575584253094284e-01,-1.884087760847222848e-01,5.773493006836766250e-01,2.023727601769516049e-01,-3.682872335671835140e-01,-3.132669020063452159e-01,2.965101210956700428e-01,4.211180124223602439e-01,-1.657893560927655441e-01,-4.593681576477948170e-01,-8.000357477992761646e-02,3.762455873810268553e-02,-4.641047410518789884e-01,-8.921310156843469119e-02,4.753563608740336843e-02,2.005094061396845151e-01,-1.839403011752089034e-01,-9.690781536261673657e-02,-1.136869386478394917e-01,-3.153447428392689433e-01,3.407435542249430127e-01,1.170829795790696570e-01,6.738013316055230240e-02,-3.993029179141158874e-02,-6.440815049823495064e-01,-8.173689619732785738e-01,2.846552571607310345e-01,-1.424102953661915139e-01,-6.955136511908485142e-01,-8.642745430984405397e-01,-1.912551946020823179e-01,-6.446624067205862785e-01,2.964743732963939227e-01,-5.230796729076366003e-02,7.376781804370168283e-01,-1.610393672639528206e-01,-3.413914830868224892e-01,-2.443808928012869142e-01,-2.160865096742481672e-01,-7.011752089012019962e-01,-6.631261450466955365e-01,-6.508825237946288533e-01,-3.649045980606818729e-01,-7.564055587827874794e-01,-7.305018097323383586e-01,-7.507082532731578217e-01,-2.118101791858438832e-01,-3.456633451003172652e-01,-6.817060637204521711e-01,-8.176862236918539528e-01,-4.606550784217346844e-02,3.085705348764466449e-01,-1.283122570266767848e-01,-4.532597524464900274e-01,-5.942490727914562232e-01,5.114348272934446937e-01,6.774252647571383790e-01,3.293712855802314876e-01
1.871710085347870756e-01,9.079047321149291694e-02,1.427007462353098999e-01,-7.322579203717770602e-01,1.000000000000000000e+00,9.679163501496938771e-02,-4.031279324366593420e-01,-6.460833817418115688e-01,6.037088341748960696e-01,7.462353098887349392e-04,-1.678940077751463478e-01,-1.713883551543858019e-01,-2.337593279413736069e-01,-4.797488717100853450e-01,2.587157603110058490e-01,5.942356673667277267e-01,1.659949059386031656e-01,-2.181375396577148185e-01,2.442915233030966415e-01,7.685776844363019023e-04,3.373609187184413716e-01,6.683855400151927917e-01,-5.317217033826354688e-01,1.200500469189865471e-01,8.109388265784887861e-02,7.526252290093390918e-02,6.812994325036865195e-01,7.007060190357030649e-01,3.947003887573171527e-02,-2.505831359756914845e-01,6.757093703918852778e-01,2.371911166718798925e-01,9.314535948880646454e-02,1.524241476384110006e-01,3.545556101702488916e-01,5.814290182760624148e-01,5.130077304615934253e-01,6.633585057419902897e-01,6.122749005764333008e-01,6.176326019929397892e-01,2.718441395951561868e-01,4.508959292193574497e-01,-7.516689753787032524e-01,-5.234550248000356953e-01,-5.053085481925019273e-01,-6.846373832610930243e-01,-6.100764109209526609e-01,-4.532955002457661475e-01,-6.737432414316993912e-01,-7.543858081236873847e-01,-7.103668617900710247e-01,-6.418651414272308342e-01,-7.626748290808347264e-01,-6.753116761249385869e-01,4.242236024844720510e-01,5.677554850529514807e-01,-4.534429599177800529e-01,3.962643549756467848e-02,-5.003351356182135223e-01,-1.597926627641985814e-02,-6.339648777872112229e-01,-1.671969256892622546e-01,2.398945439921354728e-01,3.345859957996336065e-01,-2.448634880915143697e-01,-1.828723356718351956e-01,1.813441172527816281e-01,5.717726439966039909e-01,-6.439519192099736611e-02,-9.460208230930783335e-02,5.019840028598239190e-01,9.565664238795298924e-02,-2.487153134635149143e-02,-2.023772286518611130e-01,1.503060905313016726e-01,5.993565396130300788e-02,7.226417623665043477e-02,2.911702935788015312e-01,-3.890432995218731649e-01,-2.836453818311810426e-01,-1.095714732561776650e-01,-1.058626390812815593e-01,5.612091693105143442e-01,7.283614102506814625e-01,-1.974440323517583362e-01,1.190267661647079894e-01,5.648867241610437961e-01,8.026453371464319364e-01,6.963224451494705314e-02,5.264667768890477495e-01,-2.001117118727378241e-01,7.432861164484561023e-02,-5.824388936056124066e-01,1.334733455471647512e-01,3.545734840698869239e-01,3.635908664372849430e-01,1.785736628088833156e-01,6.714464453282095180e-01,5.693730729701952376e-01,6.441351266812637144e-01,4.077796148174627766e-01,7.593413467983377574e-01,7.392600205549846315e-01,7.275168684927834084e-01,2.741722150230126442e-01,3.189329281916081782e-01,7.498234952410741672e-01,7.124536395728138238e-01,5.771035345636534031e-02,-2.489074578846239838e-01,3.193172170338263310e-02,3.534206175432325070e-01,4.566155771035345645e-01,-5.771705616872960798e-01,-6.428526743822333689e-01,-1.425979713123910753e-01
-1.124044863488091461e-01,-1.313329460655078551e-01,-2.438714866616023824e-01,6.194199919567451584e-02,9.679163501496938771e-02,1.000000000000000000e+00,-8.430671611778900454e-02,1.633853165914473382e-01,-2.753474239242146779e-02,3.615621788283658877e-01,-2.442423700790919971e-01,2.507708119218910597e-02,-2.545243308458822878e-02,-4.325483712408954504e-03,9.699718486080700919e-02,1.854059609455293023e-01,-3.863264667768890326e-01,-2.497788104919790864e-01,-2.095759417310871786e-01,-1.402743643594441258e-01,-6.530229232762857494e-02,-1.055185665132490347e-01,-1.993922874123061906e-01,-5.072165869788641118e-02,1.354528799320791899e-01,1.466955628044148419e-01,-1.138969569685866212e-01,-1.257652263282541538e-01,-1.182537200053621756e-01,-1.522096608427543629e-01,-1.304481880334242005e-01,-4.745967201394164087e-02,-4.191876312614504357e-02,4.787077170561686995e-02,-1.318602261048304192e-01,8.080343178873050647e-02,-3.087179945484606058e-01,-1.474373296393940713e-01,-3.212252558201885710e-01,-2.516734438536127882e-01,-3.213012198936502917e-01,-2.445775056973055195e-01,1.272442915233031047e-01,1.567898476250055850e-01,1.849412395549399069e-01,1.494481433486750943e-01,1.576254524330845952e-01,1.062603333482282503e-01,2.246749184503328903e-02,1.430403503284329025e-01,1.128692077393985416e-01,1.050225657982930411e-01,1.165288886902900028e-01,6.121810626033334646e-03,-6.733544841145716608e-02,-7.393985432771794930e-02,-1.832164082398677341e-01,-1.741409356986460544e-01,5.105232584119040462e-02,-4.816122257473524210e-02,-1.151302560436123085e-01,-2.728450779748871693e-02,-1.660753384869743943e-01,-1.150855712945171860e-01,-1.401447785870682250e-01,1.260690826221010641e-01,-7.342597971312390948e-02,-2.449617945395236515e-02,-2.899861477277805299e-01,-6.224138701461191109e-02,-8.481612225747352241e-02,1.317797935564591905e-01,8.487421243129719683e-02,-7.864962688234505839e-02,-1.059743509540194001e-01,3.514008668841324401e-02,-6.322445149470486137e-02,-2.084632914786183344e-01,-9.693015773716430472e-02,-2.921488895839849942e-01,-1.707448947674158890e-01,5.739309173778989193e-02,-1.612359801599713982e-01,-1.162697171455382220e-02,1.020420930336476129e-01,1.593726261227043084e-01,-2.074400107243397906e-01,-9.372626122704320883e-02,-1.191027302381697101e-01,1.429911971044282599e-03,1.016846150408865501e-01,8.837302828544617295e-02,9.022744537289423272e-02,-1.355377809553599266e-01,4.507797488717101009e-02,8.276956074891639314e-02,-3.817864962688234665e-02,-6.837660306537378385e-02,3.182447830555431428e-02,2.822288752848652743e-02,-3.219983019795343709e-02,1.179677376111533046e-03,1.751642164529246216e-03,-4.302247642879485079e-02,1.972340140310112067e-01,5.265650833370570660e-02,-1.341123374592251560e-01,3.386657133920192853e-02,5.081996514589570690e-02,-9.558067831449126514e-03,-1.424773224898342183e-01,-1.217525358595111518e-01,-1.071004066312167685e-01,1.989901246704499638e-01,1.506814424237007954e-01,1.540149247061977644e-01
9.755127574958666337e-02,1.986326466776889010e-01,2.572769113901425264e-01,5.117252781625630798e-01,-4.031279324366593420e-01,-8.430671611778900454e-02,1.000000000000000000e+00,5.266142365610616549e-01,-9.338218865901068422e-02,9.700165333571651727e-02,1.692613610974574301e-01,4.921578265338039798e-02,5.390231913847803868e-01,2.816837213459046363e-01,-1.492738728272040849e-01,-3.711247151347245032e-01,-3.306671433039903591e-03,-3.730729701952723715e-02,4.650341838330578070e-02,4.355869341793645877e-02,8.356048080790027047e-03,-1.551946020823093131e-01,6.739845390768131050e-01,8.523615889896778153e-02,2.918226909155904880e-01,3.083247687564234507e-01,-3.023548862773135504e-01,-2.775771929040618535e-01,6.610661781134098691e-02,-5.158854283033200566e-02,-2.927074489476741426e-01,1.728406094999776488e-02,7.269761830287323201e-02,-3.239644309397202854e-02,-1.680816837213459092e-01,-4.281871397292104087e-01,-2.171276643281647989e-01,-3.176906921667634887e-01,-4.289914652129228068e-01,-3.793243665936815723e-01,-3.843782117163412060e-02,-3.101479065195049123e-01,3.713972921042048569e-01,4.258769382009919835e-01,2.789222038518253677e-01,3.976540506725054769e-01,2.414719156351937124e-01,3.326288037892667360e-01,3.287546360427185954e-01,4.273157871218553061e-01,3.669511595692390160e-01,4.548818088386433756e-01,2.295366191518834753e-01,2.736091871844139600e-01,-5.264757138388668212e-01,-4.855623575673622683e-01,3.295276822020644092e-01,5.399258233165020460e-02,2.584655257160731190e-01,-1.140310112158720163e-01,5.191384780374458385e-01,3.404084186067295459e-01,-2.341078689843156535e-01,-2.303186022610483052e-01,2.636400196612895819e-01,3.214397426158452364e-01,1.044774118593324030e-01,-2.733857634389382785e-01,-6.948031636802359801e-02,-1.017695160641673008e-01,-7.690245319272532090e-03,-3.409893203449662624e-02,-5.786228160328879544e-02,9.213995263416596693e-03,-1.620045578444077039e-01,-1.848474015818401262e-01,-1.653335716519951579e-02,-2.869207739398543441e-02,1.057688011081817786e-01,4.285937709459761158e-01,-1.432771794986371083e-01,2.580142097502122756e-01,-3.917109790428526805e-01,-4.243040350328433075e-01,-7.412306179900800263e-02,1.729925376469011178e-01,-4.570713615443049438e-01,-4.316368023593547543e-01,-4.526475713838866710e-01,-3.158228696545868908e-01,-2.393002368291702042e-01,6.618705035971222950e-02,2.583404084186067262e-01,8.451226596362661214e-02,-4.610080879395861975e-01,-1.737968631306135159e-01,-4.535412663657893417e-01,-3.440904419321685337e-01,-3.956074891639483337e-01,-3.856383216408240111e-01,-3.564502435318825935e-01,-3.432190893248134311e-01,-4.779838241208275718e-01,-4.374905044908172780e-01,-4.171946914518074867e-01,-2.158809598284105735e-01,-4.078511104160150169e-01,-4.751105947540104624e-01,-4.832655614638723535e-02,1.335493096206264718e-01,-2.707895795165110031e-01,-3.543992135484159145e-01,-4.326913624379999379e-01,1.751999642522007183e-01,3.453416149068322949e-01,2.104651682380803256e-03
-6.923901872290987025e-02,-9.205058313597569257e-04,-2.925912686000268215e-01,8.285356807721524497e-01,-6.460833817418115688e-01,1.633853165914473382e-01,5.266142365610616549e-01,1.000000000000000000e+00,-3.858125921622950205e-01,1.949863711515259779e-01,1.268465972563564137e-01,1.652352652039858760e-01,2.197730014745967186e-01,4.463961749854774563e-01,-3.453773627061084150e-01,-6.053532329415970414e-01,-2.799142052817373272e-01,8.302426381875865902e-02,-2.668036998972250773e-01,7.175477009696590303e-02,-1.752625229009339147e-01,-3.832923723133294658e-01,5.024442557755037786e-01,-1.047678627284507752e-01,8.186692881719469239e-02,1.930604584655257194e-01,-6.191697573618124562e-01,-6.262165422941150528e-01,-3.849591134545779503e-02,1.471826265695518055e-01,-5.871486661602395296e-01,-7.347066446221904579e-02,-5.065016309933419864e-02,4.528799320791813965e-02,-3.800393225792036977e-01,-5.439251083605165515e-01,-5.080611287367621243e-01,-7.191608204119933623e-01,-7.042673935385852513e-01,-7.076321551454488601e-01,-3.248179096474373417e-01,-6.249251530452656356e-01,6.640868671522409672e-01,4.614415300058090086e-01,4.204432727110237189e-01,6.578846239778363136e-01,5.203807140622905836e-01,3.080700656865811848e-01,6.608070065686580952e-01,7.131864694579740371e-01,7.908306894856785840e-01,6.468430224764287750e-01,7.295857723758880642e-01,3.685598105366638122e-01,-5.694043522945618774e-01,-7.450288216631663074e-01,3.125608829706421066e-01,-1.825818848027168373e-01,4.682246749184503232e-01,-6.912730685017203294e-03,6.888779659502212160e-01,4.003976942669467132e-01,-3.981232405380043526e-01,-2.724250413333929033e-01,2.037847982483578235e-01,4.074981008981634623e-01,-3.251083605165556722e-01,-5.203360293131954473e-01,-6.005630278385987175e-02,-3.468877072255239363e-02,-2.803565842977791545e-01,-2.149113007730461544e-01,6.705393449215782398e-02,2.786451584074355337e-01,-1.237812234684302209e-01,-1.471736896197327893e-01,-1.229366817105321946e-01,-3.342195808570534998e-01,3.983734751329371382e-01,1.626480182313776446e-01,1.911122034049778928e-01,1.324009115688815422e-02,-6.799454846061039337e-01,-7.610483042137717868e-01,2.786540953572545498e-01,-1.241297645113722675e-01,-6.828723356718352511e-01,-7.933777201841011317e-01,-1.118235846105724157e-01,-5.978953483176191463e-01,2.045265650833370530e-01,-1.327181732874569975e-01,6.920773939854327761e-01,-2.142678403860762415e-01,-2.760221636355512098e-01,-1.727199606774207918e-01,-2.367666115554761253e-01,-6.177353769158586694e-01,-6.934268734081058261e-01,-6.592519773001475070e-01,-3.383127038741677306e-01,-7.538808704589123888e-01,-7.396979310961169229e-01,-7.599848071853076981e-01,-1.236873854953304402e-01,-3.447696501184145945e-01,-6.791232852227534478e-01,-7.956879217123196124e-01,4.776352830778855113e-02,4.212073819205505165e-01,-8.658563832164081764e-02,-4.859153670852138229e-01,-6.375888109388265779e-01,5.275481478171499816e-01,6.671790517896242223e-01,3.294740605031502567e-01
1.765717860494213365e-01,9.424907279145627870e-02,1.890343625720541654e-01,-5.562491621609544357e-01,6.037088341748960696e-01,-2.753474239242146779e-02,-9.338218865901068422e-02,-3.858125921622950205e-01,1.000000000000000000e+00,2.355779972295455604e-01,3.722239599624648128e-03,1.297019527235354630e-01,7.640198400285982960e-02,-2.299924035926538199e-02,3.603244112784306785e-01,6.300549622413870177e-01,6.840341391483087397e-02,-2.527101300326198841e-01,2.482282496983779507e-01,-6.115554761160016395e-02,3.043254837124089729e-01,6.490236382322712716e-01,-2.437329639394074932e-01,2.256713883551543787e-01,8.099110773493006787e-02,2.244559631797667376e-01,7.001966128960186442e-01,6.708253273157871455e-01,-8.511551007641092459e-02,-2.620626480182313700e-01,6.892265069931632349e-01,3.947852897805979033e-01,1.466240672058626293e-01,1.609991509897671855e-02,-2.868760891907591766e-03,2.529693015773716303e-01,4.710308771616247281e-01,3.441753429554493260e-01,5.012154251753876411e-01,4.769784172661870603e-01,2.417221502301264702e-01,5.002010813709281134e-01,-5.514008668841324790e-01,-3.672237365387193142e-01,-3.099066088743911429e-01,-3.838419947271995980e-01,-5.150989767192457602e-01,-2.927029804727646622e-01,-4.455248223781223538e-01,-5.026274632467938597e-01,-3.989052236471692381e-01,-4.174136467223736324e-01,-5.593145359488806978e-01,-4.749407927074489333e-01,1.917467268421287896e-01,3.555520800750703869e-01,-4.320210912015728932e-01,-2.493855846999419243e-02,-5.517672818267125301e-01,-1.610304303141337767e-01,-4.887081639036596759e-01,-2.272621654229411425e-01,-3.031860226104830455e-02,6.666964564993967460e-03,-2.391795880066133473e-01,-2.582421019705974374e-01,-4.146744716028419667e-03,2.297600428973591291e-01,-4.721390589391840503e-02,-3.042003664149425801e-01,6.349255998927566536e-01,2.969748424862594383e-01,-2.458108047723311929e-02,-1.226149515170472382e-01,-1.389651012109567041e-01,2.147057509272085329e-01,2.448724250413333858e-02,1.803521158228696408e-01,-2.338308235399258195e-01,5.791590330220295485e-02,-4.985030609053130168e-02,2.952232003217302170e-01,5.853657446713437240e-01,6.421466553465302596e-01,-2.005719647884177115e-01,2.347245185218284902e-01,4.445953795969435629e-01,5.610661781134098636e-01,-1.692434871978193978e-01,2.411725278162563102e-01,-3.149157692479556681e-01,-1.386969927163858862e-01,-4.618839090218508359e-01,1.355065016309933423e-01,2.456275973010411673e-01,4.272085437240270012e-01,-5.303632870101434443e-02,4.997676393047053023e-01,1.819607667902944648e-01,2.471200679208186146e-01,1.253898744358550310e-01,3.760221636355511876e-01,3.501675678091067390e-01,3.743018007953885506e-01,8.289467804638277204e-02,2.081460297600428999e-01,3.723669511595692483e-01,3.856159792662764429e-01,1.593994369721614124e-01,-1.748558916841681798e-01,-1.868984315653067496e-01,5.262969748424862343e-02,6.223245006479288799e-02,-5.292014835336699141e-01,-3.766164707985164561e-01,-9.908843111845927476e-02
-1.096831851289155058e-01,-1.906608874391170216e-01,4.140935698646051877e-02,3.345100317261718442e-02,7.462353098887349392e-04,3.615621788283658877e-01,9.700165333571651727e-02,1.949863711515259779e-01,2.355779972295455604e-01,1.000000000000000000e+00,4.424683855400152188e-02,-1.038920416461861645e-02,2.113722686447115640e-01,6.887707225523928556e-02,3.659234103400509086e-02,2.256311720809687782e-01,-1.371821797220608707e-01,-1.780508512444702596e-01,1.149068322981366408e-01,-6.725054738817641542e-02,1.834845167344385242e-01,1.663568524062737364e-01,1.569864605210241626e-01,1.152777157156262555e-01,4.116359086643728293e-02,1.829080834711113157e-01,8.335046248715313744e-02,1.402028687608919133e-01,-1.283435363510433969e-01,-2.770231020152821855e-01,-7.257250100540685311e-02,2.048438268019125152e-01,-1.737789892309754558e-02,-8.138433352696725076e-02,-1.409803833951472386e-02,-8.905670494660172798e-02,-6.406005630278385765e-02,-2.430180079538853399e-01,-1.775369766298762197e-01,-1.714687877027570584e-01,-1.685240627373877365e-01,-1.605612404486348732e-01,-1.855757629920908036e-02,9.394521649760936843e-02,1.800125117297466382e-01,1.919567451628759192e-01,2.763751731534027506e-02,2.024129764511372331e-01,1.361142142186871629e-01,9.352517985611510931e-02,1.665132490281067135e-01,5.617766656240225087e-02,-1.474596720139416525e-03,9.324813441172527528e-02,-2.106126279100942744e-01,-1.374100719424460326e-01,-6.755887215693283376e-02,-3.060056302783860094e-01,1.118727378345770601e-01,2.896465436346574995e-02,1.225523928683140418e-01,-2.461235980159971401e-02,-1.816613789713570626e-01,-2.959381563072523424e-01,1.557710353456365215e-01,7.466821573796862677e-02,-2.272219491487555421e-01,-1.381786496268823383e-01,-1.034451941552348153e-01,-3.328924438089280180e-01,1.074757585236158913e-01,1.295008713526073496e-01,-2.552348183564949191e-01,-2.207605344295991701e-01,-2.211761025961839211e-01,-6.704052906742928586e-02,4.088654542204745237e-03,-7.682648911926359681e-02,-3.724920684570356272e-02,1.180526386344340622e-01,-1.020599669332856729e-01,2.215023012645783995e-01,-5.810357924840252319e-02,1.199785513204343346e-02,6.364895661110862857e-02,2.395594083739219782e-01,-1.028062022431744105e-01,1.454935430537557597e-02,-1.248447204968944069e-01,1.488761785602573939e-01,5.119978551320434473e-02,1.066848384646320175e-01,4.323249474954198035e-02,1.665445283524732978e-01,5.630278385986862760e-04,4.536842575628937529e-02,-1.487108449886054007e-01,-7.309531256981992298e-02,-1.001563966218329688e-01,-8.710844988605388750e-02,-1.726886813530542075e-01,-8.713972921042048569e-02,-1.690379373519817763e-01,-1.002725769694803176e-01,8.024040395013182225e-02,1.892443808928012949e-01,-3.050225657982930660e-01,-8.843111845926984738e-02,-4.311184592698512341e-02,8.452567138835515026e-02,2.502345949327494656e-02,-2.854327717949863841e-01,-2.453058671075561969e-01,6.723714196344787730e-02,2.082711470575092649e-01,-8.065150364180705134e-02
5.476518164350506757e-01,4.113365208454354272e-01,1.266276419857902402e-01,3.788373028285445948e-02,-1.678940077751463478e-01,-2.442423700790919971e-01,1.692613610974574301e-01,1.268465972563564137e-01,3.722239599624648128e-03,4.424683855400152188e-02,1.000000000000000000e+00,3.269985254032798383e-01,3.419857902497877578e-01,1.261718575450198887e-01,-7.791232852227535088e-02,-2.245542696277760264e-01,4.829348943205684086e-01,4.439563876848831581e-01,2.761785602573841314e-01,3.084230752044327395e-01,-7.995442155592295819e-02,-1.798293042584565848e-01,9.478082130568836472e-02,-5.537780955359935392e-02,5.560570177398453662e-02,-3.669958443183341662e-02,3.386210286429242045e-02,1.072031815541355793e-01,3.861030430314133510e-01,2.854104294204388159e-01,9.155458242101970068e-02,1.820054515393896011e-01,2.958979400330667420e-01,1.443540819518298324e-01,1.516689753787032469e-01,-7.872112248089727093e-02,1.012154251753876466e-01,-1.912998793511774542e-01,4.262031368693864480e-02,1.395504714241029530e-02,2.819250189910183502e-01,-2.121185039546003015e-02,1.066401537155368812e-01,8.123240538004379563e-02,5.101210956700478333e-02,1.220117074042629257e-01,7.992761070646588195e-02,5.505607936011439052e-02,5.020778408329237136e-02,4.633808481165378051e-03,8.093301756110639344e-02,-1.019437865856383241e-01,1.387506144153000665e-01,5.342061754323249728e-02,1.308458823003708915e-01,5.149023638232270994e-02,5.144197685329996439e-01,2.349077259931185435e-01,1.922829438312703976e-01,1.055543143125251410e-01,2.498592430403503151e-01,-9.342240493319629857e-02,1.841101032217704048e-01,1.761025961839224330e-02,8.490102328075427307e-02,-2.295589615264310157e-01,1.502480003574779843e-01,-2.683319183162786656e-02,3.874614594039054727e-01,2.323249474954198202e-01,1.382948299745296872e-01,-2.538719335090933726e-01,1.990660887439117122e-01,2.497877474417981025e-01,3.810134501094776249e-01,-1.859957996335850627e-01,2.777112471513472625e-01,2.599401224362125062e-01,2.915992671701148620e-01,2.032530497341257514e-01,3.898833728048616831e-01,7.643326332722641392e-02,1.483980517449394465e-02,-2.234103400509406256e-01,1.241521068859198357e-01,-3.980874927387282880e-01,6.031100585370213069e-02,-1.142097502122525615e-01,1.701505876044505927e-01,-2.430939720273470606e-01,-5.807676839894544002e-02,-2.597971312391080811e-01,1.002859823942088557e-01,5.994459091112203097e-02,-1.241297645113722675e-01,-3.208275615532418801e-01,3.005496224138701558e-02,-1.202824076142812448e-01,-1.520130479467357854e-01,-1.569149649224719500e-01,-6.189284597166987145e-02,-1.514991733321417455e-01,-9.083068948567853129e-02,-1.341123374592251560e-01,7.694713794182045374e-03,-2.272308860985745582e-01,-7.461906251396398237e-02,-1.559631797667456188e-01,-7.276017695160641452e-02,8.200545153938960941e-02,-2.688234505563251095e-02,-4.299119710442825953e-02,-7.817150006702712484e-02,3.447875240180526407e-02,-8.267125430090710436e-02,-2.155279503105590189e-01
3.312793243665936860e-01,4.232718173287456920e-01,-1.065775950668036987e-01,6.727288976272398358e-02,-1.713883551543858019e-01,2.507708119218910597e-02,4.921578265338039798e-02,1.652352652039858760e-01,1.297019527235354630e-01,-1.038920416461861645e-02,3.269985254032798383e-01,1.000000000000000000e+00,3.567585683006390118e-01,5.413021135886322277e-01,2.169936100808793900e-01,3.610527726886813421e-03,2.672192680638098006e-01,4.183118101791858390e-01,1.414987264846507831e-01,3.789847625005585696e-01,8.331024621296750921e-02,8.171946914518074534e-02,-2.513963984092229195e-02,1.701952723535457290e-01,-1.184413959515617371e-01,1.002234237454756732e-01,1.086956521739130405e-01,1.619822154698601427e-02,2.950712721748067202e-01,5.558201885696412159e-01,2.420975021225255930e-01,2.931989811877206420e-01,3.431609991509897428e-01,3.390365968095089277e-01,-6.929710889673354468e-02,-1.812949640287769837e-01,-1.055230349881585428e-01,-3.803610527726886681e-01,7.075830019214442157e-02,1.680593413467983480e-02,2.093301756110639567e-01,3.900084901023280481e-02,-3.920193038116091128e-02,-7.864515840743553643e-03,-6.981098351132758451e-02,6.579382456767504661e-02,-6.398409222932213702e-02,-1.248849367710800351e-01,-3.820546047633942288e-02,3.663255730819071215e-02,8.235846105724116406e-02,-3.584610572411636026e-02,7.401134992627016185e-02,-1.155368872603780295e-01,9.740381607757273019e-02,2.168550873586844868e-02,1.621788283658787133e-01,4.659368157647794662e-01,1.970284641851736129e-01,2.215067697394879076e-01,1.787524018052638608e-01,5.588721569328388566e-02,1.028955717413646692e-01,2.777648688502614149e-01,-8.524509584878681157e-02,-1.432905849233656603e-01,1.347423924214665447e-01,-1.467447160284194967e-02,2.307475758523615805e-01,1.464855444836677123e-01,2.173913043478260809e-01,2.426337191116672010e-01,1.699450377586129990e-01,4.739041065284418375e-01,2.329862817820278070e-02,3.025738415478796961e-01,3.225613298181330690e-01,2.733455471647526780e-01,3.208052191786943119e-01,2.100183207471290059e-01,3.577907860047365718e-01,4.120291344564100400e-01,1.416819339559408364e-01,-1.774878234058715684e-02,-4.853657446713436491e-02,-1.781000044684749040e-01,1.208811832521560353e-01,-2.168774297332320411e-01,-5.786675007819831393e-03,-2.647928861879440543e-01,-3.011886143259305815e-01,-4.553465302292327710e-01,-6.044952857589704770e-02,-1.843424639170651025e-01,3.896956968586621356e-02,1.782027793913937286e-02,3.925555208007507069e-02,6.914071227490058147e-02,-1.696992716385897493e-01,-2.792394655704008022e-01,-1.321953617230439137e-01,-1.885204879574601255e-01,-5.182537200053621840e-02,-1.269761830287322868e-01,-1.007417668349792211e-01,-1.870592966620492348e-01,-1.670494660172483214e-01,-1.447696501184145834e-01,2.053666383663255712e-01,5.712498324321908794e-02,-2.482863398722016113e-01,-1.386880557665668701e-01,-2.421734661959873136e-01,-2.898118772063094650e-01,-8.974485008266679109e-02,-2.783859868626837805e-02
1.896465436346574940e-01,1.687474864828633903e-01,1.852719066982438934e-01,2.123106483757093710e-01,-2.337593279413736069e-01,-2.545243308458822878e-02,5.390231913847803868e-01,2.197730014745967186e-01,7.640198400285982960e-02,2.113722686447115640e-01,3.419857902497877578e-01,3.567585683006390118e-01,1.000000000000000000e+00,5.934179364582867766e-01,1.654274096250949455e-01,-1.004602529156798790e-01,1.133518030296259832e-01,-1.177711247151347201e-01,1.741230617990079943e-01,1.630189016488672316e-01,1.337012377675499408e-01,2.837034720050046754e-02,4.518655882747218411e-01,3.141069752893337341e-01,2.542160060771258556e-01,2.793869252424147631e-01,-1.125876938200991995e-01,-1.162741856204477370e-01,1.769739487912775355e-01,3.035881853523392584e-02,-5.993118548639349286e-02,1.645024353188256905e-01,1.640377139282362950e-01,7.755038205460476619e-02,-6.918539702399570390e-02,-2.899414629786853936e-01,-2.001251172974663761e-01,-3.458554895214263625e-01,-3.248536574467134619e-01,-2.795790696635238604e-01,1.860047365834040789e-01,-1.865320166227266707e-01,1.904821484427365041e-01,2.413065820635417191e-01,2.280084007328298801e-01,2.412395549398990147e-01,1.533133741454041632e-01,2.626346128066490704e-01,2.210197059743509440e-01,2.774788864560525647e-01,1.754948835962286124e-01,2.780061664953751288e-01,1.045131596586085232e-01,2.201528218419053495e-01,-2.282094821037579935e-01,-1.683095759417310988e-01,1.783904553375932900e-01,5.970776174091782518e-02,2.951070199740828404e-01,9.600518343089503581e-02,3.020554984583761482e-01,1.487868090620671213e-01,-2.280486170070155083e-01,-1.126904687430180102e-01,7.802404039501317778e-02,1.733723580142097487e-01,1.050985298717547686e-02,-2.279145627597300994e-01,-3.203002815139192883e-02,-1.602350417802403948e-01,7.605344295991778303e-02,2.050315027481120767e-01,-7.011930828008400285e-02,2.778497698735421517e-02,-2.368291702042093008e-02,-5.401045623128826467e-02,1.356763036775548437e-01,1.287456990928995959e-01,1.943786585638321556e-03,4.378792618079449528e-01,-2.037490504490817311e-01,3.460967871665400764e-01,-1.895884534608338057e-01,-1.898208141561285034e-01,-2.346396174985477534e-01,1.180794494838911524e-01,-2.783234282139505633e-01,-3.187139729210420325e-01,-3.522900933911256027e-01,-1.596988247910987868e-01,-2.932570713615443303e-01,8.167478439608562291e-02,-6.233522498771169353e-03,2.855176728182671209e-01,-3.792126547209437315e-01,-2.336476160686357662e-01,-3.844988605388980907e-01,-1.496224138701461315e-01,-1.652486706287144280e-01,-2.224183386210286384e-01,-2.457348406988694722e-01,-1.319451271281111837e-01,-1.730774386701818546e-01,-1.320702444255775487e-01,-2.869520532642209076e-01,3.788819875776397450e-02,-3.211939764958219867e-01,-2.538585280843648206e-01,-1.519683631976406490e-01,-1.802582778497698740e-02,-3.056392153358059027e-01,-1.943965324634702174e-01,-2.206622279815898813e-01,3.544841145716966929e-02,2.217078511104160210e-01,-2.671388355154385996e-01
