1.000000000000000000e+00,6.772110715109284085e-01,2.316268216781700029e-02,1.604629340006255844e-01,4.282527643388304300e-02,-2.596252417298151594e-01,2.087381189938559978e-01,2.534789686498976069e-01,2.195374769685996819e-01,1.611615816835582637e-01,6.889602250284824203e-01,5.476690053859800678e-01,3.676005561783515230e-01,5.187778688505875202e-01,6.507697681905252884e-02,8.162305446027183845e-03,2.810915342622760105e-01,2.586800125117297289e-01,3.450931416085792347e-01,4.078253106813184981e-01,4.819527431054204669e-02,-4.800805499681498612e-02,-1.838151186445321772e-01,-6.048782047037710996e-02,-2.781736527629689593e-01,-1.432433234624613805e-01,7.866635920080185251e-02,-4.872040165392281519e-02,4.856720145939737998e-01,2.638399594510364432e-01,1.568235731947605904e-01,-7.796314519314412328e-02,-1.024888752913886009e-01,-4.350565881791551570e-02,-2.297843096516122563e-01,-3.956971522115852458e-01,8.820541155143166168e-02,7.571194710369438807e-02,1.157951455401848018e-01,-3.888453819616474044e-02,1.246583818315071812e-01,-9.411880207037162660e-02,-2.161401313731623475e-01,-1.294667217669850101e-01,-2.144186269518184307e-01,-2.454331044843592047e-01,1.684288874834756131e-02,-2.130852601321037709e-01,3.761509992260079344e-02,1.389920751434396695e-01,6.663865987501969845e-02,1.292338392060074503e-01,1.376815399473502732e-01,-6.454728315094671043e-02,2.581959820908744097e-01,1.560016347442515772e-01,7.182440654902292332e-01,4.332277751267725741e-01,4.648130432499446574e-01,4.546621033861580896e-01,2.019571267771564926e-01,4.436412786622494914e-02,2.131263570546292341e-01,2.811189322106262822e-01,-4.175972455929258254e-01,-3.494311500973768525e-01,-4.722607188765014508e-01,-5.027865996634618417e-01,1.613054209123973570e-02,-1.554765074008707948e-01,5.151955871037856849e-02,1.344896789645401991e-01,3.203345289493571557e-01,8.830130437065770999e-02,2.480655906883506151e-02,1.357819488617293957e-01,2.038978147853028333e-01,-1.038770380078038458e-01,-1.269461105187573158e-01,-1.666777019514188718e-01,7.299955021701458324e-02,1.427661425286936431e-02,1.306037366235225095e-01,-1.583898225754528100e-01,-7.285799415053802186e-02,-3.297776884807609443e-01,2.941923198984449650e-01,1.696617951592391607e-02,8.931046213489379770e-02,4.004895100105253930e-02,-4.838409183792287127e-01,-3.226998851569331528e-01,-5.065127206391027981e-01,-3.476548497793323644e-01,-2.872286746927434353e-01,-3.644634910922420201e-01,-3.949437086319519397e-01,-3.845598862071878399e-01,-2.022402389101096154e-01,-1.463529906002205561e-01,2.328757114904712322e-01,-7.006340341880731848e-02,3.070921872467116676e-01,2.670272541091214813e-01,-1.123293050738717186e-01,-3.094255791812123291e-01,2.078568183219213217e-01,2.782421476338446942e-01,-2.772969184157593192e-01,-2.071262063659133068e-01,-4.674158483432232503e-01,-3.495316092413279785e-01,4.891218729237492568e-02,-1.384212845528084157e-01,-3.412893931126124158e-01,-1.741299439027007567e-01
6.772110715109284085e-01,1.000000000000000000e+00,-8.129199591770569500e-02,2.174187022961763804e-01,-9.561655658018808346e-02,-2.768813828657797349e-01,-2.951900618508683863e-02,2.551274118756406972e-01,-1.630109431972035783e-01,-4.734593791168271310e-02,3.571847694805120876e-01,4.336798412745525577e-01,3.661050848308975564e-02,3.739797118192466074e-01,-1.963496800147948862e-01,-1.281995666557835846e-02,4.068161529170823965e-01,4.085878869104018762e-01,2.719680174616257440e-01,6.248216279404277262e-01,-2.452344693588195262e-02,-1.173020326994513585e-01,-1.100552753607967338e-01,6.780763900463253335e-02,-3.996150588256782710e-01,-9.726043348120615162e-02,-6.436919648666974969e-02,-1.571751801985894759e-01,3.602670386699209359e-01,3.114667263333097402e-01,9.370783284511711997e-02,2.968339387518864614e-02,1.091283114416115446e-01,1.743628264636783165e-01,-2.008201119206190211e-01,-2.861510220576315988e-01,-9.674443878727548296e-02,-4.873410062809796495e-02,8.311395948300071002e-02,-1.651411336814394976e-02,5.876174972430814325e-02,-1.025025742655637506e-01,-1.257634324149693172e-01,-6.725968003762651526e-02,-1.785273146129240651e-01,-1.245807543111813326e-01,-5.040537547746632568e-02,-2.325149718371922469e-01,-5.865672425563198816e-02,2.296633020463984334e-02,-1.694951243067748248e-01,-4.934598814125468885e-02,3.447346851176627536e-02,-6.902228138149588132e-02,8.815974830418114860e-02,-2.126765740692117962e-02,7.413496685989831025e-01,6.872113226587882595e-01,3.464539063766441385e-01,3.569199226464591646e-01,7.688549255803227289e-02,5.930514236658911836e-02,1.878563160262015641e-01,2.911876782293619237e-01,-3.166403722467915904e-01,-1.718376488907255584e-01,-2.200991349097808358e-01,-2.606983280402019321e-01,2.503510362132382316e-01,1.532801052081216586e-01,-9.419642959069748911e-02,7.381235601807351054e-02,1.817374408946343389e-01,-2.106673911901896928e-02,-4.339150069978926078e-02,1.891988154953663237e-01,9.223747628365096263e-02,-5.026381941098977124e-02,8.577612679770496573e-02,-2.232247841840776653e-02,5.130950777302626525e-02,7.106342853359330636e-02,1.114617033761121923e-01,-5.607218446125359496e-02,-2.051398551105164669e-01,-3.422072243823475191e-01,1.568646701172860536e-01,-4.443262273710070487e-02,-2.002333391934500717e-03,-3.371089228268289717e-02,-4.956220361698581711e-01,-4.179214546484044113e-01,-4.315975971999296834e-01,-3.904093481799771337e-01,-2.367753528056640577e-01,-2.568306509980844421e-01,-2.547621058976367037e-01,-2.978773439515604027e-01,-1.795638703255104662e-01,-2.290628303450543413e-01,1.653443351317042120e-01,-1.590793376089353894e-01,2.134186018370324289e-01,1.725180312747580380e-01,-1.651799474416024149e-01,-2.732009251373893055e-01,1.557459205596487539e-01,1.695955834507259230e-01,-1.543531915185084591e-01,-1.951076396895812526e-01,-3.958843715253123063e-01,-3.306452901785204568e-01,-1.060917054994531816e-01,-8.120066942320469661e-02,-3.472621458529780436e-01,-8.170753146768526542e-02
2.316268216781700029e-02,-8.129199591770569500e-02,1.000000000000000000e+00,5.375249150092810402e-02,2.613513124758841122e-01,3.419469438730196598e-01,3.761943793108959433e-01,-5.983940235941998670e-02,2.101399806844464202e-01,2.222909707778049082e-01,3.015829164659386552e-02,-4.061312042083248808e-01,2.088294454883570239e-01,-1.352568215183486411e-01,4.150766343446981588e-01,6.241937582907332999e-02,-3.251565678590101482e-01,-4.120400284025397819e-01,1.932902424490112736e-01,-2.445152732146241015e-01,9.723303553285585210e-02,7.472790412544606971e-03,6.988737160065663367e-01,5.425775533175490883e-01,3.906422307409546657e-01,4.752836258444846917e-01,2.089573025806584217e-01,1.860754493834320122e-01,-1.315854964394082838e-01,-3.680343570272312514e-01,4.678953124393535057e-01,3.398875314220219934e-01,-1.338618093148458144e-02,-1.774405293283621288e-01,6.781677165408263319e-02,1.108087189404300121e-01,1.145896358127715536e-01,1.613351020231101607e-01,-4.185721559217240456e-02,-3.398007712522460588e-01,-1.148362173479242632e-01,-7.635579888992645448e-02,-2.232727305936907103e-01,-2.108614599910043352e-01,-2.100281057286826694e-02,-2.691277634826445553e-01,-9.321923609953675083e-02,-1.341152403370860779e-01,-5.601738856455298898e-02,-5.888504049188449802e-02,-7.069355623086424900e-02,-7.280776457856247275e-02,5.573199326923735514e-03,-3.624063618036069134e-02,-8.144268463363235622e-02,-4.733680526223261326e-02,-3.470657938898009109e-01,-4.073732445335385144e-01,-1.425355431300786013e-01,-3.886193488877574542e-01,3.793542760206306541e-01,8.367790058654440630e-03,-4.246659162673034893e-01,-5.472489035112754197e-01,6.520871528737023359e-01,3.875462625773706815e-01,2.308893602350743923e-01,5.530504190744516685e-02,-1.417364363031948238e-01,-2.467162417320983014e-01,1.003290036964398640e-01,9.803214235973962964e-02,9.896367260364986873e-02,-1.771962309555719442e-02,-1.668192580178954332e-01,-3.219943879869129055e-02,7.949743030076097949e-02,-8.661633054711419255e-02,-2.207703846443632156e-01,-1.794360132332090407e-01,-2.810276057161252838e-01,-1.185075424268646066e-01,-1.393391158225434912e-01,1.818059357655101016e-01,4.789001550267243945e-01,2.409763715527102335e-01,3.660137583363965580e-02,2.046421257154860118e-01,-1.383801876302829525e-01,-2.446020333844000638e-01,1.430515378240092839e-01,1.720066029055524193e-01,8.958444161839680675e-02,3.066629527225569474e-01,-1.234209078310185836e-01,-2.649998059311992060e-01,-2.220672208662774760e-01,-3.379559760633257803e-01,-4.174876537995246273e-01,-1.984867199861183595e-01,-2.502825413423624967e-01,3.105945583108251640e-01,-1.170097879170481497e-01,-5.425935354540867284e-02,1.004819755747290468e-02,2.090714606987846835e-01,-2.169004244398831831e-04,2.396247394340953740e-01,-5.336892022402388996e-02,-8.388566836153418804e-02,-3.756646856427900971e-01,-2.940598964814185035e-01,-9.315074122866098816e-02,-2.134916630326332276e-01,1.072332866807157309e-01,-3.529791844087408759e-01
1.604629340006255844e-01,2.174187022961763804e-01,5.375249150092810402e-02,1.000000000000000000e+00,-1.730659902417640561e-01,1.467776587996502125e-01,1.225213418601837079e-01,6.766585462191972988e-01,-6.857934788316601138e-02,1.836096340319049169e-01,6.853825096064056210e-02,3.191518508455691849e-01,-1.635543358394845603e-01,2.705296251732349222e-01,-1.812990737210295189e-01,2.470153360015890642e-02,3.438602339328156732e-01,3.615045126704095058e-01,4.834345154786992560e-01,4.823477301941372919e-01,-2.383826991088817404e-01,-2.423371363207751927e-01,-4.820897328471719645e-02,2.161446976978873835e-01,-3.141654242458143953e-01,-8.265732701049570419e-02,-2.254508674875396468e-01,-2.464696601969455780e-01,2.177657429752802021e-01,3.883271041053542594e-01,2.656710556657815858e-01,4.619179933742628141e-01,5.308649303977953648e-01,5.770898355894782394e-01,1.650201260762256539e-01,2.486340981166193786e-01,-2.538579736020767919e-01,-2.793837288151072018e-01,-2.848404868615421748e-01,-1.728605056291367958e-01,-1.069456082230375582e-01,-1.527184472669405046e-01,-1.913221564925146612e-01,-1.530837532449444982e-01,-3.920349597820949605e-01,-2.115327097255867150e-01,-1.789565491370787853e-01,-3.149097351759975738e-01,-4.424289194477487031e-01,-4.879643096059489982e-01,-4.869505855169878883e-01,-4.778179360668875497e-01,-2.492368529803259958e-01,-4.637856201868083561e-01,-1.253661621638899604e-01,-1.742486683455520546e-01,2.666025859096917694e-01,1.917148604188689542e-01,5.073415085766994070e-02,7.809556861017057094e-02,1.515403354878775422e-01,4.618312332044868795e-01,3.007358632294418466e-01,3.324489884449152721e-01,-1.752395608108879566e-01,3.542531890070298450e-01,1.509832438714214242e-01,3.774592512597348404e-01,2.957859672274874563e-01,2.490907305891243706e-01,1.787031181148384870e-02,-1.691594994394836349e-02,2.403736166890036163e-01,2.525291731070871681e-01,-9.694992339990274322e-02,-2.561479854516894236e-02,1.633260196032320366e-01,8.784010557342764036e-02,9.521928632910872659e-02,-1.214299902508967077e-01,2.092449810383365805e-01,7.733755870581224268e-02,-1.339051893997337817e-01,-4.988938078353565703e-02,-1.883175148234316476e-01,-6.631445081954112641e-02,-9.539737299338567345e-02,-2.306838756224471321e-01,-1.165714207434433297e-01,-1.184847108032393570e-01,-1.023336202507368897e-01,-4.631965642972768471e-01,-5.839644374630412887e-02,-4.431823630273819536e-01,-1.723102634997682528e-02,-3.554198849742801897e-02,-8.526926475322439691e-02,-1.052743333736692044e-01,-1.346358013557418243e-01,-3.399149293703723207e-01,3.430519944564817680e-01,-1.658648961503599306e-01,2.874935215267963584e-01,1.741664745005011561e-01,1.879042624358145952e-03,-2.523145558450097803e-01,1.333070008607522006e-01,9.231967012870186118e-02,-7.130087741929591605e-02,-3.141403094598266277e-02,-6.030973380610015616e-02,-3.095717015724139265e-01,-4.812472459354001919e-01,-4.109463936308902637e-02,-2.426156821290032517e-01,-8.443362732854022001e-02
4.282527643388304300e-02,-9.561655658018808346e-02,2.613513124758841122e-01,-1.730659902417640561e-01,1.000000000000000000e+00,5.343764341113589333e-01,-2.234645162321428069e-01,-1.510745703659224226e-01,5.484681122128638453e-01,5.767610602092746452e-01,-1.665498448591174740e-01,-3.466867889376217260e-01,1.641936213009915768e-01,-2.260033927792707009e-01,5.986885515389656076e-01,3.534860464532214031e-01,-3.748107829192057205e-01,-3.471845183326521811e-01,-1.212153729888193476e-01,-3.975465137252305325e-01,4.033366134765941635e-01,3.329512841646707910e-01,2.645020765361686954e-01,1.530380899976939990e-01,6.817362993134530313e-01,5.493539792095235574e-01,8.072736986545324678e-01,6.787544892679953090e-01,-2.697670489441515440e-01,-3.910121030436837231e-01,3.457849398044243044e-02,-1.644173712125190367e-01,-2.953156357808072729e-01,-3.031514490089933789e-01,8.657979994931379319e-02,1.558144154305245166e-01,3.294854436983576940e-01,4.042087814990787398e-01,4.062430791640885691e-02,-1.049957875654411454e-01,2.180579877576834247e-01,5.156978828235412454e-02,-2.211699380578050975e-02,-5.075698248129519030e-02,1.036852523693517353e-01,-2.112952608398841192e-01,-2.449148266280659972e-02,-3.740048266052344028e-02,-6.444225768227056228e-02,-8.459344869391696720e-02,-1.611798469824584634e-01,-1.048040019269890349e-01,1.161901326289016372e-02,-4.817700901164184701e-02,1.573327184016036842e-02,-4.403535248602134106e-02,-1.796460641705613648e-01,-1.417455689526449236e-01,-1.978200365762610435e-01,-2.241175006678249870e-01,1.494672240627047677e-01,1.219551175942774762e-01,-4.291728787709280235e-01,-4.733475041610634149e-01,2.854660733488740831e-01,2.584242983271269334e-01,-4.690300441335285009e-02,-1.388368201027879723e-01,-1.478827093831123485e-01,-2.724018183105055280e-01,2.670500857327466893e-01,4.527282648650993863e-02,-6.750169524805417487e-02,-2.306884419471721959e-01,-9.980844267778414547e-02,-2.174552328939767798e-01,-2.063818954357301283e-01,-5.752427572381954568e-02,-4.599430579306786060e-02,1.576820422430700308e-01,4.845098849514485606e-02,-2.125852475747107631e-02,3.801237017368016419e-02,2.402868565192276540e-01,4.144601805068163780e-01,2.324373443168664122e-01,2.952471409099315380e-01,2.040804677743048301e-01,1.065437716472331514e-01,-2.593444127592245407e-02,1.214299902508967077e-01,1.890846573772400618e-01,-1.055026496099217143e-01,1.932080486039603751e-01,-1.832808586517012950e-01,-1.029135434908182573e-01,-2.552917995657424943e-01,-2.425791515312028246e-01,-1.853083068296235703e-01,1.288776658774535566e-01,-4.541872056147528980e-01,-2.135601579035089903e-01,-1.017491306859304723e-01,-2.094322003520636410e-01,-1.260237129242971765e-01,9.768966800536087181e-02,-5.394427713938021451e-02,1.743491274895031529e-01,9.464392941375239510e-02,-2.299144499062761964e-03,-2.750183223779592567e-01,6.910447522654677988e-02,1.661845388811134527e-01,-2.093363075328375789e-01,1.119959633689430606e-01,-2.566114674112820460e-01
-2.596252417298151594e-01,-2.768813828657797349e-01,3.419469438730196598e-01,1.467776587996502125e-01,5.343764341113589333e-01,1.000000000000000000e+00,-1.182700935411619969e-01,3.966537972414832525e-02,3.829205756308948216e-01,6.714575023573651213e-01,-2.040256718776042311e-01,-3.856512378164748678e-01,2.511821073131973447e-01,-1.321517207053145293e-01,5.766606010653235748e-01,4.867907641516110995e-01,-3.688562954777402925e-01,-4.866035448378840389e-01,1.554148620170826139e-02,-3.941080712072677628e-01,2.209667366075403760e-01,1.927514161314553554e-01,2.150396471144252475e-01,6.835103164691350153e-02,3.827516216160679607e-01,4.354881058656724369e-01,3.579427793848704020e-01,3.589976003963569751e-01,-2.690410033128685652e-01,-3.721486156045014648e-01,1.563989049953309340e-01,1.801848904881172830e-01,-1.162974412599403207e-01,-1.320832258344387666e-01,2.705387578226850498e-01,3.026126226914374606e-01,-1.353686964741123572e-02,-8.617796337350938640e-02,-1.955277415642858729e-01,-2.524104486642358425e-01,-1.525449269273885800e-01,-4.783453465726308224e-02,-9.149773167819283404e-02,-9.238816499957760997e-02,-5.835534682377867960e-02,-2.014730963563011734e-01,-1.226811632255604551e-01,-2.640933904732767346e-02,-1.825000171237177171e-01,-2.056147528819216863e-01,-2.360538734991061427e-01,-1.522755137686106208e-01,-2.393872905483927782e-01,-1.820068540534122981e-01,-1.715225724846971000e-01,-1.068771133521618094e-01,-4.869186212439124972e-01,-3.857608296098760658e-01,-2.640682756872889669e-01,-3.450109477635283084e-01,2.359168837573546451e-01,3.103890736981979037e-01,-5.764185858548959152e-01,-5.177458794627262106e-01,3.978250595334585915e-01,5.110196831427272768e-01,8.993376545986314294e-03,9.801844338556447989e-02,-2.513282297043989422e-01,-2.874021950322953045e-01,2.388758621791871595e-01,6.793092977220889506e-02,-1.153385130676797821e-01,-1.299416195383902295e-01,-1.117813461068657005e-01,-2.017059789172787332e-01,-1.723171129868558415e-01,4.694410133587829936e-02,-5.298534894711967591e-02,8.778074335200199141e-02,-1.724312711049820757e-01,-1.107813209920797126e-01,-4.239832507209085298e-03,1.785501462365493286e-01,4.443787401053451158e-01,4.109212788449024822e-01,9.124201749359002467e-02,7.175294356707588583e-02,-2.323597167965405497e-01,-6.134628951868654340e-02,3.476822477276826362e-01,2.633330974065558605e-01,2.687578911799154979e-01,3.052839226555917884e-01,3.562874866720396744e-02,-8.299980136487446203e-02,-9.685403058067668103e-02,-1.505174787494663047e-01,-1.422843952702008419e-01,-2.198685355111658097e-03,-2.409535399290849700e-01,7.243789227583341539e-02,-2.186470436472148782e-01,-2.193593903043227211e-01,-1.303708540625449497e-01,1.703924071152471825e-02,-7.317307055656649406e-02,6.129149362198593742e-02,2.312957631356038490e-01,-1.291242474126062523e-01,-2.124825052683971538e-01,-1.102013977519983312e-01,-1.498096984170835255e-01,-3.673265766948485278e-01,-1.818538821751231049e-02,-1.014157889810018004e-01
2.087381189938559978e-01,-2.951900618508683863e-02,3.761943793108959433e-01,1.225213418601837079e-01,-2.234645162321428069e-01,-1.182700935411619969e-01,1.000000000000000000e+00,1.675361709997283122e-01,7.713664041791003234e-02,6.492628810312588150e-02,3.952405197390801983e-01,2.424558607636264906e-01,1.675224720255531485e-01,1.957606241252634327e-01,-2.211082926740169374e-01,-2.127382194529999493e-01,1.151056305067022223e-01,1.029729057122439201e-01,1.540289824630299009e-01,1.284666966521990361e-01,-3.299192445472374779e-01,-3.244533538513524329e-01,-3.642785549408775192e-02,-1.835228738621289546e-01,-9.103653288096276441e-02,-2.382000461198797159e-01,-3.428921730911050347e-01,-4.282459148517428482e-01,2.251403574062362245e-01,1.897833050601727412e-01,1.967834808636746702e-01,1.029637730627938202e-01,1.459694193233163351e-01,1.586569525718682303e-02,-2.625111589560468195e-01,-1.407090132400585503e-01,-2.282682898428955998e-01,-2.273184943000851610e-01,-9.593163298621655566e-02,-2.420859884608974333e-01,-2.707077118375119107e-01,-8.450668852414101873e-02,-3.793634086700807817e-01,-2.698903397117279335e-01,-2.915073209601154458e-01,-3.284306226868711209e-01,-2.031032742831440918e-01,-1.608008420302793062e-01,-7.278949927966227307e-02,-3.127932436659368320e-04,1.316265933619337469e-01,8.152944480340830469e-02,7.778734169122968924e-03,-3.425428492496387228e-02,-9.615081657301895179e-02,-5.545573062337182113e-02,2.198000406402900522e-02,-1.741367933897883247e-02,2.473829251419556174e-01,1.470973015304037346e-01,1.983040669971163628e-01,-8.881273273986332872e-02,3.211884316729415323e-01,2.668719990684697563e-01,-1.057332490085367491e-02,-1.595314037567153453e-01,8.118697044902954685e-02,-5.554934028023534968e-03,-5.956770603827950435e-03,9.696590553644041793e-03,-1.057674964439746235e-01,-4.984143437392262940e-03,3.366979536015744789e-02,8.291760751982356348e-02,-1.935436734712515580e-02,3.103662420745726402e-01,1.965117845425341792e-02,-1.692987723435976644e-01,-1.358002141606295954e-01,-2.775845968734374503e-01,-1.595953323028660442e-01,-8.189703394377485096e-03,-2.012356474705985776e-01,-1.901851416359771618e-01,-1.973588377790309878e-01,-1.174116244928525565e-01,-2.825025286023165050e-01,-1.693718335391984631e-01,-1.676137985200541469e-01,2.282934046288833882e-02,1.870594923616803254e-02,1.593350517935381849e-01,1.999821913335722914e-02,5.580277130247563583e-02,6.586695099648620655e-02,7.053830119021253786e-02,2.299829447771519278e-02,4.695780031005344912e-02,-7.501786574548675868e-02,5.440547593661027720e-02,2.997997666608065437e-01,4.393740482066901265e-01,2.315560436449317083e-01,3.704910397293082469e-01,1.352317067323608596e-02,1.228546835651123659e-01,-9.863033089872119685e-02,6.093760345579454958e-03,-2.056330181808218860e-01,2.111240236626947195e-02,8.148606471852032351e-03,-1.100141784382712845e-01,1.757327238811933756e-01,1.116169584167638895e-01,-9.904130012397571736e-02,-7.961158841888722748e-02
2.534789686498976069e-01,2.551274118756406972e-01,-5.983940235941998670e-02,6.766585462191972988e-01,-1.510745703659224226e-01,3.966537972414832525e-02,1.675361709997283122e-01,1.000000000000000000e+00,1.260145802748470767e-01,2.377342809979245963e-01,3.211564673998661967e-01,5.775282027630831427e-01,7.258173150467249479e-03,4.741557436373972645e-01,-2.631961076648043907e-01,8.497245364609613827e-02,4.044096997869809362e-01,3.687969332563146296e-01,3.992360538734990860e-01,3.885462876921566555e-01,-3.451707691289050417e-01,-3.536960973905737271e-01,-1.329508275321983068e-01,1.272246563269853747e-01,-3.492074001858493926e-01,-1.312338894355794261e-01,-2.370082353666416175e-01,-2.720136807088762709e-01,3.365769459963606214e-01,4.877268607202464024e-01,2.660135300201603159e-01,3.921491179002212224e-01,4.596302646870126796e-01,5.312393690252494860e-01,3.096401964432896614e-01,2.682555954601599790e-01,-3.033934642194210385e-01,-2.414010397521398898e-01,-3.045761423232090093e-01,-1.929888650171579789e-01,-1.619287242373667057e-01,-2.546844783773108412e-01,-7.688549255803227289e-02,-2.290240165848914100e-02,-3.448830906712269107e-01,-2.587439410578804555e-01,-3.689818694076792138e-02,-1.849703987999698485e-01,-2.820276308309112578e-01,-2.763014596256983535e-01,-3.399788579165229918e-01,-3.321430446883369414e-01,-5.111315580984910484e-02,-3.579656110084956655e-01,-1.454077613821351811e-01,-6.896748548479528229e-02,3.002016032366109921e-01,1.439145731970437603e-01,7.690375785693248645e-02,9.576267897138969476e-02,3.044345862567324756e-01,6.719415327782204406e-01,3.267593478375027671e-01,3.748610124911813113e-01,-2.630408526241526657e-01,3.317640397361577564e-01,-3.511732029799834870e-02,2.448394822701026874e-01,8.247924034621874345e-02,7.826908894972248176e-02,2.150624787380505110e-01,2.049024062248138711e-01,3.558879332585977995e-01,4.018297263173276068e-01,-1.356883392048658689e-02,9.579007691973999428e-02,1.993908522816782991e-01,1.141604012886168334e-01,1.220099134909780891e-01,-2.351132106057458038e-01,7.141960186214722783e-02,-1.177677978214064780e-01,-2.757900312564927625e-01,-3.033980305441461023e-01,-2.915438515579158452e-01,-2.419398660696958081e-01,-1.871804999668941483e-01,-3.301703924071152652e-01,-1.991625360454258031e-01,-9.614168392356885195e-02,-1.845023505156522317e-02,-3.500932671825091602e-01,-7.438314660870477824e-02,-3.938843212957403028e-01,-1.629972442230284424e-01,-2.086422261746299633e-01,-2.270719127649324653e-01,-2.913611985689138484e-01,-1.432341908130112806e-01,-3.416683980647916008e-01,3.755413948752137632e-01,-1.389144476231138348e-01,2.647121274735210195e-01,1.342293984552123398e-01,2.394352369580057815e-02,-2.300034932384146524e-01,1.067720878834856613e-01,-6.299244958206712611e-03,-1.052378027758688050e-01,-7.248812184780896450e-02,-1.438826089239683970e-01,-4.591644995650575600e-01,-3.288963878088262405e-01,-1.063611186582311408e-01,-1.813949665402555811e-01,-1.596615440113792819e-02
2.195374769685996819e-01,-1.630109431972035783e-01,2.101399806844464202e-01,-6.857934788316601138e-02,5.484681122128638453e-01,3.829205756308948216e-01,7.713664041791003234e-02,1.260145802748470767e-01,1.000000000000000000e+00,7.099653187637132712e-01,2.033452894935717514e-01,-1.689311832032311389e-02,3.333668197146503753e-01,-8.938580649285711791e-03,4.912474970832600984e-01,2.696620234754754097e-01,-2.019571267771564926e-01,-2.542187132553557216e-01,-7.214108116870515675e-02,-3.111927468498067451e-01,2.401681320763763561e-01,1.631570655884051757e-01,1.364189511608739080e-02,-9.700015297187829233e-02,3.712490496336666168e-01,2.638216941521362435e-01,4.342095349426584039e-01,4.318441787350824068e-01,-8.778987600145209125e-02,-2.222179095822041095e-01,-1.967401007787866751e-02,-1.729198678505624587e-01,-3.259191440880935264e-01,-3.176403973615775644e-01,1.330855341115872760e-02,4.490980367086844748e-03,1.601021943473466269e-01,1.121466520848697079e-01,-9.133791031281607298e-02,-1.681663238117852288e-01,1.442753128503227178e-01,-2.399375326777613074e-02,-1.253981264369653237e-01,-9.771249962898612140e-02,-1.541134594704433262e-03,-2.784841628442723538e-01,6.107459319754605584e-03,7.080086486190292211e-03,3.617670763420999247e-02,1.103201221948496430e-01,8.808212078385529997e-02,1.376952389215254369e-01,5.556988874149807606e-02,2.627691563030121885e-02,-4.892816942891260214e-03,1.267588912050302552e-01,-1.053884914917954524e-01,-2.832559721819497556e-01,1.514307436944763441e-01,-1.277429341832785753e-02,3.038500966919260304e-01,1.131603761738308456e-01,-2.256791837237921428e-01,-2.628992965576761320e-01,3.251908152944480573e-02,4.502624495135722910e-02,-2.733150832555155674e-01,-2.650317702042745416e-01,-3.345540641431634099e-01,-4.119852325058391829e-01,3.682626732634837752e-01,1.137950953106128260e-01,-6.789439917440849570e-02,-9.183107338312149204e-02,-1.989479187833484430e-01,-2.151401062583763457e-01,-1.245442237133809332e-01,-8.971686503542326829e-02,-2.492368529803259958e-01,-6.678478226622129588e-02,-1.167677727066204901e-01,-1.930664925374838137e-01,-5.367943030532730531e-02,-1.462023018842938948e-01,1.917787889650196809e-01,3.352367296895584353e-02,2.510953471434214102e-01,-1.734518446810308021e-02,-7.782615545139261182e-02,5.248761955208920693e-02,1.942400379918217124e-01,3.036765763523741612e-01,-6.237827890654788071e-02,2.261129845726719267e-01,-2.685615392167383098e-01,-1.700339506243307430e-01,-2.829682937242716245e-01,-2.324008137190660128e-01,-1.462525314562694578e-01,1.866873368965887292e-01,-2.216836495893732550e-01,3.954665528129702040e-02,2.690706844235814243e-02,-1.969227537677886719e-02,3.770186009237674885e-02,-1.528120569238040211e-02,-6.824372301587482842e-03,1.348138880200187573e-01,3.024505181636981746e-02,-1.070688989906139199e-01,-2.556936361415469428e-01,-6.404955375591624145e-02,1.282794773384719755e-01,-3.969802894593243425e-01,-1.915344905922294894e-02,-1.933130740726365371e-01
1.611615816835582637e-01,-4.734593791168271310e-02,2.222909707778049082e-01,1.836096340319049169e-01,5.767610602092746452e-01,6.714575023573651213e-01,6.492628810312588150e-02,2.377342809979245963e-01,7.099653187637132712e-01,1.000000000000000000e+00,3.865393879754971083e-03,-8.390849998515945152e-02,3.571756368310619600e-01,7.104972955941815660e-02,5.065264196132779340e-01,4.933754044051334442e-01,-1.738011685224971348e-01,-1.986922045987456198e-01,9.613255127411875212e-02,-2.236791334942201670e-01,2.449262424398786220e-01,1.812442778243289199e-01,4.119053218231508162e-02,-2.681117562313208719e-02,2.901785204651258221e-01,3.225263648173812836e-01,4.062955918984266779e-01,3.695092799134224726e-01,-1.720842304258782818e-01,-2.736621239346193613e-01,-3.881376016292646371e-05,7.374614430956028715e-04,-1.700841801963063060e-01,-1.544308190388343216e-01,1.167084104851948273e-01,1.174070581681275066e-01,1.133749934359082057e-01,5.004920214891241809e-02,-6.692633833269785726e-02,-1.788469573436775872e-01,1.339508526469842808e-01,2.250513140740977372e-02,-2.783471731025208284e-01,-2.554516209311192831e-01,-2.054503651918198892e-01,-4.216567082734954397e-01,-1.670886711766733923e-01,-2.359123174326295813e-01,-2.498259088698574493e-01,-1.841164960763854719e-01,-2.166698250412681659e-01,-1.003244373717148141e-01,-1.359326375776560569e-01,-1.837557564231065144e-01,-1.187130270394918530e-01,-5.652881693375860772e-02,-9.109132877766336345e-02,-1.435310019201395393e-01,5.667493932496021902e-02,-2.279280986508793599e-02,2.887264292025598644e-01,3.300927648867894026e-01,-2.801280397452903803e-01,-2.283550500126715621e-01,7.185340271102698406e-02,2.872378073421935074e-01,-1.764587695124763544e-01,-1.285032272499994355e-01,-2.441545335613451440e-01,-3.691302749612433431e-01,2.638034288532360438e-01,4.684820851665224412e-02,-5.467032277066319335e-02,-1.301790684240928531e-01,-2.404969074565799503e-01,-3.175079739445511029e-01,-1.779199934244923842e-01,-1.084479290575790650e-01,-1.253570295144398605e-01,1.082447276073143436e-02,-5.777542358369730513e-02,-5.262004296911566154e-02,1.557733185079990534e-01,1.805867270639217037e-01,2.739041391450470209e-01,1.552207932162679993e-01,1.632392594334561020e-01,3.388897894695985791e-02,-2.162268915429382821e-01,4.954462326679436946e-04,2.096102870163406018e-01,1.768925703613561107e-01,8.920543666621764956e-02,2.147976319039975879e-01,-2.459262675546646237e-01,-2.278618869423661430e-01,-3.386272257979081601e-01,-3.406546739758304354e-01,-2.850414051494443712e-01,2.112610134044462171e-02,-1.325124603585934868e-01,5.176614024553127802e-02,1.239072214142364348e-02,-4.388466377009467984e-02,-4.368374548219247644e-02,-1.893951674585434841e-01,-8.032850140072010647e-02,1.300238133834411280e-01,-2.797102210329483266e-02,-1.414213598971663655e-01,-3.000326492217841312e-01,-1.746276732977312118e-01,-3.090260257677704403e-02,-4.664934507487630833e-01,-2.064732219302311267e-01,-1.755820351652667144e-01
6.889602250284824203e-01,3.571847694805120876e-01,3.015829164659386552e-02,6.853825096064056210e-02,-1.665498448591174740e-01,-2.040256718776042311e-01,3.952405197390801983e-01,3.211564673998661967e-01,2.033452894935717514e-01,3.865393879754971083e-03,1.000000000000000000e+00,6.823025235793592769e-01,4.352506569799698410e-01,6.714346707337398579e-01,-4.158323610866939551e-02,-1.057857617428748231e-01,3.635091292247065731e-01,2.119208473272159721e-01,3.333394217663000481e-01,3.504996700830386169e-01,-1.312156241366792264e-01,-2.841418391786095232e-01,-2.805435752952699646e-01,-2.298254065741377195e-01,-3.175171065940012305e-01,-2.176515848571539402e-01,-2.666665144558424960e-01,-3.230286605371368025e-01,6.808321670178931750e-01,4.041357203034779411e-01,3.089689467087072816e-01,-5.545801378573434262e-03,-3.796214060170460813e-02,-3.966994604887337517e-02,-1.490608211621753110e-01,-4.107614574795257489e-01,-1.079273680389233464e-01,-1.626684688428248204e-01,8.731954455477192178e-02,-6.534638997783048797e-02,-1.772076467673845690e-01,-2.098705675256684611e-01,-1.082241791460516189e-01,-2.381110027877412355e-02,-1.813219053446547824e-01,-1.734586941681183769e-01,1.172883337252762087e-01,-5.746719666475641995e-03,1.297544002246631689e-01,2.023680960024110131e-01,2.425152229850521257e-01,2.933247182006853970e-01,9.015523220902807444e-02,-6.623454013685275109e-03,2.044457737523088514e-01,2.472596343743792557e-01,4.456481783789090767e-01,1.948108285824529939e-01,4.377393039551221721e-01,4.207251780295852006e-01,2.442138957827708068e-01,8.059791455949806560e-02,2.916032137793415080e-01,3.417368929356673357e-01,-3.695777747842982630e-01,-3.454995445091086914e-01,-4.884209420784540456e-01,-3.339102123569313574e-01,-1.383619223313827529e-01,-1.291059821137060526e-01,4.377963830141853169e-02,1.597277557198925058e-01,3.475954875579067016e-01,2.797673000920114506e-01,2.038841158111276697e-01,3.822264942726872339e-01,3.682581069387587114e-01,9.221692782238824146e-03,-2.168022484582946274e-01,-3.108822367685032950e-01,-1.387226619846617104e-01,-1.168043033044208895e-01,-9.315530755338603808e-02,-4.133505635986292059e-01,-2.288482130829769812e-01,-2.665843206107915697e-01,1.729792300719881215e-01,-6.555644091518279815e-02,-5.821379075730212516e-02,4.303989369596040310e-02,-3.690161168431170813e-01,-1.733582350241672787e-01,-3.160924132797855446e-01,-2.246243627123055697e-01,-1.340102148684099437e-01,-3.133526184447554819e-01,-2.342501752327113274e-01,-2.687396258810152982e-01,-6.415001289986735356e-02,-1.959935066862409925e-01,3.681211171970072416e-01,1.596044649523161441e-01,2.056786814280723852e-01,3.009961437387697059e-01,-1.723536435846562409e-01,-2.827628091116443643e-01,8.742228686108554844e-03,1.412341405834393049e-01,-3.665183372185146227e-01,-3.281383779044679261e-01,-3.504174762379876906e-01,-4.578356990700679918e-01,-2.351428917164586491e-02,-8.408202032471134846e-02,-3.613492576297578363e-01,-1.398505441917491099e-01
5.476690053859800678e-01,4.336798412745525577e-01,-4.061312042083248808e-01,3.191518508455691849e-01,-3.466867889376217260e-01,-3.856512378164748678e-01,2.424558607636264906e-01,5.775282027630831427e-01,-1.689311832032311389e-02,-8.390849998515945152e-02,6.823025235793592769e-01,1.000000000000000000e+00,6.879853146996842139e-02,6.934078253106813472e-01,-3.418419184043434700e-01,-6.462034434654750914e-02,5.442853587647178415e-01,5.386824783270812711e-01,3.395861539901687265e-01,6.943073912815161952e-01,-2.785800556634984160e-01,-2.996262463212546190e-01,-4.636805947181321663e-01,-2.802284988892415063e-01,-5.730943014550593517e-01,-4.235791309827415807e-01,-3.373395222254439996e-01,-3.976378402197315309e-01,6.119811228135866310e-01,6.602563078068170999e-01,1.577825013870211290e-01,8.579895842133021533e-02,2.077198285801698241e-01,2.813700800705040694e-01,-1.743536938142282167e-01,-2.981330581361632537e-01,-2.677578660651294684e-01,-2.822194164693633822e-01,-8.421444374173781000e-02,-1.043473694544840152e-01,-8.520990253179874796e-02,-2.068750585060355474e-01,-1.303708540625449497e-01,1.636342465221729200e-02,-3.287046021703741161e-01,-1.317681494284103083e-01,2.864683816260225543e-02,-6.968896479135321120e-02,-3.989826228512588502e-02,4.587558135021655575e-02,6.966613316772796161e-02,1.192564196817728350e-01,8.410028562361154814e-02,-1.094388215229149530e-01,1.448917666882044986e-01,1.404989623027062262e-01,6.286619070341948889e-01,4.366890492683606073e-01,4.024370475057592600e-01,5.709663941331859505e-01,-1.545015970720725780e-02,2.077335275543449600e-01,6.222553534449495327e-01,7.273356180178041086e-01,-7.376189812986171379e-01,-3.919436332875939621e-01,-3.984871766185908992e-01,-1.814223644886058806e-01,2.342090783101858642e-01,2.558534575069236761e-01,1.518417129197308646e-01,2.241038016936498511e-01,3.502393895737107576e-01,3.423624794229991886e-01,2.227567358997600278e-01,3.357687065200267718e-01,2.672784019689992130e-01,3.241405606076865065e-02,4.390521223135740447e-03,-1.901303457392765628e-01,1.437593181563920630e-01,-6.225042181424647603e-02,-1.986602403256702842e-01,-5.100835865740920294e-01,-5.663955030834108006e-01,-5.068003990967809846e-01,-2.722214484838660423e-02,-2.753425314334378426e-01,-6.695830260577320669e-02,-1.735888344227822996e-02,-2.779773007997917711e-01,-3.240926141980734476e-01,-3.257319247743664659e-01,-5.055583587715672955e-01,-7.666630897122987676e-02,-5.156978828235412454e-02,-1.153293804182296822e-01,-8.002712396886679791e-02,8.947028350027055876e-02,-1.301653694499176894e-01,4.926676240727506650e-01,-9.681293365815123175e-02,3.824000146122391031e-01,2.958087988511127198e-01,-5.879371399738349269e-02,-3.090968038010086794e-01,3.643698814353785176e-02,-2.357365139307151386e-02,-2.766028370575516759e-01,-8.807298813440520013e-02,-2.114893296406987477e-02,-2.520177447378815216e-01,-3.554655482215306889e-02,7.829192057334773136e-02,-2.915210199342905817e-01,-1.942971170508848294e-03
3.676005561783515230e-01,3.661050848308975564e-02,2.088294454883570239e-01,-1.635543358394845603e-01,1.641936213009915768e-01,2.511821073131973447e-01,1.675224720255531485e-01,7.258173150467249479e-03,3.333668197146503753e-01,3.571756368310619600e-01,4.352506569799698410e-01,6.879853146996842139e-02,1.000000000000000000e+00,3.581802282705729978e-01,3.959483000714629775e-01,1.571158179771638130e-01,-1.428277879124818239e-01,-3.182066216274838100e-01,4.300336309815999680e-02,-2.276838002780891823e-01,5.240999203176335136e-02,6.445139033172066212e-02,6.420024247184290267e-02,-1.125895855831995779e-01,2.325400866231800215e-02,9.258223380039225237e-03,9.602295948071755405e-02,8.063444515729846496e-02,4.385269949701933040e-02,-1.903860599238793583e-01,8.357059195550572972e-02,-8.518250458344844844e-02,-3.292160305395797626e-01,-3.479744925100858866e-01,-5.979373911216948057e-02,-2.381817808209795162e-01,1.908381260716593419e-01,9.522385265383377650e-02,1.604309697275502489e-01,2.709428775608519954e-02,-1.568920680656363531e-01,-1.332385059898764657e-01,-1.182700935411619969e-01,-1.607734440819290067e-01,-1.049569738052782107e-02,-2.709314617490393706e-01,4.883912609677412003e-02,-9.007303836397717589e-02,9.605035742906785357e-02,1.521841872741096224e-01,2.006831221788674957e-01,2.777078876410138397e-01,8.171209779241031534e-02,2.649153289237857548e-02,7.734669135526234252e-02,1.264392484742767608e-01,-2.363301361449716628e-02,-1.557824511574491533e-01,1.270739676110587135e-01,6.549707869375714919e-02,3.795780259321581140e-01,9.775816287623662060e-02,-2.429581564833820095e-01,-2.539766980449280620e-01,1.468781179436013107e-01,-3.148709214158346148e-02,-3.353212066969718519e-01,-3.704727744304080472e-01,-2.701780181694060645e-01,-4.155058688688528790e-01,7.153375998027347582e-02,3.519951414304925419e-02,6.272988591037674533e-02,-3.729545719184728519e-02,-1.046259152627120742e-01,-2.160099911184984109e-02,1.201925162504081102e-01,2.708058878191004631e-02,-2.021306471167084173e-01,-2.745297256323788737e-01,-1.777830036827408866e-01,-1.225259081849087578e-01,1.277771816187164566e-01,-3.450086646011657487e-02,3.545728317377833672e-01,9.349778190776480979e-02,2.283687489868466980e-01,1.604720666500756843e-01,-5.366573133115215555e-02,1.327179449712207471e-01,-5.717723504471573792e-02,1.613214030489350248e-01,-5.738271965734299124e-02,1.679928034722333319e-01,-1.354440408320757017e-01,-3.430839587295571591e-01,-3.384948023808816986e-01,-2.646344999531951570e-01,-1.286539159659260967e-01,-7.533294215151521700e-02,6.079376422695546844e-02,2.225832155602081308e-01,-2.268321807168673099e-02,8.325551554947727140e-02,-4.033206313400564819e-02,-1.162289463890645719e-01,-1.902102564219649433e-02,6.256549822027493435e-02,-1.321288890816892658e-01,-3.238186347145704524e-01,-2.583375381573509988e-01,-2.988317058190959052e-01,-5.335750441221126690e-03,-3.728016000401836449e-01,-1.558189817552495526e-01,-1.573806648112167084e-01
