1.000000000000000000e+00,4.855266097680861481e-01,-5.598552214129317445e-02,-9.379328835068591677e-03,-6.352383931364224967e-02,6.997631708297958296e-03,2.712453639572813824e-01,-1.875865767013718266e-01,1.274543098440502342e-01,-2.413646722373653797e-01,3.385674069440099965e-01,1.973814737030251676e-01,1.921310156843469286e-01,-1.750122883060011569e-01,1.212073819205505137e-01,2.020197506591000364e-02,9.427141516600384685e-02,-8.793958621922337571e-03,1.829482997452969439e-01,1.986460521024174530e-01,-3.668305107466821591e-01,-2.675499352071137871e-01,-2.616381429018276306e-01,-2.643192278475356427e-01,-2.099110773493006732e-01,-2.042271772643996508e-01,-3.324992180168908490e-02,-8.885115510076410650e-02,8.456141918763125653e-02,-1.161803476473479563e-01,-1.964743732963939449e-01,-2.375441261897314471e-01,2.676169623307565054e-02,1.784262031368693754e-02,-4.733589525894811856e-01,-3.208722463023370164e-01,1.359980338710398140e-01,-1.195004245051164010e-01,-8.712632378569194758e-02,-7.987398900755172948e-02,3.063139550471424138e-02,-5.485052951427677598e-02,2.152553733410786929e-01,1.433665489968273810e-01,-1.344564100272576945e-01,1.290808347111130905e-01,1.772107779614817413e-01,2.770633182894677859e-01,-5.679878457482460952e-02,2.333616336744269160e-01,7.380133160552303229e-02,1.243889360561240415e-01,1.092095267885070768e-02,1.409848518700567432e-01,-1.537289423119889142e-01,1.496536931945127158e-01,4.452209660842754158e-01,3.895080209124625603e-01,5.130747575852361297e-01,4.224451494704857257e-01,4.696411814647660776e-01,3.799454846061039448e-01,4.927610706465883061e-01,3.913356271504535577e-01,-2.037088341748961029e-01,-1.551856651324902692e-01,3.871486661602394769e-02,2.911211403547969007e-02,2.805978819428928683e-01,1.249162160954466194e-01,-2.988158541489789322e-01,6.014567228205013744e-02,-3.248581259216229596e-03,1.161356628982528234e-02,-2.876178560257384165e-01,1.429286384556950618e-01,-1.418919522766879660e-01,-7.933777201841012150e-02,-7.670137182179721791e-02,-1.108628625050270267e-02,2.733366102149336480e-02,-1.357075830019214557e-01,-4.929174672684212555e-02,-3.927789445462263884e-02,-8.105813485857277234e-02,4.646767058402966749e-02,-3.649403458599580208e-02,8.713526073551096721e-03,-1.151347245185218304e-01,1.368559810536663923e-01,-1.362616738907010960e-01,1.892935341168059393e-01,-1.766343446981545329e-01,9.807855578890924131e-02,-2.709102283390678600e-01,-2.482952768220206552e-01,-2.012064882255686082e-01,-2.054113231154207075e-01,2.893739666651771736e-01,3.720407524911747421e-01,4.511372268644711636e-02,1.798158988337280606e-01,-5.978819428928906776e-02,2.116001608650967536e-01,-3.026542740962509526e-01,1.122927744760713123e-02,-7.371643058224228162e-02,3.495687921712319762e-02,-1.256356405558782807e-01,-1.262969748424862537e-01,1.358416372492068404e-02,3.196300102774923130e-02,-9.022744537289423272e-02,-8.809151436614683084e-02,-1.234594932749452645e-01,-1.878859645203092288e-01
4.855266097680861481e-01,1.000000000000000000e+00,-1.161222574735242818e-01,-7.061530899503999648e-02,-8.069171991599266569e-02,3.751731534027436671e-02,-1.318870369542874954e-01,1.463961749854774674e-01,4.090441932168550898e-02,-1.072121185039545954e-01,3.123463961749854689e-02,4.372849546449796704e-02,-9.513829929844944133e-02,-1.882791903123463839e-01,-1.467804638276956064e-01,9.382456767505251150e-02,3.702578310022789504e-02,-1.711872737834577163e-02,2.441172527816256321e-01,2.853880870458912478e-01,-2.791277536976629614e-01,-2.101032217704097704e-01,-3.975199964252200679e-01,-3.307654497519996184e-01,-2.034183833057777446e-01,-1.733768264891192568e-01,1.909334644085973476e-01,1.026006523973367890e-01,-4.606103936726395343e-02,-3.309709995978372676e-01,-3.826086956521739246e-01,-2.305286205817954348e-01,6.484203941194870147e-02,2.309575941731087101e-01,-3.513427767103087795e-01,-3.490996023057330588e-01,-2.389516957862281576e-01,-3.261897314446579599e-01,-2.022967961034898843e-01,-1.267616962330756492e-01,-3.173332141740023982e-01,-4.255596764824165490e-01,1.797712140846329243e-01,-7.849323026051208130e-02,-1.862639081281558529e-01,-2.219491487555297349e-02,3.866124491710978828e-02,-1.228249698377943677e-01,1.704276330488404406e-02,1.214576165154832715e-01,1.194870190803878560e-02,5.427409625094955364e-02,4.331739577282273795e-02,1.962375441261897391e-01,-1.255864873318736363e-01,2.429197015058760512e-01,5.492247196031994072e-01,8.445685687474865366e-01,3.140042003664149650e-01,5.131507216586979059e-01,3.035390321283346071e-01,3.464542651593011113e-01,1.051610885204879581e-01,3.907189776129407210e-01,-7.678627284507796857e-02,-8.490996023057330311e-02,5.393896063273604519e-02,1.660127798382411979e-01,3.811072880825774334e-01,2.376066848384646435e-01,-4.206532910317708485e-01,-1.333750390991554624e-01,-2.731310603690960126e-01,-3.604137807766209511e-01,-1.704901916975736231e-01,-2.472183743688279312e-01,-3.178068725144108098e-01,-1.910541132311542045e-01,-2.702935788015550234e-01,2.510389204164618568e-02,-2.454935430537557584e-01,-6.260333348228250272e-02,-3.689798471781580713e-01,-1.015684346932392013e-01,-1.244112784306716096e-01,1.875955136511908428e-01,-1.259216229500871309e-01,-2.650252468832387659e-02,-4.349613476920326932e-02,2.078823897403816179e-01,-6.718352026453371095e-02,2.880200187675946433e-01,-2.728852942490728184e-01,9.576835426069083002e-02,-2.088431118459269931e-01,-2.002010813709280967e-01,-2.015326868939630867e-01,5.821975959604986511e-02,1.478394923812502704e-01,4.132311542070691290e-01,-2.212029134456409973e-01,9.028553554671790715e-02,-2.946378301085839646e-01,5.062782072478662874e-03,-2.782698065150364108e-01,-6.991822690915590333e-02,-2.716341212744090572e-01,-1.434916662942937460e-01,-1.398498592430403586e-01,-3.327002993878189208e-01,-1.858617453862996538e-01,-1.404039501318199989e-01,-1.638008847580320893e-01,-1.158764913535010460e-01,-2.189999553152508979e-02,-1.905491755663792086e-01
-5.598552214129317445e-02,-1.161222574735242818e-01,1.000000000000000000e+00,-1.059296662049242638e-01,1.661110862862505144e-01,-1.981277090129139051e-01,1.864560525492649223e-01,2.146297868537468123e-01,4.834889852093480350e-02,-2.255864873318736419e-01,-9.493274945261181985e-02,-5.015773716430582674e-01,-8.543724026989588452e-03,-1.465034183833057724e-01,3.314044416640600788e-01,-1.607846641941105548e-01,-3.830912909424013524e-01,-2.546583850931676829e-01,-1.489789534831761908e-02,4.801242236024844678e-01,2.154609231869163144e-01,7.477992761070646754e-02,2.561597926627641741e-01,5.333884445238840089e-01,4.410831583180660487e-02,-3.480941954510925578e-03,2.340721211850395334e-01,1.153536797890879900e-01,-4.430492872782519354e-01,-2.083024263818758770e-01,1.589928057553956775e-01,3.337906072657402246e-01,-5.892131015684346634e-02,1.113499262701639902e-01,3.922650699316323486e-01,2.094731668081683817e-01,1.067518655882747185e-02,-2.823182447830555608e-01,1.506054783502390748e-01,-4.364091335627150459e-01,-3.347334554716475258e-02,-1.513829929844943967e-01,-8.646498949908395723e-03,-2.186692881719469184e-01,-1.425220072389293546e-01,-3.574288395370660010e-01,2.983153849591134443e-02,-2.488091514366146950e-01,-2.771080030385629223e-01,-5.189686759908843650e-01,-1.715268778765807189e-01,-4.925599892756601927e-01,3.291702042093033742e-01,-4.877653156977523330e-01,2.427767103087716261e-01,-4.403101121587202349e-01,1.563430001340542497e-01,-1.778765807229992502e-01,-1.638634434067652579e-01,-1.188390902185084280e-01,9.904821484427364653e-02,-2.893516242906296054e-01,-1.653201662272666406e-01,-2.061530899503999370e-01,4.379239465570400891e-01,-1.306358639796237620e-01,8.886009205058313654e-02,-1.328611644845614226e-01,1.582108226462308476e-01,3.319630010277492271e-01,5.182135037311765835e-01,-2.069127306850171988e-01,-2.805397917690692355e-01,-1.106751865588274653e-01,-3.732963939407480530e-02,-1.509003976942669412e-01,-7.849769873542160326e-02,-2.557799722954555710e-01,2.377720184101166367e-01,-3.555699539747084192e-01,2.920148353366995853e-01,-3.328835068591090018e-01,1.261539836453818286e-01,-3.574288395370660010e-01,5.233567183520264621e-01,-4.893426873408106004e-01,4.019616604852763730e-01,-3.711068412350864709e-01,4.195361723043924962e-01,-4.350998704142276519e-01,5.634702176147280417e-01,-2.403905447070914803e-01,5.108583940301175685e-01,-2.839983913490325973e-01,-1.135439474507350666e-02,-1.229858349345368390e-01,2.870816390365968362e-01,-3.323249474954197979e-01,-6.247821618481612382e-02,-2.826310380267214872e-02,2.937888198757763747e-01,-4.661557710353456119e-01,2.734527905625809829e-01,-2.504580186782251472e-01,3.652263282541668432e-01,-1.477367174583314735e-01,4.396085615979266475e-02,1.729121050985298613e-01,5.706242459448590543e-03,-5.110147906519504901e-02,7.127664328164796947e-02,5.844765181643504955e-03,1.741945573975602068e-01,1.262388846686625932e-01,4.454622637293891713e-02,2.325215603914383977e-01
-9.379328835068591677e-03,-7.061530899503999648e-02,-1.059296662049242638e-01,1.000000000000000000e+00,-2.281156441306582128e-01,2.119755127574958764e-01,3.252915679878457533e-01,-3.285848339961571218e-01,-3.428750167567808926e-01,-1.394432280262746238e-01,-4.967156709415076338e-02,2.495643236963224487e-01,7.395772822735600938e-02,1.616560168014656573e-01,-1.033245453326779584e-01,2.414406363108271281e-01,4.838285893024710793e-01,-1.097189329281916120e-01,5.329818133071182462e-01,-4.976093659234103600e-02,4.048438268019124986e-02,1.930783323651637795e-01,5.210822646230841571e-01,3.989186290718977346e-01,9.725635640555878314e-02,2.691362437999910567e-02,-2.662898252826310652e-01,-2.614594039054470853e-01,3.845792930872692916e-01,3.613208811832521739e-02,4.487108449886053618e-01,4.168059341346798119e-01,1.776844363018901529e-01,1.709817239376200948e-01,6.766164707985164450e-02,2.672818267125430247e-01,2.185262969748424933e-01,2.951338308235399444e-01,-2.438402073372357981e-01,4.422002770454444009e-01,1.255909558067831444e-01,8.401179677376111044e-02,-1.636355511863800752e-02,2.662004557844407926e-01,-8.607176370704679169e-02,2.897895348317618969e-01,-6.734885383618570420e-02,2.190491085392555493e-01,-1.270253362527369312e-01,1.504937664775012340e-01,-3.149738594217793564e-01,3.545556101702488916e-01,-7.757361812413423596e-01,5.422226194199919469e-01,-5.473122123419277285e-01,3.865141427230885940e-01,-3.467491845033290332e-01,-1.172170338263550660e-01,-1.445462263729389296e-01,-1.859466464095804183e-01,-3.495017650475892301e-01,3.589302471066624922e-01,-2.009562536306358504e-01,1.974172215023012669e-02,-3.918316278654095375e-01,5.611778899861477043e-01,-2.118057107109343543e-03,-8.278296617364493126e-02,7.681755216944456677e-02,5.314804057375217827e-02,-3.469323919746190865e-02,5.904285267438222906e-01,1.715715626256758553e-01,4.049778810491978798e-02,-2.515438580812368596e-01,4.256222351311497731e-02,1.650609946825148666e-01,4.246168282765092061e-01,-2.911613566289825150e-01,2.812860270789579453e-01,-4.549667098619241123e-01,1.905268331918316405e-01,1.668081683721345937e-02,4.973770052281156206e-01,-6.206175432324947394e-01,5.445641002725769564e-01,-4.658608516913177455e-01,4.317351088073640430e-01,-6.709638500379820902e-01,7.194021180571070762e-01,-5.665043120782876640e-01,3.811877206309486343e-01,-3.997899816792528926e-01,5.149515170472317438e-01,2.218016890835158017e-01,5.230305196836320114e-01,-2.919209973635997768e-01,3.113275838956164332e-01,3.769828857410965628e-01,-1.550828902095714723e-01,-3.386299655927432206e-01,5.872156932838822341e-01,-3.692524241476384250e-01,6.785066356852406111e-01,-4.349702846418517233e-01,6.921935743330801527e-01,2.485365744671343829e-02,4.598060681889271084e-02,-2.157826533804012639e-02,2.121185039546003015e-02,2.365387193350909356e-01,-9.335090933464408602e-02,-2.994816569104964410e-01,-2.014924706197774584e-01,-1.298226015460923199e-01,4.338889137137495050e-02
-6.352383931364224967e-02,-8.069171991599266569e-02,1.661110862862505144e-01,-2.281156441306582128e-01,1.000000000000000000e+00,6.038160775727243745e-01,1.472943384422896462e-01,6.580320836498503301e-01,8.091246257652263685e-01,6.253585951114885022e-01,3.765762545243308557e-01,-4.729880691719916264e-02,2.924125296036462762e-01,1.598015997140176114e-01,3.658295723669511834e-01,1.370213146253183856e-01,-8.431118459269851262e-02,2.060190357031145281e-01,-2.332990750256937196e-01,-6.288037892667232287e-02,2.725590955806783122e-01,1.553197193797756781e-01,-4.725546271057687875e-01,-1.216586978864113711e-01,6.906787613387550540e-01,7.297466374726305771e-01,3.492202511282899158e-01,2.911300773046159307e-01,1.351490236382322796e-01,8.163903659680950275e-02,1.079136690647481966e-01,1.737879261807944997e-01,4.113231154207069168e-02,-2.809330175611064045e-02,1.751642164529246216e-03,-9.569685866213861747e-02,6.923455024800036217e-02,-1.364806291612672695e-01,2.018812279369051332e-01,4.928727825193261747e-03,-1.211716341212744075e-01,3.375039099155457967e-02,-3.992269538406542084e-01,-1.827695607489163987e-01,-2.722999240359265660e-01,-2.824880468296170344e-01,-9.039724741945573405e-02,-6.812636847044103994e-02,-3.871173868358729342e-01,-2.663076991822690975e-01,-4.316368023593547543e-01,-2.692479556727289114e-01,-8.472228428437374170e-03,-1.828723356718351956e-01,4.321462084990392721e-02,-1.550516108852048880e-01,1.683408552660976831e-01,-1.372715492202511260e-02,-2.887036954287501844e-01,-1.962017963269136189e-01,-5.093614549354305576e-02,-1.849903927789445512e-01,3.853612761964341632e-02,8.103579248402520419e-02,-2.195808570534876422e-02,-1.443540819518298324e-01,-3.022163635551186611e-01,-3.380177845301398643e-01,-1.967112024665981507e-01,-1.379194780821305644e-01,6.729523213727155173e-03,6.061039367263952593e-02,6.613789713570758511e-02,-6.427454309844050917e-02,1.853121229724295216e-01,9.134903257518209307e-02,-1.365744671343670502e-01,-2.398230483935832533e-02,1.901827606237991020e-01,1.923142231556369819e-01,1.878680906206711687e-01,2.570490191697573645e-01,9.653693194512712183e-02,-1.074266052996112469e-01,1.160194825506054850e-01,-5.354573484069886924e-02,2.134277671030877233e-01,-2.614504669556280345e-02,5.985968988784128031e-02,-1.298360069708208719e-01,-2.988516019482550731e-02,-1.094195451092542098e-01,-3.035435006032441083e-02,-2.976897984717815845e-02,3.118682693596675493e-01,5.767907413199874905e-02,2.498592430403503151e-01,-3.245453326779570297e-02,-1.107645560570177379e-01,-8.234058715760310398e-02,1.036462755261629148e-01,-1.958621922337906163e-01,-2.390634076589659950e-03,-1.963403190491085359e-01,-1.693149827963716103e-01,-2.352428616113320659e-01,-2.469636712989856653e-01,-1.871173868358729231e-01,-1.339782832119397749e-01,1.442110907547254073e-01,1.254300907100406627e-02,5.706689306939541351e-02,-1.429375754055141057e-01,-1.151794092676169667e-01,9.008445417578980416e-03,-7.684436301890164300e-02
6.997631708297958296e-03,3.751731534027436671e-02,-1.981277090129139051e-01,2.119755127574958764e-01,6.038160775727243745e-01,1.000000000000000000e+00,9.260467402475534848e-02,3.983421958085705539e-01,4.720765002904508956e-01,7.243799991063050170e-01,3.402654274096251208e-01,2.371062156485991279e-01,3.547745654408150373e-01,3.030877161624737637e-01,2.340899950846775934e-01,4.732114929174672802e-01,2.300549622413870232e-01,1.245363957281379885e-01,1.370034407256803290e-02,-3.082398677331426584e-01,2.025425622235131062e-01,2.725903749050448965e-01,-3.469994190982617632e-01,-9.123732070244425230e-02,6.490861968810045513e-01,7.351043388891371766e-01,3.346932391974619114e-01,3.493989901246704610e-01,3.930247106662496104e-01,-9.589347155815719503e-03,6.274185620447740586e-02,2.062067116493140895e-01,1.875999821261003508e-01,1.651503641807051115e-01,-8.591536708521381460e-02,9.954868403413914824e-02,2.675499352071137871e-01,1.094686983332588542e-01,1.520800750703784898e-01,4.207203181554135529e-01,1.269046874301800812e-02,5.862639081281558612e-02,-4.101300326198668578e-01,2.723982304839358409e-02,-3.368336386791188075e-01,-5.638321640823986541e-02,-1.452120291344564107e-01,1.239063407658965998e-01,-3.902140399481656696e-01,-1.506769739487912874e-01,-5.500737298360069971e-01,-7.599088431118458664e-02,-4.673443853612762044e-01,2.664283480048259545e-01,-1.726439966039590712e-01,3.218999955315250960e-01,8.438714866616023325e-02,2.024621296751418775e-01,-2.617677286742035037e-01,-1.114571696679923091e-01,-1.534429599177800640e-01,1.378703248581259200e-01,1.392376781804370231e-02,1.396621832968407972e-01,-3.536172304392510846e-01,1.274900576433263266e-01,-2.543366548996827126e-01,-2.530095178515572862e-01,-2.531793198981187598e-01,-1.840564815228562523e-01,-3.623173510880736137e-01,4.832476875642343073e-01,1.341212744090441999e-01,-1.058626390812815593e-01,1.099244827740292196e-02,1.970820858840877654e-01,5.903749050449081520e-02,3.104026095893471782e-01,-8.587961928593770833e-02,5.218374368827919385e-01,-1.770007596407346118e-01,4.461146610661780865e-01,1.123329907502569336e-01,3.053130166674113966e-01,-3.776084722284284156e-01,4.965324634702176221e-01,-7.532955002457661364e-02,3.792796818445864360e-01,-3.606684838464632170e-01,4.167255015863086109e-01,-5.073059564770543428e-01,1.755261629205951968e-01,-4.470351668975378612e-01,2.662183296840788249e-01,4.459091112203404927e-01,3.396845256713883487e-01,3.752625229009338981e-02,2.655972116716564524e-01,6.933285669600965095e-02,-1.515438580812368818e-01,-2.159703293266008184e-01,3.004245051164037839e-01,-3.180302962598864913e-01,2.396130300728361306e-01,-5.644800929442781445e-01,1.666562402252111386e-01,-2.215782653380401201e-01,-1.823495241074221396e-01,-1.312257026676795224e-01,9.893650297153581963e-02,1.454935430537557528e-01,1.361544304928727876e-02,-3.192635953349122202e-01,-2.229500871352607383e-01,-6.514589570579561173e-02,-1.276375173153402875e-01
2.712453639572813824e-01,-1.318870369542874954e-01,1.864560525492649223e-01,3.252915679878457533e-01,1.472943384422896462e-01,9.260467402475534848e-02,1.000000000000000000e+00,-3.089056704946601881e-02,1.574199025872469737e-01,-4.232986281782027960e-02,5.570937039188524897e-01,3.834264265606148747e-01,5.071942446043165020e-01,2.248804682961705048e-01,1.533133741454041632e-01,-7.126323785691943136e-02,4.126904687430180130e-01,3.489655480584476499e-01,-1.037579873989007487e-02,1.980830242638187688e-01,-8.764913535010500356e-02,-1.090218508423075189e-01,2.552884400554090716e-01,2.795031055900620842e-01,3.736985566826041966e-02,4.696367129898565765e-03,-2.121229724295098096e-01,-3.851825372000536318e-01,3.828231824478305345e-01,3.736002502345949217e-01,5.456901559497743248e-01,2.455024800035747745e-01,2.266142365610617215e-01,1.819071450913803123e-01,-1.706063720452209720e-01,1.230796729076366197e-01,9.613030072836141471e-02,1.408061128736762257e-01,-3.311273962196702447e-01,-5.772822735600339344e-02,2.706108405201304926e-02,1.396755887215693215e-01,-2.231958532552839602e-01,3.253854059609455063e-01,-3.258233165020778532e-01,5.788462397783636360e-02,1.305598999061620136e-01,2.870324858125921641e-01,-3.830421377183967357e-01,-1.799678269806515019e-01,-4.181732874569909497e-01,-2.000714955985522236e-01,-3.215157066893069571e-01,-1.109298896286697311e-01,-3.155905089592921930e-01,-4.809419545109254457e-02,-2.482818713972921032e-01,-2.939228741230617836e-01,-1.335403726708074557e-01,-4.446802806202242997e-01,2.407033379507574067e-01,2.554761160016086330e-01,4.263371911166718986e-01,4.896778229590240672e-01,-2.833817418115197051e-01,-2.698065150364180667e-02,-1.646588319406586398e-01,-2.362125206666964572e-01,-3.005764332633272251e-01,-2.435318825684793659e-02,2.592296349255999166e-01,4.681084945708030021e-01,4.303766924348719769e-01,3.936502971535814632e-01,-4.253541266365789414e-02,3.754948835962286235e-01,3.106751865588274764e-01,4.119621073327673355e-01,1.357120514768309638e-01,1.478484293310693143e-01,2.220921399526341600e-01,1.494660172483131544e-01,2.029447249653693330e-01,2.367576746056570813e-01,-2.693373251709191840e-01,-9.481656910496447099e-02,-2.451226596362661436e-01,6.612002323606952503e-02,-3.305554314312524888e-01,8.988337280486169423e-02,-1.550426739353858441e-01,-1.564100272576969541e-01,-2.275794271415166117e-02,-1.096116895303632897e-02,1.938379730997810413e-01,1.744894767415881009e-01,1.416506546315742486e-02,-1.319540640779301999e-01,3.455829125519460088e-01,1.109656374279458374e-01,1.843022476428794743e-01,1.494794226730416786e-01,9.647437329639393933e-02,2.648956611108628789e-01,1.599267170114839973e-02,3.139282362929531889e-01,4.160596988247911021e-02,2.269717145538227843e-01,-1.806202243174404587e-01,3.599758702354886042e-01,3.523526520398587714e-01,2.042182403145806346e-01,6.680816837213458814e-02,2.027391751195317116e-01,1.135484159256445746e-01,2.662317351088073700e-02
-1.875865767013718266e-01,1.463961749854774674e-01,2.146297868537468123e-01,-3.285848339961571218e-01,6.580320836498503301e-01,3.983421958085705539e-01,-3.089056704946601881e-02,1.000000000000000000e+00,5.154966709861924512e-01,6.099512936234863236e-01,2.134501094776352914e-01,-1.062692702980472803e-01,3.016667411412484942e-02,1.262210107690245331e-01,3.985879619285937620e-02,3.722239599624648128e-03,-1.957057956119576392e-01,6.557933777201840897e-02,-8.226015460923187528e-02,8.981634568121900364e-02,1.593815630725233523e-01,-1.286027078957951639e-02,-4.975065910004915493e-01,-1.810268555342061658e-01,4.449126413155189974e-01,5.512087224630233262e-01,2.809911077349300790e-01,2.077751463425532852e-01,2.089012020197506675e-02,-7.354662853568076641e-02,-1.029983466642834800e-01,2.627910094284820544e-02,3.731176549443675217e-02,1.139416417176817575e-01,3.604718709504445978e-02,-4.371955851467893700e-02,-2.520666696456499295e-02,-2.461816881898208076e-01,5.556548549979891533e-02,-2.330443719558514815e-01,-1.404709772554627034e-01,-8.617900710487511051e-02,-1.586085169131775385e-01,-1.332588587515081135e-01,-1.948121006300549685e-01,-2.739309173778989304e-01,1.344027883283435421e-01,-1.187944054694132917e-01,-2.662808883328119935e-01,-2.158362750793154372e-01,-2.450601009875329472e-01,-2.786004736583403973e-01,1.782027793913937286e-01,-2.706331828946780260e-01,1.945261182358461183e-01,-6.998078555788908584e-02,1.642700746235309928e-01,1.530229232762858049e-01,-1.920416461861566559e-01,-9.531256981992046462e-02,-1.304794673577907823e-03,-1.219491487555297432e-01,-1.510344519415523501e-01,8.311363331694893164e-02,1.137941820456678105e-01,-1.974172215023012600e-01,-1.355199070557218943e-01,-3.194959560302068624e-02,-1.571562625675856917e-02,5.832700299387819087e-02,-2.595290227445373049e-02,-5.410429420438804538e-02,-4.477858706823361484e-02,-2.109254211537602286e-01,1.986862683766030535e-01,-2.268689396309039596e-01,-2.193842441574690438e-01,-1.967424817909647350e-01,7.588810938826578978e-02,2.828544617721971341e-02,1.547879708655435817e-02,1.734572590374905132e-01,-1.850484829527682118e-01,-3.119933866571339420e-01,6.107958353813843638e-02,-1.049957549488359648e-01,3.416595915813932377e-02,-2.509003976942669190e-01,8.000804325483712454e-02,-2.296036462755261520e-01,2.395638768488314863e-01,-1.458688949461548756e-01,6.830063899191206322e-02,-2.687608919075919478e-01,2.961168953036328877e-01,7.404262925063675831e-03,3.153179319898118949e-01,8.026274632467939041e-02,-3.503731176549444021e-02,4.062290540238616687e-02,-6.430135394789758194e-03,-2.353635104338889228e-01,-2.578310022789222222e-03,-3.320970552750346361e-01,6.212073819205505415e-02,-2.507484695473434777e-01,-2.215782653380401201e-01,-2.162295008713526201e-01,-3.508646498949908460e-02,9.281916082041200000e-02,7.696054336654899186e-02,2.347111130970999660e-01,7.559765851914741763e-02,1.178873050627820690e-01,1.082130568836855988e-01,-2.015282184190535925e-02
1.274543098440502342e-01,4.090441932168550898e-02,4.834889852093480350e-02,-3.428750167567808926e-01,8.091246257652263685e-01,4.720765002904508956e-01,1.574199025872469737e-01,5.154966709861924512e-01,1.000000000000000000e+00,4.478618347557978274e-01,4.311631440189463427e-01,5.221412931766387933e-02,3.510657312659189455e-01,8.802895571741364139e-03,3.445685687474864811e-01,-9.051342776710308291e-02,-1.137182179722060898e-01,2.569462442468385399e-01,-2.626792975557442067e-01,1.708744805397917690e-02,9.120157290316814602e-02,-4.391170293578801342e-02,-5.921712319585326068e-01,-2.869475847893114273e-01,5.687296125832252969e-01,5.662630144331739501e-01,2.390768130836945227e-01,2.404084186067295126e-01,8.552214129317664559e-02,6.117342151123821709e-02,-1.002725769694803176e-02,5.768801108181777389e-03,6.546315742437106011e-02,-1.479958890030832509e-02,-3.634210643907234695e-02,-5.648152285624916114e-02,1.016041824925153075e-01,-9.285490861968810627e-02,1.981277090129139051e-01,-7.740739085750034110e-02,-4.241029536619152218e-02,7.418562044774118514e-02,-3.495777291210510063e-01,-6.936413602037624915e-02,-2.485097636176772928e-01,-1.480495107019973999e-01,-4.498413691407122939e-02,1.231913847803744605e-01,-3.369587559765852003e-01,-1.217480673846016298e-01,-2.631127396219670178e-01,-1.630769918226909199e-01,1.319540640779301999e-01,-2.567675052504579947e-01,9.346708968229143488e-02,-1.248491889718039288e-01,2.593949684972519099e-01,1.108003038562938442e-01,-1.558112516198221498e-01,-4.586442647124536198e-02,1.700835604808078882e-01,-1.264444345145002147e-01,2.199785513204343401e-01,2.256758568300638867e-01,-8.149604539970507766e-02,-2.481031324009115580e-01,-2.742303051968363325e-01,-2.219759596049868111e-01,-1.507127217480673798e-01,-5.013628848474015881e-02,-4.356763036775548360e-03,-5.500245766120023111e-02,1.538898074087313994e-01,5.317485142320926362e-04,8.802448724250414025e-02,6.333169489253318019e-02,-1.106841235086464953e-02,-2.995218731846820831e-02,2.838241208275615324e-01,1.642656061486214847e-01,2.676124938558470112e-01,1.198266231735108794e-01,1.565128021806157510e-01,-2.054381339648777838e-01,1.464497966843916199e-01,-1.483488985209348021e-01,1.765315697752357083e-01,-1.860851691317753354e-01,1.478573662808883304e-01,-2.153715536887260418e-01,-6.233075651280218371e-02,-1.879932079181375337e-01,-5.528844005540908824e-02,-1.377541445104785711e-01,1.933821886590106898e-01,-4.876893516242906262e-02,2.956343000134054044e-01,-1.622458554895214178e-01,-1.294293757540551371e-01,9.018276062379909641e-02,2.146342553286563204e-01,-2.334331292729791285e-01,8.487421243129719683e-02,-3.011305241521068932e-01,-1.851512578756870364e-01,-4.582689128200544970e-01,-1.592698511997855115e-01,-8.251932615398364923e-02,-2.035390321283346016e-01,2.793601143929576591e-01,1.317261718575450102e-01,1.472719960677420781e-01,-1.754725412216810443e-01,-1.682559542428169186e-01,-1.012020197506590946e-01,-2.668349792215916616e-01
-2.413646722373653797e-01,-1.072121185039545954e-01,-2.255864873318736419e-01,-1.394432280262746238e-01,6.253585951114885022e-01,7.243799991063050170e-01,-4.232986281782027960e-02,6.099512936234863236e-01,4.478618347557978274e-01,1.000000000000000000e+00,3.042450511640377164e-01,2.470441038473568940e-01,2.648911926359533431e-01,4.821395057866750267e-01,3.422404933196299820e-02,3.224004647213906116e-01,1.366504312078287708e-01,3.035881853523392238e-01,-3.237722865186111743e-01,-4.391706510567943145e-01,1.845971669869073684e-01,2.355243755306314080e-01,-4.758970463380848281e-01,-2.879217123195852990e-01,4.717949863711515257e-01,6.788685821529112374e-01,1.989230975468072871e-01,2.342508601814200786e-01,3.291791411591223904e-01,1.804236114214218811e-01,-9.375754055140980703e-02,-2.459001742705214585e-02,1.447204968944099390e-01,1.076366236203583765e-01,-3.671745833147146976e-02,8.776084722284284434e-02,7.094150766343447490e-02,2.102864292416998029e-02,2.976004289735913189e-03,2.006434603869699240e-01,-1.097278698780106282e-01,4.867062871441976690e-02,-3.954376871173868602e-01,7.297466374726306604e-02,-2.397604897448500916e-01,-8.926672326734885754e-02,2.332543902765985954e-03,1.121721256535144623e-01,-2.280396800571964921e-01,-7.737611153313374290e-02,-3.056660261852629512e-01,-1.244827740292238222e-01,-1.456320657759506698e-01,6.241565753608293438e-02,4.249519638947226938e-03,1.743956387684883202e-01,-2.993878189373966542e-04,1.970597435095402042e-02,-2.139997318915054236e-01,-2.133160552303498825e-01,-6.572232896912283406e-02,-2.506814424237007941e-03,-2.682425488180883999e-02,1.168997721077796176e-01,-1.306135216050761938e-01,6.082041199338665549e-02,-2.065284418427990598e-01,-1.336565530184548045e-01,-4.088520487957459926e-01,-2.769739487912775133e-01,-3.345368425756289343e-01,2.187318468206801148e-01,2.585638321640824078e-01,8.245229903034094476e-02,2.767728674203494554e-01,2.449260467402475661e-01,8.542383484516734293e-02,2.210643907234460803e-01,7.245185218284999618e-02,4.824880468296170455e-01,-3.030519683631976297e-02,5.814558291255194078e-01,-1.940658653201662170e-02,1.957996335850574199e-01,-2.207113812055945257e-01,2.479556727288976248e-01,-6.378747933330354558e-02,1.783278966888600936e-01,-1.725054738817641542e-01,8.171946914518074534e-02,-2.408776084722284161e-01,-4.397426158452120287e-02,-2.085437240269895909e-01,4.350954019393181438e-02,3.000402162741856449e-01,1.078645158407435523e-01,7.088341748961080047e-02,1.499352071138120579e-01,-1.002189552705661513e-01,-7.534295544930515176e-02,-1.787881496045399810e-01,8.350685910898610065e-02,-2.019080387863622095e-01,-1.237365387193350846e-01,-1.223557799722954503e-01,4.558738102685553489e-02,-2.620269002189552499e-01,-2.604942133249921743e-01,-1.164529246168282822e-01,6.525760757853345251e-02,3.036775548505295241e-02,1.212654720943741882e-01,-7.636623620358371813e-03,4.365699986594574929e-03,2.018991018365431933e-01,-6.951606416729970428e-02
3.385674069440099965e-01,3.123463961749854689e-02,-9.493274945261181985e-02,-4.967156709415076338e-02,3.765762545243308557e-01,3.402654274096251208e-01,5.570937039188524897e-01,2.134501094776352914e-01,4.311631440189463427e-01,3.042450511640377164e-01,1.000000000000000000e+00,6.050136288484739833e-01,7.346708968229143100e-01,3.651235533312480186e-01,1.304169087090575885e-01,7.957906966352383538e-02,4.442244961794539759e-01,5.552929085303186518e-01,-1.583895616426113651e-01,1.291031770856606586e-01,-1.671209616158005409e-02,6.503418383305777095e-02,-2.413736091871844236e-01,-2.497430626927029870e-02,1.250860181420081207e-01,2.334063184235220523e-01,-5.567719737253675263e-03,-4.940345859957996633e-02,5.179498637115153015e-01,4.723892935341167942e-01,2.551856651324903025e-01,1.479020510299834668e-01,1.987622324500648019e-01,1.273425979713123934e-01,-3.105500692613610836e-01,-9.377541445104785323e-02,2.119844497073148926e-01,1.040618436927476659e-01,-7.839492381250279252e-02,1.165378256401090329e-01,2.135484159256445871e-02,2.328701014343804443e-01,-3.376960543366548939e-01,3.053532329415970525e-01,-4.803565842977791656e-01,-3.604271862013494476e-02,2.127887751910272907e-01,3.879887394432280368e-01,-5.044684749095134091e-01,-8.185352339246615427e-02,-4.225300504937664625e-01,-2.868403413914830669e-01,-1.718083917958800610e-01,-1.458286786719692474e-01,-1.409982572947852952e-01,1.469368604495285835e-01,-7.023102015282184363e-02,-4.269180928549086429e-02,-1.488851155100764101e-01,-2.841547879708655189e-01,2.609231869163054496e-01,2.395951561731980983e-01,5.348585727691138603e-01,6.410027257696947478e-01,-4.591045176281335349e-01,-3.957147325617766387e-01,-4.554895214263371961e-01,-3.449037043657000035e-01,-4.252245408642030267e-01,-3.112739621967022807e-02,-3.537244738370794173e-02,3.465525716073104001e-01,4.956789847625005518e-01,3.892577863175298303e-01,2.399615711157781772e-01,4.766924348719782101e-01,2.995710264086867136e-01,4.221100138522722034e-01,1.232047902051029986e-01,2.897225077081191924e-01,2.283569417757719267e-01,2.555118638008847531e-01,2.628222887528486318e-01,3.381518387774252732e-01,-2.238080343178873166e-01,-7.330979936547656062e-02,1.268153179319898155e-02,2.918584387148666082e-01,-2.237499441440636283e-01,2.615845212029134503e-02,-2.534206175432324737e-01,-2.905402386165601425e-01,-1.558425309441887618e-01,-8.142901827606237319e-02,1.109656374279458374e-01,7.098172393762008925e-02,8.038786362214575543e-02,4.121274409044193426e-02,2.568479377988292511e-01,1.901648867241610419e-01,1.963984092229322242e-01,1.696635238393136291e-01,1.034541311050538454e-01,1.570356137450288347e-01,-2.168327449841369048e-01,2.018856964118146552e-02,-2.499218016890835184e-02,-5.433665489968274136e-03,-1.932302605120872208e-01,3.721971491130077192e-01,2.928951248938737040e-01,3.461012556414495567e-01,3.146253183788372959e-02,2.094150766343446934e-01,2.343178873050627831e-01,-1.515081102819607617e-01
1.973814737030251676e-01,4.372849546449796704e-02,-5.015773716430582674e-01,2.495643236963224487e-01,-4.729880691719916264e-02,2.371062156485991279e-01,3.834264265606148747e-01,-1.062692702980472803e-01,5.221412931766387933e-02,2.470441038473568940e-01,6.050136288484739833e-01,1.000000000000000000e+00,4.187363152955896339e-01,5.237186648196970884e-01,-2.049734125742883883e-01,3.046382769560748716e-01,6.363778542383484726e-01,5.759685419366370462e-01,-5.645471200679208490e-02,-1.950712721748067424e-01,-2.056749631350819896e-01,1.232896912283837493e-01,-9.756914964922472344e-02,-1.759417310871799478e-01,-1.317395772822735622e-01,1.618481612225747268e-02,-3.438133964877786997e-01,-2.535323294159703145e-01,6.929621520175164306e-01,5.313686938647839142e-01,1.340363733857634354e-01,-7.261271727959248135e-02,1.722775816613789646e-01,1.463872380356584235e-01,-4.195808570534876325e-01,-8.266678582599758240e-02,3.524286161133205475e-02,1.937798829259573807e-01,-2.923946557040082439e-01,3.127038741677465317e-01,-6.228607176370704740e-02,1.662674829080834638e-01,-2.117118727378345666e-01,5.018097323383529096e-01,-3.107556191071987328e-01,2.196925689262254899e-01,1.679878457482461285e-01,4.922784753563608784e-01,-1.803253049734125646e-01,2.393627954779034006e-01,-1.695652173913043403e-01,8.217525358595111074e-02,-4.185128915501139524e-01,2.140086688413244675e-01,-2.780195719201036808e-01,4.385316591447339096e-01,-3.153358058894499272e-01,2.152464363912596698e-02,4.936324232539434503e-02,-3.581035792484025398e-02,1.962375441261897391e-01,5.058179543321864591e-01,4.274945261182358514e-01,6.674024755350999039e-01,-6.625229009339113073e-01,-4.375083783904553519e-02,-3.222976897984717870e-01,-1.126189731444657977e-01,-4.919790875374234762e-01,-2.957147325617766609e-01,-2.881317306403324285e-01,4.777023102015282019e-01,6.109656374279458513e-01,4.200723892935341319e-01,1.468698333258858790e-01,3.996961437061530842e-01,3.985119978551320274e-01,5.805353232941596886e-01,-1.379641628312257007e-01,4.676169623307565026e-01,-1.480584476518164438e-01,4.334912194468028002e-01,2.275794271415166117e-02,6.271772643996603724e-01,-5.941016131194423178e-01,2.813128379284150493e-01,-2.630948657223289855e-01,5.113275838956163888e-01,-5.051208722463023104e-01,3.614906832298136474e-01,-4.663076991822691086e-01,-9.343581035792483669e-03,-3.672773582376335222e-01,2.566870727020867937e-01,8.637562000089369155e-03,2.038965101210956851e-02,-1.648331024621296770e-01,2.214308056660261870e-01,4.296662049242593318e-01,3.126055677197372429e-01,-3.209705527503463329e-02,5.839849859243040342e-01,-1.138165244202153786e-01,3.954689664417534445e-01,-2.834666428348004974e-01,3.411546539166182557e-01,2.326288037892667096e-02,-1.931274855891684100e-02,-2.064435408195182953e-01,2.296617364493498403e-01,1.955136511908485697e-01,3.092229322132356018e-01,3.890254256222351603e-02,1.019661289601858922e-01,1.989633138209928875e-01,-2.039948165691049531e-01
1.921310156843469286e-01,-9.513829929844944133e-02,-8.543724026989588452e-03,7.395772822735600938e-02,2.924125296036462762e-01,3.547745654408150373e-01,5.071942446043165020e-01,3.016667411412484942e-02,3.510657312659189455e-01,2.648911926359533431e-01,7.346708968229143100e-01,4.187363152955896339e-01,1.000000000000000000e+00,4.435006032441127788e-01,2.862505027034273342e-01,1.275168684927834029e-01,4.520532642209214025e-01,4.434648554448366586e-01,-2.546315742437106344e-01,2.992537646901112514e-02,1.807051253407212024e-02,2.172304392510835958e-01,-5.474775459135797218e-02,1.912998793511774542e-01,2.202868760891907585e-01,2.681040260958934551e-01,-2.967067339916886187e-03,-9.639394074802269674e-02,4.182492515304526703e-01,4.332186424773225020e-01,3.445149470485723286e-01,3.254166852853121461e-01,2.436569998659457448e-01,1.415925644577505638e-01,-8.440949104070780140e-02,1.604629340006255844e-01,2.071808391795880167e-01,8.405201304794673867e-02,-1.007730461593458193e-01,1.682023325439027661e-01,8.490996023057330311e-02,1.943607846641940973e-01,-4.823227132579650522e-01,2.389874435855042778e-01,-4.972697618302873157e-01,2.350864649894990679e-02,-3.727154922025113087e-02,3.844094910407078181e-01,-4.887751910273023803e-01,-1.838017784530139864e-01,-5.239465570400821948e-01,-2.806246927923499723e-01,-3.561597926627642074e-01,3.897850663568524360e-02,-3.849188971803923498e-01,8.938737208990571448e-02,-1.109522320032172993e-01,-1.325304973412574361e-01,-2.664238795299164186e-01,-3.534876446668752115e-01,1.342374547566915488e-01,1.862951874525224649e-01,4.271727959247508810e-01,4.604629340006256011e-01,-3.927342597971312244e-01,-6.567764422002769775e-02,-3.995665579337772111e-01,-4.560391438402073283e-01,-4.336520845435453131e-01,-1.324411278430671635e-01,-6.999419098261763783e-02,4.293846910049600174e-01,4.969078153626167449e-01,4.435363510433888989e-01,3.127843067161177881e-01,4.726797444032351803e-01,3.826131641270834050e-01,5.281647973546628183e-01,2.092139952634165800e-02,3.814692345502480042e-01,1.848027168327449898e-01,2.932168550873586743e-01,2.997408284552482427e-01,4.139461101925912545e-01,-2.395638768488314863e-01,7.584789311408016155e-02,-8.128155860404844002e-02,3.063050180973233561e-01,-3.158184011796773549e-01,7.821171634121273919e-02,-3.281692658295723430e-01,-9.717592385718754056e-02,-1.784530139863264586e-01,1.572813798650520567e-01,9.348943205683900304e-02,7.714375083783904519e-02,-7.666115554761160356e-02,-1.315116850618883726e-01,1.048125474775459115e-01,9.596496715670942146e-02,-4.676258992805755466e-02,1.479958890030832475e-01,-1.104785736628088877e-01,2.799052683319183318e-02,-3.309218463738325955e-01,6.174091782474641632e-02,-2.153804906385450579e-01,-1.033647616068635727e-01,-1.436748737655837993e-01,3.254077483354930744e-01,2.104785736628088932e-01,1.002770454443898257e-01,-5.813932704767862947e-02,4.614594039054470409e-02,2.882345055632512532e-01,-1.632065775950667930e-01
