1.000000000000000000e+00,5.469018628321715703e-01,6.448175639114224200e-01,2.456659870453367644e-01,3.606460436221001209e-01,1.136444065946861648e-01,4.739045957775195328e-01,-3.961971647689781911e-02,2.557027687909970148e-01,1.804588699716202782e-01,4.742653354307985181e-01,2.195557422674998815e-01,3.162613672946124055e-01,1.206856793207135292e-01,2.419444323944208719e-01,1.967378176164241432e-01,-1.264438147990017969e-01,-2.089390372817582220e-01,4.894209671932400196e-01,5.263488352447207586e-01,5.910422407868690803e-02,-4.079326193123571781e-02,2.226083303461958915e-03,1.966875880444486080e-01,4.245083780642892879e-02,1.804132067243697790e-01,3.164074896858140029e-01,2.926397694919278814e-01,2.497551308366191894e-02,-1.800342017721906218e-01,2.097107461602917000e-01,2.916032137793415080e-01,2.643239898718917624e-01,1.566454865304836297e-01,2.784658975453721541e-01,1.872855254355703103e-01,-3.638219224683725272e-02,7.120955092479491766e-02,-7.705901289758418371e-02,-1.669425487854717949e-01,-1.855274904164259941e-01,-7.322786645326709309e-02,-3.377093945281730569e-01,-2.666117185591418970e-01,-2.834066608978764168e-01,-2.947128809171006836e-01,-3.312982746142026369e-01,-3.845735851813629758e-01,-3.834137387012002685e-01,-3.436821472685386847e-01,-3.733906559297151539e-01,-3.284351890115961847e-01,-3.685138211233615624e-01,-4.099395190290167079e-01,-8.883556436348857832e-02,2.076741653329193249e-01,3.568422951261333020e-01,3.835141978451513389e-01,2.273344764366228357e-02,1.160691250236878108e-01,1.784314217936980029e-01,7.542883497074127919e-02,2.147793666050973882e-01,-3.199395418606403030e-02,2.143181678078673325e-01,1.829794812198480003e-01,8.936525803159439674e-02,1.539056916954535392e-01,3.610387475484543862e-01,4.438536127619643334e-01,4.272367570875067466e-01,3.876512880460468158e-01,2.081033998570740451e-01,2.998088993102566713e-01,-2.108934242640796985e-01,2.992061444465500264e-01,4.271636958919059479e-01,4.266842317957756925e-01,-1.024158140957877883e-01,-3.853293119233588276e-02,-1.969707001774017030e-01,1.153111151193294825e-01,-2.896305614981198318e-01,-3.038592293413761580e-01,6.002662167314704034e-02,9.331284575640027418e-03,1.732532095554911167e-01,6.652450175689343659e-02,-2.936580599056140550e-01,-1.316676902844592101e-01,-5.609798419595012353e-01,-4.673336544981723240e-01,-5.168097828940909633e-01,-1.615268876615622851e-01,8.481263228071937721e-02,-1.786232074321501273e-01,-2.975577012208069361e-01,-2.769772756850057971e-01,-4.663359125457488402e-02,9.906869807232601688e-02,-9.949793259648073707e-02,1.490471221880001473e-01,1.945277164494998712e-01,3.763678996504478680e-01,-1.269324115445821799e-01,-1.459968172716666346e-01,-2.778585763569404454e-01,-1.037994104874779971e-01,2.333414766124263517e-01,1.757327238811933756e-01,5.322279783282228560e-02,-5.183440680017078472e-01,2.148387288265230510e-01,2.622668605832566627e-02,-1.377591674676761357e-01,-7.408861866393904629e-03
5.469018628321715703e-01,1.000000000000000000e+00,2.686117687887138450e-01,1.053428282445449532e-01,3.415405409724902031e-01,1.070506336917137202e-01,-7.982163935623953765e-02,-5.274105057432949741e-04,-6.752909319640447439e-02,1.272566206000607381e-01,6.336003872243366197e-02,2.711917422583672299e-01,-1.873311886828208095e-01,5.599912326565278931e-02,-2.421225190586978326e-01,3.590478299683325103e-01,5.264287459274091113e-02,1.906509067579322814e-01,1.367089127809145988e-01,4.285107616857957713e-01,3.795757427697955821e-02,-1.072652509537910803e-01,-2.844751808835381812e-01,-8.103171540837783571e-02,4.732995577514503491e-03,1.618373977428656796e-01,5.048300299779218125e-02,1.596866587973670704e-01,9.111872672601366296e-02,7.778049220414211262e-02,3.048866524045124593e-01,2.394238211461931776e-01,7.944720072878543038e-02,1.425401094548036651e-01,-1.796323651963862011e-01,-1.308480349963126940e-02,1.259186874556210423e-01,4.349218815997661913e-01,-2.733698791522161664e-01,-3.687421373596140306e-01,7.146298194703519730e-04,-3.890280349506494706e-02,-3.157636378995819504e-01,-2.108797252899045349e-01,1.683763747491375251e-01,2.145510503688448922e-01,7.513887335070058848e-03,-7.917778757000747125e-02,7.249040501017148773e-03,1.051008130341172936e-01,-4.846468746932000582e-02,-1.542070691273068617e-01,-7.594482966467194784e-02,-3.674453011376997980e-01,1.345536075106908980e-01,4.183438396854715496e-02,6.953987428908031676e-01,8.371328960316355428e-01,2.474377210386562165e-01,4.326569845361413202e-01,-5.545116429864677121e-02,2.170214320450970236e-01,1.552322090280806172e-02,1.966556237713732447e-01,-2.872926032388941064e-01,-1.741390765521508566e-01,1.061875983186792299e-01,2.850459714741694350e-01,7.346645692015095763e-01,5.314037567153513386e-01,3.465315338969700010e-01,1.142836920561931952e-01,5.129580879885111550e-02,2.048978399000888073e-01,-1.990164136542242057e-01,1.559057419250255150e-01,3.610113496001041145e-01,3.946879944473491442e-01,-4.989394710826070695e-02,-8.187648548251211245e-02,-1.582231517229884706e-03,3.491526042891487935e-01,-3.739660128450714716e-01,-2.144505912248937662e-01,-1.889065707129631011e-01,-1.651388505190769518e-01,-3.040943950647162497e-02,-2.518853213208551156e-01,-3.021925208167328680e-01,-3.296817956615348821e-01,-2.860642618878556087e-01,-5.918253654772152039e-01,-2.757215363856169721e-01,-4.227526262075074759e-01,-3.649635036496350071e-02,-1.921714928913739739e-01,-4.309468959266100213e-02,5.828913511526544883e-03,2.557210340898972145e-01,1.990940411745500405e-01,2.553557281118932210e-01,-1.470128245229903111e-02,5.080698373703449455e-01,4.407119813511298223e-01,2.459582318277399593e-01,-1.561705887590784381e-01,-1.832237795926381849e-02,3.382505040080915210e-02,1.063565523335060908e-01,1.930619262127587776e-01,5.892157108968489737e-02,-1.604172707533750852e-01,3.967930701455972820e-01,1.960551520700291525e-02,-3.285310818308222469e-01,9.828329021961738909e-02
6.448175639114224200e-01,2.686117687887138450e-01,1.000000000000000000e+00,3.018409138129039548e-01,4.801878585991885551e-01,2.183274009164613838e-01,7.116959558345072878e-01,-3.444607056341597584e-02,3.741806301071488039e-01,1.205212916306117321e-01,3.451251058816545703e-01,1.425857727020541643e-01,4.032270216831929655e-01,1.509193153252707253e-01,4.601051624584179267e-01,1.623351271378961624e-01,-1.112699177376600818e-01,-2.638171278274111797e-01,5.152526661628488158e-01,4.055923778907689625e-01,1.895778204475454809e-01,7.231460150825705369e-02,2.007698823486434581e-01,4.493697330298249693e-01,1.963040167675443870e-01,3.359285278854035051e-01,4.630458755813502414e-01,2.890871688558388497e-01,-8.636518268723643310e-02,-1.087995360614079365e-01,2.572827171458643702e-01,4.039804652628262160e-01,4.007201094091404348e-01,2.664290655701399002e-01,4.419768532999687194e-01,4.344652491272611994e-01,3.294603289123699489e-03,1.967378176164241432e-01,-1.537778346031521415e-01,-2.104596234151999146e-01,-1.515312028384274423e-01,-1.201422866784325610e-01,-3.957473817835607810e-01,-3.325677128877665978e-01,-3.494813796693524433e-01,-5.474635207733528075e-01,-3.180148359890316856e-01,-4.069942395813593294e-01,-6.358949653986744055e-01,-5.851174344561165253e-01,-6.588864103893020685e-01,-6.744484450522729713e-01,-5.642995600346127905e-01,-5.918984266728160026e-01,-1.965003687307215474e-01,9.373979711819246941e-02,9.999109566678615613e-02,1.570244914826628146e-01,-1.212930005091452101e-01,-1.653694499176919935e-02,1.206445823981880799e-01,7.721426793823589485e-02,2.520451426862318489e-01,-1.296676400548872343e-01,4.250449212194826742e-01,3.682672395882088390e-01,2.722054663473283398e-01,3.151106534638997703e-01,2.924479838534757570e-01,3.966286824554954848e-01,3.623858133423442096e-01,4.640230690725109519e-01,2.268390302039549056e-01,2.804157182029685669e-01,-2.175145951154024426e-01,2.494880008402037552e-01,3.989392427663708274e-01,3.133571847694804902e-01,-7.280776457856247275e-02,-7.917322124528242133e-02,-1.014865670142400811e-02,1.998246531305580831e-01,-2.266746425138530807e-01,-2.769133471388550705e-01,4.330930685473836222e-02,-3.887083922198959068e-02,8.960727324202205635e-02,1.180646089285347367e-01,-3.532166332944434717e-01,-1.585405112913794712e-01,-4.754251819109612254e-01,-4.283144097226185831e-01,-4.989097899718942797e-01,-1.595405364061654452e-01,2.734429403478169651e-01,1.086214493971309758e-01,-6.678249910385877612e-03,-1.048085682517140849e-01,1.565130631134571959e-01,3.200285851927788250e-01,2.472893154850920941e-02,1.812168798759786204e-01,2.377708115957249957e-01,4.860829838192283203e-01,-3.916308400439280635e-02,-9.448867437310069783e-02,-1.839018788143081118e-01,-8.114130720177903378e-02,2.820321971556363216e-01,9.318270550173635147e-02,2.624335314357210125e-01,-3.632488487153787138e-01,1.748057599620081726e-01,9.084018091778560400e-02,2.099367792341816710e-02,8.901821735249058898e-02
2.456659870453367644e-01,1.053428282445449532e-01,3.018409138129039548e-01,1.000000000000000000e+00,5.015422761758856623e-02,-4.984371753628515783e-02,3.819662137633593746e-01,6.464797061113406462e-01,2.002538876547128033e-01,-8.979449255574911692e-02,1.881896577311302221e-01,1.247771062743584930e-01,6.591261424373671962e-02,1.076625212048704372e-01,2.442983727901842450e-04,-5.979373911216948057e-02,-4.293555317599300203e-01,-3.710161670726890293e-01,2.540771571888791880e-01,2.804659477749441021e-01,-1.963177157417195506e-01,-3.454675802360333003e-01,2.397251985780464723e-01,3.549107397674370890e-01,-5.933710663966446780e-02,-3.889823717033989714e-02,5.116338538182466089e-02,-6.039192765115105471e-02,-2.219758943717764499e-01,-2.963339261944934466e-01,3.443693791396587600e-02,6.234174830874748136e-02,3.301681092447527471e-02,1.147311918792481150e-01,8.592224918890657703e-02,-8.829217172120761015e-02,-4.613517691083566241e-01,-3.233574359173403967e-01,-5.243282365538860790e-02,-2.740730931598738818e-01,-1.226537652772101555e-01,-1.684905328672637870e-01,6.711355764642490396e-02,-5.957912185009212741e-02,-8.199977625008847415e-02,-4.486185726125541812e-02,-1.020550744425088308e-01,-2.372456842523442411e-01,-5.267255570345373561e-03,-2.513990077376372298e-02,5.072501820821984087e-02,6.034398124153802535e-03,1.111329279959085703e-01,4.667925450182539016e-02,5.286205817954332115e-02,-6.562493578605856082e-02,1.005573199326923739e-01,3.988912963567578518e-02,1.340969750381858783e-01,1.654356616262052382e-01,3.311384532488259036e-01,2.851190326697702337e-01,-3.784798248357835321e-02,-3.857402811486133204e-02,4.402621983657124122e-02,2.170077330709218599e-01,8.855701855526051935e-02,8.572589722572941662e-02,1.030322679336695690e-01,1.329416948827482070e-01,1.653762994047795754e-01,5.639411035436962816e-04,9.870795841904705936e-02,1.137494320633623268e-01,8.041526157049606882e-02,6.941498530785020216e-02,1.026121660589649487e-01,-3.236839281351814451e-02,-1.362888109062099784e-01,-2.984846651399921114e-01,-2.520223110626065854e-01,-2.965120128587704351e-01,-2.522780252472093809e-01,-3.296954946357100180e-01,-1.242839432040530739e-01,-1.755820351652667144e-01,5.410866482948201855e-02,-1.040048951001052574e-01,-3.029756455070789414e-03,-1.191422615636465732e-01,3.334558630467888279e-02,7.516398813668836998e-02,1.809520330419256973e-01,-2.885688909995456561e-02,-1.498736269632342244e-01,-4.112317889262059323e-01,-1.675042067266529489e-01,-2.491729244341752969e-01,3.345974442280513772e-02,-1.365559409026254056e-02,4.529565811013518822e-02,-6.390571452707716205e-03,-1.298822573169645944e-01,-8.067554207982392811e-02,8.336510734287846947e-02,-2.782489971209322482e-02,-3.594222685957866315e-01,-1.863311635680348077e-01,-5.214514519771044215e-02,1.371244483308941553e-01,5.058346214174328642e-02,-1.677964515090561715e-01,-7.643342641025231698e-02,4.063869183929276763e-01,4.299719855978118010e-01,1.609697960451061671e-01
3.606460436221001209e-01,3.415405409724902031e-01,4.801878585991885551e-01,5.015422761758856623e-02,1.000000000000000000e+00,6.873711440241649928e-01,3.208139930454874666e-01,-1.307589916641742067e-01,3.651804040740749269e-01,2.568580489464347139e-01,2.378347401418757223e-01,2.672510040206489412e-01,3.155627196116797539e-01,1.817968031160600018e-01,2.242407914354013487e-01,4.121724518195662434e-01,2.612919502544584494e-01,2.088157465141818603e-01,2.287066570165004198e-01,3.294580457500074222e-01,3.697421624744000601e-01,-3.945989511152106499e-02,2.064047270593553640e-01,3.911216948370849766e-01,6.593019459392815973e-01,7.414957909901847000e-01,6.372237658936640292e-01,6.119902554630367586e-01,3.136676948507839402e-01,3.053569838511925871e-01,7.001705522284805694e-01,7.612908086732771418e-01,2.923657900084248862e-01,2.643468214955170259e-01,2.196288034631006802e-01,3.015669343294009597e-01,3.414629134521643405e-01,4.470820043425748347e-01,-2.963887220911940457e-01,-4.927224199694512641e-01,-1.948245275566281298e-01,-2.942288504962453644e-01,-1.305946039740724096e-01,-1.078588731680475976e-01,-1.462753630798946936e-01,-2.509400921027696851e-01,-1.836278993308051166e-01,-1.533714317026226570e-01,-2.746210521268798721e-01,-2.560315441712006646e-01,-2.628034037384500698e-01,-3.533673220103701329e-01,-2.582736096112002722e-01,-3.481571454990878833e-01,-1.715499704330473996e-01,-3.855576281596113236e-02,2.492414193050510318e-01,2.498989700654582757e-01,-2.422229782026489309e-01,-2.236654345200450311e-01,-1.152471865731787837e-01,-6.391713033888979378e-02,9.031961989912988542e-02,-1.203477712910598213e-01,2.438257581811415220e-01,1.665407122096673742e-01,-1.723559267470187520e-02,1.423894207388770039e-01,2.045964624682355126e-01,2.185100539054633806e-01,4.679683736349543044e-01,1.889111370376881649e-01,3.524129601428346303e-01,2.973567829329046841e-01,-3.005486439157147860e-01,-9.952304738246851162e-03,2.323574336341780247e-02,6.846975608976481331e-02,2.001260305624113778e-01,-3.408076458541196146e-02,1.981122813586642661e-01,2.839683188390575985e-01,-2.103500316217987165e-01,-2.847263287434159129e-01,7.956820833399925325e-03,-8.403635707746084926e-02,-1.888517748162625021e-01,-3.287046021703741161e-01,-2.923886216320500941e-01,-3.518969654489039756e-01,-3.378372516204745102e-01,-4.064462806143533391e-01,-2.540040959932783893e-01,-1.192107564345223220e-01,3.313302388872779725e-01,1.707554299308886858e-01,8.497245364609613827e-02,2.123569313384582671e-02,1.928473089506814175e-01,1.718467815401756582e-01,2.343369354024872897e-01,2.126834235562993503e-01,4.572101125827360835e-01,4.164739297105635174e-01,2.378826865514887395e-02,-2.130578621837534714e-01,6.204950352634426569e-02,9.009586998760242549e-02,2.044914369995593506e-01,-6.364315085538678474e-02,2.395608108879446752e-01,-3.255584044348145967e-01,8.095408788805198708e-02,-1.005984168552178232e-01,-3.824959074314651652e-01,1.537595693042519418e-01
1.136444065946861648e-01,1.070506336917137202e-01,2.183274009164613838e-01,-4.984371753628515783e-02,6.873711440241649928e-01,1.000000000000000000e+00,1.625360454257983589e-01,3.575203943478032220e-02,2.109984497327558328e-01,3.638744352027105666e-01,6.828253677603775273e-02,3.097178239636155239e-01,1.143750185506941935e-01,-1.892056649824538916e-02,-1.755066908073033699e-02,3.118822618832893245e-01,1.757829534531689109e-01,5.281639493229282195e-02,5.394427713938021451e-02,1.766962183981789503e-01,3.005212459673644587e-01,-4.983001856211000807e-02,1.439008742228686244e-01,6.332350812463326262e-02,6.169264524908160130e-01,7.308516880560926854e-01,6.550917945427853217e-01,7.521490265737267311e-01,2.888999495421117891e-01,1.961350627527175261e-01,5.281799314594658457e-01,6.139400761206331714e-01,2.825755897979173037e-01,3.610204822495541865e-01,1.041053542440563556e-01,1.316220270372087109e-01,2.102678377767478179e-01,2.449719056871291212e-01,-3.183299123950601439e-01,-3.821123361545609720e-01,-3.215126407284201182e-01,-5.165084054622376408e-01,6.057001431542801545e-02,1.198865724938297517e-01,-3.815849256488176855e-02,-5.844210699355463501e-02,-1.299142215900399300e-01,-3.612647806223443642e-02,-1.002742077997392650e-01,-4.988481445881060711e-02,-9.984953960030959474e-02,-4.973869206760900274e-02,-1.960574352323916913e-01,-1.211012148706930996e-01,-3.140056028804376620e-01,1.037080839929769988e-01,7.401784063070077080e-02,-5.641465881563235280e-02,-1.166947115110196775e-01,-1.569285986634367525e-01,-1.636799097694234192e-02,1.665110310989545428e-02,9.659831639607387166e-02,-8.673733815232802583e-03,1.510289071186719234e-01,6.447878828007096164e-02,-5.631876599640630449e-02,1.367271780798147984e-01,2.782489971209322482e-02,6.419110982239280283e-02,1.863585615163851072e-01,2.446865103918135012e-02,3.556961476201457306e-01,2.752055416916863173e-01,-1.989433524586233792e-01,5.952204279102899648e-03,-2.299030340944635542e-01,-2.810801184504633718e-02,1.569788282354123155e-01,-9.294525661603374178e-02,1.036715533951765855e-01,2.019913742125943948e-02,-3.035669845589729632e-01,-3.850073860302427597e-01,-1.341517709348865051e-01,9.015979853375312436e-02,-4.143003591414396447e-01,-3.090054773065076810e-01,-2.602508282171470122e-01,-2.217064812129984908e-01,-1.707371646319884861e-01,-2.286016315478242578e-01,-1.473119187924810947e-01,-1.447753254077157117e-02,2.072631961076648044e-01,2.666345501827671605e-01,1.335627150453550238e-01,8.892232453326454067e-02,4.339150069978926078e-02,6.997892641139389323e-03,7.216391279233040634e-02,1.850891232428211741e-01,2.689040135711170953e-01,2.084002109642023037e-01,-5.554249079314777654e-02,-7.758414024096495221e-02,2.845961884887520180e-02,2.464468285733203423e-01,1.226058188675971253e-03,-1.034249718600238760e-01,2.600955731764952872e-01,-1.183979506334633947e-01,2.482482436773526119e-02,-2.154140857418793686e-01,-3.378052873473991191e-01,2.121674288623686955e-01
4.739045957775195328e-01,-7.982163935623953765e-02,7.116959558345072878e-01,3.819662137633593746e-01,3.208139930454874666e-01,1.625360454257983589e-01,1.000000000000000000e+00,1.260100139501220406e-01,5.161841964067590549e-01,-1.749838466262851333e-01,6.325250177515873151e-01,1.087675717883325871e-01,6.850240531154891954e-01,1.446086545552513758e-01,3.856512378164748678e-01,-5.219537476968599821e-02,-1.806917525325978380e-01,-3.376911292292728572e-01,3.581482639974976623e-01,9.747048441855846179e-02,3.937770126647015950e-02,-1.778423659041665494e-01,3.630205324791261901e-01,3.174851423209258949e-01,4.444175538655080471e-02,1.317681494284103083e-01,4.749594167890061058e-01,2.506524136450915541e-01,-4.111290466198922605e-02,-1.961396290774425899e-01,9.629237263949551318e-02,1.904636874442052208e-01,3.420839336147711296e-01,1.589012509446584287e-01,3.815141476155793909e-01,2.264097956798001854e-01,-3.064232206744918127e-02,-8.158880702483395364e-02,-1.731664493857151543e-01,-2.556799371673718069e-01,-2.155967387308813654e-01,-1.487959743281223879e-01,-7.683982931078177370e-02,-1.367819739765153975e-01,-5.062022105577993480e-01,-5.767108306372991100e-01,-3.727331051693079100e-01,-3.545271684905328402e-01,-4.712972243595158761e-01,-5.011061921646433603e-01,-3.458100545904120859e-01,-2.530816983988182223e-01,-3.905737358700789308e-01,-9.589053606369109251e-02,-2.252819134727127859e-01,-7.841064501619904314e-02,-1.114571370513871285e-01,-1.283753701576980377e-01,-2.372182863039939416e-01,-2.655431985734801326e-01,4.709227857320617550e-01,-2.550064042704268744e-02,2.944480340830477605e-01,-2.477162668468842754e-01,5.633862950896026955e-01,3.735230793467415600e-01,1.230282039046642767e-01,8.136049078858144379e-02,-8.890862555908937703e-02,1.151969570012032207e-01,3.183618766681354795e-01,2.787398770288751493e-01,2.395242802901442758e-01,1.808972371452250982e-01,-3.908089015934190086e-02,1.545723751053108552e-01,3.041925710463048160e-01,9.556176068348748442e-02,-9.674443878727548296e-02,-2.202817878987828326e-01,-1.853357047779738698e-01,-2.291861211126306752e-01,-2.506067503978410271e-01,-3.935692448897118445e-01,-7.730102810801184332e-02,-2.835915970492409663e-02,-8.181255693636141357e-02,-6.520026758662889055e-02,-1.806643545842475385e-01,-1.947537495233898647e-03,-2.463372367799191442e-01,8.175776103966081454e-02,-1.143932838495943932e-01,3.541846941361541101e-01,2.382137450940548795e-01,8.212535018002734694e-03,-2.183684978389868192e-01,-3.531618373977428726e-01,3.550545789962761961e-02,1.060369096027525826e-01,-4.975695736650920242e-02,3.886467468361077815e-01,-1.154138574256431161e-02,1.952994253280333492e-01,-1.924774366479523324e-01,-5.833479836251595670e-03,-2.098705675256684611e-01,-6.041019295005125439e-02,3.611072424193301766e-01,7.030085230450992817e-02,2.061398802253024687e-01,-3.317823050350579561e-01,-2.422960393982497296e-01,2.708058878191004631e-02,1.741893061241263918e-01,-9.031505357440483550e-02
-3.961971647689781911e-02,-5.274105057432949741e-04,-3.444607056341597584e-02,6.464797061113406462e-01,-1.307589916641742067e-01,3.575203943478032220e-02,1.260100139501220406e-01,1.000000000000000000e+00,-5.322051467045976064e-03,-4.721351449465625849e-02,-4.792586115176408756e-02,2.341405834393101293e-01,-1.367500097034400341e-01,7.525074830646431845e-02,-2.419079017966204725e-01,-1.921737760537365128e-02,-4.603791419419209219e-01,-2.483509859836662559e-01,3.306247417172577391e-02,8.772594745530139237e-02,-2.917173718974677699e-01,-3.960989887873896387e-01,6.614093047998922947e-02,-1.178728232900826262e-01,-2.340309916459089035e-01,-1.853128731543486341e-01,-3.192089299046323159e-02,-3.075191386085038628e-02,-2.765252095372258134e-01,-1.140188452221402859e-01,2.066261938085203059e-03,-5.396710876300546411e-02,-2.634541050117697111e-02,1.608191073291795059e-01,-3.383304146907799015e-01,-3.805460867738687525e-01,-5.111064433125033224e-01,-3.980214114966357797e-01,-1.220327451146033387e-01,-1.983497302443668620e-01,-1.810433595364267234e-01,-1.657416053827835967e-01,1.877969538047759290e-01,8.731954455477192178e-02,1.436542926877159010e-01,3.034710917397469010e-01,1.009271922354214313e-01,-2.534538538639098323e-02,3.321567436625120773e-01,3.071013198961617952e-01,3.766373128092257994e-01,2.748448020384073320e-01,2.570680998837870379e-01,7.689462520748238661e-02,1.967652155647744705e-01,-1.530015593998935997e-01,-6.386690076691423079e-02,-1.403574062362296648e-01,4.436024649020866018e-01,3.171883312137975808e-01,4.266294358990750935e-01,2.636664391114845185e-01,-1.125827360961120099e-02,2.261495151704723261e-01,-2.452047882481066809e-01,-2.460404256727908578e-01,2.872903200765316092e-02,-1.132220215576190334e-02,2.029959656521054118e-02,5.179353819388158447e-02,-2.892766713319284456e-03,-3.883271041053542594e-01,-9.194294833888522894e-03,6.279838078125249412e-02,2.607668229110776670e-01,-7.850653783542509145e-02,-8.777161070255189157e-02,-2.335789254981289476e-01,6.760672071673032302e-02,-4.759685745532422074e-01,-1.234346068051937334e-01,-3.634086700807554471e-01,-2.023178664304354779e-01,-3.014299445876494343e-01,-9.697732134825304273e-02,-3.046629024929849994e-01,-2.365105059716111624e-01,-2.388758621791871595e-01,1.849703987999698485e-01,-3.297822548054860081e-01,2.605385066748251433e-01,4.498058170410672296e-02,3.484950535287416051e-01,-1.356906223672283973e-01,-2.613604451253341843e-01,-3.042017036957549436e-01,1.790684240928425153e-02,-2.742831440972262058e-01,-1.530860364073070336e-02,-1.390194730917899690e-01,9.159362449741888235e-02,-1.564765325156567966e-01,-1.382797284863318543e-01,-2.683834525524613768e-01,3.229601656662610121e-01,-5.056976316756813666e-02,-2.155008459116553032e-01,-7.633753359102625480e-02,-2.758082965553929622e-01,2.138638184977248446e-02,-6.097641721595747910e-02,2.496181410948676918e-02,6.456554844984691011e-02,3.627145887225478038e-01,4.043640365397304648e-01,5.283466023119302163e-02
2.557027687909970148e-01,-6.752909319640447439e-02,3.741806301071488039e-01,2.002538876547128033e-01,3.651804040740749269e-01,2.109984497327558328e-01,5.161841964067590549e-01,-5.322051467045976064e-03,1.000000000000000000e+00,1.433483489311375425e-01,4.783019664877428689e-01,1.454534246293856803e-01,4.609225345842019039e-01,2.217475781355239539e-01,5.381619173084255525e-01,1.974136336757315868e-01,8.841089616405890805e-02,-7.767090041074091455e-02,1.211514444426686488e-01,4.287093968113354220e-02,4.167912892789545076e-02,-8.103628173310288563e-02,2.338072417343814435e-01,2.663012084778385025e-01,9.746591809383341187e-02,1.115781446566009583e-02,3.742719566016498023e-01,1.433803132042128781e-01,2.051170234868912312e-01,-1.790227608455920161e-02,1.228090203178618667e-01,2.064823545796812265e-01,3.244533538513524329e-01,2.952380082604814104e-01,2.037288607704759724e-01,2.606686469294890868e-02,-1.267725901792054188e-01,-9.211418551607460092e-02,-2.587507905449680165e-02,-4.201703695754916562e-02,-5.316800193612168657e-02,5.352874158940064409e-02,-7.408176917685146967e-02,-5.684845966451212290e-02,-2.227658685492101276e-01,-2.719269205391002808e-01,-3.984323807218903002e-01,-3.701622643491046527e-01,-2.330492318300231291e-01,-1.847877458109678517e-01,-1.508188561813196271e-01,-6.633271611844132609e-02,-1.939751911577687893e-01,-9.814173415314082771e-02,-1.688969357677932437e-01,-4.832769772756850130e-02,9.448867437310069783e-02,2.504629111690019616e-03,-1.061556340456038805e-01,-9.104566553041286425e-02,3.267684804869528947e-01,8.030566977709485688e-02,3.611985689138311750e-01,-7.380778969334846062e-02,3.485498494254422042e-01,2.112678628915337919e-01,1.607117986981408328e-02,-1.204368146231983051e-02,3.713563582647053107e-02,3.463534472326930680e-01,6.709529234752470428e-02,-1.789314343510910177e-02,1.249323613150101903e-01,1.031783903248711665e-01,-6.353355906198557279e-02,-7.359773875599615045e-02,4.099418021913792121e-02,5.184833409058218351e-02,6.738753712992792688e-02,-3.984118322606275929e-03,8.768941685750099302e-02,-5.634159762003155408e-02,2.079960912260353685e-03,-6.416827819876755323e-02,-2.536365068529118291e-02,-7.872572142222750147e-02,1.146170337611218532e-01,1.022742580293112408e-01,-1.070734653153389698e-01,-5.349677731632529465e-02,-2.881647712613786827e-01,-1.482480153611163698e-01,-1.494809230368799313e-01,-3.290721913107406971e-02,1.472023269990798966e-01,-3.675891403665389016e-04,-1.619287242373667057e-01,-2.934069120457363233e-01,-1.126809120777005763e-01,-1.235396322738698954e-01,-5.317713458557178641e-02,-4.328190890638806271e-02,-8.563457073122840435e-02,-5.014052864341341648e-02,-1.174664203895531556e-01,-8.520533620707369804e-02,-7.981250670678943782e-02,-1.134297893326088047e-01,1.606136227165522457e-01,1.356951886919534611e-01,7.630100299322585544e-02,-3.612579311352568379e-01,-2.979298566858985114e-02,-9.683576528177648135e-02,-9.084474724251065392e-02,1.739541404007863279e-02
1.804588699716202782e-01,1.272566206000607381e-01,1.205212916306117321e-01,-8.979449255574911692e-02,2.568580489464347139e-01,3.638744352027105666e-01,-1.749838466262851333e-01,-4.721351449465625849e-02,1.433483489311375425e-01,1.000000000000000000e+00,-1.496498770517067645e-01,9.520787051729610135e-04,-1.930710588622088775e-01,-8.866204402393666750e-02,1.367500097034400341e-01,4.556255979031436643e-01,-4.793499380121418740e-02,-1.892855756651422861e-01,1.076579548801453873e-01,2.732922516318903039e-01,-9.201829269684855261e-02,4.371570975526782588e-02,-1.153248140935046323e-01,6.439659443502006309e-02,2.456203237980862653e-01,1.490151579149248118e-01,3.052519583825164529e-01,3.475498243106562302e-01,-3.844160469783487744e-02,-3.826351803355792364e-02,2.454696350821596040e-01,2.737717157280205593e-01,2.192360995367463594e-01,3.327549322014936584e-01,1.722577507654301787e-01,1.696138487496261227e-01,-1.328412357387970810e-01,1.153156814440545325e-01,-1.970483276977275655e-01,-7.464342711803265140e-02,-4.451915459064040292e-01,-1.473849799880818934e-01,-2.645705714070444858e-01,-2.593444127592245407e-02,6.500163246108920344e-03,-1.367385938916274198e-02,-1.658101002536593316e-01,-1.164846605736673812e-01,-1.716367306028233619e-01,-7.116845400226946838e-02,-2.681277383678585258e-01,-2.515930765384518653e-01,-3.204669523663836173e-01,-3.964688610901186960e-01,-1.433163846580621792e-01,7.374842747192281167e-02,1.819908719168746372e-02,-8.153172796577082271e-03,6.847888873921491315e-02,3.173435862544493058e-01,-1.603944391297498218e-01,3.545089031916326405e-01,-1.739541404007863279e-02,1.612300765544340264e-01,1.349280461381450191e-01,2.258892346611444668e-01,5.569774583379948074e-02,2.281815296731196374e-01,2.767763573971036006e-01,2.471637415551532213e-01,-6.125724618654806129e-03,-5.970697894239353209e-02,4.290747027893394849e-02,1.065026747247077021e-01,-3.123662923041446438e-01,-4.681167791885184476e-02,-2.523054231955597082e-01,-9.725586715648110170e-02,-4.456047982940210955e-02,4.307642429376080245e-02,-5.566121523599907445e-02,1.361107242419330177e-01,-1.583806899260027101e-01,-2.325515024349926463e-01,1.752258618367127929e-01,6.902228138149588132e-02,2.903497576423152288e-02,1.071099959131393692e-01,-2.716301094319720222e-01,-6.393082931306494354e-02,-5.251113612442321887e-01,-5.622949434803157231e-01,-5.203715161796300670e-01,-4.238987737134951028e-01,2.812193913545774082e-01,2.546068508569849786e-01,1.303388897894695864e-01,2.083910783147522039e-01,-2.334875990036279492e-01,-1.510791366906474864e-01,-1.467502608512999129e-01,-1.782989983766715691e-01,1.040870889451561560e-01,1.585222459924792715e-01,-4.740986645783341891e-02,-4.200790430809905884e-02,1.946236092687259334e-01,2.589402930210575882e-01,-2.500131281835845098e-01,8.135135813913134395e-02,-6.004945329677228993e-02,-2.776439590948631131e-01,3.191609834950192570e-01,-6.532812467893028829e-02,-3.543079849037304441e-01,2.377068830495742968e-01
4.742653354307985181e-01,6.336003872243366197e-02,3.451251058816545703e-01,1.881896577311302221e-01,2.378347401418757223e-01,6.828253677603775273e-02,6.325250177515873151e-01,-4.792586115176408756e-02,4.783019664877428689e-01,-1.496498770517067645e-01,1.000000000000000000e+00,3.127681288799490367e-01,7.410574238165799077e-01,2.025461826666879739e-01,3.428921730911050347e-01,7.325526440161739261e-02,2.231768377744646481e-01,1.071693581345650181e-01,3.808702958293473384e-01,2.027562336040402979e-01,3.025190130345739060e-03,-1.139549166759895732e-01,2.722511295945788667e-01,1.467867914491003123e-01,-1.943656119217605782e-02,1.659859037555737674e-03,2.427892024685551486e-01,1.379966163533787316e-01,2.454970330305099036e-01,7.925998141505836980e-02,1.725499955478334013e-01,1.094753521207153663e-01,1.707052003589131228e-01,1.288228699807529298e-01,1.737737705741468353e-01,7.852480313432529113e-02,1.926600896369543570e-01,-2.796188945384473282e-02,-1.706207233514996785e-02,-2.124962042425722897e-01,-1.129480420741160208e-02,6.373904367461283305e-02,6.709529234752470428e-02,-1.529718782891807867e-04,-5.194445522604449472e-01,-4.118710743877129210e-01,-3.082931306493998935e-01,-2.209347723344650127e-01,-2.537255501850503303e-01,-3.135170061348572790e-01,-8.620536132185968592e-02,-2.325400866231800215e-02,-1.909111872672601407e-01,-4.855144763909596123e-02,-6.693547098214795710e-02,-1.559514051722760142e-01,1.042240786869076674e-01,5.169307904993047931e-02,-2.293961720499829993e-01,-3.159143266155086116e-01,4.467806269107215122e-01,-1.414419083584290970e-02,3.745733340335031247e-01,-1.359623186883688814e-02,4.338624942635545545e-01,2.399169842164985966e-01,-1.896508816431462796e-01,-4.587101502549150583e-02,-4.484359196235521844e-02,1.655087228218060369e-01,2.576525894485934831e-01,1.846872866670167534e-01,2.518076938005292531e-01,2.161172997495370840e-01,1.770660907009080076e-01,5.821379075730212516e-02,9.134247663754112290e-02,4.090285372463692282e-02,3.088890360260189080e-02,-1.224665459634830950e-01,-6.804508789033514304e-02,-1.329371285580231432e-01,1.171490608211621723e-02,-1.711572665066930787e-01,-3.842562256129720185e-03,-9.435168463134918637e-02,1.514398763439264439e-01,-1.165166248467427307e-01,-4.255129695038003396e-02,-1.296265431323617712e-01,-2.341314507898600294e-01,1.535883321270625594e-02,-4.081152723013591749e-02,2.168661770044453263e-01,5.981657073579473710e-02,-1.639835703636392805e-01,-2.979275735235359934e-01,-4.650276605120219897e-01,-6.783960327770788279e-02,2.270148337058693414e-02,-4.353762309099087208e-02,1.466361027331736511e-01,-5.848320391608008428e-02,8.694510592731781451e-02,-2.446705282552758265e-01,-4.082225809323978272e-01,-1.373481982424216152e-01,-1.289758418590421229e-02,3.433259739399848187e-01,1.348184543447438211e-01,1.217952962289007290e-01,-4.432965211455082155e-01,-3.439378614531415357e-01,-1.266082024891035940e-01,3.234556118989289492e-02,-3.009892942516821310e-02
2.195557422674998815e-01,2.711917422583672299e-01,1.425857727020541643e-01,1.247771062743584930e-01,2.672510040206489412e-01,3.097178239636155239e-01,1.087675717883325871e-01,2.341405834393101293e-01,1.454534246293856803e-01,9.520787051729610135e-04,3.127681288799490367e-01,1.000000000000000000e+00,8.290390854564839984e-02,5.637653000417818250e-01,-1.325307256574936865e-01,5.325088072988134469e-01,2.311039774971517524e-01,3.606003803748495939e-01,8.334684204397826979e-02,1.987013372481957196e-01,2.823335745874896441e-01,4.487098991070551796e-02,-8.845199308658437121e-02,-9.120548689578962531e-02,-2.685227254565753993e-02,1.118681062766416490e-01,1.529284982042928009e-01,1.680704309925591666e-01,3.179417747934308869e-01,3.180787645351824122e-01,2.188296966362169027e-01,1.516499272812787402e-01,-1.254666213078410586e-01,1.513668151483256452e-01,-2.275285452374374573e-01,7.685352828495692346e-02,2.126560256079490507e-01,2.012904433672991766e-01,-1.487046478336213895e-01,-2.590224868661085145e-01,-4.498514802883177288e-02,-7.650192128112806578e-02,2.626709803214236083e-01,2.810002077677750121e-01,1.182518282422617972e-01,1.639150754927635179e-01,2.272956626764598975e-01,1.357636835628291960e-01,1.409875590482866092e-01,1.533029368317469221e-01,1.351609286991225789e-01,2.789796090769403047e-02,-8.461171399281716687e-02,-1.986876382740205838e-01,2.079960912260353685e-03,3.316749964040192900e-02,-1.263479219797757347e-01,5.166796426394270128e-03,1.993497553591528637e-01,1.163887677544413191e-01,-3.518581516887410443e-02,7.945176705351048030e-02,2.269394893479060038e-01,2.983522417229656498e-01,-1.386130701912605123e-01,-1.310877670443778287e-01,-8.184452120943676301e-02,1.919294776809463143e-01,8.179885796218626381e-02,2.459034359310393603e-01,-6.700853217774875581e-02,-7.925084876560826996e-02,2.923612236836998224e-01,2.158250549671338891e-01,4.008548159885293866e-02,4.265632241905618904e-02,-1.673443853612761878e-01,1.655635187185066359e-01,1.136809371924865641e-01,-1.427729920157812249e-01,8.019151165896860889e-02,2.411909888147875936e-01,-1.399578528227877951e-03,4.257869489873033347e-02,-2.873108685377943061e-01,9.374892976764256924e-02,-2.640271787647635038e-01,-2.373415770715703033e-01,-2.699451356084285325e-01,-3.317046775147320936e-01,2.498007940838696886e-02,-2.766119697070017480e-01,-1.049113105580277115e-02,-2.186379109977647783e-01,2.650751502891625280e-03,1.367180454303646986e-01,1.741801734746762920e-01,8.956845948185913203e-03,3.687056067618136312e-01,2.818449778419092611e-01,3.860211101192039251e-01,2.056558498044471495e-01,3.707010906666605710e-01,3.283073319192947870e-01,2.966809668735972960e-01,-2.793700298409320659e-01,6.609755039510124483e-03,1.961944249741431889e-01,9.840658098719373692e-02,-2.652144231932765384e-01,2.986947160773444354e-01,-5.426848619485877268e-02,1.664676510140665755e-01,6.589434894483651994e-02,1.410309391331745696e-02,6.013621346654824534e-02
3.162613672946124055e-01,-1.873311886828208095e-01,4.032270216831929655e-01,6.591261424373671962e-02,3.155627196116797539e-01,1.143750185506941935e-01,6.850240531154891954e-01,-1.367500097034400341e-01,4.609225345842019039e-01,-1.930710588622088775e-01,7.410574238165799077e-01,8.290390854564839984e-02,1.000000000000000000e+00,1.337590670085321842e-01,6.003278621152585703e-01,-4.729114201498211406e-02,1.790752735799300832e-01,-5.061770957718115908e-03,5.026541762464353802e-01,1.491064844094258102e-01,5.250131852626435669e-02,-1.024888752913886009e-01,4.927224199694512641e-01,3.585501005733020552e-01,1.936692474011904308e-01,2.069526860263613821e-01,3.810575151430743435e-01,2.487254246111203770e-01,6.582128774923570735e-02,7.931477731175896884e-02,1.806460892853473388e-01,2.462641755843183178e-01,1.339691179458844805e-01,-6.203123822744406601e-02,3.653493580889017878e-01,1.807237168056732013e-01,1.918883807584208789e-01,-1.015893093205537112e-01,3.836397717750902187e-02,-1.352385562194484414e-01,-2.011694357620853399e-02,3.793474265335430862e-02,2.513076812431362314e-02,-8.296327076707406267e-02,-6.857409660973220467e-01,-6.709141097150841393e-01,-3.675000970344003970e-01,-2.837263036286299389e-01,-4.073047496626627795e-01,-5.004121108064357726e-01,-1.930801915116589773e-01,-1.519102077906066273e-01,-1.334759548755790615e-01,3.077931180920068926e-02,-1.226400663030350058e-01,-1.974318989746317865e-01,-1.151855411893906028e-02,-1.257086365182687182e-01,-4.619499576473381497e-01,-5.741034592192955088e-01,3.428282445449543081e-01,-3.661895618383110285e-01,1.611935459566336271e-01,-4.363100443161814779e-01,5.566463997954286258e-01,2.878405622059001523e-01,-3.234989919838169303e-01,-2.620864907566171631e-01,-1.486635509110959541e-01,1.111671754313464482e-02,2.311131101466018523e-01,1.427592930416060613e-01,9.616451554719410155e-02,5.573884275632493002e-02,6.996294427485622025e-02,-2.111925185335704856e-03,9.909152969595126648e-02,-3.460132560406768004e-02,2.154277847160545045e-01,-8.336054101815341955e-02,2.935461849498503459e-02,-2.083134507944263414e-01,1.200600928333816625e-01,-1.700978791704814419e-01,2.648262855916472813e-01,-1.315078689190824490e-01,1.115301982469879410e-01,-1.291881759587569511e-01,1.298502930438892311e-01,-7.491284027681061053e-02,-1.607962757055542424e-01,1.656228809399322710e-01,-4.413352846760991779e-03,3.420748009653210575e-01,1.054158894401457519e-01,-8.555694321090255572e-02,-2.627805721148248064e-01,-4.651463849548733154e-01,-1.471612300765544334e-01,-2.138638184977248446e-02,-1.154298395621807805e-01,1.798104518606631619e-01,-1.613488009972853243e-01,-3.310357109425122318e-02,-3.458283198893122856e-01,-2.334510684058275498e-01,-1.385263100214845500e-01,-1.374486573863727135e-01,4.260449463342686482e-01,1.625314791010733229e-01,1.868311761254277947e-02,-3.668882095212436800e-01,-3.936560050594877791e-01,-1.838973124895830757e-01,5.980743808634463726e-02,-1.332841692371269648e-01
