0.000000000000000000e+00,6.056258099110773951e-01,-1.404218240314580590e-01,1.072255239286831335e-01,-1.242370079092005863e-01,-2.166048527637517429e-01,3.329684078823897386e-01,2.057822065329103223e-01,-1.649448143348675178e-01,-2.119352964833102482e-01,5.570490191697573534e-01,4.536082934894320462e-01,2.186782251217659345e-01,2.788864560525492475e-01,-1.485946646409580518e-01,-2.012779838241208208e-01,-4.347826086956521792e-03,-4.919790875374235178e-03,5.881317306403324174e-01,4.928236292953215303e-01,-4.171857545019884705e-01,-1.605076187497207069e-02,-2.291970150587604449e-01,-2.548281871397292120e-01,-3.193440278832834212e-01,-2.807453416149068293e-01,-3.402296796103489868e-02,-2.127083426426560619e-01,5.340721211850395223e-02,-2.196657580767683859e-01,1.645203092184637506e-01,-4.414406363108271114e-02,4.431654676258992565e-01,3.324902810670717912e-01,-3.245006479288618795e-02,-1.266857321596139285e-01,-3.582421019705974152e-01,-3.055543143125251104e-01,-2.168282765092273967e-01,-4.694132892443808602e-02,-1.963179766745609678e-01,-1.858974931855757740e-01,-6.039590687698288829e-02,-2.164976093659234241e-02,-2.158764913535010377e-01,2.819697037401134865e-01,2.456365342508601834e-01,1.133607399794450132e-01,-8.036552124759820115e-02,2.587381026855534172e-01,1.298538808704589181e-02,4.125027927968184516e-01,7.195585146789400255e-02,2.249609008445417613e-01,5.102998346664283300e-03,2.242638187586576681e-01,5.273291925465838359e-01,5.265159301130524216e-01,5.111935296483309799e-01,4.204253988113856866e-01,3.757049019169757531e-01,4.463068054872871837e-01,2.557040082219938504e-01,3.915813932704768074e-01,-3.230886098574556331e-01,-2.317574511819116001e-01,2.146744716028419486e-01,2.429018276062379911e-01,3.248313150721658937e-01,3.270387416774654943e-01,-7.642879485231690584e-02,-1.723222664104741009e-01,5.111935296483310215e-02,1.920550516108852218e-02,1.799276107064658736e-01,1.254747754591357956e-02,3.097189329281915815e-01,2.832566245140533678e-01,-1.279949953081013503e-01,-2.415702220832030012e-01,-2.034273202555967608e-01,-1.328209482103757944e-01,-3.184816122257473348e-01,-3.023280754278564464e-01,-6.997631708297957775e-02,4.681621162697171407e-02,-1.111309709995978411e-02,-6.836766611555475728e-03,-1.947361365565932270e-02,2.163233388444524008e-01,7.964609678716653984e-02,-2.159167076276866798e-02,-2.291567987845748167e-01,-1.094955091827159444e-01,-8.916841681933955488e-02,-1.323249474954198146e-01,-1.638813173064033180e-01,-1.125921622950087075e-01,1.253988113856740749e-01,3.734706644622190486e-01,1.679074131998748720e-01,-1.465659770320389740e-03,1.832968407882389628e-01,2.225211135439474630e-01,3.214174002412976267e-02,1.045086911836990012e-01,1.693373251709191785e-01,1.046159345815273201e-01,-7.642432637740739776e-02,-1.924214665534653146e-01,-2.706287144197685457e-01,-2.973770052281156651e-01,-1.546583850931677051e-01,3.218195629831538396e-01,2.890477679967827229e-01,-3.747218374368828098e-01
6.056258099110773951e-01,0.000000000000000000e+00,-6.032441127843066880e-02,1.219625541802582813e-01,-2.866973501943786626e-02,-1.285848339961571107e-01,1.742258367219268189e-01,2.075964073461727399e-01,-9.141159122391527558e-02,-2.328969122838375413e-02,2.843782117163412004e-01,2.732517091916528695e-01,-1.048304213771839716e-01,3.471558157200946987e-02,1.402922382590821859e-01,5.041780240403950092e-02,1.837302828544617739e-01,2.447026229947718845e-01,5.235488627731355038e-01,7.036060592519772783e-01,-6.123598015997139959e-02,3.477277805085124407e-01,-2.305330890567049429e-01,-1.860270789579516471e-01,-3.208633093525180002e-01,-3.878412797712140758e-01,1.880781089414182775e-02,-9.516064167299700949e-02,1.482818713972920976e-01,-6.357746101255641602e-02,-1.340095625363063592e-01,-8.900308324768756163e-02,2.059475401045623155e-01,3.129451718128602455e-01,-7.094597613834398298e-02,-1.081862460342285226e-01,-1.275481478171500149e-01,-5.052057732695831166e-02,1.338844452388399942e-01,2.456052549264935991e-01,7.224183386210286661e-02,5.046248715313463723e-02,-1.266187050359712241e-01,2.282139505786675016e-01,-8.879306492694043207e-02,3.165869788641136884e-01,9.415076634344697604e-02,-5.338486974395639101e-02,-1.336520845435452964e-01,3.609187184413959609e-02,-2.749854774565440585e-01,1.534340229679610479e-01,-2.234460878502167180e-01,-1.449394521649760847e-01,2.181956298315385068e-01,4.497162518432458733e-01,5.032709236337638004e-01,6.653380401269046729e-01,2.702488940524598870e-01,3.218329684078823916e-01,-1.384869743956387567e-01,1.793556459180481732e-01,1.245319272532284666e-01,2.824031458063362976e-01,-4.592832566245140802e-01,-3.923008177309084132e-01,3.428392689575048280e-01,3.748514232092586829e-01,6.595156173198087890e-01,6.110862862505026527e-01,-7.150006702712363715e-02,-7.661200232360695916e-02,9.197908753742348176e-02,1.652620760534429523e-01,1.451092542115376138e-01,2.404218240314580646e-01,2.743732963939407576e-01,3.616381429018276084e-01,-4.773671745833147489e-02,5.527503463068054838e-03,-1.009428482059073276e-02,-2.294115018544170756e-02,1.046695562804414864e-01,1.195853255283971517e-01,-2.473479601412038043e-01,-6.897091022833906626e-02,2.545243308458822740e-01,2.554090888779659285e-01,-9.462442468385540151e-02,1.422985834934536731e-01,-2.341883015326868822e-01,-2.908753742347736648e-01,-3.072657402028687867e-01,-3.193976495821975736e-01,1.026676795209794935e-01,1.455024800035747690e-01,-4.232986281782027960e-02,1.808257741632780802e-01,4.938424415746905383e-01,5.162786540953572256e-01,1.480405737521783838e-01,-9.080834711113097701e-02,2.745922516645069034e-01,2.059877563787479438e-01,4.817015952455427040e-03,2.190580454890745654e-01,3.362348630412440031e-01,3.028732293668170983e-01,-1.128602707895795115e-01,-2.430671611778899843e-01,-2.661915188346217209e-01,-2.596675454667322080e-01,9.956208945886768635e-02,3.581616694222262143e-01,-3.972474194557397247e-03,-8.069171991599266569e-02
-1.404218240314580590e-01,-6.032441127843066880e-02,0.000000000000000000e+00,6.623843782117163626e-01,3.079002636400196558e-01,3.638187586576701604e-01,5.863443406765270760e-01,2.582063541713213173e-01,2.109030787792126604e-01,2.460923186916305350e-01,-2.215291121140354758e-01,-4.943071629652799337e-01,1.649894990839626541e-01,-1.054515393896063302e-01,3.902185084230752055e-01,4.008221993833504526e-01,-1.833593994369721591e-01,-1.707761740917824733e-01,3.154743286116448719e-02,-3.932257920371776821e-03,5.239867733142677952e-01,3.157245632065776020e-01,7.125832253451896969e-01,8.335850574199026308e-01,3.566736672773582195e-01,4.389561642611376491e-01,3.928638455695071530e-01,4.611153313374145579e-01,-1.595245542696277843e-02,4.772331203360293331e-03,3.608472228428437623e-01,4.499128647392645064e-01,-7.756825595424281239e-02,-2.978149157692479565e-01,3.021850842307520213e-01,2.362929532150677067e-02,1.651414272308860953e-01,1.663747263059117965e-01,1.331694892533178409e-01,7.244738370794047422e-02,2.966128960185888674e-01,2.259484337995442127e-01,-1.460565708923544370e-01,-3.322311095223200172e-02,-2.358550426739353945e-01,-4.762321819562982950e-01,-3.888779659502211716e-01,-4.083560480807900128e-01,-4.589481210063005578e-01,-5.128289914652128800e-01,-3.534965816166942276e-01,-3.825282631038026682e-01,-4.027793913937173231e-01,-5.541042942043880037e-01,-1.033245453326779584e-01,-1.537155368872603805e-03,-1.907949416864024306e-01,-2.379999106305017986e-01,-1.317172349077259941e-01,-2.090486616917646145e-01,-5.474105187899369618e-01,-6.348987890432995496e-01,-4.916975736181241619e-01,-5.884892086330935079e-01,4.776084722284284489e-01,1.643192278475356372e-01,6.166942222619419683e-02,-2.258903436257205521e-01,-1.165378256401090364e-02,-4.302247642879485079e-02,4.378971357075829851e-01,4.430180079538853510e-01,1.593011305241520958e-01,6.822914339335985068e-02,8.499039277894453875e-03,1.905134277671030885e-01,5.629384691004959973e-02,-1.066178113409893199e-02,-5.643683810715403176e-02,-2.518432459001742826e-02,-8.179096474373295789e-02,-2.871888824344251412e-02,2.268063809821707910e-01,3.083694535055185870e-01,-1.400911568881540725e-01,-4.931855757629920872e-02,2.535680772152464346e-01,3.318334152553733540e-01,2.083649850306090387e-02,-5.338933821886589909e-02,-1.957013271370481311e-01,1.786943116314401725e-02,-1.174315206220117105e-02,8.958845346083381400e-02,7.133026498056213582e-02,8.211716341212743631e-02,-1.079449483891147948e-01,-6.321998301979533941e-02,-2.591045176281335238e-01,-7.075383171723491349e-02,-3.425264757138388738e-01,-1.288395370659993766e-01,1.290540238616560142e-01,1.304481880334242005e-01,-9.882479109879797885e-02,-1.475401045623128959e-01,1.663300415568166601e-01,7.919031234639617445e-02,-3.720005362169891139e-02,-1.337414540417355691e-01,-2.687519549577729316e-01,-1.523213727154922037e-01,-5.081996514589570690e-02,-1.738504848295276684e-01,-3.809598284105634725e-01,2.041601501407569463e-01
1.072255239286831335e-01,1.219625541802582813e-01,6.623843782117163626e-01,0.000000000000000000e+00,2.273113186469457869e-01,3.594619956208945921e-01,6.890164886724160498e-01,5.681933955940837722e-01,1.986192412529603768e-01,2.670896822914339275e-01,1.249966486438178620e-01,-1.068769828857411008e-01,3.808793958621922160e-01,3.193395594083739408e-01,5.723222664104741370e-02,3.053934492157826530e-01,-1.928683140444166499e-01,-3.163993029179141270e-01,2.617230439251083673e-01,2.579963358505741877e-01,1.028821663166361311e-01,1.773314267840385983e-01,4.521158228696545711e-01,7.397738951695785881e-01,1.836543187810000533e-01,3.431878100004468468e-01,1.934670896822914266e-01,3.455248223781223205e-01,-1.637562000089369529e-01,-2.591626078019572121e-01,4.558738102685553351e-01,5.387729567898476013e-01,2.370525939496849754e-01,7.026676795209794990e-02,2.961928593770946083e-01,1.017650475892577927e-01,1.472183743688279256e-01,1.127485589168416846e-01,3.868358729165735643e-02,1.286384556950712632e-01,1.605344295991777970e-01,-4.157915903302202704e-02,-1.924706197774699590e-01,-6.700924974306268767e-02,-3.516957862281603342e-01,-1.915009607221055399e-01,-2.952321372715492331e-01,-3.861164484561419030e-01,-4.998793511774431431e-01,-3.049331963001027934e-01,-3.711336520845435194e-01,-2.344608785021672082e-02,-5.591670762768666814e-01,-3.962956343000134107e-01,-1.472675275928325700e-01,1.334912194468028113e-01,-1.661378971357075907e-01,-2.514857679074131852e-02,1.770543813396487642e-01,1.163367442691809334e-01,-3.703561374502882253e-01,-1.160284195004245011e-01,-3.228785915367085035e-01,-1.951382992984494469e-01,2.116090978149157698e-01,2.456454712006791996e-01,1.891371374949729622e-01,2.003842888422181501e-01,-9.872648465078869007e-02,9.498190267661646424e-02,3.964073461727512515e-01,4.274632467938692670e-01,1.440770365074399983e-01,1.486170070155056200e-01,3.587291657357343649e-02,1.855087358684480991e-01,2.278207247866303187e-01,2.291702042093033687e-01,-3.888243442513070192e-01,-2.573662808883327990e-01,-4.699673801331605283e-01,-1.261629205952008448e-01,-1.488940524598954263e-01,7.801957192010366970e-02,-3.675678091067518527e-01,1.459850752938022210e-02,1.573037222395996249e-01,4.296125832253451793e-01,-2.131060369096027529e-01,1.020197506591000447e-01,-2.014969390946869943e-01,-4.341570222083202674e-02,-3.057151794092676234e-01,-1.150542919701505878e-01,-1.172661870503597104e-01,-1.501050091603735592e-01,-1.540864203047499770e-01,-1.588408776084722362e-01,-1.606640153715536978e-01,1.525358595111488413e-01,-4.139907949416863908e-01,-2.145761651548326598e-01,2.267036060592519664e-01,2.629161267259484402e-01,1.457616515483265568e-02,-5.535993565396130078e-02,1.680593413467983480e-02,5.304973412574288255e-02,5.712051476830957292e-02,-2.922382590821752668e-01,-3.414272308860985539e-01,-3.318781000044684903e-01,-1.486616917646007285e-01,1.451226596362661381e-01,-2.187541891952276552e-01,-6.725054738817641889e-03
-1.242370079092005863e-01,-2.866973501943786626e-02,3.079002636400196558e-01,2.273113186469457869e-01,0.000000000000000000e+00,6.969614370615309085e-01,2.330801197551275739e-01,1.099646990482148479e-01,7.002144867956566765e-01,6.796595022118950835e-01,2.213190937932883462e-01,-1.033871039814111409e-01,2.620939273425979543e-01,1.581616694222262032e-01,5.300728361410250722e-01,5.283792841503195392e-01,-9.839581750748468969e-02,1.585861745386299773e-02,3.250011171187273673e-01,1.188256847937798760e-01,1.355869341793645710e-01,8.268019125072612052e-02,4.172080968765360387e-01,2.818669288171947174e-01,6.027883283435363504e-01,7.485410429420439327e-01,6.589436525313910886e-01,7.022565798293042283e-01,1.490996023057330477e-01,1.593011305241521028e-02,6.072657402028687479e-02,1.970150587604450609e-01,3.383529201483533727e-02,-9.022297689798472464e-02,1.536261673890701104e-02,-8.688949461548772790e-02,1.417847088788596471e-02,-6.854640511193529906e-02,4.767415880959828545e-02,-5.746458733634210968e-03,2.360561240448634801e-01,1.198534340229679557e-01,-4.490370436569998680e-02,9.321238661244916901e-02,-9.018722909870860449e-02,-7.669243487197818787e-02,-8.946333616336744898e-02,-2.326645515885428228e-01,-1.065999374413512668e-01,-4.462665892131015971e-02,-4.717368961973278374e-02,-5.495777291210510174e-02,-1.425220072389293546e-01,-2.716162473747709694e-01,-1.141471915635193651e-01,-9.991509897671924101e-02,-3.351311497385942029e-01,-2.006613342866079841e-01,-2.434291076455605829e-01,-2.397470843201215396e-01,-3.925733947003887669e-01,-2.663434469815452177e-01,-2.441842799052683366e-01,-5.446624067205862313e-02,-1.159971401760579168e-01,-1.915009607221055399e-01,-9.283256624514053812e-02,-1.243263774073908590e-01,-6.428794852316904729e-02,-5.744224496179453632e-02,3.791143482729344427e-01,3.284329058492336390e-02,2.338621028642924038e-01,1.038428884221815063e-01,2.206711649314088974e-01,2.373430448188033337e-01,-1.408418606729523181e-01,-3.266455158854283166e-03,-4.883596228607176709e-02,-2.457214352741409272e-02,1.336073997944501462e-03,-1.375396577148219231e-02,1.539166182581884756e-01,-1.085526609768086154e-01,-2.172706555252692240e-01,-1.058313597569149611e-01,1.495643236963224432e-01,4.605657089235443841e-02,1.822646230841413750e-01,-2.073819205505161023e-01,-1.804146744716028372e-01,-3.007730461593458027e-01,-2.819607667902944773e-02,-3.518968675990884476e-01,-1.356628982528263090e-02,-1.016890835157960582e-01,3.972474194557397420e-02,-7.615621788283659377e-02,-7.726439966039590213e-02,-1.831895973904106578e-01,-6.518164350507171800e-02,-1.187005674963135110e-01,-3.896063273604719046e-02,-1.118369900353009538e-01,-1.428079896331382048e-01,-8.816747843960856534e-02,7.696501184145851382e-02,-5.514098038339514812e-02,-8.782787434648554881e-02,-1.960766790294472470e-02,-6.552571607310424262e-02,-4.873765583806247137e-02,-9.782832119397649739e-02,3.311139907949416789e-02,3.702578310022789504e-02,1.110505384512266019e-01
-2.166048527637517429e-01,-1.285848339961571107e-01,3.638187586576701604e-01,3.594619956208945921e-01,6.969614370615309085e-01,0.000000000000000000e+00,2.036418070512533984e-01,2.061575584253094451e-01,7.789222038518254232e-01,8.312927297913221825e-01,4.117252781625631297e-02,-2.502345949327494440e-04,2.991241789177353505e-01,8.965994905938602655e-02,6.422941150185441650e-01,6.869207739398542900e-01,-8.961973278520041220e-02,-1.257205415791590453e-01,7.075383171723491349e-02,-5.604808079002636390e-02,2.353635104338889228e-01,3.859019616604852931e-01,4.475356360874033768e-01,4.276285803655212603e-01,7.247821618481612438e-01,6.131507216586978837e-01,5.744224496179454187e-01,6.742973323204790592e-01,4.257116046293400041e-02,-5.378256401090308197e-02,2.446266589213101639e-01,4.152196255418025839e-01,-2.863398722016175998e-02,-4.363465749139818634e-02,4.729880691719916264e-02,1.305777738058000736e-01,-2.300370883417489701e-02,-3.375039099155457967e-02,1.314848742124312964e-01,1.155100764109209532e-01,7.026676795209794990e-02,-4.997989186290718866e-02,-2.382054604763394201e-01,-2.290004021627418673e-01,-3.757451181911613536e-01,-3.012020197506590780e-01,-2.440234148085258514e-01,-3.981277090129138885e-01,-3.642745430984404842e-01,-3.160865096742481728e-01,-2.397426158452120315e-01,-2.541400420036641350e-01,-2.845792930872693138e-01,-3.851557263505965278e-01,4.938558469994191319e-02,4.657044550694847823e-02,-2.956923901872290927e-01,-1.963269136243800117e-01,-1.787300594307162926e-01,-4.745073506412261777e-02,-4.557933777201840786e-01,-1.952902274453728881e-01,-2.354439429822601515e-01,-9.817686223691854397e-02,-1.316636132088118416e-01,-1.490012958577237590e-01,-3.240046472139058720e-01,-1.227713481388802014e-01,-1.124044863488091461e-01,-6.227266633897850928e-02,5.410786898431565461e-01,2.670405290674293108e-01,-2.495643236963224557e-02,-1.306448009294427781e-01,2.315608382858930225e-01,1.001340542472854006e-01,-4.422896465436346874e-02,7.345725903749050767e-02,-2.006345234371509009e-02,-5.674516287591045011e-02,-1.076813083694534989e-01,-2.595066803699896951e-01,-4.938558469994191319e-02,8.961973278520041220e-02,-3.509674248179096567e-01,-4.173421511238214476e-01,3.131060369096027585e-01,3.170114839805174278e-01,3.940301175208901080e-02,-5.463604271862013834e-02,-2.640198400285982405e-01,-2.881853523392466365e-01,1.499620179632691307e-02,-2.721569328388220854e-01,7.094597613834398298e-02,7.334107868984315881e-02,-8.046382769560748993e-02,-1.178738996380535309e-01,-6.740247553509987055e-02,-1.532374100719424426e-01,-8.234505563251262594e-02,-9.368604495285759448e-02,3.477814022074265932e-02,-2.196702265516779079e-02,-2.153536797890879817e-01,-3.883149381116224874e-01,-1.781134098932034629e-02,1.335627150453550238e-01,-1.084230752044327284e-01,-1.931408910138969481e-01,7.815362616738907517e-03,-6.065060994682514722e-02,-1.045310335582465694e-01,-9.742168997721077639e-02,-1.470664462219044566e-01,6.555699539747084081e-02
3.329684078823897386e-01,1.742258367219268189e-01,5.863443406765270760e-01,6.890164886724160498e-01,2.330801197551275739e-01,2.036418070512533984e-01,0.000000000000000000e+00,5.408195182984047999e-01,1.116225032396443162e-01,1.509763617677286618e-01,3.043254837124089729e-01,-9.938781893739666307e-02,4.067518655882746970e-01,2.103847356897091125e-01,1.014120380714062242e-01,1.808793958621922326e-01,-2.476518164350507145e-01,-2.384735689709102380e-01,3.629161267259484180e-01,3.010634970284641887e-01,4.325930559899906352e-02,3.991241789177353561e-02,4.549756468117431285e-01,4.863845569507126987e-01,1.188167478439608633e-02,1.872112248089727038e-01,1.911613566289825372e-01,1.759685419366370240e-01,-1.151972831672550164e-02,-1.778274274989946058e-01,2.498503060905312989e-01,2.758836409133562650e-01,2.447651816435050809e-01,6.553465302292327266e-02,6.416729970061217647e-02,-9.643415702220832497e-02,-7.552169444568568313e-02,-1.166316636132088136e-01,-1.735913132847758944e-01,-1.407480226998525374e-01,9.091112203404977388e-02,-1.425890343625720556e-02,-2.358014209750212281e-02,-8.226462308414138336e-03,-2.154207069127306862e-01,-1.595737074936324218e-01,-1.447875240180526435e-01,-2.558604048438268275e-01,-2.729210420483488830e-01,-1.565262076053443030e-01,-8.816747843960856534e-02,6.991375843424639525e-02,-2.295589615264310157e-01,-1.531167612493855856e-01,-3.383305777738058184e-01,-6.698243889360561143e-02,-4.821931274855891653e-02,-3.649850306090531016e-02,6.487778721122480774e-02,-1.145582912551946081e-01,-1.806157558425309367e-02,-4.060949997765762876e-02,-1.575584253094418907e-01,-3.253496581616694555e-02,1.450511640377139255e-01,8.477590598328790805e-02,1.688368559810536629e-01,-1.175208901202019762e-02,-4.863934939005317565e-02,-4.359444121721256504e-02,2.134769203270923676e-01,1.965458688949461574e-01,1.538674650341838313e-01,1.198891818222440619e-01,9.902140399481657029e-02,1.828991465212922718e-01,8.632199830197953561e-02,1.251128289914652247e-01,-1.862996559274319730e-01,-9.301577371643057757e-02,-1.778453013986326381e-01,-4.891192635953349466e-02,-3.513114973859422091e-02,-3.137316233969346391e-02,-2.309397202734706778e-01,-5.230349881585415195e-02,-3.162786540953572284e-02,1.350819965145895751e-01,-1.499083962643549817e-01,-1.176862236918539695e-01,-5.508289020957147369e-02,5.701773984539076391e-03,-9.476741588095982660e-02,-3.221770409759149023e-03,-1.416908709057598525e-01,-2.201572903168148576e-01,-2.257339470038875751e-01,-2.752223066267482920e-01,-1.701237767549935165e-01,7.770677867643772940e-02,-2.748603601590777212e-01,-2.238303766924348848e-01,-2.090799410161311989e-02,1.007194244604316460e-02,-1.401715894365253012e-01,-5.076187497207203247e-02,-9.108092408061128908e-02,-1.757138388667947582e-01,-1.076679029447249608e-01,-1.779748871710085389e-01,-3.890879842709683012e-01,-2.504758925778631795e-01,-1.067831449126413201e-01,-6.360874033692301421e-02,1.124268287233567108e-02,8.709057598641583436e-03
2.057822065329103223e-01,2.075964073461727399e-01,2.582063541713213173e-01,5.681933955940837722e-01,1.099646990482148479e-01,2.061575584253094451e-01,5.408195182984047999e-01,0.000000000000000000e+00,1.285312122972429583e-01,2.119710442825863406e-01,1.343715090039769300e-01,2.448679565664238778e-01,2.119084856338531719e-01,4.862460342285178094e-01,-2.067563340631842217e-02,-2.034049778810492065e-02,-4.034273202555967441e-01,-3.630144331739577068e-01,2.557665668707270190e-01,2.995397470843201293e-01,-7.504356763036774958e-02,1.159122391527771523e-01,2.561821350373117423e-01,1.789490147012824661e-01,7.001653335716520599e-02,1.414048885115510024e-01,-1.045623128826131702e-03,6.824701729299789688e-02,-2.528799320791813576e-01,-3.733366102149336396e-01,1.694535055185664996e-01,3.074846954734349325e-01,2.642030474998882661e-01,1.917958800661334340e-01,9.978551320434335403e-02,1.336073997944501601e-01,7.095491308816301301e-02,7.398453907681308561e-02,4.644979668439161435e-02,1.134188301532686877e-01,1.546226372938915850e-01,7.134367040529067394e-02,1.500424505116403906e-01,1.845792930872693083e-01,-1.446534697707672346e-01,9.316323338844452462e-02,7.801063497028463967e-02,-1.048304213771839716e-01,-5.547611600160864964e-02,8.442736494034586148e-02,1.333616336744269104e-01,3.105992224853657557e-01,-5.513204343357611809e-02,-1.542160060771258778e-01,-4.081058134858572828e-02,8.974485008266679109e-02,-2.904598060681889415e-01,-9.590687698288574703e-02,2.260154609231869102e-02,6.724607891326690734e-02,-2.734706644622190638e-03,1.370123776754993417e-01,-3.984941239554939951e-01,-2.907636623620358379e-02,-1.409178247464140388e-01,1.614594039054470798e-01,2.187765315697752511e-02,1.862013494794226842e-01,-9.038831046963671789e-02,-4.359444121721256504e-02,9.612136377854238467e-02,-1.889271191742258535e-02,2.447517762187765289e-01,1.646722373653871918e-01,2.920595200857947077e-02,1.817820277939139473e-01,1.873765583806246970e-01,3.218419053577014077e-01,-3.243799991063049948e-01,-3.195629831538495669e-01,-3.234192770007596196e-01,-2.257160731042495150e-01,-1.212073819205505137e-01,1.219446802806202317e-02,-2.102730238169712718e-01,-2.655614638723803600e-02,-8.568300638991911689e-02,2.128781446892175772e-02,1.191697573618124145e-01,-1.830376692434871888e-01,4.158809598284105707e-02,-2.159703293266008184e-01,7.627686670539345071e-02,-1.705214710219402074e-01,3.853612761964341632e-02,-7.198713079226060074e-02,-9.697931096116894911e-02,-1.867018186692881720e-01,4.817015952455427040e-03,5.730819071450914126e-02,-3.730282854461772213e-02,-2.530810134501094710e-01,-4.127977121408463179e-02,-1.231243576567317560e-01,1.282541668528531242e-01,-1.160373564502435312e-01,-9.008445417578980416e-03,-9.459314535948880331e-02,8.022253005049376218e-02,-5.548058447651816466e-02,-2.689664417534295415e-01,-2.424683855400151800e-01,-3.286116448456141703e-02,8.254613700344072547e-02,-8.400732829885159672e-04,-7.458778318959738418e-02
-1.649448143348675178e-01,-9.141159122391527558e-02,2.109030787792126604e-01,1.986192412529603768e-01,7.002144867956566765e-01,7.789222038518254232e-01,1.116225032396443162e-01,1.285312122972429583e-01,0.000000000000000000e+00,7.861209169310514611e-01,1.361901782921488835e-01,7.529380222530050737e-02,3.772152464363912605e-01,9.519192099736359380e-02,6.458957057956119518e-01,5.796997184860807062e-01,-3.368783234282139716e-02,-1.048080790026364034e-01,1.031726171857545032e-01,-3.892041646186156830e-03,1.967201394164171668e-01,3.417891773537691802e-01,2.931006747397113532e-01,1.985790249787747486e-01,6.736940882076947190e-01,5.737164305822423094e-01,5.819071450913803067e-01,6.399705080655971878e-01,9.298449439206399325e-02,-9.697037401134993295e-02,8.532999687206756223e-02,2.736538719335090963e-01,-1.209213995263416636e-01,-7.272442915233030825e-02,-7.207650029045086990e-03,1.512578756870280178e-02,7.706778676437732456e-02,4.647213905893918251e-02,1.774699495062335153e-01,1.759193887126323796e-01,1.654944367487376500e-01,-3.874167746548103260e-03,-3.338978506635685295e-01,-1.571920103668617841e-01,-3.392466151302560573e-01,-3.058849814558291524e-01,-2.738415478797086577e-01,-4.000580901738236550e-01,-2.788551767281826632e-01,-2.534072121185039772e-01,-1.133473345547164751e-01,-1.526699137584342503e-01,-1.955628044148532141e-01,-2.861209169310514056e-01,4.458644264712453842e-02,9.261361097457437852e-02,-3.512668126368470589e-01,-2.225121765941284191e-01,-1.339246615130255946e-01,-2.827650922740068684e-02,-3.334956879217123027e-01,-1.877831895973904042e-01,-1.058671075561910674e-01,-6.135216050761874845e-02,-1.381920550516108903e-01,-2.620045578444076817e-01,-2.702310201528218547e-01,-1.958398498592430481e-01,-4.606997631708297652e-02,-5.664685642790115438e-02,4.726529335537780763e-01,2.123955493989901355e-01,1.113454577952544822e-01,-1.477724652576075867e-02,2.812592162295008968e-01,2.191697573618124062e-01,2.895571741364672338e-02,1.534608338174181241e-01,-4.098038339514723655e-02,-1.334152553733410906e-01,-5.818848027168327386e-02,-1.519147414987264966e-01,-2.594843379954421547e-02,4.321908932481344223e-02,-1.662540774833549395e-01,-2.424505116403771476e-01,2.704008221993833283e-01,2.367219268063809889e-01,1.970195272353545690e-01,2.906742928638455722e-02,-2.781670315921175862e-01,-2.907457884623977917e-01,-3.364761606863577587e-03,-2.616113320523705266e-01,9.672460789132669712e-02,6.927923499709548461e-02,-4.287501675678091068e-02,-2.974216899772107875e-02,-1.711425890343625661e-02,-2.607801957192010245e-02,2.100183207471289972e-03,-7.976227713481389217e-03,3.118995486840341318e-03,-4.019840028598239273e-02,-1.873631529558961450e-01,-2.560704231645739570e-01,-1.226149515170472243e-02,1.003932257920371746e-01,-7.485142320925868009e-02,-5.336252736940882285e-02,-4.600741766834979402e-02,2.754367934224049436e-02,-3.477367174583314430e-02,7.091022833906787670e-02,-1.051387461459403899e-01,4.427364940345859812e-02
-2.119352964833102482e-01,-2.328969122838375413e-02,2.460923186916305350e-01,2.670896822914339275e-01,6.796595022118950835e-01,8.312927297913221825e-01,1.509763617677286618e-01,2.119710442825863406e-01,7.861209169310514611e-01,0.000000000000000000e+00,-3.703472005004691814e-02,-5.335359041958979281e-03,1.560212699405692793e-01,6.531569775235712694e-02,6.251843245900173818e-01,6.670181866928817094e-01,-9.612136377854238467e-02,-1.335805889449930839e-01,7.685776844363019500e-02,7.147772465257606900e-02,1.744581974172214889e-01,3.541132311542070643e-01,3.561642611376736878e-01,3.127664328164797558e-01,5.930872693149827901e-01,4.610348987890433015e-01,5.681397738951695642e-01,6.611242682872335852e-01,-1.045667813575226757e-01,-2.083917958800661219e-01,1.533133741454041805e-02,3.043120782876804209e-01,-5.134277671030876983e-02,3.973814737030251232e-02,9.340006255864873042e-02,1.319942803521158281e-01,1.273962196702265459e-01,1.458465525716073075e-01,2.753429554493051490e-01,2.679476294740604780e-01,2.354081951829840591e-01,-8.280084007328299481e-03,-2.689351624290629572e-01,-9.667098619241253077e-02,-3.429018276062379966e-01,-2.930247106662496326e-01,-2.509897671924571916e-01,-3.811072880825774334e-01,-2.926985119978551264e-01,-3.316636132088118250e-01,-2.025336252736940901e-01,-1.932972876357299252e-01,-3.303990348094195673e-01,-3.971491130077304810e-01,8.074087313999732396e-02,1.179811430358818497e-01,-2.841592564457750547e-01,-1.711693998838196562e-01,-1.565217391304347949e-01,-7.838598686268376248e-02,-4.552750346306805307e-01,-1.912283837526252417e-01,-1.989811877206309476e-01,-1.095893471558157251e-01,-1.845524822378122320e-01,-1.914473390231913874e-01,-1.998882881272621703e-01,-4.838017784530140170e-02,6.380535323294159178e-02,1.030966531122927687e-01,4.327002993878189541e-01,1.706376513695875563e-01,7.742079628222887921e-02,-6.322445149470486137e-02,2.383618570981723972e-01,1.738281424549801280e-01,7.275570847669690644e-02,2.156217882836587996e-01,-1.413512668126368499e-01,-1.057285848339961504e-01,-1.842441574690558137e-01,-2.228919969614370500e-01,9.093346440859734550e-03,6.058805129809195777e-02,-3.412127440904419440e-01,-2.829393627954778778e-01,2.902453192725322761e-01,3.424549801152866335e-01,-6.340765896599490775e-03,-3.927789445462263884e-02,-2.819384244157469022e-01,-3.465168238080343355e-01,-2.421019705974350802e-02,-3.206845703561374550e-01,1.256445775056972969e-01,1.593458152732472322e-01,7.314893426873408412e-03,4.066759015148129625e-02,4.944367487376558068e-02,-1.409356986460521058e-02,-6.572232896912283406e-02,-1.170963850037982090e-01,4.779480763215514239e-02,-2.964386254971178303e-02,-2.214754904151213233e-01,-2.608427543679342486e-01,-6.302337012377676184e-02,1.102104651682380837e-01,-8.900308324768756163e-02,-1.177666562402252121e-01,-5.572188212163188548e-03,-3.597122302158273222e-02,-3.517136601277983526e-02,1.261897314446579384e-02,-1.486929710889673406e-01,-2.248089726976183061e-02
5.570490191697573534e-01,2.843782117163412004e-01,-2.215291121140354758e-01,1.249966486438178620e-01,2.213190937932883462e-01,4.117252781625631297e-02,3.043254837124089729e-01,1.343715090039769300e-01,1.361901782921488835e-01,-3.703472005004691814e-02,0.000000000000000000e+00,4.793377720184101021e-01,6.289199696143705776e-01,5.393627954779034450e-01,-6.444434514500201050e-02,3.951025514991733656e-02,-4.856785379150096310e-02,2.375441261897314610e-02,5.683408552660976776e-01,3.377318021359310141e-01,-3.999150989767192299e-01,-1.608293489432056911e-01,-1.259663076991822672e-01,-2.131373162339693372e-01,-1.037669243487197857e-01,7.812681531793198852e-02,1.031949595603020714e-01,3.036775548505295241e-02,2.697305509629563391e-01,-2.999240359265382613e-02,1.643996603959068659e-01,-1.542696277760400303e-01,5.122972429509807801e-01,2.947897582555074059e-01,-8.764466687519549548e-02,-1.442244961794539593e-01,-4.202511282899146772e-01,-4.752267751016577835e-01,-3.584789311408016488e-01,-2.607667902944724725e-01,-1.894454622637293806e-01,-1.680325304973412648e-01,1.849054917556637936e-02,-5.877831895973904125e-02,-1.539389606327360403e-02,3.807855578890924630e-01,2.655257160731042676e-01,1.651771750301622155e-01,1.308995039992850440e-01,3.696099021403994600e-01,2.067116493140891131e-01,3.119531703829482860e-01,2.111041601501407461e-01,2.389919120604137859e-01,-2.036998972250770867e-01,-1.587425711604629475e-01,1.382143974261584585e-01,2.940390544707091602e-01,2.503194959560302024e-01,1.648241655123106608e-01,3.923991241789177575e-01,5.089726976183028828e-01,3.313195406407792865e-01,6.087939586219223154e-01,-4.081013450109477469e-01,-2.822512176594128563e-01,1.752535859511148916e-02,3.871933509093346271e-02,-1.358863219983019732e-01,-8.973144465793823910e-02,6.239331516153536622e-02,-2.407927074489476793e-01,3.484516734438536378e-02,8.692524241476383418e-02,2.820992895124894151e-01,8.065150364180705134e-02,1.333348228249698342e-01,2.503686491800348468e-02,-2.725769694803163723e-02,-1.213950578667500751e-01,-1.105232584119040240e-01,-1.055409088877965890e-01,-3.119531703829482860e-01,-4.234863041244023574e-01,-9.155905089592922264e-02,-5.630278385986862977e-03,-1.458018678225121711e-01,-1.715402833013092709e-01,1.891818222440680985e-01,-1.079404799142052868e-01,1.783323651637696017e-01,-2.077751463425532852e-01,-8.973144465793823910e-02,-2.758121453148040803e-01,-1.839760489744849958e-01,-3.573439385137852642e-01,-1.190625139639840957e-01,-2.912194468028062033e-01,-3.216408239867733082e-02,-9.298896286697350827e-03,9.881585414897894881e-02,7.399794450154162546e-03,-1.535814826399749776e-02,-5.474775459135797218e-02,-1.010769024531927261e-02,-7.256356405558782308e-02,-1.693551990705572221e-03,-1.298002591715447518e-01,-1.338933821886590103e-01,-2.448500826667858177e-01,-7.659859689887840717e-02,-1.846329147861834885e-01,-2.208811832521560270e-01,1.219893650297153576e-01,5.273425979713124434e-01,-1.559006211180124224e-01
4.536082934894320462e-01,2.732517091916528695e-01,-4.943071629652799337e-01,-1.068769828857411008e-01,-1.033871039814111409e-01,-2.502345949327494440e-04,-9.938781893739666307e-02,2.448679565664238778e-01,7.529380222530050737e-02,-5.335359041958979281e-03,4.793377720184101021e-01,0.000000000000000000e+00,3.361991152419679385e-01,6.038473568970910144e-01,-6.696456499396756523e-02,-8.500826667858260577e-02,5.632065775950668290e-02,1.000938379730997776e-03,2.066759015148129930e-01,9.243487197819384715e-02,-4.575048036105276994e-01,1.050895929219357455e-01,-4.211492917467268282e-01,-5.015103445194155629e-01,-1.440636310827114741e-02,-2.252826310380267316e-01,-2.268644711559944516e-02,-8.457482461235980853e-02,3.017114258903436097e-02,-7.540998257294785623e-02,1.455248223781223371e-01,4.864828633987219875e-02,2.776620939273425903e-01,3.882613164127083349e-01,-2.013003261986683889e-01,1.819250189910183724e-01,-2.234282139505786580e-01,-1.834130211358863116e-01,-1.280530854819250108e-01,-4.140488851155101069e-02,-3.715358148263997462e-01,-3.875150811028196252e-01,-1.443451450020108162e-01,-1.387103981411144382e-01,-3.176817552169444725e-01,3.954689664417534445e-01,1.372223959962464712e-01,6.371151525984181108e-02,-9.174225836721926208e-02,3.167657178604942336e-01,5.614191876312614460e-02,4.455292908530318341e-01,1.342419232316010569e-01,1.403950131820009828e-01,1.883998391349032686e-01,3.256713883551544120e-01,1.311452701193082937e-01,4.302917914115912401e-01,3.900218955270566279e-01,6.214039948165690497e-01,4.019974082845524932e-01,6.361633674426918628e-01,3.730461593458152536e-01,6.265650833370570716e-01,-5.744090441932168112e-01,-3.168282765092274023e-01,-1.152821841905357636e-01,2.738772956789847779e-01,-4.582867867196925571e-02,6.120916931051432336e-02,-4.327271102372760164e-02,-1.307877921265472032e-01,-2.452299030340944486e-02,-4.745967201394164087e-02,1.147057509272085413e-01,-8.113409893203449297e-02,1.416372492068457001e-01,2.876312614504669685e-01,-9.483444300460253107e-02,-3.133741454041735763e-01,-2.226238884668662599e-01,-3.015460923186916165e-01,-4.363063586397962212e-01,-2.987354216006077312e-01,-1.956253630635864105e-01,-1.375888109388265779e-01,6.966352383931364439e-03,-3.064033245453326795e-02,6.414048885115510024e-02,2.406988694758478986e-01,1.214620849903927796e-01,-2.465525716073104223e-01,-1.743018007953885395e-01,-3.231198891818222174e-01,-9.535725456901560093e-03,-1.289020957147325730e-01,1.149023638232271327e-01,-1.595245542696277800e-03,2.698958845346083324e-01,2.112828991465212913e-01,3.769962911658251148e-01,1.458018678225121711e-01,2.257920371777112356e-01,2.236427007462353234e-01,4.535948880647035220e-02,-3.059475401045623211e-01,1.018052638634434071e-01,1.971178336833638578e-01,1.319451271281111837e-01,-7.385048482952767668e-02,1.413780776620939261e-01,-1.069752893337503896e-01,-2.677197372536753162e-01,2.773001474596720195e-01,2.327762634612806636e-01,-4.516555699539747115e-01
2.186782251217659345e-01,-1.048304213771839716e-01,1.649894990839626541e-01,3.808793958621922160e-01,2.620939273425979543e-01,2.991241789177353505e-01,4.067518655882746970e-01,2.119084856338531719e-01,3.772152464363912605e-01,1.560212699405692793e-01,6.289199696143705776e-01,3.361991152419679385e-01,0.000000000000000000e+00,5.470306984226283031e-01,1.364538183118101655e-01,1.727557084766969120e-01,-1.744894767415881009e-01,-2.687251441083158277e-01,1.651727065552526796e-01,-2.081415612851333918e-02,-2.351892399124178856e-01,2.299477188435587044e-02,1.828812726216542395e-01,2.079404799142052784e-01,2.788149604539970627e-01,3.702935788015550567e-01,3.137003440725680270e-01,3.609231869163054829e-01,1.097144644532820901e-01,-1.035435006032441180e-01,3.643505071719022048e-01,2.799812324053800316e-01,3.030028151391929714e-01,1.090486616917645951e-01,1.344921578265338147e-01,1.076008758210822702e-01,-2.079047321149291860e-01,-2.433263327226417583e-01,-2.715760311005853689e-01,-2.348272934447473148e-01,-1.628356941775772060e-01,-2.707314893426873148e-01,-1.470217614728093203e-01,-2.328790383841994605e-01,-2.583314714687877101e-01,-2.218150945082443190e-02,-1.027749229188078123e-01,-1.885070825327315736e-01,-2.171768175521694433e-01,9.366817105321953441e-02,6.139237678180436975e-02,2.430448188033424162e-01,-1.251172974663747328e-02,-5.829125519460208460e-02,-1.837570937039188501e-01,-1.058224228070959450e-01,-2.177711247151347118e-01,-5.238393136422538759e-02,1.351490236382322796e-01,1.484248625943965227e-01,1.817596854193663791e-01,2.422717726439966024e-01,7.442244961794539093e-02,2.154564547120067786e-01,2.274006881451360804e-02,-2.185531078242995695e-02,-5.844765181643504781e-02,-8.578131283792841955e-02,-3.656374279458420862e-01,-3.282854461772197197e-01,3.371464319227847617e-01,1.043612315116850681e-01,1.630099646990482154e-01,5.690602797265293528e-02,1.943205683900084968e-01,1.674114124849188923e-01,1.248849367710800351e-01,4.933196300102775031e-03,-1.000402162741856199e-01,-2.486840341391483022e-01,-2.154787970865543467e-01,-2.758076768398945444e-01,-3.035524375530631591e-01,-3.133205237052593684e-01,-1.072433978283211841e-03,-1.252558201885696498e-01,9.017382367398006984e-03,5.887662540774833697e-02,1.185620447741185940e-01,-1.069395415344742833e-01,7.357343938513785653e-02,-1.115197283167255055e-01,-5.534653022923276267e-02,-1.714464453282094902e-01,-1.582778497698735520e-01,-3.036462755261629121e-01,-1.104696367129898577e-01,-3.225702667679520852e-01,-2.120827561553241813e-01,-1.207918137539657766e-01,-1.027615174940792742e-01,-8.793958621922337571e-03,5.619554046204030401e-02,1.654676258992805737e-02,-1.062156485991331140e-01,-3.340631842352205227e-01,-6.019035703114527375e-03,-1.310380267214799610e-01,3.287456990928996209e-02,-1.352115822869654482e-01,-9.959783725814379263e-02,-1.827025336252736942e-01,-2.897091022833906959e-01,2.959024085079762362e-02,2.023236069529469605e-01,-1.300370883417489576e-01
