1.000000000000000000e+00,6.347513293712855331e-01,4.536485097636177022e-01,3.963894722731131637e-01,-2.581884802716832850e-01,-2.451405335359042037e-01,4.277000759640734451e-01,2.732472407167433892e-01,-1.145404173555565480e-01,-3.651324902810670903e-01,1.858304660619330695e-01,5.688368559810536712e-02,8.814960453997050527e-02,-2.334331292729791285e-01,-1.531435720988426619e-01,-4.442513070289110244e-01,5.088699226953840443e-02,-3.922427275570847943e-02,6.108583940301175463e-01,5.967424817909647849e-01,-3.482282496983779563e-01,-3.693105143214620578e-01,2.502480003574780176e-01,2.059654140042003756e-01,-3.875776397515527938e-01,-2.766790294472496470e-01,-1.958130390097859719e-01,2.805308548192501916e-02,-1.486304124402341442e-01,-1.773537691585861664e-01,8.744805397917691445e-03,-2.527816256311720897e-02,4.895929219357433304e-01,2.160016086509674305e-01,-2.381429018276062515e-01,-1.003574779927610683e-01,-3.638008847580320726e-01,-4.924706197774699756e-01,-3.357835470753831597e-01,-3.253139103623933215e-01,-3.465704455069484879e-01,-3.470262299477188672e-01,7.225077081192189665e-02,-8.204566781357522376e-02,2.147459672013941612e-01,7.110684123508646814e-02,-7.238482505920729171e-02,-1.063809821707851072e-01,5.648599133115867615e-02,3.687832342821394799e-02,5.809017382367398464e-04,-6.195540462040305396e-02,-6.675901514812994375e-02,-6.168282765092274189e-02,-1.433665489968273810e-01,-4.208990571517940982e-01,6.389606327360471960e-01,4.301934849635819513e-01,2.559765851914741486e-01,1.497877474417981247e-01,4.237320702444255516e-01,1.544841145716966679e-01,2.692479556727289114e-01,7.499888288127262714e-02,-5.436793422404933435e-02,-2.198489655480584393e-01,2.164037713928236295e-01,-1.372268644711559932e-02,5.141382546137003295e-01,3.397426158452120371e-01,-1.873139997318915007e-01,-2.721971491130077414e-01,-1.350685910898610231e-01,-9.166182581884803338e-02,-1.149649224719603152e-01,-3.730416908709057733e-01,-8.171946914518074534e-02,-1.028240761428124567e-01,-1.328343536351043463e-01,-9.555386746503417850e-02,-3.291478618347557644e-02,-2.969256892622547661e-01,-2.380088475803208425e-01,-3.136735332231109785e-01,-1.341302113588632161e-01,-1.470843201215425167e-01,-1.881227936905134276e-02,-2.330979936547656339e-01,-1.360114392957683660e-01,-6.205817954332186470e-02,-3.076366236203583737e-01,-2.923678448545511399e-01,-1.922918807810894137e-01,1.786049421332499068e-02,-5.465838509316769955e-02,-5.566379194780821105e-02,-2.523258411904016896e-01,-1.956298315384959186e-01,-3.041422762411188918e-01,-2.586085169131775441e-01,3.515796058805129715e-02,2.604137807766209178e-01,2.163188703695428580e-02,1.925957370749363240e-01,-1.856293846910049561e-01,-2.507395325975244615e-01,-3.001608650967425018e-01,-6.343893829036149901e-02,-9.673801331605523524e-02,1.122838375262522892e-01,-1.928370347200500379e-01,-1.902229768979847302e-01,-1.790428526743822468e-01,-8.099110773493006787e-02,-8.392689575048035977e-02,-2.970329326600831266e-01
6.347513293712855331e-01,1.000000000000000000e+00,4.693686044952857794e-01,5.234014031011215984e-01,-8.297957906966352271e-02,-5.752267751016577890e-02,3.760445060100987558e-01,4.530988873497475145e-01,-5.915367085213816406e-02,-2.693596675454667383e-02,-9.891862907189775955e-02,2.389248849367710814e-01,-7.171902229768979849e-03,-3.561374502882166428e-03,-1.842575628937843379e-01,-1.376200902631931622e-01,2.355779972295455466e-02,2.014701282452298903e-01,7.362482684659725773e-01,7.493587738504848828e-01,-3.809151436614683361e-01,-2.680012511729746860e-01,2.999999999999999889e-01,3.151660038428883981e-01,-1.593860315474328604e-01,2.891550113946110209e-02,-2.927566021716788147e-01,-1.564457750569730465e-01,-6.843469323919745828e-02,1.178336833638679061e-02,2.579918673756647074e-01,1.075606595468966420e-01,4.911747620537110781e-01,3.477411859332409927e-01,-2.683721345904642730e-01,-1.249385584699941841e-02,-2.703293266008311435e-01,-4.592341034005094080e-01,-3.973323204790205065e-01,-4.378390455337593523e-01,-2.169489253317842536e-01,-2.761740917824746511e-01,-1.765941284239689116e-02,-9.907949416864024472e-02,1.870235488627731424e-01,3.509540193931811047e-01,-1.860136735332231228e-01,-1.078779212654720904e-01,2.836587872559095599e-02,2.719290406184369235e-01,-1.769247955672728911e-01,1.154609231869163088e-01,-4.065239733678895351e-01,-2.043254837124089673e-01,-2.957326064614146932e-01,-3.889003083247687398e-01,4.685061888377496930e-01,6.828499932972876829e-01,4.841905357701416501e-01,5.267304169087090315e-01,3.033871039814111659e-01,3.763975155279503104e-01,1.465793824567674930e-01,3.673577907860047231e-01,-1.588900308324768806e-01,8.722909870861074444e-02,3.677554850529514141e-01,2.221949148755529846e-01,5.345279056258098738e-01,4.744090441932168334e-01,-8.646498949908396070e-02,-1.287859153670852241e-01,4.255328656329594728e-02,8.640243085035077819e-02,-2.671701148398051839e-01,-1.960319942803521315e-02,-1.442066222798158992e-01,-6.855981053666383718e-02,-1.670584029670673376e-01,9.793556459180481621e-02,-1.719781938424415624e-01,-2.557308190714509266e-02,-2.996023057330532979e-01,-1.130658206354171330e-01,-4.551588542830332096e-01,-2.607846641941105603e-01,-2.789892309754680721e-01,-1.493274945261182374e-01,-4.756602171678805946e-01,-1.277760400375351768e-01,-2.668126368470440934e-01,-2.718173287456990828e-01,-2.359533491219446832e-01,-1.069529469592028215e-01,-1.432905849233656603e-01,-8.675990884311184093e-02,-1.671164931408910259e-01,-1.204432727110237300e-01,-1.710710934358103674e-01,7.722418338621028777e-02,1.970061218106260448e-01,1.637562000089369529e-01,2.483399615711157915e-01,3.203896510121095886e-01,-1.329103177085660670e-01,-2.028464185173600165e-01,-1.135439474507350666e-02,4.235667366727735583e-02,-2.320076857768443579e-01,-1.759015148129943196e-01,-1.706153089950399881e-01,-8.755976585191474482e-02,-1.526475713838866821e-01,-1.181241342329862887e-01,-1.055051610885204827e-01,-1.627105768801108132e-01
4.536485097636177022e-01,4.693686044952857794e-01,1.000000000000000000e+00,8.257026676795209408e-01,-1.374949729657267972e-01,3.005987756378747933e-01,8.532597524464899941e-01,7.357790786004736461e-01,2.480897269761830337e-01,2.163680235935475094e-01,1.374681621162697209e-01,4.294785289780597703e-01,4.021180571071093501e-01,2.265293355377809570e-01,8.529424907279145596e-02,2.461906251396398515e-01,-3.182269091559050689e-01,-2.102462129675141955e-01,5.572322266410474345e-01,4.239599624648107690e-01,-2.133473345547164668e-01,-6.077125876938200937e-03,6.879351177443138177e-01,7.570222083203003161e-01,1.515796058805129742e-01,3.516555699539747337e-01,-3.336476160686357995e-01,-6.261673890701104084e-02,-1.528397158049957516e-01,-1.327226417623665056e-01,4.876580722999240280e-01,5.598775637874793265e-01,1.937486036015907687e-01,2.923142231556369874e-01,5.205773269583091611e-02,2.088073640466508729e-01,-1.733634210643907325e-01,-3.049421332499218096e-01,-3.066759015148129985e-01,-2.933151615353679631e-01,-6.009205058313597803e-02,-9.109432950533982720e-02,-3.774476071316859582e-01,-3.516555699539747337e-01,-5.926985119978551292e-02,1.772867420349434620e-01,-4.995799633585057409e-01,-3.991956745162875686e-01,9.587559765851914884e-02,3.925912686000267993e-01,5.547611600160864964e-02,2.002859823942088613e-01,-3.777380580008043442e-01,-3.068367666115554560e-01,-4.369587559765851781e-01,-5.378390455337592746e-01,-2.559989275660217237e-02,-8.897627239823048539e-02,3.990035300951785269e-01,2.719871307922606118e-01,-1.102417444926046680e-01,-1.165422941150185410e-01,-1.766522185977925652e-01,-1.913981857991867430e-01,1.000312793243665899e-01,1.172438446758121422e-01,2.475579784619509338e-01,2.027168327449841434e-01,4.026542740962509720e-02,-9.914652129228294919e-02,9.897671924572143051e-03,2.733991688636668305e-01,-9.093346440859734550e-03,1.104741051878993657e-01,-2.692613610974574634e-01,-4.627999463783010609e-02,8.892265069931632859e-04,1.499039277894454736e-01,-4.283345994012243696e-01,-2.976987354216006354e-01,-5.491621609544662386e-01,-3.825148576790741162e-01,-3.949550918271593769e-01,-3.962643549756467848e-02,-4.902944724965369594e-01,-3.128155860404843724e-01,-1.247553509987041481e-01,-1.159926717011483949e-01,-2.934894320568390280e-01,-1.994280352115822830e-01,-1.095759417310871731e-01,-3.353366995844318521e-01,-6.002055498458375854e-02,-3.417042763304883879e-02,-1.757540551409803864e-01,-1.222753474239242077e-01,-3.570624245944858943e-01,-3.338621028642924093e-01,-2.562044774118593105e-01,4.640958041020600000e-02,-1.299879351177443167e-02,1.765449751999642602e-01,2.407212118503954668e-01,3.675186558827472361e-01,-3.896510121095669854e-02,-7.765315697752357693e-02,-5.452433084588229756e-02,7.213459046427454779e-02,-2.396174985477456665e-01,2.847759059832878983e-02,-4.180705125340721251e-01,-2.081236873854953318e-01,-3.973501943786585389e-01,-3.492381250279279481e-01,-3.092676169623307381e-01,-1.229590240850797628e-01
3.963894722731131637e-01,5.234014031011215984e-01,8.257026676795209408e-01,1.000000000000000000e+00,-1.861253854059609358e-01,2.549845837615621891e-01,7.759640734617274660e-01,9.441842799052683199e-01,1.821261003619464580e-01,3.793824567675052606e-01,2.005630278385986953e-01,6.114929174672684153e-01,4.246972608248804626e-01,3.831136333169489205e-01,-1.382233343759774746e-01,2.538093748603601485e-01,-3.208320300281514159e-01,-1.530452656508333731e-01,6.673533223110952317e-01,5.267616962330756714e-01,-2.648062916126726063e-01,-1.683587291657357432e-01,8.165914473390232242e-01,8.650431207828768176e-01,1.517628133518030276e-01,3.951382992984494580e-01,-3.296617364493498181e-01,-1.350775280396800671e-01,-1.970552750346306892e-01,-1.996335850574199045e-01,5.865722328969122934e-01,7.046874301800795104e-01,2.267751016578041789e-01,3.783457705884981648e-01,-1.642298583493453645e-01,7.042763304884043507e-02,-2.796014120380714285e-01,-4.108315831806604312e-01,-5.379373519817686189e-01,-4.323383529201483277e-01,-1.810536663836632421e-01,-2.971178336833638634e-01,-3.541802582778497688e-01,-2.876536038250145366e-01,-1.301890164886724266e-01,1.798203673086375687e-01,-5.813083694535055024e-01,-4.251038920416461697e-01,3.798650520577327022e-02,3.936905134277671192e-01,1.456007864515840855e-01,2.090263193172170464e-01,-4.451539389606327113e-01,-1.290004021627418618e-01,-5.943920639885607038e-01,-6.031681487108450090e-01,-1.471692211448232812e-01,2.767326511461638133e-02,2.610304303141338100e-01,2.075919388712632319e-01,-2.284418427990526912e-01,8.311810179185843972e-02,-2.231020152821841795e-01,5.279056258099110860e-02,-5.645918048170159298e-02,2.949372179275213113e-01,1.103802672147995850e-01,1.356628982528263194e-01,-2.753474239242146779e-02,-3.689172885294249304e-02,1.006479288618794404e-01,3.086822467491844857e-01,2.202064435408195020e-02,1.596139237678180500e-01,-2.537065999374413239e-01,4.348719781938424622e-02,-1.651101479065195110e-02,1.313731623396934556e-01,-5.594039054470708594e-01,-3.185933240984851755e-01,-6.466776889047768373e-01,-4.404352294561866277e-01,-5.003932257920371551e-01,-1.962509495509182633e-01,-6.596988247910987591e-01,-1.621520175164216371e-01,-3.280441485321060058e-01,-2.962330756512802088e-01,-4.654989052236471747e-01,-2.018410116627195050e-02,-1.279860583582823064e-01,-1.933017561106394333e-01,-5.381384333526967323e-02,3.170829795790696543e-02,-3.493006836766611722e-01,-2.294204388042361265e-01,-4.594128423968899533e-01,-4.041780240403949898e-01,-3.796460967871665426e-01,-8.128155860404844002e-02,-2.518834621743599178e-01,2.762098395817507712e-01,3.033200768577684267e-02,3.078645158407435356e-01,-2.077304615934581489e-01,-1.082219938335046289e-01,-2.101210956700478028e-01,1.787836811296304729e-02,-3.566691988024487392e-01,-5.519013360739979251e-02,-4.807051253407211844e-01,-2.169176460074176693e-01,-3.416104383573886349e-01,-4.243799991063050281e-01,-2.445462263729389074e-01,-1.978908798427096716e-01
-2.581884802716832850e-01,-8.297957906966352271e-02,-1.374949729657267972e-01,-1.861253854059609358e-01,1.000000000000000000e+00,3.911300773046159085e-01,-2.058358282318244747e-01,-1.193842441574690522e-01,4.622860717637070627e-01,2.831315072165869751e-01,1.137539657714821961e-01,-4.462219044640064469e-02,6.868045935922069412e-02,9.922695384065417790e-02,3.525582018856964206e-01,2.829661736449349818e-01,3.416059698824790991e-01,1.293087269314982801e-01,-3.220117074042629368e-01,-2.400285982394208817e-01,4.710621564859913124e-01,-3.864337101747173514e-02,-1.780374458197417353e-01,-5.876491353501050313e-02,5.068814513606506589e-01,4.693328566960096593e-01,5.205237052593949532e-01,2.715268778765806967e-01,5.296662049242593095e-01,3.627061084052012885e-01,1.746011886143259417e-01,2.713257965056526180e-02,-1.289020957147325730e-01,-8.670181866928816650e-02,1.622056392153358156e-03,-8.385093167701863914e-02,9.481210063005496291e-02,1.876223245006479190e-01,1.204611466106617762e-01,-1.273515349211314096e-01,3.968318512891549910e-01,1.546717905178962293e-01,1.935475222306626830e-01,6.930157737164305276e-02,1.747084320121542467e-01,2.007685776844363168e-02,1.757406497162518344e-01,1.133205237052594024e-02,-2.063586397962375307e-01,-1.138746145940390531e-01,-2.057598641583627541e-01,-2.290987086107511561e-01,-5.772375888109388536e-02,1.530407971759238650e-01,-8.322087671477725046e-02,1.889494615487734008e-01,3.984985924304035310e-02,4.949729657267974703e-02,-1.809821707851110295e-01,-2.306716117788998599e-01,-9.620626480182314227e-03,-1.994280352115822830e-01,1.076008758210822598e-02,-7.862281603288798215e-02,-1.203494347379239493e-01,-2.076902453192725206e-01,-8.374368827919030644e-02,-3.286116448456141703e-02,-1.340319049108539273e-01,-5.550292685106573282e-02,4.096921220787345108e-01,2.851378524509584622e-01,3.873274051566200638e-01,4.374905044908172780e-01,-1.581840117967737514e-03,3.637115152598418000e-01,1.232226641047410587e-01,1.205237052593949726e-01,3.529916439519192317e-01,2.873318736315295663e-01,2.857410965637428024e-01,4.093078332365163718e-01,2.354305375575316273e-01,1.791590330220295679e-01,3.143572098842665336e-02,1.671120246659814901e-01,-2.964833102462129805e-02,2.370302515751374073e-01,-2.624067205862639085e-01,-6.027972652933553943e-02,-3.530631395504714165e-01,-2.873139997318914785e-01,-1.279637159837347382e-01,-1.045980606818892739e-01,4.125296036462755556e-02,-4.711113097099960123e-02,-3.603378167031592166e-02,1.511059475401045626e-01,2.109120157290316766e-01,-4.179811430358818664e-02,-5.722328969122838366e-02,-2.069395415344742750e-01,-2.222172572501005319e-02,-2.471513472451852128e-02,-2.000580901738236717e-01,1.502301264578399451e-02,-8.086599043746368898e-02,-1.472630591179230619e-01,4.207694713794182251e-01,5.073953259752446432e-02,-2.471066624960900973e-02,5.716519951740470923e-02,1.582644443451450000e-01,7.934670896822913766e-02,3.503775861298538685e-01,2.002144867956566487e-01
-2.451405335359042037e-01,-5.752267751016577890e-02,3.005987756378747933e-01,2.549845837615621891e-01,3.911300773046159085e-01,1.000000000000000000e+00,1.422583672192680726e-01,2.688726037803297886e-01,6.014611912954108686e-01,5.262522900933911396e-01,7.038741677465480684e-02,1.279547790339157221e-01,2.554448366772420487e-01,1.684838464632021082e-01,4.078555788909245527e-01,5.923544394298225768e-01,-9.533044371955851082e-02,7.533848697439564368e-02,4.066312167657178600e-04,1.310603690960275222e-02,9.799365476562849064e-03,2.860181420081326364e-01,2.550962956343000299e-01,3.730819071450913738e-01,4.807810894141829605e-01,7.122883060011617751e-01,2.760757853344653623e-01,3.925331784262031110e-01,1.056079360114392934e-01,3.335269672460788870e-02,3.556191071987130914e-01,5.274855891684168130e-01,-1.960900844541757782e-01,7.080745341614906596e-02,2.348630412440234072e-01,1.900799857008802773e-01,4.645426515930112937e-02,8.367219268063809390e-02,-1.198489655480584476e-01,5.111488448992358713e-02,2.066356852406273648e-01,3.494258009741275095e-01,-2.287859153670852019e-01,-1.723222664104741009e-01,-6.758121453148040192e-02,3.786138790830689826e-02,-2.494838911479511923e-01,-2.736359980338710640e-01,-1.042316457393091672e-01,2.433844228964654466e-01,7.389516957862281299e-02,5.583806246927923433e-02,-1.153626167389070062e-01,-1.353322311095223329e-01,-2.517136601277983887e-01,-6.692434871978193700e-02,-2.982483578354707676e-01,-3.125876938200992106e-01,1.268242548818088455e-01,-6.725501586308592350e-02,-4.191161356628982371e-01,-3.725188793064926895e-01,-2.896599490593860238e-01,-7.962375441261897169e-02,-6.740694401000937863e-02,5.254032798605835775e-02,2.770454443898297606e-02,1.641985790249787802e-01,-2.803208364985030343e-01,-2.262299477188435548e-01,3.849814558291255184e-01,5.486616917646007785e-01,4.012958577237588642e-01,6.063362974216899293e-01,8.391349032575182165e-02,5.064077930202421918e-01,2.643951919209973633e-01,3.266544528352473553e-01,-2.222932213235622734e-01,7.281379865052058087e-02,-2.339067876133875401e-01,7.188882434425131196e-02,-2.311720809687653477e-01,1.154519862370972788e-01,-1.856517270655525242e-01,-2.122525582018856827e-03,-1.048751061262791044e-02,4.823718664819696966e-02,-2.959024085079762362e-02,-2.092765539121497764e-01,-1.426560614862147636e-01,-2.437687117386835856e-01,2.181956298315385068e-02,5.595424281692658319e-02,-1.175119531703829462e-01,-1.891818222440680985e-01,-2.116493140891013980e-01,-7.131239108092407575e-02,-3.549309620626479866e-02,1.037803297734483238e-01,-2.555967648241654934e-03,8.913266902006344861e-02,1.750837839045533695e-01,2.714241029536619276e-01,-2.869207739398543441e-02,5.387193350909334766e-02,-1.085481925018991073e-01,-4.365253139103623947e-02,-8.205907323830376188e-02,3.750837839045533667e-02,-1.864739264489029824e-01,1.997408284552482267e-03,-9.619732785200410530e-02,-4.812547477545913756e-03,-1.445104785736628025e-02,2.958130390097859618e-03
4.277000759640734451e-01,3.760445060100987558e-01,8.532597524464899941e-01,7.759640734617274660e-01,-2.058358282318244747e-01,1.422583672192680726e-01,1.000000000000000000e+00,7.524330845882299945e-01,7.107109343581036187e-02,2.283122570266767903e-01,2.611287367621430988e-01,5.943026944903704312e-01,6.523258411904017118e-01,4.310827114705750862e-01,2.474641404888511600e-02,1.423968899414629896e-01,-1.949595603020689016e-01,-1.134232986281782096e-01,4.955806783144912631e-01,3.602261048304213897e-01,-2.308503507752804051e-01,-1.946691094329505434e-01,7.287233567183519778e-01,7.260735510970105500e-01,1.728227356003396165e-01,2.046204030564368337e-01,-4.355109701059028393e-01,-3.051298091961213710e-01,-1.339604093123017148e-01,-6.536485097636177133e-02,5.314580633629741868e-01,5.712543009071003874e-01,2.532955002457661364e-01,3.983779436078466185e-01,1.424996648643817899e-02,2.163009964699048326e-01,-2.842218150945082233e-01,-3.377005228115644297e-01,-3.762768667053934535e-01,-3.913132847759059896e-01,-1.202779391393717368e-01,-1.295902408507976222e-01,-2.390187229098708621e-01,-2.212431297198266256e-01,-1.143929576835426010e-01,1.204834889852093444e-01,-3.886813530542025941e-01,-2.902229768979847080e-01,3.555565485499798811e-02,1.803029625988649964e-01,1.229143393359846265e-01,1.465525716073104168e-01,-2.174627999463782935e-01,-2.598194736136556493e-01,-3.701282452299030079e-01,-6.702086777782743088e-01,-5.615085571294517464e-02,-5.254032798605835775e-02,1.769158586174538750e-01,1.147012824522990332e-01,-2.425041333392912932e-02,-3.926448902989409379e-02,-5.381831181017918825e-02,-1.111086286250502764e-01,1.438402073372357926e-01,1.161445998480718500e-01,1.706778676437731845e-01,9.207739398543277054e-02,5.809017382367398193e-05,-8.600026810849456527e-02,1.791054113231154155e-01,3.167210331113990973e-01,-2.064435408195182831e-03,1.892801286920773873e-01,-2.964162831225702899e-01,-1.137405603467536580e-01,3.697216140131372869e-02,1.680727467715268653e-01,-3.707761740917824844e-01,-3.153089950399928232e-01,-4.375396577148219501e-01,-3.985924304035032839e-01,-3.471647526699137565e-01,-1.764600741766834957e-01,-4.052102417444926052e-01,-3.775950668036999192e-01,-2.356092765539121447e-01,-2.278788149604540070e-01,-2.899325260288663220e-01,-2.730729701952723798e-01,8.135305420260065257e-02,-2.673533223110952095e-01,1.640823986773314383e-02,-1.133786138790830733e-01,-3.047544573037222482e-01,-2.017918584387148606e-01,-3.101210956700478083e-01,-4.161758791724384232e-01,-1.642790115733500089e-01,-4.632467938692524240e-02,-7.724652576075785593e-02,1.038562938469100444e-01,1.209482103757987398e-01,1.928102238705929616e-01,-8.301085839403012090e-02,-1.205773269583091251e-01,-9.148755529737701009e-02,-6.813977389516957806e-02,-2.324724071674337533e-01,-4.795567272889762755e-02,-3.327986058358282095e-01,-2.750614415300058346e-01,-3.065329103177085734e-01,-2.966620492425934841e-01,-1.976093659234103295e-01,-6.520845435452879424e-02
2.732472407167433892e-01,4.530988873497475145e-01,7.357790786004736461e-01,9.441842799052683199e-01,-1.193842441574690522e-01,2.688726037803297886e-01,7.524330845882299945e-01,1.000000000000000000e+00,1.630323070735957836e-01,4.848071853076544868e-01,2.842799052683319116e-01,7.638500379820367669e-01,5.026185262969747880e-01,5.577997229545555991e-01,-1.469860136735332279e-01,3.183967112024665980e-01,-2.568658116984673390e-01,-1.986237097278698710e-02,5.618347557978461415e-01,4.253139103623932993e-01,-1.657491398185799159e-01,-2.519594262478216384e-01,8.042003664149425246e-01,8.459180481701594756e-01,2.343938513785245037e-01,4.399794450154162484e-01,-3.236918539702399733e-01,-1.826444434514500337e-01,-1.535189239912417847e-01,-6.661602395102551866e-02,6.404933196300103271e-01,7.313776308146029415e-01,1.465570400822199248e-01,3.681844586442646894e-01,-1.902408507976227625e-01,9.751999642522007905e-02,-2.979042852674382291e-01,-3.453460833817418307e-01,-5.944546226372938724e-01,-5.062290540238616465e-01,-1.798337727333660929e-01,-3.081817775593190256e-01,-3.415657536082934986e-01,-2.378479824835783574e-01,-1.777157156262567650e-01,1.882166316636132153e-01,-5.657982930425845547e-01,-3.967246078913266860e-01,3.177532508154966989e-02,3.710130032619866625e-01,2.269091559050895879e-01,2.394789758255507495e-01,-4.085571294517181262e-01,-1.097457437776486883e-01,-5.941865141427230546e-01,-6.003217301934850036e-01,-2.353769158586174470e-01,-1.382992984494391987e-02,1.520577326958309217e-01,1.228428437374324139e-01,-3.007909200589838905e-01,7.989186290718977568e-02,-2.923410340050940359e-01,8.681799901693551536e-02,-1.152598418159882093e-01,2.978685374681621090e-01,2.409401671209616264e-02,9.640734617275123486e-02,-1.413423298628178337e-01,-1.266857321596139285e-01,2.111801242236024945e-01,3.664730327539210686e-01,3.699003530095178183e-02,2.646498949908396292e-01,-2.877653156977523774e-01,1.045623128826131676e-01,1.654229411501854582e-02,1.561463872380356721e-01,-4.956879217123195680e-01,-2.420662227981589809e-01,-5.762098395817507601e-01,-3.573528754636042803e-01,-4.475088252379462728e-01,-1.761249385584700011e-01,-6.502658742571160166e-01,-1.626033334822825083e-01,-4.213369676929263896e-01,-2.441530005809017245e-01,-4.795299164395191993e-01,-6.336744269180928646e-02,-1.120291344564100233e-01,-2.078555788909245139e-01,-4.076589659949059197e-02,-1.654229411501854582e-02,-4.178292148889584112e-01,-2.700612181062603256e-01,-4.446087850216721149e-01,-4.076679029447249913e-01,-3.360427186201349614e-01,-6.444881361991151858e-02,-2.960632736047187352e-01,1.857768443630188893e-01,-4.897448500826667890e-03,2.030564368381071461e-01,-2.340095625363063647e-01,-1.136199115241967872e-01,-2.133920193038116031e-01,-9.104070780642566085e-02,-3.403056436838107213e-01,-3.829036149962018049e-02,-4.455158854283033376e-01,-1.961660485276375265e-01,-3.481701595245542680e-01,-3.898833728048616831e-01,-1.433263327226417527e-01,-1.258545958264444264e-01
-1.145404173555565480e-01,-5.915367085213816406e-02,2.480897269761830337e-01,1.821261003619464580e-01,4.622860717637070627e-01,6.014611912954108686e-01,7.107109343581036187e-02,1.630323070735957836e-01,1.000000000000000000e+00,4.414719156351937235e-01,2.029179141159122290e-01,-3.699897225077081186e-02,2.535636087403368988e-01,9.802940256490459692e-02,5.959336878323427955e-01,5.455471647526699552e-01,-2.311542070691273085e-02,-3.651190848563385521e-02,-1.862415657536082847e-01,-8.498592430403503761e-02,-3.800884758032083838e-02,1.827919031234639669e-01,5.958711291836096130e-02,2.336923008177309025e-01,3.104919790875374508e-01,5.817820277939139695e-01,7.032932660083113241e-02,3.389785066356852394e-01,2.814558291255194744e-01,2.247642879485231560e-02,1.405156620045578397e-01,3.074578846239778285e-01,-1.696456499396755968e-01,-1.644800929442781223e-01,1.570937039188524953e-01,-4.155681665847446235e-03,3.146387238035658340e-01,2.382367398007060322e-01,5.174047097725546079e-02,2.591268600026810920e-02,4.682068010188122908e-01,3.705304079717592347e-01,-2.515393896063273793e-01,-3.220429867286295211e-01,-1.313776308146029637e-01,-1.665221859779257296e-01,-2.642030474998882661e-01,-2.839849859243040453e-01,-2.704857232226641206e-01,1.388131730640332351e-01,-1.936771080030385561e-01,-1.613610974574377632e-01,-3.100853478707716882e-01,-1.037535189239912475e-01,-2.873810268555341829e-01,8.802895571741364139e-03,-1.557218821216318771e-01,-2.143482729344474702e-01,-7.095938156307252109e-02,-2.170561687296125863e-01,-3.091916528888690174e-01,-4.495196389472272958e-01,-1.860807006568657995e-01,-2.297779167969971892e-01,-9.867733142678403180e-02,-2.310648375709370428e-01,-1.547164752669913657e-01,-9.379328835068591677e-03,-1.830689485678538009e-01,-1.686581169846731176e-01,1.584253094418874852e-01,4.153224004647214085e-01,3.221189508020912418e-01,3.191071987130792431e-01,1.160239510255149931e-01,2.715983734751329370e-01,3.182358461057241406e-01,2.079047321149291860e-01,-2.286518611197998208e-01,-6.462308414138254187e-02,-2.157871218553107928e-01,8.125027927968184183e-02,6.760802538093749030e-03,4.236918539702399511e-01,-2.980651503641806865e-01,-4.699941909826176045e-02,1.734840698869475895e-01,2.743911702935787900e-01,-1.351579605880512958e-01,8.230930783323651967e-02,-2.882345055632512532e-01,-3.041422762411188918e-01,-1.629965592743196634e-01,3.535457348406988859e-02,1.461057241163590814e-01,-6.228607176370704740e-02,-1.328566960096519145e-01,-1.063497028464185229e-02,-1.083873274051566221e-01,-7.283167255015862707e-02,-6.728629518745252169e-02,1.733902319138478088e-01,4.386254971178336903e-02,2.676035569060279951e-01,-1.644130658206354179e-01,-2.367398007060190351e-02,-1.818803342419232361e-01,6.574913981857992418e-02,3.501943786585638013e-02,2.582778497698735576e-01,-1.881004513159658664e-01,-1.456231288261316537e-01,-3.519147414987264799e-01,-1.719022297689798418e-01,-5.226775101657803874e-02,-9.505786675007819875e-02
-3.651324902810670903e-01,-2.693596675454667383e-02,2.163680235935475094e-01,3.793824567675052606e-01,2.831315072165869751e-01,5.262522900933911396e-01,2.283122570266767903e-01,4.848071853076544868e-01,4.414719156351937235e-01,1.000000000000000000e+00,1.367532061307475677e-01,4.618615666473032677e-01,3.849144287054828140e-01,5.753340184994861772e-01,3.147504356763036748e-01,7.441798114303588285e-01,-8.167031592117610095e-02,8.903436257205415982e-02,-3.364761606863577587e-03,-5.504267393538585240e-02,1.220340497788104939e-01,7.732695830912909851e-02,4.470709146968139813e-01,4.827606237990973437e-01,6.773805800080432427e-01,7.420885651727066046e-01,-1.224362125206666929e-02,-1.377809553599356474e-01,1.561061709638500439e-01,1.800393225792037144e-01,5.624558738102685140e-01,5.722597077617409544e-01,-1.435408195182984181e-01,7.134813888020018202e-02,1.420438804236114350e-01,1.606327360471870858e-01,7.925733947003887891e-02,1.927521336967693011e-01,-1.548862773135528947e-01,-9.246168282765092339e-02,2.528620581795433253e-01,2.221055453773627120e-01,-3.449707314893427079e-01,-2.716609321238661057e-01,-2.223959962464810702e-01,2.247196031994280405e-02,-3.450556325126234447e-01,-2.790651950489297928e-01,-1.011528665266544502e-01,1.576388578578131194e-01,-1.593905000223423685e-02,6.013673533223110740e-02,-2.520085794718262551e-01,-1.165244202153804948e-01,-3.195004245051163982e-01,-1.659234103400509530e-01,-4.686179007104875338e-01,-2.272532284731221264e-01,-6.620939273425979765e-02,-1.515706689306939477e-02,-4.585057419902587306e-01,-7.297019527235354408e-02,-4.011618034764734553e-01,1.826265695518119667e-02,-5.476116001608651029e-02,2.584610572411635832e-01,-1.065373787926180843e-01,3.544394298226015427e-02,-3.948701908038786401e-01,-2.698020465615085794e-01,4.209482103757987148e-01,4.268957504803610470e-01,1.859913311586755547e-01,3.943160999150989721e-01,-1.158407435542249397e-01,3.989767192457214229e-01,2.971982662317351059e-02,9.122838375262522226e-02,-2.020823093078332466e-01,3.095759417310871633e-02,-2.324679386925242452e-01,3.564502435318825380e-02,-9.079941016131194698e-03,2.360471870950444639e-01,-2.945573975602127081e-01,-8.670181866928816650e-02,-1.095759417310871731e-01,1.497117833683363763e-01,-2.315608382858930225e-01,-7.667902944724965669e-03,3.842441574690558248e-02,-1.254747754591357956e-01,4.639170651056793993e-02,-8.643817864962688446e-02,-2.218776531569775223e-01,-2.384735689709102380e-01,-1.726752759283256555e-01,-2.467447160284194918e-01,-5.268778765807229786e-02,-1.706063720452209720e-02,-1.963715983734751203e-01,-9.380669377541445142e-02,-4.138701461191295755e-02,-1.255641449573260612e-02,-1.387684883149380988e-01,-1.131507216586978837e-01,8.034317887305063646e-03,-5.159747978015103570e-02,-6.135216050761874845e-02,-1.046427454309844102e-01,-2.853746816211626958e-01,-1.509897671924572138e-01,-1.757138388667947582e-01,-1.531882568479377982e-01,-7.838598686268376248e-02,-3.074310737745207522e-02
1.858304660619330695e-01,-9.891862907189775955e-02,1.374681621162697209e-01,2.005630278385986953e-01,1.137539657714821961e-01,7.038741677465480684e-02,2.611287367621430988e-01,2.842799052683319116e-01,2.029179141159122290e-01,1.367532061307475677e-01,1.000000000000000000e+00,4.426873408105813645e-01,5.352830778855176552e-01,3.867330979936547397e-01,1.164842039411948665e-01,4.431833415255373443e-02,3.458286786719692585e-01,2.112024665981500626e-01,1.714106975289333631e-02,-6.181688189820814389e-02,1.760579114348273001e-03,-3.220921399526341933e-01,2.314982796371598261e-01,2.506412261495151728e-01,8.890477679967827285e-02,1.159837347513293648e-01,-6.180794494838911385e-02,7.895795165110147673e-02,3.575271459850752898e-01,1.076455605701773927e-01,3.371509003976942420e-01,3.510076410920952572e-01,-1.065195048929800242e-01,-2.686447115599445781e-02,-2.437642432637740775e-01,-1.870101434380445904e-01,3.199874882702533757e-02,-7.131685955583359424e-03,-1.340140310112158673e-01,-3.409848518700567266e-01,2.288216631663613221e-01,-4.224049331963000697e-02,1.475490415121319121e-01,1.145761651548326543e-01,4.553375932794137548e-02,-1.137584342463917042e-01,4.454175789802940211e-02,-4.459537959694356499e-03,-1.270387416774654797e-02,-9.879798024934089914e-03,8.800214486795657209e-02,-1.171321328030743153e-01,-1.113007730461593459e-01,5.519013360739979251e-02,-1.827606237990973782e-03,-2.790249787747441923e-01,7.515527950310559036e-02,-2.071897761294070328e-01,-3.986371151525984202e-01,-5.093346440859735091e-01,-1.965592743196746817e-01,-2.633361633674426994e-01,9.306492694043523584e-02,-1.541489789534831734e-01,-4.541623843782117143e-01,-4.161043835738862384e-01,-3.188569641181464576e-01,-2.299924035926538268e-01,-1.754189195227668918e-01,-2.842888422181509278e-01,4.104651682380803246e-01,3.591760132266857419e-01,2.370302515751374073e-01,3.104562312882613306e-01,1.252200723892935297e-01,7.950310559006211475e-02,2.883774967603556783e-01,3.191384780374458274e-01,2.740962509495509236e-02,-3.168148710844988745e-03,9.372626122704320883e-02,3.650744001072433846e-03,-6.225479243934045614e-02,-7.493632423253943076e-02,-2.220563921533580676e-01,-9.914652129228294919e-02,-2.052102417444925941e-01,4.316546762589927935e-03,-2.608561597926627451e-01,6.707180839179588405e-02,-2.480897269761830337e-01,-2.366683051074668087e-01,-3.785647258590643105e-01,-7.146878770275705284e-02,-2.556414495732606262e-01,-1.873631529558961520e-02,-2.193440278832834434e-01,-2.024844720496894457e-01,-1.802135931006747238e-02,-3.087448053979177098e-01,-3.963269136243799950e-01,8.175521694445685161e-02,-1.907145091380312019e-01,-1.467894007775146295e-02,-2.372358014209750288e-01,-2.386344340676527231e-01,-4.134054247285401384e-01,-5.283524733008624491e-02,-1.080298494123955455e-01,1.195808570534876436e-01,-1.508735868448098649e-01,-3.316904240582689289e-01,-2.923589079047321238e-01,-6.411814647660753208e-02,-1.315831806604405851e-01,-3.355824657044550585e-03
5.688368559810536712e-02,2.389248849367710814e-01,4.294785289780597703e-01,6.114929174672684153e-01,-4.462219044640064469e-02,1.279547790339157221e-01,5.943026944903704312e-01,7.638500379820367669e-01,-3.699897225077081186e-02,4.618615666473032677e-01,4.426873408105813645e-01,1.000000000000000000e+00,5.581393270476786572e-01,8.151123821439743011e-01,-1.480763215514544762e-01,2.569596496715670919e-01,4.378211716341212645e-02,2.040797175923857176e-01,3.097278698780106532e-01,1.393538585280843511e-01,-2.164082398677331584e-02,-2.870771705616873004e-01,7.107511506322892192e-01,6.911926359533491215e-01,4.044103847356896875e-01,3.890567049466017169e-01,-2.750748469547343311e-01,-3.174538629965592551e-01,7.058402967067339828e-02,1.633361633674426938e-01,7.360784664194111038e-01,6.812592162295009190e-01,3.576567317574511767e-02,3.439876670092497646e-01,-2.780061664953751288e-01,8.151391929934313774e-02,-3.667768890477680066e-01,-2.707717056168729708e-01,-4.491264131551901406e-01,-5.430090710040662572e-01,-8.612538540596094416e-02,-2.365521247598194599e-01,-7.995889003083248014e-02,-5.406854640511193216e-02,-1.367487376558380596e-01,1.638142901827606135e-01,-3.011796773761115098e-01,-1.375798739890075617e-01,6.974395638768488004e-02,2.084588230037088263e-01,2.677688904776799883e-01,2.413557352875463635e-01,-1.662004557844407593e-01,-3.323204790205103176e-02,-3.780910675186558989e-01,-5.795343849144286574e-01,-2.269359667545466641e-01,-1.098887349747531134e-01,-1.302381697126770710e-01,-1.121453148040573722e-01,-3.192591268600026844e-01,4.076589659949059197e-02,-2.523839313642253779e-01,1.517047231779793635e-02,-2.301666741141248362e-01,1.421198444970731556e-01,-1.154519862370972788e-01,-5.814826399749765257e-02,-2.346843022476428897e-01,-2.200947316680816890e-01,4.283926895750480579e-01,4.244336208052191806e-01,4.506010098753295695e-02,3.508869922695384003e-01,-2.944903704365700037e-01,9.247061977746995343e-02,-8.731846820680101706e-02,1.154475177621877707e-01,-2.007730461593458249e-01,-1.201349479422672978e-01,-2.549979891862907411e-01,-2.442959917780061774e-01,-1.954913088163010015e-01,-1.644532820948210461e-01,-4.448500826667858288e-01,-2.268287233567183592e-01,-4.932615398364538217e-01,-1.324500647928861796e-01,-4.359444121721256504e-01,-1.159658608516913186e-01,-5.304079717592385945e-02,-1.873586844809866370e-01,-9.428928906564189305e-02,-1.926448902989409684e-01,-5.001161803476473766e-01,-2.052772688681352986e-01,-3.812770901291389070e-01,-4.375709370391885344e-01,-2.103087716162473642e-01,-1.697439563876848856e-01,-3.908798427096831785e-01,-3.107824299566558021e-02,-8.722463023370123636e-02,-1.643951919209973508e-02,-2.529871754770097181e-01,-1.183743688279190326e-01,-1.695875597658519085e-01,-2.209258680012511633e-01,-3.400464721390589196e-01,-1.254345591849501673e-01,-3.945395236605746536e-01,-2.338263550650163114e-01,-2.611242682872335630e-01,-2.739175119531703784e-01,-1.445551633227579354e-02,-4.633808481165378051e-03
8.814960453997050527e-02,-7.171902229768979849e-03,4.021180571071093501e-01,4.246972608248804626e-01,6.868045935922069412e-02,2.554448366772420487e-01,6.523258411904017118e-01,5.026185262969747880e-01,2.535636087403368988e-01,3.849144287054828140e-01,5.352830778855176552e-01,5.581393270476786572e-01,1.000000000000000000e+00,6.447115599445909506e-01,2.172393762009026397e-01,2.400375351892399256e-01,4.685642790115733536e-02,3.655212475981947651e-02,1.396443093972027372e-01,8.176415389427588165e-02,-1.632065775950667930e-01,-2.213637785423834825e-01,4.829170204209303208e-01,5.028776978417266452e-01,2.997363599803387069e-01,2.785379150096072287e-01,-2.779927610706465768e-01,-2.352517985611510820e-01,2.002189552705661568e-01,8.314938111622503791e-02,4.511148844899235955e-01,5.658608516913177233e-01,-1.377183967112024718e-02,2.117118727378345666e-01,-2.065329103177085748e-02,1.435229456186603580e-01,-1.745207560659546853e-01,-1.196389472273113180e-01,-2.873497475311675986e-01,-4.100719424460431695e-01,6.661602395102551866e-02,5.400598775637874965e-02,-2.072478663032307003e-02,-5.027927968184458390e-02,-2.240180526386344462e-01,-9.221144823271817947e-02,-1.524911747620537050e-01,-2.045489074578846211e-01,-1.871978193842441518e-01,-1.058760445060100974e-01,1.691139014254434969e-01,-8.289020957147325008e-02,4.006881451360650576e-02,-1.372223959962464712e-01,-1.175164216452924681e-01,-4.953661915188345977e-01,-2.070691273068501759e-01,-2.113007730461593514e-01,-2.771526877876580586e-01,-3.402073372358014325e-01,-2.144421109075472509e-01,-2.906430135394789671e-01,-6.651324902810670792e-02,-1.568658116984673057e-01,-9.991956745162876297e-02,-1.824880468296170566e-01,-1.886858215291121188e-01,-1.895973904106528496e-01,-2.517181286027078690e-01,-2.429420438804236193e-01,5.199428035211581811e-01,5.471334733455471833e-01,2.561151079136690378e-01,3.588319406586532034e-01,-9.231869163054649829e-02,1.156932838822110066e-01,2.524598954376870985e-01,2.687787658072299801e-01,-2.076500290450869202e-01,-1.796639706868045916e-01,-1.641583627507931520e-01,-1.513919299343134128e-01,-1.829259573707493758e-01,-8.745699092899593408e-02,-2.912328522275347553e-01,-2.542830332007685601e-01,-2.797935564591804702e-01,-1.454309844050225564e-01,-2.378435140086688493e-01,-1.941373609187184435e-01,-6.926136109745743364e-04,-2.324500647928861852e-01,-8.902095714732562171e-02,-2.554582421019706007e-01,-3.865409535725456980e-01,-2.777961481746279992e-01,-3.379060726574020235e-01,-4.178336833638678915e-01,-8.088833281201125713e-02,-3.030921846373832440e-01,-3.262388846686625765e-01,-1.014433173957728224e-01,-1.957192010366861912e-01,-1.498369006658027691e-01,-2.701282452299030301e-01,-8.996827382814245877e-02,-3.365029715358148210e-01,-2.821037579873988954e-01,-2.693194512712810962e-01,-7.781849054917557018e-02,-2.899861477277805299e-01,-3.250189910183654551e-01,-2.126904687430180019e-01,-1.342151123821439807e-01,2.274900576433263460e-02,-6.043165467625899456e-02
