1.000000000000000000e+00,2.508761635566190140e-01,4.874346159378432075e-01,3.417551582345675354e-01,-1.696686446463267217e-01,-2.406978257444821745e-01,4.640093700983358160e-01,2.236471692211448314e-01,-4.799892234736488628e-02,-1.799109110046142601e-01,1.985552148569941222e-01,2.618399092214644397e-01,1.616501784291386190e-01,1.171148133857242979e-01,-8.206370479623917302e-02,-1.607140818605033439e-01,-5.130265828593869037e-03,1.465402099139476166e-01,4.481961875754870706e-01,5.121247337261894961e-01,-2.477619300941347746e-01,-3.720664217594505940e-01,8.461171399281716687e-02,-1.493074026973280066e-01,-3.088867528636564108e-01,-8.257513316544479176e-02,-3.348554415750167323e-01,-2.330264002063978657e-01,1.341654699090616409e-01,-4.830943242866830162e-02,-2.206881907993123171e-01,-1.011007125749733421e-01,2.223138024014301717e-01,1.740934133049003574e-01,-3.627648182945233946e-01,-3.954049074291819954e-01,-1.847420825637173525e-01,-3.590660952672327655e-01,-2.635203167202829211e-01,-1.815730532045325418e-01,-1.129959884837290485e-01,-2.617645648635011368e-02,-7.784442075029281150e-02,-1.477890997262488321e-02,1.398459778670240461e-01,2.740023151266356150e-02,-3.306247417172577391e-02,-1.004066312167657127e-01,1.420195484361479465e-01,-9.178084381114594292e-02,-8.024174123094415800e-02,-4.906744233302662989e-02,-7.993351431200326415e-03,-2.093682718059129422e-01,-7.007025290589490030e-03,-6.194904438239316746e-02,5.496142597188513612e-01,1.737646379246967354e-01,3.430611271059318956e-01,2.039571770067284684e-01,1.964364401845708485e-01,2.568169520239092507e-01,4.130925662516638647e-02,2.814796718639052675e-01,-4.318601608716200746e-02,5.595802634312734003e-02,1.071602254851149183e-01,-2.650751502891625280e-03,5.170700634034187670e-01,2.144779891732440658e-01,-3.706234631463347085e-01,8.762548831135028027e-02,2.316519364641577705e-01,1.391792944571667301e-01,-1.611387500599330003e-01,-8.991778332332546475e-02,-7.353837653457050150e-02,-1.677051250145551731e-01,-6.972092906442856064e-02,-1.082333117955017188e-01,-1.993885691193157672e-02,-1.807579642411110896e-02,-1.635360705405843607e-01,-1.008221667667452831e-01,1.436040631157403380e-01,-9.221007833530066311e-02,-2.260718876501464636e-01,-1.060643075511028821e-01,4.851720020365808336e-03,-2.802513305128667698e-01,9.285621328389526488e-03,-1.836415983049802525e-01,-1.066236823299215181e-03,-4.724547876773160793e-02,-1.491110507341508462e-01,-4.219968994655116934e-02,7.642886008552726707e-02,-5.942843313416547313e-02,5.619547522882994972e-02,1.577665192504834569e-03,1.607186481852284077e-01,1.211788423910189483e-01,1.054204557648708018e-01,1.256127436990426838e-01,2.262385585026107856e-02,-1.541111763080807995e-01,-2.814454244284673654e-02,-2.965599592683834662e-02,-1.834680779654283556e-01,9.507316393790711528e-02,-1.512800549785496829e-01,1.292155739071072507e-01,-1.035573952770503375e-01,-8.868030932283688106e-02,3.475201431999433432e-02,1.700156853254305434e-01
2.508761635566190140e-01,1.000000000000000000e+00,4.898981481270077432e-02,4.072727853895873884e-01,-4.681624424357689468e-02,-2.164780394028160415e-01,2.858542109505033402e-01,6.608773279694238889e-01,-6.829166942548785257e-02,-6.078463157750536860e-02,1.937103443237158940e-01,5.355591122151469596e-01,-6.802682259143494337e-02,4.196612243686485000e-01,-1.105804027041775023e-01,-2.200763032861556001e-01,-3.973410291126032723e-01,-4.441435743820050519e-02,3.358143697672772432e-01,4.265974716259997579e-01,-5.158348725652927430e-02,-1.156353241748080407e-01,8.447700741342818612e-05,2.808974654614613750e-02,-2.889090821915618612e-01,-1.443209760975732170e-01,-9.516905675713316359e-02,-1.456634755667379766e-01,-3.142887150133907292e-01,6.852911831119046226e-02,-1.909340188908853764e-01,1.235259332996947457e-01,3.925326891771254711e-01,4.991883357801223386e-01,-4.893045259127512536e-02,-8.574416252462961630e-02,-3.229053697695604130e-01,-3.579290804106952661e-01,-3.960304939165139038e-01,-4.589727139266054357e-01,-7.269360646043622476e-02,-1.511567642109733212e-01,3.196724118642249035e-01,2.122267910837943306e-01,-2.343278027530371899e-01,-1.461201080392429963e-01,-1.777898531698284684e-02,-4.108984472212772743e-01,-7.965953482850025164e-03,-1.653580341058793757e-01,2.036192689770747744e-01,1.021464009370098291e-01,1.283297069104475108e-01,2.998910931553075421e-01,-5.279470488984883136e-01,-5.635461164549794288e-01,4.337711677690535561e-01,7.060611111237953263e-01,2.209073743861147132e-01,-2.415151978702661517e-01,4.863980602252567786e-01,2.943338759649214986e-01,-1.890618257536148261e-01,1.629652799499530791e-01,-2.752375059647616529e-01,-2.130989591062789346e-01,-3.109781295877293572e-01,-6.168876387306530817e-02,-3.963798177579802573e-02,-4.982545223738495815e-02,2.283139530901460990e-01,3.633447415346047760e-01,1.751984638883624934e-01,6.081773743176198677e-01,2.152131674539771444e-01,2.629061460447636861e-02,1.688604051699928443e-01,4.331387317946341214e-02,4.494861743103137353e-02,1.166764462121194779e-01,1.698901113954916567e-02,-2.709428775608519954e-02,-1.353298827139494398e-01,-1.727417811862854979e-01,2.567119265552331164e-01,1.268593503489813534e-01,-5.271296767727043919e-01,-5.112571320284299281e-01,-3.061834886264266919e-01,-4.573402528374000131e-02,-4.380178497633502310e-01,-3.616323697627109590e-01,5.162915050377977350e-02,-3.717011157814465450e-01,-2.946854829687503563e-01,-3.113434355657334063e-01,-3.065396619549806134e-01,-3.445314836673980530e-01,-4.332369077762227016e-01,-5.721125416391735774e-01,-5.041427981068017372e-01,-3.644817563911422198e-01,-5.392395699435373890e-01,-5.034761146969444212e-01,1.467548271760249767e-01,1.313959939633187191e-02,-6.081317110703693407e-01,-5.622173159599899162e-01,-3.373349559007189913e-01,2.339168335277826694e-01,-1.421017422811988451e-01,-7.442424353123024139e-02,-1.020413754683336810e-01,2.689588094678176944e-01,2.776759233679384486e-01,2.303733655411437375e-01
4.874346159378432075e-01,4.898981481270077432e-02,1.000000000000000000e+00,4.204329332471820058e-01,-5.240999203176335136e-02,-1.464351844452714546e-01,4.520866962412298240e-01,2.191447730422453610e-01,5.904486185726125214e-02,-2.430266513542577445e-01,1.302977928669441510e-01,1.064204808796567897e-01,2.320263750916118917e-01,1.476224288737844892e-01,-1.795410387018852028e-01,-3.168367242099687231e-01,3.218573982451614079e-02,-1.096306071613670635e-01,2.550634833294900261e-01,2.887401281767350558e-01,-1.022605590551360910e-01,-1.203249396674345717e-01,2.090942923224099192e-01,2.850414051494443712e-01,-2.898017986753092037e-02,-1.412067426350890054e-01,-1.452753379651087196e-01,-1.665452785343924103e-01,-2.682944092203228686e-02,7.810470125962067078e-02,-1.688512725205427445e-01,6.876200087216802204e-02,8.333770939452816995e-02,3.874754845441323592e-02,1.695362212293002879e-01,-2.114436663934482485e-02,-2.048202123797629726e-01,-3.854366205543974799e-01,-2.420494578630970062e-01,-1.940756503017199153e-01,-1.755044076449408519e-01,-1.468872505930514105e-01,3.646438609188815128e-02,8.459116553155444224e-03,1.525083963295881806e-01,-3.967907869832347501e-02,1.234962521889819073e-02,-8.897255410524008978e-02,5.659274547990931353e-02,-3.187066341848767553e-02,4.580708647934080696e-02,-1.484352346748434304e-01,-1.109091780843811104e-01,-1.321471543805894655e-01,-7.137850493962176468e-02,-1.758971115712951727e-01,8.939265597994469625e-02,-2.577005358582065003e-02,9.944313669978013803e-02,4.292116925310909825e-02,1.270785339357837773e-01,2.956923575706239121e-02,-1.079410670130984962e-01,-8.381717349065843925e-02,3.930395512216059983e-01,8.284911264894780081e-02,2.853747468543730292e-01,-1.516248124952909726e-02,3.143115466370159927e-01,1.537824009278771775e-01,-8.038786362214575543e-02,-2.426773275127914326e-02,-6.904054668039608100e-02,1.025254058891890002e-01,-8.372356383379490549e-03,2.413302617189016022e-03,3.632511318777412179e-03,-1.678101504832313073e-01,1.032971147677224782e-01,-1.319051391701618059e-01,1.371792442275947543e-01,-1.147311918792481150e-01,-1.650840546223763528e-01,-3.803588674601416919e-01,2.783426067777957646e-01,-1.389098812983887710e-01,-1.348778165661694561e-01,-1.383436570324825532e-01,-5.831424990125323032e-02,-1.197358837779031043e-01,9.691339280210232998e-02,7.564116907045610565e-03,2.557370162264348962e-02,1.534444928982234835e-01,-4.183895029327220488e-02,-1.250031393482484675e-02,6.557013988935794790e-02,5.926404544406366215e-02,2.398918694305108082e-02,9.774903022678652076e-02,8.843829411240922145e-02,3.989369596040083510e-02,1.408734009301603474e-01,1.098680560470696732e-01,4.686190749082739387e-02,6.151980985823844728e-02,-1.536499775108507160e-01,-2.574265563747034705e-02,-1.387089630104865745e-01,1.854955261433506308e-01,-9.650698990157287327e-02,-2.836372602964914655e-02,5.800373981994981498e-02,9.699558664715324241e-02,2.399854790873743315e-01,-6.415686238695492496e-04
3.417551582345675354e-01,4.072727853895873884e-01,4.204329332471820058e-01,1.000000000000000000e+00,-1.373116676446212159e-01,6.083942747420597458e-02,5.796195794871560336e-01,6.790467340503985039e-01,-7.210455057090474351e-02,-4.545547947551194234e-02,5.206751767738459352e-02,4.308030566977709697e-01,2.200854359356057000e-01,5.388788302902584038e-01,-1.335216181228295607e-01,-1.033153800666226779e-01,-3.086949672252042864e-01,-1.481795204902406349e-01,2.003041172266883385e-01,2.290947946181296768e-01,-3.581482639974976623e-01,-1.457958989837644381e-01,4.162273481754107940e-01,8.494505569774583875e-02,-1.335809803442552235e-01,-5.553792446842271968e-02,-1.558372470541497523e-01,-1.832077974561004963e-01,1.245008436284929590e-02,-3.509220551201057414e-03,-2.366931589606131592e-01,-7.515942181196332006e-02,2.103363326476235806e-01,2.035279424825737760e-01,2.054320998929196895e-01,1.632529584076312379e-01,-5.812634563881741157e-01,-4.363831055117822766e-01,-5.438332926169379133e-01,-5.510983152544927099e-01,-4.114875031108087278e-01,-4.982020096395115005e-01,2.255695919303909447e-01,1.121375194354196081e-01,-1.761208614828226326e-01,1.345010947763528378e-02,2.018977645557308576e-01,-2.951192838176301403e-01,6.411348230206694032e-02,-8.444275997799031985e-02,1.771711161695841696e-01,5.873435177595784373e-02,1.642621161718673395e-01,2.198982166218786394e-01,-4.905077524778019282e-01,-6.925767542107221786e-01,4.225471415948802156e-01,4.509862119824927240e-01,2.138432700364621131e-01,-3.703517668251942591e-02,5.189057259428889735e-01,4.059120206215224846e-01,-1.004248965156659124e-01,2.798266623134371134e-01,1.662758653756144511e-01,3.523261999730586957e-01,2.199826936292920490e-02,2.108066640943037362e-01,1.562938795266547720e-01,-1.507366623362687286e-01,8.299295187778688368e-03,1.950163131950802542e-01,5.848777024080513420e-02,1.068771133521618094e-01,-2.009160047398450555e-01,-1.393573811214436908e-01,-2.410539990730360682e-01,-2.202269920020822336e-01,-1.704540524990353634e-01,-1.867010358707638651e-01,-2.698812070622778059e-01,-3.027907093557143936e-01,-4.297665009851845408e-01,-1.420697780081234818e-01,1.640931621570404786e-01,-7.052688537839991827e-03,-5.448744146542493505e-01,-5.454908684921311313e-01,-1.578738278815221274e-01,-1.001326517332627036e-01,-9.495443949505581738e-02,-4.242686460162241602e-01,3.261931235715965216e-01,-3.702353255447054514e-01,-2.582553443123000725e-01,-2.303733655411437375e-01,-6.696743525522330653e-02,-2.838495943962062729e-01,-2.225969145343832944e-01,-4.326569845361413202e-01,-4.139715837612359950e-01,-4.609042692853017043e-01,-3.907472562096308555e-01,-4.547671288548342794e-01,1.340056485436848799e-01,-6.088509072145647377e-02,-5.410478345346572127e-01,-4.893707376212644844e-01,-3.667420871300420826e-01,3.323896262234896093e-01,3.123754249535947158e-01,1.013472941101260516e-01,1.070004041197381711e-01,4.837724235083529223e-01,4.618312332044868795e-01,6.307236026475550317e-02
-1.696686446463267217e-01,-4.681624424357689468e-02,-5.240999203176335136e-02,-1.373116676446212159e-01,1.000000000000000000e+00,6.190726251115895584e-01,5.147389546312806929e-02,-1.746276732977312118e-01,5.472260718876501562e-01,5.404222480473254153e-01,-4.858341191217131066e-02,-2.425860010182903995e-02,5.525937866019466072e-02,6.916840377269749263e-02,3.873818748872688844e-01,3.027404797837388584e-01,-7.050633691713718842e-02,3.512759452862971310e-01,1.572162771211149113e-01,1.395012203502827598e-03,3.744911401884521984e-01,4.493697330298249693e-01,2.358529552112039462e-01,-2.282020781343823551e-02,5.316731698741292700e-01,6.517629438182237500e-01,7.192075600072147523e-01,5.995333216130999121e-01,6.561580313660844710e-02,1.870024133026171875e-01,2.560041462228503373e-01,-4.406731675909669049e-02,-4.588014767494160567e-02,-1.523485749642114195e-01,2.653514129350280637e-01,1.034706351072743891e-01,5.625483745025559867e-02,1.572162771211149113e-01,2.595704458331145048e-01,2.341588487382103290e-01,6.730990960960206437e-02,1.697325731924774483e-01,-1.006349474530182225e-01,-1.398916411142745730e-01,-1.375582491797739115e-01,-1.895321572002949817e-01,-2.423280036713250651e-01,-2.724794458308313905e-01,-3.475680896095564298e-01,-3.224715689206806291e-01,-3.295082753219829574e-01,-2.175693910121030417e-01,-3.260561338298450518e-01,-1.776277486420891893e-01,-4.471573487005381375e-02,-3.719499804789618003e-02,-3.109187673663036944e-01,-6.000379004952179074e-02,-4.052316382374899773e-01,-3.281794748269933892e-01,-2.033909527408222506e-01,-1.994136839053035626e-01,-3.902449604898753366e-01,-1.143247889787186444e-01,-3.806259974565571330e-02,-1.312612873839297256e-01,-8.310026050882556026e-02,-1.880481016646536885e-01,3.887083922198959068e-02,-6.751311105986679793e-03,3.000646134948594668e-01,4.270495377737796860e-01,8.213676599183997173e-02,1.756231320877921498e-01,2.172314829824493199e-01,1.739838215114991593e-01,1.452342410425832564e-01,1.963222820664445867e-01,1.788743552920278868e-01,4.093002335675096637e-01,2.035051108589485125e-01,3.137133580980344116e-01,2.455426962777604027e-01,1.382523305379815548e-01,-4.691670338752799985e-02,-3.872015050606293640e-02,1.581889042875506135e-01,1.606775512627029445e-01,-1.754153643128023715e-02,2.209256396850149129e-01,-1.527230135916655407e-01,-9.837918303884343740e-02,-1.282794773384719755e-01,-1.037902778380278973e-01,-2.420380420512844091e-02,1.029044108413681574e-01,6.691720568324775742e-02,4.488468888488066771e-02,4.235494498720287354e-02,-7.312740730931598099e-02,1.053976241412455522e-01,-9.442474582694998508e-02,6.429156896634390106e-02,1.793424035763455104e-02,-1.986465413514951206e-01,-3.086812682510291506e-01,4.256499592455518372e-02,1.390331720659651327e-01,2.090691775364221516e-02,-1.739541404007863279e-02,-6.031430013082520608e-02,-1.038542063841785962e-01,-3.057542541022719718e-01,-8.962097221619720611e-02,-1.450789860019315591e-01,-2.529675402806919604e-01
-2.406978257444821745e-01,-2.164780394028160415e-01,-1.464351844452714546e-01,6.083942747420597458e-02,6.190726251115895584e-01,1.000000000000000000e+00,4.091198637408702266e-02,-2.082312569493754428e-01,4.702652349716545666e-01,6.930927489046528889e-01,-3.313553536732657956e-02,-8.541310398206347979e-03,1.881211628602544872e-01,1.473758473386317935e-01,3.782081285146430827e-01,5.705508585832064217e-01,8.903191632666573874e-02,2.287660192379260549e-01,-6.843322549196441396e-02,-1.695955834507259230e-01,1.261013404446230390e-01,2.366155314402873244e-01,3.863361865252323835e-01,-2.539493000965777902e-01,4.490546566237965109e-01,6.057617885380682798e-01,5.173257775880215625e-01,5.890490400443846308e-01,3.464904369744445378e-01,-9.459141667941432102e-03,2.074412827719417651e-01,-4.105788044905237522e-01,-1.805045332188708052e-01,-3.697649940980252681e-01,2.485062410243179531e-01,9.068492587713390674e-02,-1.169230277472721874e-01,1.899979223222501012e-01,1.801300945914166840e-01,2.478030270166602378e-01,-9.478091915550390656e-02,-5.076611513074529014e-02,-2.645020765361686954e-01,-2.687441922057403065e-01,-1.131649424985558955e-01,-7.058396443746303706e-02,-2.196014055147503807e-01,-1.969707001774017030e-01,-1.708832870231900836e-01,-6.538748690035595112e-02,-2.212772466888437706e-01,4.885282507094926979e-02,-2.640317450894885676e-01,-1.125393560112240288e-01,6.564091792259622686e-03,7.052688537839991827e-03,-2.905757907162052067e-01,-2.018384023343051947e-01,-4.951973679704284592e-01,-2.055827886088463508e-01,-3.090100436312327448e-01,-2.198525533746281402e-01,-2.032311313754454896e-01,1.694791421702371639e-02,9.595903093456685518e-02,2.322364260289641880e-01,6.705647858736177996e-03,-8.432403553513900807e-02,1.337499343590820844e-01,-4.028183356203009907e-02,2.221494147113283746e-01,1.438095477283675983e-01,3.004755827201139873e-01,-2.269212240490058041e-01,7.001774017155681928e-02,1.455812817216870780e-01,-1.891348869492156248e-01,1.224528469893079452e-01,-6.535552262728058781e-02,4.036699551815228215e-01,-7.306804508789033203e-02,2.949548961275283432e-01,8.570763192682921694e-02,3.818794535935833845e-01,-2.677030701684288694e-01,1.570610220804632140e-01,1.524399014587124457e-01,2.173593400747507454e-01,6.541488484870625064e-02,2.694885031359234850e-01,-9.871252474377210928e-02,-1.763994072910506916e-01,-1.112128386785969474e-02,-2.246837249337312048e-01,-3.962428280162286903e-02,1.616136478313382197e-01,1.887193513992360405e-01,8.958900794312185667e-02,2.131446223535294338e-01,1.414875716056795962e-02,1.822214713154896581e-01,-6.311345718728095244e-02,2.029845498402927939e-01,1.095164490432408155e-01,-2.458349410601635976e-01,-3.551025254058892133e-01,1.570884200288135135e-01,2.365424702446864980e-01,2.906694003730687231e-02,3.707627360504487518e-02,2.849957419021938998e-01,-6.187370002442983512e-04,-9.084018091778560400e-02,-5.646945471233295877e-02,-1.023107886271116401e-01,-2.336839509668051096e-01
4.640093700983358160e-01,2.858542109505033402e-01,4.520866962412298240e-01,5.796195794871560336e-01,5.147389546312806929e-02,4.091198637408702266e-02,1.000000000000000000e+00,3.689293566733410912e-01,2.778631426816655092e-01,-4.899438113742582424e-02,3.220971302932265634e-01,4.024233485315841241e-01,5.372212544150651858e-01,3.955008002484080576e-01,-1.142608604325679456e-01,-1.573852311359417722e-01,-2.201630634559315347e-01,-5.747404615184399657e-02,3.183801419670356792e-01,7.543796762019137903e-02,-3.515407921203500541e-01,-2.994527259817027498e-01,3.788519803008751352e-01,-2.084047772889273398e-01,-1.876143008157739045e-01,5.440775909897280910e-03,-2.667487083008934223e-01,-2.773334490135597186e-01,-3.865165563518718761e-02,-2.270079842187817387e-01,2.165122868382539367e-02,-6.745146567607862575e-02,3.935053163435611179e-01,2.616252919593871074e-01,1.022559927304110411e-01,-1.466908986298742779e-01,-2.308619622867240928e-01,-3.519334960467043749e-01,-4.310998678048992283e-01,-3.680663213003066425e-01,-1.646274221498713330e-01,-3.442392388849948026e-01,1.759519074679957717e-01,1.126717794282504764e-01,-4.198963900919885917e-02,9.635630118564621205e-02,-1.271036487217715519e-02,-2.547347079492863764e-01,5.799460717049971514e-02,6.565233373440886033e-02,8.718255481302042420e-02,8.131026121660589467e-02,-2.511706915013847338e-02,-8.460258134336706703e-02,-3.567281370080070402e-01,-4.458308313679110735e-01,1.996830970640815217e-01,4.360360648326784272e-01,2.897401532915210298e-01,1.249095296913849407e-01,5.129284068777982819e-01,4.272824203347572736e-01,-1.947377673868521675e-01,2.460404256727908578e-01,1.502115349928879462e-01,2.068613595318603837e-01,4.130240713807881159e-03,-4.128185867681608695e-02,3.468351944911858553e-02,-2.283139530901460990e-01,3.592555977433223302e-02,4.138071960711341979e-01,1.413619976757407026e-01,1.785090493140238654e-01,-1.015390797485781621e-01,5.275703271086716606e-02,2.201653466182940805e-02,6.357922230923607199e-02,-2.734201087241917016e-01,-6.578932347616035792e-02,-4.115422990075093268e-01,-1.776277486420891893e-01,-3.916331232062905676e-01,-2.658491423300585188e-01,-3.447346851176627536e-02,-3.217204085034099104e-02,-4.492099116644481804e-01,-3.657740262883314442e-01,-2.540018128309158574e-02,-1.473986789622570293e-01,-4.634134647217167530e-02,-1.760295349883216343e-01,-3.160581658443476633e-02,5.993529517864604195e-02,-3.957610807577359169e-01,-2.825710234731922399e-01,-2.083134507944263414e-01,-3.806328469436446871e-01,-3.532714291911440707e-01,-2.853793131790980930e-01,-1.783720595722723679e-01,-7.188080065937728358e-02,-2.349031596683935075e-01,-2.679679170024817925e-01,4.546004580023699226e-02,1.690704561073451684e-01,-2.572827171458643702e-01,-2.778266120838651099e-01,-5.581898175524956374e-01,3.148480897922093825e-03,-1.063748176324062905e-01,-4.127523750596476249e-01,-6.473450246467377101e-02,8.284454632422275089e-02,-1.008815289881709321e-01,-5.687357445049989572e-03
2.236471692211448314e-01,6.608773279694238889e-01,2.191447730422453610e-01,6.790467340503985039e-01,-1.746276732977312118e-01,-2.082312569493754428e-01,3.689293566733410912e-01,1.000000000000000000e+00,-1.196125930103267426e-01,-3.097223902883405877e-01,1.000824221612871545e-01,5.477238012826806113e-01,-1.117607976456029724e-02,5.423035738340460377e-01,-2.785252597667978169e-01,-4.406480528049790957e-01,-4.428992508944288309e-01,-1.989935820305989422e-01,1.201970825751331601e-01,2.960782120098906511e-01,-2.824979622775914412e-01,-1.334302916283285623e-01,-2.790252723241908039e-02,2.552689679421172864e-01,-2.619175367417903022e-01,-2.511136124423216098e-01,-2.582233800392247369e-01,-3.602076764484952731e-01,-1.568738027667361534e-01,1.536088805883252806e-01,-3.016765261228021577e-01,1.182700935411619969e-01,2.699223039848032690e-01,4.189123471137403132e-01,1.013495772724885835e-02,5.935080561383961756e-02,-4.978778005840329146e-01,-5.591396130953060206e-01,-6.079125274835669446e-01,-7.009057305092136758e-01,-2.874752562278961587e-01,-3.717102484308966726e-01,4.610732233001285651e-01,3.078730287746952454e-01,-2.360082102518556435e-01,-1.054387210637710015e-01,3.993730436152506114e-01,-2.624563630593462205e-01,1.082104801718764692e-01,-5.828685195290292387e-02,3.715869576633203386e-01,8.828988855884508519e-03,4.497533043067291625e-01,3.025532604700117978e-01,-4.620915137138147388e-01,-7.831543714568174330e-01,3.856832020895502033e-01,5.745326937434501735e-01,4.045740874770827333e-01,3.201221948496423692e-02,6.688957941866120471e-01,5.004623403784113078e-01,-2.022311062606595156e-01,2.349716545392692424e-01,-8.956845948185913203e-03,4.487098991070551796e-02,-1.465082456408722533e-01,1.549057168102395132e-01,-1.338161460675952978e-02,-8.063901148202351488e-02,1.808104769754491636e-01,2.016420503711280343e-01,-8.580352474605526525e-02,4.712287294886401412e-01,-5.756993897107005181e-02,-7.256118304340976322e-02,7.586263581962103542e-02,-1.150234366616513237e-01,7.764806878711566496e-02,-2.918771932628445032e-01,-1.276059444415270777e-02,-3.796008575557833775e-01,-3.668790768717936079e-01,-2.941603556253695739e-01,3.305859279570947939e-01,-1.798972120304391242e-01,-6.306025950423412851e-01,-7.431077036181273909e-01,-2.035005445342234487e-01,-2.827080132149437652e-01,-1.767647132690547129e-01,-4.507076661742646650e-01,2.539766980449280620e-01,-3.920395261068200243e-01,-2.727671242885095215e-01,-3.588240800568051059e-01,-2.237339293909207660e-01,-3.808337652315468835e-01,-3.857060337131754668e-01,-5.861083269214523161e-01,-6.165565801880869001e-01,-4.798956138167853602e-01,-6.226617563454790449e-01,-6.254928776750100505e-01,2.322501250031393516e-01,1.151558600786777714e-01,-6.837180842441248352e-01,-6.797819123311316103e-01,-4.457851681206605465e-01,3.220834313190513720e-01,9.954816216845628618e-02,-4.613129553481936512e-02,-4.804458559461539241e-02,4.352506569799698410e-01,4.277070885341869300e-01,1.101739998036480317e-01
-4.799892234736488628e-02,-6.829166942548785257e-02,5.904486185726125214e-02,-7.210455057090474351e-02,5.472260718876501562e-01,4.702652349716545666e-01,2.778631426816655092e-01,-1.196125930103267426e-01,1.000000000000000000e+00,4.673975830443230506e-01,3.075807839922920506e-01,1.128589987419775370e-01,4.764754365977227901e-01,1.438734762745182971e-01,5.226729438410553374e-01,3.303028158241417267e-01,-4.271111831575678808e-02,3.025258625216615260e-01,6.220019224227092691e-02,-1.449191646365547981e-01,9.831525449269273853e-02,-3.445063688814102576e-02,2.143501320809426680e-01,-3.869960204480021003e-03,1.316494249855590104e-01,2.950142583489539505e-01,2.191447730422453610e-01,2.303596665669685739e-01,-5.986223398304523630e-02,-1.820159867028623979e-01,2.339122672030576056e-01,-1.338458271783081188e-01,-1.966031110370351775e-02,-1.086305820465810756e-01,1.309005477306507681e-01,-2.102861030756480176e-01,-2.792079253131928007e-02,-1.475174034051083549e-01,-4.972955941815890291e-02,7.221642552666847521e-03,-7.541970232129117935e-02,-8.047005746719666786e-02,7.610921735477374495e-02,5.412236380365716831e-02,5.117251803127476073e-02,2.084504405361778390e-01,-3.546093623355837665e-01,-2.890506382580384503e-01,-1.831324530981371518e-02,1.081374189762756566e-01,6.826883780186260298e-02,2.104824550388251780e-01,-2.481820319688393950e-01,-1.236537903919961434e-01,-2.881784702355538741e-01,-1.293479973241337122e-01,-9.768053535591075809e-02,7.379409071917331087e-02,-1.714951745363468005e-01,-2.179255643406569631e-01,-2.744132843518901077e-02,-5.831881622597828024e-02,-3.644086951955414211e-01,-1.826598384890944782e-01,1.065483379719582013e-01,-8.853418693163526976e-02,-2.234736488815929067e-01,-5.189011596181639652e-01,2.291153430793924084e-02,-5.456529730198703826e-02,4.093321978405850547e-01,3.470612275650758471e-01,2.354602512848496254e-01,2.805778227307078460e-02,1.657279064086084330e-01,4.381616889921893104e-02,1.990255463036743055e-01,2.474331547139311804e-01,1.127813712216516884e-01,3.702992540908561780e-01,4.011744587192828809e-02,2.042631207633068546e-01,-1.837717385596441752e-02,1.643648584781809419e-02,-3.862425768683688115e-02,5.277986433449241566e-02,-6.744689935135357584e-02,5.029806684642764737e-03,-1.511384989120731215e-01,-4.066083851420926321e-02,-1.779884882953681469e-01,-6.870720497546742300e-02,-2.987677772729452341e-01,5.856996408585603969e-02,-2.955941815890353319e-01,-8.918717136731744988e-02,-1.890709584030649260e-01,-1.182198639691864339e-01,-2.216562516410229555e-01,-6.969353111607826112e-02,4.499428067828187272e-02,1.275808296555392962e-01,6.887615899029427002e-02,1.125439223359490787e-01,-3.158298496080951673e-02,-4.789846320341378111e-02,2.454627855950720222e-02,3.526800901392500992e-02,-1.739655562125989596e-01,-2.666025859096917694e-01,-1.806917525325978380e-01,-3.244396548771772970e-01,-3.973455954373283361e-01,-3.081013450109477692e-01,-2.865482923087109279e-01,-1.297726655235633686e-01
-1.799109110046142601e-01,-6.078463157750536860e-02,-2.430266513542577445e-01,-4.545547947551194234e-02,5.404222480473254153e-01,6.930927489046528889e-01,-4.899438113742582424e-02,-3.097223902883405877e-01,4.673975830443230506e-01,1.000000000000000000e+00,2.694816536488359171e-02,8.490395877522037560e-02,1.186080015708157048e-01,1.577825013870211290e-01,5.942592165556669359e-01,7.345915080059087776e-01,-6.417969401058017456e-03,3.662534903844616996e-01,1.412661048565146682e-01,-2.287934171862763544e-01,3.342252887629598157e-01,2.050211306676651690e-01,4.373557326782179233e-01,-2.524835098598366412e-01,2.286244631714495212e-01,5.589980570288295425e-01,5.618246120336355398e-01,6.817089013651027596e-01,1.761436931064478684e-01,-1.638694122455130187e-01,2.653377139608528723e-01,-2.721872010484281401e-01,-4.650116783754842942e-02,-2.356155063255013227e-01,1.167723390313455401e-01,-1.223546710077193754e-02,-6.463632648308519253e-03,2.435380797234633632e-01,2.400585402829751303e-01,2.188388292856670025e-01,9.923765208715287778e-02,4.688930543917769339e-02,-1.758377493498695099e-01,-1.712942562484446041e-01,-1.273433807698366727e-01,-1.220350282769658637e-02,-5.706056544799070762e-01,-3.443990602503715914e-01,-2.018658002826554942e-01,-1.482388827116662700e-01,-2.666482491569422963e-01,1.089821890504099472e-01,-4.824664546369886176e-01,-1.271493119690220511e-02,-2.019662594266065925e-01,4.630938219909632586e-02,-1.283799364824230738e-01,2.135441757669713156e-02,-4.444700665998461142e-01,-3.761761140119957436e-01,-2.533556778823212730e-01,-1.581706389886503861e-01,-3.102840482295217694e-01,-1.610291582665318022e-01,-2.629723577532769307e-01,-7.052003589131233818e-02,-2.750776845993849196e-01,-3.468283450040982596e-01,-5.549682754589727041e-02,-1.805136658683209050e-01,1.002879067739144148e-01,2.848085225884668392e-01,4.541187107438771076e-01,-1.676183648447792107e-01,6.777110840683213400e-02,2.532049891663946117e-01,-6.166136592471500172e-02,2.230078837596377872e-01,-1.280054978549689526e-01,5.929258497359523039e-01,-1.072058887323654314e-01,4.464838158035932536e-01,2.104413581162997149e-01,4.304514496939421120e-01,-3.987611561020938944e-01,3.145855261205189879e-01,8.699076917456831370e-02,2.390585151681891563e-01,-2.448531812442778233e-01,3.378235526462993188e-01,-3.492484971083748557e-01,-1.490608211621753110e-01,-2.255330613325905453e-01,-1.955368742137359728e-01,-5.681192906671172355e-02,1.156581557984332903e-01,3.330448938215343352e-02,7.028715333033477841e-02,7.620054384927475721e-02,-5.870695382760754422e-02,8.818257992780641208e-02,-2.550064042704268744e-02,1.123156060996965688e-01,9.714170903835483983e-02,1.249118128537474691e-02,-2.328665788410211324e-01,6.791723079803374530e-02,1.794908091299096675e-01,1.404213347823803915e-01,-1.082561434191269684e-01,-8.455235177139151792e-02,-3.358531835274401831e-03,-1.418916913438465488e-01,-7.686722725913207321e-02,-1.356038621974524350e-01,-4.300336309815999680e-02
1.985552148569941222e-01,1.937103443237158940e-01,1.302977928669441510e-01,5.206751767738459352e-02,-4.858341191217131066e-02,-3.313553536732657956e-02,3.220971302932265634e-01,1.000824221612871545e-01,3.075807839922920506e-01,2.694816536488359171e-02,1.000000000000000000e+00,4.035877613364718952e-01,5.789985593245492446e-01,3.775688430531360384e-01,2.306610439988218964e-01,1.196902205306525913e-01,6.832363369856320201e-02,-2.965142960211329670e-02,5.930057604186406844e-02,1.371335809803442551e-01,-9.494074052088066762e-02,-2.207110224229375528e-01,-1.002696414750142151e-01,-2.133090100436312309e-01,-4.346935653635137231e-01,-3.233437369431652608e-01,-1.734952247659187763e-01,-1.189687412240946623e-01,1.371838105523198181e-01,-2.710273545682654328e-01,3.733198778964768455e-02,-7.997917755925376335e-03,1.813493032930050819e-01,2.058156711698239105e-01,-2.136286527743847530e-01,-4.435020057581354758e-01,1.292498213425451355e-02,-1.647370139432725589e-01,-1.184162159323635943e-01,-1.254848866067412583e-01,6.783503695298283287e-02,-8.894972248161484019e-02,-1.050962467093922437e-01,-1.477137553682855153e-01,-8.949768144862085828e-02,1.673329695494635630e-02,-1.877056273102749029e-01,-2.815116361369806031e-01,1.161787168170890089e-01,5.579363865302553599e-02,2.328802778151962682e-01,2.586343492644792574e-01,-6.298103377025450478e-02,-4.790302952813883797e-02,-1.560199000431517768e-01,-1.056213740527730122e-01,1.824497875517421541e-01,2.815390340853309303e-01,1.650018607773254542e-01,-5.545801378573434262e-03,2.953156357808072729e-01,1.544171200646591580e-01,1.012514012909000033e-01,1.007810698442198338e-01,-1.186262668697159045e-01,-2.252225512512871231e-01,-2.078796499455465852e-01,-2.697944468925018713e-01,-6.298103377025450478e-02,3.206701538166483595e-02,2.749041642598329949e-01,9.058446673318279463e-02,2.635796789417085839e-01,5.925947911933861223e-02,-1.844818020543894932e-01,1.243570043996538727e-01,4.987111548463545735e-02,2.885574751877330035e-01,-1.995689389459552598e-01,5.079807940382064652e-02,-1.962400882213936881e-01,6.819577660626180426e-02,-9.914632559265186551e-02,3.589816182598193350e-02,-6.797659301945939425e-02,2.050485286160154685e-01,-2.575521303046423571e-01,-8.898168675469018962e-02,-1.193249145526485838e-01,-7.037391350011072688e-02,-2.519857804648061861e-01,-1.564651167038441648e-02,-1.998977143261588818e-01,1.110644331250328215e-01,-3.744774412142770625e-01,-2.979412724977111293e-01,-3.391203888682136069e-01,-3.243437620579512348e-01,-2.020667185705577185e-01,-4.577055588154040067e-02,-5.135973734500181437e-02,2.379260666363767207e-01,-3.365153006125724822e-02,2.079275963551596024e-02,-5.666124035078506233e-02,1.903403966766288591e-01,1.996625486028187971e-02,-4.625458630239571989e-02,-4.404790987901522903e-01,-2.456385890969864649e-01,-1.942720022648970757e-01,-2.692419216007708171e-01,-1.400514624796513063e-01,-2.178707684439563641e-01,-2.895894645755943686e-01,-3.070853377596240857e-03
2.618399092214644397e-01,5.355591122151469596e-01,1.064204808796567897e-01,4.308030566977709697e-01,-2.425860010182903995e-02,-8.541310398206347979e-03,4.024233485315841241e-01,5.477238012826806113e-01,1.128589987419775370e-01,8.490395877522037560e-02,4.035877613364718952e-01,1.000000000000000000e+00,2.535474635207733418e-01,8.163058889606816804e-01,3.401226971453621267e-02,-6.490802280422568182e-02,-1.314622056718319498e-01,-1.512138432700364625e-02,3.717673274899598035e-02,1.044752265467854269e-01,-2.992472413690754895e-01,-1.123886672952973675e-01,8.072120532707442730e-02,-2.060302884319012706e-01,-3.855644776466988777e-01,-1.443438077211984805e-01,-1.920527684485226760e-01,-2.873473991355947055e-01,1.397226870994477121e-01,4.580252015461575704e-02,-8.056595028642271616e-02,-1.797510896392375268e-01,1.479603369034382110e-01,2.365424702446864980e-01,-1.844772357296644572e-01,-2.059617935610255079e-01,-3.510795933231199983e-01,-3.755687928235640349e-01,-4.155150015183029510e-01,-3.706782590430353075e-01,-2.037699576930014356e-01,-2.291906874373557390e-01,1.043405199673964499e-03,-1.138498912073134250e-01,-4.032270216831929655e-01,-8.806385548495510029e-02,1.203751692394101208e-01,-4.101861005641694313e-01,1.112973156860103813e-01,-5.526394498491971063e-02,2.327752523465201062e-01,8.024630755566920792e-02,2.511501430401220092e-01,9.666224494222457053e-02,-3.007175979305416469e-01,-5.183760322747831273e-01,2.578352424375954799e-01,5.577377514047155982e-01,3.465361002216950648e-01,1.723719088835564406e-01,6.061225281913472651e-01,5.685142777558340743e-01,-7.511832488943785691e-02,4.564064394311272421e-01,-1.347864900716684577e-01,4.066083851420926321e-02,-2.073727879010660025e-01,1.348664007543568487e-02,-7.428268746475368001e-02,-5.596715899257743987e-02,8.951138042279600804e-02,3.079597889444712355e-01,1.375491165303238117e-01,3.327777638251189218e-01,-1.550518392014411384e-01,1.267543248803052192e-01,-5.582103660137583551e-02,2.735456826541305883e-02,-2.311633397185774152e-01,-7.398131003290037144e-02,-4.191086990769174458e-01,-7.099493366271755757e-02,-4.517442218868510384e-01,-2.396384384082705377e-01,-7.034194922703537745e-02,-1.517184221521545029e-01,-5.039829767414250039e-01,-3.813634588996527297e-01,-4.688930543917769339e-02,-1.800889976688912208e-01,-2.526889944724639014e-01,-4.205881882878337308e-01,7.137850493962176468e-02,-2.495975926336049533e-01,-5.265771514809732823e-01,-3.690161168431170813e-01,-2.847811246401165119e-01,-5.029555536782887026e-01,-3.280150871368915921e-01,-5.313306955197505399e-01,-3.363394971106580256e-01,-1.924820029726773962e-01,-3.816146067595305169e-01,-3.806511122425448868e-01,2.066969718417585866e-01,1.130370854062544977e-01,-3.358600330145277701e-01,-3.590204320199822385e-01,-4.379310895935742409e-01,-6.909990890182172996e-02,-1.572870551543531850e-02,-2.580498596996728122e-01,-9.898193790255006841e-02,1.216080769151736685e-01,9.782209142238731947e-02,2.901671046533131973e-02
1.616501784291386190e-01,-6.802682259143494337e-02,2.320263750916118917e-01,2.200854359356057000e-01,5.525937866019466072e-02,1.881211628602544872e-01,5.372212544150651858e-01,-1.117607976456029724e-02,4.764754365977227901e-01,1.186080015708157048e-01,5.789985593245492446e-01,2.535474635207733418e-01,1.000000000000000000e+00,2.539858306943781896e-01,2.795572491546591265e-01,1.300420786823413277e-01,5.639639351673215312e-02,7.872572142222750147e-02,-1.567961752464102909e-01,-3.324969348545282755e-02,-2.694565388628481495e-01,-2.166606923918180660e-01,1.614629591154115862e-01,-1.255899120754174203e-01,-8.264819436104559047e-02,-2.448235001335649988e-02,-1.358504437326051584e-01,-1.536728091344759795e-01,1.360604946699574547e-01,-2.372730822006945406e-01,1.314485066976567862e-01,-1.024203804205128382e-01,1.033062474171725781e-01,-2.290240165848914100e-02,1.038039768122030471e-01,-3.089826456828824730e-01,-3.977953784227458017e-02,-2.723287571149047293e-01,-1.285899874197753701e-01,1.125370728488614934e-02,-1.648055088141482938e-01,-1.598190822143935041e-01,-1.471612300765544334e-01,-2.548397334179625662e-01,1.667416304975695707e-01,2.990508894058983014e-01,-1.508097235318695273e-01,-3.376180680336720585e-01,3.206313400564854144e-01,2.073499562774407667e-01,2.363826488793097647e-01,3.266406233946514415e-01,-1.901212130898264629e-01,-3.384674044325314268e-01,-1.214208576014466079e-01,-1.900161876211503009e-01,-3.119028103445520284e-02,1.650657893234761531e-01,6.885789369139407035e-02,7.757044126678980245e-02,2.401681320763763561e-01,1.411976099856389055e-01,-2.098454527396806726e-02,3.423145330133861575e-02,3.713266771539924793e-01,1.706595371116626236e-01,9.835635141521818781e-02,-2.515565459406514659e-01,1.672873063022130638e-02,-3.343234647445483820e-02,3.118137670124135341e-01,2.432709497270479568e-02,1.781665749596451076e-01,-8.443362732854022001e-02,-2.099755929943445953e-01,-8.285367897367285073e-02,-3.240948973604360073e-02,1.142060645358673326e-01,-2.866761494010123812e-01,3.553742217270296905e-02,-4.032818175798935645e-01,1.559399893604633807e-03,-2.303596665669685739e-01,-5.609501608487884455e-02,-1.591934957270616513e-01,1.019546152985577325e-01,-1.385171773720344501e-01,3.134553607510690704e-02,7.409090182630156951e-02,-1.500060503802606859e-01,2.633171152700182135e-02,4.907200865775167981e-02,-2.147291370331218252e-01,3.472027836315523808e-01,-3.168093262616184513e-01,-1.021007376897593300e-01,-1.014157889810018004e-01,-2.159985753066857861e-01,-2.280628052302683395e-01,3.883887494891424125e-02,1.550153086036407390e-01,3.144805006518428536e-01,1.786688706794006265e-01,1.734175972455929138e-01,-8.885382966238877800e-02,2.249759697161344274e-01,2.191904362894958602e-01,1.566089559326832303e-01,-3.947473566687748070e-01,-2.275833411341380841e-01,5.467488909538824327e-02,-4.202457139334549452e-01,-4.703999415510435461e-02,-2.015004943046514729e-01,-3.726189470511816482e-01,-1.962035576235932888e-01
