1.000000000000000000e+00,8.336849179532174192e-01,6.136193925364497037e-01,3.859885750555379080e-01,3.952993447458322956e-02,-7.933989209774675033e-02,5.843383052999048255e-01,4.179392163085481893e-01,3.131125506375193740e-02,1.511984990759236147e-01,-2.394011238262362951e-01,1.904577445068792452e-01,-9.252898239587806217e-02,-2.999281273918644186e-01,-3.706899770381018033e-01,-5.271622454122874002e-01,-2.250032669367334481e-01,-3.301146228088188694e-01,6.470681576343644270e-01,6.997405118823155634e-01,-7.568092295629771926e-02,1.746597718744749561e-01,1.158922470924263065e-01,-1.026191498497209115e-01,1.021384434446580974e-01,-1.987137603375212225e-01,3.621819403737375764e-01,3.613558720854257444e-01,-4.865962252879571515e-01,-6.517072077958444565e-01,-1.225054604513973189e-01,-3.102656486269531749e-02,3.747503126925159078e-01,3.855965426475255198e-01,-4.728190863778072295e-01,-4.458808594843840512e-01,-3.814008624712976192e-01,-3.387813392573786331e-01,-5.153826049620102018e-02,3.385013161087983141e-02,-2.007765975320626589e-02,-2.104700655254167774e-01,-2.275981481135773976e-01,-3.647768215505814982e-01,-4.964903765377937650e-01,-3.573235387458696399e-01,-3.510183508503369465e-01,-4.108639647544197193e-01,-4.405697537663113561e-01,-4.252384863815408811e-01,-1.915451677338660119e-01,-2.862769988985756076e-01,1.197052289655944901e-01,-4.111206526406183115e-02,-1.589458061866447502e-01,-3.208551906957641808e-01,7.347154031399929508e-01,7.998161181324322522e-01,5.179588179289488226e-01,7.651025818134299383e-01,3.257229264285847470e-01,-2.381036832378143342e-01,-2.716691246476375318e-02,-1.712808258816062024e-01,-4.205620998002501665e-01,-4.179485504135008744e-01,4.119980585061698286e-01,-4.840200123210185168e-02,7.310517669460675494e-01,4.476450053204398261e-01,-3.229366961002109737e-01,-2.362601975096607909e-01,-5.454290888046745556e-01,-5.166940467078612320e-01,-1.004303022383183641e-01,-4.124974331211380130e-01,-2.538876547127895678e-01,-4.254065002706890475e-01,-2.011172923628353204e-01,-3.411848712826927033e-01,-2.558851531726622497e-01,-7.115761569623089144e-01,-5.437022793884294103e-01,-6.069781768626206775e-01,-5.580581328056453128e-01,-7.749640636959321816e-01,-1.354892004405697514e-01,-2.486418877293856411e-01,3.280984561390408172e-01,3.535992308697519237e-01,-1.750984748072507424e-01,-1.102871170683443203e-01,-2.326525659454515074e-02,1.580824014785222331e-01,-3.245001586797842119e-01,1.920492094013104972e-02,-6.411176657270334367e-01,-7.140776970896260956e-01,-4.759926820617170762e-01,-5.719286127653219198e-01,2.131536206993111526e-01,2.704650251087423185e-01,1.222581066701513980e-01,1.566402822633337633e-01,-5.352642485112102388e-02,-2.276168163234827402e-01,-7.839714749752646483e-02,2.366475628651968643e-01,-4.196380234099352236e-01,-6.322222637071330809e-01,-6.691666511098250947e-01,-4.900545111729236458e-01,-2.290636025911475249e-01,-3.846024604700655214e-01,-3.436677432001045696e-01,-6.285632945656840498e-01
8.336849179532174192e-01,1.000000000000000000e+00,6.289319917113147529e-01,5.391892396438106028e-01,2.718651408516437606e-01,1.853193197304310591e-01,4.896531446599585724e-01,5.933643847891425516e-01,2.104840666828457652e-03,2.829073870106595390e-01,-3.761877648552280351e-01,5.647600201616666954e-02,-2.851802415666361834e-01,-4.371628054585846024e-01,-3.572768682211062696e-01,-3.946692926615266717e-01,-3.058272817219556683e-01,-4.577258386693299763e-01,6.882502286855712859e-01,8.252888905482853588e-01,-6.646349431553008613e-02,1.285959639330184756e-01,2.424113726734743457e-01,8.613512050329494296e-02,1.148328261802975675e-01,-7.908787126402448686e-02,5.710138704799596621e-01,4.893404521440439248e-01,-5.759002744226856541e-01,-7.170132730972427204e-01,-5.231299120727313234e-02,7.242332032781376161e-02,3.054959209961357058e-01,3.792166819123714006e-01,-6.002669554016465403e-01,-6.056153975395299760e-01,-4.311236395542031308e-01,-4.370601303041051211e-01,-5.035749621968749201e-02,-8.867399705042283004e-04,-5.536524352679821764e-02,-2.997087759254765116e-01,-2.384630462784923521e-01,-2.909720536897716925e-01,-5.023241921332163296e-01,-3.078434483917337205e-01,-3.863106016764052408e-01,-3.608424963130285601e-01,-5.628885321186551938e-01,-4.121520712378889950e-01,-1.676451920025388842e-01,-2.672027554277820460e-01,1.291513431777026877e-01,1.480015681296320551e-01,-1.973509810144305210e-01,-3.876080422648272017e-01,7.345613904082737289e-01,9.090064778688371483e-01,3.048098642821139848e-01,8.032837381223514317e-01,5.672335579741258349e-02,-1.427604681987044155e-01,-1.289599940261728361e-01,-9.006011163589523749e-02,-6.052280321839939026e-01,-4.831192711930852868e-01,1.931739690481079907e-01,-1.798962047529262531e-01,7.882791644109246043e-01,5.050684189893031029e-01,-3.332415479679653458e-01,-3.601191031791961539e-01,-5.706591744917579589e-01,-5.568120297944629815e-01,-9.071349898258256050e-02,-4.508699385815894134e-01,-2.406098904176078579e-01,-3.205611663897549035e-01,-1.978130192095879925e-01,-2.998347863423376225e-01,-2.584146956148374863e-01,-6.485569473743162394e-01,-5.918942632590961095e-01,-5.796385834562324257e-01,-5.300418167901880251e-01,-5.772817219556816148e-01,-4.342692329232549636e-02,-1.111551888289431939e-01,2.056303321074542112e-01,4.276140160919969513e-01,-6.295853790580020759e-02,-3.391080329307222946e-02,1.250630052084305555e-01,2.248352530475852540e-01,-4.604280620531297497e-01,-7.549424085724419642e-02,-7.502333526238168515e-01,-7.842328299139394998e-01,-4.847107360875165805e-01,-5.468945432822446273e-01,3.872486792241491838e-01,3.099436220060858282e-01,2.416133067000205414e-01,2.659893217839341406e-01,5.319506412530102674e-02,-2.098260122836821118e-01,-1.742257359941755124e-01,2.506300520843056101e-01,-4.192786603692572056e-01,-6.626187764855228091e-01,-7.002305523923311181e-01,-4.341152201915358111e-01,-1.126346444639423489e-01,-2.769055575260888080e-01,-2.065964119700561819e-01,-5.878899322343980050e-01
6.136193925364497037e-01,6.289319917113147529e-01,1.000000000000000000e+00,7.239298448671757091e-01,3.049638770138331512e-01,2.598008102003098729e-01,8.728741575970280220e-01,7.171906210913435720e-01,1.065581421397502199e-01,3.220686243396120862e-01,-3.321447906360259217e-01,-4.154143409188493230e-02,-1.663664196240222659e-01,-2.909253831650083222e-01,-2.267814139302182230e-01,-3.031950641253010059e-01,-5.682743106763492591e-01,-5.572367315698097956e-01,7.143810555005880580e-01,7.312011126253104010e-01,7.235331454066869228e-02,9.502585547071891459e-02,5.974200533910802857e-01,4.329764593873093315e-01,1.458500569380402068e-01,5.973827169712696283e-02,5.035236246196351795e-01,5.064218642074411747e-01,-6.080329307222730462e-01,-7.353454552242985054e-01,1.322642671794201641e-01,2.833740922582933530e-01,1.890389605540724605e-01,2.796404502772228962e-01,-2.827673754363694281e-01,-4.311143054492504456e-01,-3.979642317098213700e-01,-3.616405622864823366e-01,1.658670450090540816e-02,2.800231485802826166e-03,-1.248436537420426727e-02,-2.294369667892545706e-01,-1.890716299214068308e-01,-2.646498777232251243e-01,-6.815250060671682597e-01,-5.982881251516791732e-01,-1.983637314017958897e-01,-3.160714619075176701e-01,-7.323118711146787696e-01,-6.356105438049545198e-01,-3.796227154778128443e-01,-4.399770381018164311e-01,1.898276924225736073e-01,8.543506263184423577e-02,2.578546493176769178e-02,-2.478811581757425220e-01,2.876817816939533645e-01,4.856254783728788382e-01,1.503724307876117688e-02,4.376808482834581016e-01,4.423432337073197884e-02,-1.126346444639423489e-01,-3.556807362741986611e-01,-8.255549125394365251e-02,-4.385769223589149890e-01,-2.897632870984001574e-01,3.833050198816435189e-02,-3.134625795732447484e-01,5.865644893311180441e-01,5.527563611925252474e-01,1.260570873858905538e-01,6.245916329083204405e-02,-3.046465174454421332e-01,-2.631004163010808861e-01,2.165979054268486054e-02,-2.755427782029981065e-01,-5.634065749435286652e-02,-2.561978456885768973e-01,-3.740735900834468719e-01,-3.813915283663449340e-01,-4.444014038493848684e-01,-5.645873392200422280e-01,-4.268766218007355451e-01,-6.112298616685646335e-01,-3.539399257005245714e-01,-3.934138555453917663e-01,-5.826348311460414348e-02,-1.463821009203427614e-01,3.854938674930460940e-01,4.279313756603879138e-01,2.775729460302051588e-01,2.517548117311030897e-01,3.654815464745085341e-01,4.238850411634028648e-01,-2.691722515727966725e-01,-4.999813317900946713e-02,-4.904325424235070341e-01,-5.226445386151922223e-01,-1.941027124908992485e-01,-2.495612970672242137e-01,3.357337539903298418e-01,3.363544719696828222e-01,6.451733343289711708e-02,6.700953945526164079e-02,-7.468684077883772088e-02,-2.495192935949371860e-01,-3.562361155188829009e-01,9.222562398491608582e-02,-6.367773069240389994e-01,-6.592211622827487405e-01,-5.990068512330352091e-01,-2.659986558888868258e-01,6.676218567401571991e-02,-1.192011872981499770e-01,-9.026079489237777420e-02,-5.006580543991636656e-01
3.859885750555379080e-01,5.391892396438106028e-01,7.239298448671757091e-01,1.000000000000000000e+00,1.660677282655366183e-01,3.367745066925532660e-01,5.878152593947766347e-01,8.151100490973920421e-01,-1.445852857169525885e-01,1.618487128269270325e-01,-5.030989228442884764e-01,-2.257686635428528821e-01,-4.465155786211660316e-01,-2.782450015867978244e-01,-3.433457165792372368e-01,-2.871077342393638099e-01,-7.230011014243844514e-01,-6.620073926111225138e-01,6.823744096178617768e-01,7.544943715347135482e-01,-3.273937312151137952e-02,-1.372300110142438412e-01,3.509250098008102059e-01,4.138415442343233441e-01,-2.116041592771669144e-01,-6.780293837623910247e-02,3.682397744880243629e-01,3.564274646704127525e-01,-8.195344148449604793e-01,-7.956064367987754071e-01,-1.268178169395336730e-01,8.862732652565945626e-03,4.299755446450240215e-02,1.098764164504265617e-01,-3.859932421080142784e-01,-3.658175742528049224e-01,-2.377769895644706588e-01,-3.595217204622248586e-01,1.377247185767356726e-02,-9.606194112046595457e-02,3.973995183601844450e-02,-2.188800940877779211e-01,-3.938525584781675526e-02,-7.410812627177179590e-02,-4.563397240838575897e-01,-3.109610394459275118e-01,-1.013637127335859783e-01,-1.816370153266003429e-01,-5.579554576511658315e-01,-3.457539156570276218e-01,-1.482722571732596473e-01,-2.527722291709447733e-01,3.377965911848712643e-01,3.929844867175686374e-01,-5.304105139358186727e-02,-1.936826777680288325e-01,1.780387178673437099e-01,4.220648906976309789e-01,5.608396960815427434e-02,4.054268486194858578e-01,-1.839938768271510428e-01,1.861220527563611782e-02,-6.095917262493699695e-01,-1.099277540276662884e-01,-6.564629342692329672e-01,-4.032846715328466947e-01,-3.101583064199973649e-01,-3.786286333003528459e-01,6.205032949390483221e-01,4.875016334683667241e-01,-1.325349562230477840e-01,-2.069837773255922553e-01,-4.551402915974387398e-01,-3.211258797393917730e-01,-2.386263931151641760e-01,-3.820682509754139700e-01,-3.148906976310041905e-01,-3.399621035338921127e-01,-4.154143409188492675e-01,-5.373457539156569762e-01,-6.010836895850056871e-01,-5.193402654619448944e-01,-4.616554968544066551e-01,-6.894869975918008764e-01,-3.536645696044206089e-01,-1.410803293072227238e-01,-1.564956036365672820e-01,-1.556788694532081352e-01,1.606212780256501271e-01,6.024558030130491293e-01,5.390725633319021215e-01,5.009474116526966281e-01,7.009306102637817837e-01,5.644426605932757468e-01,-3.828569828439151168e-01,-2.761961655496854295e-02,-4.017678794780368268e-01,-4.241230608396960866e-01,-8.278417682528421695e-02,-7.067317564918700057e-02,4.456195045457090886e-01,3.939739018425523209e-01,8.383426363246028468e-02,5.418447925028468948e-02,-2.796964549069389655e-02,-2.692749267272760982e-01,-5.511882315604756943e-01,-8.981275785464931660e-02,-6.266077995780984233e-01,-4.925513842477644566e-01,-4.979138275430768923e-01,-1.251516792054809812e-01,3.090708831930106260e-01,-2.586947187634177844e-02,-7.476618067093545976e-03,-4.805243900162413651e-01
3.952993447458322956e-02,2.718651408516437606e-01,3.049638770138331512e-01,1.660677282655366183e-01,1.000000000000000000e+00,6.966369219855508277e-01,1.907190994455541522e-01,3.025416767786137107e-01,6.195792185487333237e-01,7.273974648570948887e-01,-1.837978606231448486e-01,3.380346108611645417e-02,-1.421397502193514628e-01,-4.548509343439057634e-02,3.067326899023652409e-01,5.150932477084771977e-01,-3.162628110590475217e-01,-3.123704892937816391e-01,2.593481061101051144e-01,2.628950659921220345e-01,1.650969813504583050e-01,2.073804767860809861e-01,5.072199301808949512e-01,6.102077771762465241e-01,5.895187335486400393e-01,6.855620064592006235e-01,8.042264827225716894e-01,7.612989340452144260e-01,-2.295256407863049963e-01,-2.157998394533948150e-01,4.453114790822708113e-01,4.677646685459331266e-01,8.122071424571097875e-02,2.932402411932719666e-01,-5.787145070659174828e-02,-2.612989340452144260e-01,-4.921500177347993832e-01,-4.582158791793454755e-01,-7.411279332424814022e-03,-1.563929284820878354e-02,-3.565208057199394931e-01,-2.641038325834935696e-01,-2.582933522504526902e-01,-1.840358802994380982e-01,-4.183825862938002627e-01,-3.663869546549181622e-01,-1.533360091100864353e-01,-1.181277652285922242e-01,-5.399126327776428980e-01,-4.304142475777997801e-01,-3.806821363899415833e-01,-2.982899919726697546e-01,-1.296227154778128443e-01,-1.039212574906192288e-01,-1.288573188716933826e-01,-5.595795919129314955e-02,7.132656299587432358e-02,1.998291858793660170e-01,-2.985186775440102913e-01,7.898986316202138980e-02,-1.907004312356488096e-01,3.216999271939813970e-02,-2.059196893609871737e-01,1.734276700207217081e-01,-1.004536375007000631e-01,-1.767879478036851054e-02,7.799111393208504883e-02,-1.836905184161890803e-01,2.701336643829223005e-01,3.793006888569455115e-01,3.768598204118207007e-01,5.072152631284185947e-02,-3.014449194466742657e-02,-9.195026788881213720e-02,4.104672652939309607e-01,1.804095805253234375e-01,2.053503089588739339e-01,1.289693281311254935e-01,-1.150568446991618032e-01,7.812179140142251621e-02,-1.470961599492224825e-01,-1.207319805103888588e-01,-2.819833106203445960e-01,4.719323464073030272e-02,-1.251656803629100090e-01,-4.144342598988183350e-03,1.473341796255157043e-01,3.664942968618739028e-01,2.654666119065842711e-01,3.110823828103123079e-01,2.197248305859950956e-01,3.834917019806970834e-02,1.761952321391901666e-01,3.880654134075083722e-02,1.935473332462150087e-01,-1.347424720443556601e-01,-1.443192637258013389e-01,-1.958901935893367086e-01,5.474919259992159365e-02,-5.703138126085089375e-03,3.753710306718688883e-01,2.412866130266768782e-03,2.605568727014766495e-01,2.660593275710791961e-01,1.429098138779472393e-01,3.297739279780461524e-02,2.852035768290178686e-02,3.629240017174752975e-01,-2.098073440737767692e-01,-3.647441521832471278e-01,-2.525388765471279218e-01,9.390109582392143842e-03,-1.009156756958575207e-01,2.698956447066290856e-02,4.247017753467619700e-02,-1.452853435884033095e-01
-7.933989209774675033e-02,1.853193197304310591e-01,2.598008102003098729e-01,3.367745066925532660e-01,6.966369219855508277e-01,1.000000000000000000e+00,1.372953497489125818e-01,3.302359661732036655e-01,3.246728396214086931e-01,3.682444415405006777e-01,-3.379832732839248011e-01,-3.631713554987212045e-01,-3.460199376481788991e-01,-1.885955905688203593e-01,3.575942277894972876e-01,4.177151977896839674e-01,-4.132768308846864747e-01,-2.366708981275785495e-01,2.979913006141841070e-01,3.662469430806279957e-01,2.886945320813187332e-01,1.446272891892396439e-01,3.420062725185282204e-01,6.330343308380159684e-01,5.772210502734892446e-02,4.063602591147534859e-01,6.045699777848302370e-01,6.039259245430955714e-01,-3.656262251012750153e-01,-2.668760617544383429e-01,4.214488397707543688e-01,4.885377191181137779e-01,-1.749257938656262334e-01,1.829017865476879542e-02,-2.999374614968170483e-01,-3.600724326544327836e-01,-1.360819161050646764e-01,-2.908693785352922667e-01,1.649896391435025367e-01,1.148794967050609517e-01,1.568129632049582861e-02,-8.942072544663692835e-02,-1.803629100005600394e-01,-1.689986372206769005e-01,-3.454552242985420296e-01,-2.632824313476580524e-01,-3.133365691563835820e-01,-2.035441596505311035e-01,-4.975451303974461892e-01,-3.892181753691638657e-01,-2.936836111785240955e-01,-3.592696996285026367e-01,-4.959676666604439371e-02,7.181193645341348020e-02,-1.131060167640524916e-01,-1.659370507961991648e-01,-6.093303713106950487e-02,9.528721040939384934e-02,-2.636837978606231259e-01,-7.289002557544757566e-02,-4.564984038680530709e-01,-1.593051692273227959e-01,-3.416842458976608876e-01,8.691451826684339077e-02,-2.402411932719771548e-01,-2.701196632254933006e-01,-3.130798812701849898e-01,-4.340592155618197556e-01,3.915797039221908804e-01,3.435744021505777734e-01,3.059626262437694644e-01,-4.830399313009875462e-02,1.400115742901413191e-04,-3.393880560793025719e-02,9.711669498011835100e-02,-1.136053913790206621e-01,6.773293258909403314e-02,1.106604812664513660e-01,-3.022943229973678037e-01,-6.634215095114529004e-02,-2.208915937050796308e-01,-6.899770381018163756e-02,-6.069035040229992656e-02,-6.038232493886161456e-02,1.412250079339892085e-02,1.466341217540650110e-01,3.991823324061455902e-01,5.449763847144697415e-01,3.146480109022345983e-01,4.244684227229451046e-01,2.876911157989060497e-01,3.222366382287602526e-01,2.788937218810088048e-01,2.968058692851942570e-01,-8.612111934586592910e-02,-1.911811376407116236e-01,-2.712817592921014653e-01,-2.764575204883603643e-01,-1.146228088188623595e-01,4.396830137958071538e-02,3.184049881456866848e-01,1.458313887281348642e-01,2.365542218156700960e-01,2.024100658987809664e-01,-2.667687195474826092e-02,-9.049881456867100993e-02,-2.418933298486008188e-01,1.171150148412268693e-01,-3.881400862471297564e-01,-2.488519050908208352e-01,-3.452218716747251226e-01,-4.014131834898351792e-02,1.582924188399574272e-01,-5.742341366886329068e-02,-1.133533705452984125e-01,-1.916945134131088080e-01
5.843383052999048255e-01,4.896531446599585724e-01,8.728741575970280220e-01,5.878152593947766347e-01,1.907190994455541522e-01,1.372953497489125818e-01,1.000000000000000000e+00,6.049900125077006807e-01,1.249649971064274584e-01,2.192021207086452539e-01,-2.249285940971120223e-01,1.415517016073328804e-01,-2.265387272014486586e-02,-1.493690145051990992e-01,-2.358308286818376898e-01,-3.317620923329662186e-01,-4.951555995295611190e-01,-4.744572217970018935e-01,6.036785707618496089e-01,6.059607594227789384e-01,-5.001680138891481664e-02,-5.148225586648496471e-02,5.133104336625160524e-01,3.436630761476281992e-01,9.443780685870031832e-02,6.363059346239288705e-02,3.514290514682547051e-01,4.072563331902103734e-01,-4.681100304291821446e-01,-6.843205705004946626e-01,9.863348703492821890e-02,2.747680474919260152e-01,3.282898052905706687e-01,4.313803274404017229e-01,-2.082345473892508458e-01,-2.885731887169339371e-01,-3.753103589896764625e-01,-3.602451135960572648e-01,-2.971979016932066453e-02,-7.278268336849179343e-02,-1.023997983833330183e-01,-3.208365224858588105e-01,-1.799615434875949660e-01,-2.631237515634625712e-01,-6.801202232717904472e-01,-6.405436182724438821e-01,-1.355452050702858069e-01,-1.976683405828215112e-01,-6.415843709746672507e-01,-6.534106819497078611e-01,-3.938618925831202100e-01,-4.697528329008531234e-01,2.169946048873373501e-01,-1.937293482927921959e-02,7.492952750760729919e-02,-1.745197603001848174e-01,2.569585752422200442e-01,3.888261429611514775e-01,7.445815520749715644e-02,3.515037243078761309e-01,2.406472268374185708e-01,-3.621166016390688080e-02,-2.562911867381036934e-01,5.761476282039314917e-02,-3.605531390594955976e-01,-2.140730300371497252e-01,1.149074990199189794e-01,-2.918447925028468948e-01,4.617021673791700254e-01,3.564367987753654377e-01,1.632161592024940766e-01,1.585911101984430749e-01,-2.158558440831108705e-01,-1.620307278735041989e-01,7.825713592323632617e-02,-1.941400489107099614e-01,1.906024231336457195e-02,-2.025547445255474477e-01,-1.750471372300110018e-01,-2.585080366643642269e-01,-4.522093826422984297e-01,-5.042703530158493264e-01,-4.347732745906994767e-01,-6.163869546549181067e-01,-3.353650568446991387e-01,-3.952713424309742818e-01,-1.552588347303377192e-01,-2.129202680754942456e-01,4.175985214777754861e-01,3.946926279239083568e-01,2.347107360875165805e-01,2.605288703866186495e-01,3.177656019564283896e-01,4.421658857132189646e-01,-1.840778837717251259e-01,4.175611850579647594e-02,-3.893908563107883469e-01,-4.347266040659361064e-01,-1.211566822857356174e-01,-1.860240446543580950e-01,2.594554483170608550e-01,3.903382679634849750e-01,2.770829055201896526e-02,5.470252207515821641e-02,6.747157765041909838e-02,-1.776186831444732661e-01,-2.579479903672036722e-01,7.324938861612559360e-02,-5.840722833087534926e-01,-5.967339966770586202e-01,-5.395159333171541949e-01,-2.455429648850971647e-01,1.108798327328392452e-01,-2.390930983627979900e-02,-2.694289394589952785e-02,-4.827319058375492133e-01
4.179392163085481893e-01,5.933643847891425516e-01,7.171906210913435720e-01,8.151100490973920421e-01,3.025416767786137107e-01,3.302359661732036655e-01,6.049900125077006807e-01,1.000000000000000000e+00,-2.156644949315810258e-02,3.165241659977224842e-01,-5.221544981051766676e-01,8.447364982171859382e-02,-3.745449623835570563e-01,-1.420417421173483796e-01,-2.625683723187783314e-01,-1.515438609591726327e-01,-7.002492206022364885e-01,-6.575876939160304469e-01,5.035236246196351795e-01,7.250686056714021888e-01,4.380028749043254205e-02,1.051020217671327570e-02,5.166193738682397507e-01,5.016801388914816640e-01,-3.228200197883025063e-02,8.550973547146564768e-02,4.739578471820337091e-01,4.702755427782029929e-01,-7.096253290271995473e-01,-7.167985886833311282e-01,5.021748464539735335e-02,2.517128082588160898e-01,5.032015979987679299e-02,2.439841693580002691e-01,-3.663962887598707918e-01,-3.839770754382362261e-01,-3.538092482311870901e-01,-4.357113521384434196e-01,-4.234883417029140784e-02,-1.781647282842048208e-01,-3.942725932010379686e-02,-2.886478615565553629e-01,-1.537327085705751661e-01,-1.304534508186009911e-01,-6.060260981574476791e-01,-4.865402206582410960e-01,-1.883809061549087949e-01,-1.436845445890193584e-01,-6.628474620568634013e-01,-4.687774189332984953e-01,-2.944303395747381868e-01,-3.772285175574514038e-01,2.853062519834972943e-01,2.416739783822129395e-01,1.092977019433606506e-01,-2.798831370059924883e-01,8.306419997386450815e-02,4.000224018518864222e-01,-7.224130528123658135e-02,4.533668116564302797e-01,-3.567961618160434695e-02,2.299830119289861252e-01,-4.356740157186327345e-01,1.398808968208038461e-01,-6.946487576306308309e-01,-2.095739914499598622e-01,-1.649243004088337960e-01,-2.947757014579872048e-01,5.033509436780106983e-01,2.736619560550339059e-01,6.034032146657457296e-02,6.727556144641290425e-02,-2.931095637239344853e-01,-1.406836298467339930e-01,-1.242136016577370383e-01,-3.698499075923609714e-01,-2.834394309929620936e-01,-3.212425560513002543e-01,-3.482181193645341177e-01,-4.523773965314465961e-01,-5.139311516418690884e-01,-4.661778707039782033e-01,-4.154563443911363230e-01,-6.365859577725091478e-01,-3.483534638863479138e-01,-1.462234211361472525e-01,-6.726156028898389039e-02,-1.737870330613997538e-01,2.520721712994941077e-01,4.918466593238374207e-01,3.609591726249369859e-01,2.307950790598689572e-01,4.917626523792633653e-01,2.864590139451527739e-01,-2.229124274273339978e-01,6.111971923012302077e-02,-4.694168051225567906e-01,-4.870395952732092248e-01,-2.393637874064256099e-01,-2.109694401403849340e-01,4.314643343849758339e-01,2.290215991188604971e-01,1.129986745570967233e-01,1.799148729628315818e-02,1.342570985868165034e-01,-2.881764892564451785e-01,-4.248791233408628631e-01,-1.460274049321410583e-01,-4.827365728900255837e-01,-5.454337558571508149e-01,-4.763613792073478348e-01,-3.109750406033565673e-01,1.012610375791065387e-01,-9.760206843765750762e-02,1.712434894617955172e-01,-3.907303003714973633e-01
3.131125506375193740e-02,2.104840666828457652e-03,1.065581421397502199e-01,-1.445852857169525885e-01,6.195792185487333237e-01,3.246728396214086931e-01,1.249649971064274584e-01,-2.156644949315810258e-02,1.000000000000000000e+00,7.192394571284559390e-01,4.923740362536636189e-02,2.264780555192562606e-01,3.275804133141672903e-02,2.371422704276886784e-01,4.116666977803498662e-01,4.319917113148020182e-01,-3.182463083614912175e-02,-1.550861537887131963e-02,4.275486773573282384e-02,-3.651968562734519280e-02,1.257350607650232488e-01,1.181791028058319509e-01,2.539343252375529936e-01,3.109190359736405118e-01,6.194298728694905831e-01,6.777213582989527474e-01,3.813261896316761934e-01,5.951565329400563265e-01,9.957623163514850440e-02,3.801314241977336861e-02,3.965407807045382427e-01,3.530905221498310542e-01,2.279761793641607581e-01,3.995463624992999230e-01,3.499355946758265223e-01,1.618627139843560325e-01,-3.792260160173240857e-01,-3.010668881960908982e-01,-7.002912240745234884e-02,-7.173726361379206828e-02,-4.767627457203128527e-01,-2.112867997087759242e-01,-5.568260309518920093e-02,-1.050553512423693658e-01,-2.342300296824537387e-01,-2.630164093565068306e-01,6.688352903840050212e-02,-7.010379524707376075e-02,-2.514187839528067570e-01,-3.766638042078145343e-01,-3.636987324285474443e-01,-2.918914630276102651e-01,-1.347191367819739749e-01,-4.306802695689510574e-01,-7.702503406948307818e-02,2.347387384023746082e-01,5.920156066234808639e-02,2.298990049844120559e-02,-5.616797655272835754e-02,-8.040398006235181805e-02,2.167565852110441005e-01,3.843317714264379154e-02,-4.532174659771874559e-02,1.277465603823249307e-01,1.634915152985980114e-01,6.476935426661938056e-02,3.954440233725988185e-01,1.848852838501316154e-01,3.910056564676013535e-02,3.327141710381391615e-01,3.946506244516213568e-01,2.610609143689211487e-01,1.906164242910747264e-01,1.771659790542684798e-01,5.517202755427782490e-01,4.661965389138835736e-01,4.231009763473780327e-01,2.641551701607333102e-01,1.882315604756659988e-01,3.018089495398286193e-01,-1.414116900330427383e-02,-9.006944574084790878e-02,-1.463494315530083911e-01,2.107174193066626844e-01,-2.651399182332406235e-01,-1.965762503033584019e-01,-5.661134653798046909e-03,1.604392629790729330e-01,3.926577930442249897e-01,4.969944182052383336e-02,3.345343215039110057e-02,-1.768766218007355173e-01,-1.952694756099837559e-02,-1.427371329363227304e-01,3.333488901749211419e-01,-4.217615322866690580e-02,6.107771575783597917e-02,-1.004349692907947032e-02,1.600612317284895447e-01,-1.432318404988145756e-02,1.039865962252879555e-01,-4.709989359120354130e-02,5.040416674445087619e-02,1.171850206283719387e-01,1.467694662758788071e-01,1.797188567588254016e-01,3.326348311460414209e-01,3.980155692870610551e-01,-7.570892527115574699e-02,-1.209419978718240668e-01,-4.219948849104859095e-02,1.745477626150428521e-02,-1.605279369761233588e-01,1.357645565366736966e-02,8.228013515783971776e-02,-4.302555677936042988e-02
1.511984990759236147e-01,2.829073870106595390e-01,3.220686243396120862e-01,1.618487128269270325e-01,7.273974648570948887e-01,3.682444415405006777e-01,2.192021207086452539e-01,3.165241659977224842e-01,7.192394571284559390e-01,1.000000000000000000e+00,-1.135400526443519353e-01,2.105914088898015457e-01,-2.798364664812291042e-02,-3.831650083073533976e-03,1.727042768868893297e-01,3.839444060709018558e-01,-2.085005693804021232e-01,-3.938898948979782100e-01,2.531362592640991616e-01,2.148197584333638166e-01,1.484869415871712117e-01,2.572199301808949512e-01,5.331500737394291312e-01,5.008587376556461468e-01,6.393068493662142915e-01,5.659501185431329295e-01,5.612783990143185298e-01,6.544934381242182297e-01,-1.742257359941755124e-01,-2.039548602684488621e-01,2.873457539156570317e-01,3.304413164821625171e-01,1.547081225381298220e-01,3.251395448690425072e-01,1.707627830567327032e-01,-4.150876472455056199e-02,-5.982181193645341732e-01,-4.165997722478391729e-01,-9.118953833516904584e-02,-6.466667911213994091e-02,-4.155170160733287488e-01,-1.995538297832620822e-01,-1.845165867045009123e-01,-6.631881568876360489e-02,-3.984869415871711840e-01,-3.349730244366867504e-01,4.569511079582579127e-02,-4.228349543562267415e-03,-4.782608695652174058e-01,-4.021085743088095299e-01,-3.692851942427240464e-01,-1.572983366624974289e-01,-2.560811693766684716e-02,-1.787574439486997457e-01,-6.969309462915601605e-02,2.378049918793286865e-01,6.468534732204528348e-02,1.641635708551907047e-01,-2.700869938581589302e-01,7.414546269158250880e-02,1.650269755633132496e-02,1.265004573711426827e-01,-3.196930946291560299e-02,1.080796012470364165e-01,-5.750275356096103824e-02,7.081318722347713923e-02,2.898146246756398425e-01,1.117619056508671327e-01,1.662870797319244975e-01,4.273386599958929888e-01,3.118524464689080844e-01,1.688306233315287341e-01,2.502006832564825436e-02,4.404764127167845600e-02,5.904194746765732971e-01,4.058282151324509313e-01,3.452872104093938632e-01,1.285446263557787350e-01,2.573412735452797542e-02,4.574644837306550416e-02,2.352661153322007856e-02,-2.174193066626841087e-01,-2.995220938264229749e-01,1.245729646984150701e-01,-2.516848059439580343e-01,-2.026387514701215309e-01,-7.896652789963969771e-03,1.535973640487613701e-01,3.195110795825788497e-01,1.954888270763716351e-01,3.009502118841824170e-01,-6.138107416879795553e-02,1.944107379543375536e-01,-7.815446076875688652e-02,1.910037896466107998e-01,-1.196305561259730782e-01,-7.712304217148617524e-02,-1.259544122314111281e-01,1.843112363955420330e-01,-2.183713853678570863e-02,4.406070901861220412e-01,-7.002912240745234884e-02,2.224970597569398967e-01,2.167565852110441005e-01,1.544887710717419427e-01,9.626729142942483386e-02,1.834338305299904881e-01,4.393329848600817655e-01,-2.026107491552635032e-01,-3.764491197939029421e-01,-8.683517837474565015e-02,-1.647002818899695811e-02,-1.097830754008998072e-01,1.488836410476599426e-01,1.711454813597924063e-01,-7.213396307428081300e-02
-2.394011238262362951e-01,-3.761877648552280351e-01,-3.321447906360259217e-01,-5.030989228442884764e-01,-1.837978606231448486e-01,-3.379832732839248011e-01,-2.249285940971120223e-01,-5.221544981051766676e-01,4.923740362536636189e-02,-1.135400526443519353e-01,1.000000000000000000e+00,2.383930404913472967e-01,7.732792577519741473e-01,3.700645920062725081e-01,5.732540556686019362e-02,8.455765676629267702e-02,4.787555771277092198e-01,4.405650867138349858e-01,-2.613736068848357963e-01,-4.943762017660126573e-01,-3.929098138779472671e-01,-3.584856348124778047e-01,2.396531446599585446e-02,-8.825862938002874969e-02,4.438366904997479573e-02,-1.539193906696287029e-01,-4.550189482330539437e-01,-4.864282113988089851e-01,6.764519200253887865e-01,5.146872141430358649e-01,1.113932085052364296e-01,7.776709541322082697e-02,2.310144305262568365e-01,1.046119812571172508e-01,4.287014393189836903e-01,3.833656915638359308e-01,-8.349823585416393801e-02,6.232848582149457667e-02,-3.791840125450370302e-01,-2.951490656560942227e-01,-3.223673156980977339e-01,-2.262260346855340110e-01,-6.188978288871879729e-02,-8.713386973323128393e-02,1.994791569436406842e-01,6.666884462448895154e-02,6.584277633617711956e-02,1.859400377097840118e-01,1.914331584744338732e-01,8.689585005693803432e-02,-1.406509604793996226e-01,5.806279985812160677e-02,-3.941979203614165428e-01,-4.589672746280359372e-01,-1.782627363862079317e-01,-2.688688931618347239e-02,-4.317956951107958241e-02,-3.206031698620419035e-01,-1.571163216159202625e-01,-3.839864095431889113e-01,1.392601788414508934e-01,5.847816752851569405e-02,5.201943360651146708e-01,9.292568185636679301e-02,7.229824332144790811e-01,3.728461552821699665e-01,1.139554203147460226e-01,6.005563126551794612e-02,-4.181398995650307260e-01,-3.080768010155506276e-01,1.497190434409244597e-01,2.537056396662124014e-01,4.683060466331883664e-01,2.861649896391434966e-01,3.251395448690425072e-01,4.496705060951705080e-01,3.536692366568969792e-01,3.029663785539604692e-01,4.521673791700113743e-01,5.523549946795601739e-01,4.097578733175276100e-01,4.307176059887617425e-01,2.480771743797487161e-01,3.774058655515522553e-01,3.857598894841973713e-01,1.196072208635913930e-01,-2.261653630033415990e-02,-1.067261560288983863e-01,-2.261280265835309000e-01,-5.097588067280228730e-01,-3.218866092930348644e-01,-2.007952657419680154e-01,-1.778053652435268028e-01,-1.139180838949353097e-01,1.465081113372038724e-01,2.413892881811563196e-01,2.633664382922321634e-01,3.325648253588963099e-01,7.140123583549573549e-02,-6.831631414863628682e-02,-3.950286557022046896e-01,-1.304861201859353614e-01,-2.844101779080404069e-01,-1.579890604289954648e-01,3.066206806429331300e-01,4.368407788377172696e-01,4.083904269419605382e-01,-2.134243097429387379e-02,5.393805887953404543e-01,2.586013777138910230e-01,3.145686710101368577e-01,-2.595347882091586164e-02,-1.392181753691638380e-01,2.419820038456512445e-01,2.324752179513506489e-01,4.568064293314914037e-01
1.904577445068792452e-01,5.647600201616666954e-02,-4.154143409188493230e-02,-2.257686635428528821e-01,3.380346108611645417e-02,-3.631713554987212045e-01,1.415517016073328804e-01,8.447364982171859382e-02,2.264780555192562606e-01,2.105914088898015457e-01,2.383930404913472967e-01,1.000000000000000000e+00,2.843495062258479811e-01,4.574644837306550693e-01,-1.380887486698900435e-01,-1.360445796852539739e-02,1.850532977392797818e-01,8.393227173446338174e-02,-9.411578023783299940e-02,-5.200029869135848470e-02,-2.738113017342767019e-01,-7.146190751768813354e-02,7.196594918513263273e-02,-6.445666175070471904e-02,2.446842272294509624e-01,1.196678925457837911e-01,1.541994138182089732e-02,5.226632068250975510e-02,2.951397315511415376e-01,1.148608284951555952e-01,1.289459928687438084e-01,1.598185449997199803e-01,4.799223402467937549e-01,5.074486157522355434e-01,1.040986054847200665e-01,9.802210316052793748e-02,-4.397576866354285241e-01,-2.829587245878992796e-01,-2.601321709261298909e-01,-2.402691955868351825e-01,-4.199320477159445009e-01,-3.296852539809957405e-01,-4.040313999290607860e-01,-2.974312543170235523e-01,-3.186570089794089622e-01,-3.434763940485746625e-01,-1.127139843560401034e-01,-2.684488584389642732e-02,-1.724569231056433949e-01,-2.669414004891070835e-01,-3.335122370115929380e-01,-2.180213564321317188e-01,-1.848152780629865322e-01,-4.808790860044430127e-01,2.372262773722627616e-02,1.492990087180540333e-02,1.384621128679970892e-01,8.062333152873971120e-02,7.097653406014897692e-02,1.324836186458080434e-01,6.192478578229133612e-01,5.376724475890006794e-01,4.191853193197304095e-01,5.227892172419587036e-01,-7.709970690910448662e-03,3.276970896260757438e-01,3.501596131946907442e-01,1.813523251255437230e-01,-1.507411279332424858e-01,-1.510024828719174206e-01,1.238495715645826778e-01,2.639124834319637181e-01,2.128082588160621347e-01,1.667257826647002839e-01,2.133496369033173468e-01,2.431114305449250390e-01,1.276018817555584495e-01,4.324024119327198046e-02,2.864636809976291443e-01,2.218810088300632866e-01,1.235228778912390024e-01,6.809229562977206496e-03,-2.088786006309854837e-01,-1.447719678160061182e-02,-2.702923441671178373e-01,-3.114277446935613258e-01,-1.820477159445180737e-01,-2.881764892564451785e-01,3.060653013982489110e-02,-1.848992850075606154e-01,-1.799055388578789105e-01,-4.129641383687718270e-01,-9.825078873186850192e-02,-2.969318797020553680e-01,2.445488827076371663e-01,3.003388280097821217e-01,5.770810386991991059e-02,1.379580712005525761e-02,3.335075699591166093e-02,-2.498739895831388613e-01,3.089588739335785185e-03,-1.465547818619672427e-01,-3.261802975712659036e-02,-4.765060578341142987e-03,3.615332200795265960e-01,2.241118599137528755e-01,5.059458248548546200e-01,1.415890380271435656e-01,3.332415479679653458e-01,-1.458873933578509197e-01,-3.400881139507532652e-02,-2.115761569623088867e-01,-3.036150988481714497e-01,8.791793454925607432e-02,2.496313028543692969e-01,1.255810480333040824e-01
-9.252898239587806217e-02,-2.851802415666361834e-01,-1.663664196240222659e-01,-4.465155786211660316e-01,-1.421397502193514628e-01,-3.460199376481788991e-01,-2.265387272014486586e-02,-3.745449623835570563e-01,3.275804133141672903e-02,-2.798364664812291042e-02,7.732792577519741473e-01,2.843495062258479811e-01,1.000000000000000000e+00,2.970252207515821086e-01,6.043832956857767003e-02,1.206666417757201321e-01,3.772331846099277741e-01,3.692385237179606761e-01,-1.545821121212686833e-01,-3.967974685907368348e-01,-2.809612261280265977e-01,-1.373233520637706095e-01,2.770502361528552893e-01,3.666903130658800969e-02,2.040575354229282878e-01,-6.894636623294192468e-02,-3.324108126271771990e-01,-3.944639423525678201e-01,5.549592099613568363e-01,4.016091996938413455e-01,2.630910821961282009e-01,1.960208710586741898e-01,1.713134952489405727e-01,5.689136968656075682e-02,3.620559299568764100e-01,2.590074112793324113e-01,-1.404549442753934285e-01,4.772527862303283658e-02,-3.496695726846752450e-01,-2.063910616610973303e-01,-2.525015401273171811e-01,-1.974956596411970022e-01,-2.694522747213769498e-01,-2.983226613400041249e-01,-5.679802863703399887e-03,-1.265191255810480253e-01,-6.952041368753150707e-02,1.326236302200981820e-01,-5.544458341889595999e-03,-8.501502790897380590e-02,-3.405641533033397228e-01,-7.926521925812533842e-02,-4.954589579405230815e-01,-4.927520675042469933e-01,-1.613960087367222462e-01,-1.110011760972240413e-01,-8.998543879627382558e-02,-3.084641663710867010e-01,-2.182547090559486258e-01,-3.475133944406070818e-01,1.614753486288199869e-01,4.658651781880635695e-02,4.802116975003267174e-01,3.931058300819534335e-02,6.621894076576997357e-01,5.205583661582691146e-01,2.268420856124106211e-01,5.385778557694102797e-02,-3.062006459200627417e-01,-3.084174958463232752e-01,2.142597121362032619e-01,3.240987921668191385e-01,3.518490861911251488e-01,1.567336233128605316e-01,3.314727350794332561e-01,3.239587805925289721e-01,3.499729310956372630e-01,1.913538185823361326e-01,2.412306083969608106e-01,4.090018108163608335e-01,3.537812459163290901e-01,3.050338828009782066e-01,1.885022495192935910e-01,2.851942427240651834e-01,3.016362685982041381e-01,-2.760094834506319345e-02,6.847966098530812451e-02,6.505871152015233611e-03,-5.043216905930890392e-02,-3.495248940579087638e-01,-3.550040136651296252e-01,-1.914658278417682435e-01,-2.252879571377900680e-01,-1.045933130472119083e-01,2.019853641234342079e-01,3.371712061530419691e-01,1.107631564209307917e-01,1.887729385629212109e-01,-1.114912166072395266e-01,-2.155198163048145377e-01,-3.436910784624862547e-01,-2.182267067410905981e-01,-2.456503070920529330e-01,-1.963195624171598097e-01,2.410812627177179868e-01,2.978139526200832554e-01,3.156700953945525967e-01,-5.199096458640580648e-02,3.153994063509250045e-01,8.195810853697238496e-02,2.101853753243601575e-01,-2.394571284559523505e-01,-2.311497750480706326e-01,1.937666847126029157e-01,1.249696641589038010e-01,2.910980641066328034e-01
