1.000000000000000000e+00,4.891150234366616334e-01,4.368762685820876679e-01,2.499674649363340107e-01,-4.460157675192755883e-02,4.876606490117331438e-02,3.504494405110630817e-01,2.400676729324252301e-01,-1.058222923406752225e-01,-2.436065745943391259e-01,2.888314546712360542e-01,2.859135731719290030e-01,1.890161625063643269e-01,4.335725326435138811e-03,-7.759783921514010196e-02,-1.357317192897538605e-01,3.266908529666270322e-01,5.554249079314777654e-02,4.822929342974366929e-01,7.085862886967481122e-01,-9.086757886613590351e-02,-9.076255339745975537e-02,2.514971837192258031e-01,3.065213966560804137e-01,9.925591738605307746e-02,4.685277484137729404e-02,-9.121233638287718978e-03,1.357340024521163854e-02,2.316017068921822353e-01,9.438821522914958573e-02,1.415309516905675635e-01,1.843402459879129318e-01,3.826237645237665630e-01,4.345291776734118705e-01,-4.196224106084855965e-02,2.679313864046813931e-01,2.857674507807273501e-01,1.291790433093068513e-01,-2.574197068876158956e-01,-2.298528045224880190e-01,2.346291801848904846e-01,1.374075604638472781e-01,-6.263855941587574694e-02,-2.153729888193539055e-01,-4.530479075958528806e-02,-2.026603407848142357e-01,1.724472532415197504e-02,-7.317535371892901035e-03,-5.735075538426764180e-02,-3.401889088538753159e-01,-1.010778809513480925e-01,-2.042448554644066272e-01,-1.741893061241263918e-01,-3.888659304229101776e-01,-1.049569738052782107e-02,-8.628755516691058447e-02,8.283655525595391422e-01,4.546529707367080175e-01,4.739274274011447963e-01,2.641139389345394384e-01,2.995166545278534209e-01,1.818287673891353373e-01,4.662970987855859506e-01,3.780117765514658945e-01,-1.712074960786686417e-01,-1.918792481089707791e-01,2.672875346184493406e-01,3.163252958407631321e-01,4.449906276185018328e-01,3.418830153268689331e-01,-1.113292799590857307e-01,-2.186698752708401416e-01,-2.919023080488322708e-02,-1.264803453968021962e-01,8.282171470059750129e-02,-8.821911052560681143e-02,1.920619010979727759e-01,1.606136227165522457e-01,1.927696814303555550e-01,-5.796720922214941563e-02,1.300283797081661918e-01,-9.468959266100290817e-02,7.620511017399980713e-02,9.419642959069748911e-02,-2.244234444244033455e-01,-1.462981947035199570e-01,-2.291495905148302759e-01,-1.980300875136133676e-01,-8.889949290963927719e-02,-1.111100963722833207e-01,2.282134939461950007e-01,-3.545751149001458939e-03,4.149944404996472325e-01,8.800449326352945134e-02,-1.766733867745536868e-01,-1.223660868195319967e-01,-1.202084983869457918e-02,2.286701264187000204e-01,-4.946014625938094378e-02,5.037797752911602617e-02,2.404695095082296508e-01,1.280831253752948151e-01,1.754587443976903527e-01,3.128183584519245719e-01,-1.271150645335841767e-01,-1.235670302222201949e-01,5.713613812219028171e-02,2.279532134368671414e-01,1.454853889024610158e-01,5.650141898540830820e-02,-2.116103372459125775e-01,1.876645303877494675e-01,1.067903531823858609e-01,-1.616364794549634831e-01,1.961236469409049273e-03,2.261814794435476617e-01
4.891150234366616334e-01,1.000000000000000000e+00,-4.919529942532803457e-02,6.210886574776992158e-02,-8.939265597994469625e-02,7.671653854320542587e-02,2.034982613718609376e-02,5.465959190755932395e-01,-5.791241332544880965e-02,-2.033544221430218513e-01,3.913591437227875725e-01,6.969832575703955868e-01,1.373755961907719148e-01,5.830580220051188034e-01,-1.756596626855925491e-01,-2.137519435419610869e-01,-2.324647422652167117e-01,1.994319492042037623e-01,7.647908965750281618e-02,5.936427627177851551e-01,-1.434853386728890401e-01,-1.298548593686142671e-01,5.810876528862597007e-02,-4.147821063999324043e-02,5.197162485815853827e-02,8.375781126923279030e-02,1.541819543413190663e-02,-1.156901200715086397e-01,-1.040916552698812059e-01,1.315489658416078844e-01,2.237841589628963290e-01,1.826415731901942785e-01,1.890161625063643269e-01,4.384059873649794881e-01,-5.026907068442357795e-01,-5.253328279933970613e-02,6.168419754834025825e-02,-2.926032388941274820e-01,-1.216035105904486185e-01,-2.570544009096119020e-01,1.779519576975677475e-01,1.451931441200578210e-01,-4.847838644349515558e-02,-1.095027500690656658e-01,6.237371258182283079e-02,8.034448353725779160e-03,1.658374982020096311e-01,3.190719401628808183e-02,2.898132144871218285e-01,3.925441049889380474e-02,4.295153531253068091e-01,-1.119046368744420483e-01,4.418855268054677210e-01,-3.016217302261015587e-01,9.479461812967905632e-02,-4.410361904066084082e-01,3.222112884113527698e-01,6.555255953916651057e-01,1.935322576594389332e-01,3.380016393105763073e-01,2.211950528437928720e-01,4.068572498396078596e-01,2.967996913164485662e-01,5.724915465913527068e-01,-5.465685211272429678e-01,-4.445476941201719767e-01,-4.096472742466135131e-01,-2.915484178826409090e-01,2.871784451207679001e-01,2.343095374541369624e-01,1.296311094570868350e-01,-2.287249223154006195e-01,-1.217770309300005294e-01,2.470176191639515961e-01,3.044711168545328750e-01,2.658285938687958080e-02,-5.792611229962396635e-02,-1.197404501026281542e-01,3.561253821443004508e-01,-1.344166177689394004e-01,3.567235706832819764e-01,-7.943806807933533054e-02,1.386861313868613110e-01,-1.069661566843002967e-02,5.821835708202717508e-02,-4.515889668461993134e-01,-3.064894323830050782e-01,-4.967225204285952156e-01,6.460207904764730946e-02,-5.653315494224741000e-01,5.796743753838566882e-01,-2.440358091184938460e-01,5.811401656205977817e-01,5.381185372235375991e-02,-3.844137638159862425e-01,-3.890622823860873103e-01,-1.647301644561849701e-02,-1.855366230658760940e-01,2.108568936662792992e-01,-2.937128558023146541e-01,-4.802632029571518579e-02,1.103749180915502420e-01,7.673480384210562555e-02,2.774270586704232280e-02,2.320263750916118917e-01,-3.807881019842964121e-01,9.587227076479089283e-02,-2.958864263714385268e-01,-2.783243414788955650e-01,-6.694916995632310686e-02,-2.249211738194338284e-01,-8.630582046581078415e-02,1.382842948110568904e-01,-3.746669436903666672e-03,-1.646182895004212332e-01,-2.984344355680165206e-01
4.368762685820876679e-01,-4.919529942532803457e-02,1.000000000000000000e+00,3.604359926847477968e-01,1.430652367981844197e-01,4.554223964528789775e-02,6.400959841457205535e-01,1.479146736561877118e-01,2.669176623157202832e-01,3.667443702924046145e-02,2.931352157245958184e-02,-7.007710239298246824e-02,3.151745820100504969e-01,-1.714906082116217645e-01,2.637760309048857166e-01,1.520814449677959992e-02,1.998063878316578834e-01,-1.035619616017753875e-01,4.253417323266109329e-01,3.165536120770156558e-01,1.311060323432780284e-01,1.120461929409186097e-01,5.818068490304550977e-01,6.862934913890531563e-01,2.703058752617074623e-01,1.934089668918625715e-01,-6.034398124153802535e-03,-3.030898036252051980e-02,8.623275927020998544e-02,1.947309178997646065e-02,1.981396793070145657e-01,2.691871257040702181e-01,1.640018356625394802e-01,1.144709113699202557e-01,2.202315583268072974e-01,2.033452894935717514e-01,2.260764539748715274e-01,-2.556456897319338978e-02,-9.194979782597280382e-02,-2.730433869343750625e-02,2.940484806696058717e-02,5.402647098443111306e-02,-3.696188717068236707e-01,-4.292322409923536863e-01,-2.312866304861537492e-01,-3.356865126749758454e-01,-1.383710549808328527e-01,-1.237268515875969421e-01,-2.990782873542486286e-01,-4.392964206863642640e-01,-3.125672105920468402e-01,-2.402640248956023905e-01,-3.990534008844970892e-01,-3.460520698008397456e-01,-1.106762955234035506e-01,-1.283753701576980377e-01,3.654406845834027862e-01,1.313800118267810513e-01,2.242818883579267841e-01,-1.661799725563883889e-01,-7.093100511656685869e-02,-3.213528193630433849e-01,-1.464397507699965184e-01,-2.887264292025598644e-01,3.033569336216206391e-01,-6.349474530182265195e-03,4.417576697131663233e-01,2.160351059044861854e-01,3.473945692700045051e-01,2.170853605912477224e-01,-6.737383815575276325e-02,2.808061389669603419e-02,-9.748418339273361155e-02,-2.953521663786076723e-01,-9.357997575281570835e-02,4.194854208667340989e-02,9.495672265741833193e-03,1.038405074100034464e-01,-1.956418996824121070e-01,-1.648009424894232577e-01,-1.923906764781763978e-01,-3.563263004322026473e-01,9.610971965049350252e-02,6.094901926760717958e-02,-1.016715031656046098e-01,-7.250182082198411426e-02,5.386208329432930902e-02,6.697200157994835645e-02,-4.237321028610307322e-02,-1.096602882720798880e-02,1.253227820790019792e-02,1.543760231421336948e-01,1.915322074298669575e-01,1.749792803015600973e-01,-1.097516147665809037e-02,-1.222930256239311980e-01,-5.748774512601914632e-02,8.253403624291934249e-02,-2.885346435641077956e-01,-1.225373239967213722e-02,1.018998194018571196e-01,2.812513556276527438e-01,2.182452070714104575e-01,4.121907171184664431e-01,-2.704930945754345228e-01,2.376543703152362436e-02,-1.372180579877576917e-03,2.880460468185274125e-01,1.248684327688594914e-01,8.923740093929299899e-02,-2.649450100344986070e-01,1.218523752879638496e-02,1.777898531698284684e-02,-1.559422725228259143e-01,-9.508686291208226504e-02,2.109664854596804973e-01
2.499674649363340107e-01,6.210886574776992158e-02,3.604359926847477968e-01,1.000000000000000000e+00,-1.651251515449018159e-01,4.189831251469786078e-02,6.299496106066591050e-01,4.995719070570265319e-01,3.960030959681635765e-01,-2.438805540778421488e-01,7.064789298361374981e-02,4.099874654386297113e-02,4.933891033793086356e-01,1.149047122188000120e-01,-4.584932498304751802e-01,-4.281089251099913229e-01,1.611341837352079642e-01,-2.219393637739760505e-01,3.611757372902059116e-01,3.292068978901296350e-01,-2.824751306539661777e-01,-2.255239286831404455e-01,7.555189742208137105e-01,5.598382607782387277e-01,1.685772930370397493e-01,3.612077015632812471e-01,-3.370335784688656688e-01,-1.484124030512181946e-01,9.200459372267340286e-02,1.134617536056841541e-01,3.434629636817362885e-01,4.752562278961343645e-01,3.538513524312254521e-01,4.091267132279577945e-01,1.121694837084949575e-01,1.638009173746372560e-01,-2.436750694652148885e-01,-1.132380036941567081e-01,-6.489637867617680245e-01,-5.118964174899369723e-01,-1.538097988762274770e-01,-6.672998636952069684e-02,4.387553112064458000e-02,-1.000413252387617052e-01,1.622757649164704996e-01,6.465230861962287245e-02,-2.122541890321446301e-01,-1.297270022763128694e-01,1.799428752776896234e-01,-1.445013459242127166e-02,2.907150636203192223e-02,1.014797175271525131e-01,-1.670658395530481288e-01,4.360155163714157095e-02,-4.857770400626499896e-01,-2.309304571575998555e-01,1.594172456385890835e-01,6.162255216455208087e-03,1.900024886469751650e-01,-8.786293719705288996e-02,1.726824189648598351e-01,1.311105986680030644e-01,5.868412220398229462e-02,-1.353116174150492401e-01,2.939959679352677768e-01,3.635365271730568448e-01,3.126220064887474392e-01,3.003522919525375978e-01,2.313003294603289128e-01,-2.211265579729171371e-01,-2.978271143795848674e-01,8.421444374173781000e-02,-1.563258437997301353e-01,-3.158321327704576853e-01,-3.616141044638107593e-01,2.145031039592318681e-02,-2.138204384128368496e-01,-2.311998703163778146e-01,-1.057355321708992740e-01,-2.047014879369116469e-01,-2.973887472059800752e-01,-3.861261355878800594e-01,-5.693773131288685230e-01,-4.338442289646543548e-01,-3.817881270990823861e-01,1.096762704086175627e-01,-6.260682345903664237e-01,-3.696508359798990617e-01,-3.947108260709744076e-01,-3.971104297139882444e-02,-8.227375573359148320e-02,2.563785848503044584e-01,3.758610376059672853e-01,4.253554313007860688e-01,-3.071013198961617952e-01,-1.255670804517921568e-01,-1.625132138021731232e-01,-6.895835283534518245e-02,-4.167205112457162408e-01,-1.147174929050729653e-01,4.009461424830303850e-02,4.596622289600880151e-01,-9.956186114263143594e-02,3.149325667996228373e-01,-2.661002901899362505e-01,1.190098381466201255e-01,-2.520588416604069848e-01,5.693978615901312823e-02,-5.896723433693540350e-02,-1.652575749619282774e-01,-2.233138275162161734e-01,7.151549468137327614e-02,-9.065296160405854342e-02,-1.635726011383847600e-01,-3.661964113253985548e-02,2.264006630303500855e-01
-4.460157675192755883e-02,-8.939265597994469625e-02,1.430652367981844197e-01,-1.651251515449018159e-01,1.000000000000000000e+00,5.968026594275198660e-01,-1.599697709303201654e-01,-1.085803524746055265e-01,3.403852608170525040e-01,5.422990075093210294e-01,-2.738036800010958949e-01,1.061967309681293298e-01,-3.466548246645463904e-01,-8.248837299566884329e-02,3.986972275559431678e-01,3.426501578806773751e-01,-8.240617915061794474e-02,-2.373803908317332137e-02,-1.468918169177764743e-01,-2.274098207945861594e-01,6.003461274141588255e-01,5.734550411083383370e-01,1.052286701264187052e-01,1.829018536995221378e-01,6.769553573263255020e-01,5.353992908497702263e-01,5.612903520408046854e-01,4.238713757651447755e-01,9.881298388772320751e-02,1.743628264636783165e-01,4.542328688620033694e-01,3.483260995139147442e-01,-3.838566721995301245e-01,-2.701232222727054655e-01,-3.035464360977102247e-02,6.631901714426617633e-02,-1.154161405880056307e-01,4.365178120911712700e-02,2.178251051967058649e-01,1.963999095867704492e-01,1.215806789668233689e-01,-1.892673103662420864e-01,-3.892449353750893071e-01,-3.483671964364402074e-01,-3.202523351043062849e-01,-2.257476785946679054e-01,-3.530522456043416746e-01,-2.652555201158020015e-01,-4.457988670948357379e-01,-3.893910577662909600e-01,-4.285107616857957713e-01,-3.447369682800253132e-01,-2.828084723588948357e-01,-2.475199148837071150e-01,8.893145718271464051e-02,1.681982880848605921e-01,1.123544198598594966e-02,3.829548230663327307e-02,-4.323624565913755657e-02,6.533269100365533821e-02,-2.030850089842438921e-01,-8.248837299566884329e-02,-1.499466881588350509e-01,-7.344705004006950311e-02,4.454678085522695979e-02,-2.023589633529609133e-01,-8.921913564039279931e-02,-6.456098212512186019e-02,-2.771553623492827301e-01,-1.101625839918354138e-02,5.030514464975147648e-01,6.618773530842099184e-01,4.205105607675078683e-01,2.663149074520136383e-01,2.151812031809018089e-01,2.997358381146558726e-01,1.186993280653167032e-01,2.032265650507204535e-01,-1.455447511238866787e-01,6.099924883958272870e-02,-2.705547399592227349e-03,-9.825132594654203966e-02,2.508259339846434233e-01,3.036948416512743609e-01,8.557064218507770548e-02,-1.047811703033637853e-01,3.435725554751374866e-01,4.256796403562646547e-01,2.979755199331490106e-02,1.153978752891054310e-01,-2.507939697115680877e-01,-7.761610451404030164e-02,-2.560178451970254732e-01,-5.790784700072375973e-02,1.894271317316188197e-01,1.393619474461687269e-01,-8.278518410279710193e-02,-1.230852829637273972e-02,-1.409692937493864096e-01,-1.200189959108562132e-01,1.706275728385872603e-01,1.232679359527294113e-02,2.104778887141001142e-01,2.317021660361333335e-01,-1.485082958704442291e-01,-1.694129304617239262e-01,-1.917628068284819853e-02,2.559310850272495386e-01,1.604538013511754846e-01,-6.408608435371664080e-02,-2.431590747712842060e-01,-1.652438759877531138e-01,-1.716093326544730624e-01,-2.921648717205226342e-01,-2.855071702713994908e-01,1.105712700547274024e-01
4.876606490117331438e-02,7.671653854320542587e-02,4.554223964528789775e-02,4.189831251469786078e-02,5.968026594275198660e-01,1.000000000000000000e+00,-4.312665386573635157e-02,1.322065166020151283e-01,3.677877754920785836e-01,6.568543958866547294e-01,-1.019454826491076327e-01,2.666619481311174322e-01,-5.113598743347435444e-02,7.680329871298137434e-02,2.961238752571411781e-01,4.599499074177662017e-01,-1.342202658057622400e-01,-8.414138254613699741e-02,-6.884419471721892059e-02,-6.042845824895146101e-02,2.012493464447737135e-01,4.810600266216731313e-01,1.441383231085712202e-01,4.593060556315341492e-01,6.408950909726043310e-01,6.974216247440003791e-01,7.791086077504230101e-01,7.113397825059533108e-01,-1.252017744737881633e-01,6.434636486304450009e-02,4.304286180703168485e-01,6.015699024404722595e-01,-1.982401384509656639e-01,1.169321603967222872e-01,-1.456360776183876771e-01,-3.539586610622641460e-02,-1.507823255835192278e-01,-1.392706209516677285e-01,2.381338344113664851e-03,4.396229129042053541e-02,1.079684649614488096e-01,-1.528143400861665391e-01,-3.421615611350969921e-01,-3.066949169956322829e-01,-2.330355328558479655e-01,-2.131628876524296334e-01,-3.245812109436538306e-01,-3.575272438348908177e-01,-1.540563804113802004e-01,-1.863265972433097717e-01,-2.194141862010233202e-01,-2.268435965286799416e-01,-1.503530910593645076e-01,-2.654336067800789345e-01,-1.424624819344778026e-01,-1.712485930011941049e-01,7.653845187892846513e-02,1.452616389909335559e-01,-1.078817047916728472e-01,9.555034487167485616e-03,-2.399032852423234330e-01,2.875186363127841052e-02,-1.072195877065405811e-01,-5.817726015950172580e-02,1.496612928635194031e-02,-1.014066563315517006e-01,-1.835137412126788548e-01,-5.225017066638659724e-02,-1.126763457529755263e-01,-5.286205817954332115e-02,4.341821369943080766e-01,4.435750669537362745e-01,7.878964996837820034e-02,1.105621374052773026e-01,2.389808876478632937e-01,1.596272965759414075e-01,-1.985095516097436230e-01,-1.506727337901180297e-01,-1.090666660578233638e-02,-1.210007557267420014e-01,1.783149805132092439e-03,-3.668699442223434803e-01,1.261333047176984024e-01,1.337704828203447986e-02,-4.894871789017532504e-02,-1.625634433741486584e-01,1.358276121089798949e-01,2.391224437143398551e-01,-8.961640589147215619e-02,-2.021352134414334534e-01,-1.084981586295546280e-01,-9.503663334010671593e-02,-8.157510805065880388e-02,1.250830500309368376e-01,-1.063885166065814403e-01,-1.400377635054761705e-01,-3.068730036599092714e-01,-3.168778211324941863e-01,-3.358463340403526343e-01,-3.229327677179107403e-01,-7.513659018833805658e-02,2.430723146015082436e-01,2.731347134288760609e-02,2.445837680854998641e-01,-1.328366694140720450e-01,-3.178550146236549523e-01,-1.223546710077193754e-02,3.429994817221437148e-02,1.113795095310612798e-01,-2.847034971197907050e-01,-4.407074150264047585e-01,-3.388509757094356201e-01,-2.102769704261979178e-01,-4.080627595670210939e-01,-3.610935434451550408e-01,1.856211000732895054e-03
3.504494405110630817e-01,2.034982613718609376e-02,6.400959841457205535e-01,6.299496106066591050e-01,-1.599697709303201654e-01,-4.312665386573635157e-02,1.000000000000000000e+00,3.554769640333432790e-01,2.914205607903394557e-01,-1.592574242732123502e-01,5.169307904993047931e-02,-8.407745399998629854e-02,5.204765416483062568e-01,-2.334076883209395756e-02,-7.912755799803190826e-02,-1.647187486443723592e-01,2.355424451299005240e-01,-1.604218370781001213e-01,4.819595925925080349e-01,3.501343641050346234e-01,-1.533303347800972216e-01,-1.514444426686515077e-01,6.071042880072330394e-01,5.657242533488283653e-01,6.937845471004978892e-02,1.065803022450335508e-01,-1.811209870567525582e-01,-1.496270454280815287e-01,2.390470993563765124e-03,-2.389329412382502904e-02,9.722846920813080218e-02,2.457710125140128987e-01,3.124941493964460415e-01,3.469836000447499846e-01,2.742055165769003433e-01,2.008749078173196201e-01,-1.982469879380532526e-02,-1.823219304594407564e-01,-2.961193089324161143e-01,-2.227339042761347920e-01,-7.312969047167851115e-03,2.846875149832530164e-02,-1.177951957697567775e-01,-1.883905760190324463e-01,-8.322126811403939700e-03,-1.326722817239702479e-01,-8.975796195794871757e-02,-5.320453253392208592e-02,-4.536415298101093702e-02,-1.842717511170371969e-01,-8.245640872259349385e-02,-2.814910876757178992e-02,-2.430951462251335071e-01,-1.444077362673491793e-01,-3.265264652765252351e-01,-3.437232441910641478e-01,2.383963980830568763e-01,-7.806132117473270175e-03,6.859761318206621106e-02,-2.600407772797946881e-01,4.280929429734536308e-03,-8.985385477717476588e-02,-2.801668535054533185e-02,-2.416658865861928129e-01,4.419585880010685197e-01,3.487051044660938737e-01,4.306067047345937815e-01,2.828358703072451630e-01,3.893316955448652972e-01,1.126763457529755263e-01,-2.446248650080253273e-01,-7.006340341880731848e-02,-2.345150220667642227e-01,-3.332709268954243131e-01,-1.678284157821315070e-01,1.034889004061745887e-01,-1.689791296128441700e-01,-1.910344780348365024e-01,-7.515028916251322022e-02,-9.879471858882300783e-02,-3.369605172732648701e-01,-3.767560372520771250e-01,-2.688218197260661690e-01,-2.232133683722650475e-01,-1.680749973172842304e-01,-1.552778722753311164e-02,-2.604517465050492087e-01,-2.174780645176020433e-01,-2.650546018278998051e-01,-1.809292014183004615e-01,1.202336131729335733e-01,1.708239248017644207e-01,3.480977832776622205e-01,2.826029877462675755e-01,-1.150827988830769727e-01,-2.111308731497822944e-01,-7.703161494923388419e-02,-4.238234293555317306e-02,-3.951674585434793996e-01,-2.613535956382466094e-02,-2.879296055380386327e-02,4.100354118482427701e-01,2.535451803584108307e-02,3.194988915246729788e-01,-3.488146962594951273e-01,8.819856206434408680e-03,-1.627186984148003834e-01,8.044265951884636834e-02,3.748267650557433883e-02,3.090260257677704403e-02,-2.644792449125434874e-01,-2.640477272260262354e-02,-7.758414024096495221e-02,-1.681982880848605921e-01,-2.402571754085148364e-02,1.483850051028678674e-01
2.400676729324252301e-01,5.465959190755932395e-01,1.479146736561877118e-01,4.995719070570265319e-01,-1.085803524746055265e-01,1.322065166020151283e-01,3.554769640333432790e-01,1.000000000000000000e+00,2.006237599574418606e-01,-6.415457922459240347e-02,1.712622919753692408e-01,5.087639187285525333e-01,1.849749651246949123e-01,6.889236944306820210e-01,-2.457938441376381622e-01,-3.015258374068754965e-01,-3.803862654084920192e-01,1.719563733335768840e-01,2.251723216793115878e-01,5.074990467797136917e-01,-2.413873407779647540e-01,-1.181422364488605853e-01,3.135033071606821431e-01,2.300902534081906148e-01,1.629104840532524801e-01,2.981102265125379902e-01,-1.547550280943128798e-01,-2.588900634490820529e-01,-1.783994575206226674e-01,3.682078773667831761e-01,4.018434252915027427e-01,4.595435045172367450e-01,4.240083655068963009e-01,7.041797853370747040e-01,-2.524241476384110339e-01,2.099162307729189603e-01,-2.081307978054243446e-01,-4.580594489815954518e-01,-2.823564062111149076e-01,-4.608449070638760414e-01,-1.759245095196454722e-01,3.577943738313062866e-02,-5.944213210834062289e-02,-1.617552038978147810e-01,-6.055631534125286569e-02,-1.307726906383493704e-01,-1.497526193580204015e-02,-1.663397939217651500e-01,2.477710627435848745e-01,-7.801565792748219388e-03,4.499679215688064948e-01,-1.867284338191141924e-01,4.584110559854243094e-01,-3.475132937128557753e-01,-6.033256542972540576e-02,-6.809326261618442455e-01,1.193294808773736337e-01,2.679496517035815928e-01,2.585681375559660197e-02,-1.344211840936644642e-01,2.023361317293356776e-01,4.027292922881625103e-01,6.094445294288212966e-02,2.509674900511200124e-01,-1.039409665539545446e-01,-2.134528492724703172e-02,-2.450221352591046842e-01,-1.159230026324861995e-01,4.030352360447408411e-01,-1.254848866067412583e-01,1.888883054140629014e-01,-9.924221841187792770e-02,-2.061992424467281038e-01,2.046375593907609480e-01,1.410423549449872083e-01,1.229688416832386139e-01,-1.195235496781882692e-02,-2.863154097477333959e-01,4.319172399306832055e-01,-2.444970079157239018e-01,2.102221745294973188e-01,-4.451276173602533581e-01,-2.904981631958793442e-01,-3.896924351981442269e-01,1.266356004374539213e-01,-5.074442508830130372e-01,-4.964805052181675560e-01,-6.220179045592468814e-01,1.347042962266175592e-01,-7.014536894762197772e-01,6.022365858503295755e-01,-3.159691225122092106e-01,6.722977061067744176e-01,6.525049715860443966e-02,-5.961999045638132211e-01,-3.072839728851637919e-01,3.079986027046341130e-03,-3.692535657288196771e-01,-5.581647027665078559e-02,-3.852767991890207466e-01,-1.397089881252725485e-01,2.798723255606875848e-01,-4.849208541767030534e-02,-1.859179111804177761e-02,8.246554137204359369e-02,-4.657217418702296330e-01,2.242293756235887170e-02,-4.611417181710043001e-01,-3.621118338588412144e-01,-1.875595049190733055e-01,-2.092175830899862810e-01,-6.505871152015232917e-02,6.904967932984618084e-02,2.189324389425305328e-02,-9.180824175949624244e-02,-2.461226195178417842e-01
-1.058222923406752225e-01,-5.791241332544880965e-02,2.669176623157202832e-01,3.960030959681635765e-01,3.403852608170525040e-01,3.677877754920785836e-01,2.914205607903394557e-01,2.006237599574418606e-01,1.000000000000000000e+00,3.196039169933491686e-01,1.121101214870693086e-01,1.902171059090524974e-01,3.261931235715965216e-01,1.279004723862928183e-01,1.525266616284883803e-01,9.444757745057524856e-02,2.633627785172687127e-02,-2.627851384395498702e-01,-1.183157567884124961e-01,-8.499071894499633795e-02,1.956966955791127061e-01,3.304763361636935959e-01,4.208713004207867980e-01,4.093093662169597913e-01,4.248211713079552143e-01,4.928411444123025897e-01,2.186835742450152775e-01,1.942309053423716125e-01,4.985285018573525767e-02,2.331359919997990915e-01,4.414654249307631284e-01,5.034943799958446764e-01,-1.006806107002687217e-01,-3.025190130345739060e-03,-6.317510257106914023e-03,-1.251652438759877639e-01,-2.963567578181187101e-01,-2.912835710485879859e-01,-8.124633267045519580e-02,-6.193077908349296778e-02,-1.396039626565963865e-01,-2.863610729949838674e-01,-3.821123361545609720e-01,-4.025877362216859212e-01,-1.188134861834429651e-01,-1.531933450383457240e-01,-5.797154723063820958e-01,-4.867040039818351649e-01,-2.123592145008207921e-01,-2.119710768991915351e-01,-2.875209194751466302e-01,-1.794816764804595677e-01,-3.450474783613287078e-01,-1.150599672594517231e-01,-2.906442855870809416e-01,-1.558052827810744168e-01,-2.049982990440399055e-01,-1.739153266406233966e-01,-6.302669701750500397e-02,-7.186710168520213382e-02,-3.354650459258109313e-02,6.880309779469347131e-02,-2.333871398596768509e-01,-2.862560475263077331e-01,2.339990273728335679e-01,1.506499021664927662e-01,2.097997894924301734e-02,-2.317638114199215005e-02,-1.391336312099162309e-01,-1.676046658706040471e-01,1.230784334766398258e-01,4.516528953923500400e-01,1.503919048195274250e-02,-1.033245127160727778e-01,-1.314667719965569859e-01,2.530314688268426870e-01,-2.679998812755571280e-01,-1.368550351721161962e-01,-2.415608611175166509e-01,-1.029911710111441198e-01,-3.822858564941128412e-01,-3.945966679528481458e-01,-1.290329209181052539e-01,-1.758149177262442742e-01,-2.091399555696604184e-01,-3.515385089579875499e-02,-5.443744020968563357e-02,5.532787353107041645e-02,-1.850982558922712740e-01,-6.873003659909267260e-02,-3.292479948126550982e-01,6.305409496585530349e-02,-8.408202032471134846e-02,3.703220857144814415e-01,-1.333298324843774640e-01,-2.287477539390258552e-01,-4.834116838550739925e-01,-3.061606570028014285e-01,-5.301343184417873777e-01,-2.453326453404080787e-01,1.350490537433588455e-02,4.316615257460803545e-01,9.187673663037199123e-02,3.965784528835198941e-01,-4.828911228364182739e-01,-1.549924769800154756e-01,-1.157814465660096520e-01,1.779291260739424840e-01,-3.075191386085038628e-02,-2.857172212087518148e-01,-5.923185285475206507e-01,-3.400793170604741178e-01,-5.348307834215014489e-02,-5.566600987696037617e-01,-5.203806488290801946e-01,-2.466956932708355699e-02
-2.436065745943391259e-01,-2.033544221430218513e-01,3.667443702924046145e-02,-2.438805540778421488e-01,5.422990075093210294e-01,6.568543958866547294e-01,-1.592574242732123502e-01,-6.415457922459240347e-02,3.196039169933491686e-01,1.000000000000000000e+00,-2.601777670215462135e-01,9.687457904193940220e-03,-1.550153086036407390e-01,-7.039217879901094044e-02,4.889552020712849001e-01,5.977067917230798333e-01,-2.566434316843573815e-01,-2.244645413469288087e-01,-1.187130270394918530e-01,-2.716483747308722219e-01,3.130740726365274229e-01,5.636968051709061456e-01,-9.281283319900728024e-02,3.054528766704186493e-01,3.714682332204690129e-01,3.233802675409656602e-01,6.263787446716698737e-01,4.235152024365908541e-01,-2.671505448766978152e-01,-7.710924246955973282e-02,1.784496870925982026e-01,3.596323195331389555e-01,-4.264696145336983601e-01,-1.216446075129740678e-01,-2.929297311119685547e-03,-2.116719826297007445e-02,-1.513120192516250462e-01,-1.498736269632342244e-01,1.780798147898691453e-01,2.270125505435068025e-01,-1.147083602556228515e-01,-2.725205427533567981e-01,-3.204669523663836173e-01,-2.100577868393955216e-01,-2.007150864519428590e-01,-1.809474667172006612e-01,-2.441590998860702078e-01,-2.611001646160063250e-01,-1.859749902394809140e-01,-1.039409665539545446e-01,-1.896965448903967788e-01,-1.297498338999381329e-01,-9.082648194361045424e-02,-1.628967850790773164e-01,-9.020546178100363743e-02,-8.481263228071937721e-02,-1.775181568486879913e-01,-6.499021664927658037e-02,-2.792741370217060037e-01,-2.144277596012685305e-01,-4.499861868677067500e-01,-2.154414836902296682e-01,-3.976058759466561954e-01,-3.444721214459723901e-01,2.081536294290495803e-01,-4.202616960699926546e-02,-1.799611405765898231e-01,-1.237085862886967425e-01,-1.701161444693816416e-01,-4.940535036268034474e-02,4.653473032427755118e-01,3.963090397247419627e-01,-6.063850918630376424e-02,6.524593083387938974e-02,1.759153768701953724e-01,7.501329942076170876e-02,-1.800981303183413207e-01,-1.417410026279198876e-01,-1.569331649881618163e-01,-7.318676953074164382e-02,-1.244620298683300208e-01,-3.335220747553021003e-01,1.777327741107653514e-01,1.007034423238939852e-01,1.233478466354177849e-01,-1.328503683882471809e-01,2.751918427175111814e-01,3.603400998655217347e-01,8.431718604805142972e-03,-1.109000454349310105e-01,-1.841210624011105357e-01,-1.339280210233590451e-01,-2.287157896659505196e-01,1.050939635470297256e-02,1.387021135233989892e-02,-4.015854279445374431e-02,-1.887695809712116035e-01,-3.305904942818198577e-01,-2.268161985803296421e-01,-1.325033277091433870e-01,-6.833276634801330185e-02,1.012194370178246539e-01,-4.475226546785421311e-02,5.174787494663107834e-02,-2.532917493361705463e-01,-2.495701946852546538e-01,-4.499884700300692264e-02,-1.575153713906057157e-02,2.037790903424515354e-01,-7.095840306491715821e-02,-1.804954005694207053e-01,-2.057289110000479482e-01,-1.737189746774462362e-01,-1.941304461984205143e-01,-2.227841338481103273e-01,8.150204685505800517e-02
2.888314546712360542e-01,3.913591437227875725e-01,2.931352157245958184e-02,7.064789298361374981e-02,-2.738036800010958949e-01,-1.019454826491076327e-01,5.169307904993047931e-02,1.712622919753692408e-01,1.121101214870693086e-01,-2.601777670215462135e-01,1.000000000000000000e+00,4.360680291057538183e-01,5.999351581889043050e-01,4.124738292514195659e-01,-4.193484311249826013e-02,-1.677873188596060716e-01,9.726043348120615162e-02,6.306322761530540333e-02,-1.062104299423044934e-01,1.725134649500330020e-01,-1.935094260358136975e-01,-6.125724618654806129e-03,1.300831756048667909e-01,4.387553112064458000e-02,1.563760733717056706e-01,1.377819990913013715e-01,-1.095073163937907157e-01,-5.077068145547034006e-02,3.084986152620271538e-01,1.559422725228259143e-01,1.053428282445449532e-01,1.091374440910616445e-01,2.717648160113610156e-02,8.577156047297991581e-02,-2.396795353307959731e-01,-1.387546262577370737e-01,1.878814308121893456e-02,-3.191838151186445205e-01,-8.231941898084198239e-02,-1.022605590551360910e-01,-1.487868416786722880e-01,-1.080232608581494086e-01,1.434031448278381415e-01,1.269324115445821799e-01,2.053955692951192902e-01,7.100406631216765740e-02,4.885739139567431971e-02,1.850046462354077229e-02,2.995440524762037482e-01,1.253889937875152238e-01,2.888451536454111901e-01,1.268045544522807544e-01,1.347134288760676590e-01,7.902024936699322821e-03,-5.005833479836251793e-02,-3.179600400923310866e-01,1.454625572788357801e-01,1.313526138784307240e-01,2.484331798287171544e-01,7.341051944226910375e-02,4.128482678788736870e-01,9.417816429179728943e-02,5.196180725999968164e-01,2.352273687238720656e-01,-3.856284061928496043e-01,-3.463534472326930680e-01,-2.013863361865252388e-01,-2.604837107781245442e-01,1.932034822792353113e-01,-1.064638609645447709e-02,-3.373829023103319669e-02,-1.163294055330156701e-01,-1.121694837084949575e-01,-9.901390217562541785e-02,1.545929235665735937e-02,1.984958526355684594e-01,-3.749637547974948859e-02,6.573909390418480880e-02,5.679823009253657379e-02,-7.679416606353127450e-02,-5.925491279461356231e-02,-1.919842735776469134e-01,1.601181764838843086e-02,-1.271652941055597397e-01,-2.155967387308813654e-01,-2.876099628072851036e-02,-2.703150079111575899e-01,-3.313987337581537629e-01,-8.764831993497552987e-02,-2.272271678055841626e-01,2.136423517485598889e-01,1.608373726280797056e-01,3.659795109009587044e-01,4.071768925703613817e-01,-3.210240439828397352e-01,-2.183000029681110843e-01,-2.812467893029276800e-01,-1.107904536415298125e-01,7.631470196740100520e-02,-1.920367863119850152e-02,-1.461977355595688588e-01,2.353963227386989265e-01,-1.548372219393637783e-01,1.776368812915392892e-01,-1.468552863199760750e-01,-6.547881339485694951e-02,-1.695042569562249246e-01,-1.224208827162325958e-01,-5.753340837326964552e-02,-2.989595629113973030e-01,-2.751964090422362452e-01,-2.099299297470940961e-01,1.800022374991152863e-01,-7.035564820121052720e-02,-1.219551175942774762e-01,-2.507848370621180156e-01
2.859135731719290030e-01,6.969832575703955868e-01,-7.007710239298246824e-02,4.099874654386297113e-02,1.061967309681293298e-01,2.666619481311174322e-01,-8.407745399998629854e-02,5.087639187285525333e-01,1.902171059090524974e-01,9.687457904193940220e-03,4.360680291057538183e-01,1.000000000000000000e+00,8.044265951884636834e-02,5.683727216893574852e-01,-2.529972213914048057e-02,5.820009178312697540e-02,-2.003771784222891372e-01,6.274358488455189509e-02,1.161193545956633599e-01,3.834639682731758037e-01,5.243738998011365782e-02,1.624858158538228237e-01,4.010831322247818825e-02,-2.948704191201148919e-02,1.530426563224190628e-01,2.626161844247230093e-01,1.554719410761457588e-01,9.753441296470916066e-02,6.050608576927730964e-02,2.197475279059519782e-01,3.531116078257673374e-01,3.307320503482963914e-01,7.634666624047635464e-02,3.163298621654881959e-01,-5.328238837048419052e-01,-1.726641536659596354e-01,-2.692990006598339203e-02,-2.585430227699782590e-01,-1.175600300464166824e-02,-1.097812958772937247e-01,1.433597647429501673e-02,6.516830331355354111e-02,-2.045416665715349136e-01,-1.657370390580585329e-01,-4.976609001595930226e-02,-1.378733255858023699e-01,-9.527408222580932562e-02,-1.193568788257239333e-01,1.069912714702880713e-01,-3.787081410720360281e-02,1.676092321953291109e-01,-2.061809771478279041e-01,1.819246602083613995e-01,-3.570432134140354985e-01,-5.185746674003228335e-02,-2.431271104982088704e-01,1.021509672617348791e-01,3.827927185385934239e-01,1.361837854375338164e-01,3.404263577395779117e-01,1.445675576327259404e-01,5.435319151850845909e-01,2.560909063926262719e-01,4.852564790439942710e-01,-5.494727036523748831e-01,-3.163892243869138032e-01,-4.507715947204153362e-01,-2.359853786282303800e-01,1.399692686346004078e-01,1.618077166321528482e-02,2.549675905102639639e-01,4.727744304080696430e-02,9.599099520764220461e-02,2.929228816248810041e-01,2.642828929493662993e-01,2.427207075976793860e-01,4.741899910728351875e-02,3.260584169922075420e-02,1.531385491416450972e-01,-2.593101653237866455e-01,1.076716538543205370e-01,-1.448050065184285362e-01,1.207404752174141421e-01,2.604403306932365908e-02,-1.809018034699501620e-01,-2.721598031000778684e-01,-1.685727267123146855e-01,-2.595065172869638337e-01,-2.696643066378379486e-02,-3.659612456020585047e-01,3.914413375678384432e-01,-1.483621734792426317e-01,4.535570528026959813e-01,1.130507843804296475e-01,-3.779295827064150237e-01,-2.683925852019114489e-01,-2.663057748025635108e-01,-1.731116534890145553e-01,1.192838176301231345e-01,-1.967332512916991072e-01,-3.442780526451577616e-02,1.552436248398932350e-01,8.496332099664603843e-02,1.234939690266193962e-01,-1.382911442981444791e-02,-3.614999463456844975e-01,5.499453182614175151e-02,-9.173061423917039381e-02,-1.478005155380614499e-01,-2.806622997381212903e-01,-3.514357666516739198e-01,-1.588738529963081292e-01,5.402647098443111306e-02,-2.291313252159300762e-01,-2.790229891618282720e-01,-1.767327489959793496e-01
1.890161625063643269e-01,1.373755961907719148e-01,3.151745820100504969e-01,4.933891033793086356e-01,-3.466548246645463904e-01,-5.113598743347435444e-02,5.204765416483062568e-01,1.849749651246949123e-01,3.261931235715965216e-01,-1.550153086036407390e-01,5.999351581889043050e-01,8.044265951884636834e-02,1.000000000000000000e+00,2.585247574710780594e-01,-6.713182294532511751e-02,-1.452159757436830567e-01,1.233706782590430345e-01,-9.289959336878322871e-02,9.917372354100216503e-02,1.466863323051492141e-01,-4.054690871231925731e-01,-8.061617985839826528e-02,5.251981214140081233e-01,4.107112279075502137e-01,1.231012651002650754e-01,2.296792841829360943e-01,-1.853357047779738698e-01,-2.232247841840776653e-02,6.059284593905326505e-02,2.648240024292847564e-02,1.926326916886040574e-01,3.053980807737180503e-01,1.924500386996020329e-01,2.102769704261979178e-01,6.025037158467450027e-02,-9.339732276381369769e-02,9.346125130996441044e-02,-2.660774585663110425e-01,-3.037998671199504952e-01,-1.643625753158184377e-01,-1.138818554803887745e-01,-6.632814979371627617e-02,-5.457442995143713810e-02,-7.680786503770642426e-02,1.433620479053126784e-01,-1.264643632602645285e-02,-1.730340259686887205e-01,-1.517412537757797664e-01,2.116514341684380129e-01,8.340392110304139378e-03,9.462109779012714550e-02,1.296037115087365077e-01,-1.469603117886522370e-01,4.612216288536926528e-02,-3.434446983828360889e-01,-3.848064677423405633e-01,1.257862640385945807e-01,1.192472870323227352e-01,1.863585615163851072e-01,-8.363908682638147851e-02,2.315743089438319358e-01,-6.473906878939882092e-02,1.381107744715049934e-01,-1.534262275993232838e-01,1.177632314966814281e-01,1.002742077997392650e-01,2.294737995703088340e-01,1.029934541735066413e-02,2.858313793268780767e-01,3.970647664667377452e-02,-2.379488982600019564e-01,-2.147770834427348632e-02,-3.440383205970926062e-01,-3.424081426702497155e-01,-1.611204847610328006e-01,7.050633691713718842e-02,-3.133252204964051546e-01,-1.784542534173232664e-01,-2.496204242572302168e-01,-2.066604412439581873e-01,-3.142932813381157930e-01,-4.143962519606656514e-01,-1.750843057702362315e-01,-2.185694161268890434e-01,-3.332846258695994490e-01,5.482557781131489755e-02,-3.038409640424759584e-01,-2.625020263065967474e-01,-3.018820107354294180e-01,-1.872078979152444478e-01,9.235391756413973904e-03,3.387094196429590864e-01,3.025989237172623247e-01,5.744961631456497742e-01,-1.853585364015991332e-01,-2.762329647548226186e-01,-3.957199838352104537e-01,-2.554653199052944190e-01,-3.124987157211711053e-01,-1.011600747963989910e-01,-7.887641013815414881e-02,5.153120283842744787e-01,-6.657016500414393578e-02,3.336955950948539695e-01,-2.390859131165394558e-01,4.135491987241688566e-02,-1.892718766909671224e-01,7.020724264764639788e-03,-1.046373310745246990e-02,-1.904454221453050211e-01,-3.991447273789980876e-01,-2.346337465096155483e-01,4.308327378084837560e-03,-2.266929078127532804e-01,-1.683946400480377248e-01,-6.507697681905252884e-02
