0.000000000000000000e+00,2.960051834308950469e-01,4.399124178917735439e-01,1.169265829572366938e-01,-4.019482550605478210e-01,-2.651146163814290246e-01,4.441038473568970635e-01,2.517091916528888529e-01,-3.806604405916260703e-01,-4.120380714062290561e-01,6.001608650967424907e-01,3.460923186916305405e-01,2.997050806559721225e-01,3.305464944814334727e-01,-1.477456544081504897e-01,-4.283256624514053534e-01,4.475758523615889772e-01,2.279592475088252357e-01,6.918986549890522308e-01,4.963179766745609567e-01,-1.713615443049287257e-01,-2.227311318646945926e-01,1.799633585057419938e-01,1.788998614772777940e-01,-4.313731623396934722e-01,-3.747397113365208421e-01,-4.403011752089012187e-01,-3.018186692881719702e-01,3.036328701014343601e-01,3.841994727199606746e-02,-1.454041735555654941e-02,-1.189373966665177168e-01,1.149827963715983753e-01,-2.491174762053710925e-02,-1.435676303677554944e-01,-2.345413110505384646e-01,-2.135618213503731044e-01,-3.062424594485901874e-01,-1.096250949550918313e-01,-5.065060994682515361e-01,7.216586978864113211e-02,6.132088118325215720e-02,1.509674248179096456e-01,1.941150185441708753e-01,5.801867822512176559e-02,-2.114482327181732915e-02,-6.746056570892354498e-02,-4.656150855712945513e-02,1.736896197327852109e-01,5.001117118727378685e-02,1.409178247464140388e-01,-5.420260065239733416e-03,1.933151615353679853e-01,-8.792171231958532951e-02,6.354618168818981783e-02,-1.968452567138835596e-01,8.121050985298717828e-01,2.840877608472228699e-01,6.445283524733008695e-01,3.102685553420617692e-01,1.152017516421645349e-01,1.282631038026721404e-01,5.544617721971490942e-01,1.377183967112024787e-01,3.335671835202645430e-01,-2.801286920773939787e-02,2.915277715715626217e-01,1.592430403503284353e-01,5.013941641717681863e-01,2.413914830868224559e-01,-1.814156128513338406e-01,-2.291702042093033687e-01,3.338621028642924093e-01,1.656553018454801351e-01,1.402296796103489895e-01,3.009964699048214842e-02,1.761294070333795092e-01,5.704455069484784535e-02,-1.662585459582644476e-01,-3.202019750659100272e-01,1.159167076276866742e-01,-1.948389114795120447e-01,-8.946333616336744898e-02,-2.626569551811966385e-01,1.061441530005809014e-01,-4.646856427901157605e-01,-1.101345010947763492e-01,-3.548728718888243261e-01,4.708878859645203308e-02,-3.681531793198981051e-01,1.437419008892265038e-01,-2.453773627061084095e-01,1.514321462084990411e-01,-5.010054068546405254e-02,-8.294383127038741643e-02,-1.315787121855310771e-01,-1.313955047142410237e-01,-2.587381026855534172e-01,-1.024174449260467461e-02,-9.821707851110415832e-02,1.319361901782921398e-01,-1.611332052370526013e-02,5.311676124938558702e-02,-3.005943071629652713e-02,-1.412484918897180357e-02,-3.526073551097010789e-02,1.520756065954689540e-01,-4.852316904240582679e-02,1.232539434291076430e-01,-3.490057643326332504e-01,-1.180124223602484479e-01,-2.068010188122793580e-01,4.705304079717592680e-02,9.875329550024576630e-02,-2.315563698109835214e-02,9.124178917735377425e-02
2.960051834308950469e-01,0.000000000000000000e+00,1.740828455248223661e-01,1.724384467581214497e-01,-2.779659502211895283e-01,-2.786004736583403973e-01,-1.329013807587470508e-01,3.836632557308190805e-02,-4.294338442289646340e-01,-3.874301800795388329e-01,6.404665087805531953e-02,7.111711872737834783e-01,-1.416059698824791158e-01,4.233656553018455004e-01,-2.969212207873452858e-01,-2.536038250145225548e-01,6.228607176370704740e-02,5.936949819026766662e-01,4.909781491576925005e-01,7.532910317708566561e-01,-1.149470485723222690e-01,2.823629295321506902e-02,1.588542830332007744e-02,2.934715581572009402e-01,-4.466642834800482742e-01,-3.282273560033960313e-01,-2.662362035837168572e-01,-4.973055096295634359e-01,6.359980338710398418e-02,4.811430358818535313e-01,2.557799722954555710e-01,1.321059922248536689e-01,1.487510612627910012e-01,-6.553018454801376458e-02,-3.272398230483936077e-01,-2.835470753831716983e-01,-4.002234237454756482e-01,-4.938558469994191319e-02,4.627105768801108299e-02,-3.859868626837660577e-02,3.356360874033692543e-01,2.156307252334778157e-01,1.069529469592028215e-01,3.722552392868314075e-01,-1.064077930202421973e-01,-9.379328835068591677e-03,3.724473837079404770e-02,2.122257473524286064e-01,-2.142320925868001213e-01,1.106305018097323428e-01,-4.043433576120469830e-01,1.421511238214397399e-01,-1.696411814647660887e-01,-1.248179096474373306e-01,-1.671298985656195502e-01,3.465078868582152638e-01,2.962286071763707285e-01,8.641941105500692277e-01,-9.135796952500112311e-02,6.427945842084096251e-01,-3.998391349032575093e-01,4.799320791813753706e-01,1.950399928504401581e-01,8.350551856651324822e-01,-3.069797578086598810e-01,-7.362259260914250092e-02,-4.864828633987219875e-02,-2.792349970954913219e-02,6.592385718754188995e-01,5.470441038473569106e-01,-3.299387818937396522e-01,2.587693820099200293e-02,1.586844809866392592e-01,3.326288037892667360e-01,2.283569417757719267e-01,-3.044818803342419153e-02,3.864783949238125016e-02,2.320300281513919261e-01,-2.285088699226953957e-01,-3.132847759059832760e-02,-2.945797399347602763e-01,3.921533580588945078e-01,-3.628401626524866991e-03,2.224764287948523267e-01,-5.059028553554671959e-01,1.716654005987756360e-01,-9.443228026274631814e-02,-9.836006970820858342e-02,9.957102640868671639e-02,2.430224764287948480e-01,-3.123329907502569447e-01,-2.925465838509316852e-01,-1.435586934179364504e-01,-1.691809285490862014e-01,2.372134590464274606e-01,1.762277134813887980e-01,-3.033200768577684267e-02,1.359712230215827378e-01,-1.804280798963313892e-01,6.830510746682157130e-02,1.528620581795433198e-01,-1.029983466642834800e-01,1.022431744045757124e-01,4.573484069886947501e-02,1.211895080209124675e-01,1.548415925644577584e-01,1.608472228428437512e-01,1.124357656731757443e-01,2.269895884534608443e-01,9.732338352920148761e-02,8.490549175566379503e-02,-2.397694266946691077e-01,-3.671298985656195474e-02,1.285267438223334502e-01,-9.949506233522498189e-02,-4.270074623530988739e-02
4.399124178917735439e-01,1.740828455248223661e-01,0.000000000000000000e+00,6.162965279949953468e-01,-1.313776308146029637e-01,-8.669288171946915034e-02,5.132758389561642431e-01,2.289914652129228234e-01,-2.202109120157290378e-01,-3.960051834308950247e-01,1.050091603735645029e-01,7.744313865677644737e-02,4.228964654363465830e-02,4.228517806872514329e-02,-9.503105590062112251e-02,-3.676303677554850768e-01,2.335135618213503850e-01,2.855891684168193612e-01,5.261003619464676984e-01,3.741096563742794534e-01,-4.806291612672594638e-02,-4.794673577907859752e-03,5.236382322713257764e-01,6.258992805755395628e-01,1.198981187720630920e-01,1.227266633897850651e-01,-2.857589704633808556e-02,-2.463917065105679371e-02,2.646007417668349571e-01,4.616828276509227225e-02,5.522766879663970618e-01,4.922695384065418622e-01,5.374681621162696876e-02,2.039411948701908006e-02,2.398990124670450086e-01,2.466464095804102030e-01,7.224630233701237469e-02,1.126010992448277376e-01,1.357880155502926844e-01,7.705438133964877256e-02,6.350596541400420347e-02,6.110192591268599760e-02,-3.218687162071585117e-01,-2.091514366146834114e-01,-5.481925018991018472e-01,-6.548371240895481948e-01,-5.958800661334286985e-01,-3.849099602305732781e-01,-4.744179811430359051e-01,-4.492113141784708774e-01,-3.419411055006926214e-01,-3.391214978327896645e-01,-1.110952232003217244e-01,-2.401581840117967825e-01,-4.252647571383886410e-02,3.005943071629652713e-02,2.613253496581616764e-01,3.049108539255552253e-01,2.075606595468966475e-01,1.538808704589123832e-01,-2.098217078511104283e-01,2.864739264489029810e-02,9.500871352607355436e-02,3.219536172304392208e-02,2.517851557263505735e-01,3.315653067608025362e-01,5.712230215827338586e-01,3.819160820411993118e-01,3.646498949908396070e-01,3.783010858394030285e-01,-5.842530944188748659e-02,1.558648733187363022e-01,1.843201215425175343e-01,2.181151972831672503e-01,3.775861298538808839e-03,-5.308548192501898709e-03,1.926002055498458321e-01,2.020689038831046946e-01,-1.206175432324947533e-01,-2.736583404084186322e-01,-1.288931587649135291e-01,-1.024353188256847957e-01,-2.461682827650922833e-01,-3.335805889449930950e-01,-2.289065641896420866e-01,-3.672371419634478662e-01,4.121274409044193426e-02,1.123955493989901300e-01,2.369900353009517791e-01,-4.066312167657178817e-02,-1.125430090710040631e-01,-1.202153804906385404e-01,1.383305777738058073e-01,1.048527637517315397e-01,1.159658608516913186e-01,1.219714911300773114e-01,-8.633987220161758180e-02,-2.132356226819786399e-02,-2.748112069350730491e-01,-1.988024487242504024e-02,1.828410563474686112e-01,2.653827248759998425e-01,9.923589079047320793e-02,1.852853121229724176e-01,3.191384780374457997e-02,6.026632110460699437e-02,1.303722239599624522e-01,1.176772867420349394e-01,1.839403011752089034e-01,-1.377496760355690630e-01,1.233790607265740219e-01,-3.730238169712676854e-01,-4.266589213101568689e-01,-6.087850216721032992e-02,-1.276419857902497956e-01,-8.145136065060994135e-02
1.169265829572366938e-01,1.724384467581214497e-01,6.162965279949953468e-01,0.000000000000000000e+00,-1.679252870995129321e-01,-1.713704812547477419e-01,1.654854997989186338e-01,4.381965235265203873e-01,-3.685866213861209162e-01,-3.625809911077349512e-01,-1.263640019661289582e-01,2.480182313776308212e-01,-1.073148934268734062e-01,1.611153313374145413e-01,-2.728182671254301139e-01,-1.616158005272800291e-01,2.104651682380803256e-03,5.730372223959962624e-02,3.269851199785513418e-01,3.532418785468519618e-01,-3.019795343849144276e-01,-2.215425175387640278e-01,6.988069171991598827e-01,8.038384199472720093e-01,3.024263818758657699e-02,2.882166316636132052e-03,-1.013405424728540116e-01,-1.886187944054694143e-01,-6.820680101881228252e-02,-5.261182358461057029e-02,2.712408954823718465e-01,5.664283480048259989e-01,2.160641672997005991e-01,3.672862951874525383e-01,3.488404307609812571e-01,5.210286429241699491e-01,-1.242101970597435101e-01,-3.470217614728093175e-02,-1.162786540953572589e-01,1.025917154475177590e-01,-1.255194602082309319e-01,-4.191429465123553376e-03,-1.542338799767639379e-01,-1.404084186067295348e-01,-2.844050225657983044e-01,-4.084498860538898213e-01,-3.862728450779748801e-01,-1.640511193529648193e-01,-3.315563698109835200e-01,-2.558604048438268275e-01,-2.321283345994012148e-01,-9.347155815720094296e-02,-1.827919031234639669e-01,-1.054426024397873002e-01,-2.212029134456409973e-01,-1.385271906698243849e-01,-3.628401626524866991e-03,1.914830868224674798e-01,-6.451137226864471497e-02,8.026721479958889849e-02,-3.211805710710934347e-01,2.481210063005496180e-01,-2.121855310782430060e-01,2.346843022476428897e-02,3.786272845077974791e-01,6.963760668483846006e-01,5.334644085973456740e-01,5.584521202913446114e-01,1.596675454667322025e-01,2.032351758344876913e-01,-1.611823584610572457e-01,2.644443451450020216e-02,2.485365744671343829e-02,1.430984405022565908e-01,-1.189865498905223612e-01,-5.890343625720541321e-02,7.384154787970866052e-02,1.972697618302873268e-01,-2.144867956566423681e-03,-1.797578086599043723e-01,-7.834577058849814812e-02,2.069127306850171988e-01,-3.142008132624335426e-01,-1.720452209660842668e-01,-1.706912730685017088e-01,2.298136645962732885e-02,-1.101613119442334393e-01,4.215112382143974129e-02,-9.578175968541936813e-02,-1.642745430984405008e-01,-2.155324187854685269e-01,-3.806023504178023820e-01,2.453639572813798575e-01,-1.913043478260869623e-01,9.633585057419902231e-02,1.476294740605031408e-01,-7.250994235667367060e-02,-8.444523883998390767e-02,-4.599356539613029815e-01,-4.441217212565351513e-01,-1.319540640779301999e-01,-6.200902631931722031e-02,-1.865856383216408232e-01,-1.898610304303141316e-01,-1.474954198132177596e-01,-1.404084186067295348e-01,-1.036015907770677924e-01,-1.477903391572456260e-01,3.772733366102149627e-02,-9.507127217480673687e-02,-2.851333839760489611e-02,-4.088073640466508563e-01,-4.935564591804816881e-01,-1.976451137226864496e-01,-9.032128334599401343e-02,-2.718486080700656671e-01
-4.019482550605478210e-01,-2.779659502211895283e-01,-1.313776308146029637e-01,-1.679252870995129321e-01,0.000000000000000000e+00,8.619419991956744909e-01,-2.116895303632869985e-01,-3.703472005004692091e-01,8.285714285714286254e-01,6.683006389919120549e-01,-3.051029983466642670e-01,-3.234237454756691554e-01,-1.436301890164886630e-01,-4.679744403235175931e-01,4.969346262120737934e-01,4.785602573841548080e-01,-5.009294427811787909e-01,-4.042361142142186781e-01,-4.465927878814960339e-01,-4.071540283301309238e-01,5.241252960364627400e-01,5.134456410027257167e-01,-2.336029313195406298e-01,-1.739175119531703728e-01,7.926359533491219578e-01,7.718039233209705863e-01,6.963671298985656399e-01,7.612404486348809396e-01,-2.233835292014835217e-01,-1.524598954376871207e-01,3.128692077393985249e-01,1.471066624960900848e-01,-2.503016220563921701e-01,-3.039680057196478824e-01,2.480852585012735256e-01,1.200321730193485009e-01,2.827248759998212679e-01,2.765941284239689102e-01,2.381652442021537919e-01,4.490325751820903322e-01,1.920863309352517923e-01,9.559855221412931481e-02,-4.584208409669779938e-01,-3.274274989945931691e-01,-3.269940569283703580e-01,-2.873676214308056864e-01,-2.902408507976227958e-01,-3.375709370391885011e-01,-3.566557933777201872e-01,-3.709683185128915262e-01,-3.687206756334063251e-01,-5.096429688547299275e-01,-5.776308146029760504e-01,-4.630054962241387240e-01,-3.398409222932213258e-01,-1.553554671790517983e-01,-4.730908440949104232e-01,-3.181509450824433483e-01,-3.893873720899057034e-01,-4.123106483757093543e-01,9.669779704186960700e-02,-1.942624782161848085e-01,-3.594307162965280078e-01,-2.864828633987220319e-01,-2.641047410518789773e-01,-1.633897850663568463e-01,-2.899325260288663220e-01,-3.299075025693730678e-01,-3.543053755753161616e-01,-1.012779838241208291e-01,6.384154787970865996e-01,5.470709146968140146e-01,1.271504535502033240e-01,9.822154698601368028e-02,8.751954957772911659e-02,1.274855891684168185e-01,1.627865409535725338e-01,1.435586934179364504e-01,8.961079583538138216e-02,5.554046204030563816e-01,-2.912998793511774320e-02,-1.750435676303677690e-01,2.379105411323115538e-01,1.935475222306626830e-01,1.423030519683632089e-01,1.337772018410116615e-01,3.231735108807364254e-01,5.044684749095134091e-01,-1.775325081549667186e-02,1.106841235086464953e-02,-3.078332365163769513e-01,-1.594039054470709205e-01,-5.108717994548460650e-01,-2.163456812189999690e-01,8.907904732114929613e-02,1.013316055230349816e-01,7.655391214978328474e-02,2.047455203539032265e-01,-1.602931319540640831e-01,-3.894722731131864540e-02,-1.131551901336074056e-01,5.035971223021582302e-03,-2.045220966084275449e-02,7.248313150721658049e-02,4.761160016086509600e-02,9.445015416238437822e-02,1.476071316859555727e-01,2.473166808168372199e-01,8.629071897761293741e-02,3.244202153804906508e-01,9.900353009517851022e-02,-1.612940703337950865e-01,-2.983332588587515044e-01,-5.077974887171008561e-02,4.017605791143482458e-02,3.641807051253407451e-02
-2.651146163814290246e-01,-2.786004736583403973e-01,-8.669288171946915034e-02,-1.713704812547477419e-01,8.619419991956744909e-01,0.000000000000000000e+00,-1.131328477590598375e-01,-2.656016801465659882e-01,8.367174583314714864e-01,7.797131239108092693e-01,-2.205326422092140082e-01,-3.719156351937084048e-01,-9.280128692077393993e-02,-5.046382769560748827e-01,4.482729344474730704e-01,5.455516332275793800e-01,-4.613566289825282718e-01,-4.528441842799052486e-01,-4.403056436838106991e-01,-4.233969346262120848e-01,6.435810357924840464e-01,6.044908172840609550e-01,-2.973278520041109929e-01,-1.591581393270476708e-01,7.117029357880155782e-01,7.765851914741498385e-01,6.477188435586934689e-01,7.796014120380714285e-01,-1.335359041958979476e-01,-1.852942490727914615e-01,2.535636087403368988e-01,8.451226596362661214e-02,-1.907189776129407099e-01,-2.386612449171097994e-01,2.154787970865543467e-01,8.160775727244291844e-02,2.911836990035300832e-01,3.492336565530184678e-01,2.446355958711291800e-01,3.591089861030430375e-01,2.575048036105277438e-01,1.170919165288886871e-01,-4.261852629697484018e-01,-2.839760489744850291e-01,-3.287591045176281312e-01,-2.813798650520577538e-01,-2.741007194244604039e-01,-3.256803253049734281e-01,-3.049108539255552253e-01,-3.883774967603557116e-01,-3.302649805621341583e-01,-5.372804861700701817e-01,-4.595692390187229304e-01,-4.307475758523615639e-01,-2.581706063720451971e-01,-1.738862326288037885e-01,-3.082800840073283144e-01,-2.722820501362884782e-01,-1.954957772912105096e-01,-2.954466240672058430e-01,1.831315072165869695e-01,-1.882121631887037072e-01,-2.869475847893114273e-01,-3.667098619241253021e-01,-2.320881183252156144e-01,-2.254166852853121128e-01,-2.839983913490325973e-01,-3.310469636712989883e-01,-3.868850261405782365e-01,-1.191027302381697101e-01,7.157424371062156565e-01,5.989677822959024178e-01,3.044461325349658298e-01,2.407212118503954668e-01,1.937664775012288287e-01,2.120782876804146733e-01,2.704544438982975363e-01,2.355467179051789761e-01,1.898118772063094872e-01,5.358684480986639631e-01,8.270700210018321064e-02,-2.482193127485589068e-01,2.645292461682827723e-01,1.489253317842620383e-01,1.820099200142991092e-01,8.112516198221546293e-02,2.662764198579025132e-01,5.033066714330398650e-01,-3.760668483846463239e-02,-1.427677733589525870e-02,-2.832610929889628482e-01,-2.319585325528397135e-01,-4.612359801599714149e-01,-1.937530720765002767e-01,2.580991107734930193e-02,-7.147325617766656092e-02,-5.695518119665757967e-02,3.944769650118414711e-02,-1.779346708968229107e-01,-1.320479020510299806e-01,-1.497028464185173602e-01,-2.832566245140533470e-02,-9.138031189954867739e-02,-9.875329550024577064e-04,8.856517270655525631e-02,8.403413914830867859e-02,9.655033736985567383e-02,2.365655301845480118e-01,-4.461772197149112967e-02,1.554224943026945027e-01,-4.462665892131015971e-02,-2.412842396889941510e-01,-2.506725054738817571e-01,-1.821350373117654881e-02,2.888422181509450737e-02,2.311988918182224240e-02
4.441038473568970635e-01,-1.329013807587470508e-01,5.132758389561642431e-01,1.654854997989186338e-01,-2.116895303632869985e-01,-1.131328477590598375e-01,0.000000000000000000e+00,5.502480003574780065e-01,1.298538808704589181e-02,-4.079270744894767514e-02,3.843424639170651136e-01,-7.183520264533714561e-02,4.777469949506233382e-01,6.183028732293668200e-02,-6.776889047767996332e-02,-2.408776084722284161e-01,3.314625318378837115e-01,6.174091782474641632e-02,3.466374726305911924e-01,-2.505473881764153782e-02,-1.437150900397694275e-01,-1.844809866392600195e-01,2.460386969927163825e-01,1.462576522632825504e-01,-1.007551722597077593e-01,-1.237678180437016828e-01,-2.240135841637249103e-01,-1.492425935028374728e-01,3.073193619017829392e-01,-3.753518923991241659e-04,8.182671254300906416e-02,2.490281067071808269e-02,-1.251262344161937490e-01,-3.799991063050180834e-02,5.849233656553018239e-03,-9.062067116493141561e-02,1.450020108137092811e-02,-5.699986594575271598e-02,1.260109924482774113e-03,-2.596317976674560879e-01,-2.690915590508959412e-02,9.584878680906206219e-03,-8.184905491755663232e-02,-6.419857902497877467e-02,-2.154430492872782543e-01,-1.891728852942490824e-01,-3.954555610170248925e-01,-2.235265203985879745e-01,-2.631931721703382673e-02,4.804057375217837822e-02,1.081728406094999845e-01,3.071182805308548050e-02,2.112426828723356631e-01,1.676303677554850657e-01,-8.062469279234997510e-02,-2.297555744224496210e-01,2.777023102015281908e-01,2.051029983466642892e-02,4.122570266767952019e-01,1.060860628267572270e-01,4.257607578533446624e-01,1.307833236516376951e-01,6.480629161267259519e-02,-2.685329996872067304e-01,3.061888377496760349e-01,1.679878457482461285e-01,1.451003172617185699e-01,-1.122480897269761795e-02,-8.063362974216899126e-02,-2.405335359041959054e-01,-2.258367219268063789e-02,2.926851065731266022e-02,1.564234326824254784e-01,1.042942043880423636e-01,-1.950310559006211142e-01,-2.847759059832878983e-02,1.509450824433620775e-01,3.369230081773090524e-02,1.309263148487421237e-02,-1.320032173019348443e-01,-5.862639081281558959e-03,-1.057732695830912867e-01,-3.054068546405112050e-01,-3.805800080432548138e-01,6.391706510567943256e-02,-5.978417266187050494e-01,-1.302694490370436553e-01,-1.761249385584700011e-01,1.358729165735734490e-01,-2.070155056079360234e-01,1.108583940301175186e-01,2.282899146521292222e-01,2.878189373966665299e-01,4.571696679923142326e-01,-2.281603288797533491e-01,-2.050717190222976771e-01,-3.015773716430582008e-01,-4.021135886321998143e-01,-2.401939318110728749e-01,-8.732740515662004710e-02,-5.120425398811385975e-02,2.836721926806380911e-01,-1.632825416685285413e-01,2.189552705661557770e-04,-1.435855042673935267e-01,-5.126681263684704226e-02,-6.527548147817149871e-02,-6.639706868045935906e-02,-9.134456410027257112e-02,-3.880378926672326534e-01,-2.398811385674069485e-01,-2.635506501630993093e-01,-2.883506859108985951e-02,-1.156396621832968402e-01,6.440859734572590423e-02,-1.754323249474954230e-02
2.517091916528888529e-01,3.836632557308190805e-02,2.289914652129228234e-01,4.381965235265203873e-01,-3.703472005004692091e-01,-2.656016801465659882e-01,5.502480003574780065e-01,0.000000000000000000e+00,-3.248223781223468221e-01,-1.639036596809508861e-01,2.085437240269895909e-01,3.126591894186513954e-01,2.550292685106573254e-01,2.093703918852495571e-01,-4.427588364091335493e-01,-2.439921354841592671e-01,1.869252424147638536e-01,8.502167210331114389e-02,2.944412172125653315e-01,3.715536887260378202e-02,-5.036820233254389878e-01,-5.380311899548684273e-01,3.263550650163099531e-01,3.111622503239644399e-01,-3.483086822467491572e-01,-3.802314670003127950e-01,-3.698601367353322456e-01,-4.613432235577997198e-01,7.440904419321685281e-02,1.279324366593681539e-01,-1.130613521605076249e-01,6.443540819518298046e-02,5.459135796952500203e-02,3.234371509003977074e-01,-6.085615979266276176e-02,2.897359131328477652e-02,-3.161758791724384454e-01,-2.599982126100361945e-01,-3.430850350775280222e-01,-4.224406809955761899e-01,-1.407346172751240132e-01,-1.088297064211984494e-01,1.407837704991286576e-01,1.087179945484606086e-01,3.569864605210242015e-02,1.066803699897225094e-01,-2.535591402654274185e-01,8.049957549488359621e-02,1.500871352607354992e-01,2.789087984270968157e-01,1.909424013584163637e-01,3.362259260914249870e-01,2.094552929085303217e-01,3.802404039501318112e-01,-3.422583672192680559e-01,-2.359041958979400389e-01,1.861790071048751161e-01,1.587693820099200237e-01,2.353635104338889228e-01,3.409759149202377104e-01,2.712632378569194147e-01,5.636534250860181228e-01,-1.500781983109164830e-01,-8.229590240850798155e-02,3.486527548147816957e-01,5.429554493051521602e-01,7.778274274989946391e-02,1.309575941731087045e-01,-1.092586800125117247e-01,-3.072389293534116828e-01,-3.176772867420349367e-01,-1.866258545958264514e-01,5.356807721524643739e-02,5.448858304660619128e-02,-4.201394164171768364e-01,-2.890611734215112194e-01,-7.927074489476741703e-02,-3.833057777380580178e-02,1.298047276464542599e-01,-6.981545198623709259e-02,1.870056749631350893e-02,3.008087939586219228e-01,-5.592609142499664898e-01,-4.164931408910139132e-01,-7.958353813843335733e-02,-1.434782608695652217e-01,-3.296170517002546818e-01,-3.416417176817552193e-01,-1.947316680816837120e-01,-2.590598328790383875e-01,1.382099289512489330e-02,-1.679699718486080823e-02,4.767683989454399307e-01,2.267036060592519664e-01,-3.292104204834889747e-01,-2.845033290138075932e-01,-5.004021627418562268e-01,-5.159390500022342785e-01,-4.197059743509540253e-01,-3.500916037356450183e-01,-2.400151928146923574e-01,-1.616247374770990800e-02,-3.327628580365521449e-01,-2.938647839492381508e-01,-2.712543009071003985e-01,-2.400822199383350342e-01,-1.797533401849948642e-01,-2.422270878949014661e-01,-3.811251619822154657e-01,-4.133205237052594017e-01,-3.344564100272576779e-01,-3.068725144108315761e-01,-3.732070244425577527e-02,-2.650073729836007197e-01,7.509718932928191593e-02,-1.577863175298270804e-01
-3.806604405916260703e-01,-4.294338442289646340e-01,-2.202109120157290378e-01,-3.685866213861209162e-01,8.285714285714286254e-01,8.367174583314714864e-01,1.298538808704589181e-02,-3.248223781223468221e-01,0.000000000000000000e+00,8.356450243531882149e-01,-1.641672997006121681e-01,-5.287099512936235257e-01,6.349702846418517344e-02,-5.155368872603780517e-01,5.997899816792529037e-01,6.520487957460119333e-01,-4.011528665266544391e-01,-4.867018186692881887e-01,-5.300236829170204000e-01,-5.647705438133965306e-01,5.575807676839894533e-01,5.234148085258500949e-01,-3.628714419768532817e-01,-3.755842530944188962e-01,6.928191608204119500e-01,7.361544304928727689e-01,6.255864873318736086e-01,7.159524554269627306e-01,-7.627686670539345071e-02,-1.490415121319093872e-01,1.036775548505295130e-01,-2.245855489521426246e-02,-2.715894365253139209e-01,-2.940658653201662087e-01,2.109745743777648730e-01,4.269627776040037237e-02,3.486393493900531992e-01,3.379909736806827603e-01,2.535636087403368988e-01,4.001742705214710316e-01,1.990169355199070678e-01,1.706153089950399881e-01,-3.802582778497698990e-01,-3.223736538719335076e-01,-2.464855444836677179e-01,-1.898923097546807159e-01,-1.939899012467045103e-01,-3.239331516153536872e-01,-1.755529737700522730e-01,-2.249698377943607774e-01,-1.640287769784172789e-01,-3.863085928772510003e-01,-3.477903391572456093e-01,-2.870146119129541318e-01,-1.880066133428660857e-01,-1.912775369766298861e-01,-4.450422270878949260e-01,-3.817596854193663902e-01,-2.539747084320121417e-01,-4.339872201617587799e-01,3.044640064346038622e-01,-2.157424371062156565e-01,-3.235935475222306845e-01,-4.681621162697171545e-01,-2.493319630010277510e-01,-2.829527682202064298e-01,-3.649135350105008890e-01,-4.120470083560480723e-01,-5.130390097859600651e-01,-3.242638187586576737e-01,6.966665177175029866e-01,5.325662451405335229e-01,1.812994325036864918e-01,1.879529916439519055e-01,2.049331963001027879e-01,3.185620447741185912e-01,3.053487644666875167e-01,2.334197238482506043e-01,2.427543679342240579e-01,5.918226909155904769e-01,9.432056839000849124e-02,-2.668930693954153499e-01,3.070870012064882415e-01,2.406363108271147022e-01,2.264757138388668045e-01,-3.497475311676125076e-02,2.371643058224228162e-01,4.544662406720586523e-01,1.881227936905134276e-02,8.936949819026766581e-06,-2.191742258367219143e-01,5.237499441440636450e-02,-4.862996559274319619e-01,-3.248134411725277920e-02,-7.078064256669199146e-03,-2.905402386165601564e-02,5.416238437821171980e-02,8.111622503239644677e-02,-9.933866571339201867e-02,-1.333839760489744820e-02,-1.608025380937486148e-01,8.376156217882836652e-02,-1.142410295366191458e-01,4.578846239778363442e-02,1.756557486929711046e-02,7.241163590866436794e-02,1.188614325930559832e-03,1.907636623620358463e-01,2.328075427856472670e-03,2.518432459001742618e-01,-3.063139550471424138e-02,-1.279681844586442740e-01,-1.425577550382054470e-01,-2.370079092005898322e-02,8.471334733455471167e-02,1.096519058045489076e-01
-4.120380714062290561e-01,-3.874301800795388329e-01,-3.960051834308950247e-01,-3.625809911077349512e-01,6.683006389919120549e-01,7.797131239108092693e-01,-4.079270744894767514e-02,-1.639036596809508861e-01,8.356450243531882149e-01,0.000000000000000000e+00,-2.197149113007730581e-01,-4.592341034005094080e-01,8.516019482550606090e-02,-3.670986192412529769e-01,5.012422360248447450e-01,7.218374368827918941e-01,-4.699986594575271681e-01,-5.152106885919836010e-01,-5.984449707314893896e-01,-6.163590866437285154e-01,5.834755797846195025e-01,5.405067250547388458e-01,-4.220832030028151549e-01,-3.805666026185263173e-01,4.883551543858081212e-01,5.745028821663166196e-01,5.623307565128021768e-01,5.819920461146610435e-01,-2.018856964118146413e-01,-2.830644800929442706e-01,-1.333839760489744786e-01,-2.042003664149425746e-01,-2.062871441976853182e-01,-1.902095714732561782e-01,2.221457616515483402e-01,7.664775012288306544e-02,2.143438044595379621e-01,3.091201572903168326e-01,1.629786853746816311e-01,2.855042673935385689e-01,2.110907547254122218e-01,1.079806961883909011e-01,-2.566111086286250731e-01,-2.804906385450645634e-01,-9.644309397202734113e-02,-3.811162250323964218e-02,-4.412618973144465800e-02,-2.016309933419723754e-01,-7.962375441261897169e-02,-1.420796282228875274e-01,-4.739711336520845142e-02,-2.842084096697797269e-01,-1.652307967290763679e-01,-1.242012601099244801e-01,-1.082175253585951069e-01,-1.977434201706957384e-01,-3.847088788596452202e-01,-3.595334912194467769e-01,-1.967737611153313471e-01,-3.532955002457661142e-01,3.646320210912015747e-01,-1.433442066222798128e-01,-3.361678359176012987e-01,-4.744671343670405217e-01,-1.641762366504312121e-01,-2.070512534072121158e-01,-4.460655078421734698e-01,-3.939586219223378816e-01,-5.749363242325394863e-01,-4.190669824388936204e-01,5.891460744447919451e-01,4.388533893382188800e-01,1.845658876625407840e-01,1.392466151302560462e-01,1.724965369319451380e-01,2.197774699495062267e-01,1.570445506948478509e-01,1.359578175968541858e-01,2.147012824522990249e-01,5.896956968586621883e-01,1.749095133830823601e-01,-1.085481925018991073e-01,3.441127843067161018e-01,2.838643371017471884e-01,3.653067608025380997e-01,1.642164529246168403e-01,1.847222842843737334e-01,3.824612359801599637e-01,2.751686849278341465e-02,3.324992180168908490e-02,-6.417623665043120651e-02,5.625363063586397844e-02,-3.065775950668037098e-01,7.551722597077617678e-03,-8.808704589123732276e-02,-1.842352205192367975e-01,-5.824657044550694829e-02,-4.182492515304526287e-02,-7.343491666294293951e-02,-1.208543724026989591e-01,-2.696277760400375145e-01,-7.732248983421957655e-02,-2.459269851199785417e-01,-1.385316591447338930e-01,1.082264623084141369e-02,-1.854417087448053921e-03,-1.318736315295589712e-01,6.279994637830108029e-02,-1.453103355824656995e-01,1.300281513919299414e-01,-1.628982528263103746e-01,-6.447562446936860869e-02,3.738772956789847279e-02,6.871620715849680039e-02,1.602305733053308867e-01,-1.210956700478126730e-02
6.001608650967424907e-01,6.404665087805531953e-02,1.050091603735645029e-01,-1.263640019661289582e-01,-3.051029983466642670e-01,-2.205326422092140082e-01,3.843424639170651136e-01,2.085437240269895909e-01,-1.641672997006121681e-01,-2.197149113007730581e-01,0.000000000000000000e+00,2.725278162563117279e-01,6.902497877474418342e-01,3.060279726529335775e-01,5.153492113141784625e-02,-2.015818401179677311e-01,5.480852585012735423e-01,2.105009160373564614e-01,5.139907949416864241e-01,3.133294606550784400e-01,-2.747129004870637603e-01,-3.685508735868447960e-01,1.036328701014343767e-01,-2.166763483623039555e-02,-3.341525537334107954e-01,-2.992001429911971266e-01,-4.716296527994995325e-01,-2.624469368604495090e-01,5.757451181911613647e-01,3.025649045980606799e-01,-1.319093793288350636e-02,-7.361812413423299284e-02,3.108137092810223656e-01,1.673220429867286196e-01,-9.209079941016130866e-02,-1.297511059475401074e-01,-1.528665266544528278e-01,-2.561731980874927261e-01,-2.290004021627418673e-01,-5.451986237097278254e-01,2.058000804325483823e-01,1.761070646588319411e-01,3.920907994101613392e-01,2.840832923723133341e-01,2.081147504356763156e-01,1.770186335403726718e-01,1.512668126368470478e-01,1.498056213414361570e-01,3.950846775995353055e-01,2.270610840520130569e-01,3.675275928325662522e-01,2.070333795075740557e-01,4.668126368470441045e-01,2.841235086464989346e-01,9.026319317217033900e-02,-2.296349255998927641e-01,5.844497073148934296e-01,1.246525760757853374e-01,4.454890745788462336e-01,5.526162920595201200e-02,3.843737432414316979e-01,6.338531659144733266e-02,4.926404218240314492e-01,8.268912820054515056e-02,2.507574064971624939e-01,-9.787300594307163371e-02,1.194870190803878629e-01,1.201572903168148659e-02,2.431565306760802569e-01,-1.517449394521649675e-01,-4.214218687162071819e-02,-1.486572232896912205e-01,3.738147370302515871e-01,2.435899727423030403e-01,1.236158898967782277e-01,7.505250458018677961e-02,3.718530765449751807e-01,2.129987935117744202e-01,2.364895661110862912e-01,-8.531212297242951603e-02,3.686849278341302050e-01,-6.153089950399928676e-02,-1.225345189686759956e-01,-1.257384154787970776e-01,2.004960007149559909e-01,-3.982349524107421934e-01,-2.889092452745877782e-01,-4.599669332856696213e-01,-7.187988739443228192e-02,-3.799186737566468408e-01,6.711649314089102036e-02,-2.546583850931677037e-02,5.772375888109388536e-02,-1.955851467894007684e-02,-1.798516466330041530e-01,-2.429867286295187556e-01,-8.382858930247107099e-02,-2.803789266723267226e-01,-8.521381652442021337e-02,-1.383305777738058073e-01,-2.197372536753206262e-01,-2.826489119263595473e-01,-2.553554671790517760e-01,-3.169042405826891229e-01,-3.977389516957862553e-02,4.201260109924482428e-02,-1.265025246883238752e-01,-2.583716877429733105e-01,-1.265338040126904595e-01,-2.736404665087805443e-01,-5.646364895661110800e-02,-5.554314312525135411e-02,2.525313910362393388e-01,9.375754055140980703e-02,2.668171053219536293e-01,1.118816747843960901e-01
3.460923186916305405e-01,7.111711872737834783e-01,7.744313865677644737e-02,2.480182313776308212e-01,-3.234237454756691554e-01,-3.719156351937084048e-01,-7.183520264533714561e-02,3.126591894186513954e-01,-5.287099512936235257e-01,-4.592341034005094080e-01,2.725278162563117279e-01,0.000000000000000000e+00,9.920014299119711207e-03,6.349255998927566536e-01,-3.069306045846552644e-01,-3.212386612449171230e-01,1.517270655525269352e-01,5.131954064077930422e-01,4.491710979042852769e-01,6.185397023995710120e-01,-3.493587738504848050e-01,-3.045086911836989985e-01,1.131775325081549599e-01,2.890075517225970669e-01,-5.364582867867196958e-01,-4.659770320389651221e-01,-4.083113633316948765e-01,-5.652129228294383578e-01,1.282005451539389683e-02,4.478663032307073633e-01,6.863577461012555780e-02,4.537289423119889031e-02,1.003798203673086364e-01,-3.480048259529022747e-02,-3.738772956789847557e-01,-2.723937620090263190e-01,-6.055096295634300185e-01,-3.101881227936905128e-01,-7.912328522275346998e-02,-3.557218821216318605e-01,9.189418651414271721e-02,4.700835604808079049e-02,1.950042450511640379e-01,3.491621609544662275e-01,-2.169444568568747525e-02,4.970284641851736157e-02,-8.874391170293578421e-03,1.551275749586666086e-01,-5.779525447964609791e-02,1.988605388980740907e-01,-1.178113409893203484e-01,2.386299655927431873e-01,-1.930381160909781487e-03,-2.110013852272219631e-02,-1.375173153402743653e-01,1.682336118682693504e-01,3.050717190222976827e-01,5.275213369676928776e-01,2.475088252379462755e-02,4.753384869743956243e-01,-2.537021314625318436e-01,4.864337101747173708e-01,2.747441798114303446e-01,7.452075606595468527e-01,-5.128021806157558732e-02,7.763081460297600878e-02,-2.451405335359041829e-02,2.841950042450511627e-03,4.790607265740202680e-01,2.640689932526029127e-01,-5.443674873765583788e-01,-3.504267393538585407e-01,-3.627507931542964248e-02,6.441306582063541231e-02,-5.649045980606819117e-02,-2.740158184011796672e-01,-1.198355601233299095e-01,2.302605120872246169e-02,-1.104606997631708276e-01,-1.936324232539434198e-01,-2.093703918852495571e-01,2.745654408150497994e-01,-2.124938558469994243e-01,1.071540283301309210e-01,-3.281513919299343107e-01,1.133428660798069670e-01,-1.088699226953840637e-01,-2.558335939943697235e-01,4.956432369632244456e-02,9.701505876044505539e-02,-1.044416640600562968e-01,-2.900755172259708026e-01,2.052370525939496704e-02,-2.398230483935832602e-01,-7.096385003798204305e-02,-7.044550694847848127e-02,-1.763975155279502993e-01,-1.410340050940613876e-01,-1.920684570356137322e-01,-9.215782653380401312e-02,1.756870280173376819e-01,-1.536395728137986416e-01,1.146342553286563287e-01,-7.217480673846016215e-02,8.667500781983109026e-02,1.286295187452522470e-01,1.619866839447696438e-01,-2.808436480629161389e-02,-1.141114437642432589e-01,-1.276866705393449319e-01,1.129719826623173523e-01,-3.065552526922561416e-01,7.336342106439072697e-02,4.228964654363465830e-02,6.364895661110862857e-02,1.050136288484740110e-01
2.997050806559721225e-01,-1.416059698824791158e-01,4.228964654363465830e-02,-1.073148934268734062e-01,-1.436301890164886630e-01,-9.280128692077393993e-02,4.777469949506233382e-01,2.550292685106573254e-01,6.349702846418517344e-02,8.516019482550606090e-02,6.902497877474418342e-01,9.920014299119711207e-03,0.000000000000000000e+00,3.571696679923141993e-01,3.536172304392510846e-01,7.408731399973189635e-02,2.843290584923365838e-01,-2.223513114973859478e-02,2.939586219223379038e-01,-1.182805308548192519e-02,-1.271906698243889244e-01,-2.236114214218687113e-01,2.330354350060324375e-01,3.503284329058492519e-02,-1.427767103087716205e-01,-1.522185977925734068e-01,-2.487957460118861430e-01,-1.300326198668394495e-01,3.032083649850306206e-01,3.981411144376424682e-03,-1.628669735019437903e-01,-1.485991331158675599e-01,2.053442959917780031e-01,1.370079092005898336e-01,1.983690066580276190e-01,-2.842843737432414197e-02,-8.836855981053666487e-02,-1.216899772107779554e-01,-2.323517583448768964e-01,-3.645069037937351819e-01,2.239599624648107579e-01,2.184592698511997888e-01,3.009964699048214842e-01,8.524062737387728961e-02,1.695250011171187399e-01,1.576969480316368077e-01,-2.815139192993431488e-03,-1.054113231154206985e-02,3.142812458108047990e-01,2.261763260199294023e-01,4.282407614281245611e-01,2.567004781268152902e-01,4.916082041199338892e-01,3.764466687519549826e-01,6.067742079628223040e-02,-2.808079002636399979e-01,2.444926046740247549e-01,-9.187184413959516294e-02,2.674024755350998817e-01,-1.635953349121944678e-01,4.192635953349121980e-01,-1.986683944769650212e-02,1.747397113365208587e-01,-2.231422315563698078e-01,3.812770901291389070e-01,-1.626524867062871527e-02,-8.566960096519057877e-02,-1.288440055409088847e-01,-6.114214218687161889e-02,-3.849948612538540704e-01,8.641136780016980823e-02,1.878100004468474804e-02,2.429777916796997117e-01,1.857813128379284251e-01,2.213235622681978751e-02,2.223423745475669178e-01,3.401134992627016240e-01,2.332365163769605509e-01,1.797667456097233885e-01,3.219089324813441400e-02,3.656061486214755019e-01,1.690424058268912705e-02,-7.922606014567228072e-03,-1.603288797533401755e-02,4.395370659993744211e-01,-2.740828455248223716e-01,-1.053621698914160576e-01,-2.934626212073819240e-01,-1.385674069440100131e-02,-3.167344385361275938e-01,1.004781268153179252e-01,1.624290629608114711e-01,1.872022878591536599e-01,1.375083783904553492e-01,-2.469234550248000370e-01,-2.937173242772241899e-01,-1.481031324009115802e-01,-2.726350596541400328e-01,-1.723937620090263134e-01,-2.230573305330890432e-01,-3.676124938558469890e-01,-2.906162026900219186e-01,-4.765896599490593855e-01,-4.701148398051744892e-01,-1.718575450198847054e-01,-1.036998972250770812e-01,-3.071361544304928581e-01,-3.494570802984941493e-01,-6.831404441664060134e-02,-2.639125966307699356e-01,-2.089190759193887137e-01,-1.165825103892041692e-01,2.056526207605344214e-01,8.954376871173867769e-02,4.214576165154832466e-01,-1.509450824433620879e-02
