0.000000000000000000e+00,8.662183296840788582e-01,2.188524956432369717e-01,3.022699852540328136e-01,-5.313597569149649535e-01,-3.830063899191206156e-01,1.068591089861030408e-01,1.978238527190669949e-01,-2.103355824657044681e-01,-5.124134232986281567e-01,5.445015416238437878e-01,5.308503507752804218e-01,-1.243576567317574572e-02,1.818088386433710235e-01,-4.920148353366995964e-01,-4.645247776933732475e-01,3.810804772331203294e-01,5.060681889271191336e-01,6.089324813441172601e-01,6.694758478931140955e-01,-4.816300996469904949e-01,-5.251307028911033070e-01,-1.366146834085526507e-01,-2.126234416193752974e-01,-5.735108807364046601e-01,-6.747620537110684547e-01,-5.816300996469905282e-01,-4.313195406407793198e-01,-4.386389025425622146e-01,-3.634165959158139336e-01,-3.732874569909290230e-01,-4.436659368157647720e-01,4.111399079494168496e-01,1.056526207605344297e-01,-3.302560436123151422e-01,-2.013986326466776777e-01,-5.034898789043299461e-01,-5.944814334867509764e-01,-2.167210331113990970e-03,-3.786138790830689271e-01,3.148934268734081277e-02,-3.582555073953259672e-01,2.405380043791054134e-01,2.762768667053934757e-01,1.451405335359041981e-01,3.651101479065195221e-01,3.317440457571830814e-01,1.258456588766254103e-01,1.871665400598775675e-01,2.649626882345055834e-01,2.225121765941284191e-01,2.463023370123776645e-01,2.301264578399392358e-01,-3.421958085705349012e-02,5.943831270387416321e-01,5.188212163188703485e-01,7.237454756691541480e-01,7.567362259260914659e-01,7.243844675812145528e-01,6.910183654318781121e-01,6.248536574467133953e-01,-8.996380535323293681e-02,6.453728942311989236e-01,2.398409222932213203e-01,-2.470932570713615384e-01,-3.242816926582957060e-01,1.001117118727378325e-01,1.264444345145002147e-01,6.505205773269583380e-01,7.116939988381965065e-01,-5.295902408507976444e-01,-6.257205415791590175e-01,-4.829080834711112907e-02,1.866928817194691420e-02,-8.582599758702354198e-02,1.602529156798784549e-01,-9.625094955091827165e-02,-1.717011483980517561e-01,1.420304749988828830e-01,1.585146789400777578e-01,3.539166182581884867e-01,3.446400643460387214e-01,-1.192144421109075508e-01,-1.522364716922114392e-01,2.530586710755619029e-01,2.254300907100406648e-01,-2.435720988426650080e-01,-2.239778363644488179e-01,2.831538495911345432e-01,6.257205415791590453e-02,-3.637204522096608161e-01,-1.155994459091112259e-01,-4.733991688636668416e-01,-1.201036686179007135e-01,-4.004155681665847455e-01,-3.479512042539881223e-01,-4.062692702980472692e-01,-3.176817552169444725e-01,-2.403905447070914803e-01,-3.146253183788372820e-01,3.357790786004736794e-01,-1.221815094508244270e-01,8.051298091961213432e-02,6.012779838241208430e-02,-5.930559899906161919e-02,-1.905447070914696728e-01,-3.480807900263639953e-01,-2.418964207515974796e-01,-4.892577863175298081e-01,-1.434693239197461778e-01,-2.038339514723624957e-01,-2.619375307207649772e-01,-2.951025514991733045e-01,2.333258858751508236e-01,-1.464900129585772481e-01,-1.788819875776397617e-01
8.662183296840788582e-01,0.000000000000000000e+00,2.941552348183564813e-01,3.295813039009786172e-01,-3.398811385674069263e-01,-2.556325126234416101e-01,1.306894856785379144e-01,1.799901693551990700e-01,-4.293757540551410012e-02,-3.532240046472139294e-01,3.999061620269002137e-01,4.901067965503373425e-01,-6.051208722463023715e-02,1.051789624201260043e-01,-4.045444389829750964e-01,-2.882747218374369091e-01,4.668886009205058252e-01,6.468296170517002786e-01,7.533089056704946884e-01,7.676839894543991960e-01,-3.334286607980695982e-01,-3.591134545779525178e-01,-8.180437016846150988e-02,-1.244783055543143141e-01,-5.692524241476384361e-01,-5.845792930872693027e-01,-4.554090888779659396e-01,-3.087760847222842941e-01,-2.998838196523526678e-01,-1.897895348317619191e-01,-2.956164261137673721e-01,-3.081549667098619216e-01,4.152509048661691682e-01,1.383305777738058073e-01,-4.575182090352562514e-01,-2.904955538674650617e-01,-4.405871576031100689e-01,-5.210509852987175172e-01,-1.019169757361812478e-01,-3.815630725233477571e-01,9.550024576612002603e-02,-1.819116135662898204e-01,2.553509987041422957e-01,2.966173644934983478e-01,1.359086643728495414e-01,3.450377586129854124e-01,3.696411814647660998e-01,1.722820501362884726e-01,1.069663523839313596e-01,1.609053130166674117e-01,5.211582286965458360e-02,8.489655480584476499e-02,1.498011528665266490e-01,-2.082175253585951125e-01,5.431341883015327054e-01,4.749899459314536054e-01,7.725948433799544324e-01,8.555788909245274354e-01,5.518074981008981306e-01,5.913400956253630492e-01,4.472809330175611109e-01,-1.892890656418964312e-01,4.982215469860136747e-01,2.131551901336073973e-01,-4.467715268778765791e-01,-4.062826757227758212e-01,2.282050136288484715e-02,1.210152374994414443e-01,7.129541087626792839e-01,7.830197953438491343e-01,-4.253451896867598836e-01,-6.078466419411054922e-01,-1.992939809642968810e-02,1.107466821573796917e-01,-2.581437955225881348e-02,2.931542964386255057e-01,-1.083828589302471002e-01,-1.571786049421332598e-01,1.875418919522766903e-01,1.113543947450735122e-01,3.704410384735689621e-01,3.388265784887617982e-01,-6.818892711917422592e-03,-1.764600741766834957e-02,1.645649939675588591e-01,3.828589302471066547e-02,-2.165825103892041747e-01,-2.204477411859332436e-01,2.306313955047142317e-01,-1.308011975512757552e-01,-3.384065418472675391e-01,-1.880691719915992544e-01,-4.371196210733276910e-01,-2.730238169712677077e-01,-3.374905044908173002e-01,-3.701237767549935276e-01,-3.098172393762009258e-01,-2.306135216050761994e-01,-2.024219134009562493e-01,-2.676527101300326117e-01,2.870012064882255798e-01,-2.689887841279771097e-01,1.132981813307118307e-01,5.308995039992850384e-02,-5.015416238437821195e-02,-1.092944278117878310e-01,-2.519460208230930864e-01,-1.870012064882255742e-01,-4.142544349613476728e-01,-2.159167076276866659e-01,-1.633361633674426938e-01,-2.136020376245587327e-01,-3.757049019169757531e-01,3.461280664909066607e-02,-2.516019482550605479e-01,-7.873005943071630097e-02
2.188524956432369717e-01,2.941552348183564813e-01,0.000000000000000000e+00,2.699003530095178682e-01,1.401492470619777608e-01,-1.379239465570400724e-01,6.443808928012869641e-01,-1.704499754233879949e-01,2.388310469636713007e-01,2.237946288931587646e-01,1.705214710219402074e-01,-1.479690781536261712e-01,4.029670673399168845e-01,-3.474909513383082627e-01,1.340855266097680798e-01,-7.262165422941149751e-02,1.017650475892577927e-01,1.393047053040797068e-01,3.856115107913669071e-01,3.835247330086241635e-01,1.273962196702265598e-02,-3.181107288082577617e-02,6.734706644622190375e-01,4.570311452701192878e-01,2.250860181420081263e-01,1.032932660083113602e-01,2.069171991599267069e-01,-1.115331337414540366e-02,-1.117297466374726350e-01,-1.743509540193931839e-01,2.136511908485633771e-01,1.983779436078466352e-01,3.386433710174717171e-01,7.325617766656240815e-02,7.081639036596809600e-02,1.389695696858662087e-02,-1.023816971267706294e-01,-1.452924616828276394e-01,-4.899235890790473030e-02,-2.834443004602529292e-01,2.964833102462129943e-01,-1.220519236784485401e-01,-2.779391393717324174e-02,6.391706510567943256e-02,8.642030474998882439e-03,-1.794539523660574620e-01,7.676839894543992238e-03,1.594351847714375187e-02,-3.370883417489610734e-01,-1.564815228562491667e-01,-4.299343134188301496e-01,-2.094329505339827535e-01,-4.080924080611287308e-01,-3.370570624245944891e-01,-6.335403726708074834e-02,4.422896465436346874e-02,1.218329684078823943e-01,1.438446758121453284e-01,-1.606729523213727140e-01,-1.835649492828097737e-02,-2.014165065463157378e-01,-4.667724205728585041e-01,-1.216006077125876966e-01,-2.560838285893024535e-01,-1.066044059162607749e-01,-3.247374770990660853e-01,2.295098083024263713e-01,-7.694266946691094566e-02,4.026185262969748657e-01,3.812726216542294266e-01,6.227266633897850928e-02,1.177219714911300757e-01,-7.471290048706376828e-03,-1.658072299924036042e-01,-5.295589615264310185e-02,5.956030206890388506e-02,1.403994816569104943e-02,3.341525537334107815e-02,-1.558604048438267942e-01,5.621788283658787216e-02,-1.580588944993073786e-01,-1.505071719022297583e-01,1.801644398766700794e-01,1.784887617856025788e-01,-2.809330175611064045e-02,-4.305375575316144343e-01,1.174806738460163480e-01,-1.614906832298136641e-01,4.346038696992716305e-02,-3.665579337772018609e-01,-3.598909692122078535e-02,-9.190759193887126921e-02,-7.345279056258098571e-02,-2.711470575092720867e-02,-9.044193216855086689e-03,3.978283211939764863e-02,3.236650431207828693e-01,3.610348987890433237e-01,4.592251664506903641e-02,1.424371062156485901e-01,1.063407658965994929e-01,1.252513517136601140e-01,3.929755574422449382e-01,4.458510210465168044e-01,7.065105679431610275e-02,-1.766388131730640271e-02,3.273113186469457925e-01,2.472005004691898711e-01,-7.938692524241476589e-02,1.372938915947986838e-01,1.812726216542294155e-01,6.868045935922069412e-02,-1.480897269761830282e-01,-1.073551097010590344e-01,-2.636176772867420137e-01,3.034541311050538426e-02
3.022699852540328136e-01,3.295813039009786172e-01,2.699003530095178682e-01,0.000000000000000000e+00,-1.578086599043746485e-01,-1.574690558112516042e-02,4.611734215112381907e-01,6.537468162116270021e-01,1.658876625407748329e-01,1.416193753072076400e-01,1.197238482505920687e-01,4.598820322623888290e-01,6.023951025514991814e-02,4.413378613879083145e-01,-1.844005540908887908e-01,-1.316412708342642665e-02,2.666517717503016360e-01,2.233701237767549974e-01,3.988069171991599493e-01,4.435184771437508111e-01,-7.645560570177398207e-02,-9.908396264354975280e-02,2.401805263863443507e-01,4.437061530899503725e-01,-2.014120380714062297e-01,-9.878904329952187258e-02,-2.546271057688010986e-01,-9.523213727154922204e-02,-1.748156754099825794e-01,-2.349077259931185366e-02,-9.656374279458420501e-03,2.174359890969212172e-01,3.042003664149425801e-01,2.611063943875955307e-01,-3.026185262969748324e-01,-9.061173421511238557e-02,-5.135260735510970287e-01,-3.620358371687742993e-01,-3.580499575494883735e-01,-3.015863085928772724e-01,2.255149917333214293e-01,-3.189373966665177140e-01,-2.036105277268868141e-01,-1.763885785781312832e-01,-1.205773269583091251e-01,-1.308771616247374758e-01,1.027436435944412141e-01,-2.736940882076946968e-01,-1.947227311318646958e-01,3.860315474328611385e-02,-1.375798739890075617e-01,-6.754099825729478757e-02,-1.648241655123106608e-01,-2.430850350775280444e-01,7.370749363242325158e-02,4.282586353277626628e-02,1.134947942267304222e-01,1.842799052683319061e-01,2.522588140667590406e-01,3.873854953304436965e-01,1.542115376022163697e-01,2.504133339291300109e-01,1.980115286652665563e-01,4.416551231064837491e-01,-2.779570132713704567e-01,-4.371062156485991390e-02,-1.323562268197864093e-02,1.234326824254881744e-01,2.390008490102328020e-01,2.273202555967648308e-01,-7.242504133339290606e-02,-7.347513293712855387e-02,2.368291702042093095e-03,1.851021046516823920e-01,1.035792484025202173e-02,2.534653022923276100e-01,1.710621564859913235e-01,2.155905089592921875e-01,-5.220966084275437125e-02,1.541311050538451133e-01,-1.449305152151570686e-01,1.225345189686759956e-01,8.423075204432727003e-02,-1.137450288216631661e-01,-2.170382948299745263e-01,-8.065597211671655942e-02,-9.213548415925644497e-02,-1.816837213459046307e-01,-4.346038696992716305e-02,-1.339335984628446385e-01,-3.009026319317216758e-01,-3.036149962017963277e-01,-2.265203985879619408e-01,-4.008668841324455889e-01,-3.501720362840162748e-01,-2.334241923231601124e-01,-1.569909289959336984e-01,-2.358818535233924707e-01,-3.970463380848116564e-01,-4.565619554046204120e-01,2.462219044640064358e-01,-9.631797667456097611e-02,2.176370704678493306e-01,1.673890701103713241e-01,-6.216542294115018352e-02,4.722731131864694315e-02,-7.361365565932347088e-02,1.066178113409893199e-02,-1.421779346708968161e-01,-9.043299521873184033e-02,-1.786987801063497083e-01,-4.155011394611018982e-01,-4.891237320702443991e-01,-2.072523347781402292e-01,-2.364001966128960186e-01,7.549488359622860689e-02
-5.313597569149649535e-01,-3.398811385674069263e-01,1.401492470619777608e-01,-1.578086599043746485e-01,0.000000000000000000e+00,6.583270029938781409e-01,-8.488314938111622687e-02,-2.387461459403905362e-01,7.147102194021180965e-01,6.867599088431118881e-01,-3.942267304169086994e-01,-4.380043791054113456e-01,-9.978104472943383901e-03,-2.677822959024084848e-01,7.892265069931632127e-01,7.637919478082130231e-01,-1.935653961303007153e-01,-2.145136065060994635e-01,-1.572456320657759574e-02,-1.057419902587247024e-01,4.582644443451450167e-01,6.430314133786139141e-01,1.911747620537110615e-01,2.124447026229947799e-01,4.173957728227356001e-01,4.754591357969524812e-01,7.217704097591491896e-01,5.041288708163903509e-01,3.420438804236114461e-01,3.480763215514545150e-01,2.296036462755261520e-01,3.704678493230260661e-01,-2.053219536172304349e-01,-5.128468653648509540e-02,7.108003038562937803e-02,-9.741275302739175286e-04,3.781357522677510352e-01,4.404218240314580757e-01,-7.641092095267885097e-03,2.444926046740247549e-01,3.132490281067071836e-01,4.459448590196166129e-01,-3.798829259573707762e-01,-3.466330041556816566e-01,-3.364091335627150681e-01,-5.112471513472451878e-01,-3.379462889315876239e-01,-2.786183475579784852e-01,-5.082398677331426695e-01,-5.656642387952991458e-01,-6.327941373609187181e-01,-5.669779704186961311e-01,-4.395013182000983010e-01,-4.137226864471155729e-01,-3.300415568166584768e-01,-4.571517940926761447e-01,-3.153268689396309110e-01,-3.959158139327047521e-01,-5.866392600205549979e-01,-5.271951382992984270e-01,-5.902051029983466091e-01,-1.436569998659457392e-01,-5.739890075517225521e-01,-2.685508735868448182e-01,-5.498905223647169299e-02,-1.824254881808838602e-01,-3.600250234594933041e-02,-2.081236873854953318e-01,-2.666338978506635829e-02,-1.357924840252021925e-01,4.915813932704767852e-01,5.118235846105724240e-01,2.727601769516064256e-01,1.682827650922739948e-01,4.767415880959828545e-02,2.512087224630233928e-01,2.034049778810492065e-02,6.035569060279726700e-02,-1.536127619643415654e-01,-5.864426471245363925e-02,-2.484516734438536045e-01,-2.553644041288707922e-01,3.740962509495509014e-01,3.873631529558961284e-01,-1.571071093435810473e-01,-4.638723803565842907e-01,5.480450422270879418e-01,3.438804236114214041e-01,-6.700031279324367151e-02,-2.867777827427498982e-01,6.851512578756870087e-02,-2.443272711023727617e-01,1.771035345636534364e-01,-1.793243665936815889e-01,3.366236203583716780e-01,2.818267125430090614e-01,4.424549801152866668e-01,2.926493587738505098e-01,1.089548237186648144e-01,5.421153760221636420e-02,-1.051119352964833137e-01,2.000536216989141566e-02,2.082041199338665605e-01,1.327673265114616419e-01,3.926895750480360880e-02,1.243487197819384271e-01,4.397426158452120148e-01,5.857768443630189115e-01,3.822780285088699381e-01,2.716207158496805052e-01,2.831046963671298711e-01,8.793958621922337571e-03,-1.172527816256311792e-02,-4.007328298851601800e-01,-1.290718977612940743e-01,8.847133473345547561e-02
-3.830063899191206156e-01,-2.556325126234416101e-01,-1.379239465570400724e-01,-1.574690558112516042e-02,6.583270029938781409e-01,0.000000000000000000e+00,-2.095401939318110862e-01,3.349568792171232073e-02,5.515349211314178879e-01,4.953617230439251173e-01,-2.710666249609008371e-01,-2.568658116984673390e-01,-9.005317485142320943e-02,-9.071004066312168129e-03,5.980740873139996916e-01,7.382724875999820968e-01,-1.781044729433844120e-01,-2.107734930068367596e-01,1.675678091067518694e-02,-1.195897940033066736e-01,3.406005630278385876e-01,3.988962866973502219e-01,1.302113588632199809e-02,1.553644041288708144e-01,2.268957504803610636e-01,3.377228651861119979e-01,5.357612047008356582e-01,5.649671567094151081e-01,1.812413423298628312e-01,3.137450288216631633e-01,6.650878055319719984e-02,2.551856651324903025e-01,-1.975646811743151932e-01,5.867107556191072243e-03,-1.778006166495375157e-02,-7.564681174315206202e-02,1.380267214799588971e-01,2.144376424326377428e-01,-1.236873854953304402e-01,3.875508289020956898e-02,8.624603422851780110e-02,2.425443496134769283e-01,-4.200366414942580118e-01,-4.352652039858796451e-01,-2.363242325394342980e-01,-3.307297019527235538e-01,-3.350641226149514984e-01,-2.895035524375530467e-01,-3.724607891326690012e-01,-3.229456186603512080e-01,-4.545824210197059734e-01,-3.884534608338174322e-01,-4.105053845122659806e-01,-3.325349658161669275e-01,-3.897493185575762742e-01,-3.441217212565351180e-01,-2.115241967916350052e-01,-2.815764779480763313e-01,-3.138790830689485722e-01,-2.016309933419723754e-01,-3.349836900665802975e-01,1.269940569283703469e-01,-3.745520353903212807e-01,-2.438446758121453131e-02,-1.871397292104204704e-02,-7.704097591492023445e-02,-7.882389740381608514e-03,-4.339335984628446552e-02,2.669913758434246456e-02,-8.478931140801644617e-02,2.950846775995352722e-01,3.486527548147816957e-01,1.505831359756915067e-01,1.644577505697305542e-01,6.551231064837570450e-02,1.454756691541176927e-01,-1.172483131507216642e-01,-2.367844854551141853e-02,-5.146789400777514872e-02,8.598686268376602715e-02,-1.973725367532061237e-01,1.405782206532910257e-02,1.747665221859779350e-01,2.051566200455784417e-01,-2.177711247151347118e-01,-1.590732383037669340e-01,4.120380714062290561e-01,4.956923901872291038e-01,-3.188167478439608571e-01,-5.695071272174806465e-02,-9.594262478216185330e-02,-1.500916037356450350e-01,1.679744403235175765e-01,-1.103936726395281231e-01,1.700835604808078882e-01,5.044461325349658409e-02,7.952544796460968290e-02,2.829438312703873998e-02,-6.723714196344787730e-02,-9.442781178783681006e-02,-5.283524733008624491e-02,-5.110594754010456403e-02,2.596183922427275706e-02,3.187363152955895867e-02,-1.436793422404933074e-01,-2.049242593502837578e-02,2.718754189195227711e-01,3.686223691853970363e-01,1.308682246749184597e-01,-4.434067652710130258e-02,2.174270521471022011e-01,-1.110952232003217244e-01,1.994727199606774123e-02,-5.106751865588274875e-01,-2.920997363599803220e-01,-1.033468877072255265e-01
1.068591089861030408e-01,1.306894856785379144e-01,6.443808928012869641e-01,4.611734215112381907e-01,-8.488314938111622687e-02,-2.095401939318110862e-01,0.000000000000000000e+00,1.925018991018365433e-01,1.233120336029313174e-01,3.190044237901604185e-01,8.305107466821573525e-02,4.686536485097635846e-02,4.922963492559989107e-01,-2.154698601367353167e-02,-1.225702667679520914e-02,-1.022074266052996061e-01,-7.422136824701728967e-03,8.356048080790027047e-03,1.954421555922963571e-01,2.152240940167121086e-01,1.082622101076902432e-01,-1.484918897180392272e-01,5.132624335314357467e-01,5.500469189865498931e-01,2.385405960945529424e-01,2.240627373877295547e-01,1.225300504937664736e-01,6.246927923499709205e-03,7.098172393762008925e-02,-3.183788373028285240e-02,3.103311139907949379e-01,3.368247017292997914e-01,3.966263014433173972e-01,1.620894588676884684e-01,7.888198757763975610e-02,1.468340855266097623e-02,-1.082085884087760908e-01,-1.248581259216229450e-01,-4.428258635327762642e-03,-1.508199651458957125e-01,1.964475624469368686e-01,-1.135618213503731128e-01,-9.239465570400821892e-02,-2.890209571473256051e-02,-4.198132177487823302e-02,-2.187810000446847591e-01,-1.781580946422985784e-02,-1.790964743732963854e-02,-3.143214620849903995e-01,-7.409178247464140443e-02,-2.702310201528218547e-01,-1.742124312971982669e-01,-3.005049376647749848e-01,-2.944144063631082830e-01,-2.013986326466776777e-01,-3.213280307431073957e-02,-5.047142410295366033e-02,-1.261003619464676727e-02,-8.967335448411457854e-02,2.456320657759506615e-02,-8.065597211671655942e-02,-9.703293266008311546e-02,-2.327941373609187237e-01,-9.134009562536306304e-02,-7.215693283882211595e-02,-4.786183475579784685e-02,1.435363510433888823e-01,7.339023191384780320e-02,1.463112739621967029e-01,1.887036954287501789e-01,9.904821484427364653e-02,2.044327271102372723e-01,-5.116403771392823846e-02,-1.112784306716117777e-01,-4.450154162384378081e-02,-5.683900084901023254e-03,1.312971982662317350e-01,7.839045533759328444e-02,1.076455605701773927e-02,9.747978015103445082e-02,-1.945261182358461183e-01,-1.963760668483846561e-01,2.620000893694982014e-01,8.935609276553911628e-02,-1.626167389070110325e-01,-3.686089637606684843e-01,-9.556280441485320853e-02,-2.562491621609544468e-01,-3.487197819384244002e-02,-2.951025514991733045e-01,1.276017695160641674e-01,-1.474507350641226233e-01,2.964833102462129805e-02,-9.650565262076053752e-02,1.382546137003440659e-02,1.328164797354662863e-01,2.665713392019303796e-01,2.771214084632914743e-01,-5.887215693283882195e-02,2.168550873586844868e-02,4.903704365699986661e-02,7.786764377318021457e-02,3.081326243353143535e-01,4.073908575003351573e-01,5.773716430582242348e-02,-3.028732293668170983e-02,2.814602976004289547e-01,9.100942848205907654e-02,-7.557531614459984948e-02,1.509987041422762299e-01,-4.741051878993699648e-02,-8.691630546494481802e-02,-1.841771303454131092e-01,-1.044818803342419250e-01,-2.119129541087626800e-01,8.322087671477725046e-02
1.978238527190669949e-01,1.799901693551990700e-01,-1.704499754233879949e-01,6.537468162116270021e-01,-2.387461459403905362e-01,3.349568792171232073e-02,1.925018991018365433e-01,0.000000000000000000e+00,-1.578712185531078172e-02,4.897895348317619219e-02,1.014611912954108824e-01,6.514768309575941219e-01,1.531793198981187647e-02,7.084990392778944823e-01,-3.104204834889852105e-01,4.121274409044193426e-02,1.097234014031011201e-01,4.885830466061932831e-02,1.533267795701327152e-01,1.772063094865722332e-01,-1.776218776531569843e-01,-1.526833191831627745e-01,2.731131864694579664e-02,3.098217078511104061e-01,-2.825640109030787550e-01,-2.120648822556861213e-01,-2.948076321551454382e-01,-1.296572679744403267e-01,-7.852004110996917141e-02,1.398409222932213147e-01,-1.148398051744939502e-01,1.555163322757942834e-01,8.688949461548772790e-02,1.762053711068412298e-01,-3.501318200098306188e-01,-2.224004647213905783e-01,-4.409088877965950393e-01,-3.799499530810134251e-01,-4.202913445641002776e-01,-2.863622145761651749e-01,5.613745028821662958e-02,-2.923544394298225879e-01,-1.867911881674784447e-01,-1.837570937039188501e-01,-1.100585370213146286e-01,8.744805397917691445e-03,1.338978506635685184e-01,-2.869654586889494596e-01,1.211001385227221949e-01,2.133830823539925869e-01,1.687206756334063140e-01,1.206443540819518295e-01,1.909021850842307633e-01,3.468877072255239363e-02,8.313597569149648592e-02,-1.870950444613253549e-02,5.759864158362750820e-03,7.489163948344429445e-02,3.830734170427633201e-01,4.462889315876491514e-01,3.491889718039233315e-01,6.553778095535993664e-01,2.300326198668394551e-01,6.219580857053487177e-01,-2.027436435944412196e-01,8.087939586219222710e-02,-3.099870414227623994e-01,-1.072702086777782698e-01,-4.418427990526833243e-02,5.952008579471826377e-03,-1.872827204075249163e-01,-1.457482461235980187e-01,-1.089146074444792001e-01,2.069484784842933189e-01,-1.224585548952142611e-01,1.006345234371509023e-01,3.934492157826533637e-02,4.476518164350506979e-02,-6.953840654184727244e-02,6.137003440725680159e-02,-4.432280262746324945e-02,1.288306001161803604e-01,-7.718396711202465954e-02,-2.964028776978417379e-01,-2.600116180347647465e-01,1.460565708923544370e-01,-2.394521649760936455e-01,-1.761025961839224330e-01,-7.998570088028955638e-02,6.836766611555476769e-02,-3.840654184726752934e-02,-2.908530318602260967e-01,1.403101121587202243e-03,-2.383484516734438452e-01,-3.855891684168193390e-01,-1.488091514366146895e-01,-3.001966128960185665e-01,-4.401849948612538421e-01,-1.987354216006077257e-01,-4.317217033826354911e-01,2.725278162563117279e-01,-1.985611510791366885e-01,1.241789177353769084e-02,-8.510657312659189455e-02,-3.392912998793511797e-02,4.418874838017784745e-02,-1.524643639125966288e-01,-8.149157692479556958e-02,-5.408195182984047722e-02,-1.658831940658653248e-01,-2.928727825193261358e-01,-3.435318825684793853e-01,-3.008356048080790268e-01,3.022476428794852385e-02,3.182894678046382930e-02,1.453326779570132676e-01
-2.103355824657044681e-01,-4.293757540551410012e-02,2.388310469636713007e-01,1.658876625407748329e-01,7.147102194021180965e-01,5.515349211314178879e-01,1.233120336029313174e-01,-1.578712185531078172e-02,0.000000000000000000e+00,6.350641226149514873e-01,-2.676705840296706995e-01,-1.790473211492917549e-01,6.664730327539210297e-02,-1.687072702086777898e-01,5.205952008579471935e-01,5.573707493632423793e-01,-3.652531391036239333e-02,5.256267036060592590e-02,1.977166093212386622e-01,9.027213012198936903e-02,3.844899235890790745e-01,3.000044684749095247e-01,1.611778899861477377e-01,1.778006166495375018e-01,1.013450109477635336e-01,2.112248089726976308e-01,4.882881272621654167e-01,3.863934939005317371e-01,5.252692256132981963e-02,2.362482684659725565e-02,-4.110103221770410042e-02,1.889986147727780452e-01,-2.105098529871754845e-02,1.071093435810357986e-02,-1.871844139595156206e-02,4.685195942624782034e-02,2.834353635104338784e-02,1.028106707180839186e-01,-1.196746950265874243e-01,-8.834174896107958863e-03,5.103623933151615333e-01,1.974931855757629806e-01,-2.276598596898878335e-01,-2.245229903034094421e-01,-3.009517851557263340e-02,-2.400598775637874660e-01,-2.110281960766790255e-01,-1.841994727199606774e-01,-3.848786809062066938e-01,-4.210912015729031954e-01,-5.292685106573126186e-01,-4.868939630903972304e-01,-3.804772331203360447e-01,-4.146700031279324516e-01,-1.925018991018365433e-01,-2.847088788596451869e-01,-1.150185441708744816e-01,-1.500245766120023305e-01,-3.622771348138880132e-01,-2.735376915858617197e-01,-2.582599758702354698e-01,-5.870235488627731368e-02,-4.123642700746235068e-01,-3.623039456633451311e-02,-2.766879663970686631e-02,-1.482505920729255133e-01,7.174583314714687299e-02,1.814647660753384781e-02,1.702757049019169855e-01,9.730104115465391945e-02,2.522766879663970729e-01,2.266142365610617215e-01,2.686268376603065389e-01,8.231824478305554971e-02,1.253854059609455229e-01,3.600786451584074288e-01,7.813128379284149660e-02,4.231198891818222646e-02,-1.644085973457259098e-01,8.150498234952410770e-02,-2.307431073774520724e-01,9.544662406720585968e-02,3.818445864426471270e-01,3.167165646364895615e-01,-8.398051744939452612e-02,-3.797622771348138637e-01,4.036284016265248575e-01,1.407033379507574011e-01,1.472809330175610942e-01,-3.431073774520755904e-01,-1.622637293891594779e-01,-2.820724786630323111e-01,-9.267616962330756103e-02,-2.408016443987666955e-01,2.213235622681978751e-02,-1.004691898654989091e-01,2.121408463291478697e-01,-2.496090084454175712e-02,-1.735153492113141738e-01,-2.188301532686894035e-01,-1.615979266276419968e-01,-9.606774207962821832e-02,1.921042048348898523e-01,1.978953483176192074e-01,-6.872514410831583043e-02,9.298002591715447129e-02,3.140622905402385978e-01,3.536261673890701007e-01,1.296170517002546985e-01,7.852897805978818757e-02,1.751820903525626583e-01,-9.023638232271326276e-02,-2.428794852316904229e-01,-4.852495643236963141e-01,-2.242772241833862201e-01,1.542964386254971065e-01
-5.124134232986281567e-01,-3.532240046472139294e-01,2.237946288931587646e-01,1.416193753072076400e-01,6.867599088431118881e-01,4.953617230439251173e-01,3.190044237901604185e-01,4.897895348317619219e-02,6.350641226149514873e-01,0.000000000000000000e+00,-3.696769292640421645e-01,-1.615711157781848928e-01,2.669332856696009504e-01,-1.033200768577684503e-01,6.762277134813887702e-01,6.237007909200590339e-01,-1.454131105053845241e-01,-1.835649492828097806e-01,-7.669690334688770983e-02,-1.440010724339782777e-01,4.137450288216631411e-01,5.313463514902363460e-01,3.245051164037713876e-01,5.095938156307252553e-01,5.750033513561820797e-01,6.834487689351623763e-01,6.478931140801644784e-01,6.016041824925153492e-01,3.870950444613253660e-01,3.771794986371151404e-01,4.191742258367219254e-01,5.796997184860807062e-01,-1.298940971446445325e-01,2.903614996201796250e-02,1.204924259350283744e-01,1.349836900665802863e-01,1.513070289110326760e-01,2.382009920014299120e-01,-1.499307386389025498e-01,8.598686268376602715e-02,3.094150766343446990e-01,2.767058402967067510e-01,-4.511506322891997156e-01,-4.075830019214441990e-01,-3.195227668796639664e-01,-6.241163590866437572e-01,-2.717815809464229626e-01,-2.916528888690290144e-01,-6.070333795075740779e-01,-4.019080387863622206e-01,-5.892756602171679292e-01,-4.439295768354260541e-01,-4.727110237276017646e-01,-4.569149649224719667e-01,-4.087448053979176876e-01,-5.139907949416864241e-01,-5.141516600384289370e-01,-5.274677152687787807e-01,-5.439966039590687918e-01,-3.751284686536485169e-01,-5.616113320523705710e-01,1.004513159658608490e-01,-6.648777872112248133e-01,-9.322132356226819905e-02,-1.195763885785781390e-02,-2.087224630233701361e-02,-2.074712900487063819e-02,-1.271593905000223401e-01,-1.053174851423209213e-01,-1.851244470262299602e-01,5.658027615174940905e-01,5.919388712632378535e-01,1.883640913356271485e-01,2.589347155815719947e-01,1.238125027927968191e-01,1.690290004021627324e-01,2.513695875597658502e-01,2.477903391572456315e-01,-1.982572947852897782e-01,1.117297466374726350e-01,-3.737164305822422983e-01,-2.785155726350596606e-01,3.633942535412663655e-01,3.095848786809062281e-01,-2.745296930157737347e-01,-5.488225568613431804e-01,3.536619151883462209e-01,1.251843245900174373e-01,-4.708432012154251806e-02,-3.982304839358327131e-01,1.262031368693864730e-01,-3.635998033871039592e-01,2.118057107109343473e-01,-2.903570311452701169e-01,1.821439742615845181e-01,1.746324679386925260e-01,3.917333214174002487e-01,2.123910809240805997e-01,6.478394923812502704e-02,2.363376379641628222e-02,-8.798427096831850855e-03,-2.782966173644935148e-02,3.812860270789579786e-01,3.768220206443541054e-01,6.148174627999463543e-02,1.028553554671790549e-01,5.719379775682559286e-01,5.664864381786496317e-01,2.068278296617364620e-01,4.755350998704142157e-02,3.101210956700478083e-01,-1.405826891282005442e-01,-2.166852853121229716e-01,-3.775414451047857112e-01,-1.597926627641985675e-01,1.960230573305331014e-01
5.445015416238437878e-01,3.999061620269002137e-01,1.705214710219402074e-01,1.197238482505920687e-01,-3.942267304169086994e-01,-2.710666249609008371e-01,8.305107466821573525e-02,1.014611912954108824e-01,-2.676705840296706995e-01,-3.696769292640421645e-01,0.000000000000000000e+00,1.989230975468072871e-01,4.269672460789132873e-01,2.149425800974127665e-01,-3.918629071897761218e-01,-3.901693551990705333e-01,2.871844139595156054e-01,2.157379686313061484e-01,2.070601903570311320e-01,2.994369721614013047e-01,-2.760400375351892421e-01,-3.779882925957370743e-01,1.045444389829751075e-01,4.576165154832655818e-02,-2.909424013584163693e-01,-4.107198713079225905e-01,-4.263640019661289471e-01,-4.105321953617230291e-01,-2.973591313284775772e-01,-4.136645962732919402e-01,-2.481433486750971862e-01,-3.003351356182135112e-01,1.775369766298762197e-01,2.561329818133071048e-02,-1.717771124715134767e-01,-7.692479556727288559e-02,-4.109120157290316877e-01,-4.664775012288305822e-01,-1.814602976004289769e-01,-3.289244380892801245e-01,-1.609991509897671855e-02,-3.619330622458554747e-01,1.330622458554895082e-01,1.624603422851780554e-01,2.145761651548326598e-01,2.978730059430716448e-01,1.612002323606953058e-01,-4.640064346038696996e-02,2.520979489700165277e-01,2.622235131149738829e-01,2.193440278832834434e-01,3.020242191340095639e-01,5.533759327941373263e-02,1.810313240091157017e-01,8.994593145359489061e-02,2.679967826980651502e-01,3.779123285222753537e-01,4.566468564279011488e-01,2.884758032083649670e-01,3.065016309933419891e-01,4.138254613700343976e-01,3.218195629831538396e-02,5.314848742124312908e-01,1.617945395236605743e-01,1.095223200321730206e-01,1.849993297287635674e-01,7.478439608561597562e-02,1.038026721479958919e-01,2.148398051744939419e-01,3.057241163590866395e-01,-3.722373653871933752e-01,-4.308056660261852522e-01,-8.797980249340900394e-02,-1.137941820456678105e-01,8.210822646230842015e-02,-9.309173778989231207e-02,-1.686893963090397297e-01,-1.911434827293444771e-01,7.687117386835873312e-02,1.127932436659368209e-01,2.618436927476652243e-01,2.967290763662361885e-01,-8.513338397604897079e-02,-1.067920818624603363e-01,3.413289244380892651e-01,2.808615219625542059e-01,-2.794807632155145716e-01,-1.060235041780240445e-01,1.228964654363465803e-01,1.093167701863353991e-01,-2.925331784262031332e-01,2.058983868805576711e-01,-2.453237410071942570e-01,2.778229590240851032e-01,-4.723177979355646094e-01,-2.255507395325975217e-01,-3.365074400107243568e-01,-2.347468608963760583e-01,-2.819697037401134865e-01,-1.458376156217882913e-01,1.755038205460476286e-01,1.623352249877116904e-01,-1.331024621296751365e-01,-1.074668215737968613e-02,-7.690245319272532090e-03,-7.632601992939809510e-02,-2.814379552258813866e-01,-3.140533535904195817e-01,-5.897716609321238534e-01,-7.143303990348094656e-02,-3.408016443987667010e-01,-5.814826399749765257e-02,-9.609902140399481651e-02,2.255283971580499536e-01,-4.579293087269314944e-02,-1.372938915947986838e-01
5.308503507752804218e-01,4.901067965503373425e-01,-1.479690781536261712e-01,4.598820322623888290e-01,-4.380043791054113456e-01,-2.568658116984673390e-01,4.686536485097635846e-02,6.514768309575941219e-01,-1.790473211492917549e-01,-1.615711157781848928e-01,1.989230975468072871e-01,0.000000000000000000e+00,-2.766879663970686631e-02,7.702533625273694229e-01,-4.078287680414674488e-01,-1.454086420304749883e-01,2.166942222619419878e-01,2.383350462487153210e-01,2.461772197149112995e-01,2.980874927387282547e-01,-3.003530095178515436e-01,-2.360739979445015402e-01,-2.544349613476920569e-01,5.795611957638857614e-02,-5.062379909736807182e-01,-4.065329103177085512e-01,-4.686938647839492544e-01,-1.354930962062647903e-01,-3.194155234818356615e-01,-7.600428973591313864e-02,-3.262925063675767290e-01,-1.670405290674292775e-01,-7.159390500022341786e-02,-1.316323338844452295e-01,-4.937217927521336813e-01,-2.092139952634166078e-01,-5.606863577461012049e-01,-5.587246972608248541e-01,-3.298449439206398992e-01,-2.641583627507931298e-01,-3.704812547477545626e-02,-2.828008400732829886e-01,5.930113052415210417e-02,1.207113812055945340e-01,5.317485142320926362e-04,9.716251843245900244e-02,2.595647705438133834e-01,-5.657089235443942682e-02,1.258545958264444264e-01,4.895035524375530578e-01,3.359176013226685686e-01,4.151123821439742789e-01,2.889718039233209468e-01,3.717771124715134844e-03,5.554939899012466542e-01,4.334644085973457517e-01,1.179632691362438035e-01,2.595334912194467991e-01,6.816390365968094667e-01,8.033468877072255099e-01,3.969748424862594161e-01,3.700075964073461510e-01,3.948835962286071921e-01,5.854283033200768926e-01,-4.134322355779972424e-01,-5.585593636891728747e-02,-2.424460431654676396e-01,1.847714375083783778e-02,1.585548952142633583e-01,1.630144331739577235e-01,-4.362750793154296369e-01,-3.977925733947003661e-01,-2.844452388399839049e-01,5.203092184637383294e-02,-1.436569998659457392e-01,1.083515796058805158e-01,6.225479243934045614e-02,1.091022833906787615e-01,-1.208543724026989591e-01,5.842530944188748659e-02,-4.674024755350998650e-02,1.531971937977568143e-01,-8.841324455963180118e-02,-1.791903123463961800e-01,-2.603735645024353174e-01,2.423477367174583230e-01,-2.761428124581080668e-01,-1.648241655123106608e-01,3.570758300192144324e-02,1.775905983287903722e-01,-1.935028374815675467e-01,-2.805085124447025957e-01,-2.647482014388489180e-01,-3.282452299030341192e-01,-3.539210867330979671e-01,-3.487599982126100562e-01,-3.952142633719111786e-01,-3.794450154162384292e-01,-1.175655748692971125e-01,-3.333973814737030139e-01,5.019795343849143832e-01,-1.344787524018052627e-01,2.612404486348809396e-01,1.300460252915680015e-01,1.526431029089771706e-02,-4.340676527101300364e-02,-7.475758523615889939e-02,-2.234237454756691707e-02,-2.483891147951204359e-01,-3.505607936011439496e-01,-1.923901872290987025e-01,-3.431788730506278307e-01,-3.708878859645203252e-01,9.717592385718754056e-02,-7.868537468162116466e-02,6.591894186514142551e-02
-1.243576567317574572e-02,-6.051208722463023715e-02,4.029670673399168845e-01,6.023951025514991814e-02,-9.978104472943383901e-03,-9.005317485142320943e-02,4.922963492559989107e-01,1.531793198981187647e-02,6.664730327539210297e-02,2.669332856696009504e-01,4.269672460789132873e-01,-2.766879663970686631e-02,0.000000000000000000e+00,-9.044193216855086689e-03,1.027704544438983042e-01,-7.207650029045087336e-02,-1.291210509852987187e-01,-1.794762947406050302e-01,-8.832387506144152856e-02,-7.743867018186693235e-03,1.341614906832298004e-01,1.688636668305107391e-02,4.322534518968675910e-01,4.769337325170919240e-01,3.762947406050314858e-01,2.864158362750793274e-01,1.893382188659010756e-01,2.102908977166093318e-01,9.771660932123865662e-02,-1.095312569819920506e-01,2.044506010098753324e-01,3.151481299432503658e-01,6.841235086464989880e-03,-7.367621430805665339e-02,7.953885338933822102e-02,6.493587738504848217e-02,-1.326422092139952769e-01,-1.226953840654184669e-01,-9.582197595960498249e-02,-4.577058849814558128e-02,2.746324679386925177e-02,-1.348049510701997411e-01,-5.283971580499575299e-02,8.792618079449483759e-02,8.722016175879172828e-02,-3.888913713749497097e-02,-7.690692166763483939e-02,-1.119352964833102426e-01,-5.091827159390500263e-02,8.594664640958041280e-02,-7.650029045086911839e-02,1.521068859198355591e-02,-3.094195451092542348e-01,-1.214129317663881352e-01,-2.981589883372804950e-01,-1.009875329550024570e-01,-1.941731087179945359e-01,-1.535323294159703367e-01,-1.191384780374458163e-01,-9.080387863622145506e-02,6.881451360650610305e-03,4.736583404084186016e-02,-1.561642611376737044e-01,-2.345055632512623583e-02,2.113856740694400882e-01,3.067920818624603196e-01,7.574958666607087276e-02,2.978685374681621159e-02,-9.981679252870995223e-02,-7.507037847982483969e-02,1.743464855444836759e-01,1.464363912596630679e-01,-2.071004066312167602e-01,-1.647571383886679564e-01,2.034496626301443220e-02,-1.343581035792484057e-01,-1.114705750927208611e-01,-6.837660306537378385e-02,-2.021180571071093390e-01,1.889137137494973084e-01,-1.419947271996067628e-01,-1.327449841369140737e-01,3.928236292953215386e-02,-4.819697037401134837e-02,8.621028642924169483e-02,-1.604539970508065683e-01,-8.709504446132534938e-02,-8.610751150632289797e-02,3.138209928951248701e-02,-2.323428213950578802e-01,4.699048214844273735e-02,-2.206979757808659806e-02,8.238080343178873222e-02,1.984226283569417715e-01,-1.340453103355824793e-01,7.255462710576880692e-02,1.252468832387506059e-01,1.899459314535948962e-01,-1.425890343625720556e-02,5.659323472898699497e-02,1.611778899861477168e-02,1.854238348451673346e-01,4.053800437910540927e-02,2.574511819116135913e-01,-7.003440725680325218e-02,-1.103266455158854326e-01,2.951338308235399444e-01,1.142544349613476978e-01,-1.979847178158094523e-01,9.478082130568836472e-02,4.656150855712945340e-03,5.920729255105232521e-03,-1.484874212431297122e-02,-4.118146476607533607e-02,-1.160060771258769330e-01,8.999955315250904309e-02
