0.000000000000000000e+00,7.326332722641761830e-01,4.218731846820680254e-01,3.399883819652352868e-01,2.761517494079270690e-02,-6.121810626033334863e-04,1.990437463693641440e-01,1.345591849501764914e-01,4.051119352964833303e-02,1.510165780419142900e-01,5.112337459225166914e-01,5.840341391483087063e-01,1.728048617007015564e-01,-2.317663881317306440e-01,2.799186737566468630e-01,-4.780821305688368744e-02,3.792841503194959579e-02,2.743911702935787900e-01,2.169087090575986532e-01,5.848339961571116241e-01,8.013316055230350343e-02,1.646498949908396237e-01,-1.907189776129407099e-01,-9.093346440859734203e-02,5.477456544081504841e-02,8.177309084409491169e-02,2.467715268778765680e-01,1.667187988739443349e-01,3.191742258367219476e-01,-2.139505786675007654e-02,1.502211895080209081e-01,-6.636132088118325278e-02,-2.960811475043567675e-02,7.775146342553286875e-04,-3.038786362214576098e-01,-2.337414540417355469e-01,2.672460789132669046e-01,1.593994369721614124e-01,-2.716385897493185653e-02,1.997363599803387013e-01,2.684168193395594093e-01,2.551633227579427343e-01,-2.327941373609187237e-01,-3.516108852048795974e-01,9.894097144644532771e-02,3.174449260467402389e-01,1.364136020376245650e-01,-1.358148263997497607e-01,3.086688413244559892e-01,1.815228562491621733e-01,7.968184458644264612e-02,1.047812681531793133e-01,-1.415166003842888431e-01,-1.746548103132400942e-01,2.747665221859779336e-02,-1.231869163054649385e-01,6.242950980830243024e-01,6.930604584655256639e-01,3.265159301130524105e-01,5.690200634523436829e-01,1.471334733455471611e-01,8.552660976808615367e-02,2.238214397426158409e-01,1.549220251128289871e-01,-1.607891326690200628e-01,-3.075561910719871173e-01,3.200545153938960663e-01,4.570132713704812555e-01,6.229411501854417166e-01,4.663657893560927414e-01,1.632959470932570656e-01,1.493230260512087293e-01,4.350507171902229797e-01,3.187095044461325521e-01,-1.784038607623218142e-01,1.211492917467268393e-01,-4.620537110684123649e-01,-5.530273917511953075e-01,-4.181598820322623977e-02,-1.317619196568211304e-01,-1.325841190401715886e-01,2.704678493230260328e-01,2.351579605880513013e-01,3.390008490102328076e-01,1.420572858483399592e-01,2.033156083828589200e-01,2.384825059207292541e-01,2.352652039858796340e-02,-1.248715313463514970e-01,1.700388757317127797e-01,-5.314938111622503625e-01,-4.798158988337280495e-01,-5.487197819384244113e-01,-3.514366146834085325e-01,2.004557844407703696e-02,-3.403190491085392871e-02,-1.295857723758881141e-01,-1.416551231064837602e-01,1.630993341972384724e-03,-1.736985566826042271e-01,1.610393672639528206e-01,-2.341123374592251616e-01,1.694937217927521278e-01,1.502211895080209081e-01,-7.883283435363509783e-02,-1.299209079941016087e-01,-8.465525716073103724e-02,9.604093123017114209e-02,-2.594396532463470045e-02,-1.162697171455382289e-01,-3.252826310380267372e-01,-1.790383841994727110e-01,-4.466866258545958424e-01,-1.270253362527369312e-01,-2.986281782027793708e-01,1.384110103221770360e-01
7.326332722641761830e-01,0.000000000000000000e+00,4.924482774029224075e-01,2.938469100496000630e-01,-1.718843558693417817e-01,1.511819116135662833e-01,2.616872961258322472e-01,1.187095044461325410e-01,1.429911971044282512e-02,1.320702444255775487e-01,3.342597971312391003e-01,3.784127977121408692e-01,1.191071987130792320e-01,-1.128334599401224353e-01,2.729746637472630355e-01,-1.091648420394119440e-02,1.861924125296036403e-01,4.794897001653335988e-01,1.922740068814513537e-01,7.174225836721926930e-01,4.399213548415925601e-02,1.101836543187809936e-01,-1.847356897091022854e-01,-9.150989767192457824e-02,2.257473524286161132e-02,1.259216229500871413e-02,-2.949193440278832616e-04,5.895705795611957956e-02,2.415746905581125092e-01,2.458554895214263292e-01,4.673577907860047564e-01,1.631082711470575042e-01,1.645069037937351986e-01,1.690200634523437162e-01,1.302113588632199809e-02,-2.267751016578041859e-02,3.684302247642879391e-01,1.670449975423388134e-01,1.463604271862013473e-01,2.542785647258590798e-01,3.382009920014298898e-01,4.042897359131328305e-01,-1.526520398587961902e-01,-3.647437329639394155e-01,7.021761472809330551e-02,2.838375262522900844e-01,2.814513606506099386e-01,1.519236784485455127e-01,2.536663836632557234e-01,-5.156173198087492943e-02,4.303141337861388083e-03,-7.330979936547656062e-02,3.711515259841816072e-02,-1.551409803833951606e-01,2.130032619866839561e-01,-3.404977881049198185e-02,8.361499620179633219e-01,7.253898744358550088e-01,3.086643728495464534e-01,5.179319898118771581e-01,-3.131507216586978948e-02,-1.598999061620269002e-01,2.818803342419232139e-01,2.242682872335671762e-01,-9.292193574333079686e-02,-2.601054560078644995e-01,4.906653559140265464e-01,5.539568345323740983e-01,5.764064524777693377e-01,5.367889539300236823e-01,-4.058715760311006060e-02,-1.866660708700120519e-01,3.210331113990794738e-01,3.347915456454712002e-01,-1.069440100093837914e-01,1.199964252200723946e-01,-4.174583314714687687e-01,-5.058983868805576600e-01,-6.416729970061218341e-03,-2.913981857991867486e-01,1.610617096385003888e-01,2.492113141784708941e-01,2.596809508914607600e-01,2.795343849144287240e-01,2.312391080924080522e-01,2.024219134009562406e-03,2.913535010500916123e-01,7.524464900129586298e-02,2.278073193619017944e-01,3.223110952232003529e-02,-2.891237320702444435e-01,-3.657357343938513750e-01,-4.595960498681799788e-01,-4.358952589481210338e-01,-5.762098395817507462e-02,-1.001653335716519988e-01,-1.450422270878949094e-01,-5.820188569641181198e-02,1.586219223379060628e-01,1.762813351803029643e-02,3.243799991063049948e-01,-4.625809911077349290e-01,4.422226194199919691e-01,1.569015594977434258e-01,2.746726842128781598e-01,-3.128826131641270630e-02,-4.267840386076231923e-02,-5.538674650341838396e-02,-1.874972072031815679e-02,-9.514723624826847137e-02,-1.274632467938692504e-01,-6.553465302292327266e-02,-2.429867286295187556e-01,1.102015282184190537e-01,-2.510746682157379839e-01,2.710353456365342528e-01
4.218731846820680254e-01,4.924482774029224075e-01,0.000000000000000000e+00,7.053711068412350516e-01,1.562089458867688407e-01,3.351534921131417710e-01,5.794003306671432485e-01,3.610795835381384600e-01,2.662496090084454092e-01,3.390365968095089277e-01,8.120559453058670552e-02,2.003574779927610738e-01,3.358505741990258642e-01,-5.485946646409580602e-02,4.752669913758434395e-01,3.032843290584923412e-01,-6.139684525671388476e-02,-1.923678448545511344e-02,2.737030251575137130e-01,4.682872335671835473e-01,2.010679655033736912e-01,2.767103087716162313e-01,8.473122123419277174e-02,4.424192323160105467e-01,2.258903436257205521e-01,2.097904285267438163e-01,1.152866526654452856e-01,2.640198400285982405e-01,2.023102015282184085e-01,9.432056839000849124e-02,5.345591849501765136e-01,4.164707985164663451e-01,1.703427320255596900e-01,1.581795433218642355e-01,2.177845301398632638e-01,-3.979623754412618675e-02,1.397202734706644578e-01,-8.833728048617006667e-02,-2.457661200232360513e-03,1.991063050180973126e-01,1.966039590687698180e-01,2.585012735153491836e-01,-2.690021895527056617e-01,-1.927878814960453935e-01,1.971044282586353197e-02,1.367800169802046439e-01,-7.830555431431251989e-02,-2.351937083873273937e-01,-1.119799812324053824e-02,-1.721524643639125995e-01,-2.530095178515572862e-01,-2.476473479601412064e-01,-3.378792618079449750e-01,-5.927119174225836673e-01,2.238929353411680534e-01,-2.476250055855936383e-01,3.337012377675499519e-01,2.852316904240582707e-01,9.135350105009160115e-02,3.093793288350685788e-01,7.462353098887349392e-03,-6.713436704052906656e-02,2.025559676482416652e-02,-1.219536172304392513e-01,3.723043925108360241e-01,5.632959470932570600e-02,2.802627463246794015e-01,3.271862013494793997e-01,1.878234058715760324e-01,1.183252156039143882e-01,-2.893784351400867025e-02,2.034228517806872527e-01,3.154564547120067841e-01,2.127887751910272907e-01,4.960900844541758087e-02,1.674158809598284003e-01,-8.056213414361677871e-02,-1.431654676258992676e-01,-1.217659412842396829e-02,-2.051521515706689336e-01,-9.435631618928459752e-02,9.732338352920148067e-03,2.819965145895705905e-01,3.984628446311274108e-01,1.997765762545243295e-01,3.086822467491845065e-02,3.123061799007998407e-01,2.128021806157558427e-01,-4.199025872469726306e-02,-1.240850797622771312e-01,-2.363242325394342980e-01,-3.587515081102819470e-01,-4.237588810938826556e-01,-1.651056794316100029e-01,-7.565128021806157531e-03,4.711559944590910931e-02,-1.244157469055811316e-01,1.144197685329996911e-01,1.500737298360069749e-01,6.750525045801868129e-02,2.748871710085347697e-01,-2.461816881898208076e-01,2.978908798427096771e-01,1.277179498637115163e-01,3.347334554716475258e-02,-1.859779257339470165e-02,2.057732695830912992e-02,5.709370391885249668e-02,1.112337459225166414e-01,4.198132177487823302e-02,-1.497698735421600647e-01,-6.492694043522945907e-03,-1.786943116314402002e-01,1.666741141248491778e-02,-2.396711202466598190e-01,-1.465436346574914006e-01
3.399883819652352868e-01,2.938469100496000630e-01,7.053711068412350516e-01,0.000000000000000000e+00,6.337637964162831650e-02,3.569060279726529172e-01,4.162071584968050630e-01,6.007283614102506553e-01,2.270387416774654887e-01,4.186960990214039779e-01,-6.986013673533222890e-02,2.629965592743196967e-01,2.441306582063541841e-01,1.948076321551454604e-01,1.889986147727780452e-01,3.324545332677957266e-01,-1.670360605925197695e-01,-1.584789311408016377e-01,2.842218150945082233e-01,3.666562402252111497e-01,6.436391259663076791e-02,8.555788909245275187e-02,2.459716698690736780e-01,6.105813485857276568e-01,2.505116403771392997e-01,2.835023906340765620e-01,-8.825237946288932295e-03,2.837839045533759319e-01,1.103713302649805689e-01,5.935028374815675550e-02,4.106349702846418537e-01,3.986371151525984202e-01,3.556012332990750313e-02,1.224853657446713373e-01,1.233969346262120681e-01,-1.327137048125474721e-02,2.071495598552214046e-01,3.087716162473747722e-02,-7.856025738415478576e-02,1.084230752044327284e-01,6.144599848071852916e-02,8.078555788909244639e-02,-2.812770901291389292e-01,-2.075204432727110193e-01,4.783949238125027870e-02,8.332812011260556928e-02,-1.955851467894007822e-01,-2.948835962286071588e-01,-1.252960364627552642e-02,-1.559050895929219305e-01,-1.928280977702310217e-01,-1.938960632736047296e-01,-2.623486304124402202e-01,-4.911122034049778540e-01,2.527816256311720897e-02,-1.753831717234907717e-01,1.931498279637159921e-01,2.495330443719558644e-01,6.468117431520621630e-02,2.959783725814379429e-01,-3.495241074221368260e-02,1.282765092274006924e-01,-1.331694892533178409e-01,-1.761964341570222137e-01,3.017024889405245935e-01,3.721211850395459986e-01,1.251798561151079014e-01,2.066580276151749329e-01,9.751105947540104901e-02,7.814915769247955668e-02,1.174493945216497637e-01,2.817060637204522044e-01,2.839403011752089090e-01,1.798650520577327050e-01,-8.371687742973323021e-02,4.316099915098976780e-02,-3.887573171276643437e-04,-1.236963224451494703e-01,3.498815854148979148e-03,3.266902006345234061e-02,-1.733723580142097487e-01,1.037401134992626955e-01,7.866750078198310459e-02,2.689575048036105254e-01,2.108673309799365472e-02,2.670539344921578073e-01,9.901246704499754026e-02,1.259216229500871413e-02,-2.168953036328701012e-01,-1.388444523883998472e-01,-9.528129049555386643e-02,-2.490236382322713327e-01,-1.650654631574243747e-01,-1.381160909781491697e-01,-4.893873720899057089e-02,-2.327181732874569753e-02,-2.291702042093033687e-01,1.459895437687117326e-01,6.817999016935519241e-02,6.562402252111354528e-02,3.069574154341123129e-01,-2.215246436391259677e-01,2.694758478931140733e-01,1.935788015550292673e-01,2.080521917869431262e-02,2.329415970329326568e-02,5.555208007507037721e-02,6.925242414763840837e-02,1.633451003172617100e-01,-8.259529022744536986e-02,-1.823137763081460194e-01,-3.955493989901246593e-02,-1.592206979757808671e-01,-2.093927342597971461e-02,-2.481969703740113387e-01,-3.903212833459940301e-02
2.761517494079270690e-02,-1.718843558693417817e-01,1.562089458867688407e-01,6.337637964162831650e-02,0.000000000000000000e+00,2.281245810804772289e-01,1.731980874927387393e-01,-2.234237454756691561e-05,2.757898029402565121e-01,1.125653514455516313e-01,1.903123463961749751e-01,2.240582689128200466e-01,-3.946557040082220025e-02,-1.928370347200500379e-01,3.148442736494034833e-01,-6.988247910987979705e-02,2.790562580991107905e-02,-1.104741051878993657e-01,2.468251485767907483e-01,7.055275034630680009e-02,-1.410786898431565239e-01,-3.790607265740202764e-02,1.682336118682693504e-01,1.909468698333258996e-01,5.382501452254345731e-01,5.698869475847893051e-01,1.846820680101881329e-01,4.462844631127396156e-01,1.374547566915411689e-01,-1.767371196210733297e-01,-1.126725948433799501e-01,-5.412663657893560659e-02,1.368202332543902722e-01,1.263729389159479743e-01,4.341570222083202674e-02,1.394164171768175545e-02,-3.710710934358103508e-01,-3.477858706823361290e-01,-1.081683721345904625e-01,-2.346038696992716333e-01,-3.507752803968005595e-01,-3.622771348138880132e-01,-3.353545734840698844e-01,-9.302024219134009952e-02,-2.152017516421645404e-01,-2.409535725456901645e-01,-3.677286742034943656e-01,-1.099066088743911734e-01,-4.084945708029849576e-01,-2.026676795209794990e-01,-4.626435497564680976e-01,-3.602037624558738216e-01,-4.404396979310961080e-01,-3.456365342508601474e-02,-9.589794003306671699e-02,-1.731846820680101873e-01,-2.116627195138299222e-01,-1.830644800929442650e-01,-3.299611242682872203e-01,-1.688323875061441548e-01,5.148576790741320186e-02,2.372760176951606379e-03,-9.433397381473702936e-02,8.772956789847624615e-02,3.648509763617677204e-02,4.047991420528173484e-02,-5.768801108181777389e-03,-3.058671075561910854e-02,-1.267438223334375891e-01,-2.814379552258813866e-01,1.418472675275928296e-01,1.699405692837034632e-01,2.055766566870727008e-01,5.565932347289870297e-02,1.134992627016399337e-02,8.456141918763125653e-02,3.046025291567988069e-01,1.889673354484114609e-01,2.576031100585370326e-01,3.346887707225523756e-01,2.248536574467134216e-02,-6.018588855623575873e-02,1.914473390231913874e-01,-9.260467402475534848e-02,2.650252468832387659e-02,-8.808257741632780080e-02,2.123061799007998629e-01,1.343223557799722891e-02,-6.205371106841234968e-02,1.715894365253138945e-02,-1.653425086018142087e-01,4.183833057777380793e-02,-1.639572813798650386e-01,3.011305241521069001e-02,1.515974797801510343e-01,8.090173823673979525e-02,1.437419008892265038e-01,6.841235086464989013e-02,-1.088967335448411400e-01,-1.596005183430894980e-01,8.858751508110282447e-02,1.491576924795567360e-01,-8.341302113588631995e-02,9.797578086599043057e-02,-2.891818222440680763e-01,-2.982170785111041833e-01,-2.338352920148353484e-02,2.807274677152687969e-01,1.431297198266231752e-01,2.144957326064614034e-01,4.182939362795477789e-02,-9.012467044997542198e-02,-5.765673175745118090e-02,-1.110326645515885419e-01,-1.272219491487555365e-01,-4.763841101032217917e-01
-6.121810626033334863e-04,1.511819116135662833e-01,3.351534921131417710e-01,3.569060279726529172e-01,2.281245810804772289e-01,0.000000000000000000e+00,4.982215469860136747e-01,5.335805889449930506e-01,4.909647437329639486e-01,6.421466553465302596e-01,1.762366504312078141e-02,1.419545109254211623e-01,1.137048125474775517e-01,2.661378971357075685e-01,3.285401492470619855e-01,2.967782295902408607e-01,2.150721658697886396e-01,8.896733544841146576e-03,2.347513293712855664e-01,2.864962688234505839e-01,-1.143706153089950467e-01,-1.820411993386657212e-01,8.562938469100496441e-02,3.318736315295589545e-01,8.642477322489834635e-02,3.071227490057643061e-01,-1.882389740381607834e-01,9.826623173510880271e-02,3.717324277224183238e-01,2.077081192189105807e-01,6.293042584565887720e-01,5.301934849635819846e-01,3.017829214888958500e-01,2.559855221412931647e-01,1.688860092050583073e-01,4.577058849814558128e-02,-8.436480629161267897e-02,-1.487287188882434330e-01,-4.604763394253541531e-02,-9.315429643862549458e-02,1.043522945618660380e-01,4.422896465436346874e-02,-1.155815720094731658e-01,2.080075070378479760e-02,-5.161088520487957729e-03,-8.378390455337593468e-03,5.540908887796594691e-03,1.480361052772688757e-01,-1.672684212878144672e-01,-2.467625899280575519e-01,-2.766969033468877348e-01,-3.964207515974798035e-01,-8.359622860717637327e-02,-1.442513070289110355e-01,1.083917958800661302e-01,-2.427811787836811341e-01,1.632065775950667930e-01,-3.279413736091871950e-02,-2.555565485499798895e-01,-8.927566021716787370e-02,8.731399973189149857e-03,5.417132132803074290e-02,-5.082890209571473000e-02,-4.233879976763930270e-02,1.103802672147995850e-01,2.986728629518745418e-02,4.844720496894409922e-02,6.773314267840385705e-02,-7.664775012288306544e-02,2.153358058894499355e-02,4.589123732070244342e-03,2.202511282899146522e-02,1.312882613164127188e-01,3.086107511506323009e-01,-1.349881585414897944e-01,-6.367576746056570480e-02,3.577461012556414771e-02,2.496983779436078368e-02,2.035926538272487540e-01,-7.859600518343089204e-02,1.227534742392421413e-01,4.298226015460922950e-02,-2.187318468206801009e-02,-7.671477724652575603e-02,-4.768756423432682356e-02,-1.661870503597122350e-01,2.325394342910764439e-02,-7.420349434737924521e-02,1.062648018231377584e-01,-7.360471870950444084e-02,8.902989409714463787e-02,5.098529871754770015e-03,1.481299432503686495e-02,-7.614281245810804524e-03,-1.554716475266991471e-01,-1.889405245989543847e-01,-2.369274766522186104e-01,-1.472988069171991543e-01,8.440055409088878524e-02,1.599714017605791084e-03,1.944590911122034138e-01,-1.530676080253809412e-01,2.666830510746682203e-01,2.292327628580365442e-02,1.962777604003753396e-01,1.841011662719513678e-02,2.226194199919567449e-02,3.173510880736404860e-02,-7.555297377005228132e-02,-1.268734081058134899e-01,-7.492738728272040072e-02,-1.446043165467625902e-01,6.850172036284016275e-02,-7.959247508825237349e-02,-1.326645515885428173e-01,-1.397113365208454416e-01
1.990437463693641440e-01,2.616872961258322472e-01,5.794003306671432485e-01,4.162071584968050630e-01,1.731980874927387393e-01,4.982215469860136747e-01,0.000000000000000000e+00,5.687340810581348327e-01,4.046918986549890573e-01,3.749005764332632995e-01,2.741364672237365241e-01,2.553107824299566397e-01,2.455114169533938184e-01,-5.196836319764064870e-03,3.456946244246838496e-01,2.396934626212073871e-01,1.167478439608561624e-01,1.184056481522856308e-01,4.010366861790071180e-01,3.051968363197640755e-01,1.605701773984539171e-01,4.968944099378881651e-02,2.723088609857455752e-02,2.721122480897269491e-01,-2.845971669869073670e-02,4.298672862951874798e-03,4.827293444747307594e-02,4.877787211224809266e-02,3.406944010009383961e-01,2.113722686447115640e-01,5.819384244157469466e-01,4.407301488002144940e-01,2.945931453594888283e-01,2.598954376871173699e-01,1.254256222351311512e-01,-1.344564100272577049e-02,-4.657044550694847823e-02,-3.116046293400062672e-01,-2.985388087045891259e-02,-2.905402386165601564e-02,-2.883060011618034796e-02,-2.478663032307073730e-02,-5.965860851691318079e-02,7.277358237633495264e-02,1.372134590464274551e-01,7.426158452120291964e-02,3.972027347066445918e-02,-9.046874301800796048e-02,-1.155994459091112120e-02,-1.859064301353947901e-01,-2.485678537915009534e-01,-3.347066446221904634e-01,-3.238259082175253822e-01,-4.516242906296081272e-01,-3.427320255596764866e-03,-2.065731265918941961e-01,2.593368783234282215e-01,1.671298985656195502e-01,-1.267259484337995498e-02,3.620805219178694495e-02,2.611734215112382351e-01,1.046650878055319783e-01,2.235935475222306512e-01,1.641628312257026601e-01,1.701059028553554564e-01,-6.154430492872782488e-02,2.179632691362438091e-01,2.077706778676437771e-01,-4.653022923276285694e-02,4.409491040707806675e-02,-3.542160060771258612e-02,2.956834532374100766e-01,2.567004781268152902e-01,2.072165869788641090e-01,2.336163367442691818e-01,1.640958041020599556e-01,-5.447070914696813988e-03,2.324500647928861782e-02,-1.288708163903659609e-02,5.149470485723222496e-02,2.642656061486214902e-02,-1.295544930515215021e-01,5.065016309933419864e-02,1.278877519102730176e-01,-1.600831136333169535e-01,-2.364046650878055267e-01,2.880825774163277980e-02,-5.247330086241566022e-02,-2.512623441619375383e-02,-1.797354662853568041e-01,-1.809285490861968840e-02,-1.434693239197461778e-01,-1.258545958264444264e-01,-1.001474596720139387e-01,6.283569417757718656e-02,4.437195585146789210e-03,-8.932928191608204005e-02,8.290361499620180208e-02,6.171857545019884816e-02,6.460967871665400375e-02,3.591089861030430375e-01,-1.374413512668126447e-01,3.614281245810804788e-01,1.916841681933955932e-01,1.504133339291299776e-01,-6.092765539121498125e-02,1.447160284195004309e-01,1.598194736136556715e-01,7.261271727959248135e-02,1.056526207605344297e-01,-6.940882076947138546e-02,-1.087135260735511005e-01,3.147146878770275963e-02,-5.767907413199874905e-02,-4.435274140935698828e-01,-1.365610617096384982e-01
1.345591849501764914e-01,1.187095044461325410e-01,3.610795835381384600e-01,6.007283614102506553e-01,-2.234237454756691561e-05,5.335805889449930506e-01,5.687340810581348327e-01,0.000000000000000000e+00,3.231422315563697856e-01,4.810626033334822749e-01,-7.671477724652575603e-02,1.990437463693641440e-01,2.002502345949327411e-01,3.325751820903525835e-01,-9.669779704186960353e-03,2.031100585370213263e-01,-1.864694579739934605e-02,-6.243799991063050253e-02,2.231735108807363921e-01,1.399705080655972156e-01,-2.387997676393047164e-01,-2.274274989945931358e-01,3.098440502256579743e-01,4.025380937486036093e-01,-4.868850261405782004e-02,2.000849010232807479e-01,-3.047589257786317285e-01,-1.680593413467983480e-02,1.144197685329996911e-01,-3.900978596005183398e-03,3.652754814781715154e-01,4.058402967067339939e-01,3.290584923365655334e-02,-1.645739309173778822e-02,6.356405558782787790e-02,-2.278922203851825243e-03,-1.009473166808168426e-01,-1.886768845792930749e-01,-1.967961034898789152e-01,-1.472273113186469418e-01,-5.497117833683363985e-02,-5.582018856964118120e-02,-1.468519594262478190e-01,1.651548326556146265e-02,5.914473390231914096e-02,8.467759953527860886e-03,-6.917199159926716578e-02,-1.635014969390946871e-01,-1.380758747039635389e-03,-5.516332275794271628e-02,-1.204477411859332381e-01,-9.435631618928459752e-02,-1.707136154430492769e-01,-3.546494481433487000e-01,-5.132043433576120167e-02,-2.749720720318155620e-01,3.152955896152643406e-02,6.957415434112337871e-02,-2.844184279905268356e-02,1.058849814558291275e-01,8.720228785915366820e-02,3.060413780776620740e-01,-1.578622816032888010e-01,-8.035211582286964915e-02,2.208811832521560270e-01,2.868939630903972748e-01,-1.143572098842664947e-01,-3.028285446177219828e-02,-1.238035658429777891e-01,5.530184548013762635e-02,-1.912507261271727960e-02,1.587023548862773192e-01,2.763349568792171085e-01,3.023906340765896705e-01,-9.789534831761920186e-02,6.319317217033826317e-02,4.379105411323115540e-04,-4.792439340453103630e-02,-5.571741364672237046e-02,1.082353992582331670e-01,-1.984449707314893396e-01,8.915501139461101676e-02,-2.395415344742839181e-01,-4.120380714062290423e-02,-2.130658206354171247e-01,1.359622860717636939e-01,-1.915769247955672605e-01,-2.511506322891997045e-01,-2.243755306313955089e-01,-1.022208320300281581e-01,2.913445641002725822e-02,-1.300773046159345858e-01,1.262701639930291775e-01,5.622235131149738718e-02,-1.371643058224228107e-01,-2.136958755976585134e-01,-3.041512131909379080e-01,-8.048170159524553613e-02,7.521336967692926478e-02,-1.980874927387282769e-02,1.865767013718218070e-01,-2.000983064480092999e-01,1.266365789356092841e-01,-5.153492113141784625e-02,7.436882791903123846e-02,1.458510210465168225e-02,2.058000804325483823e-01,3.797309978104473210e-02,-3.662808883328120407e-02,-5.877831895973904125e-02,-9.646096787166540121e-02,-2.750346306805487306e-02,3.875061441530006090e-02,-9.709102283390678989e-02,-2.267125430090710103e-01,-1.275034630680548786e-01
4.051119352964833303e-02,1.429911971044282512e-02,2.662496090084454092e-01,2.270387416774654887e-01,2.757898029402565121e-01,4.909647437329639486e-01,4.046918986549890573e-01,3.231422315563697856e-01,0.000000000000000000e+00,6.089861030430314681e-01,1.153626167389070062e-01,-4.649894990839626568e-02,-1.174762053711068434e-02,2.128379284150319628e-01,2.780865990437463853e-01,3.964743732963939560e-01,-3.712408954823718382e-02,-1.160462934000625612e-01,1.411323115420707042e-01,8.005272800393226085e-02,1.224272755708476629e-01,1.209303364761606797e-01,-1.400464721390589362e-01,2.010903078779212594e-01,-7.648241655123105831e-02,4.949282809777023201e-02,1.839894543992135478e-01,1.538004379105411268e-01,1.549622413870146154e-01,5.830912909424013774e-02,2.194333973814737160e-01,8.024934089995085229e-02,-2.352026453371464376e-01,-2.418517360025023433e-01,-4.469368604495285724e-02,-1.307967290763662471e-01,-1.312480450422270906e-01,-3.148889583984986196e-01,-5.987756378747933518e-03,1.238348451673443873e-01,1.089280128692077382e-01,1.496581616694222239e-01,-3.049421332499218096e-01,-2.172929978998167921e-01,-2.667187988739443405e-01,-3.563161892845971845e-01,-4.065865320166227315e-02,-2.180392332097055297e-01,-9.394968497251887651e-02,-1.263550650163099420e-01,-4.002412976451136944e-02,-2.963313820992894976e-01,1.775771929040618341e-02,-3.582957236695116232e-01,6.683944769650118634e-02,-1.988828812726216588e-01,6.359086643728495414e-02,-9.030787792126547531e-02,5.943071629652799158e-04,4.764734796014120227e-02,2.325617766656240260e-01,7.353769158586175025e-02,1.424013584163724977e-01,-2.323383529201483444e-01,-5.206666964564993921e-02,-5.841190401715894154e-02,-1.944367487376558457e-01,-2.354796907815362716e-01,-5.335359041958979281e-02,7.346172751240001401e-03,1.500960722105545292e-02,4.050672505473881801e-02,-4.632021091201572738e-02,-1.693551990705572221e-03,-1.096116895303632932e-01,-8.847580320836498369e-02,2.206845703561374494e-01,1.326511461638142930e-01,1.327986058358282262e-01,5.170025470306984297e-03,-4.292416998078555507e-02,-1.881987577639751552e-01,-2.147951204253988056e-01,9.103623933151615277e-02,-2.703382635506501597e-01,-2.708878859645202919e-01,-1.513472451852182765e-01,1.285893024710666188e-01,1.552616292059520176e-01,-2.015103445194155185e-01,1.964564993967558848e-01,1.257384154787970776e-01,2.390902185084230747e-01,2.444747307743866949e-01,3.476786272845078241e-01,1.878904329952187369e-01,1.323070735957817545e-01,1.276330488404307517e-01,1.190848563385316639e-01,1.777246525760757812e-01,2.335805889449930617e-01,2.437955225881406618e-01,3.215425175387640055e-01,1.983779436078466352e-01,1.987041422762411136e-01,-4.916662942937575359e-02,1.631261450466955643e-01,1.760400375351892366e-01,3.550069261361097350e-01,2.536127619643415709e-01,-8.177755931900441977e-02,5.225434559184950062e-02,1.682738281424549787e-01,-9.960230573305330765e-03,-1.485142320925867954e-01,-5.938603154743286178e-02
1.510165780419142900e-01,1.320702444255775487e-01,3.390365968095089277e-01,4.186960990214039779e-01,1.125653514455516313e-01,6.421466553465302596e-01,3.749005764332632995e-01,4.810626033334822749e-01,6.089861030430314681e-01,0.000000000000000000e+00,3.822333437597747602e-02,2.017114258903436319e-01,2.081951829840475443e-01,3.991152419679163676e-01,2.508154966709861822e-01,5.644934983690066410e-01,-7.118280530854819571e-03,-1.731310603690960348e-01,-9.255552080075070409e-02,1.261897314446579384e-02,1.793779882925957414e-01,1.599669332856696047e-01,-7.406944010009383628e-02,3.275749586666070745e-01,1.218553107824299625e-01,3.017069574154341294e-01,5.507395325975244366e-02,2.028017337682648802e-01,3.745252245408641767e-01,1.870369542875016666e-01,4.276822020644354128e-01,2.567004781268152902e-01,-5.688368559810536539e-03,8.030743107377452672e-02,-2.669466910943294954e-02,-5.664685642790115438e-02,1.591357969525001026e-01,2.576969480316368064e-02,-5.688368559810536539e-03,2.722597077617409100e-01,2.987398900755172115e-01,2.382456767505250483e-01,-2.542428169265829596e-01,-1.183430895035524344e-01,1.097636176772867483e-01,1.103266455158854326e-02,-6.774207962822288882e-03,-1.647705438133964806e-01,8.290808347111131016e-02,-1.210063005496224073e-02,-2.678850708253273025e-02,-1.175700433442066206e-01,-1.000402162741856199e-01,-3.212341927700075872e-01,4.496179453952366123e-02,-1.747531167612493830e-01,1.781268153179319802e-01,1.330935251798561203e-01,-4.598954376871174088e-02,1.479467357790786031e-01,1.690870905759864207e-01,2.300773046159345914e-01,-1.141561285133383952e-01,-2.907904732114929280e-01,1.017248313150721645e-01,7.630814602976004890e-02,-3.747263059117923040e-02,5.528844005540908824e-02,-1.789356092765539141e-01,5.096742481790964702e-02,1.838777425264757209e-02,1.477814022074266098e-01,1.398990124670450030e-01,7.834130211358862617e-02,-1.814647660753384850e-01,-1.210554537736270586e-01,-1.831225702667679534e-01,-1.520756065954689540e-01,-3.317395772822735733e-02,-2.294561866035122258e-02,-2.041244023414808539e-01,1.103713302649805697e-03,-8.549979891862907744e-02,2.798158988337280384e-01,-2.093257071361544208e-01,8.650073729836006697e-02,-6.256758568300639645e-02,2.445417578980293993e-01,1.957638857857812997e-02,4.539523660574645847e-02,-1.027525805442602441e-01,-1.913043478260869623e-01,-6.823361186826935876e-02,-2.807542785647258732e-02,-1.190446400643460356e-01,-4.253094418874837912e-02,-3.175342955449305116e-01,-1.112337459225166414e-01,-1.177621877653157040e-01,-1.164350507171902221e-01,1.678180437016846271e-01,-1.599714017605791084e-03,2.531837883730282956e-01,1.132400911568881563e-01,9.866392600205549368e-02,-7.779167969971848007e-02,-1.423387997676393013e-01,-9.294427811787837109e-04,-1.077617409178247415e-01,-1.845167344385361397e-01,-3.321908932481343890e-01,-3.163635551186380068e-01,-2.969212207873452858e-01,-1.747888645605255031e-01,-2.473881764153894325e-01,-1.122391527771571529e-01
5.112337459225166914e-01,3.342597971312391003e-01,8.120559453058670552e-02,-6.986013673533222890e-02,1.903123463961749751e-01,1.762366504312078141e-02,2.741364672237365241e-01,-7.671477724652575603e-02,1.153626167389070062e-01,3.822333437597747602e-02,0.000000000000000000e+00,5.572992537646901390e-01,8.289914652129228012e-02,-2.163144018946333569e-01,3.142097502122525587e-01,-2.144421109075472440e-02,4.390678761338754899e-01,5.747978015103445415e-01,1.828544617721971355e-01,2.690066580276151975e-01,1.238884668662585398e-01,1.356628982528263194e-01,-2.718664819697037549e-01,-8.771616247374770803e-02,6.637025783100228282e-02,-3.288797533401850021e-03,2.811609097814915526e-01,5.895258948121006454e-02,4.535680772152464457e-01,2.864337101747173597e-01,1.444657938245676732e-01,-2.120738192055051513e-02,7.784530139863264642e-02,2.046248715313463418e-01,-1.175923857187541888e-01,-1.412484918897180357e-02,1.180571071093435877e-02,-1.470351668975378723e-01,9.951293623486304196e-02,1.102149336431475918e-01,1.517762187765315796e-01,-1.107288082577416281e-02,1.269940569283703469e-02,-1.061843692747665158e-01,-4.655704008221994011e-02,-1.824478305554314353e-02,1.627507931542964414e-01,9.428482059073237803e-03,1.328924438089280208e-02,-5.056526207605344103e-02,-1.355288440055409105e-01,-1.251262344161937490e-01,-2.691362437999910706e-01,-1.233299075025693671e-02,-7.249653693194513249e-02,1.189910183654318832e-01,4.420304749988828719e-01,3.410831583180660709e-01,-7.229992403592654104e-02,5.577997229545555991e-02,-4.028330130926315034e-02,-1.922248536574467093e-01,4.610885204879574539e-01,4.380848116537825465e-01,-3.401537155368872800e-01,-4.186380088475803452e-01,2.027391751195317116e-01,1.930649269404352275e-01,2.746279994637830235e-01,1.453326779570132676e-01,2.230081773090843988e-01,2.176683497922159150e-01,2.226194199919567518e-01,1.620894588676884684e-01,1.396130300728361529e-01,2.565977032038965211e-01,-8.600473658340408722e-02,-3.184235220519236742e-02,1.254390276598597032e-01,1.687162071584968059e-01,2.902587246972608281e-01,2.014656597703203822e-01,2.334286607980696204e-01,2.629965592743196967e-01,-1.703561374502882142e-01,-2.295008713526073552e-01,6.701371821797220962e-02,-1.572009473166808072e-02,1.872737834577058863e-02,1.674382233343759685e-01,-2.071987130792260490e-01,-7.754591357969524423e-02,-3.329237231332946023e-01,-2.585817060637204401e-01,3.253720005362170098e-01,2.751865588274721719e-01,3.221949148755529624e-01,7.532508154966709168e-02,5.284865275481478303e-02,3.598015997140176225e-02,2.153402743643594575e-01,1.092005898386880502e-01,1.913847803744581910e-01,2.908217525358595124e-01,1.264533714643192308e-01,2.332990750256937196e-02,7.473077438670182315e-02,1.649671567094150859e-01,-1.529558961526431005e-02,2.073417042763305018e-01,-7.983377273336610125e-02,6.875195495777290666e-02,-1.545377362706108482e-01,5.338933821886589909e-02,-1.033156083828589283e-01,1.967290763662362107e-01
5.840341391483087063e-01,3.784127977121408692e-01,2.003574779927610738e-01,2.629965592743196967e-01,2.240582689128200466e-01,1.419545109254211623e-01,2.553107824299566397e-01,1.990437463693641440e-01,-4.649894990839626568e-02,2.017114258903436319e-01,5.572992537646901390e-01,0.000000000000000000e+00,5.935475222306627052e-02,-1.282005451539389718e-01,4.161043835738862384e-01,1.469145180749810153e-01,2.811028196076679198e-01,3.566111086286250509e-01,2.322623888466866238e-01,4.553241878546852028e-01,9.247061977746995343e-02,1.146431922784753588e-01,-2.056883685598105416e-01,4.349613476920326932e-02,3.030251575137405395e-01,2.447204968944099446e-01,2.931498279637159698e-01,3.466866258545958090e-01,4.025470306984226254e-01,2.562491621609544468e-01,1.032798605835828221e-01,-2.340587157603109952e-02,1.198310916484203875e-01,2.468385540015192725e-01,-1.765449751999642602e-01,-1.757004334420662200e-02,1.802940256490459803e-01,2.472407167433754785e-02,2.722820501362884782e-01,2.823227132579650411e-01,2.245900174270521465e-01,7.544126189731444054e-02,-2.220251128289914555e-01,-2.258545958264444320e-01,-1.872290987086107361e-02,1.057375217838151804e-01,6.320657759506680129e-02,-5.829572366951159268e-02,3.201662272666339071e-02,-3.179766745609723111e-02,-1.880468296170517140e-01,-4.692345502480003289e-02,-2.588185352339246736e-01,-2.127440904419321613e-02,1.905804548907457929e-01,1.584342463917065014e-01,3.167523124357656816e-01,3.922874123061799168e-01,-1.858885562357567300e-01,2.666696456499396684e-01,-1.707895795165110253e-01,1.135662898252826347e-01,1.004825952902274472e-01,3.926851065731266077e-01,-3.419545109254211734e-01,-2.670852138165244472e-01,2.852406273738772868e-01,3.421377183967111990e-01,1.548326556146387145e-01,-2.741409356986460391e-02,2.102596183922427198e-01,2.168550873586844729e-01,4.037445819741722342e-01,2.207247866303230777e-01,9.357433308011975370e-02,2.827695607489164042e-01,-2.235533312480450507e-01,-1.471155994459091010e-01,1.090173823673980108e-01,1.914339335984628354e-01,2.020554984583761426e-01,3.891058581706063890e-01,5.054515393896062969e-01,3.807989633138210150e-01,1.083158318066044096e-01,2.083203002815139093e-01,3.303811609097814794e-01,8.545064569462441917e-02,-5.592743196746950002e-02,4.541802582778497466e-01,-3.512623441619375231e-01,-3.675007819831091482e-01,-4.789579516511014989e-01,-5.115286652665445022e-01,7.991420528173734383e-02,1.281871397292104198e-01,-2.533625273694088079e-03,2.661423656106171043e-02,1.116805934134679767e-01,-1.394164171768175545e-02,3.993252602886634972e-01,-1.074444791992492931e-01,2.270476786272845049e-01,3.338844452388399775e-01,-6.235756736225925995e-02,1.452701193082800782e-02,-2.210420483488985122e-01,2.042673935385852790e-01,-1.241252960364627594e-01,1.061262791009428413e-02,-4.124402341480852378e-03,-2.203047499888288185e-01,-2.771303454131104904e-01,1.261405782206533044e-01,-3.141784708878859744e-01,-2.316904240582689026e-02
1.728048617007015564e-01,1.191071987130792320e-01,3.358505741990258642e-01,2.441306582063541841e-01,-3.946557040082220025e-02,1.137048125474775517e-01,2.455114169533938184e-01,2.002502345949327411e-01,-1.174762053711068434e-02,2.081951829840475443e-01,8.289914652129228012e-02,5.935475222306627052e-02,0.000000000000000000e+00,4.560212699405692960e-01,3.045042227087894626e-01,1.898431565306760715e-01,-1.075874703963537182e-01,-1.592743196746950196e-01,1.917020420930336533e-01,1.057464587336342104e-01,2.732025559676482321e-02,-8.275168684927834695e-02,4.942177934670896611e-01,5.196300102774923380e-01,6.681263684704411010e-02,1.316904240582689178e-01,-1.295902408507976222e-01,-1.773582376334956745e-01,7.963269136243800173e-02,3.655659323472898459e-02,2.567094150766343619e-01,3.571830734170427513e-01,1.859600518343089426e-01,1.712319585325528526e-01,4.235309888734974937e-01,3.352160507618749952e-01,8.499932972876357573e-02,-1.231288261316412641e-01,-1.259484337995442071e-01,-1.922337906072657532e-02,7.658519147414986905e-02,2.375441261897314610e-02,-1.935877385048482835e-01,-1.263327226417623739e-01,6.919433397381473394e-02,1.456722820501362911e-02,-2.622592609142499476e-01,-3.518521828499933113e-01,-1.152598418159882093e-01,-1.637249206845703409e-02,-1.880244872425041458e-01,-7.751016578041913796e-02,-3.744894767415881121e-01,-4.546360427186201258e-01,-1.964341570222083097e-02,-3.057107109343580875e-01,2.812011260556772016e-02,6.617811340989320466e-03,-1.251217659412842409e-01,-1.160328879753340231e-01,-2.027793913937173120e-02,-4.123955493989901050e-02,-2.348630412440234072e-01,-3.388712632378569345e-01,5.188212163188703485e-01,3.607265740202868498e-01,-1.102283390678761299e-01,-9.187631261450467102e-02,-8.272934447473077879e-02,-9.948612538540596573e-02,7.791232852227535088e-02,2.422404933196300181e-01,2.692032709236337751e-01,1.250815496670986127e-01,1.221234192770007630e-02,2.360695294695920252e-02,-1.310335582465704529e-01,-3.082800840073282936e-02,-2.168997721077796023e-02,-5.166003842888422515e-02,-1.813083694535055079e-01,-3.446087850216721093e-02,1.133294606550784150e-01,2.420036641494258123e-01,3.236471692211448370e-01,8.510210465168238647e-02,1.372715492202511260e-02,8.770722552392867799e-02,-1.488091514366146895e-01,-2.763081460297600600e-01,-1.409937888198757872e-01,-3.877519102730238032e-01,-1.349211314178470900e-01,-9.403458599579962718e-02,-9.921354841592563978e-02,-4.061843692747665185e-02,-1.930962062648018118e-01,-3.524733008624156283e-02,-2.379865052057732744e-01,-3.223423745475669233e-01,-1.475669154117699722e-01,-3.805263863443406613e-01,-8.755082890209571478e-02,-2.168193395594083805e-01,-1.732740515662004599e-01,-2.011841458510210401e-01,-7.234460878502167562e-03,-1.622011707404262815e-01,-1.932615398364538259e-02,-7.560212699405692571e-02,-5.294695920282407875e-02,-1.385361276196434288e-01,-4.018052638634433960e-01,-1.949461548773403774e-01,6.077572724429152612e-02,-2.337548594664640988e-01
