0.000000000000000000e+00,4.140712274900576473e-01,2.616738907011037160e-02,-2.167433754859466599e-01,8.440949104070781181e-03,-3.615800527280039200e-01,2.458376156217882968e-01,-1.325975244649001406e-01,-5.377809553599356696e-02,-3.966843916171410855e-01,1.805397917690692300e-01,1.483578354707538183e-01,3.451003172617185533e-02,-2.645158407435542203e-01,6.041378077662093796e-03,-1.572635059654139966e-01,2.402922382590821637e-01,2.520443272711023752e-01,2.863711515259841911e-01,3.389427588364091193e-01,1.920282407614281317e-01,-2.213101568434693300e-01,-1.571607310424951998e-01,-1.892265069931632349e-01,3.807140622905402089e-02,-1.496000714955985633e-01,-1.827606237990973782e-03,-1.326779570132713693e-01,1.351579605880512958e-01,-3.171723490772599546e-02,4.586442647124536198e-02,-5.063675767460566052e-02,-9.491040707806425517e-03,-3.637338576343893820e-02,-6.086062826757227678e-02,1.061709638500379776e-01,7.430626927029804207e-02,-8.486527548147816680e-02,2.501005406854640498e-02,1.540953572545690209e-01,9.611689530363287659e-02,1.531882568479377982e-01,1.477501228830599977e-01,2.237320702444255682e-01,1.897493185575762908e-01,1.433129272979132285e-01,-7.003440725680325218e-02,6.981992046114661454e-02,2.604718709504446061e-01,9.511595692390187318e-02,1.819250189910183724e-01,7.129451718128602955e-02,2.256981992046114549e-01,3.190491085392555548e-01,-1.974619062513963824e-02,1.474998882881272677e-01,4.035881853523392571e-01,5.402564904598060602e-01,4.426918092854908449e-01,3.415121319093793462e-01,3.961660485276375376e-01,-9.708208588408775985e-02,1.772956789847625059e-01,1.459716698690736725e-01,1.048170159524554335e-01,-3.121810626033335034e-01,1.722999240359265327e-01,2.297689798471781730e-02,1.594932749452611931e-01,6.134322355779972535e-02,6.582063541713213325e-03,-1.169221144823271857e-01,8.513338397604897079e-02,2.628714419768533039e-01,1.260869565217391242e-01,1.866079806961883913e-01,-1.094955091827159444e-01,-1.106081594351847747e-01,2.765762545243308224e-01,-8.514678940077750890e-02,3.597837258143795625e-01,5.242861611332052391e-02,3.916484203941195119e-01,2.189016488672416161e-01,3.613521605076187582e-01,2.097055275034630586e-02,-6.258545958264444264e-02,-6.147727780508512735e-02,-1.036194646767058386e-01,-5.973904106528441643e-02,-4.149157692479556458e-01,-4.215201751642164707e-01,-4.630099646990482043e-01,-3.858081236873854847e-01,4.250413333929130288e-02,4.799588900308324885e-02,1.633585057419902620e-01,1.328566960096519145e-01,-1.093033647616068610e-01,-4.810760087582108269e-02,-3.123463961749854689e-02,-2.886232628803789280e-01,-6.356852406273738598e-02,-1.408239867733142581e-01,-3.858572769113901568e-01,-2.099870414227624216e-01,-3.124223602484472173e-01,9.280575539568344801e-02,-1.451807498100898125e-02,2.695830912909423852e-02,-5.840743554224943346e-02,-1.611063943875955251e-01,-1.723356718352026529e-01,-1.634791545645471189e-01,-1.164484561419187603e-01,-1.521336967692926423e-01
4.140712274900576473e-01,0.000000000000000000e+00,-1.534206175432324959e-01,1.140622905402386145e-01,3.433263327226417361e-01,1.689083515796058893e-02,7.225077081192189665e-02,1.942714151660038524e-01,7.449394521649760348e-02,7.293444747307743781e-02,2.668081683721346131e-01,4.076187497207203192e-01,-1.481388802001876726e-01,1.667590151481299354e-01,-3.317261718575449936e-01,2.466598150051387515e-03,2.457214352741409480e-01,1.908575003351356270e-01,1.321551454488583133e-01,4.010098753295500140e-01,-2.728540149247061786e-01,-6.993163233388444144e-02,-2.009339112560883100e-01,-5.397470843201215146e-02,5.903749050449081520e-02,-1.120782876804146677e-01,-8.195182984047545346e-03,1.005272800393225835e-01,4.599401224362124896e-02,8.054872871888824060e-02,8.689396309039724986e-02,2.785200411099691617e-02,1.097457437776486883e-02,9.938781893739666307e-02,-1.431386567764421913e-01,-1.147683095759417377e-01,-1.911971044282586296e-01,-3.812368738549533065e-01,-2.846507886858215541e-01,-6.965905536440412937e-02,4.001519281469234635e-02,2.053085481925019107e-01,1.581437955225881431e-01,3.525850127351534691e-01,2.734036373385763663e-01,3.817015952455427019e-01,1.941016131194423233e-01,3.338397604897448412e-01,2.749407927074489222e-01,3.028508869922695301e-01,2.928951248938737040e-01,3.636087403369230309e-01,3.502614057822065474e-01,5.609053130166674617e-01,2.732919254658384978e-02,1.129407033379507541e-01,3.168997721077796426e-01,5.035211582286965859e-01,3.193976495821975736e-01,4.695786228160329090e-01,1.858617453862996538e-01,1.116448456141918705e-01,1.017695160641673008e-01,4.746816211626971871e-01,-1.380535323294159733e-01,-1.281067071808391911e-01,-2.566245140533535696e-01,-2.986728629518745418e-02,5.872916573573439686e-02,1.662272666338978633e-01,-2.726574020286876010e-01,-1.952097948970016594e-01,2.455382278028508947e-01,2.517181286027078690e-01,2.196076679029447254e-01,2.470530407971759101e-01,-3.323785691943339504e-01,-3.098797980249340944e-01,7.095044461325349106e-02,-4.421109075472541561e-02,6.885919835560123936e-02,2.012020197506591002e-01,5.524375530631395192e-02,2.020733723580142027e-01,8.001698020465615457e-02,2.843558693417936323e-01,3.530988873497475228e-02,3.585459582644443532e-01,-5.308548192501898882e-02,1.109477635283077912e-01,-2.112471513472451989e-01,-4.736985566826042438e-01,-2.621788283658787466e-01,-3.085660664015371646e-01,-4.404128870816390040e-02,-1.214352741409357034e-01,1.371017471736896143e-01,4.854551141695339495e-02,-2.265650833370570494e-01,-1.790249787747441867e-01,-1.953125698199204563e-01,-7.045891237320701939e-02,-2.694579739934760410e-01,-5.308548192501898882e-02,-2.396577148219312670e-01,-2.691183699003529828e-01,-2.285044014477858598e-01,-1.402743643594441258e-01,-3.634657491398185503e-02,1.180034854104294179e-01,4.195897940033066487e-02,-3.539032128334599573e-03,-1.662227981589883274e-01,-1.777872112248089775e-01,-1.775191027302381597e-01,-1.777469949506233493e-01
2.616738907011037160e-02,-1.534206175432324959e-01,0.000000000000000000e+00,3.620179632691362670e-01,1.522811564413065755e-01,1.656865811698467195e-01,5.117699629116582161e-01,2.131909379328835175e-01,4.318870369542874843e-01,4.266499843603378112e-02,-7.967290763662361608e-02,-7.769337325170919129e-02,8.137092810223870917e-03,5.161088520487957729e-03,3.741632780731936059e-01,1.192993431341883015e-01,-1.972027347066446223e-01,-4.568568747486483062e-02,2.414093569864605160e-01,3.852272219491487820e-02,1.611019259126859893e-01,1.595022118950802092e-01,2.558157200947316912e-01,2.340631842352205172e-01,4.767862728450780047e-02,9.785960051834309559e-02,-7.261718575450198943e-02,1.923097546807274738e-01,-4.396532463470217283e-02,-1.088967335448411400e-01,-7.471290048706376308e-02,2.839224272755708212e-01,1.052593949684972469e-01,-1.218419053577014105e-01,1.197059743509540225e-01,2.318870369542875010e-01,7.683989454399213492e-02,1.465123553331248163e-01,5.345636534250860356e-02,4.930962062648018562e-02,7.372983600697081974e-03,-4.962241387014611899e-02,-4.397336788953929987e-01,-4.912239152777156947e-01,-4.706689306939541573e-01,-3.914741498726484470e-01,-3.348719781938424567e-01,-5.415836275079315421e-01,-3.270968318512891826e-01,-1.944903704365699981e-01,-4.574958666607086832e-01,-3.307788551767281704e-01,-2.799901693551990478e-01,-2.427007462353098777e-01,-3.053353590419589647e-01,-1.926761696233075527e-01,-2.127172795924750781e-01,-1.904240582689128158e-01,7.604450601009875299e-02,-1.572322266410474123e-01,-1.538272487599982030e-01,1.103936726395281231e-01,-1.942043880423611479e-01,-1.227132579650565269e-01,2.474239242146655249e-01,2.438893605612404425e-01,2.290182760623798996e-01,-1.971491130077304699e-01,-2.037445819741722230e-01,7.150453550203315911e-02,3.841592564457750325e-01,1.881317306403324507e-01,-2.459895437687117381e-01,3.207918137539658016e-02,-2.477769337325171073e-02,-2.881719469145180637e-02,1.313195406407793031e-01,2.552750346306805751e-01,2.631931721703382673e-02,-1.796729076366236078e-01,-1.643102908977166210e-01,-1.103623933151615388e-01,-1.632870101434380494e-01,-3.011260556771973573e-01,-6.550784217346619469e-03,-3.155771035345636411e-01,6.044059162607801766e-02,-9.707761740917825177e-02,-3.658787255909558278e-02,-2.995442155592296096e-01,-3.577461012556414771e-02,-1.241521068859198357e-01,-1.322579203717771101e-01,-6.327807319361901384e-02,1.468206801018812346e-01,-3.486304124402341692e-02,-2.347289869967380052e-02,-1.408284552482237939e-01,1.266902006345234366e-01,2.118816747843960957e-01,1.684436301890164800e-01,-7.665668707270208160e-02,2.143795522588140545e-01,7.788551767281826944e-03,2.523571205147683294e-01,-8.944993073863889699e-02,2.525537334107869070e-01,2.835381384333526822e-01,8.217525358595111767e-03,-1.009294427811787825e-01,-1.394655704008221919e-01,-1.670449975423388134e-01,-1.932391974619062647e-01,1.080924080611287419e-01,-1.572009473166808072e-02,9.725635640555878314e-02
-2.167433754859466599e-01,1.140622905402386145e-01,3.620179632691362670e-01,0.000000000000000000e+00,2.403950131820009883e-01,3.924884936771080302e-01,2.615040886545422216e-01,4.166495375128468903e-01,3.909602752580544349e-01,4.650744001072433798e-01,-2.646498949908396292e-01,2.003619464676705819e-01,-1.246927923499709517e-01,2.866124491710979050e-01,1.570802984941239433e-01,1.050583135975691473e-01,-5.866213861209169239e-02,-3.201081370928102188e-01,-8.642477322489834635e-02,2.000536216989141636e-01,-8.908351579605880421e-02,2.456052549264935991e-01,4.141471915635193679e-01,4.479869520532642202e-01,8.800214486795657209e-02,3.240806112873676481e-01,-1.388355154385808102e-02,1.237454756691541147e-01,-1.658340408418606804e-01,5.070378479824835805e-02,8.578578131283792763e-02,2.026676795209794990e-01,2.397336788953929876e-02,-6.853746816211626902e-02,-1.535367978908798448e-02,-9.399436972161401282e-02,-1.871888824344251356e-01,-9.273872827204075742e-02,-2.841369140712274866e-01,-1.100183207471290003e-01,-7.929755574422449327e-02,1.528352473300862435e-01,-3.890567049466017169e-01,-2.684391617141069775e-01,-1.298226015460923199e-01,-7.165199517404709229e-02,-3.177264399660396088e-01,-3.128736762143080608e-01,-1.201349479422672978e-01,3.218642477322489898e-02,-3.434961347692032652e-01,1.051476830957594200e-01,-4.321864247732248865e-01,-1.325081549667098679e-01,-2.484606103936726484e-01,-5.888109388265785199e-02,-2.474194557397560168e-01,2.958130390097859618e-03,-2.149783278966888728e-02,1.846597256356405647e-01,-2.966263014433174194e-01,3.047946735779078486e-01,-3.204253988113856533e-01,1.202287859153670785e-01,-1.671120246659814901e-01,4.202645337146431737e-01,-8.309129094240136348e-02,1.050538451226596358e-02,-2.462665892131015721e-01,2.480495107019974055e-01,2.506635685240627409e-01,9.100049153224004650e-02,1.343446981545198537e-01,1.303454131105053759e-01,5.282184190535769985e-02,-3.360293131954063955e-02,-7.631708297957906506e-02,-2.225747352428615947e-02,-2.720854372402698937e-02,-3.382099289512489615e-01,-5.481790964743733507e-01,-1.426560614862147636e-01,-2.654363465749139950e-01,-1.120023236069529471e-01,-7.860047365834041400e-02,2.084677599535278703e-01,3.095491308816301079e-01,3.859108986103043093e-01,-2.954421555922963627e-01,8.650073729836006697e-02,-3.770499128647392811e-02,-2.357656731757451218e-01,-7.618749720720317808e-03,-5.802314670003128061e-02,-3.872380356584297773e-02,-2.699405692837034687e-01,-2.866213861209169211e-01,-7.549935207113811497e-02,-2.899906162026900103e-01,-1.995531525090486480e-01,-2.127843067161177826e-01,-5.549845837615622127e-03,-2.297868537468162053e-01,1.447785870682336169e-02,2.906296081147504221e-02,-9.496402877697841804e-02,7.981589883372805505e-02,2.093525179856114971e-01,-9.412842396889940788e-02,2.786094106081594274e-02,-3.767192457214352808e-01,-2.431029089771661045e-01,-2.721926806380982056e-01,3.058671075561910854e-02,-2.182805308548192436e-01,3.240403950131819921e-01
8.440949104070781181e-03,3.433263327226417361e-01,1.522811564413065755e-01,2.403950131820009883e-01,0.000000000000000000e+00,3.043076098127708851e-01,3.451003172617185533e-02,5.317038294829974643e-02,3.491576924795567471e-01,9.834219580857053722e-02,6.771080030385628890e-02,6.448456141918762485e-02,-1.230081773090844072e-01,3.197551275749586641e-01,1.428884221815094613e-01,2.478797086554359042e-01,1.007953885338933875e-01,1.523347781402207557e-01,8.083024263818758270e-02,2.169444568568747456e-01,-1.593190044237901559e-01,1.489878904329952070e-01,2.067697394879127737e-01,2.088743911702935774e-01,2.470441038473568940e-01,9.330175611063944163e-02,2.183654318781000081e-01,1.830376692434871888e-01,2.300102774922918869e-01,1.478975825550739587e-01,3.650744001072433846e-03,-4.940345859957996633e-02,-9.392287412306180028e-02,9.800706019035702876e-02,1.055051610885204827e-01,8.144689217570043327e-02,-1.959783725814379651e-01,-3.435363510433888656e-01,-1.668394476965011919e-01,-4.156575360829348892e-02,-9.274766522185977358e-02,1.667634836230394435e-02,-2.331292729791322182e-01,1.079538853389338249e-01,2.192859377094597551e-01,2.408239867733142636e-01,1.028821663166361311e-01,2.979132222172572661e-02,1.142946512355333122e-01,1.444166406005630288e-01,5.340721211850395223e-02,3.488091514366147006e-02,-9.583538138433352060e-02,1.295991778006166384e-01,-4.823718664819696966e-02,4.691898654989052481e-03,-1.787389963805353227e-02,3.284329058492336736e-03,1.743241431699361077e-01,1.467491845033290221e-01,-7.379686313061352421e-02,-1.209660842754367999e-01,-1.647303275392108801e-01,1.868045935922069689e-01,-9.893650297153581963e-02,7.180839179588006417e-03,-1.163144018946333548e-02,-5.369766298762232437e-02,-1.457929308726931550e-01,3.389025425622235188e-01,4.636489566111086369e-02,1.241074221368246994e-01,3.085973457259037489e-01,1.793198981187720531e-01,-2.104651682380803256e-03,9.390500022342374020e-02,-1.156530676080253783e-01,-2.314804057375217938e-01,-3.973814737030251232e-02,1.440368202332543979e-01,-1.140801644398766745e-01,1.004021627418562046e-01,-1.089458867688457983e-01,6.375620000893694739e-02,5.361276196434156677e-02,1.428928906564189694e-01,7.957013271370481922e-02,1.647124536395728200e-01,-6.647303275392109356e-02,-2.294606550784217269e-01,-2.205147683095759481e-01,-4.099915098976719130e-01,-2.328656329594709362e-01,-1.876491353501050230e-01,2.715715626256758330e-01,1.928236292953215136e-01,4.047544573037222676e-02,-4.502882166316635876e-02,-1.128021806157558371e-01,-6.888154073014879364e-02,-1.719424460431654700e-01,8.981634568121900711e-03,-1.497654050672505566e-01,-1.192189105858170589e-01,-1.790964743732963854e-02,-2.908709057598641845e-01,-2.205147683095759481e-01,-1.508735868448098649e-01,-2.482193127485589068e-01,1.308905670494660278e-01,-1.184056481522856308e-01,-8.657670137182180148e-02,-2.029760042897359174e-01,3.503284329058492432e-03,-1.182135037311765474e-01,-2.768532999687206564e-01
-3.615800527280039200e-01,1.689083515796058893e-02,1.656865811698467195e-01,3.924884936771080302e-01,3.043076098127708851e-01,0.000000000000000000e+00,-1.639662183296840825e-01,4.183296840788238713e-01,2.434871978193842434e-01,3.879485231690423808e-01,-1.152419679163501492e-01,-1.163769605433665477e-01,-1.569641181464765944e-01,3.174627999463783268e-01,-6.159792662764198429e-02,1.499083962643549817e-01,-3.280843648062916063e-01,-8.500379820367308381e-02,-1.385674069440100131e-01,4.971178336833638467e-02,-1.415166003842888501e-02,2.689575048036105254e-01,9.893203449662629767e-02,1.341123374592251560e-01,1.217882836587872580e-01,3.142365610617096627e-01,-1.145136065060994718e-01,1.503909915545824094e-01,-1.596586085169131655e-02,9.908843111845927476e-02,2.340363733857634410e-01,1.965548058447651736e-01,-2.429956655793377718e-02,-1.365699986594575144e-01,8.437821171634121709e-02,9.809196121363777943e-02,3.842888422181509511e-04,3.127932436659368320e-02,-7.415880959828410890e-02,-1.326466776889047849e-01,-1.189016488672416105e-01,7.280486170070155083e-02,-1.323249474954198146e-01,-5.707583001921444354e-02,5.846999419098261597e-02,4.316099915098976780e-02,-6.836766611555476769e-02,-6.760802538093749030e-03,9.883372804861700889e-02,7.742973323204789537e-02,-1.507886858215291004e-01,1.266633897850663604e-01,-1.766834979221591773e-01,-6.117788998614772517e-02,-1.697573618124134306e-02,-9.269851199785512919e-02,-1.308950355243755359e-01,5.100764109209526831e-02,-4.451494704857231893e-02,1.069037937351981771e-01,-3.365521247598194932e-01,1.057285848339961504e-01,-2.548684034139148125e-01,1.152017516421645349e-01,-3.104070780642566585e-01,2.353054202600652345e-01,-1.362527369408820799e-01,-1.107288082577416281e-02,9.755127574958666337e-02,2.000804325483712398e-01,7.415880959828410890e-02,1.869163054649448097e-01,1.047365834040841909e-01,1.508423075204432806e-01,1.363733857634389368e-01,-8.831493811162249852e-02,-2.046650878055319700e-01,-2.648465078868581998e-02,-2.199383350462487119e-01,-1.931051432146208557e-01,-2.388891371374949613e-01,-1.002636400196612876e-01,-1.085660664015371535e-01,-1.723624826846597291e-01,-2.090486616917646145e-01,-3.236516376960543034e-02,3.407122749005764284e-01,1.804727646454265255e-01,-2.637293891594798614e-02,-2.162473747709906524e-01,-1.233522498771169457e-01,-8.492783413021136318e-02,-7.635283077885517133e-02,-2.192546583850931707e-01,6.675007819831091371e-02,-1.697171455382278094e-01,-1.171053219536172252e-01,2.507708119218910597e-02,-1.627597301041154576e-01,-1.145314804057375180e-01,-1.547075383171723495e-01,-1.173913043478260892e-01,-5.461816881898207826e-02,-5.809911077349300818e-02,-6.014120380714062242e-02,-3.753116761249385425e-01,8.797086554358997390e-02,1.062513963984092202e-01,-6.090084454175789808e-02,-1.674337548594664604e-01,-1.768130836945350504e-01,-1.179722060860628335e-01,-2.798605835828231816e-02,1.449617945395236529e-01,-3.117208096876536091e-02,1.066044059162607749e-01
2.458376156217882968e-01,7.225077081192189665e-02,5.117699629116582161e-01,2.615040886545422216e-01,3.451003172617185533e-02,-1.639662183296840825e-01,0.000000000000000000e+00,1.770409759149202400e-01,-7.650922740068814842e-02,-2.596183922427275706e-02,6.045846552571607080e-03,1.295857723758881037e-02,-1.480852585012735166e-02,2.164082398677331584e-02,1.634165959158139225e-01,-1.826935966754546781e-01,-1.554939899012467153e-01,-3.446713436704053057e-01,4.543098440502256752e-01,2.765494436748737739e-01,-3.788373028285445948e-02,8.747933330354350223e-02,1.298270700210018280e-01,1.645739309173778822e-02,-3.197640645247776942e-02,-4.594039054470708955e-02,-1.472585906430135261e-01,1.210241744492604743e-01,-1.078108941418293998e-01,-2.292238259082175211e-01,-2.004379105411323025e-01,4.918003485410429171e-02,1.131462531837883756e-01,1.045355020331560775e-01,-5.396130300728361334e-02,-7.297913222217257412e-02,-2.496492247196032133e-01,-1.308771616247374758e-01,-3.560480807900263944e-02,-2.855221412931766567e-01,-2.499664864381786478e-01,4.242370079092006030e-02,-3.779793556459180581e-01,-4.596362661423656348e-01,-2.483086822467491794e-01,-2.232539434291076486e-01,-2.402296796103489951e-01,-3.722775816613789757e-01,-1.157156262567585747e-01,-1.582286965458688799e-02,-8.083024263818758270e-02,-1.050180973233835330e-01,1.124715134724518437e-02,5.392555520800750707e-02,-3.866526654452835388e-01,-7.325170919165288619e-02,-2.306179900799857144e-02,1.598373475132936969e-02,1.913803118995486829e-01,1.543009071004066424e-01,5.693283882211001151e-02,2.567585683006389785e-01,-3.065507842173466058e-01,6.260333348228249925e-03,3.537825640109030778e-01,8.499039277894454569e-02,2.408954823718664762e-01,-1.588408776084722362e-01,-4.037713928236293104e-02,1.045533759327941375e-01,2.963492559989275854e-01,-8.658563832164081764e-02,7.907860047365833367e-02,8.796639706868046582e-02,5.642790115733500173e-02,-6.569104964475624975e-02,1.310827114705750973e-01,1.674784396085616037e-02,2.316457393091737871e-01,-2.341212744090442055e-01,-1.507886858215291004e-01,-1.048125474775459115e-01,-2.010054068546405226e-01,-1.626927029804727531e-01,1.438268019125072683e-01,-1.756021269940569174e-01,-1.587336342106439036e-01,-2.662317351088073700e-02,-2.844363018901648887e-01,-1.130524152106885949e-01,-1.505429197015058750e-02,-1.964162831225702566e-01,1.590777067786764212e-02,5.207560659546896925e-02,-5.952008579471826377e-03,-1.154475177621877707e-01,-8.190267661647079867e-02,-5.092720854372402572e-02,-7.030251575137405617e-02,-9.126860002681085049e-02,-6.693775414451048032e-03,1.181822244068099492e-01,-1.906608874391170216e-01,-1.911166718798874009e-01,5.393002368291702209e-02,2.381518387774252676e-01,-6.079360114392957926e-02,1.598373475132936969e-02,-8.701461191295410680e-02,5.783547075383171920e-02,-1.616023951025515049e-01,-2.323606952946959125e-01,-2.192099736359980344e-01,3.769158586174538306e-02,1.740024129764511374e-02,9.583538138433352060e-02
-1.325975244649001406e-01,1.942714151660038524e-01,2.131909379328835175e-01,4.166495375128468903e-01,5.317038294829974643e-02,4.183296840788238713e-01,1.770409759149202400e-01,0.000000000000000000e+00,2.303811609097815016e-01,2.621162697171455225e-01,-6.213414361678359227e-02,1.490549175566379114e-01,-9.596943563161892954e-02,1.103623933151615388e-01,2.873229366817105484e-03,5.462263729389159328e-02,-6.547209437419009015e-02,-5.735287546360427063e-02,2.591715447517762075e-03,1.977300147459672142e-01,-2.629340006255864726e-01,2.815854148978953475e-01,1.973501943786585555e-01,1.486750971893292805e-01,-1.589436525313910401e-02,6.583404084186067484e-02,-2.606327360471871191e-01,1.348451673443853693e-01,-1.076008758210822702e-01,-1.572903168148710729e-02,1.678627284507797357e-01,1.776442200277045524e-01,-8.195182984047545346e-03,2.774476071316859388e-02,-1.134098932034496576e-01,-9.487019080387863734e-02,-1.678671969256892715e-01,-1.160016086509674249e-02,-3.225792037177711014e-01,-2.483042137718396714e-01,-1.996961437061530939e-02,1.876178560257384109e-01,-2.709727869878010842e-01,-2.492336565530184622e-01,-1.768041467447160342e-01,-9.390500022342374020e-02,-1.660217167880602418e-01,-2.501139461101926087e-01,-1.413378613879082979e-01,-5.741990258724697684e-03,-3.699361008087939662e-01,-7.393091737789891926e-02,-9.746190625139640462e-02,-2.138254613700344142e-01,-3.007015505607936179e-01,-1.518745252245408683e-01,3.135081996514589575e-02,2.100585370213146341e-01,2.674426918092854821e-01,7.817596854193663292e-02,-7.034720050046919249e-02,3.833951472362482904e-01,4.953751284686536138e-02,3.662317351088073547e-01,-2.856204477411859455e-01,1.149381116225032390e-01,-1.612717279592475184e-01,-1.039590687698288551e-01,1.493721792752133737e-01,2.348809151436614673e-01,1.536261673890701174e-01,-1.181062603333482286e-01,2.194423343312927321e-01,8.131283792841503821e-02,2.360203762455873877e-01,1.321015237499441330e-01,-9.262701639930291664e-02,-2.312435765673175742e-02,3.657446713436703772e-02,-2.467894007775146281e-01,-2.521068859198355439e-01,-1.077349300683676583e-02,-1.996201796326913525e-01,-2.214084632914786188e-01,-2.321417400241297668e-01,-1.135394789758255446e-01,-5.339827516868492566e-03,1.288797533401850048e-01,-1.907189776129407099e-01,-4.696813977389516920e-02,-1.351088073640466514e-01,-1.344742839268957546e-01,1.067295232137271538e-01,-9.647437329639393933e-02,-2.046427454309844018e-01,-2.691719915992671908e-01,2.846418517360024911e-03,-1.240269895884534568e-01,8.892265069931632859e-04,-1.359756914964922389e-02,-2.106617811340989188e-01,-4.506903793735198005e-02,-1.501854417087448157e-01,-1.980874927387282769e-01,8.399392287412306424e-02,-5.696858662138611779e-02,5.032843290584923523e-02,-1.815541355735287438e-02,-1.735466285356807858e-01,-1.486616917646007285e-01,-6.825148576790741883e-02,8.943205683900085079e-02,-2.917914115912239106e-02,3.715536887260378202e-02,5.416685285312122788e-02,3.044863488091514303e-01
-5.377809553599356696e-02,7.449394521649760348e-02,4.318870369542874843e-01,3.909602752580544349e-01,3.491576924795567471e-01,2.434871978193842434e-01,-7.650922740068814842e-02,2.303811609097815016e-01,0.000000000000000000e+00,1.654631574243710657e-01,1.375441261897314416e-01,3.920193038116091128e-02,-7.980696188390902501e-02,-6.665624022521113301e-02,1.910675186558827565e-01,1.769828857410965517e-01,9.714911300773046432e-02,-6.254971178336833637e-02,2.837481567540998256e-02,1.996827382814245488e-01,-1.156664730327539165e-01,3.222664104741052027e-02,4.360382501452254589e-01,4.471334733455471500e-01,5.823316502077841017e-02,1.247642879485231643e-01,-1.029268510657312674e-01,7.044997542338800323e-02,1.092854908619688148e-01,6.001161803476473371e-03,4.754457303722239847e-02,1.658474462665892046e-01,-8.519147414987264522e-02,-1.287412306179900878e-01,1.563966218329684160e-03,2.710264086867152367e-01,2.555967648241654934e-03,4.753563608740336843e-02,-1.486214754904151281e-01,1.246927923499709517e-01,1.121408463291478641e-01,-2.302158273381295014e-02,-1.660261852629697499e-01,-8.055319719379776255e-02,-1.441619375307207629e-01,6.292953215067696726e-02,-4.177130345413110346e-02,-2.521917869431163362e-01,-9.634031904910854427e-02,1.035345636534250879e-01,-2.404709772554627090e-01,-1.355154385808123585e-01,-2.964207515974797702e-01,-9.473166808168372033e-02,-5.631618928459716789e-02,-2.397783636444881239e-01,-1.757942714151660146e-01,7.828768041467447369e-02,1.612851333839760426e-01,-3.808034317887305092e-02,-1.984136914071227553e-01,-3.889807408731400101e-02,-8.257741632780732366e-02,6.718798873944323291e-02,-2.241655123106483793e-01,1.939273425979713139e-01,-1.891952276687966505e-01,-1.033692300817730947e-01,-1.985924304035032728e-01,2.507440010724339974e-01,1.801197551275749709e-01,2.638679118816747993e-01,4.271862013494794226e-03,1.097368068278296582e-01,1.210420483488985205e-01,-2.681084945708029840e-02,-1.617543232494749461e-01,2.763304884043076004e-02,1.809732338352920212e-03,-3.899191206041378172e-02,-2.094642298583493378e-01,-1.847267527592832623e-02,-6.172751240001787126e-02,-2.561866035122212781e-01,-1.362169891416059597e-01,-1.603735645024353118e-01,1.024665981500513939e-01,1.778944546226372825e-01,-5.236158898967782638e-02,-1.673220429867286196e-01,-9.781044729433843732e-02,-3.671567094150766097e-01,-9.178247464140489031e-02,-1.465972563564055531e-01,-9.794897001653335433e-02,-5.111488448992358713e-02,-6.438178649626882799e-02,-1.511863800884757914e-01,-1.105053845122659639e-01,-1.153089950399928537e-01,-2.458867688457929412e-01,-8.266231735108807432e-02,-2.749005764332633148e-02,5.862639081281558959e-03,1.472943384422896462e-01,-1.340587157603110036e-01,6.519504892980025612e-02,2.276196434157022330e-01,-3.535904195897940361e-02,-1.070021001832074659e-01,-1.246883238750614437e-01,-3.149827963715983725e-01,-1.888958398498592484e-01,-3.767818043701684494e-02,-9.397649582197595275e-02,1.191742258367219226e-01
-3.966843916171410855e-01,7.293444747307743781e-02,4.266499843603378112e-02,4.650744001072433798e-01,9.834219580857053722e-02,3.879485231690423808e-01,-2.596183922427275706e-02,2.621162697171455225e-01,1.654631574243710657e-01,0.000000000000000000e+00,-1.468028062022431746e-01,7.908753742347736371e-02,-1.011707404262925103e-01,3.620447741185933155e-01,-2.348183564949282709e-02,2.920639885607042574e-01,-1.455292908530318730e-01,-3.023236069529469661e-01,-1.941328924438089354e-01,1.423924214665534538e-01,-1.527771571562625552e-01,2.302292327628580326e-01,2.340140310112158728e-01,2.317485142320925839e-01,-7.726886813530542408e-02,1.906966352383931418e-01,1.743152062201170846e-02,1.489655480584476388e-01,-1.643594441217212654e-01,-1.166137897135707535e-01,9.583091290942401252e-02,1.033692300817730947e-01,-8.192055051610885874e-02,1.159256445775056904e-01,-3.555565485499798811e-02,-2.440457571830734196e-01,-4.676705840296706967e-02,1.088520487957460176e-01,-1.483488985209348021e-01,-1.481701595245542569e-01,-1.675409982572947931e-01,9.995978372581438773e-03,-1.473166808168372144e-01,-2.534295544930515454e-01,-1.650744001072433909e-01,-4.314759372626122969e-02,-1.027257696948031679e-01,-5.175387640198400585e-02,-1.031636802359354732e-01,1.717815809464229848e-01,-2.806693775414451086e-01,6.249162160954466194e-02,-2.835649492828097862e-01,-6.009651905804548611e-02,-2.047723312033603027e-01,-2.575048036105277438e-01,-3.583895616426113762e-01,-9.702399571026408542e-02,-9.196568211269494364e-02,2.365163769605433536e-02,-1.643549756468117296e-01,1.190759193887126338e-01,-3.853925555208007614e-01,-1.330667143303990441e-01,-1.821082264623084257e-01,3.020331560838285800e-01,-2.191474149872648380e-01,-2.297108896733544847e-01,1.858885562357567422e-03,1.630635863979623679e-01,4.346932391974619309e-02,2.092810223870592845e-01,1.578712185531078172e-01,1.485097636176772873e-01,1.374636936413602128e-01,-9.930738638902542048e-02,-1.275213369676929387e-01,3.201662272666339071e-02,-2.773180213593100518e-01,-1.053532329415970276e-01,-4.150811028196076946e-01,1.815988203226238940e-02,-2.104249519638947130e-01,-1.044863488091514331e-01,-4.217391304347826164e-01,2.179722060860628252e-02,9.771214084632914854e-02,2.036462755261629343e-01,-1.645918048170159631e-01,4.745967201394164087e-02,2.538227802850887005e-01,5.792037177711246987e-02,2.126368470441038494e-01,7.627686670539345244e-03,-1.479556727288976192e-01,-2.777469949506233271e-01,-3.356226819786407023e-01,-1.463559587112918392e-01,-1.503865230796729013e-01,-7.690692166763483939e-02,-2.037847982483578235e-01,-2.201170740426292571e-01,-1.878859645203092288e-01,-3.205683900084901200e-02,2.034675365297823890e-01,4.326377407390857160e-02,2.026810849457080232e-01,4.594039054470708955e-02,1.038026721479958815e-02,-1.009964699048214870e-01,-1.629474060503150190e-01,1.444032351758344768e-01,2.239599624648107648e-02,6.304124402341480804e-02,-1.047589257786317590e-01,1.227356003396040951e-01
1.805397917690692300e-01,2.668081683721346131e-01,-7.967290763662361608e-02,-2.646498949908396292e-01,6.771080030385628890e-02,-1.152419679163501492e-01,6.045846552571607080e-03,-6.213414361678359227e-02,1.375441261897314416e-01,-1.468028062022431746e-01,0.000000000000000000e+00,1.584699941909826215e-01,1.167389070110371324e-01,-1.218910585817060688e-01,-1.906251396398409362e-02,3.845122659636265872e-02,4.368827919031234575e-02,-1.362884847401581818e-03,1.951025514991733267e-01,1.736806827829661670e-01,-9.127753697662988053e-02,-4.985924304035033172e-02,-9.011126502524688386e-02,4.784396085615979372e-02,-1.862370972786987766e-01,-2.719781938424415957e-01,-6.309039724741945243e-02,8.950355243755306334e-02,1.981545198623709814e-01,-7.269314982796371005e-02,-4.327717949863711666e-02,-3.275392108673309734e-03,-6.759908843111846199e-02,-1.445194155234818256e-01,5.956030206890388506e-02,1.438893605612404369e-01,-1.362437999910630533e-02,-7.468608963760668684e-02,6.939988381965235542e-02,4.510478573662808632e-02,1.598954376871173921e-01,1.793779882925957414e-01,1.115867554403681960e-01,1.418562044774118458e-01,-6.118235846105724018e-02,4.636489566111086369e-02,9.515170472317797945e-02,6.155324187854685491e-02,1.130077304615934551e-02,1.078689843156530742e-02,7.228205013628848097e-02,-9.115688815407300971e-02,1.493945216497609418e-01,1.765047589257786459e-02,4.600741766834979402e-02,-1.798114303588185456e-02,2.823673980070601774e-01,1.551946020823093131e-01,4.425577550382054498e-02,3.481388802001876559e-02,1.225568613432235637e-01,-6.538272487599981753e-02,-3.244559631797667293e-02,1.015192814692345569e-01,-5.430090710040662988e-02,-3.052370525939496759e-01,-1.414451047857366306e-01,-6.272398230483935966e-02,2.192233790607265795e-02,-8.972250770811922294e-02,-7.046784932302604942e-02,1.139818579918673719e-01,8.548192501899101736e-02,-2.360248447204969097e-02,1.152464363912596573e-01,1.010322177040975933e-01,2.560882970642119894e-02,8.462844631127396100e-02,-3.392912998793511797e-02,1.282184190535770041e-01,1.604986817999017046e-01,9.919120604137807162e-02,-6.169176460074176499e-02,-1.572903168148710945e-03,-1.468340855266097623e-02,-1.046606193306224564e-01,-3.362527369408820910e-01,-6.742034943473793063e-02,1.929621520175164306e-01,-8.234058715760310398e-02,9.897225077081192590e-02,-9.490593860315474362e-02,-1.541981321774878178e-01,-4.850082666785825863e-02,3.552437553063139426e-03,3.283882211001384888e-02,2.358237633495687824e-01,6.559274319674694709e-02,3.098887349747531106e-02,2.890656418964207552e-02,-1.139595156173198037e-01,2.075427856472585875e-01,1.644398766700925010e-03,2.658295723669511570e-02,-1.139818579918673719e-01,5.056079360114393295e-02,-1.005362169891415997e-01,-1.553688726037803225e-01,1.945037758612985501e-01,5.197283167255015851e-02,1.029134456410027293e-01,-7.500335135618213522e-02,2.245944859019616546e-01,-2.073104249519638898e-01,5.165556995397471013e-03,-2.761517494079270690e-02
1.483578354707538183e-01,4.076187497207203192e-01,-7.769337325170919129e-02,2.003619464676705819e-01,6.448456141918762485e-02,-1.163769605433665477e-01,1.295857723758881037e-02,1.490549175566379114e-01,3.920193038116091128e-02,7.908753742347736371e-02,1.584699941909826215e-01,0.000000000000000000e+00,-3.332141740024129745e-02,8.009294427811787520e-02,-6.256758568300639645e-02,1.354752223066267580e-01,1.047499888288127290e-01,5.560123329907502854e-02,-2.761070646588319535e-02,2.149068322981366463e-01,-4.277671030877161495e-02,7.806425666919880081e-03,1.270566155771035433e-01,7.779614817462800376e-03,-7.752357120514768996e-02,1.762589928057553823e-01,1.318646945797399307e-02,-5.516779123285222436e-02,2.435586934179364560e-01,2.917914115912239106e-02,3.065820635417131901e-01,2.879932079181375323e-02,8.378837302828544276e-02,-8.225568613432235332e-02,-3.833504624871531680e-02,-1.251083605165556889e-01,-1.060369096027525826e-01,-6.885472988069171740e-02,-2.823629295321506902e-02,6.611108628625050887e-02,8.972697618302873102e-02,1.584744626658921296e-01,-1.426247821618481515e-01,5.267885070825327476e-02,-6.845703561374502644e-02,-6.309486572232896918e-03,-1.182000983064480093e-01,2.688234505563251095e-02,4.424683855400152188e-02,1.241431699361008056e-01,-5.410876267929755346e-02,5.051164037713928162e-02,3.551543858081236682e-02,4.548460610393672415e-02,1.339157245632065785e-01,6.905581125161981693e-02,3.325439027659859992e-02,1.722507708119218883e-01,1.246034228517806930e-01,2.173242772241833765e-01,5.156173198087492943e-02,2.194021180571071039e-01,2.442513070289110411e-01,2.145895705795611841e-01,-3.450913803118995649e-01,-8.824344251307028597e-02,-2.678984762500558614e-01,-1.678046382769560751e-01,-2.829795790696635338e-01,-3.094821037579874035e-01,-5.978819428928906950e-03,2.795031055900621189e-02,1.523794628893158642e-01,1.140891013896956907e-01,2.610706465883194105e-01,1.215514544885830522e-01,-9.467357790786004590e-02,-2.697618302873229512e-02,5.072165869788641118e-02,-2.035837168774297379e-02,5.068591089861030491e-02,-1.406363108271146967e-01,1.074400107243397851e-01,1.912954108762679184e-01,4.305375575316144898e-02,2.760802538093748426e-01,7.620090263193171620e-02,1.391080924080611292e-01,1.203494347379239493e-01,1.517315340274364432e-01,-6.715224094016712664e-02,-1.439027659859689889e-01,-1.748961079583538081e-01,-2.796103489878904447e-01,-1.512802180615755721e-01,-3.082666785825997624e-01,-7.607131685955582923e-02,-1.717592385718754167e-01,-1.633897850663568463e-01,-2.153804906385450510e-02,-1.384959113454578006e-01,-1.348228249698378012e-01,-1.857142857142857206e-01,-4.035032843290584786e-02,-2.173466195987309446e-01,-1.432459001742705240e-01,3.923320970552750253e-02,2.169891416059698680e-02,1.787389963805353140e-03,-3.983198534340229996e-02,-1.626658921310156769e-01,-3.556012332990750313e-02,-1.544349613476920235e-01,-8.106707180839180238e-02,-1.594351847714375048e-01,1.094016712096161636e-01
3.451003172617185533e-02,-1.481388802001876726e-01,8.137092810223870917e-03,-1.246927923499709517e-01,-1.230081773090844072e-01,-1.569641181464765944e-01,-1.480852585012735166e-02,-9.596943563161892954e-02,-7.980696188390902501e-02,-1.011707404262925103e-01,1.167389070110371324e-01,-3.332141740024129745e-02,0.000000000000000000e+00,-4.665534653022923584e-02,3.466642834800482548e-02,1.202466598150051386e-01,1.122391527771571529e-01,4.786183475579784685e-02,1.422762411189061257e-02,-3.043388891371374694e-01,1.389561642611376602e-01,7.524911747620537106e-02,7.940926761696233405e-02,4.074802269985253883e-02,1.035032843290584897e-01,1.998391349032575259e-01,-1.191340095625363082e-01,7.542338799767639435e-02,3.010858394030117499e-02,-1.426784038607623213e-02,-9.985700880289556658e-02,7.180839179588006417e-03,-1.618794405469413389e-01,-3.170651056794316358e-01,1.345457795254479672e-01,2.255686134322355818e-02,2.627910094284820475e-01,1.462084990392779060e-01,9.939675588721569310e-02,1.341614906832298004e-01,2.102462129675141955e-01,2.024219134009562493e-02,-1.584610572411635776e-01,-2.173510880736404527e-01,-1.351266812636846976e-02,3.324545332677957162e-03,-7.293444747307743781e-02,-2.457661200232360513e-03,-8.335939943697216747e-02,7.793913937173242712e-02,3.914384020733723685e-03,-7.401134992627016185e-02,-1.581393270476786142e-02,-1.427186201349479322e-01,-1.613164127083426547e-01,1.485857276911390079e-01,5.724116359086643679e-03,-1.264667768890477551e-01,-2.119352964833102482e-01,7.737611153313374290e-02,1.889360561240448766e-01,4.465346977076723595e-02,2.855802314670003242e-02,-3.451628759104517497e-01,2.330309665311229295e-01,-9.003530095178514936e-02,5.747799276107064953e-02,-8.945886768845792703e-03,-1.481031324009115802e-01,-1.963045712498324435e-01,5.658876625407747996e-02,-1.603690960275258037e-01,-1.540372670807453326e-01,-3.448634880915143475e-01,5.806783144912640998e-02,-2.180571071093435898e-01,5.755395683453237710e-02,2.283390678761338874e-02,-1.786004736583404195e-01,8.847580320836498933e-04,4.825952902274453782e-02,8.450779748871710406e-02,1.011975512757495865e-01,-1.201617587917243879e-01,-6.488225568613432623e-03,2.811028196076679198e-01,-1.829125519460208238e-01,-2.210867330979936485e-01,-4.553375932794137201e-03,6.702712364270074774e-02,4.733455471647526891e-02,1.029000402162741912e-01,5.106126279100942772e-02,6.676348362303945183e-02,-3.943429107645560899e-02,1.219312748558916831e-01,-2.575182090352562750e-02,-9.322132356226819905e-02,3.494347379239465257e-02,-1.959873095312569813e-02,-8.440502256579829332e-02,-2.620760534429599289e-02,1.334733455471647477e-02,-8.928012869207739566e-02,1.757183073417042662e-01,1.354484114571696818e-01,2.386612449171097994e-02,6.232628803789266869e-02,7.323383529201483999e-02,1.306537378792617943e-01,1.028196076679029417e-02,-9.002636400196613320e-02,1.828544617721971355e-01,4.893426873408105587e-02,2.399034809419545167e-01,-2.115822869654586727e-02
