1.000000000000000000e+00,7.331032998908271203e-01,6.062587159033859807e-01,4.301094119803329230e-01,2.730247272669317771e-01,1.089322570105746291e-01,5.891847094167615984e-01,3.233940823498474004e-01,2.397230036098781658e-01,6.007219756313302017e-02,6.817250914422777752e-01,4.636231064077329656e-01,5.032871407055597990e-01,4.368733514491309755e-01,6.845380870036417431e-02,-7.984126098701878338e-02,2.076277602020894231e-01,1.059742288168684099e-01,5.322665731657755250e-01,5.387914478559874265e-01,-2.487214018758616418e-01,-1.251265051120018512e-01,2.034393452812597036e-01,1.250101602530899192e-01,2.802046394504697502e-01,2.678418028671835649e-01,9.146777805225955738e-02,1.460685797161504276e-02,3.687016391874984866e-01,1.040808357704659376e-01,1.896755890954585633e-01,1.461084238459147699e-01,3.824797392600148283e-01,4.850114352652423744e-01,1.942481014272167197e-02,-1.236092406505749502e-01,-1.996732781359322195e-01,-2.988867550143837204e-01,3.289212600307596379e-02,2.152395827522731175e-01,-1.932535919482982478e-01,-9.214353449306313115e-02,-2.548908669285754325e-01,-2.072882882164970575e-01,-1.817195132641107880e-01,-2.296886579700212760e-01,7.608635019802532755e-03,-2.118815194957326953e-01,-8.415717712309445098e-02,-1.567308688410936485e-02,-4.576496744734598332e-02,8.244706707360804909e-02,-2.749244953740965190e-03,-1.252364749101514962e-01,-1.810357879973543624e-02,-9.020073472575285134e-02,5.828973057399453594e-01,5.146554678099275471e-01,-2.689000629537250178e-02,2.107515399756153818e-01,3.910956338802604182e-01,4.290129015292177272e-01,4.143486680107419939e-01,2.186821155639139813e-01,8.591988142386982469e-03,-6.192096518419941409e-02,-6.915665914940752335e-02,-1.317374431225047660e-01,1.511861597430850523e-01,4.799942624453139295e-02,2.456055909282885419e-01,2.737578592545960032e-01,3.888133621273577867e-01,3.781765732454637208e-01,2.002247208918709886e-01,1.794276789200646982e-01,2.629314123150236493e-01,7.970738471101052047e-02,1.480528173784156354e-01,1.878778219604905486e-01,-1.049876881639028176e-01,-8.943094613870537779e-02,-2.713911179465929302e-01,-1.401318043812605219e-01,-6.142530420993075335e-02,-2.937420809792093412e-01,-2.156523679366318877e-02,3.664384926168827439e-02,1.635203085529408906e-01,-1.093864800898883549e-01,-3.325359194829825560e-01,-3.894668058554933143e-01,-2.979352771956107482e-01,-2.433822884874371484e-01,1.896851516866020215e-01,2.101044713082421689e-01,2.240451354301970788e-01,1.832049024217262123e-01,1.256205723210799402e-02,-1.171768043414163768e-01,-7.559547051932838380e-02,1.024440389197459472e-01,1.562686769358270500e-01,-3.105802102176286605e-01,-6.525671572807177634e-02,-2.765118855039087054e-01,1.195754209532309542e-01,-9.332292073408825217e-02,1.564949915928886270e-01,2.072691630342101549e-02,-1.973926001482201598e-01,-2.002518149001107639e-01,-1.651969495334252302e-01,-1.130617026193530932e-02,-1.604124664313206702e-02,-1.285483189761652545e-01
7.331032998908271203e-01,1.000000000000000000e+00,5.564870227669357350e-01,4.724621281546589890e-01,2.356047143574337144e-01,1.609272525878762405e-01,4.722166883153104955e-01,3.557044840583636902e-01,1.259743881933874654e-01,1.616285092717290039e-01,4.518196814063383804e-01,3.270772737052650148e-01,2.631210703727019928e-01,3.710906932081696197e-01,5.702332475356405861e-02,-2.546996151057064756e-02,2.857907864434333089e-01,2.455466216162372761e-01,3.345759389269178929e-01,5.593924567093530031e-01,-3.845643841292862297e-01,-3.370940879280255875e-01,2.379587055439122134e-01,1.929141199627058822e-01,2.546788961582290289e-01,2.148395476894389144e-01,1.686920765963550728e-01,4.590362501892596148e-02,4.236020687072173385e-01,2.263353760090525968e-01,2.355027133852369559e-01,2.250571763262118608e-01,5.010590569691367735e-01,5.820398600674162592e-01,2.431766927778530527e-02,-5.655794531791630969e-02,-1.865406529655985746e-01,-2.784419351496943973e-01,4.455529966769995742e-02,1.449736630302257689e-01,-3.288622907187084277e-01,-3.043613384440070346e-01,-4.609105180533751844e-01,-3.907832559029078001e-01,-1.004088007713823533e-01,-1.979057925395851514e-01,-1.335670855612842434e-01,-2.568559794085537584e-01,-2.059798069950354305e-01,-2.751715289786355600e-01,-3.043820573914844951e-01,-2.112535760106463434e-01,-2.932257010574632061e-01,-3.922877702428101410e-01,-1.811425702651228431e-01,-2.556431240985265751e-01,6.139024137573810824e-01,7.373698093059949388e-01,-2.695519129166699668e-01,6.246762664456645409e-02,1.939405047454358655e-01,4.428212831403549044e-01,4.932878578998955987e-01,4.346580178342324685e-01,9.336276486385261184e-03,-6.443273912454478003e-02,-5.521918255783375695e-02,-1.599263680481954608e-01,3.512180350468965262e-01,1.072380846129939724e-01,3.318824757548470283e-01,3.499589605463427344e-01,3.376774059877758472e-01,3.716740112679198793e-01,2.044848552462765756e-01,1.903338141191658339e-01,1.996971846137908513e-01,4.143948872012686441e-02,2.249328626413470422e-01,3.013746224768704685e-01,-8.258413087999745550e-02,1.282215971120974629e-01,-4.040370072277251201e-01,-2.756512523009985172e-01,-2.447385826646160389e-02,-9.259138251161457001e-02,3.399979281052522423e-02,-5.802899058881655012e-03,1.059280096263417459e-01,-1.951581413510347640e-01,-2.320793057558829808e-01,-2.802907027707607912e-01,-1.545649419471029351e-01,-1.539991553044489925e-01,3.079106535234163999e-01,3.787200471754496589e-01,3.729824924893815341e-01,2.044466048817027704e-01,-4.149845803217811629e-02,-2.066906262700316244e-01,8.016638908589597545e-02,2.428579397397381476e-02,2.786411557985162268e-01,-1.955549888834877958e-01,-4.831977304783686283e-02,-2.233135972077233966e-01,1.759628333957558022e-01,-6.062523408426236798e-02,2.062332156603367550e-01,2.191028695742256172e-01,-1.545474105300066216e-02,-1.587135127381682775e-01,-2.204001944393532419e-01,1.130617026193530932e-02,-9.595103953334555014e-02,-1.394560479404569342e-01
6.062587159033859807e-01,5.564870227669357350e-01,1.000000000000000000e+00,5.790356126831833761e-01,3.375244045294806816e-01,2.197355943548836843e-01,8.069663476480010145e-01,3.802086238634461712e-01,1.885025779151957570e-01,1.368980548095848904e-01,4.095020280662050038e-01,1.855413621911083943e-01,3.593095809194431500e-01,3.069320816964036802e-01,2.875646471005426918e-01,-7.140068053773637735e-03,-2.842320840870514453e-02,-2.295978133541585336e-02,4.922343791089258680e-01,3.465722095163719652e-01,-1.733586210743571221e-01,-1.354955414418793636e-01,6.035780028528396901e-01,4.504601996987783741e-01,3.790180812660870480e-01,3.030879200567380138e-01,9.426005466614603701e-02,-1.402991497262708227e-02,1.742017228601710210e-01,-4.117811122887265335e-02,1.135191132290479660e-01,6.398807863637449855e-02,2.620197786260150541e-01,3.095681693216138508e-01,1.102136442237965086e-01,-3.906477858617089793e-02,7.379132832359808734e-04,-2.633441974993824264e-01,2.303803520627306090e-01,3.037413637848735970e-01,-8.535728231159703250e-02,5.955900517176804070e-03,-2.702802636087625054e-01,-2.373658248930185233e-01,-2.204017882045438137e-01,-3.348819418435081685e-01,-1.129278263433448337e-01,-3.170508968913610115e-01,-2.700204798826988939e-01,-2.679294599526651499e-01,-1.033572663739451281e-01,-1.470089011785893629e-01,5.799552151981448439e-02,-1.562128951541569277e-01,1.861374303723832280e-01,-1.026894787590944269e-01,1.893472734662002277e-01,1.952999864529958718e-01,-3.511192216050809112e-01,-6.816055590529847275e-02,2.857015355927611244e-01,2.143215740025022076e-01,2.631370080246077103e-01,1.734016527345026270e-03,3.194176381993640845e-01,-1.306887456271067490e-04,9.796077743865996834e-02,-2.279466726167233837e-01,1.357473563419901441e-01,-1.346269394130162889e-01,4.342579827713982654e-01,2.924702563571309200e-01,3.624716110575428862e-01,3.833069033939229819e-01,1.551737602499023705e-01,3.154730693526922591e-01,3.841101610499725316e-01,2.070269107252428464e-01,1.670489046848727677e-01,2.196383746782586410e-01,6.281984875168342142e-02,8.381929890269267103e-02,-9.511271904310338032e-02,8.561228474208894268e-02,2.567268844281171969e-01,-1.368072101937221619e-01,1.658647371482759314e-01,1.937030337320402584e-01,4.043764792133174857e-01,-1.207245256556351565e-01,-3.037302074285395670e-01,-3.614914454653395670e-01,-2.130099052506594093e-01,-2.088963972937867009e-01,1.216807847699798439e-01,1.190510722055319603e-01,4.896365418482894610e-02,1.452525719385762970e-01,1.415104112711074343e-02,-1.947708564097251627e-01,6.841077704021866768e-02,3.528755508450939771e-02,2.227302791479731370e-01,-1.959789304241806029e-01,-1.631776490369673815e-01,-2.204942265855971417e-01,-2.097076237757891301e-02,-1.461657993927754640e-01,-3.295268908031779437e-02,-2.250237072572098054e-02,-1.890014264198455751e-01,-1.829849628254269223e-01,-2.446365816924192527e-01,-1.137948346070173471e-02,-4.237981018256579968e-02,-1.988604578887392393e-01
4.301094119803329230e-01,4.724621281546589890e-01,5.790356126831833761e-01,1.000000000000000000e+00,3.185777239439313568e-02,4.425407804668138323e-02,6.873192072611942205e-01,8.075735721856098781e-01,1.882810445537058952e-01,3.468782124329622407e-01,2.488951222816342401e-01,2.939221764457442543e-01,2.458032178119197719e-01,4.495549410705320659e-01,2.590027811202575553e-02,1.721377969383770801e-01,-1.098534532907266825e-01,-5.405573396871438813e-02,5.013427471730590446e-01,5.573301245527496617e-01,-3.467634613392409082e-01,-1.883846392910932532e-01,4.527058148522978276e-01,4.488138402569149532e-01,-8.012176366055988319e-02,-6.280550486496824791e-02,-1.660990206312903950e-01,-1.937604092789009524e-01,6.714851500928367689e-02,-2.833077002765182692e-02,4.012941373347464480e-02,1.424300137860688986e-01,3.723784554821538140e-01,5.231008295547816545e-01,8.803480783176215185e-02,1.244316234889113748e-01,-1.979376678433966419e-01,-4.098956880682769199e-01,1.230992357895911160e-01,1.797830885575628090e-01,-2.358533417271633237e-01,-1.694634589485931042e-01,-2.182629553187928895e-01,-2.575333296145478901e-01,-3.170413343002175255e-01,-3.137183338778697927e-01,-5.400951477818773105e-02,-1.843986325494664791e-01,-4.053088318498035414e-01,-3.901218433488194415e-01,-2.839850504825124355e-01,-3.055518810413661579e-01,-7.217365665516499440e-02,-1.993832128712476892e-01,1.251535991202416265e-01,-1.306393389061989430e-01,6.832949501549936966e-02,2.242061057144451031e-01,-2.183904565340388515e-01,1.378288136808803951e-02,8.517240554949039033e-02,3.081720310146706110e-01,1.795982117954561808e-01,2.249934257185888797e-01,-1.400983353122584318e-01,1.915769509678139082e-01,7.977432284901465886e-02,1.396712062411844812e-01,1.485341344659691365e-01,1.258054490831865824e-01,3.035293930145271935e-01,2.851214050633920083e-01,1.923594896763859696e-01,2.663436635880435666e-01,2.303548518196814054e-01,3.356421678394121977e-01,3.787439536533082629e-01,2.648375554829506817e-01,4.280056419287746328e-02,1.381332228322801337e-01,-8.767939819426404102e-02,5.558096725609416172e-02,-2.124696188510546702e-01,7.688323279331256421e-03,7.245256556351552767e-03,-1.229239216186279321e-01,-8.103180358437792052e-02,9.120321303062420282e-02,1.487158236976946213e-01,-4.827992891807249970e-02,8.773836750631529291e-02,-1.065543593462375122e-01,1.391165759548645686e-01,8.034170325685915937e-03,2.276215445178461916e-01,2.562519424013260383e-01,1.536230267194734211e-01,2.205372582457426622e-01,2.060483388982301267e-01,1.538620914980595895e-02,2.548016160779032480e-01,1.285801942799767172e-01,2.639466407414195470e-01,-1.879846042282590571e-02,-1.001649546972244592e-01,-2.329208137765063080e-01,3.911896660265043457e-02,4.588131230625792228e-02,4.455211213731880698e-02,5.566065551562288105e-02,-2.901449529440827332e-02,-7.531656161097785573e-02,-1.540071241304018790e-01,1.233462693941301674e-01,1.297595805210018383e-01,-2.728127564965853735e-01
2.730247272669317771e-01,2.356047143574337144e-01,3.375244045294806816e-01,3.185777239439313568e-02,1.000000000000000000e+00,6.890436611973957959e-01,2.864139486329478901e-01,-9.678298496282543295e-02,5.235391149821896351e-01,1.267075201810517193e-01,3.453912295101562724e-01,1.917937030337320270e-01,3.284781933077799421e-01,1.757907067551737479e-01,2.934950473746703037e-01,9.916407015754368642e-03,2.077855429559563039e-01,8.196893751643570536e-02,8.848584338069472033e-02,5.878602905433942538e-02,1.398146451083361885e-01,1.605590928288535280e-01,1.514602873558638652e-01,-9.361776729434452549e-03,5.895704005928806835e-01,6.699248539712644446e-01,4.442222027428698872e-01,5.723975806644406861e-01,3.029141996509654433e-01,1.721330156428053371e-01,3.702029659970196840e-01,1.791551450724764849e-01,1.586354182438301230e-01,8.873925204599605876e-02,-2.318561786292025473e-01,-2.593884722963765710e-01,-5.333694586776530078e-02,-2.060180573596092080e-01,-3.300368956641618057e-02,-1.535624636422315836e-01,-6.920128457474360693e-03,-6.681701184964419782e-02,-1.359577333471459759e-01,-1.475093434484297528e-01,-1.212122178039509446e-01,-1.866235287555084443e-01,-1.604523105610850264e-01,-1.766019332371761563e-01,5.708866912637761311e-03,-2.222027428698929857e-02,-3.802883121229749114e-02,1.197826104280056425e-01,-1.281785654519519702e-01,4.241009172118671844e-02,-1.799249336595239446e-01,-1.709647857581142461e-01,1.653897951214847450e-01,9.078086525512196747e-02,-5.423264190486815767e-02,4.812373992939620454e-02,2.988341607630947694e-01,1.602164333128800189e-01,2.893161950449840147e-01,-3.737379371897138394e-03,2.657985958928670844e-01,-5.479364725195037117e-02,-1.066691104399588863e-01,-2.795766959653834260e-01,-5.312019380184717504e-02,-2.583875877566957913e-01,9.388711361155160917e-02,3.893249607535322065e-02,1.431137390528253450e-01,1.482106001322825162e-01,-1.485277594052068217e-01,-7.373554654192797375e-02,-2.673636733100112628e-01,-3.043199005490521136e-01,2.244802333272238881e-01,8.940066460008447291e-02,9.282088469905728015e-03,-4.060913705583756028e-02,-8.627688482655850033e-02,-1.227868578122385257e-01,-1.091872594410665531e-01,-1.359226705129533141e-01,2.587063407948106963e-01,-2.672425471555275878e-02,7.903481580058810407e-02,-1.868179681087585309e-01,-3.119811298201435878e-01,-1.708325032472965688e-01,-2.543521742941612374e-01,-7.789367992413677444e-02,-3.205061798245264527e-03,1.837292511694251992e-02,-4.360541561411757083e-02,-1.564137095681693290e-01,-3.347942847580265835e-01,-3.415247551578226015e-01,-1.035182366581931523e-01,-3.904724716907458093e-02,-1.445003147686251266e-01,-2.155423981384822496e-01,-1.244539362015794209e-01,1.383706938456757095e-02,5.962116201420044476e-02,-5.801783423248253052e-02,1.903226577628318039e-01,-4.497764744320219277e-02,-2.041262580783973213e-01,-2.548079911386655350e-01,-1.799998406234809556e-01,-2.869797352756018327e-01,-1.007132099227820710e-01,4.092310879838073623e-02
1.089322570105746291e-01,1.609272525878762405e-01,2.197355943548836843e-01,4.425407804668138323e-02,6.890436611973957959e-01,1.000000000000000000e+00,1.333280207826980923e-01,4.510355489325757394e-04,3.651363864561834038e-01,3.766274334802253709e-01,1.089147255934783121e-01,2.055574592195331951e-01,1.868562184733323361e-01,1.930495900039047308e-01,3.661563961781511001e-01,3.333057080700300157e-01,2.943732119946768089e-01,2.094303086326291530e-01,3.894524619687781547e-02,3.191833547163496626e-02,2.255464622397182206e-01,2.366805058610714774e-01,2.030313413924726418e-01,1.570480281140179679e-01,6.023412410649539028e-01,6.973997720915777743e-01,5.871893153981624369e-01,7.038784275912629562e-01,3.584393851253894758e-01,3.989688339216982960e-01,4.969997370287435601e-01,3.489469196503279247e-01,1.585334172716333645e-01,1.054180047653579255e-01,-1.809194431384424095e-01,-3.177186845062117126e-01,-1.456621695925539306e-01,-1.804365322856983367e-01,-1.137900533114456214e-01,-1.433432412402680656e-01,3.915881073241479250e-03,6.085792380208623897e-02,-1.514443497039581199e-01,-1.881280430954107574e-01,-2.915634039636940192e-02,-1.253576010646351435e-01,-3.333997402162739432e-01,-3.709345042194933662e-01,1.688434842894596249e-02,-1.237223979791057388e-01,-1.513295986102367596e-01,3.395676115037971760e-02,-3.584505414817235058e-01,-8.213628286144601665e-02,-2.158420259943102659e-01,-2.480711456781072577e-01,1.596633967917506641e-02,-4.944178374200128984e-02,-2.658368462574409175e-01,-1.504578090509925137e-01,5.070404577293627368e-02,1.576090334611001675e-01,3.291093243232474652e-01,1.586975750862625323e-01,2.805409239056809723e-01,1.215931276844982450e-01,-9.319063822327056101e-02,-2.849221844145701787e-01,-1.606897815744806335e-01,-3.784889512228163388e-01,2.618205579771932245e-01,1.957318968196415654e-01,2.245917968905641049e-01,2.909561794260851486e-01,-2.504920750025898743e-02,1.123508833443568750e-01,-2.758185976460088007e-01,-2.470431671301867027e-01,4.399493182669397262e-01,3.191594482384910170e-01,2.345703607487509001e-01,2.465140370869159936e-01,1.416219748344476476e-02,-2.248165177824351310e-02,-7.191068539872021159e-02,8.165974706946425854e-02,3.300113954211126299e-01,7.705057813832287550e-02,7.516356015268270407e-02,-2.086206759158173163e-01,-2.959510395333455612e-01,-2.814174947604969335e-01,-2.417980858880061090e-01,-2.810668664185705379e-01,-1.999872498784754093e-01,-1.063774514100837565e-01,-1.564408035764090765e-01,-2.121795535863701121e-01,-4.322896827610387960e-01,-5.680736957024121736e-01,-2.331519097291396003e-01,-2.765772298767222859e-01,-3.080126544956131585e-01,-2.885623441098422726e-01,-2.817155288511343780e-01,1.455107618994493437e-03,1.362382360206870757e-01,-3.773876594761294001e-02,2.010630413821131723e-01,-4.684235271617432500e-02,-2.426188749611519757e-01,-2.852090621488735933e-01,-3.588952019698937734e-01,-3.185187546318800633e-01,-1.506012479181442210e-01,1.348054411143606302e-01
5.891847094167615984e-01,4.722166883153104955e-01,8.069663476480010145e-01,6.873192072611942205e-01,2.864139486329478901e-01,1.333280207826980923e-01,1.000000000000000000e+00,6.260739985177983247e-01,4.494497525679541639e-01,2.470463546605678462e-01,5.896803703910302730e-01,4.407318569755118154e-01,6.266222537433560058e-01,5.375259982946712922e-01,3.154188813362127086e-01,9.191403230562041060e-02,-2.335981639825004605e-02,1.767485596347090262e-03,6.417885232968626452e-01,5.289786355776203708e-01,-3.231311110934025899e-01,-2.140522276852951378e-01,5.389731370877128835e-01,3.443791886141414627e-01,1.940791623170158298e-01,1.661516148825793460e-01,-1.477420331662536099e-02,-1.169743961622134176e-01,2.530277554207938651e-01,5.060682609631123041e-02,1.509311573125931283e-01,1.102901449529440775e-01,3.839826598347265696e-01,4.891711624126417468e-01,6.644725832543091348e-02,-8.225422148554853430e-02,-2.080405453864482279e-01,-4.902597040378041116e-01,1.097291396058618640e-01,1.677374112472009571e-01,-1.799743403804317521e-01,-1.172756177832319918e-01,-2.535409478121588567e-01,-2.564814445887687588e-01,-3.342986237837579644e-01,-3.574910948369976471e-01,-1.333567085561284393e-01,-2.997362318609599341e-01,-3.327542653140913020e-01,-2.348938950824374927e-01,-1.608332204416323408e-01,-1.088924128808102659e-01,4.955015977496035617e-03,-8.895600411191419143e-02,1.297595805210018383e-01,-1.014989361617352898e-01,1.625560806126433444e-01,1.831666520571524071e-01,-2.197595008327423161e-01,1.561889886762983309e-04,4.169449115061877875e-01,3.527894875248029916e-01,3.362111420124472838e-01,1.210990604754201561e-01,1.198479548008191953e-01,1.097227645450995770e-01,1.451473834359983672e-01,-4.912143693869581995e-02,3.815473866235287448e-02,-6.294416243654822607e-02,2.826813505566224682e-01,2.741993322123851273e-01,2.395397206129620815e-01,3.307971216600658071e-01,1.669628413645817544e-01,2.626636597630070957e-01,3.269816477938305432e-01,1.586083242355903755e-01,2.167138155535544841e-01,2.418235861310553125e-01,-2.155089290694801873e-02,2.664775398640518295e-02,-2.073504450589294668e-01,-2.272390408721083194e-02,6.374901385778833363e-02,-2.368016320155551524e-01,6.945309947485436841e-02,9.291969814087290558e-02,3.229223278534373298e-01,-1.050753452493844026e-01,-1.506857174732446625e-01,-2.437600108376032915e-01,-1.135430197069065839e-01,-3.833005283331606533e-02,9.963741841914430797e-02,2.206296966267959625e-01,9.345520324490592945e-02,1.848337304464933162e-01,6.063479667540581236e-02,-7.017826263656574970e-02,9.339145263728294843e-02,2.215939245670935365e-01,1.971439727784905505e-01,-1.595167703942178272e-01,-1.429591438293396355e-01,-1.259520754807194332e-01,4.155105228346707424e-02,2.077313549394767603e-02,1.113659364565818544e-01,6.229231247360326323e-02,-2.335121006622094264e-01,-1.533058674465490878e-01,-2.003203468033054602e-01,-2.819848751683414617e-02,5.607344069998167202e-02,-2.602538867948585022e-01
3.233940823498474004e-01,3.557044840583636902e-01,3.802086238634461712e-01,8.075735721856098781e-01,-9.678298496282543295e-02,4.510355489325757394e-04,6.260739985177983247e-01,1.000000000000000000e+00,2.552032449059279950e-01,4.453713074452740894e-01,3.081656559539083240e-01,5.368040226633410406e-01,4.048179521711066098e-01,6.585278390934663495e-01,1.207261194208257282e-01,3.226067623457036238e-01,-1.127206368685701593e-01,-2.796898532939142215e-02,4.465267872084405787e-01,5.240252133653149347e-01,-2.929531672098749651e-01,-1.714142275418562567e-01,3.316689112193100808e-01,3.242626843787104751e-01,-2.360493748456040097e-01,-1.767533409302807501e-01,-2.109029476687199756e-01,-2.243001378606889751e-01,1.380184717385587456e-01,1.036409565778673852e-01,9.366239271968060387e-02,2.240610730821028240e-01,3.926368048195459370e-01,5.864848711839284467e-01,1.096159822773310755e-01,5.047773111587469663e-02,-3.515734446843946648e-01,-4.926583206496186751e-01,7.449258500745084555e-02,1.761094597932886530e-01,-2.079752010136346474e-01,-8.147487030735761637e-02,-1.936600020718947379e-01,-1.770051558303915029e-01,-2.550629935691574590e-01,-1.921092685414657886e-01,-1.613320689462821311e-01,-2.742822080022950249e-01,-3.423312003442532947e-01,-2.759221923833961587e-01,-2.715791822390807297e-01,-1.553873247854393735e-01,-1.967024998207014264e-01,-1.969128768258572582e-01,1.244698738534851662e-01,-1.349616301030369114e-01,-1.043916199826279596e-02,1.378256261504992586e-01,-2.063702794667261753e-01,2.413438628086923832e-02,2.479755197666727862e-01,4.829060714484935124e-01,2.499677262548908596e-01,3.715401349919116303e-01,-1.573317183179402112e-01,4.111340436213532512e-01,5.437767453721042976e-02,2.330387524006088118e-01,-2.594012224179011866e-02,7.329247981894827790e-02,1.858473651076986699e-01,2.888014088884284791e-01,1.647459139844926757e-01,2.805903306265887798e-01,1.835395931117468349e-01,2.424977488066683007e-01,3.765079010909322954e-01,2.360270621329359497e-01,1.711847253544135361e-01,1.927053367227406500e-01,-2.916590298751285150e-03,1.669692164253440414e-01,-1.494282367378814147e-01,1.765891831156515823e-02,1.314218776147710148e-02,-6.088183027994485685e-03,2.958187570225278770e-02,1.451521647315701102e-01,2.070077855429559577e-01,-6.917419056650384035e-02,1.004821139701487787e-01,-1.886810796165400983e-01,1.326427017507510742e-01,-3.857708643785510982e-02,7.251790993632907523e-02,1.608172827897265955e-01,8.476599542589390024e-02,1.548693510985026667e-01,1.420793854441425030e-01,-8.373323558240164388e-02,1.974993824159886613e-01,8.481380838161113600e-02,1.284048801090135472e-01,-1.386448214584545258e-01,-6.877574926886022288e-02,-1.427519543545649472e-01,1.078341527942688199e-01,1.142984644072388839e-01,1.451776649746192860e-01,-4.593231279235629981e-03,-1.736678115213285689e-01,-1.330315804572512195e-01,-2.276422634653236521e-01,7.906190980882786545e-02,1.281881280430954007e-01,-1.689327351401317956e-01
2.397230036098781658e-01,1.259743881933874654e-01,1.885025779151957570e-01,1.882810445537058952e-01,5.235391149821896351e-01,3.651363864561834038e-01,4.494497525679541639e-01,2.552032449059279950e-01,1.000000000000000000e+00,4.905258628246300656e-01,5.708580034903457667e-01,5.736088422092773254e-01,6.644454892460693873e-01,5.802086238634461823e-01,4.915586226681222803e-01,4.004303166014551163e-01,5.050163759373331451e-02,8.553578401294137379e-02,2.713528675820191527e-01,2.959271330554869572e-01,1.534317748966044885e-02,1.618101985034544887e-01,5.039644909115539861e-02,-1.924439592314864389e-01,1.623520786682497996e-01,2.015698587127158492e-01,2.806142371044473838e-01,3.008996804500793099e-01,2.761532883360294788e-01,1.461450804452980035e-01,1.721696722421885706e-01,1.009666185880834233e-01,1.778418825554431149e-01,2.017260477013921582e-01,-1.558686418729928469e-01,-1.686139821020169183e-01,-3.169042704938281330e-01,-3.837834391859047400e-01,-1.473722796420403325e-01,-1.102518945883703000e-01,3.764632756655961893e-02,-6.230665636031843674e-02,-1.671493118918789822e-01,-1.802516555235917084e-01,-2.164731570097777613e-01,-1.067121421001043929e-01,-1.966817808732239381e-01,-2.009132274541991781e-01,-9.534381499573667262e-02,8.975129294201085461e-02,-5.507574369068204967e-02,1.589573588123261716e-01,-1.995840272852600628e-01,-2.390647785861709112e-05,-1.344962506673891833e-01,-4.440229820940480923e-03,9.240969327988907134e-02,8.163265306122448328e-02,2.279881105116783047e-01,1.850233885041716875e-01,5.445545027851046438e-01,4.020416132091259032e-01,3.259520754807194165e-01,1.859812413837069467e-01,1.839523782961056259e-02,1.603917474838432167e-01,-1.162189514618811176e-01,6.075432906469889482e-02,-7.129389826996788970e-02,3.310887806899409647e-02,-7.887543928153065154e-02,-3.129198575173919306e-02,-2.604371697917745934e-02,4.950394058443369216e-02,-6.672138593820972630e-02,-5.226912319008040347e-02,-6.938138004127851477e-02,-2.305365410514068902e-01,1.747196965471077279e-01,4.908159280893145682e-02,1.814820422507152156e-02,-5.014782172142578237e-02,-4.792930057614611800e-02,-1.278056243973575423e-01,-1.612412243304194026e-01,-8.274828869462662329e-02,1.737443122504761239e-01,-8.273713233829259328e-02,1.294456087784586623e-02,5.826964913259329720e-02,-1.031373267776458519e-01,-5.574990636629505170e-02,-1.002446429567531855e-01,8.968116727362557272e-02,-6.453314633155096680e-02,3.433607726573643937e-02,-1.148817824669891435e-01,-1.375451234769581310e-01,-8.676457697487428844e-02,-8.878706500171329452e-02,1.248268772561738488e-01,1.612428180956099744e-01,-2.686450605232331215e-02,-3.751723258612308862e-03,-1.074548366789120912e-01,7.651507303428985163e-02,7.719561077066515453e-02,-9.542669078564655627e-02,2.371315414100040597e-01,1.050912829012901478e-01,-3.177298408625457427e-01,-2.594665667907147255e-01,-1.115045940281618325e-01,-2.407701073400855818e-01,-1.085672847819330739e-01,-1.995744646941166045e-01
6.007219756313302017e-02,1.616285092717290039e-01,1.368980548095848904e-01,3.468782124329622407e-01,1.267075201810517193e-01,3.766274334802253709e-01,2.470463546605678462e-01,4.453713074452740894e-01,4.905258628246300656e-01,1.000000000000000000e+00,1.520436054156141248e-01,3.957828973057399558e-01,1.679254755396887289e-01,3.953812684777151532e-01,3.291332308011060692e-01,5.662201467857740367e-01,-9.114902501414466618e-02,-7.795105547099745458e-02,1.116575954864569842e-01,1.897090581644606255e-01,-1.062770442030775558e-01,-5.892946792149112573e-02,1.798882770601407249e-02,-5.470599016646877227e-02,-7.936153766465586790e-02,4.745754607973607514e-02,3.538397787853915233e-01,2.906693016917817340e-01,6.260469045095586049e-02,1.582704460151885817e-01,9.181521886380479558e-02,1.187434755237510853e-01,6.995832304026647352e-02,1.911466343663588141e-01,-1.754862976037740441e-01,3.179720931715130511e-02,-2.537035118615974527e-01,-2.807752073886954358e-01,-1.521583565093354851e-01,-8.516921801910924683e-02,-2.278000462191905329e-01,-2.042266652854035081e-01,-2.973678967877662616e-01,-3.337918064531552598e-01,-2.744575221732581949e-01,-2.000255002430491869e-01,-3.114264995338236752e-01,-2.338547601781829355e-01,-1.997338412131740570e-01,-4.703201077385268936e-02,-1.576488775908645446e-01,-1.233255504466527000e-02,-3.475651252300998584e-01,-1.149072827100383332e-01,-1.332244260453107343e-01,-9.220250380511439692e-02,-1.770720939683956274e-01,-4.770776721465626313e-02,-1.487046673413605913e-01,6.529177856226442422e-02,1.342061854027046253e-01,4.702228880619018225e-01,8.571587947947628683e-02,1.955916454828710016e-01,-9.804843452414155336e-02,4.008845396807688144e-01,-1.228872650192447125e-01,2.257409015929683072e-02,9.095777319127572313e-02,5.050641888930503670e-03,1.583469467443361645e-01,2.501685406689032609e-01,6.057263983297341003e-02,1.612380368000382591e-01,1.421606674688618011e-01,1.355784172317892333e-01,7.665373060586984366e-02,-5.651650742296137481e-02,2.443497039581158381e-01,1.609463777701631293e-01,3.762082732351042930e-02,1.325152005355051121e-01,-1.559610802540461749e-01,-1.845596028337145034e-01,-1.576345337041493710e-01,4.722645012710277590e-02,4.831339798707456196e-02,-1.152690674082987310e-01,-7.176724653156850431e-02,1.058068834718580847e-01,1.816972005514427557e-01,2.241152610985823468e-02,1.980731378845954627e-01,7.149790021436142062e-02,-8.270525703448111665e-02,1.385300703647331655e-01,-3.139398672393596545e-02,-1.151001282980978480e-01,2.267927866187474488e-03,-1.599964937165807288e-01,2.821840958171632496e-01,5.053829419311652721e-02,8.632310401708516434e-02,9.628573022336618659e-02,1.387691351433193408e-02,1.419837595327080593e-01,1.490871709870984774e-01,7.482568193228091025e-02,1.304018678928033637e-01,1.348070348795512019e-01,-3.390257313390018096e-02,-3.479986293619360960e-02,-2.671787965479046137e-02,3.453689167974882072e-03,4.246906103323797033e-02,-3.850536700427926052e-03
6.817250914422777752e-01,4.518196814063383804e-01,4.095020280662050038e-01,2.488951222816342401e-01,3.453912295101562724e-01,1.089147255934783121e-01,5.896803703910302730e-01,3.081656559539083240e-01,5.708580034903457667e-01,1.520436054156141248e-01,1.000000000000000000e+00,7.170094589964061127e-01,7.915530444899553375e-01,6.678465841627553301e-01,2.936528301285371567e-01,5.808636613567723372e-02,1.894604307947310162e-01,9.399548964451066857e-02,5.003689566416179568e-01,5.290105108814318058e-01,-2.577947071058021011e-01,-1.611679111316529633e-01,2.917068428308457195e-02,-1.571930607463602469e-01,1.478535967295938336e-01,1.866538102941293631e-01,9.217222226649347816e-02,1.666600259783726154e-02,4.185546143486680304e-01,1.750735124194152392e-01,1.988365514108806353e-01,9.894413056124441719e-02,3.810198503454486074e-01,4.762297890651770449e-01,-1.260461076269633329e-01,-2.072341002000175347e-01,-3.094374805759867453e-01,-5.002733307301835408e-01,-9.079999043740885623e-02,-2.454717146522802929e-02,-2.033261879527289151e-01,-1.995856210504506345e-01,-2.586266525352819978e-01,-2.606507343273115618e-01,-2.783335591167353518e-01,-2.289109005570209299e-01,-1.121628190518690893e-01,-2.284566774777072040e-01,-7.006032401246324592e-02,1.109149009076492720e-01,-3.777542254699615271e-02,2.080150451433990244e-01,-9.130680776801153309e-02,-5.239503064013578681e-02,-7.070261138426475744e-02,-5.810230378758297204e-02,3.899911546031923359e-01,3.424618890898804002e-01,1.643665978691359331e-01,3.374319661484273536e-01,6.227366542087354739e-01,4.999721091091649527e-01,4.935396728000063793e-01,3.116480328953135093e-01,-1.256381037381762433e-01,-1.149455330746121107e-01,-1.512005036298002258e-01,-1.118137844751332793e-01,1.259233877072890931e-02,2.755301261465148421e-02,4.507486711982723604e-02,1.184693479109722725e-01,1.378065009682123421e-01,1.606897815744806335e-01,9.171799918717975231e-02,1.192901369841181253e-01,1.891305214002821089e-01,-1.476384384288662865e-01,1.976667277609989726e-01,1.647060698547282986e-01,-2.092773071743340152e-01,-2.152921770035620685e-01,-3.223023531943038922e-01,-2.673971423790132973e-01,-2.727490058889623925e-01,-3.837945955422387700e-01,-2.092135565667110203e-02,-8.833284192239956867e-02,1.368629919753922564e-01,3.878905720820151337e-02,-2.230872825506618196e-01,-2.110352301795376528e-01,-2.057168357385906199e-01,-3.763198367984444542e-02,6.211221700706835019e-02,1.725792698961662042e-01,1.020280662050060128e-01,4.673397668321525866e-02,2.970778315230817104e-02,-3.925443664384926229e-02,5.799870905019563483e-02,2.633314473778577969e-01,4.979719337949940067e-02,-1.933922495198782399e-01,2.687725617384790697e-02,-1.544039716628549039e-02,2.400688506562328184e-01,5.569412458462495025e-02,2.044402298209404834e-01,1.199499557730159677e-01,-2.776753340930280811e-01,-1.521344500314768533e-01,-1.320211333264270093e-01,-1.157535720262333756e-01,2.845030241694491285e-02,-8.382089266788324278e-02
4.636231064077329656e-01,3.270772737052650148e-01,1.855413621911083943e-01,2.939221764457442543e-01,1.917937030337320270e-01,2.055574592195331951e-01,4.407318569755118154e-01,5.368040226633410406e-01,5.736088422092773254e-01,3.957828973057399558e-01,7.170094589964061127e-01,1.000000000000000000e+00,7.366526149702364856e-01,8.500506020448007627e-01,3.174604945453386451e-01,3.446134720971559262e-01,7.375148419383371901e-02,3.035485181968140475e-02,3.637115603758098170e-01,4.798651674648773957e-01,-9.403692753946561733e-02,-4.202280677987712404e-02,-8.900062953725028370e-02,-2.182549864928400030e-01,-3.042816501844783361e-02,9.057845707591900830e-02,6.472121062403876635e-02,9.203834599048521525e-02,3.418068515965542731e-01,2.870721736566551607e-01,2.193323717616683655e-01,1.584951669070595870e-01,2.941261783901377713e-01,4.616404625106583226e-01,-2.369801337168994937e-01,-3.207564009594466303e-01,-5.766927778530389626e-01,-5.782004797233223359e-01,-1.587055439122154188e-01,-1.252221310234363089e-02,-1.600459004374885363e-01,-6.449170843659603192e-02,-8.451896182135486268e-02,-8.685064029516531559e-02,-9.776155678983815267e-02,-2.575843301006462693e-02,-2.296520013706380703e-01,-3.843412570026057962e-01,8.832168556606555254e-02,2.202137239120560419e-01,2.669237941174126827e-02,3.901728438349177930e-01,-1.971503478392528375e-01,1.253336945867765222e-02,-3.195021077544645677e-02,-3.979312927826343660e-02,1.161982325144036571e-01,1.468511184247224821e-01,1.307907465993035367e-01,3.937508466877575053e-01,5.936950649060873664e-01,6.465522874514897378e-01,4.880459641880961486e-01,4.203715066659229338e-01,-2.061567149311892000e-01,1.328419223995728760e-01,-1.539146857493485510e-01,3.546446302066316725e-02,-1.955820828917275711e-01,-7.412123771804700334e-02,-4.405166986747842579e-03,1.329534859629130927e-01,1.105977416347249526e-01,2.921451282582537279e-01,6.899409509996892731e-02,1.659077688084214519e-01,2.069918478910502124e-01,-7.850249822693622370e-02,3.434548048036082935e-01,1.685374813728693355e-01,-3.245862187123971232e-02,-9.721808285985225617e-02,-7.422164492505319011e-02,-7.882125126505111490e-02,-2.780371187912885067e-01,-1.342571858888030045e-01,7.647522890452550237e-02,5.100526739395484788e-02,1.145996860282574581e-01,4.693638486241821783e-02,-2.287977432284901413e-01,-3.766481524277028314e-01,-2.281952999864529930e-01,-2.011028855118775216e-01,-2.372893241638709405e-01,-1.011897457147638429e-01,-1.313963773717218286e-01,-1.125628541147032785e-01,-8.833124815720899692e-02,-2.912064005610053297e-01,-3.032297651586991771e-02,8.400576942998988494e-02,-1.795057734144028527e-01,-2.472822319087728815e-01,-1.302743666775574016e-01,1.463713951023595632e-02,2.591127509184071864e-01,7.972013483253512223e-02,2.374471069177378213e-01,-1.013857788332045012e-01,-4.577612380368000222e-01,-3.248826590378439683e-01,-2.506498577564567620e-01,-2.102957231311110842e-01,-2.981615918526723391e-02,2.365466295850632283e-02
5.032871407055597990e-01,2.631210703727019928e-01,3.593095809194431500e-01,2.458032178119197719e-01,3.284781933077799421e-01,1.868562184733323361e-01,6.266222537433560058e-01,4.048179521711066098e-01,6.644454892460693873e-01,1.679254755396887289e-01,7.915530444899553375e-01,7.366526149702364856e-01,1.000000000000000000e+00,7.909107571181537288e-01,5.230976420244005665e-01,3.161488257934958468e-01,1.369028361051566334e-01,1.627999266868012385e-01,5.225191052602220498e-01,5.297037987393317104e-01,3.714588529671923600e-02,1.351369442740001092e-01,2.028353082740319835e-01,-6.775095825132083395e-03,2.379714556654368152e-01,2.518579317709122023e-01,1.095554192000892518e-01,5.977256970730502467e-02,4.162611862394313689e-01,2.552877144610284366e-01,2.527169712086318465e-01,1.007705854696427511e-01,3.227980141685725668e-01,3.962403079154347973e-01,-2.835148897512929436e-02,-2.691566591494075067e-01,-4.093729330857684978e-01,-5.114854688458749798e-01,-1.367163655778594056e-01,-6.853190319470232493e-04,6.135358477635489971e-02,3.469626819880627239e-02,-1.951039533345552135e-01,-1.689980795129453484e-01,-1.143765589015770245e-01,-7.119508482815227468e-02,-2.547283028791368364e-01,-4.388336826335376140e-01,-7.345345010319630219e-02,7.037748328538756537e-02,-4.226027779327271722e-02,2.238443210161846775e-01,-1.498537720437647935e-01,-5.022272868538277951e-02,-6.922359728741164786e-02,-8.244866083879862084e-02,2.351313660958330998e-01,1.419757907067551728e-01,1.360151088940066422e-01,1.746734773565810639e-01,6.419096494513463202e-01,4.287068986126273962e-01,5.192247926113046086e-01,3.256476663293196849e-01,8.016638908589597545e-02,7.923563021460047762e-02,2.106798205420395281e-02,5.646391317167241686e-02,-1.482153814278542314e-01,6.369163831092765349e-02,2.217405509646263803e-02,1.496481763341806770e-01,2.451402114926407860e-01,3.186860999768904024e-01,5.411470328076564695e-02,1.443361569539959588e-01,1.282439098247655229e-01,-6.663054132234698390e-02,2.919395325486696113e-01,1.771820637665452725e-01,1.294009833531225839e-01,2.952131262501095713e-02,2.064722804389229269e-02,-3.569237144291531605e-02,1.345615950402027222e-02,-9.825721776410681341e-02,1.753460462670034803e-01,2.668759811616954608e-02,1.928424005291300425e-01,-8.125971200663006933e-02,-3.759070516140857188e-01,-3.697790244563268769e-01,-3.772904397995043291e-01,-1.799647777892882938e-01,-1.998310608897991003e-01,-1.020742853955326768e-01,-1.916167950975782852e-01,-6.549418674146738339e-02,-1.567388376670465211e-01,-2.484472742630828290e-01,-6.572209516371953220e-02,5.575309389667620213e-02,-1.061096988580672446e-01,-2.681653372008702130e-01,-1.607120942871486657e-01,-8.772083608921897244e-03,1.003721441719991336e-01,-1.178924049119843137e-01,2.152284263959390875e-01,-6.134402218521145533e-02,-5.573109993704628007e-01,-4.028448708651754528e-01,-3.474790619098088174e-01,-3.240491198431735276e-01,-9.265513311923753714e-02,-8.014407637322792932e-02
