1.000000000000000000e+00,4.968050404396979203e-01,4.051968363197640532e-01,-2.887528486527548080e-02,1.570668930693954260e-02,1.285982394208856627e-01,3.736896197327851943e-01,-4.968050404396979342e-02,1.958532552839715654e-02,5.529737700522811827e-02,3.297019527235354741e-01,2.908083471111309881e-02,3.534921131417846918e-01,1.002949193440278858e-01,7.708119218910586094e-03,1.092542115376022166e-01,3.368291702042093272e-01,2.981277090129139107e-01,5.530452656508333398e-01,4.590553644041288628e-01,-5.517672818267125440e-02,-1.499620179632691341e-01,2.046293400062558776e-01,-4.515840743554225267e-02,-5.054291970150587288e-02,1.161803476473479693e-03,-2.562670360605925207e-02,-4.674918450332901654e-02,2.678537915009607251e-01,2.223647169221144859e-01,1.178068725144108264e-01,8.790383841994726943e-02,5.927431967469502794e-02,-2.608695652173912902e-02,-1.089324813441172463e-01,-2.184413959515617287e-01,-1.384378211716341123e-01,-3.314893426873408155e-01,-9.587112918360964076e-02,1.056481522856249217e-01,3.485410429420438645e-04,1.270834264265606126e-02,-1.632646677688904813e-01,-1.075025693730729676e-01,-2.217882836587872497e-01,-4.736449349836900913e-01,-4.191250726127172532e-01,-3.601948255060548054e-01,-4.739264489029894056e-01,-3.884847401581840165e-01,-1.749050449081728520e-01,-1.376871173868358667e-01,-4.151660038428884453e-02,-8.890477679967827285e-02,-8.330577773805800113e-02,-8.531212297242951603e-02,5.308592877250993824e-01,3.819339559408373996e-01,2.037847982483578235e-01,-1.896956968586621384e-01,4.256803253049734059e-01,-8.280084007328299134e-02,3.690200634523437273e-01,2.075740649716251718e-01,1.928593770945976130e-02,-2.249340899950846850e-01,-4.085615979266276621e-01,-3.898565619554046346e-01,-1.071093435810357986e-01,-2.489700165333571524e-01,1.933821886590106898e-01,1.499128647392644897e-01,2.546986013673533389e-01,1.079583538138433330e-01,3.840609499977657437e-01,2.684704410384735618e-01,1.866437284954645115e-01,2.796371598373475001e-02,4.048929800259171707e-01,3.145225434559185129e-01,1.494838911479512145e-01,2.299879351177443187e-01,-5.006032441127843124e-02,-8.056660261852630067e-03,-1.055453773627061144e-02,-1.609455292908530399e-01,-6.120023236069529332e-02,-5.722775816613789868e-02,2.454533267795701301e-02,4.749095133830823212e-02,-5.840698869475847710e-01,-8.360516555699540331e-02,-2.336208052191786899e-01,8.746145940390544216e-02,-9.896778229590240394e-02,2.877697841726618768e-03,-1.443362080521918001e-01,7.293891594798694589e-02,-1.943026944903704367e-01,-7.934670896822913766e-02,-2.710889673354484053e-01,3.107824299566558021e-02,-3.371196210733276577e-01,-8.276062379909736311e-02,-2.056302783859868533e-01,-1.211761025961839155e-01,3.543500603244113117e-02,-1.576477948076321633e-01,7.550828902095714501e-02,-1.343849144287054820e-01,-3.938022253005049600e-01,-3.319630010277492271e-01,-4.920058983868805802e-01,-2.396755887215693270e-01,-2.270923633763796412e-01,-1.423209258680012412e-01
4.968050404396979203e-01,1.000000000000000000e+00,2.256713883551543787e-01,2.103087716162473642e-01,8.894499307386388720e-02,2.712274900576433501e-01,7.471290048706376308e-02,1.690513427767103005e-01,1.533446534697707753e-01,2.866660708700120574e-01,-6.537378792618079616e-03,2.090799410161311989e-01,1.754323249474954161e-01,2.723267348853836145e-01,1.489119263595334863e-01,3.289199696143705887e-01,1.826712543009071099e-01,2.910004915322400576e-01,4.039680057196478602e-01,5.778363644488135886e-01,1.200053621698914108e-01,1.729299789981679145e-02,8.641583627507931631e-02,6.633451003172617655e-02,3.505965414004200142e-02,-1.633674426918092781e-02,8.754636042718620670e-02,1.295410876267929778e-01,3.657759506680369754e-01,2.612270432101523876e-01,1.839268957504803514e-01,1.631038026721479961e-01,1.224943026944903673e-01,1.110281960766790338e-01,-1.575718307341704150e-01,-1.070870012064882304e-01,-1.276822020644353961e-01,-3.121185039546002793e-01,-7.667009249743063359e-02,2.651593011305241471e-02,-6.443540819518298046e-03,7.963269136243800173e-02,-2.363912596630770024e-01,-2.947986952053264220e-01,-2.972742303051968404e-01,-4.324545332677957044e-01,-3.105232584119040351e-01,-3.190222976897984508e-01,-4.143572098842664975e-01,-3.524464900129585798e-01,-2.412127440904419384e-01,-1.978864113678001635e-01,-1.115197283167255055e-01,-5.802761517494079563e-02,-3.774520756065954941e-02,-9.925376469011126801e-02,3.943429107645560761e-01,3.855266097680861703e-01,-5.319719379775682266e-02,-1.717413646722373566e-01,3.425532865632959639e-02,8.709057598641584130e-02,2.733544841145716942e-01,3.603422851780687108e-01,-1.510299834666428420e-01,-3.105858170606372037e-01,-4.286384556950712521e-01,-2.455561017024889270e-01,2.256803253049734226e-01,1.168461504088654512e-01,2.582108226462308531e-01,2.746994950623352083e-01,3.488583046606193450e-01,2.162160954466240681e-01,3.899191206041378033e-01,5.214620849903928157e-01,3.768443630189016735e-01,3.673309799365476747e-01,3.571875418919522871e-01,2.133160552303498825e-01,3.418472675275928130e-01,1.742258367219268189e-01,1.300996469904821540e-01,-3.010858394030117499e-02,-3.754859466464095796e-02,6.528441842799053048e-03,5.670047812681532073e-02,1.131730640332454518e-01,-4.737477099066089020e-02,8.950355243755306334e-02,-3.537557531614459738e-01,-2.311676124938558397e-01,-1.706019035703114639e-01,-8.489655480584476499e-02,-1.469502658742571077e-01,-1.083203002815139177e-01,1.931677018633540244e-01,1.243397828321193971e-01,7.146878770275705284e-02,-8.654989052236471136e-02,-2.417444926046740175e-02,-2.486616917646007341e-01,-1.785960051834308837e-01,-1.245855489521426329e-01,-2.850529514276777254e-01,-3.320657759506680518e-01,-1.928146923455024628e-02,-2.241431699361008112e-01,8.427990526833191443e-02,-2.731131864694579664e-02,-3.245006479288618795e-02,-8.720228785915366820e-02,-3.851155100764109274e-01,-2.199830197953438551e-02,-2.955047142410295313e-01,-9.936994503775861687e-02
4.051968363197640532e-01,2.256713883551543787e-01,1.000000000000000000e+00,4.289646543634657583e-01,5.905536440412886834e-02,-9.945037758612985945e-02,3.549935207113811830e-01,-1.067161177889986157e-01,-8.304213771839670521e-02,-1.505295142767773264e-01,4.029223825908217343e-02,-1.051610885204879581e-01,3.406765271013003499e-02,-2.262656955181196750e-01,1.047097725546271008e-01,-1.507663434469815392e-02,-3.268242548818088566e-02,-1.086956521739130405e-01,5.031368693864783914e-01,4.430046025291567990e-01,3.048840430760981282e-02,-7.683095759417310489e-02,7.700299387818937413e-01,6.079672907636624046e-01,2.054962241387014721e-01,1.406094999776576204e-01,-3.273157871218553006e-02,-6.156217882836587801e-02,-3.445194155234818437e-03,-1.317842620313686985e-01,2.551097010590285263e-01,3.322847312212341975e-01,4.678493230260511761e-03,-1.383841994727199598e-01,2.889181822244067943e-01,8.385986862683765530e-02,-1.607042316457392983e-01,-1.649001295857723814e-01,-2.535636087403368988e-01,-1.935609276553912073e-01,-2.068412350864649862e-01,-2.154564547120067786e-01,-2.369453505518566427e-01,-3.566379194780821549e-01,1.135439474507350666e-02,-3.842620313686938571e-01,-4.054202600652397348e-01,-4.034541311050538481e-01,-4.646007417668349682e-01,-4.332990750256937584e-01,-5.335493096206265218e-01,-4.893203449662630322e-01,-3.301353947897582297e-01,-2.144957326064614034e-01,-4.717815809464229737e-01,-3.901470128245229652e-01,7.742973323204789537e-02,7.133473345547164390e-02,-5.184324590017427153e-02,-4.146610661781134355e-01,-1.166048527637517374e-01,-3.064748201438848851e-01,1.347557978461950967e-01,-9.234550248000357453e-02,6.518611197998123163e-01,6.601724831315072817e-02,-7.216586978864113558e-03,-2.336252736940881980e-01,-2.053442959917780031e-01,-3.891013896956968532e-01,1.055587827874346490e-01,3.691228383752624964e-01,3.148442736494034833e-01,1.854417087448053947e-01,3.857589704633808680e-01,2.304169087090575940e-01,3.583716877429733282e-03,-2.409088877965950282e-01,9.329281916082041159e-02,1.508914607444479250e-01,1.371017471736896143e-01,2.429643862549711875e-01,-1.514857679074131935e-01,-2.178381518387774163e-01,4.537780955359935753e-01,1.331516153536797809e-01,-8.047276464542651997e-02,2.557174136467223469e-01,5.039546002949193276e-02,-1.022789222038518187e-01,-1.957281379865052073e-01,1.807810894141829439e-01,3.875955136511908400e-02,2.910496447562446742e-01,-8.349345368425756253e-02,-1.028642924169980745e-02,1.897314446579382446e-02,-3.844228964654363562e-02,-5.261629205952008531e-02,-6.797890879842709289e-02,-5.453058671075562414e-01,-2.465659770320389743e-01,-3.287322936681710273e-01,-1.394745073506412358e-01,-1.807944948389114681e-01,-1.858572769113901457e-01,-7.279592475088252079e-02,-2.126234416193752974e-01,-1.209973635998033842e-01,1.544304928727825189e-02,-1.114884489923589073e-01,-2.106305018097323345e-01,-2.828768041467447092e-01,4.694132892443808602e-02,-3.354930962062648014e-02,-1.140712274900576445e-01
-2.887528486527548080e-02,2.103087716162473642e-01,4.289646543634657583e-01,1.000000000000000000e+00,-2.542830332007685601e-01,-2.192546583850931707e-01,5.641449573260646361e-02,4.030698422628357092e-01,-2.324724071674337533e-01,-1.506591000491532273e-01,-3.457571830734170182e-01,-1.077930202421913397e-01,-2.427454309844050140e-01,-1.888154073014879919e-01,-1.855221412931766511e-01,-2.103936726395281287e-01,-1.388221100138522790e-01,-3.178202779391393618e-01,-2.532731578712185683e-02,1.928995933687832343e-01,-4.620403056436838199e-03,-7.944501541623844032e-02,3.492113141784708996e-01,6.244112784306715680e-01,1.962107332767326628e-02,3.530988873497475228e-02,-2.348138880200187628e-01,-1.899280575539568361e-01,-9.187631261450467102e-02,-2.032843290584923357e-01,8.878412797712140203e-02,1.761606863577460935e-01,-4.180258277849770165e-02,2.562670360605925207e-02,3.539255552080075029e-01,3.843916171410697302e-01,-2.079092005898386941e-01,-2.459001742705214585e-02,-3.056168729612583346e-01,-3.045801867822512388e-01,-2.793779882925957470e-01,-2.096965905536440355e-01,-1.149872648465078834e-01,-1.785334465346977151e-01,2.280977702310201527e-01,4.038607623218195414e-02,-1.669377541445104807e-01,-2.936905134277670859e-01,-1.842620313686938738e-01,-9.268957504803609915e-02,-3.029894097144644749e-01,-2.062111801242235976e-01,-2.168059341346798286e-01,-9.664864381786496261e-02,-4.289557174136467421e-01,-3.713481388802001848e-01,-2.530899503999284872e-01,-2.232762858036552167e-01,-1.866660708700120519e-01,1.077349300683676583e-02,-3.828946780463827748e-01,5.846999419098261597e-02,-1.090307877921265489e-01,6.840788238974038205e-02,2.638947227311318477e-01,3.722150230126458070e-01,1.773090844094910301e-01,3.804414853210599246e-01,-6.134322355779972535e-02,6.284016265248670852e-02,-8.227356003396041340e-02,2.755261629205952092e-02,1.669377541445104807e-01,2.093078332365163885e-01,-1.252647571383886660e-01,1.671120246659814901e-01,-1.609321238661244879e-01,-2.263729389159479730e-02,-6.406452477769337961e-02,-1.370079092005898336e-01,1.268689396309039819e-01,1.239644309397202743e-01,-9.944590911122033750e-02,-2.368738549533044302e-01,1.414808525850127230e-01,4.474149872648465198e-01,-2.600518343089503470e-01,9.215335805889450504e-02,-1.306358639796237620e-01,1.910049600071495601e-01,1.090933464408597314e-01,-3.018454801376290256e-02,3.309575941731087156e-01,1.369766298762232493e-01,-5.561910719871308167e-02,-1.976540506725054658e-01,4.239242146655346211e-02,-2.759417310871799534e-01,-1.944233433129273145e-02,-3.853076544975199691e-01,-2.734215112382143986e-01,-1.782698065150364053e-01,-7.240269895884535178e-02,-5.030609053130166708e-02,-4.783949238125027870e-02,-2.270432101523749968e-01,-1.554537736270610870e-01,-1.778453013986326381e-01,5.573975602126993861e-02,1.921399526341659725e-01,1.030072836141025100e-01,-1.465704455069484768e-01,-5.160194825506055072e-02,3.909602752580544349e-01,-6.100361946467670882e-02,6.303677554850529996e-02
1.570668930693954260e-02,8.894499307386388720e-02,5.905536440412886834e-02,-2.542830332007685601e-01,1.000000000000000000e+00,6.390589391840564293e-01,1.436480629161267231e-01,1.171187273783457633e-02,6.322623888466866182e-01,6.208990571517940538e-01,2.765628490996023259e-01,2.800482595290227361e-01,1.544394298226015594e-01,1.780016980204656152e-01,7.150274811206934755e-01,5.217748782340587699e-01,-3.909870861075114834e-01,-1.957996335850574199e-01,-1.256535144555163269e-02,-4.824612359801599970e-02,1.818267125430090836e-01,3.658161669422226314e-01,4.159703293266008017e-02,-1.194468028062022485e-01,3.793377720184101243e-01,3.250234594932749355e-01,5.559453058671075532e-01,6.975691496492246735e-01,-1.032887975334018521e-01,-5.568613432235577920e-02,7.915456454712006817e-02,4.008221993833504387e-03,-5.011394611019259065e-02,-1.196702265516779162e-01,-2.697394879127753553e-01,-3.163412127440904387e-01,-7.763081460297600878e-02,-2.620983958175074902e-01,2.438982975110594864e-01,1.790383841994727110e-01,-8.257741632780731325e-03,6.087850216721032992e-02,-6.452477769337325308e-02,-9.415076634344697951e-03,-1.556727288976272328e-01,-1.877742526475713880e-01,9.692122078734527468e-02,8.856517270655525631e-02,4.331739577282273795e-02,8.003038562938468922e-03,1.274989945931453705e-01,7.898029402564904489e-02,1.725456901559497824e-01,2.463917065105679371e-02,2.910407078064256581e-01,1.658206354171321284e-01,4.800035747799276387e-02,5.468519594262478273e-02,1.999731891505429071e-01,-1.652263282541668599e-01,1.833325885875150829e-01,-7.217033826355065407e-02,-1.044193216855087425e-01,-7.154028330130926538e-02,2.170829795790696626e-01,-3.142052817373430229e-01,-2.567004781268152902e-01,-3.158452120291344589e-01,-1.435318825684793742e-01,-2.231511685061888239e-01,1.440636310827114741e-01,4.267393538585281115e-02,-1.636802359354752254e-02,-1.382546137003440659e-02,1.399794450154162317e-01,4.184726752759283103e-02,1.252066669645649985e-02,-1.085035077528039710e-01,-8.603154743286116346e-02,-8.451673443853613410e-02,-5.750927208543724078e-02,-1.003261986683944701e-01,-4.014477858706823332e-02,-3.104696367129898549e-02,3.582510389204164869e-01,-1.737343044818803472e-01,2.666160239510255159e-01,2.049197908753742359e-01,2.246212967514187309e-01,-1.847178158094642253e-01,-5.590062111801242552e-03,2.393762009026319248e-02,-1.360695294695920265e-01,5.625809911077349693e-03,2.524688323875061511e-03,1.737030251575137352e-01,-1.849501765047589091e-02,5.849680504043969914e-02,-1.328924438089280208e-02,1.981500513874614455e-01,-2.548460610393672443e-01,-2.592475088252379489e-01,-4.262299477188435382e-01,-2.930470530407972007e-01,-1.934000625586487221e-01,-1.652129228294383079e-01,-1.141114437642432589e-01,-9.524554269627776015e-02,1.146253183788372987e-01,1.052772688681353069e-01,-3.030921846373832440e-01,-5.101657804191429141e-02,1.240895482371866428e-02,-1.535859511148844891e-01,1.242236024844720413e-02,-2.844005540908887686e-01
1.285982394208856627e-01,2.712274900576433501e-01,-9.945037758612985945e-02,-2.192546583850931707e-01,6.390589391840564293e-01,1.000000000000000000e+00,-1.437106215648599195e-01,2.105992224853657502e-02,6.578444077036507132e-01,7.898744358550426892e-01,1.429018276062379855e-01,2.063318289467804545e-01,1.723088609857455766e-01,2.249609008445417613e-01,5.059832879038383968e-01,6.405111935296483594e-01,-1.170382948299745346e-01,6.153089950399928676e-02,1.150721658697886479e-01,8.149157692479556958e-02,-1.665847446266589121e-02,1.265293355377809514e-01,1.607757272442915386e-02,-8.292148889583984828e-02,3.479422673041691061e-01,3.835828231824478518e-01,5.027481120693507721e-01,5.795924750882524012e-01,1.431252513517136671e-02,4.796907815362616567e-02,1.199606774207962884e-01,5.664685642790115438e-02,-2.034496626301443220e-02,-1.656463648956611051e-02,-2.015550292685106548e-01,-1.669958443183341412e-01,-6.451137226864471497e-02,-1.771258769382010045e-01,1.028642924169980745e-02,4.829527682202064409e-02,-2.197149113007730581e-02,1.469726082488046759e-01,-6.837213459046427577e-02,-8.974038160775726913e-02,-2.486170070155055978e-01,-2.843067161177890156e-01,2.213682470172929906e-02,5.861745386299655608e-02,-9.581750748469547441e-02,-7.459225166450690614e-02,7.006121810626032842e-02,2.706108405201304926e-02,2.378837302828544498e-01,1.341212744090441999e-01,2.004021627418562101e-01,7.043656999865945123e-02,3.544483667724205866e-01,3.293444747307743836e-01,-2.471066624960900800e-03,-2.144197685329996828e-01,1.565485499798918712e-01,-3.125698199204611505e-02,7.999910630501809450e-02,1.356137450288216750e-01,-6.208052191786943286e-02,-3.493140891013896687e-01,-4.714553822780285230e-01,-3.995978372581437954e-01,3.337503909915545686e-02,-1.866928817194691420e-02,3.272264176236650696e-02,-1.990705572188211994e-02,-5.212922829438312866e-02,-2.749452611823584650e-02,2.302471066624960927e-01,2.262433531435721068e-01,-5.530184548013762635e-02,-1.102506814424236981e-01,1.410116627195138195e-01,1.017784530139863308e-01,1.291791411591223793e-01,8.961526431029090412e-02,8.870369542875017332e-02,-8.580812368738549578e-02,1.730059430716296420e-01,-7.907860047365833367e-02,1.427454309844050362e-01,1.179811430358818497e-01,1.826935966754546781e-01,-8.970910228339068482e-02,-5.422047455203538729e-02,2.469279234997095659e-02,4.880468296170516890e-02,1.566289825282630999e-01,-1.643505071719022215e-01,5.999374413512668230e-02,-1.366325573081907108e-01,-1.526431029089771706e-02,-2.130032619866839561e-01,5.405514098038339404e-02,-1.330756512802180602e-01,-2.350641226149515206e-01,-4.684212878144689007e-01,-2.275302739175119604e-01,-1.144957326064614117e-01,-7.083426426560614220e-02,-3.331963001027749005e-01,-1.314893426873408044e-01,1.864247732248983380e-01,-6.015907770677867555e-02,-1.335537780955359799e-01,9.797131239108092249e-02,-2.723535457348406907e-02,5.826891282005451818e-03,-1.219893650297153688e-03,-2.639572813798650719e-01
3.736896197327851943e-01,7.471290048706376308e-02,3.549935207113811830e-01,5.641449573260646361e-02,1.436480629161267231e-01,-1.437106215648599195e-01,1.000000000000000000e+00,1.642566691988024408e-01,3.585951114884489838e-02,-9.254211537602216597e-02,3.900889226506993324e-01,1.563921533580588941e-01,3.689440993788820067e-01,1.014299119710442842e-01,1.501765047589257718e-01,1.089146074444792001e-01,-1.134724518521828540e-01,-3.635998033871040008e-02,2.999687206756334046e-01,2.953304437195585219e-01,-8.040126904687430742e-02,-1.033602931319540646e-01,1.403547969078153546e-01,-6.818892711917422245e-02,-2.305152151570668828e-01,-2.848339961571115797e-01,-1.259216229500871309e-01,-4.626658921310156797e-02,1.117744313865677713e-01,3.662362035837168905e-02,-8.848027168327449177e-02,-1.219178694311631450e-01,7.142857142857142461e-02,-7.251887930649270064e-02,-1.871307922606014473e-01,-2.393538585280843567e-01,-8.256401090307878554e-02,-1.665668707270208659e-01,-4.167746548103132276e-02,6.343000134054246897e-02,-2.312033602931319598e-01,-1.119263595334912126e-01,-3.539925823316502074e-01,-2.667053934492157885e-01,-2.477054381339648670e-01,-3.074578846239778285e-01,-4.779882925957370521e-01,-4.696367129898565418e-01,-3.394342910764556187e-01,-3.277849769873542041e-01,-2.143661468340855303e-01,-1.770275704901916880e-01,-2.850976361767728617e-01,-3.648599133115867366e-01,-2.411904017158943703e-01,-2.600741766834979152e-01,-1.928772509942356661e-01,-2.419813217748782441e-01,8.856517270655525631e-02,-1.647750122883059887e-01,3.928057553956834647e-01,4.003753518923991103e-03,-7.734036373385763663e-02,5.627597301041154659e-02,4.203494347379239660e-01,5.871129183609634372e-02,7.694266946691094566e-02,-1.198891818222440619e-01,-1.218419053577014105e-01,-2.619866839447696494e-01,1.320970552750346250e-01,1.190088922650699294e-01,2.568747486482863551e-01,1.666115554761160023e-01,3.228919969614370278e-02,9.238125027927968080e-02,1.496045399705080679e-02,-1.018946333616336797e-01,3.132400911568881605e-03,1.761160016086509572e-01,-8.633093525179855870e-03,2.231556369810983598e-01,-1.655212475981947262e-01,5.237052593949684948e-02,9.938781893739666307e-02,1.046874301800795326e-01,-1.022476428794852343e-01,-3.143572098842665336e-02,-6.058358282318244969e-02,-5.577550382054604489e-02,-2.617766656240225198e-01,1.138522722194914849e-01,-8.531212297242951603e-02,1.430939720273470550e-01,8.245676750525045284e-02,1.011126502524688359e-01,7.144644532820948468e-02,7.149559855221412907e-02,2.640734617275123930e-01,6.392153358058894064e-02,-9.218463738326108936e-02,1.892801286920773873e-01,-8.437821171634121709e-02,4.570802984941239877e-02,-6.162473747709906746e-02,-1.184145851021046504e-02,8.857410965637428635e-02,2.455873810268555460e-02,-6.131194423343312716e-02,2.909424013584163693e-02,-2.134724518521828596e-01,3.514455516332275903e-02,-5.956923901872290816e-02,-1.815943518477143859e-01,-1.181107288082577367e-01,8.391795880066133320e-03
-4.968050404396979342e-02,1.690513427767103005e-01,-1.067161177889986157e-01,4.030698422628357092e-01,1.171187273783457633e-02,2.105992224853657502e-02,1.642566691988024408e-01,1.000000000000000000e+00,7.856025738415478576e-02,1.931542964386255001e-01,-9.113901425443496351e-02,2.989945931453594774e-01,4.477411859332409635e-03,3.892845971669869343e-01,-1.011662719513829883e-01,-1.098797980249340868e-02,-1.265740202868760877e-01,-1.377496760355690630e-01,-1.361454935430537472e-01,-1.051878993699450343e-02,-1.260512087224630318e-01,-6.108405201304794793e-03,-1.437821171634121320e-01,-1.474596720139416395e-02,-2.046874301800795382e-01,-2.192680638098216950e-01,-1.219134009562536369e-01,-1.415746905581125037e-01,7.885964520309218795e-02,7.324724071674337811e-02,6.620939273425979765e-02,-1.707404262925063532e-02,1.129764511372268604e-01,2.161356628982528394e-01,-2.115241967916350052e-01,-1.251619822154698657e-02,-2.560480807900263889e-01,-1.664283480048259489e-01,-1.703203896510121218e-01,-1.202958130390097830e-01,-2.766790294472496470e-01,-4.754457303722239847e-02,-9.008445417578980763e-02,-2.123419277000759484e-02,-2.688591983556012366e-01,-2.292327628580365442e-02,-5.646811743152062302e-02,-1.749899459314535888e-01,-1.289557174136467255e-01,-5.090933464408597259e-02,-5.117297466374726156e-02,5.818401179677375884e-02,-4.061843692747665532e-03,-2.994325036864918174e-02,-3.388891371374949668e-02,-1.784887617856025788e-01,-1.860002681084945708e-01,-1.823450556325126315e-01,3.619464676705840423e-04,3.383752625229009547e-01,1.969033468877072202e-01,6.742526475713839229e-01,-7.901157335001564308e-02,3.154073014880021675e-01,-8.630859287725099749e-02,1.965950221189508018e-01,-1.681889271191742141e-01,2.008713526073551137e-01,1.165154832655614647e-01,1.911434827293444771e-01,6.448456141918762485e-02,-1.764645426515930038e-01,-5.455114169533938073e-02,1.408373921980428101e-01,-3.019259126860002751e-01,5.064122614951516860e-02,-1.042942043880423601e-02,9.894097144644532771e-02,-2.143080566602618628e-02,-1.345145002010813828e-01,1.422807095938156408e-01,-5.569953974708431732e-02,-6.226819786406899426e-02,-1.318244783055543268e-01,-1.595111488448992254e-01,1.307922606014567113e-01,-2.953170382948299699e-01,-3.705884981455829230e-01,1.211850395460029560e-02,3.018276062379909863e-01,1.741766834979221468e-01,-1.871352607355109832e-01,1.692926404218240422e-01,-1.296974842486259549e-01,-4.580186782251217947e-02,-8.416819339559408752e-02,3.284329058492336736e-03,-1.953617230439251007e-01,6.427901157335001725e-02,-2.683900084901023053e-01,7.343938513785244759e-02,-1.448992358907904843e-01,-3.900084901023280481e-02,-8.141114437642432700e-02,-2.821529112114035676e-01,-3.040975914920237555e-01,-1.255909558067831444e-01,-1.850216721033111356e-01,9.461101925912686339e-02,1.854595826444434548e-01,3.011752089012020329e-03,-2.334778140220742509e-02,-1.059162607801957257e-01,1.657580767683989320e-01,-1.781670315921176084e-01,-7.429733232047902591e-02
1.958532552839715654e-02,1.533446534697707753e-01,-8.304213771839670521e-02,-2.324724071674337533e-01,6.322623888466866182e-01,6.578444077036507132e-01,3.585951114884489838e-02,7.856025738415478576e-02,1.000000000000000000e+00,7.881451360650609805e-01,2.272353545734840663e-01,2.102104651682380754e-01,1.717994548460610449e-01,2.251664506903793828e-01,6.040126904687430631e-01,4.941686402430850444e-01,-4.104472943384422923e-01,-1.691407122749005731e-01,-5.985522141293176529e-02,-6.026185262969748629e-02,2.229009339112560939e-01,3.191116671879887234e-01,2.774029223825908233e-02,-1.660887439117029463e-01,5.487912775369766516e-01,4.076142812458107834e-01,7.855221412931766567e-01,6.196746950265874521e-01,-4.493945216497609307e-02,-8.854729880691719623e-02,1.240448634880915099e-02,-8.817641538942758150e-02,-6.439966039590687419e-02,-1.484248625943965227e-01,-2.796550337369855810e-01,-2.760936592341033946e-01,7.141963447875240845e-02,-1.179141159122391591e-01,1.123240538004379174e-01,2.691853970239956872e-01,1.173332141740024148e-01,2.290004021627418673e-01,-1.255641449573260682e-01,-3.909468698333258552e-02,-3.222574735242861865e-01,-1.707314893426873370e-01,-7.574064971625184099e-03,2.732472407167433823e-02,8.025827784976986845e-02,1.491666294293757522e-01,3.020644354081951644e-01,2.914518074981009010e-01,2.872693149827963977e-01,6.004289735913132670e-02,4.330130926314848527e-01,2.730238169712677077e-01,3.747709906608874542e-02,1.149291746726842194e-02,2.726663389785066172e-01,2.449171097904285360e-02,2.413244559631797792e-01,1.113767371196210665e-01,-2.715313463514902326e-01,-7.778274274989946391e-02,4.665534653022923584e-02,-2.335939943697216137e-01,-3.204388042361142053e-01,-2.685106573126591623e-01,1.340542472854014920e-02,-1.292551052325841277e-01,1.691675231243576494e-01,5.534206175432324765e-02,-1.109075472541221630e-01,-6.498056213414361848e-02,1.729701952723535496e-01,1.765896599490593966e-01,-1.143035881853523422e-02,-1.794092676169623327e-02,-2.052638634434067744e-01,-1.534876446668752004e-01,-1.037982036730863700e-01,-1.890075517225970891e-01,1.030609053130166625e-01,-2.031368693864784025e-01,1.150721658697886479e-01,-1.378971357075829962e-01,3.776978417266186883e-01,2.102774922918807798e-01,4.964520309218463656e-01,-1.277983824120827467e-03,2.756602171678805904e-02,-7.643773180213593588e-02,-6.385003798203672809e-02,5.085124447026229816e-02,-1.458152732472407231e-01,-4.079270744894767514e-02,-2.369319451271281185e-01,-1.826086956521739135e-01,8.253273157871218041e-03,1.022208320300281581e-01,-6.460967871665400375e-02,-2.098887349747531050e-01,-4.446043165467625791e-01,-2.763662362035836928e-01,-2.435542249430269479e-01,-9.494168640243084989e-02,-2.700701550560793418e-01,-1.558648733187363022e-01,1.304884043076098010e-01,-1.201170740426292516e-01,-2.722060860628267576e-01,-8.453460833817418030e-02,-3.299968720675633405e-02,9.937888198757764344e-03,-7.194244604316547137e-03,-1.499441440636310741e-01
5.529737700522811827e-02,2.866660708700120574e-01,-1.505295142767773264e-01,-1.506591000491532273e-01,6.208990571517940538e-01,7.898744358550426892e-01,-9.254211537602216597e-02,1.931542964386255001e-01,7.881451360650609805e-01,1.000000000000000000e+00,4.388042361142142217e-02,1.311854863934938942e-01,-1.316412708342642665e-02,1.816435050717190303e-01,4.161445998480718389e-01,5.678493230260511782e-01,-3.671298985656195613e-01,-1.200589838688055772e-01,-4.205281737343044557e-02,-8.507976227713481832e-02,1.629429375754055109e-01,2.740694401000938196e-01,-9.268957504803609915e-02,-1.323160105456007984e-01,3.997899816792528926e-01,3.551588542830331763e-01,6.554448366772420709e-01,5.422762411189061549e-01,-1.576388578578131194e-01,-1.378881987577639801e-01,-6.075785334465347298e-02,-1.137048125474775517e-01,-1.433620805219178729e-01,-1.343670405290674219e-01,-2.382546137003440645e-01,-1.612315116850618901e-01,-5.113275838956164027e-02,-1.633674426918092781e-01,6.195987309531256898e-02,1.538719335090933393e-01,7.776040037535189575e-02,2.362884847401581778e-01,3.086375620000893563e-02,3.828142454980115045e-02,-3.612672594843380214e-01,-2.639349390053175037e-01,7.554403682023325128e-02,8.808704589123732276e-02,-2.821395057866750086e-02,-1.073327673265114628e-02,2.498190267661647146e-01,2.140801644398766801e-01,2.958085705348764693e-01,1.454533267795701246e-01,3.199785513204343457e-01,1.752848652754814829e-01,1.852808436480629095e-01,1.332275794271415292e-01,1.922382590821752613e-01,5.617319808749273585e-02,2.261316412708342660e-01,2.090888779659502150e-01,-1.920907994101613003e-01,2.892890656418964368e-02,-3.455024800035747662e-02,-1.133696769292640433e-01,-3.713660127798382171e-01,-2.322802627463246838e-01,7.204522096608427517e-02,7.417668349792215466e-04,3.014880021448679628e-02,-1.626078019571920164e-01,-1.477322489834219654e-01,-1.180213593100674779e-01,1.943563161892845892e-01,1.838464632021091227e-01,-1.168059341346798334e-02,-1.410250681442423715e-02,-1.015773716430582174e-01,-1.626524867062871527e-01,7.429733232047902591e-02,-1.233522498771169457e-01,-1.844586442647124652e-02,-2.692971088967335280e-01,-3.222664104741052027e-02,1.942446043165467484e-02,2.038696992716385881e-01,4.566781357522677748e-02,3.703337950757406571e-01,1.624424683855400231e-01,1.239063407658965998e-01,-6.658027615174940891e-04,3.881764153894275843e-02,9.857902497877474302e-02,-2.533133741454041687e-01,1.180124223602484548e-02,-2.151436614683408521e-01,-1.132713704812547545e-01,6.564189642075159321e-03,1.216631663613208791e-01,-8.802895571741364139e-03,-1.555297377005228077e-01,-4.233611868269359646e-01,-1.906876982885740979e-01,-2.518655882747218300e-01,-1.071719022297689811e-01,-2.536485097636176911e-01,-6.482863398722016335e-02,1.385674069440100131e-01,-5.541802582778497521e-02,-1.455873810268555335e-01,8.106707180839180238e-02,7.688904776799677931e-02,4.657491398185799325e-02,-6.066401537155368534e-02,-3.120246659815005263e-01
3.297019527235354741e-01,-6.537378792618079616e-03,4.029223825908217343e-02,-3.457571830734170182e-01,2.765628490996023259e-01,1.429018276062379855e-01,3.900889226506993324e-01,-9.113901425443496351e-02,2.272353545734840663e-01,4.388042361142142217e-02,1.000000000000000000e+00,6.214486795656641860e-01,8.143750837839045520e-01,4.491487555297377088e-01,4.869163054649447986e-01,3.097144644532821012e-01,1.040305643683810677e-01,1.939943697216140184e-01,2.537780955359935642e-01,1.564189642075159703e-01,2.863845569507127153e-02,8.708163903659681127e-02,8.424862594396533011e-02,-1.875731712766432746e-01,3.071182805308548050e-02,-5.710264086867151978e-02,1.610170248894052525e-01,1.251038920416461808e-01,3.527994995308101345e-01,2.677867643773180206e-01,8.026274632467939041e-02,-4.210643907234461192e-02,2.413289244380892873e-01,7.009249743062692661e-02,-3.397426158452120371e-01,-4.620581795433218453e-01,1.039009785960051807e-01,-1.829170204209303319e-01,2.215737968631306121e-01,2.543902765985969205e-01,-6.595022118950802370e-02,7.670584029670673987e-02,-1.040260958934715596e-01,-2.149783278966888728e-02,-6.976629876223244819e-02,-7.035613745028822252e-02,-2.697126770633183068e-01,-2.454399213548416059e-01,-4.986371151525983980e-02,-4.181598820322623977e-02,-2.110460699763170786e-02,-7.027123642700745798e-02,-5.010500916037356756e-02,-3.335582465704455268e-01,1.620179632691362559e-01,-3.775861298538808839e-03,-7.002100183207471407e-02,-8.200098306448008745e-02,2.141069752893337563e-01,-1.863219983019795412e-01,4.600473658340408223e-01,-7.829214888958398177e-02,1.713526073551097095e-01,8.614325930559900424e-02,8.453907681308368838e-02,-3.266589213101568356e-01,-3.131641270834264468e-01,-3.957236695115957104e-01,-3.371240895482371935e-01,-4.712230215827338253e-01,2.286250502703427445e-01,1.857366280888332888e-01,1.061352160507618714e-01,8.089280128692077909e-02,2.559363689172885481e-01,1.759283256624513958e-01,-1.012332990750256928e-01,-1.834264265606148636e-01,4.052906742928638097e-03,1.297511059475401074e-01,-3.650744001072434020e-02,1.781134098932034629e-02,8.720675633406319016e-02,1.628848474015818504e-01,3.429197015058760289e-01,-2.254524330845882329e-01,1.985879619285937647e-01,7.208096876536038145e-02,2.378301085839402973e-01,-2.660529961124268317e-01,-2.822199383350462720e-01,-1.512265963626614196e-01,-2.673086375620000732e-01,-1.451181911613566300e-01,2.166763483623039555e-01,2.361678359176013209e-01,3.203449662630144384e-02,3.733500156396621916e-01,4.934983690066579998e-02,1.417936458286786772e-01,-9.050002234237454479e-02,-4.606997631708297652e-02,-1.219089324813441150e-01,-2.284820590732382917e-01,-4.191876312614504357e-02,-4.112784306716117666e-02,1.746816211626971704e-01,-2.239152777157156146e-02,5.451986237097278948e-02,-4.032351758344877163e-02,-4.122793690513427700e-01,-2.595245542696277830e-01,-3.172304392510836291e-01,-1.810804772331203460e-01,2.827650922740068684e-02,-1.843335269672460863e-01
2.908083471111309881e-02,2.090799410161311989e-01,-1.051610885204879581e-01,-1.077930202421913397e-01,2.800482595290227361e-01,2.063318289467804545e-01,1.563921533580588941e-01,2.989945931453594774e-01,2.102104651682380754e-01,1.311854863934938942e-01,6.214486795656641860e-01,1.000000000000000000e+00,6.844497073148934074e-01,7.792886187944054743e-01,5.182224406809955441e-01,4.112560882970642262e-01,7.690245319272532090e-03,1.432324947495419720e-01,2.427275570847669747e-02,1.355645918048170029e-01,-4.102059966933285784e-02,8.852048795746012000e-02,-8.554001519281469179e-02,-1.692345502480003538e-01,-6.108405201304794446e-02,-1.652084543545287998e-01,7.681755216944456677e-02,1.309531256981991965e-01,5.585593636891729163e-01,3.880378926672326534e-01,2.482997452969301633e-01,6.574913981857992418e-02,3.464855444836677512e-01,2.350551856651324767e-01,-4.938647839492381064e-01,-4.337548594664640822e-01,-1.140488851155100763e-01,-2.395772822735600383e-01,3.421511238214397510e-02,-4.615934581527324915e-03,-2.311363331694892553e-01,-2.774029223825908233e-02,-1.623486304124402424e-01,-9.071004066312167435e-02,-1.521381652442021504e-01,-8.159435184771437338e-03,-1.936324232539434198e-01,-2.583001921444211257e-01,3.941194870190804084e-02,7.206309486572233525e-02,-1.154653916618258135e-02,-1.774878234058715684e-02,-6.685732159613923253e-02,-2.847625005585593394e-01,9.697037401134993295e-02,-4.518074981008981389e-02,-1.699897225077081075e-01,-1.270342732025559751e-01,1.377049912864739267e-01,-3.370570624245945029e-02,3.640243085035077542e-01,1.463470217614728230e-01,2.107288082577416233e-01,3.642119844497073156e-01,-1.388087045891237270e-01,-4.142857142857143127e-01,-2.117386835872916706e-01,-1.513874614594039048e-01,-2.390008490102328020e-01,-2.240672058626390906e-01,1.477903391572456260e-01,1.232539434291076430e-01,1.513517136601277846e-01,2.334688770722552487e-01,4.215112382143974129e-02,2.675990884311184592e-01,9.172438446758121589e-02,5.744671343670405134e-02,6.673667277358237560e-02,1.967022655167791068e-02,2.938915947986952062e-02,-3.455918495017650666e-02,1.438491442870548365e-01,8.651414272308860509e-02,3.203494347379239326e-01,-6.094999776576254247e-02,5.876044506010098811e-03,-7.912328522275346998e-02,5.429197015058760678e-02,-1.911881674784396135e-01,-1.669958443183341412e-01,-2.474552035390321370e-01,-2.021582733812949673e-01,-2.779570132713704567e-01,2.066044059162607804e-01,1.217435989096921217e-01,2.691094329505339666e-01,3.414361678359176255e-01,1.028553554671790549e-01,5.761204700835605153e-02,-2.425488180883864434e-02,-2.469770767237141895e-01,3.931364225389874512e-02,-2.187944054694132834e-01,-1.076142812458108083e-01,-2.090710040663121549e-01,2.517896242012601093e-01,-5.985075293802225027e-02,9.609008445417578648e-02,1.357388623262880400e-01,-1.658474462665892046e-01,-4.803610527726887014e-02,-2.237767549935207045e-01,-3.543947450735063925e-02,1.456722820501362954e-03,-3.316055230349881922e-02
3.534921131417846918e-01,1.754323249474954161e-01,3.406765271013003499e-02,-2.427454309844050140e-01,1.544394298226015594e-01,1.723088609857455766e-01,3.689440993788820067e-01,4.477411859332409635e-03,1.717994548460610449e-01,-1.316412708342642665e-02,8.143750837839045520e-01,6.844497073148934074e-01,1.000000000000000000e+00,6.855578890924527435e-01,4.549756468117431285e-01,3.942043880423611313e-01,2.034496626301443289e-01,3.596273291925465854e-01,2.697841726618704916e-01,3.427052147102194191e-01,-1.649582197595960420e-01,-1.314089101389695757e-01,3.991688636668305062e-02,-1.945484606103936864e-01,-9.923589079047320793e-02,-1.870548281871397267e-01,3.037669243487197898e-02,6.032887975334018382e-02,5.733678895393002906e-01,4.582778497698735687e-01,1.604852763751731526e-01,2.931319540640779306e-02,4.274989945931453872e-01,2.183609634031905000e-01,-3.865588274721837303e-01,-4.342553286563295978e-01,-8.307788551767281149e-02,-2.982617632601993196e-01,-9.879798024934089914e-03,2.618526296974842474e-02,-9.948165691049644377e-02,6.466330041556817010e-02,-3.205773269583091500e-01,-2.459046427454309736e-01,-1.933911256088297059e-01,-1.742124312971982669e-01,-3.979400330667143271e-01,-4.030877161624737415e-01,-1.566379194780821438e-01,-1.126815317931989802e-01,-1.465972563564055531e-01,-1.701148398051745003e-01,-1.386657133920193019e-01,-3.095893471558157084e-01,1.471468787702757096e-02,-8.938737208990571448e-02,3.458152732472407481e-02,2.789668886009204901e-02,9.400330667143304286e-02,-2.933062245855489469e-01,4.590911122034049829e-01,-1.262522900933911174e-01,3.427320255596764675e-01,3.184101166271951500e-01,-1.423209258680012412e-01,-5.343000134054247674e-01,-2.526609768086152119e-01,-3.648643817864962724e-01,-1.212610036194646801e-01,-2.386880557665668756e-01,2.552526922561330069e-01,2.422717726439966024e-01,3.027034273202555692e-01,3.249162160954466305e-01,1.633048840430761095e-01,1.880512980919612220e-01,6.086062826757227678e-02,-3.210152374994414137e-02,2.160507618749720748e-01,3.059877563787479215e-01,8.147370302515750951e-02,1.895482371866482052e-01,1.216721033111399092e-01,1.674739711336520886e-01,2.701997408284552704e-01,-1.003798203673086364e-01,6.537378792618079616e-03,-9.955762098395817480e-03,2.436212520666696316e-02,-2.277715715626256743e-01,-4.243174404575718039e-01,-1.514589570579561173e-01,-2.046025291567987736e-01,-6.762589928057553823e-02,2.337816703159211751e-01,1.446668751954957866e-01,1.036149962017963305e-01,3.551231064837571116e-01,-4.034585995799633285e-02,7.983824120827560933e-02,-5.603914384020733386e-02,3.133741454041735763e-02,-8.036552124759820115e-02,-9.082175253585951513e-02,-2.837481567540998256e-02,-8.378837302828544276e-02,1.016220563921533537e-01,-8.861432593055990070e-02,1.373207024442557878e-01,-1.658697886411367867e-02,-3.865052057732695778e-01,-1.454131105053845241e-01,-2.978819428928906610e-01,-1.061039367263952871e-01,-7.720630948657222770e-02,1.360069708208588302e-01
