1.000000000000000000e+00,5.464308473735595140e-01,1.391293019284317312e-01,1.714901004241105864e-01,-1.616015118553189578e-01,-3.584817406427268649e-01,3.473594329286859850e-01,1.924068196729545599e-01,-1.970575955347528829e-01,-3.323868541417490108e-01,3.676844064806356061e-01,1.906331521995046352e-01,2.594577286382942494e-01,9.131719138970770255e-02,-1.463228577079193349e-01,-4.393578381975771219e-01,-8.930337247958712588e-02,-4.261824711425871853e-02,5.747247676181685971e-01,5.154105019949835054e-01,-2.343124605633670199e-01,-2.835905935978452197e-01,1.852540739415286242e-01,1.329842504606826570e-01,-9.891413879811268572e-02,-1.021946388153784774e-01,-1.558849658922175363e-01,-3.137994468668870440e-01,-5.890930437703461447e-02,-1.912939610546572078e-01,-7.004416902894060326e-02,-8.388034493908315403e-02,9.539505696140938851e-02,5.571984215929103729e-02,-1.767844193514969409e-01,-8.975228300826559868e-02,1.116908230758847098e-01,-4.085870619590706299e-02,1.091825747373245496e-02,-3.992352824840134651e-01,7.517995661577966948e-02,-2.125026291088654984e-01,-2.449277819111031484e-01,-1.779632018935862203e-01,1.620001946325369188e-02,-1.336215150573381166e-02,-2.673387767658978453e-01,-6.754690801101242981e-02,1.931131474278682536e-01,6.785926184040759479e-02,1.139369453365102342e-01,-1.101164969910437691e-01,-2.079491695155219477e-01,-6.913379103371851409e-02,-2.174736068862247185e-01,-2.238760755802089997e-01,6.449541514806199638e-01,4.711614225754907626e-01,2.680969018895052458e-01,1.027424352297448690e-01,3.770032239937968765e-01,8.807907103773673918e-02,2.605784353427573197e-01,9.530401916188718792e-02,4.787332561081654447e-02,-3.940994948971743989e-02,7.613899274522914484e-02,-1.333750851517349068e-01,2.613522566386961010e-01,9.238296149101080101e-02,-9.172058301862508201e-02,-1.566823314466534167e-01,-1.226341944253474397e-01,-1.480886770952035691e-01,-4.344072654442487913e-02,-1.476695892939547672e-01,-1.377197856530706366e-01,-2.591861848569607663e-01,2.071894747746814633e-02,-1.296488138402569212e-01,1.845273411625840965e-01,1.160370931944535999e-01,1.503316601213628145e-01,-2.976841867342229775e-01,2.017115106310175127e-02,-9.894239190830923791e-02,-8.536049398993561521e-02,-1.714320245864843495e-01,-2.876637503178474664e-01,-3.784127402691579434e-01,-5.068089995573679118e-01,-4.177708923901817251e-01,-3.517198296023531512e-01,-1.793193511830205034e-01,-3.301375926466572075e-01,-3.063767269713607577e-01,-2.826111524443649103e-01,-2.857409692072491181e-01,-3.346219890817425102e-01,-2.917949828754760055e-01,-2.594341843797971503e-01,-3.778853488788223858e-02,-1.794668952029358222e-01,4.097642748839268323e-02,-1.714587080794477414e-01,-1.730612872744852482e-01,-2.218026112152290605e-02,-1.367937114855171388e-01,6.963135969662438696e-02,-2.263027038226458065e-01,-3.186809564619572099e-01,-3.652436516831005786e-01,-3.688506320848597975e-01,-1.458158713416146390e-01,-2.955400895937516648e-01,-8.460864733526082815e-02
5.464308473735595140e-01,1.000000000000000000e+00,1.154406386458598222e-01,1.483994613073655877e-01,-3.288191141708183274e-01,-3.190215634015489132e-01,1.241614319931941407e-01,2.391358943208109211e-01,-3.645624378039171165e-01,-3.257897529108551571e-01,9.116807775255926505e-02,3.824152642136688374e-01,7.366684560303124463e-02,2.072255759710437129e-01,-3.163375179328768994e-01,-2.548854336381530250e-01,-5.495386894951796719e-02,2.048680108868651262e-01,4.717327632483542810e-01,4.496874892088815190e-01,-9.363708566029088631e-02,-1.870402983528436647e-01,-9.660994069986092447e-03,4.958420839494080690e-02,-3.067801186002781511e-01,-3.169653648261335221e-01,-3.044005788748355701e-01,-3.919412712016047684e-01,7.884344323793199272e-02,2.009973347899381146e-01,5.972393572103507076e-02,2.310303909288680957e-01,1.620315869771997430e-01,2.390793881004178445e-01,-1.931084385761688282e-01,-8.129047650439963357e-02,-5.470116057498218554e-03,1.408715770572188386e-01,-1.459383014857996708e-01,-3.324072591657798448e-01,2.300619370960197696e-01,5.490678043252372742e-02,-1.511164687379335791e-01,-4.180047653579198330e-02,-1.844771134111235569e-02,2.548273578005267465e-02,-1.172598250190708541e-01,-1.316186834678495232e-01,1.867342229923810715e-01,1.473823493402898754e-01,8.507168441903757705e-02,1.371845461765693833e-03,-1.137909709338280756e-01,-1.633359388979403470e-01,-2.534774869800250352e-01,-3.148212676856621539e-01,4.443052717164392429e-01,7.689178117024382253e-01,1.815121064577192300e-01,2.929047022593070371e-01,6.962508122769181518e-02,1.388059607784045690e-01,1.847015686754628072e-01,3.106256808214748477e-01,-2.766623031307585134e-01,-1.470197677594341779e-01,1.710254937231006980e-02,-1.645005948849313504e-01,2.643769090469598182e-01,1.413408926099281315e-01,-1.673839817422123344e-01,7.297778363768211984e-02,-2.051050230890694992e-01,1.106250529745816252e-01,-1.407711215542977734e-01,-2.930789297721857548e-02,-6.241269004140650306e-02,-1.177934948783389696e-01,-2.469007907731620571e-02,1.256431506612797344e-01,-6.453952139231326768e-02,1.118352278613337324e-02,-2.236861518949988942e-02,-2.916019199557995933e-01,-2.624290140606311827e-01,-2.669526509265450764e-01,-1.003974270834314397e-01,-2.515547058694266869e-01,-3.019001786224411177e-01,-3.120414755657685557e-01,-4.519006495076110519e-01,-4.556331992880215953e-01,-4.811551754989028540e-01,-4.340572408012581818e-01,-2.557157611544848552e-01,-1.124034292997309614e-01,-9.417860360572470613e-02,-1.756009279577082360e-01,-1.580055187741917222e-01,-3.001641819625865959e-01,-3.039187063842611614e-01,-2.727335511962052927e-01,-1.222747520789580211e-01,-1.828117495267604087e-01,-1.896270275530609062e-01,-3.186746779930246243e-01,-7.399175637029153929e-02,-9.998932660281463491e-02,-4.412194042360829960e-02,-4.530386220016386495e-02,-2.159447997011448850e-01,-2.158490530499232452e-01,-3.029471133169465147e-01,5.983851777905439817e-02,-1.012418811548615738e-01,-6.099375606264656469e-02
1.391293019284317312e-01,1.154406386458598222e-01,1.000000000000000000e+00,7.345400550621725699e-01,4.923418375195025287e-02,-3.001579034936540519e-02,7.152635858219614784e-01,6.124395304960932318e-01,1.767734320308649576e-01,-1.743844746020235424e-03,2.016110551280964613e-01,8.274080282782241003e-02,2.417084969659298865e-01,3.148181284511958888e-01,8.919349927326722383e-02,-2.621731664516291013e-02,-2.327051725166300877e-01,-2.484970914992669921e-01,3.756517835560619911e-01,2.223770911225588509e-01,-2.283636112497606369e-02,-1.555804601489880687e-02,4.443649171712986123e-01,6.950233716006014584e-01,2.837240110626622694e-02,1.185704554087440299e-01,-8.666798514514251206e-02,-8.338591551064357399e-02,1.277511466053888045e-01,8.834747558460394334e-02,6.390680868563392014e-01,5.084178572213380320e-01,4.974148404170158910e-01,3.615377853956533993e-01,4.310325883929944785e-02,1.156807900825304776e-02,-1.479050318789260077e-02,2.413757381125038876e-02,-1.813378789448405123e-02,-1.328210102684359295e-01,-5.812292614323071038e-02,-7.608876499376862612e-02,-1.016389943148463815e-01,-5.498730179658388728e-01,-1.277040580883945509e-01,-2.529830575515854552e-01,-2.690261152915250364e-01,-3.977127537678661895e-01,-1.699000781669382232e-01,-2.169022662133612001e-01,-3.928657757519251614e-01,-4.547353782306646774e-01,-2.970218082618372724e-01,-2.702614040540073925e-01,-3.129989420779848430e-01,-4.952801609799434290e-01,-2.298453299178462306e-01,-1.599596922294529294e-02,-5.282703759861120257e-02,3.730823201454093463e-02,3.090231016264373687e-01,2.941242948494580123e-01,-3.226976069615663384e-02,-8.316302986353747706e-02,1.145129948610731779e-01,1.199862501530376824e-01,1.486207773372385521e-01,2.712455540591871342e-02,6.515638096493789333e-02,-1.217238164301253506e-02,2.204731454187581763e-01,4.116713598221937720e-01,-5.927031634065716564e-02,-1.496347500698479716e-01,1.580353415016214069e-01,-9.137369761010080693e-02,6.631475848299633880e-02,-2.936910804931109481e-02,-2.654285525931646128e-01,-3.091596583257206765e-01,-3.318594627514134254e-01,-5.375452442167453215e-01,-1.311258236566430896e-02,-4.838533475226731162e-01,-3.423790374479279697e-01,-4.101456918715801758e-01,2.435104175495763495e-02,-3.829442252212375553e-01,-1.392909725034452983e-01,-2.447629721016232884e-01,-1.564437496272159112e-01,1.136261611243482156e-01,-1.775394052406380208e-02,1.874735127091907427e-01,-6.793303385036525421e-02,-2.405956383476325344e-01,-5.034264744199479225e-01,-3.642281093332579989e-01,-4.610483787423598767e-01,-4.585024595902043587e-01,-1.848522519298443911e-01,2.534994616212890572e-01,-2.347032952544192697e-01,-1.116076333625282135e-01,-2.055884651968770960e-01,-1.589504283485429215e-01,-1.830974198631921679e-01,-2.874079027088454197e-01,-8.366530737814276142e-02,-1.867075394994176796e-01,-3.089100891856511599e-01,-1.767420396862021126e-01,-2.745009402007226318e-01,-2.243328341950532046e-01,-2.735984102916662608e-01,-1.701873181206031149e-01
1.714901004241105864e-01,1.483994613073655877e-01,7.345400550621725699e-01,1.000000000000000000e+00,8.939127104464304752e-02,1.760906485344483907e-01,5.734847700039867879e-01,6.005653761273775926e-01,1.586302264329820522e-01,1.406973495443401279e-01,3.648418296714163456e-02,2.503319740448094466e-01,2.229955203124166230e-02,2.900181761675597603e-01,-1.517537333345890249e-01,8.557239231640971500e-02,-4.745957450816044032e-01,-2.701138600340921014e-01,3.305802247064030808e-01,1.669146661895030415e-01,1.820599028720856077e-02,5.793457207525372875e-03,3.046218949047085345e-01,5.130874684899340288e-01,9.986375722416331036e-02,-9.078038229597330810e-02,6.680290944250335226e-03,1.069223259216007561e-02,-8.499006432291421331e-02,7.385990852270765683e-02,3.843867034584946274e-01,3.315785012666810916e-01,2.729956772741399251e-01,1.236403190717911549e-01,-1.340327547724211865e-01,8.843223491519358950e-03,-2.109392903446565548e-01,-9.631328304279718200e-02,-2.034459376736389158e-01,-1.754047258035655310e-01,-4.893438686042021757e-02,-2.200289437417791288e-02,-2.268771837299756178e-01,-3.995099654998132133e-01,-1.179614439222851086e-01,-1.578438481991781550e-01,-2.785693880690254809e-01,-2.547755604318330813e-01,-1.356102200917284339e-01,-4.646851818715488219e-02,-1.621336120973539408e-01,-1.732763248354256269e-01,-2.101152412972572547e-01,-1.686710678733883972e-01,-3.121278045135912893e-01,-3.533176999456912326e-01,-2.476463589589042724e-01,-1.417992208420054689e-02,1.286913473280405784e-01,5.492247660485514299e-02,2.462666654109728903e-01,1.688091941899048376e-01,2.431337094136223898e-02,2.240973916100819641e-01,-4.546082392347802065e-02,2.706334033382619408e-02,1.932136029307892910e-01,8.811360261686584927e-02,5.642773953143786353e-02,-1.135931991624522519e-02,1.486082203993734085e-01,3.592948023694941817e-01,-2.753124323102568161e-01,-1.101023704359454930e-01,-9.411424929916589743e-03,-2.968114795525962912e-01,-1.331553387390950749e-01,-1.975033668289650768e-01,-3.721170055470273130e-01,-2.590056788751495254e-01,-3.408988883970754946e-01,-2.993715252598501131e-01,-2.633927590417800557e-01,-2.479304596781028991e-01,-3.108595537892129834e-01,-1.755789533164442418e-01,-1.901669758812616073e-01,-2.928576137423127834e-01,-1.845006576696206768e-01,-9.862218999274836861e-02,-1.812013222455572115e-01,3.485335066190758946e-02,4.039566911213031408e-02,2.201011461345036280e-01,-9.920608760347701671e-02,-2.199849944592511541e-01,-3.763047443250489010e-01,-3.685963540930908833e-01,-4.356504022928968656e-01,-4.218927072444113580e-01,-1.053213163437964096e-02,3.213273311170338209e-01,-1.108777613491174069e-01,1.285453729253584199e-01,-7.549858891410740798e-03,-1.551409673237084431e-02,-1.751661439841280254e-01,-9.346756699911160093e-02,-6.653921374733556826e-02,-1.769916088262716292e-01,-2.883543819004297792e-01,-2.757566339872358774e-01,-2.865038031825559162e-01,-1.026765113059529277e-01,-2.172318858323209201e-01,-1.036229904975372734e-01
-1.616015118553189578e-01,-3.288191141708183274e-01,4.923418375195025287e-02,8.939127104464304752e-02,1.000000000000000000e+00,6.492753077234585390e-01,7.965650496469930952e-02,-1.570511914964416722e-01,8.642799067019516501e-01,7.173511767420396312e-01,2.432435826199422918e-02,-9.775733089728738667e-02,8.610920141014412332e-02,-5.714976345868296587e-02,4.904190564089040971e-01,5.874245406515167245e-01,-2.882523567802755537e-01,-4.504613105048203003e-01,-1.143748685445567237e-01,-5.823593858401689832e-02,4.221972129876408464e-01,5.952836141378563539e-01,2.154378133348401614e-01,1.014820325915322258e-01,5.320123434699214338e-01,6.102499144558607425e-01,7.855322101152413250e-01,7.768192648540727108e-01,-1.613833350599122862e-01,6.184291898577613323e-04,1.362490543056170400e-01,-3.810952161205968247e-01,1.082455132491390581e-01,-3.916822843581364150e-02,1.589802510759726062e-01,-1.696112685960401711e-01,-1.240437107007085205e-01,-4.039927923176654390e-01,1.779993030899484907e-01,1.903835830594351186e-01,-1.752210805872879973e-01,-2.325497804105490784e-01,-1.920097065129697522e-01,-1.249226963512677785e-01,-3.146925590725445365e-02,-3.585005760495245386e-02,-1.156352711827693669e-01,6.808214748751369172e-02,-1.050011144282355369e-01,-1.856637440393785476e-01,3.354272027223441106e-03,4.803028733413069844e-03,7.398704751859211393e-02,-1.612624745329603940e-02,3.554194174208677448e-01,6.749668025955191109e-02,-2.346091182204307624e-01,-3.603354585950669930e-01,-3.318484754307814838e-02,-4.519022191248442399e-01,1.277589946915545227e-01,-1.237957111778721642e-01,-1.596441991655914716e-01,-1.279049690942366813e-01,-3.857177388721986372e-02,-2.135966523203651490e-01,-1.499408254303105648e-01,-1.768597609786877467e-01,4.512963468728516114e-02,8.188693105299342523e-03,5.635914725834957340e-01,9.840401319734169705e-02,1.015699311565881613e-01,-1.301212686274325070e-03,1.596991357687514435e-01,-1.319734169625395165e-02,2.420867747191169927e-01,2.732844868450379772e-01,-2.536218917654740612e-01,-2.993150190394570642e-01,1.470260462283667635e-01,1.822953454570568343e-01,-5.229336773934308708e-02,1.339197423316350055e-01,1.919579091442760732e-01,2.113772135527030305e-01,1.973275696988532335e-01,-4.028579590581041203e-02,1.857076933219065085e-01,1.544880065547215575e-01,2.075018286040766213e-01,3.833884268982166166e-01,4.324060034719933165e-01,4.196779773284486925e-01,1.406377040894807393e-03,5.864874791633312157e-02,1.746936891969524397e-01,2.505391635195841071e-01,1.596175156726280797e-01,2.369117467014493772e-01,2.754458497750738588e-01,4.680378842815390850e-01,1.014490706296362621e-01,2.771849856693946457e-01,1.520064417091248066e-01,1.988202756875708244e-01,1.699644324734970180e-01,-9.751090099168416292e-02,1.444487347315483727e-01,-5.709953570722243327e-02,1.169945597066699289e-01,1.486082203993734085e-01,2.682585724645187852e-01,1.897259134387488388e-01,2.089097752622045556e-01,1.963795208900357692e-01
-3.584817406427268649e-01,-3.190215634015489132e-01,-3.001579034936540519e-02,1.760906485344483907e-01,6.492753077234585390e-01,1.000000000000000000e+00,-7.391955397756702628e-02,-6.438255966899911198e-02,6.121083412599003237e-01,8.001422073213225739e-01,3.801926862115404676e-02,6.533531732951602944e-02,-2.986667671221695727e-02,-2.183337571299862924e-03,2.044128218892540816e-01,6.694213449108300518e-01,-1.884090045801430913e-01,-1.679977020803706811e-01,-1.444236208558181134e-01,-2.613412693180641178e-01,3.536174968372212679e-01,5.110595230247152454e-01,9.402007226517740748e-03,-2.149119915617377433e-02,3.226159868654430163e-01,1.636498623445686584e-01,5.094475261262788601e-01,6.791247186461110141e-01,-1.481122213537006960e-01,1.088011577496711679e-01,4.307186649463661671e-02,-1.195514661794574718e-01,5.066881390304160682e-02,-7.813711548301831289e-02,3.596463966297178821e-02,4.467601530690725603e-02,-4.165952490825587384e-01,-4.880457951523941573e-01,-6.306565081039337828e-02,2.995363350693299731e-01,-1.383021136465661383e-01,-6.311430894462076446e-02,-1.395264150884165388e-01,-5.470586942668161090e-02,-8.726287007650314342e-02,-6.358048526286379232e-02,3.360550496156007247e-03,1.705389123808268015e-02,-1.710097975507692825e-01,-1.673965386800774779e-01,-7.577955039883974009e-02,-2.965477838574285402e-02,1.141127424666220913e-01,-1.955743072494341497e-02,2.445746180336463016e-01,9.457257753124323485e-02,-3.162464801333546571e-01,-3.517292473057520019e-01,-5.105180050792813840e-02,-3.114073502035793473e-01,-1.086175125333936143e-03,-2.018088268994722989e-01,-5.480161607790324380e-02,2.993260063600890197e-02,-1.432856483617905019e-01,-2.853642610712951444e-01,-8.446895140151122749e-02,-7.557863939299762357e-02,-8.531340547294137544e-02,-1.485171825998512010e-02,4.285573020163302993e-01,2.149794851027628517e-01,-2.679022693525956803e-02,7.376102263701973805e-02,-3.758762388204012900e-02,-9.108017918750332953e-02,7.275960684227544828e-02,8.602287246232133422e-02,-2.192896540249694715e-01,9.628973878430005517e-02,7.889837984109195068e-02,-1.692047377326565127e-02,-3.339392055853259711e-01,3.626663401862821878e-01,1.109468245073756271e-01,4.194959017294042775e-02,-2.399630826026765210e-02,7.172836832010145991e-02,3.254004878370360676e-01,2.548053831592627660e-01,2.555431032588392770e-01,2.602032968240364785e-01,4.108488803920276045e-01,3.617386964014955297e-01,1.957689397863437153e-01,2.386964014955313129e-01,2.921732606286631118e-01,1.713551133420604111e-01,1.470166285249679128e-01,1.733877676589786754e-01,4.118597138901707311e-01,3.729520419150585964e-01,1.933705646541034606e-01,2.518686293160549705e-01,1.779867461520833471e-01,2.004307029687740216e-01,1.274937293791535975e-01,1.273085145456429035e-01,-2.118983264741060302e-03,1.094839412460877348e-01,7.558334824469704893e-02,1.148112221353700668e-01,2.060154010842915884e-01,2.830820376143073913e-01,2.488989135109512252e-01,1.647501640250008670e-01
3.473594329286859850e-01,1.241614319931941407e-01,7.152635858219614784e-01,5.734847700039867879e-01,7.965650496469930952e-02,-7.391955397756702628e-02,1.000000000000000000e+00,6.579411644676329551e-01,2.279570803863769646e-01,-5.030152347048648387e-02,2.656357420679393289e-01,9.243475885970446615e-02,2.176305686095388880e-01,2.024162687686980600e-01,-4.468700262753924624e-02,-9.057319282119861981e-02,-2.424116854863772874e-01,-2.524697927163481737e-01,3.813604814329977222e-01,1.851598969075401169e-01,-4.544198851668031919e-02,-8.132971693522816903e-02,3.690248595977385082e-01,4.683753519866645232e-01,2.498359749991367271e-02,4.733180766538271772e-02,-7.793463485994304996e-02,-1.724083265054983660e-01,1.648568979968544901e-01,6.798012236735949398e-02,5.176660419590078943e-01,3.504390219401096740e-01,2.942875350417047398e-01,1.804620325287475402e-01,-6.053228859610295526e-02,-1.074198945845066255e-01,5.975532806569789669e-03,1.775707975853008450e-02,-3.297765806830346268e-03,-2.201058549862030533e-01,5.652819503435892179e-02,-3.931263322126266058e-02,-2.885301790305416225e-01,-4.957259322741556229e-01,-9.987317492756216109e-02,-1.794119585997758504e-01,-3.532611937252981282e-01,-2.971458080232554644e-01,-4.005192293807232490e-02,-1.779129741421257016e-01,-2.473449924501411046e-01,-3.744400390520767341e-01,-3.121937284373832444e-01,-8.089179372718169336e-02,-3.283058493355810459e-01,-4.940903911172221386e-01,-1.893476356855617326e-01,-1.281906394306684370e-02,1.545225381338506676e-01,6.269992999507140174e-02,5.487993997783700006e-01,4.090344028705160118e-01,-1.403865653321781023e-02,-3.034227073385884280e-02,1.149634750069847972e-01,8.283497986181090345e-02,4.987301796583885199e-02,-1.455113655983851784e-01,3.277988629692762945e-02,-1.207946030281055599e-01,1.753309537936078855e-01,2.872289663442673113e-01,-1.545602089474460705e-01,-2.499128862435606446e-01,7.003632094277489895e-02,-1.811840564559926425e-01,-6.543734244967022717e-02,-1.546418290435694343e-01,-2.817478629661370748e-01,-3.927857252730349025e-01,-2.590292231336466244e-01,-3.643882102910384058e-01,1.057451129967446057e-02,-4.474507846516548315e-01,-2.550455345959334319e-01,-2.900479988949894450e-01,-4.957165145707567722e-02,-4.207782790088808733e-01,-9.161855789847088427e-02,-2.369415694288790619e-01,-3.427918467802441582e-01,7.567124680975297578e-03,-1.192956185704554112e-01,2.100744312491955590e-01,-2.034302415013074794e-01,-3.222518356673541584e-01,-5.696046762036609534e-01,-4.813749219115426303e-01,-5.980885201334802392e-01,-5.460604177065381259e-01,-2.620570147763766067e-01,1.814995495198540865e-01,-3.093166200490348183e-01,-1.744519681430486413e-01,-2.694342157721418274e-01,-2.039639113605756227e-01,-1.470433120179313047e-01,-1.964030651485328682e-01,1.770528238983641589e-02,-1.354940684164759601e-01,-4.065669645800175092e-01,-4.030981104947747307e-01,-4.197093696731115098e-01,-2.416504211283036496e-01,-3.973894126178389996e-01,-2.744255985735318815e-01
1.924068196729545599e-01,2.391358943208109211e-01,6.124395304960932318e-01,6.005653761273775926e-01,-1.570511914964416722e-01,-6.438255966899911198e-02,6.579411644676329551e-01,1.000000000000000000e+00,-1.971753168272384962e-02,-1.143623116066915940e-01,2.343893718077909583e-01,3.962734147650753824e-01,2.776480227531714084e-01,5.128237727947663194e-01,-9.927985961343466226e-02,5.556445005321002453e-03,-2.164925961155112766e-01,-1.236183444305271745e-01,3.170265798982260241e-01,1.197884783816618448e-01,-5.683113116035523604e-02,-1.215715635585106202e-01,2.312611246621398831e-01,4.577302079114987099e-01,-1.996961221036638034e-01,-1.727159714831941195e-01,-3.149876471123752020e-01,-3.015014958452231775e-01,1.364688007182568441e-01,2.612188391738790583e-01,3.379888180468311187e-01,5.064291521869477286e-01,1.775535317957362968e-01,2.185817566528226452e-01,-1.982960235317015596e-01,-1.009201096220675581e-01,8.706666792236045921e-03,8.376262364659753379e-02,-2.409676376318871036e-02,-1.500459897849310553e-01,6.206737425011536746e-02,2.199347667077906215e-02,-2.384578196760937796e-01,-4.083720243981302511e-01,-1.707774942002643348e-01,-2.077278534856489833e-01,-2.853438560472643104e-01,-3.884755563508283105e-01,-1.516469993627354018e-01,-1.501652806946497942e-01,-3.156358990296626033e-01,-3.460849037353750934e-01,-1.893900153508565332e-01,-1.772694310765376702e-01,-4.103340459395571904e-01,-5.302936125996314809e-01,-2.556278625894289336e-01,-6.847769103026535298e-02,-3.641511980888340744e-02,1.682205877274767780e-01,2.803838655905370736e-01,4.820545661734929044e-01,6.897369007593807944e-02,1.236842683543191157e-01,-9.281774546459101161e-02,6.945399294927938338e-02,-1.036339778181692567e-01,-1.500962175363915740e-01,-4.689702369180251407e-02,-1.824821299078006887e-01,6.534787426738115912e-02,3.515299059171430596e-01,-1.750735365673726784e-01,-7.074421831492172519e-02,2.937538651824365965e-02,-8.286323297200744176e-02,5.264496199956678404e-03,-6.023720055627234532e-02,-1.837519502494121826e-01,-1.728462497135448417e-01,-2.962982147173590097e-01,-3.976703741025713335e-01,-3.879308991709282117e-02,-3.788616507978364578e-01,-3.524183092711011267e-01,-3.699886045788873812e-01,-2.590182358130146273e-02,-3.415502795488292165e-01,-9.429004642927775459e-02,-3.282744569909181731e-01,-3.303024024561370675e-01,-1.692989147666450200e-02,-1.295358013994707125e-01,7.930804993894188804e-02,-7.905377194717295997e-02,-1.094085996188969290e-01,-4.324216996443247529e-01,-3.420651140012996305e-01,-5.905229650697381150e-01,-4.469610640749147046e-01,-2.920633874223431681e-01,5.539964024373016105e-02,-3.841465520218239615e-01,-2.217570923154679463e-01,-2.702300117093445753e-01,-1.651127456058565646e-01,-1.425479282622139632e-01,-1.908497593776781465e-01,-8.218358871005716770e-02,-4.985104332457486638e-03,-3.994817123896166611e-01,-3.391236513063924374e-01,-4.452627382286555857e-01,-2.882146859666801508e-01,-3.101029982828387710e-01,-2.377938715864749142e-01
-1.970575955347528829e-01,-3.645624378039171165e-01,1.767734320308649576e-01,1.586302264329820522e-01,8.642799067019516501e-01,6.121083412599003237e-01,2.279570803863769646e-01,-1.971753168272384962e-02,1.000000000000000000e+00,7.123943255197787705e-01,6.655020106796756540e-02,-6.742918671852682344e-02,1.451660498070940497e-01,8.620337844413262021e-03,4.845973460911822128e-01,5.745474008708236768e-01,-2.941054594426603108e-01,-3.375712998628154771e-01,-1.651535556539182326e-01,-1.614523982181705064e-01,3.404578259545626984e-01,5.613814515192324661e-01,1.628838891347955953e-01,1.483555120248376269e-01,5.241469915146492742e-01,5.750638049405272234e-01,6.677528417920005621e-01,6.748867521166288519e-01,-9.393217370012148237e-02,9.145217847175787784e-02,2.023063955623781718e-01,-2.579917061425400782e-01,1.135005917456968910e-01,-4.215834926494824858e-02,1.760906485344483907e-01,-2.062979321862570548e-01,-1.653466185735946448e-01,-3.317903995931552052e-01,2.071345381715214984e-01,1.947063089195068819e-01,-1.097617634963537758e-01,-8.594125236619798436e-02,-2.377263780454498265e-01,-1.904699120072579077e-01,-5.408900985405699219e-03,-2.261190586063682381e-02,-1.420597773027069688e-01,-7.672289035595779468e-03,-9.117435622149182295e-02,-1.779569234246536624e-01,-8.903339831548678918e-02,-5.156977419486483832e-02,-3.133426882520428530e-02,-5.158860960166253978e-02,2.751115213044146857e-01,1.663323381960075259e-02,-3.161852650612621551e-01,-3.841732355147873812e-01,-5.641518259357273385e-02,-4.424578322330316449e-01,1.795799076437220032e-01,-7.585332240879738563e-02,-1.865176158142075602e-01,-1.424019538595318046e-01,4.229961481593098871e-02,-1.138757302644177183e-01,-1.177950644955721160e-01,-1.553936756982442213e-01,-4.542472272711576935e-03,-1.285202590496281605e-02,5.907646861236418578e-01,2.671519923151540188e-01,1.582535182970280785e-01,2.444521878894612837e-02,1.365174588524842303e-01,-7.818263438277942359e-03,1.829718504845408433e-01,2.165679377427020547e-01,-3.225924426069458617e-01,-3.110416293882573568e-01,6.783885681637675906e-03,7.072224367365774478e-02,-1.376381655569472728e-01,9.256974594175464144e-02,5.996251754047258326e-02,1.334143255825634422e-01,1.307098750898605943e-01,-9.296215025004002375e-02,2.288627495298996284e-01,1.479254369029568417e-01,1.245397097463812469e-01,4.654951043638498320e-01,3.718376136795281117e-01,5.191603175649586177e-01,2.958728484471776811e-03,3.944762030331283587e-02,6.153998285977981680e-02,1.370370021566540697e-01,-4.526776100380161365e-03,1.523643144382810788e-01,2.285095856524427815e-01,4.699904881195671735e-01,2.797528794628141927e-02,1.898059639176390423e-01,6.733814891900460897e-02,2.097024319649410384e-01,1.459147572273025439e-01,-7.909929084693406720e-02,1.416485375876238850e-01,2.331666399831737110e-02,3.173766045412165955e-03,4.474036961346605779e-02,1.410677792113615159e-01,5.609341106077871814e-02,1.552665367023597642e-01,2.070560573098644275e-01
-3.323868541417490108e-01,-3.257897529108551571e-01,-1.743844746020235424e-03,1.406973495443401279e-01,7.173511767420396312e-01,8.001422073213225739e-01,-5.030152347048648387e-02,-1.143623116066915940e-01,7.123943255197787705e-01,1.000000000000000000e+00,-1.023971194384537403e-01,-7.554567743110164602e-02,-7.728167409095618168e-02,-5.649052422076352581e-02,2.398877409754857082e-01,8.064002712298579123e-01,-3.059089810358845973e-01,-2.682036358613588689e-01,-2.865634486374152856e-01,-3.735861672772477493e-01,4.310263099240619344e-01,5.868029722271926873e-01,8.780595763917010965e-02,6.903804438249688813e-02,5.791416705122288677e-01,2.657314887191609687e-01,7.179083908598049568e-01,7.986526405670713036e-01,-2.782397684500657609e-01,2.896728603762686524e-02,-8.422566073037429657e-03,-2.223629645674605748e-01,-4.526776100380161538e-02,-2.973090482155021919e-01,1.327001497414840303e-01,-5.956697399772091679e-03,-3.026504556598828000e-01,-3.310511098763455617e-01,4.983848638670973497e-02,3.552200760322587469e-01,2.528810324314312644e-02,1.298575729322647421e-01,-2.046514037086915871e-01,-6.296990415917173844e-02,-1.368878885195056461e-01,-9.344088350614819516e-02,-3.571193128843599962e-02,1.071248065446760156e-01,-1.605231848161507435e-01,-1.548239046426138632e-01,8.239077818483184212e-02,9.383014857996728464e-02,1.707319753005032137e-01,-1.879616636686977371e-02,3.177266291842071322e-01,1.988940476975284699e-01,-3.102866434991163325e-01,-3.243064646255364170e-01,2.925295637405862098e-02,-4.156989976424348976e-01,1.193631121114804988e-01,-3.549987600023858381e-01,-2.428511783116569026e-02,4.286153778539565640e-02,3.490828726506754048e-02,-2.487074202085079455e-01,-1.063321498419395467e-01,-2.193587171832276916e-01,-2.175646446857469260e-02,-6.604164508442970927e-02,5.051922938072321845e-01,3.295160242223331148e-01,-4.862674188272447968e-03,7.857974754276422780e-02,-6.254139865452411351e-02,-1.532495785577729086e-01,1.184715695230561111e-01,1.500208759092007960e-01,-3.180515399514674546e-01,1.889505225255769250e-02,1.171122809991555491e-01,7.162320396548098322e-02,-3.295474165669959876e-01,4.284741123029737753e-01,3.072541430046868971e-01,3.019566848428342221e-01,1.431365347246420505e-01,1.839073423554931919e-01,3.590703471051549522e-01,4.909747009094362347e-01,2.695111270165657658e-01,2.619753946802532707e-01,3.772983120336274587e-01,4.130855849492542919e-01,1.038411672929439450e-01,1.755036116892534637e-01,2.396507287732813352e-01,1.128319348043786002e-01,1.214240195385953153e-01,7.883873438623256735e-02,3.599618896935793400e-01,3.653519552721873342e-01,9.110529306323360277e-02,1.419216509861905007e-01,7.684061164844341318e-02,7.968946692659528708e-02,-9.423981867781722893e-03,6.438883813793168376e-02,5.541690603329472303e-02,7.136264750477948338e-02,1.067967565429494420e-01,6.178955199984931951e-02,1.428335985986457224e-01,1.709517217131430455e-01,1.607445008460236802e-01,2.071894747746814633e-02
3.676844064806356061e-01,9.116807775255926505e-02,2.016110551280964613e-01,3.648418296714163456e-02,2.432435826199422918e-02,3.801926862115404676e-02,2.656357420679393289e-01,2.343893718077909583e-01,6.655020106796756540e-02,-1.023971194384537403e-01,1.000000000000000000e+00,2.781424521816109885e-01,6.404179576768409543e-01,3.446424254981180213e-01,2.671723973391848528e-01,-7.664440949430071683e-03,2.775758203604469232e-01,5.867543140929652734e-02,4.331908120885640812e-01,1.879930560133605821e-01,-1.931037297244694029e-01,-5.899406370762425716e-02,2.332309942897325128e-01,1.624930544437433455e-01,-2.315750481087681945e-01,-2.409519414595556741e-02,-1.862633378224386183e-01,-1.179065073191251645e-01,3.156829875466568569e-01,-1.133263642328181768e-02,1.639606465567306770e-01,1.413471710788607172e-01,4.405224941845681252e-01,3.405567118402506588e-01,-7.526628556360245859e-02,2.626754439662343926e-02,8.576702485331927361e-02,-1.329465796470872541e-01,3.950412652370592637e-02,-1.756966746089298759e-01,1.821854722507369392e-02,-7.087135731080618228e-02,-2.705612009455374278e-01,-3.395866883901692002e-01,-1.530769206621273304e-01,-1.461282251710097901e-01,-2.296993555151640720e-01,-3.029282779101488132e-01,9.097501483288285284e-03,-1.147782601734741031e-01,-1.184574429679578350e-01,-2.709661621916879537e-01,-1.546999048811956712e-01,5.217407682962432562e-03,-9.557870217768694998e-02,-2.571425432194104910e-01,1.866353371066931666e-01,-4.056361815607645999e-02,-9.632740959789545809e-02,-1.162003333867003135e-01,3.185695136384041337e-01,2.038179369578934363e-01,3.573657427899632477e-01,-7.339687143893090793e-02,-3.409522553830023062e-02,-1.731837174186702799e-01,-1.452555179893831039e-01,-2.384609589105600724e-01,4.724547871755993556e-02,-2.018527761820002476e-03,5.836307757990136236e-02,1.047452668192334624e-01,1.759054337009376967e-01,4.878841245773805901e-02,1.648820118725847494e-01,1.481750060430263582e-01,1.431302562557094926e-01,-3.450018678445074434e-03,1.922545668013398157e-01,-3.061067528072604349e-02,1.619640934361746554e-01,-1.900947734885370943e-01,4.124279153285679844e-01,-1.472222483825094408e-01,2.492552166228743319e-03,-3.789134481665301091e-01,1.481671579568606401e-01,-1.276726657437317336e-02,-4.737261771344439959e-02,-4.373110573255605815e-01,-1.344785260666333804e-01,4.311738539439772394e-02,-1.063572637176698164e-02,8.211609516903208006e-02,-1.625150290850073398e-01,-1.440343557819989961e-01,-1.101353323978414567e-01,-1.309751404022614918e-01,-1.889254086498466378e-01,-7.888582290322682100e-02,-6.522073527149668815e-02,5.547969072262037837e-02,-1.561941804871463946e-01,-7.586744896389566173e-02,-2.165428238669717953e-01,-1.109640902969401821e-01,9.173470957372335810e-02,-1.390194287221118152e-01,5.741031991938445878e-02,-3.898772245400236591e-02,-1.857485033699682042e-01,-4.591130406938963987e-02,-2.021353072839657261e-02,-1.518102395549821293e-01,-1.937865132208859420e-01,-5.681543498802382047e-02
1.906331521995046352e-01,3.824152642136688374e-01,8.274080282782241003e-02,2.503319740448094466e-01,-9.775733089728738667e-02,6.533531732951602944e-02,9.243475885970446615e-02,3.962734147650753824e-01,-6.742918671852682344e-02,-7.554567743110164602e-02,2.781424521816109885e-01,1.000000000000000000e+00,3.103980863226693532e-01,7.031963685335693715e-01,-2.817933818658981820e-02,1.152193226159868716e-01,-1.316751896882426172e-02,2.143955874920341897e-01,3.760206436058503021e-01,2.894813670738253797e-01,-2.778536426107129642e-02,9.436852729093483938e-02,9.963145387365837657e-02,6.984796687479790907e-04,-1.819437511968331478e-01,-2.369352909599465040e-01,-2.111229355609341163e-01,-2.034255326496080540e-01,1.694904080690882719e-01,3.443787298029502564e-01,6.659258073326237981e-02,1.980370366882332200e-01,3.710229823355276624e-01,3.483388740821663498e-01,-3.329487771112136785e-01,-1.437439765938678116e-01,-2.242810368263595255e-01,-1.152899553914782382e-01,-2.521778439109838565e-01,-2.172334554495540804e-01,-2.453311735400205262e-03,-2.423489007970516199e-03,-1.964234701725637300e-01,-1.420707646233389521e-01,-2.156214585511177229e-01,-1.108479386216877222e-01,-1.171107113819224027e-01,-2.782774392636611638e-01,-1.067590857293540391e-01,3.300905041296629122e-02,2.244709605115696380e-02,7.647803006758771560e-02,5.203281127864158723e-02,-4.940684164759581720e-02,-1.629356865034892465e-01,-2.252746045349381110e-01,7.877124084520749359e-02,1.202687812550031488e-01,-1.168862561175831594e-01,3.103133269920797105e-02,-4.526933062103475486e-02,1.308448621719107696e-01,2.352809143962153460e-01,3.712286021930691904e-01,-3.654681069474398081e-01,-1.711039745847577620e-01,-1.607743235734533649e-01,-1.362945732053781334e-01,9.984649143459875531e-02,1.602955903173452212e-01,-3.509664133304452559e-03,1.876948287390636794e-01,2.124947810226997941e-02,3.335797632389365663e-01,6.525055799892638675e-02,1.676021585376190060e-01,1.709046331961487919e-01,1.412608421310379281e-01,1.971753168272384962e-02,1.440202292269007200e-01,-6.870999438077030064e-02,3.574803248479825613e-02,-7.247079727137739624e-02,-1.322402518921735881e-01,-2.438981130061623204e-01,-2.470263601518133678e-01,-9.266863182744256022e-02,-1.569366094384223587e-01,-2.121039463316475582e-01,-4.071053432909850778e-01,-1.756338899196042136e-01,3.649517028777362476e-02,-8.812772917196412537e-02,-9.368260456005197967e-02,2.117413647507918745e-02,1.133216553811187549e-01,-9.089182511952635657e-02,-7.467297024947495976e-02,-1.717569353537446442e-01,8.559122772320742686e-03,-2.093712427287481789e-02,1.885110297002972951e-03,-1.001243136848648102e-01,9.013683923038527668e-02,5.133119237542732582e-02,5.007706820614724746e-02,-1.684670176330799879e-02,-4.175809687049716196e-02,3.844149565686911380e-02,7.291813818282273651e-02,-1.957893448103745493e-01,-7.550329776580683161e-02,-1.119089998712913814e-01,-9.741044548876311507e-03,1.263541872678928535e-01,-9.566817035997600763e-03
2.594577286382942494e-01,7.366684560303124463e-02,2.417084969659298865e-01,2.229955203124166230e-02,8.610920141014412332e-02,-2.986667671221695727e-02,2.176305686095388880e-01,2.776480227531714084e-01,1.451660498070940497e-01,-7.728167409095618168e-02,6.404179576768409543e-01,3.103980863226693532e-01,1.000000000000000000e+00,6.503661917004919246e-01,5.167650816671846004e-01,2.956844943792006838e-02,1.037516991106548769e-01,3.813698991363966007e-02,2.552385975156098441e-01,1.582754929382920728e-01,-5.542318450222728787e-02,-9.621753639157555257e-03,2.909881996176412189e-01,3.197592835011254242e-01,-2.458381599063252376e-01,1.356620174604221130e-01,-1.470229069939004707e-01,-5.997821371280399882e-02,1.690006874923481034e-02,1.124458089650257897e-01,8.612489758247553195e-02,7.737742074217780763e-02,3.129612712643894401e-01,3.133128655246131822e-01,-1.208464003967992390e-01,-2.249575418538435345e-01,-2.588298817450376474e-02,-1.522057830977337767e-01,4.248953850114111502e-02,-3.672119516934600064e-02,-2.601483602208765622e-01,-1.257279099918693910e-01,-1.123720369550681303e-01,-5.121095969536868520e-01,-1.732512109596953676e-01,-3.368131747392080766e-01,-1.922498579496403903e-01,-4.754417687702676698e-01,-2.252950095589689450e-01,-3.591755114597754428e-01,-4.208614687222373973e-01,-4.508803983060690745e-01,-1.143215015586299121e-01,-1.093552326329701174e-01,-1.106376099124467549e-01,-3.268351179881274216e-01,1.529246677905126139e-01,3.976782221887370516e-02,-3.177046545429431657e-01,-2.562478613965198382e-01,1.668503118829442119e-02,1.338726538146407519e-01,6.452853407168128441e-02,-9.845424094880222965e-02,-8.008344085211380192e-02,-1.129198333694345358e-01,-2.991988673642045904e-01,-2.724117796634112909e-01,-3.491613535123324480e-02,1.102357879007625219e-01,9.948077061927677878e-02,2.866121067716426770e-03,5.304678401125101361e-02,9.704001582174170970e-02,2.113740743182367654e-01,3.364835551202483566e-01,1.542776778454806041e-01,9.963302349089150911e-02,3.995774590408383148e-02,-1.569491663762874745e-01,1.122040879111219913e-01,-1.430392184561872782e-01,4.040540073897579409e-01,-2.858320070067713048e-01,-7.027176352774612555e-02,-3.947461771972287092e-01,3.053674630904507636e-01,-1.151282848164646572e-01,-5.382688377612235286e-02,-4.039770961453340026e-01,-5.040197897340754213e-02,2.453248950710879561e-01,8.015407362760516852e-02,1.449682780357182121e-01,-1.894857620020781730e-01,-1.769664949505413698e-01,-1.771893805976474667e-01,-1.011995014895667594e-01,-1.569821283381834520e-01,2.966576570637484422e-02,-7.234208865825979273e-02,1.727081233970284013e-01,-1.379379624484773081e-01,2.870515995969222939e-02,-1.588986309798492425e-01,-3.045999202634445610e-02,1.449070629636256824e-01,-2.546248771774515252e-01,1.681311195451877238e-01,-2.079617264533870635e-01,-1.383711768048243862e-01,1.344487033392036957e-01,1.945854483925549966e-02,-1.519766189816951218e-01,-3.301218964743257711e-02,4.819980599530998555e-02
