1.000000000000000000e+00,6.642611376737119766e-01,1.173242772241833848e-01,3.600607712587693965e-01,-2.813530542026006498e-01,-1.454175789802940322e-01,1.921220787345279124e-01,2.499128647392644953e-01,2.226775101657804123e-01,-1.229366817105321946e-01,5.372045220966084056e-01,2.851914741498726702e-01,2.280128692077393882e-01,5.529469592028241065e-01,3.599579963358505719e-01,-5.459582644443451704e-02,2.275526162920595286e-01,5.771482193127485533e-02,3.815094508244336047e-01,5.939273425979713084e-01,1.982215469860136581e-02,-2.222530050493766451e-01,-4.278385986862683898e-01,-1.784127977121408581e-01,-5.099110773493006343e-01,-4.170427633048840454e-01,-3.589972742303051967e-01,-4.690245319272532409e-01,1.096697797041869676e-01,-8.129049555386747006e-02,-7.628133518030295879e-02,-1.027347066446221840e-01,2.760757853344653623e-01,2.891952276687966283e-01,-5.949774342017069562e-02,-1.784842933106930707e-01,-4.124536395728137794e-01,-5.190088922650699654e-01,-1.266991375843424528e-01,-3.458599579963358289e-03,-1.229232762858036565e-01,-1.374860360159077810e-01,1.276464542651593037e-01,1.560033960409312193e-01,4.815228562491621900e-02,2.697216140131373230e-01,9.930738638902542048e-02,-2.127172795924750781e-01,1.503463068054873009e-01,2.919656821126949131e-01,5.466285356807721457e-02,2.880200187675946433e-01,1.004691898654989091e-01,8.233611868269359590e-02,1.516868492783413069e-01,1.410518789936994477e-01,7.320479020510299861e-01,5.079985700880289556e-01,5.835247330086241746e-01,4.881361991152419755e-01,3.279369051342776453e-01,2.037803297734483154e-01,3.989186290718977346e-01,9.630457124983243800e-02,-3.150766343446981810e-01,-3.532150676973948578e-01,4.453103355824656884e-01,4.266142365610617326e-01,4.733455471647526891e-01,5.943652531391035998e-01,1.027168327449841378e-01,-1.215425175387640222e-01,2.433620805219178784e-01,3.406720586263908279e-01,1.239644309397202743e-01,4.036552124759819615e-01,2.874614594039054394e-01,3.262567585683006643e-01,-2.457348406988694722e-01,6.701818669288171770e-02,5.090039769426694949e-02,1.597837258143795514e-01,-7.817596854193663292e-02,-9.812770901291388917e-03,-1.768354260690826185e-01,1.639974976540506668e-01,1.182403145806336237e-01,-3.201572903168148909e-01,1.585414897895348271e-02,-6.459627329192546563e-02,-3.639215335805889295e-01,-3.122391527771571362e-01,-2.972786987801063763e-01,-8.956164261137673777e-02,-1.363823227132579530e-01,-6.851959426247822282e-02,-1.932972876357299252e-01,-5.855936368917288859e-02,-2.261048304213771898e-01,-1.522230662674829149e-01,-5.582018856964118120e-02,3.626971714553822723e-01,-8.533893382188659227e-02,1.065463157424371005e-01,-1.082622101076902432e-01,3.386657133920192853e-02,-5.308548192501898882e-02,3.356718352026453328e-02,3.243934045310335468e-01,1.579159033022029535e-01,-2.175968541936637024e-01,-2.348228249698378067e-01,-7.183520264533714561e-02,9.583091290942401252e-02,-2.640377139282362728e-01,8.800214486795657209e-02
6.642611376737119766e-01,1.000000000000000000e+00,-2.671701148398051770e-02,2.158586174538630054e-01,-3.561374502882166393e-01,-1.673041690870905873e-01,-7.331426784038608258e-02,-2.730238169712677007e-02,1.467715268778765902e-01,-2.223959962464810633e-02,2.493274945261182429e-01,2.062737387729567939e-01,4.933196300102774684e-02,1.620313686938647801e-01,2.977032038965101157e-01,-8.060681889271191503e-02,2.685910898610304187e-01,2.564904598060682162e-01,1.673399168863666797e-01,4.745341614906832262e-01,-3.220429867286295211e-02,-3.825282631038026682e-01,-5.385629384691005273e-01,-3.705884981455829230e-01,-5.130390097859600651e-01,-4.937977568255954020e-01,-3.477456544081504730e-01,-3.168104026095893699e-01,8.241655123106483849e-02,4.808525850127351453e-02,-2.150140756959649790e-01,-1.839805174493945317e-01,2.623754412618973242e-01,2.643281647973546589e-01,-1.118503954600294920e-01,-2.701103713302649978e-01,-2.846373832610930021e-01,-6.493543053755753691e-01,-1.042495196389472273e-01,-3.217301934849635630e-04,-1.239510255149917362e-01,-1.884355869341793610e-01,3.167433754859466655e-01,3.408150498234952530e-01,3.593681576477947837e-01,5.277134813888020304e-01,1.577326958309129001e-01,-1.909289959336878395e-01,3.018365431878100025e-01,4.362974216899772051e-01,6.204477411859332658e-02,3.125698199204611227e-01,1.226506993163233444e-01,6.377854238348451554e-02,1.412484918897180357e-02,1.340542472854014963e-03,8.699182269091558783e-01,7.798471781580946782e-01,6.945663345100316910e-01,5.909334644085973975e-01,2.701148398051744781e-01,4.691898654989052481e-02,2.362616738907011016e-01,2.174806738460163466e-02,-3.617945395236605854e-01,-3.420662227981590142e-01,7.577997229545556657e-01,6.362884847401582000e-01,6.679789087984271401e-01,7.236382322713258430e-01,-7.943160999150990220e-02,-4.105456007864515811e-01,1.342285178068725049e-01,2.428213950578667624e-01,7.975334018499485866e-02,2.845614191876312815e-01,1.568568747486482895e-01,7.871218553107824090e-02,-1.304481880334242005e-01,1.190625139639840957e-01,1.479914205281737394e-01,-6.564189642075159148e-02,5.838509316770186530e-02,-1.293936279547790447e-01,-1.558648733187363022e-01,2.361812413423298729e-01,-5.658429777916797188e-02,-2.020465615085571265e-01,6.900218955270566445e-02,-8.594664640958041280e-02,-5.256311720809687671e-01,-4.253496581616694194e-01,-3.306403324545332811e-01,-1.062424594485901902e-01,-5.052951427677733476e-02,2.240940167120961460e-02,-1.375530631395504577e-01,-6.128960185888555900e-02,-4.865901067965503479e-01,-5.543813396487778933e-01,-2.259260914249966445e-02,2.874525224540864232e-01,-5.271459850752938103e-02,-3.596228607176370912e-02,-1.032128334599401176e-01,-8.502167210331114389e-02,-5.185218284999329463e-02,-3.154743286116448719e-02,2.535010500916037302e-01,1.958666607087001243e-01,-3.705348764466687705e-01,-5.944054694132892003e-01,-2.236292953215067714e-01,-1.011841458510210484e-01,-1.889137137494973084e-01,8.273381294964028687e-02
1.173242772241833848e-01,-2.671701148398051770e-02,1.000000000000000000e+00,5.208633093525180113e-01,4.641896420751597252e-01,2.348809151436614673e-01,6.777738058000803978e-01,4.143661468340855136e-01,-1.194423343312927266e-01,-2.914428705482818849e-01,2.169176460074176693e-01,-5.985968988784128031e-02,2.208990571517940871e-01,1.906519504892980055e-01,-3.099200142991196949e-01,-3.568970910228339011e-02,-3.786049421332499110e-01,-5.096340319049108558e-01,4.070512534072120991e-01,3.350462487153134661e-01,-2.292551052325841054e-01,-1.938871263237856857e-01,4.886724161043835557e-01,6.157558425309441752e-01,1.425443496134769228e-01,1.624290629608114711e-02,-1.284060949997765655e-01,-1.493811162250323898e-01,-3.380669377541445364e-01,-3.501005406854640345e-01,1.676482416551230981e-01,1.654542204745520217e-01,-1.737521783815183796e-01,1.119397649582197646e-01,6.746682157379686462e-01,5.796460967871664982e-01,-8.614325930559900424e-02,-8.032083649850306484e-02,-4.187407837704991420e-02,-2.649001295857723592e-01,-1.072299924035926555e-01,-7.025783100227891986e-02,-2.526386344340676438e-01,-1.779704186960990309e-01,-8.533893382188659227e-02,-2.775325081549667172e-01,-3.453862996559274312e-01,-3.217525358595111351e-01,-3.783681129630457329e-01,-4.532731578712185794e-01,-3.587693820099200348e-01,-5.161669422226193849e-01,-9.692122078734527468e-02,-2.572858483399615981e-01,6.854640511193529732e-03,-1.842396889941463056e-01,-5.329103177085660337e-02,-2.112694937217927393e-01,6.157558425309441787e-03,-1.864158362750793219e-01,1.831806604405916139e-01,9.248402520219849154e-02,1.779659502211894950e-01,-7.559319004423789568e-02,2.040663121676571656e-01,2.042048348898520826e-01,2.912417891773537715e-01,2.203047499888288185e-01,1.640823986773314314e-01,1.594396532463470129e-01,2.437955225881406618e-01,3.837079404799142307e-02,-3.784351400866883819e-02,-4.165065463157424652e-02,1.506322891996961406e-02,-1.068278296617364426e-01,4.229992403592653938e-01,3.002412976451137028e-01,-3.314848742124312797e-01,-5.331560838285892556e-01,-2.865856383216408010e-01,-1.187765315697752316e-01,-1.521471021940211943e-01,-2.192055051610885263e-01,1.466776889047768095e-01,-2.358818535233924707e-01,2.812145314804057605e-01,1.805129809196121260e-01,2.170606372045220944e-01,-2.278207247866303187e-01,3.131954064077930311e-01,1.150140756959649735e-01,5.805889449930738688e-02,-9.046427454309843852e-02,-3.911256088297063865e-02,-3.568836855981053491e-01,3.248581259216229422e-02,-5.610170248894052331e-02,4.084052013047946850e-01,3.064390723446087650e-01,2.050538451226596448e-01,-1.482282496983779452e-01,2.046516823808034180e-01,7.662987622324500536e-02,2.613342866079806925e-01,2.440859734572590478e-01,2.493855846999419243e-02,1.058894499307386355e-01,4.033692300817731113e-01,9.385137852450958773e-02,1.724697260824880340e-01,3.648241655123106719e-01,2.435542249430269479e-01,8.290361499620180208e-02,-2.004289735913132864e-01,1.152106885919835511e-01
3.600607712587693965e-01,2.158586174538630054e-01,5.208633093525180113e-01,1.000000000000000000e+00,5.429197015058760852e-03,1.394074802269985314e-01,5.223870592966620707e-01,7.296393940748022722e-01,5.082890209571473000e-02,-2.958711291836096380e-01,5.062782072478663187e-01,4.029536619151883325e-01,2.163412127440904331e-01,2.394745073506412136e-01,3.658787255909558278e-02,-1.698690736851512506e-01,1.554180258277849669e-01,-7.829214888958398177e-02,4.443585504267393294e-01,5.646633004155681146e-01,-2.532508154966710001e-01,-2.454041735555654857e-01,1.081192189105858181e-01,4.885204879574601144e-01,-1.956566423879529948e-01,-1.551007641092095324e-01,-2.612672594843379881e-01,-2.382992984494392008e-01,3.391125608829706484e-02,-3.261986683944769448e-03,-1.628625050270342822e-01,-5.580678314491264308e-02,2.007819831091648410e-01,4.335895258948120889e-01,4.061307475758523799e-01,2.483935832700299440e-01,-4.273694088207694586e-01,-3.769694803163680108e-01,-3.137182179722060593e-01,-2.555565485499798895e-01,-3.874882702533625212e-01,-4.636132088118325445e-01,-5.476116001608651029e-02,1.646633004155681826e-02,-1.364448813619911494e-01,9.307833236516377395e-03,-1.160328879753340231e-01,-1.605612404486348732e-01,-2.973099781044729606e-01,-1.488717100853478581e-01,-3.129898565619553819e-01,-4.113231154207069168e-02,-1.504535502033156093e-02,-4.075695964967156887e-02,1.234505563251262344e-01,-5.234818356494928132e-02,2.734438536127619668e-01,2.147057509272085329e-01,2.721390589391840531e-01,2.575048036105277438e-01,3.680638098217078324e-01,5.041244023414808151e-01,3.196836319764064793e-01,3.638634434067652967e-01,-1.246659815005138755e-01,2.286518611197998208e-01,4.034183833057777280e-01,4.145359488806470427e-01,1.752848652754814829e-01,2.614281245810805010e-01,-3.159211761025961743e-03,-2.329147861834755806e-01,1.843424639170651025e-01,2.576656687072702012e-01,9.577282273560033810e-02,-4.479646096787166798e-02,3.037535189239912170e-01,8.106707180839180238e-02,3.363421064390723775e-02,5.330890567049465997e-03,1.725725010054068587e-01,-3.369230081773090871e-03,-2.750390991554582665e-01,-3.133696769292640405e-01,1.917243844675812214e-01,2.350015639662183242e-01,-4.355422494302694375e-02,-8.593770945976138276e-02,1.389606327360471960e-01,-1.260914249966486322e-01,-1.628312257026676702e-01,-3.352652039858796118e-01,-2.104562312882613251e-01,-2.037579873989007473e-01,2.810223870592966702e-02,-2.915277715715626217e-01,1.362795477903391561e-01,-1.929800259171544630e-01,1.300996469904821540e-01,3.927789445462263884e-02,-6.894856785379149811e-02,-2.097368068278296638e-01,-8.368112963045712394e-02,-2.099066088743911651e-01,-1.363331694892533086e-01,4.061843692747665185e-02,-2.735645024353188237e-01,-1.880736404665087902e-01,2.545556101702489138e-01,3.152643102908977424e-01,3.020063452343715316e-01,1.047723312033602971e-01,1.537423477367174662e-01,-1.858438714866616007e-02,-3.348987890432995052e-01,-1.494347379239465701e-01
-2.813530542026006498e-01,-3.561374502882166393e-01,4.641896420751597252e-01,5.429197015058760852e-03,1.000000000000000000e+00,7.326064614147191900e-01,3.685508735868447960e-01,1.455024800035747690e-01,2.591581393270476763e-01,1.291657357343938550e-01,-8.730506278207247894e-02,-3.426113767371196106e-01,1.311452701193082937e-01,-2.028240761428124622e-02,-2.848697439563876999e-01,1.670852138165244138e-01,-4.750748469547343422e-01,-3.778184905491755452e-01,-1.128200545153938972e-01,-5.018544170874480320e-02,-1.893650297153581519e-01,1.503686491800348413e-01,3.004245051164037839e-01,2.509987041422762633e-01,6.388444523883998194e-01,4.508601814200813296e-01,4.563027838598686103e-01,4.101076902453192896e-01,-1.670628714419768457e-01,-2.183877742526475763e-01,3.977925733947003661e-01,2.644577505697305320e-01,-3.381294964028777050e-01,-1.844050225657982989e-01,3.631618928459716678e-01,3.787434648554448557e-01,4.628222887528486429e-01,1.731668081683721272e-01,3.926806380982170719e-01,-3.255283971580499869e-02,3.864158362750793052e-01,3.983511327583895700e-01,-5.640868671522409894e-01,-5.830689485678537398e-01,-2.555967648241654934e-03,-3.678269806515036544e-01,-4.902497877474418231e-01,-4.465346977076723456e-01,-3.223468430224764036e-01,-5.233075651280217899e-01,-3.596273291925465854e-01,-6.553018454801375903e-01,-2.342195808570534943e-01,-6.004066312167657404e-01,1.189776129407033312e-01,-1.773135528844005659e-01,-4.911300773046159418e-01,-5.916216095446623635e-01,-3.656776442200276867e-01,-5.424862594396532289e-01,-9.845837615621788608e-02,-1.177889986147727802e-01,-2.667411412484919087e-01,-2.013092631484874329e-01,1.382546137003440659e-02,-6.564189642075159321e-03,-2.230171142589034428e-01,-1.534608338174181241e-01,-5.877385048482952623e-02,-7.526699137584343113e-02,3.128960185888556289e-01,3.241252960364627289e-01,8.901202019750659861e-03,-2.435542249430269479e-01,-3.967112024665981479e-02,-4.384378211716341012e-01,1.792215916707627643e-01,2.234550248000357342e-01,-3.121319093793288313e-01,-6.088073640466509229e-01,-4.021135886321998143e-01,-2.640198400285982405e-01,2.435229456186603636e-01,4.152106885919835261e-02,-1.530184548013762968e-01,-7.231020152821842073e-01,1.309531256981991965e-01,1.611600160865096776e-01,1.016488672416104438e-01,-3.918763126145046738e-01,5.416506546315742465e-01,2.573350015639662147e-01,1.515483265561463899e-01,-1.979757808659904361e-01,-3.298181330711828091e-02,-7.835917601322668624e-02,1.309754680727467646e-01,1.756423432682425456e-01,6.208633093525179891e-01,5.248715313463514498e-01,5.551901336073997717e-01,-7.399794450154162373e-02,6.011126502524688497e-01,4.067384601635462005e-01,2.801867822512176809e-01,2.762902721301219722e-01,2.667232673488538208e-01,5.213771839671120789e-01,1.056392153358058916e-01,-1.404084186067295348e-01,1.824925153045265508e-02,5.072657402028687423e-01,3.236158898967782527e-01,1.809196121363778609e-01,-1.659725635640555974e-01,2.239912417891773422e-01
-1.454175789802940322e-01,-1.673041690870905873e-01,2.348809151436614673e-01,1.394074802269985314e-01,7.326064614147191900e-01,1.000000000000000000e+00,2.053621698914160631e-01,2.866794762947406094e-01,5.032351758344877357e-01,2.735198176862236874e-01,-1.224228070959381548e-01,-1.926091424996648760e-01,5.272800393225792435e-03,4.455069484784843215e-03,-8.561151079136690434e-02,8.349792215916707061e-02,-3.238169712677063106e-01,-2.295589615264310157e-01,-1.933509093346440777e-01,7.704097591492023445e-02,-2.616202690021895427e-01,-4.046204030564368170e-02,3.205237052593949698e-02,3.762902721301220055e-02,5.557084766969033751e-01,3.518119665758076553e-01,4.680012511729746416e-01,3.777782742749899447e-01,-1.462308414138254742e-01,-8.516913177532507706e-02,2.241163590866437350e-01,1.471513472451852211e-01,-2.365744671343670280e-01,-8.968229143393359123e-03,1.757540551409803864e-01,2.273917511953170434e-01,3.802582778497698990e-01,-4.315653067608025278e-02,2.235935475222306512e-01,-1.825908217525358535e-01,3.433710174717368724e-01,3.206845703561374550e-01,-4.767281826712542747e-01,-4.304973412574288338e-01,2.049242593502837578e-02,-8.696992716385897049e-02,-4.493811162250324065e-01,-4.585951114884490032e-01,-2.464989499083962698e-01,-3.467625899280575297e-01,-3.625675856830063992e-01,-5.147727780508511986e-01,-2.398632646677688884e-01,-7.508065597211671660e-01,1.848429331069306181e-01,-2.204432727110237356e-01,-2.523303096653112254e-01,-4.450958487868090785e-01,-1.573975602126994056e-01,-2.883596228607176459e-01,-7.502122525582019530e-02,2.646230841413825530e-02,-2.573037222395996304e-01,5.491308816300996543e-02,-1.861656016801465641e-01,-1.408910138969569625e-01,-4.834889852093480350e-02,1.318602261048304192e-01,1.384691004960007243e-01,1.079181375396577186e-01,3.241476384110102971e-01,2.735555654854998076e-01,6.848831493811162463e-02,-1.153268689396308999e-01,-9.968720675633406525e-02,-5.164618615666473067e-01,2.881585414897895325e-01,2.400554090888779579e-01,-2.790651950489297928e-01,-4.208454354528799457e-01,-3.004825952902274722e-01,-3.413333929129988009e-01,1.714106975289333701e-01,-6.203136869386478153e-02,-2.870682336118682842e-01,-5.741498726484650650e-01,-1.177130345413110457e-01,6.198221546986013714e-02,3.321864247732248671e-02,-5.492470619777469754e-01,3.597837258143795625e-01,-1.792484025202198406e-01,1.629652799499530652e-02,-5.053353590419590313e-01,-6.804593592206979735e-02,-8.960632736047187408e-02,9.156798784574825267e-02,5.889896778229590513e-02,6.052013047946736002e-01,4.138120559453058456e-01,6.594262478216185164e-01,-1.900263640019661249e-01,7.234863041244022908e-01,3.501452254345591708e-01,3.675499352071138204e-01,2.048617007015505476e-01,2.687519549577729316e-01,4.386389025425622146e-01,-1.250726127172796000e-02,-2.392332097055274998e-01,-1.201885696411814641e-01,3.563206577595066649e-01,3.895124893873720962e-01,2.896018588855623355e-01,-5.190580454890746098e-02,1.253139103623933104e-01
1.921220787345279124e-01,-7.331426784038608258e-02,6.777738058000803978e-01,5.223870592966620707e-01,3.685508735868447960e-01,2.053621698914160631e-01,1.000000000000000000e+00,7.348406988694758946e-01,-1.974172215023012669e-02,2.529603646275526210e-02,4.040171589436525323e-01,2.343357612047008431e-01,6.314491264131552040e-01,4.113186469457973948e-01,-2.163099334197238488e-01,3.732070244425577527e-02,-1.267974440323517693e-01,-2.590911122034049718e-01,6.360874033692300866e-01,5.573886232628804116e-01,-2.017695160641672925e-01,-1.521962554180258387e-01,3.180213593100674752e-01,3.927163858974931920e-01,6.982438893605612262e-02,-3.876848831493811404e-02,-1.063943875955136557e-02,5.213369676929264368e-02,-4.405916260780196048e-02,-1.273336610214933773e-01,2.056749631350819896e-01,-5.741990258724697684e-03,1.978104472943384429e-01,4.317172349077260107e-01,5.679074131998749220e-01,4.637427945842084176e-01,-2.550828902095714779e-01,-2.167031592117610317e-01,-1.868939630903972415e-01,-1.830242638187586646e-01,-2.305062782072478667e-01,-1.894901470128245169e-01,-2.763796416283122448e-01,-1.450913803118995538e-01,-3.322042986728629410e-01,-3.293489432056839195e-01,-3.559989275660216945e-01,-4.113409893203449630e-01,-6.183073417042763698e-01,-5.161803476473479924e-01,-5.217167880602350261e-01,-3.836543187810000366e-01,-2.939139371732427675e-01,-1.922427275570847693e-01,-2.788775191027302244e-02,-1.736091871844139545e-01,-4.275883640913356182e-02,-6.971267706331829572e-02,-1.635998033871039758e-01,-7.794360784664193520e-02,4.327941373609187070e-01,6.014924706197775084e-01,4.459761383439831972e-01,3.727691139014254196e-01,-4.512265963626613946e-02,2.029313195406407810e-01,6.411814647660753208e-02,1.423209258680012412e-01,-9.037043656999865782e-02,-1.943786585638321556e-03,3.329281916082041382e-01,8.676437731802136288e-02,2.288216631663613221e-01,2.946959202824075974e-01,3.098038339514723738e-01,8.950802091246257142e-02,3.662942937575405788e-01,3.099110773493006787e-01,-1.108896733544841168e-01,-1.897493185575762908e-01,4.104741051878993408e-02,1.140265427409625082e-01,-1.508869922695384169e-01,-2.290987086107511631e-02,3.049734125742883939e-02,-6.815764779480763813e-02,4.473390231913847853e-02,-1.011573350015639722e-01,4.598060681889270911e-03,-2.069306045846552589e-01,5.870235488627731368e-02,-7.010143438044595665e-02,-1.294964028776978415e-01,-2.024397873005943094e-01,-9.254211537602216597e-02,-3.967961034898789263e-01,-1.100272576969480304e-01,-2.368872603780329822e-01,3.685195942624782117e-01,2.145895705795611841e-01,1.130568836855981030e-01,-1.880021448679565776e-01,1.148844899235890865e-02,-3.112739621967022807e-02,-1.122927744760713123e-02,7.908306894856785563e-02,-1.050136288484740110e-01,3.871039814111443961e-02,2.050404396979310928e-01,1.351803029625988639e-01,1.981813307118280576e-01,3.354171321328030531e-01,1.497788104919790808e-01,-5.429197015058760852e-03,-2.696858662138612028e-01,-1.264578399392287354e-02
2.499128647392644953e-01,-2.730238169712677007e-02,4.143661468340855136e-01,7.296393940748022722e-01,1.455024800035747690e-01,2.866794762947406094e-01,7.348406988694758946e-01,1.000000000000000000e+00,9.697037401134993295e-02,-1.725456901559497824e-01,4.846150408865454451e-01,5.264846507886857818e-01,5.085794718262657277e-01,3.787479333303543361e-01,-6.661155547611599670e-02,-1.959783725814379651e-01,4.003306671433039948e-02,-4.827740292238259096e-02,5.563385316591447083e-01,6.022297689798471465e-01,-2.499620179632691397e-01,-8.807364046650878464e-02,1.641583627507931520e-01,3.063943875955136287e-01,-1.333929129987935225e-01,-1.782608695652173891e-01,-9.374860360159078393e-03,-2.971088967335448403e-02,8.987443585504267807e-02,5.279056258099110860e-02,-1.379865052057732688e-02,-7.987845748246123756e-02,3.142410295366191431e-01,5.293980964296886027e-01,3.037222395996246327e-01,2.756602171678805835e-01,-2.347960141203807027e-01,-2.633897850663568518e-01,-2.179096474373296288e-01,-2.568792171231958354e-01,-2.502211895080209136e-01,-2.804638276956075149e-01,-2.533625273694088409e-01,-7.837258143795522436e-02,-4.446087850216721149e-01,-2.095670047812681624e-01,-1.606461414719156378e-01,-1.935430537557531749e-01,-4.954644979668439420e-01,-2.902363823227132600e-01,-3.754010456231288151e-01,-9.310961168953035827e-02,-7.994101613119442007e-02,-2.142544349613476895e-01,2.820143884892086228e-01,7.940479914205281209e-03,6.327807319361901384e-02,-4.404575718307341542e-02,6.778676437731802167e-03,8.291255194602081824e-02,5.322936681710531692e-01,7.366280888332812360e-01,3.942892890656419236e-01,6.280128692077393548e-01,-1.860092050583135870e-01,2.335448411457169693e-01,3.996157111577818694e-02,1.452388399839134869e-01,-3.346887707225524016e-03,7.229545556101701909e-02,1.114169533938066947e-01,-1.479824835783546955e-01,2.189776129407033367e-01,2.513963984092229542e-01,1.417400241297645247e-01,-1.115867554403681960e-01,2.723401403101121665e-01,1.448188033424192278e-01,8.823003708834174785e-02,-2.799946378301085975e-02,2.254881808838643253e-01,-1.511238214397426192e-02,-2.494794226730416842e-01,-2.780016980204655930e-01,9.957996335850574643e-02,5.466285356807721457e-02,-1.636891728852942485e-01,-3.288350685910898519e-01,1.387640198400285907e-01,-2.316814871084498795e-01,1.082711470575092698e-02,-3.425488180883864420e-01,-1.536931945127128218e-01,-4.732427722418338645e-01,-2.822288752848652743e-02,-3.075472541221681011e-01,3.530095178515572918e-02,-2.182224406809955830e-01,4.183877742526475596e-01,2.288976272398230427e-01,1.412529603646275611e-01,-4.384959113454577895e-01,2.000089369498190411e-02,-2.577461012556414577e-01,-6.479288618794405707e-02,-3.295947093257071275e-02,-1.275302739175119549e-01,-4.472943384422896351e-02,9.267170114839805295e-02,1.722597077617409045e-01,3.119799812324053900e-01,3.267125430090709881e-01,2.954957772912105152e-01,1.350149693909468707e-01,-2.113365208454354438e-01,-1.984405022565798316e-01
2.226775101657804123e-01,1.467715268778765902e-01,-1.194423343312927266e-01,5.082890209571473000e-02,2.591581393270476763e-01,5.032351758344877357e-01,-1.974172215023012669e-02,9.697037401134993295e-02,1.000000000000000000e+00,2.999955315250905086e-01,-1.170293578801554976e-02,-1.645515885428303349e-01,7.641092095267884576e-02,2.992850440144778634e-01,6.142186871620716193e-01,2.297957906966352493e-01,1.412038071406229028e-03,-1.040439697931096058e-01,-1.815988203226238940e-01,4.565440815049823242e-02,-3.471558157200946987e-02,-7.942267304169087216e-02,-3.823405871576031068e-01,-2.425845658876625288e-01,1.364091335627150570e-01,1.183475579784619564e-01,1.485723222664104837e-01,1.382814245498011629e-01,8.974485008266679109e-02,-1.160462934000625577e-02,1.409356986460520988e-01,1.708566066401537020e-01,-2.486706287144197641e-02,6.027972652933553943e-02,-1.368202332543902722e-01,-8.186692881719469239e-02,2.964073461727512182e-01,-1.209348049510702017e-01,1.363018901648867243e-01,-7.564681174315206202e-02,4.300996469904821429e-01,2.274989945931453483e-01,-1.767237141963447777e-01,-2.199204611466106518e-01,1.603020689038830993e-01,1.378077662093927236e-01,-2.377675499352071009e-01,-3.710710934358103508e-01,1.247821618481612244e-01,6.578041914294650849e-02,-7.284507797488716518e-02,-7.103087716162473364e-02,-3.041869609902140281e-01,-4.078823897403816012e-01,-9.665311229277447069e-02,-6.162920595200858248e-02,-3.467536529782385291e-03,-6.032441127843067010e-04,8.240314580633630037e-02,1.843826801912507307e-01,1.556995397470843090e-01,1.785423834845167312e-01,-9.160820411993386703e-02,-3.141784708878859328e-02,-3.050717190222976827e-01,-4.161982215469859914e-01,3.609634031904911111e-02,1.511819116135662833e-01,-2.248983421958085718e-02,1.072612717279592537e-01,1.467491845033290221e-01,1.656865811698467195e-01,2.079628222887528466e-01,1.939228741230618058e-01,1.794539523660574482e-02,-1.122257473524286148e-01,7.962822288752847977e-02,2.563117208096876709e-01,-3.861343223557799909e-01,-1.285624916216095426e-01,-3.138880200187675884e-01,-2.609008445417578814e-01,9.419991956745163431e-02,1.610929889628669731e-01,-5.523303096653112698e-01,-2.448724250413333858e-01,-3.817462799946378382e-01,-4.045310335582465444e-01,-1.491040707806425558e-01,-3.163009964699048382e-01,-9.490147012824523554e-02,-2.765628490996023259e-01,-2.651593011305241609e-01,-2.735645024353188237e-01,-2.728450779748871693e-02,1.397470843201215340e-01,-1.272845077974887051e-01,7.325170919165288619e-02,9.039277894454622597e-02,4.138701461191295755e-02,4.380580008043254980e-01,2.793556459180481788e-01,5.528263103802671941e-01,5.301711425890344165e-01,1.491130077304615893e-02,7.541445104785736431e-02,2.964118146476607540e-01,3.720362840162652618e-01,-6.895750480361052814e-02,-1.830376692434871888e-01,-4.785155726350596717e-01,-1.773850484829527785e-01,5.230796729076366003e-02,-3.900084901023280481e-02,-3.404977881049198185e-01,-3.166808168372134413e-02
-1.229366817105321946e-01,-2.223959962464810633e-02,-2.914428705482818849e-01,-2.958711291836096380e-01,1.291657357343938550e-01,2.735198176862236874e-01,2.529603646275526210e-02,-1.725456901559497824e-01,2.999955315250905086e-01,1.000000000000000000e+00,-1.239778363644488124e-01,-2.276732651146163855e-01,1.115599445909111198e-01,6.147280933017561233e-02,1.658787255909558167e-01,5.792752133696769112e-01,1.396666517717503053e-01,7.692032709236337751e-02,-1.780508512444702596e-01,-6.948478484293310435e-03,7.784083292372313660e-03,-7.363599803387103904e-02,-2.358371687742973344e-01,-2.692926404218240477e-01,4.582376334956879127e-01,3.803387103981410999e-01,3.619911524196791630e-01,4.319540640779301888e-01,1.700701550560793640e-01,1.079896331382099312e-01,3.592475088252379267e-01,5.268778765807229786e-02,1.351534921131417877e-01,1.355556548549979867e-01,-1.025872469726082509e-01,-1.176370704678493251e-01,7.609812770901291240e-03,-2.056839000849010335e-01,-9.208186246034227862e-02,2.323160105456007971e-02,1.144197685329996911e-01,8.003932257920372273e-02,9.781491576924795928e-03,-2.698511997855132169e-02,8.113856740694401493e-02,9.394968497251887651e-02,-2.399839134903257454e-01,-4.105143214620849967e-01,-5.276375173153402542e-02,-6.470351668975378445e-02,-1.536306358639796255e-01,-1.823539925823316477e-01,-4.268644711559944627e-01,-2.292059520085794611e-01,-3.574243710621564651e-01,-3.873005943071629598e-01,-3.281647973546628766e-02,8.664372849546449207e-02,-2.207292551052325857e-01,-3.417936458286786883e-02,-1.767505250458018540e-01,1.405916260780195604e-01,-4.732114929174672906e-03,3.658340408418606776e-02,-2.754859466464095741e-01,-1.957370749363242235e-01,-6.189731444657937953e-02,1.001563966218329688e-01,-2.111845926985120026e-01,-1.115733500156396579e-01,4.615577103534563852e-01,4.309129094240135571e-01,1.329684078823897275e-01,3.369096027525805281e-01,1.591179230528620703e-01,5.862192233790607110e-02,-2.058626390812815649e-02,-1.868716207158496734e-02,6.112426828723356576e-02,1.931766388131730683e-01,5.908217525358595151e-02,1.443093972027346961e-01,2.265293355377809570e-01,4.760534429599178052e-01,-3.926091424996648871e-01,-4.429152330309665125e-02,-2.161669422226194237e-01,5.392555520800750707e-02,-5.397113365208454638e-01,-2.317127664328164915e-01,-1.792707448947674087e-01,-1.434916662942937460e-01,-1.207069127306850120e-01,-5.061441530005809236e-02,-1.357656731757451163e-01,-7.563340631842352391e-02,-2.330622458554895138e-01,-2.157826533804012570e-01,-1.291433933598462869e-01,-2.356450243531882649e-01,5.243755306313954700e-02,2.096250949550918230e-01,1.187497207203181554e-01,2.849233656553018523e-01,-9.000402162741856504e-02,-7.574511819116135081e-02,6.188837749676035643e-03,7.052593949684972385e-02,-2.299253764690111224e-01,-1.643013539478975771e-01,-3.438446758121453395e-01,-2.039635372447383688e-01,-3.653559140265427163e-01,-7.052593949684972385e-02,-8.170606372045220722e-02,-4.972072031815541471e-02
5.372045220966084056e-01,2.493274945261182429e-01,2.169176460074176693e-01,5.062782072478663187e-01,-8.730506278207247894e-02,-1.224228070959381548e-01,4.040171589436525323e-01,4.846150408865454451e-01,-1.170293578801554976e-02,-1.239778363644488124e-01,1.000000000000000000e+00,4.502926851065731095e-01,4.543724026989588438e-01,3.695384065418472752e-01,5.642790115733500173e-02,-7.780508512444703206e-02,3.843424639170651136e-01,1.368783234282139605e-01,5.736583404084185656e-01,5.464229858349345381e-01,8.374368827919030644e-02,5.234371509003976630e-02,-7.054828187139729201e-02,1.242950980830242608e-01,-3.033736985566826139e-01,-1.454712006792081846e-01,-6.987354216006076701e-02,-2.321059922248536467e-01,3.973055096295634026e-01,1.278609410608159414e-01,1.364314759372626251e-01,7.250100540685464057e-02,4.597345725903749236e-01,4.868269359667545260e-01,5.047589257786317535e-02,5.269672460789132790e-02,-2.584342463917065347e-01,-2.836945350551856593e-01,-7.856025738415478576e-02,-8.923991241789176743e-02,-2.327181732874570030e-01,-2.235086464989499144e-01,-4.087760847222842581e-02,-4.042182403145806041e-02,-4.001027749229187913e-01,-2.433442066222798184e-01,3.011752089012020329e-03,-1.380356584297779132e-01,-2.562089458867688463e-01,-1.352294561866035083e-01,-1.983913490325751872e-01,1.264846507886858151e-01,-7.341704276330488117e-03,1.548505295142767746e-01,3.063497028464184924e-01,1.331069306045846445e-01,3.844541757898029544e-01,2.856115107913669293e-01,1.730059430716296420e-01,1.753340184994861273e-01,3.316457393091737926e-01,4.386031547432860944e-01,5.580097412753027841e-01,3.847133473345547006e-01,-2.602037624558737883e-01,-3.425979713123911141e-02,1.161222574735242818e-01,2.967067339916886273e-02,1.520085794718262773e-01,2.706733991688636820e-01,1.171678806023504216e-01,-1.453148040573752110e-02,1.949238125027928092e-01,4.283390678761338499e-01,3.577907860047365579e-02,1.192233790607265809e-01,-8.458823003708834318e-03,-9.483444300460253107e-02,1.628446311273962221e-01,1.780731936190178277e-01,3.718620134947942524e-01,1.728584833996157089e-01,-6.494034585995799025e-02,2.066669645649939560e-02,4.525671388355154146e-02,2.089950399928504343e-01,-1.866481969703740265e-02,-3.682470172929979135e-01,1.071004066312167685e-01,7.792126547209438092e-02,-3.115778184905491632e-01,-5.963626614236561263e-02,-3.025291567987845598e-01,-9.873095312569819815e-02,6.024397873005943316e-02,-2.456454712006791996e-01,-2.504580186782251125e-02,-1.818177755931900397e-01,-5.326868939630904215e-02,-1.968363197640645226e-02,-2.815720094731667955e-01,6.274632467938692781e-02,-2.950533982751686879e-01,-1.184503329013807532e-01,-2.128647392644890390e-01,4.132892443808928312e-02,-2.115063228919969729e-01,-9.648777872112247744e-02,2.001876759461995725e-01,2.782564010903078588e-01,2.070825327315787001e-01,1.014924706197774668e-01,-1.371598373475133026e-01,-4.398766700924974099e-02,-5.600920505831359364e-01,-1.951114884489923706e-01
2.851914741498726702e-01,2.062737387729567939e-01,-5.985968988784128031e-02,4.029536619151883325e-01,-3.426113767371196106e-01,-1.926091424996648760e-01,2.343357612047008431e-01,5.264846507886857818e-01,-1.645515885428303349e-01,-2.276732651146163855e-01,4.502926851065731095e-01,1.000000000000000000e+00,3.659502211895080404e-01,3.076589659949059419e-01,3.723580142097502460e-02,-3.007730461593458027e-01,4.759640734617275326e-01,6.000938379730997863e-01,4.864113678001698027e-01,4.239286831404441847e-01,-1.841458510210465180e-02,-3.043031413378613752e-03,-1.447875240180526435e-01,2.768667053934492292e-02,-4.811340989320345152e-01,-3.623843782117163181e-01,-1.438268019125072683e-01,-1.161401313731623419e-01,4.687430180079538711e-01,4.941865141427230768e-01,-1.033111399079494203e-01,-4.103400509406139596e-02,4.823584610572411724e-01,5.138880200187675440e-01,-2.034183833057777446e-01,-2.413780776620939317e-01,-2.634076589659948842e-01,-3.269717145538227898e-01,-2.224496179453952505e-01,-7.985164663300415785e-03,-4.207560659546896731e-01,-3.782117163412127558e-01,3.735198176862236652e-02,1.986549890522364692e-01,-4.536038250145225659e-01,-1.562178828365878673e-02,2.463514902363823089e-01,2.434425130702891071e-01,-2.364404128870816468e-01,7.787211224808972265e-02,-1.366504312078287708e-01,4.005406854640511383e-01,1.156351937083873321e-01,1.667187988739443349e-01,3.903123463961749584e-01,2.258233165020778477e-01,3.238437821171634146e-01,3.472362482684659968e-01,2.010456231288261231e-01,3.445730372223960170e-01,3.153626167389070312e-01,4.843916171410697635e-01,4.922159167076277098e-01,7.621162697171455225e-01,-3.039501318200098501e-01,2.501988471334733455e-01,1.001653335716519988e-01,1.341212744090441999e-01,1.797935564591804924e-01,2.136243799991063008e-01,-1.376647750122882985e-01,-3.941731087179945470e-01,9.591134545779525511e-02,3.729210420483489163e-01,-7.195138299298449447e-02,-5.156620045578444445e-03,-2.291255194602082323e-01,-3.953617230439250840e-01,5.633763796416283443e-01,4.270432101523750079e-01,6.735645024353188459e-01,2.354886277313552878e-01,-1.138165244202153786e-01,-2.416327807319361975e-01,2.893426873408105893e-01,5.245587381026856066e-01,-2.285535546717905042e-01,-3.129630457124983334e-01,2.076455605701774121e-01,2.116269717145538298e-01,-4.056436838107154164e-01,-3.927163858974931920e-01,-2.977255462710576839e-01,-3.896644175342955374e-01,5.450198847133473634e-02,5.432771794986371305e-02,8.722909870861074444e-02,-1.415166003842888431e-01,-1.814915769247955613e-01,-2.989633138209928931e-01,-2.674069440100093620e-01,-3.793020242191340041e-01,-4.086509674248179347e-01,-6.156173198087492304e-01,-2.649135350105009112e-01,-3.693775414451047623e-01,-2.595915813932704874e-01,-2.796237544126189967e-01,-1.010903078779212677e-01,1.879083068948567969e-01,2.301934849635819402e-01,-1.225211135439474575e-01,-2.699852540327985981e-02,-4.245051164037713762e-04,2.967514187407837775e-02,-3.137941820456678355e-01
2.280128692077393882e-01,4.933196300102774684e-02,2.208990571517940871e-01,2.163412127440904331e-01,1.311452701193082937e-01,5.272800393225792435e-03,6.314491264131552040e-01,5.085794718262657277e-01,7.641092095267884576e-02,1.115599445909111198e-01,4.543724026989588438e-01,3.659502211895080404e-01,1.000000000000000000e+00,5.067652710130032823e-01,9.467357790786004590e-02,1.311005853702131574e-01,1.215916707627686666e-01,8.271147057509271872e-02,6.011394611019259537e-01,5.086509674248178570e-01,-1.256311720809687726e-01,-2.616292059520085658e-02,2.035658429777916778e-01,1.594173108717994447e-01,-3.480495107019974249e-02,-9.514723624826847137e-02,7.645560570177398381e-03,3.081907145091380279e-02,3.010366861790070847e-01,5.032843290584923523e-02,3.863488091514366007e-01,1.616828276509227336e-01,3.564547120067920738e-01,4.224362125206667096e-01,2.498011528665266545e-01,2.501854417087447935e-01,-1.336073997944501601e-01,-3.611466106617811089e-01,-1.756200008936949775e-01,-9.790875374234773998e-02,-1.372089905715179470e-01,-1.688323875061441548e-01,-2.268600026810849435e-01,-1.108941418293936249e-01,-4.591670762768667036e-01,-3.986103043031413162e-01,-2.696903346887707387e-01,-3.583359399436972237e-01,-4.365789356092765749e-01,-3.406363108271147078e-01,-3.483801778453013975e-01,-1.465704455069484768e-01,-2.357031145270119254e-01,-2.335671835202645166e-02,-4.380892801286920962e-02,-1.495553867465034270e-01,6.833638679118816950e-02,3.138209928951248701e-02,-1.764690111265025119e-01,-9.349836900665803308e-02,4.078019571920103448e-01,5.315161535367979306e-01,4.436167835917601554e-01,3.909424013584163471e-01,-6.089637606684838306e-02,1.659323472898699692e-01,-2.883060011618034796e-02,-4.934089995084677688e-02,-1.285356807721524663e-01,1.659144733902319022e-02,2.284060949997765710e-01,-6.160686357746101433e-02,2.616649537512846790e-01,3.983064480092944337e-01,3.309844050225658196e-01,7.762634612806648682e-02,-3.295500245766119773e-02,2.843737432414316854e-02,1.582197595960498637e-01,3.605612404486348982e-02,2.649269404352294632e-01,2.200053621698914164e-01,-5.253139103623933465e-02,1.854506456946244108e-01,-4.790651950489298316e-02,1.025514991733321446e-02,-9.858349345368425110e-02,-3.011081817775593250e-01,-3.716430582242280511e-02,-9.201483533669958803e-02,-6.937754144510478727e-02,-5.711157781849054982e-02,-1.691407122749005731e-01,-1.622235131149738496e-01,-1.137494972965726742e-01,-2.782698065150364108e-01,-2.506456946244247086e-01,-1.968407882389740515e-01,9.069663523839313624e-02,-3.856740694401000757e-02,5.447070914696813988e-03,-7.447160284195004920e-02,-8.334599401224361548e-02,-6.644175342955449537e-02,-1.776665624022521206e-01,1.530452656508333661e-02,-8.375262522900933648e-02,5.178068725144108209e-02,6.974395638768488004e-02,1.348943205683900137e-01,3.054202600652397223e-02,6.118235846105724018e-02,-3.875955136511908400e-02,9.815898833728048389e-02,-2.286607980696188369e-01,-1.050538451226596393e-01
