0.000000000000000000e+00,8.441056738867871445e-01,2.559493503261497382e-01,4.863820780887190970e-02,5.879828032210854954e-02,3.219258931160371589e-04,-1.464991129914221535e-01,-4.109030135460022826e-01,-3.748747114653564472e-01,-1.674311455310521501e-01,-1.556774256887730190e-01,-4.037475827018486840e-01,-2.209530376333652124e-01,-3.038226987435757587e-01,-2.132998773941811310e-01,-4.874323327754806479e-02,1.249369276397352402e-01,4.974782471705910258e-02,2.956900744082613941e-01,3.526504090285372262e-01,4.718155022158090905e-02,1.819680402932493746e-03,-4.382781302726780903e-01,-7.380322336862341071e-02,3.375221752144460519e-01,3.033341019979953757e-01,3.147407811611707129e-01,1.838105523198071134e-01,-2.446385639822004632e-01,-1.962857514686441873e-01,-3.157385231135941689e-02,-3.107383975396642382e-03,2.803038432472048508e-02,1.560998107258401539e-02,1.970369118859149546e-03,-1.380925091726047937e-01,-3.040784129281785542e-01,-2.081125325065241449e-01,-3.086493039779537595e-01,-2.678765905079807941e-01,-3.205948094586850150e-01,-3.405131179093539018e-01,-6.236914625709778087e-02,6.096271824178232934e-02,-1.604492350264504485e-01,2.402571754085148364e-02,1.276447582016899951e-01,-5.576624070467522953e-02,-1.436337442264531798e-02,-3.177933692398667714e-02,1.074433376180680272e-01,4.303076104651030326e-02,8.671222336634025474e-02,-1.521111260785088237e-01,1.516910242038042034e-01,3.082794316752247021e-01,8.211553258186848891e-01,6.825902020370374634e-01,7.161024591941806960e-01,5.129238405530732736e-01,3.213482530383183211e-01,5.133233939665151485e-02,-5.275703271086716606e-02,-3.198641975026770279e-01,-1.771163202728835706e-01,-3.886376141866576539e-01,5.384815600391790191e-01,4.849459689626908210e-01,6.683387025701558182e-01,6.653431935505229600e-01,6.705876174972430492e-02,1.177358335483311286e-01,-4.693496868642819952e-02,-2.598763895896928910e-01,-7.099949998744260748e-02,-1.332933018865770647e-01,-8.974882930849861773e-02,1.019591816232827824e-01,-8.895428880633989011e-02,4.936425344015488853e-02,1.727668959722732794e-02,-2.998933763176700809e-02,-1.001006874601873542e-01,4.272938361465698776e-02,-3.607624849025888730e-02,-1.051327773071926430e-01,2.636436074878593105e-01,2.225466849624077315e-01,-2.256015562034663080e-01,1.737783368988718991e-01,-6.056658957188422177e-01,-4.979143311818333140e-01,-4.440453984004164578e-01,-1.609423980967558676e-01,6.053805004235265907e-02,-6.212713104667012126e-02,7.386030242768654164e-03,1.795912682738607657e-01,-1.017399980364803724e-01,-3.484311249825908785e-01,1.104571119366011545e-01,9.059816570735794439e-02,2.120715360431426333e-01,1.248227695216089922e-01,1.323206747201413624e-01,6.416371187404250331e-02,8.564826970540355411e-02,2.176515848571539402e-01,6.367968145318718409e-02,1.169207445849096590e-02,2.135829895271342538e-01,1.445401596843756409e-01,6.765238396398083609e-02,-5.784391845457306086e-02,-1.507001317384683292e-01,-1.110918310733831210e-01
8.441056738867871445e-01,0.000000000000000000e+00,1.645771925778957978e-01,-5.899463228528570302e-02,8.076230224959987658e-02,-1.704175219012349640e-01,-2.005141681640406626e-01,-4.055741125918687628e-01,-3.259237104128185902e-01,-3.965419222857194947e-01,-2.268321807168673099e-02,-3.342481203865850237e-01,-1.671708650217242909e-01,-2.091901851416359814e-01,-1.037628798896775978e-01,-8.643367755811219577e-02,9.565308717798848281e-02,2.377388473226496601e-01,2.916854076243923788e-01,4.508994518127167339e-01,-1.874247983396843190e-02,-1.129137946386781360e-01,-4.687309498640376826e-01,-8.057051661114776608e-02,3.524540570653600935e-01,2.686848299843146992e-01,2.972471911395034860e-01,1.485037295457191930e-01,-9.555719435876243451e-02,-2.845961884887520180e-02,5.942843313416547313e-02,3.141859727070771269e-02,1.425538084289788010e-01,1.279689672571685533e-01,1.040368593731806068e-01,5.205381870320944376e-02,-2.709908239704650335e-01,-1.770843559998082073e-01,-3.303302137724919985e-01,-2.830230896209722236e-01,-3.022016534661829401e-01,-3.366956704392119470e-01,-9.305484840943493985e-02,2.276084559201258309e-02,-2.046923552874615471e-01,-1.027034925534659610e-01,3.397573911673580638e-02,-1.266584320610791570e-01,-1.685635940628645857e-01,-1.982355721262406001e-01,-8.217101342727784613e-03,-1.525586259015637436e-01,7.583523787127073590e-02,-3.083296612472002929e-01,8.905474795029098833e-02,2.319989771432615921e-01,7.796839646657792722e-01,7.807342193525408369e-01,5.881083771510243752e-01,5.210153679658621195e-01,3.142293527919651219e-01,4.025443561367979262e-02,3.582053430565607793e-02,-1.443849046437239159e-01,-1.472023269990798966e-01,-4.216521419487703759e-01,4.919826753639931494e-01,4.543881239026550944e-01,6.410731776368813195e-01,6.292600955731765255e-01,1.054706853368463648e-01,8.057964926059786592e-02,1.003335700211649140e-01,-1.290694515159056532e-01,5.657904650573416377e-02,-8.011616730100527828e-03,5.358353748610125006e-02,2.346474454837906842e-01,3.919048195274310586e-02,1.064752767763574026e-01,1.358184794595297951e-01,-1.527915084625413034e-01,4.064713954003411345e-02,-1.253752948133400602e-01,4.791216217758893781e-02,-3.153983319215779568e-01,3.042291016441052154e-01,1.059775473813269336e-01,-6.114537123078433306e-02,1.025368217010016320e-02,-4.973846375137275233e-01,-4.533424355406185935e-01,-3.758473386317921494e-01,-2.498259088698574493e-01,1.203980008630353704e-01,7.096296938964220813e-02,2.127382194529999493e-01,2.093317412081125428e-01,6.978942393530430943e-02,-2.828952325286708258e-01,2.130121989365029722e-01,-6.042845824895146101e-02,2.833290333775505543e-01,1.121512184095947579e-01,1.256081773743176200e-01,-4.557877024308829711e-02,1.051373436319176929e-01,1.777556057343905871e-01,-4.251020002785457774e-02,6.853368463591551218e-02,2.601092721506704231e-01,3.047542289874859978e-01,1.458461285557399734e-01,-3.503512645294745015e-02,-8.304546461212496122e-02,-7.699965067615853476e-02
2.559493503261497382e-01,1.645771925778957978e-01,0.000000000000000000e+00,3.964779937395688236e-01,2.145236524204945650e-01,2.078659509713714215e-01,5.795191203432049631e-01,1.140188452221402859e-01,-6.010881551819794583e-02,1.920139546883597613e-03,1.645954578767959975e-01,1.912627942710889983e-01,2.338803029299822700e-01,6.106774371045848443e-02,-9.513709248405781416e-02,2.843381911417866559e-01,-3.388098787869101569e-01,-1.883175148234316476e-01,5.905924578014516424e-01,3.691896371826689505e-01,5.204925237848439384e-02,7.477128421033404915e-02,5.235976245978780225e-02,8.165730189570971631e-02,-1.693444355908481636e-01,1.392158250549671294e-01,1.701070118199315417e-01,8.567566765375386750e-02,-4.594841422958110821e-01,-1.002079960912260342e-02,3.092520588416604044e-01,4.111632940553301419e-01,1.754267801246149894e-01,-2.994367438451650543e-02,7.588546744324628501e-02,-7.882618056617859970e-02,-4.054188575512170378e-01,-2.534835349746226707e-01,-8.788576882067813956e-02,-1.476361278479596528e-01,-9.920568781407752834e-02,-2.790047238629280724e-01,-2.365379039199614619e-01,-1.882718515761811484e-01,-3.513764044302482570e-01,-3.597282123523650177e-01,-2.689862074161679661e-01,-4.354333099689718378e-01,-3.333302891168499760e-01,-3.934550867715855826e-01,-2.791919431766551329e-01,-3.436410503460132770e-01,-2.470176191639515961e-01,-3.934002908748849836e-01,2.200283568765425482e-02,-1.542527323745573609e-01,-9.418729694124738927e-02,-1.930664925374838137e-01,1.245487900381059831e-01,-1.014523195788022136e-01,1.164389973264168682e-01,5.167481375103027963e-02,-1.001235190838126038e-01,-3.980807737180613870e-01,1.882033567053053857e-01,-2.778996732794659086e-01,1.247771062743584930e-01,3.489357038647089571e-02,3.848726794508537663e-02,1.215624136679231693e-01,3.890394507624620468e-01,3.840575904874323210e-01,2.462002470381676189e-01,2.455289973035852391e-01,1.562938795266547720e-01,-6.483496160862486923e-02,-6.028233585774984971e-02,3.039574053229647174e-02,-4.206703821328846016e-01,3.218573982451614079e-02,-3.535317097004719300e-01,-2.575475639799172933e-01,-4.488583046606193228e-01,1.916874624705186547e-01,-8.198607727591332439e-02,-1.970939909449780647e-01,3.685457853964368979e-01,2.809043149485489499e-01,-2.363369856320592655e-01,4.785279995616328191e-02,-1.019272173502074191e-01,-1.059638484071517839e-01,1.515083712148022066e-01,-2.334784663541778493e-01,3.359650584832039044e-01,-2.581000892716483475e-01,-2.393461936258673151e-01,-9.938605764071699669e-03,7.779419117831726238e-02,9.856183602784544806e-02,2.709177627748642347e-01,4.355588838989107175e-02,2.651459283224008034e-01,3.492530634330999195e-01,3.067588455417830096e-01,3.213939162855687925e-01,5.043071857969035898e-01,4.419311900527181924e-01,2.577461991054569995e-02,-5.108119153677375540e-02,-5.170677802410562907e-02,-1.629607136252280430e-01,-2.170214320450970236e-01,-7.282602987746267242e-02,-5.795807657269931579e-02,1.613396683478352245e-01
4.863820780887190970e-02,-5.899463228528570302e-02,3.964779937395688236e-01,0.000000000000000000e+00,8.150889634214558395e-04,2.179849265620825982e-01,2.737306188054950962e-01,6.210315784186360988e-01,1.300375123576162917e-01,2.930187744441070663e-01,9.727869878010635130e-02,3.345586304678884737e-01,2.164004118824902068e-01,3.356362831030003102e-01,-9.819196372511639070e-02,-4.270655199103173816e-02,-2.978042827559596040e-01,-4.944644728520579402e-02,3.472119162810025084e-01,2.107062049503526380e-01,-2.627257762181242073e-01,-1.370787850836436561e-01,3.445725805899235161e-01,3.677603775437282563e-01,1.033130969042601530e-02,-4.892816942891260214e-03,-2.773380153382847269e-01,-2.688492176744164963e-01,-3.701987949469050521e-01,1.492343415017272079e-01,4.156953713449424576e-02,2.021991419875841522e-01,1.389601108703643340e-01,3.075351207450415236e-01,6.779850635518243351e-02,3.308530579535102351e-02,-3.719659626154994680e-01,-3.960304939165139038e-01,-8.750219754377393244e-02,-1.197176184790028908e-01,-2.619221030665153660e-01,-2.534515707015472796e-01,3.699864608471901961e-02,-3.126790855478105841e-02,-9.344983549815177176e-03,-3.057382719657342901e-02,-1.999799081712097804e-01,-2.711095484133163036e-01,-6.134857268104906836e-03,-4.917246780170278497e-02,-8.050202174027201729e-02,4.796924123665205833e-03,-7.896317030793011116e-02,-3.684339104406731541e-02,-2.942379831456954364e-01,-3.250469760656089502e-01,-1.325261593327686227e-01,-3.067040496450824105e-01,-1.157951455401848018e-01,-2.651504946471258672e-01,3.368006959078880813e-01,1.349463114370452188e-01,-1.166718798873944279e-01,-3.683425839461721557e-02,1.569217491763491915e-02,2.760914086883460294e-01,-7.740605357668800535e-02,-2.138980659331627121e-01,-3.075762176675669868e-01,-2.327478543981698067e-01,1.631296676400548762e-01,2.806006543543330782e-03,2.568557657840721958e-03,1.176673386774553659e-01,1.489146987709737135e-01,4.008091527412788874e-02,-1.964821034318213477e-01,-1.291607780104066516e-01,-5.735532170899269172e-02,7.525988095591441829e-02,-6.212713104667012126e-02,-2.106559753783770750e-01,-9.449324069782574775e-02,-2.407434889917326737e-01,1.061236697725285311e-01,1.424031197130521675e-01,1.707965268534141212e-01,-1.257314681418939817e-01,3.140946462125761285e-02,-8.762548831135028027e-02,2.024685551463621114e-01,6.137825379176189283e-02,1.785090493140238654e-01,1.188226188328930649e-01,1.204847610328113328e-01,-2.780206808846797523e-02,-3.620753032610408151e-01,-3.614588494231590343e-01,-1.015778935087410795e-02,-1.449374299354549978e-01,-1.196080266856016927e-01,3.285470639673599216e-03,-2.949137992050028800e-01,-2.101719449575217558e-01,8.364821947583157835e-02,6.204037087689416585e-02,1.029044108413681574e-01,-3.894846674231544625e-02,-5.354015740121327235e-03,4.162433303119484479e-02,-1.613305356983851246e-01,1.450561543783062957e-01,-1.214414060627093395e-02,1.791163705024555464e-01,5.113598743347435444e-02,-1.998452015918207939e-02
5.879828032210854954e-02,8.076230224959987658e-02,2.145236524204945650e-01,8.150889634214558395e-04,0.000000000000000000e+00,5.324174808043123930e-01,2.444239467201231031e-01,-3.068547383610090717e-01,2.123226839030203927e-01,-1.006646285637310609e-02,5.277073168504231582e-02,-8.836979924153345878e-02,1.251469785770875642e-01,-2.021717440392338527e-01,1.850297610213955113e-01,4.769412017196779097e-01,2.112153501571957179e-02,-2.924297185545755573e-01,1.709015523220902832e-01,-4.691898654989052481e-03,4.544018228768302303e-01,2.612873839297333856e-01,-2.089755678795586213e-01,-1.982492711004157637e-01,6.479386468609941996e-02,5.033025943573925520e-01,5.838616951567277003e-01,5.788889675311480465e-01,-1.337636333332572203e-01,-1.238547086798983538e-01,4.447440460833491094e-01,3.591528554370087001e-01,2.929982259828443208e-02,-2.260262244028959644e-01,-3.588446285180678375e-02,-4.178415439657160585e-02,1.459785519727664349e-01,1.736687451054706732e-01,1.567094150766343563e-01,1.681937217601355283e-01,2.420585905125471060e-01,1.210761000847053286e-02,-4.697081433551983931e-01,-5.039190481952743328e-01,-5.263534015694457668e-01,-4.855761217747477931e-01,-4.518492473555271727e-01,-4.595298055430616091e-01,-4.466710351173203142e-01,-4.531734815257917326e-01,-5.117137645009349756e-01,-3.219281762783997025e-01,-5.000605038026069149e-01,-3.793953729431561173e-01,3.567441191445447357e-02,7.714577306736014606e-02,-2.346405959967031232e-02,1.075141156513063044e-02,-5.407213423168161920e-02,2.416270728260298817e-02,-3.157316736265066148e-01,9.306398105888503969e-02,-2.547621058976367037e-01,-2.146926064353214259e-01,-1.034569361330992393e-01,-2.136514843980099887e-01,-9.631063793839571285e-02,7.073465315338969828e-02,2.127610510766252128e-01,2.877538020361242177e-01,3.039414231864270288e-01,4.154282413485270165e-01,3.290059796022274385e-01,2.961375742313163140e-01,1.336860058129313855e-01,3.191518508455691849e-01,1.026167323836899986e-01,2.900552296975494881e-01,-3.169189180550196494e-01,2.631869750153542631e-01,-9.376719506654276892e-02,1.277954469176166563e-01,-2.378941023633013574e-01,3.239464918068718502e-01,-1.392340903538673291e-01,1.550609718508912382e-01,2.256152551776414439e-01,5.201523325928276709e-01,-2.565658041640315190e-01,4.377484366045722441e-01,-2.291313252159300762e-01,-4.059234364333350747e-02,-7.770286468381626399e-02,-3.067497128923329375e-01,2.458486400343387612e-01,-1.343207249497133382e-01,1.474397758847824924e-01,2.879866845971017497e-01,9.903673379925066744e-02,1.209550924794914883e-01,1.296950380032375338e-01,1.554262778288952596e-01,3.622579562500428119e-01,4.863889275758067066e-01,4.305359267013555286e-02,3.584633404035261206e-01,4.302003018340643248e-01,4.329537956432695789e-01,8.198607727591332439e-02,1.470699035820534351e-01,1.869202194575662890e-01,-2.853975784779982927e-01,-3.500887008577840964e-01,-1.889294023365883646e-01,-2.855345682197498181e-01,4.153003842562256187e-01
3.219258931160371589e-04,-1.704175219012349640e-01,2.078659509713714215e-01,2.179849265620825982e-01,5.324174808043123930e-01,0.000000000000000000e+00,2.624517967346212122e-01,1.394783887266575102e-02,6.974832701277886016e-02,3.849206258604668252e-01,1.156033599017326913e-01,1.871576683432688848e-01,2.506250156967412268e-01,1.303799867119950495e-01,1.572025781469397754e-01,4.674797768893739214e-01,-7.374842747192281167e-02,-3.922906739666978115e-01,3.421158978878465207e-01,8.519163723289854828e-02,2.684382484491619758e-01,1.766094582284029879e-01,-3.594839139795748262e-02,8.614371593807150160e-03,-2.370150848537292201e-02,4.578722296678683912e-01,2.615796287121365804e-01,2.435791766459888263e-01,-1.354486071568007377e-01,4.732995577514503491e-03,4.219946163031491615e-01,3.352664108002712529e-01,4.771809337677430408e-04,-6.401302315811584209e-02,-2.361680316172324046e-01,-1.869247857822913250e-01,-1.492480404759023715e-01,-4.835052935119375089e-02,8.332857674507807011e-02,1.225030765612835082e-01,-3.630913105123644707e-02,-1.751345353422117945e-01,-4.136793389788328001e-01,-3.884047316256801219e-01,-3.933500613029094484e-01,-3.516366849395761163e-01,-2.298391055483128553e-01,-3.380199046094765070e-01,-2.407389226670076099e-01,-1.866873368965887292e-01,-4.154191086990769444e-01,-2.605065424017498077e-01,-4.086837797296279384e-01,-2.193091607323471581e-01,-4.385726582174438032e-02,2.812171081922148694e-02,-2.084367415620027031e-01,-2.867537769213381882e-01,-4.600343844251796044e-02,-7.350184593677010214e-02,-2.706985791880617831e-01,1.943130991874225111e-01,-9.884951448552360687e-02,-1.032468851957469291e-01,-1.546956658728872169e-01,-1.033701759633232770e-01,-2.515337143170262024e-01,-1.641662233526412773e-01,-1.114343054277618789e-01,3.166061248113537230e-02,1.220829746865788878e-01,4.342780298135341388e-01,2.218937005267255513e-01,2.482824911127904932e-01,2.144962544721442654e-01,4.978892163958455880e-02,-6.902684770622093124e-02,9.911436131957651607e-02,-3.300516679642639395e-01,1.761482594311729322e-01,-2.501957811725865066e-01,-9.887691243387390638e-02,-3.129005522969754982e-01,2.038886821358527335e-01,-2.905666580667550791e-01,1.920892990463230754e-01,2.943338759649214986e-01,5.217368472724200901e-01,-2.714063595204445622e-01,3.585044373260515838e-01,-6.055631534125286569e-02,8.682638148446650272e-02,8.590855021473141340e-02,-1.483667398039676677e-01,2.853153846329474219e-01,-1.007171412980691350e-01,-1.166673135626693780e-01,1.818242010644103013e-01,1.790707072552050472e-01,1.370787850836436561e-01,2.683788862277363130e-01,2.542780754767813844e-01,2.724429152330309911e-01,3.452620956234060401e-01,-1.666023575934555412e-02,3.662580567091867634e-01,4.237069880750429784e-01,4.887131868608572405e-01,7.944263440406038046e-02,1.157129516951338893e-01,1.287817730582274944e-01,-1.407135795647835863e-01,-3.508741087104927381e-01,-1.442068179794469829e-01,-1.849475671763446127e-01,3.519060980983540476e-01
-1.464991129914221535e-01,-2.005141681640406626e-01,5.795191203432049631e-01,2.737306188054950962e-01,2.444239467201231031e-01,2.624517967346212122e-01,0.000000000000000000e+00,2.899365052546981625e-01,-2.668331853083068250e-02,1.152791508462541331e-01,4.009484256453929030e-01,5.440616088531903261e-01,5.276319724924598553e-01,3.568514277755834296e-01,4.215859302402572006e-02,3.954368717022573865e-01,-2.064640892807810268e-01,-2.944799983561230960e-01,4.807449502156446730e-01,2.839363545659822630e-01,4.810851414076609128e-02,1.268228197511809541e-01,-2.446865103918135012e-02,-2.039800086303537319e-01,-5.214217708663916317e-01,2.029731340284801535e-03,1.164800942489423313e-01,6.379840589603848200e-02,-1.028770128930178579e-01,-5.004006949946231825e-02,4.255791812123135287e-01,3.866284313076355783e-01,-3.891650246924009682e-02,-7.654301820365351505e-02,-1.745043825301548779e-01,-2.274737493407368583e-01,-1.362431476589594792e-01,-1.262885597583500996e-01,9.291785866768342839e-02,-5.365431551933952468e-04,-9.317585601464877659e-03,-1.233615456095929347e-01,-4.842244896561329059e-01,-4.044644956836815353e-01,-4.595389381925116812e-01,-4.877405596944215382e-01,-2.968499208884241569e-01,-3.725002226083303225e-01,-4.839094132501044476e-01,-4.553607510690907967e-01,-4.428124907246528963e-01,-3.606551762715501930e-01,-4.765119671955231895e-01,-4.505843754066882756e-01,-2.007105201272177952e-01,-2.881236743388532751e-01,-5.087365207802022615e-01,-6.152688766156227951e-01,-1.482982449330919328e-01,-2.230900776046887135e-01,-3.027244976472011698e-02,3.593857379979862321e-01,1.504398512291404699e-01,-1.886736881519855413e-01,2.199370303820415498e-02,-2.429079269114064465e-01,-1.659151257223354936e-01,-1.823767263561413554e-01,-3.122521341860183819e-01,-1.960757005312918910e-01,3.068090751137585448e-01,4.325199947943897949e-01,2.784978618184474897e-01,2.796257440255348614e-01,1.923221816073006352e-01,1.045208897940359261e-01,1.189048126779439635e-01,1.611022194621326009e-01,-4.113596460185073300e-01,-5.240542570703830144e-02,-6.108669395806743951e-01,-3.177088922324532994e-01,-4.714570457248926094e-01,2.265604843957268466e-01,-4.305290772142679190e-01,-2.209872850688031007e-02,-6.002433851078451364e-03,3.157773368737570863e-01,-4.149031140051462341e-01,7.687635990858217305e-02,1.879887394432280256e-01,2.864478331647598575e-01,4.230448709899107262e-01,2.906694003730687231e-02,1.181057058510601859e-01,-3.953409788830313243e-01,-3.369376856496396067e-01,9.539280666866062353e-02,2.420996874350725692e-01,4.451824132569539572e-01,3.744500432659267908e-01,2.334328031069273501e-01,2.769909746591809330e-01,5.204948069472064009e-01,2.525862521661502783e-02,2.215375271981716299e-01,4.233736463701143204e-01,4.878729831114479998e-01,-4.673633356088851935e-03,-2.019845247255067922e-01,-1.863585615163851072e-01,-3.159691225122092106e-01,-4.564338373794775694e-01,-3.965830192082449579e-01,-2.094687309498640404e-01,6.491258912895073174e-02
-4.109030135460022826e-01,-4.055741125918687628e-01,1.140188452221402859e-01,6.210315784186360988e-01,-3.068547383610090717e-01,1.394783887266575102e-02,2.899365052546981625e-01,0.000000000000000000e+00,2.226197461580085302e-01,3.990260029361468175e-01,2.336565530184548101e-01,6.398494026105678856e-01,3.319786569982350888e-01,6.748457153033523559e-01,-7.085794392096604610e-02,-1.511521978862482851e-01,-3.046081065962844003e-01,9.901846850035046776e-02,1.832443280539008956e-01,1.234437394546438332e-01,-4.583745253876239101e-01,-2.819500033105854508e-01,5.773044528515556273e-01,2.900643623469995602e-01,-2.328026502948704057e-01,-3.658105568861318435e-01,-6.357260113838475446e-01,-5.372075554408900500e-01,-1.944181246560986731e-01,3.189098356351415253e-01,1.071944729205527927e-02,1.374075604638472781e-01,1.863265972433097717e-01,3.188687387126160622e-01,-1.539559212674291022e-01,-4.132752192406658615e-02,-3.258552155419428553e-01,-4.076289587181413099e-01,-1.855685873389514295e-01,-1.957012619038377699e-01,-2.028384274490911965e-01,-1.420332474103230824e-01,1.332385059898764657e-01,4.895328421490037496e-02,1.957651904499884687e-01,1.201194550548073114e-01,-4.188917986524775400e-02,-8.641541225921199609e-02,1.067766542082107112e-01,1.148864469198998123e-01,6.474820143884892076e-02,-2.213525910468071289e-02,1.851073885417213738e-01,1.429145480822577863e-01,-2.861464557329065350e-01,-4.410681546796837438e-01,-4.669866138190685301e-01,-5.699526700442248961e-01,-3.554586987344430793e-01,-4.200995915422533478e-01,2.631321791186536641e-01,1.308503181586752051e-01,1.636958919059611217e-01,3.452164323761555687e-01,5.746034717766884681e-02,3.027907093557143936e-01,-2.770366379064314599e-01,-4.478582795458333488e-01,-5.403400542022744890e-01,-5.255953916650875080e-01,1.556408950909725919e-01,-9.784035672128751915e-02,8.654326935151339384e-02,2.731324302665135151e-01,1.789702481112539489e-01,5.103552828952325621e-02,-1.998977143261588818e-01,-3.073616004054896544e-01,7.704988024813408387e-02,-8.126003164463034556e-02,3.655342942402663078e-03,-2.284555091566226603e-01,-3.860599238793668148e-02,-3.388920726319610832e-01,1.747144334675071742e-01,-2.182474902337730102e-02,-3.119028103445520284e-02,-4.394745073506412525e-01,9.351148088193995955e-02,-3.566185452146058421e-01,3.521663786076819069e-01,1.963451136900698502e-01,2.649587090086737429e-01,8.022804225676900824e-02,5.146476281367796946e-02,-1.112927493612853314e-01,-5.111201422866784583e-01,-5.449566084993001658e-01,-2.210786115633040991e-02,-2.709428775608519954e-02,-8.700903447346851338e-02,-2.392959640538917521e-01,-3.922769749925226201e-01,-3.532577302169689348e-01,-9.704124989440374160e-02,-1.385628406192849493e-01,-1.444556826769622000e-02,-2.351680065024464028e-01,-1.159732322044617625e-01,-6.942868428202535191e-02,-5.007774167844397661e-01,5.635073026948165392e-02,1.128498660925274372e-01,2.350355830854199413e-01,2.917402035210929778e-01,-1.670019110068974300e-01
-3.748747114653564472e-01,-3.259237104128185902e-01,-6.010881551819794583e-02,1.300375123576162917e-01,2.123226839030203927e-01,6.974832701277886016e-02,-2.668331853083068250e-02,2.226197461580085302e-01,0.000000000000000000e+00,1.953222569516586127e-01,3.319558253746098808e-01,2.631778423659041910e-01,4.142364305952889181e-01,9.345211866051431060e-02,5.396710876300546411e-02,-1.030961964798202679e-01,-8.470532364968070107e-04,4.244627148170387887e-02,-1.746139743235560760e-01,-2.641641685065150291e-01,4.661989228039973426e-02,4.975239104178415250e-02,5.550481861416610707e-01,1.217724646052754794e-01,1.641616570279162135e-01,-1.313389149042555881e-01,-2.660591932674108429e-01,-3.269716819372175953e-02,-7.897230295738021100e-02,2.963156608955932469e-01,8.737434045147252082e-02,-9.246807568226599787e-04,2.319167832982106936e-01,-9.723303553285585210e-02,-2.877469525490366359e-02,-2.308277148512862236e-03,1.700111190007055073e-01,1.540015845146796014e-01,1.154892017836064433e-01,5.863389263200673857e-02,2.761736025333969557e-01,2.392731324302665163e-01,6.006315227094744663e-02,-3.006856336574662558e-01,1.915139421309667578e-01,6.640577731404213868e-02,-4.619134270495377503e-01,-2.939320393891171057e-01,9.259821593692992014e-02,1.477365869919107511e-01,-4.063800689058400667e-02,1.553395176591192972e-01,-5.192596161090803908e-02,3.522029092054823063e-01,-2.768311532938041997e-01,-4.116884213987109242e-01,-2.919822187315206374e-01,-1.766140245531280517e-01,-5.144078960887145113e-01,-5.104899894746215416e-01,-2.708515510663509970e-02,-8.069837370344917771e-02,-4.125902705319083041e-02,3.467096205612469895e-01,6.962046992047744853e-02,3.390153633995374172e-01,-5.979122763357070935e-01,-6.556351871850663038e-01,-3.200103198938786253e-01,-4.218165296388722285e-01,2.635248830450079849e-01,5.285749185481827123e-02,1.427044971449054622e-01,2.345287210409393863e-01,9.689969382792718022e-02,2.201219665334060993e-01,-2.551502434992659607e-01,-2.193822219279479568e-01,4.238234293555317306e-02,3.506731904225905416e-01,2.556890698168218790e-01,2.168113811077447273e-01,-3.375198920520835338e-02,-3.303393464219421261e-01,7.821429305302188273e-02,2.259851274803705012e-01,-1.021281356381096295e-01,-3.227592473783588156e-01,1.501339074725620837e-01,-5.007203377253766768e-02,2.994983892289532212e-01,2.594471550655381709e-01,5.319539988447198609e-02,2.135007956820833275e-01,1.020048448705332816e-01,6.842865916723936404e-02,1.627209815771629015e-02,-3.299877394181132129e-01,-1.485174285198943289e-01,-1.460242152200169341e-01,-3.147955770578713119e-01,3.754203872699999472e-02,-4.383877220660792884e-01,-3.241656753936742463e-01,7.141503553742217791e-02,1.115393308964380409e-01,-1.119776980700428609e-01,-2.835801812374283415e-01,6.823687352878725354e-02,1.710157104402165451e-01,-1.249551929386354399e-01,-9.683119895705143143e-02,-1.204824778704488043e-02,4.542967974081540961e-01,2.433508604097363304e-01,1.900983814662011995e-01
-1.674311455310521501e-01,-3.965419222857194947e-01,1.920139546883597613e-03,2.930187744441070663e-01,-1.006646285637310609e-02,3.849206258604668252e-01,1.152791508462541331e-01,3.990260029361468175e-01,1.953222569516586127e-01,0.000000000000000000e+00,-2.801440218818280863e-03,2.411909888147875936e-01,1.607003828863282080e-01,2.417252488076184480e-01,-1.040916552698812059e-01,2.214598996778457951e-01,-8.545191774222640757e-02,-2.378621380902260218e-01,7.610921735477374495e-02,2.388872779909997912e-02,-3.017587199678530840e-01,-1.885960606316597066e-01,4.326204539383409209e-01,1.287498087851521311e-01,4.963366659893284766e-02,-1.366723821831141994e-01,-2.032265650507204535e-01,-1.749884129510101971e-01,-2.227293379514097282e-01,7.225523928683140473e-02,-7.416396302190238210e-02,1.993429058720652680e-02,-7.253835141978451362e-02,-4.282071010915799308e-02,-1.644995650575699353e-01,-2.077928897757706228e-01,-3.146494546666697145e-01,-3.004116541739632607e-01,-2.810276057161252838e-01,-1.070095367691882710e-01,-2.956581101351860585e-01,-2.696665898002004735e-01,-8.574872884935466621e-02,-1.897604734365475054e-01,-1.070049704444632210e-01,-9.025340819061665465e-03,-1.062058636175794435e-01,-1.641388254042909778e-01,1.564856651651068964e-01,2.203685480685587950e-01,8.516195612218571470e-04,1.932126149286854111e-01,-1.253456137026272288e-03,2.514880510697757310e-01,-1.679882371475082681e-01,-9.353887883029025907e-02,-3.011057355321709039e-01,-3.672946124217731367e-01,-5.319539988447198609e-02,-2.089344709570331582e-01,1.274027429912623355e-01,1.470288066595279719e-01,5.167481375103027963e-02,1.934066837295000604e-02,1.638968101938633182e-01,3.662717556833618993e-01,-1.881348618344296231e-01,-3.498969152193319720e-01,-2.673012335926244765e-01,-2.460723899458662212e-01,-8.913237547061683697e-02,-1.567413793497096919e-01,-1.633716828504825358e-01,-9.492704154670550398e-02,-1.216446075129740678e-01,1.664653678517040436e-02,-3.613949208770083077e-01,-3.022838473112338664e-01,4.704912680455445445e-02,2.228138149588231726e-02,-1.063200217357056915e-01,4.666098920292519048e-02,-1.565358947370824316e-01,-1.118977873873544700e-02,-1.598441970003812787e-02,3.306087595807200574e-01,-1.944569384162616113e-02,7.014103093913318099e-02,-1.685224971403391503e-01,1.203158070179844719e-01,-6.421850777074310235e-02,1.761756573795232317e-01,-4.947384523355609354e-02,6.651536910744333675e-02,5.210404827518499288e-02,-7.652475290475331537e-02,-4.179214546484044113e-01,-3.292982243846306889e-01,-2.559356513519746024e-01,-1.808972371452250982e-01,-2.716529410555972857e-01,1.713627511193203390e-01,-2.138158720881118136e-01,-2.437070337382902241e-01,-2.713743952473692267e-01,-7.513202386361300666e-02,-2.405311548920178316e-02,-3.703517668251942591e-02,7.590373274214649857e-02,1.547755765555755905e-02,-2.372045873298187779e-01,-2.011443209760975792e-01,-1.810296605622515598e-01,1.852854752059983345e-01,1.563167111502800355e-01,-1.940117217555692164e-01
-1.556774256887730190e-01,-2.268321807168673099e-02,1.645954578767959975e-01,9.727869878010635130e-02,5.277073168504231582e-02,1.156033599017326913e-01,4.009484256453929030e-01,2.336565530184548101e-01,3.319558253746098808e-01,-2.801440218818280863e-03,0.000000000000000000e+00,6.474797312261266757e-01,7.818118719876526734e-01,4.829367860836687454e-01,3.257501900732666655e-01,1.714677765879965010e-01,-7.981250670678943782e-02,1.897878713848978049e-01,3.790391996146021958e-01,2.993522668377516238e-01,-1.913952176881154599e-01,-3.130832052859774950e-01,2.093911034295381779e-01,-7.477356737269657758e-03,-1.789656817865288851e-01,4.207868234133734127e-03,-1.982903680229412269e-01,-2.881419396377534747e-01,2.976809919883832700e-01,3.921673831991214221e-01,3.705686672496341094e-01,1.060049453296772332e-01,3.375952364100468506e-01,2.793882951398322656e-01,-2.206676423380495716e-02,1.248364684957841420e-01,-1.168773645000216882e-01,2.764224672309121764e-02,-1.032514515204719791e-01,-9.523070214092134445e-03,-5.237802775868800192e-02,-1.701070118199315417e-01,-1.795364723771601667e-01,-2.305468858806956345e-01,-2.441043039893696087e-01,-3.435040606042617517e-01,-4.604202388644463850e-01,-4.574658267673388790e-01,-3.958889378500373146e-01,-3.741167015609981328e-01,-4.356159629579738346e-01,-3.718472381726481979e-01,-4.139076552150853239e-01,-2.812239576793024720e-01,-5.533403806944923176e-01,-5.651488964334721032e-01,-3.211290694515159250e-01,-2.308847939103493563e-01,-3.717741769770473437e-01,-2.719634511369006802e-01,1.683307115018870259e-01,3.130558073376272232e-01,4.611188865473790366e-01,3.323850598987646010e-01,1.694083641369988624e-01,6.787841703787081751e-03,-3.756966499158654882e-01,-4.317117553180559453e-01,-4.300587457675877912e-01,-4.021676343469813286e-01,3.144165721056921270e-01,3.003248940041873261e-01,4.076015607697910381e-01,3.277137097050382697e-01,3.542851532801051806e-01,2.852286244631714318e-01,1.159367016066613493e-01,1.479740358776133746e-01,1.501750043950875468e-01,2.666482491569422963e-01,-7.935130790955936819e-02,-3.511891851165211964e-01,-2.287500371013883801e-02,-2.880414804938023488e-01,-1.796597631447365007e-01,-1.194847359180253449e-01,-3.161494923388486616e-02,-5.039624282801622585e-02,-1.786780033288507263e-01,-4.390292906899488645e-02,2.373963729682709023e-01,4.129806912959001486e-01,3.185125653840621407e-01,1.706093075396870606e-01,1.801985894622924189e-01,1.769679147193194482e-02,-2.074253006354040765e-02,-1.023541687119996178e-02,7.920061919363272085e-02,1.405080949521563261e-01,1.305306754279217107e-01,2.854181269392610382e-02,1.043610684286591650e-01,1.044295632995349138e-01,-2.074686807202920646e-01,-1.531659470899954245e-01,1.753080556817636915e-01,1.150280029863763737e-01,-1.948793234533287289e-01,1.838174018068947091e-02,-2.684108505008116485e-01,4.912223822972722892e-02,-1.619150252631915421e-01,-6.476646673774912044e-02,2.900301149115616997e-02,2.658742571160463072e-02
-4.037475827018486840e-01,-3.342481203865850237e-01,1.912627942710889983e-01,3.345586304678884737e-01,-8.836979924153345878e-02,1.871576683432688848e-01,5.440616088531903261e-01,6.398494026105678856e-01,2.631778423659041910e-01,2.411909888147875936e-01,6.474797312261266757e-01,0.000000000000000000e+00,6.444476916086934182e-01,7.233537828575603568e-01,5.010399804561301712e-02,1.197221848037279407e-01,-2.624654957087963481e-01,1.189527590875569946e-03,4.924164762128729333e-01,2.367022916100632590e-01,-2.541547847092050505e-01,-9.026025767770423647e-02,2.986673181289941081e-01,-5.491233798109084602e-02,-4.845989282835870271e-01,-2.849044154076929014e-01,-3.422072243823475191e-01,-3.434994942795366879e-01,-5.440775909897280910e-03,4.126838801887718899e-01,2.947859421127014823e-01,1.434488080750886407e-01,2.135738568776841539e-01,1.247268767023829300e-01,-2.469491242930758612e-01,-9.971254985855809716e-02,-2.561046053668014633e-01,-2.305514522054206705e-01,-3.433191244528972091e-02,-1.676092321953291109e-01,-1.008860953128959820e-01,-1.575039555787930701e-01,-2.045781971693353130e-01,-1.785684115354495283e-01,-2.006328926068919605e-01,-3.243620273568514345e-01,-1.590702049594852896e-01,-2.717579665242734199e-01,-2.612097564094075230e-01,-2.094869962487642401e-01,-2.956307121868357313e-01,-2.367981844292893212e-01,-2.105874805075013401e-01,-9.729696407900655097e-02,-4.071723262456363179e-01,-4.731465858731612184e-01,-6.496122048727250853e-01,-6.134149487772524445e-01,-3.378646495688247819e-01,-2.680729424711579267e-01,1.575724504496688327e-01,4.329766272668948424e-01,2.862012516296071341e-01,4.012680683761464251e-01,-1.293023340768832130e-01,-2.838199132854934623e-02,-4.567397811360559556e-01,-4.876583658493706674e-01,-6.388174132227064650e-01,-5.883732239850772983e-01,2.120121738217169705e-01,2.441636662107952438e-01,3.429104383900052344e-01,4.992203000531976742e-01,3.326910036553429317e-01,2.312181356152780143e-01,-8.724191703444607315e-02,-1.232245558678414232e-01,-1.313206496053553884e-01,2.311542070691273154e-01,-2.522917242213845723e-01,-3.502896191456862929e-01,-2.884661486932320051e-01,-2.598307263424423641e-01,-1.746413722719063755e-01,-7.758414024096495221e-02,-1.077812456477217490e-01,-1.310101395240519662e-01,-1.233341476612426352e-01,-1.573441342134163090e-01,4.084052339213998795e-01,3.975419474005054687e-01,4.862747694576804447e-01,1.361244232161081535e-01,1.485311274940694926e-01,-2.128021479991506759e-01,-2.934617079424369224e-01,-2.373096127984949399e-01,2.684382484491619758e-01,3.450566110107788353e-01,1.502571982401384454e-01,1.167380915959076622e-02,-3.596665669685768230e-02,9.204569064519885213e-02,-2.304852404969074536e-02,3.775208966435229796e-02,2.773197500393845272e-01,1.408779672548853834e-01,-7.143330083632237759e-02,-6.521853288552909023e-02,-2.735068688939676362e-01,-5.850146921498028396e-02,-9.879928491354805775e-02,-6.150611088406329752e-02,9.883124918662340719e-02,8.684464678336670240e-02
-2.209530376333652124e-01,-1.671708650217242909e-01,2.338803029299822700e-01,2.164004118824902068e-01,1.251469785770875642e-01,2.506250156967412268e-01,5.276319724924598553e-01,3.319786569982350888e-01,4.142364305952889181e-01,1.607003828863282080e-01,7.818118719876526734e-01,6.444476916086934182e-01,0.000000000000000000e+00,6.158077029331786578e-01,3.776556032229119730e-01,2.576891200463938825e-01,-1.925002682715775959e-01,-3.625433515453584110e-02,4.122089824173666428e-01,2.827902070599946360e-01,-1.371975095264949540e-01,-2.291267588912050401e-01,3.091013701257337432e-01,1.135850443732605158e-01,-1.322887104470660269e-01,2.725410912146195366e-02,-1.473758473386317935e-01,-2.567027939057830443e-01,1.639835703636392805e-01,2.794887542837833916e-01,2.823564062111149076e-01,2.254052042402891476e-01,1.809383340677505614e-01,1.639561724152889810e-01,-1.567687772980599914e-01,4.271796780284436469e-03,-5.680279641726162371e-02,1.620360328684053788e-02,-5.009943172088796720e-02,8.184908753416181293e-02,2.658285938687958080e-02,8.447700741342818612e-05,-3.146311893677695148e-01,-4.226384680893812140e-01,-2.151355399336513097e-01,-3.368463591551386083e-01,-5.495320658738004349e-01,-5.298420736593841829e-01,-3.574998458865405460e-01,-3.166540712209667263e-01,-4.743246976522241254e-01,-3.637831087082095682e-01,-4.668222261289667330e-01,-2.388804285039121955e-01,-6.126386735739938194e-01,-5.152298345392235523e-01,-4.153597464776512815e-01,-4.248257376326802781e-01,-4.690962558420416761e-01,-4.253143343782606611e-01,7.716403836626034574e-02,2.281221674516940023e-01,3.657420620152561086e-01,1.936190178292148956e-01,2.447253241519764255e-01,1.367545760281650979e-01,-5.114945809141325794e-01,-5.996200817828758467e-01,-5.597515006084627931e-01,-5.171887878462700927e-01,3.177591218044288901e-01,3.186815193988890016e-01,2.933292845254104608e-01,2.173273758016753820e-01,2.247750514282322032e-01,2.366520620380877238e-01,8.677158558776590369e-02,6.661582825139443498e-02,8.435143348348930759e-02,1.335353170970047243e-01,-2.209530376333652124e-01,-2.656756219905065941e-01,-4.111747098671427597e-02,-2.274098207945861594e-01,-1.759930043905212349e-01,2.835915970492409663e-02,-2.712625202916054898e-02,3.493238414663381937e-04,-1.260054476253969769e-01,-2.064207091958930596e-02,3.749523389856823097e-01,4.864711214208575774e-01,3.559381628305733902e-01,2.324875738888419474e-01,3.004413352846761059e-02,5.359267013555134990e-02,-1.049364253440154826e-01,-2.560566589571884252e-02,6.752452687167942447e-02,1.772441773651849684e-01,2.141720454166657073e-01,1.371975095264949540e-01,2.896648089335577061e-02,8.104998070727803539e-02,-2.196379361125507801e-01,-1.247542746507332434e-01,1.799748395507649867e-01,1.175714458582293176e-01,-1.476589594715849163e-01,-3.797127325115470797e-02,-3.061423917039012288e-01,-3.816762521433186839e-02,-3.041012445518038176e-01,-9.797278013831398069e-02,1.126283993433625091e-02,-3.932747169449461039e-02
