1.000000000000000000e+00,7.811451299486107391e-01,1.152036264436554491e-01,2.193179071351660236e-01,-7.795033103227447246e-02,-1.237203695506813722e-01,1.875253100778843940e-01,1.673133489667209817e-01,-1.440061026718024439e-01,-3.097325686158173275e-01,8.029533917858791559e-02,2.794797660642475701e-01,1.465692876135225586e-01,1.736467545024470427e-01,-9.755641989144527015e-02,1.306408119316023464e-01,1.007741352193853995e-01,2.893573673124071877e-01,4.210231392972509923e-01,3.886670496532715346e-01,5.178167252133894505e-03,-2.635905308131559210e-01,-3.239328957240487084e-01,-1.349886516674043968e-01,-2.573010745599578208e-01,-2.517885788371647671e-01,-1.005025914380519164e-01,-1.513424936195059516e-02,4.366361219153097606e-02,8.450819183233976642e-03,-3.979497659700705348e-01,-3.120493236519342184e-01,-9.373597154597879122e-02,-1.394604911646245976e-02,-3.255213483639879390e-01,-3.968588819930372047e-01,1.910224172733237299e-03,3.192601452209863772e-02,-8.896590477446170153e-02,8.283184062734461062e-02,7.092629391396614025e-02,-4.709008661147892627e-02,-1.191559226367058105e-01,1.865615650967355210e-01,3.507874769658670955e-01,4.298365400613406440e-01,8.367629469877475856e-02,2.094403058870064060e-01,-1.166445350636793749e-01,-5.782469886893381802e-03,2.626597477939029632e-02,-6.397288957114917463e-02,-1.808465887508672043e-01,-3.590813344257869355e-01,-3.205315351798310175e-02,-7.598046140468185661e-02,8.047772870107895438e-01,6.957548132312454392e-01,2.988017542042197827e-01,3.336331302248633501e-01,3.347428496086944372e-01,-1.549620309591303036e-01,2.051489723715974600e-01,1.881908277847364197e-01,-1.188058979937152565e-01,-1.085531582268347978e-01,1.503473562936942232e-01,2.569934295822620673e-01,2.845355031721964467e-01,2.884140273552891487e-01,-5.252975209465420292e-01,-4.782403962969590250e-01,-1.080037921952352736e-01,-3.348966720975423139e-01,-1.873730572062696775e-01,-1.911244423934779224e-01,-1.889065732430489364e-01,-8.146784325174462327e-02,-2.118072886745838157e-01,-1.204948061365755385e-01,-2.669918913573736050e-03,2.946548254742598627e-01,-8.795664089355169357e-02,1.492344976753968711e-01,3.409962046655302670e-01,3.577958179118440052e-01,-9.583611940392215700e-02,-1.820347889963553623e-01,1.224725238503338587e-01,-5.971137878316993414e-02,-6.235241673965387088e-01,-5.013624277583668132e-01,-5.065390253932675613e-01,-4.385808776671720755e-01,-2.709127952057611144e-01,-2.420522431399878827e-01,-4.610562268285255949e-01,-3.986435367871191127e-01,-5.010720485702356841e-01,-5.064134560146162922e-01,-2.745872691485454209e-01,-2.115184791036857637e-01,-3.390388919758027808e-01,-3.614687222373951792e-01,-2.961459618457443210e-01,-2.467783606289770115e-01,-8.967694138107480673e-02,-1.608920448659389990e-01,-1.978973407544836194e-01,-2.012578912506396145e-01,-4.380158154632411427e-01,-4.217483024589623319e-01,-3.360173788020053287e-01,-4.333446345774119579e-01,-5.065437342449670144e-01,-1.174010905700535873e-01
7.811451299486107391e-01,1.000000000000000000e+00,1.034424845157259909e-01,1.236324709856254506e-01,-5.145205290237922502e-02,-2.122091106862680487e-01,-3.838341981924287688e-02,-7.053702884014703689e-02,-2.102831903412034076e-01,-2.972839343397719047e-01,6.874766519436570356e-02,1.659305161843232790e-01,-1.446747596131207347e-01,3.759390235097269384e-02,-1.746136387180622085e-01,-5.942256921227189598e-02,1.957877751931413890e-01,4.171885643966862234e-01,3.260189170268938397e-01,4.352187575537829201e-01,-1.726578956455678671e-05,-1.447783543505080928e-01,-2.801107521919704579e-01,-5.735695293345764723e-02,-5.328693544792167253e-02,-1.172331415261074483e-01,-8.396353465243965031e-02,-7.012735874229709954e-02,1.023563093903920584e-01,9.609353663015736402e-02,-3.446345774119523031e-01,-2.678693073906996958e-01,-4.464462296224442489e-02,6.075203500874276630e-02,-1.888924466879506880e-01,-4.156393521875755281e-01,2.873027383542249222e-02,7.000963744981149317e-02,9.759566032227380561e-02,2.726660576551802051e-01,1.514162656294635867e-01,2.744475732147958272e-02,-9.856882300682155706e-02,1.918778586653858698e-01,4.087785552615139095e-01,4.531610521458236951e-01,8.091062913397938094e-02,2.230269126570794402e-01,-8.141761550028410455e-02,-6.123390749931721666e-02,-1.310551908811517230e-01,-1.774075573930541383e-01,-3.064552078330178286e-01,-3.255448926224850936e-01,8.780281840470383070e-02,1.241567231414947153e-01,8.395050682940458087e-01,8.953583279181538401e-01,1.297398516397791357e-01,2.264000200911005789e-01,1.365535600488465007e-01,-2.801170306609030436e-01,2.975476300349396697e-01,2.997576510992029375e-01,-1.877968538592179049e-01,-2.828779873739989958e-01,2.321919076813928062e-01,2.343030428599681692e-01,2.991878800435725516e-01,3.624842645872377589e-01,-5.558108799588132864e-01,-4.560444390031047068e-01,-1.184307594749944292e-01,-3.112723631215291720e-01,-1.038223318861462435e-01,-2.425513814201268881e-01,-2.325246665348188191e-01,-1.392234789624202107e-01,-1.523564663521153606e-01,-2.216927380089091584e-02,6.845728600623451898e-02,1.223673594957133820e-01,-1.669287927446012898e-02,1.232855855771011616e-01,2.284326744080188709e-01,2.329908428530618469e-01,6.980401759226995129e-02,8.674646600679958297e-02,1.315527595440575959e-01,-2.867533723226254119e-02,-5.596752775868076846e-01,-5.661766321664798429e-01,-4.768198927009659194e-01,-3.727181689473205162e-01,-1.172551161673714287e-01,-1.313738231794794598e-01,-2.679462186351236341e-01,-2.650377179021123908e-01,-4.160458830509591865e-01,-4.800580130529369383e-01,-3.357913539204329667e-01,-1.251958097498344080e-01,-2.466198292884297372e-01,-3.066576884560930916e-01,-2.357109895180961034e-01,-2.261630078888962059e-01,-1.358519411456322323e-01,-2.048868462936628276e-01,-1.020627909677945949e-01,-9.688462371566070042e-02,-4.434231468314137059e-01,-3.561791121617082223e-01,-3.382305391007349171e-01,-4.416102389271352457e-01,-4.814659597110648726e-01,-7.262148052575899404e-02
1.152036264436554491e-01,1.034424845157259909e-01,1.000000000000000000e+00,3.961384276830252071e-01,-8.563831624020166317e-03,-5.019478949863286077e-02,4.469029882372884677e-01,9.352721245397097038e-02,6.540908933947367498e-02,5.378136487636125257e-02,-2.382208074738894135e-02,-1.439700014754402013e-01,2.212092959011015547e-01,-8.018860520673429249e-02,2.214839789169013307e-01,5.263554429616793678e-02,-8.914954999073926301e-02,-6.286473980455126176e-02,2.401938163359483291e-01,1.234660915589124441e-01,1.006375785201020917e-01,-1.084731077479445804e-01,6.056446574938235683e-01,4.725175718649250456e-01,4.595525335191760069e-02,-1.220848283937478983e-02,-3.379856788123648120e-02,-1.008165148846802174e-02,6.241112042417336359e-02,-1.915937579461872431e-01,-3.837714135031031377e-03,1.476538931216233586e-01,-8.486920379596231412e-03,-6.485658407340785803e-02,9.786249525190786336e-02,-1.815576253574803234e-01,6.274858812929878793e-02,9.375480695277649268e-02,-3.078804202807103318e-02,9.368574379451827250e-02,1.521210237671441479e-01,-1.345005007078973677e-02,-2.948133568148071371e-01,-2.232592160075843879e-01,8.262465115256993273e-03,-4.702887153938640347e-02,-2.682836863402490724e-01,-1.538162103789370017e-01,-8.943835956163730116e-02,-1.864862234695447152e-01,-9.595227107917463083e-02,-8.688773155778231616e-02,-3.432470357778552028e-01,-3.788569419461370047e-01,3.313305017438447631e-02,-1.578046077683496196e-01,1.785596564421799981e-02,2.069540321897102297e-02,-9.562108184298177133e-03,-6.566493694847574947e-02,4.418629473016710135e-02,-1.292077513977441527e-01,-1.227283714593359332e-02,8.084627482742058613e-02,4.579734985826356408e-01,4.554715287130080281e-02,9.403105958580940116e-02,-6.096079410075059407e-02,2.902096694700030399e-01,2.699380629039802582e-01,-4.558325406766305932e-02,-1.383523413980266847e-01,-8.016820018270344461e-02,-3.247695017093131520e-02,-7.780906548129172540e-02,-1.591591874405507475e-03,-9.595227107917463083e-02,-2.006755632571441059e-02,-3.679182794483737071e-03,-1.820285105274227766e-01,-3.621263918580815144e-02,2.216064090610863624e-01,-2.638840492357533846e-02,-1.602265271590869872e-02,1.883838907044128319e-01,-5.941001227440676109e-03,1.483476639386719087e-01,9.785621678297530546e-02,1.917491500522682524e-01,-1.518698850098414987e-01,-1.902862667909803462e-01,-1.930927424038373919e-01,-1.462161237360657118e-01,-1.090742711482377975e-01,-9.406716078217165766e-02,-1.056321005559584247e-01,-2.427303177847050242e-01,-2.303303416428869599e-01,-3.223318861462443619e-01,-2.657848557050877525e-01,-2.705596313283042953e-01,-7.390542742246875019e-02,-9.515961437643816190e-02,-1.591717443784158859e-01,-4.920122179005427532e-02,-6.346904243931074385e-02,3.270768390420312338e-02,-8.598677126595907771e-02,-7.843063390561577641e-02,-1.616627269274114875e-01,-2.583856800680586208e-01,-2.751947110177712097e-01,-7.784516667765398190e-02,-9.601505576850029311e-02,-1.511462914653632639e-01,6.665693503982118850e-02
2.193179071351660236e-01,1.236324709856254506e-01,3.961384276830252071e-01,1.000000000000000000e+00,-1.952289914581430141e-02,1.911793789966378665e-01,5.824410059362923331e-01,7.338729677380874117e-01,8.730524974179797171e-02,1.011257294796091000e-01,-1.837990387664064362e-01,1.141252994044872210e-01,3.443551855444531573e-01,2.064941343403997598e-01,5.308602444207955601e-02,3.304781995862489108e-01,-3.892996053982276106e-01,-2.291829514454604977e-01,6.009279577082332624e-02,1.119356833642547872e-01,2.981958819522271403e-02,-2.338886639104187926e-01,2.835984416840109379e-01,4.824846412953737174e-01,2.518764774022206818e-02,1.752116628838891466e-01,-7.567909489591867489e-02,5.012258710590835470e-02,-1.970246335728569331e-01,-3.280170397646829938e-01,-9.144119115112588070e-02,2.205971451801763683e-01,-9.186969665577351951e-02,1.380180129273675393e-01,1.050733168209600360e-01,8.824388084721659226e-03,-3.048824513654100482e-02,1.105355847922925572e-01,-3.707592866403598697e-02,1.669021092516378979e-01,9.102524258434338544e-02,-3.547805832069791249e-02,-3.305033134619791424e-01,-1.870324502666779742e-01,5.468075555095134460e-02,1.035963070045738676e-01,-4.545517330143871160e-01,-2.509362766795689148e-01,-2.941698137492191334e-01,-1.628540664073659106e-01,3.793921814226382944e-02,1.967373936191920136e-01,-1.676241331788830002e-01,-1.723816430125349741e-01,-8.962043516068171622e-02,-1.235053319897409796e-01,7.965807458193245594e-02,1.560356491465991063e-02,2.118104279090501085e-01,2.907511874154368736e-01,2.715940090849445210e-01,1.620567008529300024e-01,-3.762325419323243603e-01,-2.370184806733030003e-01,2.780686801716533152e-01,4.777004479687583238e-01,3.043236676304116317e-01,3.651761581420754910e-01,5.985735318585209963e-02,5.575123450395386843e-02,-1.391716815937265594e-01,-1.508339376359680850e-01,-2.001277668427777212e-01,-1.068972120458704933e-01,-2.323363124668418322e-01,-1.050073928971680948e-01,-4.397565209747950621e-01,-3.287924306778549077e-01,-3.641747423473311596e-01,-3.227619612681251748e-01,-2.717038822912644647e-01,3.770864137071534006e-01,-8.299037196789191273e-02,1.093583718674364103e-01,1.877670311317881924e-01,4.837481831680526256e-01,-9.372812345981308690e-02,-1.416940564873849784e-01,1.454909605743543444e-01,2.170341140609451103e-01,-1.672552731290947448e-01,-2.575883145136226848e-01,-1.165927376949856958e-01,-1.132902630364559238e-01,-2.035338362386948374e-01,-1.477998675243055171e-01,-3.547287858382854875e-01,-2.746045349381099898e-01,-2.885961029543335776e-01,-3.199444983346361182e-01,-1.100803957946815126e-01,8.199052579038075550e-02,-7.668521954236240390e-02,-1.651080367541571392e-01,-1.850453148495208033e-01,-2.064486154406386387e-01,-4.156660356805389617e-02,-6.769916088262716014e-02,-1.683414482544286772e-01,-2.622390903754210356e-01,-3.961541238553566435e-01,-4.088413399508395996e-01,-2.790120201287714097e-01,-1.259853272181045980e-01,-1.966133938577738494e-01,-6.956700539006557826e-02
-7.795033103227447246e-02,-5.145205290237922502e-02,-8.563831624020166317e-03,-1.952289914581430141e-02,1.000000000000000000e+00,6.954926871533108068e-01,-1.460010861751253330e-01,-1.007207682334585880e-01,7.440425177916113464e-01,4.186592957441398477e-01,-2.331195514661794574e-02,-7.937083462826755031e-02,4.455201554548907789e-02,2.050846180650386652e-01,5.780947358177235262e-01,1.414947150987760083e-01,-2.084498774128940857e-01,8.478130523090639248e-02,-1.286772207729423023e-01,-2.219124844215489556e-01,3.598284722287622972e-01,1.347971583649611171e-01,7.138619176327660500e-03,7.384264273314310179e-02,4.013840884761841754e-01,4.513920935240732235e-01,8.748575572360923758e-01,7.700447968758338257e-01,1.580306326499219816e-01,1.656260104410938253e-02,2.277090808635406083e-01,2.223017494953680728e-01,-8.306414397784955828e-03,1.111461658959846110e-01,-1.053213163437964096e-02,5.242364596969383006e-02,-2.956436843311390228e-01,-5.488637540849288649e-02,-3.155809624265026869e-01,1.143199319413967657e-01,-1.319875435176377787e-01,-3.435484022866183706e-01,1.534300845395841773e-02,1.715717205202339224e-01,1.339118942454692873e-01,4.941312011652838204e-02,1.275314001927489900e-02,7.405924991131662694e-02,7.404512335621835084e-02,7.345023842485771948e-02,4.086341504760648835e-02,1.188325814866786623e-01,1.995579957871473353e-01,-4.235926027079036510e-02,-3.598269026115291647e-01,4.541687464095005983e-02,1.012089191929656101e-01,3.936600020718947213e-02,-9.932537851319577296e-03,9.441090695622965379e-02,5.485027421213062998e-02,1.262129217169101203e-01,-1.734584004344700420e-02,-2.285205729730747926e-02,1.422591186913159389e-01,2.996242336343859017e-02,-4.597251914148215574e-02,-1.305136729357178962e-02,-1.620676881735619856e-01,-1.076616156384104239e-01,4.800517345840043387e-02,1.716910114299526890e-01,-9.992026344455641473e-02,-1.102640410109590741e-01,1.472599191961048437e-01,3.350191022417273179e-02,-1.141174513183215167e-01,-2.512062508436692654e-01,-4.741876446009876123e-01,-3.189305256020266710e-02,1.229952063889699909e-02,-7.303585947530835676e-02,-1.437910651108620652e-01,-4.722507369352909462e-02,-6.059664290266175701e-02,-6.414554746679475283e-02,2.430081400349710652e-01,1.891357373590876190e-01,1.583210118380531661e-01,3.613415832415107359e-02,1.231992566292783829e-02,1.200867056559587337e-01,4.403718109301865691e-02,9.094048325375374275e-02,-3.570125789125063731e-01,-1.381137595785891514e-01,-2.840693268539534189e-01,-2.462023111044140677e-01,-1.216688798269653926e-01,-8.005047889021782784e-03,-6.694574461071922666e-02,-9.064225597945685386e-02,-2.207101576209625493e-01,-1.671642353295725233e-02,-1.757657377671880891e-02,3.064834609432143947e-02,1.210802733645373191e-01,8.158870377869652246e-02,-2.245274667319627493e-01,-6.323830870603894261e-02,-2.322939328015470040e-01,-3.006758771805907379e-02,-1.369632301466964241e-01,-1.078468304719211179e-01,-9.264979642064485876e-02,-3.469795855582657323e-02
-1.237203695506813722e-01,-2.122091106862680487e-01,-5.019478949863286077e-02,1.911793789966378665e-01,6.954926871533108068e-01,1.000000000000000000e+00,9.773849549048968521e-02,1.993366797572743987e-01,6.412435763414733314e-01,5.173599665985453289e-01,-4.308599304973488933e-03,9.487551365723954910e-02,2.584892748054459233e-01,4.247431321397963644e-01,4.959864887348571227e-01,4.029411487714605888e-01,-3.697076430941550473e-01,-7.974911238145465653e-02,-1.014208175194397099e-01,-2.554504958420839578e-01,3.667646107820147217e-01,1.454988086605200348e-01,-2.581706425071182004e-02,1.436796222873090167e-01,3.248260079297062841e-01,4.638579935896832152e-01,7.830412275662457233e-01,8.030271637958367181e-01,1.349792339640055461e-01,-1.278139312947144772e-02,2.689131028507388277e-01,3.099177834493280215e-01,2.402770060493048324e-02,1.432730914239253583e-01,-1.544801584685558671e-01,6.965804318958779273e-02,-3.295913658495239207e-01,2.506521759603702951e-02,-4.222615672941996134e-01,1.463887816317112900e-01,-1.264546427708139187e-01,-3.263485366458535597e-01,-1.467089835472721593e-01,7.698187719942614637e-02,4.231374137102925787e-02,6.373587736894481548e-02,-1.261862382239467006e-01,-4.574806387714291933e-02,-5.759239551842887384e-02,6.237658884504424656e-02,1.524365168310055918e-01,2.719738564553648152e-01,2.227318246172488303e-01,3.593952578724152191e-02,-4.127371299234968705e-01,-4.853256484873598973e-03,-2.332294246724993594e-02,-9.933479621659462022e-02,2.006190570367510084e-01,2.772807323206162855e-01,3.093103415801022882e-01,3.261900053053062298e-01,-1.797604136255332719e-01,-1.124395304960932179e-01,1.262443140615729376e-01,1.848459734609118332e-01,-1.313330131314177640e-01,6.753121183868102118e-02,-1.471045270900238344e-01,-1.259837576008714377e-01,1.320770116999268606e-01,1.175706092312328727e-01,-1.430125349632238585e-01,-4.430244640541957518e-02,-4.014296073759453243e-02,-1.881814100813375759e-02,-1.383115313499649890e-01,-2.387858696778203671e-01,-5.396422528402223806e-01,-2.225623059560695449e-01,-2.927963986702202676e-02,5.143478711281466997e-02,-2.264345516702296890e-01,1.594731108871790676e-02,6.440924316196251775e-02,1.357295110014472006e-01,-4.594897488298503585e-02,-5.200141893397875782e-03,1.699361793633004658e-01,2.371409108174880598e-01,5.564293091486709891e-02,1.311352413600419264e-01,1.225101946639292477e-01,1.143701596928572983e-01,-3.970095652474187609e-01,-5.046319404550006493e-02,-2.494420010736181914e-01,-2.119312884360020077e-01,-7.780121739512602108e-02,-2.146608528044351150e-02,7.205327908736175457e-02,-6.908984175119055327e-02,-1.427221557750926739e-01,-1.076757421935086931e-03,-1.149085384038248392e-01,-1.029653208768509659e-01,5.298713855639163722e-02,1.061924539081899460e-01,-2.098876467984517324e-01,-5.104238280452928767e-02,-1.537220333449484944e-01,-6.962037237599238981e-02,-1.281451205309073194e-01,-3.479370520704820613e-02,-5.179736869367036062e-02,-4.536193803779010468e-04
1.875253100778843940e-01,-3.838341981924287688e-02,4.469029882372884677e-01,5.824410059362923331e-01,-1.460010861751253330e-01,9.773849549048968521e-02,1.000000000000000000e+00,6.035303830807818848e-01,1.129198333694345358e-01,5.758297781503003004e-02,9.593500528961007578e-02,1.357216629152814824e-01,6.618793341055849710e-01,2.057422876857249727e-01,1.022574235047041397e-01,2.955275326558865490e-01,-3.933947367594938238e-01,-4.742394419696812635e-01,2.519628063500434778e-01,1.330297693604437503e-01,-6.286944865625068712e-02,-2.403947273417904318e-01,2.392222232686337102e-01,1.780102904105804740e-01,-5.059975074478337970e-02,-7.147722956279881079e-02,-8.332470043855105812e-02,1.760796612138164005e-02,-2.271738413870393603e-01,-3.604673064426509033e-01,-4.645282201482346662e-02,4.213323538921798228e-02,6.024190940797177589e-03,-1.807257282239153190e-02,-1.583947838480108117e-01,-1.988516680322336694e-01,9.704943352514056043e-02,-5.576379144181899811e-02,-7.741666117300635697e-02,-9.316149163864899385e-02,8.293700498196510118e-02,-1.148897029970271516e-01,-3.665228897281109233e-01,-3.547931401448442545e-01,-1.687573968212111863e-01,-1.068815158735390847e-01,-3.596887762950127243e-01,-3.034274161902878464e-01,-2.163795836747250678e-01,-1.634693563627573898e-01,4.585165861453026348e-02,-4.854983063830054651e-02,-1.801763621923157810e-01,-2.213599791554831386e-01,-8.941010645144074898e-02,-2.932154864714690556e-01,-1.075156412357282515e-01,-1.966651912264675006e-01,2.083572699961387387e-01,1.128617575318082988e-01,4.492982241350624295e-01,4.564446913975558212e-02,-4.111314114939930708e-01,-2.884532677861176841e-01,1.718024542535057375e-01,1.853969091097444899e-01,-7.876810161074120076e-02,-1.099972060813250024e-01,7.857660830829793497e-02,2.747771928337555680e-02,1.323171631365974987e-01,2.191185657465570275e-03,-2.690951784497832427e-02,-3.865810283504264588e-02,-9.526006987935921322e-02,-1.045270900238267908e-01,-1.793821358723461656e-01,-1.658944149879610364e-01,-2.523034132896351811e-01,-2.975711742934368242e-01,-2.789366785015806038e-01,2.782005280192372254e-01,-1.270919073674693645e-01,-2.640880994760617592e-02,6.587683527494984925e-02,2.945543699713387698e-01,-2.993479810013530140e-01,-3.842862479555735344e-01,6.552681063195929523e-02,-5.175812826284182516e-02,-1.406989191615732604e-01,-2.139388288771899935e-03,-7.771488844730324586e-02,6.164985606609971885e-02,-2.077011699926855914e-01,-1.635839384207767033e-01,-2.591249697848682643e-01,-2.873639534263174311e-01,-1.730330341642886960e-01,-1.661267183384659840e-01,-7.360720014817186130e-02,1.556275486659823015e-01,-4.256174089386562109e-02,-7.194026664657555969e-02,-5.827988786654486435e-03,3.244712744350163047e-02,1.829530150777431419e-01,4.777600934236177210e-02,-1.170965848268241266e-01,-2.238697971112764418e-01,-1.565081039337747060e-01,-1.960577493572417396e-01,-7.397606019796012199e-03,3.883860881685392147e-02,-3.756721885800928806e-02,6.827834964165638287e-02
1.673133489667209817e-01,-7.053702884014703689e-02,9.352721245397097038e-02,7.338729677380874117e-01,-1.007207682334585880e-01,1.993366797572743987e-01,6.035303830807818848e-01,1.000000000000000000e+00,7.315985923672653490e-02,2.173197843973768695e-01,1.524412256827050241e-02,4.213370627438792759e-01,4.647840677572367407e-01,3.843710072861631910e-01,2.712612502315185289e-02,4.274742661254626319e-01,-4.449990425334877653e-01,-4.828472228762293872e-01,4.364634640196641407e-02,7.437945182687749623e-02,-1.077777673136628839e-01,-3.404185855237341629e-01,4.159014782655101605e-02,1.985801242509001863e-01,-2.223786607397919834e-01,-1.978031637204951190e-02,-1.552602582334272063e-01,-2.063575776411164311e-02,-2.625263303290859551e-01,-3.636473509569956297e-01,-8.283341024457775703e-02,1.137360343306681176e-01,-1.729153128718030896e-01,1.058078976860702680e-01,-8.802884328627620658e-02,-3.098267456498058486e-02,1.842102784814894992e-02,-4.564446913975558212e-03,-3.952139231327048835e-02,-3.338575854892025796e-02,8.222439875811884957e-02,-1.171782049229474904e-01,-3.083167738715236750e-01,-2.597292724196277325e-01,-9.336711149619053574e-02,-8.869906984482764725e-03,-4.369531845964043093e-01,-3.919946381875316077e-01,-2.860187914575151868e-01,-6.316767593054757601e-02,8.223067722705140747e-02,2.585504898775384808e-01,7.220239272451020390e-05,-1.937692474313213939e-02,-2.275850811021224440e-01,-3.286260512511419152e-01,-1.021114491020219811e-01,-1.827050155549067856e-01,3.087217351176742008e-01,4.224138201658143577e-01,4.865483803119771133e-01,4.868999745722007999e-01,-4.843587642717446795e-01,-3.649925129257979295e-01,-2.109565561342210873e-03,5.605417062995018407e-01,-6.339684004658624125e-03,1.908340632053467378e-01,-1.560403579982985456e-01,-1.733406791419844495e-01,3.139862313176308706e-02,-5.811036920536558070e-02,-6.054327591673494546e-02,-6.664437810195605882e-02,-9.760664764290580275e-02,-1.984796687479791211e-01,-4.371807790952098594e-01,-3.638200088526412079e-01,-3.393622331258299152e-01,-3.324355122759763970e-01,-3.515079312758790375e-01,2.156120408477188721e-01,-2.280653839754637462e-03,8.918251195263522668e-02,6.358990296626264305e-02,3.955874920341925227e-01,-2.846406675268169373e-01,-3.614593045339963284e-01,-1.847439483407576147e-02,1.903207983701094563e-01,-2.111135178575352517e-02,-8.648433992886495059e-02,7.595848676341787620e-02,-8.443755905684839635e-02,-2.092676479913608278e-01,-9.651576366587244493e-02,-2.665429808286950975e-01,-2.614401552037520227e-01,-1.754157131241975420e-01,-2.127584767178675729e-01,6.681075752866906525e-02,2.645903769906670505e-02,-1.236936860577179664e-01,-2.318544399762673958e-01,-9.715302826252790458e-02,-1.261705420516152920e-01,6.266068956424286629e-02,-7.312846689206370376e-03,-8.416130642381548788e-02,-2.527570326700130932e-01,-2.206614994867351631e-01,-2.327883622299865840e-01,-2.642136688547130907e-02,5.445159143491268283e-02,-5.312055602120866610e-02,-4.428361099862187372e-02
-1.440061026718024439e-01,-2.102831903412034076e-01,6.540908933947367498e-02,8.730524974179797171e-02,7.440425177916113464e-01,6.412435763414733314e-01,1.129198333694345358e-01,7.315985923672653490e-02,1.000000000000000000e+00,6.740266018728673370e-01,9.147572273025500467e-02,7.846830471921117933e-02,1.737409315364355222e-01,4.181366132055037155e-01,7.292206222590559284e-01,1.223438152372162552e-01,-3.144618253392727492e-01,-6.151800821851582945e-02,-1.494699402603681115e-01,-3.679041528932754379e-01,4.224153897830474902e-01,2.933143723571569883e-02,7.013363721122967132e-02,1.031489660931285274e-01,2.144458152434947085e-01,3.335279658702428596e-01,6.908591770810770250e-01,6.861032368646582391e-01,7.663342217366872489e-02,-8.138151430392184804e-02,3.666453198722959272e-01,3.057331839057727541e-01,-3.955435427516645550e-03,5.704145986959620329e-02,-1.135994776313848098e-01,6.593177187810980722e-02,-3.501973008862058756e-01,-2.952450015539210670e-03,-3.838294893407293573e-01,1.609375637657000924e-01,-1.380949241717914777e-01,-3.224621643765951395e-01,-1.061987323771225178e-01,-8.901299329145594130e-03,-2.358035969348514643e-02,-1.149116776382911320e-01,-1.789614784538642311e-01,-8.017918750333544176e-02,-5.787335700316120768e-02,-3.857177388721986372e-02,-1.078484000891542609e-02,6.717804796122417432e-02,8.416915450998119219e-02,-1.448066074607046450e-01,-3.815504051182078693e-01,6.214114626007302168e-03,-4.551419090940483220e-02,-7.767878725094098935e-02,1.861566038505850030e-03,6.088231323909351622e-02,2.531007788440710615e-01,3.248668179777679521e-01,-1.190852898612144439e-01,-3.254601332918954232e-02,1.086583225814552883e-01,8.803512175520877836e-02,-3.227384170096280203e-01,-2.297558617355571764e-01,-2.270655377979526046e-01,-1.997259448310934882e-01,1.148441840972660444e-01,2.021054845565360414e-01,-1.110158876656338611e-01,-1.014176782849734310e-01,8.844479185305871571e-02,-2.942561426970418878e-02,-3.262763342531290606e-02,-1.644660633058022403e-01,-5.242741305105337313e-01,-9.481272896791388682e-02,-7.287261928306162928e-02,-5.699908020430138195e-02,-3.661681562334209161e-01,-2.129782231305074047e-01,-1.141786663904140325e-01,-1.116971015448172816e-01,2.119203011153699967e-01,1.600789831391716822e-01,1.819170677038697281e-01,1.091982709096559756e-01,3.351289754480472199e-02,2.341570684572860106e-01,1.524569218550364258e-01,2.446892000916656429e-01,-3.188646016782347714e-01,-5.313468257630694219e-02,-2.630568609538878055e-01,-1.709109116650813498e-01,-1.970811397932500236e-02,1.359225739211235851e-01,3.976468298440741928e-02,-2.109408599618897012e-02,-1.985769850164338934e-01,1.737880200534297828e-02,-4.809307202345636245e-02,3.003148652169681729e-02,1.988595161183993598e-01,1.367340660306577693e-01,-1.474262986228178363e-01,9.512508279730905181e-02,-1.480886770952035691e-01,7.659418174284018943e-02,1.648725941691859057e-02,3.431026309924061629e-02,-4.399951027942326093e-02,-3.592539923214325276e-02
-3.097325686158173275e-01,-2.972839343397719047e-01,5.378136487636125257e-02,1.011257294796091000e-01,4.186592957441398477e-01,5.173599665985453289e-01,5.758297781503003004e-02,2.173197843973768695e-01,6.740266018728673370e-01,1.000000000000000000e+00,8.013837745527375989e-02,8.485350762363090549e-02,1.615763979795887054e-02,4.132190024140712792e-01,6.161077259699450082e-01,5.617817039136836083e-02,-2.278268021560262424e-01,-2.251254908977896596e-01,-5.992798596134346623e-02,-1.727709080863540636e-01,1.060621756778391961e-01,1.327315420861468753e-01,3.064677647708829653e-02,6.984011878863220779e-02,-5.237027898376701851e-02,1.566807618294202842e-01,3.924749410608728839e-01,4.073753174550854284e-01,7.086350922464047797e-02,3.191031834976722735e-03,3.009882310099858960e-01,2.305077083902319635e-01,-7.139560946667546093e-02,9.399024953774771929e-02,-1.103315345519841478e-01,1.031583837965273781e-01,-3.005424597157737021e-01,-1.332259715145864554e-01,-9.317247895928099100e-02,1.663543128372715063e-01,-1.943813981522465872e-02,-2.503790625618037002e-01,-1.788516052475443430e-01,-1.977937460170962614e-01,-2.612109910877133401e-01,-2.905785295197912954e-01,-2.515970855347214874e-01,-3.390483096792016315e-01,-1.227377891627347700e-01,-9.541389236820708997e-02,-1.387180622133486474e-01,-2.497104056204853956e-02,2.327428433302254976e-02,-9.542644930607221965e-02,-4.224075416968817720e-01,-1.396048959500736097e-01,-2.167594310451453343e-01,-1.600303250049442960e-01,-1.432589648688270892e-02,9.352564283673783785e-02,2.797889806591764561e-01,5.698150049129019346e-01,-7.904749347824040207e-02,1.169207876967122764e-02,-2.510288840963242549e-02,1.609626776414303517e-01,-5.285795905810408701e-01,-3.359734295194773956e-01,-1.854596937990701522e-01,-2.089505853102662514e-01,2.493650898291942530e-01,2.491814446129166916e-01,2.789837670185748436e-02,1.808324621957689282e-01,2.718734009524437223e-01,-5.598981632339138093e-02,-2.855290708807750252e-02,-1.288749925443181399e-01,-2.843832503005817025e-01,8.952311889222694385e-02,-4.398067487262555947e-02,-3.051445774433446667e-01,-9.343617465444876979e-02,-3.334494850085857887e-01,-1.901183177470342212e-01,-3.607451286929169720e-01,1.258142389396921801e-01,1.517804168275524446e-01,1.288655748409192961e-02,7.744491428320289875e-03,3.371506424443335148e-01,2.898109866927850997e-01,4.229726039008127603e-01,1.537157548760159365e-01,-1.822498265572957410e-01,4.687661866777168007e-02,-3.431183271647376010e-03,1.881029292196804981e-02,1.394777569541891526e-01,2.100069377081704991e-01,1.559493201987763311e-01,-1.350482971222637663e-01,-1.016264373769812518e-01,-7.231226593083010974e-03,1.176035711931288502e-01,1.265849210011646686e-01,3.315580962426502576e-01,2.346044093687313370e-01,8.186652602896257735e-02,8.143174205538237023e-03,9.583298016945587805e-02,2.150171559163582269e-01,2.426596850092136437e-01,2.107148350803173253e-01,1.892487497998738000e-01,1.647909740730625350e-01
8.029533917858791559e-02,6.874766519436570356e-02,-2.382208074738894135e-02,-1.837990387664064362e-01,-2.331195514661794574e-02,-4.308599304973488933e-03,9.593500528961007578e-02,1.524412256827050241e-02,9.147572273025500467e-02,8.013837745527375989e-02,1.000000000000000000e+00,4.448499288963393417e-01,3.373076041676476566e-01,2.788942988362858033e-01,1.812625373176497134e-01,-7.987782099457226004e-03,4.627545526747846999e-02,4.680598589228031174e-03,5.543260220562613860e-02,5.745426920191241960e-02,1.226436121287462905e-01,-2.581596551864862032e-01,-1.543216271280085650e-01,-3.034368338936866971e-01,-2.090510408131872888e-01,-3.126960059519885426e-01,-6.035806108322424451e-02,3.609648751055567761e-02,3.117699317844350726e-01,-5.231691199784020696e-02,-1.581703285836716030e-02,-6.636027738275744603e-02,-1.194996688107638066e-01,-1.336529074020009478e-01,-3.509915272061754909e-01,-3.108313006790164312e-01,-3.116318054679186045e-02,-3.038151116468737825e-02,-2.342308404672436561e-01,-1.579191898263689400e-02,2.901578721013093887e-01,-6.449400249255216044e-02,-6.178798238261617309e-02,2.437144677898847589e-02,-1.342022734336004771e-03,1.615293094625944517e-02,-1.987245290363491845e-01,-1.650499609165309023e-01,4.407485190661405289e-02,8.005989659361667510e-02,1.169223573139454159e-01,6.926249964683611759e-02,-7.663342217366872489e-02,-3.624403153047098258e-02,-2.157658633365667489e-01,-1.542023362182897983e-01,3.909916527755541438e-02,1.098119912478143084e-01,2.173276324835425599e-01,1.261658331999158666e-01,4.856584073407858582e-01,3.567331870450072273e-01,2.510430106514225379e-01,3.317574376312592555e-01,-9.199526603442484754e-03,-9.260741675535004089e-05,-3.304844780551814409e-01,-3.330664984036992848e-01,-8.456312843549972091e-02,-2.331980323278365352e-02,1.433295976443184627e-01,6.426954722821293098e-02,3.971194384537386490e-01,7.125591353292586028e-02,2.313192004997661200e-01,-1.060417706538083621e-01,8.719223730101177336e-03,3.459122458397295014e-02,-1.500459897849310553e-01,-5.077083902319580455e-02,1.830299263221670802e-01,-1.320644547620617171e-01,-1.763072557126219297e-01,-1.550530687586525180e-01,1.027408656125117364e-01,-1.369318378020336069e-01,-1.548537273700435479e-01,-1.812593980831834345e-02,6.767718624136317973e-02,1.090444484208080989e-01,-8.893608204703201681e-02,-4.722036484182966926e-02,-2.835199608223538600e-02,1.095749790456099389e-02,-2.874345862018088393e-01,-1.575550386282801030e-01,-2.557314573268162916e-01,-2.887797481706111391e-01,-1.437894954936289327e-01,-4.342973922379288892e-02,-6.821713456956386701e-02,-7.244725301288028330e-02,-2.835293785257527177e-01,-2.445856053542783126e-01,-1.318305817943236369e-01,-1.044454699277034271e-01,-3.420195951015385372e-02,-1.717632138226772021e-01,-2.314557571990494278e-01,7.854521596363510383e-02,-4.398381410709184536e-02,-5.552520962238148561e-02,1.766886727002753010e-01,-2.463671209138939416e-02,-1.346229308520824064e-01,-1.878455119934452910e-01
2.794797660642475701e-01,1.659305161843232790e-01,-1.439700014754402013e-01,1.141252994044872210e-01,-7.937083462826755031e-02,9.487551365723954910e-02,1.357216629152814824e-01,4.213370627438792759e-01,7.846830471921117933e-02,8.485350762363090549e-02,4.448499288963393417e-01,1.000000000000000000e+00,2.472916254642142930e-01,5.994101378437853844e-01,4.739930120640780536e-02,2.184546176569381881e-01,-1.966400773507372413e-01,-9.284128972308812455e-02,-1.650687963233286037e-01,-1.106799895777415693e-01,1.070887053483137591e-01,-4.068808880266458483e-01,-2.807197636784293793e-01,-7.629909370300957949e-02,-3.619113542971411079e-01,-2.914889075150133846e-01,-7.465413484267725830e-02,6.722827571268470692e-02,7.739311691450923014e-02,-9.352250360227154502e-02,1.793444650587507766e-02,4.177379304282857753e-02,-2.635104803342656621e-01,-5.446257875554467304e-02,-3.655936763260911326e-01,-2.622908877441147424e-01,-1.740831080932603858e-01,8.541229135862928035e-02,-3.243331481184998366e-01,-2.716850468844667424e-02,2.129044511205497314e-01,-1.813755497584358944e-01,-8.117589444638030616e-02,8.748732534084238677e-02,1.768895837061174314e-01,2.227224069138499796e-01,-1.814869925819889429e-01,-9.407186963387108303e-02,1.640250008632894788e-02,2.499725316984200141e-01,2.494325833702193407e-01,4.303293998725470915e-01,6.329324530919890057e-02,1.477747536485752577e-01,-1.944583093966705256e-01,-2.157548760159347656e-01,1.110708242687938052e-01,9.108645765643590131e-02,4.084002775083268033e-01,4.729602039246709189e-01,4.869706073476922081e-01,4.956914006950264850e-01,-1.232494843807389190e-01,6.914634797158364377e-02,-1.392705674794144644e-01,2.248759217577201708e-01,-2.460343620604679427e-01,-2.208451447030127315e-02,-3.085945961217897437e-01,-2.834838596259915966e-01,-7.258537932939673754e-02,-1.492266495892311806e-01,1.487337897780247331e-01,-1.045694696891216052e-01,-9.499323494972516588e-03,-1.626484465498243548e-01,-3.417982790716656005e-01,-2.845511993445278276e-01,-3.293622017334852936e-01,-3.014669642660940951e-01,-7.849498821217458511e-02,2.751852933143723520e-02,-2.517775915165327838e-01,1.262757064062357791e-02,4.384254855610910523e-02,1.400961861440469247e-01,-3.014528377109957913e-01,-2.189506167026109007e-01,-3.858119159061871445e-02,2.683433317951084418e-01,-1.584748343269010429e-01,-1.008479072293430590e-01,9.192463325893347748e-02,-2.707118841999190187e-02,-2.382176682394231415e-01,-2.663797406364484116e-02,-3.056970827094104837e-01,-3.075617879823825951e-01,-1.381828227368473994e-01,-1.637173558855937461e-01,1.746497399144244789e-01,-7.414871809360569499e-02,-3.375508948387845876e-01,-3.459891570841534536e-01,-2.622186853513902016e-01,-2.850095275766051928e-01,-4.232943754336067343e-02,-1.807320066928478908e-01,-1.135822118418202548e-01,1.209515647514197156e-01,-2.833535813956408744e-01,-4.376092845998574843e-02,1.031568141792942317e-01,-1.704447353468383289e-02,-2.564158104404659633e-01,-2.788817418984206320e-01
1.465692876135225586e-01,-1.446747596131207347e-01,2.212092959011015547e-01,3.443551855444531573e-01,4.455201554548907789e-02,2.584892748054459233e-01,6.618793341055849710e-01,4.647840677572367407e-01,1.737409315364355222e-01,1.615763979795887054e-02,3.373076041676476566e-01,2.472916254642142930e-01,1.000000000000000000e+00,4.549001880401445375e-01,3.285428615377853911e-01,4.593374959582356420e-01,-4.627765273160487358e-01,-4.075197222405343989e-01,1.212843236048457250e-02,-1.128633271490414314e-01,2.279712069414752476e-02,-2.909976173210400696e-01,2.710148203259153399e-01,1.793617308483153316e-01,6.366995344515286037e-02,-4.772107273920182108e-02,7.977265663995178335e-02,1.389911756119152908e-01,-1.799974258277376449e-01,-3.651887150799406068e-01,-8.491472269572342135e-02,3.272651931100082137e-03,-2.180386690901556790e-01,-1.435352175018599907e-01,-1.089439929178870475e-01,-1.821352444992763997e-01,5.049929524186232144e-02,-9.854056989662501181e-03,-1.487102455195276063e-01,9.715930673146046075e-04,9.687206677779557074e-02,-8.900200597082395804e-02,-3.599979908899415548e-01,-2.240973916100819641e-01,1.045051153825628069e-02,1.329779719917500991e-02,-4.242330065390254035e-01,-3.118280076220613095e-01,-1.565332178095049653e-01,-3.679653679653679954e-02,1.411729435659820064e-01,1.652445934534404470e-01,-8.538717748289901752e-03,-1.428241808952468717e-01,-1.695453446722482160e-01,-3.786434740024297585e-01,-1.487604732709881250e-01,-2.100289123494344656e-01,2.984909699920577641e-01,2.053671491670041316e-01,5.385686346527536195e-01,1.179159250225240013e-01,-3.910528678476466458e-01,-3.855701948522833322e-01,2.756216469051857021e-01,2.774172890198995933e-01,-8.218829756175659307e-02,-6.783571758191048184e-02,-4.196057749357241795e-02,-7.585018317433110668e-02,5.349412492269635389e-02,-1.023453220697600752e-01,-7.657848557050878080e-02,-2.008906008180844915e-01,-1.654800360384116598e-01,-2.276823973705772164e-01,-2.990670195166206802e-01,-3.050535396438224800e-01,-3.543065588025703927e-01,-4.691287682585724705e-01,-3.243441354391318199e-01,2.333785383096478039e-01,-1.042853689699230028e-02,1.526154531955837279e-01,2.307117586305403589e-01,3.914327152180669400e-01,-1.059381759164210179e-01,-1.810694743979733012e-01,3.413116977293916832e-01,1.120094553742124466e-01,-1.442085832948777069e-01,-4.339677726189691137e-02,-2.839123651306392493e-02,9.342204809935049370e-02,-2.523191094619666175e-01,-1.789128203196368450e-01,-3.422220757246137723e-01,-4.656991546041582275e-01,-3.900859836320315077e-01,-2.771755679659957949e-01,-1.185783034949097342e-01,-2.350501806629435447e-02,-1.999974886124269713e-01,-2.939453584848799039e-01,-1.279395006733657914e-01,-8.775729950494272347e-02,1.383978602977877781e-01,-1.889819148702397492e-02,-1.376664186671438250e-01,-1.356525997570232622e-01,-2.793463485994305273e-01,-3.938907358051665364e-01,-3.636489205742287484e-02,-1.543043613384439960e-01,-1.585988340883192349e-01,1.423956753905992502e-02
