1.000000000000000000e+00,4.446481532641230472e-01,-1.883038158492564840e-01,5.851973451388048364e-02,1.005801515563176235e-01,1.997515919349572844e-01,-9.280370054955718040e-02,-1.009317585601464812e-01,2.294144373488831989e-01,2.651185303740504762e-01,6.416348355780624457e-01,3.682946375365591107e-01,3.648561950185963410e-01,3.317594734114326926e-01,1.084981586295546280e-01,1.410971508416878073e-01,1.819657571308868349e-01,1.539924518652295016e-01,3.661210669674352380e-01,2.410539990730360682e-01,-8.504551484169693698e-02,1.144549292333825810e-02,-2.632920004840303974e-01,-1.246538155067821313e-01,8.936525803159439674e-02,3.037290890867122214e-02,-4.319058241188705738e-02,-7.544253394491642895e-02,-6.199470762964366666e-02,-5.102182931534809951e-02,-2.402000963494516916e-01,-1.709061186468153193e-01,-1.038998696314290954e-01,7.314110628349114462e-02,-2.302409421241172760e-01,-2.600179456561694247e-01,-3.340015388514323558e-01,-1.537595693042519418e-01,-3.153389697001522940e-01,-1.062926237873553920e-01,6.546511442068179976e-02,-1.115804278189634902e-01,-1.047629050044635857e-01,-1.215852452915484189e-01,-1.422638468089381172e-02,1.488918671473484501e-01,7.048122213114941040e-03,-1.586683683836808689e-01,4.383443419811913072e-02,-3.046423540317222747e-02,-2.929982259828443208e-02,-1.087538728141574373e-01,-8.161163864845920324e-02,2.081559125914120983e-02,-1.098086938256440243e-01,1.004819755747290468e-02,4.335976474295016314e-01,4.505432784841628679e-01,3.026993828612133952e-01,3.210103450086645993e-01,3.625730326560712702e-01,-3.106699026687884807e-02,2.906990814837815407e-01,5.309037441579583100e-02,-3.372892926534684643e-01,-3.908522816783069898e-01,-3.208094267207624029e-01,-3.247318996595804919e-01,3.573217592222635575e-01,1.833995830945525929e-01,-1.390674195014030001e-02,1.419647525394473475e-01,1.721481589720289807e-01,-6.947663069163837607e-03,-3.041195098507040173e-01,-7.976227713481388870e-02,3.823155376048256726e-02,3.603058524300838811e-02,8.304546461212496122e-02,1.611387500599330003e-01,-2.953727148398704178e-02,-9.776272920096167052e-02,-2.977928669441470139e-02,5.838046160976645589e-03,1.637598204521118206e-01,7.083511229734079651e-02,-6.923233231884819150e-02,1.375148690948859408e-02,-1.581797716381005137e-01,9.752984663998411075e-02,-2.403188207923029895e-01,-3.938455075355774132e-03,-8.165730189570971631e-02,-8.052713652625978838e-03,-1.357408519392039603e-01,-1.801620588644920196e-01,-1.777327741107653514e-01,5.661557710353456313e-02,-3.850553324398557631e-02,6.499478297400163029e-02,-2.666961955665553274e-02,1.824634865259173178e-01,-1.529695951268182641e-01,-5.795351024797426587e-02,-2.941512229759195018e-01,-2.325560687597177101e-01,-2.506113167225660909e-01,-2.590247700284710464e-02,-3.074734753612533636e-02,-1.235624638974951450e-01,8.125089899518024572e-02,-3.681667804442577130e-01,-2.037425597446511083e-01,-1.964684044576461841e-01,-5.445342234622330829e-03,-5.491233798109084602e-02
4.446481532641230472e-01,1.000000000000000000e+00,-4.328213722262431173e-01,-6.768434823705618553e-02,-2.443234875761720049e-01,-1.389144476231138348e-01,-4.269034153825780886e-01,1.151741253775779711e-01,-2.389306580758877585e-01,-7.925541509033331988e-02,2.631687097164540634e-01,6.834532374100719121e-01,1.822306039649397580e-01,3.456000036530597619e-01,1.051852900415307240e-02,2.462459102854181181e-01,6.385571327133786612e-01,5.834050626842226528e-01,5.321435013208094533e-01,5.702860117491534986e-01,2.223229350508802715e-01,-7.682841349896915410e-03,-2.585293237958030677e-01,-3.439880910251170709e-01,-1.250328204589613024e-01,-1.304484815828708122e-01,-7.972574653701348935e-02,-2.094915625734892761e-01,4.009940888926434299e-01,3.708335140836870325e-01,4.048046868756978271e-03,-1.678421147563066707e-01,2.660135300201603159e-01,1.696275477238012863e-01,-3.473626049969291696e-01,-3.241063131722486390e-01,-5.637812821783195344e-02,-5.820465810785202532e-02,-2.577850128656198891e-01,-6.165679959998995180e-02,1.957697567747135325e-01,-2.983864891584035381e-02,-1.842306541945117337e-01,-1.731710157104402181e-01,-8.271212290719630322e-02,-7.606812043224829567e-02,-8.790175095721581818e-04,-1.311608282399786274e-01,-2.092723789866868800e-01,-4.836879465009395057e-02,-2.685341412683880380e-01,6.073440200552981949e-02,-1.640794631828653150e-01,1.597688526424179689e-01,-1.197541490768033040e-01,3.351910664423079361e-02,7.358381146558474750e-01,7.907755674229260956e-01,-2.576069262013429562e-01,7.576674300039498711e-02,-1.294301911691846108e-01,-3.215834187616584128e-02,6.404521574742744194e-01,5.575094351684631855e-01,-3.892312364009141712e-01,-5.412807170956348557e-01,-5.742130510126967069e-01,-5.247643205651283393e-01,5.965058483203916628e-01,2.848496195109923024e-01,-1.045756856907365251e-01,3.086995335499293502e-01,2.446705282552758265e-01,1.891851165211911601e-01,-4.754251819109612254e-01,7.690375785693248645e-02,-1.942742854272595798e-02,2.883063273278552718e-01,2.729223793291612465e-01,3.668516789234432807e-01,2.777489845635392474e-01,3.631620885456027237e-01,-6.344223256748457440e-02,3.562715045355020482e-01,-9.786775466963781867e-02,4.093641621136603903e-01,-2.747808734922566609e-01,-1.315854964394082838e-01,-5.733500156396621472e-01,1.528691359828671381e-01,-4.494153962770754407e-01,-2.356429042738516222e-01,-9.970341720910799732e-02,5.004463582418736817e-02,-2.945713248506240944e-01,-1.684311706458381241e-01,-3.253209555491119453e-01,1.224003342549698746e-02,4.682994321775204444e-02,-2.095509247949149390e-01,-2.477459479575971207e-02,6.781677165408263319e-02,-1.339325873480840812e-01,2.308962097221619811e-02,-5.466735465959190465e-01,-1.673124210882008522e-01,-3.418008214818180623e-01,4.284354173278324268e-02,1.503850553324398431e-01,9.331512891876279914e-02,-1.507777592587941640e-01,-1.370696524341935563e-01,-3.281475105539179982e-01,3.316749964040192900e-02,5.730737529937966626e-04,-2.343597670261125254e-01
-1.883038158492564840e-01,-4.328213722262431173e-01,1.000000000000000000e+00,5.839438890017786266e-01,2.545200906872090441e-01,7.810698442198320095e-03,8.769649466082481970e-01,2.143866626787430674e-01,2.854980376219494187e-01,-8.334227571925321987e-02,-1.738628139062853295e-02,-5.545230587982803439e-01,-1.940025891061191166e-01,-5.766377694416983113e-01,-4.254673062565498404e-02,-3.808474642057220749e-01,-5.011198911388186072e-01,-5.006221617437880411e-01,-4.802632029571518579e-02,-1.584583174463285726e-01,-8.211393436821472214e-02,-2.965074465340453713e-01,7.598569827096114393e-01,6.083965579044222638e-01,2.890643372322135862e-01,3.701166011018541813e-01,-2.398462061832603090e-02,-7.881248159200344994e-02,-1.329873581299987062e-01,-2.911420149821113967e-01,4.122272477162668425e-01,5.198235572126240767e-01,8.722821806027092340e-02,5.167481375103027963e-02,5.880718465532239758e-01,2.040348045270543309e-01,2.629221281813013400e-01,3.982063476480002945e-02,2.522780252472093809e-01,9.603665845489270381e-02,-2.182954366433860205e-01,-2.132770457705558953e-01,2.559402176766996662e-01,3.278735310704150030e-01,-2.737123535065948965e-01,-3.040555813045532907e-01,-1.467365618771247771e-01,-1.077858119724467989e-01,-4.590297929856686221e-02,-1.359874334743566560e-01,6.947434752927585111e-02,-1.497686014945580901e-01,-1.790935388788302829e-01,-3.032884387507449042e-01,-1.004020648920406628e-01,-1.469055158919516380e-01,-4.447851430058745725e-01,-5.300521245967364514e-01,-7.472790412544606971e-03,-4.920055069876184128e-01,1.114868181620999599e-02,-9.221921098475076295e-02,-6.494295518837230885e-01,-5.636602745731057462e-01,6.856861702006215031e-01,6.137254588585557835e-01,7.514640778649691599e-01,4.225699732185054791e-01,-3.935555459155367086e-01,-6.044215722312661077e-02,2.537529481334006021e-01,6.835559797163855145e-02,3.425885124968892220e-02,8.480806595599432729e-02,3.176769279593779638e-01,1.813584359424551817e-01,5.066108966206914199e-02,-1.120096623431182103e-01,-1.941350125231455503e-01,-3.754546347054378286e-01,-4.499359572957311593e-01,-3.572623970008378946e-01,-1.671571660475491272e-01,-5.289790382863496232e-01,-1.292201402318323145e-01,-5.475320156442284869e-01,-1.550038927918281038e-02,2.747306439202811257e-01,1.648877026591991923e-01,-5.086999901824018622e-01,5.867498955453219478e-02,7.725079853603629421e-02,-3.068341898997463402e-02,1.263730367657635301e-02,7.478954950923424883e-02,2.668217694964942210e-01,2.339442314761329689e-01,-1.086556968325688537e-02,-2.426567790515286871e-01,4.522716323925943249e-02,-7.516855446141341990e-02,-9.266671080780566894e-02,7.650877076821564239e-03,-9.641566340707186100e-02,3.433077086410846190e-01,2.008383772195192207e-01,2.179712275879074623e-01,1.510745703659224226e-01,1.607780104066540428e-01,-2.245513015167047710e-01,-1.956898460920251590e-02,-5.368856295477740515e-02,6.250613599884928540e-02,-6.250156967412423548e-02,1.137083351408368637e-01,-7.489000865318534705e-02
5.851973451388048364e-02,-6.768434823705618553e-02,5.839438890017786266e-01,1.000000000000000000e+00,1.974090673510065230e-01,1.101329028811225824e-01,6.500049087990794616e-01,7.083625387852205968e-01,2.555155494772699543e-01,3.413099415738751752e-02,1.652119117146777783e-01,-9.456173556870149655e-02,-3.041857215592172481e-02,-1.988246280157720813e-01,-2.673240652162497399e-01,-2.259485968825701019e-01,-1.670978038261234921e-01,-3.206039421081351426e-01,1.031875229743212663e-01,2.258047576537310086e-03,-2.340469737824465990e-02,-2.571913906513633719e-01,5.226729438410553374e-01,4.493012381589491788e-01,1.740797143307251937e-01,3.221245282415768352e-01,3.215377555144079136e-02,-1.330695519750496048e-01,-7.751336220772667672e-03,-1.250921826803869374e-01,4.822609700243613573e-01,4.860875501439533841e-01,8.160707232373415332e-02,2.742648787983260061e-01,1.601615565687722620e-01,3.086150565425159129e-02,2.128249796227759116e-01,1.100096121135462346e-01,8.514597398564803521e-02,1.668877528887711681e-01,-9.494074052088066762e-02,-1.408870999043354832e-01,2.293893225628954036e-02,1.931852169803351116e-01,-4.264011196628225697e-01,-4.266477011979752931e-01,-3.736783343873932850e-01,-2.577530485925445536e-01,-3.242478692387251726e-01,-2.176926817796794034e-01,-1.307544253394491707e-01,-2.050485286160154685e-01,-3.942176630006689608e-01,-2.924708154771010205e-01,-2.922014023183230891e-01,-6.173899344504085729e-02,-2.150510629262378584e-02,-5.927774441823881191e-02,-1.965962615499476096e-01,-3.137453223711098027e-01,-3.553285584797791913e-02,1.826735374632696141e-01,-4.151999251122744927e-01,-2.300354575114900157e-01,2.198753849982533759e-01,3.761350170894702805e-01,3.247912618810061547e-01,3.031331837100931792e-01,-9.798647911248913045e-02,9.581290854336524387e-02,1.970848582955279649e-01,1.774998915497877916e-01,1.497686014945580901e-01,1.976008529894586474e-01,-1.488781681731732864e-01,1.630520401197290414e-01,1.597962505907682684e-01,8.344273486320433197e-02,-6.739666977937802672e-02,-1.391564628335414944e-01,-2.737214861560450241e-01,-6.824600617823735338e-02,-1.783674932475473041e-01,-3.684224946288605640e-01,-2.535063665982478787e-01,-2.933886467468361237e-01,-1.486407192874706906e-01,8.939265597994469625e-02,-3.019048423590546815e-01,-2.414147387263150535e-01,-1.051145120082924433e-01,2.606686469294890868e-02,3.609679695152161281e-03,4.941904933685549450e-02,-3.683174691601843742e-01,1.674859414277527492e-01,-1.541705385295064623e-01,-8.864377872503646782e-02,-1.818926959352860362e-01,-1.084502122199415943e-03,-1.543120945959829959e-01,9.411423574564657668e-02,-3.031354668724556972e-02,-1.625383285881609047e-02,1.662073705047387162e-01,1.939934564566690167e-01,-8.114587352650408369e-02,1.840457180431472051e-02,3.502142747877230039e-02,-4.917543591277406256e-01,-9.191326722817239059e-02,-3.312297797433269020e-01,-2.209073743861147132e-01,-8.172579676658546510e-02,1.500562799522362489e-01,-3.149097351759975738e-01
1.005801515563176235e-01,-2.443234875761720049e-01,2.545200906872090441e-01,1.974090673510065230e-01,1.000000000000000000e+00,6.568269979383043466e-01,3.611437730171305760e-01,-6.465687494434792237e-02,7.860631203066743566e-01,7.325503608538114220e-01,3.164691350696022254e-02,-4.768864058229773106e-01,5.775715828479710545e-02,-3.362253389925317637e-01,3.763131037537472134e-01,2.468326830125870675e-02,-5.025719824013845649e-01,-3.983547532015644377e-01,-2.968133902906237576e-01,-3.475589569601063022e-01,3.650776617677612725e-03,1.403985031587551280e-01,2.369854037430163818e-01,3.078547634757950457e-01,7.462630340031370935e-01,5.705417259337562941e-01,3.205126156136341442e-01,4.515067730011484426e-01,-3.856101408939494046e-01,-4.845897956341369550e-01,-1.301836347488178891e-01,9.305484840943493985e-02,-3.862448600307313851e-01,-3.405450821824292373e-01,1.936418494528401313e-01,-4.180470285783432875e-03,-6.114080490605928314e-02,-1.011783400952991907e-01,-9.181737440894634228e-02,-5.626397009970569851e-02,-1.342476637541125395e-01,-8.687204473171700192e-02,-1.340901255510983103e-02,-1.138361922331382753e-01,3.926354314834391152e-02,2.360104934142181685e-02,-2.251951533029368235e-01,-2.005461324371159981e-01,6.023667261049935051e-02,-9.737915792405744952e-02,6.824372301587482842e-03,-1.806826198831477381e-01,1.496042138044562653e-01,-2.076285020856688257e-01,-1.841210624011105357e-01,-1.758331830251444738e-01,-3.079049930477705810e-01,-2.642554950010160275e-01,1.471931943496297968e-01,1.409099315279607467e-01,2.063773291110050645e-01,2.331953542212247266e-01,-3.816420047078807887e-01,-3.236588133491937191e-01,2.168661770044453263e-01,2.003817447470142010e-01,1.369874585891426577e-01,9.184020603257159188e-02,-2.307386715191477311e-01,2.808061389669603419e-02,2.133318416672564943e-01,-7.974401183591368902e-02,-6.850628668756521267e-02,-2.222909707778049082e-01,1.427866909899563608e-01,-3.502165579500854942e-01,2.060759516791517698e-01,-4.114943525978963235e-02,-1.751756322647372299e-01,-2.670820500058220803e-01,-2.675341161536020085e-01,-4.521003952154049599e-01,1.903266977024537232e-01,-2.420311925641968065e-01,3.497781907764807019e-01,-2.811508964837016178e-01,3.511069912714702701e-01,8.957074264422165699e-02,3.298187854032864075e-01,-1.704905830968357627e-01,2.570155871494489430e-02,-1.046715785099625734e-01,2.187497859535285014e-02,-1.501567390961873472e-01,-7.405437122850117015e-02,9.011870161122767509e-02,-3.856489546541123220e-02,-2.451180280783307464e-01,-3.259922052836943251e-01,-6.382123751966373160e-02,1.838699145412327762e-01,-5.487124105856539674e-02,-6.333720709880841238e-02,-1.833995830945525929e-01,1.167860380055206898e-01,-1.899431264255495022e-01,4.851720020365808336e-03,7.246529022418371491e-02,6.498108399982648054e-02,-1.402523807675535306e-01,-6.368424777791223401e-02,-7.773026263216656351e-02,1.327202281335832651e-02,-3.552577804465408828e-01,-1.328115546280842635e-02,-2.946877661311128951e-02
1.997515919349572844e-01,-1.389144476231138348e-01,7.810698442198320095e-03,1.101329028811225824e-01,6.568269979383043466e-01,1.000000000000000000e+00,6.704962910027420508e-02,-9.753897928943421058e-02,5.498014790325784773e-01,6.734438536127619335e-01,1.478233471616867134e-01,-2.552689679421172864e-01,4.300336309815999680e-02,-1.149458091413254612e-01,2.724748795061063267e-01,1.549742116811152759e-01,-1.693946651628237265e-01,-5.054236521921783715e-02,-1.912536616216388985e-01,-2.227110726525095286e-01,-1.800730155323535669e-02,4.860167721107151034e-02,3.655114626166410668e-02,2.141994433650160068e-01,5.047501192952333904e-01,4.614704935512078943e-01,9.990890182173524370e-02,4.388078239407838810e-01,-3.277091433803132059e-01,-1.931486863825347122e-01,-2.306016817773962335e-01,2.802581799999543516e-02,-4.187205614752881888e-01,-2.844523492599129177e-01,9.463479676430229526e-02,-2.008954562785823447e-02,-2.299578299911641532e-01,-1.659699216190360926e-01,-2.220443892426522126e-01,-1.813538696177301179e-01,-1.719518070088518202e-01,-1.820022877286872620e-01,-2.316428038147076707e-01,-3.658470874839322429e-01,-1.080734904301249577e-01,-5.541920002557142177e-02,-3.378007210226741108e-01,-3.184988664098870048e-01,-2.902584311478142304e-02,-1.785227482881990291e-01,-1.274073093159873993e-01,-4.370269572980143291e-01,1.039455328786796084e-01,-3.004892816942891232e-01,-3.104530022443485748e-01,-2.875300521245967578e-01,-1.086534136702063252e-01,-9.661658169497407134e-02,8.532177748756248140e-03,1.904819527431054205e-01,-1.884293897791953706e-02,1.501293411478370476e-01,-2.288390804335268813e-01,-1.558783439766752155e-01,-6.976202598695400992e-02,2.065120356903940579e-02,-1.090369849471105462e-01,1.956670144683998920e-03,-1.013107635123256522e-01,1.109137444091061603e-01,1.646822180465719321e-01,-1.459831182974914987e-01,9.747505074328351171e-02,-6.094445294288212966e-02,1.115986931178636898e-01,-2.864158688916845219e-01,2.138432700364621131e-01,-7.456579959770678889e-02,-1.552710227882435345e-01,-5.281639493229282195e-02,3.047336805262232731e-02,-1.208865976086157396e-01,1.518919424917063998e-01,-2.529972213914048057e-02,4.104326820993221547e-01,-1.228638162145624657e-01,1.715134398352470002e-01,1.424716145839279025e-01,2.005963620090915611e-01,-1.398048809444986107e-01,1.548965841607894134e-01,-4.385269949701933040e-02,2.587667726815057190e-01,1.866485231364257980e-02,-4.139601679494234188e-02,8.316875537970132293e-02,-1.472868040064933062e-02,-8.437426510711455718e-02,-1.314211087493064867e-01,8.741543737399798397e-02,2.961649721796665857e-01,-1.211651434168437985e-01,8.345186751265443181e-02,-9.896823892837491865e-02,1.499603871330101867e-01,-1.101511681800227821e-01,7.203148937530394480e-02,1.407364111884088498e-01,9.081278296943530448e-02,-1.195988940361515929e-01,2.633171152700182135e-02,3.447803483649132528e-02,2.373803908317332137e-02,-3.430976577037322950e-01,-4.706739210345465413e-02,5.186203306475733327e-02
-9.280370054955718040e-02,-4.269034153825780886e-01,8.769649466082481970e-01,6.500049087990794616e-01,3.611437730171305760e-01,6.704962910027420508e-02,1.000000000000000000e+00,3.486229106210430029e-01,4.725209993858293100e-01,1.761916395160608925e-02,7.712750776845993250e-02,-4.916356346848893555e-01,-3.600318729465808165e-02,-4.782471705910422144e-01,-8.465281091534261615e-02,-4.006333492393644446e-01,-5.127092232909958858e-01,-5.328604143026423046e-01,-1.203934345383103205e-01,-2.860231649653302011e-01,-1.742167040724767191e-01,-3.101242268641449806e-01,6.172597941957446155e-01,5.171522572484696934e-01,3.232341451497640628e-01,3.438054380361150741e-01,1.063154554109806416e-01,-6.917297009742254255e-02,-1.151101968314272722e-01,-3.722490747484525908e-01,3.413852859318384780e-01,4.416024146725145982e-01,2.362844728977211636e-02,6.858391420789106130e-02,4.264604818842482326e-01,1.389053149736637349e-01,1.530380899976939990e-01,5.760418640650792621e-03,1.605085972478760836e-01,1.044249969748098639e-01,-2.299760952900643529e-01,-2.289121416291276800e-01,1.858014698999289893e-01,2.271267086616330644e-01,-2.984070376196662489e-01,-3.196678455394998397e-01,-2.835436506396279421e-01,-1.892399124178917869e-01,-1.004203301909408624e-01,-1.820936142231882604e-01,5.704024530296422646e-02,-2.150624787380505110e-01,-1.774633609519873922e-01,-2.302226768252170763e-01,-1.441383231085712202e-01,-1.435355682448646031e-01,-3.502667875220610294e-01,-4.489267995314950577e-01,1.042286450116327173e-01,-3.156677450803558882e-01,1.951030733648561888e-01,6.179378934174145632e-02,-5.916792430860136065e-01,-5.264949576359223560e-01,5.348604645322142526e-01,5.547924719570582752e-01,7.125635575322667448e-01,4.170081897033943719e-01,-3.373760528232443989e-01,-8.753416181684928188e-02,2.390950457659895556e-01,1.471840617001796969e-01,-3.348714237115543724e-02,-2.679747664895693743e-02,2.337250478893305450e-01,1.243524380749288227e-01,-2.815139192993431488e-03,-1.590656386347602258e-01,-6.421394144601805243e-02,-2.537575144581256659e-01,-3.651804040740749269e-01,-3.332572279212491773e-01,-1.841804246225361708e-01,-5.732038932484605498e-01,-2.060576863802515701e-01,-5.767153969620241183e-01,1.566934329400966608e-02,8.176232736438586446e-02,1.338138629052327833e-01,-3.698517542678012582e-01,4.431389829424940002e-02,1.774861925756126280e-01,-4.017224176862889407e-02,6.249015386231160894e-03,-5.632561548349387937e-03,2.683560546041110495e-01,1.963268483911696505e-01,-7.415483037245228226e-02,-2.251768880040366239e-01,6.694003730687300702e-02,-5.738271965734299124e-02,7.449958788919356506e-03,9.358682523990328669e-03,-2.613992588854971086e-02,3.177225912066284907e-01,1.764496368630262269e-01,1.170645838137487488e-01,1.521704882999344866e-01,7.817776245522148337e-02,-3.516777818621015794e-01,-2.621755340887556643e-02,-1.932948087737363374e-01,4.630938219909632586e-02,-9.170321629082009429e-02,1.466406690578987149e-01,-4.267915404268143864e-02
-1.009317585601464812e-01,1.151741253775779711e-01,2.143866626787430674e-01,7.083625387852205968e-01,-6.465687494434792237e-02,-9.753897928943421058e-02,3.486229106210430029e-01,1.000000000000000000e+00,-1.838174018068947091e-02,-1.417501352773699874e-01,1.162152474148894082e-01,2.461682827650922833e-01,4.468377059697846432e-02,1.363481731276356135e-01,-2.893611483393418449e-01,1.438392288390804327e-04,1.108269842393302118e-01,-4.284810805750829260e-02,1.058177260159501726e-01,-2.920849610378342676e-02,9.933811123110397601e-02,-2.311359417702271157e-01,1.627186984148003834e-01,3.921331357636835546e-02,-2.208023489174385789e-01,-1.235898618458454445e-01,3.293918340414941914e-02,-2.851372979686704334e-01,2.169849014472966242e-01,8.357515828023077964e-02,3.482256403699636182e-01,2.045827634940603490e-01,1.917057277694188544e-01,3.351750843057702545e-01,-1.077447150499213496e-01,-1.103977497151754916e-01,1.168225686033210892e-01,7.072552050393959844e-02,8.078970019795017610e-02,1.305169764537465471e-01,-6.306779394003045325e-02,-3.910372178296715046e-02,-2.417526467559687475e-01,-8.950224777334590820e-02,-5.266273810529488175e-01,-5.304037316005653091e-01,-4.778909972624883484e-01,-3.703905805853571764e-01,-4.763475795054213924e-01,-1.751117037185865311e-01,-2.387343061127105981e-01,-1.834452463418030921e-01,-4.443285105333695806e-01,-2.421544833317731682e-01,-2.834751557687522072e-01,-1.451931441200578210e-01,2.496615211797556522e-01,1.849795314494199761e-01,-4.052362045622150410e-01,-2.188159976620417391e-01,-4.330474053001331231e-02,4.236430595288922518e-01,-2.915826653180787764e-02,1.698421649858786464e-01,-7.969378226393813991e-02,1.495859485055560656e-01,6.526876245750463934e-02,7.759783921514010196e-02,-3.545979465237711348e-02,-8.073033797652452714e-02,1.948884561027788287e-01,3.151837146595005690e-01,1.428140889383066603e-01,3.284351890115961847e-01,-7.532380950206511716e-02,3.007449958788919187e-01,1.919911230647345160e-02,1.259141211308959785e-01,2.184506916840377178e-01,8.386055357554642042e-03,4.045992022630705287e-02,1.287817730582274944e-01,-1.740568827070999580e-01,-1.476635257963099523e-01,-3.685777496695122335e-01,-4.564269878923899598e-02,-2.212452824157684350e-01,-1.146763959825475021e-01,-4.699775565139763800e-01,-1.223158572475564476e-01,-1.801985894622924189e-01,-4.294400087673434785e-02,5.531874088162031661e-02,1.608031251926418312e-02,-3.570249481151352988e-01,9.070319117603410641e-02,-2.176424522077038404e-01,-1.602483167385482243e-01,-3.358303519038149249e-02,-1.808926708205000622e-01,-1.320375625871882674e-01,3.449173381066647504e-02,-7.904536415298100971e-02,3.629543207706129732e-02,-1.468758347812387961e-02,1.751299690174867307e-01,4.752402457595966689e-02,-6.080746320113062514e-02,-5.639182719200710320e-02,-4.237206870492181143e-01,-1.330375877019742414e-01,-2.567073602305080526e-01,-3.904367461283274054e-01,1.035619616017753875e-01,6.601763971241286777e-02,-2.443508855245223044e-01
2.294144373488831989e-01,-2.389306580758877585e-01,2.854980376219494187e-01,2.555155494772699543e-01,7.860631203066743566e-01,5.498014790325784773e-01,4.725209993858293100e-01,-1.838174018068947091e-02,1.000000000000000000e+00,6.586854921013998165e-01,1.564765325156567966e-01,-4.286203534791969694e-01,1.482617143352915334e-01,-2.993887974355520232e-01,3.702216265705303155e-01,-2.822216996317259211e-02,-5.087456534296523891e-01,-4.303372915758158501e-01,-1.949021550769539923e-01,-3.802858062645408932e-01,-9.822849432291679006e-02,1.815114078207443610e-03,2.186105130494144788e-01,3.246177415414542300e-01,6.151090552502460618e-01,4.204420658966321334e-01,2.176744164807792037e-01,2.854341090757986921e-01,-3.393578377539162028e-01,-5.519385190039018951e-01,-1.155531303297571422e-01,4.534132135738568742e-02,-3.559153312069481268e-01,-3.882586092344784690e-01,1.655817840174068356e-01,-1.675612857857160937e-02,-1.147722888017735643e-01,-1.084159647845037155e-01,-1.601661228934973258e-01,-7.377125909554806127e-02,-6.016361141489854486e-02,-2.207247213971127164e-01,1.050483002997792265e-02,-1.377546011429510719e-01,-4.630938219909632586e-02,8.628070567982301653e-03,-2.184552580087627816e-01,-1.409875590482866092e-01,5.575710805522512969e-02,-1.052697670489441545e-01,-1.539079748578160711e-02,-2.430357840037078443e-01,7.070725520503939876e-02,-3.919961460219320570e-02,-3.139645059579121988e-01,-1.227222601480859043e-01,-2.486249654671692788e-01,-2.307112735707974316e-01,2.193639566290477572e-01,1.810661911600519591e-01,3.476091865320818375e-01,2.412777489845635281e-01,-4.298212968818851398e-01,-4.267801246150017547e-01,2.351360422293710672e-01,2.109664854596804973e-01,1.607597451077538431e-01,5.347851201742509497e-02,-2.041717942688058285e-01,-2.219005500138131193e-02,1.905230496656308836e-01,-9.081734929416035440e-02,-2.498007940838696886e-02,-2.952562735593816101e-01,9.296808823965899138e-02,-2.640043471411382403e-01,4.673405039852598919e-02,-1.156718547726084401e-01,-1.794816764804595677e-01,-2.050941918632659677e-01,-2.300719881092904151e-01,-3.746555278785540510e-01,9.669420921529993385e-02,-2.420677231619972058e-01,2.333460429371513878e-01,-3.499197468429572355e-01,2.803654886309930316e-01,3.971104297139882444e-02,2.947950747621515544e-01,4.462897470027785835e-02,4.303532737123535318e-02,1.918975134078709788e-01,4.433672991787464962e-02,1.792510770818445121e-02,-1.034044233987611514e-02,2.037722408553639328e-02,3.102589334435339533e-02,-1.860526177598067488e-01,-2.825938550968175034e-01,8.445645895216546961e-02,2.164689067533659417e-01,1.595679343545157447e-01,-5.219080844496094829e-02,-8.221439351216583424e-02,9.048172442686916797e-03,-2.186013803999643790e-01,-2.311701892056649763e-02,8.283084735004760113e-02,2.833404491893632034e-03,-1.528052074367164392e-01,-7.392651413619977241e-02,-2.415106315455410879e-01,-2.813084346867158678e-02,-4.063412551456771493e-01,-8.061617985839826528e-02,4.275678156300728727e-02
2.651185303740504762e-01,-7.925541509033331988e-02,-8.334227571925321987e-02,3.413099415738751752e-02,7.325503608538114220e-01,6.734438536127619335e-01,1.761916395160608925e-02,-1.417501352773699874e-01,6.586854921013998165e-01,1.000000000000000000e+00,1.014523195788022136e-01,-2.174369675950765801e-01,1.578144656600964923e-01,-4.695323398532839920e-02,3.118731292338391969e-01,2.479217514595115357e-01,-3.275995515869120078e-01,-2.924068869309502938e-01,-3.214578448317195192e-01,-2.188342629609419387e-01,-2.089299046323081221e-01,9.614168392356885195e-02,-3.544152935347691380e-02,1.281698855450707775e-01,5.460114295107868498e-01,4.197890814609499532e-01,4.157866978394434559e-02,2.489811387957231725e-01,-4.523698083741828913e-01,-4.089440602389557977e-01,-4.238120135437191127e-01,-1.663443602464902138e-01,-4.709547500051370905e-01,-3.606323446479249295e-01,-9.446584274947544824e-02,-1.998109541563829195e-01,-2.863610729949838674e-01,-2.279669124110422773e-01,-4.171588784193210331e-01,-3.437460758146894113e-01,-1.992310309163015380e-01,-1.379372541319530965e-01,-1.805296480048585589e-02,-1.732303779318658810e-01,1.011555084716739411e-01,2.454194055101840410e-01,-9.437908257969948589e-02,-9.694535707517769330e-02,1.455904143711371779e-01,8.569393295265406718e-02,1.724267047802570396e-01,-8.105911335672813522e-02,3.110420581338800838e-01,-2.024023434378488875e-02,-2.005233008134907624e-01,-1.007308402722442847e-01,-1.127722385722015885e-01,3.855576281596113236e-02,1.595268374319903093e-01,4.585617447013509707e-01,2.597074355748660301e-01,3.852220032923201476e-01,-2.424923913614268900e-01,-1.540198498135798011e-01,-6.905881197929628068e-02,-2.784773133571847789e-02,-1.980666181114137669e-01,-9.006390571452707605e-02,-6.348789581473507360e-02,8.481948176780695556e-03,7.362057037962140005e-02,-2.313596916817545757e-01,8.600672619632000401e-03,-1.908244270974841783e-01,1.785661283730869894e-02,-4.276157620396859316e-01,2.285514019758486948e-01,-5.952889227811657136e-02,-2.312957631356038490e-01,-2.530999636977184220e-01,-2.016648819947532978e-01,-3.801031532755388964e-01,8.226005675941633344e-02,-2.197109973081515788e-01,3.306270248796202571e-01,-8.910954384699158737e-02,1.169504256956224869e-01,-1.119137695238921482e-01,1.644447691608693363e-01,-6.993326316414339404e-03,1.926098600649787940e-01,-3.052359762459787643e-02,2.429672891328321094e-01,-7.446990677848074058e-02,-1.355810305738271992e-01,-1.135439474507350666e-01,-5.528221028381991031e-02,-2.589311603716075161e-01,-1.408551356312601477e-01,-2.778836911429282547e-02,3.477918395210838898e-01,-1.170737164631988486e-01,-7.857959903102589017e-02,-2.531456269449689489e-01,1.018039265826310713e-01,-2.267294384105536798e-01,-7.285342782581297194e-02,3.374285655575824661e-02,1.049113105580277115e-02,-1.153659110160300816e-01,4.112660363616437581e-02,-3.320403023820232835e-02,4.280929429734536308e-03,-3.564541575245040450e-01,3.190719401628808183e-02,-1.545015970720725780e-02
6.416348355780624457e-01,2.631687097164540634e-01,-1.738628139062853295e-02,1.652119117146777783e-01,3.164691350696022254e-02,1.478233471616867134e-01,7.712750776845993250e-02,1.162152474148894082e-01,1.564765325156567966e-01,1.014523195788022136e-01,1.000000000000000000e+00,4.414608586060380646e-01,4.976905812703058540e-01,4.747082689291283741e-01,1.666457376783435085e-01,1.022240284573356917e-01,-2.141377979812278398e-02,7.182600476267668455e-02,4.726990860501062985e-01,2.724383489083059273e-01,-1.350513369057213808e-01,4.086860628919904538e-04,-2.985234789001550357e-02,1.305717723504471461e-01,-5.691923769775040359e-03,6.580302245033550768e-02,-8.835153394263325910e-02,-5.203098707958418723e-02,2.346862592439536224e-02,-4.024986928895474270e-02,-1.201011897559071118e-01,9.389505215884416667e-02,2.161469808602499085e-02,2.095463584701899029e-01,-2.668217694964942210e-01,-2.474011904408558171e-01,-1.762258869514987947e-01,7.554984257595510726e-03,-1.191194299400213236e-01,4.020420604170424350e-02,1.556043644931721925e-01,3.894846674231544625e-02,-1.839977716335341740e-01,-9.637456648454641173e-02,-1.116397900403891391e-01,-3.043455429245940039e-03,-6.354040854907315114e-03,-1.480653623721143730e-01,-7.315023893294124446e-02,-2.412960142834637278e-01,-1.147448908534232648e-01,-2.588398338771065177e-01,-1.400377635054761705e-01,3.860142606321163156e-02,-6.198557498019356682e-02,-8.593138183835667687e-02,3.635684914461322359e-01,2.193776556032229208e-01,7.662521204870441360e-02,-1.832237795926381849e-02,3.076104651030048612e-02,1.303914025238076674e-02,8.358885725440592940e-02,-3.129987282785640784e-02,-2.264097956798001854e-01,-2.292043864115308749e-01,-2.670318204338464896e-01,-1.633397185774072002e-01,1.327225112959457831e-01,2.277066319017144180e-01,-2.103020852121856993e-02,1.265534065924029949e-01,1.222701940003059484e-01,3.916765032911785627e-02,-5.822748973147727491e-02,7.037847982483577680e-02,-6.956795718613937446e-03,-4.745552970508391810e-02,-9.657776793481115309e-04,6.944694958092555159e-02,1.117082849112648879e-01,1.558920429508503513e-01,1.480014338259636741e-01,-5.416802705090767445e-02,1.899431264255495022e-01,2.175328604143026423e-01,5.830055092707808057e-02,5.762473486777065085e-02,-9.019176280682848768e-02,3.114005146247965025e-02,-1.406405183691827876e-01,3.310357109425122318e-02,-1.230510355282895263e-01,-1.211971076899191480e-01,-6.509067579322767860e-02,-1.559925020948014773e-01,-1.153111151193294825e-01,-2.560109957099379260e-02,-6.826655463950008019e-04,9.457543454287664630e-02,-2.954069622753082713e-01,6.690807303379765758e-02,-1.787054012772010259e-01,-1.173568285961519575e-01,-2.686619983606894357e-01,-2.222224759069291733e-01,-1.820616499501128971e-01,8.712775891631981129e-02,1.281470539214455140e-01,-1.567916089216852549e-01,1.547276301459625802e-01,-1.052925986725694041e-01,-2.286427284703497209e-01,-7.767090041074091455e-02,-4.719524919575605881e-02,-1.892353460931667231e-01
3.682946375365591107e-01,6.834532374100719121e-01,-5.545230587982803439e-01,-9.456173556870149655e-02,-4.768864058229773106e-01,-2.552689679421172864e-01,-4.916356346848893555e-01,2.461682827650922833e-01,-4.286203534791969694e-01,-2.174369675950765801e-01,4.414608586060380646e-01,1.000000000000000000e+00,4.457075406003346840e-01,7.472219621953976043e-01,-1.300694766306916272e-01,3.095534362735137268e-01,6.434020032466568617e-01,5.593359650584831533e-01,4.726579891275808354e-01,4.864254581736071059e-01,1.034615024578242892e-01,5.691695453538787169e-02,-4.851697188742182809e-01,-4.575343216382146694e-01,-4.309811433620479026e-01,-3.961355193851900380e-01,-1.357362856144788965e-01,-2.338940019041574059e-01,4.416252462961398617e-01,4.363602738881570131e-01,-1.258684578836454793e-01,-2.872104093938432356e-01,2.725844712995075247e-01,2.788266371986510839e-01,-5.586373173755505572e-01,-3.890577160613622465e-01,-4.874323327754806479e-02,1.064889757505325524e-01,-1.807830790270988641e-01,4.737333586003301261e-02,3.621940277038920852e-01,1.903038660788284597e-01,-2.683788862277363130e-01,-1.670064773316224938e-01,2.058270869816365353e-02,-1.641822054891789451e-02,1.529947099128060352e-02,-1.442159506288970827e-01,-2.838176301231309373e-01,-7.074835212756484804e-02,-1.650155597515006178e-01,4.351022514264056562e-02,-1.856462148592772921e-01,1.201833836009580103e-01,1.631319508024174289e-02,1.197221848037279407e-01,6.467354202959435527e-01,6.916406576420869312e-01,-1.710065777907664453e-01,1.528965339312174376e-01,-8.150661317978305509e-02,5.252415014988960629e-02,7.118009813031833666e-01,6.781699997031889193e-01,-5.699663690184000320e-01,-5.531896919785657118e-01,-6.680738557361030061e-01,-4.832427298402471316e-01,5.276274061677348470e-01,1.994821787761792975e-01,-1.419830178383475472e-01,3.231930482272385996e-01,2.190077833004938357e-01,3.134074143414560809e-01,-3.681348161711823774e-01,2.197794921790273137e-01,-4.253303165147983428e-02,3.865553701120347796e-01,3.160284847336348735e-01,3.716782841578213370e-01,4.120171967789145184e-01,5.093895052158844416e-01,-3.491183568537109538e-02,4.162730114226613209e-01,-1.692211448232718296e-01,5.219971277817478938e-01,-2.007470507250181946e-01,-2.608033535088780663e-01,-4.394927726495414522e-01,3.111973131745317533e-01,-3.558833669338727912e-01,-1.758742799476699092e-01,-8.172579676658546510e-02,-6.561580313660844710e-02,-3.110648897575053473e-01,-3.672672144734228650e-01,-4.265198441056738954e-01,-1.408734009301603474e-01,1.780021872695433105e-01,-1.213706280294710588e-01,-1.945048848258746355e-01,1.551842626184675999e-01,-1.379829173792035957e-01,6.178009036756630656e-02,-5.514636212324967035e-01,-8.822367685033186135e-02,-3.157545052501318783e-01,-9.560285760601293370e-02,-4.565639776341415268e-02,7.511604172707533889e-04,-6.780763900463253335e-02,-1.143065236798184447e-01,-3.776693021970871644e-01,2.568489162969846418e-01,-2.161469808602499085e-02,-2.235695417008189689e-01
3.648561950185963410e-01,1.822306039649397580e-01,-1.940025891061191166e-01,-3.041857215592172481e-02,5.775715828479710545e-02,4.300336309815999680e-02,-3.600318729465808165e-02,4.468377059697846432e-02,1.482617143352915334e-01,1.578144656600964923e-01,4.976905812703058540e-01,4.457075406003346840e-01,1.000000000000000000e+00,6.439727938372881155e-01,3.296589640379096187e-01,1.444944964371251417e-01,-7.481694745758454834e-02,1.052537849124064772e-03,-1.246378333702444566e-02,-6.613179783053912963e-02,-9.356171045391550867e-02,5.058346214174328642e-02,-1.699380578051046808e-01,-4.484359196235521844e-02,4.680254526940174492e-02,-5.335065492512369029e-02,7.177120886597608551e-02,3.555568747160316873e-02,-5.632789864585640432e-02,-1.731618830609901183e-01,-3.466045950925707997e-01,-2.975166042982814729e-01,2.638650742370242039e-02,-3.147795949213336164e-02,-3.256314656304153954e-01,-2.540451929158037969e-01,-2.214553333531207313e-01,-9.821936167346669022e-02,-5.867498955453219478e-02,1.630063768724785422e-01,2.342501752327113274e-01,1.965414656532470106e-01,-7.166846655966245885e-03,-1.655064396594434911e-02,-3.429081552276427164e-02,5.421825662288322356e-02,-1.088840130688213670e-02,-7.497220249823625948e-02,-3.554198849742801897e-02,8.230800316902936106e-03,1.581980369370007133e-01,1.376861062720753370e-01,1.578646952320720276e-01,2.877811999844744895e-01,1.326448837756199484e-01,2.661916166844373044e-01,9.506859761318206536e-02,2.473463945441552181e-01,3.237273082200694541e-01,3.512805116110221948e-01,2.647440917465963550e-01,1.590473733358600261e-01,1.446543178025019027e-01,1.997698572338574841e-01,-8.687661105644205184e-02,-2.223115192390676467e-02,-2.984161702691163209e-01,-1.497503361956578904e-01,4.437326051567504898e-02,1.573395678886912730e-01,-2.043864115308831886e-01,9.727413245538130138e-02,-3.943249716317076548e-02,-1.885777953327595069e-01,1.429487955176956572e-02,-4.877519755062341422e-02,1.158704898981481254e-02,1.979250620449372056e-01,2.217635602720616217e-02,-5.769551290100893327e-03,4.242800618280367919e-02,1.869750153542668880e-01,1.371061830319939556e-01,-2.737511672667578520e-03,1.124914096016109942e-02,2.342593078821614272e-01,2.764978115888755417e-01,-6.130975892088614404e-02,-4.461527572610270859e-02,3.206678706542858137e-01,-3.146540209913947783e-01,-1.991397044218005397e-01,-2.390402498692889566e-01,-1.810890227836772226e-01,-1.770158611289324724e-01,-1.884590708899081812e-01,-3.655731080004292477e-01,-3.212158296212918596e-01,-3.669156074695940073e-01,-2.515245816675761303e-01,-2.854615070241490193e-01,6.882136309359367099e-02,-3.002198685355111918e-01,-2.263595661078246224e-01,-3.908066184310564628e-01,-2.026649071095392718e-01,-1.828698894264467745e-01,-2.321976122688012862e-03,-9.815999945204102739e-02,-2.669176623157202832e-01,-2.533145809597958098e-01,-2.669404939393454912e-01,-1.337499343590820844e-01,1.800479007463657855e-01,2.094687309498640404e-01,-1.087447401647073375e-01
