0.000000000000000000e+00,3.725367532061307219e-01,1.641936213009915768e-01,-4.409905271593578813e-01,1.510517387422971869e-01,-7.458406489660698857e-02,1.561431908107281108e-01,-5.666512172680135961e-01,-1.748057599620081726e-01,-2.439558984358054794e-02,3.192340446906201112e-01,-4.239353043112955022e-01,5.831881622597828024e-02,-5.631077492813746366e-01,-3.054163460726182500e-01,2.541821826575553223e-01,3.627785172686985304e-01,-1.526271207724394785e-01,3.689887188947667540e-01,5.476324747881795574e-01,1.478598777594871128e-01,-6.971636273970351072e-02,-1.928381763012313177e-01,-4.661783743427346249e-01,-2.529058948969038073e-02,1.207770058152145415e-01,4.410384735689708985e-02,-4.466093897335321472e-02,5.030377475233396289e-01,8.197237830173817463e-02,2.265924486688021822e-01,-8.831956966955790966e-02,2.198936502971535756e-01,-1.888380758420873662e-01,-8.318245435387647269e-02,-2.040987330732050298e-01,-7.591743171632164833e-02,-9.192239987762250431e-02,-1.992447298904767017e-01,1.448598024151291352e-01,2.499834470728716854e-02,2.260444897017961641e-01,-4.363808223494197031e-02,-1.290603188664555534e-01,2.641093726098143746e-01,2.661094228393863781e-01,1.826598384890944782e-01,1.265168759946025956e-01,3.518353200651158121e-03,1.335444497464548241e-01,-2.300491564856651516e-01,-1.562299509805040731e-01,-2.992152770960001540e-01,1.501932696939877465e-01,-3.054026470984431141e-01,3.544495409702070332e-01,8.526264358237307661e-01,4.891789519828123600e-01,5.305361550175917706e-01,1.573030372908908736e-01,-6.062937653685366440e-02,-1.740842806554502575e-01,3.197180751114753749e-01,-1.774953252250627278e-01,-1.508188561813196271e-01,-2.577028190205690183e-01,1.809565993666507611e-01,2.086741904477052989e-01,6.009169180047900793e-01,5.811219003216975265e-01,1.397866156455984110e-01,2.875642995600346044e-02,1.626867341417250201e-01,8.183082223526161325e-02,-3.361956578818189184e-02,5.377075679982830370e-02,-1.341654699090616409e-01,1.509649785725212245e-01,5.083461000162104587e-02,2.218663025783752518e-01,-6.150154455933824760e-02,1.915459064040421211e-01,-2.445061405651740016e-01,3.106082572850002999e-01,-5.253899070524602477e-01,1.415446506647427272e-01,-2.661961830091623127e-01,4.197799488114998256e-01,-5.740851939203952536e-01,2.957129060318866576e-01,-6.352145830146419536e-01,1.275808296555392962e-01,-6.063417117781496612e-01,1.024386457194130379e-01,-1.052423691005938550e-01,2.716255431072469584e-01,-2.152999276237531068e-01,3.384171748605558361e-01,2.854615070241490193e-01,3.678060407909787832e-01,-3.191632666573818167e-02,5.988849035021427403e-01,-6.573452757945975888e-02,6.342191242245809324e-01,-1.996374338168310225e-01,5.586555826744507014e-01,-1.720340008539027188e-01,3.295950354917589475e-01,-1.102287957003486446e-01,-1.994045512558534627e-01,-1.459283224007908997e-01,-2.055416916863208876e-01,-6.293993684772905550e-02,5.456758046434956278e-04,-3.938888876204653666e-01,-5.029121735934007770e-02
3.725367532061307219e-01,0.000000000000000000e+00,-4.243051766140245595e-01,-1.413756966499158663e-01,2.132907447447310312e-01,-1.553395176591192972e-01,-4.822609700243613573e-01,-2.682944092203228686e-02,1.761071625086474690e-01,-3.030190255919669173e-01,1.772167794168346688e-01,2.327295890992696070e-01,-2.303779318658687736e-01,-8.202717419843877367e-02,4.837792729954405041e-02,-8.131026121660589467e-02,-8.093582258915178740e-02,3.488512268572955266e-01,1.744130560356538517e-01,4.517624871857512381e-01,-6.118646815330978928e-02,-1.446314861788766393e-01,-3.338051868882551676e-01,-2.796166113760847893e-01,-3.992040896004237505e-01,-1.802853496320683813e-01,7.357034080764585093e-02,-1.209779241031167518e-01,1.252109071232382631e-01,2.999230574283828776e-01,-2.030530447111685566e-01,-2.221174504382530113e-01,-1.271721435926473050e-03,1.062789248131802422e-01,-3.614771147220592340e-01,-3.021559902189324132e-01,-3.312640271787647972e-02,-2.544059325690827822e-01,5.668863829913536878e-02,-1.301242725273922540e-01,-1.017171664128551228e-01,-1.173294306478016580e-01,-3.974985673156175223e-03,6.523223185970423998e-02,1.353116174150492401e-01,3.148823372276472465e-01,2.276016064330382838e-01,8.784010557342764036e-02,2.445107068898990654e-01,1.846461897444912903e-01,1.483302092061672683e-01,-1.404304674318304913e-01,3.587533020235667697e-02,-3.281201126055677264e-01,2.757489343339672994e-01,-2.465198897689211410e-01,3.386683227204336233e-01,8.502108500441791783e-01,2.714839870407704248e-01,2.867218126482628526e-01,6.500848194817678005e-02,2.380584900534031545e-01,3.183436113692352798e-01,4.456344794047338853e-01,-1.774587946272623284e-01,-2.778814079805657089e-01,-6.842409284251431412e-02,-1.074935671900435902e-01,4.402370835797246307e-01,1.956647313060373705e-01,4.016310911917879423e-02,-1.316357260113838468e-01,-2.459490991782898595e-01,2.937174221270397179e-01,2.470176191639515961e-01,8.800449326352945134e-02,-8.969859973652306862e-02,-8.106824600617823506e-02,2.999413227272831328e-01,-4.344104532305606003e-01,4.407256803253049582e-01,-7.727363015966154380e-02,3.762491752075965423e-01,-7.114105605391916887e-02,1.277178193972907938e-01,-5.335316640372246288e-01,2.161127334248120480e-01,-1.271744267550098395e-01,1.937194769731659938e-01,-4.813614040535264538e-01,-2.884319012577941585e-02,-4.690642915689663406e-01,4.875236592699816462e-02,-3.647694348488204064e-01,2.002105075698248221e-02,7.762523716349040148e-02,3.105580277130247646e-01,1.698512976353287462e-01,4.521232268390302234e-01,2.580726913232980757e-01,6.153282388370484579e-01,5.658361283045921369e-02,5.066405777314042513e-01,9.324663404788705034e-02,3.813725915491028573e-01,-2.777923646484272563e-02,1.738057348472221986e-01,-2.161469808602499085e-02,-2.178570694697812005e-01,2.364100468276600642e-01,4.953320745498174943e-02,2.675980446997527351e-01,7.012276564023296743e-02,-1.523942382114619187e-01,-7.577815881220761191e-03,-7.091273981766665901e-02
1.641936213009915768e-01,-4.243051766140245595e-01,0.000000000000000000e+00,4.256476760831893191e-01,-3.347686814052407978e-01,-2.983613743724157219e-01,8.977873873544769401e-01,1.846096591466908909e-01,-4.309354801147974312e-01,-1.843813429104383950e-01,1.475128370803832911e-01,-1.346768982782672597e-01,4.242275490936986970e-01,-5.975720851436908121e-02,-4.972750457203263252e-01,-2.881739039108288103e-01,4.107660238042508127e-01,-1.324804960855181235e-01,3.624086449659694731e-01,8.938808965521964633e-02,-4.260038494117432406e-01,-4.473057542541022946e-01,5.195952409763715529e-01,4.706259746249334963e-01,1.976921794839596458e-01,2.517643137156412581e-02,-4.873843863658676168e-01,-3.826694277710170899e-01,4.213324992180169093e-01,-1.073885417213674282e-01,2.924959302630887950e-02,9.217126457513772492e-03,8.251120461929409289e-02,-1.779291260739424840e-01,1.100644080102468336e-01,8.975111247086114616e-03,-3.419012806257691328e-01,-1.559057419250255150e-01,-5.119649123608127628e-01,-2.005050355145905627e-01,-2.774293418327857808e-01,2.194119030386607744e-03,3.504540068357880900e-01,1.037628798896775978e-01,-7.796314519314412328e-02,6.629618552064092674e-02,6.025950423412460011e-02,2.536387900152743402e-01,-1.677736198854309080e-01,-1.863288804056723036e-02,-2.198685355111658097e-03,9.181737440894634228e-02,3.400519191121238460e-01,6.558680697460438358e-01,-3.953044482852309249e-01,3.796054238805084413e-01,1.914271819611907954e-01,-4.690003630228156140e-01,-3.920669240551703516e-01,-7.121114913844868166e-01,-1.525494932521136437e-01,-4.228622180009086740e-01,1.092493190468253779e-02,-2.874204603311955597e-01,-2.080486039603734461e-01,-1.943907267077483736e-01,-2.616161593099370353e-01,-2.313414263828543760e-01,-1.952491957560578140e-01,-3.395290749311055678e-02,-3.815187139403044547e-01,-2.457892778129130984e-01,1.392751872763927923e-01,-1.372614380726456529e-01,-3.192249120411699836e-01,-1.399829676087755714e-01,-2.827445438127441646e-01,-2.231037765788638494e-01,-1.508827847274703260e-01,4.205607903394834035e-01,-1.579651543760231536e-01,2.775069693531115878e-01,-5.454817358426810037e-01,-2.814796718639052675e-01,-3.492074001858493926e-01,5.932454924667057705e-01,-7.036181273958934668e-01,-2.059800588599257076e-01,-3.817789944496323140e-01,5.154672834249262037e-01,-7.743345152503830486e-02,4.727219176737315065e-01,-6.641719312585475654e-03,6.340136396119536721e-01,-3.859297836247029267e-01,1.234346068051937334e-01,-4.579041939409437267e-01,-3.339878398772571644e-01,-1.988520259641223809e-01,-3.394263326247919377e-01,-5.891860297861362117e-01,1.129183609634031860e-01,-6.673249784811947638e-01,-2.550292358940521413e-03,-6.020813308096778504e-01,2.027676494158529158e-02,-5.232254691327864471e-01,-2.278390553187408796e-01,-1.649128174451869669e-02,-3.964140651934180970e-01,-1.683718084244124891e-01,-9.479005180495400640e-02,-1.321745523289397650e-01,1.266766973599793566e-01,-2.591640429325850481e-01,-1.340604444403854789e-01
-4.409905271593578813e-01,-1.413756966499158663e-01,4.256476760831893191e-01,0.000000000000000000e+00,-4.133368646244540145e-01,-3.093456684985239347e-02,3.477416099491082990e-01,8.819148426102025873e-01,-1.370970503825438558e-01,-2.637623319307105807e-01,1.845480137629027309e-02,4.012498030772462254e-01,1.901645931747144441e-02,5.053117772364146276e-01,-2.971649972944526152e-01,-5.577742820025159975e-01,-7.250638714670916418e-02,2.314007886042800111e-01,2.499902965599592741e-01,-2.361269346947069414e-01,-6.290226466874738742e-01,-4.326524182114162564e-01,2.417115498334433121e-01,7.157143215925514390e-01,-1.773355038596859667e-01,-1.611752806577333996e-01,-3.172887903577487068e-01,-1.815593542303573782e-01,2.668331853083068250e-02,-4.868387105612241583e-02,-4.902885688909995321e-01,-4.294628403909686934e-03,-2.502231791209368339e-01,4.467007162280331456e-02,-3.270972558671564889e-01,-1.445675576327259404e-01,-1.930938904858341132e-01,-2.036375342759749740e-01,-1.982492711004157637e-01,-3.391158225434885432e-01,-3.602944366182712077e-01,-3.226085586624321544e-01,3.163892243869138032e-01,1.127585395980264388e-01,-9.566678615216363257e-02,1.260876414704478754e-01,7.856133373212569049e-02,1.841210624011105357e-01,2.441727988602453436e-01,1.552025279173677996e-01,6.026110244777836966e-01,2.751735774186109817e-01,6.155382897744007265e-01,3.134119806661810892e-01,3.012244599750222296e-01,-3.687535531714266485e-02,-3.027770103815392577e-01,-3.344079417519618125e-01,-7.214313601483142158e-01,-5.691078999700905916e-01,-1.208637659849904900e-01,-4.199420533392390908e-02,-2.190214822746689993e-01,1.626867341417250201e-01,-4.793659201486795141e-01,-2.353141288936480002e-01,-5.432214051037811409e-01,-4.390863697490119399e-01,-5.255771263661872528e-01,-4.601051624584179267e-01,-6.045334471870298376e-01,-5.173531755363719453e-01,-2.345150220667642227e-01,-1.296448084312619708e-01,-2.523556527675352434e-01,-6.223215651534627635e-02,-3.006947663069163834e-01,-4.143003591414396447e-01,-2.729063971926235649e-02,-2.462459102854181181e-01,1.897376418129222420e-01,-2.465381550678213407e-01,-2.785229766044352781e-02,-5.399336513017449768e-01,1.243433054254787229e-01,-2.811714449449643702e-02,-3.176540963357527003e-01,-7.424638518318953384e-01,3.867425894257618402e-01,-1.554947726997709945e-01,5.101383824707926840e-01,-5.423195559705837332e-02,6.735351801072629874e-01,2.618581745203646394e-01,-2.342684405316115270e-01,-5.281182860756777203e-02,-1.135348148012849667e-01,-5.356321734107477583e-01,-2.738813075214217574e-01,-6.708775791172837399e-01,-3.056994582055713727e-01,-5.233578925498129086e-01,-3.773359604921585064e-01,-6.357671083063729522e-01,-1.041373185171317051e-01,-5.841219756660555040e-01,-2.322318597042391519e-01,-6.314108345186750793e-01,-7.223697398793120505e-02,-3.401911920162378668e-04,-2.198913671347910506e-02,3.394674295473174008e-01,1.851256538406215735e-01,7.662977837342946352e-02,1.749610150026598976e-01,-3.745733340335031247e-01
1.510517387422971869e-01,2.132907447447310312e-01,-3.347686814052407978e-01,-4.133368646244540145e-01,0.000000000000000000e+00,4.178712250764288760e-01,-4.239581359349207657e-01,-4.585297804282755796e-01,7.106183031993954513e-01,3.989986049877964902e-01,2.280194251453803583e-02,-1.165896860423435294e-01,1.876074513286863504e-02,-1.427410277427058616e-01,4.770553598378041715e-01,3.316224836696812228e-01,-7.406350387795126999e-02,-1.143978501743194431e-01,-6.225498813897152595e-02,2.391452753379651186e-01,3.377413588012484480e-01,3.424264079691499152e-01,-2.197383952565018783e-01,-2.723789866868802645e-01,3.200788147647543602e-01,5.021929774492053244e-01,5.788981001805981741e-01,4.407211140005799499e-01,-6.672542004479564692e-02,3.202135213441433675e-02,3.987702887515439665e-01,-1.107562062060919381e-02,2.928041571820296785e-01,7.902024936699322821e-03,2.155556418083559300e-01,5.714983709636543147e-02,9.427405711102333774e-02,5.906312715616145875e-02,2.124962042425722897e-01,1.350148063079209815e-01,1.596912251220921064e-01,1.326448837756199484e-01,-7.165248442312478760e-02,-2.868336876040265826e-02,-1.273776282052745644e-02,-2.599836982207315642e-02,-1.233661119343179846e-01,-5.540550105139626508e-02,-2.171287406761356845e-03,9.888376192096148820e-03,-1.783309626497469047e-01,-4.321798036023735690e-02,-2.294646669208587342e-01,-2.819454369858603870e-01,-3.199395418606403030e-02,-2.825207939012167047e-01,1.845502969252652559e-01,2.968316555895239572e-01,3.389240369050364188e-01,2.281221674516940023e-01,-7.918235389473252117e-02,-1.494672240627047677e-01,-3.216747452561594112e-02,-4.013114484610343785e-02,3.200605494658541605e-01,2.328140661066830513e-02,3.103388441262223685e-01,1.806871862078728019e-01,3.626917570989225958e-01,3.113982314624340053e-01,4.421732052631458521e-01,3.635091292247065731e-01,1.497982826052709007e-02,1.345992707579413972e-01,1.828927210500720379e-01,-3.490270303592099554e-02,2.456020584991860656e-01,2.532255376276573017e-02,2.776553749066757240e-02,5.917271894956265682e-02,4.673405039852598919e-02,-3.284785690964841381e-02,2.172817125544248829e-01,9.829013970670496397e-03,8.922826828984289915e-02,-2.118295208327149737e-01,3.811397089881252698e-01,3.179509074428809590e-01,1.115781446566009583e-02,-1.617095406505642818e-01,-2.210306651536910749e-01,-1.323617716426668256e-01,-3.048683871056122596e-01,-2.880597457927025484e-01,3.165147983168527246e-02,-1.702805321594834664e-01,1.352750868172488408e-01,1.294347574939096746e-01,-6.830536839966300233e-02,2.423508352949503286e-01,3.092018292696848691e-01,1.626091066213991576e-01,3.903317206596512712e-01,3.197683046834509657e-01,2.333780072102267511e-01,2.078522519971962856e-01,1.722394854665299790e-01,6.965243419355281185e-02,-2.091605040309231500e-02,1.008472815527330577e-02,-6.641947628821728844e-02,-3.618150227517129558e-01,-7.560235531029317613e-02,2.358506720488413953e-03,4.475683179257926303e-02,2.024000602754863765e-01
-7.458406489660698857e-02,-1.553395176591192972e-01,-2.983613743724157219e-01,-3.093456684985239347e-02,4.178712250764288760e-01,0.000000000000000000e+00,-2.867948738438636513e-01,-9.140183885896677185e-02,4.584475865832247088e-01,6.761973474219672431e-01,1.375034532830733125e-01,-9.495443949505581738e-02,-2.635614136428083842e-01,7.630100299322585544e-02,1.929021048473820166e-01,4.316889236944306818e-01,-3.525590825340362278e-01,-4.106975289333750223e-01,-2.136332190991097890e-01,-2.946032891236994300e-01,2.251220921073360248e-01,3.521663786076819069e-01,-4.819458936183328990e-01,-1.606912502368781082e-01,3.405336663706166195e-02,3.619520124934644256e-01,7.227053647466031849e-01,7.357193902129962604e-01,-1.379920500286536955e-01,-2.610818993171061253e-01,2.429969702435449269e-02,1.306585325202231085e-01,-2.863245423971834680e-01,-3.704134122089824399e-01,-2.049526357967894064e-01,-3.203801921966076827e-01,1.136261412957859651e-01,7.920975184308282069e-02,2.119117146777658722e-01,3.015486690305007600e-01,2.724840121555563988e-01,8.109107762980348466e-02,-2.270582137907573017e-01,-3.127772615293991643e-01,9.410966942092152676e-02,-5.469772071901349286e-02,-2.323460178223654138e-01,-1.075346641125690395e-01,2.672510040206489412e-01,1.752623924345131923e-01,2.179620949384573625e-01,1.616775763774889185e-01,-2.223777309475808706e-01,-1.052788996983942543e-01,2.459080022557644241e-01,1.035528289523252876e-01,1.583373098411147359e-02,-1.752327113238003747e-02,1.380605448995294304e-01,2.176241869088036407e-01,-1.123384377233218184e-01,-1.003061720728146144e-01,-3.312708766658523651e-01,-1.447456442970029011e-01,-9.891344303167430574e-02,-2.043544472578078530e-01,-4.688473911445264347e-02,1.993885691193157672e-02,-6.964786786882776193e-02,5.767496443974620690e-02,1.127494069485763389e-01,1.114891013244624918e-01,-1.791072378530054465e-01,-4.226476007388313416e-01,-1.687964766238421455e-01,6.481897947208719798e-03,-8.525099945432419724e-02,-1.165074921972926308e-01,-3.639611953724865012e-01,4.022703766532949310e-02,-1.585496439408295710e-01,-1.776323149668142254e-01,1.149321101671503115e-01,2.417480804312437115e-01,-8.623504243257249999e-03,-7.906819577660625931e-02,2.847308950681409767e-01,2.494469039176782921e-01,1.326083531778195213e-01,-4.423170444919849453e-02,4.623403784113299352e-03,-1.462365493197317727e-02,-3.958318587909741976e-02,-6.301756436805490413e-02,1.942971170508848294e-03,-3.084324035535139161e-02,-2.081102493441615991e-02,6.518428545009120889e-03,-2.356018073513261868e-01,2.468098513889618092e-03,-1.483302092061672683e-01,-5.065652333734408513e-02,-9.435168463134918637e-02,-2.831806278239864388e-02,8.044722584357141826e-02,7.397217738345027160e-02,2.139391628556881475e-01,-6.701081534011128077e-03,5.854256613750573324e-02,-1.008016183054825585e-02,-1.067766542082107112e-01,-2.610179707709554542e-01,4.545091315078689242e-02,8.602727465758272518e-02,2.866396188032119263e-01,-7.442424353123024139e-02
1.561431908107281108e-01,-4.822609700243613573e-01,8.977873873544769401e-01,3.477416099491082990e-01,-4.239581359349207657e-01,-2.867948738438636513e-01,0.000000000000000000e+00,1.472251586227051323e-01,-4.522647829055067570e-01,-8.220982718744078432e-02,2.165784985467671675e-01,-9.605949007851795340e-02,5.346549799195869923e-01,-1.268228197511809541e-01,-5.036998646084719367e-01,-1.925413651941030591e-01,4.944439243907952086e-01,-1.874316478267719077e-01,3.155033573902540911e-01,-1.581546568521127391e-02,-4.365748911502343454e-01,-4.296066796198078075e-01,5.380842897880997455e-01,3.620890022352159510e-01,1.162883086104902208e-01,-5.573427643159988010e-02,-5.243944482623993375e-01,-4.176200772165510888e-01,3.785780008173721400e-01,-1.213843270036462085e-01,5.617720992992975004e-02,1.129685905353787490e-01,7.741518622613810519e-02,-1.045574203918363254e-01,1.413848292993659661e-01,1.026281481955026303e-02,-3.750208338565580446e-01,-1.399738349593254716e-01,-5.412122222247590653e-01,-1.379189888330528968e-01,-1.635178052416841610e-01,3.180673487233697666e-02,2.645751377317694941e-01,8.057964926059786592e-02,-2.077426602037950598e-01,1.392044092431545151e-02,-9.778784398694943814e-03,1.547276301459625802e-01,-2.488761133270470383e-01,-9.461653146540209558e-02,-8.146094993253255589e-02,4.171109320097080020e-02,1.730751228912141559e-01,6.029215345590871467e-01,-5.040743032359260578e-01,3.932039389117078509e-01,1.920116715259972406e-01,-5.636557082483806269e-01,-3.093753496092367383e-01,-6.659185504658793331e-01,-5.550367703298485049e-03,-2.839180892670820633e-01,1.616501784291386190e-01,-1.828927210500720379e-01,-1.427501603921559614e-01,-1.316402923361089106e-01,-2.831144161154732219e-01,-2.480952717990634604e-01,-2.747260775955560619e-01,-1.651890800910525148e-01,-3.073889983538399262e-01,-2.176972481044044394e-01,1.454808225777359798e-01,-1.692348437974469655e-01,-3.295402395950583485e-01,-1.017856612837308716e-01,-2.284418101824474967e-01,-1.724997659758578383e-01,-9.596816358401695501e-02,4.469313156266481735e-01,-2.658400096806083912e-01,2.695843959551495472e-01,-6.107801794108984605e-01,-1.253478968649897607e-01,-3.634680323021811099e-01,6.549867690741091319e-01,-7.262351337590670086e-01,-1.589377815424588281e-01,-4.670642413393943926e-01,5.914509268497610828e-01,-5.033231428186552697e-02,5.968528889994954012e-01,-2.618787229816274108e-03,7.056318765996406617e-01,-2.834066608978764168e-01,1.146352990600220528e-01,-5.371984227914399224e-01,-2.907721426793823394e-01,-1.452433736920333562e-01,-2.533465452328711454e-01,-5.800396813618606817e-01,1.512161264323989840e-01,-6.415389427588363835e-01,5.216341049661064877e-02,-6.203922929571290545e-01,8.946571717554550884e-02,-5.222437093169006728e-01,-9.559829128128788378e-02,-7.652018658002826546e-02,-3.437871727372148745e-01,-1.061510677208788306e-01,-6.288057462630340655e-02,-1.371701115781446545e-01,1.281424875967204779e-01,-1.811849156029032570e-01,-1.477731175897111504e-01
-5.666512172680135961e-01,-2.682944092203228686e-02,1.846096591466908909e-01,8.819148426102025873e-01,-4.585297804282755796e-01,-9.140183885896677185e-02,1.472251586227051323e-01,0.000000000000000000e+00,-1.366175862864135726e-01,-2.678400599101803947e-01,3.449173381066647504e-02,5.902956466943233282e-01,-2.787056295934372749e-02,6.279997899490626923e-01,-1.731390514373648548e-01,-4.937726746562128288e-01,-2.344921904431389870e-01,3.668973421706938076e-01,1.037217829671521485e-01,-3.511891851165211964e-01,-5.439657160339643749e-01,-2.971558646450024876e-01,1.482114847633159704e-01,6.215932363598172250e-01,-3.273301384281340209e-01,-3.653721897125270512e-01,-3.312480450422271017e-01,-2.205009714855852565e-01,-1.238547086798983538e-01,-4.943046514866811930e-03,-5.590437202760799584e-01,-3.760140094842564368e-02,-3.785962661162723397e-01,9.851160645586989895e-02,-4.008297012025416328e-01,-2.217704097591491896e-01,-9.338819011436359785e-02,-1.256538406215681192e-01,-3.490955252300856869e-03,-3.016765261228021577e-01,-2.461043542189415845e-01,-3.040373160056530910e-01,1.805684617650215040e-01,5.469315439428844294e-02,-2.350218841112448054e-01,-4.959256967640739838e-02,3.491640201009614530e-02,1.630862875551668950e-02,1.844224398329638304e-01,2.144574407119813342e-02,5.826424864551392746e-01,1.436451600382658012e-01,6.083737262807970003e-01,9.929244798385347681e-02,4.215790807531695772e-01,-2.320309414163369277e-01,-5.401528348885474839e-01,-2.593055989990616372e-01,-7.030382041558120854e-01,-4.220037489525992891e-01,8.155684275175860420e-02,2.175328604143026423e-01,-1.225396071590839076e-01,3.360929155755053022e-01,-4.180173474676304735e-01,-1.889887645580140274e-01,-6.101911235213669515e-01,-4.993253255218738640e-01,-5.549705586213352637e-01,-5.763592236334702523e-01,-5.642721620862624077e-01,-4.387119311215578743e-01,-3.559883924025489255e-01,-1.572893383167157100e-01,-1.141604012886168334e-01,-1.498690606385091884e-01,-2.112861281904340194e-01,-4.004643952245375838e-01,2.924046037685877966e-02,-4.018799558893031421e-01,2.054275335681946257e-01,-2.552187383701416956e-01,1.129594578859286352e-01,-4.103824525273465640e-01,2.934114783704613316e-01,-2.299076004191886180e-01,-9.871709106849715920e-02,-7.168833007221642184e-01,5.851265671055665418e-01,-3.281292452550177985e-01,7.104447828598434711e-01,-1.212382046124446111e-01,8.167807867320868720e-01,1.116534890145642889e-01,-1.208500670108153402e-01,-1.651068862460016162e-01,1.390194730917899690e-01,-4.496071819155275651e-01,-1.633305859279571004e-01,-5.668064723086653212e-01,-1.446360525036016753e-01,-6.334519816707725459e-01,-1.906189424848569181e-01,-7.340800796367031866e-01,9.647045930377247391e-02,-6.904123162910483780e-01,2.194119030386607744e-03,-5.416323240994637134e-01,-1.380925091726047937e-01,1.226720305761103552e-01,3.628173310288614756e-02,4.637627885631830926e-01,1.205030263317115324e-01,-1.009500238590466947e-01,1.755409382427412512e-01,-1.690065275611944695e-01
-1.748057599620081726e-01,1.761071625086474690e-01,-4.309354801147974312e-01,-1.370970503825438558e-01,7.106183031993954513e-01,4.584475865832247088e-01,-4.522647829055067570e-01,-1.366175862864135726e-01,0.000000000000000000e+00,3.983821511499147094e-01,1.600976280226215631e-01,2.071216400411882430e-01,7.896773663265516108e-02,4.895328421490037496e-02,6.204196909054793263e-01,1.198317765971291526e-01,-1.233752445837680844e-01,-5.281182860756777203e-02,8.600672619632000401e-03,1.022240284573356917e-01,3.005326617791771043e-02,1.733171381016418156e-01,-2.383370358616312412e-01,-9.928788165912842689e-02,5.459041208797481455e-03,2.502094801467616980e-01,5.265451872078978912e-01,3.742902219005500020e-01,-1.879613414948777261e-01,6.262942676642564710e-02,6.458381374874710978e-02,-7.566171753171883896e-02,-3.937770126647015950e-02,-8.910497752226653745e-02,-6.287600830157835663e-02,-2.009297037140202191e-01,-4.872953430337291503e-02,-2.133455406414316302e-01,8.648847345481279481e-02,-7.809556861017057094e-02,-1.146375822223845778e-02,-8.469847416259312922e-02,-2.562849751934409212e-02,-1.238158949197354190e-02,3.818132418850701815e-02,1.452890369392838554e-01,-1.097995611761939244e-01,-5.061542641481863586e-02,3.177499891549787625e-01,1.483941377523179672e-01,1.246857797798574807e-01,1.539467886179790024e-01,-8.402722442801074942e-02,-3.130603736623522315e-01,2.821417889490375197e-01,-3.033660662710707112e-01,-7.222784133848110522e-02,1.871348367196436491e-01,5.236432878451285217e-02,7.412286609937691895e-02,-1.207815721399395914e-01,-7.108626015721855596e-02,1.062812079755427568e-02,2.132953110694560950e-01,1.926692222864044568e-01,-1.291562116856816156e-01,-2.480655906883506151e-02,-2.505839187742157637e-01,1.000961211354623043e-01,-3.092086787567724371e-02,3.464036768046686032e-01,1.965962615499476096e-01,-2.377753779204500595e-01,1.112653514129350318e-01,3.113708335140836780e-01,5.023642146263947172e-02,1.871576683432688848e-01,-2.243458169040775108e-01,7.656128350255371473e-02,-2.411361929180869945e-01,3.021422912447572773e-01,-1.137585647128124267e-01,4.535570528026959813e-01,-1.589149499188335646e-01,3.658196895355819711e-01,-2.922516318902986243e-01,4.381365742062015012e-01,3.739591633579839036e-02,2.894479085091178350e-01,-3.700526725557034546e-01,2.053636050220439269e-01,-1.085849187993305764e-01,8.983558947827456620e-02,-2.490496336665989352e-01,1.567048487519092925e-01,-1.684585685941884514e-01,8.131026121660589467e-02,-1.515266365137024063e-01,-1.447913075442534003e-01,6.668888944699524757e-02,3.202158045065058856e-01,-2.187612017653411400e-01,3.271520517638570880e-01,-6.741950140300327632e-02,1.786003758085248638e-01,-1.638146163488124196e-01,7.149722938247307646e-02,-2.434421869042373288e-01,-1.294712880917100739e-01,1.648740036850240565e-01,9.121461954523972515e-02,-1.896052183958957804e-01,1.002308277148512838e-03,1.172289715038505598e-01,3.641027514389630904e-01,-4.830943242866830162e-02
-2.439558984358054794e-02,-3.030190255919669173e-01,-1.843813429104383950e-01,-2.637623319307105807e-01,3.989986049877964902e-01,6.761973474219672431e-01,-8.220982718744078432e-02,-2.678400599101803947e-01,3.983821511499147094e-01,0.000000000000000000e+00,1.736002502345949383e-01,-2.049069725495389072e-01,9.641566340707186100e-02,-8.581265739550536509e-02,3.802447093420154300e-01,6.450595791218500796e-01,-1.604218370781001213e-01,-4.760918653208185414e-01,-1.827876955813958759e-01,-2.017379431903540965e-01,3.238095020651203804e-01,3.613127270319574369e-01,-2.313094621097790127e-01,-3.132841235738796914e-01,1.002742077997392650e-01,1.844589704307642297e-01,4.465157800766685892e-01,4.389630789814356060e-01,-6.125496302418553807e-02,-2.026923050578895713e-01,2.842925278945361844e-01,1.939432268846934537e-01,-2.593444127592245407e-02,-2.164415088050156422e-01,1.528326053850667388e-01,-1.183203231131375460e-01,-3.647808506606330103e-02,2.757717659575925628e-01,1.275032021352134337e-01,3.448374274239763837e-01,2.613558788006091205e-01,2.267248720858286437e-01,-3.694407850425467377e-01,-3.673402756690236637e-01,-2.452961147426076793e-01,-2.918908922370196390e-01,-3.757834100856414228e-01,-3.234350634376662592e-01,-1.421748034767996438e-01,-1.597003577715422062e-01,-2.194781147471740190e-01,-5.046930402361703150e-02,-3.689384893227912188e-01,-1.398733758153743456e-01,-1.003609679695152135e-01,4.432303094369949986e-02,-6.849715403811511283e-02,-1.533942633262479205e-01,1.623533924367963621e-01,2.140304893501891736e-01,7.228720355990675417e-02,1.035939258748507369e-01,-8.075316960014977674e-02,-4.256499592455518372e-02,2.239805109260734894e-01,1.141877992369671330e-01,1.066465139535467850e-02,5.019075821538897253e-02,2.265125379861138155e-02,2.029480192424923946e-01,3.125261136695213771e-01,3.587692841601044513e-01,1.423711554399768042e-01,-2.047014879369116469e-01,3.911285443241725029e-02,3.942336451372066564e-02,3.538673345677631477e-02,2.674268075225633493e-02,-2.166150291445675669e-01,3.545134695163577043e-01,-2.689679421172677665e-01,1.286858802390014322e-01,6.409065067844169072e-02,3.589291055254812401e-01,-4.788019790451358143e-02,2.137793414903114142e-01,2.419079017966204725e-01,4.503925897682362067e-01,-1.757372902059184117e-01,1.929112374968321164e-01,-9.185162184438421321e-03,3.634360680291057744e-01,-1.527184472669405046e-01,1.025528038375392997e-01,1.412615385317896044e-01,7.110909178084380555e-02,-4.066540483893431313e-02,1.851302201653466095e-01,-1.198660240325670218e-03,3.448602590476016472e-01,-1.399692686346004078e-01,2.551867740970663601e-01,-6.156547310548895341e-02,2.481500676957640594e-01,-6.678478226622129588e-02,2.996673432437800821e-01,1.412295742587142688e-01,2.389397907253378583e-01,5.395112662646779113e-03,-1.254940192561913581e-01,-7.271872124642400105e-03,-2.946352533967748211e-01,-1.212382046124446111e-01,1.676092321953291109e-01,1.654310953014801744e-01,3.547349362655226324e-02
3.192340446906201112e-01,1.772167794168346688e-01,1.475128370803832911e-01,1.845480137629027309e-02,2.280194251453803583e-02,1.375034532830733125e-01,2.165784985467671675e-01,3.449173381066647504e-02,1.600976280226215631e-01,1.736002502345949383e-01,0.000000000000000000e+00,2.011077903782971799e-01,3.084529520147766268e-01,-1.386450344643358756e-01,-2.064138597088054639e-01,-1.431314485066976540e-02,2.659496014740096448e-01,2.514903342321382629e-02,3.581391313480475347e-01,-1.888175273808246225e-03,-1.685544614134144858e-01,-2.631732760411791272e-01,-1.307361600405489710e-01,-1.128909630150528864e-01,-3.389742664770119540e-01,-1.824132569539417548e-01,7.848827253652489178e-02,-5.647402103705800869e-02,4.379950181397249676e-01,-1.344554315291023212e-02,-1.363984026996111765e-01,-1.448141391678786360e-01,-3.567692339305325033e-01,-5.072570315692860321e-01,-4.039393683403008084e-01,-6.339268794421777375e-01,-2.130213315859530721e-01,-1.600245668270207644e-01,-1.926600896369543570e-01,-1.147585898275984145e-01,-9.414620001872192612e-02,1.279415693088182537e-01,1.846850035046542285e-02,-1.155759619533823918e-01,-8.913694179534188688e-02,1.459785519727664349e-01,-6.349246213946012352e-02,3.927724212251906127e-02,2.051352887857914309e-01,2.629951893769021387e-01,2.559447840014246744e-01,1.737189746774462362e-01,1.053017313220195039e-01,1.508051572071444635e-01,5.643292411453255941e-02,2.509583574016698848e-01,3.009459141667941706e-01,1.653397688069791760e-01,2.700981074867176996e-03,-1.474169442611572567e-01,4.662902492984983410e-02,-9.417816429179728943e-02,4.695802862628969954e-01,1.374212594380224139e-01,-2.754292916032137772e-01,-5.029646863277388302e-01,-4.286568840769973687e-01,-4.317026226686058177e-01,-4.670665245017568967e-02,-7.062962768471353625e-02,-7.744715049921345462e-02,-2.261997447424478613e-01,-3.464995696238946654e-01,-2.876807408405234190e-01,1.211971076899191480e-01,1.876097344910488685e-01,-1.519467383884070266e-01,-2.927630602595042153e-01,2.677852640134797957e-01,-8.820084522670661176e-02,2.383872654336067765e-01,8.674875396414065409e-02,-5.622743950190529916e-02,-6.862501113041651057e-02,-2.696186433905874494e-02,1.433141014956996681e-02,-1.764998664350017898e-01,5.851060186443038380e-02,-5.611784770850409415e-02,5.560185301457342549e-02,1.817283082451842391e-01,3.986743959323179598e-01,1.921440949430236744e-01,3.756418540191648892e-01,-8.913694179534188688e-02,3.391637689531015742e-02,-1.076077253081698382e-01,-1.416085792108934260e-01,3.128457564002748992e-01,2.114436663934482485e-02,-9.029907143786715384e-03,-1.483370586932548571e-02,-2.303094369949930387e-01,3.192089299046323159e-02,-1.880115710668532891e-01,3.419948902826326631e-02,-1.392706209516677285e-01,-1.758719967853073982e-02,-2.438166255316914222e-01,-1.070688989906139199e-01,-2.723127749783670407e-02,3.710823787812022462e-02,-1.675498699739034481e-01,9.662571434442417118e-02,5.629136804805599803e-02,2.494811513531161595e-02
-4.239353043112955022e-01,2.327295890992696070e-01,-1.346768982782672597e-01,4.012498030772462254e-01,-1.165896860423435294e-01,-9.495443949505581738e-02,-9.605949007851795340e-02,5.902956466943233282e-01,2.071216400411882430e-01,-2.049069725495389072e-01,2.011077903782971799e-01,0.000000000000000000e+00,9.185162184438421321e-03,4.497441716572790904e-01,1.502549150777759274e-02,-4.155971953633538774e-01,-1.324074348899173248e-01,3.781396336437672923e-01,-5.150129341147836881e-02,-2.155693407825310659e-01,-4.942886693501434836e-01,-2.258024744913685045e-01,-8.201804154898867383e-02,2.953476000538826085e-01,-4.678816134651783698e-01,-3.511252565703704698e-01,-2.129984999623278086e-01,-2.979138745493608020e-01,-4.444632171127585463e-02,2.437207327124653877e-01,-4.149396446029466334e-01,-1.626273719202993573e-01,-3.745642013840529971e-01,3.831831393025852267e-02,-4.227937231300329390e-01,-3.848566973143160985e-01,-1.424442166355776029e-01,-2.931101009386080647e-01,-7.969378226393813991e-02,-2.001488621860366413e-01,-1.345262095623405985e-01,-2.764704136405252144e-01,2.871053839251670459e-01,2.927950245325796064e-01,-3.295265406208831571e-01,7.323699910271719293e-02,9.085387989196075376e-02,1.359646018507314202e-01,2.140076577265639102e-01,1.419693188641723836e-01,4.620549831160143395e-01,2.212818130135688344e-01,3.485178851523668131e-01,-1.790227608455920161e-02,3.837607793803040623e-01,-2.428576973394309113e-01,-3.079186920219457724e-01,4.040055800488140392e-02,-3.974277892823792624e-01,-2.680227128991823915e-01,6.407238537954149105e-02,1.110187698777823223e-01,1.395811310329711508e-01,5.663544061608852820e-01,-3.505864302528145515e-01,-3.746920584763544504e-01,-5.855192710319209182e-01,-5.828936343150170618e-01,-4.629408501126740516e-01,-6.456623339855567245e-01,-2.531319279707938130e-01,-2.556753708426467431e-01,-4.112637531992812678e-01,-5.789414802654860998e-02,1.595451027308905090e-01,-1.557915838068992531e-01,-8.435599980821435750e-02,-4.692652098568685370e-01,1.776597129151645249e-01,-4.526985837543865410e-01,3.560066577014491251e-01,-3.322686186182757795e-02,2.293048455554819731e-01,-3.771898381009568535e-01,2.869912258070408395e-01,-2.717214359264730206e-01,4.970672779453365331e-02,-5.701444556826769094e-01,4.649637319658712631e-01,-3.790300669651520682e-01,6.292783608720766697e-01,-4.991677873188596348e-02,6.404156268764740201e-01,2.769704261979182014e-02,1.354600229686133729e-02,-1.874453468009470436e-01,2.105281182860756772e-01,-2.681597026409339168e-01,1.350011073337458178e-01,-2.631093474950284006e-01,2.303824981905938374e-01,-4.977727751153567803e-01,1.134206566831587049e-01,-5.129969017486740723e-01,1.009363248848715311e-01,-5.387738048215823250e-01,-1.987492836578087438e-02,-4.302368324318647241e-01,-2.165328352995166683e-01,2.739132717944971485e-01,2.640363114142135759e-01,3.865873343851101152e-01,-8.518250458344844844e-02,-7.562062060919337581e-02,3.698654532419763941e-01,-9.095433903591186586e-02
5.831881622597828024e-02,-2.303779318658687736e-01,4.242275490936986970e-01,1.901645931747144441e-02,1.876074513286863504e-02,-2.635614136428083842e-01,5.346549799195869923e-01,-2.787056295934372749e-02,7.896773663265516108e-02,9.641566340707186100e-02,3.084529520147766268e-01,9.185162184438421321e-03,0.000000000000000000e+00,-1.425583747537038648e-01,9.523298530328387634e-02,-3.477027961889454094e-02,5.074762151560884282e-01,4.198507268447380925e-02,3.076401462137177134e-01,1.283023089620972113e-01,-1.854178986230247683e-01,-1.334987864992043249e-01,4.343510910091349375e-01,1.398870747895495092e-01,2.029480192424923946e-01,3.479767756724484046e-02,-3.146814189397450501e-01,-2.985622926603179739e-01,2.130441632095783355e-01,2.731735271890389782e-01,2.498715721171079762e-01,-5.895810168748530367e-02,2.046466920402110479e-01,7.863439492772648920e-02,1.901120804403763631e-01,2.308277148512862236e-03,-2.856943895851265514e-01,-1.453073022381840551e-01,-3.380153382847514432e-01,-1.571203843018888491e-01,-3.623606985563564142e-02,1.159960638280870121e-01,1.779062944503172483e-01,1.607323471594035436e-01,-3.221838904630024980e-01,-6.901314873204578149e-02,3.951925733294672088e-02,1.678352652692190888e-02,-2.516296071362522646e-01,-2.257568112441180053e-01,-2.749224295587331945e-01,-9.309137900723533920e-02,1.413437323768405030e-01,1.897696060859976053e-01,-3.835872590407521376e-01,-2.279737618981298591e-02,-3.097109744765279629e-02,-3.408144953412072242e-01,-2.277796930973152167e-01,-4.800554351821620935e-01,1.058999198610010711e-01,-2.790252723241908039e-02,4.775119923103091635e-01,1.432889867097118797e-01,1.793857836612335055e-01,4.992591138133606332e-02,-2.058613344170744097e-01,-3.222934822564036961e-01,-9.741568852185784888e-02,-1.291790433093068513e-01,4.481162768927986900e-02,-4.874323327754806479e-02,5.414062910255736799e-02,1.346540666546420240e-01,1.565815579843329308e-01,-2.162725547901887813e-01,9.550468162442435696e-03,-1.735226227142690758e-01,2.651596272965759393e-01,3.438876318811659449e-01,8.177602633856101422e-02,2.574242732123409594e-01,-1.566363538810335299e-01,-1.663352275970401140e-01,2.720844587421145447e-02,3.372344967567678653e-01,-3.440885501690681969e-01,-6.873916924854277244e-02,-2.191447730422453610e-01,2.528396831883905627e-01,1.075940263339946884e-01,4.601462593809433343e-01,5.130037512357616541e-02,3.462484217640168782e-01,-8.394503058295985087e-02,5.933254031493941788e-02,-1.599469393066949297e-01,-1.666685693019687720e-01,2.195260611567870571e-02,8.594508081253182663e-02,-1.279735335818936171e-01,4.487555623543056788e-02,-2.020256216480322553e-01,8.479893330654422745e-02,-3.268004447600282303e-01,-6.072070303135466973e-02,-2.573466456920150969e-01,4.217000883583833966e-03,-6.482126263444971948e-02,-2.888223220217859266e-01,-2.978385301913975131e-02,-9.655265314882337246e-02,-1.644676007844945997e-01,9.693622442572759346e-02,-1.269872074412827789e-01,1.497069561107699023e-02
