1.000000000000000000e+00,6.058671075561911090e-01,-4.077036507440010699e-02,4.737030251575137518e-02,-1.895169578622815931e-01,-6.943563161892846169e-02,3.591938871263237743e-01,3.374547566915411800e-01,6.860896376066848157e-02,2.892533178426203166e-01,4.374502882166316775e-01,3.494213324992180292e-01,2.798158988337280384e-01,2.462353098887349878e-01,-2.484025202198489671e-02,-3.771392823629295121e-02,5.985075293802225027e-02,-1.149157692479556708e-01,6.464766075338487239e-01,4.168997721077796204e-01,-1.621609544662406810e-01,-7.087001206488226235e-02,-9.797131239108092249e-02,-1.458733634210643837e-01,-3.570579561195764140e-01,-1.588587515081102686e-01,8.096876536038249972e-02,-1.768175521694445584e-02,-1.442870548281871383e-02,-4.262478216184815982e-02,1.991956745162875853e-01,-1.704723177979355561e-02,7.826086956521739746e-02,-5.830912909424013774e-02,-1.292953215067697281e-01,-2.366057464587336401e-01,-2.279547790339157276e-01,-2.420126010992448284e-01,-7.956119576388578918e-02,-2.345949327494526240e-03,-4.287188882434425086e-01,-5.747352428616113451e-02,-1.978506635685240711e-01,-1.565977032038965155e-01,-2.833951472362482571e-01,-2.223289691228383658e-01,-2.851512578756870142e-01,-3.920058983868805469e-01,-2.400062558648733135e-01,-1.107511506322891998e-01,-1.007641092095267962e-02,-2.361276196434156927e-01,1.439474507350641252e-01,-1.615308995039992923e-01,1.306805487287188983e-01,-7.873899638053531713e-02,5.873989007551723152e-01,5.564904598060681495e-01,6.758344876893516151e-01,4.327986058358282428e-01,6.059073238303767095e-01,4.871397292104204801e-01,2.180749810089816221e-01,2.957281379865052129e-01,-7.458778318959738418e-02,-2.031458063362974187e-01,-2.215693283882211040e-01,-1.085392555520800668e-02,3.327047678627284566e-01,4.633361633674427243e-02,4.101925912686000264e-01,2.181107288082577422e-01,1.295589615264310379e-01,1.846820680101881121e-02,2.637070467849322863e-01,3.175745118191161676e-02,1.906519504892980055e-01,1.871173868358729231e-01,-4.015371553688726336e-02,-7.460118861432593618e-02,1.650967424817909590e-01,-4.537289423119889031e-02,-3.640868671522409228e-01,-2.447026229947718845e-01,-1.527592832566245229e-01,-2.002010813709280967e-01,-2.207426605299611395e-03,-9.728316725501585938e-02,3.592206979757808782e-02,5.992671701148397784e-02,9.428482059073237803e-04,-2.554582421019706007e-01,-1.436748737655837993e-01,-3.074623530988873643e-01,7.262165422941149751e-02,-2.122838375262522947e-01,-3.356673667277358386e-01,-2.229679610348987984e-01,-4.951070199740828168e-03,3.600250234594933041e-02,1.581661378971357113e-01,4.464453282094821285e-02,1.693373251709191785e-01,6.931498279637160476e-02,-1.460521024174449289e-01,-3.994682514857679223e-01,-2.399794450154162373e-01,-1.539970508065597321e-01,-1.586353277626346148e-01,-1.121542517538764022e-01,-2.782653380401269305e-01,-2.296572679744403322e-01,1.606416729970061227e-02,-4.752669913758434533e-02,-3.501854417087448268e-01,-2.152553733410786929e-01
6.058671075561911090e-01,1.000000000000000000e+00,2.176236650431207786e-01,-2.753474239242146779e-02,-4.158362750793154206e-02,2.003306671433039976e-01,2.440323517583448676e-01,1.841101032217704048e-01,3.288797533401850021e-02,1.673980070601903680e-01,2.526162920595200756e-01,3.590911122034050051e-01,2.173868358729165728e-01,2.315608382858930225e-01,2.618973144465793768e-01,2.849233656553018523e-01,2.514678940077751390e-01,2.701684615040886306e-01,4.963850037982036612e-01,4.936145493543053764e-01,-4.842933106930604609e-02,8.427990526833191443e-02,1.487108449886053937e-02,1.073059564770543761e-01,-2.539434291076455574e-01,-6.448009294427812198e-03,2.691228383752625186e-01,2.412529603646275389e-02,1.445819741722150220e-01,1.016935519907055663e-01,2.693239197461906320e-01,1.063943875955136453e-01,1.541757898029402496e-01,1.050761874972072074e-01,-1.651905804548907397e-01,-3.352026453371464432e-01,1.909379328835068487e-02,-2.020689038831046946e-01,6.539166182581884756e-02,7.794360784664193520e-02,-5.585593636891729268e-03,2.935832700299387810e-01,-5.173600250234594577e-01,-1.841681933955940931e-01,-1.330354350060324320e-01,-2.787881496045399587e-01,-4.269895884534608554e-01,-3.164752669913758476e-01,-6.775548505295142521e-02,-1.501094776352830673e-01,-1.402520219848965577e-01,-2.815630725233477794e-01,-1.275213369676929387e-01,-4.124447026229947633e-01,2.410652844184279775e-01,1.441485321059922386e-01,7.070691273068501204e-01,7.859332409848518441e-01,4.375620000893695183e-01,3.978908798427097104e-01,3.648018231377631038e-01,2.650207784083292162e-01,3.970150587604450720e-01,4.225792037177711347e-01,-9.555833593994370045e-02,-1.046472139058939183e-01,-3.205683900084901200e-02,5.317485142320926362e-04,3.031994280352116045e-01,3.107958353813843333e-01,1.932838822110013732e-01,-4.275883640913356182e-02,1.963894722731131803e-01,1.869699271638589622e-01,1.880825774163278064e-01,1.761025961839224330e-01,3.526877876580722937e-01,2.726574020286876010e-01,4.159256445775057209e-02,1.093301756110639372e-01,3.079360114392957759e-01,7.568255954242816830e-02,-1.070333795075740640e-01,3.693641360203762242e-02,-2.664596273291925388e-01,-3.123642700746235290e-01,1.901693551990705500e-01,1.272398230483935966e-01,6.482863398722016335e-02,-1.289557174136467255e-01,-3.552169444568568646e-01,-4.832253451896867391e-01,-4.072121185039546121e-01,-5.047857366280887881e-01,2.192680638098216950e-01,-1.514366146834085491e-01,-2.588989677822959301e-01,-1.754859466464095685e-01,7.097725546271058117e-02,-9.399883819652352090e-02,2.808123687385495337e-01,-1.091156888154072996e-01,4.587649135350104768e-01,2.508244336208051983e-01,-1.942892890656418986e-02,-2.064658831940658634e-01,-9.698824791098797915e-02,-1.442066222798158992e-01,2.159613923767817953e-02,-6.645962732919254157e-02,-2.203851825372000472e-01,-1.496224138701461315e-01,-2.015907770677867750e-01,-6.478841771303453512e-02,-3.205102998346664456e-01,-1.332454533267795616e-01
-4.077036507440010699e-02,2.176236650431207786e-01,1.000000000000000000e+00,4.420170695741543199e-01,4.116046293400062450e-01,3.228875284865275752e-01,2.399526341659591611e-01,-3.756512802180616006e-01,-1.712096161580052844e-01,-1.927700075964073334e-01,-2.695562804414853297e-01,-3.146074444791992497e-01,6.742928638455694679e-02,-2.817418115197283246e-01,5.835649492828097751e-01,2.946512355333124611e-01,-1.597211671656463550e-01,-6.828723356718352511e-02,-5.536440412887081407e-03,2.017561106394387682e-01,2.416461861566647218e-01,-9.084409491040708329e-02,6.894990839626435886e-01,6.648956611108628456e-01,5.069842262835694280e-01,6.583091290942401086e-01,3.013405424728540227e-01,1.009875329550024570e-01,-1.649135350105009057e-01,-2.657223289691228452e-01,2.088163009964699168e-01,4.336073997944501768e-01,2.482103757987398907e-01,1.605344295991777970e-01,3.622905402386165652e-01,1.303230707359578078e-01,3.332901380758747090e-01,-3.006836766611555370e-02,-4.423790160418249184e-02,3.252379462889316009e-01,3.198668394476965049e-01,3.914160596988248142e-01,-1.519996425220072334e-01,-1.503954600294919453e-01,1.275124000178738948e-01,-2.867196925689262099e-01,-3.764734796014120310e-01,-4.038965101210956754e-01,-3.596854193663702737e-01,-5.433039903480941790e-01,-2.935519907055721966e-01,-1.985298717547701042e-01,-3.951606416729970261e-01,-2.570266767952097964e-01,-1.971267706331829017e-01,-2.823986773314267618e-01,2.883551543858081101e-01,2.371374949729657400e-01,-3.480897269761830115e-01,-3.519862370972787202e-01,-3.456454712006792329e-01,-5.679386925242414508e-01,-1.433218642477322446e-01,-1.478216184816122380e-01,6.061084052013048229e-01,3.732204298672863185e-01,5.600518343089503359e-01,4.567406944010009573e-01,2.726842128781447050e-01,3.563161892845971845e-01,1.501854417087448157e-01,3.873274051566200776e-02,1.708387327405156697e-01,2.574779927610706398e-01,-2.373653871933508949e-02,8.970910228339068482e-02,1.740470977255462737e-01,-2.804414853210599259e-02,-6.825595424281692691e-02,3.639304705304079457e-01,-3.897046338084811379e-01,-3.612315116850618735e-02,9.399883819652352090e-02,1.308146029760042794e-01,2.946825148576791009e-01,-8.687162071584968170e-02,2.853076544975199913e-01,4.699986594575271681e-01,-8.558916841681933618e-02,-2.791679699718486174e-01,-3.863756200008937047e-01,-2.806291612672595082e-01,-2.478484293310693198e-01,-9.216676348362304316e-02,-5.046695562804414531e-02,-2.805576656687072679e-01,-8.071406229054023385e-02,-2.765851914741498940e-01,-4.850663568524062885e-01,-4.934134679833772630e-01,-1.200142991197104408e-01,-5.673846016354617827e-01,-2.747218374368827834e-02,-2.050538451226596448e-01,-3.093703918852495627e-01,-1.889226506993163246e-01,1.235354573484069851e-01,-3.254122168104026103e-01,-2.750748469547343311e-01,9.565217391304348116e-02,-4.041154653916618211e-01,-3.741364672237365574e-01,-2.620000893694982014e-01,-3.055096295634299741e-01,-3.574735242861611373e-01,-1.524196791635014925e-01
4.737030251575137518e-02,-2.753474239242146779e-02,4.420170695741543199e-01,1.000000000000000000e+00,8.711738683587291754e-02,1.907636623620358463e-01,2.504848295276821957e-01,5.698199204611466284e-02,-6.807721524643639555e-02,-1.456052549264935936e-01,-1.193395594083739158e-01,-8.977612940703337541e-02,1.932615398364538051e-01,-3.992135484159256564e-02,3.409446355958711122e-02,-1.788283658787255814e-01,-3.122972429509808245e-01,-2.765985968988783975e-02,8.675544036820233285e-02,1.754501988471334761e-01,-5.350105009160373293e-02,-1.522320032173019311e-01,5.465659770320390187e-01,4.565128021806157399e-01,5.486393493900532103e-01,3.675499352071138204e-01,2.490281067071808269e-02,1.975602126994056851e-01,-5.115510076410920842e-02,-2.731087179945484444e-01,1.301666741141248480e-02,3.005183430895035368e-01,3.492604674024755163e-01,2.240940167120961668e-01,3.191384780374458274e-01,1.122034049778810466e-01,5.009160373564502597e-03,1.896688860092050621e-01,-1.625631172080968800e-01,1.006211180124223642e-01,-2.314223155636981055e-02,8.098217078511103784e-02,1.327717949863711500e-01,3.604271862013494476e-02,1.661200232360695306e-01,9.236337637964163114e-03,5.335359041958979281e-03,-1.010054068546405170e-01,-9.829304258456589283e-02,-1.714419768532999822e-01,5.595871129183609821e-02,1.105098529871754720e-01,-1.228830600116180387e-02,5.817954332186425076e-02,-2.793645828678671950e-01,-2.907055721882121357e-01,-3.441619375307207462e-02,4.320121542517538910e-02,-2.111622503239644344e-01,-3.409133562715045418e-01,-1.380401269046874213e-01,-4.129943250368648955e-01,-2.442825863532776254e-01,-2.492291880781089541e-01,4.030743107377451895e-01,3.626078019571919997e-01,3.897671924572143620e-01,3.808079002636400312e-01,1.148219312748558901e-01,2.865186111979981312e-02,1.120693507305956516e-01,1.575539568345323826e-01,6.466330041556817010e-02,3.726708074534161586e-02,1.886768845792930749e-01,-8.665266544528352211e-02,6.998525403279860779e-02,2.727557084766969037e-02,-2.815541355735287632e-01,1.259663076991822742e-02,-2.870995129362348686e-01,-1.135216050761874984e-01,-2.922918807810894193e-01,-2.463291478618347685e-01,4.153447428392689766e-01,1.266365789356092841e-01,-4.414853210599222789e-03,7.408731399973189635e-02,1.147951204253988035e-02,-2.717190222976897940e-01,-1.490370436569998791e-01,-2.097859600518343082e-01,-3.141337861387908173e-03,-4.750435676303677718e-02,-2.308816300996469895e-01,-3.559587112918360940e-01,-2.452388399839134925e-01,-3.624201260109924383e-01,-4.364225389874435979e-01,-4.677018633540372394e-01,-7.756825595424281239e-02,-4.640823986773314203e-01,-1.892622547924393273e-01,-4.049331963001027712e-01,-3.528218419053577026e-01,-4.167076276866705231e-01,-1.960319942803521315e-02,-4.324813441172528083e-01,-3.414182939362795377e-01,6.341659591581393085e-02,-1.934224049331962902e-01,-1.786451584074355559e-01,-2.610929889628669717e-02,-1.138299298449439168e-01,-1.234326824254881744e-01,-2.814200813262433543e-01
-1.895169578622815931e-01,-4.158362750793154206e-02,4.116046293400062450e-01,8.711738683587291754e-02,1.000000000000000000e+00,5.971446445328209007e-01,-8.181330711828052604e-02,-3.383976048974485229e-01,3.397649582197596052e-01,2.287859153670852245e-03,-1.211180124223602550e-01,-2.336654899682738262e-01,-2.649805621341436070e-03,-1.804638276956074816e-01,4.458197417221502201e-01,4.096787166540060143e-01,9.782832119397649739e-02,3.507752803968005456e-02,-4.643192278475356122e-02,-8.516466330041556898e-02,5.153983645381831069e-01,2.739800706019035470e-01,4.271370481254747609e-01,4.782161848161222695e-01,5.078153626167388746e-01,5.228696545868894985e-01,5.840832923723133785e-01,7.679520979489699861e-02,-1.067518655882747219e-01,1.094731668081683762e-01,3.204790205102998613e-01,4.088118325215603921e-01,3.802225300504937788e-01,1.198400285982394176e-01,3.255462710576880192e-01,2.338397604897448634e-01,2.066490906653559168e-01,1.002457661200232414e-01,3.039903480941954506e-01,1.597077617409178307e-01,2.018142008132624288e-01,9.927163858974931421e-02,-3.226506993163233417e-01,-3.092139952634165856e-01,1.300907100406631101e-01,-1.757763975155279546e-01,-1.814915769247955613e-01,-2.519147414987265021e-01,-3.501273515349211385e-01,-4.784574824612359834e-01,-4.725367532061307552e-01,-4.213503731176549416e-01,-5.130345413110505293e-01,-4.391661825818847786e-01,-1.435140086688413141e-01,-1.326868939630903854e-01,2.210822646230841404e-01,9.836900665802761345e-02,-3.045757183073417029e-01,-7.701416506546315821e-02,-3.488851155100763934e-01,-3.450422270878948927e-01,-1.948076321551454604e-01,-3.276643281647973471e-01,3.659859689887841050e-01,4.050225657982930300e-02,5.264220921399526132e-01,4.157066893069395475e-01,6.802359354752222920e-02,2.083426426560614775e-01,-6.761249385584700011e-02,-5.304079717592385425e-03,1.071540283301309210e-01,1.432816479735466164e-01,5.873363421064390494e-02,9.306939541534474392e-02,1.610483042137718368e-01,1.493811162250324037e-02,1.922606014567228294e-01,2.834934536842575459e-01,-1.943786585638321556e-03,4.216452924616827941e-02,4.676884579293087429e-01,4.623799097368068156e-01,1.017963269136243770e-01,-1.672728897627239752e-01,3.623665043120782858e-01,4.196568211269493531e-01,-2.277224183386210299e-01,-3.303186022610483108e-01,-3.730238169712676854e-01,-4.287144197685329727e-01,-2.188480271683274636e-01,-2.749765405067250423e-01,2.226506993163233361e-01,1.387863622145761588e-01,-5.088699226953840443e-02,-7.364046650878055406e-03,-3.511774431386567863e-01,-2.599177800616649381e-01,3.837526252290093115e-02,-2.829661736449349818e-01,1.456231288261316537e-01,-3.977836364448813361e-02,5.505161088520487550e-03,-1.035345636534250845e-02,1.332633272264176216e-01,1.188122793690513379e-01,1.202332543902766004e-01,4.691898654989052481e-03,-2.587381026855534172e-01,-2.739621967022655147e-01,-3.388176415389427820e-01,-2.503507752803967867e-01,-9.997765762545243740e-02,-3.088163009964698877e-02
-6.943563161892846169e-02,2.003306671433039976e-01,3.228875284865275752e-01,1.907636623620358463e-01,5.971446445328209007e-01,1.000000000000000000e+00,1.175164216452924681e-01,1.984896554805844898e-02,3.659859689887841050e-01,5.793377720184101493e-02,1.309709995978372565e-02,2.203851825372000681e-02,1.448858304660619323e-01,7.432861164484561023e-02,3.437642432637740830e-01,4.930425845658876760e-01,2.098038339514723682e-01,1.066759015148129874e-01,-4.379999106305017958e-02,2.500111711872737841e-02,1.705974350954019281e-01,3.684168193395593871e-01,2.955136511908485475e-01,3.362348630412440031e-01,3.086867152240940215e-01,3.674605657089235478e-01,4.025917154475177617e-01,2.292416998078555812e-01,1.582733812949640301e-02,1.021850842307520379e-01,2.833817418115197051e-01,3.033781670315920942e-01,2.595468966441753511e-01,-3.526967246078913099e-02,8.371240895482372213e-02,2.252558201885696346e-02,8.832834353635103664e-02,-5.898386880557666100e-03,2.082488046829616968e-01,1.068903883104696390e-01,1.647258590643013443e-01,4.716922114482326872e-02,-4.702354886277313462e-01,-2.332409848518700590e-01,1.500826667858259911e-01,-1.024308503507752738e-01,-2.160507618749720748e-01,-1.035881853523392404e-01,-1.664953751284686465e-02,-2.154251753876401942e-01,-2.115822869654586935e-01,-1.305554314312525055e-01,-4.110862862505026971e-01,-2.463470217614728008e-01,-3.064480092944277950e-02,5.204879574601188608e-02,2.378167031592117731e-01,2.586844809866392647e-01,-1.050851244470262236e-01,5.416238437821171980e-02,-7.883730282854461979e-02,-7.596407346172751041e-02,3.898744358550426670e-02,-2.788328343536351089e-02,1.880915143661468225e-01,3.850484829527682507e-02,3.035122212788775031e-01,1.987577639751552661e-01,7.200500469189866082e-02,3.014924706197774640e-01,-2.987622324500648074e-02,-3.302649805621341722e-02,9.449037043656999257e-02,1.802940256490459803e-01,1.760847222842843729e-01,1.159524554269627805e-01,3.571696679923141993e-01,2.724965369319451436e-01,2.109745743777648730e-01,1.200902631931721753e-01,1.626212073819205406e-01,1.485544483667724236e-01,2.143169936100808859e-01,3.394253541266366025e-01,-1.561285133383976016e-02,-1.465481031324009087e-01,1.316636132088118416e-01,3.162697171455382539e-01,-1.886858215291121188e-01,-3.318334152553733540e-01,-4.786094106081594246e-01,-4.610125564144957333e-01,-3.221725725010053942e-01,-2.985164663300415300e-01,6.769292640421824270e-02,-1.224898342195808593e-01,-2.740783770499128913e-01,-2.133652084543545269e-01,-1.812726216542294155e-01,-3.408150498234952530e-01,8.942758836409132883e-02,-1.300996469904821540e-01,1.268063809821707855e-01,7.998570088028955421e-04,3.523392466151302471e-02,-1.600652397336788935e-01,2.123866124491710985e-02,-4.818803342419232527e-02,7.657178604942133093e-02,-1.464140488851154998e-01,-1.483086822467491739e-01,-1.919165288886902909e-01,-2.286831404441664051e-01,-1.310559006211180211e-01,-6.378301085839402362e-02,-2.157379686313061484e-02
3.591938871263237743e-01,2.440323517583448676e-01,2.399526341659591611e-01,2.504848295276821957e-01,-8.181330711828052604e-02,1.175164216452924681e-01,1.000000000000000000e+00,3.071093435810358097e-01,2.738907011037133299e-01,4.456856874748648528e-02,4.593547522230662650e-01,3.580767683989454220e-01,7.061575584253094728e-01,4.308905670494660445e-01,1.443317395772822668e-03,1.409088877965950226e-01,-1.367174583314714753e-01,-7.586129853880869967e-02,3.280530854819250219e-01,4.488091514366147061e-01,-2.115241967916350052e-01,-1.044327271102372806e-01,2.062201170740426415e-01,-1.461995620894588621e-01,-9.270744894767415922e-02,-2.579561195763885872e-01,-1.667098619241252910e-01,8.709057598641583436e-03,6.082488046829617051e-02,-1.295410876267929709e-02,2.973770052281156373e-02,-1.563876848831493860e-01,1.313731623396934556e-01,9.872201617587916811e-02,-1.764779480763215558e-01,-3.551901336073998161e-01,-1.393851378524509632e-01,-1.963894722731131942e-02,-6.699584431833414955e-02,-1.102596183922427281e-01,-1.611510791366906337e-01,-1.381429018276062459e-01,-7.207650029045086990e-03,-1.060369096027525826e-01,-1.008624156575360781e-01,2.536306358639796310e-02,-2.662004557844407926e-01,-2.348809151436614673e-01,-6.610661781134098691e-02,-2.921042048348898579e-02,1.372983600697082196e-01,3.984985924304035310e-02,1.154698601367353389e-01,1.804370168461504054e-01,-8.688055766566871174e-02,-1.071227490057643367e-01,1.579650565262075979e-01,6.882345055632513309e-02,2.445953795969435518e-01,-1.680816837213459092e-01,5.679252870995129543e-01,1.862415657536082847e-01,2.492157826533804021e-01,2.421600607712587616e-01,1.626614236561061688e-01,-1.376156217882836541e-01,-1.061530899503999315e-01,-2.264444345145001924e-01,1.494302694490370342e-01,1.140488851155100763e-01,7.319361901782921176e-02,1.049421332499217985e-01,2.142454980115286733e-01,1.601367353322311060e-01,2.542383484516734238e-01,5.639215335805889545e-03,1.326466776889047849e-01,1.617275124000178699e-01,-1.905625809911077329e-01,2.149291746726842145e-01,-3.190491085392555687e-02,3.561285133383976231e-01,-3.161669422226194293e-01,-1.046874301800795326e-01,1.297466374726305993e-01,1.816256311720809702e-01,-3.253451896867599058e-01,-8.293042584565887831e-02,2.601546092318691647e-02,4.269627776040037237e-02,-1.255507395325975162e-01,-1.018320747129004833e-01,-1.336654899682738207e-01,-4.461325349658161465e-02,-2.500558559363689204e-01,-3.410786898431565350e-01,-5.583538138433352671e-01,-4.417310871799454697e-01,-2.329281916082041326e-01,-1.894186514142723043e-01,-1.934000625586487221e-01,-2.368291702042092932e-04,-2.877027570490191533e-01,-2.218016890835158017e-01,-3.645337146431922859e-01,-3.476652218597792721e-01,-4.621564859913311341e-01,-2.296840788238974085e-01,-2.282050136288484854e-01,-3.090799410161311767e-01,-3.429911971044282692e-01,-2.313552884400554011e-01,-1.354886277313552823e-01,-2.376781804370168560e-01,-8.418159882032262564e-02,-1.830644800929442650e-01
3.374547566915411800e-01,1.841101032217704048e-01,-3.756512802180616006e-01,5.698199204611466284e-02,-3.383976048974485229e-01,1.984896554805844898e-02,3.071093435810358097e-01,1.000000000000000000e+00,5.918495017650476225e-02,2.038875731712766481e-01,3.601054560078645328e-01,5.631752982707002309e-01,2.396085615979266226e-01,5.534965816166942387e-01,-4.463827695607489043e-01,-1.577282273560033921e-01,1.043478260869565161e-01,3.502837481567541017e-02,1.618079449483891263e-01,7.770231020152822132e-02,-5.220608606282676201e-01,-2.570490191697573645e-01,-4.588676884579293014e-01,-3.454175789802940155e-01,-4.387103981411144549e-01,-3.920907994101613392e-01,-2.915724563206577580e-01,-2.539032128334599570e-01,2.304392510836051622e-01,6.057464587336341966e-02,-1.516287591045176186e-01,-3.139997318915054292e-01,-3.400732829885160236e-01,-2.781268153179319857e-01,-3.775950668036999192e-01,-3.344161937530720774e-01,-3.173108717994548300e-01,-2.722016175879172217e-01,-2.841413825461370224e-01,-1.719692568926225462e-01,-3.797578086599043834e-01,-2.206890388310469575e-01,-1.115510076410920898e-01,1.872290987086107491e-03,-1.006523973367889485e-01,1.151213190937932923e-01,-1.460074176683497926e-01,1.559497743420170659e-03,2.086554358997274317e-01,4.233254390276598444e-01,3.890835157960588209e-01,1.860226104830421390e-01,4.270923633763796246e-01,2.579024978774744348e-01,1.574690558112516181e-01,7.616068635774610185e-02,8.870369542875017332e-02,1.127217480673846084e-01,5.133115867554404188e-01,2.167567809106751842e-01,6.113320523705259024e-01,6.832253451896868057e-01,3.004915322400464883e-01,4.624603422851780721e-01,-3.005496224138701211e-01,-1.483801778453013864e-01,-5.535546717905178715e-01,-3.383618570981724027e-01,-1.914428705482818793e-01,-3.102864292416998016e-01,8.922203851825372123e-02,-1.543366548996827348e-01,6.281782027793914036e-02,5.549845837615622127e-03,4.919344027883283677e-02,-2.183252156039143799e-01,5.540908887796594691e-03,1.130970999597837208e-02,-1.325394342910764522e-01,-2.513114973859421619e-01,2.166093212386612510e-01,1.508423075204432806e-01,-3.451405335359041815e-01,-4.084990392778944379e-01,-2.769292640421823770e-01,-7.945842084096697844e-02,-3.793467089682291404e-01,-4.597479780151034201e-01,1.333705706242459543e-01,-4.118146476607533607e-02,1.928057553956834536e-01,-1.243040350328432908e-01,-3.768711738683587498e-02,-1.914339335984628354e-01,-1.761472809330175485e-02,-1.428839537065999254e-01,-1.165825103892041692e-01,-9.462889315876490959e-02,1.670003127932436771e-01,5.304079717592385425e-03,1.279234997095491377e-01,2.801912507261271612e-01,-4.462665892131015971e-02,1.246347021761472773e-01,-5.456454712006791885e-02,-2.176906921667634831e-01,-1.004960007149559853e-01,-1.905715179409267490e-01,1.226953840654184669e-01,1.536127619643415654e-01,2.359176013226685631e-01,-1.482237812234684371e-01,9.089324813441172768e-02,4.985030609053130168e-02,2.097502122525582088e-02,1.462174359890969222e-01
6.860896376066848157e-02,3.288797533401850021e-02,-1.712096161580052844e-01,-6.807721524643639555e-02,3.397649582197596052e-01,3.659859689887841050e-01,2.738907011037133299e-01,5.918495017650476225e-02,1.000000000000000000e+00,3.853478707717056251e-01,3.138656776442200202e-01,3.132981813307118557e-01,3.711113097099959512e-01,3.950355243755306334e-01,2.147102194021180410e-02,2.460476339425354264e-01,-5.048036105277269037e-02,1.222574735242861615e-02,1.241163590866437294e-01,1.812904955538674756e-01,1.073819205505161106e-01,2.397068680459359113e-01,2.444255775503820574e-02,-1.290138075874703860e-01,-4.857232226641047465e-03,-1.838509316770186308e-01,1.356271504535501993e-01,2.507395325975244615e-01,8.011528665266544336e-02,1.280575539568345189e-01,1.522275347423924230e-01,-6.680369989722507312e-03,2.516734438536127882e-01,8.499486125385405377e-02,-2.377228651861119924e-02,-1.244336208052191778e-01,-1.513785245095848886e-01,1.572366951159569204e-01,5.946199562089458934e-02,-8.473122123419277174e-02,7.154028330130926712e-03,-1.705572188212163276e-01,-8.660351222127887771e-02,-2.132981813307118224e-01,6.419411055006926659e-02,1.971223021582733936e-01,-9.517851557263505222e-03,-6.687966397068680069e-02,5.329996872067563340e-02,-1.027078957951651078e-01,-8.726037803297734263e-02,-2.238929353411680534e-01,-1.143527414093569866e-01,-5.454220474552035069e-02,-9.768532999687207230e-02,1.415255373341078593e-01,3.002815139192993588e-02,-1.027213012198936459e-01,1.140265427409625082e-01,9.942356673667277628e-03,2.702399571026408709e-01,2.027659859689887878e-01,-9.772554627105769359e-03,-1.358014209750212364e-01,-2.874123061799007881e-02,-3.594262478216184720e-01,9.698824791098797915e-02,-8.622369185397024682e-02,3.772286518611198125e-02,8.241655123106483849e-02,-9.866392600205550062e-03,2.809196121363778387e-01,2.625943965324634699e-01,1.166942222619419961e-01,2.870637651369587484e-01,3.269761830287322701e-01,3.893382188659010729e-02,1.482952768220206496e-01,-1.463872380356584235e-01,1.655257160731042620e-01,2.995352786094105935e-01,3.314223155636981111e-01,5.428303320076857674e-02,3.630814602976004113e-01,9.781491576924795928e-02,2.549354305375575169e-01,-1.191965682112694908e-01,7.841279771214085259e-02,-9.697037401134993295e-02,-1.019214442110907559e-01,-3.323204790205103176e-01,-2.390455337593279384e-01,-2.888154073014880252e-01,-1.427096831851289160e-01,-1.230752044327271116e-01,-2.860270789579516526e-02,-4.320300281513919094e-01,-1.611242682872335574e-01,-1.912998793511774542e-01,-3.564055587827874572e-02,-2.115063228919969729e-01,-2.792796818445864374e-02,-2.378435140086688493e-01,-3.316546762589928088e-01,-2.215023012645783995e-01,-2.066401537155369006e-01,-2.393225792037177724e-01,1.845792930872693083e-01,-5.944412172125653621e-02,-2.551677912328522146e-01,-2.582063541713213173e-01,9.054917556637918918e-02,-3.024397873005942872e-01,-2.308503507752804051e-01,5.796058805129809116e-02,-1.245185218284999284e-01
2.892533178426203166e-01,1.673980070601903680e-01,-1.927700075964073334e-01,-1.456052549264935936e-01,2.287859153670852245e-03,5.793377720184101493e-02,4.456856874748648528e-02,2.038875731712766481e-01,3.853478707717056251e-01,1.000000000000000000e+00,-4.888958398498592650e-02,1.143348675097189265e-01,-6.398856070423164337e-03,2.613745028821662930e-01,-1.794986371151525983e-02,2.759640734617275215e-01,-1.236650431207828721e-01,-1.925778631752982639e-01,1.190982617632602020e-01,5.844318334152553973e-02,-2.698958845346083324e-02,-2.775369766298762392e-02,-4.189999553152509160e-01,-1.197149113007730525e-01,-2.735600339604092879e-01,-4.803163680235935512e-02,2.650744001072434242e-01,1.546986013673533333e-01,-1.413155190133607297e-01,-1.846641941105500728e-01,-6.871620715849680039e-02,-1.343715090039769300e-01,-2.318468206801018727e-01,-3.031770856606640363e-01,-5.886768845792930693e-02,-5.414897895348317475e-02,-1.323383529201483666e-01,-2.365163769605433536e-02,-1.682738281424549787e-01,3.777604003753519124e-01,-2.170472317797935702e-01,1.685508735868448266e-02,-2.665981500513874836e-01,-3.656642387952991902e-01,-2.717413646722373621e-01,-1.514276777335895330e-01,-3.246704499754233808e-01,-2.571830734170427735e-01,-1.799320791813754095e-01,-1.043210152374994398e-01,-2.505563251262344360e-01,-3.517672818267125190e-01,-9.718932928191607867e-02,-1.703114527011930779e-01,-2.956343000134054391e-02,-2.697618302873229512e-02,2.543634657491398166e-01,1.268734081058134899e-01,3.804861700701550609e-01,4.197506591000491616e-01,3.336788953930023838e-01,5.172349077259931205e-01,-1.171857545019884678e-01,-1.077974887171008478e-01,-1.248938737208990513e-01,-2.300192144421109031e-01,-8.004379105411323081e-02,9.109879798024933528e-02,1.733097993654765523e-01,1.372715492202511156e-01,2.178336833638679082e-01,2.172349077259931316e-01,2.215782653380401201e-01,-6.924795567272890029e-02,2.107511506322891914e-01,6.224585548952142784e-03,-2.011483980517449477e-01,-1.389248849367710759e-01,-1.722060860628267520e-01,8.710844988605388750e-02,1.088520487957460176e-01,-4.668662585459582709e-02,-6.389472273113186440e-02,1.281111756557486991e-01,-1.266678582599758685e-01,7.986058358282317748e-02,2.150766343446981477e-01,2.477233120336029271e-01,1.506278207247866430e-01,1.000714955985522181e-01,-1.008087939586219291e-02,3.443406765271012776e-02,-1.674650341838330447e-01,2.810670718083917857e-02,-3.992582331650208066e-02,-1.626346128066490926e-01,-1.938781893739666695e-01,-8.625497117833683114e-02,-4.696813977389516920e-02,1.210152374994414443e-01,-1.086643728495464561e-01,1.886590106796550217e-02,1.770409759149202400e-02,-7.779167969971848007e-02,-2.692211448232718074e-01,-9.222038518253719563e-02,-4.066312167657178600e-04,-6.017248313150721367e-02,-2.483399615711157915e-01,4.549354305375575419e-02,-2.350015639662183242e-01,5.066356852406273675e-02,1.242236024844720543e-03,-9.259573707493631844e-02,-4.091290942401358266e-01,-2.760221636355512098e-01
4.374502882166316775e-01,2.526162920595200756e-01,-2.695562804414853297e-01,-1.193395594083739158e-01,-1.211180124223602550e-01,1.309709995978372565e-02,4.593547522230662650e-01,3.601054560078645328e-01,3.138656776442200202e-01,-4.888958398498592650e-02,1.000000000000000000e+00,6.835649492828097529e-01,6.253943429107645668e-01,5.549398990124670972e-01,-2.109924482774029331e-01,-9.794897001653335433e-02,2.697528933375039073e-01,2.658295723669511501e-01,4.820188569641181697e-01,3.876670092497430664e-01,-2.508020912462576302e-01,3.031413378613878953e-02,-4.602082309307833213e-02,-2.600071495598552107e-01,-2.456767505250458117e-01,-4.823137763081460361e-01,-2.697484248625943715e-01,-1.014880021448679587e-01,4.194110550069261589e-01,2.991554582421019903e-01,8.292148889583984828e-02,-1.341480852585012762e-01,2.276017695160641729e-01,2.312435765673175742e-02,-2.690781536261673823e-01,-2.748067384601635688e-01,-4.382412082756155236e-01,-5.566826042271772607e-02,-6.889941462978685371e-02,-5.404888511551008135e-01,-3.272174806738460395e-01,-3.087090575986415897e-01,5.046695562804414531e-02,7.063765136958756463e-02,1.457393091737790025e-01,2.039903480941954450e-01,1.233879976763930519e-01,9.725188793064927506e-02,2.114080164439876564e-01,2.792975557442244905e-01,3.097368068278296693e-01,1.596317976674561101e-01,1.348049510701997411e-01,1.150945082443362022e-01,-5.539121497832789898e-02,1.213324992180168926e-01,4.410384735689708985e-02,6.969927163858974373e-02,4.036909602752580817e-01,-6.175432324947495791e-03,5.187050359712229719e-01,3.602976004289735745e-01,2.998033871039814113e-01,3.231824478305554416e-01,-1.513651190848563366e-01,-1.121408463291478641e-01,-2.389874435855042778e-01,-3.303543500603244309e-01,1.628759104517627995e-02,-2.132088118325215498e-01,7.772018410116626752e-02,1.707225523928683208e-01,2.228115644130658213e-01,1.340095625363063592e-02,3.165914473390232103e-02,1.258233165020778421e-01,1.965637427945842175e-01,2.188078108941418354e-01,-2.459448590196166087e-02,-1.676884579293087263e-01,2.954868403413914990e-01,4.385495330443719419e-01,-3.171455382278028368e-01,-1.084409491040707746e-01,-9.691228383752625852e-02,7.520890120201975670e-02,-3.967961034898789263e-01,-2.602216363555118761e-01,-2.605031502748111905e-01,-8.961079583538138216e-02,-1.128111175655748671e-01,-2.443808928012869142e-01,-1.478305554314312542e-01,-2.997944501541623952e-01,-1.753518923991241873e-01,-4.634255328656329553e-02,-3.846373832610929799e-01,-1.372045220966084389e-01,6.613342866079806315e-02,1.257741632780731977e-01,2.370972786987800979e-02,1.995799633585057520e-01,-6.057911434827293468e-02,-7.471290048706376828e-03,-1.098083024263818708e-01,-2.397202734706644633e-01,-4.628669735019437792e-01,1.350641226149515151e-01,1.041422762411189085e-01,-2.973010411546538889e-01,-4.183386210286429291e-02,-3.083247687564234178e-03,-4.782161848161222556e-02,-1.195853255283971517e-01,3.932257920371776821e-02,-6.045846552571607080e-03
3.494213324992180292e-01,3.590911122034050051e-01,-3.146074444791992497e-01,-8.977612940703337541e-02,-2.336654899682738262e-01,2.203851825372000681e-02,3.580767683989454220e-01,5.631752982707002309e-01,3.132981813307118557e-01,1.143348675097189265e-01,6.835649492828097529e-01,1.000000000000000000e+00,5.692792349970955401e-01,8.167076276866704898e-01,-3.355511863800884620e-01,-1.126636578935609340e-01,3.157379686313061540e-01,4.829527682202064409e-01,4.842977791679699551e-01,4.891728852942490713e-01,-3.824076142812458112e-01,1.826712543009071169e-02,-1.635149023638232391e-01,-1.912283837526252417e-01,-3.545153938960632911e-01,-5.377005228115644409e-01,-3.467044997542338969e-01,-5.499798918629071609e-02,3.844809866392600028e-01,3.067786764377318232e-01,8.276956074891639314e-02,-1.184369274766522151e-01,3.753518923991241985e-03,4.240582689128200369e-03,-3.266097680861522190e-01,-3.183564949282809975e-01,-2.598194736136556493e-01,1.758344876893516359e-02,-3.194914875552973821e-01,-4.678046382769560640e-01,-1.346708968229143322e-01,-1.047053040797175927e-01,-4.699048214844273735e-02,-3.541266365789356302e-02,6.030653737879261567e-02,1.695473434916663080e-01,5.027034273202556081e-02,1.517225970776173993e-01,3.527905625809911183e-01,3.425175387640198577e-01,3.343178873050627886e-01,1.650967424817909590e-01,6.615577103534563130e-02,5.224094016712096250e-02,-3.702131462531838002e-02,2.926672326734885421e-01,1.176728182671254314e-01,1.424907279145627703e-01,4.182090352562670144e-01,8.354707538317172888e-02,5.607801957192010134e-01,4.503105590062111974e-01,5.174896107958353308e-01,5.858349345368425443e-01,-3.919075919388712581e-01,-1.622101076902453254e-01,-3.177979355645917936e-01,-4.394700388757317167e-01,3.489878904329952146e-03,-2.222440680995576290e-01,8.601367353322311726e-02,1.555476116001608677e-01,2.216586978864113766e-01,3.298136645962733149e-01,1.058805129809196055e-01,3.658161669422226314e-01,1.285044014477858820e-01,1.900174270521471087e-01,-1.649045980606818895e-01,-1.539032128334599514e-01,3.983377273336610180e-01,5.497877474417981469e-01,-4.044818803342419278e-01,-1.494436748737655862e-01,-2.775682559542428374e-01,1.102149336431475918e-01,-5.908664372849546931e-01,-3.183520264533714617e-01,-2.543098440502256641e-01,-1.092765539121497848e-01,-1.150364180705125278e-01,-2.439072344608785026e-01,-2.924080611287367404e-01,-4.114973859421779401e-01,-3.310648375709370206e-01,-2.113946110192591321e-01,-4.216542294115018796e-01,-1.999955315250904753e-01,1.831046963671298933e-01,2.542740962509495439e-01,4.001966128960186136e-02,1.388802001876759395e-01,-4.026095893471558392e-03,1.090173823673980108e-01,-7.478439608561597562e-02,-1.193395594083739158e-01,-3.211358863219982984e-01,3.249921801689083234e-02,2.291880781089414287e-02,-3.082264623084141619e-01,-1.178336833638679061e-02,7.911434827293445382e-02,-2.123374592251664472e-01,2.210554537736270780e-02,8.597345725903748903e-02,1.899503999285044042e-01
2.798158988337280384e-01,2.173868358729165728e-01,6.742928638455694679e-02,1.932615398364538051e-01,-2.649805621341436070e-03,1.448858304660619323e-01,7.061575584253094728e-01,2.396085615979266226e-01,3.711113097099959512e-01,-6.398856070423164337e-03,6.253943429107645668e-01,5.692792349970955401e-01,1.000000000000000000e+00,6.513383082353992881e-01,5.129809196121363872e-03,8.575450198847132943e-02,5.395683453237409832e-02,2.174002412976451248e-01,3.528129049555386865e-01,3.988158541489789655e-01,-1.982617632601992863e-01,1.084856338531659109e-01,2.245721435274140865e-01,-1.476116001608651085e-01,2.781625631172080990e-02,-3.890209571473255967e-01,-2.221859779257339407e-01,7.977121408463291874e-02,2.097278698780106476e-01,2.432503686491800377e-01,4.441664060056302495e-03,-9.057151794092675734e-02,2.678537915009607251e-01,1.679744403235175765e-01,7.082532731578712430e-03,-1.090263193172170270e-01,-1.422226194199919524e-01,1.607533848697439427e-01,-1.032262388846686557e-01,-2.917601322668573194e-01,-1.559944590911122031e-02,-1.799544215559229499e-01,5.756736225926091521e-02,-1.039858796192859314e-01,-9.916439519192099539e-02,6.147727780508512735e-02,-6.969927163858974373e-02,-4.361678359176013320e-02,-2.505473881764153782e-02,-5.842530944188748659e-02,1.339604093123017148e-01,2.631931721703382673e-02,1.747173689619732715e-03,1.108628625050270405e-01,-2.097099959783725875e-01,8.217972206086063269e-02,1.440189463336163413e-02,6.683944769650118634e-02,8.139773895169578888e-02,-2.758523615889896807e-01,4.666026185262969750e-01,1.480092944278117995e-01,1.597032932660083226e-01,1.310648375709370372e-01,1.177040975914920296e-01,-1.211850395460029560e-02,-3.258858751508110496e-02,-2.467134367040529075e-01,5.225881406675901564e-02,8.954823718664819271e-03,4.808525850127351453e-02,3.126949372179275155e-01,2.406765271013003304e-01,1.871441976853299993e-01,1.138790830689485611e-01,2.050404396979310928e-01,1.686670539344921615e-01,1.590017427052147214e-01,-1.135975691496492190e-01,9.258680012511730228e-02,1.173778989230975511e-01,4.746682157379686351e-01,-2.754591357969525256e-01,5.053845122659636306e-03,1.904151213190937997e-01,3.418070512534072125e-01,-4.035971223021582732e-01,-1.135081996514589603e-01,5.594530586710755836e-03,-3.882657848876178847e-02,-1.613074757585236108e-01,-1.972116716564636385e-01,-1.867420349434738003e-01,-2.382635506501631084e-01,-2.946154877340363964e-01,-2.872693149827963977e-01,-5.908485633853165497e-01,-3.995620894588676753e-01,-1.972072031815541304e-01,1.844139595156173150e-02,-1.480718530765449681e-01,-1.500290450869118386e-01,-2.823361186826935931e-01,-2.288440055409088902e-01,-2.757629920907994081e-01,-2.117029357880155505e-01,-3.949059386031547603e-01,5.004691898654988879e-04,-1.444166406005630288e-01,-4.571473256177666644e-01,-3.360471870950444417e-01,-4.045310335582465860e-02,-2.583672192680638302e-01,-1.327896688860092100e-01,5.826891282005451644e-02,-9.756021269940569340e-02
