0.000000000000000000e+00,3.988918182224406861e-01,1.491576924795567222e-02,-9.575494883596229190e-02,6.057464587336341966e-02,3.047857366280888325e-01,2.957638857857813330e-01,-4.159077706778676609e-01,-8.126815317931990190e-02,4.089905715179409373e-01,5.372536753206130777e-01,2.263595334912194557e-01,2.331650207784083384e-01,-1.423432682425488094e-01,7.845301398632646694e-02,3.703829482997452738e-01,2.113767371196210720e-01,-1.807989633138210039e-01,4.929353411680593156e-01,3.849814558291255184e-01,1.337012377675499408e-01,-4.571249832432191205e-03,3.113633316948925464e-02,-2.599088431118459219e-01,2.348406988694758391e-01,4.467938692524241473e-01,5.204030564368381517e-01,5.816792528709950894e-01,4.042048348898520937e-01,-2.092765539121497764e-01,-2.040126904687430132e-01,-2.720899057151794365e-01,1.558738102685553462e-01,-1.273515349211314096e-01,4.215559229634925631e-02,1.046382769560748882e-01,-1.567540998257294788e-02,2.210241744492604798e-01,-1.356718352026453356e-01,1.304258456588766324e-01,2.701014343804459261e-01,-7.829661736449350373e-02,2.465346977076723622e-01,3.171991599267169892e-01,2.808972697618302705e-01,2.902408507976227958e-01,2.285848339961571163e-01,3.606416729970061130e-01,1.519773001474596652e-01,1.594083739219804285e-01,-5.705795611957639041e-02,7.984270968318513129e-02,-2.842396889941463112e-01,1.144957326064614117e-01,-1.827874346485544588e-01,1.665043120782876696e-01,6.437865856383216956e-01,3.228651861119800071e-01,5.074668215737968557e-01,1.570266767952097908e-01,1.011752089012020184e-01,2.480852585012735256e-01,2.460967871665400708e-01,-4.812547477545913582e-02,7.475758523615889939e-02,-2.157290316814871045e-01,1.114303588185352328e-01,2.704186960990214161e-01,3.482997452969301411e-01,1.923589079047321182e-01,-1.471066624960900848e-01,-8.436480629161267897e-02,-1.682827650922739948e-02,-1.844899235890790357e-01,-1.554761160016086552e-01,-1.433531435720988290e-01,-3.566200455784440670e-01,-2.757987398900755283e-01,6.317082979579069502e-02,2.979489700165333654e-01,1.855042673935385911e-01,3.178247464140488976e-01,1.443406765271013081e-01,4.406005630278386209e-01,-1.148844899235890726e-01,3.902676616470798776e-01,-1.335046248715313355e-01,2.276777335895258936e-01,-4.844228964654363478e-01,1.567138835515438644e-01,-5.511327583895616611e-01,-4.168372134590464517e-01,-6.176460074176683968e-01,-3.993833504624871300e-01,-2.437150900397694331e-01,-1.179185843871486672e-01,-4.007015505607935957e-01,-2.428571428571428548e-01,-5.069037937351982270e-01,-5.233790607265740302e-01,-5.157960588051297979e-01,-2.383037669243487089e-01,-5.294874659278787643e-01,-3.829482997452969273e-01,-4.369185397023995776e-01,-3.407658965994905809e-01,-3.662585459582644587e-01,-3.225657982930426049e-01,-5.420260065239733416e-02,-2.129317663881317435e-01,-2.637338576343893903e-01,-3.843156530676080096e-01,-3.228517806872514551e-01,2.758389561642611218e-02,-8.125474775459136378e-02,-3.655525269225613494e-01
3.988918182224406861e-01,0.000000000000000000e+00,1.507216586978864237e-01,4.342776710308771659e-01,-1.748916394834443000e-01,-1.869520532642209298e-01,-1.694356316189284672e-01,2.924840252021985165e-01,2.497966843916171464e-01,-1.961168953036328821e-01,1.630546494481433517e-01,2.854595826444434326e-01,-1.890522364716921977e-01,2.305822422807095873e-01,3.166942222619419933e-01,-2.116716564636489661e-01,-1.665355914026542816e-01,1.961481746279994665e-01,4.671656463648956592e-01,5.384959113454578228e-01,3.087358684480986382e-01,1.797801510344519405e-01,-1.766477501228830571e-01,-2.633719111667187987e-02,-1.226372938915947924e-01,-1.622637293891594779e-01,2.354081951829840591e-01,1.711157781849055037e-01,-2.539523660574645736e-01,-2.868760891907591939e-02,-5.917601322668573222e-02,-3.988113856740694435e-02,6.772420572858484089e-02,4.640064346038696996e-02,3.097099959783725792e-02,1.418517360025023377e-01,3.727154922025112671e-01,1.064480092944278117e-01,2.268331918316278673e-01,3.340184994861254003e-02,1.270521471021940074e-01,2.855042673935385689e-01,2.664104741051879013e-02,1.359756914964922458e-01,-3.694088207694713744e-02,-6.815317931989811617e-02,1.167925287099512988e-01,-4.124402341480852378e-03,-7.952097948970016095e-02,-2.638366325573082150e-01,1.966575807676839913e-02,-4.153670852138165448e-01,1.937575405514098126e-01,-3.764645426515930149e-01,2.967737611153313249e-01,-6.027525805442602441e-02,3.711336520845435194e-01,6.982930425845659261e-01,-1.847714375083783778e-02,6.759908843111846199e-02,6.347468608963760528e-02,-1.295098083024263935e-01,-9.023638232271326276e-02,3.040797175923857024e-02,-3.070467849323025855e-01,-2.717234907725993298e-01,-7.929755574422449327e-02,-3.094418874838017822e-02,3.322311095223200450e-01,1.015371553688726031e-01,2.243308458823003726e-01,4.005987756378748266e-02,-3.487197819384244002e-02,1.666741141248491865e-03,-7.786764377318021457e-02,7.660753384869743721e-02,9.290406184369275067e-02,-1.246078913266902011e-01,3.233030966531122985e-01,-1.816256311720809702e-01,4.497296572679744253e-01,-4.052013047946735613e-02,4.845882300370883411e-01,-1.808972697618302927e-01,3.072299924035926666e-01,-1.977523571205147546e-01,3.290004021627418451e-01,-2.383484516734438521e-02,2.382903614996201846e-01,-3.199740828455248098e-01,9.600071495598552773e-02,-4.310112158720229014e-01,7.750569730550962988e-02,-6.271683274498414118e-01,9.920907994101613170e-02,2.197819384244157348e-01,1.658474462665892046e-01,-3.750837839045533667e-02,1.081907145091380307e-01,-1.525626703606059176e-01,1.353992582331650096e-01,-6.764422002770454911e-01,-7.571383886679476649e-02,-5.934358103579248089e-01,1.750748469547343533e-01,-6.070870012064881749e-01,-9.267616962330756103e-03,-2.931230171142589214e-01,2.012332990750256845e-01,-1.172795924750882485e-01,1.277090129138924897e-02,5.868448098663926055e-02,1.011037133026498058e-01,1.033424192323160046e-01,-1.538361857098172469e-01,-2.110416015014075775e-01
1.491576924795567222e-02,1.507216586978864237e-01,0.000000000000000000e+00,3.300236829170204444e-01,1.200857947182626534e-01,-5.299611242682872314e-01,2.391036239331516267e-01,2.897850663568524165e-01,4.847625005585593505e-01,-3.875374234773671933e-01,-2.256445775056973024e-01,1.296304571249832505e-01,9.218016890835158128e-02,3.973859421779346590e-01,3.340899950846776267e-01,-3.774565440815049744e-01,5.156620045578443751e-02,3.105232584119040351e-01,1.753787032485812636e-01,3.747129004870637381e-01,1.392063988560704180e-01,1.040171589436525296e-01,2.695607489163948101e-01,4.980204656150855613e-01,1.806157558425309367e-02,-1.555520800750703758e-01,-4.025246883238750573e-01,-3.946422985834934782e-01,-6.568658116984673039e-04,5.153536797890879706e-01,5.720005362169890972e-01,6.542875016756780626e-01,3.627820724786630091e-01,3.823003708834175063e-01,4.476875642343268180e-01,5.472273113186469917e-01,2.461370034407256713e-01,2.246838554001519273e-01,3.729836006970820711e-02,-2.934045310335582357e-01,1.511774431386567752e-01,3.070557218821216572e-01,-3.428660798069618765e-02,1.320657759506680407e-01,2.931319540640779306e-02,5.052951427677733476e-02,-8.423075204432726310e-03,-3.984985924304035310e-02,4.550248000357477729e-02,3.505071719022297833e-02,1.852763751731534014e-01,-1.343983198534340340e-01,3.823673980070602108e-02,-3.858394030117520690e-01,4.247285401492470469e-02,-1.503954600294919453e-01,7.653156977523571658e-02,1.261539836453818286e-01,-1.462129675141874141e-01,-3.272085437240269679e-01,5.139773895169578166e-01,-9.529022744537289646e-02,1.163144018946333652e-01,8.143795522588140323e-02,2.260199293980964252e-01,1.296751418740783694e-02,2.270878949014701331e-01,2.703114527011930557e-01,1.169623307565128001e-01,4.361097457437776437e-01,3.800035747799276331e-01,5.282943831270386914e-01,1.748603601590777157e-01,5.080879395862192283e-01,2.058492336565530267e-01,2.134590464274543076e-01,4.370928102238705870e-01,3.434603869699271450e-01,2.639617498547745522e-01,-2.328969122838375205e-01,3.646588319406586787e-01,1.366325573081907108e-01,4.209303364761606513e-03,-3.788507082532731607e-01,2.048125474775459032e-01,-3.471960319942803408e-01,-5.391214978327896895e-02,-7.385942177934670672e-02,1.809419545109254290e-01,-4.540596094552928896e-01,5.021091201572903673e-01,1.476607533848697529e-01,3.394700388757317389e-01,-1.986237097278698849e-01,1.952455426962777518e-01,2.652397336788954174e-01,3.202779391393717479e-01,2.473658340408418643e-01,2.556727288976272661e-01,2.528933375039099096e-01,2.685508735868448182e-01,-4.102998346664283313e-01,8.554895214263372183e-02,-1.726708074534161474e-01,4.000491532240046388e-01,-1.626212073819205406e-01,1.942446043165467762e-01,1.084543545287993266e-01,3.051029983466642670e-01,1.292461682827650837e-01,8.242101970597434657e-02,-9.298896286697350827e-03,4.762858036552125029e-01,2.643773180213593310e-01,-3.519326153983645122e-01,-2.910764556057017852e-02
-9.575494883596229190e-02,4.342776710308771659e-01,3.300236829170204444e-01,0.000000000000000000e+00,-1.133652084543545352e-01,-3.891728852942490935e-01,-5.693730729701952653e-02,5.771437508378390868e-01,4.515885428303320070e-01,-4.651280218061575322e-01,-1.716698690736851440e-01,5.038205460476339465e-02,-2.886634791545645284e-01,1.848831493811162185e-01,1.587246972608248874e-01,-5.255418025827784945e-01,-4.518432459001742729e-01,-2.836587872559095599e-02,3.375843424639170531e-01,4.357522677510165532e-01,2.018856964118146413e-01,1.368247017292997803e-01,1.174136467223736574e-01,4.144733902319138741e-01,1.132981813307118307e-01,-1.551990705572188212e-01,5.759864158362750820e-03,-1.369140712274900529e-01,-3.818624603422851593e-01,1.852853121229724176e-01,2.456320657759506754e-01,3.050180973233835302e-01,2.329415970329326568e-02,8.258635327762633982e-02,5.555654854997989223e-02,1.645113722686447066e-01,3.514947048572322208e-01,8.030743107377452672e-02,3.045355020331561025e-01,-1.339872201617587910e-01,6.066848384646320036e-02,3.804861700701550609e-01,-1.472317797935564498e-01,-7.234460878502167736e-02,-1.117029357880155449e-01,-2.074936324232539431e-01,-4.922025112828991300e-02,-1.706912730685017088e-01,-1.380177845301398531e-01,-3.090218508423075439e-01,1.326109298896286648e-01,-3.720988426649984304e-01,4.109969167523124245e-01,-4.006523973367889790e-01,3.580320836498502857e-01,-2.142186871620715971e-01,-1.734706644622190375e-01,2.334331292729791354e-02,-3.619375307207650105e-01,-2.052013047946735780e-01,2.937620090263193262e-01,-1.937754144510478449e-01,-2.428884221815094391e-01,-2.387014611912953999e-01,-3.730104115465391890e-01,-2.894990839626435664e-01,-3.506859108986102869e-01,-3.141471915635193901e-01,1.530631395504714332e-01,-8.979847178158094356e-02,4.863219983019795301e-01,3.316502077840832730e-01,8.982975110594754176e-02,2.778631752982707037e-01,-1.199785513204343346e-02,2.028687608919075777e-02,3.368425756289378237e-01,6.872514410831583043e-02,4.024129764511372165e-01,-2.741454041735555403e-01,3.365387193350909412e-01,-3.904732114929174713e-01,-3.468430224764287861e-02,-6.532508154966709668e-01,3.845614191876312593e-01,-5.006121810626033009e-01,1.316233969346262134e-01,-4.435006032441127788e-01,5.017739845390768449e-01,-4.724652576075785149e-01,3.913758434246391582e-01,-1.214442110907547195e-01,4.724429152330309467e-01,-3.880557665668707412e-01,2.567228205013628584e-01,1.375664685642790097e-01,3.999731891505429182e-01,1.557755038205460574e-01,2.979489700165333654e-01,2.107422136824701753e-01,3.477724652576075770e-01,-5.771348138880200151e-01,1.287903838419947322e-01,-4.028419500424504918e-01,3.839224272755708545e-01,-4.326734885383618501e-01,1.372313329460655151e-01,-1.698154519862370981e-01,1.575003351356182024e-01,8.207247866303231387e-02,4.516242906296081272e-01,1.778229590240850699e-01,3.339604093123016981e-01,2.784172661870503718e-01,5.344742839268957352e-02,-2.360695294695920252e-02
6.057464587336341966e-02,-1.748916394834443000e-01,1.200857947182626534e-01,-1.133652084543545352e-01,0.000000000000000000e+00,5.183430895035524150e-03,1.258635327762634704e-01,-2.157737164305822408e-01,2.620090263193172175e-01,3.111577818490549041e-01,-1.384065418472675280e-01,-4.269627776040037237e-02,9.926270163993029805e-02,-1.371374949729657275e-02,-1.595692390187228998e-02,2.846463202109120183e-01,4.554716475266991360e-02,-2.277224183386210299e-01,1.365923410340050825e-01,-8.394476965011841985e-02,4.180168908351579726e-01,3.075070378479825006e-01,-4.115912239152777485e-02,-9.754680727467715529e-02,1.717771124715134767e-01,1.159033022029581361e-01,2.197417221502301343e-01,1.900308324768756330e-01,2.300281513919299470e-01,5.135618213503731488e-02,2.820992895124894151e-01,1.717011483980517561e-01,-9.409267616962330161e-02,-3.227579427141516466e-02,1.754948835962286124e-01,1.513740560346753528e-01,3.926895750480360880e-02,4.627776040037535066e-01,-8.749273872827204729e-03,1.222217257250100553e-01,8.082130568836856654e-02,2.995174047097725611e-01,-1.860538898074087233e-01,-1.492470619777470087e-01,-4.100272576969480470e-02,-1.255641449573260682e-01,-2.857768443630189226e-01,-1.875329550024576741e-01,-2.126681263684704337e-01,-1.137897135707583024e-01,-3.358416372492068480e-01,-1.387282720407524983e-01,-3.726976183028732348e-01,-9.924482774029224491e-03,-3.346887707225523756e-01,6.255864873318736641e-04,6.832744984136913946e-02,-6.872514410831582869e-03,1.226462308414138225e-01,3.631976406452477879e-02,-4.259797131239108359e-02,2.134947942267304277e-01,-4.645426515930112937e-02,3.908128155860404740e-02,3.987667009249742933e-02,2.704767862728450767e-02,6.379641628312257562e-02,2.689575048036105254e-02,2.072925510523258297e-01,-2.842843737432414197e-02,3.298002591715447629e-01,3.984449707314893230e-01,4.155234818356494664e-01,1.878457482461236006e-01,-2.215916707627686721e-02,1.052504580186782307e-01,1.824388936056124122e-01,2.771214084632914743e-01,-4.505116403771392691e-02,4.038205460476339548e-01,-2.282273560033960536e-01,1.934581527324724104e-01,-3.086822467491844857e-01,2.035211582286965415e-01,-1.725903749050449187e-01,1.178738996380535309e-01,-1.257875687028017254e-02,3.988828812726216699e-01,-1.659949059386031656e-01,2.073551097010590261e-01,-6.517717503016220992e-02,2.789490147012824717e-01,-1.096787166540059838e-01,2.500692613610974724e-01,2.593636891728852700e-01,2.796595022118950613e-01,7.055275034630680009e-02,2.098574556503865207e-01,3.584163724920684524e-02,1.768845792930872629e-01,-1.481925018991018250e-01,9.049555386746503671e-02,-1.380803431788730495e-01,1.279994637830108584e-01,-7.515527950310559036e-02,1.573394700388757450e-01,1.541266365789356052e-01,2.565530184548013848e-01,1.339246615130255946e-01,2.010143438044595388e-01,-3.351356182135037387e-02,8.603154743286116346e-02,2.542562223513114908e-02,-1.576567317574511795e-01,-2.607891326690200406e-01,-1.921444211090754701e-03
3.047857366280888325e-01,-1.869520532642209298e-01,-5.299611242682872314e-01,-3.891728852942490935e-01,5.183430895035524150e-03,0.000000000000000000e+00,2.926672326734885421e-01,-2.643728495464497952e-01,-2.581303900978595967e-01,7.298628178202779537e-01,3.741051878993699176e-01,1.745967201394164059e-01,1.553018454801376180e-01,-4.011483980517449588e-01,-1.558291255194602098e-01,6.763483623039456827e-01,2.092274006881451320e-01,-2.569953974708432121e-01,3.652084543545287831e-02,-6.044059162607801766e-02,-3.366861790071049021e-01,-2.534250860181420095e-01,8.331024621296750921e-02,-2.687564234326824120e-01,4.066759015148129763e-01,6.264220921399525910e-01,6.026676795209794379e-01,6.870414227624112025e-01,2.848831493811162519e-01,-2.407078064256669148e-01,-3.447562446936860425e-01,-4.146208499039277795e-01,4.541311050538451161e-02,-2.922382590821752391e-02,-1.044818803342419250e-01,-2.422494302694490342e-01,-6.316814871084498462e-01,-4.195808570534876325e-01,-3.993118548639349452e-01,-6.656240225211135231e-02,-3.488046829617051925e-01,-5.979579069663524260e-01,8.457035613745028657e-02,-1.501273515349211274e-01,2.097680861521962481e-01,6.514142723088610365e-02,-4.231645739309173801e-03,7.483354930962062002e-02,2.983600697082085945e-02,1.318646945797399272e-01,-2.689798471781580935e-01,2.890298940971446351e-01,-3.787792126547209204e-01,3.658072299924036153e-01,-4.686268376603065500e-01,-1.142901827606238041e-01,8.440949104070780140e-02,-8.900755172259708359e-02,4.390857500335135777e-01,4.032932660083113907e-01,-2.389740381607757119e-02,6.243487197819383994e-01,2.636132088118325334e-01,1.931185486393493800e-01,4.489029894097144868e-02,2.059520085794718236e-01,1.921444211090754875e-02,3.686491800348540987e-02,-1.580365521247598104e-01,-3.967112024665981479e-02,-3.854327717949863619e-01,-4.523124357656731487e-01,-1.596362661423656182e-01,-3.148219312748559151e-01,9.199696143706152796e-02,-1.077617409178247415e-01,-4.936771080030385450e-01,-3.440234148085258292e-01,-1.760757853344653567e-01,4.133428660798069698e-01,-2.126145046695562812e-01,1.319049108539255555e-01,-1.694758478931140677e-01,4.450556325126234225e-01,-4.086733097993655028e-01,3.207426605299611433e-01,-2.215872022878591641e-01,-4.579739934760266445e-02,-5.476696903346888190e-01,3.944724965369319492e-01,-6.565574869297109428e-01,-1.063497028464185229e-02,-6.236650431207828582e-01,1.544975199964252199e-01,-4.904732114929174491e-01,-4.454175789802940488e-01,-5.846195093614549032e-01,-4.269583091290942156e-01,-5.551141695339381066e-01,-4.181420081326243099e-01,-6.411189061173421244e-01,3.705661557710353549e-01,-4.746860896376066674e-01,1.022387059296661974e-02,-6.982617632601992863e-01,1.194155234818356504e-01,-5.447026229947719012e-01,-3.283167255015863040e-01,-3.997318915054292043e-01,-2.675052504580186508e-01,-2.940569283703471926e-01,-2.719066982438893554e-01,-5.465302292327628431e-01,-9.304258456588766768e-02,2.950936145493542884e-01,-9.646543634657490929e-02
2.957638857857813330e-01,-1.694356316189284672e-01,2.391036239331516267e-01,-5.693730729701952653e-02,1.258635327762634704e-01,2.926672326734885421e-01,0.000000000000000000e+00,-3.921086733097993438e-02,-6.144599848071852916e-02,2.472719960677420836e-01,5.197059743509540031e-01,2.806023504178024042e-01,5.699003530095178016e-01,4.915769247955673049e-02,-9.513383082353991937e-02,2.158988337280486058e-01,4.869833325885875031e-01,-1.035569060279726561e-01,1.645471200679208268e-01,1.775012288306001274e-01,-4.044550694847848238e-01,-4.264220921399526354e-01,1.381026855534206177e-01,2.781178783681129488e-02,1.856383216408240000e-01,2.433576120470083426e-01,7.402922382590822192e-02,4.633361633674427243e-02,6.574601188614326297e-01,1.554001519281469346e-01,1.352071138120559401e-01,6.809955762098396370e-02,5.312033602931319765e-01,3.735600339604093212e-01,2.183609634031905000e-01,2.424549801152866557e-01,-4.346172751240001686e-01,1.140935698646052127e-01,-4.095491308816300857e-01,-3.819160820411993118e-01,-5.192814692345502220e-02,-3.503597122302158362e-01,1.354930962062647903e-01,1.585638321640824022e-01,3.439831985343402287e-01,3.144778587068233766e-01,1.651548326556146265e-02,1.992224853657446615e-01,1.645783993922874111e-01,2.963671298985656177e-01,-5.565932347289870297e-02,3.489655480584476499e-01,-4.149157692479556458e-01,1.703606059251977223e-01,-5.335448411457169859e-01,-1.703293266008311380e-01,2.225300504937664792e-01,-2.168640243085035169e-01,3.813664596273291796e-01,-2.838822110013852415e-02,5.509763617677286840e-01,5.367219268063809778e-01,5.759283256624514458e-01,2.225568613432235554e-01,3.426471245363957308e-01,1.629250636757674509e-01,3.052191786943116436e-01,3.352652039858796118e-01,-8.575003351356182135e-02,3.289333750390991407e-01,-1.141248491889718109e-01,5.552526922561330097e-02,6.008311363331694799e-02,1.480807900263640120e-01,1.749676035569060206e-01,-1.997408284552482094e-02,-2.969882479109879903e-01,-1.324858125921622998e-01,1.821126949372179338e-01,3.469860136735332112e-01,1.765717860494213365e-01,4.712408954823718576e-01,-2.846820680101881385e-01,1.970508065597211533e-01,-3.539970508065597432e-01,2.116716564636489661e-01,-5.171812860270789125e-01,-1.825014522543455808e-01,-5.565619554046203898e-01,3.196300102774923130e-02,-3.400911568881540559e-01,-3.293712855802314460e-02,-4.674784396085616134e-01,-7.773358952589480564e-02,-2.855042673935385689e-01,-3.153938960632736155e-01,-4.423119889181822417e-01,-2.383171723490772609e-01,-4.476562849099602337e-01,-2.901604182492515394e-01,-4.190267661647079644e-01,5.745118191161356636e-02,-3.567764422002770441e-01,-3.047053040797175968e-02,-3.185665132490281271e-01,-5.512757495866661001e-02,-3.148398051744939474e-01,-1.837704991286474021e-01,-1.477099066088743973e-01,-3.836632557308190805e-02,-2.930693954153447689e-01,-4.659368157647794662e-01,-2.789847625005585363e-01,8.217078511104160266e-02,-8.115197283167255304e-02,-3.272264176236650696e-02
-4.159077706778676609e-01,2.924840252021985165e-01,2.897850663568524165e-01,5.771437508378390868e-01,-2.157737164305822408e-01,-2.643728495464497952e-01,-3.921086733097993438e-02,0.000000000000000000e+00,3.921935743330801083e-01,-5.798739890075517156e-01,-1.233388444523883937e-01,3.032887975334018771e-01,-1.429509808302426299e-01,4.883015326868939687e-01,2.322757942714151758e-01,-6.293534116805934442e-01,-8.465972563564055919e-02,4.880066133428661024e-01,-4.728986996738013260e-02,3.359131328477590328e-01,-2.586353277626346134e-02,-1.699092899593368788e-01,1.335895258948121000e-01,5.145672282050136603e-01,6.181688189820814389e-02,-2.075740649716251718e-01,-3.307341704276330341e-01,-4.088341748961079603e-01,-3.415702220832029790e-01,5.306403324545332367e-01,3.833862102864292187e-01,5.614683408552660904e-01,3.331113990794941637e-01,5.906787613387550762e-01,3.992224853657446726e-01,4.316010545600786341e-01,1.666204924259350184e-01,-2.131864694579739816e-01,1.421243129719826637e-01,-5.125564144957326373e-01,-1.004691898654989091e-01,6.162920595200858248e-02,-1.975378703248581169e-01,-2.167031592117610317e-01,-2.354484114571696596e-01,-3.061084052013047785e-01,-1.112426828723356714e-01,-3.145270119308279932e-01,-2.335090933464408491e-01,-3.198221546986013686e-01,1.521560391438402104e-01,-2.774654810313240128e-01,3.655748692971089175e-01,-4.993788819875776275e-01,2.501586308592877450e-01,-4.833057777380579956e-01,-1.680012511729746527e-01,2.178381518387774093e-02,-6.038205460476339104e-01,-3.007060190357030982e-01,4.168193395594083639e-01,-1.983109164842039585e-02,1.144376424326377407e-02,1.986281782027793930e-01,-1.346306805487287317e-01,1.789802940256490504e-01,-7.744760713168595545e-02,-1.063854506456946292e-01,-1.924438089280128827e-01,3.960409312301711726e-02,3.444345145002010722e-01,1.157826533804012653e-01,-1.468340855266097623e-02,3.823361186826935709e-01,2.495196389472273124e-01,3.116180347647348192e-01,5.362884847401582222e-01,2.814513606506099386e-01,4.710800303856294002e-01,-3.478484293310692976e-01,3.552437553063139686e-01,-1.811206935073059465e-01,9.840922293221324169e-02,-7.687251441083158277e-01,2.664194110550069383e-01,-7.381965235265204317e-01,7.094597613834398298e-02,-5.089369498190268182e-01,5.533312480450421900e-01,-7.301175208901201641e-01,6.164261137673712199e-01,3.731176549443675217e-02,6.251172974663746773e-01,-3.180839179588006438e-01,1.542651593011305222e-01,1.478171500067027196e-02,4.279547790339157110e-01,1.000402162741856199e-01,4.388623262880378961e-01,3.269270298047276535e-01,5.144376424326377872e-01,-4.356494928280977841e-01,3.312525135171365820e-01,-2.022833906787613323e-01,5.166361320881183161e-01,-2.639528129049555361e-01,1.209392734259797098e-01,-1.781312837928415160e-01,1.602395102551499306e-01,-1.353501050091603652e-01,2.427007462353098777e-01,1.791679699718486118e-01,3.690513427767103116e-01,2.630546494481433295e-01,-5.880512980919612095e-03,7.737164305822423482e-02
-8.126815317931990190e-02,2.497966843916171464e-01,4.847625005585593505e-01,4.515885428303320070e-01,2.620090263193172175e-01,-2.581303900978595967e-01,-6.144599848071852916e-02,3.921935743330801083e-01,0.000000000000000000e+00,-1.253362527369408785e-01,-3.143750837839045520e-01,-4.068099557620984130e-02,-1.920148353366995797e-01,1.711917422583672244e-01,5.016086509674247962e-01,-2.058671075561910591e-01,-4.122838375262523058e-01,5.503373698556682930e-02,1.588185352339246681e-01,3.228115644130657991e-01,3.222887528486527708e-01,4.085571294517181262e-01,-7.099512936234862737e-02,2.610348987890432904e-01,1.282541668528531242e-01,-9.814558291255194578e-02,1.086688413244559642e-01,5.397023995710264338e-02,-3.368157647794807752e-01,3.789668886009204818e-01,4.033960409312301598e-01,4.595915813932704985e-01,-7.850663568524063329e-02,1.372670807453416075e-01,1.393762009026319193e-01,1.988605388980740907e-01,2.621207381920550583e-01,1.902676616470798387e-02,3.690111265025247111e-01,-9.610795835381384655e-02,-7.956566423879529726e-02,2.807229992403592611e-01,-4.344608785021671915e-01,-3.102730238169712496e-01,-3.559721167165646460e-01,-4.321551454488583022e-01,-3.506635685240627187e-01,-4.378345770588498165e-01,-4.024442557755038008e-01,-4.174583314714687687e-01,-1.754278564725859080e-01,-4.587783189597390288e-01,8.953036328701013957e-02,-6.244336208052191362e-01,1.987622324500648019e-01,-2.900353009517851466e-01,-1.951785155726350474e-01,1.121631887036954323e-01,-2.609991509897671702e-01,-1.271325796505652639e-01,3.277760400375351879e-01,-3.954600294919344283e-02,-3.332946065507842448e-01,1.126860002681084882e-01,-2.839581750748469413e-01,-1.326466776889047849e-01,-2.104919790875374175e-01,-2.016488672416104355e-01,2.368112963045712616e-01,1.452522454086420389e-01,5.052057732695830472e-01,4.374681621162697098e-01,1.156664730327539165e-01,3.545645471200679077e-01,1.132490281067071863e-01,2.566513249028106736e-01,5.830778855176728115e-01,3.521917869431163139e-01,4.090173823673979858e-01,-9.592921935743330131e-02,2.826086956521738913e-01,-1.785021672103311030e-01,6.464989499083963198e-02,-4.281826712543009283e-01,2.667366727735823728e-01,-5.487287188882434830e-01,3.460610393672639562e-01,-8.522722194914875149e-02,5.086062826757227207e-01,-3.420483488985209264e-01,4.121989365029715136e-01,2.502345949327494656e-02,3.970150587604450720e-01,-3.561910719871307918e-01,4.399571026408686802e-01,3.799901693551990811e-01,5.054470709146967611e-01,3.683453237410072023e-01,4.809151436614683139e-01,4.293400062558648811e-01,4.452790562580991041e-01,-4.395817507484695574e-01,2.678091067518655888e-01,-1.256401090307877888e-01,5.069484784842933633e-01,-2.405424728540149215e-01,3.379909736806827603e-01,1.698154519862370981e-01,3.957728227356003270e-01,1.072344608785021636e-01,2.798158988337280384e-01,3.391214978327896645e-01,4.538719335090933282e-01,1.770722552392868243e-01,-2.257786317529827114e-01,1.004870637651369553e-01
4.089905715179409373e-01,-1.961168953036328821e-01,-3.875374234773671933e-01,-4.651280218061575322e-01,3.111577818490549041e-01,7.298628178202779537e-01,2.472719960677420836e-01,-5.798739890075517156e-01,-1.253362527369408785e-01,0.000000000000000000e+00,1.826489119263595418e-01,4.687877027570490351e-02,1.164037713928236240e-01,-3.709549130881630297e-01,-7.755038205460476619e-02,9.220966084275437069e-01,1.229009339112560883e-01,-5.316770186335403325e-01,2.122614951517047266e-01,-8.416819339559408752e-02,-7.089235443942981663e-02,1.363242325394342924e-01,-5.012735153492112877e-02,-4.471021940211805656e-01,1.804102059966933291e-01,4.425264757138388516e-01,6.105232584119040240e-01,7.245229903034094976e-01,3.523437150900397552e-01,-3.996648643817864999e-01,-3.365521247598194932e-01,-4.364046650878055100e-01,-2.066937754144510531e-01,-3.409669779704186943e-01,-3.102372760176951849e-01,-3.851467894007775117e-01,-4.831761919656821225e-01,-1.245766120023236029e-01,-2.517315340274364210e-01,3.068948567853791443e-01,-2.090263193172170464e-01,-3.078600473658340553e-01,-4.780821305688368744e-02,-1.228026274632467996e-01,9.465570400822199970e-02,2.142186871620715971e-02,-1.674114124849188923e-01,9.218463738326109977e-03,9.115688815407300971e-03,1.159435184771437505e-01,-3.515349211314178213e-01,2.655614638723803322e-01,-5.289289065641896714e-01,4.273917511953170267e-01,-4.636534250860181450e-01,1.492649358773850410e-01,1.192099736359980289e-01,-2.753027391751195277e-02,6.187095044461324855e-01,4.191429465123553411e-01,-1.714106975289333701e-01,5.793690513427767197e-01,7.992761070646588195e-02,1.039992850440144834e-01,-3.923767818043701755e-02,-3.260646141471915810e-02,-3.646275526162920388e-02,-3.315608382858930420e-02,9.263148487421242472e-02,-4.628893158764913612e-02,-3.465838509316770399e-01,-1.306537378792617943e-01,-2.563117208096876709e-02,-3.601367353322311171e-01,-1.737789892309754558e-02,-2.118012422360248392e-01,-4.847133473345547339e-01,-3.163233388444524063e-01,-3.279681844586442852e-01,6.135528844005541105e-01,-3.554358997274230103e-01,1.768577684436301867e-01,-1.637204522096608328e-01,6.865275481478171349e-01,-4.764645426515929927e-01,5.488493677108002844e-01,-7.666562402252111164e-02,2.956298315384959241e-01,-5.889449930738639427e-01,7.200366414942580562e-01,-7.352786094106081860e-01,1.028330130926314867e-01,-6.794003306671433373e-01,3.313418830153268546e-01,-2.259439653246347046e-01,-8.350685910898610065e-02,-5.335582465704454824e-01,-2.274006881451360595e-01,-5.084454175789803188e-01,-2.926985119978551264e-01,-6.418472675275928019e-01,4.446936860449528517e-01,-4.733812949640287537e-01,9.508467759953527498e-02,-6.693283882211001901e-01,2.276107064658831891e-01,-3.100317261718575357e-01,4.195897940033066660e-03,-2.156485991331158758e-01,-4.393404531033558158e-02,-4.002368291702042002e-01,-1.705572188212163276e-01,-4.470664462219044455e-01,-2.067563340631842217e-01,1.304705304079717687e-01,-6.389919120604137248e-02
5.372536753206130777e-01,1.630546494481433517e-01,-2.256445775056973024e-01,-1.716698690736851440e-01,-1.384065418472675280e-01,3.741051878993699176e-01,5.197059743509540031e-01,-1.233388444523883937e-01,-3.143750837839045520e-01,1.826489119263595418e-01,0.000000000000000000e+00,4.156262567585682910e-01,6.082488046829617190e-01,9.365923410340050090e-03,-4.699048214844273735e-02,1.387193350909334544e-01,4.862013494794226731e-01,4.850976361767728867e-02,1.925733947003887558e-01,2.175387640198400419e-01,-3.156664730327539137e-01,-5.121899995531524752e-01,2.905849233656553066e-02,-2.048885115510076516e-01,1.706912730685017088e-01,3.231243576567317533e-01,2.720139416417176603e-01,2.366906474820143769e-01,5.715939050002234456e-01,-1.887930649269404376e-02,-1.774654810313240072e-01,-2.921354841592564422e-01,4.075606595468966309e-01,1.807364046650878076e-01,8.841324455963180118e-02,8.522275347423924341e-02,-2.760713168595558265e-01,6.202243174404575843e-02,-2.979445015416238296e-01,-2.703516689753787117e-01,1.614638723803565878e-01,-3.691004960007149283e-01,3.185128915501139191e-01,2.855891684168193612e-01,3.837794360784664294e-01,3.613566289825282385e-01,3.071450913803118743e-01,4.319495956030207084e-01,1.398051744939452223e-01,2.313240091156888167e-01,-6.759461995620894004e-02,2.640555878278743607e-01,-2.278251932615398268e-01,2.529112114035479419e-01,-2.586576701371821607e-01,4.821484427364940151e-02,4.305643683810715383e-01,2.866526654452835124e-02,2.291925465838509368e-01,-2.208320300281513965e-02,1.596586085169131863e-01,2.379418204566781381e-01,5.656821126949371781e-01,9.499530810134501624e-02,2.912596630769918038e-01,5.636087403369230420e-02,1.735913132847758944e-01,2.947003887573171332e-01,-9.340899950846776045e-02,7.591492023772286601e-02,-2.223155636981098415e-01,-3.527950310559005986e-01,-1.156173198087492721e-01,-7.570043344206622837e-02,-4.839358327002993461e-03,-3.123910809240806191e-02,-4.388936056124044804e-01,-3.039411948701907784e-01,2.531256981992046073e-01,3.002234237454756705e-01,3.705035971223021307e-01,5.673443853612761822e-01,8.923544394298225935e-02,2.786719692568926376e-01,-8.146476607533849335e-02,3.747352428616113063e-01,-4.436793422404933240e-01,-1.684525671388355239e-01,-4.853523392466151387e-01,8.982528263103801980e-02,-4.439474507350641419e-01,-2.854104294204388159e-01,-5.363063586397962546e-01,-3.309218463738325955e-01,-4.152732472407167363e-01,-4.105277268868135487e-01,-5.584074355422494751e-01,-4.459403905447070771e-01,-5.294204388042360598e-01,-5.945171812860270411e-01,-4.807453416149068404e-01,-1.268063809821707855e-01,-4.780419142946512601e-01,-3.108539255552080216e-01,-4.017337682648912112e-01,-2.986728629518745071e-01,-4.930828008400732765e-01,-4.718396711202466620e-01,-2.911702935788015312e-01,-2.591134545779525400e-01,-3.446177219714911533e-01,-4.864113678001698027e-01,-4.192680638098217338e-01,6.401537155368872134e-02,1.154877340363733851e-01,-2.667679520979489571e-01
2.263595334912194557e-01,2.854595826444434326e-01,1.296304571249832505e-01,5.038205460476339465e-02,-4.269627776040037237e-02,1.745967201394164059e-01,2.806023504178024042e-01,3.032887975334018771e-01,-4.068099557620984130e-02,4.687877027570490351e-02,4.156262567585682910e-01,0.000000000000000000e+00,2.397023995710264033e-01,5.222083203002815255e-01,5.252692256132981963e-02,-5.326422092139952713e-03,3.080834711113097368e-01,3.568300638991911966e-01,9.142946512355333566e-02,3.363331694892532919e-01,-1.010634970284641915e-01,-2.503552437553063226e-01,1.776486885026140605e-01,7.032485812592162433e-02,2.302292327628580326e-01,2.735689709102283595e-01,6.288931587649135291e-02,8.974485008266679109e-02,3.102640868671522334e-01,3.367621430805666227e-01,1.274051566200455898e-01,2.007819831091648410e-01,5.788775191027302203e-01,4.427052147102193969e-01,3.361186826935966820e-01,3.447428392689574905e-01,-2.039143840207337244e-01,-3.544394298226015427e-02,-3.433710174717368724e-01,-3.074712900487063805e-01,1.258545958264444264e-01,-4.594932749452611959e-02,4.012243621252066517e-02,1.256579829304258489e-01,9.145627597301041189e-02,1.131417847088788536e-01,6.472585906430135261e-02,1.141874078377049934e-01,2.690021895527056756e-02,1.153492113141784681e-01,1.742839268957504795e-01,1.354126636578935616e-01,-7.715715626256758330e-02,-5.398364538183118150e-02,-1.382992984494391953e-01,-8.212163188703695826e-02,2.344742839268957602e-01,3.133786138790830567e-01,3.569417757719290513e-02,5.440368202332544062e-02,4.700790920058983691e-01,3.462799946378301019e-01,5.212341927700075983e-01,4.613119442334331355e-01,1.760042897359131442e-01,1.127574958666607147e-01,1.487868090620671213e-01,2.963403190491085137e-01,-2.125832253451896969e-01,2.099021403994816570e-01,3.887573171276643437e-04,-3.380401269046874602e-02,1.808615219625541726e-01,2.297555744224496210e-01,2.622771348138880354e-01,3.122927744760713442e-01,-4.363018901648867132e-02,-4.353188256847937559e-02,2.474909513383082293e-01,8.517806872514410710e-02,3.138254613700344198e-01,3.849814558291255184e-01,-1.118682693596675520e-01,-5.523481835649492883e-02,-8.872156932838821952e-02,-2.800393225792037130e-02,-3.718262656955181322e-01,-1.895169578622815931e-01,-2.373385763438938256e-01,-2.406586532016622704e-01,2.415210688591983706e-02,1.473703025157513738e-02,-1.100764109209526748e-01,-2.202645337146431903e-01,-2.785870682336118453e-01,-1.412395549398990091e-01,-1.559631797667456188e-01,-2.555610170248894253e-01,-1.699495062335225071e-01,-2.048080790026363951e-01,-1.490593860315474195e-01,-2.892577863175298525e-01,-2.548192501899101958e-01,-3.165378256401090162e-01,-9.150542919701505629e-02,-2.021582733812949673e-01,-2.573305330890566789e-01,-3.431565306760802625e-01,-1.175253585951114843e-01,-1.943384422896465569e-01,-2.558246570445507073e-01,-2.305509629563430030e-01,6.460074176683497371e-02,2.682157379686312959e-01,9.156351937083873072e-02,-7.374770990660887982e-02
2.331650207784083384e-01,-1.890522364716921977e-01,9.218016890835158128e-02,-2.886634791545645284e-01,9.926270163993029805e-02,1.553018454801376180e-01,5.699003530095178016e-01,-1.429509808302426299e-01,-1.920148353366995797e-01,1.164037713928236240e-01,6.082488046829617190e-01,2.397023995710264033e-01,0.000000000000000000e+00,1.623352249877116904e-01,1.926538272487599845e-01,1.231467000312793242e-01,5.388399839134903058e-01,5.899727423030519391e-02,9.908843111845927476e-02,7.909647437329639375e-02,-3.485321059922248388e-01,-3.945261182358461016e-01,2.074846954734349269e-01,-5.372000536216989253e-02,7.712587693820098511e-02,1.762545243308458742e-01,-2.190893248134411636e-02,-3.538585280843647984e-02,6.764645426515930593e-01,2.097814915769248001e-01,4.131998748827025308e-02,-5.060100987532954731e-02,4.798829259573707540e-01,2.305643683810715272e-01,2.219134009562536425e-01,1.801644398766700794e-01,-2.986907368515125949e-01,1.972608248804682829e-01,-3.220072389293534010e-01,-2.784619509361455081e-01,1.049376647750122904e-01,-2.147146878770275769e-01,3.444613253496581762e-01,2.917646007417668552e-01,4.157200947316680995e-01,3.564144957326064733e-01,1.503820546047633933e-01,3.032709236337637893e-01,1.543813396487778711e-01,2.641047410518789773e-01,-5.612404486348809146e-02,3.374770990660887482e-01,-3.046918986549890795e-01,2.622011707404263148e-01,-4.372894231198891646e-01,-8.862326288037893074e-02,3.218463738326109436e-01,-1.001653335716519988e-01,9.697484248625944103e-02,-2.230171142589034428e-01,2.137092810223870654e-01,1.776486885026140605e-01,6.085660664015372090e-01,5.294695920282407875e-02,5.364270074623530560e-01,4.179811430358818664e-02,2.499486125385405877e-01,3.521828499932972978e-01,-1.118682693596675520e-01,1.850842307520443319e-01,-8.475803208364984798e-02,-7.093257071361544486e-02,1.913356271504535466e-01,2.329460655078421649e-01,2.110460699763170855e-01,1.262210107690245331e-01,-1.705706242459448518e-01,4.839358327002993461e-03,2.819965145895705905e-01,4.749184503329013651e-01,3.145136065060994413e-01,6.659680950891461171e-01,-7.093703918852495294e-02,2.639260020554984321e-01,-1.011081817775593139e-01,3.460163546181688199e-01,-5.162205639215335928e-01,-8.096429688547299164e-02,-4.871799454846060806e-01,8.374815675409982840e-02,-2.057553956834532460e-01,4.691898654989052481e-04,-3.306582063541713135e-01,-6.101702488940524693e-02,-2.974574377764868660e-01,-3.814826399749765562e-01,-4.150453550203315745e-01,-2.533312480450422011e-01,-4.749586666070870211e-01,-3.918360963403190733e-01,-4.044416640600563273e-01,-1.958532552839715654e-02,-4.185218284999329685e-01,-1.630189016488672316e-01,-3.146968139773895223e-01,-7.403369230081773000e-02,-4.051476830957594366e-01,-3.264220921399526576e-01,-3.080075070378479607e-01,4.928280977702310245e-02,-2.496313508199651532e-01,-5.338844452388399331e-01,-3.005228115644130726e-01,6.356405558782787790e-02,1.267259484337995568e-01,-1.078287680414674460e-01
