1.000000000000000000e+00,8.136574206201525605e-01,3.213025897910677942e-01,-7.319567386395549047e-01,-1.496179127786314289e-01,-4.548310574009849505e-01,5.412693012838221823e-02,-7.503087977095315164e-01,-8.436969878238950726e-02,-5.830351903814936509e-01,1.365559409026254056e-02,-3.898294249398957523e-01,2.423417026455002288e-01,-7.523271132380037196e-01,2.278367721563783616e-02,-6.803253049734125923e-01,2.482094299171896945e-01,4.423147613296224412e-01,5.845192459171348887e-01,2.314784161246058736e-01,-7.586948530670861897e-03,2.141377979812278398e-02,3.187522974321273239e-02,-5.402806919808488262e-01,1.638009173746372560e-01,-2.516798367082278554e-01,-1.481155919440899082e-01,-3.578423202409192760e-01,2.002356223558125758e-01,1.402546639299160486e-02,-2.300126258878647523e-01,-2.249531380925091639e-01,-3.575181111854407456e-01,-4.790417110932009837e-01,-1.250488025954989667e-02,-2.107838324706785005e-01,9.904130012397571736e-02,7.359773875599615045e-02,5.463607533522531375e-03,1.426314359493046635e-01,9.808693825644022868e-02,8.765060309733806176e-03,-2.758128628801179705e-01,-2.233092611914911096e-01,2.495724778476171926e-02,-1.146170337611218532e-01,-1.145668041891463040e-01,5.114055375819940436e-02,-3.210354597946523530e-02,3.835141978451513389e-01,3.778565215108142250e-01,4.174054599544737565e-01,4.576028165090904043e-01,6.806084171063656596e-01,2.860825271867558084e-01,4.721008975111247175e-01,7.678252193548239513e-01,7.809944998618686407e-01,1.206765466712634294e-01,3.317001111900070298e-01,-1.972766439339800892e-01,-6.082002059412451311e-01,4.152364557100748921e-01,-9.554806170931233467e-02,1.066670624148094992e-01,-5.183395016769827279e-01,-2.253823726166638841e-01,-4.958001228341351041e-01,6.227211185669045967e-01,6.422330241170440823e-01,-2.390539488434640925e-01,-7.011363299078286759e-02,-1.509786775466963882e-01,-1.039227012550543450e-01,-3.160513163572601369e-01,-4.211178819559395214e-01,-1.526590850455148418e-01,-2.538716725762519277e-01,-9.648415827794762367e-02,9.717823963615523919e-02,1.726002251198089366e-01,1.532435746103212593e-01,2.269075250748306405e-01,-1.291196810878812162e-01,3.311704175219012392e-01,-4.728223768176826325e-01,-1.025756354611645493e-01,-1.133567281370080060e-01,1.572345424200151109e-01,-3.053843817995429144e-01,-7.257511033382116894e-01,1.916098349501928200e-01,-5.988255412807170774e-01,1.283251405857224747e-01,-2.203868133674589946e-01,-1.343755208464139372e-01,1.206400160734630300e-01,3.604633906330980686e-01,-3.449858329775405425e-03,2.369260415215907190e-01,-2.009342700387452552e-01,1.700567822479560065e-01,-3.318553662306587548e-01,-1.935459566336140969e-01,-1.743765254378534524e-01,-2.485747358951937158e-01,-1.909408683779729651e-02,1.591364166679985195e-03,-1.556728593640479552e-01,-5.433241474100947849e-02,1.369691932902424580e-01,4.382096354018023554e-01,6.340113564495912513e-02,-4.457988670948357379e-01,-9.590423503786624226e-02,-3.163321453278507278e-02
8.136574206201525605e-01,1.000000000000000000e+00,2.640363114142135759e-01,-6.075791857786382311e-01,2.371064113482302185e-02,-2.860003333417049376e-01,-1.337042711118315852e-01,-7.211710796389864120e-01,-2.762854774891606788e-02,-5.182527415072067933e-01,-1.535997479388751807e-01,-4.395064716237165880e-01,-3.349627502060553708e-02,-7.156914899689261755e-01,-1.259004221567208426e-01,-6.709506403128845387e-01,4.348944836514159196e-01,6.073691348412859625e-01,3.200514168164040885e-01,2.031717691540198545e-01,4.841902422206950662e-02,8.489482612577027576e-02,1.212930005091452101e-01,-3.863727171230327828e-01,3.750254001812831084e-01,1.281539034085330854e-02,-1.365719230391630734e-01,-2.410905296708364953e-01,1.260145802748470767e-01,4.454449769286443657e-03,-2.376109902303482624e-01,-9.856183602784544806e-02,-3.175308055681763664e-01,-4.805714298760928038e-01,1.432661550860866440e-01,-8.123720002100509596e-02,2.686482993865142999e-01,2.224644911173568329e-01,1.100598416855217837e-01,2.618444755461895035e-01,1.869932806531670877e-01,2.052334647673800111e-02,-5.691444305678909910e-01,-5.174125377577976082e-01,-4.245997045587902863e-02,-2.382594083413053787e-01,-2.789088310437020102e-01,-1.727828781088109611e-01,-1.112470861140348322e-01,3.010235416871199776e-01,3.521344143346065714e-01,3.906057001431542663e-01,4.809778327766222605e-01,7.353403852608170199e-01,2.805983711919705637e-01,3.745368034357027254e-01,9.025865946405047247e-01,9.281351814771603426e-01,-4.866560575722221615e-02,3.235720531794177290e-01,-2.205283694339355560e-01,-6.014922749201463414e-01,3.158230001210076132e-01,-1.754541780729653166e-01,2.358346899123037466e-01,-3.901810319437246100e-01,-1.064661441269073028e-01,-4.580274847085200607e-01,7.880997011340467040e-01,7.726107276666765999e-01,-2.600864405270452151e-01,-7.096296938964220813e-02,-1.430013082520337209e-01,-4.217000883583833966e-03,-4.135377829123562665e-01,-4.581507754760964501e-01,-1.719974702561023194e-01,-1.880389690152035886e-01,1.278548091390422914e-01,5.393514448993011468e-02,2.516022091879019928e-01,2.726986294176337866e-01,2.409809378774352695e-01,-1.107950199662548624e-01,3.162248366968120061e-01,-3.283027655945697232e-01,9.755952775069694216e-03,-2.906694003730687231e-02,2.646527652520953566e-01,-2.842422983225605937e-01,-7.421670407247670243e-01,4.892131994182502552e-02,-5.397053350654925641e-01,4.624545365294562005e-02,-1.021464009370098291e-01,-1.039044359561541453e-01,1.996922297135316215e-01,4.466025402464445238e-01,-4.842359054679455654e-02,4.111747098671427597e-02,-1.283525385340727742e-01,4.776603978638732650e-02,-3.153298370507021664e-01,-2.036147026523497106e-01,-1.807374157798483649e-01,-1.884499382404580814e-01,1.179276191867832252e-01,-1.176970197881681973e-02,-1.362203160353342157e-01,-4.293486822728424801e-02,8.393133160878470111e-02,3.518695675005536483e-01,-4.681167791885184476e-02,-5.685097114311089550e-01,-1.948656244791535930e-01,2.777923646484272563e-02
3.213025897910677942e-01,2.640363114142135759e-01,1.000000000000000000e+00,-4.335930811047766231e-01,9.447497539892554808e-02,-2.504743269808145656e-01,5.966291390879679968e-01,-3.851124114989189495e-01,2.144460249001687302e-01,-4.111358961069798701e-01,9.114612467436396248e-02,-3.728107326896337725e-01,6.140588005634844970e-01,-3.328005954487441298e-01,3.768747616949283952e-01,-2.364237458018352001e-01,-1.318868738712616062e-01,-1.080917557290251574e-01,4.526483541824109502e-01,1.068816796768868593e-01,8.104998070727803539e-02,4.655368057188650523e-03,5.544865282004799445e-01,-1.861302452801326113e-01,2.132542141469306318e-01,-2.408759124087591352e-01,-1.540472477619301006e-01,-1.462388324820942942e-01,1.268913146220567167e-01,-3.197865699823511654e-01,1.666457376783435085e-01,-2.715616145610962873e-01,-2.907630100299322673e-01,-5.079830772005690109e-01,-1.183248894378625959e-01,-2.730822006945379798e-01,-1.187997872092678153e-01,-7.637406418882665415e-02,-3.968364502304852492e-02,-2.645043596985312273e-02,-3.176586626604777641e-01,-3.184988664098870048e-01,-5.162458417905472358e-02,-5.574340908104997994e-02,-4.113048501218067310e-01,-4.262367319727207726e-01,-9.195893047542290366e-02,-9.094064006173671610e-02,-3.242296039398249730e-01,-7.520508505921381925e-02,-1.806049923628219034e-01,-3.618127395893504239e-02,5.481187883713974779e-02,2.391361426885150188e-01,-1.815114078207443610e-03,1.938564667149174914e-01,1.376039124270244107e-01,2.091627871932856819e-01,1.524353351339873819e-01,-2.967951249917235579e-01,1.904865190678304843e-01,-3.849343248346419610e-01,-4.412211265579728953e-02,-2.629677914285518670e-01,1.944272573055487729e-01,-4.752059983241588292e-01,-2.457527472151126990e-01,-5.691809611656913903e-01,3.395541897170933354e-01,3.979118197032345816e-01,1.315261342179826487e-01,2.236289039222446318e-01,2.197886248284774413e-01,9.395898070499487942e-02,3.391637689531015742e-02,-1.425378262924411298e-02,1.647552792421727585e-01,-4.769297859078652779e-02,-2.341679813876604288e-01,-9.687229587957688071e-02,-2.618947051181650942e-01,-2.348894606942183438e-01,-2.900963266200749513e-01,-3.866512629312608418e-01,2.265970149935272460e-01,-5.324357461032126482e-01,-2.387708367105109974e-01,-1.946144766192758335e-01,1.729107352011123588e-01,-2.884250517707065975e-01,-1.402478144428284668e-01,6.801654836080358590e-01,-1.261881006143990014e-01,4.484245038117395388e-01,-3.065145471689928458e-02,-5.090310487249679466e-02,1.690110938859195056e-01,2.607439912874524035e-01,9.073058912438440593e-02,5.275726102710341925e-01,1.281698855450707775e-01,7.851110416015014137e-02,5.249675220153930677e-02,7.336028987029354076e-02,1.905755623999689369e-02,1.364714638952119752e-01,-2.751096488724602551e-01,1.106032343278027519e-01,1.867877960405398274e-01,1.532298756361461234e-01,1.683672420996874253e-01,1.354029439095502385e-01,-2.226311619698211758e-02,-4.011744587192828809e-02,2.956923575706239121e-02,2.731324302665135151e-01
-7.319567386395549047e-01,-6.075791857786382311e-01,-4.335930811047766231e-01,1.000000000000000000e+00,-1.054935169604716144e-01,4.098207945861653823e-01,-8.310482683355061018e-02,8.558045978323656211e-01,-8.527839740267449675e-02,5.727244291523303499e-01,-8.627842251746048463e-02,3.886650121350079812e-01,-3.433031423163595552e-01,6.613613583902792081e-01,-2.053179417747934277e-01,5.152389671886736799e-01,-2.843381911417866559e-01,-4.344561164778110718e-01,-5.646648660126167840e-01,-1.727965770829860970e-01,-1.315580984910579843e-01,-7.922345081725797045e-02,-1.235487649233199953e-01,6.119445922157862316e-01,-2.144962544721442654e-01,1.909522841897855761e-01,-6.450618622842126115e-02,1.657598706816837963e-01,-3.760345579455191545e-01,-9.090867578866135279e-02,-9.802757603501457973e-02,2.117244953640388117e-01,2.663194737767387021e-01,5.258876364474907028e-01,6.693090465742290718e-02,3.576003050304916164e-01,-7.132827536764621557e-02,-1.070597663411638201e-01,4.003068570215233962e-02,-9.413706736927182628e-02,-4.996700830386151260e-02,1.075483630867441892e-01,7.904993047770605963e-02,5.883937724463399882e-02,-5.693521983428807831e-02,1.015527787227533119e-01,-1.397272534241727482e-01,-1.273570797440118363e-01,7.979652457025176657e-03,-3.409606177324088216e-01,-3.274853934687857460e-01,-3.492941603556253827e-01,-2.516752703835027916e-01,-5.285772017105452303e-01,-3.601894111495950734e-01,-4.782745685393925417e-01,-6.040950800134250454e-01,-5.907340138679282315e-01,-3.734568676382283431e-02,-1.016715031656046098e-01,2.753014345109123795e-01,7.228697524367050375e-01,-5.184582261198340536e-01,2.455084488423225214e-02,8.290847487037346364e-02,8.131825228487473689e-01,2.431773400701844057e-01,5.221523828223996189e-01,-5.117046318514848480e-01,-6.255385409222605775e-01,-8.688574370589215168e-02,-1.853311384532488337e-01,-5.292598672569402696e-02,-1.016167072689040107e-01,8.011388413864274638e-02,8.581265739550536509e-02,-2.277933920714903804e-01,3.673608241302863623e-03,6.275271753400199493e-02,-1.575633178002187329e-01,-2.618399092214644397e-01,-2.224827564162570326e-01,-2.153364582215535061e-01,1.234665710782690828e-01,-3.086630029521289509e-01,5.717381030117194562e-01,1.192381543828726354e-01,8.960270691729700643e-02,-6.932365881334918989e-02,3.732125692654381655e-01,6.859601496841244428e-01,-3.902814910876757359e-01,5.512216060220690439e-01,-1.242748105546029741e-01,5.972524424129373177e-02,1.381998178036434634e-02,-1.289781250214046548e-01,-3.566596421371313053e-01,-4.729570833970716398e-02,-2.952836715077319374e-01,5.364746603225194893e-02,-2.077837571263205230e-01,2.000347040679103794e-01,8.500898424389653762e-02,4.721351449465625849e-02,-7.947688183949825486e-03,1.705636442924365614e-01,-6.780763900463253335e-02,3.978410416699963009e-02,4.037316005653109746e-02,-1.857101434054279909e-01,-3.874092728356191562e-01,-2.279258154885168419e-01,4.087203103274283378e-01,1.649881618031503183e-01,-1.341061076876359781e-01
-1.496179127786314289e-01,2.371064113482302185e-02,9.447497539892554808e-02,-1.054935169604716144e-01,1.000000000000000000e+00,3.356408494277253740e-01,3.173824000146122093e-02,-7.998146072161629871e-02,6.033507690832418113e-01,9.690426015265223014e-02,-1.539787528910543379e-01,-2.008931731162198198e-01,-6.759302174255517326e-02,-3.530453961172540928e-02,7.069355623086424900e-02,1.597505873435177692e-01,8.682638148446650272e-02,-5.343284877017459578e-02,-5.196705853343348835e-02,-1.709860293295037068e-02,4.124007680558187672e-01,3.418099541312681344e-01,1.288502679291032293e-01,-2.150967261734883923e-02,4.801741596250134192e-01,5.572171903860598796e-01,5.866517195637332982e-01,4.623517942231425981e-01,4.063344056585895675e-02,-4.369744445636762620e-02,2.015278922530018002e-01,2.465244560936461771e-01,-1.873334718451833206e-02,-6.562493578605856082e-02,3.681599309571701589e-02,-2.623581870777576611e-02,1.504398512291404699e-01,2.212498487404934711e-01,1.202062152245832599e-01,1.667644621211948341e-01,8.420074476756266024e-02,-8.067097575509887819e-02,-4.753772355013482359e-02,-2.910347063510727514e-02,-1.110598668003077716e-01,-2.156241366792316649e-01,-5.449908559347380749e-03,-5.964761672096787620e-02,-2.390493825187390564e-01,-1.166216503154188788e-01,-4.201247063282410876e-02,-1.214984851217724704e-01,-1.369463616666171946e-01,-6.466600759379802221e-02,1.789245848640034220e-01,2.828153218459824453e-02,6.239197788072303047e-02,-2.186584594590275030e-02,-1.068451490790864600e-01,-3.359650584832039044e-01,-4.233211336357762394e-02,-2.495427967369043543e-01,2.794819047966957959e-02,-1.176764713269054657e-01,-4.029553253620524883e-02,-2.019525604524314566e-01,-2.713081835388559890e-02,-1.430652367981844197e-01,1.156353241748080407e-01,1.495585505572057661e-01,4.244923959277516201e-01,2.558854217799990671e-01,2.305331869065204708e-01,1.311745272141537910e-01,1.257953966880446806e-01,1.945048848258746355e-01,1.241195555139512630e-01,5.900833125946085278e-02,2.017173947290913649e-02,-1.955140425901107093e-01,1.690704561073451684e-01,1.589697458155341914e-01,-5.611328138377904423e-02,-1.940847829511700151e-01,6.493542075257598134e-02,-1.057903280675998731e-01,9.838374936356848732e-02,3.490726936064604546e-02,-2.472893154850920941e-02,-2.119299799766660719e-01,1.662370516154515129e-02,2.389352244006127945e-01,2.122313574085193943e-01,-1.609857781816438280e-02,1.460698784672674333e-01,-3.474744799526928440e-02,1.909294525661603403e-01,1.033656096385982270e-01,3.136494295518837405e-01,1.739016276664482330e-01,1.375491165303238117e-01,2.378826865514887395e-02,9.479918445440410624e-02,-6.762955234035558649e-02,-8.157510805065880388e-02,-1.105256068074769032e-01,6.323218163013226423e-02,9.285393012153272951e-02,4.042795595323170343e-02,1.597528705058802803e-02,2.457344819162124994e-01,2.550520675176773736e-02,1.914500135848160589e-01,2.173798885360134561e-02,-1.078269088949722482e-01,-2.107336028987029375e-01
-4.548310574009849505e-01,-2.860003333417049376e-01,-2.504743269808145656e-01,4.098207945861653823e-01,3.356408494277253740e-01,1.000000000000000000e+00,1.985666306688067470e-02,3.687695353079643579e-01,3.187408816203146644e-01,5.772496569548550838e-01,1.033336453655228776e-01,2.674519223085511377e-01,-8.878990111623807913e-02,4.455842498327583501e-01,1.085803524746055265e-01,5.841311083155056316e-01,8.189018445668726220e-02,-1.391929934313418937e-01,-1.834954759137786551e-01,1.049272926945653828e-01,-6.839669489416401460e-02,-1.668306738297080372e-02,-1.364486322715867395e-01,2.484742767512426176e-01,-9.022829340462888703e-02,2.818404115171841973e-01,1.566957161024591927e-01,4.111632940553301419e-01,-6.088052439673142385e-02,6.429156896634390106e-02,7.026888803143457873e-02,9.761660680976005922e-02,2.751964090422362452e-01,3.107361143773016976e-01,-9.990433549701019378e-02,1.845480137629027309e-02,-1.515540344620527058e-01,-3.087977095315179096e-02,9.839288201301858716e-02,-1.092013726372123433e-01,-5.636899556838185360e-02,-1.818082189278726057e-02,-6.234174830874748136e-02,-6.217051113155809723e-03,-1.807054515067730016e-01,2.218092235193121209e-02,-1.746642038955316112e-01,-1.773629018080362663e-01,-7.226437193628150457e-02,-2.233640570881917087e-01,-2.257522449193929415e-01,-2.433417277602862305e-01,-3.919481996123190259e-01,-3.321704426366872132e-01,-1.444168689167992792e-01,-3.412756941384372800e-01,-2.950644879209295413e-01,-3.436136523976629498e-01,5.269767048944151711e-02,-1.456497765925628407e-01,3.416090358433659380e-01,3.202797330526565567e-01,-1.012559676156250532e-01,1.404350337565555273e-01,-1.255305498539917575e-01,2.166835240154433018e-01,-5.504932772284235748e-02,1.473758473386317935e-01,-2.471135119831776583e-01,-2.679359527294064569e-01,1.885595300338593072e-01,1.039774971517549579e-01,7.883759637799123143e-03,-5.299219843420725599e-03,2.863336750466335956e-01,1.859658575900307864e-01,8.614371593807150160e-03,3.278849468822276486e-02,1.465584752128478163e-01,4.940991668740539466e-02,2.796188945384473282e-02,-9.972168250800819700e-02,9.523070214092134445e-03,2.341383002769475974e-02,-1.896143510453458803e-01,1.322887104470660269e-01,8.230572000666683263e-02,5.381642004707880983e-02,-1.115575961953382406e-01,-3.331133886924101013e-03,2.757124037361669000e-01,-1.131923404469061950e-01,3.171244026676469097e-01,-7.199039245277849552e-02,2.057654415978483475e-01,4.814961106329154056e-02,7.090360716821655918e-02,-1.419327882663719842e-01,1.632072951603807387e-01,1.616707268904013506e-02,1.895093255766697460e-01,7.557267419958035252e-04,2.986536191548189723e-01,1.659790542684861925e-01,1.664356867409912122e-01,1.150827988830769727e-01,1.304165173097954489e-01,-2.068019973104347486e-01,-2.720844587421145447e-02,-8.139473822401932512e-03,-1.045985173143617747e-01,-1.961989912988682250e-01,-3.074278121140028644e-02,2.439444826239928477e-01,9.925135106132802754e-02,-1.131763583103685168e-02
5.412693012838221823e-02,-1.337042711118315852e-01,5.966291390879679968e-01,-8.310482683355061018e-02,3.173824000146122093e-02,1.985666306688067470e-02,1.000000000000000000e+00,1.854589955455502315e-01,2.052768448522679923e-01,2.265125379861138155e-02,4.574886583909641424e-01,1.674950740772028490e-01,7.244816650646477285e-01,5.402647098443111306e-02,4.249216304519063403e-01,1.504809481516659053e-01,-2.858176803527029408e-01,-3.365906449705358128e-01,6.086979353362755862e-01,2.738265116247211584e-01,-3.268803554427165969e-02,-1.749838466262851333e-01,-6.382580384438878152e-02,-3.318005703339581558e-01,-2.574973344079417581e-01,-3.572121674288623594e-01,-2.664222160830522976e-02,8.271212290719630322e-02,2.084961037834283382e-01,-1.633602670386699249e-02,2.292180853857060385e-01,-3.615456095929349689e-01,-9.697275502352799281e-02,-1.953496549000089122e-01,-5.260611567870425720e-01,-4.889415030971097642e-01,-5.275406459979588014e-01,-4.201041578669784116e-01,-1.758651472982198094e-01,-2.723835530116053283e-01,-4.867359682549105004e-01,-4.349173152750411275e-01,2.671779428250481425e-01,3.179143768450805596e-01,-2.838221964478560011e-01,-1.401427889741523325e-01,4.349424300610289437e-03,7.783985442556776158e-02,-1.269780747918326791e-01,-1.353070510903241763e-01,-4.448353725778501078e-01,-2.399124178917735328e-01,-2.189073241565427375e-01,-1.989113881855480437e-01,-1.322658788234407634e-01,2.662395630940503008e-02,-3.099278749009678480e-01,-2.587256757589802558e-01,3.674635664365999976e-01,-2.583649361057012706e-01,4.116929877234359880e-01,1.413209007532152672e-01,1.140439600081280536e-02,9.494074052088066762e-02,-2.497117507517312152e-01,-3.219738395256501740e-01,-4.846674231544627620e-01,-4.216156113509699765e-01,-1.545769414300359190e-01,-5.754710734744480222e-02,4.467806269107215122e-01,3.319147284520844177e-01,2.784065353239464913e-01,1.155805282781074417e-01,2.912835710485879859e-01,5.905856083143640883e-02,1.622574996175702999e-01,7.891750706067961196e-02,-3.550888264317140219e-01,-7.162052015004942429e-02,-3.621072675341161506e-01,-4.649682982905963269e-01,-2.367479548573137582e-01,-2.586389155892043212e-01,-7.377582542027311119e-02,-5.761857032939183831e-01,-3.408647249131827595e-01,-3.837196824577785992e-01,-7.129174476984581621e-02,-1.489009997967985499e-01,2.351314759046460034e-01,5.290292678583251584e-01,1.661662735822132531e-01,4.488491720111692507e-01,-4.897611583852562456e-02,-9.818739740039134078e-02,1.028541812693926083e-01,-1.481544057042528430e-02,3.320334528949357433e-01,5.677471352020255768e-01,2.297523453785368930e-01,2.854158437768984924e-01,1.333709294069028994e-01,2.210215325042409751e-01,2.083865119900271401e-01,1.051099456835673934e-01,-1.624218873076720970e-01,5.671603624748566830e-02,7.748368109701385398e-02,1.618373977428656796e-01,1.793812173365084417e-01,1.412752375059647680e-01,-1.533600158908100461e-02,1.160599923742377110e-01,1.926189927144288938e-01,1.642118865998917765e-01
-7.503087977095315164e-01,-7.211710796389864120e-01,-3.851124114989189495e-01,8.558045978323656211e-01,-7.998146072161629871e-02,3.687695353079643579e-01,1.854589955455502315e-01,1.000000000000000000e+00,-6.068873875827932030e-02,5.868206735785601591e-01,1.091831073383121437e-01,5.865284287961569643e-01,-1.403163093137042294e-01,7.680261376427262032e-01,-1.220418777640534386e-01,5.945925582605955384e-01,-3.392345469863398133e-01,-4.931105575710805766e-01,-3.242250376150999092e-01,-7.603615615917294623e-02,-1.289461607483292915e-01,-1.849384345268945129e-01,-2.884844139921322048e-01,3.789022098728506704e-01,-3.300653669384390754e-01,1.124434631919979666e-01,-4.997842411567413566e-03,2.309761204048503547e-01,-1.701298434435568052e-01,6.116363652968453274e-02,1.819520581567116990e-01,1.777556057343905871e-01,2.792695706969809955e-01,5.386322487551057359e-01,-1.945185838000497713e-01,1.154070079385555309e-01,-3.012427252739224293e-01,-2.662509789058629117e-01,-1.422798289454758058e-01,-2.457162166173122997e-01,-2.710867167896910401e-01,-1.315170015685325489e-01,3.010189753623949693e-01,2.886168374091586664e-01,-1.017605464977430936e-02,1.734084645961428139e-01,-3.909915545824210054e-02,-4.498514802883177288e-02,8.646564183118754521e-02,-3.302251883038158642e-01,-4.957681585610597685e-01,-4.609316672336519760e-01,-3.333987839877257109e-01,-6.862432618170776211e-01,-4.259992830870181768e-01,-5.187048076549867215e-01,-7.568614736899784701e-01,-7.639803739363317803e-01,1.518531287315434859e-02,-1.877330252586252302e-01,3.254122820436129437e-01,8.351693763998638831e-01,-4.017018692250262091e-01,1.670475742541479292e-01,-1.671571660475491272e-01,6.063645434017749247e-01,-5.239857621995073177e-03,3.783770825294699436e-01,-6.722840071325991707e-01,-7.236551602894136792e-01,2.197109973081515788e-01,6.571169595583450929e-02,1.687325480776914466e-01,7.852023680960024121e-02,2.406612951466817751e-01,2.596115427556399680e-01,-8.384913776373378869e-02,1.205532559036870816e-01,-2.947562610019886526e-03,-1.154344058869058304e-01,-2.716986043028478126e-01,-2.908680354986084016e-01,-3.004573174212137876e-01,2.862857286370205576e-02,-4.275929304160606681e-01,3.714910648440942764e-01,-9.803214235973962964e-02,-1.592345926495870867e-01,-2.325241044866423468e-01,3.184121062401110702e-01,8.125112731141649336e-01,-2.106285774300267755e-01,6.612335012979777549e-01,3.358760151510654240e-02,1.285420410101623459e-03,-4.787791474215105994e-03,-1.929614670688076516e-01,-4.455842498327583501e-01,1.791894316980563451e-01,-1.065848685697586007e-01,1.991031738240001403e-01,2.262385585026107856e-02,3.015486690305007600e-01,2.363689499051346010e-01,2.076832979823694247e-01,1.024112477710627384e-01,1.193705777998990830e-01,-6.386005127982666285e-03,8.454778544666646800e-02,3.771555906655189860e-02,-1.968474094098253691e-01,-2.973887472059800752e-01,-1.564537008920315331e-01,4.655390888812276362e-01,2.461408848167419838e-01,-5.696718410736342775e-02
-8.436969878238950726e-02,-2.762854774891606788e-02,2.144460249001687302e-01,-8.527839740267449675e-02,6.033507690832418113e-01,3.187408816203146644e-01,2.052768448522679923e-01,-6.068873875827932030e-02,1.000000000000000000e+00,3.618652523236884910e-01,1.986054444289696852e-01,-4.815189422565407246e-03,2.811828607567770089e-01,1.360559283452324186e-01,4.490226923507211199e-01,2.910552548123354621e-01,-3.822242111103246742e-02,-1.483941377523179672e-01,1.636799097694234192e-02,8.559575697106547656e-03,1.520654628312583245e-01,7.668457427013007643e-02,5.803113776830011450e-02,-7.890837441122951212e-02,1.810319437246140847e-02,3.326795878435303416e-02,4.791330375877019820e-01,4.239809675585459736e-01,7.765720143656576480e-02,-3.078844445865078910e-02,-2.808289705905856067e-04,-4.596234151999251116e-02,-1.675635689480786117e-01,-2.172451819566244835e-01,-3.040418823303781548e-01,-3.354034005420227227e-01,-2.488030521314462118e-01,-2.422595088004493302e-01,-1.485585254424197921e-01,-2.731735271890389782e-01,-5.576167437995017961e-02,-1.955642721620862723e-01,-5.698544940626362743e-02,-1.208021206012023160e-02,-2.381406838984540808e-01,-1.982949343476662629e-01,-6.125724618654806129e-03,1.353686964741123572e-02,-6.814098070956120523e-02,1.110758489368454498e-02,1.642278687364294443e-02,-1.109137444091061603e-01,-2.648628161894476807e-01,-8.590855021473141340e-02,-4.627741792602097642e-02,-1.476909237446602519e-01,-6.401302315811584209e-02,-9.098173698426216538e-02,2.212270171168682353e-01,-2.137336782430608872e-01,4.325519590674651860e-01,-5.061542641481863586e-02,1.071510928356648185e-01,-2.308048832276609827e-02,-1.025436711880891999e-01,-2.232088020475400114e-01,-3.274808271440606822e-01,-4.205607903394834035e-01,6.506784416960242901e-02,1.237085862886967425e-01,2.657897801086328560e-01,1.635223715664091970e-01,1.069547408724876719e-01,2.840482295217459929e-02,2.246334953617556696e-01,5.467488909538824327e-02,1.466680670062490144e-01,1.027217578523661606e-01,-1.088041023861329865e-01,-1.330512866761494051e-01,-6.115450388023443290e-02,4.679341261995164508e-02,-7.475301891143384947e-02,-1.154618038352561299e-01,1.002148455783136161e-01,-1.898244019826982043e-01,1.548669030500766063e-02,-2.561023222044389244e-02,1.056442056763982618e-01,-3.309968971823493145e-01,-1.466475185449862828e-02,4.045147252556571260e-01,1.676548954425796101e-01,2.004137090200895366e-01,-4.907657498247672972e-02,-1.537321713559016423e-01,-3.495293260789654466e-02,-1.571843128480395757e-01,1.393619474461687269e-01,2.277751267725901807e-01,3.718586539844608019e-02,-1.638968101938633182e-01,-9.937464182890437536e-02,-2.099116644481938965e-01,-8.649303977953784472e-02,-1.300009817598158923e-01,-1.192495701946852567e-02,-6.033713175445045568e-02,-5.751970939909449576e-02,-2.046855058003739861e-02,8.039242994687080535e-02,-2.623353554541324028e-03,2.153775551440789693e-01,-8.924881675110562032e-03,-1.650041439396880000e-02,-6.449705357897116131e-02
-5.830351903814936509e-01,-5.182527415072067933e-01,-4.111358961069798701e-01,5.727244291523303499e-01,9.690426015265223014e-02,5.772496569548550838e-01,2.265125379861138155e-02,5.868206735785601591e-01,3.618652523236884910e-01,1.000000000000000000e+00,1.863311635680348077e-01,4.732835756149126882e-01,-8.514597398564803521e-02,6.133692855300019176e-01,2.125099032167474533e-01,7.871133749934359214e-01,-2.909958925909097993e-01,-3.292525611373801619e-01,-3.328782229690699923e-01,-4.508560717278287805e-02,2.810572868268381135e-03,-4.507647452333277821e-02,-3.546915561806346928e-01,2.554698862300194828e-01,-3.496777316325295759e-01,4.709935637653000357e-02,2.982654815531897152e-01,4.294194603060807469e-01,-2.620682254577169634e-01,5.725486256504158655e-02,-1.563897723458808342e-01,-1.594788910223772851e-02,1.139229524029142238e-01,2.452139208975567808e-01,-2.419900956416713711e-01,-6.446052298117076196e-02,-3.472073499562774446e-01,-3.264214398078490453e-01,-7.693115580528278596e-02,-3.134850418617819434e-01,-8.315962273025122309e-02,-3.086607197897664120e-02,1.494261271401793323e-01,1.925870284413535583e-01,7.656584982727876465e-02,3.123480270052444441e-01,3.501229482932220055e-02,5.391231286630485814e-02,2.509355257780446768e-01,-1.735431711755318004e-02,-1.420195484361479465e-01,-1.293479973241337122e-01,-5.173440428869218177e-01,-4.992750959498982732e-01,-2.831372477390984854e-01,-3.522440061280077694e-01,-5.993735002477230678e-01,-5.502535451803584055e-01,6.954740872487664982e-02,-3.360130048928169216e-02,3.109324663404788858e-01,4.759366102801668719e-01,-2.424786923872517264e-01,7.545166659436652878e-02,-2.441636662107952438e-01,3.470246969672754478e-01,-1.208637659849904900e-01,2.004685049167901356e-01,-4.611599834699044997e-01,-3.935509795908116448e-01,1.296128441581866075e-01,-7.450187105155609002e-02,-8.442906100381517009e-02,-1.258182283116699163e-01,3.055853000874451109e-01,6.140565174011219235e-02,1.043291041555838156e-01,2.022585042090098151e-01,-1.794360132332090407e-01,-9.907326439705106680e-02,-2.317889262059092681e-01,-1.359965661238067558e-01,-5.482101148658984763e-02,2.968088239658986938e-01,-2.371634904072933425e-01,3.064483354604796150e-01,1.678375484315816069e-01,1.368139382495907330e-01,-7.731016075746194316e-02,1.929249364710072523e-01,4.625253145626945228e-01,-1.323343736943165261e-01,3.861078702889798597e-01,9.513937564642034606e-03,-1.511658968604234488e-01,-1.673535180107262876e-01,-9.094977271118681594e-02,-3.788702455997753349e-01,-6.286687565212824291e-02,-1.063017564368054918e-01,-1.100141784382712845e-01,-2.403051218181278537e-01,-1.446839989132147133e-02,-6.211343207249497150e-02,8.723963387208355166e-03,-1.008495647150955826e-01,4.770667756496167755e-02,-1.268502176995312536e-01,-1.000184936151364556e-01,-1.168545328763964386e-01,-1.340741434145606426e-01,-3.514996951978245909e-01,-1.127037437013258259e-01,2.525337394318122319e-01,7.607268675697334559e-02,-1.279324366593681539e-01
1.365559409026254056e-02,-1.535997479388751807e-01,9.114612467436396248e-02,-8.627842251746048463e-02,-1.539787528910543379e-01,1.033336453655228776e-01,4.574886583909641424e-01,1.091831073383121437e-01,1.986054444289696852e-01,1.863311635680348077e-01,1.000000000000000000e+00,5.663452735114352654e-01,5.103986629801204877e-01,2.952517072346566018e-01,3.027404797837388584e-01,2.841966350753101223e-01,1.248364684957841420e-01,-8.518707090817349836e-02,3.544404083207569056e-01,4.547077666334086166e-01,-2.417069835087182483e-01,-3.554860966827934066e-01,-2.922196676172232888e-01,-3.579793099826708014e-01,-5.350887807684667763e-01,-4.992568306509980736e-01,7.794944621896897352e-02,1.823949916550415551e-01,4.984851217724646233e-01,3.812858313793268672e-01,2.164917383769912052e-01,-3.575500754585160812e-01,2.025644479655881736e-01,3.672923292594106048e-02,-6.365981794063321209e-01,-5.659571359098060084e-01,-6.625577354682423703e-01,-6.232097153124850353e-01,-6.261915253579427576e-01,-6.876588224818431794e-01,-2.182954366433860205e-01,-3.462438554392918699e-01,3.349011048222672038e-01,3.901079707481238112e-01,-4.788019790451358143e-02,1.605405615209514469e-01,1.931897833050601754e-01,1.662119368294637523e-01,2.506524136450915541e-01,1.127653890851140067e-02,-1.593441844429882848e-01,-2.152862286495779709e-01,-3.790985618360278586e-01,-4.297528020110094049e-01,-4.291454808225777517e-01,-1.261607026660487019e-01,-2.664016676217895729e-01,-3.379970729858512435e-01,3.203573605729824192e-01,-5.883024459518389898e-02,3.907107256118304561e-01,3.125809095662219761e-01,4.737310754379676081e-01,5.882088362949754456e-01,-6.433243757263310547e-01,-3.633356088851546484e-01,-5.014806307920974815e-01,-2.480450422270878974e-01,-3.514038023785985287e-01,-2.031580701798446909e-01,1.784268554689729669e-01,2.743676211046396085e-02,2.060942169780519695e-01,2.387891020094111971e-01,2.809180139227240858e-01,1.072652509537910803e-01,2.238069905865215925e-01,3.246725374381548290e-01,-2.833404491893632034e-03,2.265559180710017828e-01,-1.201970825751331601e-01,-1.257132028429937820e-01,1.036532880962763858e-01,-5.049213564724228109e-02,-3.651621387751747272e-01,-3.892403690503642988e-01,-4.038206438974494827e-01,-3.626689254752973324e-01,-2.665021267657406989e-01,-1.159640995550116488e-01,8.350209708462998093e-02,3.217592222635728416e-01,5.624113847608044892e-02,3.502074253006354221e-01,4.852861601547071163e-02,4.914963617807752844e-02,-2.585841196925036667e-01,-3.156312144825554888e-01,1.470196740100778721e-01,3.599199979908171421e-01,3.477964058458088981e-01,3.272022813358326232e-01,1.718970111121512212e-01,3.251565678590101482e-01,2.298573708472130550e-01,1.203523376157848712e-01,6.411348230206694032e-02,1.134206566831587049e-01,1.495585505572057661e-01,4.173392482459604980e-02,-8.375781126923279030e-02,1.264187000130140293e-02,3.768359479347654917e-02,4.869300370557251567e-02,1.768765882248184151e-02,-4.456961247885220939e-02
-3.898294249398957523e-01,-4.395064716237165880e-01,-3.728107326896337725e-01,3.886650121350079812e-01,-2.008931731162198198e-01,2.674519223085511377e-01,1.674950740772028490e-01,5.865284287961569643e-01,-4.815189422565407246e-03,4.732835756149126882e-01,5.663452735114352654e-01,1.000000000000000000e+00,2.750069065661466319e-02,6.875766286367922531e-01,-6.726881268707661510e-02,5.391162791759610551e-01,-5.535527147942071596e-02,-1.642347182235170400e-01,-7.112279075501895531e-02,2.086513588240800632e-01,-1.809976962891762242e-01,-2.527620556680647002e-01,-5.221615154718497465e-01,3.313096904260152964e-02,-5.115767747591833947e-01,-1.483621734792426317e-01,3.081127608227603870e-02,2.243549495535276106e-01,2.391681069615903543e-01,3.878704716328492119e-01,2.124185767222464549e-01,-2.701666023575934397e-02,2.173913043478260809e-01,3.580706364771717998e-01,-5.051473895463127750e-01,-3.132110623782788927e-01,-4.512967220637961185e-01,-4.162090828765105943e-01,-4.016790376014009456e-01,-5.012431819063949412e-01,-3.432277979583962108e-02,-1.557733185079990534e-01,3.369331193249145429e-01,3.678882346360296540e-01,8.594508081253182663e-02,2.837628342264303383e-01,8.063901148202351488e-02,1.742281198842893231e-02,2.847902572895666395e-01,-7.791291562116857417e-02,-2.482824911127904932e-01,-3.440520195712677975e-01,-3.976835034669820579e-01,-6.455618748416056540e-01,-5.383308713232524134e-01,-5.194947818324204825e-01,-5.315544454312779443e-01,-5.861128932461774355e-01,2.592097061798355750e-01,5.326389475534773488e-02,3.160147857594597376e-01,7.322535497466831078e-01,1.909066209425350769e-01,6.606490117331713652e-01,-5.524864779709079965e-01,1.220099134909780891e-01,-2.936808915292393185e-01,1.223112909228313977e-01,-6.260454029667411602e-01,-5.638109632890323519e-01,1.713125215473448038e-01,2.032242818883579424e-02,2.616024603357618439e-01,2.170533963181723869e-01,3.615775738660103600e-01,2.085965629273794641e-01,8.927849786181844827e-02,2.164415088050156422e-01,1.854156154606622503e-02,1.632301267840060022e-01,-2.457344819162124994e-01,-7.028715333033477841e-02,1.758035019144316309e-04,6.973006171387866048e-02,-5.274036562562073316e-01,1.213614953800209589e-01,-2.759178883487941603e-01,-2.821372226243124559e-01,-3.000143839228839315e-01,1.825000171237177171e-01,4.310998678048992283e-01,-1.067492562598604117e-01,2.086422261746299633e-01,7.100634947453018367e-04,-4.363123274785440063e-03,-9.545901837717385777e-03,-3.030829541381176440e-01,-4.869049222697373613e-01,1.369691932902424580e-01,9.687457904193940220e-03,2.625705211774724823e-01,1.705499453182614256e-01,2.735981953884686346e-01,3.082794316752247021e-01,2.305057889581701713e-01,1.257086365182687182e-01,3.543696302875186388e-02,1.200783581322818622e-01,7.493567190043586013e-02,-1.742737831315398223e-02,-2.294509679466835983e-01,-2.721232725022774690e-01,-1.762373027633113917e-02,1.413711303251908025e-01,-3.301681092447527471e-02,-3.228619896846724596e-02
2.423417026455002288e-01,-3.349627502060553708e-02,6.140588005634844970e-01,-3.433031423163595552e-01,-6.759302174255517326e-02,-8.878990111623807913e-02,7.244816650646477285e-01,-1.403163093137042294e-01,2.811828607567770089e-01,-8.514597398564803521e-02,5.103986629801204877e-01,2.750069065661466319e-02,1.000000000000000000e+00,-1.134731694174967876e-03,7.347969926185360379e-01,2.445038574028114697e-02,-3.046948667660603349e-01,-2.272682647281095980e-01,6.599457977255136498e-01,2.186333446730397423e-01,-2.150510629262378584e-02,-1.627597953373258188e-01,8.359798990385602924e-02,-3.625867316302464061e-01,-3.219190436289495749e-01,-5.147092735205678338e-01,-7.988100157766518661e-02,-9.752528031525906083e-02,2.152816623248529071e-01,-9.254342004022932111e-02,8.473043843566847866e-02,-4.601508257056683981e-01,-2.941649219500946377e-01,-4.334926219608254971e-01,-4.281591546819669136e-01,-4.854619636566215313e-01,-4.667491649333658787e-01,-3.179143768450805596e-01,-2.442960896278217053e-01,-4.070307701791597288e-01,-4.112728858487313399e-01,-4.498948603732056961e-01,2.218252056558498164e-01,2.593786601946624359e-01,-2.078431193477461858e-01,-1.575587514754936691e-01,5.596030950548985979e-03,1.075437967620191393e-01,-1.309599099520764309e-01,-6.918210274687264238e-02,-2.802330652139665701e-01,-1.860800157081570483e-01,-1.222199644283303854e-01,-7.320960115436689342e-02,-1.689562979892189065e-01,1.236332419307334222e-02,-1.758149177262442742e-01,-1.357591172381041600e-01,2.653696782339282634e-01,-1.823219304594407564e-01,2.890506382580384503e-01,-1.167906043302457397e-01,6.771174618540648504e-02,-3.099392907127804589e-02,-1.272611869247857741e-01,-4.107979880773261483e-01,-4.430773375587058194e-01,-4.952293322435038503e-01,-4.725004509245665785e-02,4.088458842573671620e-02,3.057405551280968359e-01,2.232453326453404108e-01,2.002812856030631028e-01,3.820872213685731766e-02,2.610088381215053266e-01,-1.347065793889800787e-04,1.602346177643730885e-01,-9.276488678939424914e-03,-3.982268961092630399e-01,4.109463936308902637e-02,-1.944409562797239088e-01,-2.754612558762891128e-01,-1.410788855427876076e-01,-2.775434999509119871e-01,2.743425063186518131e-01,-4.875670393548696691e-01,-2.692830185232962248e-01,-3.728655285863343716e-01,-3.261040802394580412e-02,-3.592898451787601699e-01,4.476596444202936287e-02,6.294701465105287941e-01,9.622387776861976438e-02,5.113530248476559903e-01,-1.711800981303183422e-01,-1.894590960046941830e-01,7.953396089856137885e-02,3.109438821522915106e-02,1.371929432017699180e-01,5.108872597257009263e-01,1.292566708296327138e-01,2.742922767466762779e-01,3.878407905221364221e-02,1.385948048923603126e-01,1.237359842370470558e-01,1.042263618492701889e-02,-1.913815187139402962e-01,-1.082424444449518186e-01,-7.427812114002863009e-02,7.346988166369475270e-02,2.529675402806919604e-01,2.065234515022066897e-01,6.921406701994799182e-02,1.644356365114192364e-01,2.683149576815855863e-01,1.868425919372404265e-01
