0.000000000000000000e+00,7.231690424058269118e-01,3.650297153581482518e-02,-2.618973144465793768e-01,-9.574601188614326186e-02,-2.564725859064301283e-01,-1.372670807453416075e-01,-3.521381652442021615e-01,-1.548103132400911464e-01,-4.087716162473747916e-01,3.613208811832521739e-01,1.298896286697350244e-01,1.460431654676259128e-01,-1.682336118682693504e-01,-2.356494928280977730e-01,-3.523124357656731709e-01,9.854774565440814482e-02,5.509182715939049679e-02,1.207024442557755040e-01,1.362840162652486642e-01,1.513740560346753528e-01,-1.048751061262790940e-01,-2.426247821618481570e-01,-4.393359846284463077e-01,-8.266678582599757893e-03,-1.141114437642432589e-01,1.592564457750569595e-01,-2.665445283524733172e-02,-1.797756825595424324e-01,-3.034273202555967663e-01,-2.288171946914518140e-01,-2.316368023593547432e-01,-1.432682425488180922e-01,-9.324813441172527528e-02,-6.059251977300147279e-02,-9.228294383127039202e-02,-8.402520219848964855e-02,-1.438133964877787163e-01,1.134232986281782096e-01,1.473926448902989350e-01,2.276464542651593093e-01,2.169489253317842536e-01,6.616023951025515326e-02,1.722865186111980085e-01,-3.695875597658519057e-02,8.552214129317664559e-02,-5.108807364046651089e-02,2.122525582018856827e-03,-7.457437776486884606e-02,-4.070333795075740946e-02,9.477635283077885664e-02,-4.458644264712453842e-02,1.952991643951919321e-01,1.370928102238705981e-01,3.754412618973144294e-02,1.715492202511282871e-01,6.520934804951070696e-01,6.026364001966129091e-01,4.555386746503418127e-01,2.827650922740068684e-01,3.358684480986639520e-01,-4.150408865454220386e-01,-5.017650475892578010e-02,-3.438089280128692193e-01,1.404441664060056272e-02,-5.174493945216497304e-01,1.428571428571428527e-02,-1.300326198668394495e-02,3.585459582644443532e-01,1.580767683989454386e-01,-3.600116180347647243e-01,-1.124223602484472062e-01,1.669109432950534044e-01,7.939139371732427397e-02,-1.789981679252871105e-01,1.593547522230662761e-01,-2.976585191474149794e-01,-3.319317217033826428e-01,6.536038250145224937e-02,2.347200500469189821e-01,1.200947316680816834e-01,3.252960364627552892e-01,-2.562670360605925207e-02,1.777291210509852892e-01,1.457482461235980187e-01,-7.998570088028955638e-03,1.950668036998972343e-01,2.454935430537557584e-01,1.101791858438714855e-01,1.917556637919478058e-01,-2.977210777961481480e-01,-1.879261807944948293e-01,-3.313374145404173743e-01,-2.231020152821841795e-01,1.302873229366817154e-01,-5.216497609365923493e-02,2.590732383037669395e-01,1.373966665177175084e-01,-1.069931632333884497e-01,-9.245274587783189682e-03,-2.462397783636444959e-01,-1.233790607265740219e-01,-9.125966307699182045e-02,-2.687787658072299940e-02,-2.255015863085928773e-01,2.489834219580857114e-02,-8.608516913177532981e-02,-9.987041422762410470e-03,-4.735689709102283707e-02,2.387461459403905362e-01,3.839268957504803348e-01,2.218329684078823860e-01,1.584521202913445614e-01,1.090218508423075189e-01,-2.216676348362303928e-01,-1.662272666338978633e-01
7.231690424058269118e-01,0.000000000000000000e+00,-1.089950399928504426e-01,-2.366861790071048688e-01,-1.796952500111711759e-01,-2.052638634434067744e-01,-3.591134545779525178e-01,-2.580097412753027397e-01,-2.202645337146431903e-01,-4.770856606640153652e-01,1.656642387952991513e-01,1.783010858394030174e-01,-1.088565172706555256e-01,-7.794360784664193520e-02,-3.798561151079136722e-01,-3.948567853791500881e-01,2.830957594173108549e-01,3.279190312346396130e-01,2.651593011305241471e-02,2.112024665981500626e-01,3.601590777067786853e-03,-3.114661066178113225e-01,-3.589749318557576285e-01,-4.327092363376379702e-01,-4.508691183699003319e-02,-1.613030072836141027e-01,3.959515617319808722e-02,7.679074131998749053e-02,-7.309978104472943106e-02,-1.660038428884221678e-02,-2.437106215648599250e-01,-3.440993788819876054e-01,-2.172885294249072841e-01,-1.537065999374413461e-01,-3.132713704812547517e-01,-2.596005183430895036e-01,1.256311720809687726e-01,1.296304571249832366e-02,-6.859108986103043017e-03,-8.077662093927343023e-02,1.908083471111309826e-01,1.812592162295008635e-01,1.272174806738460284e-01,1.886545422047455067e-01,-4.417534295544930240e-02,1.345636534250860272e-01,9.657267974440324199e-02,1.573215961392376849e-01,-8.784574824612359500e-02,7.927074489476741356e-03,4.375530631395505021e-02,-1.202555967648241686e-01,4.103132400911568833e-01,1.068144242370079045e-01,3.051700254703069715e-01,3.640779302024219066e-01,8.251485767907412727e-01,8.489432056839001373e-01,4.483176191965682067e-01,3.326422092139952880e-01,1.168506188837749732e-01,-2.883819652352652141e-01,1.216989141605969854e-01,-1.701282452299030246e-01,-1.882702533625273678e-01,-5.682827650922740448e-01,-2.008758210822646217e-01,-1.231109522320032179e-01,5.246570445506948399e-01,3.616113320523705044e-01,-3.906296081147504484e-01,-2.513561821350372982e-01,4.549354305375575419e-02,5.100317261718575329e-02,-2.125608829706421288e-01,-7.256803253049733983e-03,-3.215782653380401257e-01,-2.779302024219134082e-01,3.587738504848295151e-01,2.339559408373921845e-01,3.021806157558425410e-01,3.961794539523660341e-01,-9.266276419857902291e-02,-2.810223870592966702e-02,5.145448858304660367e-02,-1.575673622592609069e-01,-9.562536306358639581e-04,-6.599937441351266462e-03,1.104428258635327814e-01,1.015639662183296793e-01,-4.495732606461414621e-02,-2.233611868269359535e-01,-2.315921176102596069e-01,-3.360918718441395781e-01,1.825014522543455808e-01,-5.715179409267617111e-03,5.340408418606729102e-01,3.630412440234148108e-01,2.339782832119397527e-01,2.317708566066401521e-01,7.641092095267884576e-02,-8.893158764913534908e-02,1.026408686715224033e-01,9.672460789132669712e-02,-3.033647616068635769e-02,5.221859779257339434e-02,2.782519326153983646e-02,1.096831851289155058e-01,-4.632467938692524240e-02,2.735868448098663919e-01,5.324590017427052180e-01,4.552348183564949302e-01,3.137405603467536275e-01,5.316591447339023141e-02,-1.977925733947003828e-01,7.719737253675321154e-02
3.650297153581482518e-02,-1.089950399928504426e-01,0.000000000000000000e+00,3.381429018276062570e-01,6.777425264757138690e-01,6.588006613342866080e-01,2.019348496358192857e-01,-4.906385450645694285e-02,7.435631618928459918e-01,4.454935430537557695e-01,1.185307654497519958e-01,-4.074221368247017416e-01,2.815407301488002112e-01,-2.040841860672952257e-01,6.228070959381563076e-01,4.079583538138433219e-01,-2.265293355377809570e-01,-3.311988918182224295e-01,1.857634389382903650e-01,-7.733589525894811467e-02,1.786094106081594357e-01,1.594039054470709205e-01,6.395281290495553606e-01,4.418159882032262620e-01,3.390142544349613596e-01,7.855802314670002895e-01,4.271191742258367285e-01,2.239688994146297740e-01,-6.809508914607444174e-02,-4.114035479690781316e-01,6.327717949863711500e-01,5.041958979400330554e-01,-7.079404799142052784e-02,-3.337503909915545686e-02,3.954823718664819965e-01,-1.181017918584387205e-01,-1.294159703293266128e-01,-1.959426247821618450e-01,3.396040931230170923e-01,1.511104160150140707e-01,-7.293444747307743781e-02,-4.584208409669779383e-02,-3.453192725322847267e-01,-3.485455114169533908e-01,-1.835247330086241524e-01,-5.421153760221636420e-01,-4.082622101076902599e-01,-4.227936905134277445e-01,-4.480271683274498207e-01,-5.459225166450690780e-01,-2.988381965235265003e-01,-3.518879306492694314e-01,-3.197908753742347843e-01,-4.644622190446400789e-01,-2.828231824478305567e-01,-3.337727333661021367e-01,-1.561910719871307807e-01,-1.941731087179945359e-01,-2.533133741454041687e-01,-4.428660798069619098e-01,-2.286876089190759131e-01,-3.751016578041914129e-01,-3.298047276464542432e-01,-4.434961347692032985e-01,4.596720139416416995e-01,-1.481835649492828089e-01,1.283167255015863206e-01,-3.595558335939943451e-01,1.031904910853925494e-01,3.250815496670986238e-02,4.001876759461995836e-01,5.761428124581080557e-01,4.122614951517047238e-02,-1.894186514142722974e-02,-2.413244559631797792e-01,-3.386657133920192853e-02,2.112694937217927602e-02,-1.686179007104875172e-01,-3.041869609902140281e-01,-2.203628401626524791e-01,-3.076008758210822536e-01,-2.058492336565530267e-01,-9.833772733366101526e-02,2.750435676303677468e-01,2.182626569551811835e-01,-7.709906608874390888e-02,2.816479735466285161e-01,2.838285893024710682e-01,7.452969301577370975e-02,-2.482639974976540431e-01,8.066490906653558945e-02,7.426605299611242252e-03,-1.660083113633316898e-01,7.515974797801509844e-02,6.205371106841234968e-02,2.687966397068680680e-01,-7.050806559721167766e-02,-2.777604003753518860e-02,-1.513829929844943967e-01,2.585280843648062876e-01,4.752223066267483031e-02,2.376469011126502440e-01,3.631440189463336354e-01,2.461816881898208076e-01,1.148576790741319964e-01,1.867733142678403846e-01,7.668349792215917171e-02,2.743554224943026698e-01,1.294159703293266128e-01,-2.113320523705259357e-01,-3.826444434514500448e-01,-2.693283882211001123e-01,-2.229590240850797545e-01,2.538093748603601797e-03,-2.298226015460923255e-01,1.508110281960766685e-01
-2.618973144465793768e-01,-2.366861790071048688e-01,3.381429018276062570e-01,0.000000000000000000e+00,3.448813619911524353e-01,6.216810402609589392e-01,4.907815362616738675e-01,7.303141337861387417e-01,3.639170651056794492e-01,5.822288752848652216e-01,-5.106126279100942772e-02,-4.341123374592251866e-02,2.551141695339380622e-01,2.732785200411099735e-01,2.351400866884132412e-01,5.633182894678046004e-01,-2.410742213682470214e-01,-2.770454443898297536e-01,4.267304169087090537e-01,4.588140667590151489e-01,-2.952723535457348336e-01,1.950980830242638187e-01,2.454354528799320700e-01,6.807229992403592833e-01,5.126681263684704226e-02,3.696143706153089958e-01,1.152151570668930730e-01,1.004200366414942647e-01,2.631931721703382673e-02,5.817954332186425076e-02,6.530363287010143569e-01,5.376469011126502329e-01,3.870771705616872782e-01,4.170695741543411494e-01,-6.990928995933687329e-02,-1.852182849993297409e-02,-2.498100898163456707e-01,-2.737968631306135214e-01,8.633540372670807372e-02,3.279413736091871950e-02,-3.913132847759059896e-01,-3.050091603735645140e-01,-6.415344742839268477e-01,-6.770096965905536557e-01,-5.933106930604584717e-01,-5.950131820009830763e-01,-5.780151034451941339e-01,-5.304526565083337308e-01,-5.479333303543501010e-01,-4.697573618124133987e-01,-5.985432771794986229e-01,-6.227490057643326749e-01,-3.029938781893739552e-01,-4.370704678493230189e-01,-2.379105411323115538e-01,-3.701863354037266962e-01,-4.501362884847401324e-01,-3.785736628088833267e-01,-4.460476339425354375e-01,-2.902587246972608281e-01,-3.877340363733857709e-01,4.051744939452164851e-01,9.693909468698333476e-02,3.067384601635461672e-01,-2.199919567451628644e-01,5.883194065865320066e-02,-3.006255864873318973e-01,-3.324679386925242230e-01,7.067339916886367090e-02,1.237186648196970384e-01,4.966084275436793427e-01,4.620090263193172286e-01,-6.889494615487734563e-02,-3.168595558335939727e-02,4.606103936726395343e-02,-2.451718128602707880e-01,1.224943026944903673e-01,1.289333750390991573e-01,-3.212029134456410029e-01,-3.377005228115644297e-01,-4.238214397426158242e-01,-3.841413825461370002e-01,-2.330130926314848694e-01,1.957504803610527755e-01,-4.578444077036507576e-01,-1.704455069484784868e-01,-1.131864694579739865e-02,-9.128200545153938861e-02,-1.785915367085213756e-01,-9.537512846865364713e-02,2.455471647526699108e-01,-2.891147951204253719e-01,-9.312748558916841835e-02,-3.399973189150543029e-01,-7.159837347513293981e-02,1.773582376334956745e-01,-2.511014790651950324e-01,-1.556637919478082166e-01,5.309888734974753388e-02,3.697216140131372869e-02,3.324902810670717912e-01,5.294561866035122355e-01,4.133741454041735541e-01,4.625586487331873609e-01,2.969971848608070064e-01,1.277045444389829643e-01,2.661066178113409841e-01,4.420528173734304400e-01,1.548639349390053266e-01,-3.312882613164127021e-01,-2.784932302605120924e-01,-4.056883685598105527e-01,-1.364940345859957938e-01,-4.088252379462889441e-01,-2.077304615934581489e-01,9.964252200723892894e-02
-9.574601188614326186e-02,-1.796952500111711759e-01,6.777425264757138690e-01,3.448813619911524353e-01,0.000000000000000000e+00,7.653335716519952259e-01,3.002100183207471185e-01,-2.623441619375307260e-02,7.994995308101344733e-01,6.751954957772912103e-01,-9.326600831136333536e-02,-3.871263237856919504e-01,-1.353501050091603791e-02,-3.164931408910138799e-01,6.899906162026899770e-01,5.473926448902989295e-01,-2.199919567451628644e-01,-1.419768532999687305e-01,2.347647347960141184e-01,8.081236873854953651e-02,3.046918986549890795e-01,4.709191652888868873e-01,4.412753027391751459e-01,3.577550382054604516e-01,5.325215603914383866e-01,8.930604584655257305e-01,6.618481612225747268e-01,5.693060458465525331e-01,1.209973635998033842e-01,-1.413467983377273418e-01,6.111711872737835005e-01,4.635014969390947037e-01,9.877563787479333446e-02,5.390768130836945393e-02,2.976987354216006354e-01,4.098485187005675157e-02,-1.555476116001608573e-02,-1.748692971088967318e-01,3.685464051119353157e-01,5.873363421064390494e-02,-1.577907860047365884e-01,-7.850663568524063329e-02,-4.069842262835693947e-01,-4.407122749005764062e-01,-3.815764779480763091e-01,-6.635238393136422275e-01,-5.140756959649671609e-01,-5.388399839134903058e-01,-5.262165422941149640e-01,-6.966977970418696264e-01,-4.836855981053666542e-01,-5.044550694847848016e-01,-5.091112203404978276e-01,-5.748737655838062066e-01,-3.394655704008222030e-01,-5.064390723446088316e-01,-1.657312659189418558e-01,-2.120738192055051652e-01,-3.830823539925823362e-01,-5.292372313329460898e-01,-2.706733991688636820e-01,-2.257607578533446513e-01,-3.392153358058894730e-01,-2.426158452120291409e-01,2.518209035256266937e-01,-1.221323562268197827e-01,8.693417936458286421e-02,-2.064524777693373114e-01,1.677063318289467864e-01,2.576299209079940811e-01,5.950623352249877485e-01,6.385003798203673364e-01,7.619643415702220812e-02,8.551767281826712364e-02,-2.374547566915411745e-01,9.030787792126547531e-02,2.149917333214174109e-01,1.149693909468698372e-01,-3.371777112471513460e-01,-1.589034362572054049e-01,-2.711515259841815739e-01,-1.923231601054559980e-01,-6.425220072389294101e-02,3.486304124402341276e-01,-2.293221323562268099e-02,-1.642879485231690528e-01,1.207739398543277165e-01,2.308771616247374814e-01,2.077840832923723118e-03,-3.127306850172036357e-01,-1.342732025559676412e-01,-8.079002636400196835e-02,-3.351803029625988750e-01,-5.731712766432816436e-02,2.352026453371464376e-01,3.378479824835783352e-01,-1.580410205996693462e-01,4.353188256847937559e-02,-2.216274185620447645e-01,1.469726082488046759e-01,-2.424147638411010275e-02,3.590777067786764531e-01,3.748469547343491470e-01,3.929710889673354579e-01,5.311676124938558702e-02,2.860092050583136203e-01,2.074221368247017305e-01,3.887975334018499707e-01,1.555788909245274521e-01,-2.382143974261584363e-02,-4.040573752178381328e-01,-3.525045801867822681e-01,-2.292372313329460731e-01,-2.639796237544126400e-01,-4.003306671433040087e-01,2.465525716073104223e-01
-2.564725859064301283e-01,-2.052638634434067744e-01,6.588006613342866080e-01,6.216810402609589392e-01,7.653335716519952259e-01,0.000000000000000000e+00,2.895571741364671992e-01,2.513472451852182821e-01,7.871218553107823812e-01,7.605657089235443591e-01,-6.417176817552169843e-02,-4.009964699048214620e-01,1.881406675901514947e-01,-1.152419679163501492e-01,6.605165556995397091e-01,6.962017963269135912e-01,-2.108762679297555842e-01,-3.276509227400687951e-01,2.621743598909692108e-01,1.710353456365342473e-01,2.592162295008713577e-02,2.950936145493542884e-01,4.489298002591715631e-01,5.483533669958443602e-01,1.478171500067027022e-01,8.305152151570669439e-01,4.964252200723893171e-01,5.406452477769336795e-01,4.544885830466061788e-02,-2.053308905670494788e-01,7.702310201528218547e-01,5.641494258009741580e-01,1.472407167433754938e-01,1.222887528486527597e-01,1.428035211582286967e-01,-1.012198936502971547e-01,-2.506188837749676046e-01,-2.674337548594664660e-01,3.048080790026364006e-01,1.479065195048929748e-01,-3.973457259037490585e-01,-2.408999508467759842e-01,-4.708342642656061505e-01,-5.108271147057509287e-01,-3.469681397738951789e-01,-6.346038696992716277e-01,-5.353813843335269995e-01,-5.515349211314178879e-01,-5.626480182313776668e-01,-6.748380177845301198e-01,-5.572903168148710673e-01,-6.134992627016399025e-01,-4.362080521917869325e-01,-5.405111935296483816e-01,-2.758791724384467847e-01,-4.395147236248268530e-01,-2.268868135305420197e-01,-3.062469279234997233e-01,-4.609589347155815808e-01,-5.082175253585951014e-01,-4.222351311497385962e-01,1.532686893963090477e-02,-1.339693462621207309e-01,-8.812726216542293711e-02,1.839045533759327833e-01,2.478663032307073730e-02,-1.108941418293936249e-01,-3.553241878546851695e-01,1.197015058760445005e-01,2.470128245229903097e-01,6.384244157469055603e-01,6.228383752625229475e-01,-6.379194780821305366e-02,-9.380669377541445142e-02,-3.974261584521202734e-02,-1.390723446087850090e-01,6.470798516466330641e-02,3.345994012243621446e-02,-2.723043925108360463e-01,-3.214888958398498531e-01,-3.556012332990750036e-01,-2.897537870324858322e-01,-9.774788864560525481e-02,4.328164797354662752e-01,-8.213950578667500446e-02,-1.046516823808034263e-01,2.373877295678984700e-01,1.881540730148800189e-01,5.474328611644845716e-02,-1.674695026587425806e-01,1.082219938335046289e-01,-1.543455918495017787e-01,-1.900576433263327092e-01,-1.567630367755485088e-01,6.809955762098396370e-02,3.116493140891014035e-01,-1.908843111845927032e-01,-4.186067295232137608e-02,-1.378703248581259200e-01,1.810402609589347178e-01,1.937173242772241843e-01,3.967558872156932703e-01,4.504624871531346386e-01,4.355556548549979756e-01,1.151570668930693986e-01,1.849412395549399069e-01,2.363823227132579585e-01,4.310559006211180377e-01,1.328656329594709307e-01,-2.578310022789221945e-01,-4.383305777738057962e-01,-3.850350775280396709e-01,-1.709325707136154504e-01,-2.261763260199294023e-01,-2.970195272353545746e-01,2.523392466151302416e-01
-1.372670807453416075e-01,-3.591134545779525178e-01,2.019348496358192857e-01,4.907815362616738675e-01,3.002100183207471185e-01,2.895571741364671992e-01,0.000000000000000000e+00,5.867152240940166630e-01,2.007417668349792128e-01,5.428660798069618876e-01,3.492783413021136041e-01,1.384735689709102324e-01,4.186916305464944976e-01,3.152509048661691904e-01,2.705035971223021529e-01,3.033379507574064937e-01,-2.962375441261897446e-01,-1.871576031100585236e-01,2.836811296304571073e-01,2.351088073640466569e-01,-1.478931140801644506e-01,3.975155279503105737e-02,1.788238974038160733e-01,2.556235756736225939e-01,3.562893784351400805e-01,2.105545377362706139e-01,1.432548371240895402e-01,-4.901916975736181174e-03,1.593011305241520958e-01,3.667724205728584846e-02,3.702935788015550567e-01,3.314133786138790949e-01,2.338799767639304639e-01,2.422404933196300181e-01,4.742392421466553459e-02,1.289780597881942936e-01,-1.871352607355109832e-01,-1.048929800259171541e-01,2.163188703695428580e-02,1.429018276062379855e-02,-1.081370928102238643e-01,-2.892890656418964368e-02,-4.745386299655927620e-01,-4.343581035792484224e-01,-3.171857545019884927e-01,-3.174225836721926708e-01,-3.797488717100853672e-01,-3.853344653469770731e-01,-2.344340676527101319e-01,-1.742705214710219275e-01,-2.233745922516645055e-01,-9.857902497877474302e-02,-2.538808704589123888e-01,-1.098351132758389609e-01,-2.778899861477278077e-01,-2.997944501541623952e-01,-4.770677867643773329e-01,-5.015460923186916276e-01,-2.883730282854461979e-01,-2.828723356718352289e-01,2.498324321908932388e-01,3.941328924438089465e-01,3.789266723267348692e-03,2.120470083560480890e-01,-1.205549845837615569e-01,2.895393002368291668e-01,-1.591179230528620703e-01,-1.375620000893695016e-01,-2.163054649448143407e-01,-1.219893650297153576e-01,2.386567764422002635e-01,1.391795880066133417e-01,1.323115420706912626e-01,9.910630501809732096e-02,1.217346619598730917e-01,2.151123821439742539e-02,2.865275481478171682e-01,3.065373787926180538e-01,-4.021761472809330384e-01,1.546986013673533160e-02,-2.080253809374860430e-01,-8.652307967290763513e-02,1.970597435095402042e-02,9.908396264354975280e-02,-2.016220563921533593e-01,1.756870280173376819e-01,-1.439474507350641252e-01,-2.484918897180392328e-02,-2.382188659010679721e-01,-6.153089950399928676e-02,-1.052057732695830944e-01,4.261584521202913672e-02,-1.601501407569596441e-02,1.247106662496090118e-01,-2.815139192993431488e-03,1.080298494123955455e-01,-3.214754904151213011e-01,-1.199428035211582283e-01,-1.597747888645605352e-01,-3.106036909602752707e-02,-1.305688368559810575e-01,1.800616649537512826e-01,-1.046829617051700245e-01,-1.922784753563608687e-02,-4.577505697305509630e-02,2.237365387193350832e-02,-1.224585548952142611e-01,-5.713838866794762605e-02,1.479601412038071273e-01,-1.211046069976317030e-01,-3.218597792573394956e-01,-2.386612449171097994e-01,1.416059698824791158e-01,-1.802135931006747238e-02,3.644488136199115075e-02,-2.520711381205594792e-01
-3.521381652442021615e-01,-2.580097412753027397e-01,-4.906385450645694285e-02,7.303141337861387417e-01,-2.623441619375307260e-02,2.513472451852182821e-01,5.867152240940166630e-01,0.000000000000000000e+00,1.545645471200679175e-02,4.050359712230215958e-01,1.884579293087269292e-01,3.929978998167925064e-01,3.379865052057732799e-01,6.830600116180347570e-01,4.149425800974127637e-02,2.791098797980249291e-01,-2.342866079806961987e-01,-1.643683810715402815e-01,1.170472317797935508e-01,2.735645024353188237e-01,-4.824835783547075652e-01,-9.672013941641717516e-02,8.133518030296259249e-02,4.541623843782117143e-01,-2.627463246793869216e-03,-5.900621118012422395e-02,-2.555565485499798895e-01,-2.121408463291478697e-01,7.721077796148174965e-02,2.946691094329505489e-01,2.858394030117520912e-01,3.189329281916081782e-01,2.865052057732696000e-01,3.643236963224451563e-01,-3.068814513606505923e-01,-8.273381294964028687e-02,-2.342061754323249423e-01,-1.473881764153894269e-01,-8.576343893829035947e-02,-1.276330488404307517e-01,-3.457303722239599697e-01,-2.014120380714062297e-01,-4.717279592475088212e-01,-4.421377183967111768e-01,-2.754546673220429898e-01,-1.307431073774520669e-01,-2.544885830466062093e-01,-2.145985075293802280e-01,-9.134903257518209307e-02,5.515885428303320126e-02,-1.597926627641985675e-01,-1.399571026408686636e-01,2.667679520979489641e-02,-8.469994190982617355e-02,-6.358639796237543912e-03,-1.548862773135528947e-01,-4.550426739353858330e-01,-3.701103713302649756e-01,-2.732383037669243731e-01,5.746458733634210968e-03,-1.698467313106036963e-02,7.034407256803253405e-01,1.730148800214486859e-01,4.560972340140310166e-01,-3.932883506859108924e-01,2.664640958041020746e-01,-4.517047231779793282e-01,-2.458733634210643892e-01,-2.013316055230350010e-01,-1.442110907547254073e-01,2.024621296751418775e-01,5.733053308905670248e-03,-6.340319049108539273e-02,1.054560078645158487e-03,1.923276285803655339e-01,-2.972742303051968404e-01,3.561821350373117756e-02,1.039814111443764233e-01,-1.907189776129407099e-01,-2.825729478528978267e-01,-2.189954868403413968e-01,-2.866079806961883691e-01,-6.515036418070511981e-02,-1.436435944412172150e-01,-3.360427186201349614e-01,-1.004870637651369553e-01,-1.892667232673488631e-01,-3.001563966218329660e-01,-1.031458063362974270e-01,-1.147146878770275713e-01,2.439697931096116990e-01,-1.733812949640287648e-01,2.277626346128066581e-01,-1.269851199785513307e-01,-2.011126502524688275e-01,4.147191563519370822e-02,-2.372715492202511212e-01,-1.604763394253541364e-01,6.024844720496894124e-02,-1.050404396979311011e-01,2.680548728718888385e-01,1.295008713526073496e-01,7.679074131998749053e-02,9.785960051834309212e-03,1.720854372402698951e-01,-1.331828946780463929e-01,1.267259484337995498e-02,4.977881049197908914e-02,5.875597658519147309e-02,-2.090129138924884944e-01,-1.569953974708432065e-01,-2.148308682246749257e-01,1.154519862370972788e-01,-1.939005317485142377e-01,7.419455739756021517e-02,-1.738862326288037885e-01
-1.548103132400911464e-01,-2.202645337146431903e-01,7.435631618928459918e-01,3.639170651056794492e-01,7.994995308101344733e-01,7.871218553107823812e-01,2.007417668349792128e-01,1.545645471200679175e-02,0.000000000000000000e+00,6.306313955047142539e-01,6.199562089458867525e-02,-4.381741811519728191e-01,2.455471647526699108e-01,-2.454667322042986821e-01,6.945886768845792592e-01,5.092899593368783728e-01,-1.901559497743420257e-01,-3.119799812324053900e-01,6.494481433486751221e-02,-1.278832834353635095e-01,2.428437374324143305e-01,3.200142991197104658e-01,5.686402430850350243e-01,4.008981634568121732e-01,1.533491219446802833e-01,8.826712543009070933e-01,5.179364582867866940e-01,4.505250458018678072e-01,4.298672862951874798e-03,-3.541981321774878011e-01,6.052862058179543370e-01,4.204745520353903032e-01,-5.923857187541892166e-02,-1.306716117788998544e-01,2.353366995844318466e-01,-2.395728137986505302e-01,-5.538227802850886894e-02,-1.179677376111533116e-01,4.764287948523169280e-01,2.635640555878278612e-01,-1.073372358014209743e-01,-1.015594977434201712e-01,-3.762589928057554212e-01,-4.368336386791188408e-01,-1.702622994771884335e-01,-5.634970284641851457e-01,-4.698109835113276067e-01,-4.731668081683721439e-01,-4.337548594664640822e-01,-5.610751150632289352e-01,-3.141471915635193901e-01,-3.386076232181956525e-01,-3.701818669288172159e-01,-3.216676348362303983e-01,-2.489700165333571524e-01,-4.367800169802046328e-01,-1.692568926225479220e-01,-2.719871307922606118e-01,-4.271549220251128487e-01,-5.275570847669690533e-01,-2.925108360516555650e-01,-2.764556057017739654e-01,-3.666294293757540457e-01,-4.130568836855981196e-01,4.203315608382858781e-01,-2.441574690558112604e-02,-3.306224585548952349e-02,-4.331248045042226935e-01,1.898654989052236605e-02,9.063854506456946181e-02,6.194736136556593387e-01,6.374100719424460326e-01,2.931766388131730808e-02,-6.419857902497877467e-02,-3.220519236784485373e-01,-1.291523303096653030e-01,-5.388087045891237076e-02,-1.756244693686044855e-01,-2.032530497341257514e-01,-3.489610795835381141e-01,-3.014656597703204155e-01,-2.641136780016979935e-01,-4.938558469994191319e-02,3.236069529469591810e-01,1.832521560391438264e-01,-3.555565485499798811e-02,3.020242191340095639e-01,2.777469949506233271e-01,2.195763885785781411e-01,-1.208096876536038228e-01,7.735823763349568283e-02,2.195361723043925267e-02,-1.390678761338755010e-01,7.237141963447875359e-02,1.519192099736360047e-01,4.370659993744135385e-01,-7.069574154341123906e-02,1.420975021225255814e-03,-3.051253407212118351e-01,9.116582510389203975e-02,-4.010903078779212705e-02,3.270208677778274065e-01,2.901738236739800914e-01,2.313284775905983248e-01,9.616158005272800943e-03,1.138746145940390531e-01,2.670584029670673432e-01,3.248849367710800462e-01,2.473747709906608805e-01,-6.360874033692301421e-02,-4.628088833281200909e-01,-4.002055498458376159e-01,-3.368559810536663757e-01,-2.362929532150676859e-01,-2.586666070870012324e-01,1.381205594530586778e-01
-4.087716162473747916e-01,-4.770856606640153652e-01,4.454935430537557695e-01,5.822288752848652216e-01,6.751954957772912103e-01,7.605657089235443591e-01,5.428660798069618876e-01,4.050359712230215958e-01,6.306313955047142539e-01,0.000000000000000000e+00,2.566691988024487336e-02,-1.489789534831761908e-01,2.733142678403860937e-01,1.670986192412529658e-01,6.874480539791768541e-01,7.644622190446400678e-01,-3.873899638053532324e-01,-3.220966084275436736e-01,2.978730059430716448e-01,1.662898252826310319e-01,-7.337235801420974833e-03,3.244783055543143391e-01,5.247196031994280085e-01,5.773448322087672002e-01,2.586263908128155764e-01,6.356271504535502270e-01,3.345145002010813662e-01,3.261718575450198720e-01,-3.901872290987085795e-02,-7.921265472094374260e-02,5.323651637696054095e-01,4.818669288171946730e-01,1.387818937396666508e-01,9.346708968229143488e-02,1.912864739264489022e-01,6.453371464319228312e-02,-2.114437642432637765e-01,-1.158988337280486142e-01,2.509182715939050068e-01,8.876178560257384775e-02,-3.195227668796639664e-01,-2.179275213369677097e-02,-5.142857142857142350e-01,-6.448634880915143919e-01,-3.292059520085794944e-01,-5.855132043433576294e-01,-6.268644711559944183e-01,-6.231332946065507583e-01,-4.113454577952544988e-01,-4.598239420885651962e-01,-4.191206041378077729e-01,-3.688279190312346301e-01,-5.103802672147995656e-01,-3.539702399571026392e-01,-3.884355869341793444e-01,-5.759461995620894781e-01,-4.533267795701327318e-01,-5.472317797935564165e-01,-6.219893650297153576e-01,-5.347736717458331235e-01,-2.025291567987845820e-01,1.865186111979981187e-01,-2.371866481969703844e-01,2.024219134009562406e-03,2.005674963135082034e-01,2.994280352115822885e-01,-1.809821707851110295e-01,-3.578533446534697959e-01,-1.091559050895929278e-01,3.400509406139684727e-03,5.662540774833548785e-01,4.865141427230886273e-01,-1.481656910496447488e-01,-1.344698154519862465e-01,-1.117297466374726350e-01,-1.719424460431654700e-01,1.328924438089280069e-01,1.501541623843782036e-01,-4.097189329281916148e-01,-1.971625184324589941e-01,-3.193440278832834212e-01,-2.110013852272219492e-01,3.732517091916529028e-02,3.731623396934626302e-01,-2.778944546226373019e-02,7.691139014254434747e-02,1.290316814871084461e-01,1.312614504669556148e-01,3.925555208007507069e-02,-9.118369900353009982e-02,1.348585727691138936e-01,4.751329371285580028e-02,3.869252424147638647e-02,5.647258590643013804e-02,-4.806291612672594638e-02,1.669690334688770650e-01,-3.768532999687206897e-01,-2.372938915947986893e-01,-2.074668215737968668e-01,-2.427722418338620902e-02,-5.442602439787300704e-03,2.056526207605344214e-01,1.667053934492157830e-01,1.809464229858349371e-01,8.070065686581169920e-03,3.816524420215380159e-02,4.204388042361142247e-02,1.139818579918673719e-01,1.094374190088922699e-01,-3.035837168774297434e-01,-5.260601456722820979e-01,-5.449305152151571185e-01,-2.154832655614638826e-01,-1.952366057464587357e-01,-1.185933240984851922e-01,6.746056570892354498e-02
3.613208811832521739e-01,1.656642387952991513e-01,1.185307654497519958e-01,-5.106126279100942772e-02,-9.326600831136333536e-02,-6.417176817552169843e-02,3.492783413021136041e-01,1.884579293087269292e-01,6.199562089458867525e-02,2.566691988024487336e-02,0.000000000000000000e+00,4.016354618168819224e-01,7.574064971625183995e-01,4.242682872335671873e-01,1.171723490772599297e-01,-1.540730148800214527e-01,-1.477635283077885497e-01,-2.155636981098351113e-01,-1.108717994548460567e-01,-1.879306492694043651e-01,-1.102328075427856519e-01,-1.880423611421421781e-01,3.286563295947093205e-02,-1.847803744581974217e-01,-1.413512668126368499e-01,-4.615040886545421911e-02,-1.271281111756557558e-01,-2.274543098440502120e-01,-1.389472273113186440e-01,-3.478171500067027133e-01,7.851110416015014137e-02,8.193395594083739686e-02,-2.043433576120469997e-01,-1.415612851333839795e-01,-1.848742124312972024e-01,-2.094374190088922616e-01,-2.828723356718352289e-01,-4.223155636981098388e-02,1.893024710666249555e-01,1.624022521113543949e-01,3.041244023414808526e-02,2.186380088475803340e-01,-2.480003574779927802e-03,1.033781670315921108e-01,1.651056794316100029e-01,1.218419053577014105e-01,-9.027213012198936903e-02,-5.623128826131641028e-02,5.443049287278251686e-02,1.631931721703382687e-01,1.996246481076008883e-01,2.498815854148978832e-01,2.366459627329192683e-01,3.027883283435363615e-01,2.213235622681978751e-02,2.127887751910273115e-02,1.160105456007864549e-01,-3.737879261807944969e-02,5.129809196121363872e-03,-4.392957683542606656e-02,5.276017695160641896e-01,6.027078957951650939e-02,-9.066982438893606000e-02,-1.956253630635864105e-01,6.422985834934537286e-02,-1.239554939899012442e-02,-3.019214442110907393e-01,-2.805308548192501639e-01,-1.983064480092944226e-01,-2.613521605076187249e-01,-6.774207962822288709e-02,3.217301934849636086e-02,8.485633853165914023e-03,-7.570937039188524453e-02,-1.751329371285580139e-01,-6.143259305598999104e-02,-3.800706019035703376e-01,-3.735734393851378732e-01,-5.342508601814200536e-02,-3.746369364136020036e-02,9.084409491040707982e-03,1.388802001876759395e-01,9.167523124357657149e-02,4.743286116448456463e-02,2.463470217614728008e-01,1.553688726037803225e-01,2.233030966531122929e-01,9.989275660217167285e-02,1.842486259439653218e-01,1.940211805710710946e-01,-9.645203092184637117e-02,8.387774252647571538e-02,5.810804772331203127e-02,1.450109477635282973e-01,-1.623843782117163348e-01,-5.237946288931587951e-02,5.069484784842932801e-02,-8.804682961705169453e-02,-2.225970776174091836e-01,-8.684034139148308351e-02,-1.963179766745609678e-01,-1.875955136511908428e-01,-2.895348317619196310e-01,-3.973412574288395227e-01,-2.871397292104204690e-01,-1.567630367755485088e-01,-2.360561240448634801e-01,-2.912820054515393720e-01,6.474373296393941268e-02,-6.873854953304436854e-02,3.345547164752669944e-02,2.451852182849993331e-02,2.908530318602260967e-01,3.656865811698467583e-01,1.709727869878010509e-01,-4.077617409178247443e-01
1.298896286697350244e-01,1.783010858394030174e-01,-4.074221368247017416e-01,-4.341123374592251866e-02,-3.871263237856919504e-01,-4.009964699048214620e-01,1.384735689709102324e-01,3.929978998167925064e-01,-4.381741811519728191e-01,-1.489789534831761908e-01,4.016354618168819224e-01,0.000000000000000000e+00,2.253451896867599002e-01,7.661781134098931689e-01,-3.210777961481746101e-01,-1.417221502301264646e-01,4.509584878680906322e-02,1.632557308190714374e-01,-1.637517315340274449e-01,8.432012154251754613e-03,-2.227624111890611769e-01,-2.121274409044193177e-01,-2.588587515081102741e-01,-8.719781938424416012e-02,-3.156530676080254033e-02,-5.041556816658474549e-01,-4.290718977612940632e-01,-4.583850931677018736e-01,-2.370972786987800979e-02,3.398364538183117900e-01,-3.431297198266231585e-01,-1.859555833593994345e-01,-2.270163993029179206e-01,-6.405558782787434957e-02,-4.819294874659278971e-01,-5.194155234818356726e-02,5.523034988158541554e-03,9.495062335224987993e-02,-2.487689351624290668e-01,-1.893873720899057200e-01,4.442110907547253823e-02,-3.187810000446847369e-02,-2.120291344564100358e-02,1.025246883238750684e-01,1.025068144242370118e-02,3.115241967916350108e-01,1.932257920371777127e-01,2.240225211135439543e-01,2.443049287278251935e-01,4.816390365968095111e-01,2.140756959649671443e-01,2.678001698020465726e-01,3.039456633451003142e-01,2.487599982126100229e-01,1.769739487912775355e-01,2.322355779972295475e-01,6.150855712945171860e-02,1.418159882032262453e-01,1.597837258143795514e-01,4.345234371509004156e-01,4.052459895437687254e-01,4.418517360025023266e-01,2.044640064346038566e-01,3.220027704544439207e-01,-4.488225568613432026e-01,3.642700746235309761e-02,-4.474641404888511365e-01,-1.012601099244827690e-01,-2.081058134858572717e-01,-2.564949282809776965e-01,-2.757719290406184243e-01,-3.443630189016488874e-01,-4.981455829125519541e-02,5.797399347602662928e-02,-1.772643996603959216e-02,-4.812994325036865084e-02,-1.619241252960364752e-01,-5.580231467000312806e-02,1.622503239644309397e-02,1.474864828633987157e-01,1.849814558291255073e-01,2.365476562849099518e-01,5.110594754010456403e-02,-2.308146029760042850e-01,-1.095535993565396188e-01,1.621609544662406741e-02,-2.472407167433754993e-01,-3.197372536753206318e-01,-4.738817641538942832e-02,1.105456007864515783e-01,-3.558693417936458631e-02,-2.013941641717681766e-02,7.994548460610394203e-02,-8.813173064033245907e-02,-1.532999687206756390e-01,-2.400420036641494337e-01,6.574020286876089414e-02,7.150453550203315911e-02,1.998078555788909139e-01,-5.608829706421198519e-02,8.442736494034586148e-02,-2.950802091246257919e-01,-1.898744358550426836e-01,-2.433710174717368946e-01,4.285714285714285754e-02,-6.520845435452879424e-02,-1.121989365029715385e-01,-1.495196389472273069e-01,1.278877519102730211e-02,7.345725903749050767e-02,3.191206041378077396e-01,2.821305688368559994e-01,3.997318915054292043e-01,2.090799410161311989e-01,1.802582778497698601e-01,-2.821529112114035676e-01
1.460431654676259128e-01,-1.088565172706555256e-01,2.815407301488002112e-01,2.551141695339380622e-01,-1.353501050091603791e-02,1.881406675901514947e-01,4.186916305464944976e-01,3.379865052057732799e-01,2.455471647526699108e-01,2.733142678403860937e-01,7.574064971625183995e-01,2.253451896867599002e-01,0.000000000000000000e+00,4.576612002323606765e-01,2.469502658742571133e-01,1.591447339023191465e-01,-2.954734349166629470e-01,-4.493945216497609585e-01,-7.619196568211270004e-02,-2.201304794673577814e-01,-2.101210956700478028e-01,-1.035658429777916861e-01,3.162831225702667504e-01,2.001787389963805286e-01,-2.640466508780553445e-01,1.079985700880289612e-01,-1.022074266052996061e-01,-1.607221055453773584e-01,-2.779927610706465768e-01,-4.926270163993028972e-01,2.853478707717055918e-01,2.958621922337906218e-01,-1.590866437284954582e-01,-1.104428258635327814e-01,-1.081504982349524163e-01,-2.330220295813039133e-01,-4.451181911613566466e-01,-1.482148442736493932e-01,2.697484248625943715e-01,3.986058358282318359e-01,-1.660619330622458423e-01,5.264310290897716849e-02,-2.079315429643862623e-01,-1.434737923946557137e-01,4.614147191563519601e-02,-8.766254077483355556e-02,-2.963715983734751536e-01,-2.139639840922293312e-01,-7.304169087090575663e-02,1.729746637472630647e-02,6.074444791992492793e-02,1.275079315429643867e-01,1.029357880155502974e-01,2.359176013226685631e-01,-2.126547209437418956e-02,-7.981589883372805505e-02,-1.106349702846418509e-01,-2.870324858125921641e-01,-2.554537736270610648e-01,-2.372849546449796732e-01,2.855221412931766567e-01,1.117208096876536050e-01,-1.411367800169802122e-01,-2.030162205639215456e-01,1.166316636132088136e-01,1.393181107288082587e-01,-3.779033915724563375e-01,-4.915679878457482332e-01,-3.460029491934402679e-01,-3.780285088699226748e-01,4.577952544796461132e-02,1.684391617141069719e-01,-1.883819652352652085e-01,-3.023727601769515827e-01,-1.119352964833102426e-01,-2.501094776352830729e-01,-4.152553733410787040e-01,-4.170606372045220778e-01,-1.257965056526207659e-01,-1.945663345100317188e-01,-1.643549756468117296e-01,-1.736002502345949244e-02,1.041824925153045228e-01,2.815094508244336269e-01,2.094552929085303217e-01,2.803565842977791545e-01,4.098485187005674879e-01,2.844273649403458726e-01,2.572143527414093578e-01,3.019348496358192913e-01,7.584342463917065347e-02,1.428526743822333411e-01,1.994727199606774193e-01,1.804638276956074816e-01,-2.435631618928459641e-01,5.138299298449439112e-02,-1.422583672192680726e-01,-1.944590911122034138e-01,-2.550828902095714779e-01,-1.029536619151883436e-01,-1.171097904285267471e-01,-5.754948835962286208e-02,-1.933285669600965095e-01,-3.189239912417891620e-01,-1.666741141248491986e-01,-1.493230260512087293e-01,-2.238259082175253489e-01,-2.542204745520353915e-01,1.178694311631440228e-01,-2.145538227802850917e-01,-1.023638232271325832e-01,-1.898699673801331478e-01,7.477099066088743751e-02,2.387193350909334599e-01,2.264980562134143727e-01,-3.749273872827204035e-01
