1.000000000000000000e+00,8.042918886090746344e-01,5.185130220165347081e-01,-4.399653872585841154e-03,-1.501978360187128103e-01,-2.009434026881953550e-01,3.046766014671601353e-01,-1.240464943183504642e-01,-2.696574571507503459e-01,-3.344353397003120842e-01,7.208605695576829619e-01,-7.290137423542600650e-03,3.131288685332280219e-01,-2.099618940201694595e-01,2.054823294648952248e-01,-2.139323133686005674e-03,1.745728774010306128e-01,2.871464808476925090e-01,7.625328489984908309e-01,6.821837991365079512e-01,-2.295240291422843970e-01,-1.510197744692218236e-01,2.016283513969528984e-01,1.558920429508503513e-01,-1.695773181518257233e-01,-1.787099676019260619e-01,-8.429207126206365863e-02,-9.373979711819246941e-02,1.659425236706857931e-01,-7.440826139469255800e-03,-3.598378041457662158e-01,-1.342522300788376033e-01,4.856217850219982646e-01,7.810926758434572070e-02,2.458212420859884617e-01,2.106217279429391936e-02,4.131838927461648631e-02,1.836461646297053163e-01,-1.749244844048594705e-01,-1.196902205306525913e-01,3.178458819742048247e-01,3.040829792529036180e-01,-1.414533241702417288e-01,-9.465306206320249494e-02,4.037795469749240196e-01,1.025802017858895993e-01,-1.498553616643340247e-01,-3.799296329359869717e-01,3.382505040080915210e-02,-1.168408339022212888e-01,-3.374217160704949259e-01,-2.687807228035407059e-01,-4.786216092184963355e-01,-4.415202208274637274e-01,-2.973339513092794761e-01,-5.558518592932699676e-01,8.388635331024295594e-01,7.668845564614636956e-01,6.413562897698343868e-01,3.874595024075946914e-01,4.906082116217530542e-01,2.504629111690019616e-03,1.534992887949240825e-01,1.358915406551306215e-01,1.399236053873499086e-01,-1.854361639219249680e-01,4.356935904782996971e-01,2.514789184203256034e-01,7.779487612702602473e-01,8.243289215025948469e-01,-6.291710522410380590e-02,-9.167125201774473098e-02,-1.096214745119169637e-01,-2.671505448766978152e-01,-1.005618862574174238e-01,-2.829317631264712252e-01,-8.172123044186041518e-02,4.304446002068545302e-02,-4.326706835103164561e-01,-4.197479845384244901e-01,-5.653338325848365764e-02,-5.827771930345282403e-02,4.251933267730468452e-02,1.350513369057213808e-01,5.197048327697727510e-01,-3.040281833562030189e-01,2.969366810582000915e-01,1.594400772622143470e-01,-5.728682683811693599e-02,-3.119050935069145325e-01,-6.759096689642890565e-01,-5.983826077823872769e-01,-6.064650025457259952e-01,-4.570776891657096219e-01,-2.759544189465945596e-01,-7.614118162784909438e-02,-2.051444214352415307e-01,-5.284950078654943040e-01,-5.706650167013326280e-01,-5.206363630136829901e-01,-5.819210071485813041e-01,-4.012589357266963530e-01,-4.928320117628525177e-01,-4.847541833242387521e-01,-2.292043864115308749e-01,-1.982675363993159634e-01,-1.595930491405035331e-03,-1.580245165974487886e-01,1.277908805928915925e-01,-1.386222028407106122e-01,-2.490176693935235719e-01,-4.447029491608236462e-01,-5.070880775544591712e-01,-4.343373920349598016e-01,-2.528899127603661534e-01,-4.959713600113244830e-02
8.042918886090746344e-01,1.000000000000000000e+00,4.142501295694640540e-01,2.351543075282712669e-01,-9.706864784275404112e-02,-3.099849539600309581e-02,-3.105329129270369831e-02,-1.304530479075958482e-01,-4.374927224199694487e-01,-2.801326060700154441e-01,3.803451684859665560e-01,1.533668653778976210e-01,-8.166643454515981615e-02,-1.874727447492973431e-01,-3.933660434394471023e-02,9.768510168063582189e-02,2.652920507136024009e-01,5.500206626193808734e-01,6.504752402457596450e-01,7.518385164924232811e-01,-1.813675685919052816e-01,1.077880951348093169e-02,2.562233298096527334e-01,3.363486297601081532e-01,-8.762092198662523035e-02,-2.430426334907954261e-02,-2.856236115518882932e-03,5.683932701506202306e-02,1.745317804785051774e-01,7.975771081008883878e-02,-2.786850811321745502e-01,6.346963051583487392e-02,4.134692880414804761e-01,1.581067104424996872e-01,1.840662665044099366e-01,-2.603033409514850932e-02,-5.043505658817915363e-03,2.536844532625248672e-01,-1.352979184408740765e-01,-3.307617314590092367e-02,4.843888773462347030e-01,4.208941320444120615e-01,-8.830130437065770999e-02,3.790734470500400910e-02,4.260129820611933127e-01,1.228775151887376155e-01,-1.971442205169536277e-01,-3.357641401953017080e-01,2.088408613001696557e-02,-1.531020185438446979e-01,-4.250905844667332012e-01,-2.597211345490411660e-01,-3.833178458819742063e-01,-3.436182187223880136e-01,-3.751897878713849055e-01,-4.299080570516611299e-01,8.069860201968542812e-01,9.045957775195268002e-01,4.799869403112863586e-01,3.467689827826725968e-01,9.217354773750026375e-02,-7.407720285212641975e-02,5.410409850475696864e-02,2.719588848121756719e-01,-3.779775291160280409e-02,-1.907239679535330801e-01,3.269556998006798998e-01,2.699588345826036684e-01,8.000726045631283423e-01,8.697455872179438163e-01,-1.087127758916319881e-01,-1.069136439499622088e-01,-1.997652909091324203e-01,-1.964273075351207487e-01,-2.359077511079045453e-01,-3.244533538513524329e-01,-3.034482601161216375e-01,-8.936982435631944666e-02,-4.724159739171531758e-01,-3.566733411113064411e-01,5.413377961546979658e-03,1.178088947439319273e-01,9.034245152275513502e-02,1.986100107536947212e-01,4.040443938089769427e-01,-1.141649676133418834e-01,3.462986513359924690e-01,2.799819173540887829e-01,-3.154713931171787555e-01,-1.688923694430682076e-01,-6.731105119078333310e-01,-5.954784252572553616e-01,-6.467902161926440963e-01,-5.169056757133170255e-01,-2.460586909716910575e-01,1.528577201710545203e-02,-1.579331901029477903e-01,-3.722079778259271277e-01,-6.057206916155428722e-01,-5.420250280258179787e-01,-5.797474365794574869e-01,-5.247186573178778124e-01,-4.563881741322270424e-01,-5.162937882001602530e-01,-2.114687811794360162e-01,-1.634310450719081986e-01,-5.039624282801622585e-02,-7.573934505204468759e-02,2.241357659667251867e-01,-9.282653217318243000e-02,-3.977930952603832560e-01,-3.603218345666215350e-01,-4.769503343691279817e-01,-4.128300025799734874e-01,-1.922125898138994371e-01,1.067994858318359608e-01
5.185130220165347081e-01,4.142501295694640540e-01,1.000000000000000000e+00,4.740918150912465934e-01,1.246538155067821313e-01,3.165604615641032238e-02,5.426871451109502864e-01,-4.519519896618408306e-02,-8.764831993497552987e-02,-8.855701855526051935e-02,3.540294390955023851e-01,1.408026228969220736e-02,3.130375420387270236e-01,4.113116996088942573e-02,2.543100397498567200e-01,-1.126626467788003766e-01,-1.800068038238403223e-01,2.628148195502626877e-02,5.173166449385715460e-01,2.744931950345784744e-01,-1.025984670847897989e-01,9.277173627648183096e-02,7.094401914203324333e-01,5.606738982029229046e-01,1.562390836299541730e-01,1.036943850188018351e-01,1.219368522953772765e-01,1.597916842660432046e-01,-2.609860064978800631e-01,-1.120187949925683102e-01,-8.926023256291824859e-02,1.543760231421336948e-01,3.179783053912312862e-01,-1.473119187924810947e-01,3.782492254371684903e-01,6.245590642687373628e-02,1.072241540312656310e-01,2.206333949026117180e-01,-1.903175650530036234e-01,-9.542933726646103676e-02,4.004461299256373841e-01,1.412021763103639693e-01,-1.639379071163887813e-01,-3.337755057775423917e-02,2.095326594960147393e-01,-2.468783462598375666e-02,-2.553785597355184844e-01,-2.806075038414206912e-01,-1.536180132377753804e-01,-1.635315042158592969e-01,-1.760478002872218339e-01,-1.579423227523978901e-01,-3.550933927564390857e-01,-3.721257839808762569e-01,-3.992451865229492136e-01,-3.707239222902858344e-01,3.654406845834027862e-01,3.889709558915863119e-01,3.553947701882924082e-01,1.370102902127678934e-01,2.960416814120902518e-01,-1.412569722070645684e-01,-3.497325275292301749e-01,-2.080714355839986818e-01,3.568559941003084379e-01,-9.602752580544260397e-02,4.441047606218421206e-01,1.770797896750831713e-01,2.901602551662256224e-01,3.567372696574571678e-01,2.352821646205726647e-01,8.781727394980239076e-02,2.816280774174693968e-02,-4.833226405229355122e-02,-2.246106637381304061e-01,-2.294372689725084347e-01,-1.236674893661712932e-01,-1.273844776923621358e-01,-5.004212434558859002e-01,-2.633696280043562599e-01,-3.265355979259753072e-01,-2.193228597065223218e-01,8.608207055428332422e-02,-5.963848407151777636e-02,4.501825388308838827e-01,-3.618561196742384189e-01,4.615709526951590203e-01,3.126585370865478386e-01,8.016868003534335929e-02,-2.572279212491637712e-01,-5.544591302521296727e-01,-3.744043800186762638e-01,-5.749573619428798299e-01,-1.392751872763927923e-01,-3.410930411494352832e-01,-3.375541394875213874e-01,-3.241291447958738470e-01,-4.335245862339008327e-01,-4.761329622433440045e-01,-3.525134192867857563e-01,-5.051428232215877667e-01,-3.020463984255312151e-01,-3.807333060875958131e-01,-2.968727525120493649e-01,-3.152293779067510959e-01,-1.599606382808700655e-01,-1.287315434862519314e-01,-7.131001006874601589e-02,1.476178625490594531e-01,-2.469125936952754619e-01,-3.070602229736363320e-01,-4.007475073574907065e-01,-4.570365922431842143e-01,-3.801899134453148310e-01,-1.740705816812750939e-01,-1.432341908130112806e-01
-4.399653872585841154e-03,2.351543075282712669e-01,4.740918150912465934e-01,1.000000000000000000e+00,4.257116046293399902e-01,4.260175483859183765e-01,1.759656064421709354e-01,3.498055887248309737e-01,5.310407338997098076e-02,3.706051978474345088e-01,-1.659973195673863922e-01,4.162410471495859299e-01,-2.256928826979673064e-01,1.857147097301530270e-01,-8.409571929888649822e-02,2.060713853544267060e-01,2.480199274411001159e-02,2.955850489395852598e-01,1.224802449376582586e-01,2.834934210676524069e-01,-5.820009178312697540e-02,2.018612339579304582e-01,5.398194931836187704e-01,6.891337453680344005e-01,3.651347408268243999e-01,4.269079817073031524e-01,2.949503298028032794e-01,4.312962197680763610e-01,-1.083063729911025175e-01,1.218980385352143488e-02,2.708903648265139075e-01,5.850535059099657431e-01,3.514928457107370507e-02,1.571660475491393483e-01,5.398080773718061387e-02,-3.913111973131744997e-02,-1.116671879887394386e-01,1.122882081513462693e-01,-1.483073775825420326e-01,-6.895835283534518245e-02,3.173755505275246414e-01,1.384258508775334517e-01,-1.078634394927726475e-01,1.427410277427058616e-01,2.003018340643258205e-02,-1.397592176972481115e-01,-1.620337497060428400e-01,-2.225695165860329949e-01,-1.201651183020578106e-01,-2.326610942283938721e-01,-2.229485215382121521e-01,-1.077675466735465992e-01,-1.571432159255141126e-01,-1.435994967910153020e-01,-3.623447164198187465e-01,-1.375673818292240114e-01,6.943325060675040183e-02,1.544719159613597570e-01,-1.167380915959076622e-02,-5.342371612072449594e-02,-1.278182785412418920e-01,5.910879040341195795e-02,-1.077401487251962997e-01,2.979549714718862652e-01,-1.202541616341962910e-02,6.566603270858401009e-02,8.955247734532145731e-02,2.023772286518611130e-01,9.007760468870222581e-02,1.132654016425070076e-01,3.490475788204726593e-01,2.190443138982942628e-01,3.090260257677704403e-02,3.000874451184847302e-01,-6.087595807200637393e-02,-3.843703837310982752e-02,-2.882515314311546728e-01,-1.552299258657180991e-01,-2.468395324996746631e-01,-1.057035678978239246e-01,-1.535495183668996177e-01,-4.792586115176408756e-02,8.089929199135137416e-02,-3.182500017123717634e-02,-1.169504256956224869e-01,-5.902203023363600254e-02,4.798362515953596974e-01,3.217637885882979054e-01,-2.936945905034144544e-01,2.372205694663564578e-03,-2.026375091611889723e-01,-2.038064882908018349e-01,-3.212203959460169234e-01,-1.868243266383402268e-01,-2.221220167629780751e-01,-2.146560758375210265e-01,-2.254828317606149823e-01,-4.610389758646906561e-02,-1.829931801940231362e-01,-1.355308010018516363e-01,-1.781483096607449079e-01,-3.043249944633312776e-01,-8.646107550646249529e-02,-2.071079410670131071e-01,-1.492389078264522717e-01,-9.249090730589123663e-03,-1.351928929721979422e-01,7.126891314622056661e-02,2.269235072113683083e-02,-2.609860064978800631e-01,-3.162613672946124055e-01,-6.481669630972466956e-02,-1.620428823554929398e-01,-1.126854784024256262e-01,-1.071099959131393692e-01,-3.601688626883323835e-02
-1.501978360187128103e-01,-9.706864784275404112e-02,1.246538155067821313e-01,4.257116046293399902e-01,1.000000000000000000e+00,9.068789398820518155e-01,1.263387893303256349e-01,1.410925845169627435e-01,3.266954192913520405e-01,8.313701942286221280e-01,-5.456986362671208818e-02,3.966332487802204931e-01,4.232298071412752410e-02,4.221955345910513580e-01,-2.526775786606513113e-02,5.401254369401971012e-01,9.854813705367029830e-02,-2.910347063510727514e-02,-5.123644657742545960e-02,-1.378596266116272340e-01,2.451545586761311457e-01,4.484245038117395388e-01,4.456299130800088770e-01,5.648429526768936615e-01,8.980248362401795914e-01,8.772434924164762560e-01,8.311373116676445960e-01,8.626084216726903620e-01,1.266447330869040211e-01,3.691439739354184790e-01,7.370618896821610200e-01,6.678683711234757459e-01,8.494048937302078883e-02,2.810572868268381135e-03,1.031418597270707671e-01,1.133475954875579061e-01,-2.855300018950247543e-01,-1.737463726257965357e-01,5.139626794280221372e-02,-2.388416147437492573e-02,1.911897330754881996e-01,9.695905604935284305e-02,-4.931859019290438934e-02,9.873535636739735888e-02,-8.246097504731854377e-02,-1.785501462365493286e-01,-8.752502916739918204e-02,-7.610465103004869503e-02,-1.650703556482012169e-01,-3.029048674738406555e-01,-6.098098354068252902e-02,-7.029856914214740495e-03,-1.441109251602209207e-01,2.118546356187027413e-02,-2.663423054003639101e-01,-8.870770727118718058e-02,-1.600565311000961277e-01,-5.811789793807606991e-02,-4.567922938703940228e-02,2.532255376276573017e-02,-1.390103404423398692e-01,1.507549276351689282e-01,1.023655845238122392e-01,1.497275045720326270e-01,-4.838249362426910033e-02,2.061764108231028680e-01,1.319873330152127044e-01,2.493144805006518305e-01,-1.944135583313736093e-01,-1.759199431949204084e-01,3.222432526844281608e-01,2.306975745966222957e-01,-1.309142467048259317e-01,3.132156287030039565e-01,-7.523704933228916869e-02,-1.574856902798928704e-01,-4.331318823075465119e-01,-3.755231295763135635e-01,-1.844566872684017325e-02,1.396907228263723488e-01,-2.615819118744991401e-02,2.933178687135978152e-02,2.787627086525004128e-01,2.621298708415051651e-02,-7.335115722084344092e-02,1.003107383975396644e-01,3.865416711378596437e-01,1.899339937760994024e-01,-9.662114801969912126e-02,1.724906333264077385e-01,-1.443438077211984805e-01,-1.290420535675553537e-01,-1.813538696177301179e-01,-1.263616209539508983e-01,-3.104530022443485748e-01,-2.186470436472148782e-01,-3.258232512688674642e-01,-1.507183970373685289e-01,-2.622006488747434250e-01,-2.973293849845544123e-01,-2.450951964547054829e-01,-8.457974971974181744e-02,-1.508690857532951624e-01,-1.710750726616421802e-01,-4.009712572690181664e-01,-2.644107500416676970e-01,-2.928132898314798060e-01,-3.967519732230718188e-01,-2.286290294961745573e-01,-3.660069088493089762e-01,-4.418672615065675213e-01,-2.561046053668014633e-01,-2.568580489464347139e-01,-2.971375993461022880e-01,6.230065138622202514e-02,-1.842854500912123328e-01
-2.009434026881953550e-01,-3.099849539600309581e-02,3.165604615641032238e-02,4.260175483859183765e-01,9.068789398820518155e-01,1.000000000000000000e+00,-9.908239704650116664e-02,-1.120804403763564841e-02,1.281744518697958135e-01,7.809123060168178254e-01,-1.693398692661231275e-01,4.438490464372392696e-01,-1.730477249428638564e-01,3.453123251953816308e-01,-1.802396863848178821e-01,5.611716275979533597e-01,1.212336382877195612e-01,1.728513729796866960e-01,-1.771345855717837703e-01,-1.507594939598939643e-01,2.399215505412236327e-01,4.451961122311290930e-01,3.807287397628707493e-01,5.726148373589291518e-01,9.080935822589152329e-01,9.233999027372833401e-01,8.359228199794972447e-01,8.895954007977369127e-01,7.618684487509960745e-02,4.599773053661164735e-01,7.506923689864357652e-01,7.125955218053421358e-01,2.637052528716474654e-03,-2.143661142174803358e-02,1.691823310631088845e-03,6.342853359330942464e-02,-2.455244309788602031e-01,-1.018678551287817702e-01,1.274301409396126350e-01,6.983052085782975871e-02,1.982264394767905002e-01,1.259460854039713418e-01,-9.481288342857925600e-02,1.104845098849514540e-01,-7.386258559004905966e-02,-1.058085933665000727e-01,-1.197952459993287533e-01,-2.249143243323462396e-02,-1.604720666500756843e-01,-2.330857624278235285e-01,-2.533625273694088340e-02,7.407720285212641975e-02,-7.591514855395911816e-03,1.721253273484037172e-01,-1.948245275566281298e-01,3.490726936064604546e-02,-1.730477249428638564e-01,2.531342111331563033e-02,-3.948272673514631459e-02,1.052241038016936553e-01,-3.210103450086645993e-01,-1.176056932936671989e-02,6.646970586019283755e-02,1.939021299621679906e-01,-2.105144193119005136e-01,7.087620921986624578e-02,3.639132489628735256e-02,2.094048024037133415e-01,-2.363780825545847009e-01,-1.744404539840041513e-01,2.783928363497713554e-01,1.427044971449054622e-01,-2.686437330617892361e-01,2.393827242236677144e-01,-1.430835020970846194e-01,-2.275696421599629204e-01,-5.215633269328682209e-01,-4.508035589934907272e-01,-3.398030544146085630e-02,1.506088052439673031e-01,4.777973876056248320e-02,1.210464189739925006e-01,3.260104705825945248e-01,1.258364936105701160e-01,-8.851135530801002016e-02,2.356292052996764863e-01,4.176931384121518875e-01,2.991376495756742915e-01,-1.554719410761457588e-01,3.381112311039775054e-01,-9.347951660886461012e-02,-9.676727041090073256e-02,-1.651616821427022153e-01,-1.570016598590375512e-01,-2.969047167851247560e-01,-1.229962396315889273e-01,-3.764911904180242019e-01,-1.469374801650269735e-01,-2.766667656037024026e-01,-3.242022059914746457e-01,-2.228069654717355907e-01,-1.501704380703625108e-01,-1.133430291628328562e-01,-1.475813319512590538e-01,-4.462144026448152667e-01,-2.965074465340453713e-01,-2.651322293482256676e-01,-3.365906449705358128e-01,-2.891236994536392491e-01,-3.289420510560767674e-01,-4.718680149501471299e-01,-2.055142937379705881e-01,-2.127975816744256121e-01,-2.684245494749868399e-01,2.541159709490421140e-03,-1.830571087401738350e-01
3.046766014671601353e-01,-3.105329129270369831e-02,5.426871451109502864e-01,1.759656064421709354e-01,1.263387893303256349e-01,-9.908239704650116664e-02,1.000000000000000000e+00,4.808819399573961983e-01,3.482804362666642173e-01,1.087858370872327868e-01,5.479155869211327357e-01,1.046807111594126732e-01,6.240453527371692122e-01,2.469034610458253620e-01,1.674905077524778130e-01,-4.212662875095036369e-02,-1.442387822525223184e-01,-4.202000506862044737e-01,4.326478518866911926e-01,5.109489051094890516e-02,-2.680683761464329184e-01,-1.532390082855962232e-01,3.465087022733447375e-01,1.458506948804650372e-01,1.439077237099561923e-02,-5.500823080031690127e-02,-1.032217704097591546e-02,-5.581190395192573567e-02,-4.855144763909596123e-02,-1.902536365068529245e-01,-2.692076741653329219e-02,-1.102082472390859130e-02,1.891303206244905610e-01,7.488087600373524721e-02,2.615293991401610452e-01,1.584035215496279458e-01,-1.698604302847788461e-01,-2.410129021505106328e-01,-3.178915452214553516e-01,-3.805917500211192794e-01,-1.580838788188744515e-01,-2.022174072864843519e-01,6.983052085782975871e-02,2.698012963795894462e-02,3.271771665498448591e-03,-1.833676188214772573e-01,-2.824043526207279178e-02,-1.692850733694225285e-01,-2.947562610019886526e-03,-3.012176104879346270e-02,1.392957357376555134e-02,-1.933838521058748022e-03,-2.675752130761274716e-01,-3.149553984232480452e-01,-1.192518533570477851e-01,-1.842352205192367975e-01,5.017705924121382277e-02,-6.907707727819648036e-02,1.380194479770039950e-01,-1.023792834979873889e-01,6.533657237967163134e-01,4.015009509371240126e-01,3.244602033384400008e-02,3.700777873416912639e-02,4.188027553203391151e-01,2.936397946067138554e-01,2.552507026432170867e-01,6.205863617579437247e-02,-2.463760505400820408e-02,1.671503165604615662e-02,2.391315763637899550e-01,2.100669194888456215e-01,2.842925278945361844e-01,2.345150220667642227e-01,1.305078438042964473e-01,1.930847578363840134e-01,1.708421901006646204e-01,1.987652657943464463e-01,-1.770592412138204466e-02,-1.239916984216498652e-01,-1.798424161337385252e-01,-2.048658756270134718e-01,-3.055716011132699750e-01,-4.322460153108867997e-01,1.866827705718636654e-01,-2.271586729347083999e-01,-6.370251307681243369e-02,-1.734541278433933409e-01,7.907276210133130923e-02,-3.695914737584733989e-01,-1.677096913392802091e-01,-1.269735084671076153e-01,-3.316749964040192900e-02,1.155576966544821921e-01,-2.043270493094575535e-01,-3.598012735479658164e-01,-1.733901992972426143e-01,-1.332339396651514019e-01,-3.276337990223498944e-03,-3.321316288765242819e-02,-1.896554479678713434e-01,1.736961430538209727e-01,-2.954480591978337345e-01,-1.181376701241355354e-01,-2.019114635299059934e-01,-1.083520362383530167e-01,1.641570907031911775e-01,-2.336656856679049099e-01,1.644310701866941726e-01,-2.435837429707138901e-01,-2.463760505400820408e-02,-2.057243446753228844e-01,-1.279780999066186531e-01,1.824246727657543882e-03,2.546410982924228808e-02,-4.124646966019694383e-01
-1.240464943183504642e-01,-1.304530479075958482e-01,-4.519519896618408306e-02,3.498055887248309737e-01,1.410925845169627435e-01,-1.120804403763564841e-02,4.808819399573961983e-01,1.000000000000000000e+00,5.062615727792250109e-01,4.022543945167572632e-01,1.151147631561523221e-01,4.859916573247273219e-01,2.363826488793097647e-01,4.906995381162540526e-01,-1.462570977809944939e-01,2.532186881405697476e-01,-2.829979748349844421e-02,-1.547184974965124804e-01,1.020094111952583316e-01,6.287144197685330671e-02,-3.166449385715166542e-01,-1.699517567792798445e-01,4.118139953286498178e-02,7.988785106475276496e-03,-6.126409567363563791e-02,-4.323167933441250665e-02,-1.301653694499176894e-01,-4.615869348316967158e-02,1.109776729552568730e-01,-9.191783355289744051e-02,1.014751512024274632e-01,1.421063086059238811e-01,-4.090285372463692282e-02,3.341659265415341529e-01,-6.505871152015232917e-02,-1.061465013961537807e-01,-3.605912477253995219e-01,-2.869729605081406398e-01,-4.056882707099950247e-01,-3.593126768023854334e-01,-2.697259520216261364e-01,-9.190413457872229075e-02,9.167581834246979477e-02,2.837970816618682387e-03,-2.102358735036724546e-01,-4.021630680222562648e-01,-3.577715422076810110e-03,-2.044229421286835879e-01,1.676982755274675913e-02,2.675181340170643476e-02,-7.489457497791041085e-02,1.433255173075122790e-01,-1.722440517912550428e-01,-1.942948338885223114e-01,-1.173705275703271073e-01,3.169714307893577165e-02,-1.913312891419647610e-01,-2.582370790133998728e-01,-2.785298260915228252e-01,-2.140350556749142097e-01,3.635091292247065731e-01,7.903052359762460233e-01,1.746687702202566750e-01,5.093438419686339147e-01,1.309507773026263311e-01,6.120633166586375573e-01,-2.301998452015918128e-01,-1.024888752913886009e-01,-1.435720988426650024e-01,-1.772304783910098325e-01,2.392366018324661170e-01,2.987951752212955059e-01,3.716371872352958738e-01,5.297187828918077379e-01,2.027379683051400705e-01,3.274579955204354187e-01,1.151330284550525218e-01,2.721552367753528046e-01,2.835390843149028783e-01,5.370226192895255490e-02,5.948322903086607216e-02,1.398322788928489102e-01,-4.621417432857902741e-01,-3.533079597889444701e-01,-1.964318738598457847e-01,2.007607496991933582e-01,-2.296564525593108586e-01,-3.276086842363620799e-01,-1.512663560043745470e-01,-1.772304783910098325e-01,1.068862460016119093e-01,1.851644676007844917e-03,2.588763644749069170e-01,1.111420606453586701e-01,-9.588596973896604259e-02,-2.005689640607412616e-01,-3.535933550842600831e-02,1.953268232763836487e-01,2.693515133941720152e-01,1.176353744043800165e-01,1.517686517241300659e-01,2.342501752327113274e-01,-4.030923151038039859e-02,-2.382479925294927331e-02,6.464317597017277262e-02,7.923714979143312021e-02,1.819337928578114993e-01,4.112203731143932589e-02,8.072120532707442730e-02,-1.679699718486080684e-01,1.060528917392902608e-02,8.157054172593375396e-02,1.060369096027525826e-01,2.587439410578804555e-01,2.105189856366255774e-01,-1.852535109329229712e-01
-2.696574571507503459e-01,-4.374927224199694487e-01,-8.764831993497552987e-02,5.310407338997098076e-02,3.266954192913520405e-01,1.281744518697958135e-01,3.482804362666642173e-01,5.062615727792250109e-01,1.000000000000000000e+00,5.072889958423613121e-01,-1.363732879136234089e-02,1.593259191440880851e-01,4.340268819536563516e-01,4.493606003803748417e-01,2.097153124850167361e-01,2.558077942596732046e-01,-6.807705216341049248e-02,-3.237455735189696537e-01,-9.468959266100290817e-02,-3.217409569646726419e-01,5.362463440862669933e-02,6.615919577888942915e-02,1.097972780138314029e-02,-4.737561902239554278e-03,1.704951494215608265e-01,1.334439906025037259e-01,9.714170903835483983e-02,1.200281285603063131e-01,1.040003287753802075e-01,9.057533408373269479e-02,1.491795456050266089e-01,4.373397505416802555e-02,-1.380011826781037954e-01,-1.203569039405099211e-01,6.777110840683213400e-02,-2.901899362769384729e-03,-5.813616323697626959e-02,-1.558372470541497523e-01,-2.398941525928733332e-01,-1.454374424928480021e-03,-1.515996977093032050e-01,-2.985531600108678463e-01,-4.782996833253803232e-02,-2.038704168369525338e-01,-2.036329679512499102e-01,-3.531755363719180085e-01,-6.130062627143603726e-02,-9.001367614255152694e-02,-1.844635367554892935e-01,-2.567712887766587793e-01,-1.517366874510547026e-01,-1.581204094166748508e-01,-1.945825123462004702e-01,-1.622483669681202001e-01,-1.842671847923121331e-01,-1.685316297897892501e-01,-3.074209626269152618e-01,-3.901490676706492744e-01,-3.802447093420154300e-01,-2.331953542212247266e-01,2.383233368874560776e-01,5.075173120786138359e-01,1.392660546269426924e-01,5.038254385384107609e-02,2.925027797501763560e-01,5.335453630113998758e-01,-1.019637479480078324e-01,-8.201347522426362391e-02,-3.018820107354294180e-01,-3.511800524670710688e-01,2.379169339869266209e-01,3.622853541983930836e-01,2.685752381909134456e-01,4.743109986780489895e-01,9.120548689578962531e-02,1.274940694857633339e-01,2.031443712056695550e-01,9.491334257253035422e-02,3.616004054896355679e-01,4.027292922881625103e-01,1.736915767290959367e-01,1.744221886851039516e-01,-1.362614129578596789e-01,-6.655646602996878602e-02,-5.293511937514412680e-02,-4.456961247885220939e-02,-1.337453680343570206e-01,-1.244254992705296214e-01,2.608124861583281939e-01,-1.176810376516305157e-01,2.778631426816655092e-01,2.589768236188579875e-01,3.156129491836552892e-01,4.277755834050626649e-01,-7.694257161709540426e-04,-2.712237065314425655e-01,-1.010687483018979926e-01,1.048222672258892346e-01,2.473007312969047189e-01,2.203776807180088948e-01,2.826623499676932383e-01,4.873158914949918818e-01,2.896259951733947680e-01,2.979686704460614566e-01,-4.735050423640776301e-02,-6.503587989652707957e-02,-8.042439421994616866e-02,-1.461429396628682320e-01,-1.170189205664982496e-01,-7.834671647004833039e-02,1.388642180511382718e-01,1.215852452915484189e-01,-6.586923415884874018e-03,1.775912180442887900e-01,1.318868738712616062e-01,-2.678902894821559300e-01
-3.344353397003120842e-01,-2.801326060700154441e-01,-8.855701855526051935e-02,3.706051978474345088e-01,8.313701942286221280e-01,7.809123060168178254e-01,1.087858370872327868e-01,4.022543945167572632e-01,5.072889958423613121e-01,1.000000000000000000e+00,-9.089497681448620303e-02,4.210767850334140583e-01,6.887159266556922010e-02,5.413537782912356544e-01,-1.188500167812433644e-01,5.876654436526944636e-01,8.135592446385639387e-02,-1.343024596508131385e-01,-1.581021441177746512e-01,-2.551776414476162880e-01,1.104936425344015538e-01,2.814340086166547406e-01,1.948838897780537927e-01,3.181244277824328837e-01,6.985540732758128701e-01,7.391487000815089026e-01,6.018986778206758537e-01,7.055268511309644719e-01,1.449967921568806606e-01,3.286589389231236447e-01,6.628225823022952934e-01,5.639296877318836776e-01,-4.143711371746779115e-02,7.899056825628041067e-02,-9.654352049937327263e-02,-3.698494711054386985e-02,-3.695001472639724005e-01,-2.069755176499866456e-01,-1.343161586249883022e-01,-7.315480525766629438e-02,-2.112610134044462171e-02,1.153681941783925996e-02,-4.866560575722221615e-02,2.391612574745027864e-02,-2.408530807851338718e-01,-3.509973994780690720e-01,-1.163202728835655703e-01,-5.560641933929847541e-02,-1.408734009301603474e-01,-2.243184189557272112e-01,-9.185162184438421321e-03,6.009511654402279607e-02,-3.869731888243768680e-02,8.442449467909012017e-02,-1.665955081063679732e-01,6.069787140772942013e-02,-3.414537808027142129e-01,-2.615065675165357817e-01,-3.251793994826354117e-01,-1.409327631515860102e-01,-1.075346641125690395e-01,3.531253067999424733e-01,1.743810917625785162e-01,2.260581886759713277e-01,-1.459328887255159357e-01,3.368372265056884807e-01,-1.935779209066894324e-01,-1.554833568879583671e-03,-3.627785172686985304e-01,-3.824548105089397021e-01,3.939847804396914288e-01,3.306224585548951933e-01,5.067478863624429175e-02,4.903844617102255943e-01,1.871508188561813238e-02,-4.083892517848621700e-02,-2.805618405941701643e-01,-2.337752774613061080e-01,2.458075431118132981e-01,3.661438985910605015e-01,1.883677443954071828e-01,2.914205607903394557e-01,1.883608949083196088e-03,-1.200372612097564129e-01,-1.709380829198906826e-01,2.038156209402519348e-01,1.145713705138713540e-01,-6.642860893766738828e-02,-1.483827219405053563e-02,2.017059789172787332e-01,1.101511681800227821e-01,1.303000760293066690e-02,1.014203553057268503e-01,3.164691350696022254e-02,-2.255969898787412442e-01,-2.619403683654155657e-01,-2.540725908641541242e-01,-2.919023080488322708e-02,2.014890784928388690e-02,-1.103429538184748926e-01,3.272456614207205905e-02,8.024630755566920792e-02,5.636899556838185360e-02,-3.277022938932256518e-02,-2.302181105004920125e-01,-2.080805682334487816e-01,-1.770889223245332711e-01,-1.835548381352043179e-01,-2.608079198336031301e-01,-2.626892456203238080e-01,-1.881713924322300224e-01,-4.840989157261940679e-02,-1.844818020543894932e-01,-7.313653995876608083e-02,1.622620659422953637e-01,-1.393665137708937907e-01
7.208605695576829619e-01,3.803451684859665560e-01,3.540294390955023851e-01,-1.659973195673863922e-01,-5.456986362671208818e-02,-1.693398692661231275e-01,5.479155869211327357e-01,1.151147631561523221e-01,-1.363732879136234089e-02,-9.089497681448620303e-02,1.000000000000000000e+00,1.500197493544358496e-01,6.728091344759800085e-01,1.669699467338220944e-01,2.221950779585788738e-01,1.428232215877567601e-01,2.163730139341399072e-01,-5.253328279933970613e-02,6.382009593848246842e-01,3.803177705376162288e-01,-2.855300018950247543e-01,-2.342638742068864632e-01,2.462961398573936811e-01,7.981250670678943782e-02,-6.445139033172066212e-02,-1.104342803129758910e-01,-6.170246284724045793e-02,-1.053199966209197036e-01,2.572964161200395616e-01,4.881629447314887044e-02,-1.893951674585434841e-01,-9.473982223297845728e-02,4.661646753685594891e-01,8.957987529367175683e-02,2.503008066412626964e-01,4.795325910011438708e-02,-1.091557093899618441e-01,-3.966537972414832525e-02,-2.425654525570276887e-01,-3.358965636123281695e-01,-2.811257816977138710e-02,1.587185979556564319e-01,4.039599168015635400e-02,-3.924071152471865498e-02,1.759062442207452726e-01,-1.350513369057213808e-01,-9.025569135297918655e-02,-3.563719636794531187e-01,1.512891876279997827e-01,3.020623805620689141e-03,-1.199596336894305504e-01,-1.016578041914294600e-01,-3.290653418236531014e-01,-3.958843715253123063e-01,-1.458232969321147376e-01,-3.290288112258527020e-01,4.250357885700326022e-01,3.004299194728634603e-01,3.125900422156721037e-01,5.122274760325030984e-02,5.823319763738358246e-01,1.719837712819271835e-01,2.578580740612206879e-01,1.324919118973307518e-02,2.587530737073305276e-01,3.071538326304998692e-02,2.222818381283548084e-01,5.159718623070442406e-02,3.508649760610426105e-01,3.848932279121164979e-01,8.004995559249204751e-02,1.428049562888565605e-01,8.552041261310215636e-02,-6.280751343070259396e-02,1.042880072330583663e-01,3.924756101180623506e-03,1.490151579149248118e-01,2.804842130738443018e-01,-4.761535107046067222e-02,-1.706275728385872603e-01,4.776147346166227659e-02,1.524924141930505093e-02,-1.590473733358600261e-01,-1.007125749733440850e-01,4.869505855169878883e-01,-2.107107712750776740e-01,-1.772875574500729426e-02,-1.510289071186719234e-01,-8.376694391868289014e-02,-4.735849530467660107e-01,-4.300861437159380629e-01,-4.814618631974775798e-01,-2.086878894218804625e-01,-2.102678377767478179e-01,-3.285265155060971831e-01,-1.948062622577279301e-01,-1.543897221163088584e-01,-3.689795862453166819e-01,-2.538260093290014008e-01,-3.914322049183883712e-01,-4.594567443474607549e-01,-9.831068816796768861e-02,-5.167412880232151728e-01,-4.423923888499483037e-01,-1.154892017836064433e-01,-1.278685081132174550e-01,2.506067503978410271e-01,-1.047172417572130865e-01,1.632232772969184273e-02,-2.752238069905865170e-01,-3.437757569254022705e-02,-3.911582254348853760e-01,-3.472438805540778439e-01,-2.909045660964088009e-01,-6.225498813897152595e-02,-1.906737383815575171e-01
-7.290137423542600650e-03,1.533668653778976210e-01,1.408026228969220736e-02,4.162410471495859299e-01,3.966332487802204931e-01,4.438490464372392696e-01,1.046807111594126732e-01,4.859916573247273219e-01,1.593259191440880851e-01,4.210767850334140583e-01,1.500197493544358496e-01,1.000000000000000000e+00,1.100918059585971331e-01,6.453198596311779944e-01,7.317535371892901035e-03,6.090495423401044439e-01,7.603615615917294623e-02,2.722511295945788667e-01,6.804508789033514304e-02,1.714266796654710379e-01,-1.578007666859213287e-01,1.221651685316297864e-01,4.042361794474290670e-01,4.629819470351995148e-01,4.065878366808298727e-01,4.322094847130864004e-01,3.333348554415750398e-01,3.586596923667032533e-01,1.816369817506832407e-01,2.704656966270842511e-01,4.055923778907689625e-01,5.443036240636179857e-01,5.549682754589727041e-02,2.132816120952809313e-01,2.350059019747071168e-02,-3.454652970736708101e-02,-3.193345038345711817e-01,-2.355515777793506238e-01,-1.426086043256794000e-01,-2.993340015388514241e-01,6.008598389457269623e-02,1.874042498784216082e-01,6.169789652251540801e-02,1.205715212025872812e-01,-8.097691951167723667e-02,-3.276269495352622796e-01,-1.223249898970065475e-01,-2.231585724755644484e-01,2.510337017596332362e-02,2.842537141343732306e-03,-1.594309446127642471e-01,1.415766149378180627e-01,-1.383710549808328527e-01,-1.680749973172842304e-01,-2.522962905461095806e-01,1.313046674688177033e-02,-1.780021872695433105e-01,-2.658285938687958080e-02,-2.161127334248120480e-01,-1.560381653420519765e-01,-7.041044409791114012e-02,3.360792166013301663e-01,1.358778416809554579e-01,3.960898561379395111e-01,7.110452545611875563e-02,3.567692339305325033e-01,-1.934911607369134978e-01,-6.558383886353309766e-02,-1.604446687017253848e-01,-9.189500192927219091e-02,2.612417206824829141e-01,2.432001716938096691e-01,2.516341734609773284e-01,4.458627956409864090e-01,5.187573203893248303e-02,6.504501254597717941e-02,-8.986298742662486572e-02,1.692964891812351325e-02,2.117290616887638754e-01,3.699864608471901961e-02,1.842489194934119334e-01,2.432275696421599687e-01,3.840964042475952800e-02,6.481669630972466956e-02,8.656610097513864344e-02,3.471251561112265183e-01,1.674813751030277131e-01,1.106397649256031512e-01,-4.183598218220092035e-01,-4.399882188822093476e-02,-1.278045795670667562e-01,-2.324008137190660128e-01,1.959638255755281541e-02,-8.116870515012934717e-02,-2.580498596996728122e-01,-8.556150953562760564e-02,-2.619768989632159650e-01,-1.587026158191187294e-02,-4.718155022158090905e-02,-2.710364872177155049e-01,-1.725910924703588367e-01,-3.423601962606366567e-02,-2.383644338099815407e-01,-2.417389477817936116e-01,-2.628034037384500698e-01,-2.003543467986639015e-01,5.003093685001221147e-02,-9.757550988723460994e-02,-1.723559267470187520e-02,-3.481206149012874840e-01,-3.898613892129710878e-01,-1.094662194712652664e-01,1.659630721319485178e-02,-4.219055729710106950e-02,2.034320496633477138e-01,-2.410905296708364953e-01
3.131288685332280219e-01,-8.166643454515981615e-02,3.130375420387270236e-01,-2.256928826979673064e-01,4.232298071412752410e-02,-1.730477249428638564e-01,6.240453527371692122e-01,2.363826488793097647e-01,4.340268819536563516e-01,6.887159266556922010e-02,6.728091344759800085e-01,1.100918059585971331e-01,1.000000000000000000e+00,4.424791490197242383e-01,4.049530924292619183e-01,7.630100299322585544e-02,-5.498996550141670159e-02,-3.972040393708518025e-01,4.038891387683252177e-01,-1.014340542799020001e-01,-2.134733977337330280e-01,-1.771985141179344692e-01,2.802741621364920332e-01,7.185111954866446431e-03,4.640527501832238111e-02,-6.676195064259604628e-02,-6.143761601318754872e-02,-6.895835283534518245e-02,4.399653872585841154e-03,-1.457342535999762469e-02,-5.110402316039900500e-02,-1.357545509133790962e-01,3.051104023160399192e-01,-1.413893956240910021e-01,4.675848023580501112e-01,2.023772286518611130e-01,-7.851795364723771972e-03,-3.773839069017714820e-02,-3.280744493583171995e-01,-2.889867097118877237e-01,-1.421428392037243083e-01,-7.591286539159659841e-02,-1.413962451111785978e-02,-1.974318989746317865e-01,-5.672973522166081806e-02,-3.010600722849203770e-01,-2.095920217174404021e-01,-2.525474384059873678e-01,-1.083931331608784659e-01,-1.599378066572448298e-01,-1.321014911333389663e-01,-1.742167040724767191e-01,-3.019824698793805440e-01,-2.998088993102566713e-01,-2.459445328535648234e-01,-2.705296251732349222e-01,4.130240713807881159e-03,-9.632433691257086261e-02,-4.813134576439134088e-02,-1.919523093045715778e-01,6.294655801858037858e-01,3.603172682418964712e-01,8.972828084723589439e-04,-2.593923591688375718e-01,5.884051882581525783e-01,3.888248335003847145e-01,2.570407019354367106e-01,-2.628148195502626877e-02,-3.023591916691971762e-02,-3.605341686663363771e-02,1.877558568822504659e-01,2.361132357205318055e-01,2.848678848098925021e-01,6.098554986540757894e-02,1.416314108345186618e-01,9.416903164234717571e-02,4.054234238759421016e-01,3.392528122852400130e-01,1.751071373938614950e-01,1.358093468100796952e-01,-3.967907869832347501e-02,5.937363723746486716e-02,-2.736986545324197606e-01,-2.240809700700245877e-01,4.505889417314133394e-01,-2.003406478244887379e-01,-1.808333085990743994e-01,-2.438440234800417494e-01,2.725342417275319895e-01,-3.674316021635246621e-01,-7.652931922947836529e-02,-3.395290749311055678e-02,1.112699177376600818e-01,3.170970047192965824e-01,-1.759975707152462709e-01,-3.448328610992513754e-01,-1.404898296532561264e-01,-1.541203089575308993e-01,1.966487742842856767e-02,-5.388948124267960854e-02,-1.069364755735874584e-01,3.758427723070670856e-01,-1.735363216884442394e-01,1.237245684252344206e-02,-7.062506135998848633e-02,-6.948348017872595095e-02,1.050825477352170939e-01,-9.339275643908864777e-02,3.160125025970971641e-02,-1.157083853704088394e-01,1.341654699090616409e-01,-1.388459527522380721e-01,-2.005050355145905627e-01,-1.126215498562749273e-01,9.419642959069748911e-02,-2.949411971533531518e-01
