0.000000000000000000e+00,4.795209794897001832e-01,-8.891818222440681097e-02,-1.460744447919924971e-01,-2.694177577192903850e-01,-2.404754457303722170e-01,1.759730104115465321e-01,8.339961571115778183e-02,-3.168595558335939727e-02,-2.097591492023772319e-01,4.342955449305151983e-01,4.707895795165110142e-01,1.475266991375843439e-01,5.678537915009607140e-02,-5.627597301041154659e-02,-2.593324098485186857e-01,4.853702131462531710e-01,4.161580052728003909e-01,4.799857008802895786e-01,5.662451405335359178e-01,-3.163814290182760391e-01,-3.926314848742124552e-01,-2.218553107824299542e-01,-3.674158809598284114e-01,-4.250592072925510334e-01,-4.685017203628401572e-01,-4.058849814558291302e-01,-3.369721614013137523e-01,2.625720541579159018e-01,-4.953304437195585330e-02,-6.970374011349926568e-02,-2.369810983511327629e-01,2.554582421019706007e-01,2.024665981500513856e-01,-3.616604852763751765e-01,-2.566245140533535696e-01,-2.556369810983511459e-01,-2.042584565887662629e-01,-1.734617275124000213e-01,-2.809330175611064045e-02,-9.906608874391170660e-02,1.302560436123151033e-01,-1.883640913356271485e-01,-3.024263818758657699e-02,7.139282362929531833e-02,3.949238125027927648e-02,8.484740158184012060e-02,2.648018231377630843e-02,1.050717190222976855e-01,1.585817060637204623e-01,1.463917065105679316e-01,1.816703159211761065e-01,1.173957728227355973e-01,-1.532240046472138975e-02,-9.202377228651861807e-02,-1.944948389114795062e-01,7.151079136690647875e-01,3.688681353054202861e-01,4.382635506501630918e-01,3.683140444166406180e-01,3.994861253854059546e-01,1.275615532418785392e-01,4.620224317440457806e-01,2.455158854283033265e-01,-3.511148844899235621e-01,-1.805800080432548305e-01,-1.796058805129809310e-01,-1.878457482461236006e-01,3.595156173198087446e-01,2.068948567853791387e-01,1.267929755574422335e-01,-9.736806827829662392e-02,3.507484695473435110e-01,2.683408552660976887e-01,-3.588185352339246653e-02,-1.794762947406050302e-01,2.340095625363063647e-01,7.679967826980652057e-02,-1.717190222976897884e-01,2.157826533804012639e-02,1.381116225032396339e-01,-7.855578890924527768e-02,-3.712096161580052955e-01,-2.494213324992180236e-01,-3.155636981098350891e-01,-2.654586889494615631e-01,-3.189865498905223862e-01,-3.597122302158273222e-01,8.173734304481880542e-02,-3.094597613834398353e-01,-2.904151213190938052e-01,-2.125385405960945606e-01,-1.223915277715715566e-01,-2.497788104919790864e-01,-1.910317708566066364e-01,-3.570579561195764140e-01,-2.367532061307475733e-01,-1.294427811787836891e-01,3.401403101121586864e-02,-1.498726484650788650e-02,1.866884132445596201e-01,-2.474864828633987213e-01,4.212431297198266505e-02,-4.707091469681397994e-02,-2.777916796997184634e-01,-4.908351579605880755e-01,-1.900129585772376006e-01,-2.636802359354752379e-01,-3.561642611376736878e-01,9.467804638276955398e-02,-9.416864024308503611e-02,-5.031949595603020520e-02,-5.290674292863845572e-03,-2.373653871933508949e-02,-1.776084722284284323e-01,-1.723848250592072973e-01
4.795209794897001832e-01,0.000000000000000000e+00,7.531167612493855357e-02,9.209079941016130866e-02,-3.700924974306269433e-01,-3.018812279369051388e-01,7.505697305509630157e-02,1.618302873229366945e-01,-3.879083068948567803e-01,-1.555744224496179440e-01,3.050493766477501145e-01,3.777067786764377044e-01,9.430269449037043117e-02,1.548773403637338508e-01,-1.463783010858394074e-01,-1.171187273783457772e-01,2.126725948433799418e-01,4.053621698914160465e-01,5.035569060279726505e-01,7.403994816569104964e-01,-2.274274989945931358e-01,-2.197015058760445061e-01,6.227266633897850928e-02,2.317797935564591683e-02,-1.901782921488895939e-01,-2.045444389829751131e-01,-3.275436793422404902e-01,-3.485187005674962868e-01,1.650252468832387465e-01,2.070870012064882359e-01,2.190133607399794569e-01,-1.438848920863309384e-03,3.588319406586532034e-01,3.428035211582287078e-01,-3.053666383663255490e-01,-2.273113186469457869e-01,-6.111979981232405074e-02,5.530631395504714137e-02,-2.289914652129228234e-01,7.879261807944948348e-02,1.874525224540864177e-02,1.416864024308503445e-01,-2.593055989990616234e-02,2.953661915188346074e-02,3.657402028687609108e-01,2.762053711068412354e-01,1.613789713570758233e-01,-2.806202243174404486e-03,1.542696277760400303e-01,6.653112292774475411e-02,9.363242325394342813e-02,9.479869520532642480e-02,-5.039546002949193276e-02,1.468340855266097589e-01,-1.284597166986907457e-01,-1.855400151928146835e-01,5.988337280486170089e-01,6.521783815183878064e-01,3.058671075561910646e-01,2.169891416059698819e-01,1.335627150453550238e-01,7.959247508825237349e-02,3.547611600160864853e-01,9.795343849144287629e-02,-1.907502569373072943e-01,-3.572232896912284072e-01,-1.315653067608025251e-01,-8.434693239197461889e-02,6.006702712364270225e-01,6.194289289065642024e-01,1.270163993029179150e-01,-1.024442557755038258e-01,4.724875999821260830e-01,4.638053532329415862e-01,-1.167165646364895677e-02,1.309844050225658085e-01,6.683944769650118634e-02,1.224764287948523211e-01,-1.164842039411948665e-01,2.691898654989052231e-01,1.775771929040618480e-01,9.306939541534474392e-02,-3.111041601501407516e-01,-8.384199472719960911e-02,-2.583538138433352782e-01,-2.287725099423566777e-01,-3.829036149962017910e-01,-2.476026632110460701e-01,-2.067563340631842217e-01,-3.413959515617319695e-01,-2.796282228875284770e-01,-2.210152374994414359e-01,6.394387595513651053e-03,-1.477679967826980578e-01,-2.490191697573618246e-01,-2.765494436748737739e-01,-1.045801867822512138e-01,-3.714285714285714413e-01,-1.251307028911032571e-01,-2.454935430537557584e-01,5.413557352875463663e-02,-2.116001608650967536e-01,-1.590106796550337376e-01,-2.856070423164573935e-01,-1.981947361365565818e-01,-2.624111890611734443e-01,-3.103757987398900742e-01,-3.934670896822914377e-01,-1.615711157781848928e-01,3.990348094195451251e-03,-3.112382143974261606e-01,-3.103311139907949379e-01,-8.997721077796147493e-02,-2.169131775325081612e-01,-1.037713928236292937e-01,-1.432905849233656603e-01
-8.891818222440681097e-02,7.531167612493855357e-02,0.000000000000000000e+00,3.510791366906474975e-01,4.183430895035524233e-01,2.569104964475624198e-01,4.733455471647526891e-01,1.561285133383976016e-02,1.803878636221457610e-01,2.529424907279145818e-01,1.076544975199964227e-01,-3.104338889137137625e-01,2.152285624916216167e-01,6.066848384646320036e-02,4.187899369945037864e-01,2.865945752714598727e-01,-6.558380624692791705e-02,-3.923320970552750253e-03,3.469234550248000426e-01,2.839849859243040453e-01,1.402207426605299734e-01,3.386657133920192853e-02,6.089458867688457566e-01,5.365387193350908968e-01,6.923052862058179935e-01,5.462665892131015610e-01,5.726752759283256777e-01,4.505876044506010314e-01,-1.970597435095401972e-01,-1.364538183118101655e-01,6.582421019705974041e-01,6.273068501720362455e-01,4.212029134456409807e-01,2.407658965994906031e-01,4.830555431431252655e-01,2.547969078153626277e-01,3.320970552750346361e-01,1.724786630323070780e-01,-1.904061843692747558e-01,-1.936949819026766162e-01,3.936771080030385672e-01,2.303766924348719658e-01,-3.011349926270163735e-01,-1.366414942580097547e-01,-2.375932794137360915e-01,-3.830376692434871999e-01,-2.032664551588542756e-01,-2.998748827025336516e-01,-4.733589525894811856e-01,-4.588498145582912691e-01,-5.000849010232807368e-01,-6.025291567987846042e-01,-3.660798069618839135e-01,-3.622681978640689970e-01,-6.151749407927074170e-02,-2.324679386925242452e-01,-4.447473077438670458e-02,1.134545779525447939e-01,-1.300147459672013894e-01,-3.487599982126100562e-01,-2.099646990482148534e-01,-4.699271638589749278e-01,1.553241878546851862e-01,-9.709995978372581646e-03,6.437106215648599195e-01,-1.753340184994861273e-01,3.030966531122927798e-01,1.644756244693686142e-01,1.619107198713079232e-01,2.002100183207471407e-01,2.325349658161669497e-01,4.216229500871352398e-01,1.964430939720273606e-01,5.768354260690826407e-02,3.955583359399437171e-01,3.371464319227847339e-02,1.079047321149291805e-01,1.905581125161982248e-01,-2.804951070199740992e-01,7.877474417981143728e-02,6.024397873005943316e-02,1.321015237499441330e-01,4.082577416327807240e-01,3.311452701193082770e-01,2.372894231198891812e-01,3.923320970552750253e-02,4.853612761964341549e-01,2.301532686893963120e-01,3.607846641941105797e-02,-1.933911256088297059e-01,-3.092274006881451376e-01,-3.699048214844273819e-01,-4.047455203539032098e-01,-2.823495241074221451e-01,-1.992671701148397978e-01,-3.981411144376424405e-01,-3.009160373564502278e-01,-1.751954957772912103e-01,8.223334375977478516e-02,-8.622816032887975490e-02,-4.383573886232629002e-01,-3.225747352428616210e-01,2.930157737164305609e-01,6.876982885741096674e-02,-2.302158273381295014e-02,-2.833013092631485059e-03,1.683631976406452513e-01,1.845703561374502921e-01,-4.360337816703159508e-02,-2.528441842799052930e-01,-4.212654720943742048e-01,-1.255462710576880081e-01,-2.257786317529827114e-01,2.008624156575360697e-01,-3.486616917646007674e-01,-3.131507216586978948e-01
-1.460744447919924971e-01,9.209079941016130866e-02,3.510791366906474975e-01,0.000000000000000000e+00,1.802314670003127839e-01,2.680325304973412703e-01,-1.616694222261941954e-02,4.597524464900129559e-01,7.452522454086420167e-02,3.180079538853389232e-01,-2.827114705750927159e-01,-2.366280888332812082e-01,-1.221636355511863808e-01,-5.111041601501407905e-02,-1.020376245587381048e-01,5.331337414540417152e-02,-1.494928280977702306e-01,-1.813575226775101523e-01,5.707583001921444354e-02,4.767862728450780047e-02,-1.560614862147549076e-01,-1.524956432369632131e-01,6.668305107466822035e-01,7.721703382635506374e-01,4.212163188703695327e-01,4.841145716966799295e-01,2.174851423209258616e-01,1.811385674069440066e-01,-3.140399481656910297e-01,-2.557397560212699150e-01,4.515840743554224712e-01,5.457169667992314288e-01,2.772197149113007630e-01,2.627239823048393430e-01,4.433620805219178895e-01,3.385718754189195323e-01,-1.380758747039635345e-02,-1.393806693775414551e-01,1.215872022878591585e-01,2.954332186424773465e-01,5.114169533938067030e-02,-9.741275302739174635e-03,-1.025961839224272809e-01,-1.340676527101300197e-01,-1.557978461950936255e-01,-1.887483801778453152e-01,-2.416998078555789020e-01,-3.733232047902050876e-01,-3.222708789490146830e-01,-2.383841994727199654e-01,-3.140042003664149650e-01,-3.188659010679655292e-01,-3.665355914026542927e-01,-4.231198891818222646e-02,2.049242593502837578e-02,-3.384422896465436037e-02,-7.156262567585683354e-02,2.124536395728137961e-01,-1.293087269314982801e-01,-4.928727825193261747e-02,-2.770499128647392895e-01,4.895661110862862403e-02,5.858617453862996483e-02,-4.325930559899906352e-02,5.056392153358059138e-01,3.428973591313284608e-01,2.029894097144644416e-01,2.298404754457303856e-01,8.930693954153447189e-02,2.777559319004423988e-01,1.813039009785959998e-01,3.159077706778676276e-01,4.255328656329594728e-02,-5.532418785468519451e-02,-1.693864783949238229e-01,-1.891460744447920062e-01,-9.526341659591582023e-02,-3.814290182760624037e-02,-3.994816569104964535e-03,-2.095267885070825273e-02,-1.227534742392421413e-01,-7.986952053264220752e-02,-9.115688815407301405e-04,-1.261092988962866923e-01,3.036909602752580484e-01,4.377898923097546802e-01,5.162875910451762695e-02,-8.745699092899593408e-02,-6.376066848384646935e-02,3.248045042227087897e-01,-2.312257026676795280e-01,-2.127709012913892583e-01,-1.661691764600741750e-01,-1.902721301219893746e-01,-7.826086956521739746e-02,-8.493677108003037934e-02,-9.260914249966487044e-02,-1.007998570088028956e-01,-6.044506010098753268e-02,-7.482908083471111194e-02,-3.472451852182850129e-01,-1.591760132266857308e-01,9.709549130881629797e-02,6.005183430895035673e-02,-6.952053264220921236e-02,-2.556861343223557764e-02,-1.047946735779078653e-01,4.922025112828991300e-02,7.569596496715670642e-02,-2.336118682693596668e-02,-1.493855846999418979e-01,-2.920148353366995922e-02,-2.189284597166986923e-01,-1.556369810983511404e-02,-3.881808838643370785e-01,5.313463514902364015e-02
-2.694177577192903850e-01,-3.700924974306269433e-01,4.183430895035524233e-01,1.802314670003127839e-01,0.000000000000000000e+00,4.782653380401268861e-01,2.384378211716341178e-01,1.333169489253317741e-01,5.962554180258278214e-01,5.068501720362840191e-01,1.144778587068233655e-01,4.990392778944546109e-02,4.272398230483935855e-01,2.944993073863890198e-01,3.833728048617007222e-01,5.051923678448545507e-01,-1.744090441932168445e-01,-1.559810536663836511e-01,-4.357209884266499689e-02,-1.989856561955404557e-01,3.344117252781625416e-01,2.684972518879306658e-01,2.190357031145270250e-01,3.394700388757317389e-01,4.754144510478573449e-01,4.391885249564323468e-01,7.142320925868000936e-01,7.538272487599981808e-01,-9.916439519192099539e-02,-1.333884445238839866e-01,2.271862013494794219e-01,3.706733991688636598e-01,-2.677510165780419213e-02,-1.589704633808481093e-01,3.353456365342508683e-01,4.434782608695652106e-01,2.998793511774431320e-01,2.235265203985879745e-01,9.178247464140489031e-02,-8.027615174940792853e-02,1.255283971580499480e-01,1.226372938915947924e-01,-1.290540238616560142e-01,-6.694222261941999708e-02,-3.563564055587827850e-01,-2.850261405782206769e-01,-1.342106439072344726e-01,-4.067652710130032628e-02,-1.366102149336431426e-01,-1.088118325215603893e-01,-5.742168997721077695e-01,-3.625363063586398149e-01,-3.314223155636981111e-01,-4.457303722239599475e-01,1.451807498100898264e-01,1.351400866884132357e-01,-5.236292953215068158e-01,-4.982170785111041389e-01,-6.302560436123151311e-01,-4.031904910853925661e-01,-5.425488180883863976e-01,-1.059386031547432799e-01,-2.270029938781893686e-01,-7.526699137584343113e-02,2.784127977121408359e-01,1.835336699584431963e-01,6.684838464632021637e-02,9.813217748782340766e-02,-2.119308280084007401e-01,-1.636087403369230198e-01,6.529335537780955878e-02,3.676527101300326450e-01,-1.634925599892756709e-01,-1.936726395281290480e-01,5.258858751508109775e-01,9.545556101702488971e-02,1.734304481880334370e-01,3.324813441172527750e-01,-2.535948880647035386e-01,-2.935788015550292764e-03,1.294919344027883334e-01,3.234014031011215873e-01,6.249474954198132037e-01,4.109298896286697200e-01,3.544215559229634827e-01,3.725188793064926895e-01,6.988516019482550190e-01,6.061486214754904234e-01,9.427141516600384685e-02,1.842933106930604581e-01,-2.184101166271951444e-01,-2.858572769113901235e-01,-5.523258411904017340e-01,-3.758478931140801782e-01,2.106975289333750390e-01,-9.466464095804101586e-02,-2.334554716475266967e-01,7.684883149381116496e-02,3.047499888288127123e-02,-8.528978059788194788e-02,-3.078913266902006396e-01,-2.098261763260199364e-01,6.353098887349747370e-01,4.134322355779972424e-01,3.000536216989141414e-01,2.317619196568211359e-01,5.657491398185798825e-01,6.739443228026275046e-01,2.553599356539613119e-01,2.871441976853299910e-02,-7.243397828321193610e-02,1.909379328835068557e-01,1.532105992224853663e-01,5.796773761115331380e-01,-4.912641315519013230e-02,-4.078332365163769846e-01
-2.404754457303722170e-01,-3.018812279369051388e-01,2.569104964475624198e-01,2.680325304973412703e-01,4.782653380401268861e-01,0.000000000000000000e+00,6.013226685732159932e-02,2.035300951785155854e-01,5.753831717234907384e-01,7.661602395102551366e-01,-1.404843826801912554e-01,1.685955583359399421e-02,1.598418159882032397e-01,1.838151838777425384e-01,3.013673533223110712e-01,4.447115599445908840e-01,-3.228026274632467829e-01,-3.698243889360561254e-01,-1.772331203360293095e-01,-2.625988650073730057e-01,1.847490951338308374e-01,4.635595871129183365e-02,1.325573081907145123e-01,3.264131551901335859e-01,3.476562849099602559e-01,5.611734215112381685e-01,5.418517360025023599e-01,6.333571651995174578e-01,-2.388623262880378850e-01,-1.076187497207203164e-01,1.863532776263461255e-01,2.670673399168863593e-01,-1.214352741409357034e-01,-2.758881093882658009e-01,1.328656329594709307e-01,9.609455292908530843e-02,1.154787970865543550e-01,1.692032709236337695e-01,2.721569328388220854e-01,1.931274855891684239e-01,1.805263863443406711e-03,1.114750435676303691e-01,-1.029313195406407755e-01,-9.751105947540104901e-02,-1.947763528307788483e-01,-2.197059743509540142e-01,3.895616426113767544e-02,-1.582152911211403556e-01,-2.020063452343714983e-01,-1.951248938737208949e-01,-2.344430046025291481e-01,-3.154475177621877680e-01,-2.645024353188256683e-01,-4.116135662898252612e-01,3.800393225792036977e-01,1.752759283256624390e-01,-3.380267214799588804e-01,-4.194602082309307756e-01,-3.434246391706510804e-01,-1.259260914249966390e-01,-3.641807051253407451e-02,6.510567943160999044e-03,-1.443093972027346961e-01,-1.452120291344564107e-01,2.996693328566960024e-01,1.311050538451226655e-01,-5.151704723177979311e-02,-1.720720318155413431e-01,-1.585772375888109265e-01,2.524241476384110269e-02,2.967782295902408607e-01,4.281067071808391522e-01,-8.832834353635103664e-02,-1.437687117386835800e-01,1.900084901023280648e-01,-2.716073104249519532e-01,8.474909513383081794e-02,1.569641181464765944e-01,-1.192189105858170589e-02,-4.842486259439653107e-02,1.005451539389606297e-01,-6.381429018276062182e-02,5.447785870682335663e-01,1.053621698914160576e-01,4.271504535502033129e-01,2.404307609812770807e-01,4.174851423209258727e-01,1.341168059341346919e-01,3.955538674650341813e-01,2.980338710398141022e-01,-4.523437150900398024e-02,-2.405603467536529816e-01,-3.201304794673577869e-01,-2.671254300907100476e-01,3.195361723043925184e-01,2.704321015237499612e-02,2.157156262567585803e-01,-3.921980428079896441e-02,1.848608070065686435e-02,-1.340095625363063592e-01,-2.896152643102908875e-01,-1.322802627463246783e-01,3.800840073282988341e-01,2.027078957951650995e-01,1.331918316278654091e-01,1.272800393225791971e-01,2.787926180794494946e-01,3.456052549264935769e-01,1.546181688189820769e-01,1.422002770454443843e-01,5.141874078377049739e-02,7.671477724652575603e-02,-1.542964386254971204e-02,1.776620939273425848e-01,-1.006568658116984705e-01,1.098797980249340868e-02
1.759730104115465321e-01,7.505697305509630157e-02,4.733455471647526891e-01,-1.616694222261941954e-02,2.384378211716341178e-01,6.013226685732159932e-02,0.000000000000000000e+00,1.826042271772644054e-01,1.631574243710621486e-01,-3.408999508467759620e-02,5.163233388444523619e-01,6.100808793958621690e-02,6.147727780508512874e-01,1.368872603780329766e-01,1.497743420170695727e-01,1.470128245229903111e-02,9.564770543813395920e-02,7.182179722060860749e-02,6.018901648867241994e-01,3.774654810313239905e-01,9.071897761294070439e-02,3.892041646186156830e-03,1.596139237678180500e-01,3.581035792484025398e-02,7.519549577729120471e-02,-1.476384110103221708e-02,2.202466598150051302e-01,1.506188837749675991e-01,2.216810402609589448e-01,-1.231064837570937029e-02,1.807095938156307313e-01,1.573930917377898975e-01,4.077706778676437605e-01,1.249474954198132176e-01,-1.106841235086464953e-02,3.878636221457616544e-03,2.063988560704231590e-02,-8.555788909245275187e-02,-1.916975736181241452e-01,-2.923186916305464678e-01,6.356852406273738598e-02,-3.292819160820412150e-02,-1.463559587112918392e-01,-1.357120514768309638e-01,-4.618168818982081730e-02,-2.475847893114080100e-01,-3.626927029804727920e-01,-3.456365342508601612e-01,-1.807587470396353757e-01,-2.512221278877518893e-01,-2.723937620090263190e-01,-4.493408999508467505e-01,-3.273649403458599449e-01,-1.691541176996291251e-01,-2.476786272845077908e-01,-2.572322266410473901e-01,-1.249832432190893169e-02,-2.728450779748871693e-02,-1.293355377809553564e-01,-2.990169355199070456e-01,4.655704008221994011e-02,-1.533133741454041632e-01,1.603959068769828800e-01,2.646230841413825530e-02,5.156620045578443751e-02,-2.920639885607042574e-01,1.720228785915366987e-01,-1.291076455605701667e-01,2.383171723490772609e-01,1.102953661915188344e-01,1.768086152196255423e-01,4.509048661691764659e-01,3.133115867554403522e-01,2.305822422807095873e-01,2.565932347289869853e-01,1.526520398587961902e-01,2.113409893203449796e-01,2.353277626346128026e-01,-6.484650788685820955e-02,1.104472943384422895e-01,1.431118459269851151e-01,2.158362750793154372e-01,3.435765673175745216e-01,3.412440234148085283e-01,-6.885919835560123589e-03,-7.987845748246123756e-02,2.803118995486840181e-01,1.805576656687072623e-01,1.542517538764019876e-02,-3.833906787613387546e-01,-1.633004155681665737e-01,-2.852719066982438711e-01,-2.142276241118906133e-01,-1.072970195272353600e-01,1.311899548684034023e-01,-2.396666517717503109e-01,-1.851110416015014082e-01,-2.478350239063407678e-01,-1.023459493274945231e-01,-1.028240761428124567e-01,-1.543902765985968872e-01,-1.911032664551588489e-01,-2.290987086107511631e-02,-2.575003351356182080e-01,-1.984449707314893396e-01,-1.166986907368515181e-01,1.184458644264712451e-01,9.357880155502926178e-02,-1.638813173064033180e-01,2.985834934536842414e-02,-2.867554403682023301e-01,-1.928102238705929616e-01,1.238214397426158457e-02,4.341570222083202674e-02,-1.296885472988069110e-01,-2.488046829617051592e-01
8.339961571115778183e-02,1.618302873229366945e-01,1.561285133383976016e-02,4.597524464900129559e-01,1.333169489253317741e-01,2.035300951785155854e-01,1.826042271772644054e-01,0.000000000000000000e+00,5.967648241655123392e-02,3.344072568032530612e-01,1.593592206979757842e-01,4.326153983645381618e-01,1.704410384735689787e-01,4.841815988203226340e-01,7.599535278609410860e-02,2.921265472094374260e-01,1.217033826355065074e-01,1.300728361410250777e-01,2.275838956164261129e-01,2.456633451003172597e-01,-6.774207962822288709e-02,-3.037311765494436488e-01,1.760579114348272967e-01,3.512355333124804746e-01,-2.242280709593815619e-02,5.164663300415568009e-02,-6.069529469592028353e-02,-4.487689351624290363e-02,1.524107422136824763e-01,2.208811832521560270e-01,2.217033826355065129e-01,3.214397426158452364e-01,2.307877921265472088e-01,4.023816971267706322e-01,1.024174449260467461e-02,7.237141963447875359e-02,-2.587917243844675697e-01,-1.602126994056928266e-01,-1.837258143795522658e-01,1.152285624916216111e-01,9.970061218106260337e-02,7.134813888020018202e-02,1.117744313865677713e-01,1.218776531569775168e-01,1.228696545868894902e-01,1.734572590374905132e-01,-1.813709281022387043e-01,-3.326019929398096320e-01,2.530944188748380022e-02,-1.000044684749095206e-02,6.246927923499709205e-03,-6.347468608963760528e-02,-1.241476384110103276e-01,-2.184726752759283130e-01,6.738460163546181741e-03,-1.936637025783100319e-01,-8.967335448411457854e-02,5.860851691317753298e-02,-1.475088252379462839e-01,7.482461235980160386e-02,9.787747441798114179e-02,6.131775325081549877e-01,5.474775459135797218e-02,1.984136914071227553e-01,-4.341570222083202674e-02,2.246481076008758349e-01,-1.467402475535099782e-01,2.618973144465793976e-02,6.349255998927566536e-02,3.146521292282943860e-01,3.802091246257652268e-01,4.679610348987890411e-01,2.953795969435631386e-01,3.632289199696143722e-01,-6.870727020867778423e-02,1.385048482952768167e-01,2.404173555565485565e-01,2.844943920639885770e-01,9.037490504490817977e-02,2.257786317529827114e-01,3.232360695294695940e-01,2.133875508289020950e-01,1.018722909870861115e-01,-7.136601277983824210e-02,1.845480137629027240e-01,1.714285714285714302e-01,-5.499352071138120801e-02,-1.414272308860985705e-01,1.041914294651235529e-01,-9.679610348987890966e-02,-1.972027347066446223e-01,-4.958264444345145128e-01,-1.614817462799946479e-01,-4.656999865945752881e-01,-1.063407658965994929e-01,-1.824791098797980127e-01,-1.408329237231333020e-01,-2.029402564904597972e-01,-2.451762813351802961e-01,-2.662272666338978411e-01,1.688055766566870786e-01,-3.654095357254569243e-01,1.029849412395549418e-01,-1.840832923723133285e-01,1.330086241565753558e-01,-1.773582376334956745e-01,8.197864068993251929e-02,1.120604137807766215e-01,-5.904642745430984524e-02,6.195540462040305396e-02,-2.180660440591626059e-01,-2.113320523705259357e-01,2.285178068725144188e-02,9.742615845212028447e-02,-1.239376200902631980e-01,-5.403726708074534091e-02
-3.168595558335939727e-02,-3.879083068948567803e-01,1.803878636221457610e-01,7.452522454086420167e-02,5.962554180258278214e-01,5.753831717234907384e-01,1.631574243710621486e-01,5.967648241655123392e-02,0.000000000000000000e+00,5.852987175477010195e-01,1.585861745386299773e-02,1.185933240984851818e-02,2.505161088520487800e-01,1.089905715179409207e-01,4.988247910987979594e-01,3.388712632378569345e-01,-1.727512400017873762e-01,-2.367710800303856333e-01,-1.409312301711425908e-01,-2.268376603065373753e-01,1.577818490549175515e-02,-3.218195629831538396e-02,6.169176460074176499e-02,4.959560302068903581e-02,2.394789758255507495e-01,3.106081594351847719e-01,4.125161982215470036e-01,4.822869654586889321e-01,-1.210912015729031649e-01,-2.966799231422315719e-01,1.088297064211984494e-01,1.940033066714330345e-01,-1.241967916350149720e-01,-2.474373296393940769e-01,8.359176013226685131e-02,7.365834040841860719e-02,7.757272442915233088e-03,6.001608650967425046e-02,3.194646767058402781e-01,1.737253675320613033e-01,-1.480807900263640120e-01,1.404575718307341792e-01,-1.372492068457035752e-01,-2.677957013271370368e-02,-4.861924125296036570e-01,-3.065373787926180538e-01,9.717592385718754056e-02,4.334420662227981419e-02,-1.907994101613119386e-01,-2.051700254703069937e-01,-2.110416015014075775e-01,-2.164842039411948582e-01,-3.562715045355020066e-02,-3.064748201438848851e-01,5.103623933151615333e-01,2.915277715715626217e-01,-2.935653961303007486e-01,-6.452522454086420112e-01,-3.542383484516734571e-01,-1.690379373519817763e-01,-8.223781223468430712e-02,-1.169310514321462019e-01,-7.332320479020509874e-02,-1.314446579382456681e-01,1.387729567898476346e-01,1.044863488091514331e-01,-2.107690245319272515e-01,-2.964341570222083222e-01,-2.897359131328477444e-01,-3.092363376379641537e-01,2.048482952768220233e-01,2.937664775012288065e-01,-1.348675097189329375e-01,-1.521605076187497185e-01,2.703337950757406238e-01,-3.045220966084275505e-01,1.691675231243576494e-01,1.964520309218463767e-01,-1.249609008445417557e-01,-2.509852987175477113e-01,5.510970105902855687e-02,-1.079226060145672267e-01,3.619330622458554747e-01,4.053800437910540927e-02,3.340989320344966429e-01,2.231690424058268840e-01,3.396219670226551801e-01,1.661200232360695306e-01,6.115465391661826233e-01,2.849546449796684366e-01,-4.787077170561686995e-02,-1.686983332588587459e-01,-3.273917511953170489e-01,-2.904732114929174935e-01,2.850708253273158133e-01,-9.719826623173510871e-02,3.084588230037088250e-02,-6.025291567987845626e-02,1.519236784485455127e-01,-4.178024040395013523e-03,-1.017069574154341183e-01,-1.461772197149112940e-01,4.323875061441529999e-01,3.257339470038875806e-01,-2.044327271102372792e-02,-2.413423298628178046e-02,1.774922918807810834e-01,4.002681084945707846e-01,7.981589883372805505e-02,2.953215067697395058e-01,1.122570266767952130e-01,2.440636310827114797e-01,1.564547120067920905e-01,3.863175298270700164e-01,5.876491353501050313e-02,-1.719558514678939942e-01
-2.097591492023772319e-01,-1.555744224496179440e-01,2.529424907279145818e-01,3.180079538853389232e-01,5.068501720362840191e-01,7.661602395102551366e-01,-3.408999508467759620e-02,3.344072568032530612e-01,5.852987175477010195e-01,0.000000000000000000e+00,-2.269091559050896018e-02,1.499530810134501180e-01,2.659502211895080070e-01,4.185173600250234327e-01,4.306492694043522751e-01,5.965682112694937755e-01,-4.007462353098887320e-01,-3.551990705572188323e-01,-1.269046874301800742e-01,-1.896778229590240783e-01,4.150319495956029947e-02,-8.899861477277805355e-02,1.614728093301756040e-01,3.494392063988560615e-01,3.812189999553152742e-01,5.378032977344832100e-01,4.580588944993073675e-01,5.287010143438044540e-01,-2.829348943205683975e-01,-1.613968452567138834e-01,1.887036954287501789e-01,2.396174985477456665e-01,-1.670047812681531851e-01,-1.908843111845927032e-01,1.848071853076544979e-01,1.794628893158764782e-01,5.551633227579427093e-02,1.738192055051610840e-01,2.221681040260958806e-01,3.151570668930693819e-01,6.094999776576254247e-02,2.082800840073283088e-01,-3.436257205415791435e-03,1.058090173823673930e-01,-1.502748112069350606e-01,-8.719335090933463817e-02,1.299387818937396688e-01,-9.986594575271459662e-02,-1.546807274677152733e-01,-1.571160462934000634e-01,-2.196746950265874299e-01,-1.838777425264757071e-01,-1.356941775771929037e-01,-4.110192591268599926e-01,4.524152106885919733e-01,1.754770096965905524e-01,-3.271459850752937992e-01,-2.956387684883149403e-01,-2.517583448768935250e-01,8.253273157871218041e-03,-1.677018633540372505e-02,1.983421958085705428e-01,-2.166495375128468792e-01,-1.245944859019616630e-01,2.504043969793109392e-01,1.345457795254479672e-01,-1.036373385763438987e-01,-7.377898923097546413e-02,-2.171544751776218751e-01,8.172393762009026730e-02,2.415657536082934931e-01,3.584565887662540806e-01,-1.056794316099915060e-01,-1.155100764109209532e-01,1.591223915277715784e-01,-1.768622369185396948e-01,5.276375173153402542e-02,1.356137450288216750e-01,-2.003976942669467021e-01,-5.645471200679208490e-02,-1.425443496134769098e-03,-2.555520800750703952e-02,3.442736494034586148e-01,2.901380758747039781e-02,3.207605344295991756e-01,2.043791054113231198e-01,2.910317708566066419e-01,4.366593681576477759e-02,5.176057911434827075e-01,2.374234773671745902e-01,1.067071808391795856e-02,-2.881317306403324285e-01,-2.482684659725635512e-01,-2.948567853791501103e-01,1.538004379105411268e-01,-6.219670226551678172e-02,1.101657804191429474e-01,-1.299432503686491769e-01,1.271996067742079684e-01,-1.044416640600562968e-01,-4.804504222708789324e-02,-9.807408731399973323e-02,4.172929978998167755e-01,2.625273694088207654e-01,3.125519460208230904e-01,2.370168461504088553e-01,2.159837347513293704e-01,4.853299968720675706e-01,1.198489655480584476e-01,1.124447026229947744e-01,1.103936726395281231e-01,1.296617364493498348e-01,1.836364448813619932e-01,4.125876938200991884e-01,6.567764422002769775e-02,-1.355914026542741069e-01
4.342955449305151983e-01,3.050493766477501145e-01,1.076544975199964227e-01,-2.827114705750927159e-01,1.144778587068233655e-01,-1.404843826801912554e-01,5.163233388444523619e-01,1.593592206979757842e-01,1.585861745386299773e-02,-2.269091559050896018e-02,0.000000000000000000e+00,5.923499709549130410e-01,7.338308235399257917e-01,5.074578846239777841e-01,1.894052459895437801e-01,1.841279771214084648e-01,2.290450869118370036e-01,3.348362303945663365e-01,6.605612404486348455e-01,4.356048080790026478e-01,-7.262612270432101946e-02,-2.527726886813530527e-01,-4.162831225702667837e-02,-1.804995754948836018e-01,-1.135618213503731128e-01,-3.254524330845882107e-01,-9.182269091559050467e-02,-8.635774610125564188e-02,3.852227534742392323e-01,2.043388891371374916e-01,1.390589391840564744e-02,-7.049912864739264762e-02,2.040886545422047338e-01,1.071763707046784891e-01,-1.769918226909155956e-01,-3.707493632423253943e-02,-1.852808436480629095e-01,-1.062692702980472803e-01,-2.906430135394789671e-01,-3.321238661244916845e-01,2.064435408195183091e-02,-1.386567764422002788e-02,9.682291433933598590e-02,-7.775146342553286224e-03,1.282675722775816485e-01,-2.980025917154475318e-02,-1.328254166852853024e-01,-3.730282854461772213e-02,4.959113454577952773e-02,6.673220429867286752e-02,-7.151347245185218915e-02,-7.779614817462800203e-02,-8.674650341838330281e-02,-1.223915277715715566e-01,-3.400688145136064877e-01,-4.743688279190312329e-01,2.680950891460744390e-01,1.671433039903481022e-01,-3.286116448456141703e-02,-9.331069306045847167e-02,2.030206890388310537e-01,1.027078957951651078e-01,1.797399347602663122e-01,7.441798114303588285e-02,-1.646588319406586398e-01,-2.102238705929666274e-01,-4.955985522141292954e-02,-1.476160686357746166e-01,3.408373921980428212e-01,1.122838375262522892e-01,2.030072836141025017e-01,1.325662451405335285e-01,4.179364582867867162e-01,3.135662898252826181e-01,2.860672952321372531e-01,3.089726976183028717e-01,3.756423432682425290e-01,3.517225970776173827e-01,-2.456410027257696915e-01,2.637651369587559746e-01,2.054783502390634120e-01,2.667813575226775091e-01,-6.648196970374010972e-02,2.337012377675499238e-03,-1.348183564949282931e-01,-3.151615353679789178e-01,-1.764153894275883802e-02,-2.126547209437418956e-02,-3.633316948925331691e-02,-5.907457884623977806e-01,-2.402922382590821637e-01,-3.779033915724563375e-01,-5.541802582778497521e-02,-1.668841324455963282e-01,8.512891550113946271e-02,-1.624290629608114711e-01,-3.255105232584118991e-01,-2.148353366995844338e-01,-1.696322445149470448e-01,-2.961168953036328877e-01,9.105858170606372093e-02,-3.474730774386701748e-01,-1.080343178873050675e-01,-3.898520934804950988e-01,-5.997587023548862917e-02,-3.228651861119800071e-01,6.523973367889538896e-03,-7.361365565932347088e-02,-2.626569551811966385e-01,2.962598865007372989e-02,-2.881898208141561168e-01,-2.809151436614683583e-01,-2.214129317663881408e-02,8.279637159837346938e-02,8.963313820992895031e-02,-4.291478618347557838e-01
4.707895795165110142e-01,3.777067786764377044e-01,-3.104338889137137625e-01,-2.366280888332812082e-01,4.990392778944546109e-02,1.685955583359399421e-02,6.100808793958621690e-02,4.326153983645381618e-01,1.185933240984851818e-02,1.499530810134501180e-01,5.923499709549130410e-01,0.000000000000000000e+00,4.183609634031905111e-01,6.741454041735556180e-01,-3.896510121095670114e-03,2.580678314491264280e-01,2.505786675007820041e-01,3.439608561597926606e-01,2.323606952946959125e-01,3.503150274811206999e-01,-1.339470038875731628e-01,-2.566691988024487059e-01,-4.178560257384154597e-01,-3.260780195719201191e-01,-4.260020554984583763e-01,-4.065105679431609831e-01,-2.855087358684481047e-01,-1.137182179722060898e-01,3.714062290540238731e-01,2.358327002993878263e-01,-2.217972206086062936e-01,-2.417757719290406226e-01,-6.013673533223110740e-02,4.923812502792796614e-02,-4.143974261584520979e-01,-1.364627552616292094e-01,-2.913088163009964759e-01,-1.309263148487421237e-02,-1.606014567228205014e-01,-7.069127306850171710e-02,-1.709057598641583742e-01,8.031189954868403480e-02,1.280664909066535628e-01,1.654586889494615576e-01,2.628178202779391515e-01,3.381384333526967212e-01,2.333035435006032554e-01,1.816837213459046307e-01,4.108717994548460872e-01,3.722373653871933752e-01,2.266812636847043982e-01,3.190714509138031230e-01,6.078019571920103420e-02,-2.208722463023370108e-01,2.622994771884355932e-03,-5.027481120693507582e-02,1.966397068680459381e-01,4.248625943965324975e-02,-1.322668573215961393e-03,2.629161267259484402e-01,2.135126681263684600e-01,4.770499128647392451e-01,1.184101166271951389e-01,1.645292461682827667e-01,-5.065507842173466724e-01,-6.679923142231555810e-02,-2.555699539747084414e-01,-1.421377183967112157e-01,1.541445104785736653e-01,1.631350819965145804e-01,1.258322534518968583e-01,-4.633808481165378051e-03,1.864739264489029824e-01,2.984985924304034977e-01,6.906921667634836892e-02,2.274364359444121797e-01,3.707359578175968284e-01,3.675007819831091482e-01,-1.577863175298270804e-01,2.503284329058492186e-01,3.583448768935162398e-01,2.257026676795209907e-01,-1.498726484650788615e-01,-3.432682425488180894e-02,-2.565887662540775049e-01,-1.726886813530542075e-01,-2.171187273783457827e-01,8.150498234952410770e-03,-4.276330488404307510e-03,-2.785468519594262449e-01,-2.025336252736940901e-01,-3.614281245810804788e-01,-1.755931900442379012e-01,-4.169980785557889091e-01,1.274766522185978024e-01,-1.217033826355065074e-01,-1.240359265382724868e-01,-1.406720586263908168e-01,-7.998123240538004830e-02,-1.998659457527146022e-01,3.287144197685329949e-01,-3.479333303543500344e-01,1.472585906430135261e-01,-1.104383573886232595e-01,1.562938469100496053e-01,-1.935117744313865629e-01,3.664149425800974219e-02,5.017203628401626508e-02,-1.129094240135841698e-01,1.383797309978104517e-01,-8.450332901380758210e-02,-8.183564949282809420e-02,2.033513561821350402e-01,1.754367934224049241e-01,2.101434380445953709e-01,-1.477367174583314735e-01
1.475266991375843439e-01,9.430269449037043117e-02,2.152285624916216167e-01,-1.221636355511863808e-01,4.272398230483935855e-01,1.598418159882032397e-01,6.147727780508512874e-01,1.704410384735689787e-01,2.505161088520487800e-01,2.659502211895080070e-01,7.338308235399257917e-01,4.183609634031905111e-01,0.000000000000000000e+00,5.351981768622369184e-01,2.430001340542472799e-01,2.892443808928013005e-01,-9.432950533982751087e-03,5.509182715939049679e-02,4.964564993967559015e-01,1.320076857768443523e-01,1.715983734751329315e-01,-1.002770454443898257e-01,6.365789356092765860e-02,3.702131462531838002e-02,1.703784798248357824e-01,1.610885204879574512e-02,2.726842128781447050e-01,2.210063005496224198e-01,2.229768979847178145e-01,6.246927923499709379e-02,5.930559899906161919e-02,-3.906787613387550928e-02,5.200411099691674977e-02,-1.731489342687340949e-01,5.687474864828633708e-02,2.157737164305822408e-01,7.054381339648778393e-02,1.227981589883372776e-01,-1.145314804057375180e-01,-1.596898878412797707e-01,1.824031458063362851e-02,8.650967424817909007e-03,1.663032307073595839e-01,1.324098485187005791e-01,3.780329773448322384e-02,-1.340855266097680798e-01,-1.282050136288484798e-01,7.364046650878055406e-03,-6.609321238661244879e-02,-9.205505161088520238e-02,-2.943250368649180104e-01,-2.570177398453907802e-01,-2.832164082398677118e-01,-2.382814245498011407e-01,-1.843782117163412226e-01,-1.826891282005451422e-01,-8.707717056168728931e-02,-1.454309844050225564e-01,-3.980874927387282880e-01,-3.337950757406497049e-01,5.062335224987711546e-02,7.124983243219089324e-02,-1.337816703159211695e-01,-1.911658251038920453e-01,3.910362393315161555e-02,-5.334465346977076972e-02,1.628759104517627995e-02,-1.975825550739532532e-01,2.576567317574511851e-01,1.045801867822512138e-01,1.411189061173421522e-01,2.945976138343983086e-01,2.054336654899682757e-01,1.364761606863577337e-01,3.957236695115957104e-01,2.730640332454533081e-01,2.951517047231779767e-01,4.187184413959515461e-01,-1.898967782295902518e-01,1.846329147861834885e-01,1.146253183788372987e-01,3.035703114527011914e-01,2.055989990616202689e-01,2.200142991197104325e-01,6.169176460074176499e-02,1.398632646677688959e-03,2.654854997989186116e-01,1.722731131864694565e-01,1.256490459806068327e-01,-3.032217704097591726e-01,-1.810089816345681335e-01,-2.842396889941463112e-01,-1.502435318825684762e-01,-1.318468206801018949e-01,2.654184726752759071e-01,-2.524688323875061424e-02,-1.651771750301622155e-01,-1.559050895929219305e-01,-1.879440546941328893e-01,-3.265203985879619464e-01,-1.336073997944501462e-02,-1.783725814379552299e-01,6.836766611555476769e-02,-1.791277536976629836e-01,7.907860047365833367e-02,1.073774520756065956e-02,1.952276687966397195e-01,2.358371687742973344e-01,-1.617230439251083618e-01,1.061933062245855458e-01,-7.060190357031145142e-03,-1.745565038652308054e-01,1.480986639260020443e-01,2.713794182045667913e-01,1.990348094195451001e-01,-4.030340944635595890e-01
