0.000000000000000000e+00,6.793020242191339930e-01,-8.337727333661021367e-02,3.518030296259886530e-02,-1.418159882032262453e-01,-4.439697931096117101e-01,8.850261405782205992e-02,1.384467581214531562e-01,3.840207337235801432e-02,-3.890254256222351603e-02,4.430537557531614712e-01,3.822869654586889543e-01,3.859511148844899098e-01,2.953661915188346421e-01,4.617721971491130228e-02,-4.552035390321283043e-02,2.980651503641806865e-01,2.766343446981545107e-01,6.327941373609187181e-01,3.628714419768532817e-01,-1.306269270298047180e-01,-2.818713972921042116e-02,-3.264846507886858262e-01,-4.453952366057464807e-01,-4.457080298494123793e-01,-5.058537021314625237e-01,-2.313731623396934611e-01,-3.031324009115689000e-01,-1.509450824433620879e-02,-5.778631752982706787e-02,-1.985745565038652405e-01,-2.905447070914696783e-01,-2.922248536574467148e-01,-2.148174627999463737e-01,-5.812770901291389736e-01,-5.608070065686581174e-01,-4.545600786451584052e-01,-4.811743152062201156e-01,-3.629518745252245382e-01,-3.782698065150364442e-01,-2.891103266455158707e-02,4.100272576969480470e-02,7.321149291746727183e-02,9.743062692702980643e-02,3.503418383305777484e-01,3.211895080209124509e-01,1.528352473300862435e-01,2.776710308771616204e-02,3.090173823673980080e-01,3.536976629876223410e-01,4.099781044729433610e-01,4.520756065954689706e-01,2.608248804682961747e-02,-2.455426962777604027e-01,1.435676303677554944e-01,-6.632110460699763843e-02,4.600875821082264783e-01,3.560972340140310388e-01,5.827382814245497533e-01,5.885741096563742447e-01,5.432771794986370750e-01,2.618258188480271920e-01,6.014433173957728362e-01,3.901246704499753970e-01,-3.066982438893605667e-01,-9.555386746503417850e-02,-4.181911613566289820e-01,-3.189597390410652822e-01,2.020599669332856785e-01,9.841369140712274977e-02,3.595781759685419410e-02,-1.542875016756780904e-01,-1.949595603020689086e-02,-5.823763349568791825e-02,1.853970239957102584e-01,-7.755038205460476619e-02,-2.244068099557620932e-01,-2.380982170785111152e-01,1.138120559453058636e-02,-5.431431252513516800e-02,5.677644220027704830e-02,1.514991733321417455e-01,-3.846999419098262041e-01,-1.004200366414942647e-01,1.228607176370704740e-01,2.822199383350462720e-01,1.014790651950489217e-02,3.105590062111801032e-03,-1.892622547924393273e-01,-1.974753116761249483e-01,-3.099915098976719352e-01,-3.371419634478752259e-01,-4.160016086509674138e-01,-3.402520219848965688e-01,7.508825237946288589e-02,9.692122078734527468e-02,-1.469681397738951782e-02,8.233165020778408782e-02,2.975378703248581225e-01,2.737834577058849694e-01,2.796952500111711815e-01,3.183877742526475818e-01,5.325081549667098901e-02,2.280709593815630765e-01,-2.119487019080388002e-01,-3.186246034228517598e-01,-2.133339291299879426e-01,-2.445685687474864756e-01,1.828142454980115350e-01,1.033111399079494203e-01,-1.810357924840252097e-01,6.581616694222261477e-02,1.586308592877251067e-01,5.790696635238393175e-02,-1.156485991331158703e-01,-3.569283703472004854e-01
6.793020242191339930e-01,0.000000000000000000e+00,-1.139327047678627275e-01,2.469815451986236976e-01,-1.793154296438625450e-01,-3.434559184950176647e-01,-9.605433665489968020e-02,3.223647169221144915e-01,-6.472585906430135261e-02,2.318691630546494339e-02,8.291255194602081824e-02,4.278966888600920782e-01,-8.399392287412306424e-02,2.831583180660440791e-01,-5.753608293489432396e-02,1.086509674248179042e-01,1.980740873139997249e-01,5.078242995665579462e-01,6.811296304571249349e-01,6.845346083381741442e-01,-6.181688189820814389e-02,7.754144510478573615e-02,-3.805219178694311810e-01,-2.591179230528620758e-01,-4.362616738907010849e-01,-4.489298002591715631e-01,-2.925108360516555650e-01,-2.900799857008802829e-01,1.596139237678180500e-02,1.339648777872112229e-01,-1.736047187095044464e-01,-2.305196836319764186e-01,-4.970284641851736157e-02,1.150230126457839896e-01,-4.841324455963179618e-01,-4.876357299253764599e-01,-3.524241476384110117e-01,-3.519504892980026001e-01,-3.489432056839000817e-01,-3.073372358014209715e-01,-2.131462531837883829e-03,1.484874212431297191e-01,3.708387327405156947e-02,1.085035077528039710e-01,3.626167389070110159e-01,3.728272040752491079e-01,5.408642030474999224e-02,6.010545600786451614e-02,4.167344385361276271e-01,5.437910541132311426e-01,3.659859689887841050e-01,4.855668260422717486e-01,-9.547790339157245787e-02,-2.604093123017114375e-01,-5.112828991465213219e-02,-1.720496894409938027e-01,6.704901916975736231e-01,5.938647839492381397e-01,5.156843469323919571e-01,6.490191697573618468e-01,4.653425086018141976e-01,4.369319451271281296e-01,6.026319317217033733e-01,5.059386031547432605e-01,-3.866481969703740029e-01,1.273962196702265598e-02,-2.867196925689262099e-01,-7.626346128066491259e-02,4.496670986192412567e-01,2.108092408061128797e-01,1.828142454980115350e-01,-1.768264891192636024e-01,-9.359667545466732186e-02,-3.704812547477545626e-02,1.198757763975155238e-01,8.933375039099154813e-02,-2.497028464185173657e-01,-8.938290361499620640e-02,-2.223870592966620541e-01,-5.580678314491264308e-02,6.817105321953617625e-02,2.548237186648196761e-01,-3.027123642700746409e-01,1.655525269225613383e-01,-9.030340944635595335e-02,3.917780061664953850e-01,-6.002949193440278858e-02,1.525001117118727489e-01,-3.438491442870548198e-01,-2.745565038652307832e-01,-3.908530318602261300e-01,-5.714643192278475725e-01,-6.231690424058269340e-01,-5.243487197819384216e-01,-1.163948344430046078e-01,-4.376424326377407331e-02,-2.227758166137897011e-01,-9.698824791098797915e-02,2.763304884043076004e-02,1.230215827338129453e-01,3.673890701103713075e-01,1.654229411501854374e-01,3.484069886947584876e-02,1.314759372626122802e-01,-1.826176326019929297e-01,-2.583672192680638302e-01,-2.300549622413870232e-01,-1.131775325081549599e-01,5.020331560838285634e-02,-4.528799320791813965e-02,-7.277805085124447459e-02,4.562312882613164117e-02,4.492604674024755496e-02,-1.318736315295589712e-01,-3.789892309754680499e-01,-2.290584923365655279e-01
-8.337727333661021367e-02,-1.139327047678627275e-01,0.000000000000000000e+00,3.503463068054872842e-01,2.598015997140176170e-01,-2.240493319630010305e-02,8.031860226104829970e-01,1.336252736940882202e-01,4.878680906206711576e-01,-2.914830868224674854e-01,7.395325975244649262e-03,2.547030698422628192e-02,9.150542919701505629e-02,-2.242280709593815619e-02,2.284775905983287836e-01,6.081594351847714047e-02,-2.205415791590330243e-01,-1.581482639974976512e-01,7.515974797801510537e-03,2.194468028062022263e-02,1.698333258858751582e-01,-3.808928012869207402e-02,6.346038696992716277e-01,3.608516913177532426e-01,3.685329996872067637e-01,1.696903346887707331e-01,-5.780419142946512101e-02,-1.421332499218016798e-01,-5.398364538183118150e-02,-2.129317663881317435e-01,2.073327673265114579e-01,1.950846775995352667e-01,3.750480361052772604e-01,5.726797444032351997e-02,2.718217972206086186e-01,3.038384199472720093e-01,-3.153849591134545716e-02,-1.884802716832744904e-02,-1.516064167299700505e-01,-2.737298360069708170e-01,-3.766924348719781837e-03,3.437731802135930992e-01,-3.376334956879217253e-01,-2.121453148040573777e-01,-1.854863934939005379e-02,-7.297019527235354408e-03,-4.303543500603244087e-01,-3.809151436614683361e-01,-2.591983556012332768e-01,-7.483801778453014197e-02,-4.404799142052817640e-01,-2.800750703784798401e-01,-4.544394298226015483e-01,-5.006926136109746128e-01,-3.642119844497073156e-01,-4.968363197640645046e-01,-2.262433531435721068e-01,-2.052772688681352986e-01,-3.256177666562402179e-02,-3.087492738728271902e-01,-6.443540819518298046e-02,-3.495285758970463341e-01,-1.530854819250190013e-01,-4.359712230215827544e-01,5.995129362348630142e-01,3.046159345815273034e-01,3.339916886366682824e-01,5.234818356494928132e-02,1.800974127530274027e-01,-1.971535814826399780e-01,3.301577371643057979e-01,2.960990214039947999e-01,2.249474954198132093e-01,2.004915322400464828e-01,-1.124670449975423425e-01,1.669824388936056170e-01,1.848742124312972024e-01,3.825014522543455833e-03,-1.945931453594887950e-01,-3.411233745922516436e-02,-2.858483399615711074e-01,-3.528263103802672385e-01,1.247776933732517024e-01,8.929800259171544186e-02,-1.154028330130926344e-01,-4.900665802761517420e-01,2.597390410652843928e-01,-7.661647079851646724e-02,-6.769292640421824270e-02,-3.658161669422226314e-01,-2.339916886366683046e-01,5.778184905491755979e-02,1.907368515125787700e-01,2.979087537423477094e-01,-3.493900531748514449e-02,1.193038116090978096e-01,1.645739309173778822e-02,-8.314938111622503791e-02,-1.619643415702220757e-01,-1.132937128558023088e-01,-7.776040037535189575e-02,-2.532776263461280486e-01,2.358997274230305308e-01,-1.300996469904821540e-01,-3.116761249385584590e-02,2.962643549756467931e-01,-8.445417578980294465e-03,1.330577773805800001e-01,-3.575762992090799619e-01,-3.359399436972161368e-01,-6.080253809374860235e-02,-1.153938960632736044e-01,-3.249474954198132426e-02,2.342508601814200786e-01,3.494347379239465257e-02,2.742034943473792286e-01
3.518030296259886530e-02,2.469815451986236976e-01,3.503463068054872842e-01,0.000000000000000000e+00,-2.257518209035256351e-01,-1.392912998793511825e-01,4.024844720496894568e-01,8.856293846910049394e-01,1.839983913490325640e-01,1.895214263371911290e-01,-1.305464944814334893e-01,5.129272979132222243e-01,4.674024755350998477e-03,5.300773046159346080e-01,7.524911747620537106e-02,5.693775414451047734e-01,-5.102551499173332145e-02,1.461638142901827524e-02,2.482103757987398907e-01,4.440949104070780473e-01,9.041065284418428605e-02,1.158809598284105680e-01,2.888154073014880252e-01,5.096608427543679598e-01,-2.905625809911077106e-01,-2.032128334599401231e-01,-5.252156039143840438e-01,-4.935162429062960876e-01,-3.667724205728584846e-02,9.041958979400330221e-02,3.502971535814826676e-01,3.516779123285223019e-01,-7.091916528888690674e-02,2.686849278341302272e-01,-2.554716475266991527e-01,8.059788194289288499e-02,-2.859466464095803961e-01,-3.164082398677331431e-01,-4.816971267706331994e-01,-4.305598999061620025e-01,9.965592743196746706e-02,3.823897403816077789e-01,-7.572724429152330461e-02,1.412484918897180357e-02,1.689530363287010117e-01,4.131730640332454407e-01,-3.325349658161669275e-01,-2.298360069708208497e-01,1.158720228785915379e-01,3.723088609857455600e-01,-1.459135796952500119e-01,9.463336163367443155e-02,-4.037669243487198023e-01,-4.715224094016712275e-01,-3.413289244380892651e-01,-5.075785334465346965e-01,-1.885160194825506175e-01,-2.952321372715492331e-01,-6.626748290808347208e-02,1.061754323249474996e-01,-1.032977344832208821e-01,3.229903034094463443e-01,3.070557218821216572e-01,6.903793735198177073e-02,-1.807140622905402394e-01,7.570847669690334847e-01,-3.156307252334777935e-01,6.966352383931363745e-02,6.910943295053398328e-02,-4.161445998480718389e-01,2.355601233299075004e-01,3.353143572098842701e-02,1.597256356405558908e-01,4.239420885651726811e-01,1.830689485678538009e-01,5.669869073685150918e-01,5.136511908485633798e-02,3.624782161848161266e-01,-2.426694669109432934e-01,-1.143527414093569866e-01,-2.205683900084901006e-01,-2.928951248938737040e-01,-4.606997631708297652e-02,3.129853880870459015e-01,-6.953393806693775048e-01,-1.745833147146878817e-01,1.166986907368515181e-01,3.315161535367978918e-02,-5.574690558112516126e-01,-3.947629474060503352e-01,-2.745430984405022312e-01,-5.779882925957370299e-01,9.047321149291746856e-02,-3.831046963671299044e-01,-3.705259394968497128e-02,3.592206979757808782e-02,-9.479422673041690284e-02,-8.938290361499620640e-02,6.709415076634345221e-02,-1.280262746324679346e-01,2.512265963626614251e-01,-6.516376960543367181e-02,5.398722016175878657e-01,1.515974797801510343e-01,5.349658161669422485e-02,2.288171946914518140e-01,1.670628714419768457e-01,2.128155860404843946e-01,-3.147638411010322268e-01,-2.894320568390008619e-01,-2.408954823718664762e-01,-1.597658519147414913e-01,3.972027347066445918e-02,4.490191697573618357e-01,-1.178113409893203484e-01,1.541802582778497577e-01
-1.418159882032262453e-01,-1.793154296438625450e-01,2.598015997140176170e-01,-2.257518209035256351e-01,0.000000000000000000e+00,3.032932660083113574e-01,2.213816524420215426e-01,-3.052593949684972441e-01,4.830644800929442817e-01,-2.573126591894186466e-01,5.791143482729344677e-02,-2.218955270566155824e-01,1.759015148129943196e-01,-3.657670137182179593e-01,-2.508959292193574386e-01,-2.934045310335582357e-01,-2.313284775905983248e-01,-1.448590196166048560e-01,-2.723267348853836145e-01,-4.503329013807587655e-01,2.462710576880110802e-01,-4.290048706376513588e-01,1.361454935430537472e-01,-1.469636712989856597e-01,4.236739800706019188e-01,3.297689798471781786e-01,4.000580901738236550e-01,3.014120380714062075e-01,3.650744001072433846e-03,-2.674426918092854821e-01,3.050091603735645140e-01,3.285356807721524497e-01,1.872871888824344244e-01,1.232137271549220287e-01,3.740247553509987166e-01,2.651950489298002811e-01,2.714777246525760801e-01,1.689306939541534436e-01,-6.611555476116001695e-02,1.465078868582152805e-01,-3.823718664819696911e-01,-8.030743107377452672e-02,-2.583180660440591581e-01,-2.298226015460923255e-01,-2.415702220832030012e-01,-2.202690021895526984e-01,-2.597792573394700488e-01,-1.805085124447026179e-01,-3.829751105947540313e-01,-3.154966709861924401e-01,-2.363108271147057460e-01,-3.692345502480003372e-01,1.529112114035479676e-02,2.446892175700433325e-01,-1.989052236471692270e-01,8.062022431744045314e-02,-5.869341793645828365e-02,4.182939362795477789e-02,-1.070914696813977385e-01,-2.715000670271236483e-01,2.029849412395549335e-01,-1.645694624424683949e-01,-2.279949953081013558e-01,-4.114661066178113558e-01,3.981411144376424405e-01,-1.391661825818847897e-01,3.692971088967335613e-01,7.114705750927208250e-02,-8.604942133249922354e-02,2.063005496224138702e-01,2.029491934402788411e-01,4.663255730819071410e-01,2.051164037713928134e-01,-9.769873542160061042e-02,-1.272085437240269845e-01,-2.353143572098842784e-01,-1.036060592519773005e-01,-9.221144823271817947e-02,9.696143706153090291e-02,1.082264623084141369e-02,-1.719469145180749919e-02,-5.701773984539076391e-03,1.775771929040618480e-01,-9.451718128602708269e-02,1.792975557442244849e-01,-2.510970105902855520e-01,-1.327583895616426049e-02,-1.951606416729970150e-01,4.453103355824656884e-01,2.938200992001430145e-01,1.851065731265919001e-01,2.492381250279279703e-01,2.932660083113633465e-02,5.355645918048169696e-01,2.603735645024353174e-01,-6.960543366548996302e-02,1.395281290495553883e-01,-1.731846820680101873e-01,-4.925108360516555761e-01,-1.850261405782206436e-01,-4.115241967916349886e-01,-5.602126994056928072e-02,-3.386344340676527009e-01,-1.511551007641092070e-01,-2.614549354305375495e-01,-2.103311139907949531e-02,-6.157111577818490805e-02,-4.948389114795120197e-02,-2.131641270834264135e-01,-1.185843871486661621e-01,-5.023459493274945453e-02,1.146074444791992525e-01,6.570445506948478787e-02,-2.923946557040082439e-01,2.489432056839000762e-01,2.194646767058403003e-01
-4.439697931096117101e-01,-3.434559184950176647e-01,-2.240493319630010305e-02,-1.392912998793511825e-01,3.032932660083113574e-01,0.000000000000000000e+00,-1.941105500692613672e-01,-3.231601054560078734e-01,-1.634702176147281028e-01,4.710398141114437442e-01,-3.292193574333079908e-01,-3.624692792349971104e-01,-2.052191786943116381e-01,-2.571964788417713255e-01,-4.370615308995039888e-02,1.040797175923857121e-01,-3.257786317529827169e-01,-2.468832387506144088e-01,-4.122034049778810494e-01,-2.577684436301890258e-01,2.728986996738013149e-01,9.626435497564680976e-02,-7.671477724652575603e-02,9.828410563474686279e-02,5.850529514276777698e-01,7.334465346977077083e-01,6.637025783100227727e-01,7.076589659949059641e-01,-1.429777916796997062e-01,-1.617319808749273780e-01,6.322891996961436771e-03,1.145895705795611924e-01,3.661334286607980659e-01,1.327852004110997020e-01,4.305733053308905545e-01,3.080968765360382333e-01,4.717815809464229737e-01,3.832744984136914335e-01,1.897984717815809352e-01,3.631752982707002197e-01,5.722328969122838366e-02,2.451852182849993331e-02,-1.244336208052191778e-01,7.507037847982483969e-03,-3.609857455650386515e-01,-3.541757898029402329e-01,-9.708655435899726793e-02,-5.621341436167835715e-02,-2.410518789936994533e-01,-2.458510210465168211e-01,-2.841279771214084704e-01,-3.059028553554671848e-01,-1.269046874301800812e-02,1.501094776352830673e-01,-2.065060994682514917e-01,1.792305286205818013e-02,-2.400241297645113736e-01,-7.079404799142052784e-02,-1.828053085481924911e-01,-2.609097814915768976e-01,-4.028330130926315034e-02,-3.861209169310514389e-02,-5.112694937217927560e-01,-3.088877965950221349e-01,3.040573752178381550e-01,1.525894812100629938e-01,3.089146074444791834e-01,1.984270968318512796e-01,8.930693954153447189e-02,3.231601054560078734e-01,7.285848339961571718e-02,1.639751552795030987e-01,-1.125161982215469869e-01,-2.053666383663255712e-01,-1.678046382769560751e-01,-6.670986192412529936e-02,-1.763751731534027312e-01,-5.965414004200366577e-02,-1.413110505384512217e-01,-1.193306224585548997e-01,-9.231422315563697634e-02,-1.819384244157468966e-01,3.610661781134099080e-01,1.530810134501094655e-01,1.930113052415210750e-01,-2.065060994682514917e-01,5.371553688726037751e-02,1.289110326645515892e-01,3.075383171723490849e-01,3.280843648062916063e-01,1.044371955851467887e-01,2.217659412842396816e-01,1.150096072210554515e-01,1.794226730416908777e-01,-5.469860136735332085e-02,-2.516332275794271323e-01,-1.298583493453684123e-01,-2.191965682112694824e-01,-2.643907234460878275e-01,-3.347155815720094796e-01,-3.480807900263639953e-01,-2.509808302426381754e-01,-2.569417757719290596e-01,-3.036194646767058636e-01,-1.371821797220608603e-02,-1.117118727378345713e-04,1.059877563787479382e-01,3.791500960722105767e-02,-1.025738415478797128e-01,-1.292819160820412039e-01,3.680682782966173544e-02,7.013271370481254097e-02,-8.311363331694893164e-02,-2.570892354439429650e-01,1.415478797086554275e-01,2.617409178247463997e-01
8.850261405782205992e-02,-9.605433665489968020e-02,8.031860226104829970e-01,4.024844720496894568e-01,2.213816524420215426e-01,-1.941105500692613672e-01,0.000000000000000000e+00,3.470575092720854515e-01,6.204253988113856977e-01,-2.621788283658787466e-01,1.918360963403190622e-01,2.930470530407972007e-01,4.035122212788775364e-01,1.692345502480003538e-01,2.524822378122346667e-01,1.470306984226283642e-01,-1.411591223915277804e-01,-1.831270387416774614e-01,1.389159479869520597e-01,-2.908530318602261036e-02,2.559542428169265735e-02,-1.274140935698646060e-01,6.123598015997140376e-01,2.932481344117252586e-01,7.660306537378792913e-02,-6.806827829661736551e-02,-3.478305554314312653e-01,-3.515930113052415096e-01,1.150096072210554515e-01,-5.159747978015103570e-02,3.208096876536038478e-01,2.808972697618302705e-01,1.258233165020778421e-01,1.366504312078287708e-01,2.928638455695071335e-02,1.683766030653737755e-01,-9.550471424102953411e-02,-1.129451718128602761e-01,-2.602126994056928599e-01,-3.794003306671432929e-01,-8.360069708208588135e-02,2.520175164216452712e-01,-3.407971759238571652e-01,-2.553241878546851917e-01,6.626748290808347035e-03,1.203404977881049193e-01,-4.983377273336609958e-01,-4.033334822824969912e-01,-3.095580678314491241e-01,-1.125340721211850331e-01,-4.383931364225389649e-01,-2.857142857142856984e-01,-4.491487555297377088e-01,-4.193842441574690549e-01,-3.459135796952499953e-01,-4.812234684302247878e-01,-2.528397158049957572e-01,-3.003976942669466799e-01,-1.226417623665043144e-01,-2.324455963179766771e-01,3.502390634076589515e-02,-5.531078242995665639e-02,4.370615308995039888e-02,-2.502882166316636181e-01,4.142946512355333288e-01,3.733768264891192401e-01,1.065016309933419780e-01,-3.896956968586621356e-02,-7.180839179588006417e-03,-3.912730685017203891e-01,2.493721792752133792e-01,2.850127351534921250e-01,2.017963269136243687e-01,2.995084677599535450e-01,-6.946691094329505989e-02,8.713972921042048569e-02,3.255641449573260515e-01,1.436435944412172150e-01,-5.044461325349658409e-02,1.938424415746905702e-02,-1.482908083471111416e-01,-2.308592877250994213e-01,8.680459359220697724e-02,5.098083024263818513e-02,-2.628490996023057358e-01,-4.056794316099915365e-01,7.606237990973681307e-02,-2.465704455069484824e-01,-1.257205415791590453e-01,-4.010545600786451503e-01,-1.365834040841860664e-01,5.179856115107913522e-02,1.885517672818267099e-01,2.352517985611510820e-01,-6.046293400062558582e-02,5.972116716564636330e-02,3.077438670181866995e-02,-1.124268287233567143e-01,-4.607444479199249154e-02,-2.745877831895974022e-02,4.778587068233611929e-02,-8.164350507171902471e-02,2.741319987488270438e-01,8.296617364493498459e-02,8.283658787255909761e-02,3.872335671835202553e-01,8.389561642611376158e-02,2.332856696009651953e-01,-3.784574824612360056e-01,-3.852182849993297520e-01,-2.323428213950578802e-01,-2.175700433442066262e-01,9.150542919701505629e-02,2.468430224764288083e-01,2.160060771258769455e-02,2.570356137450288125e-01
1.384467581214531562e-01,3.223647169221144915e-01,1.336252736940882202e-01,8.856293846910049394e-01,-3.052593949684972441e-01,-3.231601054560078734e-01,3.470575092720854515e-01,0.000000000000000000e+00,1.853746816211626902e-01,2.063094865722328863e-01,-1.665400598775637966e-02,6.512444702622994797e-01,6.171857545019884816e-02,6.223423745475669122e-01,6.546762589928058207e-02,5.638321640823986680e-01,1.125117297466374788e-01,9.766745609723401222e-02,3.624737477099065908e-01,4.753429554493051601e-01,-3.945663345100317021e-02,1.074668215737968613e-01,1.892309754680727429e-01,4.070467849323026188e-01,-5.040797175923856788e-01,-3.732785200411099513e-01,-6.842307520443272617e-01,-5.831315072165870195e-01,1.463693641360203634e-01,2.743241431699360855e-01,4.005183430895035701e-01,3.507171902229768712e-01,-2.229366817105321863e-01,3.755485052951427760e-01,-4.061084052013048118e-01,-4.913535010500916234e-02,-3.203360293131953807e-01,-3.484114571696679818e-01,-3.660217167880602251e-01,-3.815809464229858450e-01,1.254032798605835830e-01,3.212520666696456750e-01,3.887573171276643286e-02,6.613789713570758511e-02,2.486080700656865816e-01,5.047410518789936518e-01,-2.344787524018052682e-01,-7.179498637115153126e-02,1.672103311139908066e-01,4.126100361946467565e-01,-6.767505250458018262e-02,1.528307788551767354e-01,-3.851512578756870475e-01,-3.919612136377854106e-01,-2.505831359756914845e-01,-3.555878278743465071e-01,-8.153626167389070589e-02,-2.953081013450109538e-01,-7.715715626256758330e-02,1.858483399615711296e-01,-1.037579873989007556e-01,5.164305822422806669e-01,4.736628088833281236e-01,2.692613610974574634e-01,-4.042227087894901261e-01,6.251262344161937490e-01,-4.153670852138165448e-01,7.262165422941149751e-02,-8.038339514723624735e-02,-5.098797980249341055e-01,1.618526296974842349e-01,-2.118950802091246199e-02,1.024085079762277195e-01,4.524867062871442136e-01,2.836096340319049225e-01,5.558782787434648487e-01,1.584119040171589332e-01,4.218597792573394734e-01,-1.141605969882479171e-01,-9.420438804236114239e-02,-7.122749005764332508e-02,-1.009741275302739189e-01,-1.324724071674337478e-01,2.692032709236337751e-01,-7.181777559319004745e-01,8.142008132624335703e-02,-3.325439027659859992e-02,-4.925153045265651119e-02,-6.405558782787434957e-01,-4.171991599267170225e-01,-2.571920103668617896e-01,-6.173376826489119784e-01,-4.347379239465570117e-02,-5.156307252334778601e-01,8.128155860404844349e-03,1.254166852853121350e-01,-1.622056392153357895e-02,2.312435765673175742e-02,1.332812011260556817e-01,-3.756200008936949608e-02,3.665892131015684452e-01,6.927923499709548461e-02,4.682961705170025635e-01,2.585727691139014239e-01,5.350105009160373293e-02,1.640645247776933713e-01,9.583091290942401252e-02,2.310380267214799666e-01,-2.194110550069261478e-01,-1.539881138567406882e-01,-2.524733008624156505e-01,-2.321998301979534274e-01,2.745877831895974022e-02,4.346977076723714251e-01,-2.120872246302336894e-01,9.031234639617498339e-02
3.840207337235801432e-02,-6.472585906430135261e-02,4.878680906206711576e-01,1.839983913490325640e-01,4.830644800929442817e-01,-1.634702176147281028e-01,6.204253988113856977e-01,1.853746816211626902e-01,0.000000000000000000e+00,-2.603020689038830771e-01,1.502390634076589682e-01,1.396040931230171089e-01,4.158764913535010765e-01,5.767907413199874905e-02,2.527905625809910850e-01,1.454041735555654941e-02,-4.521202913445641208e-02,1.341436167835917681e-01,-3.396040931230170923e-02,-1.257116046293400013e-01,-9.669779704186960353e-03,-2.015952455426962830e-01,3.698065150364180931e-01,6.678582599758701999e-02,-5.876044506010098811e-03,-1.517672818267125356e-01,-1.810581348585727779e-01,-1.673846016354618160e-01,1.127351534921131465e-01,6.684838464632021637e-02,3.448545511416953313e-01,3.166048527637517207e-01,-6.892175700433442187e-02,2.446043165467625888e-02,-9.384691004960006577e-02,2.919701505876044420e-02,-6.329147861834755195e-02,-2.204253988113856755e-01,-1.687742973323204665e-01,-1.611823584610572457e-01,-1.553420617543232463e-01,1.669556280441485407e-01,-3.212833459940122594e-01,-2.636489566111086535e-01,-6.030206890388310759e-02,5.692390187229098841e-02,-3.707985164663300526e-01,-2.624514053353590448e-01,-2.513606506099468341e-01,-1.192412529603646271e-01,-2.634568121899995563e-01,-2.275883640913356210e-01,-2.619598730953125454e-01,-1.207515974797801483e-01,-2.375039099155458189e-01,-1.299209079941016087e-01,-4.451047857366281085e-02,-2.259707761740917947e-02,-3.737879261807944969e-02,-2.393270476786272805e-01,1.374770990660887371e-01,-7.890432995218732426e-02,9.724741945573975310e-02,-6.250055855936369198e-02,3.211984449707314671e-01,1.259484337995442071e-01,-3.371464319227847339e-02,-1.101032217704097649e-01,-8.335493096206264552e-02,-1.568032530497341370e-01,1.872290987086107491e-03,2.244961794539523658e-01,9.687653603825013837e-02,1.057553956834532405e-01,3.114527011930828121e-02,-3.316055230349881922e-02,9.224272755708476379e-02,1.626971714553822682e-02,5.778631752982706787e-02,1.174047097725546274e-01,-1.271281111756557454e-02,5.333571651995173968e-02,5.558782787434648348e-02,1.193708387327405140e-01,-1.042450511640377192e-01,-1.912998793511774542e-01,5.192367844854551412e-02,-9.101389695696858462e-02,-1.012109567004781246e-02,-1.972652933553778187e-01,-3.480495107019974249e-02,1.317753250815496650e-02,-6.184369274766522012e-02,2.744313865677644459e-01,5.439027659859689556e-02,2.047902051029983420e-02,6.515483265561464177e-02,-1.542160060771258778e-01,-3.057866750078198081e-01,1.086330935251798580e-01,-9.571473256177666367e-03,1.867688457929308765e-01,9.885160194825505509e-02,1.954287501675678052e-01,-5.357701416506546049e-02,1.879083068948567969e-01,5.150811028196077002e-02,1.405648152285624841e-01,-1.564770543813396586e-01,-1.387729567898476346e-01,-2.960900844541757837e-01,-1.982394208856517182e-01,4.643639125966307624e-02,-3.180213593100674613e-02,-1.197551275749586704e-02,2.817418115197283246e-01
-3.890254256222351603e-02,2.318691630546494339e-02,-2.914830868224674854e-01,1.895214263371911290e-01,-2.573126591894186466e-01,4.710398141114437442e-01,-2.621788283658787466e-01,2.063094865722328863e-01,-2.603020689038830771e-01,0.000000000000000000e+00,-2.105500692613611058e-01,1.268868135305420142e-01,-1.794092676169623327e-02,3.888779659502211716e-01,-5.344295991778005850e-03,4.111711872737834339e-01,1.357969525001117006e-01,5.614191876312614460e-02,-1.079583538138433330e-01,1.146387238035658368e-01,3.483623039456633375e-02,2.348853836185709754e-01,-4.254345591849501562e-01,-8.970910228339068482e-02,-3.584610572411636026e-02,1.571562625675856917e-01,6.740247553509987055e-02,2.274721837436882721e-01,-2.905402386165601564e-02,1.179007104875106071e-01,-1.752714598507529309e-01,-5.941284239688993801e-02,-2.713704812547477682e-02,1.211671656463648994e-01,-5.129362348630412544e-02,-6.239778363644488124e-02,1.020152821841905331e-02,-9.821707851110415485e-03,5.503373698556682930e-02,2.615264310290897898e-01,3.025827784976987123e-01,1.802448724250413359e-01,7.169667992314222860e-02,9.046427454309843852e-02,-8.066044059162608137e-02,-1.748067384601635632e-02,6.704946601724831590e-02,9.832879038384199910e-02,9.939675588721569310e-02,1.000178738996380517e-01,-3.620805219178694495e-02,-2.059966933285669460e-02,-8.885115510076410650e-02,-1.883015326868939590e-02,-5.889449930738639011e-02,3.064926940435229452e-02,-7.184860807006568373e-02,-6.798784574824612292e-02,3.650744001072433846e-03,1.076500290450869146e-01,-4.580186782251217774e-03,3.472988069171991654e-01,-1.325036864918003598e-01,1.651861119799812316e-01,-1.889003083247687564e-01,3.146789400777514900e-01,-1.824344251307029041e-01,9.978104472943384595e-02,-9.026319317217033553e-03,2.754367934224049436e-02,-1.670360605925197695e-01,-1.494570802984941105e-01,-1.342642656061486250e-01,3.114527011930828034e-03,1.908664372849546431e-01,2.535904195897940028e-01,-2.316904240582689026e-02,1.063586397962375391e-01,-1.393449215782653350e-01,-6.806380982170785743e-02,-3.976942669466911051e-02,-3.452343715090040038e-02,-3.950578667500782154e-02,1.963537244738370879e-01,-1.597837258143795514e-01,4.440770365074400011e-02,-3.742347736717458601e-02,1.931721703382635602e-01,-1.026766164707985096e-01,5.140533535904195928e-02,-4.834889852093480177e-03,-1.073417042763304824e-01,4.618615666473032538e-02,-2.834174896107958253e-01,-1.633227579427141418e-01,-9.260914249966487044e-02,-1.938513785245095933e-01,3.051968363197640755e-03,4.410384735689708985e-02,-3.484963581929487186e-02,1.566379194780821438e-01,9.517404709772554761e-02,-2.519773001474596638e-02,3.281201126055677264e-02,8.138880200187675884e-02,-1.368157647794807641e-01,-8.530318602261048599e-03,5.584253094418874935e-02,1.672416104383573909e-01,6.934626212073818907e-02,9.044193216855086689e-03,-3.457705884981455979e-02,1.515617319808749142e-01,2.654274096250949354e-03,-2.085303186022610389e-01,-2.495196389472273055e-02
4.430537557531614712e-01,8.291255194602081824e-02,7.395325975244649262e-03,-1.305464944814334893e-01,5.791143482729344677e-02,-3.292193574333079908e-01,1.918360963403190622e-01,-1.665400598775637966e-02,1.502390634076589682e-01,-2.105500692613611058e-01,0.000000000000000000e+00,4.239465570400822170e-01,5.746279994637829569e-01,9.151883462174359440e-02,1.007909200589838655e-01,-2.846820680101881385e-01,2.881361991152419644e-01,2.871888824344251412e-02,2.522543455918495048e-01,-1.794494838911479540e-01,-6.041378077662094143e-02,-3.406586532016622759e-01,-1.311497385942177879e-02,-2.518745252245408461e-01,-2.074668215737968668e-01,-2.528218419053577248e-01,-1.058313597569149611e-01,-2.066356852406273648e-01,1.700880289557174241e-01,-9.013807587470396010e-02,-9.124625765226328233e-02,-1.391304347826086973e-01,-4.631082711470574931e-01,-2.680369989722507507e-01,-2.662853568077215294e-01,-2.299432503686491824e-01,2.134590464274543214e-02,-6.178113409893203761e-02,5.212475981947361364e-02,-1.636981098351132646e-01,-3.461414719156352127e-01,-1.236203583716877497e-01,-7.583001921444210668e-03,-9.664864381786496261e-02,-6.288931587649135291e-02,3.383529201483533727e-02,1.376245587381026980e-01,1.322891996961436945e-01,-1.687698288574109584e-01,-1.140935698646052127e-01,5.722775816613789868e-02,-5.222753474239242438e-02,1.719290406184369180e-01,1.646498949908396237e-01,3.440680995576209655e-01,1.827695607489163987e-01,1.224987711693998893e-01,-1.157022208320300227e-01,-4.701282452299030551e-02,2.857142857142857054e-02,1.104338889137137514e-01,-5.534653022923276267e-02,1.012913892488493672e-01,-9.137584342463916931e-02,1.170293578801554976e-02,-1.076991822690915590e-01,-1.756468117431520537e-01,-3.541176996291166001e-01,-1.735734393851378621e-01,-1.091693105143214659e-01,4.819250189910183335e-02,1.510657312659189344e-01,1.926538272487599845e-01,-6.446668751954957866e-02,7.381920550516109236e-02,-3.779570132713704900e-01,-4.565887662540774744e-02,-6.653559140265427607e-02,2.720228785915367320e-01,1.613789713570758233e-01,8.917735376915858492e-02,6.655346530229232227e-02,-2.530229232762857827e-01,-3.998257294785289573e-01,1.428482059073238331e-01,2.257652263282541594e-01,2.120827561553241813e-01,-2.523392466151302416e-01,1.174806738460163480e-01,2.628490996023057358e-01,2.727735823763349776e-01,2.270074623530988767e-01,6.780016980204656152e-02,2.579248402520220029e-01,1.550069261361097517e-01,2.876223245006479523e-01,2.109164842039411847e-01,2.425488180883864364e-01,1.354484114571696818e-01,3.518074981008981750e-01,-7.049466017248312566e-02,2.984673131060369133e-01,-1.765002904508691239e-01,-7.044103847356897319e-02,-1.728629518745252169e-01,-2.506814424237007732e-01,-2.291970150587604449e-01,-2.070244425577550534e-02,-3.703918852495643316e-02,2.681084945708029805e-05,-1.988471334733455526e-02,1.998301979534384751e-02,3.115331337414540269e-01,5.402386165601680279e-03,-2.497877474417980938e-03,-1.545958264444345087e-01
3.822869654586889543e-01,4.278966888600920782e-01,2.547030698422628192e-02,5.129272979132222243e-01,-2.218955270566155824e-01,-3.624692792349971104e-01,2.930470530407972007e-01,6.512444702622994797e-01,1.396040931230171089e-01,1.268868135305420142e-01,4.239465570400822170e-01,0.000000000000000000e+00,4.234148085258501171e-01,7.590732383037669395e-01,4.151660038428884453e-02,3.426828723356718509e-01,1.523213727154922037e-01,2.537155368872603955e-01,4.401626524867062740e-01,2.791054113231153933e-01,-5.526609768086152008e-02,1.168953036328700991e-02,-2.792796818445864374e-02,7.817596854193663292e-02,-5.258992805755395850e-01,-4.274319674695026827e-01,-5.268868135305420086e-01,-4.338174181151973063e-01,1.024353188256847957e-01,1.823003708834174952e-01,5.830912909424013774e-02,-1.426784038607623213e-02,-2.734661959873095349e-01,1.764690111265025119e-01,-4.400330667143304009e-01,-2.790160418249251761e-01,-1.927878814960453935e-01,-1.847714375083783778e-01,-3.214174002412976683e-01,-2.763438938290361246e-01,1.051387461459403899e-01,2.351177443138656731e-01,-3.008177309084409529e-02,-5.825103892041646331e-02,5.029268510657312896e-02,2.437553063139550336e-01,-1.348898520934805056e-01,-8.565172706555253257e-02,8.096876536038249625e-03,1.676124938558470057e-01,-5.832700299387819087e-02,3.609634031904911111e-02,-1.903480941954510952e-01,-1.930202421913400912e-01,-9.866392600205549368e-02,-2.273113186469457869e-01,7.124983243219089324e-02,-1.066714330399034794e-01,-2.116716564636489731e-02,1.985075293802225360e-01,1.615085571294517242e-01,4.896242012601099147e-01,3.272621654229411758e-01,2.732427722418338534e-01,-2.521113543947450797e-01,4.837570937039188390e-01,-3.382054604763394257e-01,-9.789087984270967990e-02,6.411814647660753208e-02,-2.228383752625228975e-01,1.193931811072880822e-01,-1.054113231154206985e-02,1.932436659368157728e-01,2.447249653693194527e-01,1.427052147102194080e-01,1.541936637025783097e-01,1.277983824120827450e-01,2.245587381026855622e-01,-5.069037937351981993e-02,5.316144599848071639e-02,-6.560168014656597713e-02,7.959694356316189545e-02,-2.733410786898431422e-01,8.370347200500469209e-02,-3.268153179319898127e-01,3.225881406675901730e-01,1.225032396443093974e-01,-7.563340631842352391e-02,-2.324813441172527695e-01,-1.827829661736449229e-01,-4.616828276509227225e-02,-3.289557174136467088e-01,-1.145136065060994718e-01,-2.936815764779480697e-01,-9.154564547120068452e-02,1.557799722954555655e-01,-1.420975021225255874e-01,9.736806827829661351e-03,8.952142633719112341e-02,6.403324545332677621e-03,1.792305286205818082e-01,1.873586844809866370e-01,1.045042227087894932e-01,1.061888377496760377e-01,2.232450064792886046e-02,-9.570132713704812555e-02,-1.467581214531480382e-01,7.049019169757361758e-02,-1.855310782429956534e-02,-5.701773984539076912e-02,-1.530542026006523892e-01,-2.016756780910675118e-01,2.130390097859600484e-01,1.388265784887617871e-01,-3.620313686938647635e-01,-2.728316725501586104e-01
3.859511148844899098e-01,-8.399392287412306424e-02,9.150542919701505629e-02,4.674024755350998477e-03,1.759015148129943196e-01,-2.052191786943116381e-01,4.035122212788775364e-01,6.171857545019884816e-02,4.158764913535010765e-01,-1.794092676169623327e-02,5.746279994637829569e-01,4.234148085258501171e-01,0.000000000000000000e+00,3.688904776799678542e-01,3.072925510523258352e-01,8.413691407122748933e-02,1.438089280128692082e-01,-4.921131417847088990e-02,-5.976585191474149961e-02,-3.370436569998659371e-01,-2.889762723982304896e-02,-1.321104606997631770e-01,-1.888824344251307033e-02,-2.017382367398007081e-01,-2.102953661915188399e-01,-2.489208633093525080e-01,-1.833951472362482793e-01,-1.296438625497117747e-01,1.586129853880870466e-01,-4.167299700612180774e-02,1.118727378345770601e-01,1.048125474775459115e-01,-3.173108717994548300e-01,-1.670628714419768457e-01,-2.418919522766879715e-01,-1.506501630993341834e-01,-2.503239644309397313e-02,-1.924125296036462707e-01,-1.171902229768979897e-01,-1.885160194825506175e-01,-5.085124447026229816e-02,5.341168059341346724e-02,-2.998927566021716840e-01,-3.701863354037266962e-01,-1.831672550158630897e-01,-7.249653693194513249e-02,-2.151570668930694041e-01,-2.371062156485991279e-01,-3.271191742258366952e-01,-2.579159033022029313e-01,-7.907413199874882559e-02,-1.075249117476205357e-01,5.968988784127977204e-02,-2.578310022789222222e-03,1.219491487555297432e-01,-8.347111130970998744e-03,-1.344966263014433228e-01,-1.269091559050895823e-01,-5.375575316144599707e-03,4.577505697305509630e-02,3.009026319317216758e-01,8.419500424505116376e-02,9.162160954466240514e-02,2.112694937217927602e-02,4.976987354216005910e-02,8.703248581259216687e-02,-2.542204745520353915e-01,-3.450332901380758766e-01,-2.184011796773761005e-01,-1.878859645203092288e-01,-9.130881630099646484e-02,1.594754010456231330e-01,2.026944903704365752e-01,9.025872469726083092e-02,-5.335359041958979281e-03,-1.777469949506233493e-01,9.001742705214710316e-02,-4.785736628088833183e-03,2.955672728897627000e-01,8.045489074578845989e-02,1.262433531435721012e-01,-2.354439429822601654e-02,-2.708342642656061394e-02,-9.924035926538272989e-02,-2.049689440993788733e-02,8.724697260824880451e-02,2.949640287769784291e-02,-1.865498905223647308e-01,1.659323472898699692e-01,9.794897001653335433e-02,1.819518298404754486e-01,1.160954466240672056e-01,1.567719737253675250e-01,2.142812458108047657e-01,-3.285669600965190895e-02,3.239644309397202854e-02,9.066535591402653804e-02,-2.873229366817105484e-03,8.616560168014657239e-02,2.290272130121989436e-01,6.155771035345636299e-02,3.972474194557397698e-01,8.566513249028107069e-02,2.071182805308548203e-01,7.109343581035793003e-02,4.275436793422404680e-02,6.595915813932705374e-02,4.370168461504088386e-02,1.248045042227087856e-02,-1.130568836855981030e-01,-2.392466151302560518e-01,-1.125698199204611533e-01,3.337950757406497049e-01,1.466732204298672737e-01,3.444300460252915780e-02,-3.141337861387908520e-02
