0.000000000000000000e+00,5.212922829438312311e-01,6.049734125742883828e-01,5.843692747665222287e-01,1.419679163501496866e-01,-1.356271504535501993e-01,3.477367174583314569e-01,4.303588185352339446e-01,7.894007775146343053e-02,1.037847982483578319e-01,2.130434782608695565e-01,3.676124938558469890e-01,-9.356092765539121558e-02,-1.747173689619732628e-02,-7.222842843737432850e-02,-1.686536485097636096e-01,5.668260422717726760e-02,1.302694490370436553e-01,7.785289780597881570e-01,7.826310380267215150e-01,-4.353411680593413657e-01,-3.205549845837615819e-01,1.018722909870861115e-01,3.594441217212565598e-02,-1.251172974663747328e-03,-2.144867956566423681e-03,-1.673309799365476636e-01,-9.079047321149291694e-02,1.482237812234684371e-01,-8.898967782295902351e-02,-1.276285803655212436e-01,-9.701952723535457734e-02,3.335403726708074390e-01,2.888869029000402100e-01,-2.421019705974351011e-01,-4.552839715804996024e-01,-1.584521202913445614e-01,1.345323741007194152e-01,-2.347111130970999660e-01,4.308056660261852522e-02,-1.655078421734662020e-01,1.483712408954823703e-01,-4.569462442468385510e-01,-2.836543187810000588e-01,-9.785960051834309212e-04,-2.103534563653425005e-01,-3.239152777157155993e-01,-3.051610885204879553e-01,-3.558067831449126528e-01,-2.097368068278296638e-01,-1.554314312525135189e-01,-2.053800437910541232e-01,-3.428928906564189805e-01,-3.338442289646543770e-01,-1.591536708521381627e-01,1.025961839224272774e-02,4.097948970016533354e-01,2.329058492336565644e-01,2.228428437374324056e-01,-2.026542740962509470e-01,1.910630501809732207e-01,-1.954913088163010015e-01,1.254256222351311512e-01,5.410429420438804538e-02,2.155145448858304669e-02,-2.126323785691943413e-01,-1.918852495643237066e-01,-3.943205683900085079e-01,6.296125832253451904e-01,9.184056481522856474e-02,2.366548996827382845e-01,3.232852227534742662e-01,3.584923365655302008e-01,3.528218419053577026e-01,-5.378703248581259005e-02,-1.755216944456856887e-02,-1.123508646498949937e-01,-8.259975870235489182e-02,9.474507350641225845e-02,2.209660842754367777e-02,-4.844720496894409922e-02,1.268600026810849483e-02,-3.237722865186111743e-01,-3.198042807989633363e-01,-6.224585548952142611e-02,-3.169310514321462269e-01,-2.062960811475043621e-01,-3.286831404441664106e-01,-1.626346128066490926e-01,-4.372000536216988920e-01,-2.658921310156843743e-01,-1.897314446579382585e-01,-2.175655748692971181e-01,-1.139416417176817575e-01,5.151704723177979311e-02,4.364806291612672445e-02,-1.178604942133249928e-01,1.786004736583404195e-01,-7.049019169757361758e-02,2.045489074578846211e-01,-1.482952768220206496e-01,3.200321730193485259e-02,-2.259350283748156885e-01,-1.266365789356092841e-02,4.427811787836811314e-02,-6.716117788998614453e-03,1.402028687608919133e-01,-1.821797220608606382e-02,-8.961526431029090412e-02,3.466285356807721763e-01,-1.267438223334375891e-01,-2.397783636444881378e-02,-9.789087984270967990e-02,1.011930828008400785e-01,8.414138254613699741e-02,-1.625005585593636837e-01
5.212922829438312311e-01,0.000000000000000000e+00,2.005853702131462635e-01,1.919478082130568752e-01,-2.144421109075472509e-01,-3.292461682827650948e-01,-6.175432324947495791e-03,1.684883149381116163e-01,-2.221993833504624927e-01,-2.122525582018856827e-03,-4.167746548103132276e-02,2.708163903659681071e-01,-1.824791098797980127e-01,-4.469368604495285724e-02,-2.297287635729925448e-01,-1.333392912998793423e-01,1.411457169667992284e-01,2.446400643460386881e-01,2.619956208945886655e-01,3.545645471200679077e-01,-3.302471066624960705e-01,-3.091022833906787448e-01,-6.615130256043612322e-02,-1.786272845077974958e-01,1.200768577684436234e-01,3.425532865632959639e-02,-2.023638232271325887e-01,-2.844988605388980574e-01,-9.689887841279770653e-02,-1.383439831985343316e-02,1.955851467894007684e-02,2.042986728629518633e-02,4.666160239510255270e-01,3.972786987801063541e-01,1.197908753742347732e-01,-1.621296751418740689e-01,-1.332007685776844252e-01,3.706599937441350939e-02,-3.667545466732204384e-01,-1.071763707046784891e-01,-1.820367308637562132e-01,-1.172974663747263120e-02,-4.255105232584118768e-01,-3.889718039233209801e-01,1.905178962420125965e-01,1.928146923455024628e-02,-2.367219268063809889e-01,-2.608829706421198491e-01,-1.952232003217301837e-01,-5.354126636578935422e-02,-1.095714732561776650e-01,-8.766700924974306364e-02,-7.689351624290630127e-02,-2.055364404128870726e-01,-3.263371911166718653e-01,-2.129407033379507597e-01,7.968675990884310778e-01,8.500558559363688982e-01,4.668930693954153610e-01,1.909200589838687956e-01,1.230617990079985735e-01,-1.108941418293936249e-01,4.077036507440010699e-02,2.352205192367844838e-02,1.874033692300817733e-01,1.044193216855087425e-01,7.461012556414495234e-02,9.125966307699182045e-02,6.195004245051164427e-01,4.379016041824925209e-01,-1.134188301532686877e-01,-1.198444970731489360e-02,-1.096876536038250138e-01,-3.127932436659368320e-03,-4.042361142142186781e-01,-1.425845658876625510e-01,-4.224898342195808620e-01,-4.249162160954466083e-01,-1.222842843737432378e-01,-1.542830332007685823e-01,-2.511193529648331202e-01,-1.537065999374413461e-01,-3.266812636847044038e-01,-3.366414942580097658e-01,-1.706510567943160875e-02,-9.508467759953527498e-02,-2.083828589302471057e-01,-1.753518923991241873e-01,8.892265069931631905e-02,2.129675141874078428e-02,-6.076723714196344828e-01,-3.498100898163457040e-01,-4.094821037579873813e-01,-1.995889003083247681e-01,-2.681442423700791111e-01,-2.569239018722909718e-01,-5.415166003842888376e-01,-3.380982170785111207e-01,-4.743420170695741289e-01,-3.566066401537155151e-01,-2.714821931274856159e-01,-6.341659591581393085e-02,-2.496090084454175850e-01,-9.054023861656017302e-02,5.706242459448590543e-03,-5.890343625720541321e-02,1.244291523303096697e-01,-1.428571428571428527e-02,-1.207247866303230721e-01,-1.364627552616292094e-01,-3.965860851691317968e-01,-4.966888600920505992e-01,-5.558246570445506407e-01,-7.645560570177398207e-02,-1.314759372626122802e-01,-2.475132937128557975e-01
6.049734125742883828e-01,2.005853702131462635e-01,0.000000000000000000e+00,7.352562670360606178e-01,2.585012735153491836e-01,-3.550203315608382870e-02,7.084856338531658748e-01,3.570981723937620145e-01,2.342642656061486306e-01,1.837347513293712820e-01,1.081415612851333863e-01,-4.548460610393672415e-02,1.018142008132624371e-01,5.470306984226283586e-02,2.751329371285580194e-01,1.122570266767952130e-01,-1.688770722552392911e-01,-1.834800482595290161e-01,6.673175745118191671e-01,6.446668751954958143e-01,-1.064926940435229480e-01,-2.431341883015326888e-01,6.996469904821484009e-01,4.225613298181330468e-01,1.530944188748380175e-01,1.465615085571294607e-01,-1.713436704052906656e-01,-1.320121542517538882e-01,-1.154922025112828932e-01,-2.834889852093480656e-01,-1.527324724071674467e-01,-6.959202824076142491e-02,-2.957683542606908203e-02,-1.478618347557978524e-02,-3.671745833147146976e-02,-3.298672862951874674e-01,9.058045489074578738e-02,2.047857366280888269e-01,1.473211492917467225e-01,2.940256490459806082e-01,1.292729791322221738e-02,1.620224317440457640e-01,-4.142544349613476728e-01,-2.779525447964609763e-01,-1.164797354662853585e-01,-3.742124312971982780e-01,-4.152866526654452883e-01,-4.299700612181062698e-01,-5.146968139773895334e-01,-3.760132266857321715e-01,-9.732338352920148761e-02,-1.741990258724697149e-01,-2.900084901023280981e-01,-2.918852495643237122e-01,-7.557531614459984948e-02,2.288752848652754815e-02,3.150274811206935088e-02,-2.533178426203136838e-02,-1.159390500022342424e-01,-3.319987488270253473e-01,2.021135886321998310e-01,-9.697931096116894911e-02,-1.406273738772956805e-01,-2.189820814156128448e-01,3.118816747843961013e-01,1.828053085481924980e-02,-3.259171544751776062e-01,-5.206756334063183944e-01,4.471111309709995818e-01,-6.371151525984181108e-02,1.532597524464900107e-01,1.434916662942937460e-01,1.180615755842530923e-01,6.312167657178605062e-02,-7.518655882747218855e-02,-1.068993252602886690e-01,-1.015505607936011412e-01,-7.609812770901291934e-02,8.226909155905089144e-02,-4.233433129272979462e-02,-6.941775771929040162e-02,-3.853165914473390130e-02,-7.639304705304079957e-02,-1.313463514902363793e-01,1.263729389159479743e-01,-1.952276687966397195e-01,1.300728361410250777e-01,1.775325081549667186e-02,1.521247598194736261e-01,-3.730104115465391890e-01,2.257920371777112634e-02,-4.035032843290584786e-02,1.040037535189239915e-01,8.102685553420617415e-02,2.271504535502033018e-01,2.122302158273381423e-01,1.661602395102551588e-01,1.885741096563742780e-01,2.290584923365655279e-01,4.021806157558425188e-01,-3.349121944680280571e-02,3.611421421868716425e-02,-1.050225657982930411e-01,-1.147191563519370794e-01,1.587336342106439036e-01,3.611868269359667233e-02,2.515170472317798112e-01,1.036239331516153606e-01,1.034451941552348188e-02,3.559229634925599739e-01,-1.653335716519951579e-02,1.568702801733768137e-01,8.886902900040216657e-02,2.171410697528933509e-01,2.045667813575226812e-01,6.354618168818981783e-02
5.843692747665222287e-01,1.919478082130568752e-01,7.352562670360606178e-01,0.000000000000000000e+00,2.704946601724831368e-01,7.289869967380133153e-02,3.242816926582957060e-01,5.998793511774431764e-01,1.513472451852182765e-01,2.428213950578667624e-01,-1.790875374234773554e-01,5.800527280039322747e-02,-1.241074221368246994e-01,2.232986281782027849e-01,1.192546583850931652e-01,1.507663434469815322e-01,-1.138254613700344087e-01,-1.557263505965414130e-01,7.169489253317842259e-01,7.363823227132579863e-01,-1.551052325841190405e-01,-2.884132445596317984e-01,4.011037133026498225e-01,5.714419768533000044e-01,-7.299253764690111224e-02,-1.307922606014567252e-02,-9.521873184682068392e-02,-1.037490504490817256e-01,8.150498234952410770e-03,-1.605612404486348732e-01,4.799142052817373036e-03,1.458063362974216792e-01,3.761562178828365549e-02,9.168416819339558765e-02,-2.281022387059296608e-01,-3.672728897627239864e-01,-9.122391527771571418e-02,1.795209794897001665e-01,5.445730372223960003e-02,3.769828857410965628e-01,2.281156441306582058e-02,9.025425622235130896e-02,-2.347379239465570422e-01,-7.230886098574557108e-02,-1.207828768041467431e-02,-4.875552973770052451e-02,-1.988694758478931068e-01,-1.593413467983377241e-01,-3.438044595379596835e-01,-2.516287591045176519e-01,-1.886411367800169825e-01,-2.603869699271638694e-01,-3.450511640377139089e-01,-3.227087894901470300e-01,1.431252513517136671e-02,1.426962777604003640e-01,4.690558112516197975e-02,-8.629518745252245937e-02,-1.305822422807095817e-01,-2.604942133249921743e-01,-8.718441395951562201e-02,6.997631708297957775e-02,-6.908262210107690704e-02,4.492157826533803994e-02,2.236471692211448176e-02,4.623977836364448479e-02,-2.738058000804325376e-01,-3.326466776889047683e-01,4.375128468653648461e-01,-4.937217927521336813e-02,2.185084230752044540e-03,4.318334152553733596e-02,1.738772956789847723e-01,7.609365923410339738e-02,-1.885696411814647561e-02,-7.876580722999240725e-02,-2.024978774744179699e-01,-4.544885830466061788e-02,9.298896286697350133e-02,-9.386925242414763393e-02,-7.493632423253943076e-02,-7.086107511506323231e-02,-1.326198668394477087e-01,-1.326019929398096486e-01,-8.079002636400196835e-02,-3.039903480941954367e-02,7.101300326198668744e-02,2.531391036239331524e-02,-2.054649448143348600e-01,-3.161982215469860136e-01,-4.850529514276777365e-02,-2.107824299566558035e-01,-3.382635506501630723e-02,-1.182313776308146075e-01,2.071629652799499566e-01,2.423656106170963831e-01,1.006523973367889485e-01,3.004379105411323359e-01,1.671656463648956703e-01,2.663702578310022662e-01,-8.820769471379417970e-02,1.110416015014075754e-02,-7.222395996246480654e-02,8.748827025336253227e-02,1.724295098083024336e-01,1.263282541668528658e-01,2.064077930202422029e-01,6.025738415478797128e-02,-5.360382501452254367e-02,3.090084454175789919e-01,-2.382143974261584363e-02,8.150051387461459962e-02,7.595960498681800233e-02,8.655882747218374140e-02,1.159926717011483949e-01,-1.890611734215112347e-02
1.419679163501496866e-01,-2.144421109075472509e-01,2.585012735153491836e-01,2.704946601724831368e-01,0.000000000000000000e+00,5.691853970239957317e-01,2.332007685776844308e-01,2.868269359667545704e-01,7.169310514321461936e-01,5.961481746279995164e-01,-3.665043120782876529e-02,-3.616783591760132366e-02,2.418696099021404033e-01,2.108539255552080161e-01,4.806872514410831521e-01,4.797667456097233774e-01,-1.291567987845748111e-01,-6.625854595826444204e-02,1.794673577907860140e-01,9.102730238169712274e-02,2.852808436480629428e-01,2.201260109924482733e-01,3.626927029804727920e-01,4.050538451226596282e-01,2.022387059296661960e-01,3.039903480941954506e-01,4.912194468028062144e-01,5.339872201617588132e-01,-2.773135528844005576e-02,-1.248759998212610051e-01,-6.399749765405067514e-02,1.631350819965145804e-01,-9.389606327360472404e-02,-2.958130390097859618e-03,7.519102730238169663e-02,-6.710755619107199033e-02,1.270387416774654832e-01,-8.825684793779882409e-02,3.436033781670315701e-01,2.496179453952366012e-01,6.359980338710398418e-02,1.794092676169623327e-02,-2.013718217972206015e-01,-1.769516064167299787e-03,5.593636891728853006e-02,-7.247419455739756433e-02,-2.596988247910987924e-01,-2.078198310916484215e-01,-4.250279279681844491e-01,-3.851378524509584955e-01,-3.524375530631395637e-01,-4.617007015505608103e-01,-4.666964564993967834e-01,-5.677197372536753051e-01,-9.882032262388847077e-02,6.237544126189731308e-02,-1.455203539032128290e-01,-2.013673533223110934e-01,-3.037490504490817367e-01,-1.891371374949729622e-01,1.560391438402073359e-02,1.926627641985790285e-01,-4.702176147280932861e-02,8.127262165422940998e-02,2.234416193753072100e-01,2.373117654944367494e-01,-8.534787077170561884e-03,-1.360739979445015346e-01,3.240538004379105164e-02,-6.658027615174940891e-03,1.373430448188033559e-01,1.422494302694490287e-01,1.256803253049734170e-01,8.816747843960856534e-02,1.164037713928236240e-01,2.101523749944144218e-02,4.508244336208052511e-02,1.382143974261584585e-01,-1.773716430582242265e-01,1.050493766477501173e-01,1.427945842084096806e-01,2.469681397738951734e-01,2.399124178917735328e-01,2.955538674650342035e-01,3.228383752625229031e-01,1.170785111041601489e-01,4.244559631797667487e-01,2.989543768711738769e-01,-1.707493632423253971e-01,-2.938469100496000630e-01,2.364538183118101711e-01,2.720854372402698937e-02,1.965414004200366493e-01,1.029581303900978656e-01,1.673756646856427999e-01,3.158362750793154428e-01,2.614459984807185333e-01,3.692434871978194089e-01,2.410920952678850815e-01,3.187139729210420325e-01,2.120916931051432253e-01,2.950802091246257919e-01,2.968586621386121172e-01,3.014254434961347595e-01,2.269180928549086318e-01,2.429822601546092198e-01,4.098574556503865041e-01,3.495107019974083018e-01,-8.762232450064792733e-02,1.516153536797890944e-01,5.046248715313463723e-02,3.858885562357567411e-01,3.482282496983779563e-01,2.523973367889539299e-01,1.074712900487063832e-01,-2.217435989096921134e-01
-1.356271504535501993e-01,-3.292461682827650948e-01,-3.550203315608382870e-02,7.289869967380133153e-02,5.691853970239957317e-01,0.000000000000000000e+00,5.252692256132981963e-02,2.880959828410563639e-01,3.138835515438581081e-01,4.719066982438893665e-01,-2.055319719379775645e-01,-1.551141695339380566e-01,-2.269985254032798674e-03,2.115644130658206334e-01,6.365789356092765860e-02,2.170293578801555101e-01,-1.478171500067027196e-02,-1.866481969703740196e-01,-1.226194199919567462e-01,-2.033111399079494119e-01,1.513472451852182765e-01,2.796952500111711815e-01,1.862951874525224649e-01,3.643147593726261402e-01,2.109567004781268129e-01,3.537110684123508375e-01,2.920907994101613059e-01,3.902497877474417898e-01,-3.809821707851110406e-02,-1.082934894320568414e-01,-1.153715536887260362e-01,1.539523660574645958e-01,-4.762053711068412604e-02,6.054783502390634342e-02,1.397604897448500860e-01,9.725635640555878314e-02,9.927610706465883617e-02,2.471066624960900800e-03,1.719111667187988857e-01,-5.822422807095938534e-03,1.177979355645918103e-01,-4.627552616292059801e-02,4.810313240091156767e-02,1.290093391125608779e-01,1.549309620626480311e-01,1.191518834621743544e-01,1.653335716519951741e-04,-5.770141650654631721e-02,-6.853299968720676094e-02,-7.162071584968050797e-02,-7.444479199249296256e-03,-1.245721435274140948e-01,-2.671120246659814956e-01,-2.980204656150855502e-01,6.498949908396264852e-02,1.065731265918941871e-02,-2.628446311273961999e-01,-2.356628982528262972e-01,-2.080566602618526273e-01,-1.167925287099512988e-01,4.839358327002993981e-02,4.085481925018991101e-01,-7.283167255015862707e-02,1.564413065820635385e-01,2.412529603646275389e-01,4.523571205147682850e-01,-2.176147280933017538e-03,-1.367353322311095319e-03,-2.601322668573216035e-01,-1.403413914830868303e-01,5.883194065865320066e-02,9.386478394923812585e-02,1.563787479333303421e-01,7.893114080164440050e-02,2.836498503060905230e-01,-4.073014880021448569e-02,4.696367129898565418e-02,1.513159658608516922e-01,-3.829036149962018049e-02,-1.809285490861968840e-02,-5.248223781223468332e-02,4.533267795701326902e-02,-4.855891684168193306e-02,1.251172974663747328e-02,3.253496581616694555e-02,4.810313240091156767e-02,4.556057017739845172e-02,1.178024040395013183e-01,-2.879529916439519388e-01,-2.113275838956164276e-01,2.396264354975646826e-01,6.537378792618080137e-02,2.251441083158318146e-01,3.266902006345234061e-02,-5.741990258724697510e-02,8.454354528799321034e-03,1.240001787389963805e-01,1.525224540864203171e-01,1.119129541087626745e-01,9.485231690424057727e-02,-5.344295991778005850e-03,2.458331471468787610e-01,1.037669243487197857e-01,2.484606103936726484e-01,1.662719513829929718e-01,2.340587157603110091e-01,1.452254345591849453e-02,1.120023236069529471e-01,-9.004870637651370135e-02,5.456007864515841077e-02,5.107019974082845776e-02,1.335805889449930839e-01,2.828589302471066769e-01,6.666517717503016305e-02,1.850127351534921194e-01,-1.552348183564949413e-01
3.477367174583314569e-01,-6.175432324947495791e-03,7.084856338531658748e-01,3.242816926582957060e-01,2.332007685776844308e-01,5.252692256132981963e-02,0.000000000000000000e+00,3.149425800974127720e-01,3.625541802582778472e-01,3.026900218955270727e-01,3.682470172929979135e-01,6.805487287188882739e-03,3.416774654810313394e-01,1.038741677465481045e-01,3.217927521336967911e-01,7.756825595424281239e-02,-2.021091201572903229e-01,-1.215425175387640222e-01,3.079136690647482077e-01,2.574511819116135913e-01,-6.961437061530899306e-02,-1.888511551007641120e-01,6.496447562446936441e-01,2.165288886902899945e-01,3.284329058492336806e-01,3.264891192635953621e-01,1.571562625675856917e-02,-1.559050895929219374e-02,-2.020286876089190664e-01,-3.794807632155145494e-01,-2.757227758166138076e-01,-2.215335805889449838e-01,-1.281782027793914036e-01,-1.232852227534742412e-01,-1.364672237365387175e-02,-2.544438982975110730e-01,-7.087001206488225714e-03,-1.837436882791903051e-02,1.379373519817686244e-01,6.470351668975378445e-02,-5.948433799544215750e-02,4.909066535591402602e-02,-4.314223155636980889e-01,-3.540283301309263275e-01,-2.297868537468162053e-01,-5.235756736225926078e-01,-4.516734438536127438e-01,-4.111265025246882976e-01,-5.027838598686268368e-01,-3.552750346306805529e-01,-9.692568926225479664e-02,-6.929710889673354468e-02,-2.507350641226149257e-01,-1.598194736136556715e-01,-1.388891371374949835e-01,-1.000849010232807562e-01,-1.509674248179096456e-01,-1.495330443719558589e-01,-1.193797756825595441e-01,-2.792930872693150102e-01,4.988739443228026316e-01,-4.531927253228473090e-02,-1.129049555386746478e-01,-2.042361142142186947e-01,3.946512355333124944e-01,6.634791545645471467e-02,-1.981545198623709814e-01,-4.813798650520577094e-01,2.031592117610259707e-01,-1.442200277045444512e-01,3.492247196031994516e-01,2.651369587559765928e-01,2.116716564636489731e-02,-5.460029491934402512e-02,-1.295187452522454097e-01,-2.807498100898163651e-01,-1.328477590598328706e-02,-7.355109701059028837e-02,4.992180168908351423e-02,9.032575182090352151e-02,-6.690647482014389080e-02,1.843245900174270493e-02,-6.229947718843558552e-02,-1.030296259886500781e-01,1.215737968631306204e-01,-2.900665802761517309e-01,6.760802538093749203e-02,-8.350685910898610065e-02,2.804414853210599468e-01,-2.334152553733410684e-01,1.941194870190803834e-01,2.531793198981187598e-01,2.491532240046472058e-01,3.796326913624379906e-01,1.469994190982617521e-01,1.235175834487689389e-01,1.271906698243889244e-01,7.034273202555967053e-02,1.492157826533803966e-01,3.290182760623799330e-01,2.691362437999910567e-02,5.403279860583582589e-02,-6.794316099915098661e-02,-1.400375351892399201e-01,1.402788328343536339e-01,4.785289780597881681e-02,1.545913579695250006e-01,1.411323115420707042e-01,2.895124893873720837e-02,2.721479958890030693e-01,-1.117118727378345713e-04,1.338352920148353498e-01,2.436659368157647887e-01,2.363152955896152541e-01,2.903749050449081492e-01,1.303454131105053759e-01
4.303588185352339446e-01,1.684883149381116163e-01,3.570981723937620145e-01,5.998793511774431764e-01,2.868269359667545704e-01,2.880959828410563639e-01,3.149425800974127720e-01,0.000000000000000000e+00,2.512444702622994575e-01,4.383395147236248124e-01,-1.093703918852495655e-01,2.740917824746413878e-01,-3.068948567853791581e-02,4.681665847446266349e-01,9.294427811787837109e-04,1.520756065954689540e-01,9.285044014477858432e-02,7.872112248089727093e-02,4.149872648465078862e-01,4.302917914115912401e-01,-2.964699048214844423e-01,-3.117118727378345722e-01,2.713928236292953433e-01,4.855891684168193168e-01,3.757987398900754922e-02,1.837168774297332219e-01,3.266455158854283166e-03,-1.622950087135260899e-02,2.029894097144644416e-01,-6.512802180615755165e-02,2.147280933017561011e-01,3.677108003038562778e-01,3.628222887528486651e-01,4.649626882345055390e-01,-9.266723267348854487e-02,-2.148219312748558818e-01,-4.835783547075382938e-01,-2.055855936368917170e-01,-2.639260020554984321e-01,-5.224094016712096250e-02,-2.664372849546449706e-01,-2.170025470306984339e-01,-1.641762366504312121e-01,-6.204477411859332658e-02,1.457973993476026631e-01,1.209750212252558160e-01,-1.124715134724518506e-01,-7.288082577416327146e-02,-2.614281245810805010e-01,-1.970374011349926291e-01,-3.254032798605835941e-01,-3.566245140533536029e-01,-5.127664328164797114e-01,-3.476071316859555838e-01,-1.484606103936726429e-01,-5.331784262031368654e-02,9.805174493945216507e-02,-1.720809687653603731e-02,-1.080655972116716518e-01,-2.397783636444881239e-01,1.251977300147459615e-01,3.619330622458554747e-01,1.546360427186201369e-01,3.710353456365342306e-01,1.493051521515706692e-01,2.313240091156888167e-01,-3.820546047633942288e-02,-1.443049287278251880e-01,9.921801689083516174e-02,-5.636981098351132730e-02,-3.521605076187497158e-02,1.122436212520666748e-01,1.353545734840698733e-01,5.263416595915813845e-02,-2.452299030340944486e-02,-1.297868537468161998e-01,-2.350775280396800448e-01,-2.240493319630010305e-02,1.319093793288350636e-01,8.785021672103311002e-03,-1.169399883819652319e-02,4.490817284060950182e-02,-2.026453371464319309e-01,-1.938737208990571614e-01,-8.052638634434067244e-02,-1.971178336833638578e-01,-1.400464721390589362e-01,-1.506099468251485829e-01,-4.202779391393717257e-01,-3.022387059296662293e-01,-7.528933375039098541e-02,-5.868894946154877557e-02,5.266544528352472970e-02,9.070557218821216627e-02,-8.862773135528843882e-02,-3.518030296259886530e-02,-1.727557084766969120e-01,3.517583448768935028e-02,-9.299343134188300941e-02,-3.231601054560078595e-02,-4.783055543143125560e-02,1.916975736181241244e-02,-5.470306984226283586e-02,1.318244783055543268e-01,2.898744358550426892e-01,2.101747173689619830e-01,1.294472496536931971e-01,-1.661110862862505144e-01,-1.858528084364806376e-01,1.270968318512891437e-01,-1.281782027793914036e-01,-1.525626703606059176e-01,2.077393985432771789e-02,1.678091067518655832e-01,2.935430537557531805e-01,-9.598730953125697574e-02
7.894007775146343053e-02,-2.221993833504624927e-01,2.342642656061486306e-01,1.513472451852182765e-01,7.169310514321461936e-01,3.138835515438581081e-01,3.625541802582778472e-01,2.512444702622994575e-01,0.000000000000000000e+00,6.199964252200723669e-01,3.188524956432369772e-01,2.198400285982394231e-01,5.834755797846195025e-01,4.616068635774610018e-01,6.664328164797355125e-01,5.487868090620671158e-01,4.179811430358818664e-02,2.037624558738102692e-02,1.685821529112113970e-01,1.233701237767549919e-01,2.439206398856070546e-01,4.428258635327762816e-02,3.003932257920371995e-01,3.063720452209660605e-01,1.222574735242861615e-02,3.495687921712319762e-02,4.230171142589034261e-01,3.926180794494839033e-01,5.536440412887081580e-02,-3.902765985968988799e-02,-8.898967782295902351e-02,9.438312703874167375e-02,-2.809151436614683583e-01,-2.386299655927431873e-01,-1.347736717458331568e-01,-2.266544528352473220e-01,-5.693730729701952653e-02,-2.355377809553599322e-01,3.518566513249027916e-01,2.926002055498458376e-01,4.617275124000178727e-02,-2.578756870280173377e-02,-2.081102819607667798e-01,-8.406988694758478486e-02,1.115778184905491695e-02,-1.273113186469458091e-01,-5.026587425711604579e-02,-2.135931006747397113e-03,-2.545913579695249784e-01,-2.083828589302471057e-01,-2.651503641807051448e-01,-2.207471290048706458e-01,-2.049466017248313121e-01,-3.134769203270923454e-01,7.713034541311050707e-02,1.448724250413333803e-01,-1.607578533446534785e-01,-1.872961258322534406e-01,-3.315697752357120720e-01,4.788864560525492309e-02,2.131328477590598292e-01,3.383127038741677306e-01,1.802627463246793960e-01,2.524241476384110339e-01,1.644622190446400622e-01,1.485097636176772873e-01,-9.205952008579472434e-02,-1.607846641941105548e-01,-9.758255507395326156e-02,-6.507440010724339918e-02,-3.500156396621832700e-02,8.874391170293578421e-03,-1.256758568300639090e-01,-1.390902185084230691e-01,2.264623084141382386e-02,-5.744671343670405134e-02,-2.217927521336967578e-01,-2.071450913803118965e-01,-1.111801242236024889e-01,1.075517225970776120e-01,7.143303990348094656e-02,3.009517851557263340e-02,3.961526431029089856e-01,2.861209169310514056e-01,3.137450288216631633e-01,1.539255552080075196e-01,5.297198266231735175e-01,3.652263282541668432e-01,1.654363465749139894e-01,-5.764332633272264538e-04,7.569596496715670815e-03,-6.675901514812994375e-02,-4.740158184011796644e-02,4.782161848161222556e-02,3.425979713123911141e-02,1.095446624067205887e-01,1.869252424147638536e-01,1.706331828946780482e-01,1.671522409401671183e-01,1.807095938156307313e-01,1.834398319853434156e-01,9.162607801957191322e-02,1.116493140891013924e-01,-1.409356986460521058e-02,8.516913177532508747e-03,1.187720630948657305e-02,3.201170740426292349e-01,2.125966307699182212e-01,-6.917646007417668774e-02,1.303588185352339279e-01,2.924080611287367404e-01,2.110013852272219492e-01,2.020599669332856785e-01,8.570088028955717696e-02,2.479109879798024885e-02,-2.589928057553956761e-02
1.037847982483578319e-01,-2.122525582018856827e-03,1.837347513293712820e-01,2.428213950578667624e-01,5.961481746279995164e-01,4.719066982438893665e-01,3.026900218955270727e-01,4.383395147236248124e-01,6.199964252200723669e-01,0.000000000000000000e+00,-1.553688726037803260e-02,1.460297600428973608e-01,1.778497698735421739e-01,4.710487510612628159e-01,3.803833951472362362e-01,5.856561955404619990e-01,-1.848563385316591423e-01,-1.264533714643192308e-01,1.305956477054381337e-01,1.090575986415836252e-01,2.079181375396577103e-01,6.231288261316412364e-02,2.434380445953795991e-01,2.398811385674069485e-01,3.227043210152374941e-01,4.316680816837213386e-01,3.368783234282139438e-01,3.821573796863130812e-01,1.041601501407569547e-01,-4.005540908887796764e-02,9.486572232896912232e-03,1.479958890030832475e-01,-2.344161937530720927e-02,1.021180571071093474e-01,1.098440502256579770e-01,-9.008445417578980763e-02,-4.077036507440010699e-02,-3.452343715090040038e-02,1.614281245810804677e-01,1.846820680101881329e-01,-7.915903302202957625e-02,-1.422136824701729363e-01,-1.676661155547611581e-01,-3.351356182135037300e-03,2.460610393672639507e-01,5.556101702488940725e-02,-1.058492336565530212e-01,-7.532955002457661364e-02,-2.915545824210197257e-01,-1.803968005719647771e-01,-2.583672192680638302e-01,-2.208677778274275028e-01,-4.762232450064792788e-01,-5.007998570088029178e-01,-1.393493900531748431e-01,-1.073551097010590344e-01,-1.297064211984449711e-01,-1.300326198668394538e-03,-2.076142812458108000e-01,5.725456901559497491e-02,1.740470977255462737e-01,4.682380803431788752e-01,-1.799007998570088113e-02,2.507350641226149257e-01,2.988873497475311725e-01,4.366683051074668476e-01,-5.224094016712096250e-02,-1.310603690960275222e-02,5.447070914696813815e-02,-5.782206532910318109e-03,9.767639304705304226e-02,1.836230394566334412e-01,1.253094418874838023e-01,4.448366772420572768e-02,1.232226641047410587e-01,1.073014880021448680e-01,-2.684212878144689313e-02,4.280798963313820794e-03,-2.291836096340318929e-01,-3.285669600965190895e-02,-1.959828410563474732e-01,-1.783815183877742599e-02,-3.208811832521560325e-02,-4.236561061709638587e-02,1.047589257786317590e-01,1.614951517047231722e-01,2.562178828365878624e-01,2.431163144018946287e-01,-2.035837168774297379e-01,-1.545734840698869406e-01,-9.066535591402653804e-02,-1.698735421600607587e-01,-1.541311050538451133e-01,8.490102328075427307e-03,-1.284105634746861013e-01,2.065329103177085748e-02,-7.564234326824255394e-02,4.082845524822378142e-02,3.524733008624156283e-02,-2.077840832923723118e-03,-6.672773582376334556e-02,9.109432950533982720e-02,-9.759596049868179968e-02,4.763841101032217917e-02,1.339961571115778072e-01,1.561419187631261363e-01,3.461995620894588455e-01,7.068233611868268707e-02,-9.405245989543768725e-02,8.682246749184503731e-02,-6.132981813307118030e-02,1.085839403011752127e-03,1.178738996380535309e-01,6.639706868045935906e-02,8.376156217882836652e-02,-1.366370257831002188e-01
2.130434782608695565e-01,-4.167746548103132276e-02,1.081415612851333863e-01,-1.790875374234773554e-01,-3.665043120782876529e-02,-2.055319719379775645e-01,3.682470172929979135e-01,-1.093703918852495655e-01,3.188524956432369772e-01,-1.553688726037803260e-02,0.000000000000000000e+00,5.411055006926136501e-01,5.094463559587112389e-01,9.154564547120068452e-02,2.250636757674605581e-01,-1.653916618258188531e-01,2.111533133741453905e-01,1.608338174181151992e-01,1.294249072791456290e-01,1.195674516287591055e-01,-5.678537915009607140e-02,-2.975199964252200902e-01,-8.825237946288932295e-03,-2.483533669958443157e-01,-1.448902989409714404e-01,-2.662317351088073769e-01,-6.283569417757718656e-02,-7.078511104160149781e-02,1.213548415925644608e-01,-1.822244068099557537e-02,-1.886679476294740587e-01,-2.771124715134724581e-01,-1.588632199830198044e-01,-2.900397694266946824e-01,-3.785066356852406222e-01,-3.570981723937620145e-01,-2.910049600071495379e-01,-3.494570802984941493e-01,9.683185128915501941e-03,-1.732383037669243397e-01,-8.478931140801644617e-02,4.269180928549086429e-02,-2.066893069395415450e-01,-1.589972742303051856e-01,-1.748469547343491637e-01,-3.099646990482148312e-01,7.826980651503641362e-02,8.557576299209079806e-02,1.461191295410876195e-02,1.330264980562134158e-01,1.183386210286429263e-01,2.051387461459403816e-01,2.031949595603020631e-01,1.912417891773537659e-01,1.764600741766834957e-01,8.686715224094017362e-02,-5.729031681487108119e-02,-7.591492023772286601e-02,1.093346440859734592e-01,2.433263327226417583e-01,4.794450154162384625e-01,-5.642343268242548671e-02,3.875731712766432580e-01,1.297779167969971836e-01,-1.728540149247062008e-01,-4.205817954332186637e-01,-1.583225345189686883e-01,-3.007238929353411860e-01,-1.005049376647750153e-01,-1.199159926717011521e-01,1.715045355020331508e-01,1.212297242950980819e-01,-7.708566066401537076e-02,-2.686000268108494626e-02,-7.933777201841012150e-02,-8.832387506144152856e-02,-1.054828187139729145e-01,-3.006121810626033453e-01,3.924214665534653257e-02,1.413780776620939261e-01,1.986683944769650212e-02,-1.267840386076232173e-01,1.290316814871084461e-01,-4.529246168282764773e-02,-3.352249877116939697e-02,-3.653156977523571158e-01,-1.567094150766343286e-02,-1.975468072746771608e-01,3.665177175030162049e-01,1.238661244917109786e-02,-7.833683363867911809e-02,1.059386031547432799e-01,-8.191161356628982870e-02,1.416998078555788965e-01,-4.517628133518030581e-02,-2.105545377362706139e-01,-9.853880870458912866e-02,-8.221993833504624705e-02,8.904776799678269794e-02,1.098306448009294389e-01,3.897850663568524360e-02,-1.489253317842620383e-01,-9.806068188927119511e-02,-3.362169891416059708e-01,-1.857634389382903650e-01,-2.175968541936637024e-01,-5.510970105902855687e-02,-5.865767013718217737e-02,3.939407480226998770e-02,1.032351758344876858e-01,2.590508959292193714e-01,6.592341034005094746e-02,8.401626524867063239e-02,3.158318066044059347e-02,1.157513740560346810e-01,1.394387595513651157e-01
3.676124938558469890e-01,2.708163903659681071e-01,-4.548460610393672415e-02,5.800527280039322747e-02,-3.616783591760132366e-02,-1.551141695339380566e-01,6.805487287188882739e-03,2.740917824746413878e-01,2.198400285982394231e-01,1.460297600428973608e-01,5.411055006926136501e-01,0.000000000000000000e+00,2.374636936413601906e-01,4.102104651682380587e-01,-4.011796773761115015e-02,-1.561955404620403165e-01,3.819786406899325359e-01,4.150185441708744705e-01,2.223379060726574097e-01,2.748961079583538414e-01,-2.956477054381339564e-01,-4.728808257741632937e-01,-3.080790026364002010e-01,-2.286429241699807768e-01,-1.874703963537244777e-01,-1.907145091380312019e-01,-8.577237588810938951e-02,-6.775101657804191713e-02,3.307028911032664498e-01,1.980874927387282769e-01,1.297019527235354630e-01,1.107824299566557980e-01,2.290495553867465117e-01,1.510121095670047819e-01,-4.172215023012645907e-01,-3.946110192591268384e-01,-5.444702622994771479e-01,-3.425086018142007860e-01,-2.738504848295276739e-01,-1.426784038607623317e-01,-1.586978864113678112e-01,-2.057553956834532460e-01,-1.605925197730014853e-01,2.225300504937664965e-03,4.803610527726887014e-02,9.118816747843960790e-02,1.237990973680682810e-01,1.684034139148308795e-01,6.835426069082621570e-02,2.262165422941150306e-01,-5.958711291836096130e-02,8.646945797399348266e-02,-1.054515393896063302e-01,-2.360695294695920252e-02,-6.121810626033334646e-03,-1.915635193708387432e-02,1.587917243844675919e-01,9.048214844273649859e-02,1.963135081996514597e-01,2.741096563742794756e-01,2.630501809732338492e-01,1.350998704142276352e-01,4.253094418874838190e-01,5.331918316278654313e-01,-2.315161535367978862e-01,-2.231377630814602997e-01,-6.289378435140086099e-02,-4.769650118414585360e-02,-5.248223781223468332e-02,-1.691541176996291251e-01,5.856830063899191169e-02,1.481969703740113609e-01,2.748112069350730491e-02,7.973546628535681247e-02,1.222574735242861615e-02,8.870369542875017332e-02,-2.134277671030877233e-01,-2.220697975780865918e-01,1.630233701237767674e-01,2.614817462799946535e-01,5.779078600473658289e-02,3.036775548505295241e-02,-1.647035166897537761e-01,-1.060994682514857651e-01,-2.239063407658966054e-01,-2.061709638500379693e-01,-2.066624960900844410e-01,-3.596943563161892898e-01,-1.287233567183520277e-01,-6.515483265561464177e-02,-3.920729255105232514e-01,-2.569328388221099879e-01,-3.951025514991733378e-01,-1.888824344251306964e-01,-2.333348228249698397e-01,-3.288037892667232676e-01,-3.292059520085794944e-01,-1.948165691049644765e-01,-1.522185977925734068e-01,-1.974127530273917519e-01,-1.511908485633853272e-01,-2.953930023682916906e-01,-2.615532418785468383e-01,-2.639170651056794159e-01,-1.262120738192055169e-01,-1.729791322221725658e-01,4.481880334241922920e-02,-1.590062111801242295e-01,-2.755261629205951746e-01,9.991509897671923754e-03,8.083471111309709772e-03,-2.466464095804102030e-01,-1.964922471960320050e-01,-8.980294025649046552e-02,2.725322847312212221e-02,-2.513517136601278040e-02
-9.356092765539121558e-02,-1.824791098797980127e-01,1.018142008132624371e-01,-1.241074221368246994e-01,2.418696099021404033e-01,-2.269985254032798674e-03,3.416774654810313394e-01,-3.068948567853791581e-02,5.834755797846195025e-01,1.778497698735421739e-01,5.094463559587112389e-01,2.374636936413601906e-01,0.000000000000000000e+00,3.271906698243889355e-01,6.347870771705617088e-01,2.797399347602663178e-01,2.767192457214352475e-01,2.840609499977657659e-01,7.222395996246480654e-02,5.883194065865320066e-02,1.751329371285580139e-01,-9.151883462174359440e-02,2.573573439385137829e-01,7.671477724652575603e-02,-1.115644130658206418e-01,-2.228205013628848374e-01,2.234148085258501337e-01,6.119576388578577830e-02,9.825282631038026460e-02,1.598641583627507801e-01,6.221010769024531983e-02,1.290048706376513768e-02,-3.471468787702757242e-01,-4.056347468608964002e-01,-2.999955315250905086e-01,-3.490147012824523221e-01,-2.279860583582823119e-01,-4.033290138075874554e-01,1.732561776665623998e-01,1.033736985566826028e-01,8.957951651101478396e-02,-2.958577237588810860e-02,-4.796907815362616567e-02,-7.177264399660396310e-02,-1.557129451718128610e-01,-2.526788507082532997e-01,1.235533312480450487e-02,-1.780687251441083127e-02,-2.142946512355333177e-01,-1.002815139192993477e-01,-2.731668081683721327e-01,-8.373921980428080183e-03,6.370257831002279492e-02,9.483891147951203915e-02,-2.372760176951606379e-03,1.405111935296483316e-01,-3.362974216899772273e-02,-1.920461146610661918e-01,-4.564144957326064511e-01,-7.440904419321685281e-02,6.320657759506680129e-02,1.501943786585638319e-01,3.196568211269493753e-01,1.448232718173287359e-01,1.642164529246168195e-02,-1.583404084186067207e-01,-3.036954287501675842e-01,-3.294561866035122244e-01,-3.444345145002010722e-01,-2.211492917467268449e-01,-6.312614504669555870e-02,-4.601188614325930903e-02,-1.083292372313329477e-01,-8.315384959113454599e-02,-2.435318825684793659e-03,1.727512400017873831e-02,-2.879172438446758187e-01,-3.488940524598954651e-01,7.952544796460968290e-02,3.186201349479422795e-01,3.268063809821707966e-01,1.462487153134635065e-01,5.629697484248625816e-01,3.829706421198444954e-01,3.486885026140578159e-01,7.620983958175074624e-02,3.702891103266455208e-01,2.648062916126726063e-01,3.001251172974663817e-01,1.490683229813664634e-01,-4.832655614638723535e-02,4.218687162071584756e-02,-4.173555565485499719e-02,2.218821216318870304e-01,2.165422941150185396e-02,-2.176504758925778549e-01,7.824746414048884546e-02,-1.443764243263774040e-02,1.178649626882345008e-01,-1.662719513829929996e-02,-1.518834621743598949e-02,-1.317887305062782066e-01,-7.085660664015371035e-02,-2.102953661915188399e-01,-2.552660976808615034e-01,-2.999553152509048526e-01,9.857902497877474302e-02,1.651324902810670792e-01,-1.129853880870458904e-01,4.292863845569507009e-02,3.869743956387685091e-01,1.373609187184413882e-01,-6.612896018588855507e-02,-2.308011975512757608e-01,-9.616158005272799902e-02,4.720496894409938193e-02
