1.000000000000000000e+00,7.048008054996814931e-01,2.350766800079454044e-01,5.099443136699779999e-02,6.554274194100764839e-02,-6.484866058280001899e-02,-1.122927744760713192e-01,-2.367799191303891215e-01,-1.181102721757852358e-01,-7.507266164218735771e-02,5.534157250524556620e-02,5.517330343912746349e-01,1.888198105431871665e-01,4.441549901938176559e-01,-2.606252668446011334e-01,3.226450892602325538e-01,-1.424008365506896322e-02,4.090947489548824034e-01,6.970015228692958420e-01,6.092550269527317042e-01,-9.157992552324373259e-02,3.083387938966503650e-01,1.043656347533842149e-01,3.211564673998661967e-01,1.612437755286091623e-01,2.519766478153561140e-01,3.087497631219048855e-01,2.540817235136041963e-01,4.745096338035886818e-02,-2.535451803584108307e-02,4.007566400069408341e-01,3.396363835621442617e-01,3.692809636771699489e-01,3.412711278137122162e-01,2.422663582875369051e-02,1.501110758489368480e-01,-1.522983453922358843e-01,1.463849548732958916e-01,-1.249460602891853400e-01,1.077355824004712498e-01,4.069736911200966256e-02,1.017856612837308716e-01,-1.507868919082442638e-01,3.378007210226741108e-01,-2.812878862254531431e-01,-1.895184582261198458e-01,-4.338693437506421086e-02,5.177070657025632794e-02,-2.527483566938895643e-01,-3.384674044325314268e-01,-4.257253036035151816e-01,-3.357367422469513807e-01,-3.425679640356264488e-01,-1.040277267237305070e-01,1.974912611960574216e-01,4.047430414919095942e-01,7.977255136544525449e-01,6.755900262335355899e-01,3.215583039756706452e-01,1.663717581948405133e-01,1.530289573482438992e-01,1.207587405163143418e-01,2.971239003719271521e-01,4.594795759710860183e-01,5.847407126662998444e-02,6.969353111607826112e-02,2.036512332501501099e-01,2.521319028560077835e-01,4.517396555621259746e-01,5.077136640417909685e-01,2.243366842546274109e-01,4.580685816310455238e-01,1.583373098411147359e-02,1.472160259732550325e-01,-4.542351520243659291e-02,9.451150599672594743e-02,-2.049937327193148695e-01,1.534513423853110445e-02,-4.721465607583751889e-01,1.493484996198534698e-01,2.179278475030194812e-02,2.520634079851320486e-01,-9.826959124544223934e-02,1.422843952702008419e-01,-2.358712205101041459e-01,2.867126799988127805e-01,-9.217354773750026375e-02,1.779473913728426837e-01,-3.067177486192575464e-01,1.580701798446992878e-01,-3.154120308957530927e-01,-8.492679039884563907e-02,-2.548032028201621668e-01,-2.578078444892451526e-01,4.288007233058364204e-02,-2.722967928418293382e-01,-3.096356301185645976e-01,-9.459141667941432102e-03,-1.284027681060483372e-01,6.553360929155754855e-02,2.528168515647652992e-01,-1.728582224667742778e-02,2.651733262707510752e-01,5.418926046087915172e-01,-3.218870793558742394e-01,-9.156166022434353291e-02,7.745628314866355446e-02,1.810433595364267234e-01,1.319005728454367699e-01,-7.284886150108792202e-02,-3.048706702679747707e-02,-1.159869311786369123e-01,-2.533830758306715447e-01,-1.471612300765544334e-01,-6.551534399265734887e-02,-7.419136097025268162e-02
7.048008054996814931e-01,1.000000000000000000e+00,3.435405912020621511e-01,3.293712855802314876e-01,-3.633196267486169667e-02,-1.595542353803406088e-01,-1.196262919845018924e-01,-3.674293190011621024e-02,-3.019231076579548811e-01,-1.897878713848978049e-01,-2.445426711629744010e-01,6.180908652957037841e-01,-6.077549892805526877e-02,5.045126704095308501e-01,-3.619337471945642259e-01,5.097228469208130441e-01,-1.852352456340227715e-01,5.163577167463110351e-01,6.744575777017230989e-01,6.910105048300300146e-01,-3.883430862418919133e-02,3.408601585884576957e-01,2.641504695323398377e-01,5.476416074376296850e-01,5.063369171371883554e-02,1.226720305761103552e-01,1.439693690937443593e-01,2.239896435755235893e-01,-2.027881978771156335e-01,-6.459294639819720962e-02,3.798017758436855740e-01,4.148072211859201719e-01,2.225010217151572323e-01,2.644061837169426887e-01,-8.147921523143275557e-02,1.366404179100388361e-01,-2.372000210050937419e-01,2.376064239056231986e-01,-2.451454260266810459e-01,9.694992339990274322e-02,-7.116617083990694169e-03,1.951989661840822510e-01,-2.755845466438655023e-01,1.165714207434433297e-01,-5.915468196689871450e-01,-5.086314953115260717e-01,-1.883677443954071828e-01,-7.677590076463107482e-02,-5.184399608209339094e-01,-5.565276753525773001e-01,-4.719273771715727928e-01,-5.549705586213352637e-01,-2.928909173518056130e-01,-1.969707001774017030e-01,1.630063768724785422e-01,2.350447157348700411e-01,6.412740959247834605e-01,8.434070262038544374e-01,1.791437684508058459e-01,1.881394281591546869e-01,-2.447390231261515614e-01,7.961158841888722748e-02,5.479361353823954811e-02,4.378945589957738416e-01,-1.820616499501128971e-01,-1.677781862101559718e-01,1.707645625803387857e-01,2.303505339175184741e-01,5.841722052380310393e-01,6.850697163627397224e-01,1.504535502033156058e-01,3.409514850829586941e-01,-1.363390404781855136e-01,4.920443207477813441e-02,-1.417410026279198876e-01,-1.378276623385518707e-01,-2.822742123660639812e-01,-9.321466977481170091e-02,-5.020148907849283360e-01,2.510040206489204118e-01,-1.111215121840959490e-02,4.799275780898606958e-01,-7.927824671395856948e-02,4.067796223192819971e-01,-1.730477249428638564e-01,2.670044224854962178e-01,-9.800931073611438005e-02,2.108568936662792992e-01,-1.904773864183803567e-01,2.008703414925945563e-01,-1.693353029413980637e-01,-8.138332241220669339e-02,-1.222838929744810982e-01,-1.344759799903650632e-01,-8.705013139599396266e-02,-2.080897008828988815e-01,-2.835801812374283415e-01,3.517668251942400459e-02,-1.355992958727273989e-01,3.576117208423042898e-02,3.352024822541205262e-01,1.468735516188762746e-01,3.173572852286244417e-01,5.967067666082938038e-01,-1.039181349303292951e-01,4.997157462858656252e-02,1.775227231734130273e-01,2.760183474927452307e-01,1.604811992995257841e-01,-1.783149805132092439e-03,-4.555593861946304751e-02,-1.493439332951284060e-01,-2.695250337337238844e-01,-2.151583715572765454e-01,-1.899522590749996021e-01,-1.092333369102877066e-01
2.350766800079454044e-01,3.435405912020621511e-01,1.000000000000000000e+00,7.008555009372381406e-01,-3.186267235021884026e-01,-3.124393534997454425e-01,6.018073513261749108e-01,7.248743689910021049e-01,-4.392370584649386012e-01,-2.345606853140147219e-01,-8.025087388039425784e-02,4.508126916429407993e-01,1.671754313464493269e-01,6.686766105998095400e-01,-5.514727538819468311e-01,-1.158316761379852011e-01,-1.360924589430328180e-01,1.828698894264467745e-01,7.817776245522148337e-02,8.415051519558709725e-02,-2.341816803618355647e-01,1.812145967136160815e-02,6.668409480603394446e-01,5.755692494560366024e-01,-3.478740333661347606e-01,-1.837420574489313785e-01,-2.741050574329492173e-01,-3.404446230384781114e-01,-2.864295678658596578e-01,-1.555997981684471565e-01,-1.446725831014021024e-01,5.084374265107114571e-02,7.456123327298173897e-02,-1.180783079027098864e-01,-1.573030372908908736e-01,-3.073821488667523652e-02,-9.888604508332400622e-02,-5.376847363746577700e-03,-2.819363043364102595e-01,-2.365287712705113621e-01,-2.716734895168600172e-02,1.403619725609547286e-01,-9.247492516935357232e-02,4.097134859551267161e-02,-1.024021151216126385e-01,-4.183895029327220488e-02,-1.462844957293447934e-01,8.857071752943566911e-02,2.609426264129921166e-02,-1.813675685919052816e-01,1.842854500912123328e-01,1.208774649591656397e-01,7.715490571681024590e-02,2.237521946898209657e-01,-1.502937288379388447e-01,-1.801026966430663845e-01,2.010210302085212175e-01,3.501617620533848951e-01,-5.011769701978816688e-02,-1.052423691005938550e-01,1.551408825335796188e-02,8.269385760829610355e-02,-1.852946078554484344e-01,-1.401427889741523325e-01,-4.995787565441141276e-02,-1.598213653767560250e-05,8.228745470776663296e-02,1.011555084716739411e-01,9.037441579583048445e-02,-9.970570037147050840e-03,-1.451018176255567949e-01,9.986780489920979442e-02,-2.616709552066376343e-01,-1.707873942039640214e-01,-3.539061483279260512e-01,-2.311770386927525511e-01,-2.739726340159227558e-01,-9.769423433008592172e-02,-4.895351253113662815e-01,-9.672160716365023336e-02,-1.544993139097100565e-01,1.098771886965197730e-01,-2.626161844247230093e-01,8.354776033188048012e-02,-4.533059049428181941e-01,2.792307569368180590e-03,-4.851103566527926736e-01,-2.886031384349835305e-01,-6.136797956113052566e-01,-2.510679491950710829e-01,1.317909810520355440e-01,1.652804065855535132e-01,3.709522385265383582e-01,1.157494822929343026e-01,-4.841651274347072431e-01,-3.493261246287007182e-01,-5.149741203546207569e-01,-1.928792732237567531e-01,-2.677076364931539332e-01,-2.063088342401293296e-01,-1.578098993353714286e-01,-1.894362643810689195e-01,-3.278233014984394678e-01,-1.210601179481676504e-01,-9.983127430140939507e-02,1.011372431727737414e-01,-2.128615102205763110e-01,-5.193760573895691568e-01,-1.802488190342679819e-01,-1.584491847968784728e-01,-1.780250188931685462e-01,-2.925667082963270826e-01,-3.763039711042971414e-01,-3.219327426031247108e-01,6.811814908593594176e-02,-2.729589099269616459e-01
5.099443136699779999e-02,3.293712855802314876e-01,7.008555009372381406e-01,1.000000000000000000e+00,-4.388626198374844800e-01,-4.701784748018785765e-01,3.839753966423814502e-01,7.642589197445598392e-01,-4.461870046964649950e-01,-2.332729817415505891e-01,-2.862560475263077331e-01,3.408692912379078233e-01,-6.650623645799323691e-02,5.906563863476023135e-01,-4.228713506503588015e-01,-8.321441862695182212e-02,-2.575886609024427565e-01,-1.251515449018126003e-01,-1.035619616017753875e-01,5.330042535314814117e-02,-4.500683807127576208e-01,-2.637988625285109801e-01,5.056633842402434853e-01,5.955058232056056333e-01,-4.784663541778446660e-01,-4.582649335942227120e-01,-3.770437157097552561e-01,-3.344079417519618125e-01,-4.427622611526773611e-01,-2.546342488053353059e-01,-3.002563991333115911e-01,4.473400016895401343e-02,-3.233711348915155326e-01,-3.051378002643901910e-01,-3.203847585213327465e-01,-1.279141713604679542e-01,-3.809113927518727460e-01,-1.590930365831105253e-01,-5.829895271342431240e-01,-4.617079424369104901e-01,-1.950574101176056896e-01,-4.253303165147983428e-02,-9.242926192210307312e-02,-6.358378863396112191e-02,-2.649541426839486791e-01,-1.389190139478388708e-01,7.473475361253364979e-02,1.328047051409966817e-01,-1.100187447629963344e-01,-1.143110900045434947e-01,2.335286959261533846e-01,1.093634771649516215e-03,2.715661808858213511e-01,1.977515417053853086e-01,-2.061010664651395305e-02,-1.236674893661712932e-01,-8.907301324919118801e-02,2.089207719828580223e-01,3.239807392423097419e-03,2.386132985074967613e-02,-1.755135402943909517e-01,-6.513862220284070970e-03,-3.550111989113881594e-01,-2.207247213971127164e-01,-1.685955583359399490e-01,-1.774131313800118293e-01,-6.466144126907297229e-02,-2.184301432227750070e-02,-5.126384452577575912e-02,-6.050380260691478338e-04,-2.496432558808554525e-01,-7.002458965864439243e-03,-4.525341960642847439e-01,-3.185353970076874042e-01,-4.984988207466397592e-01,-4.333601985437990356e-01,-4.493788656792750413e-01,-3.144120057809671187e-01,-3.678928009607547178e-01,-3.039094589133516933e-01,-3.755916244471892984e-01,-4.714045329905545284e-02,-4.453878978695812174e-01,-1.029272424649934070e-01,-4.161771186034352588e-01,-1.489375303945989493e-01,-4.653381705933253842e-01,-2.515108826934009945e-01,-3.126676697359979107e-01,-1.499375555093849510e-01,1.467959240985504121e-01,8.688117738116710176e-02,5.150517478749466749e-01,2.037060291468507089e-01,-5.207550874565343157e-01,-3.334490135597012461e-01,-5.684686145085835474e-01,-3.546869898559096290e-01,-2.655934281454557233e-01,-2.888405873206861263e-01,-5.291685407624392712e-02,1.060186443038523829e-01,-1.419373545910970480e-01,-1.906372077837571177e-01,-3.188436239266283223e-02,1.416268445097936257e-01,-2.544378968421581177e-01,-3.695640758101230716e-01,-3.058295984602352885e-02,-2.103408989723486167e-01,-2.669222286404452915e-01,-3.668653778976184165e-01,-2.936763252045142547e-01,-4.062955918984266779e-01,-1.481064592946398084e-01,-1.359463365518312206e-01
6.554274194100764839e-02,-3.633196267486169667e-02,-3.186267235021884026e-01,-4.388626198374844800e-01,1.000000000000000000e+00,7.198011822214712696e-01,-2.233275264903913093e-01,-3.623766806928941375e-01,6.485665165106886398e-01,4.899278292377206023e-01,9.178541013587099284e-02,6.393996196251504338e-02,1.490790864610755107e-01,-3.024847655991360629e-01,4.199808670994020221e-01,1.985460822075440224e-01,2.166949398272559335e-02,1.817191755957341393e-01,1.782807330777713695e-01,5.146019648895291954e-02,4.055741125918687628e-01,4.234238759420898557e-01,-1.055574455066223133e-01,-1.684220379963880243e-01,7.721358298952712973e-01,6.387032551045802586e-01,3.088639212400311473e-01,6.348401443871878325e-01,2.670226877843964175e-01,3.224807015701307567e-01,4.978869332334830422e-01,3.504585731605131538e-01,4.272687213605821377e-01,5.669845589729421986e-01,1.310284048229521658e-01,6.234631463347253127e-02,9.879471858882300783e-02,-1.023107886271116401e-01,4.510364415544682593e-01,4.138163287205843255e-01,5.439634328716017736e-02,6.167963122361520834e-02,7.689005888275732281e-02,1.061830319939541800e-01,3.790734470500400910e-02,-8.306372991102516090e-02,-1.344029187947642645e-01,-1.317224861811598091e-01,-8.198607727591332439e-02,-1.151969570012032207e-01,-3.399514599681727200e-01,-2.118066892090897380e-01,-3.027176481601135949e-01,-3.218596814075239121e-01,2.304509930614695723e-01,3.333576870652002477e-01,-8.610490217790857381e-02,-1.939751911577687893e-01,-2.045051359737344865e-01,-1.546956658728872169e-01,-1.193842767740742328e-01,2.331633899481493910e-01,7.874855304585275106e-02,3.114438947096844768e-01,-1.436086294404654018e-01,-1.343481228980636377e-01,7.104516323469310668e-02,3.783200034704067762e-03,1.217268013580249664e-01,1.914888273449789902e-02,4.118573754135377851e-01,3.020920616727817420e-01,3.177591218044288901e-01,4.486893506457924619e-01,6.729598231919066142e-01,5.862909799104544240e-01,6.086979353362755862e-01,5.797337376052823510e-01,1.002239782277637159e-01,3.990305692608718258e-01,2.902013520887510856e-01,7.029856914214740495e-03,3.093844822586868659e-01,1.364303669726865398e-01,3.109050683921285585e-01,-8.628755516691058447e-02,3.767240729790017340e-01,3.671028267833210679e-01,3.744546095906517991e-01,7.937870585790966771e-02,-2.310857121982515527e-01,-2.758904904004438330e-01,-4.558402151652210521e-01,-2.106696743525522386e-01,3.463260492843427407e-01,2.995577514503788841e-01,4.289125982616001642e-01,5.225542193982040118e-01,3.728609622616093078e-01,4.665071497229382746e-01,3.004618837459388514e-01,-1.209231282064161389e-01,2.921055094990970269e-01,3.502028589759103583e-01,7.411373344992681911e-02,-2.523967496900607066e-01,2.526752954982887656e-01,1.737418063010714997e-01,1.355399336513017361e-01,2.744886287098534661e-01,4.550502409877873466e-01,3.973501617620533999e-01,2.031489375303945910e-01,4.911790022123843080e-01,1.894956266024945823e-01,1.187312923383920665e-01
-6.484866058280001899e-02,-1.595542353803406088e-01,-3.124393534997454425e-01,-4.701784748018785765e-01,7.198011822214712696e-01,1.000000000000000000e+00,2.614220905091223755e-03,-2.490678989654991349e-01,7.083305745121453167e-01,7.104447828598434711e-01,1.042743082588832165e-01,-1.447091136992025018e-01,1.053565272187201030e-01,-3.656872661185555096e-01,3.966697793780208925e-01,5.446940448276098301e-02,-2.300948197329156786e-01,1.188386009694307466e-02,-1.291584948480441371e-02,-6.888529163974438374e-02,2.445289721887992651e-01,1.401793195719527318e-01,-1.156878369091461287e-02,-2.291039272675797767e-01,5.280018447951889682e-01,6.552196516350867750e-01,1.649835954784252545e-01,3.119918536766905226e-01,8.298153606597426235e-02,1.594629088858396104e-01,2.052951101511681919e-01,1.239095045765989528e-01,2.485564705962935161e-01,4.073686782088134506e-01,1.289141964752539560e-01,-2.348689122329556192e-02,1.135119831776597171e-01,-1.242725273922404457e-02,4.096518405713385769e-01,4.414243280082376653e-01,-1.441360399462086883e-02,-5.609729924724136604e-03,2.415928253905920142e-01,1.046533132110623737e-01,3.084803499631269541e-01,1.288502679291032293e-01,8.993376545986314294e-03,-1.085072912790047278e-01,2.196699003856261156e-01,7.257488201758491297e-02,-7.959788944471207772e-02,-3.837995931404669832e-03,-1.910207790606613387e-01,-2.252682144985376222e-01,9.328316464568744970e-02,6.027320320829974987e-02,-1.386998303610364747e-01,-2.563557532266791950e-01,-1.764313715641260272e-01,-1.639470397658388812e-01,-3.130443915258145776e-02,3.188550397384409263e-01,-1.523120443664110202e-01,8.990865067387536491e-02,-9.316900652756118784e-02,2.651436451600382507e-02,-2.286130473596368826e-02,-8.326921452365242116e-02,-4.113116996088942573e-02,-1.781437433360198441e-01,2.110669446036315955e-01,2.473349787323425933e-02,2.950279573231291419e-01,2.882469651064296090e-01,4.042087814990787398e-01,2.924799481265511480e-01,5.296639869951071944e-01,3.499517111160325711e-01,-1.578350141213592100e-02,2.306199470762964332e-01,6.129605994671098734e-02,-2.028110295007408970e-01,1.872809591108452465e-01,-7.676220179045592507e-02,3.099689718234933111e-01,-1.401016920516268693e-01,3.201929728828806221e-01,1.955505731879111087e-01,2.523328211439099800e-01,-5.056976316756813666e-02,-1.690225096977321373e-02,-9.502750069065661609e-02,-2.022539378842847513e-01,-2.947562610019886526e-03,3.492713287320001192e-01,3.404902862857286383e-01,4.681921235464817643e-01,4.084326318697501512e-01,4.010717164129692924e-01,4.002360789882851155e-01,1.168180022785960392e-01,-2.233503581140165728e-01,3.936856861702005966e-02,5.805396939192537104e-02,1.883723107201322466e-01,-1.278913397368427185e-01,7.695855375363308548e-02,9.922851943770277794e-02,5.915673681302498557e-03,2.471683078798782573e-01,3.955692951192837925e-01,4.993892540680245351e-01,4.565114648998034319e-01,5.905878914767266341e-01,4.696350821595975944e-01,2.250535972364602899e-01
-1.122927744760713192e-01,-1.196262919845018924e-01,6.018073513261749108e-01,3.839753966423814502e-01,-2.233275264903913093e-01,2.614220905091223755e-03,1.000000000000000000e+00,7.079881001577664756e-01,-1.206628476970882796e-01,4.327277625693796287e-02,2.283093867654210629e-01,1.216126432398987184e-01,2.255969898787412442e-01,2.998728278564073424e-01,-3.342435540618600154e-01,-3.704362438326076479e-01,-3.436387671836507035e-02,-4.450568393270150358e-02,-1.218455258008762782e-01,-2.122359237332444304e-01,-2.507483064643176163e-01,-3.239327928326967143e-01,6.807408405233921211e-01,2.866715830762873174e-01,-3.644954553653174112e-01,-9.257538431330467055e-02,-3.924413626826244728e-01,-4.604385041633465847e-01,-1.557733185079990534e-01,-3.603058524300838811e-02,-2.484423124781672543e-01,-5.482557781131489755e-02,-5.079351307909559660e-02,-7.037391350011072688e-02,-8.326464819892737124e-02,-2.075691398642431629e-01,-3.294397804511072225e-01,-2.282728561676206358e-01,-2.629997557016272025e-01,-3.535865055971725290e-01,-2.313916559548299112e-01,-1.665726764827427098e-01,4.044622125213190311e-02,-1.643397436921931742e-01,2.132039845749550688e-01,1.179093538878830255e-01,-7.082141332316564675e-02,-4.393032701734518597e-02,2.606572311176764689e-01,6.476646673774912044e-02,3.782081285146430827e-01,2.412001214642376934e-01,1.326814143734203477e-01,1.986008781042446214e-01,-2.931648968353086637e-01,-4.411229505763843428e-01,-1.941487114973207140e-01,-8.401809177856064959e-02,-2.232909958925909100e-01,-2.169438045247711611e-01,1.035665279265004374e-01,2.544013662443577184e-01,-2.527346577197144284e-01,-3.399697252670729197e-01,9.310964430613553888e-02,8.132852651550609435e-02,4.702629518092920485e-02,-4.379333727559368145e-02,-1.201605519773327607e-01,-3.517325777588021785e-01,-1.612666071522344258e-01,-1.210783832470678500e-01,-8.414138254613699741e-02,-1.679699718486080684e-01,-2.506387146709164182e-01,-2.157337284726328630e-01,1.597985337531307795e-02,3.853293119233588276e-02,-1.388961823242136351e-01,-1.211057811954181496e-01,-2.067745993620844491e-01,-1.772396110404599323e-01,-4.317574185653064167e-01,-2.749863581048839212e-01,-3.520704857884559003e-01,-2.882834957042300084e-01,-4.973526732406521877e-01,-4.975535915285543842e-01,-3.981310032900369777e-01,-3.425451324120012409e-01,9.950706524593083691e-02,2.589037624232571888e-01,4.075193669247401118e-01,3.608652272089025170e-01,-3.942998568457198871e-01,-1.540792120350054362e-01,-2.536159583916491322e-01,-1.913541207655899967e-01,-1.537276050311765785e-01,-1.551568646701172727e-01,-2.623833018637454217e-01,-1.255488151528919571e-01,-4.822929342974366929e-01,-4.347118306624139228e-01,-6.868437335184217341e-02,8.238334752699268126e-02,-3.889070273454356408e-01,-5.499065045012545561e-01,-3.659429803031583051e-01,-2.311633397185774152e-01,-6.143304968846249881e-02,-1.069958377950131212e-01,-8.577840996006749069e-03,-1.040825226204311060e-01,2.320994362872126904e-01,-9.903216747452561752e-02
-2.367799191303891215e-01,-3.674293190011621024e-02,7.248743689910021049e-01,7.642589197445598392e-01,-3.623766806928941375e-01,-2.490678989654991349e-01,7.079881001577664756e-01,1.000000000000000000e+00,-2.882652304053298087e-01,-1.245031267908554840e-01,-6.735100653212751365e-02,9.252972106605417135e-02,2.109413706736927227e-02,3.973227638137030726e-01,-3.899298840838468783e-01,-4.067476580462066615e-01,-1.704677514732105270e-01,-1.789565491370787853e-01,-3.066446874236567477e-01,-1.724449700791572393e-01,-4.253965282233115319e-01,-3.685640506953370976e-01,5.732267248720858133e-01,3.280287861110667280e-01,-4.889871663443602356e-01,-3.600432887583934760e-01,-5.727244291523303499e-01,-5.203075876334793959e-01,-3.484174260084157426e-01,-1.969707001774017030e-01,-4.795531394624065746e-01,-1.875366732954480697e-01,-3.341522275673590170e-01,-3.705184376776585742e-01,-3.479562272111856869e-01,-2.825162275764916409e-01,-2.442595590300213060e-01,-2.061946761220030677e-01,-4.026197004947612568e-01,-4.532922059686430583e-01,-2.308528296372739930e-01,-9.587227076479089283e-02,3.761509992260079344e-02,-1.863357298927598715e-01,1.094936174196155659e-01,1.256310089979428835e-01,6.332350812463326262e-02,7.828735424862268144e-02,2.320857373130375545e-01,1.086397146960311755e-01,5.455365317393815472e-01,3.147179495375454494e-01,4.309720107125978306e-01,2.963521914933936463e-01,-1.924043754523515337e-01,-4.224147181778537541e-01,-2.914616577128649189e-01,-1.098817550212448230e-01,-9.886777978442380654e-02,-9.890887670694925582e-02,-3.434561141946487067e-02,6.215452899502042078e-02,-3.523079346741584961e-01,-4.367666767886864698e-01,-1.636182643856352592e-01,-7.277580030548712331e-02,-1.083566025630780666e-01,-5.835991314850372952e-02,-1.647826771905230581e-01,-2.719725837863508078e-01,-3.017724189420282199e-01,-1.797693549381377265e-01,-3.093022884136359396e-01,-3.015121384327003606e-01,-3.911536591101603122e-01,-3.458557178376626129e-01,-2.301176513565409143e-01,-1.786460390557753630e-01,-1.846279244455910906e-01,-3.439652594014918074e-01,-2.673423305151499396e-01,-1.813812675660804175e-01,-4.150127057985474321e-01,-2.340446906200840671e-01,-3.389742664770119540e-01,-3.512165830648714682e-01,-4.864300244983321697e-01,-4.614841925253830301e-01,-2.770457705558815320e-01,-3.959619990456381133e-01,2.289760701752783789e-01,8.815518197945609868e-02,5.695964967156709191e-01,3.234852930096417944e-01,-5.452990828536790069e-01,-2.205968643048113187e-01,-3.959528663961880413e-01,-3.241200121464237749e-01,-2.350903789821205681e-01,-3.413396226845879511e-01,-2.545109580377589165e-01,-7.893577235957981164e-02,-4.373192020804175240e-01,-5.076999650676158327e-01,3.940509921482046596e-02,3.514928457107370507e-02,-3.464539063766441385e-01,-5.504453308188105298e-01,-2.373781076693707026e-01,-2.522917242213845723e-01,-1.432478897871864443e-01,-2.792056421508302688e-01,-1.267634575297553190e-01,-2.959960181648397803e-01,1.403459904244170470e-02,-1.182015986702862342e-01
-1.181102721757852358e-01,-3.019231076579548811e-01,-4.392370584649386012e-01,-4.461870046964649950e-01,6.485665165106886398e-01,7.083305745121453167e-01,-1.206628476970882796e-01,-2.882652304053298087e-01,1.000000000000000000e+00,7.693047085657401807e-01,1.826598384890944782e-01,-2.003497804739388377e-01,2.529036117345412893e-01,-3.539563778999015864e-01,7.421807396989421601e-01,6.519113493717879071e-02,-4.790302952813883797e-02,-1.854087659735746685e-01,-2.133638059403318299e-01,-2.293322435038323004e-01,3.901216697222989471e-01,2.017196778914538968e-01,-1.922810846847751998e-01,-2.661550860866369050e-01,4.172821691868973670e-01,4.085878869104018762e-01,1.612757398016845256e-01,2.139071985826128119e-01,2.050302633171152689e-01,1.696321140485263224e-01,1.261972332638491012e-01,4.708109107762980389e-02,3.771555906655189860e-02,1.696001497754509868e-01,7.683982931078177370e-02,-7.278036663021217323e-02,8.486742817741997624e-02,-2.616846541808127702e-01,3.380792668309021698e-01,2.676163099986529348e-01,9.329686361986259946e-02,7.642429376080221715e-02,5.347851201742509497e-02,-1.487936911657598664e-02,2.541228204361296594e-01,1.412524058823395046e-01,-3.391181057058510750e-02,-1.780524168415188457e-01,2.296747178582110582e-01,1.451200829244569945e-01,-6.512720639102809184e-02,1.472411407592428070e-02,-6.797659301945939425e-02,-3.019596382557552805e-01,4.077043030761046821e-02,4.360611796186662087e-02,-2.524880761845617050e-01,-4.577489389002920017e-01,-2.775845968734374503e-01,-3.341339622684588173e-01,2.266038644806148139e-02,1.054341547390459516e-01,-1.409966916977367091e-01,-3.449630013539152495e-02,3.565614661555427389e-02,3.965624707469822541e-02,-2.129482703903522733e-01,-2.775937295228875779e-01,-2.895027044058184340e-01,-3.017221893700526847e-01,2.652463874663518739e-01,7.160225485114922461e-02,3.719705289402245318e-01,3.048546881314370682e-01,4.943662968704693461e-01,4.549360828696610848e-01,4.896036201822420164e-01,3.386317921226332239e-01,1.065666032708584010e-01,1.411473804136633703e-01,1.155850946028324916e-01,-2.563831511750295222e-01,2.523876170406106345e-01,-1.432752877355367438e-01,4.129441606980997492e-01,-2.261084182479468629e-01,4.665117160476632829e-01,3.030144592672418535e-01,5.055492261221171679e-01,-1.819337928578114993e-01,-6.575735920308500848e-02,-2.078659509713714215e-01,-2.728127875357600485e-01,-1.969889654763019027e-01,2.345789506129149493e-01,3.557281118932210662e-01,3.477690078974586263e-01,2.351223432551959036e-01,2.501135873275356358e-01,1.809292014183004615e-01,2.802125167527038177e-02,-2.621869499005682891e-01,1.168225686033210892e-01,-1.019226510254823692e-01,7.286712679998812170e-02,-2.385653520978837372e-01,6.624595594866537762e-02,1.154207069127306806e-01,-1.895709709604579199e-02,5.493060327999105263e-02,1.261926669391240374e-01,3.163663927632885953e-01,2.711780432841920940e-01,3.924367963578994090e-01,3.080876460367726333e-01,2.095554911196400028e-01
-7.507266164218735771e-02,-1.897878713848978049e-01,-2.345606853140147219e-01,-2.332729817415505891e-01,4.899278292377206023e-01,7.104447828598434711e-01,4.327277625693796287e-02,-1.245031267908554840e-01,7.693047085657401807e-01,1.000000000000000000e+00,2.355926747018760870e-01,-7.046980631933678907e-02,2.436476715168645890e-01,-1.018221918815312710e-01,5.743911376769735844e-01,2.383963980830568763e-01,-2.906808161848813410e-01,-3.224396046476052935e-01,-2.459993287502654224e-01,-2.209576039580902762e-01,1.899385601008244384e-01,1.181331037994104854e-01,-1.933610204822495612e-02,-1.088360666592083359e-01,2.429809881070072453e-01,3.732582325126886924e-01,1.347271278502428227e-01,3.656484523583925644e-02,1.918997965702334829e-02,5.006290112308756785e-02,1.064638609645447709e-02,6.509524211795272852e-02,-1.032331862215717794e-01,5.426848619485877268e-02,-1.672873063022130638e-02,-1.048542314989645841e-01,2.671299964154350893e-04,-1.220236124651532389e-01,1.332293733404263658e-01,2.053544723725938270e-01,7.947688183949825486e-03,6.162483532691460236e-02,1.824086906292167187e-01,5.824118870565242467e-02,2.275422442116126209e-01,1.086671126443814750e-01,1.164983595478425310e-01,-6.141935071428734211e-02,2.638216941521362435e-01,1.788104267458771879e-01,2.261472320081097873e-02,6.286230932740319299e-02,-7.527586309245209474e-03,-7.843804296454934266e-02,-2.151880526679893907e-02,6.716835354312551687e-02,-2.542552438531561210e-01,-2.623787355390204135e-01,-2.367022916100632590e-01,-2.239348476788229902e-01,-7.346531533896970279e-02,2.698538091139275341e-01,-3.770665473333805195e-01,-1.016212735936290606e-01,-5.980287176161958734e-02,4.539155092936123653e-02,-3.386226594731830963e-01,-3.062428508478523548e-01,-3.329786821130211183e-01,-2.480633075259880971e-01,2.965142960211329670e-02,2.448235001335649988e-02,1.371198820061690915e-01,8.989495169970021515e-02,1.941578441467708138e-01,1.903312640271787592e-01,2.408622134345839716e-01,1.569012007150864529e-01,-1.457593683859640388e-01,4.224078686907661861e-02,-2.122085257848941309e-01,-1.647826771905230581e-01,6.778480738100728376e-02,-5.830511725180313048e-02,1.923313142567507350e-01,-4.830486610394325170e-02,1.589240825682836922e-01,2.515200153428510665e-01,1.498599279890590885e-01,-1.595702175168782835e-02,7.299498389228953332e-02,6.213626369612022110e-02,3.398030544146085630e-02,6.068417243355427038e-02,1.187312923383920665e-01,2.292089527362559387e-01,1.272018247033601390e-01,9.294982294075879170e-02,1.804817015952455417e-01,1.497457698709328267e-01,-3.576117208423042898e-02,-1.381381724198552929e-01,-5.081177837799579627e-02,-1.407592428120340855e-01,7.042414307208628987e-02,-1.854612787079127495e-02,-6.616376210361447907e-02,-9.701156878369091713e-03,-7.721883426296094477e-02,2.571525768912004753e-02,5.312918817595875358e-03,2.149117900221238497e-01,2.836669414072042761e-01,3.417368929356673357e-01,3.799752961832374987e-01,1.188911137037688137e-01
5.534157250524556620e-02,-2.445426711629744010e-01,-8.025087388039425784e-02,-2.862560475263077331e-01,9.178541013587099284e-02,1.042743082588832165e-01,2.283093867654210629e-01,-6.735100653212751365e-02,1.826598384890944782e-01,2.355926747018760870e-01,1.000000000000000000e+00,9.844311158499415015e-02,6.838870382589516961e-01,1.471749290507295971e-01,2.316839007372331338e-01,7.641516111135211731e-02,4.539817210021256377e-01,-1.655292712830687537e-03,3.419035637881316647e-02,-2.337707111365810442e-01,5.526394498491971063e-02,7.096753571436725805e-02,2.018475349837552946e-01,-1.466315364084486150e-01,-1.172403873156631707e-02,1.721344599978538170e-01,3.276566306459751526e-02,-7.597679393774729728e-02,5.780670290806390055e-01,5.075812406247645070e-01,1.695270885798501881e-01,1.288822322021785927e-01,7.831246903461045600e-04,4.900351378687592407e-02,-1.539993013523170695e-02,-1.044843591962355267e-01,3.911057127005472880e-03,-1.350878675035217802e-01,-4.550114272276244154e-02,-1.996785307393564579e-01,1.932080486039603751e-01,-1.495494179077556662e-01,-5.458812892561228786e-02,-2.867423611095255842e-02,5.220450741913609805e-02,1.195075675416505945e-01,6.728251166125176486e-02,-1.329462612074732430e-01,7.399044268235047128e-02,1.557459205596487539e-01,-7.429638643892882977e-02,8.404092340218589918e-02,-8.545648406695145749e-02,-6.677108329204614612e-02,-1.042286450116327173e-01,-2.178296715214309009e-01,-1.570587389181006890e-02,-1.690110938859195056e-01,-2.669952898360460902e-01,-2.124231430469714910e-01,1.214254239261716578e-01,6.518428545009120889e-03,3.088136916680556121e-01,1.857238423796031546e-01,1.281790181945208773e-01,1.144549292333825810e-02,-3.455269424574589632e-01,-2.423417026455002288e-01,-3.107589460009269611e-01,-1.798561151079136611e-01,6.443769135754551236e-02,8.953877837114630756e-02,3.439332951284164719e-01,2.112587302420836921e-01,8.541995346915105813e-02,1.832169301055505961e-01,1.106488975750532511e-01,7.695398742890803556e-02,3.314010169205162948e-02,1.042058133880074677e-01,-8.321898495167687204e-02,1.324165675393674246e-01,-1.971054067567907034e-02,-6.036452970280075520e-02,-3.507165705074784950e-02,8.949311512389580836e-02,-1.525997228240891790e-01,-1.816278491012331409e-01,-2.027607999287653340e-01,-1.851439191395217732e-01,-1.355855968985522353e-01,-5.177983921970642778e-02,-2.223731646228558345e-01,-1.606501533143526450e-01,1.813995328649806171e-01,-3.444150423869092592e-02,-3.852379854288578293e-02,-1.971579194911287636e-01,-1.527869421378162396e-01,-1.458004653084894742e-01,-1.196217256597768425e-01,-4.668382082655044008e-02,-2.505770692871282096e-02,-7.827365527444753168e-02,-1.627597953373258188e-01,1.776528634280769708e-02,3.876581375331344254e-02,-8.819856206434408680e-03,-7.252008612088431394e-02,-6.543771647233150024e-02,-9.291785866768342839e-02,-1.319736340410375686e-01,-7.344933320243202286e-03,-4.953777377970679935e-02,9.134247663754112290e-02,1.638876775444132183e-01
5.517330343912746349e-01,6.180908652957037841e-01,4.508126916429407993e-01,3.408692912379078233e-01,6.393996196251504338e-02,-1.447091136992025018e-01,1.216126432398987184e-01,9.252972106605417135e-02,-2.003497804739388377e-01,-7.046980631933678907e-02,9.844311158499415015e-02,1.000000000000000000e+00,2.444604773179235024e-01,7.066638659875019712e-01,-2.859683690686296020e-01,3.675183623333005967e-01,2.498007940838696886e-02,4.961197655648886262e-01,4.575891175349152684e-01,3.080967786862227054e-01,9.195436415069785374e-02,4.083047747774487535e-01,3.557646424910214655e-01,6.423700138587955522e-01,6.130062627143603726e-02,9.531061282360972498e-02,1.390103404423398692e-01,1.408140387087346845e-01,5.077524778019538998e-02,2.232316336711652471e-01,4.436252965257118097e-01,4.266248695743500297e-01,3.172431271104982353e-01,1.864316227119859060e-01,4.100787919331307096e-02,1.948884561027788287e-01,-8.360255622858107916e-02,5.059716111591843618e-02,-1.365399587660877379e-01,-1.137699805246250410e-02,2.184369927098625819e-01,2.092586800125117164e-01,-4.253097680535355973e-01,1.340330464920351794e-01,-5.250474326980814066e-01,-3.698380552936261223e-01,-2.632417709120548621e-01,-8.447015792634061937e-02,-4.283235423720687107e-01,-4.037658480007488837e-01,-3.088547885905810197e-01,-4.051220464440887792e-01,-1.885001678124336444e-01,-1.390286057412400689e-01,1.083383372641778669e-01,2.569585080903858398e-01,3.311612848724511116e-01,5.310978129587728969e-01,-4.270198566630668824e-02,-1.307224610663738074e-01,-2.747329270826436368e-02,6.451075255314631107e-02,2.524698108856615053e-01,5.013756053234214027e-01,-4.091655269881207257e-02,-2.019342951535312569e-01,9.034245152275513502e-02,8.614143277570897317e-02,2.838724260198315363e-01,3.528102303939140150e-01,3.088867528636564108e-01,4.449769286443266969e-01,1.320466952366383673e-01,3.260378685309448521e-01,4.691670338752799985e-02,1.841301950505606355e-01,-1.328503683882471809e-01,1.296996043279625699e-01,-4.835760715451757896e-01,3.211610337245912605e-01,1.376176114011995744e-01,4.546301391130827541e-01,8.728301395697152243e-02,4.350634376662427805e-01,-1.910344780348365024e-01,2.934617079424369224e-01,-1.895458561744701453e-01,6.745603200080367567e-02,-3.956834532374100544e-01,4.259239387290548323e-02,-9.932441225692882625e-02,-1.005253556596170245e-01,-1.638831112196881545e-01,-2.382137450940548795e-01,-7.270730543461137452e-02,-2.082723538719009060e-01,-2.944662993819479602e-01,1.818995454223736041e-02,-1.530883195696695620e-01,4.823637123306749597e-02,2.169894677720216603e-01,-4.400795453767103460e-02,1.563121448255549717e-01,4.500638143880325570e-01,-2.875939806707474289e-01,-1.288730995527284928e-01,1.447296621604652125e-02,1.446839989132147133e-02,3.488900406174584579e-02,-7.929422885049624073e-03,-1.253935601122402599e-01,-1.884590708899081812e-01,-4.829185207847685457e-01,-2.609631748742548552e-01,-1.599743372550452292e-01,-2.129208724420019738e-01
1.888198105431871665e-01,-6.077549892805526877e-02,1.671754313464493269e-01,-6.650623645799323691e-02,1.490790864610755107e-01,1.053565272187201030e-01,2.255969898787412442e-01,2.109413706736927227e-02,2.529036117345412893e-01,2.436476715168645890e-01,6.838870382589516961e-01,2.444604773179235024e-01,1.000000000000000000e+00,4.059439848945978202e-01,2.647440917465963550e-01,2.066878391923084868e-01,2.603741189847233461e-01,3.606254951608373754e-02,7.321873380381699326e-02,-1.679243086013575692e-01,1.275808296555392962e-01,1.943267981615976747e-01,3.265492969001504431e-01,1.366678158583891356e-01,7.532380950206511716e-02,2.171995187093739843e-01,1.394167433428693537e-01,9.773989757733642092e-02,3.127498635810488370e-01,3.910029703942336510e-01,2.648993467872480800e-01,3.331932993750984506e-01,7.505439634328715803e-02,1.819977214039621982e-01,-7.013646461440813107e-02,-1.010048197557472938e-01,-4.357415368879127143e-02,-2.479537157325868990e-01,-2.780663441319302515e-02,-1.484717652726438297e-01,2.718675583176746180e-01,1.242063156837272114e-01,-1.023792834979873889e-01,9.312790960503573856e-02,-3.534563653425085855e-02,1.180189456812842375e-01,5.196705853343348835e-02,-3.367892800960754773e-02,1.108018694533424373e-02,5.735075538426764180e-02,-1.186810627664165035e-01,1.447296621604652125e-02,-1.356814897177782975e-01,-1.137768300117126263e-01,-4.674318304797608903e-02,-7.213194851925504303e-02,1.783378121368344935e-02,-1.684631349189134875e-01,-3.701759633232797886e-01,-2.812239576793024720e-01,6.503131357180202965e-02,1.387317946341118102e-01,7.643799273497736690e-02,1.384441161764336514e-01,1.079684649614488096e-01,4.370201078109267612e-02,-2.428485646899808115e-01,-8.471673946149332890e-02,-3.517006134857267874e-01,-1.650383913751258536e-01,2.690455696375936290e-01,2.835071200418275428e-01,2.385516531237085736e-01,3.526686743274374258e-01,1.056533383258483616e-01,2.829682937242716245e-01,1.034295381847489259e-01,6.982595453310470879e-02,-1.418277627976958222e-01,7.124151519787026710e-02,-9.792711689106346762e-02,1.164755279242172814e-01,3.573834046060517244e-02,-6.249700334939918556e-02,-8.205457214678907318e-02,5.700371470516382710e-02,-2.013520887510873714e-02,6.191708010931781109e-02,-2.535018002735228704e-01,-2.590772827628091135e-01,-7.777592587941706270e-02,4.409471470744699001e-02,-3.093753496092367383e-01,-3.340517684234078910e-01,9.965775396185748425e-02,-1.786917023030258622e-01,-2.569128448431353129e-01,-2.917356371963679695e-01,-2.921420400968974262e-01,-2.589128950727073164e-01,-9.917372354100216503e-02,-1.765226980586270533e-01,-2.504629111690019616e-03,-2.772444056814212313e-02,-2.438074928822413223e-01,-5.464749114703793681e-02,1.019957122210831818e-01,-2.402571754085148364e-02,-1.215487146937480195e-01,-2.914022954914392560e-01,-1.722760160643303784e-01,-3.027815767062643215e-01,-2.185922477505142791e-01,-6.714552191950026727e-02,8.605923893065807462e-02,1.085164239284548277e-01
