1.000000000000000000e+00,7.224898342195809064e-01,7.940479914205281209e-02,-2.424951963894722839e-01,-1.124134232986281762e-01,-3.712900487063764965e-01,-4.099825729478528968e-02,-3.192770007596407167e-01,-1.906027972652933611e-01,-1.915054291970150480e-01,4.741632780731936392e-01,1.495777291210509952e-01,2.849680504043969886e-01,9.553599356539613230e-03,-1.000670271236426961e-01,-2.715670941507663527e-01,2.970105902855355584e-01,2.347602663211046103e-01,5.639930291791411809e-01,3.661647079851646502e-01,-1.138567406944009965e-02,-7.667902944724964975e-02,-2.864337101747173597e-01,-2.658429777916797021e-01,-3.078287680414674710e-01,-4.059654140042003867e-01,-2.037267080745341630e-01,-2.266410474105187978e-01,-1.570445506948478509e-01,-1.546405111935296450e-01,-3.468519594262478023e-01,-2.368783234282139383e-01,1.981768622369185426e-02,4.316546762589927935e-03,-1.566379194780821438e-01,-6.731757451181911989e-02,-1.155234818356494914e-01,1.507663434469815392e-02,-3.900978596005183398e-03,-5.313016667411412514e-02,2.881272621654229482e-02,8.702354886277313684e-02,4.140935698646051877e-02,7.435095401939317838e-02,-1.962062648018231270e-01,6.147280933017561233e-02,-1.974485008266678721e-01,-9.430716296527995313e-02,-1.878457482461236006e-01,-8.628625050270342933e-02,2.510210465168238314e-01,2.054157915903302156e-01,1.459091112203405038e-01,1.097010590285535554e-02,1.333526967246078943e-01,7.624558738102685251e-02,6.271325796505652361e-01,6.071942446043165909e-01,2.531212297242950715e-01,1.337146431922784651e-01,4.700746235309888887e-01,-1.652352652039858760e-01,2.760355690602797063e-01,4.285714285714285754e-02,-2.907547254122168079e-01,-4.025514991733321613e-01,-1.435810357924840186e-01,-2.204253988113856755e-01,2.840207337235801655e-01,1.763483623039456549e-01,-1.575584253094419046e-02,5.180749810089816526e-02,-3.971580499575495110e-02,9.321685508735869097e-02,9.885607042316457704e-02,2.792349970954913219e-02,9.741275302739175286e-04,-2.466151302560436187e-02,1.028866347915456392e-01,1.848384646320210822e-01,3.372938915947987226e-01,3.257339470038875806e-01,3.659680950891460848e-03,-3.762455873810268553e-03,1.399347602663210954e-01,-8.459716698690736281e-02,-2.103713302649805605e-01,-2.648554448366772229e-01,9.359220697975781378e-02,-2.119576388578578163e-01,1.754323249474954230e-02,1.159703293266008267e-01,-7.729567898476250032e-02,-1.309263148487421202e-01,4.960007149559855083e-02,-1.210465168238080286e-01,2.931766388131730808e-02,1.679386925242414841e-01,2.141605969882479088e-01,2.983645381831180887e-01,3.272264176236650696e-02,2.125296036462755167e-01,-1.173153402743643547e-01,-8.577237588810938951e-02,-2.954242816926582749e-01,-2.050091603735645085e-01,-2.317663881317306440e-01,-1.661066178113409786e-01,2.878591536708521512e-02,-1.200500469189865471e-01,-1.183967112024666007e-01,2.022833906787613323e-01,1.181196657580767667e-01,5.876044506010098811e-02,1.600607712587693784e-02,-8.103579248402520419e-02
7.224898342195809064e-01,1.000000000000000000e+00,-9.183609634031904279e-02,-4.158228696545868686e-01,-6.506546315742436914e-02,-1.428750167567809093e-01,-3.144689217570043605e-01,-4.171366012779837984e-01,-3.683185128915500983e-01,-2.632021091201572904e-01,3.452969301577371586e-01,4.643192278475356122e-02,1.645069037937351986e-01,-1.349032575182090299e-01,5.304079717592385425e-03,-2.478663032307073522e-01,3.319540640779302110e-01,3.681353054202600728e-01,4.152911211403548242e-01,4.063228919969614217e-01,2.521962554180258165e-01,1.170204209303364745e-01,-3.162741856204477342e-01,-3.478037445819741613e-01,-1.637293891594798767e-01,-2.360695294695920321e-01,-1.625631172080968870e-02,-1.254703069842262875e-01,-4.217793467089682447e-02,-1.358729165735734490e-01,-2.348272934447473148e-01,-3.431029089771661100e-01,-1.275258054426024468e-01,-1.122257473524286148e-01,-1.500647928861879310e-01,-7.989633138209928376e-02,4.897448500826667890e-03,7.185307654497519701e-03,-2.165869788641136898e-02,-1.345323741007194152e-01,4.188748380177845232e-02,8.407882389740381490e-02,-7.815809464229858672e-02,7.402028687608919189e-02,2.005004691898654851e-02,5.866213861209169239e-02,-1.585548952142633583e-01,-6.908709057598641512e-02,-1.271638589749318482e-01,-6.975736181241341816e-02,7.071808391795880722e-02,-2.064435408195182831e-03,8.212163188703695826e-02,-2.060681889271191725e-01,1.190178292148889594e-01,2.267304169087090704e-02,6.857455650386523605e-01,7.091737789892309518e-01,2.780687251441082974e-01,8.221100138522721701e-02,2.465525716073104223e-01,-3.271996067742079517e-01,2.216274185620447645e-01,-1.811519728316725655e-02,-1.855132043433576072e-01,-3.589704633808480927e-01,-1.655480584476518302e-01,-2.924706197774699645e-01,4.210420483488985233e-01,3.030251575137405395e-01,5.346977076723714167e-02,8.431118459269851262e-02,8.217525358595111074e-02,2.306805487287188761e-01,1.823584610572411696e-02,3.600250234594933041e-02,-1.916931051432146094e-01,-2.443987667009249742e-01,2.765583806246927900e-01,2.574690558112516237e-01,4.116359086643728293e-01,3.280352115822869896e-01,2.018410116627195050e-02,-7.949863711515259279e-02,1.922784753563608617e-01,-1.135618213503731128e-01,-7.323830376692434807e-02,-1.588721569328388206e-01,1.924750882523794671e-01,-3.521381652442021615e-01,-1.183341525537334044e-01,-9.073685151257875059e-02,1.121587202287859138e-02,-2.060413780776620962e-01,6.809062067116493366e-02,-6.476160686357745888e-02,4.611019259126859782e-02,1.341570222083202923e-01,2.622279815898833633e-01,1.909736806827829758e-01,7.611600160865096554e-02,4.855891684168193306e-02,-7.386389025425622867e-02,-2.673980070601903458e-01,-3.411904017158943758e-01,-2.032441127843067075e-01,-1.130434782608695649e-01,-1.693015773716430583e-01,-6.170963850037981813e-02,7.994101613119442354e-03,-1.619911524196791519e-01,3.136243799991063064e-01,1.680593413467983480e-02,-2.908530318602261036e-02,6.380535323294159178e-02,7.986505205773269944e-02
7.940479914205281209e-02,-9.183609634031904279e-02,1.000000000000000000e+00,1.145940390544707144e-01,-1.268376603065373698e-01,-8.884668662585459842e-02,3.602841950042450780e-01,-3.128021806157558204e-01,1.083694535055185620e-01,-3.294249072791456401e-01,9.506680369989722879e-02,-1.253943429107645668e-01,2.750078198310916267e-01,-7.356897091022833457e-02,4.191652888869029092e-01,1.258233165020778421e-01,1.147638411010322157e-01,2.431922784753563493e-01,1.125608829706421232e-01,6.248715313463514692e-02,4.106528441842799242e-03,6.699137584342464147e-02,6.355869341793646266e-01,3.485276375173153585e-01,1.341302113588632161e-01,-1.765226328254166921e-01,1.300326198668394495e-02,-1.969435631618928484e-01,7.265740202868760378e-02,6.436391259663076791e-02,1.341212744090441999e-01,1.274230305196836222e-01,1.750614415300058013e-01,-6.516823808034317989e-02,7.278698780106349076e-02,-9.443674873765584010e-02,6.836319764064524573e-02,6.287144197685330671e-02,1.318736315295589712e-01,-3.314267840386075914e-02,-5.867554403682023051e-02,-4.686536485097635846e-02,-1.219044640064346069e-01,-1.801644398766700794e-01,7.194244604316547137e-03,-1.520577326958309217e-01,-1.543724026989588549e-01,-1.794539523660574620e-01,6.369810983511327296e-02,-5.333571651995173968e-02,8.525850127351535315e-03,-7.832342821395057997e-02,-3.239197461906251352e-02,-1.284105634746861013e-01,3.897493185575762742e-01,1.324143169936100872e-01,5.371553688726037751e-02,-6.666517717503016305e-02,-1.746682157379686184e-01,-3.026632110460699687e-01,-1.816166942222619540e-01,-3.639349390053174815e-01,-2.045667813575226604e-02,-1.600607712587693784e-02,1.910541132311542045e-01,-1.340631842352205116e-01,9.028553554671790715e-02,-2.297377005228115610e-01,7.760400375351891866e-02,1.805755395683453224e-01,1.264935877385048590e-01,-1.382412082756155347e-01,-2.225747352428615947e-02,2.734706644622190291e-02,-5.461370034407257018e-02,-1.029179141159122374e-01,2.109030787792126604e-01,-5.774163278073193850e-02,5.108360516555699588e-02,1.449573260646141448e-01,2.054649448143348600e-01,1.216542294115018491e-01,3.911122034049778762e-01,2.389963805353232940e-01,2.340587157603110091e-01,-2.962017963269136245e-01,1.005719647884177198e-01,9.298449439206399325e-02,1.961481746279994665e-01,-3.840207337235801432e-01,-5.669154117699629070e-02,-1.152374994414406412e-01,1.099289512489387416e-01,-1.558335939943697179e-01,1.100674739711336586e-01,1.538808704589123832e-01,2.048840430760981157e-01,1.351892399124178801e-01,4.178024040395013350e-02,-1.217972206086062881e-01,1.267840386076232173e-01,-2.177487823405871437e-02,9.482103757987399295e-02,-9.723401403101121498e-02,6.570892354439429595e-02,5.044014477858706907e-02,1.968810045131596728e-02,2.921488895839849734e-02,-9.055364404128871114e-02,1.689396309039724875e-01,1.195495777291210454e-01,-1.684525671388355239e-01,-3.157871218553107845e-02,-1.854417087448053877e-02,-8.257294785289780170e-02,-1.008668841324456000e-01
-2.424951963894722839e-01,-4.158228696545868686e-01,1.145940390544707144e-01,1.000000000000000000e+00,-1.860360159077706910e-01,4.014477858706823332e-02,4.188033424192323384e-01,7.512534072121185291e-01,1.781223468430224721e-01,-4.709772554627105617e-03,-1.455426962777603972e-01,2.974172215023012655e-01,-8.205013628848474572e-02,2.648196970374011583e-01,-2.251843245900174151e-01,7.321596139237677991e-02,-4.124938558469994354e-01,-3.089771660932124075e-01,-5.265203985879619158e-02,-6.414942580097413027e-02,-3.948165691049644876e-01,-4.285267438223334113e-01,6.881004513159658109e-02,5.624424683855400176e-01,-1.235533312480450452e-01,-1.230305196836319753e-01,-1.860136735332231228e-01,-2.673622592609142257e-01,-2.252111354394745191e-02,1.618213503731176506e-01,-6.410474105187899396e-02,2.905536440412886945e-01,-8.153179319898118393e-02,1.001474596720139387e-01,-7.234460878502167736e-02,-5.059207292551052421e-02,-1.740873139997319019e-01,-1.221368247017293046e-01,-1.044952857589704631e-01,1.525537334107869049e-02,-9.844050225657982600e-02,7.672371419634478606e-02,1.979936547656284962e-01,-2.225300504937664965e-03,-2.984941239554939757e-02,2.057285848339961490e-02,1.457571830734170348e-01,-4.016265248670628646e-02,-2.220832030028151508e-02,-1.367576746056570758e-01,7.445819741722149721e-02,5.636534250860181228e-02,1.233656553018454838e-01,2.048214844273649471e-01,4.711113097099960123e-02,1.972384825059207356e-02,-4.434201706957415223e-01,-4.324143169936101039e-01,-2.122302158273381423e-01,-1.778453013986326572e-03,6.548103132400912019e-02,5.320434335761204947e-01,9.196121363778541821e-03,2.981053666383663425e-01,-8.603601590777067154e-02,1.677867643773180151e-01,-7.701416506546315821e-02,1.130390097859600568e-01,-3.863488091514366007e-01,-4.303900978596005289e-01,-2.111756557486929586e-01,-1.656776442200277033e-01,-6.296974842486259549e-02,-1.531301666741141376e-01,5.767460565708923403e-02,-4.163724920684570147e-02,-2.581437955225881348e-02,1.760936592341033891e-01,-3.534563653425086271e-01,-3.073372358014209715e-01,-4.392912998793511714e-01,-2.908351579605880644e-01,-2.707046784932302663e-01,-1.374547566915411689e-01,-2.573305330890566789e-01,2.014165065463157378e-01,-5.055766566870727452e-01,-1.757540551409803864e-01,-1.857008802895571686e-01,2.166048527637517429e-01,2.877340363733857376e-01,7.702757049019169633e-02,5.819294874659278888e-02,-4.727199606774207946e-02,-4.033692300817731113e-01,-1.366683051074668309e-01,-3.357299253764690072e-01,-2.210956700478126924e-01,-1.191652888869029064e-01,-1.853255283971580458e-01,-5.911792305286205952e-03,4.825952902274453717e-04,-4.135126681263684434e-02,-6.439519192099736611e-02,4.516734438536127577e-02,-5.908664372849546653e-02,8.651861119799812705e-02,-1.102730238169712662e-01,-2.505607936011439163e-01,-1.189731444657938231e-01,-2.452969301577371530e-01,-1.807855578890924519e-01,4.228070959381562827e-02,1.621430805666026209e-01,-2.973770052281156373e-02,-2.677063318289467711e-02
-1.124134232986281762e-01,-6.506546315742436914e-02,-1.268376603065373698e-01,-1.860360159077706910e-01,1.000000000000000000e+00,3.769605433665489946e-01,2.030028151391929936e-02,-5.570847669690334736e-02,5.755976585191474593e-01,5.056928370347200108e-01,1.132847759059832926e-01,-5.548058447651816466e-02,3.948791277536976840e-02,5.389427588364091581e-02,1.760713168595558209e-01,4.752267751016577835e-01,-6.327360471870950576e-02,-1.127798382412082689e-01,-1.126815317931989802e-01,-9.322132356226819905e-02,2.936681710532195247e-02,-1.966128960185888411e-03,1.160060771258769330e-01,1.458063362974216896e-02,2.137048125474775573e-01,3.252826310380267372e-01,2.460744447919925026e-01,4.964207515974797813e-01,1.174672684212878099e-01,-6.257205415791590453e-02,1.691809285490862014e-01,1.168953036328700956e-01,1.055185665132490347e-01,-5.013628848474015881e-03,1.271057688011081876e-01,1.585593636891728941e-01,3.583270029938782214e-02,4.440770365074400011e-02,6.790741319987488034e-02,-2.438446758121453131e-02,3.992582331650208066e-02,-2.043567630367755517e-01,-2.180973233835291902e-01,-2.004289735913132864e-01,1.675678091067518650e-03,-1.228160328879753377e-01,-2.978238527190669657e-02,-1.504267393538585296e-01,7.229992403592654104e-02,1.137271549220251060e-01,-5.201751642164529482e-02,-8.532999687206756223e-02,-9.075472541221681413e-03,-7.362706108405200900e-02,-4.813888020018767394e-02,-1.714643192278475226e-01,-1.207828768041467465e-01,1.921444211090754875e-02,1.970910228339067816e-01,1.427677733589525870e-02,-7.742973323204789537e-02,1.694356316189284672e-01,-2.448768935162428939e-01,-8.939184056481522256e-02,1.106528441842799110e-01,2.964386254971178303e-02,1.018231377630814671e-01,7.566021716788060014e-02,8.171946914518074534e-02,1.371285580231466905e-01,8.208588408776085199e-03,1.755663791947808250e-01,-1.772599311854863857e-01,-8.601814200813262534e-02,-2.920639885607042574e-01,-1.884400554090888691e-01,-3.196121363778542390e-01,-1.745833147146878817e-01,-2.407390857500335268e-01,-2.143884892086330984e-01,-3.053979176906921889e-01,-2.338308235399258195e-01,5.863979623754412424e-02,-1.947093257071361438e-01,9.783725814379552743e-02,-5.619554046204030401e-02,3.601590777067786853e-01,3.051253407212118351e-01,1.435363510433888823e-01,1.601769516064167342e-01,-2.343402296796103512e-01,-3.027525805442602413e-01,-1.217480673846016298e-01,-2.334331292729791354e-02,-1.304615934581527248e-01,-2.761070646588319535e-02,-2.326377407390857466e-01,-1.460878502167210213e-01,-8.230930783323651967e-02,-1.422494302694490287e-01,-2.730729701952723798e-01,-2.720809687653603648e-01,-1.594530586710755649e-01,-8.199204611466107129e-02,7.864068993252602835e-02,1.976897984717815859e-01,2.211716341212744130e-01,5.606148621475490201e-02,2.908977166093212191e-03,5.286205817954332288e-03,-3.527414093569864600e-02,-1.141427230886098571e-01,-6.496715670941508036e-02,-1.382635506501631029e-01,-1.828455248223781193e-01,-1.765896599490593966e-01
-3.712900487063764965e-01,-1.428750167567809093e-01,-8.884668662585459842e-02,4.014477858706823332e-02,3.769605433665489946e-01,1.000000000000000000e+00,9.584878680906207260e-02,2.707046784932302663e-01,-7.686223691853970308e-02,3.607399794450154018e-01,-2.008356048080789935e-01,-2.191250726127172699e-01,-9.750212252558201897e-02,-1.094195451092542098e-01,2.663121676571785779e-01,3.169891416059698597e-01,-3.768711738683587220e-01,-3.493006836766611722e-01,-2.909424013584163693e-01,-3.843558693417936656e-01,3.000938379730997974e-01,-3.790607265740202764e-02,1.157156262567585747e-01,1.474239242146655471e-01,6.169891416059698486e-01,7.089592921935743419e-01,6.129719826623173384e-01,4.467491845033290110e-01,1.068814513606506089e-01,-7.228651861119800293e-02,3.147504356763036748e-01,2.662138612091692891e-01,7.206756334063184333e-02,1.043344206622279779e-01,3.290048706376513810e-01,2.950802091246257919e-01,3.511551007641092181e-01,2.005138746145940509e-01,2.240761428124581067e-01,1.649537512846865339e-01,-1.787568702801733689e-01,-2.832834353635104163e-01,-3.289735913132847966e-01,-3.980562134143617037e-01,1.939228741230618058e-01,-2.285133383976049037e-01,-4.375530631395505021e-02,-2.319317217033826373e-01,-5.134277671030877156e-03,-5.231690424058269007e-02,-1.547120067920818576e-01,-3.307833236516377062e-01,-1.873810268555342051e-01,-1.967201394164171668e-01,-1.301264578399392302e-01,-3.167969971848608179e-01,-1.560391438402073394e-01,-1.506010098753295390e-01,6.137897135707583163e-02,-1.554671790517896113e-01,-7.771571562625675944e-02,2.559140265427409799e-01,-4.488583046606193228e-01,-3.124402341480852496e-01,3.323428213950578858e-01,3.265650833370570827e-01,2.663791947808212823e-01,2.444255775503820505e-01,2.977344832208767000e-02,-8.967782295902408662e-02,2.857589704633808347e-01,2.779436078466419602e-01,2.196702265516779218e-01,1.592117610259618510e-01,-3.972921042048348922e-02,-6.852406273738773090e-02,-1.825416685285312091e-01,-1.568747486482863496e-01,-1.185441708744805339e-01,-3.855534206175432188e-01,-4.784306716117788794e-01,-5.049197908753741970e-01,-1.171053219536172252e-01,-3.174002412976451026e-01,1.392108673309799260e-01,1.449528575897046367e-01,2.023102015282184085e-01,1.314491264131552040e-01,-1.132043433576120500e-01,1.556593234728987085e-01,-3.849725188793065023e-01,-2.465570400822199304e-01,-2.900799857008802829e-01,-1.368827919031234686e-01,-1.076768398945439908e-01,-2.712364270074623350e-03,-8.366772420572858582e-02,-2.084007328298851658e-01,-2.319719379775682655e-01,-2.306179900799857074e-01,-3.014209750212252792e-01,-3.260065239733678788e-01,-5.153492113141784625e-02,-1.042539881138567354e-01,3.072165869788641146e-01,3.706331828946780593e-01,5.051387461459403427e-01,2.249162160954466250e-01,-2.069037937351981826e-01,6.077125876938200937e-04,-8.238974038160776225e-02,-1.279190312346396297e-01,-3.551141695339380400e-01,-1.361946467670583916e-01,2.795433218642477402e-01,2.199070557218821276e-01
-4.099825729478528968e-02,-3.144689217570043605e-01,3.602841950042450780e-01,4.188033424192323384e-01,2.030028151391929936e-02,9.584878680906207260e-02,1.000000000000000000e+00,3.883953706599937439e-01,1.740024129764511374e-01,1.707314893426873370e-01,1.090039769426694727e-01,-1.028866347915456392e-01,4.555699539747084525e-01,2.573394700388757436e-02,1.308503507752803996e-01,9.604986817999017212e-02,-4.299343134188301496e-01,-3.918450332901380895e-01,-2.105277268868135376e-01,-3.952723535457348669e-01,-5.275928325662451734e-02,-1.546181688189820769e-01,4.294695920282407542e-01,2.884802716832745029e-01,2.469681397738951734e-01,1.268555342061754299e-01,2.110684123508646537e-01,-4.141829393627954881e-02,-1.345770588498145515e-01,-2.444255775503820505e-01,-1.005540908887796597e-01,2.688368559810536684e-01,2.626837660306537425e-01,7.409178247464140443e-02,3.941731087179945470e-01,2.246704499754233753e-01,1.703293266008311380e-01,1.458108047723312151e-01,2.441083158318066160e-01,3.367442691809285349e-01,-1.000268108494570818e-01,-1.739666651771750172e-01,-4.892533178426203277e-02,-3.789847625005585696e-01,4.694132892443808602e-02,-3.131864694579740149e-01,-2.775771929040618535e-01,-4.953617230439251173e-01,-2.683989454399213770e-01,-3.009651905804548999e-01,-2.660976808615219541e-02,-3.063586397962375640e-01,-2.594843379954421825e-01,-1.488672416104383500e-01,-1.170561687296125808e-01,-2.315429643862549625e-01,-1.767594619956208979e-01,-2.548684034139148125e-01,3.427767103087716455e-02,-1.124804504222708806e-01,3.989007551722597023e-01,3.265382724875999787e-01,-3.213414361678358921e-01,-2.025470306984226421e-01,3.712677063318289283e-01,3.260824880468295994e-01,4.081862460342285392e-01,2.214620849903927713e-01,-1.391259663076991893e-01,-1.799588900308324857e-01,9.093346440859734203e-02,8.351132758389562261e-02,3.117654944367487246e-02,2.890656418964207552e-02,-1.253854059609455299e-02,-5.533312480450422455e-02,-2.474641404888511600e-02,6.200008936949819027e-02,-4.134143616783591546e-01,-2.896733544841145758e-01,-3.410563474686089669e-01,-2.515840743554225156e-01,1.406452477769337406e-01,4.937664775012288315e-03,1.654810313240091257e-01,8.534340229679610035e-02,-1.782251217659412967e-01,9.671120246659814512e-02,-4.309844050225657835e-02,5.837168774297332025e-02,-1.310559006211180211e-01,7.714821931274855327e-02,-2.203985879619285992e-01,1.488448992358907923e-02,-1.210063005496224142e-01,-2.754814781715000591e-02,-1.029268510657312674e-01,-8.622816032887975490e-02,-2.519862370972786869e-01,7.730908440949103844e-02,-1.933419723848250615e-01,-4.507350641226149507e-02,-1.654676258992805737e-01,-1.987577639751552869e-02,4.728093301756110950e-02,1.189642075159747930e-01,-5.493989901246704166e-02,2.307788551767281926e-01,-3.986862683766030924e-01,-2.979087537423477094e-01,-3.629295321506769562e-02,-1.690736851512578687e-01,-3.040350328432905869e-02,1.565574869297108873e-01,-8.043701684615041370e-02,-4.533267795701326902e-02
-3.192770007596407167e-01,-4.171366012779837984e-01,-3.128021806157558204e-01,7.512534072121185291e-01,-5.570847669690334736e-02,2.707046784932302663e-01,3.883953706599937439e-01,1.000000000000000000e+00,6.132088118325215720e-02,3.145448858304660811e-01,-2.007238929353411805e-01,1.824925153045265647e-01,-1.742437106215648512e-01,1.775593190044237879e-01,-2.891237320702444435e-01,1.068322981366459645e-01,-5.968765360382501939e-01,-6.043076098127708740e-01,-3.090129138924884722e-01,-3.496536931945127269e-01,-2.607310424951964078e-01,-3.509138031189955043e-01,-1.599356539613030204e-01,2.977121408463291319e-01,2.748112069350730491e-02,1.629786853746816311e-01,1.939764958219759514e-02,-4.204834889852093228e-03,-1.016220563921533537e-01,-2.942937575405514192e-02,-1.139907949416864019e-01,2.867107556191071938e-01,-1.070825327315787084e-01,9.891862907189775955e-02,9.688547298806916841e-02,1.509897671924572138e-01,-2.665445283524733172e-02,3.165020778408329100e-02,4.562312882613163770e-03,1.943205683900084968e-01,-4.042182403145806041e-02,2.271772643996603988e-02,1.822646230841413750e-01,-6.300102774922919369e-02,7.658072299924036097e-02,1.820903525626703726e-02,1.472719960677420781e-01,-1.049555386746503366e-01,-5.630278385986862760e-04,-6.283122570266767848e-02,1.556101702488940641e-01,-1.150632289199696179e-02,6.905134277671030885e-02,1.378077662093927236e-01,-1.693373251709191785e-01,-1.596541400420036505e-01,-5.363555118638009267e-01,-4.494883596228607114e-01,-1.205415791590330188e-01,9.100942848205907654e-02,2.500781983109164885e-01,7.943607846641941306e-01,-1.457527145985075268e-01,1.050225657982930411e-01,1.898208141561285103e-02,4.194557397560212952e-01,6.487331873631529966e-02,3.309754680727467480e-01,-4.060637204522096755e-01,-5.209348049510702516e-01,-1.698914160596988118e-02,1.815630725233477738e-01,8.949461548773403330e-02,-1.626971714553822682e-02,1.848697439563876943e-01,1.787389963805353316e-05,-1.843424639170651025e-01,9.326153983645381340e-02,-4.943160999150989499e-01,-5.167880602350417574e-01,-6.686268376603065056e-01,-5.337816703159211640e-01,-4.282854461772196975e-01,-3.225389874435855009e-01,-2.432190893248134533e-01,3.123061799007998407e-01,-3.630948657223289633e-01,-1.616113320523705210e-01,-3.024308503507752710e-01,3.844005540908888019e-01,1.068501720362840107e-01,5.349658161669422485e-02,-1.779838241208275551e-01,2.363823227132579811e-03,-4.192635953349121980e-01,-1.989499083962643633e-01,-4.200902631931721642e-01,-3.473345547164752856e-01,-9.885160194825505509e-02,-2.944724965369319332e-03,-1.228964654363465803e-01,-6.061039367263952593e-02,-8.295723669511595455e-02,4.209303364761606513e-03,1.102015282184190537e-01,1.656016801465659896e-02,1.416193753072076400e-01,5.264757138388667657e-02,-2.068322981366459701e-01,-2.319987488270253417e-01,-2.066401537155369006e-01,-1.048259529022744496e-01,-2.914339335984628479e-02,2.243442513070289246e-01,8.680012511729746916e-02,3.912149783278966869e-02
-1.906027972652933611e-01,-3.683185128915500983e-01,1.083694535055185620e-01,1.781223468430224721e-01,5.755976585191474593e-01,-7.686223691853970308e-02,1.740024129764511374e-01,6.132088118325215720e-02,1.000000000000000000e+00,4.138478037445819657e-01,1.555744224496179440e-01,2.971535814826399835e-01,7.893560927655390858e-02,3.149783278966888367e-01,1.103534563653425088e-01,5.298494123955493906e-01,7.577639751552794900e-02,6.730416908709058177e-02,7.271996067742080017e-02,1.414853210599222588e-01,-3.685419366370257799e-01,-9.329728763572991967e-02,2.495107019974082962e-01,1.838151838777425384e-01,-2.114705750927208527e-01,-1.076679029447249608e-01,-2.196568211269493698e-01,1.836587872559095613e-01,2.755038205460476064e-01,2.319049108539255610e-01,-1.702042093033647591e-02,4.644085973457259126e-02,-2.140846329147861812e-02,-5.788909245274587861e-02,-2.237052593949684920e-01,-2.246123598015997147e-01,-2.073059564770543817e-01,-1.875642343268242584e-01,-1.600697082085884015e-01,-1.761696233075651374e-01,1.658206354171321284e-01,7.699182269091558659e-03,-3.458599579963358289e-03,5.782653380401268917e-02,-1.182984047544572981e-01,9.111220340497787687e-03,1.429911971044282653e-04,-3.847356897091022687e-03,1.770141650654631638e-01,9.358327002993878374e-02,-3.269136243799990876e-02,9.439653246347021187e-02,1.215157066893069460e-01,2.279726529335537877e-01,-4.374636936413602017e-02,6.744716028419500686e-02,-3.287412306179900989e-01,-3.237320702444255738e-01,-2.442825863532776254e-01,-1.318781000044684792e-01,-1.867867196925689366e-01,1.896286697350194339e-01,7.514187407837705224e-02,2.475177621877653056e-01,-2.029045086911837048e-01,-1.155815720094731658e-01,-2.730685017203628440e-01,-1.813932704767862725e-01,-2.883774967603556783e-01,-1.051253407212118518e-01,-8.752848652754814662e-02,2.544349613476920222e-02,-1.226015460923186862e-01,-4.128423968899414681e-02,-3.056973055096295910e-01,-1.131730640332454518e-01,-3.949238125027927648e-02,1.289601858885562440e-02,-1.717056168729612642e-01,6.616917646007418330e-02,-1.525716073104249615e-01,-3.619464676705840423e-04,8.850261405782205992e-02,1.841190401715894487e-01,-1.690826221010769126e-01,-5.804548907457884876e-02,6.747397113365208310e-02,1.397694266946691022e-01,-5.304079717592385945e-02,1.598284105634746877e-01,1.688994146297868593e-01,-1.358014209750212364e-01,-1.797220608606282799e-02,-5.661557710353455966e-03,-7.721077796148174965e-02,5.970776174091782518e-02,-3.131820009830644791e-01,-1.090397247419455790e-01,4.639617498547745494e-02,-1.108494570802984885e-01,-6.923901872290987025e-02,1.546539166182581831e-02,-1.650386523079672985e-01,-4.549801152866526921e-02,-1.320032173019348443e-01,-2.129317663881317435e-01,-3.548862773135529058e-02,-1.218999955315250988e-02,9.732338352920148761e-02,1.411814647660753486e-01,-1.028285446177219647e-01,-1.522498771169399912e-01,1.252245408642030378e-01,8.684034139148308351e-02,-3.156620045578444334e-01,-4.544126189731444443e-01
-1.915054291970150480e-01,-2.632021091201572904e-01,-3.294249072791456401e-01,-4.709772554627105617e-03,5.056928370347200108e-01,3.607399794450154018e-01,1.707314893426873370e-01,3.145448858304660811e-01,4.138478037445819657e-01,1.000000000000000000e+00,8.160775727244291844e-02,-6.100808793958621690e-02,2.421019705974350802e-02,1.247240716743375499e-01,-8.020465615085571598e-02,4.971625184324590108e-01,-1.935966754546673274e-01,-3.371911166718798980e-01,-1.609187184413959637e-01,-2.047723312033603027e-01,-4.968944099378881651e-02,-1.121587202287859051e-03,5.288440055409088930e-02,-1.863800884758031948e-02,2.359890969212207756e-01,4.158452120291344367e-01,2.356360874033692210e-01,5.643639125966307679e-01,1.385227221949148673e-03,-1.396443093972027372e-01,4.693239197461906292e-02,2.018678225121765812e-01,8.412350864649895121e-02,6.201796326913624341e-02,1.591179230528620703e-01,1.377630814602975873e-01,-5.058313597569149417e-02,-1.097010590285535520e-01,-7.176370704678493306e-02,-2.726216542294114878e-02,-8.588408776084723029e-03,-1.423611421421868695e-01,-1.264980562134143671e-01,-1.600250234594932652e-01,6.703606059251977778e-02,-1.683900084901023275e-01,-1.751731534027436421e-01,-2.963179766745609456e-01,2.412529603646275389e-02,3.172617185754502030e-03,-2.028240761428124622e-02,-1.695160641672996960e-01,-1.936994503775861243e-01,5.347423924214665669e-02,-5.598105366638366220e-01,-3.608025380937486259e-01,-2.100272576969480220e-01,-1.854908619688100391e-01,1.065507842173466224e-01,-1.195048929800259230e-01,4.026542740962509720e-02,4.469770767237141729e-01,-3.088163009964698946e-01,-1.934626212073819185e-01,1.266902006345234366e-01,3.121676571786049514e-01,8.423522051923677811e-02,1.756602171678806057e-01,-5.712498324321908794e-02,-1.046918986549890546e-01,1.266946691094329447e-01,3.440815049823495175e-01,5.256713883551544092e-02,-3.027391751195317171e-02,-1.182894678046382819e-01,-1.930202421913400912e-01,-2.254703069842262930e-01,-1.078242995665579379e-01,-3.303186022610483108e-01,-2.576433263327226331e-01,-4.511595692390187318e-01,-2.627686670539344793e-01,-2.388131730640332406e-01,-1.356897091022833957e-01,-1.025514991733321446e-01,2.602976004289735967e-01,1.274989945931453705e-01,1.853746816211626902e-01,-2.347066446221904579e-01,3.539836453818311912e-01,-1.215335805889449922e-01,1.132847759059832926e-01,-3.256401090307877721e-01,2.309129094240135738e-01,2.901380758747039781e-02,-2.370525939496849824e-02,-3.216631663613208625e-01,-2.478394923812502759e-01,-1.973233835292014793e-01,4.831761919656821225e-02,-3.079806961883909122e-01,9.527682202064435835e-02,-2.603065373787926129e-01,1.176728182671254314e-01,1.005406854640511147e-02,5.161088520487957729e-03,5.741543411233746008e-02,1.610617096385003888e-01,1.934402788328343573e-02,-1.443898297511059525e-01,-5.869788641136779866e-02,-9.882479109879797885e-02,-5.939943697216139989e-02,4.186960990214039918e-02,2.175700433442066123e-02,-2.301353947897582519e-01
4.741632780731936392e-01,3.452969301577371586e-01,9.506680369989722879e-02,-1.455426962777603972e-01,1.132847759059832926e-01,-2.008356048080789935e-01,1.090039769426694727e-01,-2.007238929353411805e-01,1.555744224496179440e-01,8.160775727244291844e-02,1.000000000000000000e+00,4.291657357343938717e-01,7.101076902453192785e-01,4.048706376513696026e-01,2.406005630278386098e-01,1.765315697752357083e-01,3.470083560480807794e-01,3.973233835292014904e-01,4.554314312525135078e-01,4.855042673935385800e-01,5.054291970150587288e-02,1.484472049689440909e-01,8.827919031234639224e-02,-1.757898029402564857e-02,-2.963135081996514653e-01,-3.166986907368515292e-01,-1.844094910407078070e-01,-1.402743643594441258e-01,2.669511595692390382e-01,2.659502211895080070e-01,-5.904195897940033022e-02,-1.367442691809285515e-01,-4.986371151525983980e-02,-1.408373921980428101e-01,-3.095312569819920201e-01,-4.268600026810849268e-01,-2.476384110103221903e-01,-1.693328566960096426e-01,-3.220429867286295211e-01,-3.755708476696903442e-01,-4.970731489342687659e-02,9.589794003306671699e-02,-1.031324009115688750e-01,3.566289825282630693e-02,6.584297779167970488e-02,8.836855981053666487e-02,-4.312257026676795113e-01,-3.740158184011797005e-01,1.001206488225568625e-01,5.729031681487108119e-02,1.443987667009249687e-01,3.126145046695563007e-02,1.434380445953795883e-03,-1.644488136199115380e-01,-1.036149962017963305e-01,-9.099155458242101646e-02,2.043969793109611799e-01,1.214442110907547195e-01,8.049510701997408813e-02,-8.548192501899101736e-03,3.580767683989454220e-01,-9.533938066937754086e-02,4.303498815854148729e-01,3.212788775191027235e-01,-2.252379462889315953e-01,-4.462084990392778949e-01,-3.508959292193574164e-01,-5.317976674560972450e-01,-1.487108449886053937e-02,2.894231198891818180e-02,-1.331605523034988178e-03,-3.553331248045041996e-02,8.230930783323651620e-03,1.457393091737790025e-01,-2.569373072970195307e-02,9.071004066312167479e-04,6.495821975959605032e-02,-1.366146834085526507e-01,2.388310469636713007e-01,3.601546092318691494e-01,4.318423522051923480e-01,4.826667858259975907e-01,2.113499262701639958e-01,2.597658519147414968e-01,2.391572456320657791e-01,-2.109611689530363210e-01,5.060100987532954731e-02,2.484472049689440826e-02,9.580410205996693629e-02,-4.030385629384691248e-01,1.034854104294204435e-01,-1.773850484829527785e-01,-1.832074712900487110e-02,-1.718530765449751974e-01,-3.724473837079404770e-02,-1.062156485991331140e-01,-2.706063720452209775e-01,-1.757898029402564788e-01,4.182939362795477789e-02,1.480226998525403237e-01,1.991733321417400171e-01,3.261986683944769622e-02,-8.184011796773761616e-02,-4.235622681978640780e-01,-3.151838777425264859e-01,-4.576165154832655402e-01,-1.699629116582510313e-01,-7.893560927655390858e-02,-2.140399481656910397e-03,-2.579427141516600352e-01,-3.884132445596317762e-01,-2.299566557933777067e-01,6.605746458733634252e-02,-1.954421555922963571e-01,-2.312703874167746643e-01,-3.925421153760221826e-01
1.495777291210509952e-01,4.643192278475356122e-02,-1.253943429107645668e-01,2.974172215023012655e-01,-5.548058447651816466e-02,-2.191250726127172699e-01,-1.028866347915456392e-01,1.824925153045265647e-01,2.971535814826399835e-01,-6.100808793958621690e-02,4.291657357343938717e-01,1.000000000000000000e+00,1.499843603378167023e-01,7.154832655614639103e-01,-3.553331248045041996e-02,1.813977389516957806e-01,3.551231064837571116e-01,4.495151704723178154e-01,3.765136958755976315e-01,5.528754636042718662e-01,-2.613521605076187249e-01,-1.276956074891639481e-01,-2.596898878412797762e-01,6.962777604003753118e-02,-7.241342329862817673e-01,-5.941284239688994218e-01,-6.075964073461727066e-01,-4.234416193753072211e-01,4.834979221591670928e-01,7.399258233165020293e-01,-1.104741051878993657e-01,-1.492694043522945491e-01,-4.454399213548416170e-01,-4.674918450332901654e-02,-7.675990884311184592e-01,-7.107332767326511869e-01,-4.816435050717190469e-01,-3.727691139014254196e-01,-4.530407971759238817e-01,-5.583135975691496666e-01,-9.432056839000849124e-02,2.599803387103981622e-01,2.001474596720139443e-01,4.195763885785781522e-01,1.991599267170114998e-02,4.778765807229992668e-01,4.137360918718441249e-02,1.891996961437061586e-01,3.370794047991420572e-01,2.186737566468564264e-01,7.847088788596452702e-02,2.763572992537646766e-01,3.703695428750167773e-01,2.673399168863666575e-01,1.021269940569283635e-01,2.567764422002770663e-01,-2.986371151525984424e-01,-2.371285580231466961e-01,-2.911881674784396190e-01,1.749676035569060206e-01,1.405156620045578397e-01,2.870503597122301964e-01,7.327852004110997353e-01,8.558782787434648931e-01,-7.215916707627686444e-01,-5.006881451360650770e-01,-7.160731042495196430e-01,-4.918360963403190511e-01,-4.858974931855757906e-01,-4.503284329058492297e-01,-2.103847356897091125e-01,-2.552258814066759030e-01,-9.531256981992046809e-03,1.505652620760534466e-01,1.529380222530050404e-01,1.701103713302649922e-01,1.797756825595424324e-01,9.500871352607355436e-02,2.338442289646543715e-01,3.233343759774788828e-01,1.738102685553420679e-01,3.719737253675320376e-01,3.174404575718307170e-02,3.201483533669958192e-01,-3.461146610661781087e-01,-8.357388623262880512e-02,-4.077796148174627766e-01,-3.558291255194602209e-01,-1.815496670986192496e-01,-1.627016399302917971e-01,4.339782832119397638e-01,-2.352294561866035139e-01,2.625675856830063659e-01,-2.595915813932704874e-01,-1.674382233343759685e-01,-4.620403056436838199e-03,-3.569328388221100212e-01,-3.111935296483310243e-01,3.176683497922159205e-01,1.559050895929219374e-02,3.604227177264399673e-01,-1.106841235086464953e-02,-2.779391393717324348e-03,-3.638813173064033291e-01,-2.391125608829706428e-01,-5.970329326600830600e-01,5.082890209571473000e-02,-8.686715224094017362e-02,-2.602886634791545806e-02,-6.353277626346127971e-02,-5.377809553599356418e-01,-2.724205728584834230e-01,3.694088207694713744e-02,-4.793779882925957442e-02,-1.328030743107377343e-01,-1.290942401358416425e-01
2.849680504043969886e-01,1.645069037937351986e-01,2.750078198310916267e-01,-8.205013628848474572e-02,3.948791277536976840e-02,-9.750212252558201897e-02,4.555699539747084525e-01,-1.742437106215648512e-01,7.893560927655390858e-02,2.421019705974350802e-02,7.101076902453192785e-01,1.499843603378167023e-01,1.000000000000000000e+00,3.479109879798024663e-01,5.462710576880110969e-01,1.973144465793824631e-01,1.127351534921131465e-01,1.805934134679833825e-01,1.971580499575494860e-01,1.229858349345368390e-01,2.447517762187765289e-01,1.511059475401045626e-01,4.863532776263461144e-01,1.679878457482461285e-01,3.639125966307699134e-02,-1.439072344608784970e-01,6.506099468251486106e-02,-2.147772465257607455e-01,2.331292729791322182e-01,7.068233611868268707e-02,9.845837615621788608e-02,6.654452835247330611e-02,1.273425979713123934e-01,-1.315697752357120609e-01,5.303186022610482941e-02,-2.508199651458957180e-01,1.218999955315250988e-02,-3.525626703606059287e-03,-8.968229143393359470e-02,-9.155905089592922264e-02,-8.254166852853121739e-02,6.495375128468654224e-02,-2.062826757227758101e-01,-2.747129004870637603e-01,1.065731265918941906e-01,-7.982483578354707121e-02,-4.699405692837034798e-01,-5.717056168729612864e-01,5.307207650029045071e-02,1.519281469234550234e-04,1.277090129138925001e-01,-1.352294561866035083e-01,-1.022163635551186361e-01,-2.641270834264265455e-01,-1.492470619777469878e-03,-1.065418472675275924e-01,1.184548013762902752e-01,-9.990169355199070289e-02,-2.042093033647615977e-02,-2.461146610661781031e-01,3.518074981008981750e-01,-1.731310603690960348e-01,8.305554314312525721e-02,3.083247687564234178e-03,1.468519594262478190e-01,-1.715358148263997629e-01,-6.494481433486751221e-02,-4.067786764377318010e-01,-2.083649850306090387e-02,-1.659591581393270524e-02,2.170159524554269581e-01,3.572098842664998136e-02,1.751329371285580139e-01,2.308995039992850495e-01,8.144242370079092519e-02,1.327673265114616419e-01,8.364985030609052574e-02,-1.626256758568300764e-01,1.664864381786496372e-01,1.308101345010947714e-01,2.386746503418383236e-01,2.250904866169176344e-01,3.667322042986728703e-01,2.467313106036909676e-01,4.114705750927208361e-01,-2.788015550292685107e-01,1.011528665266544502e-01,1.954287501675678052e-01,7.148666160239509904e-02,-3.977121408463291652e-01,-1.099334197238482497e-01,-1.416327807319361920e-01,-1.819831091648420329e-01,-2.368112963045712616e-01,1.979534384914428697e-03,-8.379730997810447279e-02,-1.796952500111711759e-01,-1.655167791232852181e-01,-1.196210733276732718e-01,1.023459493274945231e-01,1.958532552839715654e-02,-1.961571115778184826e-01,-4.076589659949059197e-02,-4.087045891237320872e-01,-8.352473300862416072e-02,-1.058313597569149611e-01,1.880781089414182775e-02,-2.729791322221725852e-02,-1.937128558023146763e-01,-2.327941373609187237e-01,-3.637383261092989040e-01,-3.454890745788462558e-01,-8.422628356941776195e-02,-4.282139505786675127e-02,-1.457839939228741111e-01,-2.741677465481031084e-01
