0.000000000000000000e+00,6.503610821276333276e-01,1.286995792131765959e-01,3.537828575603496617e-01,-6.338903488443773382e-01,-1.574080627595670079e-01,3.964551621159435602e-01,6.082413028637705388e-01,-3.083159622730251015e-01,-5.694891880846322807e-02,2.032265650507204535e-01,3.122521341860183819e-01,3.298941297612496826e-02,2.996193968341670510e-02,-2.606891953907518045e-01,-1.205258579553367820e-01,-3.941400354803430983e-01,-1.996191685179308228e-01,6.185337987940335847e-01,7.253720983860325600e-01,-3.229099360942854768e-01,1.887033692626983658e-02,-1.623077291895458629e-01,7.252921877033441378e-02,-2.319076506487605938e-01,-4.132683697535782796e-01,-4.181452045599318712e-01,-3.662580567091867634e-01,-1.351106991271470159e-01,-3.971857740719516028e-01,-3.167819283132681241e-01,-1.387021135233989892e-02,2.572781508211393620e-01,5.565596396256526912e-01,-1.071602254851149183e-01,-1.889704992591138000e-01,-3.339239113311064933e-01,-3.759797620488185554e-01,-3.695777747842982630e-01,-2.838952576434567998e-01,-5.260657231117676913e-01,2.484742767512426176e-01,1.347294110126053338e-02,-2.772558214932338561e-01,1.226218010041348061e-01,1.102082472390859130e-02,-1.714403786396462015e-01,-4.877999219158472011e-01,1.555039053492210943e-01,2.273801396838733349e-02,-5.203555340430924409e-02,-6.043759089840156085e-02,1.742395356961019548e-01,-8.710264413033203673e-03,-1.777145088118651517e-01,-2.073819205505161023e-01,2.228297970953608542e-01,4.391502982951626666e-01,2.208434458399640143e-01,4.057841635292210314e-01,3.894915169102420305e-01,6.022228868761544396e-01,-1.222153981036053355e-01,1.653306361575290762e-01,-1.424944462075531659e-01,1.068748301897992810e-02,-2.251038268084358251e-01,-2.065371504763818256e-01,4.264878798325985598e-01,3.690206831678420896e-01,4.387553112064458000e-02,1.581295420661249507e-01,3.972588352675524015e-01,2.341953793360107283e-01,8.804102386132985070e-02,-4.761078474573562230e-02,4.928685423606529170e-01,4.274011447776085437e-01,-4.341433232341451731e-02,-5.524362483989323502e-01,-3.712307843347664171e-01,-2.992152770960001540e-01,9.927874900967832705e-02,-2.540999888125043960e-01,-2.674838865816264732e-01,-7.653388555420341521e-02,-1.486041886896702913e-01,2.326428289294936724e-01,1.798903625433515355e-02,-3.219943879869129055e-02,-2.861921189801570620e-01,-1.626776014922749203e-01,-3.760368411078816864e-03,7.804990536292007175e-02,6.963416889465261217e-02,-4.839961734198803822e-01,-3.434766626559114244e-01,-1.604401023770003487e-01,-2.795983460771845897e-01,1.487959743281223879e-01,-1.172244051791255098e-01,2.955553678288724145e-02,1.879111119229021631e-01,1.774085650552867655e-01,-2.242750388708392162e-02,-3.119028103445520284e-02,4.572694748041617463e-01,1.044090148382721857e-02,4.243713883225377903e-02,2.328437472173958689e-01,1.281744518697958135e-01,-2.000666683409857427e-01,-1.075300977878439895e-01,1.408140387087346845e-01,1.242337136320775248e-01,-4.505478448088878762e-01
6.503610821276333276e-01,0.000000000000000000e+00,7.277123398076207339e-02,2.094230677026135412e-01,-5.303215377555143828e-01,1.195486644641760438e-01,3.725047889330553863e-01,4.022087312695067918e-01,-1.552481911646182988e-01,-1.416268445097936257e-01,2.319807118443613925e-01,3.357869718189269714e-01,1.354166428837254021e-01,1.665178805860421107e-01,-4.562648833646507085e-01,-4.104144168004219551e-01,-2.803517896568178402e-01,-5.452876670418663196e-02,5.633086675692768885e-01,6.627175568336191036e-01,-8.534689227355024554e-02,6.558383886353309766e-02,-5.785761742874821062e-02,5.325019578117258512e-02,-3.560705862475998518e-01,-4.044325314106061997e-01,-3.123069300827189809e-01,-1.711024706099924797e-01,-1.472434239216053320e-01,-3.362527369408820910e-01,-1.066396644664591997e-01,4.461070940137765867e-02,3.152887401281767588e-01,5.797017733322069599e-01,-9.833808611631798813e-02,-9.176714483697079316e-02,-1.141649676133418834e-01,-2.554972841783697546e-01,-6.240362200877190846e-01,-5.178691702303025446e-01,-3.861261355878800594e-01,1.275306000835637332e-01,2.007516170497432584e-01,-1.635726011383847600e-01,1.977926386279107440e-01,2.545109580377589165e-01,-5.205838502793449368e-02,-2.518898876455801239e-01,2.218571699289251520e-01,1.707599962556137219e-01,1.212884341844201602e-01,9.673073981310033320e-02,5.651306311345718481e-01,2.783517394272458922e-01,-5.247392057791405717e-02,-1.286584822906511327e-01,3.560020913767240613e-01,7.656607814351501506e-01,1.969387359043263674e-01,4.269308133309284159e-01,4.673290881734472602e-01,5.611076990518026886e-01,-7.267990748626107500e-02,2.302592074230174757e-01,-2.928772183776304772e-01,-1.674037475827018506e-01,-1.213386637563957093e-01,-3.781807305662927554e-01,5.271981716435800713e-01,3.351111557596195278e-01,5.479361353823954811e-02,2.273413259237104245e-01,3.519700266445047743e-01,2.127290868035498494e-01,-1.047492060302884359e-01,-1.714586439385464012e-01,4.156885218578548757e-01,5.067090726022799307e-01,-3.487530508757068909e-02,-4.453194029987054270e-01,-2.385881837215090007e-01,-2.557256004146222783e-01,1.747007344933320105e-01,-2.527026934466390928e-01,-7.979880773261428806e-02,-2.018247033601300588e-01,-4.387073647968328105e-01,-9.450237334727584759e-02,-1.760843308850222333e-01,-1.818789969611109003e-01,-1.961578943763427896e-01,7.296301961921418389e-02,2.131720203018797333e-01,1.452753379651087196e-01,2.079938080636728193e-01,-3.607602017402263272e-01,-2.159574783841603229e-01,6.965243419355281185e-02,-2.003954437211893369e-01,1.302703949185938515e-01,2.041443963204555290e-01,1.221332042585544370e-01,1.042058133880074677e-01,-4.209009815314996433e-02,1.269917737660078150e-01,1.817420072193594027e-01,2.625157252807718833e-01,-3.858064928571265373e-01,6.591718056846176954e-02,1.413528650262906028e-01,4.813134576439134088e-02,1.203432049663347714e-01,-4.540068357881134331e-02,1.064798431010824525e-01,1.110370351766825220e-01,-1.826278742160191149e-01
1.286995792131765959e-01,7.277123398076207339e-02,0.000000000000000000e+00,5.356184744365726225e-01,-6.908620992764658020e-02,-1.041373185171317051e-01,5.574181086739621316e-01,7.550646249106712782e-02,3.456022868154223077e-02,-2.962882629472429752e-01,-3.602305080721205366e-01,-3.467781154321227244e-01,-3.092155282438600050e-01,-4.658815632356063663e-01,9.838374936356848732e-02,-6.847432241448986323e-02,-2.905666580667550791e-01,-2.726210018973079241e-01,3.752171858197351773e-01,2.397206322533214362e-01,-4.152181904111746924e-01,-1.178728232900826262e-01,6.575941404921128441e-01,5.895285041405149418e-01,1.987287351965460191e-01,9.887234610914885646e-02,-2.995942820481792834e-01,-2.290308660719789779e-01,-1.833447871978519939e-01,-2.819317380116852512e-01,-2.294874985444839977e-01,-2.042448554644066272e-01,2.689793579290804260e-02,-6.204037087689416585e-02,5.210610312131126465e-01,3.391934500638144057e-01,-1.248684327688594914e-01,-1.468096230727255758e-01,4.269513617921911076e-04,1.336860058129313855e-01,-1.691983131996465661e-01,3.350472272134688567e-01,-2.102678377767478179e-01,-3.000235165723340036e-01,-6.318195205815671511e-02,-2.285011724038731595e-01,8.378064289285803989e-02,-1.503896216571649069e-01,-4.038937050930502815e-01,-2.534013411295717444e-01,-1.618510967170408432e-01,-2.254097705650141836e-01,-1.058451239643004721e-01,5.641465881563235280e-02,-2.378393064666007584e-01,-2.076604663587441613e-01,-2.089436036064832580e-01,-9.746820125619592642e-03,4.010831322247818825e-02,-1.229597090337885140e-01,1.563897723458808342e-01,-1.811689334663655823e-02,-2.220398229179271488e-01,-4.810965572194735307e-01,6.101956898460920709e-01,2.769475945742929691e-03,3.976606718433567944e-01,2.224233941948313698e-01,2.067426350890090858e-01,4.366548018329227676e-02,-5.376847363746577700e-03,4.105925034646988880e-01,2.197840585037523775e-01,1.294438901433597744e-01,-2.128112806486007758e-01,1.266903963341545203e-01,2.795663818041092541e-01,1.135987433474356656e-01,-1.526294039348020069e-02,-1.896189173700709441e-01,-1.562436499546792368e-01,2.165579500855044359e-02,-1.940345533791944521e-01,-2.520679743098571124e-01,2.931101009386080647e-01,3.831397592176972733e-01,6.591489740609923938e-03,-4.717698389685585914e-02,5.158051914545799255e-01,-1.734130309208678777e-01,1.557504868843738177e-01,2.129505535527147914e-02,-3.251908152944480573e-02,1.723947405071816763e-01,-5.579820497775058591e-02,-1.370605197847434564e-01,-6.359748760813627166e-02,-2.032767946226960165e-01,2.351657233400838911e-04,2.379671635589021561e-01,-4.073321476110130512e-01,-1.115667288447883404e-01,2.083180171191514052e-01,2.705250588485099139e-01,8.506834646532218658e-02,1.211674265792063269e-02,3.105854256613750364e-01,2.370675975880672803e-01,-1.689654306386690064e-01,1.364714638952119752e-01,2.600590425786948878e-01,-2.231311745272141489e-01,2.056649824538972493e-01,7.091273981766665901e-02,1.804954005694207053e-01,-1.503530910593645076e-01
3.537828575603496617e-01,2.094230677026135412e-01,5.356184744365726225e-01,0.000000000000000000e+00,-3.303621780455673340e-01,-4.588928032439170551e-02,5.231843722102610394e-01,6.501784291386313308e-01,-1.772076467673845690e-01,-3.162613672946124055e-01,-3.415085766994148120e-01,-1.837603227478315782e-01,-4.110080390146784723e-01,-3.947427903440497432e-01,-4.250106737840447790e-02,-1.246857797798574807e-01,-5.185860832121355068e-01,-3.429926322350561052e-01,6.110130619718759926e-01,5.483813520430877997e-01,-6.259586427969652256e-01,-2.629061460447636861e-02,3.678562703629543185e-01,5.268419983150262054e-01,9.503663334010671593e-02,-7.530097787843986756e-02,-5.531303297571400490e-01,-3.645502512620180102e-01,-3.059688713643493596e-01,-4.060216124149236827e-01,-4.213918614394425166e-01,-1.801072629677914205e-01,1.118361420035662995e-01,3.078775950994203092e-01,3.992314875487740777e-01,1.510745703659224226e-01,-5.887385299630812918e-01,-3.825552696528908281e-01,-2.652829180641522733e-01,-1.007673708700446841e-01,-5.502672441545335413e-01,5.189833534632147805e-01,-4.041425697905655368e-02,-1.775501211217633268e-01,1.004203301909408624e-01,-7.491284027681061053e-02,-9.725586715648110170e-02,-3.938569233473899756e-01,-1.936007525303146959e-01,-1.320832258344387666e-01,2.340013105351960998e-02,-2.272226014808590988e-01,5.371139457840265474e-02,-1.420880433070236815e-01,-2.802513305128667698e-01,-4.346798663893385317e-01,-3.783907815036450795e-01,9.977191207998374611e-02,2.765845717586514763e-01,2.275376778868875571e-01,3.202660340784814208e-01,4.248668345552057413e-01,-3.122430015365682543e-01,-3.457324270700862234e-01,5.274356205292827227e-01,2.860231649653302011e-01,4.510136099308429958e-01,4.715392395699435357e-01,2.294281363230583348e-01,1.906143761601318820e-01,-6.860217950679126098e-02,8.143811830890730630e-02,1.405080949521563261e-01,1.739016276664482330e-01,9.617821452136925131e-02,1.513850804472258449e-01,2.222498738552794728e-01,2.135190609809835272e-01,-6.638294569041688908e-02,-5.512261723467940522e-01,-3.806693775414450864e-01,-2.286883917176002201e-01,-1.538645947729280761e-01,-4.343647899833100734e-01,1.614264285176111591e-01,2.330948950772736283e-01,-3.340951485082958861e-02,1.970300623988273658e-01,5.603588217968944463e-01,-1.138133606095130257e-01,1.217313676827500302e-01,-1.354075102342753023e-01,1.551933952679176998e-01,7.362057037962140005e-02,-1.146307327352970029e-01,-4.382461659996027548e-01,-3.984415133713403723e-01,-3.707878508364365056e-01,-1.420834769822986454e-01,2.387662703857859336e-01,-3.287320001187244434e-01,-1.079365006883734462e-01,1.731710157104402181e-01,1.947925632835527943e-01,8.594964713725687655e-02,-3.847356897091022687e-02,4.912885940057855061e-01,1.700704812221311424e-01,-1.771117539481585068e-01,1.782442024799709701e-01,2.582142473897746093e-01,-3.812629997557016037e-01,7.157714006516145179e-03,5.273420108724191646e-02,2.265148211484763197e-01,-5.073985876357625102e-01
-6.338903488443773382e-01,-5.303215377555143828e-01,-6.908620992764658020e-02,-3.303621780455673340e-01,0.000000000000000000e+00,3.721120850067010655e-01,-2.328757114904712322e-01,-6.154880602024251912e-01,5.600117811177905969e-01,1.666137734052681729e-01,-1.933838521058748022e-03,-1.137129014655619136e-01,1.111237953464584705e-01,1.061556340456038805e-01,5.353399286283445635e-01,3.301521271082150655e-01,4.098527588592407733e-01,3.291886325912294353e-01,-5.408149519736796806e-01,-6.930288203585021067e-01,3.110283591597049480e-01,-1.231309462109778964e-02,1.865777451031875311e-01,-3.799410487477995757e-02,3.165764437006408638e-01,5.969350828445463275e-01,6.500962352935804045e-01,3.394719958720424646e-01,1.461338070134181322e-01,4.622559014039165359e-01,3.011833630524967664e-01,-7.832388484642308080e-02,-2.222772718036297723e-01,-6.078714305610415369e-01,1.273776282052745644e-02,7.662064572397936368e-02,3.638972668263358301e-01,2.934662742671619862e-01,5.261935802040690335e-01,3.126037411898472396e-01,6.519044998847003392e-01,-3.430474281317567598e-01,-5.122274760325030984e-02,3.035350202858975721e-01,-2.674564886332762015e-01,-1.425081451817283018e-01,1.542572986992823969e-01,4.199352038521515507e-01,-3.905646032206288032e-01,-2.474468536881063163e-01,-2.390265508951137929e-01,-1.144754776946453056e-01,-2.505245565527901563e-01,-2.036238353017998104e-01,1.905687129128813828e-01,2.851144663450451699e-01,-4.382530154866903088e-02,-2.657167189130320573e-01,-2.962060691021920489e-01,-5.012797125041953405e-01,-3.714043046743182863e-01,-7.022893269009039541e-01,1.581523736897501864e-01,-7.707727819648438339e-02,5.739185230679309108e-02,-5.905856083143640883e-02,1.200737918075568123e-01,5.603565386345318866e-02,-3.468877072255239224e-01,-2.303916308400439372e-01,1.420378137350481462e-01,-1.054843843110215146e-01,-3.592396156067846347e-01,-1.999114133003340177e-01,1.192518533570477851e-01,4.940535036268034474e-02,-3.536504341433232557e-01,-3.677329795953779845e-01,1.050483002997792265e-02,7.382810983837493346e-01,4.642239873604131484e-01,5.165266707611377850e-01,-1.945870786709255340e-01,3.034573927655717651e-01,2.953430337291576002e-01,7.226437193628150457e-02,1.806232576617221031e-01,-2.800275806013393098e-01,-2.008497930313318455e-02,-7.087620921986624578e-02,1.964090422362205490e-01,1.353161837397742762e-01,-1.009728554826719443e-01,-8.897255410524008978e-02,-1.324850624102431873e-01,4.422462664587467063e-01,3.489973492484971240e-01,1.446132208799764396e-01,2.450312679085547840e-01,-8.568708346556649230e-03,9.371696549456721981e-02,-7.907732842605635915e-02,-2.178707684439563641e-01,-2.577439159430944815e-01,-1.323891695910171251e-01,-1.973360061554057243e-01,-5.793182020553027112e-01,-4.713132064960535300e-02,-1.491156170588759100e-01,-3.024208370529853362e-01,-1.296585074054371345e-01,2.754795211751893125e-01,2.720844587421145447e-02,-1.969889654763019027e-01,-1.669516814349218947e-01,5.146590439485922985e-01
-1.574080627595670079e-01,1.195486644641760438e-01,-1.041373185171317051e-01,-4.588928032439170551e-02,3.721120850067010655e-01,0.000000000000000000e+00,-1.067446899351353617e-01,-1.752532597850630924e-01,5.075264447280639635e-01,1.920801663968729756e-01,1.228113034802243847e-02,-8.689487635534225152e-02,1.144024164990444931e-01,-3.466068782549333593e-02,2.475153485589820790e-01,-2.092518305254241484e-02,2.178981663923066636e-01,2.433280287861110669e-01,-4.486642358598046804e-02,-7.163421912422457405e-02,1.032742831440972286e-01,-7.567085018116893880e-02,8.794969736682885231e-02,6.121843242638513871e-02,3.877654461641730776e-01,5.458516081454100055e-01,1.524216361598122460e-01,1.936829463753655944e-01,1.942400379918217124e-01,1.954501140439600104e-01,9.219637936112551335e-02,-8.105911335672813522e-02,-2.608901136786540564e-01,-1.227313927975360180e-01,1.234962521889819073e-02,1.514878227535394750e-02,3.335015262940393271e-02,-2.021534787403336531e-01,-1.852763425565482347e-01,-3.470520949156257196e-01,2.093431570199251468e-02,2.765594569726637086e-02,2.485382052973933165e-01,8.494048937302078883e-02,-4.064257321530906353e-02,2.115646739986620783e-01,-3.358303519038149249e-02,6.141478438956229219e-02,8.403635707746084926e-02,6.523223185970423998e-02,-3.304877519755062415e-02,-1.857055770807029271e-01,1.857832046010287896e-01,-1.506636011406679299e-01,-1.327818735173714459e-01,-1.226172346794097562e-01,1.538737274223781759e-01,1.268319524006310539e-01,-1.184390475559888439e-01,-2.374260540789837129e-02,1.495471347453931465e-03,-1.328503683882471809e-01,1.684494359447383516e-01,1.704860167721107267e-01,-1.553851809063697964e-01,2.530428846386553049e-02,4.956060540333204895e-02,-1.526750671820525235e-02,-1.306083029482475455e-01,3.544609567820196372e-02,9.226944055672631206e-02,-5.935537193856466748e-02,-1.589925774391594271e-01,-1.877375915833502662e-01,6.294906949717915534e-02,-2.318574210767850308e-01,-2.984093207820287617e-03,-7.598136026247234720e-02,2.792787033464310675e-01,2.290354323967040140e-01,2.324830075641169114e-01,1.718787458132510215e-01,2.058727502288870345e-02,-1.187769555856425657e-01,6.345136521693467424e-02,-2.485336389726682527e-01,-9.496357214450591722e-02,-2.853884458285482206e-01,-9.638369913399651157e-02,-3.115215222300103393e-01,-7.320046850491679358e-02,-1.317384683176974847e-03,1.993086584366274006e-01,-1.323161083954163264e-01,3.232661094228393983e-01,2.828450029566952351e-01,2.157474274468080266e-01,1.380514122500793306e-01,-1.836552972791554161e-01,8.790175095721581818e-04,2.794111267634575291e-01,1.254711876325661224e-01,2.546410982924228808e-02,-1.131923404469061950e-01,1.610656888643322016e-01,7.082597964789069667e-02,-1.037491809155024480e-01,-3.566642084618563691e-01,1.500197493544358496e-01,4.393945966679528581e-02,5.443744020968563357e-02,3.014436435618246257e-01,-1.324257001888175245e-01,1.700704812221311424e-01,1.938016708182168923e-01,2.961193089324161143e-01
3.964551621159435602e-01,3.725047889330553863e-01,5.574181086739621316e-01,5.231843722102610394e-01,-2.328757114904712322e-01,-1.067446899351353617e-01,0.000000000000000000e+00,3.463945441552185311e-01,-1.059638484071517839e-01,-2.393461936258673151e-01,-4.235037866247782362e-02,-5.194879323453328868e-02,-4.625458630239571989e-02,-2.957905335522125201e-01,-1.246264175584318318e-01,-2.148661267748733505e-01,-2.356063736760512228e-01,-2.979823694202365925e-01,3.335677380025525718e-01,3.100876962663445813e-01,-2.525428720812623040e-01,2.486363812789819071e-03,3.249008536744073528e-01,3.621072675341161506e-01,-2.117633091242017429e-02,-1.970939909449780647e-01,-2.473463945441552181e-01,-3.312937082894775731e-01,-1.767190500218042137e-01,-3.163115968665879962e-01,-2.367296895584135585e-01,-2.376292555292484621e-01,2.863565066702588591e-01,2.559721819497750017e-01,1.782670341035962058e-01,6.849487087575258700e-06,-1.930756251869339135e-01,-3.541390308889035832e-01,-2.720958745539271417e-01,-1.649059679580993920e-01,-2.413005806081887916e-01,2.259303315836699022e-01,-1.267360595814050195e-01,-2.305103552828952351e-01,1.864772859592364329e-01,-2.041832100806184602e-02,-1.691206856793207036e-01,-3.254579452908634707e-01,-1.264164168506514974e-01,-4.067910381310946288e-02,-1.085027249542796779e-01,-4.431846461897444994e-02,-1.131763583103685168e-02,3.583423327983122769e-02,-2.077517928532451597e-01,-1.803218802298687806e-01,1.245533563628310331e-01,3.387002869935089588e-01,4.343693563080351372e-01,2.770731685042318593e-01,5.615825968232078802e-01,3.862448600307313851e-01,2.998020498231690825e-02,-2.200352063636301370e-01,3.034710917397469010e-01,1.859019290438800875e-01,2.720182470336012792e-01,1.185851699471904552e-01,1.767281826712543136e-01,1.502206676423380460e-01,1.309736089262515668e-01,3.488786248056457984e-01,4.281454557077917222e-01,1.904819527431054205e-01,-1.443118434481231172e-01,-3.024961814109486738e-02,2.523647854169853710e-01,2.130943927815538708e-01,5.479361353823954811e-02,-2.529812392548671518e-01,-1.778104016310911861e-01,-1.602437504138231883e-01,-1.303343234647445503e-01,-3.299923057428382767e-01,2.739566518793851158e-02,3.489790839495969244e-01,-2.330903287525485923e-01,-3.146426051795821188e-02,1.717919856434750592e-01,-1.484283851877558555e-02,-2.214553333531207313e-01,1.086556968325688537e-02,-1.343572555475137376e-01,1.740979796296253934e-01,1.232610864656418365e-01,-2.894890054316432426e-01,-5.686672496341232258e-02,-3.065602104162433450e-02,1.883608949083196088e-03,2.547210089751112405e-01,-1.580245165974487886e-01,1.789337175134535218e-01,1.832717260022511951e-01,2.346748434321409837e-01,6.967526581717806144e-02,5.514522054206840579e-02,2.012721780683989770e-01,1.633602670386699249e-02,-5.315430296194652987e-02,2.264782905506759203e-01,1.831667005335750331e-01,8.679898353611620321e-02,1.994684798020041616e-01,2.090349301009842842e-01,1.085027249542796779e-01,-3.783862151789200157e-01
6.082413028637705388e-01,4.022087312695067918e-01,7.550646249106712782e-02,6.501784291386313308e-01,-6.154880602024251912e-01,-1.752532597850630924e-01,3.463945441552185311e-01,0.000000000000000000e+00,-2.199986757658297376e-01,-2.419467155567833760e-02,-4.505820922443257853e-02,1.985095516097436230e-01,-2.260992855984967631e-01,-7.322330012854204317e-02,-2.008657751678695202e-01,-1.042286450116327173e-01,-4.820463527622839695e-01,-2.857446191571021421e-01,5.847795264264628035e-01,7.065999374413513001e-01,-5.024121610360077206e-01,-7.873485407167760131e-02,-2.039023811100278694e-01,1.212838678596951103e-01,-2.438759877531170850e-01,-3.660206078234841676e-01,-5.469155618063467061e-01,-4.650915890581727163e-01,-1.914728452084412946e-01,-4.081723513604222919e-01,-4.152547210089750918e-01,-7.167988237147508712e-02,1.893997337832685202e-01,6.011634995399427472e-01,4.680711159412679484e-02,-6.056088166597791561e-02,-6.038211005299219947e-01,-4.433467507174837507e-01,-3.570569123882106899e-01,-2.550132537575144354e-01,-6.756311231560609976e-01,4.228622180009086740e-01,4.436869419094999906e-02,-2.105692152086011404e-01,1.606090563918271819e-01,-2.964686327738824331e-02,-1.053839251670704025e-01,-5.150471815502215556e-01,1.452525063414834561e-01,7.628273769432565576e-02,1.199322357410802509e-01,-1.169184614225471375e-01,1.435949304662902382e-01,-8.909584487281643761e-02,-1.980255211888883038e-01,-3.913865416711378442e-01,-2.567804214261088513e-01,1.123521366974969682e-01,3.284945512330218476e-01,5.697426191068725165e-01,4.062910255737016141e-01,7.518933123891239356e-01,-3.089780793581574092e-01,5.372965987730285442e-02,4.433216359314959970e-02,2.513419286785741336e-01,6.284404402850299332e-02,2.106833733267273745e-01,2.473920577914057173e-01,3.004984143437392508e-01,-1.385217436967595139e-01,-1.043565021039341151e-01,1.861667758779330106e-01,2.343688996755626253e-01,2.802581799999543516e-02,2.715364997751085196e-02,1.992584288646518653e-01,2.154688816385799677e-01,-5.311320603942108060e-02,-6.385160357908531426e-01,-4.090490857076319320e-01,-3.831717234907726088e-01,1.121968816568452570e-01,-3.025897910678121971e-01,-1.865001175828616686e-01,-3.778405393742765433e-02,5.940103518581516667e-02,3.203482279235323471e-01,3.044163209578322760e-01,-3.823612008520761718e-02,-1.637598204521118206e-01,-3.086401713285036874e-01,8.519163723289854828e-02,-5.196705853343348835e-02,5.838046160976645589e-03,-4.630550082308003135e-01,-4.166657153490156418e-01,-3.256634299034907309e-01,-1.660932123866124543e-01,3.335015262940393271e-02,-1.860708830587069484e-01,-7.580783992292043638e-02,1.553577829580194969e-01,1.497914331181833258e-01,9.520787051729610135e-04,-7.483521275648474802e-02,5.143850644650893589e-01,1.585222459924792715e-01,-1.076305569317950878e-01,2.043727125567080527e-01,1.978428681998863070e-01,-4.246659162673034893e-01,-1.945048848258746355e-01,9.903673379925066744e-02,1.790478756315797837e-01,-6.189082374214877058e-01
-3.083159622730251015e-01,-1.552481911646182988e-01,3.456022868154223077e-02,-1.772076467673845690e-01,5.600117811177905969e-01,5.075264447280639635e-01,-1.059638484071517839e-01,-2.199986757658297376e-01,0.000000000000000000e+00,4.880921666982503959e-01,1.053656598681702028e-01,-1.801415104032292984e-03,1.490608211621753110e-01,7.832845117114813072e-02,4.762014571142197394e-01,1.451840114706077212e-01,3.151700156853254331e-01,2.587211094342551920e-01,-1.453986287326850813e-01,-2.430723146015082436e-01,7.894947133375496140e-02,-2.175830899862782053e-01,4.981631958793485832e-02,-9.596131409692938360e-03,2.341953793360107283e-01,4.443650411311699799e-01,3.107635123256520249e-01,7.561148795974327597e-02,2.270399484918571020e-01,2.644883775619935595e-01,6.769804721123133529e-02,-2.129482703903522733e-01,-3.437597747888645472e-01,-3.779843786031156228e-01,-1.068725470274367595e-01,-7.828278792389763152e-02,1.589925774391594271e-01,-1.142562941078428956e-01,8.763462096080038011e-02,-7.146983143412277695e-02,1.583258940293021111e-01,-4.523629588870953233e-02,1.700271011372431890e-02,-8.513912449856046727e-03,-2.102130418800472189e-01,-5.851516818915543372e-02,-1.633853818246576994e-01,5.135517102027676445e-02,-1.414670231444168647e-01,-5.510868994426800643e-02,-1.730385922934137566e-01,-1.923998091276264977e-01,-2.266929078127532804e-01,-2.944891310055732236e-01,-1.551020687734166736e-01,-6.488062485587538231e-02,1.408482861441725728e-02,-1.930413777514960322e-02,-1.897422081376473058e-01,-1.140462431704905855e-01,2.855094534337620366e-02,-2.751416131455356462e-01,2.459993287502654224e-01,1.312749863581048893e-01,8.527611424031196485e-03,-7.308174406206548179e-02,-9.252515474132912143e-02,-1.040505583473557566e-01,-1.906098098354068182e-01,-8.663459584601439223e-02,-2.960120003013774412e-02,-6.073896833025486941e-02,-3.104712675432488300e-01,-2.539127694987773909e-01,9.803214235973962964e-02,-1.823538947325161197e-01,-1.814497624369561801e-01,-2.279943103593925768e-01,2.843427574665117197e-01,3.934048571996100474e-01,4.019712823838041404e-01,2.623285059670448227e-01,4.545547947551194234e-02,-1.781551591478324967e-02,1.629652799499530791e-01,-1.368322035484909327e-01,1.285991200692254699e-01,-2.192360995367463594e-01,8.366648477473179191e-02,-1.366541168842139997e-01,-4.187548089107260424e-02,2.970165917408884582e-02,-8.172123044186041518e-02,-2.359990776024055437e-01,2.022493715595597152e-01,3.121745066656925194e-01,2.663514380498140377e-01,7.367536627632201296e-02,-1.178134610686569772e-01,1.418528775836836071e-02,-5.614524565685439367e-02,-2.536890195872499310e-01,-2.121057834785805129e-03,-1.958245526714141316e-01,1.320329962624632036e-01,6.753365952112952431e-02,-1.140690747941158351e-01,-9.747961706800856163e-02,1.042012470632824178e-01,-1.217633319558253796e-01,-7.484434540593484786e-02,1.029911710111441198e-01,-1.092790001575382058e-01,-3.276566306459751526e-02,1.657096411097082334e-01,3.777377970679628993e-01
-5.694891880846322807e-02,-1.416268445097936257e-01,-2.962882629472429752e-01,-3.162613672946124055e-01,1.666137734052681729e-01,1.920801663968729756e-01,-2.393461936258673151e-01,-2.419467155567833760e-02,4.880921666982503959e-01,0.000000000000000000e+00,2.447527221003267250e-01,1.989205208349981435e-01,2.913246679711134490e-01,3.412163319170116171e-01,2.466020836139720396e-01,4.447303471091739735e-01,3.209829470603143275e-01,1.338366945288580190e-01,-6.901314873204578149e-02,-1.068177511307361605e-01,1.597368883693426056e-01,-8.285824529839790065e-02,-2.244554086974787088e-01,-9.227400688145136198e-02,-1.519901184732949835e-02,1.203158070179844719e-01,3.878978695811995392e-01,9.785862202018771883e-02,2.564881766437056565e-01,2.004822038909652993e-01,9.178997646059604276e-02,-4.922726369840338401e-02,-1.857832046010287896e-01,-1.733171381016418156e-01,-3.330334780097217173e-01,-1.541385742564310990e-01,1.477639849402610506e-01,-3.908089015934190086e-02,5.676626581946121741e-02,2.412617668480258534e-02,9.372609814401731965e-02,-1.715773683813976991e-01,2.898931251698102021e-02,-2.555086999901824002e-02,-9.392701643191952998e-02,-1.157791634036471271e-02,-2.463783337024445796e-01,-4.269513617921911076e-04,1.727965770829860970e-01,6.034169807917550560e-02,-1.731299187879147550e-01,-4.638244339469712457e-02,-2.890049750107879234e-01,-1.463027610282449931e-01,4.254216430092993412e-02,1.379281214825029966e-01,1.914226156364657594e-01,2.129505535527147914e-02,-2.784476322464719544e-01,2.089778510419211532e-02,-1.149229775177002116e-01,8.449983903705344385e-03,2.397845607994721351e-01,2.366931589606131592e-01,-2.651230966987755400e-01,-1.474854391320329916e-01,-3.296954946357100180e-01,-2.266609435396779448e-01,-1.339736842706095443e-01,-4.840075892316930001e-02,1.659630721319485178e-02,-7.192189758190274673e-02,-2.533374125834210178e-01,-2.562461614332779969e-01,1.311105986680030644e-01,-2.488167511056213754e-01,-1.387089630104865745e-01,-2.986033895828433815e-01,1.547002321976122807e-01,2.616070266604869077e-01,3.089872120076074813e-01,9.953446319428113642e-02,2.195603085922249176e-01,3.267319498891524399e-01,-8.873967154426253001e-02,-2.047311690476244853e-02,1.837785880467317778e-01,2.201813287548317344e-01,-3.074620595494407249e-01,2.539310347976775906e-01,-3.796419544783088407e-01,-1.896691469420464793e-01,-2.888314546712360542e-01,-3.023569085068346651e-01,1.597003577715422062e-01,2.674290906849258742e-01,2.252499491996374226e-01,2.441499672366201079e-01,-4.677514732105143846e-02,-2.111217405003321945e-01,1.240738922667007638e-01,-2.598467084789800666e-02,1.144572123957450921e-01,-3.598492199575788197e-02,4.533675503266063750e-02,1.200372612097564129e-01,-1.341106740123610419e-01,-1.240898744032384315e-02,2.292226517104310746e-01,-1.204527967597359694e-01,-2.361086693958067417e-01,9.816456577676607731e-02,-5.886220886825924842e-02,4.162204986883232330e-03,8.017781268479345913e-02,3.105808593366500281e-01
2.032265650507204535e-01,2.319807118443613925e-01,-3.602305080721205366e-01,-3.415085766994148120e-01,-1.933838521058748022e-03,1.228113034802243847e-02,-4.235037866247782362e-02,-4.505820922443257853e-02,1.053656598681702028e-01,2.447527221003267250e-01,0.000000000000000000e+00,7.101936349999657949e-01,8.439367198719602836e-01,6.767955359609487687e-01,1.381062081467799296e-01,6.629161919591587682e-02,5.782862126674414016e-01,6.511099593825415699e-01,-4.901721276105107383e-02,5.754710734744480222e-02,1.916828961457936187e-01,-2.681277383678585258e-01,-2.578900383342960789e-01,-2.809545445205244851e-01,-6.681674653929664531e-02,-1.975163759820451961e-02,1.753217546559388551e-01,-2.860414302642304007e-01,5.079739445511188833e-01,5.394130902830892582e-01,9.920568781407752834e-02,-4.132523876170405902e-04,-1.433666142300377422e-01,-9.454575343216382183e-03,-5.636191776505802276e-01,-3.778656541602642971e-01,1.852854752059983345e-01,-1.678010178337812075e-01,-1.518531287315434859e-02,-3.612214005374564385e-01,1.102424946745237944e-01,-1.300968745790419268e-01,2.987449456493199706e-01,2.904935968711542804e-01,2.043590135825328891e-01,3.676051225030765868e-01,-2.388849948286372593e-01,2.224485089808191443e-02,3.401204139829995809e-01,2.624061334873706852e-01,1.816095838023329412e-01,2.279988766841176406e-01,-5.677996479363636717e-02,-2.086559251488050992e-01,-9.143836945676718508e-02,-1.698786955836790458e-01,4.448445052273002354e-01,2.336245887453794468e-01,-1.862215717746336097e-01,-6.305409496585530349e-02,1.081374189762756566e-01,-5.944213210834062289e-02,6.311459876846222672e-01,6.433426410252311989e-01,-2.281176011269689385e-01,-4.048275184993230247e-02,-4.375977478886455829e-01,-4.015055172618490209e-01,1.674539771546774136e-01,1.273205491462114369e-01,1.541020436586306996e-01,-1.190600677185956746e-01,1.864909849334115688e-01,6.613636415526417955e-02,3.625684663313462064e-01,-2.085919966026544004e-01,1.892490450673418867e-01,1.133064985650324569e-01,2.862971444488331962e-01,3.091333343988090787e-01,4.222548968124770208e-01,2.850642367730696347e-01,-2.330880455901860465e-02,-5.763843384194580061e-02,-7.999515969579144847e-02,-5.024760895821585027e-01,-2.330400991805730293e-01,-2.546981773514859770e-01,-3.598789010682916789e-01,-1.672484925420501534e-01,-3.098776453289922572e-01,-7.229176988463180409e-02,-1.335033528239293610e-01,-3.255995013573400043e-01,5.492603695526600271e-02,1.482845459589167691e-01,1.919340440056713781e-01,-1.095758112646664645e-01,-3.143617762089915280e-01,-3.213482530383183211e-01,-3.967907869832347501e-02,-1.885503973844092074e-01,-1.740797143307251937e-01,-3.162796325935126052e-01,-2.623878681884704855e-01,-2.929046163259808044e-01,-2.503327709143380320e-01,-3.188367744395407266e-01,3.035898161825981711e-01,-2.033224578699465157e-01,-3.164759845566897933e-01,8.547474936585165717e-02,-1.996420001415560586e-01,-2.145487672064823673e-02,4.330474053001331231e-02,4.722264714410635833e-02
3.122521341860183819e-01,3.357869718189269714e-01,-3.467781154321227244e-01,-1.837603227478315782e-01,-1.137129014655619136e-01,-8.689487635534225152e-02,-5.194879323453328868e-02,1.985095516097436230e-01,-1.801415104032292984e-03,1.989205208349981435e-01,7.101936349999657949e-01,0.000000000000000000e+00,6.556808504323168307e-01,6.894351227998877230e-01,2.937745011861028419e-02,1.083520362383530167e-01,3.606825742199005203e-01,6.232690775339106981e-01,-1.718079677800127270e-02,1.558966092755754151e-01,1.534307939240483198e-01,-1.606775512627029445e-01,-2.901648214909506862e-01,-2.742146492263504154e-01,-2.016146524227777348e-01,-1.439967670420946588e-01,5.441004226133532712e-02,-3.180604992362822125e-01,3.645639502361931461e-01,4.227206619344321403e-01,1.585359449666544074e-01,1.577642360881209294e-01,-5.956770603827950435e-03,2.158067896682336895e-01,-4.226430344141062778e-01,-3.078136665532695826e-01,-1.203934345383103205e-01,-2.779727344750667073e-01,-1.063268712227932733e-02,-3.101790227608455797e-01,-2.270604969531198405e-02,-1.242976421782282237e-01,2.399946117368244314e-01,2.055371253615958516e-01,2.022813358326350786e-01,3.605958140501245301e-01,-1.979844242663628406e-01,-1.013564267595761514e-01,3.446045448629988517e-01,2.835710485879782139e-01,1.391381975346412947e-01,2.438714214283920489e-01,8.317560486678889781e-03,-2.023361317293356776e-01,-1.914431640977284910e-02,-2.030484783864434928e-01,2.302318094746671762e-01,2.531958565169444841e-01,-1.080278271828744585e-01,2.148661267748733505e-01,2.259440305578450658e-01,1.924317734007018332e-01,3.023203779090342658e-01,6.201548440714264032e-01,-2.325195381619173107e-01,1.279598346077184534e-01,-3.199966209197034894e-01,-2.664792951421154354e-01,1.557824511574491533e-01,9.299320302564676247e-03,1.754085148257147897e-01,-2.835619159385281418e-01,5.053779889449278723e-02,-3.499402953042199393e-02,2.873245675119694975e-01,-8.637203217432401492e-03,-1.700727643844936882e-02,-3.933660434394471023e-02,1.272018247033601390e-01,1.556545940651477555e-01,1.578464299331718279e-01,1.213432300811207593e-01,-3.088890360260189080e-02,-7.931477731175896884e-02,-2.810139067419501480e-01,-5.294539360577549258e-01,-9.977191207998374611e-02,-2.327227396121820530e-02,-3.290973060967284369e-01,-1.230693008271897260e-01,-3.687512700090641582e-01,-2.664153665959647643e-01,-1.463803885485708556e-01,-3.781898632157428830e-01,3.416752475518791687e-02,1.130599170298797473e-01,5.395340978883031435e-02,-2.482139962419147583e-01,-1.732851738285664800e-01,-3.548194132729360906e-01,2.619015546052526344e-02,-2.657167189130320573e-01,-1.007673708700446841e-01,-2.533922084801216723e-01,-3.229875636146113393e-01,-4.092226060471838567e-01,-9.832895346686788829e-02,-1.577094401914203303e-01,2.768813828657797349e-01,-8.153857745285840453e-02,-2.044914369995593506e-01,1.972423964985422010e-02,-3.232843747217395980e-01,-9.263931285945536942e-02,-9.729696407900655097e-02,-8.844286043713427137e-02
3.298941297612496826e-02,1.354166428837254021e-01,-3.092155282438600050e-01,-4.110080390146784723e-01,1.111237953464584705e-01,1.144024164990444931e-01,-4.625458630239571989e-02,-2.260992855984967631e-01,1.490608211621753110e-01,2.913246679711134490e-01,8.439367198719602836e-01,6.556808504323168307e-01,0.000000000000000000e+00,7.033076173145901278e-01,7.246529022418371491e-02,-2.765137937254132094e-02,6.721744153391979726e-01,6.841290534693793557e-01,-2.058978650148748091e-01,-1.330741182997746408e-01,4.081814840098724195e-01,-1.220464440887784885e-01,-3.141859727070771269e-02,-1.599971688786704649e-01,-4.007634894940283882e-02,7.901796620463071019e-02,2.262408416649733245e-01,-8.141072036055700678e-02,4.759822735274173433e-01,5.809940432293961843e-01,3.947473566687748070e-01,1.702896648089335663e-01,-1.730408754557762746e-02,-1.186102847331782333e-02,-4.851925504978435444e-01,-2.690318706634184931e-01,2.018338360095801587e-01,-1.750706067960610957e-01,-8.093125626442673748e-02,-4.244786969535764842e-01,2.415425958186164512e-01,-2.782878108810951656e-01,2.112998271646091553e-01,2.133957702134071932e-01,3.208185593702124749e-01,4.956311688193082432e-01,-4.229855087684850634e-01,1.325215930080435867e-01,3.371614355611670666e-01,2.514195561988999961e-01,4.770211124023662763e-02,1.926600896369543570e-01,-1.483576071545175679e-01,-2.247339545057067678e-01,-7.325526440161739261e-02,-1.620520150049430397e-01,5.441757669713166434e-01,2.438988193767423485e-01,-2.046740899885613474e-01,-6.052435106817750932e-02,1.865138165570368323e-01,-1.359691681754564563e-01,7.105863389263200602e-01,6.749096438495030270e-01,-1.817283082451842391e-01,8.452952014776626832e-02,-2.625431232291222106e-01,-3.098548137053670493e-01,1.310466701218523655e-01,3.755573770117514448e-02,3.583674475843000584e-01,-2.302569242606549577e-02,3.966994604887337517e-02,-6.440116075974511300e-02,3.929345257529298641e-01,-6.645144056129263788e-02,1.225533061332590573e-01,8.538798919607569482e-02,2.251494900556863243e-01,3.816237394089805890e-01,3.925144238782252715e-01,2.004319743189897363e-01,-2.246015310886803062e-01,-1.128133354947270378e-01,-1.144069828237695430e-01,-5.472169392382000286e-01,-1.805319311672211047e-01,-2.463326704551940804e-01,-4.896629824036676792e-01,-1.663991561431908128e-01,-3.402985006472765139e-01,2.534538538639098323e-02,-1.131695088232809454e-01,-2.374374698907963377e-01,6.449705357897116131e-02,2.225512512871327953e-01,2.110441129800063598e-01,-1.170463185148485491e-01,-3.043569587364066131e-01,-4.845304334127112922e-01,7.590829906687154849e-02,-5.270680313889161694e-02,-2.262728059380486600e-01,-3.513946697291484567e-01,-3.129827461420264245e-01,-3.426136272828769758e-01,-3.853818246576968809e-01,-3.976424065444565947e-01,5.123484836377169005e-01,-1.416770740817691887e-01,-4.794344150195553045e-01,2.473463945441552181e-01,-2.718629919929496097e-01,-1.475037044309331913e-01,-1.571066853277137132e-01,2.058704670665245096e-01
