0.000000000000000000e+00,2.492094550319756963e-01,3.593400747507357607e-01,3.286680715725737167e-01,-3.173390199297242420e-01,-3.258049859699672646e-01,3.259008787891933268e-01,1.387934400178999876e-02,-4.956037708709579714e-01,-4.321638214658358734e-01,4.289125982616001642e-01,4.191680612983431087e-01,2.832742374808499553e-01,3.862037631082059219e-01,-4.460728465783387331e-01,-2.330857624278235285e-01,8.974426298377356781e-02,1.105735532170899239e-02,4.703519951414305011e-01,1.634310450719081986e-01,-6.361118658231142142e-02,-2.492048887072506325e-01,7.763893613766555124e-02,1.644493354855944001e-01,-3.057770857258972352e-01,-3.540614033685777762e-01,-3.394400315989670736e-01,-1.476680921210350161e-01,3.855576281596113236e-02,-2.188296966362169027e-01,-3.055076725671192484e-01,-2.979641041213363928e-01,1.836872615522307517e-01,-2.334236704574772503e-01,-8.786293719705288996e-02,-1.357956478359045593e-01,-2.257248469710426420e-01,2.213069277995565950e-02,-1.617323722741895453e-01,-7.007025290589490030e-03,-1.846964193164668533e-01,-1.041829817643822043e-01,-3.541413140512661428e-02,-1.946852546525141073e-02,-1.294119258702844111e-01,-1.250145551600611027e-01,-1.146398653847471028e-01,-1.885047341371587082e-01,-3.678151734404288553e-01,-1.175303489357038683e-01,-1.258090956622198164e-01,-3.102589334435339533e-02,-1.415400843400176634e-01,1.605633931445766827e-01,-3.634817312763562458e-01,-1.496590097011568921e-01,3.046903004413352711e-01,-3.409902988431216114e-02,2.875163531504215664e-01,4.156953713449424576e-02,1.684950991919888508e-01,-5.472055234263874246e-02,7.532380950206511716e-02,-2.268983924253805406e-01,5.262460929384071145e-02,4.523172956398448241e-02,2.315149467224062729e-01,2.402092289989017915e-01,2.541228204361296594e-01,2.220215576190269491e-01,-1.891348869492156248e-01,2.008064129464438574e-01,9.869425944487190960e-02,-6.029831799428752616e-03,-1.418277627976958222e-01,8.789946779485328932e-02,1.816643796990335402e-01,1.111009637228332209e-01,-2.345195883914892865e-01,-5.810648212626344337e-03,-3.693448922233206755e-01,2.961786711538417771e-01,-5.347737043624383180e-01,-1.128726977161526868e-01,-5.988049928194543597e-02,4.566393219921048297e-01,-4.007794716305660421e-01,-1.055437465324471635e-01,-6.865469224112934719e-03,2.562918246805285238e-01,-1.010961462502482922e-01,1.546363036514615541e-01,-2.594060581430127077e-01,4.764731534353602166e-02,-2.748219704147821241e-01,-3.711714221133407543e-01,-3.883271041053542594e-01,3.746669436903666672e-03,3.324056083600272771e-02,2.292500496587813741e-01,-2.155373765094557303e-01,2.760092148432951586e-01,-1.155165997319567428e-01,2.972334921653283502e-01,1.460698784672674333e-01,1.884042749932075822e-01,-2.786143030989362765e-02,2.369899700677414178e-01,-3.208368246691126746e-01,-3.537006637152987909e-01,2.029731340284801535e-03,-1.995255588610672995e-02,1.225213418601837079e-01,-7.584437052072083574e-02,2.907150636203192223e-02,3.832036877638479444e-01
2.492094550319756963e-01,0.000000000000000000e+00,-2.729977236871245633e-02,1.224163163915075458e-01,-1.276059444415270777e-02,5.140996691697737042e-02,8.621906029603483568e-02,1.713810164182205387e-01,-5.837817844740392920e-02,5.728682683811693599e-02,2.466386142117724389e-01,2.294464016219585345e-01,-4.523629588870953233e-02,2.798928740219503233e-02,-4.918160045115288481e-02,-2.587051272977175173e-02,1.798241508348383255e-01,2.115692403233871144e-01,1.780706821404190454e-01,4.612056467171549712e-01,5.295795099876937639e-02,-1.641022948064905784e-01,-9.032418622385493534e-02,-3.350997399478069377e-02,-1.857055770807029271e-01,-8.274865350499670258e-02,-1.657735696558589322e-01,-2.801965346161661707e-01,1.453529654854345543e-01,7.750194639591405366e-02,1.349463114370452188e-01,-7.957505782108682812e-02,3.142156538177899305e-01,-2.840025662744954937e-02,-4.795348741635063750e-01,-5.433583948455326107e-01,-1.353070510903241763e-01,-2.731278639417885068e-01,3.466982047494343577e-02,-1.446086545552513758e-01,4.439609213930030551e-02,-5.267483886581626751e-02,-3.031788469573436506e-01,-1.231195303991652751e-01,-1.354600229686133729e-02,-4.240974088390347951e-02,-2.162405905171134457e-01,-2.608079198336031301e-01,-1.572528077189153106e-01,-9.675813776145063272e-02,-2.845984716511145152e-01,-2.551045802520154893e-01,-2.141081168705150084e-01,-3.953135809346809970e-01,-1.903814935991543222e-01,-3.506275271753400147e-01,5.446004351707462998e-01,5.784506003575432542e-01,2.266495277278653131e-02,3.169828466011703760e-01,-2.659884152341725552e-03,-7.871658877277740163e-02,2.120258727958921341e-01,1.779839219706431108e-01,-2.807581925573473525e-01,-1.953998844719844474e-01,-3.287046021703741161e-01,-2.713606962731940908e-01,3.274123322731849473e-01,1.884956014877086083e-01,7.805447168764512167e-02,1.625817086730488581e-01,3.398053375769711226e-01,1.108543821876805113e-01,-1.019272173502074191e-01,-2.531730248933192207e-01,1.448369707915038995e-01,-5.795807657269931579e-02,-9.362563900006620754e-02,-1.235624638974951450e-01,-1.541362910940685671e-02,-7.440597823233004171e-02,-4.661075963094963442e-02,-4.321798036023735690e-02,-1.750066782499103968e-01,-1.650155597515006178e-01,-8.423727536536305960e-02,-2.046786563132864112e-01,2.066946886793960547e-02,-2.243001536568270116e-01,-1.366038873122384367e-01,-9.398181232862012902e-02,3.713563582647053107e-02,-5.508129199591770692e-02,-1.047537723550134858e-01,-1.874955763729226066e-01,2.463532189164568172e-03,-3.488900406174584579e-02,1.912079983743883993e-01,-2.736849555582446247e-01,2.178159725472557651e-01,-9.300918516218444065e-02,5.395797611355536427e-02,1.513051697645374609e-02,3.449789834904529728e-01,2.636664391114845185e-01,-5.865672425563198816e-02,1.575998483980191323e-01,1.160462934000625612e-01,-5.779368888259750481e-02,8.283541367477265105e-02,1.423346248421764049e-01,-4.006949946231526394e-03,-1.314576393471068860e-01,1.654151131649424927e-02,1.395765647082460870e-01
3.593400747507357607e-01,-2.729977236871245633e-02,0.000000000000000000e+00,3.729066255088598347e-01,-2.543054734251316562e-01,-1.105119078333017535e-01,4.858044380110002614e-01,-2.019913742125943948e-02,-2.397069332791462726e-01,-1.000595905376619049e-01,-1.793424035763455104e-02,5.936907091273981724e-02,-8.700446814874346346e-02,9.997283036788595645e-02,-4.332757215363856190e-02,1.592893885462876857e-01,-1.939706248330437532e-01,-1.071054295884143193e-01,1.347636584480432220e-01,6.954740872487664982e-02,-8.963010486564730595e-02,-2.213822721575199326e-01,4.600229686133670004e-01,3.281612095280931896e-01,-1.251515449018126003e-01,-1.464397507699965184e-01,-2.186972732191904412e-01,-1.073291794999417792e-01,-1.150097376874761740e-01,-2.270627801154823655e-01,6.530072673057998878e-02,1.800615997205409213e-01,2.635385820191831208e-01,2.022493715595597152e-01,-9.262789704764275156e-03,-2.168775928162579303e-02,-1.138133606095130257e-01,-1.556431782533351273e-02,-5.253784912406476298e-02,-1.931441200578096762e-01,1.052286701264187052e-01,5.659959496699689188e-03,-2.984481345421917120e-01,-3.959483000714629775e-01,-2.724977111297315902e-01,-3.768062668240526603e-01,-2.430038197306325087e-01,-3.690343821420172810e-01,-3.234304971129411954e-01,-1.408551356312601477e-01,-7.088077554459129570e-02,-1.075985926587197383e-01,1.886577060154478666e-02,4.804001926989034249e-02,-2.187246711675407407e-01,-1.818333337138604011e-01,3.244373717148147773e-03,-3.120398000863035259e-02,1.297772318482884324e-01,-2.483464196589412198e-01,1.746733365449817110e-01,-2.023315654046106138e-01,1.189413432757443628e-01,8.207283744568927286e-02,2.243047199815520476e-01,-2.570155871494489430e-02,1.056396393516732118e-01,-1.039044359561541453e-01,2.910187242145350628e-01,2.403142544675779535e-01,-8.172123044186041518e-02,4.692583603697809969e-02,-4.815417738801659742e-02,-1.242565452557027744e-01,-5.577080702940027945e-02,5.147846178785311921e-02,-9.703668356967869169e-02,-1.635429200276719217e-02,-3.556185200998198681e-01,-4.102157816748822766e-02,-2.140259230254641099e-01,2.480176442787375979e-01,-1.895732541228204449e-01,-1.605907910929269822e-01,2.153136265979282704e-01,6.919123539632274222e-02,-1.563030121761048719e-01,-1.271744267550098395e-01,-1.922194393009870120e-02,1.362362981718718939e-02,-1.079638986367237596e-01,1.559377061981008783e-01,-1.614857907390368219e-01,2.629586587791017394e-01,-2.950644879209295413e-01,-2.479948126551123344e-01,-8.093582258915178740e-02,9.447040907420049816e-02,-4.160606773229464511e-02,1.074981335147686401e-01,-1.280511611022194518e-01,9.970570037147050840e-03,-1.605588268198516466e-01,1.225898367310594567e-01,4.369287813164257628e-02,-3.500772850459715063e-02,-8.571219825155426686e-02,2.766256686811769394e-01,-3.482530383183139455e-01,-3.842904730484099085e-01,-1.099502498921205718e-01,-5.569317950907443082e-02,-1.013472941101260516e-01,-1.743080305669777175e-01,-6.130062627143603726e-02,3.254077157188879355e-01
3.286680715725737167e-01,1.224163163915075458e-01,3.729066255088598347e-01,0.000000000000000000e+00,-1.990392452778494414e-01,-8.393589793350975103e-02,3.530020160323660838e-01,2.734109760747416296e-01,-2.948316053599519537e-01,2.308277148512862236e-03,1.738057348472221986e-01,1.802259874106427462e-01,-1.802556685213555637e-02,1.428232215877567601e-01,-2.966216046521716332e-01,2.906465687494434649e-03,1.605314288715013471e-01,-4.710163953889253026e-03,3.694042544447463383e-01,3.557966067640968011e-01,-4.970672779453365331e-02,-8.035589934907040599e-02,2.524606782362114332e-01,1.660703807629871909e-01,-1.782670341035962058e-01,-1.415400843400176634e-01,-3.353623036194973150e-01,-1.265123096698775595e-01,4.009918057302808841e-02,-1.858608321213546521e-01,1.952674610549580136e-01,7.252465244560936386e-02,2.912744383991378583e-01,-1.364189511608739080e-02,-4.253303165147983428e-02,5.192596161090803908e-02,-1.764861674608266540e-01,-1.260465445479224400e-01,-1.037537472402274979e-01,-1.973223071812305884e-01,-1.034706351072743891e-01,-9.684033160650153127e-02,-3.025989237172623247e-01,-2.941740545995447098e-01,-2.598900885638680269e-01,-2.050119980182150692e-01,-3.411158727730604912e-01,-3.538422197817753245e-01,-1.297680991988383326e-01,-8.919173769204249980e-02,-2.635454315062707095e-02,-1.061442182337912592e-02,5.185290041530723343e-02,8.788576882067813956e-02,-3.308827390642230526e-01,-2.066650075686832233e-01,2.057882732214736110e-01,-6.107459319754605584e-03,-1.135804780485354659e-01,-8.899995205359038930e-02,-1.333754957316279632e-01,-8.294500546817386299e-02,3.499562774407576349e-01,3.107452470267518252e-01,1.032217704097591546e-02,5.283466023119302163e-02,-1.601181764838843086e-02,1.269643758176575155e-01,1.899385601008244384e-01,2.260125254287208008e-01,1.695225222551251243e-01,1.730888218653893196e-01,3.672923292594106048e-02,1.499969177308105861e-01,-1.839110114637582116e-01,3.508078970019794934e-02,2.763768039836616772e-02,1.807511147540235008e-01,-9.016893118320322420e-02,2.546867615396733800e-02,-8.656610097513864344e-02,3.094255791812123291e-01,-2.753425314334378426e-01,-1.962834683062816485e-02,-2.845048619942509849e-02,3.482804362666642173e-01,-1.438643436250681973e-01,1.004020648920406628e-01,1.497640351698330263e-01,-1.111900070549716978e-03,-1.043975990264595644e-01,-1.500014840555356499e-01,-3.846900264618517695e-02,-1.472160259732550325e-01,-1.703855576281596007e-01,-1.846233581208660546e-01,-2.117792912607394384e-01,-5.643749043925760933e-02,1.307270273910988712e-01,-6.925059761774839118e-02,3.404195082524903628e-03,-1.236172597941957441e-01,-1.711298685583427792e-01,1.265671055665781586e-01,1.684220379963880243e-01,5.477078191461429157e-02,-3.470178474801878521e-02,2.400174433604496949e-01,-2.139528618298633111e-01,-2.035964373534495109e-01,-4.587101502549150583e-02,-1.794131816095838050e-01,5.818182648422677572e-02,-1.455447511238866787e-01,6.654733338051868619e-02,-3.500772850459715063e-02
-3.173390199297242420e-01,-1.276059444415270777e-02,-2.543054734251316562e-01,-1.990392452778494414e-01,0.000000000000000000e+00,8.397265684754640080e-01,-2.940324985330681762e-01,-2.591640429325850481e-01,8.269545582194987032e-01,6.468130478162693597e-01,-3.315174582010050330e-01,-2.855163029208496184e-01,-1.368413361979410325e-01,-1.602665820374484240e-01,5.695873640662207915e-01,5.243350860409736747e-01,-2.057608752731233115e-01,1.845274653016399924e-01,-2.528488158378406903e-01,-1.731801483598903180e-01,3.495453082155031144e-01,6.069627319407564503e-01,-6.828253677603775273e-02,-2.390859131165394558e-01,7.575601213729111771e-01,7.909034245152275489e-01,7.376646445458675538e-01,4.743475292758493889e-01,-4.067453748838441296e-02,1.258410599352951798e-01,2.944343351088726246e-01,5.314517031249643003e-02,-3.150992376520871802e-02,4.379333727559368145e-02,2.564699113448054568e-01,1.631890298614805390e-01,3.275767199632867444e-01,1.978930977718618422e-01,4.808636746584959987e-01,4.163871695407875273e-01,7.965268534141269063e-02,2.722785275429291385e-01,-1.517618022370424875e-02,-7.257031569285986305e-02,8.134222548968124411e-02,-1.903951925733294581e-01,7.883759637799123143e-03,-1.921737760537365128e-02,7.015016358858328083e-02,-2.344054302733630246e-01,-2.745502740936416053e-02,-2.531821575427693483e-01,-1.620816961156558780e-02,-3.982223297845379761e-01,1.866645052729634657e-01,1.121283867859695083e-01,1.590702049594852896e-01,2.480039453045624342e-01,4.950124318190639305e-02,-3.126128738392973117e-01,-1.015527787227533119e-01,-4.190721684791170465e-01,-1.519056414658815635e-01,-1.173796602197772071e-01,9.846137688389434983e-02,-2.340766548931594304e-01,-5.788044905237346022e-02,-2.434056563064369294e-01,-3.170970047192965824e-01,-1.415263853658425275e-01,4.036653888567977577e-01,8.897255410524008978e-02,-2.285240040274983953e-01,-9.558459230711273402e-02,8.262536273742034088e-02,-4.169282790207060052e-02,-1.061830319939541800e-01,1.060643075511028821e-01,2.284874734296979959e-01,-9.420556224014758895e-02,5.061611136352739404e-01,-4.865647310777211632e-02,2.620682254577169634e-01,2.925073460749014198e-01,4.046654139715837872e-01,-1.881622597827799226e-01,4.161862512528853308e-01,4.607353152704748434e-01,2.852651550609718312e-01,2.941398071641068701e-02,8.536972389717549514e-02,1.073383121493918790e-01,2.517939948263540617e-01,9.630607161367066293e-02,3.272205466347328229e-01,2.820550287792615851e-01,3.174531780478505039e-01,5.395340978883031435e-02,-2.153958204429791690e-01,-2.691551614309948270e-01,8.716885583884527444e-02,-1.190212539584327434e-02,1.050642824363168942e-01,7.414113139827713250e-02,-1.905230496656308836e-01,-2.766485003048022029e-01,1.894339812187064223e-02,-8.341077059012898254e-02,1.902719018057531242e-01,2.231220418777640491e-01,-1.005162230101669246e-01,-2.617211847786131695e-01,-8.608663687900837413e-02,-2.394466527698184133e-01,-3.147270821869955770e-01,-1.045528540671112755e-01
-3.258049859699672646e-01,5.140996691697737042e-02,-1.105119078333017535e-01,-8.393589793350975103e-02,8.397265684754640080e-01,0.000000000000000000e+00,-2.419718303427711714e-01,-1.585313786419293713e-01,7.300662802033841547e-01,8.302514446709848839e-01,-3.532759955158691345e-01,-2.594288897666379712e-01,-1.171422113340745974e-01,-6.323218163013226423e-02,5.171979204957202203e-01,6.400274892748447630e-01,-2.658856729278589182e-01,3.698038078581881993e-02,-3.624360429143197448e-01,-1.833813177956523932e-01,4.162045165517855305e-01,5.346458472701369757e-01,-2.138934996084376483e-01,-3.748747114653564472e-01,6.798138766042070014e-01,7.967711517869170423e-01,6.364977202623810504e-01,4.686898529415122194e-01,-1.001646160063380531e-01,5.239172673286315168e-02,3.022518830381584753e-01,4.892131994182502552e-02,-1.407683754614841853e-01,-2.307592199804104835e-02,1.232382548420165869e-01,5.196705853343348835e-02,3.135124398101322152e-01,1.415492169894677632e-01,4.412462413439606768e-01,4.178757914011538843e-01,1.227359591222610680e-01,2.012402137953236136e-01,-7.812753288324592038e-02,-1.733354034005420152e-01,7.102689793579290700e-02,-2.190214822746689993e-01,-1.218363931514261783e-01,-1.175120836368036686e-01,1.019728805974579322e-01,-1.863402962174849076e-01,1.461475059875932958e-01,-1.023975487968875886e-01,1.173750938950521572e-01,-2.151538052325515094e-01,1.150234366616513237e-01,1.753217546559388551e-01,2.461637164403672196e-01,3.193299375098461179e-01,-1.420149821114228827e-01,-4.648632728219201926e-01,-1.523303096653112199e-01,-4.116107938783850617e-01,-3.331133886924101013e-03,5.565664891127402453e-02,6.792179712275879522e-02,-2.315697426191068720e-01,-2.618810061439899028e-01,-4.090901826301573951e-01,-3.064711670841048785e-01,-1.747281324416823378e-01,4.249444620755316038e-01,1.153111151193294825e-01,-2.739132717944971485e-01,-1.395263351362705517e-01,2.302112610134044585e-02,-1.681617574870601650e-01,-2.054184009187445259e-01,-3.823155376048256726e-02,3.881147700056394173e-02,-1.317590167789602085e-01,4.675939350075001832e-01,-2.498464573311201878e-02,3.627328540214480035e-01,3.397505416802705236e-01,4.523378441011075557e-01,-2.187064058686405410e-01,4.643198801796392106e-01,5.387646721721321974e-01,3.051332339396651272e-01,-3.172454102728607117e-02,2.308573959619990568e-01,8.806157232259257187e-03,2.579630995298968776e-01,1.860800157081570483e-01,3.100785636168945092e-01,3.450657436602289074e-01,3.177682544538789622e-01,8.839263086515870838e-02,-1.362614129578596789e-01,-2.705844210699355212e-01,2.153638561699038056e-01,-6.536465527673068765e-02,-9.913719294320176567e-02,-6.605417031021326713e-02,-3.152613421798264315e-01,-4.517624871857512381e-01,6.366141615428698441e-02,-1.382888611357819542e-01,1.434214101267383412e-01,1.770615243761829716e-01,-1.852032813609474082e-01,-3.225811607140818826e-01,-4.390521223135740447e-03,-3.385130676797818983e-01,-3.576824988755425427e-01,-1.798789467315389246e-01
3.259008787891933268e-01,8.621906029603483568e-02,4.858044380110002614e-01,3.530020160323660838e-01,-2.940324985330681762e-01,-2.419718303427711714e-01,0.000000000000000000e+00,3.092520588416604044e-01,-4.104829116712976900e-01,-2.444422120190233028e-01,3.450383457118786357e-01,2.759498526218694958e-01,3.298781476247120148e-01,2.219439300987011143e-01,-1.223523878453568470e-01,5.729139316284198591e-02,-5.521371541294416152e-02,-2.368940772485153834e-01,1.039911961259301076e-01,1.033382116902479275e-01,-2.063179668895794294e-01,-3.169097854055695218e-01,2.310400489510010535e-01,-1.196582562575772418e-01,-5.178280733077771369e-01,-4.104463810734972906e-01,-3.906285317667795298e-01,-1.229962396315889273e-01,7.652018658002826546e-02,2.275171294256248325e-02,-3.544609567820196372e-02,-1.931989159545102752e-01,4.970649947829740012e-01,1.655452534196064363e-01,-3.613903545522832994e-01,-2.799179888079381118e-01,-4.579818214612695892e-01,-2.996399452954298104e-01,-2.000301377431853433e-01,-1.680658646678341306e-01,-1.274575388879629345e-01,-1.945185838000497713e-01,-3.432026831724084293e-01,-3.448602590476016472e-01,-3.872494514702424229e-01,-3.754181041076374292e-01,-2.608901136786540564e-01,-3.327777638251189218e-01,-4.394927726495414522e-01,-3.526047457812867547e-01,-2.045325339220848138e-01,-1.883220811481566836e-01,-4.271111831575678808e-02,1.153476457171298819e-01,-3.121608076915173835e-01,-2.292546159835064379e-01,3.754203872699999472e-02,-2.135647242282340541e-01,3.033112703743701122e-01,1.526750671820525235e-02,5.134900648189795191e-01,1.016578041914294600e-01,4.936859144864368942e-01,2.095737564185402024e-01,4.572489263428990147e-02,-1.948427928555283295e-01,3.318142693081332917e-01,1.698330323364285466e-01,2.077517928532451597e-01,2.049435031473393065e-01,-1.866919032213137652e-01,-1.472388575968802960e-01,-5.377988944927840353e-02,-8.700446814874346346e-02,7.085794392096604610e-02,1.096602882720798880e-02,4.756055517376007319e-02,-5.600597275274036765e-03,-1.785273146129240651e-01,2.394968823417939763e-01,-3.269328681770546918e-01,1.900938151414761634e-01,-2.083499813922267407e-01,-8.200890889953857399e-02,6.248787069994908572e-02,1.581660726639253500e-01,-1.612026786060837269e-01,-1.575633178002187329e-01,-1.326585827497950842e-01,5.559500352748584888e-03,-2.938201644333533410e-02,3.474310998678049045e-01,4.997842411567413566e-03,2.367205569089634587e-01,-2.228708940178862896e-01,-1.673809159590765872e-01,-2.165647995725920039e-01,2.081353641301493806e-01,1.774770599261625281e-01,2.426156821290032517e-01,8.512770868674783553e-02,1.316083280630335473e-01,-1.986830719492955200e-01,2.021078154930831539e-01,-3.542326405457671412e-02,9.498183744340611689e-02,1.849612661505197486e-01,1.917422583672192815e-01,-1.266492994116290571e-01,-3.024801992744109991e-01,8.090842464080148788e-02,2.247887504024073668e-01,9.249775679297882192e-02,-3.012632737351851261e-02,5.230040023836215329e-02,8.962097221619720611e-02
1.387934400178999876e-02,1.713810164182205387e-01,-2.019913742125943948e-02,2.734109760747416296e-01,-2.591640429325850481e-01,-1.585313786419293713e-01,3.092520588416604044e-01,0.000000000000000000e+00,-1.392386566785923929e-01,2.901671046533131973e-02,3.019779035546554802e-01,3.875234309537454180e-01,2.374192045918961380e-01,3.476365844804321648e-01,-1.204208324866606200e-01,-2.212863793382938704e-01,-1.530152583740687633e-01,-2.174917634917771792e-01,-6.572996125473470896e-02,1.099342677555829005e-02,-2.132085508996801326e-01,-2.387251734632604983e-01,-1.376358767000997740e-01,-8.563913705595345427e-02,-3.737148649851936844e-01,-2.374237709166212018e-01,-3.482941352408394087e-01,-2.032174324012703537e-01,-1.290329209181052539e-01,3.544152935347691380e-02,-1.207450415421391920e-01,1.720659651269780821e-01,8.579895842133021533e-02,1.451337818986321582e-01,-2.022950348068102144e-01,-2.103934117066866977e-02,-2.323460178223654138e-01,-3.523261999730586957e-01,-1.465128119655973171e-01,-4.230996668866113253e-01,-1.943678950841231101e-01,-4.166474500501153866e-01,-1.797465233145124630e-01,-3.063775574272413135e-02,-7.207258629782939408e-02,2.553260470011804034e-02,-9.338362378963854793e-02,-1.639105091680384541e-01,1.378801750728899517e-02,2.623353554541324028e-03,1.137174677902869774e-01,4.052841509718280860e-02,2.987769099223953062e-01,8.370758169725724118e-02,-1.578327309589966920e-01,-1.938975636374429545e-01,2.219918765083141524e-02,1.931327042459970306e-02,-2.219347974492510145e-01,9.754354561415926050e-02,3.287046021703741161e-01,4.593471525540595568e-01,9.742938749603299864e-02,3.029071506362032012e-02,-1.530563552965941987e-01,1.118772389260917488e-01,-2.294509679466835983e-01,5.777542358369730513e-02,-2.263047702111240234e-01,-1.037697293767651623e-02,7.255661671868471330e-02,-9.942943772560497440e-02,2.218092235193121209e-02,9.777642817513682028e-02,1.219688165684526260e-01,2.495268146003666587e-02,1.038633390336286960e-01,9.333796054238804873e-02,-7.505896266801220795e-02,-8.429207126206365863e-02,-1.310695017454776290e-01,-2.044549064017589513e-01,-8.530579535102479627e-02,-2.547758048718118395e-01,9.595903093456685518e-02,-1.186080015708157048e-01,1.483850051028678674e-01,-9.642022973179691092e-02,1.310603690960275292e-01,-4.157524504040056024e-01,2.783334741283456926e-01,-2.406384635230565117e-01,2.158615855649342885e-01,-8.691314165424246507e-02,-1.257451671160691176e-01,-1.856370822098271922e-01,-1.977743733290105443e-01,-1.837557564231065144e-01,3.271748833874823514e-01,-3.641415651991260216e-02,3.912769498777366461e-01,-2.072220991851393412e-01,-1.272520542753356743e-01,-3.447095703316749860e-01,-5.576624070467522953e-02,-1.626821678169999841e-01,2.414101724015899897e-01,-7.734669135526234252e-02,1.559696704711762139e-01,-8.523045099306146566e-03,6.476190041302407052e-02,3.507622337547289942e-02,1.942765685896221117e-01,-3.361956578818189184e-02,8.234225060446723199e-02,-3.075899166417421227e-01
-4.956037708709579714e-01,-5.837817844740392920e-02,-2.397069332791462726e-01,-2.948316053599519537e-01,8.269545582194987032e-01,7.300662802033841547e-01,-4.104829116712976900e-01,-1.392386566785923929e-01,0.000000000000000000e+00,6.618134245380591363e-01,-3.986972275559431678e-01,-2.829819926984467604e-01,-2.049206715237140708e-01,-2.594425887408131071e-01,6.484751900161875859e-01,3.687558363337892220e-01,-3.118092006876885258e-01,8.026913917929445752e-02,-2.698218448408521430e-01,-9.969885088438294740e-02,3.377230935023482483e-01,4.737904376593932709e-01,-8.718255481302042420e-02,-1.069730061713878716e-01,6.474432006283262764e-01,6.765215564774458290e-01,5.893458511515129450e-01,2.285011724038731595e-01,-2.039252127336531328e-01,1.382911442981444791e-02,3.203619268977074830e-01,2.959412222681391813e-01,-1.449328636107299617e-01,1.093657603273141543e-01,1.973862357273812873e-01,2.399809127626492955e-01,3.573993867425894200e-01,5.554249079314777654e-02,4.042955416688546744e-01,2.055234263874206879e-01,1.016989011139549232e-01,1.264849117215272600e-01,5.776172460952215537e-02,-2.903497576423152288e-02,1.735226227142690758e-01,-2.124025945857087663e-02,9.685403058067668103e-02,3.774295701490219812e-02,1.991762350196009390e-01,-8.306829623575021082e-02,8.500441791917148771e-02,-2.243184189557272112e-01,1.745135151796049777e-01,-4.619088607248127420e-01,3.505498996550141522e-01,3.629086575233624740e-02,7.502699839493685852e-02,2.022493715595597152e-01,-6.002662167314704034e-02,-2.653696782339282634e-01,-1.189093790026690134e-01,-2.663788359981643650e-01,-1.547413291201377161e-01,-8.965978597636013042e-03,5.209034930100984312e-02,-2.135281936304336547e-01,-2.292865802565817734e-01,-3.346910538849149352e-01,-2.344328282217133241e-01,-1.013975236821016007e-01,4.284057362171195815e-01,6.175269241921600705e-02,-1.500197493544358496e-01,-4.492121948268107401e-02,9.617364819664420139e-02,-1.764313715641260272e-01,-1.374303920874725138e-01,-8.491080826230795395e-03,1.065803022450335508e-01,-2.823472735616647800e-01,4.768270436015516478e-01,-2.649587090086737429e-01,3.868613138686131658e-01,8.757982506409978107e-02,3.718700697962734059e-01,-4.640641659950364151e-01,4.552009297037140079e-01,3.189052693104164615e-01,2.961878038032918492e-01,-2.719999817347010795e-01,9.097260433481206554e-02,-5.572971010687483018e-02,1.997378929607821207e-01,-1.352317067323608596e-02,2.917265045469178419e-01,1.859521586158556505e-01,3.512302820390466596e-01,-1.187221596889419528e-01,-1.427318950932557617e-01,-3.892175374267390353e-01,1.571569148996892484e-01,-2.124231430469714910e-01,1.318549095981862429e-01,-2.068156962846098845e-01,-8.803645753660480078e-02,-3.228825381459351496e-01,-7.339682046809395399e-02,-1.243250401265785232e-01,2.033955190655473144e-01,1.234665710782690828e-01,-4.725917774190675769e-02,-1.606044900671021458e-01,-1.400103655571258710e-01,-1.361700864633586805e-01,-1.866462399740632661e-01,-7.154745895444862558e-02
-4.321638214658358734e-01,5.728682683811693599e-02,-1.000595905376619049e-01,2.308277148512862236e-03,6.468130478162693597e-01,8.302514446709848839e-01,-2.444422120190233028e-01,2.901671046533131973e-02,6.618134245380591363e-01,0.000000000000000000e+00,-3.163115968665879962e-01,-2.431910390443595693e-01,-1.135165495023847670e-01,-1.057720627686996734e-01,4.501505745578085471e-01,5.693179509074428601e-01,-2.658856729278589182e-01,8.215503129074018529e-02,-4.039074040672254173e-01,-1.213888933283712585e-01,4.053183984072659118e-01,4.033274808271440359e-01,-1.383801876302829525e-01,-3.211929979976665961e-01,5.444954097020701100e-01,6.515254949325210987e-01,4.742653354307985181e-01,2.225375523129576316e-01,-2.794750553096082557e-01,-5.110402316039900500e-02,3.579016824623449389e-01,1.701344097682818413e-01,-1.144572123957450921e-01,1.092744338328131559e-01,7.856590005685074041e-02,1.315763637899581839e-01,2.595613131836644327e-01,7.061136238581333657e-02,3.924596279815246724e-01,2.192269668872962596e-01,7.024605640780932914e-02,5.218624212023589837e-02,-1.515312028384274423e-01,-1.351928929721979422e-01,1.796643294694615645e-01,-1.072880825774163299e-01,-1.650931872718264526e-01,-1.693216039672229278e-01,2.556799371673718069e-01,-5.027295206043987108e-02,2.187429364664409404e-01,-2.873816465710326076e-02,2.236745671694951310e-01,-1.991762350196009390e-01,1.134023913842585052e-01,1.083840005114283661e-01,2.331588236234243272e-01,3.385450319528572893e-01,-2.847080634445157132e-01,-4.746900036302281745e-01,-1.274438399137877986e-01,-2.777124539657388480e-01,5.080264572854569644e-02,1.768651724130058112e-01,1.556431782533351273e-02,-1.762350196009488945e-01,-4.873889526905926806e-01,-5.716102459194181140e-01,-3.235492215557925211e-01,-2.212681140393936707e-01,5.094351684631349686e-01,5.582103660137583551e-02,-2.422138455531988310e-01,8.153172796577082271e-03,-5.689412291176262210e-02,-1.372066421759450539e-01,-1.528326053850667388e-01,-1.205738043649498027e-02,-2.894364926973051755e-02,-1.434077111525632053e-01,4.742881670544237260e-01,-7.058853076218808698e-02,3.647374705757450708e-01,1.725910924703588367e-01,3.574678816134651549e-01,-3.891125119580629010e-01,4.771923495795556414e-01,3.979985798730105162e-01,2.754932201493645039e-01,-2.919548207831703657e-01,1.535814826399749811e-01,-2.919776524067956291e-01,1.952080988335323508e-01,8.900451837831543922e-02,1.656502788882825705e-01,1.531431154663701610e-01,2.503556025379632954e-01,-1.166581809132192782e-01,-1.201970825751331601e-01,-3.619337471945642259e-01,2.226699757299840932e-01,-3.443442643536709924e-01,-8.964837016454750562e-02,-2.972517574642285498e-01,-1.601615565687722620e-01,-3.837881773286543896e-01,-9.513937564642034606e-03,-4.888935566874966915e-02,9.248405781880367216e-02,6.445139033172066212e-02,-2.741963839274502157e-01,-3.308781727394980443e-01,-7.036478085066062704e-02,-3.002563991333115911e-01,-1.661799725563883889e-01,-1.685042318414389506e-01
4.289125982616001642e-01,2.466386142117724389e-01,-1.793424035763455104e-02,1.738057348472221986e-01,-3.315174582010050330e-01,-3.532759955158691345e-01,3.450383457118786357e-01,3.019779035546554802e-01,-3.986972275559431678e-01,-3.163115968665879962e-01,0.000000000000000000e+00,5.113941217701813979e-01,6.412969275484087239e-01,4.187022961763879891e-01,-2.887675261250853276e-01,-3.412893931126124158e-01,2.543465703476571194e-01,2.187155385180906408e-01,2.274965809643621217e-01,5.100356401644789983e-02,-1.218774900739516276e-01,-3.304991677873188594e-01,5.502192977449205102e-02,4.049645082410745223e-02,-4.810234960238727320e-01,-4.596576626353630068e-01,-4.894392324921402193e-01,-3.088273906422307480e-01,1.007765035194947839e-01,2.778380278956777555e-02,-5.678909744308646701e-02,-4.190744516414796061e-02,2.599631497594688256e-01,4.541894887771154299e-02,-2.193365586806974576e-01,-2.350903789821205681e-01,-2.192452321861964593e-01,-2.055051610885204882e-01,-5.486210840911529690e-02,-2.320446403905120913e-01,-3.869983036103646357e-01,-3.001742052882606648e-01,-1.946327419181760332e-01,1.717691540198498235e-01,-2.289486722269280794e-01,1.242565452557027744e-01,-3.587989652708173383e-02,-1.330284550525241416e-01,-6.778709054336981045e-03,6.820947558043695402e-02,8.316875537970132293e-02,5.132777307192646493e-02,-1.120781572139939591e-01,1.269598094929324794e-01,-3.291201377203537004e-01,-1.548189566404635786e-01,2.205055378103102925e-01,-9.958469276625668554e-02,-5.282552758174292179e-02,4.670208612545063975e-02,2.707807730331127094e-01,8.111847557815378418e-02,2.573649109909152966e-01,-6.709072602279965436e-02,-1.387363609588368740e-01,-3.521777944194945387e-02,-8.226005675941633344e-02,7.893577235957981164e-02,-5.271593578834171678e-02,-4.914050352862742860e-02,-1.613807652703606599e-01,8.359342357913097932e-02,3.021696891931076046e-01,1.758514483240446735e-01,5.322051467045976064e-03,1.104571119366011545e-01,4.060809746363492900e-01,2.455061656799600034e-01,7.757044126678980245e-02,1.277497836703661571e-01,-3.832447846863734076e-01,4.796695807428953684e-02,-4.661098794718588900e-01,-2.927128306875286801e-01,-1.764587695124763544e-01,1.519010751411564997e-01,-2.897538522656961657e-01,-3.176769279593779638e-01,-5.692608718483797847e-02,-7.498590147241140924e-02,7.212509903216747682e-03,-9.171463210263271562e-03,-1.196354246339519922e-01,-8.983102315354951628e-02,-4.093093662169597913e-01,-4.387301964204580740e-01,-3.417916888323679347e-01,-1.569377313128868523e-01,2.472185374518538203e-01,2.719999817347010795e-01,8.285367897367285073e-02,9.722390288340575226e-02,-1.287680740840523308e-01,-9.217126457513772492e-03,1.940025891061191166e-01,2.579220026073714145e-01,-1.932126149286854111e-01,4.739616748365826221e-02,5.774802563534700561e-02,-2.605019760770247439e-01,8.584462166858071452e-02,1.759176600325578974e-02,1.208957302580658394e-01,1.571158179771638130e-01,2.054366662176447256e-01,1.434077111525632053e-01
4.191680612983431087e-01,2.294464016219585345e-01,5.936907091273981724e-02,1.802259874106427462e-01,-2.855163029208496184e-01,-2.594288897666379712e-01,2.759498526218694958e-01,3.875234309537454180e-01,-2.829819926984467604e-01,-2.431910390443595693e-01,5.113941217701813979e-01,0.000000000000000000e+00,3.794136382420563169e-01,7.624460888287148963e-01,-2.627486078417494708e-01,-1.012377023167248535e-01,8.636061636251138318e-02,-3.858772708903648180e-02,9.760290783558490946e-02,5.011769701978816688e-02,-1.233706782590430345e-01,-2.648673825141727445e-01,-1.106078006525278018e-01,1.914819778578913945e-01,-3.220879976437764358e-01,-2.445974670596750278e-01,-4.361045597035542176e-01,-2.156104377050565291e-01,6.113167225660918330e-02,-3.796214060170460813e-02,-6.553817561628259847e-02,1.868197603136151907e-01,7.866179287607680259e-02,3.676576352374146678e-02,-1.433255173075122790e-01,-3.927267579779401135e-02,-1.845365979510900922e-01,-1.638328816477126193e-01,8.525099945432419724e-02,-3.303964254810052431e-02,-3.069323658813349343e-01,-1.351883266474728784e-01,-2.651367956729506759e-01,9.765313740756045857e-02,-2.076285020856688257e-01,7.224154031265625497e-02,-2.510314185972706835e-01,-2.265193874732013835e-01,-2.996719095685051459e-01,-9.173061423917039381e-02,2.684770622093249001e-02,-1.373778793531344432e-02,-1.736322145076702739e-01,9.205025696992390205e-02,-4.664614864756877477e-01,1.518531287315434859e-02,2.404192799362541155e-01,-4.809024884186589160e-02,7.666630897122987676e-02,5.495343490361630223e-02,2.717077369522978847e-01,4.192274235197687715e-01,-5.006975061017514272e-03,-1.223386888711816972e-01,3.276337990223498944e-03,2.105692152086011404e-01,-5.990789723029573549e-02,3.163892243869138032e-01,-3.486388927575806516e-03,-4.625915262712076981e-02,-8.922826828984289915e-02,2.157611264209831625e-01,-3.165604615641032238e-02,-1.149458091413254612e-01,-1.391130827486534993e-02,-1.484169693759432307e-01,1.165805533928934296e-01,8.090842464080148788e-02,-8.792229941847855279e-02,6.298560009497955470e-02,-4.157433177545554748e-01,3.768359479347654917e-02,-3.887609049542339879e-01,-2.562689930569032604e-01,-1.599560719561450295e-01,2.489628734968229729e-01,-2.898040818376717009e-01,-1.380194479770039950e-01,-2.191607551787830288e-02,-4.486642358598046804e-02,3.461502457824282980e-02,4.730484098915726382e-02,-1.583829730883652351e-02,-8.872597257008738025e-02,-2.194689820977239192e-01,-2.502688423681873053e-01,-2.676939375189787973e-01,-7.383975396642381006e-02,1.932354465523106746e-01,2.746484500752301994e-01,2.243686485277027465e-01,7.059309708691313689e-02,-2.497026181022811153e-01,8.605923893065807462e-02,2.175100287906773788e-01,1.105530047558272028e-01,-4.397142393987063524e-02,1.134708862551342679e-01,4.631394852382137578e-02,-1.735911175851448385e-01,-1.618191324439654799e-01,-1.772761416382603317e-01,1.580016849738235529e-01,-4.125902705319083041e-02,2.384329286808572756e-01,1.022331611067857915e-01
2.832742374808499553e-01,-4.523629588870953233e-02,-8.700446814874346346e-02,-1.802556685213555637e-02,-1.368413361979410325e-01,-1.171422113340745974e-01,3.298781476247120148e-01,2.374192045918961380e-01,-2.049206715237140708e-01,-1.135165495023847670e-01,6.412969275484087239e-01,3.794136382420563169e-01,0.000000000000000000e+00,5.335818936092002751e-01,-2.787969560879382733e-02,-2.865597081205235874e-02,-5.202642075485913731e-02,5.456073097726198834e-02,8.498615262027128803e-02,-2.025416163419629378e-01,-6.714780508186278703e-03,1.318526264358237284e-02,-3.099849539600309581e-02,-5.334608860039864037e-02,-2.768494185927043993e-01,-3.152704748292765591e-01,-1.665361458849423104e-01,3.900782896374109521e-02,-2.017173947290913649e-02,5.693978615901312823e-02,-3.746144309560285879e-01,-2.244188780996783095e-01,6.963416889465261217e-02,-4.549657639803739162e-02,1.612140944178963239e-02,-1.201628351396952926e-02,1.342727785401003245e-02,2.825413423624794154e-02,1.121923153321202071e-01,1.571957286598521866e-02,-1.395172024868204519e-01,-1.282155487923212767e-01,-2.371863220309185782e-01,-2.843222090052489881e-02,-3.301201628351396744e-01,-1.056853025989237110e-01,-2.001762601343869408e-01,-2.248070157013075665e-01,-1.500151830297107858e-01,-1.831758331830251330e-01,1.881097470484418416e-02,-6.872547027436762268e-02,-1.280648600763946154e-01,1.440424302893451580e-01,-3.209235848388886647e-01,-7.212738219452999311e-02,9.900476952617531801e-02,-1.554080125299950321e-01,-4.007634894940283882e-02,-2.122039594601690948e-01,4.842975508517337047e-01,1.736641787807456372e-01,1.343892198205891009e-01,-2.566616969832575812e-01,2.864341341905847216e-01,1.403848041845799643e-01,6.420024247184290267e-02,4.706282577872960421e-02,-2.002401886805376396e-01,-2.638194109897737047e-02,-1.653489014564292758e-01,8.241531180006804458e-02,-2.469240095070880658e-02,1.511658968604234488e-01,2.640545767131137755e-01,1.668420896415206689e-01,4.312916534433512972e-01,2.368392813518147844e-01,5.792611229962396635e-02,1.163705024555411194e-01,-1.201970825751331601e-01,7.999515969579144847e-02,-1.501978360187128103e-01,-9.905499909815086712e-02,1.637826520757370563e-01,1.845959601725157551e-01,-1.018313245309813708e-01,-9.408912095965881253e-03,-3.230446426736744564e-02,-1.271972583786350752e-01,1.284301660543986368e-01,1.336540415398560222e-01,7.704988024813408387e-02,1.360376630463322190e-01,-1.899202948019242387e-01,-1.376358767000997740e-01,-2.182817376692108569e-01,-1.081648169246259561e-01,-5.004920214891241809e-02,2.061307475758523688e-01,8.810951873220559949e-02,1.805364974919461407e-01,-6.211343207249497150e-02,-7.117758665171956822e-02,-1.550290075778158749e-01,-1.507868919082442638e-01,1.691823310631088845e-03,-1.106808618481286005e-01,4.471573487005381375e-02,-2.003543467986639015e-01,6.564091792259622686e-03,-1.603579085319494224e-01,-1.118681062766416490e-01,3.589359550125688358e-02,4.003981835160243946e-02,4.934598814125468885e-02
