1.000000000000000000e+00,8.819875776397514966e-02,-8.568747486482863884e-02,1.260556771973725398e-02,-1.589972742303051856e-01,-4.349613476920326932e-02,8.423075204432726310e-03,1.370213146253183856e-01,-1.211269493721792712e-01,5.645024353188256988e-02,3.807498100898163429e-01,7.516421645292462039e-02,-2.914339335984628479e-02,2.106573126591894107e-01,-8.152732472407167585e-02,4.539523660574645847e-02,3.388489208633093663e-01,-2.164082398677331376e-01,5.791500960722105740e-01,3.328477590598328817e-01,1.722597077617409045e-01,-1.450154162384378331e-01,-3.406586532016622759e-01,-2.435676303677554722e-01,-1.444166406005630288e-01,-9.716251843245900244e-02,-5.643683810715402829e-03,-2.785647258590643119e-02,3.303677554850529274e-01,-2.393270476786272805e-01,-1.355065016309933423e-01,-1.305062782072478611e-01,5.278341302113588318e-01,3.426203136869386268e-01,-1.467581214531480382e-01,-5.792484025202198489e-02,2.981634568121899753e-01,1.434469815451986374e-01,-2.956789847625005546e-02,-7.276017695160641452e-02,9.580410205996693629e-02,-3.450913803118995649e-01,-2.250055855936368976e-01,-1.384154787970865441e-01,-3.230171142589034483e-01,-3.311408016443987412e-01,8.033424192323160296e-02,5.143214620849903725e-03,-1.654229411501854374e-01,-3.304437195585147036e-01,-2.165825103892041747e-01,-1.149381116225032390e-01,5.166003842888422515e-02,-6.243799991063050253e-02,2.617632601992939817e-02,7.637517315340273949e-02,4.954600294919344061e-01,-5.323741007194244396e-02,-1.809642968854729972e-01,-2.175387640198400419e-01,6.912283837526252139e-02,1.483533669958443137e-02,1.927119174225836729e-01,3.557799722954555627e-02,-1.429286384556950618e-01,-2.870995129362348755e-02,-1.995665579337772000e-01,-3.113141784708878812e-01,1.029313195406407755e-01,-2.557844407703650513e-01,2.120470083560480890e-01,3.506591000491532384e-01,3.157915903302203064e-01,-1.171500067027123615e-01,1.725367532061307385e-01,2.189105858170606322e-02,5.243085035077528211e-01,3.483712408954823814e-01,3.210599222485365778e-01,1.164261137673711921e-01,1.965816166942222498e-01,8.277849769873542318e-02,-1.943339738147370141e-02,-2.158854283033200816e-01,1.401447785870682250e-01,3.271817328745699194e-01,-1.619777469949506277e-01,-2.820635417132132949e-01,-1.505563251262344027e-01,7.003440725680325218e-02,1.516957862281603231e-01,8.360963403190491139e-02,8.735868448098663142e-03,1.991733321417400171e-01,3.161311944233433091e-01,2.966173644934983616e-02,3.096027525805442604e-01,3.939630903972474174e-01,4.087269314982796553e-01,4.942133249921801808e-01,1.327941373609187181e-01,3.047723312033602805e-01,-3.420617543232494506e-02,9.693462621207381280e-02,-4.161490683229813331e-02,4.390276598596899033e-02,1.433933598462844641e-02,5.271459850752938103e-02,3.392957683542606739e-01,7.404709772554626812e-02,1.044774118593324030e-01,2.598284105634746655e-01,1.119352964833102426e-01,-4.598954376871174088e-02,1.528352473300862435e-01,5.088341748961079380e-01
8.819875776397514966e-02,1.000000000000000000e+00,-1.211716341212744075e-01,1.424192323160105578e-01,-1.085750033513561835e-01,-2.448634880915143697e-01,-1.322445149470485859e-01,2.611510791366906670e-01,2.012601099244827607e-02,-1.213548415925644608e-01,-1.332097055275034692e-01,6.611689530363287215e-01,-1.541132311542070810e-01,1.690468743018007924e-01,7.793467089682291904e-02,1.676124938558469848e-02,-2.703874167746548318e-01,3.693551990705571941e-01,4.581840117967737602e-01,4.912015729031681266e-01,4.861700701550560749e-03,-9.924482774029224491e-03,-2.392555520800750679e-01,-6.775548505295142521e-02,-4.042942043880423664e-01,-3.591894186514142939e-01,-9.568792171231958743e-02,-1.513561821350373204e-01,-4.837124089548237166e-02,3.036641494258009999e-01,-2.879217123195852990e-01,-1.069306045846552533e-01,3.621252066669645719e-01,5.546717905178962793e-01,-6.965011841458509934e-02,1.692524241476384139e-01,3.036775548505295241e-02,1.680325304973412648e-01,5.166003842888422515e-02,2.054113231154207075e-01,-1.782474641404888441e-02,1.245140533535904204e-01,2.597077617409178363e-02,2.079851646633004147e-01,-5.768354260690826407e-02,1.593994369721614124e-01,-6.415836275079316031e-02,3.047142410295365922e-01,-4.179811430358818664e-02,1.070691273068501703e-01,-1.040350328432905896e-01,3.641762366504311954e-01,-4.714241029536619249e-02,3.764019840028598463e-01,-7.324724071674337811e-02,5.598865007372983982e-01,4.969837794360784655e-02,7.634568121899995008e-01,-2.051476830957594047e-02,3.584833996157111846e-01,-1.560614862147549076e-01,5.585370213146253482e-01,-2.728272040752491301e-01,6.208275615532419245e-01,-1.730640332454533303e-01,3.585593636891729052e-01,5.253585951114884273e-02,2.437910541132311537e-01,4.962017963269136356e-01,4.031636802359354621e-01,-3.143706153089950162e-01,1.354126636578935616e-01,-1.591849501765047470e-01,1.228741230617990121e-01,-1.187541891952276635e-01,-1.376290272130121888e-03,-2.282943831270387372e-02,3.464006434603869589e-01,-1.496805040439697920e-01,4.728808257741632937e-01,-3.625005585593636948e-01,5.532552839715805248e-01,1.437329639394074876e-01,2.139371732427722550e-01,-2.729970061218106037e-01,5.010009383797310312e-01,2.552437553063139353e-01,1.794941686402430903e-01,1.690379373519817763e-01,3.712453639572813602e-01,2.692256132981813224e-02,7.050002234237454646e-01,1.731578712185531110e-01,6.816524420215380742e-01,-7.896242012601099869e-02,8.132177487823405437e-02,-1.482237812234684371e-01,4.773224898342195988e-02,-3.115286652665445466e-01,4.769650118414585083e-01,3.971446445328209451e-01,7.168953036328701289e-01,1.951338308235399388e-01,6.360516555699540220e-01,-9.065195048929799992e-02,2.149515170472317827e-01,8.747039635372447219e-02,3.672282050136288500e-01,-1.022208320300281581e-01,1.002904508691183638e-01,-4.660619330622458624e-03,-2.316457393091737871e-02,1.829036149962018076e-01,3.472362482684659968e-01,1.361991152419679274e-01,3.650297153581482518e-02
-8.568747486482863884e-02,-1.211716341212744075e-01,1.000000000000000000e+00,5.848876178560257211e-01,1.883328120112605641e-01,5.021225255820188638e-02,8.605254926493587364e-01,3.250234594932749355e-01,4.039635372447383799e-01,2.505161088520487800e-01,4.306403324545332589e-01,9.484784842933106919e-02,5.172125653514455523e-01,4.061396845256713684e-02,3.976272398230483729e-01,1.338799767639304583e-01,6.577595066803700041e-03,-3.208364985030609171e-03,2.143706153089950384e-01,1.057285848339961504e-01,2.916126725948433585e-01,2.627105768801107910e-01,7.525671388355154034e-01,8.005317485142321443e-01,1.970195272353545690e-01,2.628625050270342878e-01,-9.904374636936413845e-02,-1.048617007015505559e-01,2.545422047455203618e-01,3.510880736404665275e-02,5.522677510165779902e-01,6.662227981589883274e-01,-2.190848563385316694e-01,1.360650609946825219e-02,-1.803968005719647771e-01,1.890611734215112347e-02,-3.845569507127217374e-02,-1.356003396040931230e-01,-7.623218195629831440e-02,-1.730059430716296420e-01,-1.611332052370526013e-02,-7.546360427186200870e-02,-3.334956879217123027e-01,-2.656821126949372447e-01,-3.546494481433487000e-01,-2.946422985834934449e-01,-4.057151794092676012e-01,-2.123419277000759553e-01,-4.286071763707046678e-01,-2.467089682291433994e-01,-3.945708029849412379e-01,-2.549130881630099488e-01,-2.380624692792349950e-01,-2.341927700075964111e-02,-9.577729121050984618e-02,-8.666160239510255214e-02,-4.622235131149738385e-01,-1.912149783278966897e-01,-4.190267661647079644e-01,-2.685732159613923864e-01,-4.436704052906743079e-01,-2.662585459582644254e-01,-4.631261450466955809e-01,-2.380133160552303506e-01,-1.176013226685732188e-01,-8.634434067652710376e-02,-3.406675901514812921e-01,-2.894499307386388942e-01,-2.921667634836230265e-01,-1.980964296885472931e-01,5.459537959694356068e-01,4.367532061307475844e-01,3.859913311586755658e-01,-2.757049019169757493e-03,1.859019616604852820e-01,1.131820009830644819e-01,-6.819339559408374440e-02,-6.770633182894678082e-02,-1.362884847401581723e-01,-2.443808928012869072e-02,-7.889986147727780230e-02,-1.503329013807587489e-01,3.650520577326958338e-01,1.183699003530095176e-02,-1.277224183386210243e-01,-1.135975691496492190e-01,1.782921488895839734e-01,9.079941016131194698e-03,-1.738728272040752365e-01,-5.794718262656955304e-02,-1.256267036060592646e-01,-5.426515930113052361e-02,-2.270655525269225650e-01,-1.040663121676571740e-01,-9.656374279458420501e-03,-1.583270029938781964e-01,-1.982841056347468545e-01,-2.807944948389115014e-01,-1.865588274721837470e-01,-1.506859108986103035e-01,-3.288886902900040043e-01,-1.939809642968854664e-01,-1.087179945484606086e-01,-2.431967469502658852e-01,1.027838598686268423e-01,1.569239018722909940e-01,-1.492291880781089486e-01,-9.897225077081192590e-02,-1.000849010232807562e-01,-1.831851289155011497e-01,-4.006434603869699074e-02,-2.584119040171589665e-01,-2.503686491800348468e-02,1.330488404307609840e-01,-1.527324724071674363e-02,-3.429107645560570267e-02
1.260556771973725398e-02,1.424192323160105578e-01,5.848876178560257211e-01,1.000000000000000000e+00,1.932257920371777127e-01,1.277268868135305324e-01,4.190401715894365164e-01,7.922025112828990911e-01,3.167791232852227301e-01,3.405871576031100356e-01,1.470977255462710687e-01,3.033066714330399094e-01,1.084766969033468809e-01,4.620313686938647968e-01,4.404665087805532120e-01,3.613745028821663263e-01,-1.327941373609187181e-01,-1.505607936011439385e-01,4.530363287010143458e-01,5.114035479690781649e-01,5.180794494838911746e-01,5.390097859600517793e-01,5.254122168104026214e-01,6.795388533893381711e-01,2.063407658965994984e-01,1.868492783413021052e-01,6.505205773269583103e-02,7.894454622637293861e-02,1.357746101255641324e-01,1.900084901023280648e-01,6.255730819071451121e-01,7.356584297779168446e-01,-3.681129630457125046e-02,2.879708655435899711e-01,-2.828142454980115406e-01,-1.654229411501854582e-02,-1.449037043656999924e-01,-2.035390321283345877e-02,2.440278832834353595e-01,2.158809598284105735e-01,1.774654810313240072e-01,7.925733947003887891e-02,-4.899638053532329174e-01,-4.467536529782385468e-01,-3.631484874212431158e-01,-3.963358505741990112e-01,-5.284999329728763406e-01,-3.380133160552303284e-01,-4.653737879261807819e-01,-4.120604137807766243e-01,-4.954555610170248703e-01,-2.338218865901068033e-01,-4.172661870503597270e-01,1.818669288171946910e-02,-2.425175387640198521e-01,1.781223468430224721e-01,-4.318155413557352995e-01,-2.239152777157156146e-02,-4.474328611644845521e-01,-2.948523169042405745e-01,-5.089682291433933470e-01,-4.739711336520845142e-02,-4.495777291210509841e-01,-1.094508244336208080e-01,-2.115510076410920814e-01,1.061262791009428413e-02,-3.433442066222798239e-01,-2.502748112069350661e-01,-4.960453997050806585e-02,8.821663166361320974e-02,6.016935519907056218e-01,4.236829170204209349e-01,1.492872782519326091e-01,6.533804012690468122e-02,2.599669332856696102e-01,-8.696545868894946241e-02,-5.607042316457393205e-02,-1.139103623933151593e-01,-2.283167255015862984e-01,-6.620492425935028957e-02,-1.741856204477411907e-01,-1.242950980830242608e-01,3.732517091916529028e-01,2.770320389651012016e-01,-2.199204611466106518e-01,1.216006077125876966e-01,4.297913222217257245e-01,3.631082711470575153e-01,1.153000580901738237e-01,2.011930828008400840e-01,-1.997944501541623896e-01,2.663032307073595617e-01,-2.951606416729969928e-01,1.270029938781893630e-01,-3.164127083426426790e-02,-1.401849948612538532e-01,-2.275660217167880528e-01,-2.239778363644488179e-01,-3.633763796416283332e-01,6.784932302605120591e-02,-2.491621609544662497e-01,1.919209973635997990e-01,-2.127083426426560619e-01,1.073238303766924362e-01,2.311542070691273085e-02,3.101747173689619608e-01,-2.172349077259931316e-01,4.539970508065597349e-02,-9.573707493632423182e-02,-2.241074221368246910e-01,-2.152821841905357692e-01,-2.559229634925599961e-01,3.260199293980964308e-02,3.500022342374547457e-01,8.429331069306045254e-02,2.105992224853657502e-02
-1.589972742303051856e-01,-1.085750033513561835e-01,1.883328120112605641e-01,1.932257920371777127e-01,1.000000000000000000e+00,6.720273470664461790e-01,2.063586397962375307e-01,1.795835381384333629e-01,6.090531301666740616e-01,4.927878814960454101e-01,1.026006523973367890e-01,1.603154743286116513e-01,2.708342642656061394e-01,3.495553867465034381e-01,5.788730506278206844e-01,5.674739711336520553e-01,9.410608159435185360e-02,1.827159390500022462e-01,-6.015460923186916053e-02,3.423745475669154326e-02,3.510657312659189455e-01,5.462397783636444570e-01,1.389025425622235077e-01,1.962152017516421709e-01,6.236427007462352901e-01,6.217167880602350039e-01,6.185843871486661483e-01,5.953215067697394947e-01,1.886500737298359986e-01,3.604808079002636556e-01,1.538004379105411268e-01,1.943607846641940973e-01,-4.194691451807497917e-01,-3.392778944546226416e-01,-2.760579114348272745e-01,-2.963894722731131859e-01,-4.484472049689440798e-01,-3.722507708119218717e-01,8.320300281513919038e-03,1.632825416685285413e-01,2.594083739219804063e-01,1.723177979355645928e-01,-1.544617721971490998e-01,-3.290227445372894133e-01,-9.607667902944724836e-02,-1.983690066580276190e-01,-5.291970150587604893e-01,-4.620313686938647968e-01,-3.014924706197774640e-01,-2.785915367085213812e-01,-2.154162384378211781e-01,-3.914652129228294308e-01,-4.305152151570668662e-01,3.594441217212565598e-02,-2.624960900844541811e-01,-9.931185486393494244e-02,-1.317127664328164860e-01,-1.295857723758881141e-01,-1.253362527369408785e-01,-1.988024487242504024e-01,-8.881987577639752218e-02,-2.108807364046650923e-01,8.279637159837346938e-02,-1.812234684302247711e-01,-8.163456812189999467e-02,-3.976540506725054769e-01,-1.150900397694266941e-01,-2.612985388087045724e-01,-9.219357433308011940e-02,7.077170561687295969e-02,1.392823629295321386e-01,4.162384378211716335e-02,9.683185128915501594e-02,1.439966039590687696e-01,2.781983109164842261e-01,1.449528575897046367e-01,-2.326109298896286703e-01,-3.945529290853032056e-01,1.432503686491800321e-01,1.902855355467178988e-01,1.882076947137941714e-01,-1.101479065195048873e-01,2.548058447651816438e-01,5.037847982483578679e-01,-1.625184324590017368e-02,-2.061888377496760294e-01,3.000849010232807812e-01,4.443630189016488652e-01,1.672147995889003147e-01,2.335671835202645374e-01,-2.903302202958130129e-01,-2.389293534116805964e-02,-1.112292774476071333e-01,-1.661691764600741750e-01,-1.984539076813083558e-01,-2.906876982885741034e-01,-3.837302828544617572e-01,-4.115241967916349886e-01,-2.421868716207158378e-01,-4.081102819607667631e-01,-2.393851378524509688e-01,-3.562268197864069258e-02,-8.795746011886143578e-02,5.411323115420706847e-03,-1.677822959024085070e-01,-1.630144331739577235e-01,-1.718486080700656893e-01,1.567138835515438644e-01,-2.656910496447562609e-01,-3.556771973725367797e-01,-2.715402833013092487e-01,-2.734617275123999991e-01,-2.260646141471915616e-01,-4.265159301130524300e-02,-3.286920773939854268e-01,-3.173957728227356223e-01
-4.349613476920326932e-02,-2.448634880915143697e-01,5.021225255820188638e-02,1.277268868135305324e-01,6.720273470664461790e-01,1.000000000000000000e+00,1.080700656865811737e-01,1.654095357254569132e-01,5.653380401269046951e-01,7.109298896286697644e-01,1.069797578086598977e-01,3.451450020108137035e-02,2.239286831404441735e-01,3.664194110550069161e-01,4.310603690960275181e-01,5.856070423164574379e-01,1.843782117163412226e-01,8.563832164082398057e-02,-1.068635774610125627e-01,-1.983421958085705428e-01,3.536351043388891169e-01,5.066535591402654415e-01,5.115956923901872344e-02,2.423030519683631867e-01,6.885204879574601255e-01,7.346217435989096378e-01,4.868760891907591981e-01,6.926895750480360769e-01,4.288842218150944879e-02,2.700835604808078938e-01,2.282809777023102060e-01,2.593055989990616372e-01,-3.284463112739621771e-01,-2.661781134098932244e-01,-4.257562893784351543e-02,-1.116761249385584687e-01,-2.809687653603825108e-01,-1.978998167925287155e-01,7.390857500335135978e-03,1.596183922427275581e-01,-5.549845837615622127e-03,-1.876759461995620992e-03,-1.190535770141650657e-01,-3.563787479333303532e-01,-6.827382814245498699e-02,-3.108315831806604534e-01,-3.695562804414853075e-01,-4.225792037177711347e-01,-1.993699450377586224e-01,-2.170785111041601545e-01,-4.130211358863219995e-02,-3.919656821126949464e-01,-2.723312033602931503e-01,-8.796639706868046582e-02,-8.043254837124089347e-04,-1.193976495821975903e-01,-6.349702846418517344e-03,-2.221010769024532039e-01,-1.048304213771839716e-01,-2.553107824299566397e-01,5.208454354528799235e-02,-1.405380043791054079e-01,3.281245810804772067e-01,-1.251843245900174373e-01,1.314580633629742201e-01,-3.153492113141784792e-01,2.766879663970686631e-02,-1.714509138031189983e-01,-1.203360293131954112e-01,-2.283390678761338961e-03,2.844318334152553529e-01,7.372983600697081974e-02,-2.477322489834219571e-02,2.362527369408820854e-01,1.947495419813217721e-01,1.944814334867509820e-01,7.613387550828902561e-02,-2.190625139639841013e-01,2.103132400911569000e-01,1.201841011662719561e-01,3.701550560793601119e-01,-3.062245855489521482e-02,-1.312301711425890305e-01,2.432682425488180977e-01,2.989990616202690132e-01,-1.321015237499441330e-01,3.515796058805129715e-02,2.922561329818132991e-01,3.070378479824835694e-01,1.766611555476116091e-01,-2.879038384199472667e-02,-1.498637115152598454e-01,-1.707448947674158890e-01,-2.253317842620313760e-01,1.454712006792081846e-01,-9.778810491979086916e-02,-2.323606952946959125e-02,-9.472273113186469029e-02,1.209348049510702017e-01,-2.853746816211626958e-01,-2.155368872603780350e-01,-1.159256445775056904e-01,3.610974574377764923e-02,-1.065641896420751605e-01,6.588319406586531923e-02,-9.893203449662629767e-02,4.020286876089190775e-02,3.682023325439027356e-02,-2.893784351400867025e-02,-9.334644085973457794e-02,-2.493855846999419243e-02,-4.789311408016443811e-02,-7.632155145448858528e-03,1.062960811475043565e-01,-3.197640645247776942e-02,-8.848920863309352181e-02
8.423075204432726310e-03,-1.322445149470485859e-01,8.605254926493587364e-01,4.190401715894365164e-01,2.063586397962375307e-01,1.080700656865811737e-01,1.000000000000000000e+00,2.881272621654229482e-01,5.171723490772599519e-01,2.090844094910407069e-01,6.427275570847669206e-01,1.242325394342910783e-01,7.702757049019169910e-01,3.773180213593100435e-02,4.925555208007507124e-01,9.673801331605523524e-02,2.408999508467759842e-01,1.397426158452120259e-01,1.376290272130122061e-01,7.292551052325840777e-02,2.034451941552348209e-01,1.837258143795522658e-01,6.805442602439787381e-01,6.123061799007998296e-01,1.777693373251709175e-01,2.278385986862683787e-01,-6.788507082532731218e-02,-9.793109611689530813e-02,4.140935698646052154e-01,1.182179722060860694e-01,4.919924929621520282e-01,5.021269940569283996e-01,-2.262031368693864786e-01,-5.287993207918137428e-02,-2.453282094821037651e-01,-9.221144823271817947e-02,-5.023906340765896261e-02,-2.728808257741632826e-01,-2.694669109432950571e-01,-3.567049466017248038e-01,-5.789802940256490171e-02,-2.318915054291970090e-01,-3.219268063809821445e-01,-2.649403458599580152e-01,-4.103713302649805716e-01,-3.594619956208945921e-01,-3.547477545913579888e-01,-2.141650654631574169e-01,-4.576567317574511962e-01,-2.785468519594262449e-01,-4.272353545734840496e-01,-3.573037222395996082e-01,-2.074087313999731785e-01,-1.370481254747754618e-01,-1.092899593368783229e-01,-1.611421421868716175e-01,-3.586889494615487783e-01,-9.096474373296394023e-02,-3.878725590955806601e-01,-1.487778721122480774e-01,-3.219402118057106965e-01,-1.656016801465659827e-01,-3.253183788373028018e-01,-7.386835872916573675e-02,-1.356941775771929037e-01,-6.964564993967559126e-02,-3.253228473122123376e-01,-2.822065329103177200e-01,-3.772956789847625170e-01,-8.753742347736717666e-02,5.292238259082174823e-01,2.988203226238884680e-01,4.620537110684123649e-01,2.918807810894141763e-02,1.896465436346574940e-01,1.610483042137718368e-01,-6.695562804414853519e-02,-4.075695964967156887e-02,-5.657089235443942682e-03,-4.703069842262835865e-02,-2.773135528844005576e-02,-7.795254479646096524e-02,2.589391840564815306e-01,-6.893963090397246807e-02,-8.318066044059162223e-02,-2.292327628580365650e-01,9.000402162741856504e-02,-1.547298806917199177e-01,-1.585191474149872659e-01,-2.263774073908574880e-01,-2.143527414093569783e-02,-7.974440323517582863e-02,-2.658653201662272703e-01,-1.938603154743286094e-01,1.757004334420662200e-02,-1.995218731846820637e-01,-1.296974842486259549e-01,-2.130926314848742009e-01,-9.571473256177666367e-02,-1.369632244514946973e-01,-3.083337057062424669e-01,-2.004110996916752263e-01,-3.229366817105321780e-02,-2.067652710130032656e-01,7.753697662987622807e-02,9.559855221412931481e-02,-1.891505429197015004e-02,-9.770320389651011850e-02,-1.260646141471915560e-01,-1.279100942848205857e-01,5.688815407301488214e-02,-2.644979668439161880e-01,-3.646275526162920388e-02,-1.068859198355601170e-02,-6.489119263595334586e-02,-7.996335850574198822e-02
1.370213146253183856e-01,2.611510791366906670e-01,3.250234594932749355e-01,7.922025112828990911e-01,1.795835381384333629e-01,1.654095357254569132e-01,2.881272621654229482e-01,1.000000000000000000e+00,1.956521739130434867e-01,2.747218374368827765e-01,1.801644398766700794e-01,5.350015639662183409e-01,4.373296393940748206e-02,6.664283480048259767e-01,3.496402877697841749e-01,2.528129049555386532e-01,-1.127753697662987609e-01,-1.047723312033602971e-01,4.943026944903704534e-01,5.501452254345592374e-01,4.105366638366325649e-01,4.731936190178291923e-01,2.420215380490638446e-01,3.782608695652173725e-01,2.286071763707046844e-02,-3.750390991554582165e-02,1.619419991956745075e-01,1.634702176147281028e-01,1.875329550024576741e-01,1.945350551856651344e-01,4.266767952097949013e-01,4.750659100049153261e-01,8.635774610125564188e-02,3.287099512936234591e-01,-4.418427990526833105e-01,-2.410742213682470214e-01,-2.332499218016890752e-01,-6.652665445283524603e-02,1.489566111086286226e-01,2.585504267393538558e-01,1.116850618883774987e-01,4.358997274230305002e-02,-5.136467223736538301e-01,-4.768577684436302033e-01,-2.959560302068903748e-01,-3.988962866973502219e-01,-5.513070289110326705e-01,-3.977970418696099020e-01,-3.729344474730774128e-01,-4.234907725993118377e-01,-5.221770409759148857e-01,-2.561687296125832458e-01,-4.864381786496269067e-01,-2.283390678761338961e-03,-4.464587336342106250e-01,1.578712185531078172e-01,-3.405648152285624675e-01,4.911300773046159418e-02,-3.311184592698511731e-01,-2.148844899235890782e-01,-3.975959604986817886e-01,1.160820411993386675e-01,-4.043210152374994149e-01,1.002457661200232414e-01,-3.469055811251619548e-01,5.867107556191072243e-03,-3.495330443719558700e-01,-3.000849010232807812e-01,-4.842933106930604609e-02,7.340810581348586328e-02,5.068322981366459867e-01,3.545511416953393558e-01,9.892756602171678959e-02,1.022967961034898787e-01,2.156173198087492637e-01,-1.806157558425309506e-01,-9.586666070870011880e-02,-1.118727378345770601e-01,-3.599356539613030037e-02,-6.921220787345279402e-02,-1.467983377273336665e-01,2.474641404888511600e-02,2.298494123955494017e-01,2.447785870682336051e-01,-2.728629518745252502e-01,1.744850082666785929e-01,2.666249609008445320e-01,3.310022789222038520e-01,5.080655972116716879e-02,2.394476965011841374e-01,-3.193529648331024373e-01,3.451941552348183340e-01,-1.802404039501318278e-01,2.462576522632825282e-01,-1.059922248536574463e-01,-2.372983600697081974e-01,-2.703203896510121274e-01,-1.688368559810536629e-01,-3.874391170293579045e-01,9.799365476562849064e-02,-1.485544483667724236e-01,3.480763215514545150e-01,-3.426873408105813312e-01,2.112739621967022752e-01,-1.272889762723982410e-01,2.154475177621877624e-01,-1.231020152821841879e-01,9.014254434961348206e-02,-1.781491576924795484e-01,-3.101434380445953765e-01,-3.369051342776710478e-01,-2.688681353054202527e-01,-1.134947942267304222e-01,1.532016622726663502e-01,-1.484114571696679985e-01,1.050717190222976855e-01
-1.211269493721792712e-01,2.012601099244827607e-02,4.039635372447383799e-01,3.167791232852227301e-01,6.090531301666740616e-01,5.653380401269046951e-01,5.171723490772599519e-01,1.956521739130434867e-01,1.000000000000000000e+00,6.399883819652352202e-01,3.028330130926314978e-01,2.179141159122391647e-01,5.714911300773045655e-01,2.712274900576433501e-01,8.018186692881719146e-01,5.920550516108852301e-01,1.684436301890164800e-01,3.313597569149649424e-01,-1.319987488270253292e-02,3.044818803342419153e-02,4.243799991063050281e-01,5.208722463023369720e-01,3.526207605344295892e-01,4.589302471066624700e-01,5.280664909066535850e-01,6.179900799857008797e-01,1.956879217123195791e-01,2.427007462353098777e-01,2.498056213414361626e-01,4.029313195406407644e-01,3.100451315965860877e-01,3.598060681889271306e-01,-2.974574377764868660e-01,-5.422047455203538729e-02,1.461191295410876195e-02,1.054336654899682701e-01,-2.088252379462889330e-01,-2.551409803833951662e-01,-1.156888154073014846e-01,-8.562938469100496441e-02,1.510478573662809021e-01,-1.397470843201215340e-01,-1.541936637025783097e-01,-1.722150230126457959e-01,-1.133786138790830733e-01,-1.569909289959336984e-01,-4.411144376424326330e-01,-2.083515796058805214e-01,-2.868582152911211547e-01,-9.587112918360964076e-02,-1.720720318155413431e-01,-2.105858170606371982e-01,-3.384333526967245875e-01,-6.517717503016220992e-02,-3.274945261182358319e-02,1.438848920863309384e-03,-8.498592430403503761e-02,1.809642968854729972e-01,-1.164216452924616840e-01,8.589749318557576840e-02,-2.105098529871754845e-02,8.370347200500469209e-02,8.901202019750659861e-03,1.233254390276598556e-01,1.023638232271325832e-01,-2.797712140846329160e-02,7.914562759730103814e-02,4.155681665847446582e-02,-9.577729121050984618e-02,1.661155547611600225e-01,2.677018633540372838e-01,1.527816256311720911e-01,1.277358237633495763e-01,6.876089190759193670e-02,2.287233567183520333e-01,1.932749452611823571e-01,-7.475758523615889939e-02,-9.340899950846776045e-02,-5.312122972429509510e-02,2.138343983198534304e-01,-1.972384825059207356e-02,7.130792260601456767e-02,1.347423924214665447e-01,2.347245185218284902e-01,-7.819831091648420801e-03,-1.028508869922695329e-01,3.791813753965771472e-01,1.953661915188346088e-01,2.710934358103579411e-01,1.085258501273515391e-01,-9.843156530676079596e-02,5.184771437508378655e-02,-4.180571071093435731e-01,-1.356226819786406912e-01,1.253854059609455299e-02,-1.822512176594128508e-01,-1.843826801912507307e-01,-2.043165467625899234e-01,-1.732919254658385200e-01,-9.071450913803119631e-02,-3.308458823003708749e-01,4.183386210286429291e-02,1.589570579561195851e-01,6.029760042897359257e-02,4.317440457571830592e-02,1.208007507037847927e-01,8.877072255239286391e-02,1.006613342866079785e-01,-3.008624156575360684e-02,-5.884087760847223070e-02,6.330488404307610395e-02,-3.049510701997408257e-01,1.077572724429152334e-01,1.828231824478305512e-01,2.298583493453684387e-02,-1.650609946825148666e-01
5.645024353188256988e-02,-1.213548415925644608e-01,2.505161088520487800e-01,3.405871576031100356e-01,4.927878814960454101e-01,7.109298896286697644e-01,2.090844094910407069e-01,2.747218374368827765e-01,6.399883819652352202e-01,1.000000000000000000e+00,2.411099691675231138e-01,1.660306537378792580e-01,2.270342732025559807e-01,5.577729121050984951e-01,5.045667813575226424e-01,7.296751418740783368e-01,7.221055453773626842e-02,-6.121363778542383144e-02,2.757049019169757406e-02,-8.708610751150631935e-02,4.873944322802627460e-01,5.546315742437105678e-01,1.321506769739487774e-01,4.542562223513115227e-01,5.876625407748335972e-01,6.516868492783413069e-01,1.657446713436704078e-01,3.767862728450779852e-01,1.716743375485946521e-01,2.493587738504848272e-01,2.644041288708163795e-01,3.625050270342731751e-01,-2.272621654229411425e-01,-6.832744984136913946e-02,-7.870324858125921086e-02,-4.146744716028419320e-02,-3.268197864068993486e-01,-2.273336610214933551e-01,-6.119576388578577830e-02,6.103043031413378505e-02,-2.728450779748871693e-02,-1.572858483399615648e-01,-3.253407212118503700e-01,-3.963984092229322354e-01,-4.850082666785825863e-02,-2.539747084320121417e-01,-5.080387863622145561e-01,-4.513025604361231569e-01,-2.041288708163903620e-01,-1.607176370704678503e-01,-1.643505071719022215e-01,-2.726127172795924647e-01,-4.126234416193753085e-01,-1.505518566513248946e-01,-9.705974350954019170e-02,-2.087850216721033048e-01,-3.658787255909558278e-02,-1.887662540774833475e-01,-2.442825863532776254e-01,-2.882836587872559253e-01,-6.896197327852003622e-02,-8.686715224094017362e-02,5.527503463068055012e-02,-1.077706778676437716e-01,7.399794450154162373e-02,-1.499575494883596261e-01,-7.567362259260913826e-02,-2.569462442468385399e-01,-1.491934402788328284e-01,-2.058760445060101030e-01,3.600965190580455166e-01,3.208543724026989841e-01,4.638723803565843185e-02,1.365968095089146184e-01,2.404396979310961247e-01,3.105813485857276679e-01,6.362214576165155233e-02,-2.093972027347066334e-01,1.204477411859332381e-01,1.226909155905089588e-01,2.603512221278877492e-01,-1.570088028955717308e-01,3.387997676393047358e-02,2.084766969033468864e-01,1.211939764958219756e-01,6.148621475490415218e-03,5.909111220340497461e-02,2.219759596049868111e-01,5.995799633585057603e-02,2.013584163724920773e-01,-2.515974797801510121e-01,-1.863219983019795412e-01,-3.699807855578891025e-01,-1.880289557174136539e-01,6.675454667322043567e-02,-2.046740247553509862e-01,-1.148844899235890726e-01,-1.658161669422226203e-01,-3.358952589481210144e-02,-1.144778587068233655e-01,-3.203673086375620205e-01,1.301666741141248480e-02,-1.100317261718575385e-01,-1.199204611466106601e-01,3.060905313016667323e-02,-1.143035881853523422e-02,-1.660261852629697499e-01,-8.315384959113454599e-02,9.233656553018454449e-02,-1.602395102551499306e-01,-1.350417802404039469e-01,-1.630457124983243355e-01,-3.883551543858081156e-02,1.445194155234818256e-01,2.996112426828723488e-02,3.296840788238974279e-02
3.807498100898163429e-01,-1.332097055275034692e-01,4.306403324545332589e-01,1.470977255462710687e-01,1.026006523973367890e-01,1.069797578086598977e-01,6.427275570847669206e-01,1.801644398766700794e-01,3.028330130926314978e-01,2.411099691675231138e-01,1.000000000000000000e+00,1.183162786540953582e-01,7.293712855802314543e-01,2.247776933732517080e-01,3.304705304079717521e-01,1.318781000044684792e-01,4.857053487644666934e-01,-7.478886456052549758e-02,8.963760668483845839e-02,-1.278877519102730211e-02,2.639304705304079679e-01,1.971937977568255854e-02,2.780374458197417131e-01,2.446177219714911200e-01,1.629340006255864948e-01,1.704991286473926393e-01,-6.524867062871442247e-02,-4.458644264712453842e-02,5.515081102819607839e-01,3.828142454980115045e-02,4.024308503507753043e-01,2.894409937888198781e-01,-6.986013673533222890e-02,-8.352920148353366880e-02,-2.982349524107422156e-01,-2.399213548415925767e-01,-8.925331784262031942e-02,-2.645962732919254767e-01,-4.583270029938781853e-01,-4.445462263729388908e-01,-2.286205817954332087e-01,-5.183877742526475929e-01,-4.043701684615040870e-01,-3.304347826086956319e-01,-3.090754725412216963e-01,-3.418427990526833327e-01,-3.167478439608561458e-01,-3.493408999508467727e-01,-3.008445417578980430e-01,-2.408999508467759842e-01,-3.316859555833593931e-01,-3.211671656463648827e-01,-1.919254658385093071e-01,-3.095089146074444519e-01,-1.382099289512489504e-01,-3.387059296662049412e-01,-3.969346262120738295e-02,-1.687474864828633903e-01,-3.772420572858483645e-01,-1.779212654720943865e-01,-1.302560436123151033e-01,-8.146476607533849335e-02,-3.374145404173555657e-02,-4.056928370347200746e-02,-1.377049912864739267e-01,-1.232852227534742343e-02,-3.266410474105188033e-01,-3.723580142097502321e-01,-4.325081549667098568e-01,-2.281782027793913814e-01,4.480718530765449570e-01,2.307341704276330563e-01,5.590106796550337043e-01,4.785289780597881681e-02,1.638813173064033180e-01,2.537915009607221162e-01,1.667590151481299354e-01,2.622994771884355932e-03,1.362214576165154956e-01,-1.558961526431029143e-01,3.272755708476696723e-01,-1.047723312033602971e-01,1.492783413021135930e-01,-1.936815764779480642e-01,1.506635685240627354e-01,-8.589749318557576840e-02,-2.448411457169668015e-01,-3.200947316680816668e-01,-3.548594664640958296e-01,-2.973859421779346812e-01,1.131864694579739865e-02,-1.829259573707493758e-01,-2.887394432280262491e-01,-2.294338442289646507e-01,1.840654184726752685e-01,-2.950578667500782237e-01,4.997542338799767364e-02,-3.379060726574020096e-02,1.914384020733723712e-01,-7.417668349792215683e-03,-3.674203494347379473e-01,-1.497519996425220046e-01,-2.206979757808660014e-01,-3.018991018365431711e-01,1.254792439340453036e-01,-1.916082041199338587e-02,-3.348228249698378262e-02,-3.941194870190803945e-01,1.234594932749452645e-01,-4.109656374279458541e-02,1.311497385942177879e-02,-6.880557665668707301e-02,-8.817194691451807342e-02,-2.016890835157960638e-01,-4.129317663881316991e-02,1.307788551767281870e-01
7.516421645292462039e-02,6.611689530363287215e-01,9.484784842933106919e-02,3.033066714330399094e-01,1.603154743286116513e-01,3.451450020108137035e-02,1.242325394342910783e-01,5.350015639662183409e-01,2.179141159122391647e-01,1.660306537378792580e-01,1.183162786540953582e-01,1.000000000000000000e+00,6.046293400062558582e-02,5.670092497430626599e-01,2.735600339604092879e-01,2.079047321149291860e-01,-2.465570400822199304e-01,4.194333973814737271e-01,2.920595200857947216e-01,3.931319540640779153e-01,2.852048795746011667e-01,2.800706019035703043e-01,-2.075159747978014974e-02,1.138656776442200230e-01,-1.652173913043478160e-01,-1.698958845346083268e-01,9.188078108941417910e-02,6.881898208141561113e-02,1.073327673265114662e-01,5.182313776308146158e-01,-1.419187631261450457e-02,1.066088743911702968e-01,1.507305956477054398e-01,4.208275615532418579e-01,-2.211224808972697686e-01,-4.635149023638232557e-02,-1.438848920863309289e-01,-5.500692613610974266e-03,-6.602171678806023625e-02,2.015952455426962830e-01,-7.484695473434917201e-02,6.932391974619062092e-02,-2.377407390857500247e-01,-1.391527771571562655e-01,-1.546002949193440168e-01,-7.805085124447026790e-02,-4.107600875821082465e-01,-7.487823405871575633e-02,-1.468385540015192947e-01,-5.258948121006300214e-02,-2.357969525001117062e-01,7.702757049019169633e-02,-2.592698511997855171e-01,2.949104070780642628e-01,-2.889986147727780508e-01,3.069574154341123129e-01,-3.311139907949416789e-02,5.531391036239331482e-01,1.464319227847535668e-02,2.608025380937485926e-01,-1.068725144108315789e-01,4.045131596586085121e-01,-2.891996961437061642e-01,5.083962643549756466e-01,-2.550560793601143739e-01,8.500826667858260577e-02,1.043388891371374930e-02,9.660842754367933785e-03,2.492470619777469865e-01,2.920818624603422897e-01,2.985388087045891259e-02,2.639349390053175037e-01,-1.202198489655480623e-01,3.547969078153626055e-01,1.034451941552348153e-01,7.745654408150498549e-02,-1.318959739041065393e-01,1.607221055453773584e-01,-9.129987935117744868e-02,2.363957281379865105e-01,-2.674471602841950180e-01,3.722373653871933752e-01,1.028642924169980849e-01,3.163724920684570230e-01,-2.239554939899012498e-01,3.341034005094061232e-01,1.891505429197015142e-01,2.550650163099334455e-01,1.242191340095625401e-01,3.745788462397783847e-01,-1.498145582912552010e-01,5.579471826265695045e-01,2.268197864068993361e-02,4.355869341793645599e-01,-1.527324724071674467e-01,-1.910987979802493408e-01,-3.245855489521426440e-01,-1.153268689396308999e-01,-3.636266142365610632e-01,2.284016265248670630e-01,1.253675320613074629e-01,5.688368559810537128e-01,8.329237231332945607e-03,4.812904955538674923e-01,-4.287054828187139566e-02,1.931408910138969481e-01,2.928638455695071335e-02,1.849725188793064912e-01,-1.480450422270878919e-01,-8.586174538629966213e-02,-1.851601948255060526e-01,-3.361008087939585942e-01,8.249698377943608107e-02,9.026766164707984708e-02,-6.959202824076142491e-02,2.734706644622190291e-02
-2.914339335984628479e-02,-1.541132311542070810e-01,5.172125653514455523e-01,1.084766969033468809e-01,2.708342642656061394e-01,2.239286831404441735e-01,7.702757049019169910e-01,4.373296393940748206e-02,5.714911300773045655e-01,2.270342732025559807e-01,7.293712855802314543e-01,6.046293400062558582e-02,1.000000000000000000e+00,7.980696188390902501e-03,5.531614459984807164e-01,1.325707136154430366e-01,3.270923633763796468e-01,1.998838196523526622e-01,-1.287680414674471641e-01,-1.394387595513651157e-01,1.800571964788417745e-01,1.432280262746324639e-01,5.150811028196076169e-01,3.670360605925197528e-01,2.682157379686312959e-01,2.934804951070199563e-01,-6.362214576165155233e-02,-2.465704455069484685e-02,3.289959336878323648e-01,1.756378747933330375e-01,4.017292997899816753e-01,3.431207828768041423e-01,-3.222306626748290825e-01,-2.870324858125921641e-01,-1.364314759372626251e-01,-1.512310648375709277e-01,-1.877742526475713880e-01,-3.465883194065865203e-01,-4.863219983019795301e-01,-4.838330577773805596e-01,-1.151123821439742623e-01,-3.804817015952455250e-01,-2.683855400151928250e-01,-2.403011752089012076e-01,-2.379954421555922905e-01,-2.530676080253809190e-01,-3.292238259082175267e-01,-2.644175342955449315e-01,-3.366102149336431260e-01,-1.656731757451181952e-01,-2.885785781312837917e-01,-3.792349970954912997e-01,-2.068859198355601225e-01,-2.663434469815452177e-01,-5.332231109522320156e-02,-3.479824835783547066e-01,-2.066759015148129930e-01,6.979757808659904292e-03,-2.136065060994682407e-01,4.589123732070244516e-02,-1.861119799812323977e-02,-4.754904151213190655e-02,1.229724295098083044e-02,3.222664104741052027e-02,-4.186960990214040092e-03,-5.889449930738639011e-02,-1.609589347155815642e-01,-1.439697931096116934e-01,-4.088609857455650642e-01,-4.209303364761606513e-03,3.558023146700031170e-01,1.058313597569149611e-01,4.216140131373162236e-01,1.498100898163456929e-01,1.960364627552616257e-01,3.366593681576477981e-01,-2.412976451137226858e-04,-3.996157111577818694e-02,-2.237365387193350832e-02,-6.229500871352607050e-02,1.843960856159792550e-01,-2.460342285178068744e-02,3.097546807274677294e-02,-1.706868045935922007e-01,1.142991197104428203e-01,-3.325439027659859437e-01,-7.687117386835873312e-02,-2.406586532016622704e-01,-1.566111086286250398e-01,-2.874972072031815595e-01,2.677063318289467711e-02,-1.559006211180124224e-01,-2.076902453192725206e-01,-3.183788373028285656e-01,-4.536395728137986721e-02,-3.004781268153179363e-01,-9.669779704186960700e-02,-2.005406854640511272e-01,-9.048661691764599974e-03,-2.227132579650565325e-01,-3.083158318066043790e-01,-2.932257920371776905e-01,6.889047767996782368e-02,-1.783904553375932900e-01,9.947718843558693569e-02,-4.513606506099468452e-02,2.486259439653246486e-02,-2.456320657759506754e-01,-6.978417266187050827e-02,-1.045935922069797519e-01,3.660574645873363592e-02,-2.628446311273961999e-01,-1.257205415791590453e-01,-1.121989365029715385e-01,-8.243889360561240665e-02,-1.813753965771482124e-01
