1.000000000000000000e+00,2.876117242109640926e-01,2.343906890242629937e-01,2.268557060027100447e-01,-2.626491942870791685e-01,-2.111302551830062380e-01,2.946535476954067478e-01,2.016721045621895081e-01,-7.132184534424158839e-02,9.766568575843376232e-03,4.707408755823417890e-01,2.353259915946445124e-01,5.693588694124367411e-01,-4.604394066935198898e-02,1.479455422010838572e-01,-1.897118263212694764e-02,-8.097324029778178722e-02,-4.132877895089970971e-02,2.553167313262204030e-01,1.697543246149220142e-01,-4.255781290702087549e-02,-1.268278015210647924e-01,1.327055211451813876e-01,-2.164808042674532529e-01,-1.212036184614813800e-01,-2.124133975522899953e-01,-3.067560537652112146e-02,-1.606641112036107377e-01,4.704571929019037840e-02,-1.838379715838073525e-01,-1.937939196057197333e-01,-2.270937830206253560e-01,-1.404322025447959643e-01,-1.657750373154806556e-01,-2.292565735924662618e-01,-1.779880791436029563e-01,2.434561671609856703e-01,1.675142363099917375e-01,9.237465592846558216e-02,1.214270089101096919e-02,2.822681319224951135e-02,-1.818699712993517015e-01,1.278419477791974679e-01,5.965297955706853200e-02,1.562689621001484841e-01,-1.034730644454390086e-01,5.751801616913980453e-02,2.136702586923233393e-01,1.126343917711925269e-01,1.277893853206966968e-01,1.913822303333310160e-01,1.518939104072894730e-01,7.983077980272072771e-02,5.026594285069401619e-02,2.386868970293708203e-01,1.870674708722817325e-01,3.437345162978405200e-01,1.475018532131508187e-01,4.059004451576448402e-01,2.139871793979898074e-01,2.864151553027404207e-01,6.661750530842182327e-02,-3.408907326974822127e-02,-1.874555054923904285e-01,-2.599909252461353112e-02,-9.658351749518241658e-03,-1.056234873799856006e-01,-1.176278253287665887e-01,5.134262297489601279e-01,3.120007049553257805e-01,3.796787351617338796e-02,-7.892639632557496565e-02,9.542327852151079315e-02,-1.601122053893525576e-01,-1.732079873293555783e-01,-2.609517360684363019e-01,4.836287266203344315e-02,-4.488911253699662957e-02,-2.127179506206621495e-01,-2.684697135887095798e-01,-3.523153376480928078e-02,-1.046866388549422960e-01,9.861876680742584500e-02,2.638094332607507711e-02,3.289412761391946605e-01,-1.378334527583309488e-01,1.587239381030672580e-01,1.614826941970272725e-02,2.245135846901017973e-01,-4.619389827154538747e-02,-9.072976016832354218e-02,2.129823088678278464e-01,1.669484169037774579e-01,3.000798485582813480e-01,4.561261931871324338e-02,5.429006283532723104e-02,-2.160471639848217992e-03,6.250217399874313795e-02,-7.678524911899908822e-02,5.598906700863183483e-02,1.756590984456198740e-02,9.105441064729895284e-02,-3.108219145257127072e-02,1.363763904895961068e-02,-1.485840214764021505e-01,-2.399545798520366924e-01,1.926066264254668314e-01,-2.689752407631141318e-01,1.171779525221863794e-01,1.498068716138761802e-01,6.216360992781164857e-02,1.022486683533032070e-01,-6.910030849525275465e-02,1.604832345081815825e-01,6.938631010768346596e-02,-1.116063319211037519e-01
2.876117242109640926e-01,1.000000000000000000e+00,2.463316428319106688e-01,3.591585059584957440e-01,-1.482732845893828533e-01,-2.261646642688909803e-01,3.547115673738636399e-02,2.809764868025715345e-01,-2.486088340487238590e-01,-2.038967333205018995e-01,4.884830242583475951e-02,2.761770705550518207e-02,-1.449618497038337450e-01,-1.566283965590141089e-02,-2.390780235588030878e-01,-3.007028682869817282e-01,2.150477042959761109e-01,4.215455063349357046e-01,5.515123687967602439e-01,7.136242665411351993e-01,-5.087504898743834547e-02,-3.488114314071510957e-01,1.053730427247760171e-01,5.854143815524322225e-02,-2.154110036414962071e-01,-2.059312096554144489e-01,-1.231345158340541313e-01,-1.019008285544009823e-01,-3.234214450192818974e-02,2.188244715347233138e-01,6.111081480313426684e-02,-1.340072149704065740e-01,3.611589712908489513e-01,2.827667023009216019e-01,-1.327812729236089728e-01,2.105822142554025431e-02,-2.927953101919379963e-01,-2.306324732414572476e-01,-1.230525802369793892e-01,-2.466655690388568078e-01,-1.020368725646382951e-01,-4.228881679586982828e-02,-7.926959826049181923e-02,-3.662598486974172340e-02,-8.553535250471709650e-02,3.168148077721324452e-01,-1.866516090682608653e-01,-1.448288976029200037e-01,2.351713961284657428e-01,3.378722562203418378e-01,2.346148524502222055e-01,2.490617987646276399e-01,-1.633301100178635116e-03,1.422471533177346592e-01,-2.371424883222449653e-01,-1.344215308197656555e-01,4.758069690090198645e-01,6.820682399847259880e-01,9.079469026411862709e-02,9.927579753868558121e-02,8.951927766814382625e-02,2.458029263375793028e-01,1.497419415180810953e-01,3.272376341019047064e-01,1.804245036905802735e-01,1.748034125403204186e-01,-1.899746386137733667e-02,1.281186736636574786e-01,3.485965437091626540e-01,4.447657453549859752e-01,-2.269824742849766430e-01,-3.319404281830626857e-01,-1.740358460507428554e-02,-2.686815093773745056e-01,2.918994294654320837e-02,-1.992403178791975482e-01,-3.429058845991223570e-01,-3.442709625654808425e-01,-9.166197082938148943e-02,3.245345323757690276e-02,-1.198308107218139656e-01,-7.920930602868209158e-02,-2.305984622388979333e-01,-2.085902516736891643e-01,-4.413159475272068755e-02,1.403950996329130785e-01,1.233602252146751288e-01,-1.801740590353706761e-01,-8.362609849740935963e-02,-2.663780369313109020e-01,-1.452834082734855703e-01,-2.012423291662125413e-01,-1.014911505690272581e-01,-2.160185638235787575e-01,-3.230898377443284786e-01,-2.453205884831015648e-01,-2.426151678249731936e-01,-3.771889751789249123e-01,-1.402064931641749668e-01,-1.410134814976281292e-01,3.934377316516438766e-02,-1.198060754472253658e-01,-2.078791125292668573e-01,-2.853252572661801323e-01,-5.396386640169003462e-02,-8.319941501075597823e-02,1.581364753315879501e-01,9.531042383120030825e-02,-3.354760264945709780e-01,-2.599901522688043976e-01,-3.751436771613798626e-01,-6.607178331281078620e-02,4.107833429569011235e-02,-2.372499321712392278e-02,-1.433416892182803049e-01,-3.425719583921762457e-01
2.343906890242629937e-01,2.463316428319106688e-01,1.000000000000000000e+00,6.454105630444175734e-01,-8.565902887766010942e-02,-1.935280154038922507e-01,5.742595456903035744e-01,2.994707424215369840e-01,-4.941566778671081794e-02,-6.132415654646096448e-02,1.794752875282426552e-01,-2.806070036384042954e-01,-2.075366835716808966e-02,1.233432197133954716e-01,4.915594740353049913e-02,1.240628616084576063e-03,5.063542601486126227e-02,-2.152046186941475661e-02,4.241040613001942350e-01,4.562498695600754328e-02,3.228030631545668327e-02,-8.757137479429140392e-02,5.596997446855875857e-01,4.975214481884889794e-01,1.549703601842468692e-01,-8.495561950654673122e-02,1.170171732373604667e-01,-1.024079016834673339e-01,-9.648844128348248173e-02,-5.697693203751413860e-02,7.189848643308838216e-02,5.774527150442258783e-02,3.165148925677456759e-01,2.301315839310380529e-01,2.785462460742413882e-01,3.407137208887074942e-01,1.033246527979073959e-01,6.991579957934574048e-03,3.946126571946024369e-02,-1.842971201183582763e-01,5.981839670587980884e-02,-4.580586365143669153e-02,-2.806781175528465511e-01,-3.063084998906236978e-01,-2.498285922768742895e-01,-2.655880540991374383e-01,-2.138836004356500231e-01,-1.783977571289766806e-01,-1.373402932212207106e-01,-1.556753155100220332e-01,3.168202186134487508e-02,-1.355879536120844185e-02,3.536448586572301517e-02,7.380928639505789091e-02,-1.229010766801242049e-01,-3.582054249095036752e-02,2.559660322841711966e-01,1.508086502347145696e-01,-1.022007437587877793e-01,-1.896074743815988062e-01,1.667234805004873602e-02,2.152200782407654236e-02,-9.342899700780475658e-02,-2.546797980055638955e-01,6.024577587213100216e-01,5.367237665020997417e-01,4.264291771115228391e-01,1.809918690514563389e-01,5.234988973478375135e-02,3.254930242660773743e-02,1.932512895194322677e-01,-9.604166038622585777e-02,2.411867057174814366e-01,2.016929749501236366e-02,-1.468169952979788973e-01,-3.029089455893527183e-01,1.411835365104247564e-01,5.158077729054439710e-03,-1.758546617103360077e-01,4.573165782767088516e-02,-2.031376695815641786e-01,-1.671710343750748839e-01,-2.267374404710833027e-02,-9.004026438916626351e-02,2.732668109042366011e-01,9.092918831969415416e-02,2.787719554548623857e-01,1.333795573777207810e-01,3.542531918166436089e-01,8.763244000343202791e-03,-2.410460238432587388e-01,-9.638022445715734021e-02,-2.309122910352408020e-01,-5.123216451431129165e-02,-1.552115291114857520e-01,-7.643586336543507775e-02,-3.474571751234251660e-01,-2.156846376166326185e-01,-3.272948344243908347e-01,-8.826087057344869646e-02,-1.673550029798276106e-01,-2.137073616042062252e-01,-2.747339218782730574e-01,-1.570311177484098042e-01,-1.425331549301653566e-01,-1.050684896564038490e-01,1.253916096402640790e-01,1.476463999740279531e-02,-1.608960044028788783e-01,-1.198771893616675938e-01,-1.988615589870595945e-01,-1.872622611596669595e-01,-3.061353529685034713e-01,-7.706042904879728539e-02,-1.819781881256768430e-01,-3.372940691768332444e-01
2.268557060027100447e-01,3.591585059584957440e-01,6.454105630444175734e-01,1.000000000000000000e+00,-1.680599583056027746e-01,-2.007816346769998317e-01,5.950804630752594138e-01,7.313903775143986152e-01,-1.393670397828242757e-01,-3.490842924049566282e-02,2.649866777357020586e-01,8.667935895443994176e-02,7.692747694788354407e-02,2.464213082022943535e-01,-1.658600648218789553e-01,-3.135737138236947136e-02,2.082331361468162112e-01,2.066454407091603274e-01,3.760480606385256386e-01,2.494281900194713075e-01,-1.515182434244750909e-01,-2.224528271259388901e-01,3.840081811920701971e-01,4.537245526200452961e-01,-1.013767499240549735e-01,-1.736934170931569155e-01,-1.322278211546890070e-01,-2.458910457533012017e-01,-4.883593478854045961e-02,4.421816821378079382e-02,2.797636853703991400e-02,1.791398153666347304e-01,4.043405769039011277e-01,4.821345614397166690e-01,2.489087492531106560e-01,3.256143817070276669e-01,-1.365000668625391232e-02,-1.469901422200991237e-01,-1.532899074668837291e-01,-2.246960073401927382e-01,-6.991966446600020313e-02,-7.540934947000808852e-02,-2.523732336501767204e-01,-2.296492460765603150e-01,-2.985663589443912636e-01,-1.630943519319408841e-01,-2.458276616121679026e-01,-1.764807733483600150e-01,-1.625640894829477323e-01,-2.196283679588528770e-01,-9.126156857197849359e-02,-1.676703777308322929e-01,-1.274353617031473429e-01,-4.840461343790170706e-02,-2.593408513108536040e-01,-8.891790130470843267e-02,1.013226415108924167e-01,9.013611357819709125e-02,-9.933763572515709461e-02,-2.075761054155564889e-01,1.950554186097384346e-01,3.268495994817959827e-01,-1.450004985703784166e-01,-6.303089049307450398e-02,4.491129698639327872e-01,5.727305965297955215e-01,3.250052755702833585e-01,2.679440890037018130e-01,1.043975453331880132e-01,5.662290841996477087e-02,1.013705661054078305e-01,-3.581745058162679601e-02,8.851131522865829382e-02,-9.673579402936850757e-02,-5.710370031978072303e-02,-2.118197509621635444e-01,-6.115564748832610920e-02,-1.464707014537384722e-01,-9.181811225022203093e-02,1.854766835253022494e-01,-8.356889817492321737e-02,-1.527952019751116775e-01,-1.604353099136661687e-01,-1.888360430053667716e-01,1.092673025178190621e-01,1.711472297651926711e-01,2.586498095770345396e-01,-8.854532623121762203e-02,1.902413157929317422e-01,-6.424137299325421990e-02,-5.701094304007346680e-02,-1.008464874750618218e-01,-1.824172392496245243e-01,-1.171377577009799081e-01,-2.302598981679664369e-01,-1.596190458522422917e-01,-2.746535322358601428e-01,-2.677894935375230157e-01,-1.515986330668880611e-01,3.779008873006781122e-02,-2.126653881621613784e-01,-3.441210049632874579e-01,-3.176851802467188790e-01,-2.733363788640170711e-01,-7.714236464587202746e-02,-6.364154258448062595e-02,1.141849842969655249e-01,-2.087425282078752414e-02,-2.063671688700385587e-01,-2.194227559888351220e-01,-2.532126870315274392e-01,-9.388041576904673780e-02,-1.447531458244924185e-01,-9.758916100267527038e-02,-1.781627720203849685e-01,-4.514999238617329325e-01
-2.626491942870791685e-01,-1.482732845893828533e-01,-8.565902887766010942e-02,-1.680599583056027746e-01,1.000000000000000000e+00,7.851772321073139382e-01,-2.724242656135623664e-01,-1.262264251576294127e-01,7.921896824531826642e-01,6.123920633779572631e-01,5.613593270150166181e-02,-2.581226390373649315e-01,-7.077766930329233708e-02,2.498656951887572031e-01,5.808916911893724500e-01,4.014372740490639857e-01,1.171733146582010221e-01,2.028578517877806242e-01,-2.487974405174619430e-01,-8.755746120233531826e-02,1.905520526799510672e-01,2.821328608895886658e-01,-6.953781366453866408e-02,6.175856980642328853e-02,3.387256231936485729e-01,5.493650377715372235e-01,4.913128942667498444e-01,5.983439733662930804e-01,1.405651546457097056e-01,3.274308784346281476e-01,4.680540063801548745e-01,3.615655573668991041e-01,2.449642459335595046e-02,5.460234567700832792e-02,-2.439879755646406079e-01,-3.777617513811172556e-02,-4.346374233882843025e-02,-7.616222939029866634e-02,6.875246869635054381e-02,-1.662697428072526795e-01,2.381860077189516256e-01,2.117764642316334878e-01,8.275263411349935427e-02,-1.671138340525887278e-01,4.528951479439962541e-02,4.168744043243443470e-02,1.303726755605438270e-01,-3.429004737578061207e-02,-3.756283339478502792e-02,-3.350779431691607024e-02,6.827476870585816315e-02,-1.619936322127480954e-01,3.475638459950884940e-01,-2.662675011729931027e-02,-3.576025025914064681e-02,-1.193809379152337563e-01,1.188120265996959052e-01,7.012063857203260087e-02,-1.182384774201726968e-01,-2.205435731186311532e-01,-1.110281448775951724e-01,-9.143007763011333500e-02,1.967559687377048172e-01,2.025378391727905847e-01,-1.617895661973921262e-01,-2.444610376911476313e-01,-8.301544640600325153e-02,-5.523464113367947126e-02,-2.002977508678603080e-01,-4.679991249896614525e-02,3.650547770385537683e-01,1.867706475772185071e-01,2.500419340202009733e-01,1.740134297081469550e-01,5.563968125506783130e-02,1.394196022413250746e-01,4.154366664888818617e-02,6.204920928283936404e-02,2.264135629694387919e-01,2.983963039315946086e-01,2.848166381824520088e-01,6.940486156362492276e-02,1.816875486492607605e-01,3.454049203099020943e-02,1.145297321865441642e-01,-2.492001617068576383e-02,-3.109865586971931051e-01,5.084876775818795297e-02,1.305674658479290817e-01,9.363770088714608308e-02,-4.988254609457068445e-02,-1.751156953820015294e-01,1.201570071554511482e-01,-3.143621507012064192e-02,4.183585207996604743e-02,5.610655956292769780e-02,1.090184038172712505e-01,-4.041357379112142656e-02,-7.725676529084431199e-02,-1.440574662266879691e-01,3.133727397176622881e-02,4.584760442730496238e-02,1.747469851951651693e-02,1.775583037476259896e-01,5.159082599584601664e-02,1.568641546449367208e-01,-9.191086952992930104e-02,2.170296181723878615e-01,4.525859570116386871e-02,2.267683595643190525e-02,-1.173248182150562063e-01,-5.069726420133276873e-02,2.974339471546318114e-02,-3.394143459954749708e-03,2.228880133632320931e-02,2.291267134008760920e-01
-2.111302551830062380e-01,-2.261646642688909803e-01,-1.935280154038922507e-01,-2.007816346769998317e-01,7.851772321073139382e-01,1.000000000000000000e+00,-2.912570853034592844e-01,-5.454978321850754985e-02,6.483556066751230418e-01,6.235894129932851859e-01,3.902994436882149809e-02,-1.884124514280369755e-01,-2.821599150961699720e-02,1.072142747269650837e-01,3.921909192169121261e-01,4.513453283955541351e-01,1.143210283072028377e-01,1.279934513360526660e-01,-2.787101172683908445e-01,-6.348694711830185633e-02,2.866795135499061176e-01,3.069933578057956192e-01,-1.224527498282057814e-01,-4.102577183718932735e-02,3.851058090019394142e-01,6.883479078209073787e-01,4.516653410105441746e-01,6.488178471189975927e-01,1.998478780612800987e-01,3.134755457026711656e-01,4.311690741045637321e-01,3.372198633530674172e-01,-4.740438077172511033e-02,1.596893867893536129e-02,-1.984379674097297708e-01,-1.176943013792234455e-01,-6.688804737423464930e-02,-7.358976083308405025e-02,-1.100371879393892971e-01,-8.454284961184943548e-02,1.932481976101086962e-01,3.211249293691963991e-01,7.157692786343654301e-02,-1.034034964856585664e-01,9.714392606008043218e-02,-8.117266844915238533e-02,7.139141330402203056e-02,-6.006420349710404200e-02,-4.774294484265659971e-02,-1.344988285528550265e-01,-1.079331436446963333e-01,-3.428625978685923004e-01,2.216412009285003704e-01,-1.473194305630598777e-01,-7.628899767256525077e-02,-1.955145671442893585e-01,-9.827711082717077717e-02,-1.190176385697136602e-01,-1.378952909448024622e-01,-2.349719679770951308e-01,-1.458708710449648505e-01,-1.941641757472178584e-02,9.404274100853443619e-02,2.209362456027252064e-01,-2.463393726052195976e-01,-3.025116352412732801e-01,-2.272622920787601974e-01,-1.925896209241871604e-01,-1.537645155480525105e-01,-1.698053411187609996e-01,3.680678426743778653e-01,2.828269945327313573e-01,1.941015645834154590e-01,2.813954405159159733e-01,9.277042032188322074e-02,2.388816873167560750e-01,7.393605467732447534e-02,1.443852086149869374e-01,2.993192388646818136e-01,2.152409486286995799e-01,2.281527619639498738e-01,4.421662225911900806e-02,9.874553508969242943e-02,8.867364046814599221e-02,-1.209454440329628400e-01,-1.184765544380879942e-01,-4.706898590785028036e-01,7.960197851277615866e-02,-1.109013765953285879e-01,9.945667423411473640e-02,7.664920510876177540e-02,-5.032623508250373690e-02,3.148328938957207224e-01,6.079080218814422731e-02,1.383637152073241283e-01,1.129064797916671525e-01,1.977314661292928211e-01,2.700396305477549205e-02,1.009701638480048347e-01,-1.091405342355524777e-01,2.065696889307327422e-01,1.036786764154567636e-01,3.032645151615638301e-01,2.114147108407751774e-01,8.354570885499640331e-02,1.100325500754039398e-01,-2.507615759152631227e-02,1.511441223963224945e-01,1.736454924986415016e-01,5.348925832052123241e-02,4.274564639842807329e-04,1.454975229941431539e-02,2.685091354325851859e-02,3.461778976407958730e-02,1.420492711210258330e-01,2.753152008311052223e-01
2.946535476954067478e-01,3.547115673738636399e-02,5.742595456903035744e-01,5.950804630752594138e-01,-2.724242656135623664e-01,-2.912570853034592844e-01,1.000000000000000000e+00,4.468543301030610815e-01,-2.108442535705755405e-01,-1.565395041659613240e-01,3.947139172249495287e-01,1.115197584600436387e-01,2.728215759616417491e-01,1.174283971773959767e-01,-8.245271890911255730e-02,-2.471131229134443039e-02,1.411680769638068711e-01,-3.559637906499116267e-02,2.363973381752633440e-01,-5.216901303935459616e-02,7.855768613873860551e-03,-3.305475230327920011e-01,4.008096164563781927e-01,2.505505531039290967e-01,-4.430474167484090009e-02,-3.215299694905847661e-01,-4.117572943938273278e-02,-3.761253583716150373e-01,-1.434978306391208602e-01,-2.711063392643884087e-02,-1.152965256987908277e-01,-3.575097453116992535e-02,3.506696689106198472e-01,3.265945169626010558e-01,3.217757762818089784e-01,2.184920912824389605e-01,2.865195072424111047e-02,-6.311282609014925993e-02,5.685248268724023453e-03,-6.434495195559400416e-02,-2.467104017240486502e-01,-5.167121563825897990e-02,-2.384611876487498228e-01,-1.466453943305204566e-01,-2.326607657577226262e-01,-1.191227634867152302e-01,-1.952440250784765186e-01,-1.245923510801198730e-01,-2.387085403946358486e-01,-2.249912846805941780e-01,-3.957257445510895671e-02,-5.035870013040127241e-02,-3.208551602807144243e-02,1.032674524754212536e-01,-8.974807895808839531e-02,1.218281841448435876e-01,8.185907231898610636e-02,-1.390964977170114636e-01,3.118731636957283032e-02,-1.095934989514562446e-01,3.317178107117652597e-01,2.366493287851347271e-01,-4.302159930555716355e-02,-2.221451821482431366e-01,5.640237798746076114e-01,5.753339841802459498e-01,3.932452602962512866e-01,1.984132321351411710e-01,6.562809432487773376e-02,-1.471833865528225649e-01,4.277733846899472309e-02,-1.308967541908898358e-01,-4.138288736406227353e-02,-1.982478149863299011e-01,1.341192966833861661e-02,-1.341571725725999586e-01,1.816883216265916673e-02,-1.057394339796196847e-01,-7.283224304880810129e-02,1.103602924637029220e-01,-2.022471996963745022e-01,-3.911806378454339012e-02,-2.855246854175507720e-01,-1.890292873380902405e-01,6.105052257132455307e-02,1.822363625541953691e-01,3.270080598346292167e-02,-6.431248690769646170e-02,2.646202864808583910e-01,1.112847733514519266e-01,7.115333628610673311e-02,1.982849178982127869e-01,-8.156070306926108127e-02,1.494914968628714980e-01,-1.275358487561635279e-01,-1.028809638099743434e-01,-2.182988469497155193e-01,-1.489040340913921900e-01,-9.235765042718592499e-02,1.918862115530737822e-01,-1.861754550324302704e-01,1.680684610562425962e-02,-2.262156807727299657e-01,-1.090129929759550004e-02,-8.992586374419397899e-02,2.802429313155533133e-02,9.925724608274413829e-02,6.038267015743229577e-02,-1.044794809302627553e-01,-2.418313688114468729e-01,-1.768672620138069251e-01,-2.849580930340055857e-02,-1.323878274621840233e-02,-1.318490622625510256e-01,-2.218437209891945538e-01,-2.755130830278140208e-01
2.016721045621895081e-01,2.809764868025715345e-01,2.994707424215369840e-01,7.313903775143986152e-01,-1.262264251576294127e-01,-5.454978321850754985e-02,4.468543301030610815e-01,1.000000000000000000e+00,-1.252323763100999521e-01,1.574979960562696568e-01,4.008730005975114641e-01,3.811079702465565711e-01,1.288344506720651428e-01,3.183035621114339575e-01,-3.361191436338746286e-01,8.939096343121545607e-02,3.080987153889737651e-01,3.108922554628240631e-01,1.918150976386315543e-01,1.504020641586644169e-01,-1.030834838706685269e-01,-2.907190930811572316e-01,2.281481240999645166e-01,2.851892132559428195e-01,-3.980238061558368790e-01,-2.211032087061982621e-01,-3.344263232792171747e-01,-3.166694880339244178e-01,-4.353331029860887241e-02,2.970389557385450519e-01,3.812710684633751484e-02,1.861569035764888136e-01,4.133534925821230610e-01,5.540059936662237172e-01,2.410707591178473386e-01,1.635720519224332647e-01,-2.580422493949520168e-01,-3.198464248638980267e-01,-3.571765920820840212e-01,-2.342639207419963954e-01,-2.547076251894760945e-01,-1.117647922739369894e-02,-3.145979087871290103e-01,-1.308472836417126361e-01,-2.866625080486264743e-01,8.869219192408744901e-02,-3.304702252997026579e-01,-2.291143457635817782e-01,-3.345523185841528524e-02,-1.284603296439125464e-01,-1.126050186326185559e-01,-1.433014943970738198e-01,-1.276749846757244122e-01,-9.190700464327482928e-04,-4.337894672562937481e-01,-1.626398412613753175e-01,-1.157587661426653369e-01,-4.553686754028564432e-02,-9.408293582974092129e-02,-1.861398980752091425e-01,4.602314757915094701e-01,6.658403538999412286e-01,-6.415170762287054906e-02,1.795525852613320539e-01,3.519914601464482762e-01,4.971550569336453118e-01,1.155995328125012100e-01,2.091359736693002014e-01,-6.527716261665193753e-02,-1.922031322587402502e-01,7.031774779141052208e-03,-3.408907326974822127e-02,-8.985861471640621892e-03,-1.643512130719742281e-01,-4.540546139403369569e-02,-1.744617565600653508e-01,-2.555671759814299726e-01,-2.670103323879820523e-01,1.002543868395971566e-01,3.585061130912213789e-01,-1.655508738895214438e-01,-1.150491729529048157e-01,-3.589111532126097459e-01,-3.196392669392184582e-01,-3.326662538967719435e-02,2.979046903491461284e-01,1.743450369831003877e-02,-2.303727528582769357e-01,-1.725362700288088705e-02,3.221228431033803380e-02,1.486551353908444062e-01,-1.447786540764118982e-03,-1.071153336286106705e-01,-1.590980591312198544e-01,-3.004910724983168580e-01,-2.599839684501572545e-01,-2.050917562740637579e-01,-3.865296332454458139e-01,4.764245778964040084e-02,1.483938690530022808e-01,-1.240064342633023647e-01,-2.948189648442179900e-01,-1.836555489337164115e-01,-2.894251290292409462e-01,2.171216024747642248e-02,2.589551356227376075e-02,1.240342614472145361e-01,5.828635563604826070e-02,-2.071494219289030936e-01,-4.114844333960218092e-01,-3.612038039760407937e-01,2.890162240211981322e-03,1.037065035993689349e-01,-1.027000871145451882e-01,-1.571115073908227466e-01,-1.185043816220001656e-01
-7.132184534424158839e-02,-2.486088340487238590e-01,-4.941566778671081794e-02,-1.393670397828242757e-01,7.921896824531826642e-01,6.483556066751230418e-01,-2.108442535705755405e-01,-1.252323763100999521e-01,1.000000000000000000e+00,5.345084134717581481e-01,1.726545355604356125e-01,-1.630665247480287128e-01,1.284665134625596894e-01,1.049262618275193792e-01,6.534603489683458166e-01,3.634732654195450552e-01,8.072124968791040411e-02,8.735803305096472016e-02,-3.073365597407125005e-01,-2.133827111252308284e-01,1.468711037111414541e-01,1.836586408430399830e-01,-1.014494097931590011e-01,-6.178485103567367409e-02,2.794166185488278220e-01,4.412827095019784540e-01,3.883136649251487382e-01,4.431610444160504203e-01,1.420600928036583332e-01,1.042104848191117150e-01,2.153769926389368650e-01,1.792774053315338290e-01,-1.431623584775129354e-01,-8.410534444256352604e-02,-2.292194706805833482e-01,-1.514625890566507482e-01,9.579894550432518918e-02,-4.189769026643755390e-02,4.701016233296926444e-02,-8.263900644585795568e-03,3.024111481882570951e-01,2.852982030595988677e-02,9.219532518769822660e-02,-1.627325985410825737e-01,1.140814053346257545e-01,4.392598278270293255e-02,2.134306357197462423e-01,6.742140173255138647e-02,4.260882941085986780e-02,1.624875647271892612e-02,9.364388470579323998e-02,-6.875092274168875806e-02,3.005745540500533997e-01,-6.408368561775189265e-02,9.689348140487083483e-02,-4.498650768068924999e-02,2.264282495387257704e-02,-5.215509944739850356e-02,-1.852594768953210944e-02,-8.226875030435983061e-02,-1.125686886980665526e-02,-5.780092587224694434e-02,6.045842193585988789e-02,2.567598800029991662e-02,-1.804198658265949162e-01,-2.785678894395063887e-01,-5.298373114611668044e-02,-4.158231551543287857e-02,-1.280212785199648373e-01,-2.183274471109585696e-02,3.137553634964547200e-01,1.740366190280737690e-01,1.626522088986696313e-01,7.422669415374055779e-02,8.292114317163420956e-02,1.281217655729810501e-01,7.078076121261592246e-02,9.933299786117172347e-02,8.099179175372324402e-02,1.409222701725826588e-01,2.495657799843704061e-01,-4.057589903060913189e-02,2.840096498489989019e-01,8.049399435262762081e-02,2.581442824026299876e-01,-7.093690263345646396e-02,-1.355995482720478151e-01,8.563583955773329537e-02,2.697451261846843806e-01,1.086906614289722683e-01,-5.968080674098071026e-02,-1.374608776848401381e-01,1.359953126654654676e-01,-1.890625253633186620e-02,1.215019877112063912e-01,1.306231202157534244e-01,1.706741676386856477e-01,6.789755576838198137e-02,-1.487981361970597575e-03,-2.004871303139292918e-02,3.281211471911163469e-02,-4.662676557684592576e-02,2.163331655972525192e-02,1.820230208108686853e-01,-2.598208702333386702e-02,3.329136066426580109e-02,-3.707894958564550425e-02,9.983697908091448969e-02,1.796762616342750529e-01,1.091544478275085633e-01,-7.726604101881504039e-02,8.523621027766117852e-03,-9.150737536320271981e-02,8.892872298734094683e-02,1.116480726969720227e-01,2.790966059338377825e-01
9.766568575843376232e-03,-2.038967333205018995e-01,-6.132415654646096448e-02,-3.490842924049566282e-02,6.123920633779572631e-01,6.235894129932851859e-01,-1.565395041659613240e-01,1.574979960562696568e-01,5.345084134717581481e-01,1.000000000000000000e+00,1.984456971830386995e-01,-8.757833159026945065e-04,2.235597306637788217e-01,4.699416170221976108e-01,4.968798770038471146e-01,7.481531639121619115e-01,-2.033061786396990200e-01,-4.565590604924329304e-02,-2.576495769108579359e-01,-2.187564495296046574e-01,2.230116897361750922e-02,3.418886464316661100e-01,-6.255628241190570871e-02,-3.576643407778780370e-02,-4.453818082877083334e-02,2.037807867208678292e-01,1.573542222727234152e-01,2.711921397481176221e-01,-3.030612221235387885e-02,1.404121051341927218e-01,1.671370233725155419e-01,2.676967362578157594e-01,-2.103990186279806884e-01,-9.436429957818627534e-02,-2.267459432217231452e-01,-1.459682661886574917e-01,1.040728948542126164e-01,1.602250600796630564e-01,2.280074422257418465e-01,6.177402935304115994e-02,2.277585435251940349e-01,1.628670965966581008e-01,6.037725931611603696e-03,-3.405197035786531462e-02,4.132259513225255976e-02,-1.336191803502978781e-01,1.872251582477840737e-01,1.717532439926134358e-01,-5.937934558193212059e-02,-8.454748747583479274e-02,4.240476339550389856e-02,-1.733424853849311054e-01,3.112787441282709455e-01,-3.916135051507344672e-02,2.548591287463312649e-01,1.561391019085583143e-01,7.102888693583283598e-03,-7.670022161260076077e-02,2.317772526685109996e-02,-5.569688157755397356e-02,-1.178751780746526007e-01,-3.338257198931127157e-02,7.262508512412856054e-02,-1.569994256778431407e-02,-1.758330183450710071e-01,-3.315531665402848827e-02,-1.805775532020972296e-01,-6.737038522871240109e-02,-2.937027855784073438e-01,-2.559861296947744669e-01,2.194181181248497647e-01,1.315321415568845576e-01,1.635766897864186220e-01,1.856297330368192333e-01,-1.760881008642659618e-01,-3.655177904597591704e-02,1.705211181271686915e-01,2.335481437335887311e-01,4.754197073662420892e-02,4.337407696844474553e-02,3.124382101246116483e-01,1.558299109762008028e-01,1.671834020123691700e-01,6.465878075193688679e-02,3.035304193633913128e-01,1.061243766904047953e-01,-2.792991259945319382e-01,1.990030138386131645e-02,2.460131761715824150e-01,2.619365091879950480e-01,2.142468997811701192e-01,-2.609494171364436232e-02,2.596917830190794141e-01,1.947516385186971732e-02,1.960927541877979241e-01,1.075373792512786947e-01,1.841672599267681343e-01,1.121907027832594744e-01,1.625316244350502037e-01,1.663679109282762206e-02,-7.367246940748968347e-03,-2.769036692460920268e-02,7.311979061590061224e-02,1.141664328410240681e-01,6.278353774718849201e-02,5.158928004118423088e-02,-1.676039016803754222e-01,-1.028067579862085440e-01,1.959149694016923682e-01,1.568177760050830927e-01,1.051983498479940049e-01,1.650669900803819201e-01,9.778085938073693972e-02,-4.598983225618942516e-02,4.624723370737706014e-03,1.895827391070102064e-01
4.707408755823417890e-01,4.884830242583475951e-02,1.794752875282426552e-01,2.649866777357020586e-01,5.613593270150166181e-02,3.902994436882149809e-02,3.947139172249495287e-01,4.008730005975114641e-01,1.726545355604356125e-01,1.984456971830386995e-01,1.000000000000000000e+00,3.843158261697658951e-01,5.252775181862241460e-01,1.560695339487778721e-01,1.794598279816247699e-01,1.360540589426133817e-01,3.466409110620012890e-01,1.497945039765818664e-01,6.625575191756351290e-02,3.494862406170214097e-02,1.761252037761488476e-01,-2.267366674937524029e-01,6.987328582614657502e-02,-8.074753091716078968e-02,-1.502706580124124613e-01,-1.293971781689558509e-01,-1.098632680399381882e-02,-1.525215679999752660e-01,2.429691914425225752e-01,2.570512924567461277e-01,7.742682030364095302e-02,-2.686096224856013813e-03,2.154171874601433501e-01,2.090200270696661311e-01,-8.647220102976040101e-02,-3.636471853189961190e-02,-7.051640296545022557e-02,-2.058044413731478506e-01,-8.579661884255920801e-02,-9.914748330175721103e-02,-7.983077980272072771e-02,4.099949060793894179e-02,4.995984382766006926e-02,-1.926645997252838735e-02,-7.308732556800306979e-02,2.970474584891848874e-02,2.539307829719277682e-02,-5.141613311906401834e-02,-2.320555245076327475e-02,-9.570232333796346164e-03,1.009655259840194635e-01,8.075062282648436118e-02,2.360788715149350903e-01,1.475358642157101330e-01,-5.864037925359762843e-02,-1.053490804275183067e-02,-3.577107194177316096e-02,-1.771007011677368514e-01,6.924717418812258163e-02,-2.939864682588453834e-02,3.741017037193350436e-01,2.896678439111416425e-01,-6.877411206161557211e-02,-5.736032879363747033e-02,1.234205174464848426e-01,1.135511428856325888e-01,1.144547533854474615e-02,9.863577230870550216e-02,1.477399302310661022e-01,-3.798951688143841626e-02,1.952733982170504756e-01,6.165035298009815395e-02,1.546936342997868863e-01,-1.696213725140082729e-01,5.271318908030384054e-02,-1.066144443181914758e-01,-2.032381566345803914e-01,-2.868727578826295588e-01,2.982200651001508107e-01,2.374346737533228335e-01,-1.597210788599202624e-01,-2.014525790002156536e-01,-8.591256544219327829e-02,-1.446789400007265913e-01,8.926110323962528625e-02,-9.047003978514321643e-02,-3.137128497432555702e-02,-1.250545915239943684e-01,1.396777766698436007e-01,1.563230705133110687e-01,1.189789897031689747e-01,1.364111744694863348e-01,2.118723134206643155e-01,1.215019877112063912e-01,-9.208247049738772783e-02,-1.643736294145701701e-02,3.194174224452519389e-02,-2.134043544904958567e-01,-8.432641595919916633e-02,4.928426164045886931e-02,1.458152166771405078e-01,-3.234369045658998243e-02,9.089826922645839746e-02,1.133470768702766196e-01,-1.490369861923059314e-01,-5.968080674098071026e-02,1.723546203560488155e-01,1.688561249564234090e-01,1.225400962665967874e-02,-1.803935845973445029e-01,-2.705954012486675997e-01,-1.275327568468399564e-01,8.802743141951875627e-02,2.439756079273463218e-01,1.172042337514367649e-01,1.484649829674445087e-01
2.353259915946445124e-01,2.761770705550518207e-02,-2.806070036384042954e-01,8.667935895443994176e-02,-2.581226390373649315e-01,-1.884124514280369755e-01,1.115197584600436387e-01,3.811079702465565711e-01,-1.630665247480287128e-01,-8.757833159026945065e-04,3.843158261697658951e-01,1.000000000000000000e+00,4.524058532935404386e-01,3.467785010269003876e-01,-1.778288458134388295e-01,8.381625092080924322e-02,1.103579735317102364e-02,1.679981201191312612e-01,-2.924250540504398643e-02,-5.731085824446026378e-02,-2.663563935660459014e-01,-4.027405138289509301e-01,-1.435341605736728532e-02,-1.847562686529092280e-01,-5.330907730468988914e-01,-4.171673627327531220e-01,-4.842277840517771326e-01,-4.023926740300487470e-01,-1.025532214216753613e-01,2.543427798892942127e-01,-1.774578166946098046e-01,-3.552681110521072050e-02,1.005914049558668533e-01,2.421668409730547700e-01,1.767103476156354699e-02,-2.698038724618322948e-01,-2.600226173167019539e-01,-2.116775231332790608e-01,-2.251226908268461335e-01,-2.845406852753229465e-02,-2.781071949502936791e-01,-6.645518006893412488e-02,-3.866046120465425201e-02,1.869035996781322484e-01,-1.712585385008413841e-01,1.648660159743495224e-01,1.552656375246483089e-01,1.719464883253368770e-01,-3.893100327046708498e-02,9.574174518183904692e-02,6.172919666784932452e-02,1.762535180130772317e-01,5.634309062618120256e-02,1.727380171121721542e-01,-4.050169320684332552e-02,9.482190215807541345e-02,-3.299275952134151924e-01,-2.005868443896145770e-01,4.150501778234349376e-02,1.472931493338094922e-01,3.668140734436681205e-01,3.753925758619277020e-01,-9.468431219317631486e-02,1.788151648876593336e-01,-4.717867139110411279e-02,3.974881328655274770e-02,-3.014851213458462631e-01,-7.229734273582959225e-02,8.355111969631266039e-03,-1.129343069755793239e-01,-2.434097885211320422e-01,-2.777539443100752320e-02,-3.349643155015192830e-01,-3.765644094955627463e-01,1.971099923552541988e-01,1.229304498186981620e-01,-3.968504265675400489e-01,-3.741728176337772438e-01,7.606174233728248135e-02,8.381625092080924322e-02,-1.508921317864511114e-01,1.533053670135015867e-01,-3.648708084338010416e-01,-3.565473885347364424e-01,-5.643739386055025148e-02,1.767667749607907124e-01,-2.886683842222959040e-02,-3.244193587534658363e-01,-1.001477159679338147e-01,8.927501683158138579e-02,1.931167914638567407e-01,1.048953427342836364e-01,-9.636321895587768305e-02,1.388962965883099553e-02,-2.667490660501399269e-01,-3.289041732273117469e-01,-8.676593241550005497e-02,-2.198741747500771171e-01,3.088840603571619270e-01,3.048352050979400985e-01,-2.142221645065815194e-01,-1.363763904895961068e-02,-1.558438245681569023e-01,-7.778702773983747765e-02,2.191367543764043968e-01,2.494003628355591085e-01,-1.340443178822894599e-01,-1.226429022516056649e-01,-1.423306348694711732e-01,-3.441812971950971578e-01,-1.384070019378541572e-01,2.558856426417582264e-01,3.464940453691314759e-01,-9.352639215149737006e-02,-1.961731438302108943e-01,3.292187750009855501e-02
5.693588694124367411e-01,-1.449618497038337450e-01,-2.075366835716808966e-02,7.692747694788354407e-02,-7.077766930329233708e-02,-2.821599150961699720e-02,2.728215759616417491e-01,1.288344506720651428e-01,1.284665134625596894e-01,2.235597306637788217e-01,5.252775181862241460e-01,4.524058532935404386e-01,1.000000000000000000e+00,2.669392184735398521e-01,3.644951414509866594e-01,1.923700953622133059e-01,-1.853622828803299649e-01,-7.289098932595604319e-02,-8.473609394457289057e-02,-1.543380647275757467e-01,-1.817138298785111461e-01,-1.845831217307890015e-01,1.226521779795763933e-01,-3.531200070495532639e-01,-1.427944212680074820e-01,-1.390593948051285500e-01,-2.829792710669174274e-02,-5.495946120388127409e-02,-1.172166013887310787e-01,-1.003811551218637410e-01,-1.556861371926545612e-01,-6.667779754023153704e-02,-1.496275408731088108e-01,-1.473967282961492486e-01,-2.939470464149697704e-01,-3.685640941208117027e-01,1.084247572271447996e-01,1.472328571019997645e-01,2.652780901894490062e-02,-6.464409418264990305e-03,-1.558793815253780024e-01,-2.616056748903725082e-01,1.517300392131399889e-01,1.724071828145495866e-01,1.574624390990485290e-01,-5.294972014355735224e-02,3.101842082277252999e-01,4.595790829242351050e-01,-4.069725647155945751e-03,5.271164312564205479e-02,1.220353420695231283e-01,8.337874575152334766e-02,2.243558973145994562e-01,-5.594036943678552982e-03,2.993470660485940127e-01,2.743675306234293898e-01,2.540776486647976055e-03,-1.503015771056482319e-01,1.417555397352861790e-01,1.458724169996266640e-01,1.934739069907296938e-01,-5.196649297866041267e-02,1.161096978508911332e-01,-1.379540372219504041e-01,-5.480331978304072565e-02,-7.500276339395794967e-02,-2.122788994967144682e-01,-1.200503362837878063e-01,1.981504198426372876e-01,5.094616290188057339e-02,-4.914203381157440653e-02,-6.721424380787184572e-02,-1.658399674112757405e-01,-2.623168140347947874e-01,-9.425608275186113383e-02,-2.860711803904926812e-02,-8.696536056687065308e-02,-8.327207487985999190e-02,-1.498934450749362934e-01,-2.164019605797020684e-01,1.237992763386228240e-01,2.120980228012853130e-01,-4.012602622402892949e-02,-1.646140253644781393e-01,3.673443358926613000e-01,3.576798003244958946e-02,-7.598753651351666805e-02,-1.056312171532945432e-01,2.806626580062286380e-01,1.498880342336200364e-02,1.210041903101107819e-01,1.878342643845283821e-01,1.771347121702961935e-01,3.053592837282860795e-01,-2.977431380869893091e-02,-9.852446357305678915e-02,-2.786583277872209646e-03,2.068564635204943325e-02,2.155949722462489337e-01,2.314719266228079386e-01,-1.799545334733968216e-01,4.102577183718932735e-02,-5.387574698596814260e-02,3.595117565987142241e-03,1.149765130838007882e-01,7.417876955922513005e-02,-1.610150429118365201e-01,-3.620293437654353852e-01,6.666542990293723714e-02,3.211179725732183493e-02,1.712678142288120986e-01,3.607415635321662983e-01,1.786667532401277347e-01,-2.534824561200093793e-02,-5.817659285506134037e-02,1.288019856241675865e-01
