0.000000000000000000e+00,2.891255384749950863e-02,3.053377358903150984e-01,3.752421770790054789e-01,-4.787562047626336276e-02,-6.302508145459316535e-02,3.825632503116048189e-01,-5.958321488705691643e-02,8.769980975705757298e-02,3.211388336139599231e-02,-4.224705342109291023e-03,3.186459950580568939e-02,5.960070849095799178e-02,-1.473836128665456614e-03,3.128293717609498953e-02,2.868601167698060506e-01,3.275896000524808338e-01,-4.759091207277339475e-01,5.214099844744265466e-01,6.746845684546587396e-02,-4.718462312217095583e-02,1.262906999628261029e-01,3.370580131639369093e-01,6.320439089457917381e-02,1.319455074238481615e-02,1.616365266449454330e-01,5.557280619273578109e-02,3.542454789967418305e-02,2.957556143535020055e-01,-4.048675952854737248e-01,-3.017646672935208121e-03,-9.154840261529378909e-02,4.007740919726225370e-01,2.557783560385734067e-01,2.640003498720780439e-01,2.622990968926985911e-01,2.829502962979160707e-01,1.317618245828868773e-01,4.235857514596225726e-01,1.939297194463274476e-01,1.589118978373532109e-01,9.530078065207409077e-02,-1.863593623581377978e-01,-2.804443375390872628e-01,-4.058384903019833234e-01,-3.553257090376331084e-01,-7.026743346963766623e-02,-2.556952614200432850e-01,-4.201395114911110618e-01,-3.461065797817672873e-01,-2.396230128359318756e-01,-4.080995386061971320e-01,-2.155780542739061112e-01,-2.039535544816426516e-01,-4.515099166867114072e-02,1.117316481161575309e-01,4.089479783953992031e-01,-4.529094049987972964e-02,3.280400603529334824e-01,1.050184776191205038e-01,4.150444993549233796e-01,2.296035512015919336e-02,4.185082329273359658e-01,-2.367540617961557681e-01,1.859788764732894506e-01,-3.183486037917386269e-01,2.586123198705473358e-01,2.534210929129037115e-01,4.305088452034724900e-01,2.638997616496468468e-01,-4.285058275567995428e-02,2.377249568126653667e-01,2.722004767007062953e-01,-2.122455227307515624e-01,2.769674837637488563e-01,-1.497190089873390029e-01,1.787627648640965627e-01,1.828781351818241363e-01,-1.311058144365966072e-01,-1.014410356213509418e-01,-9.843213575036627305e-02,-1.410071942446043114e-01,2.451728586735474891e-01,3.540924099626074351e-01,-1.007850254750606855e-01,-2.354595351074763310e-01,2.763289672213596893e-01,2.501672825873040296e-01,-1.590081126588091254e-01,4.111434256849839236e-02,-4.178259823751940827e-01,-5.931731210776060026e-01,-4.287463646104393011e-01,-2.032144497168222874e-01,1.231505980625833691e-01,2.937001158951258462e-01,9.722070368021692305e-03,1.384268876691959471e-01,-8.759922153462640360e-02,-1.135641031247949934e-01,5.587894426100457196e-02,5.932955763049135162e-02,1.593186241280531712e-01,1.910826354114276981e-01,-5.565590081126588207e-02,-7.891802059871859398e-02,2.141916861647460146e-01,2.948022129408934822e-01,1.015853578535347995e-01,-1.211781942227373177e-01,-3.809144781439286476e-01,-3.897093875051934053e-01,-4.086899477378583279e-01,-8.429730379829875053e-02,-3.137609061686820744e-01,-2.153725044280684897e-01
2.891255384749950863e-02,0.000000000000000000e+00,3.048741553869366294e-01,5.315475279350987403e-01,7.847193369924121420e-02,3.327152259954954117e-01,-2.810828540814764853e-01,4.566093022238744137e-01,-1.590256062627102007e-01,9.907502569373072276e-02,-5.877719708731494741e-01,2.462049813037108237e-01,-3.266012114320701598e-01,1.396645601451969032e-01,2.165227088845640691e-01,2.623909383131792228e-01,-3.151122870700400203e-01,2.207911482364260658e-01,3.033041044368152694e-01,6.379961076731319736e-01,4.387395858389276510e-02,1.852572653123701618e-01,1.585051715466532507e-01,3.786490564387395841e-01,-1.725918960879928299e-01,-3.526710546456451878e-02,2.080251907896175367e-01,5.081716997222890386e-01,-3.671032778640309635e-01,7.038551529596991096e-02,2.404933196300102632e-02,1.508298528350571766e-01,-2.597362839211913021e-01,1.034003192582712005e-01,-2.382934989394502601e-01,-1.618508232927335921e-01,-3.642868076359581098e-01,7.176751000415472481e-02,2.888631344164789838e-01,2.903807045548971177e-01,-1.267367868623034688e-01,3.323653539174739047e-01,-4.840174061358815671e-01,-3.545734840698869239e-01,-3.590430998666112594e-01,-2.523977170846908868e-01,-4.014650893267149301e-01,-4.145721720495943452e-01,-4.586341868754236772e-01,-4.249633727668321037e-01,-4.703461546871924859e-01,-5.110712645688919586e-01,-2.283396383197393575e-01,-3.586232533729855065e-01,2.760053355491898230e-02,-4.535216811353348990e-03,1.538781133148192648e-01,8.271981806651942382e-01,-4.179221971966499971e-02,4.465636001836828517e-01,-3.682184951127244199e-01,3.370099057532089937e-01,-2.442850582755679845e-01,2.746583280488071321e-01,-2.102075178762764784e-01,6.898165358290875293e-02,-2.514705560779340043e-02,1.819028667643392827e-01,3.235223371454811758e-01,4.527388423607618395e-01,-1.703527147886554072e-01,3.116048194878747596e-02,-3.926176991537468908e-01,-1.776038136056504457e-01,-1.246025671863724843e-01,-3.949443484725896902e-01,-4.303820165751897076e-01,-2.548074610220638081e-01,-7.993264962498086712e-02,2.995779668058866016e-02,-1.358115938859854321e-01,-3.298419015547440769e-02,1.928669830093372121e-03,3.167566858367409366e-01,2.048501016815726730e-02,-2.895891189783735276e-01,3.779449388817213706e-01,3.888478275130655137e-01,1.309265049966106265e-01,-2.034637335724125973e-01,-2.131333231287310670e-01,-1.522468347510441411e-01,-1.067547178063020692e-02,-1.515820778028033507e-02,1.354092409962607546e-01,4.305919398220025562e-01,1.941483894950908617e-01,2.796090179528110120e-01,1.746036605366163008e-01,2.846909098860729292e-01,2.369333712361417765e-01,2.634755417550458390e-01,4.119175176576064246e-01,3.738995429795980985e-01,3.550501847761912133e-01,8.740679189171458863e-02,5.615096980166626173e-01,3.492904156917627234e-01,3.303798298747020468e-01,4.284183595372941661e-02,-2.266252651374341121e-01,-2.532199164680413572e-03,-5.244145109444359187e-02,-6.955894251164418396e-02,-3.945944763945682388e-01,1.081542061183879584e-02
3.053377358903150984e-01,3.048741553869366294e-01,0.000000000000000000e+00,5.882749119853053488e-01,3.015853578535347967e-01,3.769171896525332910e-01,3.883055257921322334e-01,9.248431042400122315e-02,2.276967483763748801e-01,1.652620760534429523e-01,-1.412652249021451589e-01,-1.132667118584767402e-01,2.892392469003520761e-01,3.702958605759769373e-02,5.862369071308303203e-01,4.359887166254838298e-01,1.805339922590802615e-02,-1.571800310511469248e-02,4.835363320286020228e-01,3.182130283615053346e-01,3.025606262710196503e-01,4.897728018193348021e-01,7.473136384509413421e-01,6.387876932496555638e-01,3.035533882924055793e-01,3.026349740875992067e-01,4.124204587697622992e-01,4.786424963372766794e-01,3.722638910148477059e-02,-7.667883929938115739e-02,4.647219610329972883e-01,3.163718265509173344e-01,2.032319433207233766e-02,-9.426865802191074228e-02,2.027858564212459691e-01,-3.545953510747632681e-02,2.568367190745883266e-01,1.983643480352496047e-01,2.498742647219610313e-01,1.853228663269991805e-01,1.724563206577595098e-01,2.609389691893901353e-01,-5.027399357110056144e-01,-4.504034462399685301e-01,-5.798386215040125524e-01,-6.477925258577332812e-01,-3.408278848046182863e-01,-3.516345586145065982e-01,-6.980122892567405257e-01,-7.129343333843563002e-01,-4.876823161531564921e-01,-7.057357153790645432e-01,-2.729614484704029898e-01,-5.308390369771052164e-01,1.366687804771380549e-02,1.730642233933218088e-01,1.676324593820384401e-01,7.827075725437886156e-02,-2.142791541842513914e-01,-1.137084253569788442e-03,-1.099166867114211299e-01,-1.434213115829524876e-01,-1.181255603419999536e-02,-2.618617567951717628e-01,1.789814349128599769e-01,-3.058494238044214830e-01,1.213662504646738499e-01,5.614572172049594329e-02,2.319389473223852638e-01,1.076600118081826318e-01,3.776650412193041650e-01,2.431348538190724051e-01,-5.687607968336576975e-02,-2.025453193676062247e-01,2.027902298222212518e-01,-1.191926701799654459e-01,7.904922262797664523e-02,-9.193326190111740515e-02,7.668321270035642623e-02,-2.732151057269685546e-01,6.973825195163017854e-02,-7.487699809757057678e-02,1.672913341059674985e-01,3.560123329907502465e-01,1.614003629922809435e-01,-3.217161225426953264e-01,5.548096477225514800e-01,4.852594520128578059e-01,6.105705101572237586e-02,-2.225273884236076138e-01,-2.095515077299862361e-01,-3.328333078218276286e-01,-2.842229559817192053e-01,-9.975290284489733705e-02,1.199623887516126919e-02,2.934508320395355363e-01,1.195337954560363875e-01,3.079967636832782740e-01,2.209879512803131218e-01,3.310402134219675996e-01,4.592245960070849287e-01,2.040366491001727456e-01,6.006472633443397102e-01,5.273971704095690161e-01,4.821324703155409064e-01,2.379742406682556766e-01,5.861975465220529147e-01,5.072882727252848722e-01,2.889855896437865113e-01,-3.276989350768625547e-02,-3.236491657737639582e-01,-3.344864533904791104e-01,-3.524217707900548779e-01,-2.723316787299643466e-02,-3.630185213531302857e-01,-2.012639128818525733e-02
3.752421770790054789e-01,5.315475279350987403e-01,5.882749119853053488e-01,0.000000000000000000e+00,1.465832804880715379e-01,3.005488618223962072e-01,2.083400756598368653e-01,5.680523058756642429e-01,-1.070608558745708531e-02,1.923334280903544746e-01,-3.478209529640725051e-01,2.960923662285976921e-01,-1.530690341343946079e-03,3.989635039688613771e-01,3.089982725066147684e-01,5.182086549605300352e-01,-1.166429774113839635e-01,-1.612735343639981611e-01,5.013973016115982340e-01,4.491439067590912160e-01,2.141304585510922509e-01,4.293892545538037786e-01,5.295969911001290331e-01,6.150926067656513618e-01,9.779361920797707830e-02,3.042356388445474624e-01,2.660383547265531279e-01,4.547243664035336974e-01,-2.072992062277229791e-02,-1.522949421617721122e-01,3.664691347226170515e-01,4.735168703942621016e-01,2.007391047648203822e-03,2.265421705189040180e-01,5.998994117775688362e-02,7.072226717106558369e-02,1.243882705385843251e-01,1.694692877916511853e-01,4.312741903741444394e-01,4.560670005029411334e-01,1.292383722201569940e-01,4.847215236928997806e-01,-4.916577376396755183e-01,-3.497889834029432876e-01,-6.293280269401499982e-01,-5.404605191226957706e-01,-3.269248431042400260e-01,-3.587632022041941093e-01,-6.801600664756948245e-01,-6.170475170015963240e-01,-4.717062823905009972e-01,-6.617917823795674837e-01,-3.398176291793312820e-01,-4.440314010190024030e-01,1.194813146443331718e-02,9.338085762393125155e-02,4.536091491548402410e-02,3.201504449935492214e-01,-7.948218932452821850e-02,1.941002820843629184e-01,-1.150335658524851840e-01,1.345739214099844760e-01,-2.812096827097592538e-02,-6.474382803787365193e-02,-3.583564759134941213e-02,-2.832914215739870123e-01,8.950165095886816746e-02,2.186481817585445298e-01,2.709496840217795466e-01,3.191839233780149332e-01,1.326583717828169195e-01,3.354092409962607380e-01,2.406245216592683284e-02,9.534014126085150510e-04,1.666484441626030488e-01,-2.552535479215412018e-01,-7.627648640965646598e-02,-9.621482145590517718e-03,-1.707900548861822354e-01,-5.526666812446699023e-02,-8.263541142769674497e-02,-4.277186153812512215e-02,9.352955325709037815e-02,5.283636920251033597e-01,3.306291137302923636e-03,-2.851369967855502674e-01,5.079267892676739837e-01,5.446764776628545413e-01,-1.788720998884782767e-02,-1.871247075288097750e-01,-3.185716472414773515e-01,-3.736896197327851943e-01,-3.568126653692244021e-01,-7.930725328551747888e-02,6.001180818263322780e-02,3.543635608230740752e-01,3.960114583105552033e-02,1.512934333384356456e-01,2.129583870897203135e-01,2.470752880977892529e-01,2.826660252345236102e-01,2.793160000874680415e-01,4.505259014672760021e-01,3.945507423848155781e-01,3.720495943670595329e-01,2.267039863549889511e-01,5.858039404342787471e-01,4.894098095383875302e-01,2.719949268548687016e-01,-1.118803437493166575e-01,-4.574971026218538905e-01,-2.410881021626467835e-01,-2.546631387898799503e-01,-6.550042640659509141e-02,-3.642693140320570344e-01,-3.694211803809232392e-02
-4.787562047626336276e-02,7.847193369924121420e-02,3.015853578535347967e-01,1.465832804880715379e-01,0.000000000000000000e+00,4.301808401303273688e-01,-4.192342174892305096e-02,-5.808751175351511975e-02,4.203406879359734005e-01,2.350440620148258331e-01,-2.755373816448360991e-01,8.462530887144388558e-03,3.463733572412586864e-02,2.518204281559554766e-02,6.399378977061511709e-01,2.213903041700378271e-01,-1.446546106579781887e-01,4.476044696157967517e-01,-2.003892326867988752e-02,3.572193916599243624e-02,7.015153834379305176e-01,6.384159541667577820e-01,4.362948546937526206e-01,5.157420568104786884e-01,6.975880693621394624e-01,7.705276508276661662e-01,6.642583805296188304e-01,5.895388248671579179e-01,2.515842645032909664e-01,3.725306684743390773e-01,6.991493735103102569e-01,5.821915112287070482e-01,-2.032013295138964948e-01,-2.479368480899171168e-01,5.340359930900264590e-02,-7.575167829262426100e-02,1.505412083706894610e-01,8.618223961863943905e-02,2.296079246025671816e-01,-1.096061752421770841e-01,9.473661192626446625e-02,2.860816513962082808e-01,-3.152959699110012837e-01,-3.242002142966478040e-01,-1.154271719402593377e-01,-2.405807876495156539e-01,-4.097264437689969729e-01,-4.234370558264634599e-01,-1.428483960551923115e-01,-3.170934377118366232e-01,-2.126478756204762677e-01,-3.717259626948896667e-01,-1.165773763967549309e-01,-5.398526163871334438e-01,-5.727843257309046116e-02,-1.247949968292842993e-01,-5.672738405020664315e-02,-1.432463755439417341e-01,-1.084122367759288025e-01,-8.328704817301174623e-02,-2.762808598106317182e-01,-3.794974962279416553e-01,-1.211475804159104358e-01,-1.232293192801381942e-01,-1.766372919901161020e-01,-1.946600774091972741e-01,-4.010408694321138806e-03,-7.162318777197086705e-02,-5.543723076250246101e-02,-5.956134788218057918e-02,3.048391681791344787e-01,3.504843541580109911e-01,2.613981762917933285e-02,3.706019986442456865e-02,1.082241805339922563e-01,6.194922481467713543e-02,8.112658809122914871e-02,7.789901817148105201e-02,3.101922109728630361e-01,-6.156873892982878127e-02,2.581006319564409512e-01,2.087555487524873632e-01,3.478034593601714297e-01,5.034221862631475114e-02,2.285189477597253382e-01,-2.495025256390632010e-02,3.668058865977127381e-01,1.583608493144693929e-01,1.904965996807417294e-01,-2.917233386543044982e-01,-1.576479849555006418e-01,-2.479018608821149661e-01,3.060943342590365449e-02,-2.041022501148017643e-01,4.453871553213356593e-02,1.224945879162930990e-01,1.580547112462006229e-02,-1.618858105005357428e-01,-4.692659246463012392e-03,-6.736349522205943574e-02,3.891714591852353800e-01,7.557236885263825255e-02,4.076621985086702482e-01,1.588069362139467866e-01,3.761430976799107762e-01,9.709387505193413370e-02,4.219982069056001373e-01,1.401718746583280606e-01,4.101812774704248488e-02,1.000196803043887014e-02,-2.338063895388248770e-01,-2.376156217882836597e-01,-2.034681069733878522e-01,-2.624784063326845995e-01,-4.678445693293389329e-01,-6.871050272244211277e-02
-6.302508145459316535e-02,3.327152259954954117e-01,3.769171896525332910e-01,3.005488618223962072e-01,4.301808401303273688e-01,0.000000000000000000e+00,-7.998513043668409317e-02,7.529684459119634354e-02,3.761737114867376719e-01,7.462552754149264223e-01,-5.033959458572959678e-01,-2.321401237672476164e-02,-3.688526382541383597e-02,1.358859417025649885e-01,4.664232140123767412e-01,3.963132229778487114e-01,-2.204237825545035112e-01,1.206227722988782169e-01,-2.521265662242242606e-02,1.413045855109225646e-01,4.594257724519472674e-01,6.519472567842382604e-01,3.377183967112024621e-01,6.446480505565153063e-01,2.276486409656469367e-01,3.314731801185191729e-01,4.048282346766963191e-01,6.553497627429970551e-01,-1.201373247906234280e-02,4.764383022457414213e-02,3.523780367803022173e-01,3.548621285342546394e-01,-1.297588069362139440e-01,-8.807592224093066524e-02,2.103168529006581855e-01,-1.305022851020095839e-02,5.487743543766810533e-02,5.627255034877872569e-02,1.808313835253985147e-01,1.526623078436946390e-01,1.082679145437449447e-01,1.844131989241433733e-01,-6.782357700465767580e-01,-4.540158754455402290e-01,-4.193435525136122166e-01,-3.315212875292471439e-01,-5.907546303382825714e-01,-3.871553213356366818e-01,-5.249436924624434342e-01,-4.459819378539721657e-01,-5.751153484507226521e-01,-5.094618530099932485e-01,-4.600118081826332084e-01,-5.001027749229187691e-01,-3.189871203341278494e-01,1.268155080798583079e-01,-8.666768712689422449e-02,2.405195600358618901e-01,-1.367256346898165220e-01,2.433272834619842062e-01,-2.351359034353064648e-01,5.191226957643611285e-03,-2.235901248605978442e-01,3.704270626052349330e-02,-3.307603157595503940e-02,9.973978264197153054e-02,7.427784216395880157e-02,1.862194135269292228e-01,-5.838490301983337641e-03,-3.167216986289388136e-02,1.326539983818416368e-01,3.448120530930878225e-01,-6.155999212787824360e-02,-1.138746145940390531e-01,-6.631387898799501190e-02,-9.953860619710917790e-02,-6.302070805361789652e-02,5.628567055170453394e-03,-1.331394458900964362e-01,-1.245719533795456024e-01,-1.805033784522533935e-01,6.112702543132667032e-02,2.449017078130808489e-01,2.965165861231986999e-01,-2.292536791235704613e-02,-4.327042924930572104e-02,5.926220725547222123e-01,5.489011830049638219e-01,-4.235638844547462423e-02,-2.118912772517548421e-02,-2.567973584658109210e-01,-1.831536594432660592e-01,-1.810150663663598058e-01,-1.372591896087992924e-01,9.420305700728172013e-03,2.971507292646126119e-01,8.277098685793006505e-02,2.662089173645885709e-01,-1.682447355185760079e-02,3.685946075965975122e-01,3.741881874439658140e-01,3.417200586035730736e-01,5.165817497977301942e-01,5.301874002317902290e-01,3.437405698541470822e-01,2.190505346482692350e-01,5.177538212591021871e-01,4.499617327414663914e-01,1.923815355010824180e-01,-3.841158076578250757e-02,-1.223021582733812979e-01,-7.583914631212962387e-02,-1.672563468981653478e-01,4.457807614091097853e-02,-5.322778858979685390e-01,5.854234545494303721e-02
3.825632503116048189e-01,-2.810828540814764853e-01,3.883055257921322334e-01,2.083400756598368653e-01,-4.192342174892305096e-02,-7.998513043668409317e-02,0.000000000000000000e+00,-4.889462290350090473e-02,2.958999365856858632e-01,6.310817607312326112e-03,4.196715575867573378e-01,-4.774004504603004267e-02,6.712689422929741800e-01,9.078743084559708076e-02,7.601845575211563233e-02,1.615359384225142636e-01,4.985764579825501253e-01,-1.892151931949880850e-01,2.809035446414904769e-01,-3.944807679692112316e-03,6.292886663313726481e-02,1.516870394262097854e-01,4.682512956200389209e-01,2.283833723294920182e-01,3.180949465351730621e-01,2.513524742516017318e-01,4.076009708950165122e-02,-1.508735868448098649e-01,4.851107563796986932e-01,-1.099210601123963987e-01,2.721261288841267389e-01,1.577616933808576316e-01,3.420655572806192701e-01,8.603791738645558129e-02,7.977958059084647169e-02,-1.764229953423279706e-02,4.199908158579519490e-01,1.916774179440642045e-01,1.896394130895891206e-01,1.687170628239050008e-01,2.999234654829328051e-01,1.317399575780105470e-01,5.893595154271719094e-02,-8.729308346635761273e-02,-3.960070849095799206e-01,-5.023069690144540411e-01,1.320373488443288001e-01,7.457960683125232360e-02,-3.336292667993264738e-01,-4.038092322494588049e-01,-5.821434038179790216e-02,-2.054098970064070218e-01,-4.195840895672519472e-02,6.959830312042158962e-02,-3.671470118737836519e-02,1.285255078611882429e-01,2.296079246025671816e-01,-4.047014060484135367e-01,-3.729505149679648301e-01,-5.625330738448754975e-01,3.287485513109269369e-02,-4.843978920207299144e-01,1.547790339157245620e-01,-5.802759616015394917e-01,1.287747917167785527e-01,-4.292405589206446659e-01,-5.315868885438761182e-02,-2.472764645426515917e-01,2.410443681528940951e-01,4.664232140123767550e-02,2.977498851982243733e-01,1.520150444993549343e-01,2.600599155933611684e-01,-6.546106579781767187e-02,1.153090901139270930e-01,4.376462355951105110e-02,2.615731123308040473e-01,9.751809494653516930e-02,1.346001618158360891e-01,1.390960180184120099e-01,1.352605453631016141e-01,5.666615643655288637e-02,2.239837309483720118e-01,2.047057794493888083e-01,-3.489536638166670229e-02,-8.808029564190592020e-03,9.076119043974546774e-02,1.164068137587194740e-01,-1.565065273009556002e-01,1.149723382388314341e-01,1.216680151319673824e-02,-2.877260501629091971e-02,-2.013645011042837496e-01,8.503640856311911467e-02,8.714001443222321730e-02,2.014607159257396640e-01,-1.330388576676652668e-01,-8.164264940631081602e-02,-2.106667249786796717e-02,-7.248037436312348980e-02,5.070083750628676111e-02,3.966237344470927711e-02,-6.708797096061752153e-03,1.069296538453128054e-02,-4.312173361614659445e-02,3.888828147208676922e-02,-2.042378255450351052e-02,1.665128687323697287e-01,7.791651177538212736e-02,-3.482976536703767667e-02,-3.719883667534057969e-01,-4.068181321204434875e-01,-2.732019855240427897e-01,-8.812840305263387741e-02,9.820909230062757622e-02,-2.062670835975596306e-01
-5.958321488705691643e-02,4.566093022238744137e-01,9.248431042400122315e-02,5.680523058756642429e-01,-5.808751175351511975e-02,7.529684459119634354e-02,-4.889462290350090473e-02,0.000000000000000000e+00,-3.058231833985698978e-01,-1.641162449979226279e-01,-1.170322100981828484e-01,5.267367868623035188e-01,-1.490411318361724025e-01,4.239399969386193345e-01,8.083794362686143320e-02,-1.330782182764426724e-01,-5.205877850910760607e-01,6.233408410050075149e-02,-7.539305941265224409e-02,5.418250202269795368e-01,-1.062299096892698608e-02,5.106820318820930876e-02,-5.478559401718746669e-02,2.797183529771927191e-01,-1.147274277842163931e-01,6.893791957315606456e-02,-8.140211235267105772e-02,1.078130808423170273e-01,-3.829743500032800618e-01,2.239924777503225495e-01,1.191008287594848142e-01,2.857623931250136695e-01,-2.393912225842426411e-01,2.142747807832761087e-01,-3.930069318405458034e-01,5.971004351533970578e-02,-1.948393868491832548e-01,-1.697010780433403920e-01,3.445540224355470027e-01,8.728433666440707506e-02,-4.347160569416807195e-03,2.528000699744156199e-01,1.926483129605737962e-02,1.905053464826922671e-01,-8.218057772626882751e-02,1.051365594454527555e-02,1.409372198290000100e-01,8.495331394458900676e-02,-1.071745642999278325e-01,-1.248431042400122426e-01,5.409459666309505282e-02,-2.064638866414467144e-01,1.742756554634711796e-01,-2.096171087446152548e-01,4.576370514530624933e-01,-1.349675274977586437e-01,-3.300561982025321806e-01,1.776606678183289267e-01,-1.647678817432376153e-01,1.409459666309505477e-01,-2.325818372657497135e-01,2.271456998534910621e-01,-4.419977695655026295e-01,2.493232161990772133e-01,-3.821390304170037555e-01,-2.300452647000940376e-01,-3.105726968577113833e-01,1.786971638494675232e-02,-6.131508167326321646e-02,1.448295466969889145e-01,1.880693621394677606e-01,-9.873390041765979508e-02,-2.210622990968927060e-01,2.673416282171831027e-01,-5.021101659705669989e-02,-1.786490564387395730e-01,-2.857580197240383937e-02,-2.292536791235704474e-01,2.164396142660339820e-02,-8.415298156611489278e-02,1.168572740591721087e-01,-2.503509654282652930e-01,-8.208436290481292696e-02,3.678904900395792849e-02,3.154359187422098865e-01,-4.357481795718440298e-01,2.446261835516389260e-01,2.686580219107388701e-02,4.156217882836588107e-01,-4.532986376855961952e-01,1.158776322407119863e-01,-2.330497911701034375e-01,1.521156327217861037e-01,-2.938400647263344490e-01,2.772517548271413168e-01,8.952789136471978049e-02,2.939231593448645152e-01,1.500076534517067253e-03,4.318864665106820211e-01,1.383831536594432587e-01,3.639762961667140639e-01,-1.581203122608296208e-01,2.243860838380966893e-01,-4.516848527257221607e-02,4.506089960858061239e-01,-1.851304366840873794e-01,3.173470949684021880e-01,-4.472239837309483629e-02,2.839386849183267447e-01,2.745752334302770659e-01,7.244538715532133910e-02,1.986398722966915276e-01,2.755548752487371744e-01,1.069908814589665691e-01,3.192582711945944618e-02,-4.992674553366425322e-02
8.769980975705757298e-02,-1.590256062627102007e-01,2.276967483763748801e-01,-1.070608558745708531e-02,4.203406879359734005e-01,3.761737114867376719e-01,2.958999365856858632e-01,-3.058231833985698978e-01,0.000000000000000000e+00,3.424154293586407216e-01,1.190046139380289136e-01,-1.908246047538868506e-01,5.224333603026393158e-01,-1.020882989656906742e-01,4.613325752771643140e-01,1.498983184273250113e-01,3.346176554197371478e-01,6.409656469353393338e-02,-2.216876954363560664e-02,-9.440423345214406237e-02,3.414532811440816884e-01,4.218014038617130534e-01,3.463033828256543711e-01,3.108657147230544093e-01,5.194332072336051986e-01,4.648837768690822214e-01,1.991996676215258832e-01,1.498720780214733983e-01,4.964116244997922589e-01,-5.698104130677220797e-02,3.418468872318558560e-01,1.708775229056876122e-01,-3.666659377665041492e-02,-2.261791782379567461e-01,3.623800048107411048e-02,-1.650565262076053308e-01,2.582405807876494985e-01,-9.888259605081892514e-03,1.501301086790142458e-01,-2.994904987863812248e-02,2.871268942292974358e-01,3.491285998556777764e-02,-3.160569416806979781e-01,-4.278716844153856447e-01,-1.870066257024775302e-01,-2.407557236885263796e-01,-3.799173427215674081e-01,-3.338829240558920386e-01,-1.803940434278716864e-01,-2.198858542345454858e-01,-2.558876910629551138e-01,-2.605584833045417881e-01,-2.402921431851479384e-01,-2.517810675471780502e-01,-2.760665631628435590e-01,-2.412805318055585846e-02,9.834466773086091018e-02,-1.636089304847914982e-01,-1.511316175023507125e-01,-1.399575780105399014e-01,-4.681288403927313935e-02,-3.066278891780193083e-01,1.605519232030788723e-01,-2.820974831077387446e-01,1.303623362708009881e-01,-9.396251995364195142e-02,6.815070739760774321e-02,-6.605584833045417825e-02,9.293477072445387871e-03,-6.247840633268460925e-02,3.551026655878944394e-01,2.373488443287922744e-01,2.474207867748354495e-01,-1.043799610767313230e-01,1.297894207430408120e-01,6.272331678729964333e-02,1.549583433557105705e-01,5.379283199580153080e-03,1.506592901970217058e-01,3.230193960333253150e-02,8.817651046336183462e-02,3.017646672935208121e-03,3.697448120530930638e-01,-3.054383241127462886e-02,-1.078480680501191745e-02,3.946119699984693141e-02,2.373619645317180948e-01,2.244429380507751912e-02,-1.172552535479215452e-01,2.127222234370558171e-02,-2.307581290590627887e-01,-1.781329951236579057e-01,-1.992040410225011382e-01,-2.913559729723819852e-02,-3.404692659246463110e-02,5.504799807570356918e-02,-1.468850451553650738e-01,-1.396951739520237989e-01,-1.380770155911744679e-01,-1.084341037808051467e-01,1.087970960617524185e-01,7.274715182261486113e-02,2.206468260042422080e-01,1.483151472742778310e-01,6.232096389757494845e-03,-9.030198333734228144e-02,1.061293214668386914e-01,1.043799610767313230e-01,8.453784085193850883e-03,-8.241674137893333085e-02,-1.993658568585860713e-01,-2.009490280116332517e-01,-2.333296888325206153e-01,-7.021932605890970902e-02,-3.823664472677177351e-01,-2.665019352299315414e-01
3.211388336139599231e-02,9.907502569373072276e-02,1.652620760534429523e-01,1.923334280903544746e-01,2.350440620148258331e-01,7.462552754149264223e-01,6.310817607312326112e-03,-1.641162449979226279e-01,3.424154293586407216e-01,0.000000000000000000e+00,-4.191817366775272835e-01,-7.488574489952111446e-02,-5.265574774223174409e-02,2.029170584505040342e-01,1.655507205178106678e-01,5.582077802803350197e-01,4.695283287048172827e-02,-3.481664516411187016e-02,-4.562331897400013353e-02,-1.170584505040344614e-01,3.168310336533204929e-01,4.964815989153965603e-01,2.753055913931468646e-01,3.824276748813714710e-01,4.881590168594607260e-02,1.940521746736349473e-01,2.887056919813693057e-01,4.811484550961054873e-01,1.416763245938203741e-01,-1.441691631497233894e-01,1.285779886728914689e-01,1.887734796964859740e-01,6.012114320701493486e-02,6.478318864665107146e-02,3.158601386368108943e-01,-3.344777065885285589e-02,1.183660973956397189e-01,1.356672716538015744e-01,5.485556843279176115e-02,2.850407819640943807e-01,1.444884214209179729e-01,7.653889046817256847e-02,-5.668321270035643344e-01,-4.105573899542979688e-01,-3.645885723032516457e-01,-2.710677658481117636e-01,-5.716166276705079152e-01,-2.851719839933524181e-01,-4.207430408256980781e-01,-2.599986879797074324e-01,-5.233780149132972737e-01,-2.639216286545231771e-01,-6.032756773304760456e-01,-2.034287463646104466e-01,-5.609061686820756565e-01,2.045527104152544129e-01,1.935229931556274596e-02,1.891933261901117269e-01,1.010255625287004516e-03,1.893463952242461223e-01,-8.476963110362772946e-02,8.687323697273184597e-02,-7.098467122958168618e-02,-5.281756357831667720e-02,2.696639041350506333e-02,3.058669174083225584e-01,1.425422579869235207e-01,2.426144191030154551e-01,2.256674903238503269e-03,-2.169644223830662078e-02,-3.718265509173208222e-02,4.562506833439023968e-01,1.044586822942861482e-01,-1.244494981522380889e-01,-4.362904812927773102e-02,-5.388030001530690755e-03,-1.190570947497321258e-01,2.019549102359449733e-01,-3.398569897881087432e-01,5.199973759594148093e-03,-3.823577004657672251e-01,2.360849314469397053e-01,2.206162121974153123e-01,3.851173164811615979e-01,-3.368305963132229852e-01,2.770330847783779027e-01,3.416238437821171869e-01,5.584264503290984338e-01,-3.918567273840501963e-01,2.951214712120880934e-01,-3.975552688548249503e-01,4.311298681419605677e-02,-3.824058078764951407e-01,1.467057357153790653e-01,-2.128009446546106631e-01,2.557958496424744821e-01,-1.972360105836303557e-01,1.744637117054076980e-01,-3.035184010846034286e-01,2.143272615949793347e-01,-4.244385646497999404e-02,3.909907939909470498e-01,1.331219522861953608e-01,4.097264437689969729e-01,-7.597034834138767512e-02,3.062167894863440654e-01,2.333078218276442573e-01,4.655878944261004349e-01,1.500076534517067253e-03,-1.898405895344514593e-01,-2.784500666943648950e-01,-2.057991296932059344e-01,-2.793553606962454472e-01,-6.425400712864358377e-02,-4.486890730576633124e-01,1.336073997944501601e-01
-4.224705342109291023e-03,-5.877719708731494741e-01,-1.412652249021451589e-01,-3.478209529640725051e-01,-2.755373816448360991e-01,-5.033959458572959678e-01,4.196715575867573378e-01,-1.170322100981828484e-01,1.190046139380289136e-01,-4.191817366775272835e-01,0.000000000000000000e+00,-1.344820799895038443e-02,6.792897596816164230e-01,-1.898056023266493295e-03,-2.143403817979051273e-01,-4.428112221469025500e-01,3.639544291618376781e-01,-2.082001268286282902e-01,-1.992390282303032889e-01,-1.935842207692812234e-01,-1.747436093678248759e-01,-3.258621066672497957e-01,-8.850888893748223851e-02,-2.992324681288404120e-01,6.290699962826092062e-02,-9.059500120268526580e-02,-3.662198508670267416e-01,-5.903172902407557432e-01,2.808729308346635811e-01,-6.184863659224595911e-02,-1.034353064660733373e-01,-2.532067962651155524e-01,1.043930812796571295e-01,-1.429489842776234809e-01,-1.925827119459447567e-01,-1.538824867157945475e-01,2.125035533882924099e-01,-1.134416478974874798e-01,-1.896744002973912713e-01,-2.102381316831033742e-01,2.208567492510550845e-01,-2.052087205615446830e-01,6.338676171524786351e-01,3.736633793269336090e-01,1.874527126019549239e-01,7.347750978548468759e-02,5.602589053377359241e-01,4.414161072357918880e-01,3.692856049506899052e-01,3.081148455096105465e-01,6.030438870787868666e-01,4.969364326168244639e-01,4.744790186088211348e-01,5.095886816382759754e-01,2.562025759331744146e-01,-1.909426865802191231e-02,-1.191183223633858895e-01,-5.820559357984737003e-01,-1.845094137455992600e-01,-5.229537950186963213e-01,2.146858804749513516e-01,-2.694496074872624880e-01,2.008221993833504693e-01,-1.797117928757298033e-01,5.436574752356169993e-02,-2.738230084625308813e-01,-3.683978045527104284e-01,-5.204740766657190987e-01,-2.770768187881305633e-01,-3.926220725547222012e-01,2.506439832936082635e-01,-2.778071767510004175e-01,1.482539196606240950e-01,1.122039754214865237e-01,-1.001508823336467666e-02,1.856377511972185090e-01,2.506658502984845938e-01,-5.375784478799938704e-02,1.890271369530515388e-01,5.602763989416369855e-02,2.894010627364370092e-01,-1.275239990378517763e-01,-1.180774529312720034e-01,-3.329601364501104110e-01,1.345214405982812500e-01,8.571428571428571508e-02,-4.250727077912138108e-01,-5.004876342087424268e-01,4.337539087271216620e-02,1.245981937853972155e-01,2.441319892414335890e-01,1.710130983359209322e-01,1.111937197961995194e-01,-5.899717915637095293e-03,8.488771292995998113e-03,-3.992127878244516870e-01,-6.668561807089283533e-02,-2.190155474404670843e-01,8.640965646935339084e-02,-2.255887691062955225e-01,-2.079246025671863674e-01,-3.436356082307406301e-01,-4.085018914959218095e-01,-4.279810194397673517e-01,-2.629944676477662946e-01,-1.602895191445627698e-01,-5.748267039863549366e-01,-4.265071833111018784e-01,-1.540399291509041979e-01,1.343639981631715996e-01,2.616999409590868297e-01,2.071024031838359092e-01,2.769762305656994217e-01,1.733310008528131940e-01,5.793094399860051480e-01,-1.901336073997944576e-01
3.186459950580568939e-02,2.462049813037108237e-01,-1.132667118584767402e-01,2.960923662285976921e-01,8.462530887144388558e-03,-2.321401237672476164e-02,-4.774004504603004267e-02,5.267367868623035188e-01,-1.908246047538868506e-01,-7.488574489952111446e-02,-1.344820799895038443e-02,0.000000000000000000e+00,-1.189914937351031071e-01,7.093962519953641577e-01,-2.117906890293236588e-01,1.324003411252760720e-01,-2.479324746889418618e-01,9.496402877697841804e-02,-2.190636548511950416e-02,1.558199033478384343e-01,-7.114211366469135045e-02,-1.035315212875292518e-01,6.386477444184469887e-02,1.984168288469528307e-01,-8.710502722442106660e-02,1.992958824429817977e-01,-4.194528875379939514e-02,9.450482167457523175e-02,-6.780958212153681552e-02,1.670595438542782918e-01,8.844328792285320595e-02,2.699481751984430522e-01,5.597953248343574134e-04,2.912641315519013396e-01,-1.907983643480352376e-01,-7.190745883536331373e-02,2.174017624805930221e-02,1.257746386477444078e-01,4.499792263453674529e-02,1.858476744440314132e-01,2.512431392272200248e-01,1.886728914740548047e-01,7.255034877872777732e-02,2.519734971900898790e-01,-1.509960420721173924e-01,7.398045089764054838e-02,-3.949181080667381154e-03,2.668036998972250773e-01,-1.382694452340862967e-01,1.756795171765323377e-02,-3.426559664122805215e-02,1.175132842054623858e-02,-1.108613413220791155e-01,1.736633793269335979e-01,-4.113183617239946771e-02,3.191926701799654431e-01,-3.952286195359821508e-01,1.399750716144409768e-01,-1.189958671360783760e-01,1.718352977192713904e-01,-1.932605890971113571e-01,3.374210054448842366e-01,-2.341169010080689228e-01,4.941986836063064215e-01,-5.094574796090179936e-01,5.259889352955325614e-02,-2.514049550633049579e-01,9.702827403730511502e-02,-9.018827491198530555e-02,-1.706938400647263487e-02,-1.546609520893923173e-01,7.578229209945114286e-02,-6.791891714591852258e-02,7.115523386761715696e-02,-3.325009293477072525e-01,-1.779842994904987930e-01,-1.851479302879884548e-01,1.057182217751634623e-01,-2.490826791454374411e-01,6.330497911701034319e-02,-2.239881043493472668e-01,1.099866611270254313e-01,-1.407579103890140293e-01,1.731210776060003176e-01,-1.484113620957337454e-01,1.125975815092606774e-01,-7.540617961557805060e-02,1.075463033828256559e-01,-1.872646563600183778e-01,9.059937460366053463e-02,-2.230653167435656392e-01,-4.504165664428943366e-02,-6.564474863877894917e-02,1.219172989875576679e-01,-2.568148520697119963e-01,1.226257899455511641e-01,-2.081651396208261395e-01,1.002339769521768537e-01,-7.729986223786927679e-02,1.142507270779121314e-01,-8.912991187597035445e-03,1.978001793094399940e-01,4.187531433819510068e-02,1.114561238547156219e-01,9.743062692702980643e-02,2.511206839999125320e-02,1.383525398526163908e-01,1.944501541623843699e-01,-1.312370164658546723e-01,-9.225689357328727136e-02,-1.861188253044980534e-01,1.121340010058822188e-02,2.273293826944523463e-02,-7.280837943626861097e-02,1.062299096892698608e-02,5.787321510572696753e-02
5.960070849095799178e-02,-3.266012114320701598e-01,2.892392469003520761e-01,-1.530690341343946079e-03,3.463733572412586864e-02,-3.688526382541383597e-02,6.712689422929741800e-01,-1.490411318361724025e-01,5.224333603026393158e-01,-5.265574774223174409e-02,6.792897596816164230e-01,-1.189914937351031071e-01,0.000000000000000000e+00,5.760206424526032737e-02,2.247578229209944989e-01,-1.871378277317355815e-02,4.666899914718680709e-01,-1.060331066453827770e-01,5.883098991931075272e-02,-2.156524020904856606e-02,8.684699656688023295e-02,1.262294723491723392e-01,4.101812774704248765e-01,2.279810194397673406e-01,3.791519975508954587e-01,2.532549036758435235e-01,-6.037917386455576851e-02,-1.864293367737420992e-01,4.586954144890774132e-01,-1.464433316568629628e-01,3.047866873674313082e-01,1.214231046773523448e-01,6.621329076556384252e-02,-1.747436093678248759e-01,-8.977717522031007646e-02,-2.322013513809013663e-01,3.155540005685421034e-01,1.070739760774966631e-01,-4.933196300102774684e-02,5.283505718221775255e-02,3.778968314709933995e-01,1.184142048063676761e-01,7.896612800944655119e-02,-1.381163761999519013e-01,-2.691828300277711028e-01,-3.726531237016466047e-01,8.695633159126194001e-02,2.590365397651483645e-02,-1.493603901073669860e-01,-2.152500492007609623e-01,5.707725612822811545e-02,-3.608055804596444621e-02,4.112746277142419887e-02,1.333362489339835200e-01,-2.593864118431698368e-02,9.854584417572324895e-02,-4.447748791847980915e-03,-4.072642190199208256e-01,-4.118081826332247175e-01,-4.700137762130721097e-01,-2.265421705189040250e-02,-3.998119437580634483e-01,1.873914849883011602e-01,-3.324047145262513658e-01,7.689313594716931655e-02,-3.439329994970589111e-01,-2.759003739257833709e-01,-4.296604054142704188e-01,-1.062299096892698608e-01,-2.603835472655310346e-01,3.981806651942883524e-01,4.933196300102774684e-02,1.933524305175920166e-01,-4.228204062889506093e-02,1.285911088758172893e-01,5.754958343355710826e-02,1.925520981391178887e-01,-1.937853972141435899e-02,1.541973715860138761e-01,7.454024622247490406e-02,1.794275218123373705e-01,-6.774398110690778643e-03,7.862500273337560963e-02,3.785178544094815190e-02,7.863374953532615078e-03,7.881305897531215576e-02,-3.982856268176947906e-02,-2.856705517045330170e-02,-1.059631322297784894e-01,1.743543766810259910e-01,1.867442216439614252e-03,7.656513087402418150e-02,-1.261988585423454434e-01,6.425838052961885261e-02,8.746801950536834585e-04,-1.276377074632087660e-01,-1.487087533620519986e-01,-9.552819750278804256e-02,6.817257440248408740e-02,-1.280094465461065721e-02,3.462858892217533097e-02,-2.549692768581487273e-02,2.411055957665478658e-02,-8.773042356388444790e-03,-2.344580262841398574e-02,8.822899127506506067e-02,-1.171721589293914373e-01,3.576129977476984884e-02,6.433272834619842284e-02,1.960595657212831425e-02,-1.194638210404320861e-01,-1.183923378014913319e-01,-1.089282980910104698e-01,9.914500010933502069e-03,1.093700115895125807e-01,-2.032669305285255135e-01
