0.000000000000000000e+00,7.760126395868389704e-01,5.712403736166890011e-01,5.541714517944514862e-01,-3.333668197146503753e-01,-4.191680612983431087e-01,6.375160106760672241e-01,4.925808639029747305e-01,-1.382454810508939799e-02,-4.860875501439533841e-01,4.984485911746642239e-01,3.347367171321654067e-01,3.640753534906127631e-01,1.505859736203420673e-01,-2.753060008356374433e-01,-9.678325254743840381e-03,8.261623008797024104e-02,2.477482311199596388e-01,8.906684871081237409e-01,8.629554623517942114e-01,-3.637511444351342327e-01,-3.552943110443412822e-01,3.992725844712994854e-01,2.190214822746689993e-01,-3.599428296144423500e-01,-3.688060659057647572e-01,1.500265988415234140e-02,-1.289644260472294912e-01,7.322330012854204317e-02,-1.944112751690110774e-02,1.333595135950902885e-02,5.983483603469493678e-02,3.769660881894293936e-01,4.475477694645299542e-01,2.994367438451650543e-02,-6.874601873563034558e-03,-3.171335353170969817e-01,-4.878501514878227363e-01,-3.245949099178289665e-01,-3.835050651957012668e-01,-2.465655530161716402e-01,-3.037085406254494968e-01,-4.623517942231425981e-01,-4.003959003536618488e-01,-1.336905721376564216e-01,-2.127930153497005761e-01,-4.146656651194436383e-01,-2.319989771432615921e-01,-2.403370860912032170e-01,-1.846050928219658549e-01,-2.822833450155141088e-01,-2.205922979800862549e-01,-1.969889654763019027e-01,-4.751146718296578308e-01,-5.936450458801476732e-02,-4.300724447417629270e-01,8.652249257401442017e-01,7.422811988428933416e-01,7.769441698307492095e-01,5.638520602115578706e-01,7.553637191801620965e-01,5.219331992355972227e-01,3.584313761304507850e-01,4.871149732070896854e-01,-2.398850199434232333e-01,-2.036329679512499102e-01,2.481455013710389956e-01,-2.208046320798011039e-02,8.064334949051231716e-01,7.253812310354825765e-01,-8.714830737758253593e-03,7.996319542271609904e-02,-8.825564112340721079e-02,-2.085600323295790648e-01,2.051170234868912312e-01,-1.019272173502074191e-01,-2.155921724061563294e-01,-1.369828922644175939e-01,-3.720207585122000671e-01,-3.509905499909814902e-02,-5.904417690855249257e-01,-3.171289689923719735e-01,-3.199007281004774272e-01,-2.047517175088872099e-01,-7.208925338307583530e-01,-6.461372317569619161e-01,-2.459764971266401590e-01,-3.377733230743237836e-01,5.908139245506165843e-02,-4.636303651461566311e-01,-2.823427072369397162e-01,-3.061880549511517557e-01,-2.909593619931094000e-01,-1.135576464249102163e-01,-1.437593181563920630e-01,8.731041190532182195e-02,-3.100557319932692457e-01,-9.002280879200162678e-02,-3.736235384906926860e-01,-3.024528013260607273e-01,-2.834066608978764168e-01,-1.647644118916228584e-01,-3.718244065490229344e-01,-4.100902077449433691e-01,-3.256177666562402040e-01,-2.187885997136914396e-01,-2.177611766505551383e-01,-4.806741721824064201e-02,1.533942633262479205e-01,-1.739244592900734965e-01,-4.891013244624864975e-01,-4.457303722239599475e-01,-3.983867174746397732e-01,-2.316930333866832337e-01,-6.825513882768745322e-02,-8.846112573603447105e-02
7.760126395868389704e-01,0.000000000000000000e+00,4.280723945121909235e-01,4.380406813869754945e-01,-3.755596601741139628e-01,-2.329944359333225301e-01,4.255426506145131293e-01,6.190771914363145667e-01,-1.043519357792090652e-01,-3.885097570943562562e-01,4.504017224176862788e-01,5.814917726244266394e-01,2.197840585037523775e-01,1.605359951962263831e-01,-3.426410252312272475e-01,-4.005351732577758922e-02,2.060622527049766062e-01,3.620570379621406154e-01,7.691722851487138302e-01,8.651290329209181396e-01,-1.518006159972054014e-01,-1.103201221948496430e-01,7.998602704634134863e-02,-3.787994675665370264e-02,-4.187616583978136520e-01,-2.900050001255739529e-01,9.612113546230612862e-04,-3.589816182598193350e-02,2.864158688916845219e-01,3.278872300445901389e-01,-1.380148816522789312e-01,2.856236115518882932e-03,3.958318587909741976e-02,3.440702848701679972e-01,-3.143572098842665197e-01,-2.743607716175520128e-01,-1.590884702583854893e-01,-3.812310354826262682e-01,-1.981625109306398014e-01,-2.788723004459016108e-01,-9.268954243143093241e-02,-1.908746566694597413e-01,-5.119466470619125076e-01,-4.375338193424949118e-01,-3.076492788631677855e-01,-2.258846683364194030e-01,-4.073138823121128516e-01,-1.806004260380968396e-01,-2.464331295991451787e-01,-2.020119226738571194e-01,-2.776119948217877775e-01,-1.859156280180552512e-01,-6.141021806483724227e-02,-3.463899778304934673e-01,2.803495064944553500e-02,-4.484290701364646026e-01,8.796042822993271892e-01,8.613481160485765287e-01,6.309313704225448793e-01,6.539639123356979500e-01,5.340111281333549398e-01,5.656420595037774390e-01,4.904346912822011295e-01,7.565463972839500117e-01,-5.640210142263847315e-01,-4.124372986536191665e-01,-9.320553712536160107e-02,-2.449353750893287218e-01,8.223425702471980347e-01,7.056958051457913328e-01,5.102867880243567786e-03,1.645269630059202348e-01,9.943857037505508811e-02,-7.629187034377575560e-02,3.337229930432042968e-01,-1.816095838023329412e-01,-2.748448020384073320e-01,-1.379600857555783322e-01,-1.447821748948033005e-01,8.085362874410087497e-02,-3.267639141622278309e-01,1.274689546997755628e-02,-6.566603270858401009e-02,1.018130592320811711e-01,-6.874898684670163185e-01,-4.268303541869772899e-01,-3.167043007929422616e-01,-4.971380559785747999e-01,3.212181127836543498e-02,-2.834477578204018799e-01,-2.570178703118115027e-01,-4.810554602969481230e-01,-2.542415448789809851e-01,-3.922861076419727477e-01,-7.128261212039571637e-02,9.317357285228623776e-02,-2.975485685713568085e-01,-8.392219895933460128e-02,-2.714565890924201530e-01,-4.264193849617227694e-01,-1.472616892205055317e-01,-1.447365116475528013e-01,-2.948453043341270896e-01,-3.027678777320891856e-01,-5.085493014664751454e-01,-4.833066583863978583e-01,-2.572553191975140985e-01,-9.271694037978123193e-02,8.918717136731744988e-02,-2.739635013664726837e-01,-3.795095310612823791e-01,-4.357894832975257593e-01,-4.323190765064875984e-01,-3.846192484286135027e-01,-2.244006128007781098e-01,-2.224370931690065334e-01
5.712403736166890011e-01,4.280723945121909235e-01,0.000000000000000000e+00,7.562769841251720804e-01,-1.500699789264113848e-01,-6.979855658475440927e-02,8.966686377968396959e-01,5.820853948386831567e-01,-2.475244812084321788e-01,-1.388002895049875729e-01,2.561822328871273258e-01,2.063362321884796291e-01,4.463422597371166645e-01,3.205263145878092801e-01,-1.784131564947978033e-01,-1.422410151853128633e-03,-1.516270956576535045e-01,5.959738714899232709e-02,6.717771450881186990e-01,4.924758384342985962e-01,-4.111747098671427597e-02,-9.457543454287664630e-02,5.970401083132225173e-01,5.209788373680617202e-01,-4.954462326679436946e-04,-3.114918411192975009e-02,8.081253182157542569e-02,4.457874512830230923e-02,-1.244939941414053841e-01,-4.045992022630705287e-02,2.929822438463066669e-01,3.747331553988798580e-01,4.028982463029893712e-01,2.946124217731495576e-01,-7.469822301473325044e-02,-1.527412788905657404e-01,-2.837902321747806655e-01,-2.454513697832594044e-01,-4.947384523355609354e-02,-9.658005109717367198e-02,-1.598441970003812787e-02,-1.828927210500720379e-01,-3.668608115728934083e-01,-3.980396767955359794e-01,-2.791462799294046060e-01,-3.589930340716319113e-01,-3.782857560349688897e-01,-3.331704677514731872e-01,-2.175739573368281055e-01,-4.947909650698990025e-01,-3.403304649203519050e-01,-5.893869480740383526e-01,-4.520364666692542333e-01,-4.267481603419264191e-01,-3.095854005465890624e-01,-3.423168161757487171e-01,5.804871811849156016e-01,4.206932137565098651e-01,5.958208996116340916e-01,3.037953007952254314e-01,4.264330839358979608e-01,1.633853818246576994e-01,1.966944375315361759e-02,1.371381473050693189e-01,-1.659174088846980186e-02,-1.506453358417677024e-01,3.320243202454856157e-01,4.796695807428953684e-02,6.664299788350849241e-01,6.190954567352148219e-01,-7.896317030793011116e-02,-7.743345152503830486e-02,-2.059024313395998451e-01,-2.883108936525803356e-01,1.034432371589240757e-01,-2.998454299080570706e-01,-2.748630673373075317e-01,-3.346887707225523756e-02,-2.740137309384482189e-01,-1.876371324393991680e-01,-5.049510375831356424e-01,-3.296452650637344828e-01,-7.431465173782902944e-02,5.919098424846286344e-02,-4.758909470329163449e-01,-4.590366424727561623e-01,-1.575222208776932697e-01,-9.246807568226599787e-04,-4.870213635502261551e-02,-1.900481518942256642e-01,-2.289943354741785786e-01,-4.188004721579765416e-02,-3.018820107354294180e-01,5.906541031852397851e-03,-4.399311398231462444e-01,-2.736118943626438260e-01,-5.096269541015869819e-01,-2.944297687841475608e-01,-5.071337408017095871e-01,-2.413919071026897900e-01,-3.503078844445864926e-01,8.517793825872339852e-02,-4.067339590720314701e-01,-2.142314076380913701e-01,-3.036263467803985705e-01,-1.870663418487678864e-01,-1.763446113943500926e-01,-2.644198826911178246e-01,-9.210961919134955100e-02,-3.856649367906500037e-01,-6.338583845713020581e-01,-5.837612360127766298e-01,-2.966124720027215056e-01,-3.734408855016906892e-01,-2.208114815668886788e-01,-2.179278475030194812e-02
5.541714517944514862e-01,4.380406813869754945e-01,7.562769841251720804e-01,0.000000000000000000e+00,-2.140898515716148087e-01,-7.413428191118955415e-03,7.311987287351965348e-01,8.138355072844295490e-01,-3.119507567541650594e-01,3.978410416699963009e-02,1.430698031229094835e-01,3.290425102000278379e-01,2.992974709410510248e-01,4.364607330321081391e-01,-1.554491094525204953e-01,5.878458134793339285e-02,-1.482525816858414336e-01,7.084424494679089634e-02,6.676263559130480862e-01,5.414953343577121325e-01,-1.887239177239611043e-01,-2.598170273682672282e-01,6.210863743153366423e-01,5.823456753480110715e-01,-4.794640961302681090e-05,6.982138820837965887e-02,5.383011902125395959e-02,5.381413688471628487e-03,-2.524492624243987807e-02,-9.132421133864092322e-02,2.896168625239446404e-01,3.690891780387178800e-01,4.349173152750411275e-01,4.990787439867211406e-01,5.413377961546979658e-03,7.038304614956084060e-02,-3.266406233946514415e-01,-3.720664217594505940e-01,-1.777282077860402876e-01,-1.671617323722741910e-01,-1.677462219370806085e-01,-2.631869750153542631e-01,-3.966104171565952297e-01,-4.018753895645780783e-01,-2.445837680854998641e-01,-3.238688642865459877e-01,-3.333211564673998484e-01,-3.341522275673590170e-01,-3.005349449415396501e-01,-5.112799636520551916e-01,-4.510912374511688583e-01,-5.885056474021037598e-01,-3.125261136695213771e-01,-3.899527157074720862e-01,-2.622371794725438243e-01,-3.338873807333060939e-01,5.323992155054122488e-01,3.979848808988353803e-01,4.550411083383372746e-01,2.511821073131973447e-01,3.540705360180278483e-01,3.383715116133053646e-01,-4.119053218231508162e-02,1.776916771882398882e-01,-1.960620015571167274e-01,-4.749662662760936738e-02,2.444056814212229034e-01,1.321471543805894655e-01,6.372602964914644286e-01,6.393882038133378298e-01,-1.317498841295101086e-01,-6.474820143884892076e-02,-2.437024674135651880e-01,-4.047704394402599215e-01,-1.330786846244997046e-01,-2.945302279280986313e-01,-2.280628052302683395e-01,-1.198820061691047018e-01,-3.661712965394108288e-01,-9.500010274230631657e-02,-5.007911157586149020e-01,-1.853676690510492331e-01,-1.749199180801344344e-01,-9.968058558548273385e-02,-5.288557475187732893e-01,-3.873910075367189565e-01,-2.437846612586160866e-01,-1.240373616689003644e-01,-1.210761000847053286e-02,-1.454808225777359798e-01,-1.736824440796458369e-01,-2.488076184561712756e-01,-1.983953934916173611e-01,-7.476215156088394931e-02,-2.746621490494053353e-01,-5.589866412170168414e-02,-2.994983892289532212e-01,-1.567733436227850552e-01,-4.157661493781807382e-01,-3.841123863841329200e-01,-3.583994118573753940e-01,3.077017915975058596e-02,-3.796556534524839766e-01,-2.005780967101913614e-01,-2.015050606293765367e-01,-1.308092212361497697e-01,-2.557027687909970148e-01,-1.977058784581347817e-01,4.711762167543020324e-02,-1.439602364442942595e-01,-5.675918801613739628e-01,-5.364952087837822070e-01,-2.536250910410992043e-01,-1.454123277068602171e-01,-6.345136521693467424e-02,-6.089194020854405039e-03
-3.333668197146503753e-01,-3.755596601741139628e-01,-1.500699789264113848e-01,-2.140898515716148087e-01,0.000000000000000000e+00,4.975490252038293204e-01,-2.089253383075830584e-01,-2.641276379087146298e-01,2.211402569470922730e-01,3.882723082086536603e-01,-2.597987620693670285e-01,-1.795136407535349032e-01,-1.426862318460052625e-01,-2.333620250736890764e-02,4.350086417695421814e-01,2.255695919303909447e-01,-2.151880526679893907e-02,-5.556988874149807606e-02,-4.150948996435983585e-01,-3.925555208007506791e-01,2.481318023968638597e-01,1.811803492781782210e-01,4.230928173995237435e-02,1.255259835292667214e-01,6.411782031055573983e-01,6.125473470794928765e-01,3.847379728714648284e-01,3.979711819246601889e-01,5.417715970035777429e-02,5.048071983542965283e-03,2.582188137144996731e-01,1.754496117482402529e-01,-3.036834258394617223e-02,-2.634655208235823221e-01,9.632433691257086261e-02,1.464192023087337868e-02,2.701551865457808566e-01,4.363968044859574125e-01,5.347851201742509497e-02,2.856167620648006888e-01,-3.705572514378214794e-03,3.433944688108605536e-01,3.669886686651948060e-01,1.207678731657644416e-01,6.868893967656722332e-02,1.893358052371178213e-01,-3.803520179730541378e-02,-2.511706915013847338e-02,-9.305028208470988993e-02,-4.514953571893358386e-02,3.415382578101276712e-02,1.828813052382594019e-03,7.060679606108828665e-02,4.802175397099013587e-02,1.592893885462876857e-01,5.215884417188559191e-02,-3.671439237058464755e-01,-4.084326318697501512e-01,-4.390361401770364047e-01,-4.657811040916552958e-01,-3.599747938875177411e-01,-3.369513846238147425e-01,-3.748153492439307843e-01,-3.212203959460169234e-01,2.166469934176429024e-01,-9.326718250914977498e-03,-5.107662521204870548e-02,-2.143889458411056027e-03,-3.908705469772071894e-01,-2.940827281050437114e-01,2.014913616552013731e-01,1.001691823310631030e-01,1.420515127092232821e-01,9.498640376813116681e-02,-3.571094251225487293e-02,-4.045535390158200295e-02,2.198890839724285395e-01,2.570589672343369103e-01,3.062063202500519554e-01,2.838655765327439615e-02,3.409423524335086220e-01,1.337316690601818847e-01,2.622211973360061635e-02,1.003746669436903632e-01,4.963435154764160862e-01,2.411864224900625298e-01,4.321455561669356737e-01,3.137818529689102021e-01,2.122815869804949573e-01,2.149711522435494848e-01,-1.584857153946788721e-01,2.394466527698184133e-01,-9.287676174515797911e-02,1.022879570034863905e-01,9.006390571452707605e-02,-3.244373717148147773e-03,1.210098883761921013e-01,1.358321784337049587e-01,5.908595877978670835e-02,3.282502528602316422e-02,7.319133585546669374e-02,3.740504898524849020e-02,1.821758080682391590e-01,1.899065958277491029e-01,3.759660630746434196e-01,3.154987910655290273e-01,4.760325030993929341e-01,-7.154745895444862558e-02,-5.833479836251595670e-03,1.832534607033509955e-01,1.492845710737027709e-01,1.806963188573229018e-01,1.928564416001315174e-01,7.072552050393959844e-02,-5.146932913840301937e-02,3.301977903554655369e-01
-4.191680612983431087e-01,-2.329944359333225301e-01,-6.979855658475440927e-02,-7.413428191118955415e-03,4.975490252038293204e-01,0.000000000000000000e+00,-1.032560178451970290e-01,1.411656457125635700e-01,-1.764542031877512906e-01,7.289749285940970713e-01,-3.000691798195845306e-01,1.907970291491338788e-01,-1.419327882663719842e-01,1.873585866311711090e-01,8.712775891631981129e-02,1.407364111884088498e-01,-7.913212432275695818e-02,-3.914938503021765659e-02,-3.877380482158227504e-01,-4.365885901244095368e-01,2.795435501804839906e-01,2.833518650011758178e-01,-1.331837100931758666e-01,6.700853217774875581e-02,5.125220039772688807e-01,5.011427227624437597e-01,4.397484868341442477e-01,5.010148656701424175e-01,3.859229341376153172e-02,1.543394925443332955e-01,1.727006842637600625e-01,1.733628013488923147e-01,-1.955323078890109090e-01,-2.594425887408131071e-01,-2.938087486215407163e-01,-2.805755395683453002e-01,8.010475148919264654e-02,2.916534433513170432e-01,2.138569690106372490e-01,2.543465703476571194e-01,5.150129341147836881e-02,2.489263428990225735e-01,1.791437684508058459e-01,-4.577968853099050744e-02,-2.268801271264803410e-01,-1.165257574961928305e-01,-4.541438255298649307e-02,-1.001554833568879532e-01,7.449958788919356506e-03,-3.296269997648342831e-01,3.958318587909741976e-02,-5.614981198157944359e-02,9.897508841546248659e-03,1.966008278746726456e-01,6.007000175803502151e-03,1.134343556573338546e-01,-2.714474564429700254e-01,-3.227912116514341512e-01,-3.700298409320781912e-01,-2.319624465454611928e-01,-3.935464132660865810e-01,-1.892627440415170226e-01,-1.837055268511309514e-01,-1.048405325247894343e-01,-8.568480030320396734e-02,-5.034601325604067673e-02,-2.892469902212155830e-01,-2.444125309083104713e-02,-2.458577726837888611e-01,-1.204710620586361691e-01,6.109514165880878395e-02,-7.807273698654532135e-02,-2.321976122688012862e-03,4.792586115176408756e-02,-2.524332802878611060e-01,-2.825618908237421678e-01,-1.033930075869485266e-01,1.014477532540771637e-01,3.372390630814929291e-01,6.226412078842162579e-02,5.171979204957202203e-01,3.333805186888255112e-01,7.997917755925376335e-03,2.231585724755644484e-01,3.330882739064223164e-01,5.249013103068798092e-01,3.408761407249953981e-03,2.322318597042391519e-01,9.955272849318133610e-02,4.700643166837523146e-01,-1.147266255545230651e-01,8.116642198776681180e-03,-9.766683638173560833e-02,-1.743993570614787159e-01,-7.351554491094525190e-02,-2.265559180710017828e-01,-9.947738413521801243e-03,-5.878914767265844277e-02,5.485297575966519706e-02,-8.836066659208335894e-02,3.025418446581991730e-02,1.921714928913739739e-01,5.661101077880951321e-02,3.147499138106208405e-01,1.850388936708456111e-01,8.817801360308136216e-02,2.893063524426412458e-01,-1.329736591558235426e-01,-2.225877818849331946e-01,2.066033621848950563e-02,2.271974866948713381e-02,2.095714732561776775e-02,1.283822196447855987e-02,-1.906098098354068182e-01,-2.948864012566525528e-01,1.773400701844110305e-01
6.375160106760672241e-01,4.255426506145131293e-01,8.966686377968396959e-01,7.311987287351965348e-01,-2.089253383075830584e-01,-1.032560178451970290e-01,0.000000000000000000e+00,5.464817609574669222e-01,-1.683444104760621896e-01,-1.400194982065759708e-01,3.508238791385172028e-01,2.240079088744237890e-01,5.399656155748203679e-01,3.380610015320019701e-01,-1.801711915139421194e-01,4.310838856683615189e-02,-7.382605499224866030e-02,1.055985424291477626e-01,6.903986173168732421e-01,5.097913417916888346e-01,-1.261378710424234384e-01,-2.014456984079508739e-01,6.072686756973348920e-01,4.826765055743408861e-01,-2.468326830125870675e-02,-9.762573945921015905e-02,6.972092906442856064e-02,-3.173595683909869684e-04,-6.977572496112915967e-02,-1.073291794999417792e-01,3.515544910945251900e-01,4.411046852774841431e-01,5.528883145467123894e-01,4.455751171833082780e-01,3.054642924822312949e-02,-7.598592658719739712e-02,-3.629566039329754634e-01,-3.969437588615239432e-01,-1.131466771996556958e-01,-1.825959099429437793e-01,-9.682206630760133159e-02,-2.452184872222818446e-01,-3.016491281744518860e-01,-3.138960110870364084e-01,-1.284849619510992358e-01,-2.149802848929995847e-01,-3.681165508722821778e-01,-3.114438947096844768e-01,-2.213092109619191339e-01,-4.427987917504777604e-01,-3.203071310010068840e-01,-5.159239158974312511e-01,-4.866446417604095021e-01,-4.160903584336592687e-01,-3.344079417519618125e-01,-3.412437298653618889e-01,6.207347673115077846e-01,4.564931996009032322e-01,6.315112936626262607e-01,2.563055236547036597e-01,6.298445851379829152e-01,3.142978476628408568e-01,1.663032633239647506e-01,1.987378678459961190e-01,8.988581905025011531e-02,-4.700802988202899824e-02,4.568722045530823617e-01,1.947286347374020676e-01,6.786448974745941110e-01,6.021315603816533857e-01,-4.365634753384217692e-02,-5.079351307909559660e-02,-1.632803563559815374e-01,-2.216288536926726560e-01,1.043793337275593647e-01,-2.897492859409711019e-01,-2.588854971243569891e-01,-9.191783355289744051e-02,-3.561893106904511219e-01,-7.372559584829756207e-02,-5.175449611748240697e-01,-3.407460004703314338e-01,-1.867695307416396278e-01,-8.592224918890657703e-02,-5.558198950201945765e-01,-4.665254150218384743e-01,-3.120649148722913213e-01,-5.712700547274018187e-02,-1.416131455356184621e-01,-2.718310277198742186e-01,-2.849592113043935004e-01,-3.390724424586005759e-02,-3.604085947363974696e-01,2.393439104635047832e-02,-4.576484797563409312e-01,-2.549219272630134370e-01,-4.791330375877019820e-01,-2.399717801131991957e-01,-4.593517188787846206e-01,-1.667233651986693710e-01,-4.700003881376016435e-01,-7.799054314149442280e-02,-4.635116407033053609e-01,-2.984024712949411851e-01,-2.918954585617447028e-01,-1.382249325896312553e-01,-2.074458490966668012e-01,-2.727442926648842580e-01,-2.289783533376409108e-02,-3.595455593633630209e-01,-6.201868083445017943e-01,-5.316777361988542783e-01,-3.182157542769338820e-01,-3.158366990951827491e-01,-1.625634433741486584e-01,-9.155481073725595977e-04
4.925808639029747305e-01,6.190771914363145667e-01,5.820853948386831567e-01,8.138355072844295490e-01,-2.641276379087146298e-01,1.411656457125635700e-01,5.464817609574669222e-01,0.000000000000000000e+00,-3.927199084908525317e-01,3.547349362655226324e-02,1.160325944258874115e-01,5.915833502667875443e-01,1.352020256216480421e-01,4.272002264897063473e-01,-3.460749014244650090e-01,-9.189956825399724083e-02,-1.901303457392765628e-01,1.025824849482521312e-02,5.993232706757475325e-01,5.159010842738059877e-01,2.530428846386553049e-02,-5.897408382402298012e-03,2.374146382671711020e-01,2.683377893052108498e-01,-2.395699435373947750e-01,-7.261141261538531233e-02,-1.595245542696277843e-02,-2.629518092920141853e-02,5.750144410019429608e-02,5.414062910255736799e-02,1.492959868855153922e-02,1.855685873389514295e-01,1.559788031206263137e-01,3.872129208724420235e-01,-3.172979230071988344e-01,-2.111445721239574580e-01,-2.145647493430200281e-01,-2.934251773446365230e-01,6.035083072862560544e-02,2.417868941914066375e-03,6.954740872487664982e-02,-8.549301466475185685e-02,-4.369219318293381948e-01,-4.479359070661592113e-01,-5.422853085351458935e-01,-4.909735175997570478e-01,-2.201904614042818342e-01,-2.141948770402909707e-01,-1.820479509759377612e-01,-5.654320085664251705e-01,-3.633904047818552474e-01,-4.416206799714147979e-01,-1.407729417862092491e-01,-2.588672318254567895e-01,-1.073474447988419789e-01,-2.642280970526657002e-01,5.705645575573815576e-01,4.397484868341442477e-01,4.247207121640041438e-01,4.645390637664416067e-01,2.204507419136096935e-01,4.344606828025361356e-01,1.252520040457636985e-01,3.649840521108977387e-01,-4.927224199694512641e-01,-1.985826128053444217e-01,-7.938327218263471763e-02,-5.905399450671135891e-02,6.411873357550075259e-01,6.143053820986371649e-01,-2.405654023274557129e-01,-4.409471470744699001e-02,-2.270582137907573017e-01,-2.536524889894495316e-01,-1.286173853681256973e-01,-2.998499962327820789e-01,-3.511754861423460605e-01,-1.269461105187573158e-01,-2.331359919997990915e-01,-1.602209187901979248e-01,-3.484722219051163417e-01,-1.105712700547274024e-01,1.964661212952836800e-02,1.197039195048277410e-01,-5.387281415743317980e-01,-2.868998993125397856e-01,-2.725936039489575968e-01,-3.389833991264620816e-01,2.092518305254241484e-02,-2.857834329172650317e-02,-1.656913758108080337e-01,-4.253097680535355973e-01,-1.183157567884124961e-01,-3.251428688848350124e-01,-2.063362321884796291e-01,-8.764375361025047995e-02,-4.044462303847813356e-01,-3.333668197146503753e-01,-2.517072346565781271e-01,-4.819139293452575079e-01,-1.249277949902851403e-01,1.081967811977013055e-01,-3.412939594373374796e-01,-1.156490231489831905e-01,-3.925463881513006070e-01,-4.503560591704358074e-01,-2.733150832555155674e-01,-1.490334232138250115e-01,-1.095027500690656658e-01,-3.091059364504588070e-01,-5.761674379950181279e-01,-6.017708207283745114e-01,-3.236679459986437912e-01,-3.760436905949692821e-01,-3.405907454296797643e-01,-1.892992746393174219e-01
-1.382454810508939799e-02,-1.043519357792090652e-01,-2.475244812084321788e-01,-3.119507567541650594e-01,2.211402569470922730e-01,-1.764542031877512906e-01,-1.683444104760621896e-01,-3.927199084908525317e-01,0.000000000000000000e+00,-5.580277130247563583e-02,1.448780677140293349e-01,-1.601798218676724894e-01,6.167963122361520834e-02,-3.186358561516385302e-01,3.561482137679256588e-01,3.579564783590455379e-01,1.725180312747580380e-01,7.179860681432638503e-02,-9.626040836642016374e-02,1.226286504912223879e-02,-2.231722714497396121e-01,-1.649790291537002185e-01,-7.469822301473325044e-02,-1.379098561836027970e-01,-6.334177342353346229e-02,-1.406998805906084504e-01,2.280034430088426767e-01,5.374792517620305410e-02,-7.757044126678980245e-02,-4.022247134060444318e-02,-6.361118658231142142e-02,-1.359417702271061568e-01,-9.703440040731616673e-04,-5.663840872715981273e-02,1.372431727737454532e-01,3.340951485082958861e-02,-2.580863902974732116e-01,-1.908792229941847773e-01,-1.364851628693871388e-01,-2.103865622195991159e-01,-1.957012619038377699e-01,-2.882971946784051442e-01,-1.064204808796567897e-01,1.197404501026281542e-01,2.083636803664019044e-01,2.797079378705857877e-01,-6.773914413375678456e-02,4.614956083371957174e-02,-8.712775891631981129e-02,3.421113315631214569e-01,-3.666530437979036161e-02,1.314713383212820497e-01,-1.357362856144788965e-01,1.200874907817319620e-01,-1.907102689793579164e-01,1.259141211308959785e-01,-1.071556591603898684e-01,-1.815182573078319428e-01,-1.142608604325679456e-01,-1.234528721040939331e-01,1.160188954517122617e-01,1.055254812335469639e-01,7.339225414336890407e-02,2.542301290671683534e-02,1.189139453273940633e-01,1.873448876569959454e-01,4.345999557066501651e-02,2.634997682590202103e-02,-8.476696903346887801e-02,-1.507183970373685289e-01,9.446584274947544824e-02,-1.243478717502037728e-01,-1.150508346100016233e-01,-1.010733146266230426e-01,3.714476847592063091e-02,2.159346467605350872e-01,2.082860528460760419e-01,5.974350954019393145e-02,6.096271824178232934e-02,2.257613775688430413e-01,2.049138220366264820e-02,-9.658918374662377182e-02,-4.452394923160171020e-02,-1.381838356671057921e-01,8.080796549685037578e-02,1.391792944571667301e-01,6.703136380137400541e-02,1.719746386324770837e-01,-1.491110507341508462e-01,-4.784366730671318207e-02,5.466575644593814343e-02,4.588014767494160567e-02,7.498133514768635932e-02,1.598875770852692668e-01,8.273952085554660274e-02,1.683535431255122894e-01,1.565724253348828310e-01,1.457958989837644381e-01,-5.050583462141743085e-02,9.493160787143056778e-02,6.249015386231160894e-03,-2.569722070645609757e-01,-1.001623328439755350e-02,-3.369696499227149422e-01,1.680612983431090668e-01,2.702739109886321267e-01,-2.187041227062780022e-02,3.256474477669530493e-02,1.099137192943201724e-01,2.437526969855407233e-01,1.926783549358545566e-01,2.155191112105555029e-01,5.067022231151924183e-02,2.051078908374411314e-01,2.229119909404117528e-01,1.643123457438428747e-01
-4.860875501439533841e-01,-3.885097570943562562e-01,-1.388002895049875729e-01,3.978410416699963009e-02,3.882723082086536603e-01,7.289749285940970713e-01,-1.400194982065759708e-01,3.547349362655226324e-02,-5.580277130247563583e-02,0.000000000000000000e+00,-2.155465091589058302e-01,9.901846850035046776e-02,-2.423120215347874043e-02,3.458648504871126850e-01,3.103753747240227678e-01,3.674224695140745345e-01,2.562393119461904220e-02,9.989063652283504402e-02,-3.852722328642956828e-01,-4.886492583147065139e-01,3.441867261506567632e-02,3.959231852854751960e-02,-3.490726936064604546e-02,1.078725721422227474e-01,4.688999038788645435e-01,5.196089399505466888e-01,2.642874592740913631e-01,3.527691334713885518e-01,9.577637794556484452e-02,1.304256499592455487e-01,2.551593761487160883e-01,1.777053761624150241e-01,-9.000910981782647702e-02,-2.683514882793859857e-01,-9.421469488959768879e-02,-1.635178052416841610e-01,-9.070319117603410641e-02,7.003600547045701896e-02,-3.442323893979072624e-02,8.768028420805089318e-02,-1.616775763774889185e-01,-3.147339316740831172e-02,2.374146382671711020e-01,1.210327199998173509e-01,-2.137268287559733124e-02,3.681599309571701589e-02,1.730865387030267738e-02,-7.357490713237090085e-02,-3.293005075469931930e-02,-1.351563623743975429e-01,1.663740413572030452e-02,-1.177312672236060787e-01,3.431593030875204446e-03,2.506524136450915541e-01,-2.227339042761347920e-01,1.787327992255513254e-01,-4.027429912623376462e-01,-3.888157008509345869e-01,-4.869231875686375610e-01,-4.909004564041562491e-01,-3.457232944206361513e-01,-1.898563662557735399e-01,-1.763354787448999927e-01,-2.127199541540997496e-01,3.340494852610453869e-02,-5.175244127135612826e-02,-2.331542572986992912e-01,-1.030961964798202679e-01,-4.118436764393626492e-01,-2.118843167294155727e-01,-8.111847557815378418e-02,-1.082744087180271680e-01,-1.578464299331718279e-01,-9.836548406466828764e-02,-3.223117475553038958e-01,-1.148681816209996126e-01,-4.501711230190712232e-02,-4.671121877490073959e-02,3.037679028468751596e-01,2.270764790896575014e-01,4.535387875037957817e-01,3.536367351691480643e-01,-1.922582530611499363e-01,-4.806285089351559209e-02,4.114144419152079291e-01,5.052021854430134296e-01,-2.251883038158492695e-02,2.692236563018706175e-01,2.984093207820287617e-03,3.772492003223825163e-01,-1.074844345405934903e-01,8.423727536536305960e-02,-7.370733054939736240e-02,-6.955654137432674966e-02,-2.914456755763272441e-02,-1.549285484338647767e-01,1.645954578767959975e-01,7.202692305057889488e-02,7.936044055900946803e-02,7.271187175933642444e-02,-2.300286080244024270e-02,1.942583032907219120e-01,-7.532152633970259394e-03,1.917468246919443176e-01,2.716986043028478126e-01,3.047039994155104625e-01,2.473189965958049186e-01,-2.118249545079899376e-01,-4.030009886093029875e-02,2.022082746370342521e-01,1.689197673914185072e-01,1.148042530748489137e-01,1.999844744959348164e-01,9.818739740039134078e-02,6.985335248145500830e-02,3.244076906041019059e-01
4.984485911746642239e-01,4.504017224176862788e-01,2.561822328871273258e-01,1.430698031229094835e-01,-2.597987620693670285e-01,-3.000691798195845306e-01,3.508238791385172028e-01,1.160325944258874115e-01,1.448780677140293349e-01,-2.155465091589058302e-01,0.000000000000000000e+00,5.518243608857756888e-01,7.257008737662361542e-01,1.780341515426186461e-01,1.769017030108062105e-01,2.830641865434976867e-01,5.726057047094790242e-01,6.052320948699624337e-01,4.381046099331261656e-01,4.545799095411072188e-01,-4.832838267627725948e-01,-4.354926721903975007e-01,1.385171773720344501e-01,1.164412804887793979e-04,-2.390128519209386571e-01,-2.467938692524241362e-01,6.536465527673068765e-02,-7.826452262499743184e-02,5.233533262250877893e-01,4.058617910495468939e-01,1.290009566450298906e-01,1.770249937783825722e-01,5.843754066882958509e-02,3.325882613490293432e-02,-1.119822643947679108e-01,-2.466705784848478022e-01,-2.400539739582500942e-01,-3.949026117094264765e-01,-3.091698649966094781e-01,-4.797083945030582997e-01,-3.300881985620643388e-01,-2.586754461870047206e-01,-3.882220786366780696e-01,-3.978935544043343819e-01,-4.996244197913646268e-02,8.176004420202333603e-03,-5.017957071981259398e-01,-3.339924062019822282e-01,-3.549746683135877601e-01,-8.586745329220596412e-02,-1.970391950482774657e-01,-6.557013988935794790e-02,-1.461931692348437950e-01,-2.742877104219512141e-01,-2.280194251453803583e-02,-4.675300064613495121e-01,4.987454022817924826e-01,4.881971921669265857e-01,2.693423807447218876e-01,1.895823867722705447e-01,5.219286329108722144e-01,5.398468911319690422e-01,6.713753085123141950e-01,5.978574804390064390e-01,-2.266495277278653131e-02,-2.685843708403635732e-01,-6.210886574776992158e-02,-2.540634582147039966e-01,3.213847836361187205e-01,1.900572845436757641e-01,1.772304783910098325e-01,3.824411115347645662e-01,1.312338894355794261e-01,1.667142325492192712e-01,4.171680110687711607e-01,2.674747539321764012e-01,-2.134049028628572930e-01,-1.797693549381377265e-01,4.006264997522768906e-02,4.981928769900613729e-01,-9.102283390678761466e-02,1.627826269609510823e-01,-2.708355689298133084e-01,-1.878974129487270273e-01,-3.333302891168499760e-01,-2.135007956820833275e-01,-1.127813712216516884e-01,-2.843016605439862565e-01,2.153707056569913875e-02,-2.139619944793134110e-01,-2.115875056222873141e-01,-8.878076846678797929e-02,-3.303028158241417267e-01,-2.218252056558498164e-01,-1.337636333332572203e-01,6.545826493359422141e-03,-2.186127962117770038e-02,2.280902031786186390e-01,-6.422764042019320219e-02,4.391206171844498629e-02,-1.545952067289361187e-01,-8.140615403583195686e-02,-2.513053980807737342e-01,-2.837628342264303383e-01,-1.558600786777750158e-01,-2.637280844952727063e-02,1.700613485726810425e-01,-7.931021098703391892e-02,5.273420108724191646e-02,-8.968033443762286894e-02,-1.708421901006646204e-01,-1.344577146914648635e-01,-9.395898070499487942e-02,-1.586912000073061324e-01,-2.550292358940521413e-03,4.386183214646943024e-02
3.347367171321654067e-01,5.814917726244266394e-01,2.063362321884796291e-01,3.290425102000278379e-01,-1.795136407535349032e-01,1.907970291491338788e-01,2.240079088744237890e-01,5.915833502667875443e-01,-1.601798218676724894e-01,9.901846850035046776e-02,5.518243608857756888e-01,0.000000000000000000e+00,3.718563708220982700e-01,3.945829689786729544e-01,-1.249460602891853400e-01,3.833201290443367243e-02,3.243757263310265704e-01,4.447257807844489097e-01,3.169371833539198491e-01,3.748518798417311837e-01,-1.963953432620453854e-01,-1.492708720995276073e-01,-7.198582612805344561e-02,-2.147314201954843640e-02,-1.982036078531652645e-01,-9.205938961937400189e-02,5.314973663722147995e-02,-5.215884417188559191e-02,3.587327535623040520e-01,4.867085703065602287e-01,-9.080136715762267968e-03,9.581747486809029379e-02,-1.942994002132473752e-01,4.077043030761046821e-02,-5.196043736258216805e-01,-4.919278794672925503e-01,-1.598008169154933045e-01,-3.301566934329400738e-01,-5.847178810426746295e-03,-2.222361748811043092e-01,-1.035893595501256870e-01,-1.518462792444559006e-01,-4.378671610474235698e-01,-4.951151741253775884e-01,-4.695346230156465239e-01,-3.359422268595786409e-01,-4.160766594594841328e-01,-2.931785958094837996e-01,-3.223711097767295586e-01,-3.615638748918351686e-01,-2.955576509912349326e-01,-1.771254529223336704e-01,2.067403519266465539e-02,-7.889467543705434849e-02,-4.502624495135722910e-02,-3.273666690259344203e-01,5.114717492905073160e-01,4.213781624652673807e-01,1.290329209181052539e-01,3.572669633255629584e-01,1.823173641347157203e-01,5.082250924109966705e-01,5.503448716748594594e-01,7.089059314275015788e-01,-5.069693531116078455e-01,-4.272869866594823374e-01,-4.295975469703576799e-01,-3.394171999753418656e-01,3.554586987344430793e-01,3.303439127466671343e-01,-6.038279500170095487e-02,1.787008349524759621e-01,-5.819095913367687556e-02,-2.158273381294964141e-02,3.391181057058510750e-02,-1.472845208441307951e-01,-4.476984581804565599e-01,-3.069734628038603974e-01,1.990803422003749046e-01,2.967037984972225595e-01,7.893577235957981164e-02,3.182111879522088183e-01,-9.563025555436323322e-02,-7.984218781750226576e-03,-3.212112632965667958e-01,-1.994798956138168003e-02,-1.119731317453178110e-01,-3.933043980556589214e-01,1.921851918655491376e-01,1.395491667598957874e-01,-2.078887825949966850e-01,-4.635710029247309683e-01,-2.088614097614323595e-01,-4.444518013009459145e-01,-1.741116786038005571e-01,-1.256858048946434825e-01,-2.699086050106281331e-01,-1.147083602556228515e-01,-1.010276513793725434e-01,-3.545454337894330954e-01,7.141503553742217791e-02,1.755318055932911514e-01,-2.707396761105872462e-01,-9.427862343574838766e-02,-2.317660945822840324e-01,-2.855391345444748818e-01,6.938758735949990264e-02,-8.252033726874419273e-02,-2.137062802947105877e-01,-2.507620054384927522e-01,-3.598012735479658164e-01,-3.852996308126459546e-01,-2.057015130516976487e-01,-3.448374274239763837e-01,-2.983887723207660492e-01,-5.424108824650847316e-02
3.640753534906127631e-01,2.197840585037523775e-01,4.463422597371166645e-01,2.992974709410510248e-01,-1.426862318460052625e-01,-1.419327882663719842e-01,5.399656155748203679e-01,1.352020256216480421e-01,6.167963122361520834e-02,-2.423120215347874043e-02,7.257008737662361542e-01,3.718563708220982700e-01,0.000000000000000000e+00,5.287552883748222188e-01,2.674382233343760018e-01,2.720136807088762709e-01,3.146448883419446507e-01,4.842747192281084412e-01,3.666096637130156211e-01,2.469262926694505977e-01,-3.661712965394108288e-01,-3.568970910228339011e-01,3.589473708243814398e-01,1.846735876928415898e-01,-7.825538997554733200e-02,-1.550609718508912382e-01,-1.030231352842194692e-01,-1.602391840890981245e-01,2.626207507494480731e-01,2.082951854955261417e-01,2.877401030619490263e-01,3.423442141240989889e-01,2.281358664258691382e-01,-3.486617243812058925e-02,1.716709780382612294e-02,-1.713855827429456025e-01,-2.938361465698910435e-01,-3.857060337131754668e-01,-2.049891663945898057e-01,-2.721278388270024773e-01,-2.433006308377607674e-01,-2.371817557061935422e-01,-2.261677804693725258e-01,-2.969047167851247560e-01,-2.300742712716529262e-02,-1.139640493254396869e-01,-2.434741511773126643e-01,-1.366997801314644989e-01,-2.704291660292838517e-01,-1.471429647776542338e-01,-1.090552502460107459e-01,-2.095554911196400028e-01,-1.652667076113783773e-01,-1.792350949453068443e-01,-1.223569541700818969e-01,-2.922196676172232888e-01,3.566002799157056424e-01,2.765389085114009493e-01,2.027060040320647349e-01,-2.271061602003703397e-02,4.529816958873396637e-01,1.950848080659559891e-01,4.665025833982132109e-01,2.980554306158373912e-01,1.928244773270561541e-01,-3.015441027057756962e-01,1.443849046437239159e-01,-1.716641285511736614e-01,2.139893924276637105e-01,1.874133825278717080e-01,1.098178264750941241e-01,2.669724582124208823e-01,-3.837310982695912170e-02,2.994367438451650543e-02,1.836826952275057157e-01,7.702248229978378435e-02,-2.138980659331627121e-01,-1.132882332661322572e-01,-7.083511229734079651e-02,3.637283128115089692e-01,-1.365536577402628737e-01,8.155684275175860420e-02,-2.575932272271678203e-01,-1.841347613752856716e-01,-1.311151649927281282e-01,-2.730045731742121173e-01,-1.569422976376119161e-01,-5.437351166353492776e-02,1.436268947393656015e-01,-1.430515378240092839e-01,-2.834614567945770158e-01,6.169789652251540801e-02,-4.008890634239672957e-01,-2.251426405685987703e-02,-2.374694341638717010e-01,-1.298731246675144946e-01,-1.233204486870674854e-01,9.341558806271389737e-02,-1.874133825278717080e-01,6.460664537237235938e-02,-2.884296180954316058e-01,-2.898474619225597029e-02,-3.733130284093892914e-01,-2.942471157951455640e-01,-2.573512120167401607e-01,-5.055149786866793699e-02,3.408761407249953981e-03,-2.450130026096545843e-01,7.841521134092409306e-02,-1.424350839861275031e-01,-2.069800839747116816e-01,-1.903358303519038230e-01,-2.783174919918080317e-03,-1.292475381801826140e-01,5.203555340430924409e-02,2.006899716659550637e-03
