0.000000000000000000e+00,5.285058185710832523e-01,-3.054333870142427187e-01,-1.573321529811740060e-01,5.212070984369751581e-02,-1.278767159840401256e-02,-1.184652910541235393e-01,-1.737189568951715557e-01,-1.018650191964187574e-01,2.233879246207020122e-02,3.125390442286744008e-01,1.822137253609334706e-01,2.303837086288137714e-01,8.035498463344728504e-02,-3.283639251732072776e-03,-2.734901067025794982e-02,2.495989627969323332e-01,4.362892365067854716e-01,1.235508508895020868e-01,3.903010211929718865e-01,-3.330602199347666992e-01,-2.749828126912970960e-01,-3.131715999736304212e-01,-4.209572153734590372e-01,-2.064282104166078047e-01,-1.431302562557094926e-01,-1.681122841383900224e-01,-1.936546653733020595e-01,2.560453807734445753e-01,4.594269641405247101e-02,-2.291421413973988297e-01,-1.625589783675353006e-01,1.380917849373251849e-01,4.058245356287415451e-02,-3.791473211342681893e-01,-2.878866359649535633e-01,-4.202744318770424425e-01,-4.471038992431305426e-01,-1.178798238261617587e-01,-1.643797343579794512e-01,-1.247186461109593830e-01,-1.144957290715086229e-01,-1.493004215991888262e-01,-2.131383240882878394e-01,-1.772301906457091347e-01,-1.594511362459150594e-01,-2.134098678696213225e-01,-1.375659631642227598e-01,-2.096930142615421877e-01,-1.261862382239467006e-01,-2.016973840759192504e-01,-1.280462346452194144e-01,-4.830183111546418329e-02,2.266495892311700955e-01,-1.838649626901983636e-01,-1.388907201089942256e-01,7.494514187770170421e-01,5.179344465058750568e-01,3.343064960178810940e-01,2.590464889232111934e-01,3.578334887254394081e-01,7.738997768004295119e-02,4.491553889668465360e-01,4.219570615509701805e-01,-2.210068152780262918e-01,-4.115850308743709829e-01,-1.014883110604647976e-01,-1.012512988582604245e-01,4.752188831231615729e-01,2.620130654938486736e-01,-2.611042571158597170e-01,-2.326125650998747407e-01,-7.627084059281304118e-02,-1.158236252507463537e-01,1.165378010918257518e-01,8.272981550719041288e-02,-6.528979842975492220e-02,-1.727316676555255281e-01,2.379068840272611021e-02,5.956854361495405453e-02,1.560356491465991202e-01,7.270937909081491568e-02,-7.111778721640940604e-02,4.541530502371691341e-02,4.364634640196641407e-02,-3.378758056060449100e-02,-9.065010406562255818e-02,2.507777453390216266e-02,-1.467906036433955230e-01,9.930968234086436086e-03,-2.458868180405526238e-01,-7.761914179608160602e-02,-2.351914462139262640e-01,-5.993740366474231696e-02,-1.663684393923697824e-01,-2.448822630113420551e-01,1.596426295483583391e-01,3.211326985801242762e-01,1.910506703835202769e-01,2.741195232130692605e-01,8.437006551582330871e-02,3.669294205914945539e-02,-7.359464321030673162e-02,2.580529212146325801e-01,-1.957799271069756986e-01,-2.758508110212243847e-01,1.360089028689463742e-01,3.615189499888556979e-01,-3.200983208234839950e-01,-2.010412840724660755e-01,1.011822357000022043e-01,1.114459627875146325e-01,-2.477687891030893319e-01,-2.125340214535283434e-01,-1.355411569334702138e-01,-2.799208285067603663e-01
5.285058185710832523e-01,0.000000000000000000e+00,-2.823286213423994440e-01,-2.235605825163475627e-02,-1.049147854804127478e-01,7.485033699681994945e-02,-2.500102025120154448e-01,-7.222279774854103995e-02,-8.335609278321388926e-02,2.956374058622064302e-02,3.030224549441373205e-01,2.329249189292699196e-01,8.603856863465275673e-02,1.605734125676112622e-01,-1.880935115162816473e-01,-1.608637917557424468e-01,4.027041365692562436e-01,5.689281711761770000e-01,8.215376598262748298e-03,3.791190680240716371e-01,-4.205616718307073620e-01,-2.367924557917306383e-01,-3.640287679446490010e-01,-3.898364144919619911e-01,-2.795629557776040941e-01,-1.844017717839327719e-01,-3.306194651372316162e-01,-1.965584572546138775e-01,2.056371233311044822e-01,2.470514740275436549e-01,-1.596441991655914716e-01,-1.172676731052365584e-01,1.199234654637120201e-01,8.099067961286961215e-02,-4.260145220986410464e-01,-3.397514981996490602e-01,-3.672621794449205668e-01,-3.085349506669303743e-01,-1.007207682334585880e-01,-2.894813670738253797e-01,-5.895168404232943582e-02,-9.005364951702878040e-02,2.147707260107550170e-02,-3.837871096754345152e-02,1.669444889169327192e-02,5.584227230347607596e-02,-6.570260776207113851e-02,-3.544823559326822776e-02,-2.769746569601537131e-02,8.752028730273835044e-02,-1.576272410210046160e-01,-4.921377872791941194e-02,1.139447934226759523e-01,2.614181805624880561e-01,-1.508904438563611894e-01,-1.035068388222847996e-01,6.377025198635061232e-01,6.996851347830318479e-01,8.254146143921343992e-02,1.566273948434934726e-01,1.875237404606512615e-01,1.159444857776982529e-01,4.336098998898128554e-01,4.032676291559540438e-01,-2.691705200769740070e-01,-4.243836897934069596e-01,-3.789464101284260589e-01,-2.333722598407152460e-01,4.867806836624820610e-01,2.700965942445275325e-01,-1.529058323837149125e-01,-9.313794738015188091e-02,2.989963867411293136e-02,-3.121340829825238958e-02,5.331832779258450367e-02,6.028742830773287792e-02,-1.021710945568813644e-01,4.715130168357144734e-03,1.296519530747231863e-01,1.572866340814129127e-01,3.090466458849345233e-01,1.797839578840303987e-01,-3.634291741615889443e-02,8.535421552100304343e-02,-1.654266690524848482e-01,-1.466901481404744578e-01,-2.812785474134277819e-01,-2.752779007311277337e-01,-1.405623624622899526e-01,-1.197570860369990137e-01,-1.682190181102436455e-01,-1.006485658407340750e-01,-1.687793714624751529e-01,-1.148975510831928559e-01,-9.622538447774126036e-02,-3.749501646528477505e-02,1.725605793771131102e-01,1.802485645850402940e-01,4.305601336058189066e-01,1.827034459376736253e-01,2.521401730973884536e-01,1.078939189889153577e-01,3.250410454906466629e-01,3.433537697497088259e-01,5.219448185365516829e-02,-1.658771491983964674e-01,1.007239074679248669e-01,1.984624029584145521e-01,-1.577449623134902223e-01,-1.076459194660790014e-01,-1.317411136120345827e-01,2.692646971109625142e-01,-5.997507447833771294e-02,1.257420365469676636e-02,-8.240176550546383927e-02,-7.241115181651802679e-02
-3.054333870142427187e-01,-2.823286213423994440e-01,0.000000000000000000e+00,2.292143437901233427e-01,1.530219840589673863e-01,-1.045490646650907712e-01,5.733325171323720992e-01,1.476162223080279556e-01,2.686337109832396264e-01,-1.616815623342091890e-01,-1.254171257797073724e-01,-3.877598108925157661e-01,9.747323017808876781e-04,-2.318654272968993790e-01,2.323834009838360859e-01,7.923427792898424249e-03,-3.639926667482867861e-01,-3.394344355185544559e-01,3.508235781622293659e-01,-9.415505934722757930e-02,2.981111226216374699e-01,4.235612103632407921e-02,5.838112817808249755e-01,5.571073837933880890e-01,2.462023111044140677e-01,1.606487541948020681e-01,1.046966086850060762e-01,7.221494966237533564e-02,-1.825072437835309480e-01,-1.768723179165528625e-01,3.898003132955997208e-01,2.158443441982238198e-01,1.722121243513556887e-01,1.622356372175081524e-02,4.123886748977394490e-01,3.136895736605671559e-01,2.716536545398039459e-01,3.706211603238434016e-01,1.099454087126313373e-01,2.007179429224389411e-01,7.008654869423541767e-02,-7.691595327563420514e-02,-9.142078612709504670e-02,-2.208985116889395361e-01,-1.321570621788170641e-01,-1.899550775547874937e-01,-6.126529984398004780e-02,-4.069860523812662834e-02,-5.870682375395935848e-02,-2.067907919974635023e-01,-2.221416485375876104e-01,-2.993008924843587604e-01,-3.032422013567771524e-01,-2.439797331022856841e-01,-9.655657371393412680e-02,-1.488169794913812294e-01,-4.412586446669115037e-01,-4.370410831614602309e-01,-3.754712775742507502e-01,-4.780677384013134468e-01,-4.326179017984674302e-01,-3.414969125629024327e-01,-5.337608970676410713e-01,-4.558231229732317424e-01,2.805329792276855527e-01,3.079981415731959382e-01,-1.484434105898935485e-01,-1.592345290677415481e-01,-2.560940389076719614e-01,-1.704431657296051894e-01,4.180581323438466446e-01,3.829787568003666376e-01,7.674329537998864081e-02,9.234372106018226556e-02,1.424474727592929257e-01,-1.098104216305811724e-02,3.222408483467221751e-01,2.759198741794826049e-01,-2.282490291917413094e-01,4.797848996543702810e-02,-2.175222650204521047e-01,1.346715889863097926e-01,1.912719864133932413e-01,5.117893950381260243e-02,9.286169474711897243e-02,-2.605721568738247548e-02,1.362773074158135922e-01,1.246715575939651294e-01,-5.723295317203946908e-02,7.451129967446139257e-02,1.833768117306913414e-01,2.640143274661040929e-01,2.201278296274670476e-01,3.092428480390772005e-01,8.581882222201293875e-02,7.261049320512699690e-02,-8.844008300135929035e-02,-1.818338779905132319e-01,-1.388797327883622423e-01,-1.633076857877437948e-01,-2.272774361244266905e-01,-1.599016163918266786e-01,-3.000480302873341151e-02,-1.770339884915664574e-01,3.935030403485806350e-03,1.198214403435578224e-01,-6.175031156902077711e-02,-2.737899035941095405e-01,1.685815996910993153e-01,9.725505338268210231e-02,1.114742158977111847e-02,-3.464616118713290810e-02,2.439907204229176674e-01,2.470985625445378808e-01,3.104436052224304743e-01,1.099877883779261656e-01
-1.573321529811740060e-01,-2.235605825163475627e-02,2.292143437901233427e-01,0.000000000000000000e+00,-3.837243249861088668e-02,1.796411227158145330e-01,-1.513660378780030680e-01,7.112469353223522806e-01,1.415025631849417265e-01,2.881189393154585110e-01,1.596300726104931955e-01,3.330570807003004341e-01,-1.291622324979830316e-01,4.053740554828299536e-01,-3.771758818894424548e-01,-1.828368634024906680e-01,-1.653089477599992418e-01,-1.422167390260211106e-01,-3.227855055266222739e-01,-6.884027261112105056e-02,6.219765248046611045e-02,-2.112076948915237590e-02,-2.376635933561241643e-01,1.759854841798278932e-02,-7.588000590176079141e-02,1.783524669674053376e-01,9.799120386502546687e-03,1.520221378814562152e-01,-3.058650317533566088e-01,-1.132164910264982782e-01,2.646484528282933013e-01,3.922457769448342568e-01,3.756219608286323064e-01,4.795541659210985075e-01,-2.396868299696436055e-01,7.985584635330827963e-02,-9.453804595211411088e-03,-1.487683213571538467e-02,-1.322402518921735742e-02,1.126498592053341852e-01,2.234632662478927834e-01,-1.291638021152161919e-01,-1.223846252852779370e-01,-7.354441545884619902e-02,-1.909156833014701016e-01,-2.587670970557119920e-01,-1.625856618604986925e-01,-1.078075900410925825e-01,-2.504748092130252846e-01,-2.965619104125267746e-01,-6.330109339536460489e-02,-6.874295634266627819e-02,-3.661414727404574965e-01,-2.910855158860960190e-02,-1.916392768459483364e-01,-2.047518592116126523e-01,-1.104241419687395087e-01,1.268360597584672900e-01,-3.741967483809398309e-02,1.724852377499223044e-01,9.259015096578548931e-02,5.173222957849499259e-01,2.395706782943911317e-02,2.346985864027198443e-01,-4.037573497326941707e-01,3.362512517697434089e-01,1.687103083042169327e-01,3.205770540795921386e-01,-5.205321630267242816e-02,-1.297900793912396544e-01,1.248661901308746880e-01,1.255379863066592543e-02,-1.298497248460990239e-01,3.514216023280562762e-02,1.395169973850176881e-01,-2.773184031342116884e-01,8.575446791545414393e-02,1.354108787031194638e-01,-1.623345231031960434e-01,-3.724073847351584698e-02,-1.230532822265962278e-01,-1.768377863374237524e-01,-2.297448744149251654e-01,-1.053495694539929445e-01,-4.509164995024313449e-01,3.162935686503489524e-02,-3.477235841267748429e-01,-3.760818586779428041e-01,-1.918323397656247487e-01,-1.615041955868641854e-01,2.130096154751702220e-01,-2.068975259693171254e-01,1.847313914028924919e-01,-2.994358795664089357e-01,-2.060703376874515325e-01,-9.274083422016707323e-02,-9.310812465272218230e-02,-6.873196902203428105e-02,1.685250934707062387e-01,-2.782444773017652140e-01,7.944303702099206332e-02,-1.779898853865496400e-01,6.344078932911420554e-02,-1.971439244825756634e-03,2.397511842762024004e-01,1.639308238293009715e-02,-4.939585432696382873e-03,-3.867693824184034734e-02,5.035332083918015768e-03,-7.853265902576997415e-02,-6.309704315505620942e-02,-4.774304738046580149e-02,1.248473547240769831e-02,-1.233970284006542101e-01,-6.013203620165186516e-03,1.589080486832480932e-02
5.212070984369751581e-02,-1.049147854804127478e-01,1.530219840589673863e-01,-3.837243249861088668e-02,0.000000000000000000e+00,5.582955840388762470e-01,4.640887273229550580e-02,1.225180427500949659e-01,4.038374002115844297e-01,4.465592420632304438e-01,-1.569052170937595136e-01,-8.671350404490360542e-02,-3.603527243846315481e-02,7.477813460409545032e-02,2.862558036597195321e-01,3.187343234478839937e-01,-9.072544569281335014e-02,3.964382245745552702e-02,1.701574953931734302e-01,1.001918072258898978e-01,3.966485532837962236e-01,1.498560660997209082e-01,1.594087565806202589e-01,1.477684751796426998e-01,5.787445573522440601e-01,5.642507118214152850e-01,6.035021299705853881e-01,3.901110975077617393e-01,7.645919466079001414e-02,1.787809724720529625e-01,4.661402170466710237e-01,3.400089154258842394e-01,1.694370410831614604e-01,6.812138791834222717e-02,2.088391424867132029e-01,2.416975096452979033e-01,1.659697566151518422e-01,1.178484314814989276e-01,-1.712154174083108105e-01,-1.701308119002100105e-01,3.408769137558115281e-01,-1.330486047672414518e-01,-9.232802488785084305e-02,-7.416441426593711056e-03,4.937074045123356070e-02,2.836298340286737708e-03,4.499935645693441122e-02,8.230601885424219943e-02,1.956841804557540518e-02,-1.174591664076798242e-01,-2.265475641110158977e-01,-1.858003007386618832e-01,-1.566116986711620640e-01,-7.493980517910901751e-02,-1.850704287252510627e-01,2.841478077156104828e-02,2.002360704318644977e-02,-2.124806544676015319e-01,-4.752800981952540714e-03,-2.604622836675048528e-02,-3.397593462858147090e-02,-8.306571359508270469e-02,-2.804497895143290287e-01,-2.307227459511723422e-01,9.453804595211411088e-02,1.432919268307230598e-01,8.782008419426838575e-02,1.642871269412241042e-01,5.184288759343146785e-02,3.001265111489911930e-02,-1.232353578256406429e-01,5.371073210086987904e-02,-1.400867684406480740e-01,-7.423190780696219127e-02,-8.056845257715453124e-03,-2.399944749473393278e-03,-9.810264668857852921e-02,-1.178437226297995022e-01,3.405127625577226980e-02,1.838869373314623579e-01,-1.214130322179633320e-01,2.086884592323315912e-01,-9.957023880156584683e-02,-1.349870820501712365e-01,4.158386935761845121e-02,-7.156041927615532094e-02,-1.391167449905665876e-01,-1.330988325187019983e-01,-1.002734273220132477e-01,1.102970029728550343e-02,-2.745417502487843345e-02,1.370275844532552190e-03,1.586270871985157593e-01,-3.628484157853265751e-02,2.624996468361225355e-01,1.726704525834329984e-01,1.584261761926736567e-01,2.320145409340478304e-01,-8.845107032199127362e-02,3.498676812672461486e-03,-8.629284662642168480e-02,-1.949715742319078071e-01,-2.510273144790911015e-01,-1.954738517465131054e-01,-2.601153982589805569e-01,-2.224728377737804907e-01,-1.131505671027063370e-01,1.296189911128272330e-02,1.662224649896876238e-02,2.952198876781907955e-01,2.389852110664293372e-01,-8.941167606867389539e-02,-8.603856863465275673e-02,-1.461093897642120887e-01,-1.080728553534934938e-01,-1.494416871501715594e-01
-1.278767159840401256e-02,7.485033699681994945e-02,-1.045490646650907712e-01,1.796411227158145330e-01,5.582955840388762470e-01,0.000000000000000000e+00,-4.049753727056120134e-01,9.063283827605800314e-02,3.833240725916577940e-01,5.645363821578469610e-01,-1.890964969282590835e-01,1.141190209355546492e-01,-3.239203387861835925e-01,1.433892430991778322e-01,-9.981980794163534954e-02,1.091292077513977415e-01,1.969320261561015861e-01,2.116723015925336404e-01,-1.025587900134673214e-01,1.820803078961164556e-01,2.111276444126335416e-01,1.399360851862664901e-01,-1.961676225635616555e-01,-5.540591871266273283e-02,5.209685166175376247e-01,6.917648462245996610e-01,5.379109650320672564e-01,6.338349830010453489e-01,1.792706930487931172e-01,4.136255332774549376e-01,6.062332639562516556e-01,5.151656417066133864e-01,2.546876618667771597e-01,2.488220022665272868e-01,-1.508559122772320793e-01,-2.051489723715974739e-02,-1.049414689733761535e-01,-8.292601766133310404e-02,-3.053172353389902449e-01,-4.303231214036145058e-01,3.307434648986498082e-01,-1.022699804425692693e-01,1.340217674517892033e-01,2.429123933837494254e-01,2.918844510577650597e-01,2.176478343991034292e-01,2.555383944071398794e-01,1.733830588072792500e-01,1.496300412181485462e-01,8.340161168297499650e-02,-1.384873284800768566e-02,4.994522035856335807e-02,-8.489588728892571989e-02,-5.252096223814860243e-02,-1.180838740664701542e-01,5.733968714389309218e-02,1.997589067929894657e-01,1.125760871953765396e-01,1.649856066099720797e-01,3.473986733595145759e-01,1.008322110570116364e-01,1.416265629463598907e-01,1.644189747888080144e-01,1.918213524449927654e-01,-2.688032296444189395e-01,-4.002523944510891912e-02,1.100490034500186814e-01,3.913102850738818805e-01,1.228115611726924294e-01,1.163886874546773004e-01,-1.762852810713579355e-01,1.734740966068014714e-02,-1.224756630848001376e-01,-6.823126112466213963e-03,-8.225265186831538788e-02,-1.022260311600413085e-01,-1.830471921117316214e-01,-1.207741980040747259e-01,3.334541938602852418e-01,3.429048592210303670e-01,1.260999092761239115e-01,1.803725643464584860e-01,-2.515248831419970021e-01,-1.313973674379765866e-01,-3.721640940640215667e-01,-2.021196111116343314e-02,-5.077068206147249407e-01,-5.061215072092519751e-01,-3.871382424681917289e-01,-2.415013074911551982e-01,-1.332573638592492726e-01,-2.974613010871168806e-01,5.323356846199486098e-02,-3.533114214767587025e-01,3.382321087179680497e-01,2.666638413556470244e-01,1.004256801936279780e-01,1.142963876828996528e-01,1.046071405027170081e-01,-1.160402324289198789e-01,2.065333747712282952e-01,-9.639490313892054574e-02,5.129352156183192984e-02,4.184285620108680465e-02,-4.287095548879450019e-02,-1.556526625417125886e-01,-7.693321906519876019e-02,1.007066416783603154e-02,1.735290332099614086e-01,3.209160914019507094e-01,1.271389958844636181e-01,-1.004052751695971440e-01,-2.294466471406282973e-02,-1.912578598582949652e-01,-1.438868117620837050e-01,-2.075818790829668178e-02
-1.184652910541235393e-01,-2.500102025120154448e-01,5.733325171323720992e-01,-1.513660378780030680e-01,4.640887273229550580e-02,-4.049753727056120134e-01,0.000000000000000000e+00,1.214114626007301856e-01,1.302546860922495497e-01,-2.902096694700030399e-01,-6.848710873366420371e-02,-3.120760071448976380e-01,3.640507425859130231e-01,-1.196833140270413681e-01,4.820985154560208930e-01,1.947973467190290964e-01,-3.331810804617186261e-01,-3.986090052079899748e-01,6.936515261388357390e-01,1.720614410969741048e-02,2.388455151326797365e-01,8.246768942925578050e-02,7.579587441806441284e-01,5.236902328998050971e-01,1.146997793118170184e-01,-1.162097510900991643e-01,-1.520833529535487449e-01,-2.485488888679606712e-01,-1.187964802903164058e-01,-2.714448954477960974e-01,3.987455619072732826e-02,-1.781735306028272015e-01,-1.859007562415829207e-01,-3.657176760875093247e-01,6.660874779076374486e-01,4.028391236513064189e-01,3.133944856207365182e-01,3.313917168159372650e-01,9.722052180355299222e-02,1.380462660375640915e-01,-1.929703122596523601e-01,6.196848836442745388e-03,-4.212695692028541883e-01,-5.285623247914763567e-01,-4.021453528342578410e-01,-4.599998744306213472e-01,-3.889856819515992714e-01,-3.865166740438676363e-01,-2.766230626999299780e-01,-3.878649752471362566e-01,-4.396136858065792241e-01,-5.607175034296136840e-01,-2.772367830380883524e-01,-2.210601822639531033e-01,-2.459087926818166181e-01,-3.907059824391224123e-01,-3.544258497122891871e-01,-4.802479367381470299e-01,-5.054151794543382259e-01,-7.310052770531377808e-01,-2.352636486066507771e-01,-2.644930607222122920e-01,-5.579989263818124767e-01,-4.939130243698771627e-01,7.583480092544632178e-01,3.968165023277423487e-01,-1.939952723128937906e-01,-3.825785044059155648e-01,-2.594184882074657139e-01,-2.498453927025355570e-01,2.570907458507168397e-01,2.245290363491958818e-01,2.448963895664403312e-01,1.258864413324166653e-01,1.117363419756458170e-01,7.835843151289126340e-02,2.640143274661040929e-01,1.239197109392903423e-01,-2.311669476281514035e-01,-8.204389277630756705e-02,-2.141538664381303914e-01,1.894841923848450405e-01,2.368379746914917316e-01,1.087587780843763362e-02,6.889458136738775273e-01,1.092171063164536632e-01,4.809275810000973039e-01,5.459144433038559674e-01,2.743832189082370254e-01,3.699995918995193644e-01,4.104643241699079126e-01,5.746933752735058354e-01,4.465090143117699251e-01,6.598937683056609327e-01,-7.292755588622158724e-02,-6.819672954553303301e-02,-2.195627674235360871e-01,-2.455713249766911799e-01,-2.847835026950327753e-01,-3.576843750882909706e-02,-3.790892452966419524e-01,1.794386420927392492e-02,-2.278613337351553525e-01,-2.688016600271857515e-01,-2.139262719393248691e-01,5.450809765530578027e-02,-1.291842071392470259e-01,-2.158961415669174988e-01,1.463197184734530559e-02,-1.316594935159112051e-02,-6.056525055799892587e-02,1.213314121218399743e-03,1.404760335144671635e-01,1.958285852412030847e-01,2.386916926438318876e-01,5.891244361150090036e-02
-1.737189568951715557e-01,-7.222279774854103995e-02,1.476162223080279556e-01,7.112469353223522806e-01,1.225180427500949659e-01,9.063283827605800314e-02,1.214114626007301856e-01,0.000000000000000000e+00,2.055178324213857155e-01,3.187876904338108330e-01,1.057670876380086000e-01,4.460334202901280465e-01,5.048987753846347071e-02,5.173442704262138925e-01,-1.748255370445363222e-01,8.636818825361247676e-02,-2.028965716420393639e-01,-1.831680526386835206e-01,-8.847618419772154685e-02,-2.495691400695026346e-02,1.186489362704011008e-01,3.846660953259938009e-02,-5.414865530891636858e-02,1.133891489221438426e-01,-5.328222659622224716e-02,1.299062310664921283e-01,-1.275784887097432437e-02,8.238920856759869918e-03,-3.019127355603062890e-01,-1.012293242169964441e-01,2.248759217577201708e-01,3.258839299448436644e-01,1.296017253232626676e-01,3.845860448471035697e-01,1.762052305924677320e-02,2.762385064778103416e-01,4.569312727398296831e-02,8.850286769068495263e-02,-6.231851300741800964e-02,8.951841004052751849e-02,8.094359109587535850e-02,-1.056854675418852363e-01,-3.246109703687658499e-01,-3.036424537512282251e-01,-2.802331823361555174e-01,-4.070284320465611394e-01,-3.119268935077492144e-01,-3.293731890541172769e-01,-3.596558143331167190e-01,-4.136318117463875232e-01,-2.584060850920894548e-01,-3.010400283786796027e-01,-3.719647526754125688e-01,-7.353028890374793680e-02,-2.771661502625969442e-01,-3.297969857070654487e-01,-1.667969448970174073e-01,1.994512618152937192e-02,-2.187873765103641732e-01,-5.426009813246941704e-02,1.889944718081048858e-01,5.740765157008811403e-01,-1.367011040687617918e-01,1.433437241994167388e-01,2.459590204332771576e-02,5.018191863732109903e-01,9.302336532213253961e-02,2.285221425903079251e-01,-5.415807301231521931e-02,-1.057011637142166449e-01,3.098267456498058486e-02,1.830801540736276198e-02,-9.786406486914100977e-02,2.439969988918502461e-02,7.105657214431689017e-03,-2.770044796875834048e-01,-5.973963189336648459e-03,3.933617747975978740e-02,-1.168517245384540493e-01,-6.173304577945622207e-02,-1.134236805012729526e-01,-6.882771567325592088e-03,-1.728949078477722556e-01,-1.178343049264006515e-01,-2.993103101877576250e-02,7.005358673233945399e-02,-1.286348411076475018e-01,-1.693099020872770033e-01,8.176136167434209373e-03,-2.449701615763979698e-02,3.705002997968915301e-01,-8.251163871178374132e-02,4.036710207848713816e-01,-1.396174528879387533e-01,-2.169823166922514313e-01,-6.899252548273578090e-02,-1.422120301743216852e-01,-6.551582331132729808e-02,9.595541031364090978e-02,-2.300022916411604001e-01,3.235922887844570189e-02,-1.781845179234591847e-01,-7.747787624509887283e-02,-1.739198679010136583e-01,1.020015758957020791e-01,-6.344235894634733808e-02,-6.257749985088635614e-02,-2.159824705147402879e-01,-4.071587102769119032e-02,-9.295430216387431943e-02,-1.406125902137504713e-01,4.407328228938091341e-02,3.743537101042539693e-03,-5.893284863553174130e-02,-4.160741361611557110e-02,-8.612489758247554236e-03
-1.018650191964187574e-01,-8.335609278321388926e-02,2.686337109832396264e-01,1.415025631849417265e-01,4.038374002115844297e-01,3.833240725916577940e-01,1.302546860922495497e-01,2.055178324213857155e-01,0.000000000000000000e+00,5.834251559414721511e-01,5.237341821823330440e-02,8.560064542660626719e-02,9.279263158886073837e-02,2.629783800922307346e-01,3.729661684701568447e-01,4.842127898690625210e-01,-1.008008187123488053e-01,-2.792506019482089014e-02,1.206109578118280123e-01,5.754059814973520870e-02,2.059384898398676500e-01,1.659556300600535661e-02,1.664327936989285772e-01,2.081877513349594533e-01,4.060270162518168080e-01,3.687737208404358591e-01,1.615968030036195324e-01,8.991866243497860511e-02,7.399803483922411107e-02,2.758586591073900474e-01,3.826758206743703372e-01,2.678959908836631154e-01,1.025430938411358989e-01,6.448458478915332359e-02,3.181771093301187514e-02,7.011009295273254449e-02,3.055730829479923194e-02,7.362917478943584171e-02,-3.003305613892996023e-02,-1.456275172736376522e-01,1.944426132243391170e-01,-2.335307911812625481e-01,-1.662381611620190325e-01,9.381602202486901548e-03,-2.306866447548100788e-02,4.661763182430332750e-04,6.376726971360763274e-02,5.046790289719949030e-02,-1.356463212880906939e-02,-5.557072852214259284e-02,-1.564186357514856518e-01,-1.008698818706070394e-01,-1.629388257379555394e-01,-1.247782915658187664e-01,-1.196487824479122580e-01,-5.015711868503746479e-02,-1.308228875306467753e-01,-7.450031235382939543e-02,-4.090422509566817369e-03,-5.254293687941258978e-02,2.103914939302901563e-02,6.816847643533648082e-02,-1.453230115304081915e-01,-2.489569893485774413e-02,7.046168721295624493e-02,-7.505909608882778243e-03,-1.455427579430479956e-01,-1.585313405472941442e-04,-7.275018913887659755e-02,7.706820614724892811e-04,2.121965537484029121e-02,1.607303742909254041e-01,-2.924353867065977372e-02,-2.235919748610103869e-02,-3.125264872908092850e-02,-1.262694279373031969e-01,5.625508163579229226e-02,2.018245230718037075e-01,1.077683496102640470e-01,3.507105657214431571e-01,-3.324920184963695013e-02,1.310363554743540215e-01,-2.054942881628886095e-02,-1.808199052579038046e-03,-1.044297737553720185e-01,3.856549541828729801e-03,-4.566801339825270201e-02,-1.231631554329161299e-01,-8.187594373236142808e-02,-4.894537418105220777e-02,-3.622362650644014165e-02,2.927336139808946192e-02,1.522199096528320528e-01,-7.605423341463950215e-02,2.750440277633895980e-01,2.745668641245145869e-01,3.451274372231587922e-02,8.715456648741637391e-02,1.849009100640717747e-03,-2.977752245337452197e-01,-7.168127980310722014e-02,-1.943955247073448633e-01,-2.172491516218854890e-01,-3.366326687573968357e-01,-2.143720432335370629e-01,-2.600180819905257845e-01,-2.465586142163372074e-01,-2.577076054233414792e-01,1.610427281203205829e-01,2.801939419053269820e-01,1.282565633544603678e-01,4.315034735629369456e-02,2.500196202154142955e-01,8.327918153878995089e-02,5.275640482311983598e-02,-7.129986281545382110e-02
2.233879246207020122e-02,2.956374058622064302e-02,-1.616815623342091890e-01,2.881189393154585110e-01,4.465592420632304438e-01,5.645363821578469610e-01,-2.902096694700030399e-01,3.187876904338108330e-01,5.834251559414721511e-01,0.000000000000000000e+00,7.382851617804482569e-02,3.650286141221601444e-01,4.231688060549554029e-03,4.815475798071882085e-01,1.584905304992324515e-01,5.022759449880551674e-01,-8.788600811806032698e-02,4.706497273574865997e-02,-2.658083999635849071e-01,6.551268407686101913e-02,1.465598699101237079e-01,6.802721088435373896e-03,-2.814825976537361774e-01,-1.517741383586198589e-01,3.391566132682883872e-01,3.814373926774216605e-01,2.166118870252300155e-01,2.050547953376089805e-01,1.656417066134252547e-02,2.447849467428872827e-01,3.322518670596988355e-01,4.715365610942115482e-01,6.623784723857240042e-02,2.176902140643982575e-01,-2.865257778238198827e-01,-1.157121824271933053e-01,-5.123073687250626757e-02,-1.946513723163469378e-01,-1.423171945289421723e-02,-1.156399800344687923e-01,3.156343294124294707e-01,-2.170090001852148232e-01,-6.790791997463498098e-02,1.324286059601505472e-01,7.154158386935761949e-02,4.584067129389827328e-02,1.121303159011643458e-01,9.965656774938863594e-02,3.694094158198581862e-02,-2.906303268884849814e-02,5.879786155348156775e-03,3.660818272855981270e-02,8.585806265284148244e-04,-5.028582729815507524e-02,-6.885910801791875376e-03,9.135329258606995906e-02,-3.070171308024825275e-03,8.234682890230388130e-02,2.425215586926972033e-01,3.543614954057303645e-01,2.970123905584384216e-01,3.521797274516636489e-01,1.639700642601295277e-01,2.295219887678190684e-01,-2.898439486546810495e-01,-1.262772760234689151e-01,1.015149945534282033e-01,2.088344336350137775e-01,-5.838819145563162866e-02,-3.317072098797987229e-02,-8.775259065324329810e-02,-3.988711312859246488e-02,-1.579882529846271810e-01,-1.538460331063666864e-01,2.084137762165318500e-02,-1.722717698062150582e-01,-1.466210849822162376e-01,-4.441388922897262365e-02,2.249261495091806756e-03,1.102106740250322625e-01,9.524437370702781153e-03,4.928598112064391801e-03,-9.709181319043537484e-02,9.472483040285796518e-02,-2.995818539690910942e-01,9.633211844959488346e-02,-2.494215960495873574e-01,-3.230099607909615034e-01,-3.809147101387855283e-02,-7.745904083830117137e-02,-2.916662742623583882e-02,-2.205688920699798161e-01,8.169857698501642798e-03,-3.477361410646399587e-01,1.386929483376183880e-01,1.885832320930218020e-01,1.781327205547655057e-01,2.609127638134164373e-01,1.704855453948999899e-01,-1.783383404123070615e-01,9.744183783342594274e-02,-1.772851272488690788e-01,-2.428621656322889066e-01,-2.796069050601320272e-01,-1.977325309450037594e-01,-3.190796392391751501e-01,-1.250466961126859566e-01,-4.699433996025729164e-03,3.007543580422478158e-02,2.113489604425064783e-01,2.396585768594470534e-01,1.836452162775585595e-02,-5.928444289575543827e-03,-2.244615428081707942e-01,-1.207255398698473398e-01,-2.058050723750506072e-01
3.125390442286744008e-01,3.030224549441373205e-01,-1.254171257797073724e-01,1.596300726104931955e-01,-1.569052170937595136e-01,-1.890964969282590835e-01,-6.848710873366420371e-02,1.057670876380086000e-01,5.237341821823330440e-02,7.382851617804482569e-02,0.000000000000000000e+00,4.652847756546088509e-01,6.353496636310269619e-01,4.136490775359520922e-01,6.369349770364998720e-02,3.944448106884655345e-03,1.725966805734753529e-01,2.391955397756703183e-01,-1.864328564836179036e-01,7.757048366185422157e-03,-3.324700438551054793e-01,-3.286966840266332679e-01,-3.449987286100411610e-01,-3.211766478626522092e-01,-2.908359467460265302e-01,-1.874436899817610580e-01,-2.993934999011141351e-01,-3.086950516247107812e-01,1.647234805320374473e-01,-2.282851303881035590e-02,-2.744852440283912509e-01,-1.217599176264876071e-01,-1.831256729733887201e-01,-7.855777290150023351e-02,-3.382273998662685965e-01,-2.934933087217351244e-01,-6.567749388634087915e-02,-3.100574793830776499e-01,-8.316302986353747706e-02,-6.429623072117633675e-02,4.536664688948952723e-02,-3.548433678963047733e-02,-1.979601254438092817e-01,-1.781233028513666550e-01,-2.736439291914273819e-01,-1.861487557644192770e-01,-1.909266706221020848e-01,-1.384998854179419758e-01,-3.190231330187820458e-01,-1.652288972811090384e-01,-2.010459929241655008e-01,-1.287352966105685392e-01,-6.673855513594455224e-02,2.177043406194965336e-01,-1.150953228545686796e-01,-2.602770688339941518e-01,1.556369663693811523e-01,3.850977400651077187e-01,1.507727225638755830e-01,1.041095718398111492e-01,4.762281470040715670e-01,3.930447121165032698e-01,3.298126818793968851e-01,3.867913570596674400e-01,-1.785690741455788488e-01,-1.744001707743549623e-01,-2.776872631839999439e-01,-2.993495506185861466e-01,1.784121124222647070e-01,2.047879604079749088e-02,-2.193179071351660236e-01,-1.682723850961704570e-01,3.172353389902338172e-02,-5.211286175753181149e-02,8.689714926118116689e-02,-5.309544214547840674e-02,-1.309547353782306578e-01,-9.425394523291549809e-02,-1.511054814173015681e-01,-8.814970381322810578e-02,4.142062916537173067e-02,-3.584220951878674954e-02,-3.719051072205532132e-02,-8.734762940709278611e-02,-9.938031511635572746e-02,-2.634241513864429285e-01,-5.114754715914977129e-02,-1.646214554118832496e-01,9.894239190830923791e-02,-1.043811156211446323e-01,3.611689253458651855e-02,1.534771730565784309e-01,3.710261215699939275e-02,5.444845220044639694e-02,-1.559744340745065905e-01,-1.375377100540262354e-01,1.672646908324935955e-01,1.170133951134676303e-01,1.356839921016860795e-01,7.996414994239504914e-02,1.102860156522230545e-01,2.949781666242870179e-02,5.140496438538497657e-03,8.075523702789837166e-02,-1.629890534894160581e-01,-3.514216023280563039e-01,5.765047135605511075e-02,1.391088969044008972e-01,-2.451334017686447042e-01,-1.524757572618341273e-01,2.812911043512928908e-02,1.701559257759402699e-01,-2.825938866548003553e-02,6.864720969144463836e-02,-4.904426006674012656e-02,-2.633111389456567197e-01
1.822137253609334706e-01,2.329249189292699196e-01,-3.877598108925157661e-01,3.330570807003004341e-01,-8.671350404490360542e-02,1.141190209355546492e-01,-3.120760071448976380e-01,4.460334202901280465e-01,8.560064542660626719e-02,3.650286141221601444e-01,4.652847756546088509e-01,0.000000000000000000e+00,3.564035674260475073e-01,7.578755544672876043e-01,-2.359275966962696425e-01,3.839126790540858813e-02,4.103607294325205962e-02,1.697493949125566115e-01,-3.683718988287515983e-01,-1.217442214541561846e-01,-1.717836188467080361e-01,-3.010164841201824482e-01,-5.647231666085907875e-01,-4.795965455863933080e-01,-3.069009791272300225e-01,-9.439050193219881979e-02,-2.851288184863239317e-01,-2.399929053301061987e-01,-4.421140860589736765e-02,1.112419125472062370e-01,-1.290413719710311324e-01,-2.650455659882780882e-02,-5.396030124093938174e-02,1.227911561486615816e-01,-4.310953730823201546e-01,-2.300007220239272399e-01,-9.510467777327820393e-02,-1.307679509274868312e-01,-7.945245472439091405e-02,4.041764375339429449e-03,2.727994751199972531e-03,-9.660052299646208762e-02,-2.372225309136113958e-01,-1.328665291681970506e-01,-2.927210570430294756e-01,-2.124633886780369629e-01,-2.429139630009825856e-01,-2.755368875745960455e-01,-3.649407155571042227e-01,-2.340519041026655200e-01,-2.881189393154585249e-02,1.774609243789809429e-02,-1.258393528154224394e-01,1.021459806811510912e-01,-6.820300801446559091e-02,-1.913504672750503122e-01,1.504917610791432492e-01,4.517562447221620259e-01,2.197840834534090515e-01,4.612288847241711731e-01,6.020000062784689465e-01,7.418795852443422767e-01,4.452800040182200991e-01,5.795434925239131285e-01,-2.808406242053812507e-01,4.471682535496893790e-02,7.022781424521816473e-02,1.581201008322110635e-01,1.543828422001010947e-01,8.178019708113978825e-02,-3.124480064291522141e-01,-3.493591252837083272e-01,-1.020251201541991920e-02,8.033300999218330463e-02,-6.586584795431786599e-02,-1.331459210356962242e-01,-1.919830230200063326e-01,-1.162631180760259758e-01,5.212384907816380170e-02,8.833177941227252084e-02,4.715287130080458855e-02,-6.108322424493563274e-02,-1.679506135633764274e-01,-1.121507209251951798e-01,-2.164046975504553549e-01,-6.579364556159335298e-02,-2.495550135144043724e-01,-2.619204580770932989e-01,6.385202904419727543e-02,-1.633312300462409217e-01,6.777921136151737747e-02,-8.778555261513927566e-02,2.027615845599891886e-01,-2.320208194029803883e-01,-2.739295995278591411e-02,5.183503950726575660e-02,3.493967960973037162e-02,2.680592310759098360e-02,9.544057586117049574e-02,-8.851699424578322872e-02,2.743345607740096392e-01,3.160267337207148947e-02,1.942401326012638610e-02,-9.494614643273091223e-03,-7.160279894145013535e-02,-2.295266976195184938e-01,5.318961917946689322e-02,-1.128397828905443150e-02,-6.285532210115241103e-02,-3.193700184273063486e-02,-8.568069590549648451e-02,9.506543734244966848e-02,9.167192488439769582e-02,-7.587058819836194068e-02,-2.177718341605216212e-01,-4.330730907960785026e-02
2.303837086288137714e-01,8.603856863465275673e-02,9.747323017808876781e-04,-1.291622324979830316e-01,-3.603527243846315481e-02,-3.239203387861835925e-01,3.640507425859130231e-01,5.048987753846347071e-02,9.279263158886073837e-02,4.231688060549554029e-03,6.353496636310269619e-01,3.564035674260475073e-01,0.000000000000000000e+00,4.313873218876844717e-01,4.422270984997598298e-01,2.598689683533773609e-01,-1.024881572379759409e-01,-1.372159385212322162e-02,1.395970478639079193e-01,-2.023032563279118790e-01,-9.312852967675303018e-02,-2.472319800093549236e-01,2.494906592078455915e-02,-1.350906767875585945e-01,-1.525966177887860264e-01,-2.695142662510320308e-01,-3.140474463897234281e-01,-4.649221940737531811e-01,6.031097256622999780e-02,-1.102295094318299501e-01,-2.902253656423344763e-01,-3.152780263005063310e-01,-3.912270953605253565e-01,-3.741418117777798868e-01,4.716228900420343234e-02,-9.312852967675303018e-02,2.278409287111245185e-01,-2.867533723226254119e-02,-1.084605508100794499e-03,3.944134183438027103e-02,-1.080461718605300880e-01,-8.672606098276873510e-02,-3.122847662369054866e-01,-3.620400629102586976e-01,-3.981632339137777810e-01,-3.323287783041227739e-01,-2.909929084693406720e-01,-2.841948962326047434e-01,-3.808754697079569929e-01,-2.644255671811872044e-01,-2.579556049461778078e-01,-2.549278133034478255e-01,-5.899720294209054305e-02,5.508571679710185659e-02,-1.261250231518541987e-01,-2.253436676931963312e-01,-1.065974151543404580e-01,4.134528753818093871e-02,-1.304351920740608141e-03,-1.773840131345570115e-01,3.920998025421520983e-01,1.982803273593701510e-01,1.247845700347513173e-02,4.374052343595490749e-02,2.889131656354281263e-01,3.595051310787351212e-02,-2.763091392533016943e-01,-4.452391939701584311e-01,-6.337329578808911790e-02,-1.594244527529516675e-01,-1.730801226812829496e-01,-5.055266222778913299e-02,2.022090792939233717e-01,8.921861314899748319e-02,9.941955554718426291e-02,1.082878929144338864e-01,-9.582670170052330627e-02,-1.314868356202656408e-01,-2.207839296309201949e-01,-5.610282876417756887e-02,-7.306411258550489507e-02,7.620648628625423249e-02,4.786547752465084016e-02,-4.946334786798891464e-02,2.974079341011900968e-01,-1.396221617396381787e-01,1.844912399662218261e-01,1.354469798994817065e-01,2.879651168266106898e-01,1.102404967524619472e-01,2.189050978028498073e-01,4.489764526022684277e-01,3.155181777371769969e-01,4.166140844893564399e-01,-1.169317750173442666e-01,-7.803038151116468979e-02,2.615610157307039080e-02,-1.698796731429073545e-02,-1.483712081971690355e-01,6.623156876963984252e-02,-2.149276877340691727e-02,1.502861412216016934e-01,-1.435713186982222611e-01,-1.012403115376284274e-01,-3.238057567281642513e-01,-3.078945468358086357e-01,-1.027549921676100125e-01,5.803031872647536338e-02,-1.508072541430046931e-01,-5.245503831435666120e-02,9.996892157878379051e-03,-6.118367974785668406e-03,3.740240904852942805e-02,2.359432928686010511e-01,1.020266897714323384e-01,-1.574765577666230321e-01
