1.000000000000000000e+00,7.180481701595246014e-01,5.003038562938468825e-01,1.043478260869565161e-01,-3.935877385048482946e-01,-1.503194959560302107e-02,4.012601099244827996e-01,-2.828097770231020186e-02,-4.264578399392287555e-01,-1.467759953527860983e-01,4.472005004691898544e-01,3.558559363689172694e-01,1.742660529961124194e-01,9.138478037445819935e-02,-2.860985745565038929e-01,-2.433576120470083426e-01,2.433263327226417583e-01,2.126145046695562812e-01,3.599401224362125395e-01,5.877027570490191977e-01,-1.483086822467491739e-01,2.470172929978998316e-02,-1.638187586576701493e-01,-1.095804102059966950e-01,-3.261941999195674402e-01,-2.282273560033960536e-01,-2.159479869520532780e-01,4.182492515304526808e-03,1.051208722463023437e-01,-4.926493587738504931e-02,-8.116090978149158308e-02,-3.101345010947763603e-01,2.379865052057732744e-01,1.751954957772912103e-01,-1.382233343759774746e-01,1.335761204700835481e-01,-3.012154251753876300e-01,-2.668886009205058141e-01,-1.849367710800303988e-01,-9.771660932123865662e-02,-8.136199115241968260e-02,1.073372358014209743e-01,-3.119442334331292560e-02,-1.577192904061843759e-01,-3.470217614728093175e-02,2.340587157603109952e-02,2.795924750882523846e-02,-9.267616962330756103e-03,8.144242370079092519e-02,1.645158407435542147e-01,-4.699941909826176045e-02,-1.452433084588229950e-01,-8.428437374324143638e-02,-1.993207918137539780e-01,7.038294829974529876e-02,7.133026498056213582e-02,4.874927387282720348e-01,3.547924393404531251e-01,4.530005809017382257e-01,1.575494883596228746e-01,2.506010098753295723e-01,1.856651324902810693e-02,3.930425845658876427e-01,2.571875418919522538e-01,7.319361901782921176e-02,-2.813977389516957861e-01,1.478126815317931941e-01,2.390768130836945227e-01,3.921935743330801083e-01,1.931364225389874401e-01,5.143661468340855053e-02,-4.973412574288395283e-02,1.305554314312525055e-01,2.487153134635149143e-02,-2.164529246168282739e-02,-3.626078019571919997e-01,-1.847133473345547172e-01,-1.315429643862549847e-01,8.793064926940434567e-02,1.041646186156664766e-01,1.194244604316546804e-01,3.037222395996246396e-02,-2.216855087358684528e-01,-2.265516779123285251e-01,-2.180526386344340539e-01,-2.931989811877206420e-01,-1.973859421779346757e-01,-1.241074221368246994e-01,-3.210152374994414137e-02,2.629250636757674703e-02,-1.183520264533714644e-01,-2.026632110460699632e-01,-4.737343044818803084e-01,-2.232718173287457086e-01,-1.414093569864605104e-01,3.231154207069127093e-02,2.262969748424862593e-01,1.930649269404352275e-01,1.144287054828187072e-01,1.557397560212699372e-01,-3.219044640064345764e-01,-3.164707985164663118e-01,1.398453907681308506e-01,-1.850484829527682118e-01,1.773582376334956745e-01,-1.493096206264801773e-01,-1.521336967692926423e-01,5.180749810089816526e-02,1.257652263282541538e-01,2.396621832968407750e-01,3.087537423477367260e-01,1.415434112337459194e-01,-1.194155234818356504e-01,2.353411680593413546e-01,-9.085303186022609945e-02,-4.858572769113901624e-02
7.180481701595246014e-01,1.000000000000000000e+00,4.675767460565709022e-01,1.467313106036909620e-01,-4.198713079226060185e-01,2.761517494079270777e-03,3.626212073819205517e-01,8.204119933866571568e-02,-3.349345368425756253e-01,-1.016086509674248156e-01,3.668975378703248635e-01,3.196881004513159596e-01,1.286027078957951708e-01,3.201662272666339071e-02,-2.442870548281871335e-01,-3.981634568121900086e-01,8.261763260199293801e-02,7.843514008668840687e-02,3.388936056124045026e-01,5.956968586621386175e-01,-1.035435006032441180e-01,-5.118191161356629160e-02,-6.407793020242191773e-03,1.170517002547030727e-01,-3.209258680012511689e-01,-1.157469055811251590e-01,-1.198444970731489395e-01,7.323830376692434807e-02,-6.296527994995308741e-02,-1.980159971401760644e-01,1.623307565128021823e-01,7.123195853255283316e-02,4.732740515662004488e-01,4.113588632199829953e-01,4.852316904240582679e-02,1.393359846284463188e-01,-1.724831315072165860e-01,-9.599624648107600577e-02,-2.007864515840743491e-01,-1.875374234773671822e-01,-2.791903123463961855e-01,-2.370079092005898322e-02,4.146744716028419667e-03,-1.325036864918003598e-01,1.258009741275302740e-01,2.277760400375351824e-01,-5.076634344698154749e-02,3.141784708878859328e-02,1.958264444345144961e-01,1.824388936056124122e-01,-4.745520353903212758e-03,-1.642924169980785609e-01,7.372983600697081974e-03,-1.376558380624692823e-01,-1.666026185262969861e-01,-9.505339827516869067e-02,7.425845658876625288e-01,5.999419098261763450e-01,3.863800884758031851e-01,7.821171634121273919e-02,2.506188837749676046e-01,1.151257875687028004e-01,2.748290808347111369e-01,2.123732070244425674e-01,1.107868984315653060e-01,-6.720586263908127911e-02,2.875061441530005757e-01,7.756825595424281239e-02,3.932615398364538439e-01,1.740024129764511374e-01,7.904285267438222740e-02,8.539255552080075168e-03,5.929666204924259609e-02,1.119442334331292727e-01,-3.391572456320657986e-02,-1.756646856427901138e-01,6.639706868045935906e-02,1.423209258680012412e-01,-6.543187810000446192e-02,-3.085035077528039751e-02,-6.697350194378658139e-02,-8.744358550426739596e-02,-2.682380803431788641e-01,-3.724473837079405047e-01,-3.148934268734080999e-01,-2.630144331739577290e-01,-2.707002100183207582e-02,-6.075785334465347298e-02,-1.315295589615264327e-01,-1.586308592877250928e-02,-1.664060056302783808e-01,-2.224094016712096222e-01,-2.074668215737968668e-01,-1.002815139192993477e-01,-8.810938826578489091e-02,-1.182671254300907138e-01,2.372983600697081974e-01,2.471066624960900904e-01,1.062960811475043565e-01,4.110550069261360850e-02,-1.823763349568792158e-01,-2.943652531391036109e-01,6.251396398409223357e-03,-3.332633272264176050e-01,-7.744760713168595545e-02,-2.017382367398007081e-01,-1.890701103713302578e-01,-9.209079941016130866e-02,7.758612985388087246e-02,2.235399258233164987e-01,2.312882613164126966e-01,1.030966531122927687e-01,-1.360293131954063983e-01,5.889896778229590513e-02,-1.398096429688547304e-01,5.653067608025381247e-02
5.003038562938468825e-01,4.675767460565709022e-01,1.000000000000000000e+00,9.406139684525671729e-02,-2.700120648822557090e-01,1.340899950846775879e-01,7.908709057598641845e-01,-9.271191742258366730e-02,-1.345189686759908909e-01,7.766209392734259309e-02,3.381875865767013933e-01,-3.087716162473747895e-03,4.240269895884534734e-01,1.732874569909290119e-02,1.287814468921756952e-02,-8.365431878100004770e-02,6.985566826042272082e-02,7.230439251083604912e-02,4.023012645783993757e-01,4.584744626658921463e-01,-9.285044014477858432e-02,1.232405380043791014e-02,4.416059698824791324e-01,4.155815720094731547e-01,-6.622279815898833577e-02,1.480137629027213075e-01,-1.155726350596541357e-01,-1.193395594083739158e-01,2.737834577058849764e-02,-1.153715536887260362e-01,2.552214129317663671e-01,1.491666294293757522e-01,5.102059966933285562e-01,4.448098663926002283e-01,3.031994280352116045e-01,4.289735913132847688e-04,-6.566870727020868159e-02,-2.973859421779346812e-01,-1.274274989945931580e-01,-1.645783993922874111e-01,-4.979221591670762725e-02,-3.426873408105813451e-02,-2.726127172795924647e-01,-2.154832655614638826e-01,2.893605612404486216e-01,-8.990124670449975430e-02,-2.525760757853344751e-01,-2.332141740024129828e-01,-1.212475981947361420e-01,-2.546628535680772187e-01,-3.766656240225211283e-01,-5.509942356673667163e-01,-3.303677554850529274e-01,-3.657625452433084789e-01,-1.603556906027972517e-01,-2.410027257696948089e-01,3.674024755350998594e-01,8.389114795120425350e-02,5.419813217748782608e-02,-3.366102149336431260e-01,2.270432101523749968e-01,-1.799186737566468575e-01,1.807051253407212232e-01,-1.296304571249832366e-02,5.646811743152062579e-01,5.710710934358103827e-03,4.167165646364895393e-01,-7.672818267125429414e-02,4.062424594485902207e-01,8.875731712766432580e-02,1.423387997676393013e-01,2.442915233030966415e-02,1.075561910719871339e-01,5.957370749363242318e-02,-7.859600518343089204e-02,-1.539836453818311801e-01,1.762902721301219944e-01,1.357522677510165643e-01,-2.855355467179051913e-03,-7.011037133026498148e-03,8.409222932213235302e-02,-1.081370928102238713e-02,3.758881093882657926e-02,-2.568479377988292650e-02,1.475266991375843439e-01,-4.249072791456275922e-01,1.848071853076544979e-01,1.707851110416015034e-02,-1.248045042227087925e-01,-4.171768175521694544e-01,-1.660395906876983019e-01,9.312301711425890680e-03,-3.265650833370570827e-01,1.270029938781893630e-01,9.890522364716922143e-02,-1.110952232003217244e-01,1.164842039411948665e-01,1.794539523660574482e-02,-1.712230215827338087e-01,-4.535502033156083718e-02,-3.556459180481701399e-01,-4.346038696992716305e-02,5.482371866481969974e-02,-1.659993744135126736e-01,1.010634970284641915e-01,2.306179900799857144e-02,-2.559989275660217237e-02,4.397873005943071789e-02,7.258590643013539123e-02,3.006836766611555370e-02,3.525179856115107785e-02,7.553063139550471317e-02,-1.553867465034183826e-01,8.863219983019794690e-02,-2.362929532150677067e-02,-2.192010366861790183e-01
1.043478260869565161e-01,1.467313106036909620e-01,9.406139684525671729e-02,1.000000000000000000e+00,-1.817775593190044253e-02,-1.019214442110907559e-01,1.926136109745743841e-01,7.191429465123553300e-01,-1.409848518700567432e-01,1.242816926582957227e-01,-1.693954153447428390e-01,-8.359176013226685131e-02,-1.527235354573484027e-01,-1.791411591223915356e-02,-2.549935207113812052e-01,-2.067876133875508338e-01,-3.246972608248804848e-01,-3.905357701416506400e-01,1.321953617230439137e-01,1.980472764645426487e-01,2.026944903704365752e-01,-3.011305241521068932e-01,2.216810402609589378e-02,2.883953706599937661e-01,1.403101121587202243e-03,-3.434022967961034706e-02,1.904598060681889360e-01,-1.511372268644711470e-01,-2.295589615264310157e-01,-1.083605165556995355e-02,-3.426069082622101303e-01,-8.722463023370123636e-02,1.391929934313418903e-02,2.076008758210822758e-01,3.114527011930828121e-02,-4.939005317485142127e-02,-1.379462889315876406e-01,-1.266008311363331640e-01,-1.389695696858662174e-03,1.716832744984136960e-01,-1.495687921712319512e-01,7.690245319272532090e-03,-2.002189552705661568e-01,6.839894543992135201e-02,2.162160954466240681e-01,2.378122346843022372e-01,-2.132490281067071780e-01,-2.686581169846731232e-01,9.454846061039366700e-02,8.360516555699540331e-02,-4.924259350283748116e-02,-5.974797801510344647e-02,-1.726663389785066394e-01,1.800974127530274027e-01,1.322668573215961436e-02,-1.435274140935698627e-02,9.346262120738192680e-02,8.731846820680101706e-02,-8.718441395951562201e-02,3.974261584521202734e-02,4.739264489029894334e-02,3.739890075517225965e-01,-3.040886545422047393e-01,-1.156173198087492721e-01,-7.442244961794539093e-02,3.531346351490236568e-01,-2.413512668126368554e-01,-3.409356986460521100e-01,8.959292193574332555e-03,-3.334107868984315659e-01,-1.300326198668394495e-01,-6.394834443004603075e-02,-1.064792886187944099e-01,-3.068054872871888925e-02,4.214218687162071819e-02,-6.937754144510478727e-02,-8.165244202153805475e-02,-1.182269091559050855e-01,-1.924795567272889751e-01,-3.485812592162295109e-01,-1.658831940658653248e-01,4.235667366727735583e-02,-4.271862013494794053e-02,2.605120872246302274e-02,-1.929174672684212943e-01,9.156351937083873072e-02,-2.693328566960096482e-01,-1.361320881183252229e-01,-2.940211805710710724e-01,-1.544081504982349473e-01,2.249474954198132093e-01,6.742928638455695026e-03,2.476786272845077908e-01,1.272308860985745527e-01,-2.264265606148621601e-01,-3.776397515527950555e-01,-1.428258635327762649e-01,-2.486795656642387942e-01,8.821663166361320974e-02,-1.840654184726752685e-01,2.193350909334643994e-01,1.012779838241208291e-01,-5.694624424683855657e-02,3.230260512087224783e-02,2.060100987532955119e-01,-9.059386031547432550e-02,-1.385003798203673087e-01,-2.754636042718620059e-01,-1.856919433397381525e-01,-1.289735913132847855e-01,-7.015952455426963108e-02,-5.154385808123687629e-02,3.216855087358684306e-01,3.066267482908083611e-02,1.214486795656642415e-01,-1.172036284016265278e-01
-3.935877385048482946e-01,-4.198713079226060185e-01,-2.700120648822557090e-01,-1.817775593190044253e-02,1.000000000000000000e+00,1.844005540908887908e-01,-1.346753652978238402e-01,1.274409044193216926e-02,3.271013003261986629e-01,1.237231332946065465e-01,-3.108315831806604534e-01,-2.274453728942311959e-01,-3.294115018544170881e-01,-1.018678225121765896e-01,-1.663568524062737364e-01,3.964877787211224663e-02,-6.403771392823628950e-02,-2.930425845658876649e-02,2.269538406541847173e-02,-1.524241476384110006e-01,8.489655480584476499e-02,1.772331203360293095e-01,4.995308101345011242e-02,1.101479065195049012e-02,6.242861611332052307e-01,3.494392063988560615e-01,2.084498860538898102e-01,1.104606997631708276e-01,5.944859019616605122e-02,1.695652173913043403e-01,-5.835828231824478386e-03,5.670494660172483402e-03,-2.565574869297108651e-01,-1.605969882479109934e-01,1.276062379909736755e-01,3.147593726261226771e-02,1.442781178783681117e-01,1.777782742749899336e-01,2.832387506144152800e-01,1.414853210599222588e-01,1.957192010366861842e-03,-1.404173555565485509e-01,6.327360471870950576e-02,1.714196344787524140e-01,8.340408418606728991e-02,1.497832789668885993e-02,-1.080164439876670074e-01,1.474596720139416525e-03,1.342866079806961932e-01,-1.013941641717681780e-01,-6.782698065150363775e-02,-2.431744045757183031e-02,-2.123419277000759553e-01,6.827829661736449160e-03,-4.777693373251708925e-02,-1.515974797801510343e-01,-2.948478484293310942e-01,-2.562715045355020149e-01,-4.365923410340050714e-01,-1.092631484874212466e-01,-2.784306716117789238e-01,-6.676795209794897379e-02,-8.787702757049019320e-02,-2.137271549220251185e-02,-8.951695786228160145e-02,8.333258858751507736e-02,-1.196523526520398562e-01,-4.972518879306492973e-02,-1.993967558872156987e-01,-1.734661959873095294e-01,1.789579516511014823e-01,2.445775056973055195e-01,2.106885919835560159e-02,8.477143750837838609e-02,-3.056436838107154039e-03,1.061799007998570077e-01,1.132937128558023088e-01,-3.244559631797667293e-02,4.643639125966307624e-02,4.738370794047991330e-02,1.057688011081817786e-02,6.397515527950310699e-02,1.755842530944188851e-01,1.454935430537557528e-01,-1.112203404977881067e-02,5.367085213816524120e-02,6.194646767058403086e-02,8.896286697350194728e-02,-1.153402743643594380e-01,-1.101836543187809936e-01,-1.221725725010054109e-01,1.306805487287188983e-01,6.070423164573930663e-02,4.075695964967156887e-02,1.952366057464587357e-01,1.370794047991420461e-01,-2.687653603825014281e-01,-6.319764064524777125e-02,-9.904374636936413845e-02,-2.261673890701103584e-01,1.144242370079091992e-01,1.705214710219402074e-01,-3.351356182135037387e-02,1.716028419500424396e-01,-1.488761785602573939e-01,2.815228562491621789e-01,2.160731042495196430e-01,2.626748290808347264e-01,5.510970105902855687e-02,-2.254837124089548173e-01,-2.957057956119576447e-01,-4.813441172527816586e-02,7.339470038875731128e-02,-7.108896733544840807e-02,3.087984270968318623e-01,-9.608114750435675644e-02
-1.503194959560302107e-02,2.761517494079270777e-03,1.340899950846775879e-01,-1.019214442110907559e-01,1.844005540908887908e-01,1.000000000000000000e+00,1.830019214442110964e-01,-8.059341346798337691e-02,2.438133964877787219e-01,4.716743375485946688e-01,-8.170606372045220722e-02,-9.250636757674605970e-02,3.325439027659859992e-02,1.648018231377630927e-01,1.804280798963313892e-01,3.054113231154206853e-01,5.411323115420706847e-03,4.685642790115733536e-02,1.185173600250234577e-01,1.595290227445372855e-01,-1.195853255283971517e-01,1.426158452120291353e-01,8.778318959739041250e-02,1.717413646722373566e-01,3.052862058179543411e-02,4.610438357388623176e-01,-1.716743375485946521e-01,3.953706599937441279e-02,1.070780642566692004e-01,1.570534876446668671e-01,2.255194602082309374e-01,1.573350015639662092e-01,1.354216006077125778e-01,1.374815675409982452e-01,3.931230171142588992e-01,6.050761874972072213e-02,-1.193976495821975903e-01,-8.967335448411457854e-02,1.343983198534340340e-01,2.391349032575182110e-01,1.564591804817015985e-01,-8.002591715447517073e-02,-2.045399705080656050e-01,-1.991956745162875853e-01,2.227132579650565325e-01,-5.783100227892220419e-02,-3.258411904017158855e-01,-1.979042852674382236e-01,-8.456141918763125653e-02,-1.807319361901782995e-01,-3.198266231735109044e-01,-1.885741096563742780e-01,-2.116359086643728460e-01,-3.679431609991509755e-01,7.173242772241833487e-02,-1.834755797846195080e-02,1.469904821484427360e-01,5.208454354528799235e-02,-6.845703561374502644e-02,-1.677465481031324007e-02,5.293355377809553369e-02,2.091246257652263144e-02,-9.298449439206399325e-02,-4.622190446400643166e-02,2.134545779525447995e-01,8.568747486482863884e-02,8.852942490727915004e-02,2.855355467179051740e-02,7.015058760445060104e-02,3.222038518253719785e-01,4.386925242414763670e-01,1.689932526028866400e-01,2.951651101479065287e-01,3.846731310603691001e-01,1.866571339201930357e-01,-1.232673488538361811e-01,1.630367755485052916e-01,1.005362169891415997e-01,2.185620447741185857e-01,1.949104070780642572e-01,1.824299566557933683e-01,1.012467044997542309e-01,1.770275704901916880e-01,1.933777201841011539e-01,9.799812324053799872e-02,-5.971223021582734020e-02,1.631797667456097167e-01,1.085571294517181234e-01,8.837749676035569490e-02,9.683185128915501941e-03,-4.955091827159390644e-02,-2.067205862639081293e-01,-3.852629697484248883e-01,-6.036015907770678202e-02,-4.098485187005675157e-02,6.675901514812994028e-03,-8.620581795433218675e-02,-1.163322757942714114e-01,3.492559989275659943e-02,-4.203941194870190745e-02,-2.775235712051477011e-01,-1.195942624782161817e-01,-7.632155145448858702e-02,7.632155145448858702e-02,-2.244380892801287053e-01,1.557174136467223691e-01,1.287278251932615358e-01,1.761204700835604930e-01,-9.566557933777201927e-02,-1.906027972652933611e-01,-2.282809777023102060e-01,1.062067116493140839e-01,1.317082979579069779e-01,-7.272442915233030825e-02,2.907457884623977917e-01,3.575226775101657956e-02
4.012601099244827996e-01,3.626212073819205517e-01,7.908709057598641845e-01,1.926136109745743841e-01,-1.346753652978238402e-01,1.830019214442110964e-01,1.000000000000000000e+00,1.449975423387997731e-01,-1.842575628937843379e-01,1.062513963984092202e-01,2.766388131730640465e-01,-1.354886277313552823e-01,3.197908753742347843e-01,3.000580901738236772e-02,-1.096295634300013394e-01,-1.729657267974440416e-01,1.551454488583046618e-02,1.350819965145895647e-02,3.754546673220429676e-01,3.133652084543545047e-01,-1.724831315072165860e-01,-1.237767549935207129e-02,4.933375039099155424e-01,5.242682872335672206e-01,6.916752312435765770e-02,1.857857813128379332e-01,-2.200857947182626451e-01,4.025202198489655214e-02,1.450466955628044140e-02,-4.715581572009473060e-02,1.726395281290495631e-01,1.750882523794628776e-01,4.344742839268957435e-01,4.729925376469011344e-01,3.627105768801108243e-01,-8.311363331694892904e-04,-1.169936100808793983e-01,-2.633987220161758680e-01,-5.193708387327405224e-02,-1.415300058090173951e-01,-2.400911568881540850e-02,-1.202690021895527067e-01,-3.134769203270923454e-01,-2.682648911926359681e-01,2.225926091424996756e-01,-2.045310335582465611e-01,-4.979087537423477206e-01,-3.134098932034496410e-01,-2.894990839626435664e-01,-4.200634523437151158e-01,-4.687162071584968226e-01,-6.113588632199830064e-01,-5.128558023146699840e-01,-3.013941641717681752e-01,-1.725367532061307385e-01,-3.733142678403860715e-01,3.229098708610750879e-01,1.673801331605523079e-01,-1.197283167255015907e-01,-4.168863666830510684e-01,2.632467938692524267e-01,-6.685285312122972445e-02,1.921042048348898523e-01,-9.384244157469055769e-02,5.877429733232047981e-01,2.348228249698378067e-01,3.623933151615353898e-01,-1.950980830242638187e-01,2.748916394834443055e-01,-8.644711559944591450e-02,2.991599267170114707e-01,2.387640198400285962e-01,2.103400509406139762e-01,2.501362884847401769e-01,3.249921801689083234e-02,7.206309486572233525e-02,1.922025112828991411e-01,1.363018901648867243e-01,1.325349658161669407e-02,-4.374636936413602364e-03,1.413467983377273418e-01,7.167433754859466565e-03,4.083739219804281145e-02,-1.096206264801823094e-01,1.905447070914696728e-01,-3.869609902140399571e-01,1.274766522185978024e-01,-6.082934894320568553e-02,-1.824612359801599804e-01,-4.179453952366057323e-01,-2.538227802850887005e-01,1.434380445953795883e-03,-2.547432861164484752e-01,1.605031502748112127e-01,3.820099200142991480e-02,-1.237454756691541147e-01,-6.785825997587023595e-02,-1.143482729344474785e-01,-2.135394789758255640e-01,-2.124134232986281678e-01,-3.092184637383261214e-01,-1.026185262969748491e-01,-1.033871039814111409e-01,-1.620358371687742882e-01,-2.664104741051879013e-02,1.348809151436614617e-01,1.154296438625497107e-01,6.810849457080297986e-02,3.266008311363331751e-02,5.670494660172483402e-03,-1.600831136333169535e-01,8.800661334286608017e-02,-1.122883060011617973e-01,-1.416908709057598525e-01,1.948701908038786429e-02,-1.701773984539076690e-01
-2.828097770231020186e-02,8.204119933866571568e-02,-9.271191742258366730e-02,7.191429465123553300e-01,1.274409044193216926e-02,-8.059341346798337691e-02,1.449975423387997731e-01,1.000000000000000000e+00,-1.468966441753429553e-01,1.487689351624290612e-01,1.573796863130613385e-02,1.758255507395325989e-01,-1.757451181911613702e-02,2.300862415657536075e-01,-2.428794852316904229e-01,-2.518968675990884143e-01,-5.084632914786183511e-01,-5.021046516823808314e-01,-1.949997765762545299e-01,-8.801555029268511021e-02,1.396487778721122452e-01,-1.349390053174851500e-01,1.500513874614593963e-02,2.184860807006568650e-01,-3.953706599937441279e-02,-1.914384020733723712e-01,1.435363510433888823e-01,1.862460342285178136e-02,-4.623486304124402313e-01,-2.614504669556280692e-01,-2.197059743509540142e-01,-5.029268510657312896e-02,8.043254837124089174e-02,2.804370168461504109e-01,3.446534697707672595e-02,-1.328790383841994827e-01,-8.310469636712990160e-02,-1.128155860404843891e-01,-1.007104875106126229e-01,-3.551990705572188184e-02,-8.664819697037401403e-02,-1.660172483131507337e-01,-1.762858036552124863e-01,-7.203181554135573705e-02,1.729791322221725658e-01,2.174493945216497692e-01,-3.199740828455248098e-01,-3.029089771660932184e-01,1.189418651414272249e-01,1.660351222127887660e-01,2.449126413155190141e-01,1.804370168461504054e-01,1.830287322936681796e-02,1.863800884758032017e-01,1.387014611912954117e-02,-7.089682291433933858e-02,-6.395728137986504691e-02,3.549935207113811830e-01,1.707404262925063532e-02,2.093659234103400490e-01,4.243889360561240442e-01,6.739130434782608647e-01,-3.207337235801420716e-01,1.308905670494660278e-01,-5.659323472898699497e-02,4.226641047410518714e-01,-1.482952768220206496e-01,-2.523034988158541214e-01,-8.392242727557085169e-02,-2.919209973635997768e-01,3.687385495330443991e-02,5.844765181643504781e-02,-2.435542249430269479e-01,-2.962598865007372902e-03,7.727780508512444024e-02,1.755306313955047048e-01,-1.166093212386612454e-01,3.968005719647884483e-02,-4.246078913266901900e-01,-4.709459761383439913e-01,-4.264086867152240834e-01,-1.707538317172349052e-01,-1.807542785647258676e-01,-2.278207247866303187e-01,-1.071093435810357986e-01,1.732517091916528917e-01,-2.497207203181554258e-01,-2.272398230483935744e-01,-3.974485008266678832e-01,-5.344295991778005850e-02,-1.541623843782117089e-03,3.628401626524867252e-02,3.098038339514723738e-01,2.526028866347915583e-02,-2.569507127217480758e-01,-4.303409446355958567e-01,-3.701237767549934998e-02,-1.702622994771884335e-01,-9.591581393270476319e-02,-4.295544930515214910e-01,3.172617185754502134e-01,-4.262925063675767484e-02,-7.639751552795030765e-02,-1.409133562715045307e-01,4.603422851780687025e-02,-1.742392421466553432e-01,-1.062022431744045758e-01,-4.074131998748827255e-01,-1.980070601903570204e-01,4.264265606148621296e-02,-4.896554805844765407e-02,-1.625139639840922356e-01,3.095267885070825398e-01,-3.556906027972652623e-02,-1.052728003932257989e-01,3.282094821037579574e-02
-4.264578399392287555e-01,-3.349345368425756253e-01,-1.345189686759908909e-01,-1.409848518700567432e-01,3.271013003261986629e-01,2.438133964877787219e-01,-1.842575628937843379e-01,-1.468966441753429553e-01,1.000000000000000000e+00,2.397381473703025234e-01,-1.537334107868984223e-01,-2.212073819205505054e-01,5.665132490281066940e-02,-1.345591849501764914e-01,5.374413512668125836e-01,2.041065284418427939e-01,-2.457973993476026686e-01,-2.114124849188971922e-01,-2.378569194333973735e-01,-2.410608159435184694e-01,3.592653827248760284e-02,-1.000938379730997863e-01,1.163278073193619033e-01,8.143795522588140323e-02,1.851155100764109163e-01,4.463917065105679205e-01,-4.783502390634076368e-02,-1.179275213369676972e-01,-1.680012511729746527e-01,-1.953885338933821769e-01,3.803163680235935318e-01,2.658474462665892379e-01,-5.899727423030519391e-02,2.408507976227713607e-02,2.447383707940480047e-01,1.646633004155681826e-02,1.287725099423566721e-01,4.941686402430850444e-02,-1.878814960453996930e-01,-2.849993297287635730e-01,6.632557308190714651e-02,-6.353724473837078779e-02,2.955002457661200232e-02,1.897805978819429029e-01,8.735868448098664529e-02,-3.270476786272845382e-02,5.394342910764556021e-02,6.784485455114169783e-02,-3.610080879395861919e-02,-1.254524330845882274e-01,-2.228428437374324264e-02,7.135707583001921206e-02,1.138790830689485611e-01,2.824076142812458057e-02,-1.762277134813887980e-01,-1.668975378703248524e-01,-2.815541355735287632e-01,-3.199025872469726250e-01,-1.735957817596854302e-01,-1.746682157379686184e-01,-2.599311854863934831e-02,2.752580544260244122e-02,-2.102328075427856435e-01,-5.034183833057777335e-02,2.315116850618883712e-02,1.162697171455382220e-02,4.325483712408954504e-03,-9.167076276866704954e-02,-1.007104875106126229e-01,-4.043969793109611528e-03,8.476696903346887801e-02,4.020286876089190775e-02,8.751954957772911659e-02,2.544483667724205533e-01,4.111443764243263854e-02,2.789668886009204901e-02,2.193663702578310115e-01,1.485946646409580518e-01,-1.848831493811162185e-01,-1.659680950891460616e-01,-1.680816837213459092e-01,-4.298226015460922950e-02,1.008177309084409556e-01,1.956968586621386230e-01,5.986862683766030341e-02,2.452299030340944486e-02,2.218329684078823860e-01,7.940926761696233405e-02,-9.770320389651011850e-02,1.152062201170740430e-01,-8.821663166361320974e-02,2.457124983243219041e-01,4.857679074131998620e-02,1.840832923723133285e-01,2.453192725322847142e-02,-1.614415300058090197e-01,1.607310424951963884e-02,6.080253809374860235e-02,-1.860404843826801990e-01,4.572590374905045191e-02,1.192546583850931652e-01,2.910407078064256581e-01,1.845658876625407840e-01,1.221502301264578427e-01,-7.295232137271549788e-02,-1.525537334107869049e-02,-4.223602484472049889e-02,8.399392287412306424e-02,-5.937262612270432366e-02,6.798337727333661484e-02,1.828499932972876274e-01,-1.414763841101032149e-01,-9.495509182715938801e-03,-9.783725814379552743e-02,9.542428169265829152e-02,-1.718575450198847054e-01
-1.467759953527860983e-01,-1.016086509674248156e-01,7.766209392734259309e-02,1.242816926582957227e-01,1.237231332946065465e-01,4.716743375485946688e-01,1.062513963984092202e-01,1.487689351624290612e-01,2.397381473703025234e-01,1.000000000000000000e+00,-6.820680101881228252e-02,-3.924661513025604065e-02,1.705482818713972837e-01,3.598373475132937149e-01,2.217793467089682335e-01,5.052102417444925830e-01,-1.722418338621028722e-01,-1.428169265829572487e-01,-8.221993833504625052e-04,2.655167791232852098e-02,1.182849993297287600e-01,4.807632155145449143e-02,1.032128334599401176e-01,1.342463917065105650e-01,1.944993073863890143e-01,1.884266499843603448e-01,3.722686447115599456e-02,-1.404441664060056272e-01,-1.026721479958890015e-01,7.578533446534697383e-03,-2.614951517047231846e-02,-2.366951159569238849e-02,-4.830421377183966893e-03,-8.773850484829527618e-02,3.230841413825461528e-01,-7.659412842396889909e-02,-2.876804146744716198e-02,-9.672013941641717516e-02,3.569417757719290513e-02,8.827025336252737608e-02,1.944993073863890143e-01,1.974976540506725164e-01,-3.933285669600964929e-01,-1.415210688591983512e-01,4.741945573975601957e-02,-2.958711291836096380e-01,-3.811653782564010662e-01,-3.410920952678850870e-01,-1.817686223691853953e-01,-2.662808883328119935e-01,-3.242727557084766898e-01,-2.738370794047991219e-01,-1.890656418964207497e-01,-4.519370838732740259e-01,-5.807676839894544002e-02,-1.093257071361544291e-01,-1.380714062290540334e-01,-3.058224228070959352e-02,-2.012109567004781163e-01,4.619509361454935542e-02,1.831449126413155215e-01,2.538898074087314050e-01,-2.426069082622100970e-01,1.147593726261227076e-01,1.775056973055096354e-01,1.020376245587381048e-01,-8.991465212922829242e-02,-1.024978774744179782e-01,-4.295544930515215326e-02,2.115733500156396496e-01,2.598060681889270973e-01,-9.066535591402654845e-03,2.442959917780061774e-01,6.719245721435274099e-02,3.313418830153268546e-01,3.400509406139684554e-02,-1.598373475132936969e-02,-2.748112069350730491e-03,4.522543455918495020e-02,-3.716430582242280511e-02,9.516957862281603953e-02,1.586755440368202430e-01,-8.865007372983600697e-02,3.831404441664060245e-01,3.390902185084230802e-01,-9.813664596273291574e-02,1.438714866616024046e-01,1.366012779838241264e-01,-3.791947808213056575e-02,3.140891013896957018e-02,1.994682514857679112e-01,2.912105098529871663e-02,-1.048080790026364034e-01,-1.072165869788641174e-01,-1.139327047678627275e-01,-1.292819160820412039e-01,-5.525269225613298196e-02,-1.909334644085973476e-01,1.316770186335403658e-01,1.378167031592117675e-01,-1.671790517896241945e-01,6.177666562402252259e-02,1.786496268823450570e-02,1.123463961749854717e-01,9.075472541221681413e-03,-1.968720675633406358e-01,-1.482818713972920976e-01,-2.417757719290406226e-01,-6.036462755261629010e-02,-1.345904642745431035e-01,-2.941597032932660033e-02,-6.201796326913624341e-02,2.570490191697573645e-01,1.341704276330488443e-01,2.112337459225166469e-01,-2.843692747665221843e-01
4.472005004691898544e-01,3.668975378703248635e-01,3.381875865767013933e-01,-1.693954153447428390e-01,-3.108315831806604534e-01,-8.170606372045220722e-02,2.766388131730640465e-01,1.573796863130613385e-02,-1.537334107868984223e-01,-6.820680101881228252e-02,1.000000000000000000e+00,5.172393762009026563e-01,6.526743822333437306e-01,4.814334867509719174e-01,8.722016175879172828e-02,-8.020912462576522406e-02,3.091916528888690174e-01,2.935653961303007486e-01,1.818088386433710235e-01,1.049153224004647222e-01,-2.062111801242235976e-01,-4.642745430984405314e-02,2.801733768264891289e-01,1.776665624022521206e-01,-3.972161401313731854e-01,-3.919388712632378424e-01,-1.802448724250413359e-01,8.253273157871218735e-02,8.959739041065284404e-02,-2.302649805621341528e-01,2.638947227311318477e-01,6.680369989722508006e-02,3.438268019125072517e-01,2.927208543724026946e-01,7.951651101479065287e-02,3.134501094776352970e-01,-1.635193708387327471e-01,-1.815496670986192496e-01,-4.337101747173689459e-01,-4.617900710487510829e-01,8.624156575360829302e-02,8.656329594709326336e-02,2.371196210733276799e-01,-1.815586040484382657e-01,-3.692658295723669770e-01,-1.914741498726484775e-02,-7.739398543277178910e-02,1.170204209303364745e-01,-2.274453728942311959e-01,-2.798158988337280315e-02,9.584878680906206219e-03,-1.766298762232449970e-01,5.612404486348808973e-03,-1.039367263952812870e-01,-2.973189150542919768e-01,-3.019348496358192913e-01,2.710487510612628048e-01,3.434648554448366808e-01,2.202198489655480540e-01,-9.671120246659814512e-02,4.444345145002011055e-01,1.197551275749586704e-02,4.379239465570400891e-01,4.621698914160596861e-01,4.429956655793377829e-01,-9.410608159435184666e-03,2.468653648509763487e-01,2.712051476830957819e-01,1.139327047678627275e-01,3.093569864605210107e-01,2.012243621252066683e-01,9.865945752714598560e-02,-1.295321506769739617e-01,-6.494034585995799025e-02,-9.794897001653335780e-03,-5.400598775637874965e-02,-1.556101702488940641e-01,-1.668081683721345937e-02,-4.634255328656329553e-02,1.026006523973367890e-01,-1.146431922784753588e-01,-2.561106394387595575e-01,-3.210643907234461136e-01,-3.793958621922338126e-01,-4.879574601188614753e-03,-2.957326064614146932e-01,-5.934134679833772373e-03,5.148129943250368684e-02,-9.922695384065417790e-02,-8.776978417266187438e-02,-3.965503373698556766e-01,-4.940345859957996633e-02,-3.055677197372536624e-01,-2.389338218865900976e-01,-4.542204745520354164e-02,1.451807498100898264e-01,3.199428035211582255e-01,1.601501407569596580e-01,-2.132088118325215498e-01,-7.700522811564412817e-02,-3.438580812368738360e-01,-3.700522811564412873e-01,-3.480941954510925751e-02,-5.744224496179454187e-01,-1.172885294249072785e-01,-3.194333973814736938e-01,-2.277760400375351824e-01,-2.534787077170561620e-01,2.573930917377899030e-01,4.550382054604763526e-01,2.723758881093882867e-01,-1.205952008579471851e-01,-4.256981992046114938e-01,-9.093793288350686399e-02,-3.109969167523124467e-01,-5.777738058000803957e-03
3.558559363689172694e-01,3.196881004513159596e-01,-3.087716162473747895e-03,-8.359176013226685131e-02,-2.274453728942311959e-01,-9.250636757674605970e-02,-1.354886277313552823e-01,1.758255507395325989e-01,-2.212073819205505054e-01,-3.924661513025604065e-02,5.172393762009026563e-01,1.000000000000000000e+00,3.160507618749720526e-01,6.058090173823673652e-01,-1.567540998257294788e-02,-1.000491532240046499e-01,2.025872469726082425e-01,1.842977791679699662e-01,-2.168953036328701012e-01,-5.590955806783144688e-02,1.407971759238571818e-01,-3.356718352026453328e-02,-1.655838062469279226e-01,-1.913445641002725905e-01,-4.088073640466508563e-01,-4.807989633138209928e-01,1.124178917735376981e-01,-1.322177040975914819e-01,-6.915858617453862767e-02,-2.633674426918092837e-01,1.821350373117655019e-01,-1.923678448545511344e-02,2.539747084320121417e-01,1.512355333124804635e-01,-3.364761606863577587e-03,4.980517449394521456e-01,-3.955493989901246593e-02,9.682738281424549398e-02,-2.664372849546449706e-01,-1.075159747978015057e-01,3.108717994548460678e-02,2.018365431878099969e-01,3.026229947718843682e-01,-1.975244649001295927e-01,-3.325170919165288952e-01,2.096697797041869593e-01,1.030519683631976463e-01,1.139997318915054320e-01,6.926136109745743841e-02,3.497430626927029995e-01,2.561776665624022620e-01,2.564681174315206480e-01,1.207381920550516102e-01,-1.111041601501407544e-01,-1.239644309397202743e-01,-4.581080477233120257e-02,1.389293534116805839e-01,4.421421868716207126e-01,4.505250458018678072e-01,4.387952991643951917e-01,4.783502390634076784e-01,3.667053934492157663e-01,3.555029268510657148e-01,7.594039054470709260e-01,-7.725993118548639231e-03,8.221993833504625052e-03,1.331828946780463929e-01,5.534608338174180631e-01,9.276553912149783365e-02,3.667545466732204384e-01,-4.489029894097144868e-02,-1.836587872559095613e-01,-3.546181688189820602e-01,-3.094284820590732510e-01,9.058492336565529546e-02,-1.243978730059430715e-01,-3.406675901514812921e-01,-8.684034139148308351e-02,-9.920907994101613170e-02,4.334420662227981939e-03,-2.368157647794807696e-01,-2.488448992358907874e-01,-4.904061843692747447e-01,-3.079806961883909122e-01,-2.575718307341704483e-01,-3.478260869565217434e-02,-2.765405067250547577e-01,1.467983377273336665e-01,6.315295589615264882e-02,2.606014567228204792e-01,-2.370525939496849754e-01,-3.835560123329907478e-01,-1.004870637651369553e-01,-3.662808883328120269e-01,5.811251619822154629e-02,1.008758210822646162e-01,1.219044640064346069e-01,2.829348943205683975e-01,-1.406139684525671285e-01,-1.423253943429107771e-01,-1.686402430850350853e-01,-3.278385986862683565e-01,2.173913043478260809e-02,-4.666875195495777118e-01,1.042584565887662573e-01,-3.085571294517181484e-01,-3.909781491576924672e-01,-9.892309754680728151e-02,3.968452567138835430e-01,2.362035837168774410e-01,4.009026319317217091e-01,-2.183967112024665924e-01,-2.867062871441976579e-01,3.604718709504445978e-02,-2.305598999061620191e-01,-7.267080745341615577e-02
1.742660529961124194e-01,1.286027078957951708e-01,4.240269895884534734e-01,-1.527235354573484027e-01,-3.294115018544170881e-01,3.325439027659859992e-02,3.197908753742347843e-01,-1.757451181911613702e-02,5.665132490281066940e-02,1.705482818713972837e-01,6.526743822333437306e-01,3.160507618749720526e-01,1.000000000000000000e+00,5.328388221100138766e-01,5.264489029894097172e-01,1.380848116537825576e-01,1.245363957281379885e-02,-2.291433933598462785e-02,-8.213503731176549638e-02,-3.913490325751820681e-02,-1.528218419053577019e-02,-1.373028285446177277e-01,4.046025291567987847e-01,3.245095848786809234e-01,-2.395862192233790544e-01,-9.850752938022253047e-02,-4.243710621564859842e-02,7.810894141829394233e-02,-1.335939943697216081e-01,-3.456141918763125931e-01,3.807587470396353591e-01,3.182984047544573092e-01,3.328030743107377454e-01,2.918271593905000239e-01,2.488046829617051592e-01,1.263774073908575102e-01,1.384333526967246146e-02,-1.713302649805621414e-01,-3.910585817060637237e-01,-4.470396353724473970e-01,2.515796058805129798e-01,1.905134277671030885e-01,-9.772554627105768665e-02,-1.974306269270298120e-01,-1.819339559408373885e-01,-2.926672326734885421e-01,-1.038205460476339381e-01,-1.151972831672550129e-01,-4.223423745475669011e-01,-1.864962688234505506e-01,-1.147906519504892919e-01,-2.335984628446311218e-01,6.905581125161981693e-02,-2.300281513919299470e-01,-3.425890343625720424e-01,-7.771571562625675944e-02,5.494436748737655668e-02,1.106170963850038047e-01,2.707895795165110239e-02,-1.802493408999508440e-01,4.449037043656999812e-01,1.419500424505116265e-01,9.264935877385048479e-02,2.375307207650028951e-01,5.434737923946556526e-01,1.137718396711202423e-01,1.608114750435676310e-01,5.227221949148755376e-02,1.968675990884311278e-01,3.062201170740426193e-01,6.211180124223602411e-02,-4.523437150900398024e-02,-1.118057107109343556e-01,-8.418606729523213372e-02,-6.147280933017561233e-02,3.047053040797175968e-02,-4.469815451986237226e-02,9.685419366370258409e-02,-1.882523794628893077e-01,-9.521873184682068392e-02,-1.200768577684436234e-01,-1.280754278564725790e-01,-2.078421734661959897e-01,5.637874793333035733e-02,4.219357433308011940e-01,-2.313150721658698006e-01,2.047767996782698108e-01,1.279100942848205857e-01,5.130256043612314854e-02,-7.127217480673846139e-02,-1.774967603556905915e-01,1.218865901067965468e-01,-2.064569462442468473e-01,-1.610885204879574512e-02,-7.186201349479422185e-02,-1.718307341704276292e-01,1.531569775235712139e-01,8.309575941731087156e-02,-2.977300147459672197e-01,3.818758657670136974e-02,-2.551543858081236626e-01,-1.651235533312480352e-01,-7.058849814558290636e-02,-4.138478037445819657e-01,9.550024576612002603e-02,-3.977970418696099020e-01,-3.537334107868984057e-01,-1.794718262656955221e-01,3.830823539925823362e-02,2.661647079851646724e-01,2.569953974708432121e-01,-4.119084856338531830e-01,-2.365521247598194599e-01,7.484695473434917201e-02,-3.057777380580007920e-01,-5.810804772331203127e-02
