0.000000000000000000e+00,3.894946154877340638e-01,4.491085392555520528e-01,3.931587649135350193e-01,-1.942535412663657923e-01,-1.819652352652039728e-01,5.025023459493275224e-01,4.189776129407033478e-01,-1.450332901380758654e-01,-3.687430180079538933e-01,5.261629205952008670e-01,4.916975736181241619e-01,2.116627195138299222e-01,2.008534787077170536e-01,-3.287322936681710273e-01,-2.688904776799678209e-01,3.305420260065239924e-01,4.305822422807095706e-02,4.764645426515929927e-01,1.423432682425488094e-01,1.282899146521292340e-02,-4.416193753072076428e-02,3.429822601546092531e-01,3.818043701684615265e-01,-7.051253407212118574e-03,-1.447562446936860314e-01,3.700031279324366706e-01,3.653871933509093561e-01,8.656776442200277144e-02,-1.101925912686000236e-01,1.088207694713794194e-01,5.904195897940033022e-02,2.927297913222217107e-01,4.632199830197953339e-01,1.517494079270745033e-01,2.600428973591313309e-01,8.660798069618838579e-02,-5.298270700210018502e-02,-6.922561329818133213e-02,-3.445194155234818090e-01,4.668662585459582709e-02,1.246704499754233871e-02,-2.349568792171231879e-01,-3.330041556816658588e-01,1.642879485231690528e-01,-2.479377988292595647e-01,-1.354305375575316217e-01,-2.163009964699048326e-01,-1.207426605299611183e-01,-4.975468072746771497e-01,-4.245989543768711738e-01,-4.496894409937888248e-01,-3.149336431475937004e-01,-5.032485812592162322e-01,-3.825014522543455642e-01,-1.435631618928459585e-01,3.143482729344474480e-01,7.923946557040081884e-02,5.647169221144823226e-01,3.388891371374949668e-01,5.477143750837839553e-01,3.227981589883373026e-01,1.596005183430894980e-01,1.190893248134411719e-01,3.193753072076500055e-01,-2.008221993833504693e-01,3.813173064033245629e-01,3.180839179588006438e-01,4.821573796863130590e-01,1.734751329371285455e-01,3.905447070914697116e-02,-2.252245408642030433e-01,6.523973367889538896e-03,-5.414004200366415165e-02,2.921042048348898579e-02,1.631797667456097167e-01,2.092542115376022083e-01,2.037401134992627150e-01,-1.064033245453326754e-01,-2.311631440189463316e-01,-6.835426069082621570e-02,-3.089950399928504537e-02,3.977836364448813361e-02,-1.163322757942714114e-01,-1.529737700522811605e-01,-3.595826444434514491e-01,-1.024800035747799321e-01,5.236605746458733446e-02,-2.045623128826131731e-01,-3.467402475535099615e-01,-1.767281826712543136e-01,-2.580276151749407720e-01,-1.306805487287188983e-01,-3.457839939228741222e-01,-4.062290540238616687e-02,3.384869743956387539e-02,-4.732561776665623887e-02,-1.639170651056794381e-01,6.142812458108047602e-02,-8.007507037847982900e-02,1.762098395817507379e-01,-2.692390187229098952e-01,2.679610348987890300e-01,2.584119040171589665e-01,2.682917020420930165e-01,1.889271191742258327e-01,4.197774699495062101e-01,4.249296215201751603e-01,-2.848205907323830485e-02,-1.240627373877295631e-01,-4.897001653335716354e-01,-3.057196478841771037e-01,-2.353903212833459990e-01,-2.832879038384199522e-01,-1.851021046516823920e-01,-2.793690513427767030e-02
3.894946154877340638e-01,0.000000000000000000e+00,-8.356048080790026700e-02,-2.979132222172572661e-02,4.230528620581795463e-01,2.592609142499665009e-01,-1.761115331337414491e-01,-9.567451628759104931e-02,2.519817686223692066e-01,-7.421689977210778333e-02,-2.984494392063988810e-01,2.035703114527011859e-01,-5.580678314491264169e-01,-4.615487734036373413e-02,2.127887751910273115e-02,1.142678403860762359e-01,3.687385495330443574e-01,4.775191027302381763e-01,5.140310112158720246e-01,5.981947361365566040e-01,3.986862683766030924e-01,4.179185843871486838e-01,-2.214620849903927713e-01,-1.458554895214263236e-01,2.084498860538898102e-01,4.120693507305956405e-01,6.059743509540194140e-01,4.620581795433218453e-01,6.655793377720184423e-02,3.415702220832030067e-02,-1.866258545958264514e-01,-3.490549175566379225e-01,2.465659770320389743e-01,4.302113588632199837e-01,9.477188435586934856e-02,2.992001429911971266e-01,2.301934849635819402e-01,1.431654676258992676e-01,-6.287144197685329630e-03,-8.201885696411814752e-02,-2.101523749944144148e-01,8.896286697350194728e-02,-2.672460789132669046e-01,-2.529648331024621499e-01,1.257294785289780614e-01,-1.658251038920416365e-02,-5.603020689038831076e-02,7.894454622637293861e-02,-3.713749497296572888e-01,-1.682872335671835307e-01,-4.516600384288842474e-01,-3.431163144018946065e-01,-5.122078734527905075e-01,-4.189463336163367635e-01,-2.225255820188569711e-01,3.398275168684927738e-02,5.258411904017158411e-01,6.490861968810045513e-01,3.949014701282452244e-01,4.659904374636936186e-01,2.727557084766969037e-02,2.031413378613879106e-01,1.814513606506099330e-01,5.115510076410920703e-01,-2.308816300996469895e-01,-3.044818803342419500e-01,2.637606684838464388e-01,4.549801152866526643e-01,5.338889137137494689e-01,6.098976719245721156e-01,-1.010277492291880713e-01,-1.797131239108092360e-01,-1.858125921622950094e-01,-9.060279726529335553e-02,1.641494258009741358e-01,1.734617275124000213e-01,2.658429777916797021e-01,3.999150989767192299e-01,-3.596273291925465854e-01,-1.865364850976361788e-01,-1.695250011171187399e-01,2.711336520845435416e-01,-1.804370168461504054e-02,3.853031860226104888e-01,-3.361723043925108345e-01,-2.592072925510523485e-01,1.559944590911122031e-02,2.814156128513338184e-01,-3.495643236963224543e-01,-1.922516645069037855e-01,5.019884713347334826e-02,-7.274677152687787987e-03,1.297287635729925392e-01,-6.690647482014389080e-02,2.710219402118057008e-01,4.268912820054515667e-01,4.615353679789088170e-01,4.351937083873274048e-01,4.187765315697752344e-01,4.045489074578846322e-01,2.398543277179498723e-01,1.190893248134411719e-01,3.879440546941329004e-01,4.333929129987935114e-01,3.428705482818714123e-01,5.121944680280620110e-01,2.921444211090754584e-01,3.186335403726708315e-01,-2.930738638902542492e-01,6.650431207828767788e-02,-2.854908619688100585e-02,3.335269672460788870e-02,-1.495956030206890275e-01,-3.565708923544394504e-01,-9.012913892488493006e-02,1.809196121363778609e-01
4.491085392555520528e-01,-8.356048080790026700e-02,0.000000000000000000e+00,8.761070646588319244e-01,-1.546360427186201369e-01,-6.516823808034317989e-02,8.866705393449215711e-01,7.430403503284328526e-01,-7.525358595111487914e-02,-2.405245989543768614e-01,4.706108405201304690e-01,2.838554001519281722e-01,4.129809196121363990e-01,3.348228249698377845e-01,-2.402609589347155794e-01,-2.109164842039411847e-01,1.677912328522275232e-01,-4.944814334867509570e-02,1.533223110952232071e-01,1.126055677197372552e-03,-9.991063050180973293e-02,-1.018142008132624371e-01,8.605344295991778081e-01,9.161445998480718389e-01,2.295813039009785839e-01,7.036060592519773060e-02,2.484740158184011727e-01,2.656910496447562609e-01,1.488627731355288419e-01,-7.171902229768979849e-03,7.461548773403637869e-01,7.528799320791813576e-01,3.753384869743956465e-01,4.743152062201170804e-01,-1.744671343670405328e-01,-1.310961168953036216e-01,-2.778765807229992557e-01,-4.198668394476964827e-01,-3.481120693507305797e-01,-5.224049331963001030e-01,-2.896465436346574995e-02,-4.809419545109254457e-02,-3.534429599177800752e-01,-4.661021493364314594e-01,4.909960230573305606e-02,-2.567183520264533780e-01,-2.830555431431252544e-01,-4.728763572992537578e-01,4.615040886545421911e-02,-3.168908351579605709e-01,-2.849680504043969886e-01,-4.200366414942580118e-01,-1.892622547924393273e-01,-4.344430046025291592e-01,-4.016443987667009385e-01,-2.561642611376737100e-01,3.852719066982438628e-02,-1.836409133562715013e-01,2.754814781715000938e-01,3.104696367129898549e-02,-2.579650565262076034e-02,-1.702354886277313573e-01,9.586666070870011880e-02,1.448679565664238826e-02,2.484740158184011727e-01,-1.668439161714107000e-01,1.003038562938469158e-01,-3.247240716743375610e-02,4.522096608427543518e-02,-1.179632691362438035e-01,2.367174583314714809e-01,-8.006613342866079897e-02,-1.275213369676929387e-01,-8.370347200500469209e-02,2.447383707940480047e-02,-3.879529916439519027e-02,-1.540283301309263234e-02,-1.132132803074310801e-01,-1.423343312927297932e-01,-3.739309173778989082e-01,-1.120916931051432197e-01,-1.078064256669198778e-01,-2.707895795165110066e-03,-2.734527905625809829e-01,-2.834800482595290494e-01,-3.269761830287322701e-01,-1.873810268555342051e-01,-1.072746771526877918e-01,-2.864024308503507754e-01,-5.336654899682737874e-01,-3.273828142454980328e-01,-4.695294695920282368e-01,-3.892667232673488464e-01,-5.808883328120112433e-01,-1.494213324992180181e-01,-2.827963715983734527e-01,-3.409714464453282301e-01,-5.201394164171768697e-01,-1.921533580588944967e-01,-3.240984851870056804e-01,9.329728763572991967e-02,-5.117699629116582161e-01,7.490057643326332448e-02,1.683274498413691450e-02,2.512265963626614251e-01,-4.155681665847446452e-04,1.810938826578488703e-01,1.329862817820277876e-01,-1.703382635506501749e-02,4.913535010500916234e-02,-6.092274006881451820e-01,-4.295098083024263547e-01,-3.205058313597569097e-01,-2.716251843245900410e-01,-1.335314357209884395e-01,-8.929800259171544186e-02
3.931587649135350193e-01,-2.979132222172572661e-02,8.761070646588319244e-01,0.000000000000000000e+00,-2.657804191429465335e-01,-1.724652576075785260e-01,8.966843916171410855e-01,8.103936726395281065e-01,-1.588319406586531923e-01,-3.696099021403994600e-01,4.314848742124313130e-01,3.201572903168148909e-01,3.349836900665802975e-01,3.675052504580186841e-01,-3.075070378479825006e-01,-2.739353858528084107e-01,2.647258590643013498e-01,4.629786853746815922e-02,1.560748916394834318e-01,2.087403369230081684e-01,-1.274587783189597423e-01,-4.796460967871665065e-02,7.285669600965191117e-01,8.406050315027481235e-01,1.424237007909200659e-01,-1.428124581080477198e-02,2.795254479646096524e-01,3.795165110147906695e-01,6.427454309844050917e-02,1.695339380669377491e-02,6.092095267885070387e-01,5.927074489476741315e-01,3.632065775950668041e-01,4.696099021403994933e-01,-2.019974082845524821e-01,-1.037937351981768619e-01,-2.651593011305241609e-01,-3.859377094597613578e-01,-3.047589257786317285e-01,-6.192055051610885208e-01,-8.320300281513919038e-02,-1.702935788015550247e-02,-4.829706421198444732e-01,-5.261361097457437630e-01,2.042137718396711266e-01,-1.359265382724876015e-01,-2.652620760534429856e-01,-4.133339291299879537e-01,2.156932838822109982e-02,-2.630233701237767452e-01,-3.535099870414227796e-01,-4.574645873363420989e-01,-2.323383529201483444e-01,-4.852093480495107136e-01,-3.292238259082175267e-01,-1.449483891147951287e-01,1.445417578980293938e-01,-6.060592519773001785e-02,3.722463023370123913e-01,2.070512534072121158e-01,-5.276375173153402542e-02,-5.288440055409088930e-02,2.344474730774386839e-01,1.202600652397336767e-01,1.067161177889986157e-01,-2.413333929129987954e-01,1.151347245185218304e-01,3.969346262120738295e-02,1.128558023146700035e-01,5.832700299387819087e-02,1.628580365521247464e-01,-2.489610795835381363e-01,-2.088073640466508729e-01,-8.922650699316322931e-02,-2.766432816479735476e-02,-1.205237052593949726e-01,-1.106439072344608809e-01,-1.365163769605433619e-01,-1.408552660976808701e-01,-3.325170919165288952e-01,-9.172885294249072397e-02,1.715447517762187790e-02,2.345949327494526240e-03,-2.260780195719201136e-01,-3.559453058671075421e-01,-4.129898565619554152e-01,-2.143214620849903940e-01,-1.117654944367487413e-01,-3.508289020957147120e-01,-5.637070467849323308e-01,-2.733097993654765578e-01,-4.215425175387640389e-01,-4.107466821573796945e-01,-6.020152821841905366e-01,-5.502033156083828425e-02,-2.992939809642968796e-01,-2.143125251351713778e-01,-4.165020778408329294e-01,-1.110058537021314656e-01,-2.325304973412574416e-01,1.722016175879172439e-01,-4.806246927923499834e-01,1.877697841726618799e-01,6.316636132088118694e-02,1.976987354216006021e-01,4.918003485410429171e-02,2.399571026408686691e-01,1.859153670852138063e-01,-1.302024219134009508e-01,-8.885115510076410650e-02,-6.302962598865007315e-01,-3.684615040886545234e-01,-3.797354662853568152e-01,-4.029447249653693164e-01,-2.129407033379507597e-01,-3.829482997452969117e-03
-1.942535412663657923e-01,4.230528620581795463e-01,-1.546360427186201369e-01,-2.657804191429465335e-01,0.000000000000000000e+00,7.718709504446132907e-01,-3.879306492694043484e-01,-3.847982483578354929e-01,7.614191876312614848e-01,5.542472854014924843e-01,-4.676929264042182233e-01,-2.774431386567764446e-01,-4.078913266902006174e-01,-1.534653022923276322e-01,4.887305062782072440e-01,5.314982796371597873e-01,1.924035926538272545e-01,2.614147191563519490e-01,1.681978640689932580e-01,1.537780955359935586e-01,4.804772331203360225e-01,3.528129049555386865e-01,-1.501854417087448157e-01,-1.926091424996648760e-01,6.152240940167120753e-01,8.173153402743643658e-01,3.951025514991733378e-01,1.985209348049510603e-01,3.570624245944858943e-01,1.226060145672282081e-01,6.177666562402252259e-02,-3.642253898744358259e-02,1.268689396309039819e-01,1.117565574869297113e-01,-1.581795433218642355e-01,-1.191071987130792320e-01,-1.792305286205818013e-02,-5.788462397783636360e-02,-2.343715090039769355e-01,2.323383529201483444e-01,-2.625675856830063729e-02,1.286384556950712632e-01,-2.649805621341436070e-03,-3.734751329371285844e-02,-2.921086733097993382e-01,-7.867643773180213462e-02,-1.476518164350507090e-01,4.772331203360293331e-03,-3.262433531435721124e-01,-1.437508378390455269e-02,-1.231869163054649385e-01,-1.828365878725591032e-01,-2.774878234058715809e-01,-1.143169936100808803e-01,-1.088609857455650337e-01,-9.852540327986057667e-02,2.810313240091156795e-01,3.561195763885785515e-01,-7.860494213324992208e-02,-5.983287903838420234e-03,-3.509093346440859684e-01,-2.873765583806247026e-01,9.247508825237946151e-02,1.997140176057911332e-01,-1.898163456812189953e-01,-2.535948880647035386e-01,-5.010054068546405254e-02,1.442244961794539593e-01,1.084945708029849409e-01,9.403458599579962718e-02,1.289467804638277093e-01,2.293534116805934220e-01,1.169533938066937701e-01,-1.019705974350954003e-02,1.223557799722954503e-01,9.950846775995353388e-02,-8.633093525179855870e-03,1.715045355020331508e-01,-1.705527503463067918e-01,-1.018946333616336797e-01,9.311408016443988023e-02,7.007909200589838850e-02,-8.583940301175209397e-02,3.378390455337593190e-01,-2.043433576120470135e-02,-2.770901291389248761e-02,1.474283926895750552e-01,2.500469189865499042e-01,-2.146119129541087522e-01,-1.221234192770007630e-02,-1.536216989141606093e-01,-1.398453907681308506e-01,-1.084766969033468809e-01,-8.633987220161758180e-02,7.724205728584833397e-02,1.937664775012288287e-01,1.350060324411278545e-01,2.273068501720362788e-01,5.830019214442110770e-02,9.328835068591090351e-02,3.262433531435721124e-02,2.060413780776620962e-01,7.699629116582509814e-02,2.076857768443630126e-01,9.865052057732695556e-02,1.528084364806291673e-01,-1.549220251128289871e-01,-1.209616158005272744e-02,-8.499932972876357573e-02,2.622458554895214511e-01,8.288127262165423392e-02,-2.619419991956745131e-02,-5.844765181643504781e-02,4.870637651369587643e-04,1.528665266544528348e-02,-6.390812815586040252e-02
-1.819652352652039728e-01,2.592609142499665009e-01,-6.516823808034317989e-02,-1.724652576075785260e-01,7.718709504446132907e-01,0.000000000000000000e+00,-2.536663836632557234e-01,-2.498949908396264352e-01,7.816435050717189803e-01,6.455248223781223649e-01,-2.507752803968005817e-01,-1.353054202600652289e-01,-2.068144242370079100e-01,-4.642745430984404620e-03,4.197283167255015934e-01,5.306671433039903407e-01,5.567719737253675610e-02,2.688145136065061003e-01,7.190669824388935816e-02,3.864783949238125016e-02,3.350328432905849141e-01,1.103847356897091070e-01,7.612940703337950366e-02,-1.766388131730640271e-02,6.960990214039948221e-01,7.623575673622592364e-01,3.084230752044327395e-01,1.630323070735957836e-01,1.309263148487421202e-01,2.782206532910317942e-01,2.310916484203941190e-01,1.072210554537736255e-01,1.426292506367576873e-01,1.398096429688547304e-01,-5.260288663479154719e-02,-3.446534697707672595e-02,-2.021225255820188471e-01,-2.016533357165199436e-01,-4.197417221502301454e-01,1.227490057643326332e-01,-6.112873676214308077e-03,1.060905313016667351e-01,5.627597301041154659e-02,1.173421511238214449e-02,-7.747441798114303169e-02,1.163144018946333548e-02,-8.401179677376111044e-02,1.193753072076500221e-01,-2.064837570937039235e-01,-7.305956477054381670e-02,-4.836230394566334856e-02,-1.162473747709906607e-01,-2.180973233835291902e-01,-6.712989856561955848e-02,-2.094240135841637374e-01,-9.916886366683051734e-02,1.808347111130970963e-01,3.355690602797265498e-01,-1.631752982707002086e-01,-1.474730774386701915e-01,-3.302247642879485023e-01,-3.163456812189999745e-01,-3.969346262120738295e-02,8.543277179498637297e-02,7.203181554135573705e-02,9.249743062692702966e-03,1.022297689798471743e-01,1.904955538674650284e-01,4.898342195808570720e-02,-3.774073908575003439e-02,1.966084275436793538e-01,3.096250949550918286e-01,-4.694132892443808602e-02,-4.363912596630770135e-02,-4.850976361767728867e-02,8.137986505205772880e-02,-4.125296036462755556e-02,1.212029134456410057e-01,-2.070065686581169795e-01,-1.963626614236561041e-01,-9.696590553644041360e-04,8.848474015818401373e-02,-1.272979132222172571e-01,1.820456678135752293e-01,6.219670226551678172e-02,1.043388891371374999e-01,-8.576343893829035947e-02,8.622816032887975490e-02,-1.901246704499754137e-01,2.724429152330309564e-02,-1.170785111041601489e-01,-6.462755261629206383e-02,-1.241074221368246994e-01,-8.742124312971982780e-02,-2.008624156575360697e-01,-1.352607355109701134e-02,7.061977746994950456e-02,1.487242504133339249e-01,-4.059162607801956868e-02,1.988471334733455526e-02,1.153224004647213918e-01,1.932526028866347889e-01,4.442110907547253823e-02,1.242682872335671845e-01,9.180928549086196655e-02,7.176370704678493133e-03,-2.246793869252424192e-01,-1.342553286563295811e-01,-2.928191608204119833e-02,2.718307341704276348e-01,-9.830644800929442054e-03,-2.128781446892175772e-02,-5.354573484069886924e-02,6.471692211448232257e-02,2.469279234997095659e-02,-9.268510657312659107e-02
5.025023459493275224e-01,-1.761115331337414491e-01,8.866705393449215711e-01,8.966843916171410855e-01,-3.879306492694043484e-01,-2.536663836632557234e-01,0.000000000000000000e+00,8.429420438804235971e-01,-2.498324321908932388e-01,-3.940211805710711057e-01,6.599624648107600411e-01,3.349881585414897778e-01,5.623218195629831051e-01,3.367934224049332070e-01,-3.661289601858885301e-01,-3.481031324009115635e-01,1.633495687921712458e-01,-1.528575897046338117e-01,1.376558380624692823e-01,2.598865007372983676e-02,-2.633406318423521797e-01,-2.343581035792484113e-01,7.808525850127351342e-01,8.371151525984181774e-01,5.323741007194244396e-02,-1.760713168595558209e-01,1.353590419589794092e-01,2.394655704008221975e-01,1.245989543768711710e-01,-2.572054157915903277e-02,6.446087850216720705e-01,6.540327986058358523e-01,3.562491621609544801e-01,4.285267438223334113e-01,-1.356673667277358275e-01,-1.129362348630412460e-01,-2.811251619822154879e-01,-4.213861209169310618e-01,-2.183162786540953637e-01,-5.210777961481746212e-01,-1.532686893963090477e-02,-6.003396040931230360e-02,-3.452120291344564218e-01,-4.114124849188972033e-01,1.871531346351490155e-01,-1.740292238259082136e-01,-1.289423119889181735e-01,-3.664238795299164519e-01,1.721122480897269713e-01,-2.966799231422315719e-01,-1.949059386031547492e-01,-3.461146610661781087e-01,-7.510612627910094596e-02,-3.556325126234416434e-01,-2.375441261897314471e-01,-1.543947450735064231e-01,2.991643951919209857e-02,-2.852004110996916864e-01,2.695026587425711773e-01,4.459537959694356152e-02,2.241208275615532430e-01,-1.068412350864649842e-02,1.980606818892712007e-01,-4.646767058402966749e-02,2.179096474373296288e-01,-1.953170382948299644e-01,1.092944278117878310e-01,-1.898208141561285103e-02,6.250949550918272202e-02,-9.951740470977255004e-02,1.809464229858349371e-01,-1.508378390455337725e-01,-9.234550248000357453e-02,-1.123419277000759636e-01,-1.079404799142052868e-01,-1.518298404754457320e-01,-1.062424594485901902e-01,-2.298985656195540461e-01,2.088565172706555173e-02,-2.683319183162786725e-01,-3.560480807900263944e-02,-1.368202332543902722e-01,-2.143527414093569783e-02,-4.048125474775459143e-01,-2.199159926717011437e-01,-3.226104830421377412e-01,-2.667902944724965253e-01,-2.647973546628535901e-01,-1.528173734304481834e-01,-4.399615711157781606e-01,-1.861209169310514278e-01,-3.056749631350820229e-01,-3.328835068591090018e-01,-4.877072255239287002e-01,-1.268778765807229980e-01,-3.002278922203852063e-01,-2.932481344117252586e-01,-4.885875150811028189e-01,-9.712677063318289616e-02,-2.632021091201572904e-01,4.097591492023772153e-02,-5.199249296215201488e-01,7.888645605254926418e-02,-7.335001563966218885e-02,1.136601277983824154e-01,-8.007060190357030705e-02,1.903659680950891553e-01,1.949953081013450218e-01,-5.998480718530765227e-02,-9.449483891147951453e-02,-5.613164127083426491e-01,-2.888690290004021777e-01,-2.104338889137137569e-01,-2.616604852763751987e-01,-1.121408463291478641e-01,-6.844809866392599640e-02
4.189776129407033478e-01,-9.567451628759104931e-02,7.430403503284328526e-01,8.103936726395281065e-01,-3.847982483578354929e-01,-2.498949908396264352e-01,8.429420438804235971e-01,0.000000000000000000e+00,-2.621967022655167789e-01,-4.123866124491710750e-01,5.483265561463872562e-01,5.798158988337280828e-01,5.174047097725545941e-01,5.746145940390544604e-01,-4.316591447339023224e-01,-3.521113543947450575e-01,1.750346306805487251e-01,4.624871531346351483e-03,1.305196836319764131e-01,5.531971937977567949e-02,-2.243978730059430771e-01,-2.022387059296661960e-01,6.451450020108137062e-01,7.235354573484069629e-01,-7.831895973904107189e-02,-2.189999553152509049e-01,4.103400509406139596e-02,1.168729612583225413e-01,7.554850529514277324e-02,1.403592653827248626e-01,5.093703918852495738e-01,5.439206398856070157e-01,3.291836096340319262e-01,4.742258367219268078e-01,-2.622458554895214511e-01,-1.449171097904285166e-01,-3.798069618839090000e-01,-4.345904642745431201e-01,-2.507484695473434777e-01,-4.970195272353545857e-01,-8.900308324768756163e-02,-1.065731265918941871e-02,-3.152240940167120864e-01,-3.102328075427856491e-01,1.689172885294249193e-01,6.364448813619912049e-02,-1.089503552437553063e-01,-3.219938335046248490e-01,2.196836319764064460e-01,-1.002323606952946894e-01,-1.454756691541176927e-01,-2.053666383663255712e-01,-6.628982528263104024e-02,-2.570400822199383484e-01,-2.506456946244247086e-01,-7.820724786630323111e-02,-1.240582689128200550e-01,-2.896644175342955596e-01,1.863666830510746775e-01,1.095938156307252331e-01,1.876804146744716073e-01,2.608204119933866805e-01,1.461950936145493540e-01,1.813619911524196882e-01,-4.134232986281782124e-02,-1.463693641360203634e-01,-5.321059922248536772e-02,-3.484069886947584876e-02,-8.794405469413289766e-02,-1.386523079672907499e-01,1.656687072702086871e-01,-8.810491979087536896e-02,-3.820546047633942288e-02,1.958085705348764499e-02,-1.203092184637383211e-01,-6.979310961168952443e-02,-1.685866213861209051e-01,-2.607087001206488397e-01,-7.203181554135573705e-03,-2.862147549041512140e-01,-1.990258724697260839e-02,7.398453907681308561e-02,-6.254077483354930633e-02,-3.127843067161177881e-01,-2.820814156128513273e-01,-1.761070646588319411e-01,-3.013137316233969187e-01,-2.641136780016979935e-01,-1.322400464721390501e-01,-3.051119352964832832e-01,-1.417578980294025570e-01,-2.880647035166897796e-01,-2.516913177532508206e-01,-4.103936726395281398e-01,-1.646945797399347600e-01,-2.918316278654095597e-01,-4.409044193216855034e-01,-4.692747665221859710e-01,-9.592921935743330131e-02,-2.984226283569417770e-01,-3.647169221144823392e-02,-5.008579471826265506e-01,-1.880781089414182775e-02,-1.275883640913356154e-01,-3.981411144376423988e-02,-1.601099244827740298e-01,8.829706421198445232e-02,8.913713749497297056e-02,-8.323875061441529666e-02,-1.045131596586085232e-01,-5.233075651280217899e-01,-2.081639036596809600e-01,-1.809285490861968770e-01,-2.578265338040127141e-01,-9.463336163367443155e-02,-1.349300683676661061e-01
-1.450332901380758654e-01,2.519817686223692066e-01,-7.525358595111487914e-02,-1.588319406586531923e-01,7.614191876312614848e-01,7.816435050717189803e-01,-2.498324321908932388e-01,-2.621967022655167789e-01,0.000000000000000000e+00,7.581974172215023566e-01,-2.534295544930515454e-01,-7.734483220876714471e-02,-2.159524554269627861e-01,5.510970105902855687e-02,7.505161088520487800e-01,7.926493587738504543e-01,1.206979757808659959e-01,3.349211314178470733e-01,1.327449841369140737e-01,3.995263416595915690e-02,3.435363510433888656e-01,2.041154653916618378e-01,-3.695875597658519057e-02,-4.222261941999195384e-02,7.069529469592028548e-01,6.342642656061485695e-01,2.376245587381026758e-01,1.362840162652486642e-01,2.481880334241923225e-01,1.983824120827561432e-01,1.506948478484293197e-01,2.837034720050046754e-02,1.692792349970954902e-01,3.857634389382903761e-02,-1.113454577952544822e-01,-1.410116627195138195e-01,-1.913624379999106229e-01,-2.087448053979177043e-01,-4.725903749050449076e-01,-6.208052191786943286e-02,-3.378167031592117786e-02,-8.631752982707002753e-02,1.123642700746235318e-01,9.167523124357657149e-02,-1.112963045712498378e-01,-4.778587068233611929e-02,-1.079449483891147948e-01,4.429152330309665125e-02,-2.592832566245140691e-01,-8.084364806291612082e-02,-1.300996469904821540e-01,-2.040841860672952257e-01,-2.240895482371866587e-01,-2.242906296081147444e-01,-1.618079449483891263e-01,-2.093748603601590652e-01,1.501988471334733399e-01,2.290540238616560198e-01,-5.008266678582599940e-02,-2.106439072344608657e-02,-2.767192457214352475e-01,-2.805174493945216674e-01,2.240940167120961460e-02,9.555386746503417850e-02,5.202198489655480290e-02,-1.021091201572903173e-01,9.584878680906207260e-02,1.984673131060369078e-01,7.274677152687787640e-02,-1.971491130077304699e-02,6.852406273738773090e-02,6.249609008445417696e-02,8.758210822646231297e-03,-7.229545556101701909e-02,9.681844586442647782e-02,6.729970061218105981e-02,-4.943473792394655758e-02,2.743643594441217207e-03,-1.657670137182179759e-01,-2.568300638991912188e-01,8.585280843648063209e-02,-3.318289467804638043e-02,5.579337772018409802e-02,3.588230037088341873e-01,1.162116269717145545e-01,-7.964609678716653984e-02,-1.857545019884713350e-02,2.748156754099825849e-01,-2.311631440189463316e-01,-1.744939452164976090e-01,-2.403190491085392677e-01,-2.585638321640824078e-01,-1.948299745296930285e-01,-2.214844273649403394e-01,-1.528665266544528348e-02,-1.205594530586710789e-02,1.350462487153134550e-01,1.290763662362035824e-01,-7.882836587872558975e-02,-4.353188256847937559e-02,2.137271549220251254e-01,1.765762545243308446e-01,8.753295500245765470e-02,2.636355511863801016e-01,3.319183162786541047e-02,3.913937173242772183e-02,-2.402475535099870552e-01,-1.746860896376066785e-01,-5.018097323383529512e-02,3.150408865454220608e-01,-4.884489923589079019e-02,-1.331605523034988248e-01,-8.303320076857768905e-02,1.391617141069752817e-01,-5.226775101657803874e-02,1.581393270476786142e-02
-3.687430180079538933e-01,-7.421689977210778333e-02,-2.405245989543768614e-01,-3.696099021403994600e-01,5.542472854014924843e-01,6.455248223781223649e-01,-3.940211805710711057e-01,-4.123866124491710750e-01,7.581974172215023566e-01,0.000000000000000000e+00,-1.677286742034943545e-01,-1.594619956208945810e-01,-1.683721345904642605e-02,3.230707359578176285e-02,7.653022923276285860e-01,7.925018991018365488e-01,-2.123508646498949992e-01,9.536619151883461709e-02,-1.723177979355645928e-01,-2.323964430939720327e-01,2.714777246525760801e-01,1.081147504356763100e-01,-1.856472585906430162e-01,-2.098753295500245808e-01,5.264086867152241167e-01,4.382322713257965074e-01,-1.417444926046740328e-01,-2.114705750927208527e-01,7.184413959515617565e-02,1.087313999731891467e-01,7.858259975870235392e-02,2.457661200232360513e-03,-6.775548505295142521e-02,-2.948523169042405745e-01,-1.875865767013718335e-02,-1.148308682246749202e-01,-2.778006166495375351e-01,-2.502480003574780176e-01,-4.473434916662942795e-01,-4.620403056436838199e-03,-1.163814290182760558e-01,-1.270834264265606195e-01,3.822556861343223700e-01,3.709191652888869095e-01,-2.250502703427320339e-01,-2.359354752223066440e-02,-6.622279815898833751e-03,1.017829214888958389e-01,-1.276062379909736755e-01,-7.337235801420974833e-03,1.592251664506903752e-01,6.636132088118325278e-02,4.302247642879485079e-02,5.768801108181777215e-02,-1.056168729612583235e-01,-1.921801689083515730e-01,-1.220429867286295239e-01,-2.266410474105188047e-02,-3.429554493051521491e-01,-3.124536395728138016e-01,-2.663523839313642338e-01,-3.348451673443853527e-01,-1.678984762500558559e-01,-2.133473345547164668e-01,1.187810000446847536e-01,1.105411323115420702e-01,-4.501541623843782064e-02,-2.640868671522409242e-02,-1.951829840475445832e-01,-3.071004066312167380e-01,1.013316055230349816e-01,1.778855176728182663e-01,1.229500871352607327e-01,6.368470441038473484e-02,4.004200366414942258e-02,1.196300102774922880e-01,-1.489834219580856989e-01,-1.267661647079851572e-01,8.820769471379417970e-02,-1.262746324679386856e-01,1.454801376290272008e-01,-2.711515259841815739e-01,8.392242727557085169e-02,2.486348809151436579e-01,3.085169131775324924e-01,7.183520264533714561e-02,-3.434469815451986208e-02,1.237588810938826528e-01,-3.680682782966173544e-02,-2.020197506591000364e-02,-7.421243129719826137e-02,-8.251038920416461919e-02,5.943071629652799809e-03,1.168506188837749663e-02,-1.366012779838241264e-01,-1.770677867643773162e-01,4.479646096787166798e-02,4.939452164976093629e-02,-2.155324187854685269e-01,-9.406586532016622537e-02,1.274140935698646060e-01,2.448768935162428939e-01,-9.629563430001340796e-02,-2.053264220921399361e-02,-7.214352741409356395e-02,-1.552705661557710337e-01,-4.078019571920103448e-01,-4.378792618079449528e-01,9.026319317217033900e-02,3.287233567183520111e-01,1.416506546315742521e-01,1.653335716519951741e-04,9.432056839000849124e-02,3.656508333705706382e-01,1.515527950310558980e-01,1.842799052683319339e-02
5.261629205952008670e-01,-2.984494392063988810e-01,4.706108405201304690e-01,4.314848742124313130e-01,-4.676929264042182233e-01,-2.507752803968005817e-01,6.599624648107600411e-01,5.483265561463872562e-01,-2.534295544930515454e-01,-1.677286742034943545e-01,0.000000000000000000e+00,4.672192680638098117e-01,8.507350641226149035e-01,4.298851601948255330e-01,-2.975691496492247068e-01,-2.712721748067384864e-01,7.995442155592295819e-02,-3.576701371821797149e-01,4.826399749765405284e-02,-1.166584744626658898e-01,-2.794718262656954999e-01,-4.727691139014254529e-01,4.167969971848607957e-01,4.827740292238258957e-01,-6.276866705393449597e-02,-3.607936011439295543e-01,-1.089682291433933664e-01,-2.371419634478752481e-02,1.579382456767505216e-01,1.838330577773805707e-02,3.250279279681844713e-01,4.069261361097457619e-01,1.744939452164976090e-01,1.141829393627954714e-01,1.105634746860896384e-01,9.440993788819876387e-02,-2.906519504892979833e-01,-3.747754591357969622e-01,-2.001832074712900367e-01,-3.236695115956924051e-01,-1.378077662093927375e-02,9.491040707806425517e-03,4.354528799320792065e-02,-6.863577461012556301e-03,1.430716296527994869e-01,-4.477411859332409982e-02,2.052370525939496704e-02,-1.222932213235622678e-01,2.550113946110192376e-01,-2.441664060056302765e-01,3.195853255283971628e-02,-3.853612761964341632e-02,3.026051208722463012e-02,-1.029223825908217593e-01,-2.448277402922382495e-01,-1.741498726484650705e-01,-5.064569462442468362e-02,-4.354975646811743428e-01,3.324545332677956988e-02,-1.574511819116135580e-01,6.198668394476964938e-01,2.349390053174851556e-01,1.100093837973099842e-01,-2.324813441172527695e-01,4.224451494704857257e-01,-2.607801957192010245e-02,5.884981455829125380e-02,-6.288484740158184483e-02,2.575628937843513905e-02,-3.098127709012913900e-01,1.747084320121542467e-01,5.265650833370570660e-02,1.557576299209079973e-01,1.318200098306448109e-03,-1.915277715715626161e-01,3.393359846284463299e-02,-2.403592653827248821e-02,-1.494526118235846024e-01,3.422002770454443676e-01,-1.698020465615085461e-02,1.061039367263952871e-01,-2.845256713883551614e-01,9.525894812100629827e-02,-4.841056347468609133e-01,2.444255775503820661e-03,-1.522275347423924230e-01,-3.593815630725233357e-01,-3.898431565306760826e-01,4.030117520890120347e-02,-1.708744805397917621e-01,-2.295008713526073413e-02,-3.682470172929978858e-02,-6.299209079941016365e-02,-1.291210509852987187e-01,-2.658116984673131178e-01,-3.030966531122927798e-01,-2.719781938424415957e-01,-4.155771035345636744e-01,-1.952946959202823962e-01,-2.213012198936502861e-01,3.459940122436212795e-02,-2.866169176460074408e-01,-5.760311005853702149e-02,-1.812726216542294155e-01,-3.602931319540640664e-02,-2.285490861968809961e-01,2.620313686938647788e-02,-3.900978596005183485e-02,2.582331650207784005e-02,-3.415702220832030067e-02,-3.474462665892131263e-01,-1.669422226194199887e-01,2.298583493453684387e-02,5.708923544394298166e-02,3.400956253630636056e-02,-1.938603154743286094e-01
4.916975736181241619e-01,2.035703114527011859e-01,2.838554001519281722e-01,3.201572903168148909e-01,-2.774431386567764446e-01,-1.353054202600652289e-01,3.349881585414897778e-01,5.798158988337280828e-01,-7.734483220876714471e-02,-1.594619956208945810e-01,4.672192680638098117e-01,0.000000000000000000e+00,3.149157692479556681e-01,7.829751105947539980e-01,-1.478484293310693143e-01,-4.428258635327762816e-02,1.623218195629831662e-01,2.563161892845971512e-01,2.001966128960185887e-01,1.970820858840877654e-01,1.204700835604808132e-02,-1.011707404262925103e-01,2.038428884221815118e-01,2.984628446311273775e-01,-1.079717592385718711e-01,-1.628088833281201020e-01,7.166986907368515236e-02,7.843960856159792883e-02,-1.007953885338933875e-01,1.658519147414987127e-01,7.356450243531882649e-02,7.346619598730953771e-02,2.238974038160775615e-01,3.575316144599848256e-01,6.615577103534563130e-02,2.478305554314312598e-01,-1.630903972474194441e-01,-1.732248983421958155e-01,-1.940658653201662309e-01,-4.081415612851334029e-01,-4.574824612359801312e-02,3.005049376647750056e-02,-3.657893560927655274e-02,-3.768711738683587498e-02,1.476562849099602170e-01,8.665266544528352211e-02,-1.393940748022699794e-01,-8.888690290004021277e-02,-2.418338621028642832e-02,-1.965369319451271413e-01,-2.448053979176906814e-01,-8.535680772152463847e-02,-2.766656240225210950e-01,-2.681353054202600394e-01,-4.696724607891326619e-01,-1.612002323606953058e-01,-3.597122302158273222e-02,-8.600026810849456527e-02,6.141025068144242288e-02,1.240448634880915169e-01,2.943339738147370266e-01,4.655659323472898792e-01,2.086777782742749859e-02,2.590732383037669395e-01,3.363421064390723775e-02,-2.723535457348406907e-02,2.162295008713525923e-02,9.028553554671790715e-02,-5.031502748112069018e-03,-1.156664730327539165e-01,-9.428482059073237803e-04,-7.874793333035434717e-02,-6.068635774610125350e-02,8.514232092586800082e-02,-4.524330845882300334e-02,1.670271236427007533e-01,9.669332856696009892e-02,4.333080119755127607e-02,3.445194155234818437e-03,-2.964654363465749065e-01,-1.430671611778899788e-01,1.788149604539970572e-01,5.044461325349658409e-02,1.026006523973367890e-01,-2.191652888869028981e-01,-7.608919075919388930e-02,-2.471513472451852267e-01,1.238661244917109786e-02,-1.733589525894811967e-01,-2.630457124983243133e-01,-1.016622726663389820e-01,-1.326288037892667249e-01,4.620403056436837852e-02,-9.321685508735869097e-02,-2.603959068769828855e-01,-1.027257696948031679e-01,-2.048751061262790996e-01,-9.685419366370258409e-02,-5.148129943250368684e-02,-9.629563430001340796e-02,8.329237231332946301e-02,-1.960319942803521176e-01,4.242370079092006030e-02,5.931453594888064923e-02,5.189686759908843094e-02,9.517404709772554761e-02,4.842039411948701605e-02,-5.137405603467536802e-02,-1.879574601188614413e-01,-9.364136020376245817e-02,-3.399168863666830465e-01,-1.383618570981723916e-01,-1.553465302292327543e-01,-7.310424951963895128e-03,-1.459850752938022210e-02,-1.063854506456946292e-01
2.116627195138299222e-01,-5.580678314491264169e-01,4.129809196121363990e-01,3.349836900665802975e-01,-4.078913266902006174e-01,-2.068144242370079100e-01,5.623218195629831051e-01,5.174047097725545941e-01,-2.159524554269627861e-01,-1.683721345904642605e-02,8.507350641226149035e-01,3.149157692479556681e-01,0.000000000000000000e+00,4.566691988024487170e-01,-2.019348496358192857e-01,-1.828053085481924911e-01,-4.610572411635908974e-02,-4.265695518119665963e-01,-1.672282050136288389e-01,-2.879753340184995070e-01,-3.412440234148085283e-01,-4.395236605746458691e-01,3.993610080879395619e-01,4.580142097502122311e-01,-1.015729031681487093e-01,-4.009562536306358616e-01,-4.086375620000893827e-01,-2.916216095446624301e-01,2.353635104338889228e-01,1.101523749944144093e-01,4.113722686447115473e-01,5.534831761919656312e-01,2.171231958532552839e-02,-6.779570132713705344e-02,-1.570490191697573590e-01,-2.209660842754367915e-01,-4.347245185218284735e-01,-4.595379596943562905e-01,-2.868671522409401708e-01,-1.703427320255596900e-01,-3.614996201796327052e-02,6.329594709325707391e-02,1.610304303141337767e-01,1.219402118057107132e-01,-4.495732606461414621e-02,3.809374860360158904e-02,-1.295857723758881037e-03,-2.026408686715224228e-01,3.949416864024308249e-01,-4.960453997050806585e-02,2.842084096697797269e-01,1.229277447607131646e-01,2.554224943026944805e-01,1.215246436391259621e-01,-1.087045891237320705e-01,-1.798293042584565848e-01,-2.090575986415836307e-01,-6.332633272264176494e-01,-1.524598954376871207e-01,-2.988247910987980038e-01,4.735153492113141627e-01,1.256088297064212045e-01,6.657580767683989043e-02,-2.894320568390008619e-01,2.798158988337280384e-01,1.029536619151883402e-02,-2.703069842262835754e-01,-3.702935788015550567e-01,-2.752267751016578279e-01,-6.080298494123955733e-01,3.575673622592608902e-01,2.589034362572054104e-01,3.526118235846105731e-01,1.723535457348406852e-01,-1.185933240984851922e-01,-2.891103266455159054e-03,-1.931855757629920844e-01,-3.461280664909066607e-01,4.762143080566602626e-01,1.207381920550516102e-02,2.973055096295634248e-01,-3.357612047008355916e-01,1.167344385361276243e-01,-4.677554850529514474e-01,1.332812011260556817e-01,-2.460789132669019899e-02,-2.785111041601501247e-01,-4.342553286563295978e-01,1.388131730640332351e-01,-6.313508199651458874e-02,-9.299789981679253137e-02,-1.267795701327137092e-01,-2.168953036328701012e-01,-1.366012779838241264e-01,-3.382769560748916660e-01,-4.271817328745698972e-01,-4.494436748737655751e-01,-5.697260824880467922e-01,-3.499575494883596094e-01,-4.368112963045712727e-01,-2.058492336565530267e-01,-3.648867241610438406e-01,-3.191742258367219476e-01,-4.161043835738862384e-01,-2.345457795254479727e-01,-4.766075338486974178e-01,-1.862683766030653609e-01,-1.918986549890522308e-01,9.512489387372090321e-02,2.491621609544662427e-02,-2.500826667858260244e-01,-1.730416908709057622e-01,6.390812815586040252e-02,1.271862013494794164e-01,1.149381116225032390e-01,-2.232360695294695885e-01
