1.000000000000000000e+00,1.810456801731866738e-01,2.181190002405370421e-01,-7.916730445430888996e-02,-2.623253372985502319e-01,-4.962454352627320708e-01,4.042072117382082275e-01,-2.198596138286938728e-01,-1.565765017165598738e-01,-4.456757997857033748e-01,3.920316634230609776e-02,-2.017231199842557665e-01,4.198464936257680601e-03,-2.071986180052918236e-01,1.057400887800397926e-01,-6.106579781767291354e-02,6.110078502547505730e-02,-1.995320460956462871e-01,4.915309090113927359e-01,2.823861275721064601e-01,2.038660864621372748e-01,4.409262863265618615e-02,1.203341278345105014e-01,-1.372985502175766981e-01,-1.248124904331853607e-01,-2.380835756926373836e-01,-2.475563622050687695e-01,1.050053574161947077e-02,-3.709956047320198819e-02,-2.167238853294264356e-01,-1.970523277426690922e-01,-1.765935579803634414e-01,2.471233955085171963e-01,4.554022435547003256e-02,2.187968773917036702e-01,-5.411209026699612817e-02,1.460934595788414836e-01,-6.411843169841026369e-02,-7.878681856946054274e-02,2.720692746714482510e-02,-1.957884148608165231e-01,-6.880234414292274447e-02,1.803240690122673850e-01,5.408147646016925325e-02,1.755920491570269609e-02,-7.844131989241433234e-02,1.466357612997747639e-01,-5.385405960945529452e-02,-1.096236688460781594e-01,9.066060221731429142e-03,1.359515427171940349e-01,1.278913647197743308e-01,8.556559008112658848e-02,6.310817607312325939e-02,1.471911832236338646e-01,-8.416172836806543045e-02,2.465286129758806899e-01,4.121055738995429985e-02,1.780630207080536043e-01,-2.438608383809669558e-02,2.641884061140145623e-01,-4.589446983446677369e-02,-2.918807810894141763e-02,-7.997638363473355549e-02,4.868907305766329019e-02,-1.656032013295138938e-01,2.491351599571406672e-01,1.397082941549495916e-01,2.830421377183967024e-01,1.846712295816841931e-01,-1.919310752006297693e-01,-2.667074850757691906e-01,2.772561282281165718e-01,-2.016006647569482391e-01,1.888828147208676811e-01,-7.900986201919922569e-02,1.871771883405130010e-01,5.426953270210579244e-02,-2.341693818197721488e-01,-3.196956112921213455e-02,-4.961623406442019352e-02,-3.708600293017865202e-01,1.525179856115107813e-01,-1.026962017012529732e-01,8.686449017078130830e-02,1.058363036014957001e-02,1.167435656338151329e-01,-1.814086724541339596e-02,-1.611160919288884968e-02,2.494150576195578589e-02,-2.446874111652926898e-01,-2.263235004701406178e-02,-2.855349762742996900e-01,-1.707200804705779340e-01,5.772451947256784094e-02,-1.584395705320242320e-01,1.032734906299884042e-01,6.211541405173733044e-02,-4.024840917539524582e-02,-1.276158404583324288e-02,-1.523299293695742629e-01,-8.330891517788809042e-02,-1.194725678423826237e-01,3.166342306094334369e-02,-2.548555684327917792e-01,1.535063742319214483e-02,-1.581246856618049035e-01,-2.338894841573549710e-01,-5.724781876626358623e-02,5.137434125647809963e-02,-6.071592573965144124e-02,1.221053552294942141e-02,-6.783582252738842855e-02,1.682884695283287102e-01,7.583914631212962387e-02,-1.402331022719817966e-01
1.810456801731866738e-01,1.000000000000000000e+00,-2.689510397760818683e-01,-2.973737727143513365e-01,-4.157398701099910276e-01,-5.279438455314775513e-01,-2.794165883098991832e-01,-3.368655835210251359e-01,-1.818941199623887450e-01,-5.103409066060221599e-01,2.854168944479674730e-01,2.146640134700749936e-01,-6.302945485556843419e-02,-1.985567776781614335e-01,6.271894338632437449e-02,3.540268089479783886e-02,2.660033675187509772e-01,5.279875795412302120e-01,2.890249502525639169e-01,5.974896678401959704e-01,-5.271260195491023898e-02,-3.004001661892370389e-01,-2.756554634711683716e-01,-4.803874833264087929e-01,-1.086396536266427543e-01,-2.907830574446217953e-01,-1.845181605475497977e-01,1.564934070980297798e-01,2.097351905709474995e-01,2.265421705189040076e-03,-2.447792525857733215e-01,-3.153134635149023590e-01,3.829131223896262703e-01,4.849052065338610440e-01,1.025431326671185916e-01,1.072532855174826716e-01,8.996085806127134682e-03,1.722157836041197376e-01,-4.727340316196890768e-01,-3.406573221665828433e-01,-1.652926898602698480e-01,-1.204609564627932977e-01,7.875183136165839204e-02,4.414510944435940526e-02,-2.258599199667621626e-01,-1.550895453849686079e-01,3.114298834488640200e-01,1.775994402046751630e-01,-2.061183879644005179e-01,-1.989110231571581677e-01,-6.440270276180271036e-02,-2.465854671885591709e-01,1.898056023266493295e-02,-2.299840370864402739e-01,-2.647044674290962574e-01,-4.631125494740985227e-01,5.888347073101397600e-01,7.328814152325555664e-01,1.803896700268964037e-01,3.970304607377927453e-01,4.289781548621285356e-01,4.980429030635674104e-01,4.017581071920579006e-01,4.106011239640506294e-01,2.912641315519013396e-01,2.764951564584198773e-01,3.558199033478384732e-02,2.494369246244342031e-01,3.777087752290568812e-01,4.130502285102009563e-01,9.462290350090747648e-02,-1.045242833089151703e-02,1.224464805055651556e-01,-5.611073451269379952e-02,1.844263191270691798e-02,1.171983993352430503e-01,3.041263038201657554e-01,2.493188427981019306e-01,2.242286414029870389e-01,3.422623603245063262e-02,-1.436224880278148298e-02,3.592267827075725228e-01,-3.667184185782073613e-01,-2.350440620148258331e-01,-9.694517941877500711e-02,-2.254007128643589764e-01,-3.677243008025190552e-01,-2.383284861472524108e-01,-1.507686252214034128e-01,-3.686908224180533988e-01,2.048894622903500995e-01,1.513196737442872586e-01,-3.994664450810172379e-02,1.154446655441604130e-01,2.311517351468369286e-01,-2.272069274671448258e-01,4.801556930747195862e-02,1.930681594541995560e-01,4.530406070280553754e-01,4.483741881874439561e-01,-7.407229231812118009e-02,9.167085784260130266e-02,-1.991646804137237395e-02,1.375522074741422629e-01,-1.120465329863768594e-01,-1.710087249349456495e-01,-1.275502394437033893e-01,2.771424198027596167e-02,-8.187006625702477822e-03,-1.168791410640484529e-01,-4.453871553213356593e-02,-5.182042815595547941e-02,1.362751743893639012e-01,-5.492991624937132444e-02,-1.964050643983293598e-01,-4.386258774135706751e-01
2.181190002405370421e-01,-2.689510397760818683e-01,1.000000000000000000e+00,1.861844263191270721e-01,2.653298637685596040e-01,-4.782751306553541248e-02,5.391791126369420706e-01,-1.493516433054164483e-01,3.550239443703395725e-01,-1.924690035205877947e-01,-2.142310467735234203e-01,-5.984955500645077198e-01,4.679976383634733283e-02,-4.683037764317421470e-01,-9.927620213859307541e-02,-3.529159651002602427e-01,-3.179156370951870536e-01,-3.476897509348144677e-01,5.521418731276377112e-02,-1.544860160503815916e-01,-1.133585532789573858e-01,-3.022020073910476525e-03,6.029476722573309244e-01,2.846602960792460335e-01,4.783101178631563033e-01,2.402965165861231933e-01,-1.717215892939144006e-01,-6.859679429708512299e-02,-4.506002492838556139e-01,-4.856268176947803328e-01,1.514202619667184280e-01,-1.410465548533817448e-01,-5.901904616124729192e-02,-3.684940193741663150e-01,3.761124838730839359e-02,-2.000262404058516241e-01,4.544838293498939391e-02,-1.070914696813977385e-01,1.259452012857798786e-01,1.281581421792657161e-01,-7.063917255253547578e-02,-5.718221775163456061e-02,1.678073954210491658e-01,-1.743674968839518113e-01,2.003017646672935331e-02,-2.377337036146159044e-01,-1.392971944632743764e-01,-1.343377577573199866e-01,-1.224333603026393491e-01,2.547593536113358370e-01,2.232140123767247519e-01,4.750169469287791602e-01,4.705298375281537493e-01,6.744090441932169000e-01,8.709190702149526009e-02,1.883011523911569951e-01,-2.742384815551813793e-01,-3.987667009249742933e-01,-2.826310380267214595e-01,-6.508932671491985955e-01,-7.321947912794384006e-02,-6.546500185869541522e-01,-4.230871837484419529e-01,-1.673875489274234130e-01,1.749885198224399308e-01,-2.193216855087358752e-01,1.225295751240952496e-01,-3.084209835778793374e-01,-1.032559970260873428e-01,-1.617065010605497344e-01,-1.043843344777065918e-01,-2.355644967308827831e-01,9.997594629463602001e-02,9.963482101856509232e-02,4.829546696988913645e-02,-3.104021342196759403e-01,-6.552666681244670444e-02,-1.847324571953379638e-02,-2.737311670420502357e-02,-3.029629791607443279e-01,-1.275589862456539270e-01,-2.405807876495156539e-01,1.551551463995976543e-01,-4.838730839036976816e-02,2.367234479893289001e-01,1.119328245610198835e-01,1.442478843672782007e-01,6.526426275393058807e-02,2.586341868754236661e-01,2.254925542848396081e-01,2.264109684896459807e-01,3.762218188974655875e-01,1.638844547462334211e-01,-5.715597734578294759e-02,-1.039863549889571692e-01,-9.110231571581640930e-02,9.258052524545712370e-02,9.560691872034286776e-02,-1.474623340841005048e-01,2.109728630469484556e-02,-2.313048041809713240e-01,3.411252760709365759e-03,-2.995954604097876839e-01,-1.042706260523496159e-01,2.705298375281537937e-01,2.545494303645229883e-01,-3.511622313091775638e-01,-2.618355163893201776e-01,7.486825129562003911e-02,-4.917014716494282067e-02,1.014410356213509418e-01,1.184273250092934826e-01,-2.446043165467625888e-02,-9.027136953051539958e-02,2.975355885504362696e-01,5.962257549583433597e-02
-7.916730445430888996e-02,-2.973737727143513365e-01,1.861844263191270721e-01,1.000000000000000000e+00,1.166867114211366518e-01,5.808794909361264525e-01,2.107410727952592211e-01,8.282609171021845240e-01,6.233845750147602033e-02,4.926636198639872122e-01,-1.017602938925455391e-01,1.040563294045614567e-01,-1.612997747698497741e-01,2.936082744746452144e-01,-1.838490301983337349e-01,-2.508932671491985733e-01,-8.287594848133650674e-03,-1.782204631431632824e-01,-1.506374231921453755e-01,-2.213553169622356764e-01,-1.672738405020664232e-01,-1.076468916052568253e-01,4.620498130371082923e-01,7.198705473311320935e-01,-2.280728608602479793e-02,2.284664669480221399e-02,-7.404167851129431210e-02,-1.318099319936148484e-01,-8.556996348210185732e-02,2.742953357678598603e-01,2.410006341431414068e-01,2.901707813080842135e-01,3.978482867201679068e-02,1.147580415910432750e-01,2.691347226170431317e-01,3.294745358728214946e-01,-2.630382016575189552e-01,-2.175635783166779691e-01,1.538212591021407838e-01,-5.984124554459775702e-02,-1.080317508910804553e-01,9.973540924099626170e-02,-3.126544357219391418e-02,-8.189630666287638083e-02,8.011633246594214441e-02,9.856333777962432430e-02,-1.285473748660646010e-01,1.119721851697972892e-01,3.826900789398876013e-01,2.742559751590824546e-01,1.878375718877785261e-01,1.692156305350856205e-01,1.465482932802694149e-01,-2.307406354551616925e-02,1.268767356935120716e-01,-1.332837681222802939e-01,-2.689291727712055380e-01,-3.976164964684786862e-01,-2.347248037436312218e-01,-1.272441013754345984e-01,-7.282149963919441749e-02,-1.208064551398394942e-01,2.139030417003782991e-02,-3.349893945026349851e-01,-3.506024359843432081e-01,-1.085128249983599719e-01,-1.445846362423738873e-01,-1.766416653910913778e-02,-2.744702718068706138e-01,-2.795434169381819656e-01,1.193501126150751102e-01,-2.451509916686711310e-01,-1.513940215608668149e-01,4.210885395027443301e-01,4.220331941134023053e-03,3.967112024665981479e-02,-1.440598281253416789e-02,-6.767400669130349544e-02,2.778334171568520028e-01,-3.215805471124619785e-01,1.196562506833439080e-02,-2.375194069668277452e-01,2.430298921956659461e-02,-2.167676193391791239e-01,-1.059325184229516076e-01,-4.189324528219369737e-01,8.207998950383765813e-02,-2.417878463186897420e-01,-3.043887078786818544e-03,-3.505368349697142172e-01,-2.280291268504952909e-02,-3.347707244538715710e-01,-9.590430998666112095e-02,-1.989022763552076301e-01,-2.001618158360849442e-01,-3.213837440685749502e-01,-7.817891583389822985e-02,-1.867354748420108901e-01,-2.542345454943036320e-01,-4.068487459272703277e-01,-4.196278235770046355e-02,-1.796374450591502470e-01,-8.589359515427172700e-03,-2.144497168222868622e-01,2.886794515755177204e-01,6.349740875992215816e-02,-1.432332553410159415e-01,-2.057641424854037837e-01,2.346766963329032993e-02,-8.885001421355316620e-02,2.744746452078458687e-01,-2.731188909055126679e-02,-1.957752946578907027e-01,-1.678992368415298253e-01,2.909754870875336241e-01,3.815355010824167392e-02
-2.623253372985502319e-01,-4.157398701099910276e-01,2.653298637685596040e-01,1.166867114211366518e-01,1.000000000000000000e+00,3.436093678248890448e-01,6.829940303076686980e-02,8.278848046183114734e-03,5.055432857361527033e-01,2.515449038945135607e-01,-1.535063742319214483e-02,-1.976427368743303159e-01,2.689947737858345289e-01,1.118715969473661198e-01,1.047123395508517130e-01,1.289278607509129482e-01,-4.162559314250727227e-01,-5.333231287310576940e-01,-3.387155321335636460e-01,-5.298244079508429571e-01,1.729111543591874134e-01,1.681222802912684944e-01,1.618070892829809038e-01,2.903938247578229381e-01,6.739891976995910916e-01,6.121274409044192844e-01,5.280881677636614091e-01,2.996435678205155995e-01,-2.318558527038551420e-01,-1.897837353217729783e-01,2.347597909514333725e-01,1.337429752246834802e-01,-5.136165839364982277e-01,-4.029739126631824986e-01,-6.678183289234873588e-02,-7.565983687214362929e-02,-2.029083116485534966e-01,-1.285036408563119126e-01,6.080951652052218881e-01,5.162581181255603280e-01,2.124073385668364955e-01,6.230784369464914541e-02,-7.325446633574599076e-02,-8.766919595023069112e-02,8.444599943145787713e-02,8.480899171240514900e-02,-1.102534385865168026e-01,-3.044324418884345254e-02,2.124248321707375708e-01,3.505237147667883968e-01,3.058100631956440774e-01,2.733812949640287981e-01,3.244844853600402090e-01,3.068421858258074120e-01,4.382410181277470174e-01,3.521506199295882378e-01,-5.175220310074128971e-01,-4.991581203122608112e-01,-1.301917736327655173e-01,-2.313222977848723994e-01,-2.776103737071133337e-01,-4.344274124773129797e-01,-4.112571341103409273e-01,-4.093065972753712201e-01,2.940674815770483869e-02,-1.677461678073954299e-01,-1.521637401325140471e-01,-4.150707397607749649e-01,-3.361264787562047718e-01,-3.620826135444228377e-01,8.692571778443507202e-02,1.805514858629813368e-01,-1.604163477728455522e-02,8.190068006385164967e-02,3.008200126828628473e-01,5.877413570663226478e-02,-8.146333996632480756e-02,-1.300299577966805842e-01,-2.379654938663051389e-01,-9.628479587150948205e-02,1.314644333165686241e-02,-2.314578732151057194e-01,2.868863571756576358e-01,3.940652948765607788e-01,4.598150051387461246e-01,2.926417528591108708e-01,4.551485862981347608e-01,4.054623778181102312e-01,5.263694211803808809e-01,3.035665084953313997e-01,2.647307078349478426e-01,5.347794712558220920e-02,3.887778530974612679e-01,-1.290678095821215232e-01,-1.141982462662089193e-01,1.752465504799807505e-01,-2.916664844416260172e-01,-4.696376637291990175e-01,-4.317071570706960126e-01,-4.009052940018805744e-01,-3.262119787452712888e-02,-3.354835888128403221e-02,-3.528328704817301209e-01,-1.190789617546084700e-01,3.368349697141982402e-01,2.670573571537906421e-01,-2.336664407076162742e-01,-2.914565611948131685e-01,1.500951214712120951e-01,-2.293848811528284917e-02,-1.432551223458922718e-01,-9.394939975071614491e-02,-1.609192888850014269e-01,-2.849227001377621082e-01,2.858017537337910821e-02,3.791476241499202038e-01
-4.962454352627320708e-01,-5.279438455314775513e-01,-4.782751306553541248e-02,5.808794909361264525e-01,3.436093678248890448e-01,1.000000000000000000e+00,-1.807526623078437034e-01,6.225405086265334287e-01,8.775229056876079903e-02,8.667599658874723945e-01,-2.023222759178675279e-01,9.802978286064158164e-02,-8.375937547834072516e-02,4.048807154883995452e-01,-1.408584986114451987e-01,-1.407535369880387466e-01,-1.543898012289256771e-01,-1.722813846187487563e-01,-5.117141545122564361e-01,-4.846865364850976299e-01,-7.461459403905447429e-02,1.128949727755789306e-01,1.706544794559489153e-01,5.741619470381141843e-01,1.819509741750672538e-01,4.223130917758194935e-01,2.404320920163565134e-01,1.020052043471605663e-01,-1.725219216723885285e-01,1.396776803481227236e-01,2.158535785353480063e-01,1.937722770112177695e-01,-3.488530755942358397e-01,-1.865998994117775700e-01,-8.943604994423913837e-03,3.145349981413045892e-01,-1.967461896744003014e-01,-1.420436902757429287e-01,3.691893901292340185e-01,3.295226432835494657e-01,6.835625724344536296e-03,1.126281953160875593e-01,-1.080929785047342051e-01,-6.993942839649253118e-02,1.059981194375806401e-01,1.799741969342459058e-01,-1.948700006560101505e-01,5.927707681878813251e-02,3.332793947213050223e-01,2.600905294001880641e-01,1.426603398132557723e-02,1.224421071045898868e-01,4.524283308915177937e-02,7.997201023375828666e-02,2.455970785681485247e-01,3.270516717325228084e-01,-3.818197721458091998e-01,-3.491942008703067812e-01,-1.691237891146049610e-01,-8.983402943298855747e-02,-3.703614615906059560e-01,-1.832629944676477662e-01,-1.472261704314360153e-01,-2.212722223437055824e-01,-4.210448054929916140e-01,-1.987448339200979519e-01,-2.347597909514333725e-01,-2.484878966128009348e-01,-3.033959458572959011e-01,-1.817016903194769439e-01,6.576283046511119390e-02,-9.570750694277405102e-02,-3.200804705779449200e-01,3.070521090726203162e-01,3.097242570685093330e-02,1.632022041940915380e-01,-2.013032734906299859e-01,-2.073079530296735307e-01,1.090988607290459406e-01,-1.592311561085478222e-01,-9.919748092103825021e-02,-1.659268330016837600e-01,5.901904616124729192e-02,4.989175832586210946e-02,-6.875423673219478726e-02,-5.345170671973059617e-02,2.344580262841398643e-01,1.597340972207036691e-01,1.947694124335789811e-01,9.348581924733768977e-02,5.779449388817213540e-02,-2.597450307231418676e-01,1.129736939931337558e-01,4.888587610155037400e-02,-1.718134307143950601e-01,2.667774594913734521e-03,-1.113205484244823018e-01,-3.062517766941462161e-01,-2.448623472043034155e-01,-3.998775447726924948e-01,-1.543810544269751291e-02,-8.005073145131311185e-02,1.500076534517067253e-03,-1.241171196781176884e-02,3.966849620607465488e-01,1.687607968336576891e-01,-6.130196147033740994e-02,-6.656316284358530788e-02,4.192779514989831979e-02,-1.448951477116179332e-01,2.793772277011217775e-01,-1.235923115610854800e-02,-2.715444665544160252e-02,-1.638975749491592138e-01,2.265815311276814514e-01,2.477050578382279100e-01
4.042072117382082275e-01,-2.794165883098991832e-01,5.391791126369420706e-01,2.107410727952592211e-01,6.829940303076686980e-02,-1.807526623078437034e-01,1.000000000000000000e+00,2.098795128031313503e-02,1.093219041787846374e-01,-1.313463514902363793e-01,1.346657628304651078e-01,-4.364872843366643940e-01,8.074610220638078761e-02,-2.819575342765301418e-01,-3.051453062474032696e-01,-4.295117097811113061e-01,-1.317574511819116223e-01,-3.466488815027005677e-01,1.430495725000546781e-01,-1.578797752071898763e-01,1.423235879381601066e-01,1.239684240449585584e-01,4.942074304082569869e-01,3.303754564737267918e-01,-1.379370667599658790e-02,-1.692156305350856205e-01,-3.114298834488640200e-01,-2.940674815770483730e-01,-1.627779842994905024e-01,-3.560735606044040380e-01,9.100610089436049488e-02,2.609127287835384945e-01,-5.862544007347313818e-02,-2.596575627036364908e-01,6.131070827228794762e-02,-1.814524064638866341e-01,1.451225645623318850e-01,-1.092125691544029165e-01,2.212066213290765637e-02,-7.836697207583477598e-02,8.414860816513962394e-02,1.510572696857711422e-02,3.306159935273665362e-01,2.485534976274299812e-01,3.032691172290131187e-01,2.046489252367103273e-01,1.619339179112636862e-01,1.542192385908902064e-01,2.206162121974153123e-01,4.435590737136734241e-01,3.712317683846843575e-01,4.734031619689051396e-01,1.456255056744877596e-01,3.228313397913887828e-01,1.860663444927948273e-01,-8.563119109575561411e-03,-2.807723426122323840e-01,-4.515930113052415429e-01,-2.097614309767991125e-01,-5.353873739913843632e-01,9.433425903653976791e-03,-3.617458616693271511e-01,-2.953401412608515075e-01,-4.137455992652686598e-01,1.102053311757888454e-01,-2.293630141479521545e-01,5.943889265487305867e-02,-2.340644201963656967e-01,-3.100391419387286684e-01,-3.391966062408431903e-01,-4.588134963154096718e-02,-4.939319061468150363e-02,4.123329907502569225e-01,-4.343661848636592299e-02,1.107913669064748141e-01,-2.182983096805230505e-01,4.445124751262819612e-02,3.290984233889484439e-02,-1.814261660580350211e-01,-5.742275480527431891e-03,-1.131398832301939578e-01,-3.299643567820515488e-01,9.198574271282063120e-02,-9.070433622706697285e-02,1.291377839977258246e-01,-7.711180599593273066e-02,1.049834904113183670e-01,-7.083160219544729075e-02,2.835713192364041832e-02,7.406791891714592513e-02,-3.393321816710764827e-02,1.391047648203625475e-01,-4.484048019942708102e-02,-5.978001793094400024e-02,-1.638450941374559877e-01,-7.465832804880714879e-02,6.001618158360848970e-02,-8.043121733616145907e-02,-1.713935842207692933e-02,-5.049528766044914657e-02,-4.898646432398154338e-02,-2.108853950274430789e-02,-2.214559051846668458e-01,-5.869541448907743264e-02,3.333406223349587999e-02,1.062474032931709361e-01,-1.750891080448711001e-01,-2.774573046729789660e-01,-5.905403336904944261e-02,9.624543526273206251e-02,2.999715728936607623e-02,2.386040104086943336e-01,5.711661673700553499e-03,1.203953554481642652e-01,2.143666222037567404e-01,6.947147449213880721e-02
-2.198596138286938728e-01,-3.368655835210251359e-01,-1.493516433054164483e-01,8.282609171021845240e-01,8.278848046183114734e-03,6.225405086265334287e-01,2.098795128031313503e-02,1.000000000000000000e+00,-8.922175329645098962e-02,6.824910891955129344e-01,-1.179068902932365326e-01,3.511228707004001581e-01,-3.346045352168113274e-01,4.529924996173274043e-01,-1.854015875445540196e-01,-8.878878659989941635e-02,1.276989350768625298e-01,-7.728674203494347028e-02,-1.723251186285014447e-01,-2.229909689269860829e-01,-1.247906234283090304e-01,-3.099866611270254285e-02,1.237103933874177247e-01,5.357022588616037195e-01,-3.163149723382388534e-01,-1.266143316349959413e-01,3.388511075637969799e-02,-2.127834510507095878e-01,1.016771992740154312e-01,4.800026240405851352e-01,1.092300627583039918e-01,3.522512081520194349e-01,1.029498589578185450e-02,1.445627692374975293e-01,7.872996435678204785e-02,2.459906846559226645e-01,-2.589971791563709380e-01,-1.298287813518182454e-01,1.610942249240121527e-01,-9.227438717718834671e-02,-2.003017646672935331e-02,1.499464258380529547e-01,-1.300736918064332726e-01,-5.453631016159716377e-03,2.075178762764864210e-02,1.562922306531674410e-01,-1.515602107979270030e-01,8.135837834291836934e-02,3.163980669567689197e-01,7.151822614856442883e-02,3.616802606546981168e-03,-6.151188471715029332e-02,-9.658656053880300407e-02,-2.949246681682010096e-01,8.076359581028186296e-02,-1.141238984496293490e-01,-2.843104240012245265e-01,-3.947213050228510212e-01,-1.011305241521068821e-01,8.135400494194310050e-02,-1.819553475760425088e-01,8.711814742734687311e-02,1.274496512212722199e-01,-2.927554612844678883e-01,-4.662264109684896574e-01,-4.678227023244626442e-02,-2.544838293498939419e-01,7.271216461481271043e-02,-3.195250486540858748e-01,-3.591174476831908158e-01,5.217467363495222055e-02,-1.255909558067831444e-01,-2.181889746561413435e-01,4.411230893704489175e-01,-1.051365594454527624e-01,4.885526229472349213e-02,-7.371804683912444589e-02,-1.331088320832695682e-01,3.025518794690691404e-01,-1.925608449410684264e-01,-3.533707988016881497e-03,-1.759594148389495016e-01,1.511010036955238306e-02,-6.025234523627298611e-02,-2.761015503706457097e-01,-3.544554022435547069e-01,2.400559795324834489e-02,-1.589293914412542863e-01,-1.262250989481970564e-01,-2.721479958890030693e-01,-1.992871356410312600e-01,-5.337167348188318616e-01,-1.907677505412083696e-01,-1.231899586713607886e-01,-1.230806236469790677e-01,-1.956747064354595333e-01,-3.805733528678576644e-02,-1.747217423629485455e-01,-1.685027661761168694e-01,-3.814305394590102871e-01,2.033325315431545321e-01,-3.256259430145853062e-01,1.892895410115676413e-01,-2.461656206949334180e-01,6.171306116201263903e-02,-2.206293324003411327e-01,1.677243008025190718e-01,-4.382147777218954425e-03,9.009206009052939893e-04,6.379042662526514251e-02,1.895169578622815931e-01,-4.756510900701930999e-02,-1.850648356694583607e-01,9.687083160219545075e-03,1.384225142682206922e-01,8.047057794493888902e-03
-1.565765017165598738e-01,-1.818941199623887450e-01,3.550239443703395725e-01,6.233845750147602033e-02,5.055432857361527033e-01,8.775229056876079903e-02,1.093219041787846374e-01,-8.922175329645098962e-02,1.000000000000000000e+00,6.190986420589971589e-02,-7.017559204915702065e-02,-2.028120968270975821e-01,-4.823861275721064504e-03,-1.442041503575255401e-01,2.622641096848964404e-01,-3.465089326714919649e-01,-2.544269751372154609e-01,-2.467341628217183114e-01,-3.669327152259955205e-01,-2.195928363692025154e-01,-1.847761912050906452e-01,-1.873390041765979341e-01,2.029345520544051096e-01,1.407710305919398219e-01,4.158185913275458390e-01,2.277142419802759554e-01,-1.766853994008440662e-02,1.431326671185847721e-01,-2.021910738886094905e-01,-2.644508101725306926e-01,1.017121864818175819e-01,2.042815595547877935e-02,-1.629879075463033788e-01,-1.306422339332181659e-01,-1.198049463165030276e-01,-2.767488137149854421e-01,-1.885067022369945888e-01,-2.498130371083072676e-01,2.805274321576173846e-01,2.208436290481292641e-01,-2.715007325446633715e-02,-2.879709606175241965e-01,2.453346745096324222e-01,2.326211978745271192e-02,1.764973431589075270e-01,1.617196212634755548e-01,-4.093940652948765274e-02,8.473901729680086148e-02,3.164199339616452500e-01,4.833657693905665798e-01,4.559183048697819651e-01,4.811353348931796670e-01,4.116857274059171901e-01,4.787605781636089519e-01,1.313026174804836910e-01,1.835079049222627934e-01,-1.504537403511841120e-01,-2.429161837703089910e-01,1.587675756051693532e-01,-1.983206140254969163e-01,-1.802322275917867533e-01,-3.352211847543242196e-01,-1.625768078546281636e-01,3.576567317574511767e-02,-8.734556427806083878e-02,-1.215280663007587830e-01,1.665347357372460591e-01,-1.820034549867704521e-01,-1.839233780149132913e-01,-3.264700094028121224e-01,-1.538912335177450852e-01,-1.411383962738623765e-01,-1.409022326211978871e-01,1.327239727974459382e-01,-9.070433622706697285e-02,-1.238809560254531955e-01,-3.405873477509785419e-01,-2.454658765388904595e-01,-2.792853862806411389e-02,-2.969976602304782443e-01,-2.490608121405611108e-01,-3.043012398591764950e-02,3.608624346723229293e-01,5.225339485250705268e-02,5.908464717587631754e-02,3.653495440729483401e-01,3.683453237410072023e-01,3.394152762896066045e-01,7.896612800944655119e-02,2.409131661236360578e-01,2.953663816667030928e-01,2.631956440926286334e-01,4.106011239640506294e-01,-9.177581946600774088e-02,2.071505105945638525e-01,1.350637423192145303e-01,-1.817585445321554319e-02,1.513284205462377685e-01,-2.001705626380354819e-01,-2.239837309483720118e-01,-2.447617589818722461e-01,1.830924318296122955e-01,-5.006756904506789452e-01,-4.784500666943648436e-03,4.017493603901073906e-01,3.879950143228881876e-01,-4.639303754564737536e-01,-2.857405261201373392e-01,4.008353195862762730e-01,1.724213334499573591e-01,8.170825042093984858e-02,2.957337473486256751e-01,-6.484004285932955247e-02,-5.060156130414816822e-01,2.328048807154884103e-01,1.376877829043755830e-01
-4.456757997857033748e-01,-5.103409066060221599e-01,-1.924690035205877947e-01,4.926636198639872122e-01,2.515449038945135607e-01,8.667599658874723945e-01,-1.313463514902363793e-01,6.824910891955129344e-01,6.190986420589971589e-02,1.000000000000000000e+00,-1.184010846034418696e-01,2.441669764492357397e-01,-6.697863593623581968e-02,5.694080601779973883e-01,-1.061774288775666347e-01,-6.452515798911023781e-02,-7.872121755483151018e-02,-7.820952964072511171e-02,-3.857252192167238691e-01,-4.028427106339244612e-01,-2.176641665391091524e-02,1.102709321904178780e-01,3.950055760862434401e-02,4.959874046051912511e-01,-1.081585795193632377e-01,1.578141741925608577e-01,2.487546740722923200e-01,3.210076315847018580e-02,-6.173055476591371438e-02,2.436684087380551478e-01,3.275677330476044896e-02,2.933196300102774989e-01,-3.714766788392993568e-01,-1.776475476154031063e-01,-1.092563031641556048e-01,1.155408803656163275e-01,-3.043012398591765089e-01,-2.189936804355907263e-01,3.656206949334149803e-01,2.897334412105573853e-01,-2.564124991799873049e-02,4.079071089632853309e-02,-1.029848461656206887e-01,6.130633487131267878e-02,1.481839452450197936e-01,2.920863309352518256e-01,-2.129627604906955962e-01,6.921781723557324240e-02,3.199711355535632129e-01,1.621438411580765904e-01,-1.215805471124620091e-01,-1.146705735715379017e-02,-7.846756029826594536e-02,-1.121821084166101795e-01,1.402812096827097676e-01,1.899499245588331664e-01,-3.730860903981981780e-01,-3.318055585926395490e-01,-1.423148411362095689e-01,-2.347204303426559530e-02,-4.357700465767203601e-01,-4.781439286260960597e-02,-7.099341803153222386e-02,-1.498545844175723230e-01,-4.739410902888631094e-01,-7.027618027158820391e-02,-2.048413548796221284e-01,-1.649734315890752367e-01,-2.879753340184995070e-01,-2.848396055192320420e-01,8.191380026677746659e-03,1.458529225252017288e-02,-2.669436487284336801e-01,2.706173055476591149e-01,-4.115370317727580496e-03,1.611729461415669917e-01,-2.389538824867157851e-01,-2.154293586407469707e-01,2.782795040563294103e-02,-2.186700487634208809e-03,-2.837025212656622483e-02,-1.250748944917014771e-01,1.149154840261529392e-01,1.793050665850298431e-01,-7.497321291902647733e-02,4.152981566114889028e-02,2.209748310773873292e-01,1.835560123329907367e-01,1.097242570685093288e-01,7.149198574271281581e-02,-8.451597384706216465e-02,-3.986704861035184067e-01,-3.043887078786818717e-02,2.795040563294045460e-02,-3.496971419824626559e-02,1.854846821630841136e-01,7.470643545953510600e-02,-2.093328376812227942e-01,-2.327349062998841089e-01,-4.612800944654610880e-01,4.869344645863855903e-02,-1.892895410115676413e-01,-3.559511053770964689e-02,-3.301917736327655145e-02,1.772189543198268158e-01,-5.262950733638013801e-02,-4.706654129583871110e-02,-9.096674028558307534e-03,1.697797992608952311e-01,1.454899302442544395e-01,1.690713083029017627e-01,8.707441341759419862e-02,-1.422273731167041921e-01,-2.959480439964138135e-02,1.502525639063217455e-01,1.646060659071527099e-01
3.920316634230609776e-02,2.854168944479674730e-01,-2.142310467735234203e-01,-1.017602938925455391e-01,-1.535063742319214483e-02,-2.023222759178675279e-01,1.346657628304651078e-01,-1.179068902932365326e-01,-7.017559204915702065e-02,-1.184010846034418696e-01,1.000000000000000000e+00,3.233605213093962427e-01,3.684983927751415700e-01,2.054186438083575525e-02,-3.223109050753318328e-01,-1.330825916774179378e-02,7.499507992390282152e-02,1.676105923771621098e-01,4.755548752487371855e-01,3.094574796090179269e-01,-1.074107279525923254e-02,-3.196343836784675818e-01,1.432288819400406692e-02,1.280531805558592605e-02,-1.045942577245194682e-01,-2.213596903632109592e-01,-6.783144912641315971e-02,-1.918086199733222419e-01,4.482604797620869941e-01,5.437012092453696877e-02,1.082766613456954824e-01,2.043646541733178945e-01,1.216505215280662966e-01,8.366753405786009345e-02,-8.019942708447223845e-02,-1.488880628020380070e-01,-1.048522883820603158e-01,3.324659421399051018e-02,-2.572172049594367294e-01,-2.425750584942380494e-01,2.410137543460672271e-01,-1.229231812118694034e-01,9.936804355907370712e-02,1.514202619667184280e-01,-2.511862850145415438e-01,-1.398613631890839940e-02,3.313507248912116454e-01,3.555487524873717775e-01,-1.102097045767641212e-03,8.080295641905928250e-02,6.380792022916621439e-03,-1.441604163477728517e-01,1.792657059762524374e-02,-1.578491614003629806e-01,-3.175089108044871090e-03,-3.397082941549495749e-01,-4.278935514202619750e-02,1.700728171262382293e-01,-3.945245019789639374e-02,2.220725547221797103e-01,3.933699241214930753e-01,3.932081082854081422e-01,1.422361199186547298e-01,-2.590365397651483645e-02,2.731057707025868475e-01,1.411209026699613012e-01,-3.049528766044914962e-01,-1.889571625374472374e-01,-3.219304191904834855e-01,-1.070608558745708566e-01,4.572740591721152215e-01,3.612910279678992476e-01,4.315365944326605696e-01,2.736218320176685426e-01,8.751612691609629568e-02,-7.889615359384224980e-02,3.327195993964706666e-01,2.532767706807198538e-01,1.549102359449826272e-01,5.480877304235638459e-01,-1.362751743893638942e-02,1.086746408344449050e-01,-5.409590868338763903e-01,-1.291552776016269000e-01,1.697623056569941558e-01,-1.787146574533686194e-01,-3.072357919135815796e-01,-2.369027574293149085e-01,7.318011851916643440e-02,-2.044433753908727058e-01,1.088102162646782251e-01,1.584045833242220813e-01,1.156677089938991099e-01,1.824276748813714877e-01,-1.225208283221447120e-01,-3.816185957009468610e-01,-1.430539459010299330e-01,-2.795740307450088613e-01,6.332684612188668738e-02,1.149286042290787457e-01,4.057641424854038087e-02,-7.846756029826594536e-02,-3.398132557783560548e-02,1.620694933414970063e-01,-8.672454133957271938e-03,-1.589906190549080500e-01,-7.338566836500404200e-02,5.045592705167173397e-02,-1.292908530318602200e-01,-7.336380136012769781e-02,-1.419474754542870143e-01,-2.199908158579519379e-01,-8.677264875030067659e-02,8.710940062539633544e-02,-1.710480855437230829e-01,-3.520194179003302004e-01
-2.017231199842557665e-01,2.146640134700749936e-01,-5.984955500645077198e-01,1.040563294045614567e-01,-1.976427368743303159e-01,9.802978286064158164e-02,-4.364872843366643940e-01,3.511228707004001581e-01,-2.028120968270975821e-01,2.441669764492357397e-01,3.233605213093962427e-01,1.000000000000000000e+00,7.792963197830793387e-02,5.425378845859483157e-01,-5.611510791366906142e-02,2.524545712973694234e-01,4.614112964947191253e-01,4.216264678227022999e-01,8.616037261376309486e-02,2.205724781876626239e-01,-1.167173252279635198e-01,-2.618792503990728382e-01,-1.871115873258839823e-01,6.664625746211541579e-02,-4.090704336227066751e-01,-2.818175854453215390e-01,-3.622925367912357281e-02,-4.177035271478865552e-02,6.234326824254882160e-01,6.623384575014760189e-01,5.167610592377162165e-02,2.678314491264131569e-01,2.849576873455642589e-01,4.639566158623253389e-01,3.332531543154534232e-02,5.586582405807876545e-02,-1.085478122061621226e-01,1.830180840130327391e-01,-2.453609149154840352e-01,-2.368808904244385782e-01,1.311932824561019839e-01,1.167129518269882510e-01,-6.757341846887231218e-02,-1.242045876976230565e-03,-1.900854999890664865e-01,7.723426122324025291e-03,5.416019767772408539e-02,1.881743237628742127e-01,2.983096805230587428e-02,-2.111784128927860771e-01,-2.787693249655594507e-01,-4.223305853797205134e-01,-3.768690822418053199e-01,-4.683912444512475237e-01,-2.772867420349434675e-01,-4.372088954975836828e-01,1.774113839627386169e-01,2.349172333865430506e-01,5.438324112746276834e-02,4.377861844263191138e-01,8.468216308412236659e-02,6.375106601648772298e-01,5.384749950799239127e-01,3.092650499661061536e-01,-2.161947038114189479e-01,2.167282587304016905e-01,-2.929785047342065574e-01,1.759550414379742467e-01,7.011436443550327080e-02,8.440663882268045759e-02,2.327261594979335713e-01,3.159257396514399407e-01,9.747436093678249480e-02,1.689357328726684426e-01,-2.263409940740416793e-01,1.100478887406791950e-01,1.524829984037086306e-01,1.804946316503028558e-01,3.688526382541383319e-01,3.745555531258883408e-01,2.491176663532395918e-01,3.748223305853797260e-01,-3.130917758194660117e-01,-2.068181321204434764e-02,-3.301436662220375573e-01,-1.988235551376527910e-01,-3.639850429686645739e-01,-2.621635214624652988e-01,-3.516301852135312878e-01,-4.011370842535698089e-01,-2.604578950821105909e-01,-2.673285080142572823e-01,-1.701471649428177857e-01,9.232249458791629351e-03,1.125276070936563795e-02,-1.188515449038945182e-01,-3.413876801294526975e-02,6.370733200673503460e-02,1.021801403861713059e-01,-3.145349981413046031e-02,1.439548665019352303e-01,-1.281887559860925840e-01,2.437033959458572985e-01,-6.562288163390260498e-02,-5.506549167960464453e-02,-2.021560866808073398e-01,1.964531718090573031e-01,1.936235813780586568e-01,-5.496053005619819937e-02,6.152937832105136867e-02,1.874876998097570538e-02,-8.986901664079070817e-02,-1.057094749732129246e-01,1.047210863528022506e-01,-1.452931272003673557e-01,-1.696967046423651371e-01
4.198464936257680601e-03,-6.302945485556843419e-02,4.679976383634733283e-02,-1.612997747698497741e-01,2.689947737858345289e-01,-8.375937547834072516e-02,8.074610220638078761e-02,-3.346045352168113274e-01,-4.823861275721064504e-03,-6.697863593623581968e-02,3.684983927751415700e-01,7.792963197830793387e-02,1.000000000000000000e+00,2.867682753493254189e-01,7.254597537775250848e-02,2.840830071505106025e-01,-2.118825304498042905e-01,-1.945288753799392228e-02,1.119503181649209450e-01,-2.981347444840480240e-02,2.389145218779383795e-01,9.376134350877959878e-02,2.763552076272112745e-01,1.573243532833307756e-01,1.732741466401347130e-01,1.373029236185519808e-01,2.079114823642605747e-01,1.442916183770308891e-01,3.746255275414926700e-02,-7.917605125625942764e-02,1.568126653692243910e-01,1.993352430517592033e-01,-3.917692593645448473e-02,-1.119503181649209450e-01,1.533489317968117771e-01,6.730664100938094606e-03,6.782707572543789087e-02,7.058669174083226187e-03,1.208326955456911073e-01,1.430451990990793953e-01,2.637729330213640644e-01,7.631147361745861668e-02,-1.006144628370252148e-01,-1.323741007194244590e-01,1.420043296669655161e-02,-9.251055082985283617e-02,2.768362817344908241e-03,-1.382606984321357591e-01,-8.844328792285320595e-02,-2.311342415429358532e-02,-1.502919245150991789e-01,-9.701952723535457734e-02,-6.432835494522315400e-02,-4.213771839671120317e-02,5.257265312370164312e-02,-1.481577048391681806e-01,-1.817060637204521989e-01,1.256827972272637761e-01,-2.884826485316306366e-01,-1.770790054886182269e-02,1.158820056416872551e-01,-9.366075528634842939e-02,-2.402527825763705049e-01,-3.055257921322516307e-02,2.601954910235945162e-01,5.751896962673022640e-02,9.278170169031947634e-02,-1.177538212591021372e-01,9.291727712055279642e-02,2.422689204259692586e-01,3.035009074807023532e-01,4.241193063786053430e-01,4.482779733659880694e-01,-1.371848417922197083e-01,2.353939340928473123e-01,7.694561675887254260e-02,2.276180271588200688e-01,3.677417944064201305e-01,-1.601670639172552424e-01,4.966346679495309280e-01,3.107913669064747975e-01,1.378189849336336481e-01,-7.877807176751000506e-02,5.151429008768668855e-02,5.291815180074784797e-01,6.380792022916621439e-03,4.782313966456014365e-02,-1.140408038310992550e-01,2.402877697841726556e-01,-1.591874220987951338e-01,2.895191445627692383e-03,1.009337211082198121e-01,-3.223196518772823531e-03,-1.808882377380770234e-01,-3.305766329185891306e-01,-1.708687761037370675e-02,-1.636789049003957996e-01,-3.241477334849445779e-01,-2.460038048588484849e-01,-1.127593973453456105e-01,-1.414838949509085730e-01,9.498589578185476223e-02,-1.724213334499573591e-01,-9.956047320198552208e-02,4.654610657978176802e-02,1.783210513655944518e-01,-1.563928188755986104e-01,-1.980275961601539458e-01,-1.793400537928319938e-01,-1.239640506439832895e-01,-1.844438127309702413e-01,-1.314425663116922938e-01,-8.151582077802803361e-02,6.162121974153200038e-02,6.369858520478449693e-02,1.915943233255341105e-01
