1.000000000000000000e+00,6.066133428660798188e-01,2.826265695518119792e-01,1.059073238303766956e-01,-2.117520890120201948e-01,-3.468296170517002341e-01,2.965101210956700428e-01,1.074534161490683232e-01,-8.235399258233164904e-03,-2.032530497341257514e-01,2.607221055453773362e-01,3.635685240627373749e-01,3.956477054381339897e-01,1.014343804459537923e-01,3.208275615532418801e-01,5.167791232852227828e-02,2.358237633495687824e-01,2.433263327226417583e-01,3.167031592117610095e-01,1.976227713481388815e-01,-1.718128602707895761e-02,-1.558246570445507018e-01,-4.644532820948210627e-02,-7.124089548237186320e-02,4.723177979355646337e-03,1.125161982215469939e-02,-1.454622637293891685e-01,-1.673890701103713241e-01,1.424326377407390820e-01,1.333214174002413099e-01,-1.013182000983064435e-01,-6.663389785066356485e-02,8.629965592743196745e-02,1.685240627373877365e-01,1.490951338308235397e-01,4.192770007596407361e-02,-3.392332097055275053e-01,-2.589436525313910109e-01,-3.223289691228383713e-01,-1.943160999150989887e-01,-1.303230707359578078e-01,-1.801063497028464189e-01,-1.742794584208409714e-01,1.457661200232360788e-01,-3.542160060771258612e-02,-1.872380356584297800e-01,-3.667679520979489904e-01,-2.609857455650386737e-01,-3.239197461906251352e-02,7.326511461638142431e-02,4.388936056124044527e-02,-4.060503150274811374e-02,-3.492828097770230844e-01,-3.048617007015505531e-01,-3.548013762902721413e-01,-1.836006970820858730e-01,6.987532955002457857e-01,5.502837481567540712e-01,3.508154966709862155e-01,8.612985388087045224e-02,4.439251083605165737e-01,1.395906876982885847e-01,1.968273828142454995e-01,2.279190312346396075e-01,2.415210688591983568e-01,6.984226283569418270e-02,2.611376737119621219e-02,-4.764287948523168725e-02,3.662719513829930107e-01,1.357969525001117006e-01,2.697618302873229235e-01,1.325260288663479280e-01,1.886992269538406430e-01,1.487778721122480774e-01,2.585459582644443477e-02,8.799767639304705014e-02,1.458957057956119518e-01,5.723222664104741370e-02,2.141695339380669250e-01,3.547969078153626055e-01,1.699003530095178627e-01,5.279056258099110860e-02,1.315206220117074165e-01,-1.573528754636042692e-01,1.432324947495419720e-01,-1.419411055006926103e-01,-3.378613879083069288e-02,-2.379150096072210618e-01,-1.711425890343625800e-01,-4.747888645605254920e-01,-4.526788507082532553e-01,-3.005674963135082089e-01,-5.109745743777648341e-01,-1.962420126010992472e-01,-1.395951561731980858e-02,-3.499307386389025609e-01,-6.199115241967916023e-02,3.580588944993073897e-02,-2.705572188212163054e-01,-5.691496492247195838e-02,-2.508333705706242700e-01,-1.867911881674784447e-01,-1.923052862058179657e-01,-1.279413736091871978e-01,-1.134188301532686877e-01,-1.195897940033066736e-01,-6.678135752267751191e-02,1.529112114035479676e-02,2.122212788775190984e-01,2.819160820411993271e-02,-3.053666383663255490e-01,-1.567272889762723886e-01,-1.323919746190625191e-01,-1.166718798873944349e-02,-2.349166629429375874e-01,-1.513695875597658447e-01
6.066133428660798188e-01,1.000000000000000000e+00,1.965994905938603099e-01,3.059877563787479215e-01,6.941775771929040162e-02,-3.114616381429018421e-01,1.018633540372670815e-01,3.285937709459761380e-01,1.789936994503775747e-01,-1.241163590866437294e-01,2.738236739800706254e-01,4.933017561106394222e-01,2.092586800125117164e-01,1.960319942803521176e-01,1.521515706689307024e-01,1.189195227668796706e-01,2.496760355690602895e-01,2.296930157737164246e-01,4.771571562625676055e-01,4.757004334420661951e-01,-7.814022074266052664e-02,-3.088788596452031188e-01,1.458510210465168225e-02,7.531167612493855357e-02,2.792796818445864634e-03,-4.005094061396845262e-02,-8.685374681621162163e-02,-1.997631708297957775e-01,1.590687698288573981e-01,1.642298583493453645e-01,1.797041869609902198e-01,1.887349747531167632e-01,2.418070512534072070e-01,3.747978015103445304e-01,1.781491576924795484e-01,1.308280084007328314e-01,-3.054470709146968055e-01,-3.078913266902006396e-01,-4.311765494436748947e-01,-2.700612181062603256e-01,-1.756780910675186658e-01,-1.015952455426962775e-01,-5.129362348630412544e-02,1.870414227624112025e-01,1.739577282273559872e-02,-2.929264042182402883e-01,-3.000178738996380767e-01,-2.510389204164618637e-01,-6.779123285222753148e-02,6.273738772956789778e-03,2.992090799410161359e-02,-5.504714241029536742e-02,-4.003261986683944729e-01,-3.500469189865498820e-01,-2.645471200679208046e-01,-3.528933375039099429e-01,8.235756736225926522e-01,7.943965324634701952e-01,2.078689843156530659e-01,1.315072165869788645e-01,2.702399571026408709e-01,1.895527056615577133e-01,1.563966218329684021e-01,2.027213012198936515e-01,-2.940703337950757376e-02,1.963894722731131942e-02,-3.896510121095670114e-03,-7.556191071987130962e-03,4.721748067384601844e-01,2.770275704901917213e-01,9.789981679252870994e-02,8.558916841681933618e-02,3.556325126234416434e-01,3.373653871933509074e-01,1.602886634791545750e-01,-3.627954779033915750e-02,2.658608516913177344e-01,2.322355779972295475e-01,3.192546583850931485e-01,4.676527101300326228e-01,1.762992090799410105e-01,9.933866571339201867e-02,5.827784976987353954e-02,4.839358327002993461e-03,1.190401715894365275e-02,-1.491576924795567360e-01,-2.144778587068233711e-01,-2.730685017203628440e-01,-1.269583091290942267e-01,-5.387506144153000331e-01,-5.005809017382367720e-01,-4.097904285267437996e-01,-4.923365655301845667e-01,-3.852004110996916642e-01,7.418115197283167705e-02,-2.706287144197685457e-01,-1.164842039411948665e-01,-5.751374056034675580e-02,-3.797309978104472794e-01,-2.131641270834264135e-01,-7.386835872916573675e-02,-9.142052817373430562e-02,-9.469145180749810597e-02,-2.799052683319183318e-02,-1.170338263550650126e-01,-1.901202019750659056e-01,-2.573350015639662147e-01,-2.974529693015773857e-01,-1.554582421019705916e-02,7.212118503954600968e-02,-2.885517672818266877e-01,-2.618883774967603606e-01,-1.519460208230930809e-01,-5.256713883551544092e-02,-1.907145091380312019e-01,-2.835336699584432019e-01
2.826265695518119792e-01,1.965994905938603099e-01,1.000000000000000000e+00,4.365297823852719028e-01,7.969525001117118423e-02,-1.332543902765986055e-01,5.139103623933151122e-01,3.059877563787479215e-01,1.397158049957549497e-01,2.388623262880378850e-01,-1.747843960856159673e-01,-2.621296751418740745e-01,-1.218016890835157962e-01,8.957504803610527588e-02,1.697126770633183013e-01,9.987935117744313473e-02,-4.060279726529335553e-01,-4.227177264399660239e-01,3.938156307252334565e-01,1.482863398722016057e-01,-1.263952812904955425e-01,-2.640734617275123930e-01,5.369766298762232992e-01,5.012690468743018490e-01,4.189463336163367635e-01,4.784842933106930873e-01,1.574154341123374656e-01,8.143795522588140323e-02,-4.438357388623263011e-01,-3.657267974440323588e-01,-5.775056973055096160e-02,2.626927029804727587e-01,-3.988337280486169978e-01,-1.142008132624335315e-01,3.419723848250592058e-01,2.095133830823539822e-01,3.548862773135529058e-02,1.260556771973725398e-02,-2.064301353947897710e-01,-8.496358192948746946e-02,-9.350730595647704924e-02,-2.372447383707940449e-01,-2.608382858930247128e-01,-2.630323070735957613e-01,-3.472943384422896296e-01,-4.902363823227132711e-01,-2.433710174717368946e-01,-1.974127530273917519e-01,-3.926627641985790396e-01,-2.042986728629518633e-01,-2.356360874033692210e-01,-2.816747843960856201e-01,-2.509674248179096234e-01,-1.750748469547343533e-01,4.580186782251217774e-03,-1.464185173600250356e-01,1.572590374905044885e-01,1.740560346753652898e-01,-1.127619643415702227e-01,-1.980383395147236325e-01,-8.649180034854103694e-02,1.802359354752223197e-01,-5.024085079762277140e-01,-4.687653603825014392e-01,4.815407301488002223e-01,3.536663836632557567e-01,2.945797399347602763e-01,1.730685017203628384e-01,2.673220429867286252e-01,-1.089995084677599507e-01,2.094686983332588459e-01,1.189329281916082087e-01,1.488225568613432137e-01,1.783815183877742461e-01,2.403413914830868359e-01,2.350775280396800448e-01,-4.619956208945887044e-02,5.194155234818356726e-02,-7.580767683989454719e-02,-1.819026766164708042e-01,-2.321462084990392749e-01,-3.882747218374368869e-01,-7.155368872603780350e-02,-1.353590419589794092e-01,-8.947674158809598710e-02,-3.965548058447651569e-01,4.169533938066937728e-01,2.923499709549131076e-01,9.569239018722909551e-02,-1.913400956253630547e-01,-1.625094955091827276e-01,-8.684480986639260547e-02,1.098619241252960371e-01,1.548147817150006822e-01,1.771303454131105057e-02,-7.259931185486392935e-02,-4.336654899682738235e-02,1.203717771124715175e-01,-2.144644532820948191e-01,-2.538540596094552779e-02,-1.991956745162875853e-01,-9.825729478528978655e-02,-1.577192904061843759e-01,-2.495598552214129406e-01,5.947986952053264248e-02,2.747665221859779336e-02,-2.027347066446221965e-02,-7.346172751240001401e-03,-9.485231690424057727e-02,4.525671388355154146e-02,-1.982841056347468545e-01,-1.629742168997720952e-01,2.174359890969212311e-02,-1.236695115956923940e-01,-8.532552839715805415e-02,-6.072657402028687652e-03
1.059073238303766956e-01,3.059877563787479215e-01,4.365297823852719028e-01,1.000000000000000000e+00,2.262656955181196750e-01,9.422226194199920246e-02,5.605701773984539393e-01,8.603959068769828633e-01,2.098574556503865207e-01,3.576880110818178027e-01,-2.139058939184056429e-01,2.233522498771169373e-01,-2.422628356941775862e-01,3.040752491174761873e-01,8.083471111309709772e-03,2.334197238482506043e-01,-1.292685106573126519e-01,-1.927342597971312410e-01,2.137897135707582941e-01,2.517717503016220770e-01,-3.230394566334510165e-01,-3.741543411233745897e-01,4.918405648152285869e-01,6.160105456007864966e-01,3.019929398096429796e-01,4.524196791635015091e-01,1.847937798829259459e-01,2.637919478082130786e-01,-2.043031413378613992e-01,-9.671567094150766708e-02,1.537646901112650344e-01,5.947986952053264664e-01,-2.239599624648107648e-02,2.926538272487599901e-01,5.432727110237276502e-01,5.868001251172975108e-01,-2.567004781268152902e-01,-3.886590106796550259e-01,-1.397828321193976542e-01,-3.889807408731400101e-02,-2.582286965458688854e-01,-2.648420394119487264e-01,8.889137137494973473e-02,7.735376915858617475e-02,-1.236248268465972577e-01,-4.346396174985477368e-01,-2.795075740649716201e-01,-3.707583001921443966e-01,-4.047544573037222260e-01,-4.128870816390365905e-01,-8.011081817775593528e-02,-4.265918941865141645e-01,-5.674337548594664549e-01,-1.741230617990079943e-01,-1.932481344117252808e-01,-2.085884087760847272e-01,2.769828857410965850e-01,3.100317261718575357e-01,-2.854014924706197928e-02,1.745788462397783736e-01,1.342866079806961932e-01,6.155190133607399972e-01,-2.561910719871308140e-01,-1.781000044684749040e-01,4.161311944233432869e-01,7.292282943831270847e-01,6.150274811206934977e-01,6.456141918763126375e-01,-2.658742571160463072e-03,2.783859868626837875e-01,-3.947003887573171527e-02,-8.626390812815586118e-02,1.650431207828768065e-01,2.725948433799544324e-01,1.333482282496983862e-01,4.500201081370928252e-02,2.154609231869163144e-01,3.232092586800124900e-01,3.602618526296975099e-01,9.879351177443138066e-02,9.715804995754949436e-02,-1.112158720228785952e-01,-1.304035032843290642e-01,-1.624826846597256236e-01,-2.654452835247330111e-01,-1.817239376200902590e-01,2.344161937530720927e-02,9.838688055766567353e-02,6.242906296081147249e-02,-3.050225657982930660e-01,-3.944412172125653648e-01,-5.425979713123910697e-01,-1.894633361633674346e-03,-2.948031636802359579e-01,-5.902408507976227708e-02,-2.351356182135037332e-01,-4.027034273202556025e-01,-2.008847580320836379e-01,-4.932570713615442859e-01,-3.517717503016220548e-01,1.101434380445953792e-01,2.501005406854640498e-02,-1.271817328745699083e-01,-2.442468385540015330e-01,8.704589123732070152e-03,-1.941284239688994273e-01,-1.886590106796550426e-01,-2.026900218955270672e-01,-3.633316948925331968e-01,-1.758166137897135828e-01,-3.365253139103623892e-01,-4.065105679431609831e-01,-3.717503016220564116e-01,-1.280933017561106391e-01,-1.944501541623843699e-01,-1.594351847714375048e-01
-2.117520890120201948e-01,6.941775771929040162e-02,7.969525001117118423e-02,2.262656955181196750e-01,1.000000000000000000e+00,3.892667232673488464e-01,2.920371777112471534e-01,2.975646811743152265e-01,6.597435095401938954e-01,3.384646320210912274e-01,-2.567987845748246345e-01,-4.975646811743152098e-02,-3.482237812234684204e-01,6.613342866079806965e-04,-4.413959515617319612e-02,-1.196031994280352118e-01,-2.404084186067295126e-01,-6.208499039277894788e-02,3.570758300192144324e-02,-5.859511148844899486e-02,-7.381473703025157040e-02,-2.148219312748558818e-01,2.372268644711559848e-01,2.109656374279458291e-01,1.853970239957102584e-01,1.289155011394610972e-01,4.534340229679610368e-01,1.885517672818267099e-01,-1.804682961705169897e-01,-2.742303051968363048e-02,3.057643326332722400e-01,1.855891684168193279e-01,2.729880691719915875e-01,3.892443808928012783e-01,1.106394387595513590e-01,1.811430358818535147e-01,-1.659725635640555974e-01,6.261673890701104084e-02,-2.841860672952321587e-01,-3.499396755887215771e-01,-2.437955225881406618e-01,-8.647392644890299074e-02,-1.942446043165467762e-01,-2.100719424460431584e-01,2.383037669243487366e-02,-7.811340989320345041e-02,-1.616381429018275973e-01,-2.561329818133071048e-02,-1.813888020018767644e-01,-2.377943607846642049e-01,-4.193216855087358863e-02,-2.381116225032396394e-01,-1.519281469234550234e-04,-2.044103847356897041e-01,1.193797756825595441e-01,-1.269046874301800742e-01,-2.104651682380803343e-02,1.027257696948031679e-01,4.430939720273470439e-02,1.771348138880200207e-01,2.365699986594575199e-01,3.272889762723982243e-01,-2.416864024308503500e-01,1.756110639438759500e-03,2.125340721211850525e-01,8.350239063407659257e-02,2.569953974708432121e-01,2.233611868269359535e-01,-4.078108941418294164e-01,-1.924840252021984832e-01,-1.185039546002949161e-02,3.045265650833370655e-02,-3.175745118191161676e-02,1.725054738817641542e-01,1.801689083515796083e-02,2.243844675812145251e-01,-6.647303275392109356e-02,1.029268510657312674e-01,3.082800840073282936e-02,-2.524241476384110269e-02,-2.011394611019259038e-01,-2.029760042897359174e-01,-1.981366459627329213e-01,-1.061396845256713933e-01,-2.621296751418740745e-01,-2.783055543143125310e-01,-1.358103579248402526e-01,-1.757898029402564788e-01,1.211135439474507330e-01,-6.288484740158184483e-02,3.652978238527190835e-02,-8.060681889271191503e-02,-2.733812949640287635e-02,-6.860449528575897349e-02,1.765717860494213365e-01,6.333616336744268827e-02,4.527458778318959459e-02,-1.405782206532910257e-02,-2.966173644934983616e-02,-1.707270208677778289e-01,2.567987845748246345e-01,-9.293087269314982690e-02,1.599133115867554522e-01,-8.600026810849456527e-02,1.358729165735734490e-01,-1.917824746414048820e-01,-1.661736449349836831e-01,-1.874838017784530020e-01,-5.032396443093972022e-02,1.136824701729299836e-01,-7.237141963447875359e-02,-6.013673533223110740e-02,-1.327360471870950576e-01,-1.629116582510389266e-01,-1.804772331203360336e-01,-2.792349970954913219e-02
-3.468296170517002341e-01,-3.114616381429018421e-01,-1.332543902765986055e-01,9.422226194199920246e-02,3.892667232673488464e-01,1.000000000000000000e+00,7.315340274364359741e-02,1.369721614013137412e-01,2.500826667858260244e-01,3.179900799857008908e-01,-1.783100227892220335e-01,-7.413199874882701879e-02,-9.971401760579114149e-02,8.729612583225344891e-02,-8.933821886590107009e-02,1.458063362974216896e-02,-1.623441619375307343e-01,-2.042093033647616185e-01,1.519281469234550234e-04,-9.698824791098797915e-02,-1.511104160150140707e-01,-7.177711247151347118e-02,1.874569909289959257e-01,1.583672192680637969e-01,3.203896510121095886e-02,2.554627105768800949e-02,7.316680816837213552e-02,2.195585146789400810e-01,-4.684302247642879724e-02,1.544751776218776518e-02,2.895929219357433193e-01,1.500558559363689148e-01,2.537289423119888920e-01,1.371240895482371824e-01,9.511595692390187318e-02,2.040350328432905813e-01,-2.190937932883506856e-01,-2.502837481567540823e-01,-2.188390902185084197e-01,-2.953215067697395058e-01,-1.154877340363733851e-01,-2.219491487555297349e-01,6.712543009071003652e-02,-1.360516555699539665e-01,1.301443317395772903e-01,1.098797980249340868e-02,6.386791188167478817e-02,2.484025202198489671e-02,-1.056794316099915060e-01,-1.118012422360248476e-01,-1.150587604450600959e-01,-1.582644443451450000e-01,-1.933062245855489414e-02,8.270253362527368868e-02,5.489074578846239727e-02,1.447026229947718790e-01,-3.428035211582287078e-01,-2.259797131239107970e-01,-1.404441664060056272e-02,3.236024844720497007e-01,1.293668171053219407e-01,3.402877697841726889e-01,-3.355377809553599516e-02,-2.025559676482416652e-02,-4.053800437910540927e-02,1.117476205371106812e-01,6.994056928370347148e-02,1.789490147012824661e-01,-4.393896063273604602e-01,-7.486482863398721821e-02,-1.427722418338621124e-01,-1.300147459672013894e-01,-2.425086018142008082e-01,2.073819205505161162e-02,3.551097010590285874e-02,1.437553063139550558e-01,-7.895795165110147673e-02,-3.288350685910898519e-02,-1.438759551365119127e-01,-3.318825684793779707e-01,-1.240493319630010249e-01,-9.136690647482013927e-02,-1.867062871441976801e-01,-2.322534518968676076e-01,-2.002949193440278775e-01,-2.533625273694088340e-02,-1.097323383529201501e-01,-1.084945708029849409e-01,1.066088743911702968e-01,3.412306179900799763e-01,1.861611332052370560e-01,6.005183430895035673e-02,6.841235086464989013e-02,-6.553018454801376458e-02,1.049063854506456922e-01,-5.076187497207203594e-03,-8.087045891237321094e-02,-7.481120693507306574e-02,9.234103400509406645e-02,-6.362661423656106041e-02,1.437195585146789356e-01,3.870592966620492459e-02,-7.942714151660038024e-02,-2.006792081862460442e-01,-4.899235890790473030e-02,-1.148576790741319964e-01,2.289646543634657472e-02,2.823629295321506902e-02,-5.140980383395147429e-02,-1.105500692613610968e-02,-7.685776844363018806e-03,3.574779927610706454e-02,-1.038339514723624762e-01,-1.746056570892354498e-01,-1.029804727646454199e-01,9.410608159435185360e-02
2.965101210956700428e-01,1.018633540372670815e-01,5.139103623933151122e-01,5.605701773984539393e-01,2.920371777112471534e-01,7.315340274364359741e-02,1.000000000000000000e+00,6.163546181688189796e-01,3.180258277849770110e-01,9.276107064658832557e-02,-5.131060369096027696e-01,3.189597390410652683e-02,-2.620849903927789382e-01,1.052013047946735724e-01,-4.394298226015461162e-02,-1.502122525582018919e-01,-2.830823539925823584e-01,-1.465749139818579849e-01,-6.504312078287680099e-02,-1.592296349255998833e-01,-6.693775414451047512e-02,-1.698735421600607587e-01,3.130121989365029500e-01,3.059028553554671848e-01,2.681978640689932636e-01,2.995799633585057298e-01,2.557308190714508989e-01,1.361231511685061790e-01,-2.236382322713257875e-01,-2.886634791545645336e-03,1.260109924482774035e-01,2.597613834398319610e-01,1.019929398096429685e-01,2.989856561955404612e-01,5.485052951427678014e-01,6.097368068278297137e-01,-2.554448366772420487e-01,-2.983287903838419686e-01,-2.336163367442691818e-01,-1.754055140980383398e-01,-2.371464319227847561e-01,-2.237052593949684920e-01,-4.258903436257205355e-02,-2.160507618749720748e-01,-1.117967737611153256e-01,-3.565887662540774827e-01,-1.591626078019571788e-01,-1.246838554001519217e-01,-4.883149381116225207e-01,-4.384601635461816693e-01,-1.390902185084230691e-01,-4.699852540327986161e-01,-3.470977255462710520e-01,-1.909245274587783314e-01,-9.074131998748827255e-02,-7.200500469189866082e-02,6.175879172438446946e-02,2.457482461235980242e-01,2.788060235041780466e-01,2.118503954600294836e-01,4.912730685017203669e-01,6.133562715045355329e-01,-3.498503060905313045e-01,-1.445060100987533014e-01,6.887483801778453429e-01,5.291925465838509535e-01,7.261941999195674624e-01,6.516645069037937388e-01,-1.415791590330220395e-01,-3.345994012243621446e-02,-4.010009383797309701e-02,-2.176281335180302867e-01,-2.147772465257607455e-01,-4.258456588766253853e-02,-2.209213995263416622e-02,1.347111130970999604e-01,2.955002457661200232e-02,1.670360605925197695e-01,2.741632780731936281e-01,-3.035435006032441083e-02,-6.554805844765181078e-02,-3.812189999553152742e-01,-1.209213995263416636e-01,-3.381384333526967212e-01,-3.105232584119040351e-01,-4.599088431118459330e-01,3.756646856427901110e-02,-1.000983064480092943e-01,1.443764243263774040e-02,-1.904419321685508759e-01,-2.669020063452343661e-01,-2.802716832744984177e-01,-1.327405156620045656e-01,-9.329281916082041159e-02,-1.204253988113856803e-02,-1.342553286563295811e-01,-3.851825372000536318e-02,3.007283614102506872e-02,-3.150453550203315412e-01,-1.887573171276643313e-01,1.622950087135260899e-02,-2.922829438312703892e-02,-8.866347915456454509e-02,-3.182849993297287572e-01,3.610080879395861919e-02,-1.641270834264265677e-01,-2.990750256937307200e-02,-5.425622235131150051e-02,-9.530810134501094266e-02,-5.512757495866661001e-02,-1.934224049331962902e-01,-1.226060145672282081e-01,-1.263818758657670183e-01,-7.248759998212610245e-02,-2.172617185754502078e-01,-3.364761606863577587e-02
1.074534161490683232e-01,3.285937709459761380e-01,3.059877563787479215e-01,8.603959068769828633e-01,2.975646811743152265e-01,1.369721614013137412e-01,6.163546181688189796e-01,1.000000000000000000e+00,3.127664328164797558e-01,2.542160060771258556e-01,-1.560972340140310000e-01,4.103355824657044515e-01,-1.535948880647035053e-01,4.325260288663478891e-01,1.769516064167299787e-03,1.575271459850753064e-01,-1.187229098708610792e-01,-9.193887126323785353e-02,1.961213637785423902e-01,1.816077572724429101e-01,-2.691541176996291029e-01,-3.072568032530497151e-01,3.653737879261808041e-01,4.666919880244872476e-01,1.431654676258992676e-01,2.359712230215827433e-01,6.566423879529915963e-02,1.403726708074534146e-01,-1.461906251396398460e-01,2.374994414406363108e-02,2.139103623933151510e-01,5.266008311363331584e-01,1.658787255909558167e-01,4.536797890879842865e-01,5.117029357880155116e-01,5.967112024665981451e-01,-3.530676080253809523e-01,-4.600875821082264783e-01,-1.663702578310022884e-01,-1.377273336610214949e-01,-3.268510657312659329e-01,-2.675454667322043067e-01,1.044014477858706824e-01,6.284016265248670852e-02,-2.137271549220251185e-02,-3.853210599222485211e-01,-2.898923097546807215e-01,-3.996067742079628116e-01,-3.458644264712453786e-01,-4.418472675275928463e-01,-7.349300683676661394e-02,-4.592028240761428237e-01,-5.260288663479154581e-01,-3.202555967648241797e-01,-1.984851870056749679e-01,-2.775861298538808697e-01,2.887528486527548011e-01,3.499754233879976972e-01,-8.530318602261048599e-03,2.849323026051208685e-01,3.457259037490504339e-01,7.471290048706376030e-01,-2.108003038562938358e-01,-1.060547835023906288e-01,3.384422896465436592e-01,6.354037267080745455e-01,5.559855221412931536e-01,6.263595334912194224e-01,-1.239644309397202743e-01,2.033290138075874720e-01,-6.219670226551678172e-02,-1.588944993073863887e-01,1.456410027257696860e-01,2.366683051074668087e-01,6.324679386925242952e-02,-3.567183520264533697e-02,2.013092631484874329e-01,2.358550426739353945e-01,4.104026095893471560e-01,8.532105992224853219e-02,1.613476920327092390e-01,-6.003396040931230360e-02,-5.368425756289378625e-02,-1.583225345189686883e-01,-1.340497788104919874e-01,-2.543232494749542161e-01,-3.975155279503105737e-02,-7.270208677778274703e-03,-1.896420751597479790e-02,-3.593636891728853033e-01,-4.024889405245989371e-01,-5.712543009071003874e-01,-1.774565440815049910e-01,-4.347379239465570255e-01,-6.241565753608293438e-02,-2.881585414897895325e-01,-4.233030966531122763e-01,-2.892935341168059171e-01,-5.323830376692434418e-01,-3.294115018544170881e-01,1.240672058626390850e-01,-9.597390410652843762e-02,-9.444568568747487014e-02,-2.894499307386388942e-01,2.390634076589659950e-03,-3.375798739890075728e-01,-1.963805353232941642e-01,-2.665266544528352433e-01,-3.758344876893516262e-01,-1.862058179543321923e-01,-3.304392510836051677e-01,-4.653022923276285971e-01,-4.306403324545332589e-01,-1.321953617230439137e-01,-1.762992090799410105e-01,-1.425800974127530152e-01
-8.235399258233164904e-03,1.789936994503775747e-01,1.397158049957549497e-01,2.098574556503865207e-01,6.597435095401938954e-01,2.500826667858260244e-01,3.180258277849770110e-01,3.127664328164797558e-01,1.000000000000000000e+00,4.575405514098038195e-01,-1.443585504267393405e-01,2.380714062290540112e-01,-1.077483354930962034e-01,1.271593905000223401e-01,1.615264310290897842e-01,-4.985030609053130168e-02,-1.389025425622235077e-01,3.874167746548103260e-03,2.386701818669288155e-01,-4.528352473300862463e-02,2.722194914875553096e-02,-1.315340274364359407e-01,1.696233075651280148e-02,7.475758523615889939e-02,1.641404888511550919e-01,1.201841011662719561e-01,2.980338710398141022e-01,2.496313508199651532e-01,-1.091201572903168111e-02,8.308235399258233345e-02,2.188524956432369717e-01,1.144465793824567673e-01,2.023906340765896650e-01,2.753831717234907495e-01,2.656418964207515887e-01,2.381831181017918520e-01,-2.277760400375351824e-01,-1.119844497073148870e-01,-2.755306313955047104e-01,-1.802404039501318278e-01,-2.977881049197908525e-01,-1.798203673086375687e-01,-3.238348451673443984e-01,-1.386120916931051494e-01,-3.818758657670136974e-02,-1.857991867375664574e-01,-3.640466508780553223e-01,-2.398453907681308284e-01,-1.258456588766254103e-01,-2.929219357433308080e-01,-5.149917333214173998e-02,-2.097323383529201557e-01,-2.421198444970731611e-01,-4.350417802404039636e-01,-2.441574690558112604e-02,-3.651637696054336746e-01,9.642968854729880301e-02,2.510344519415523279e-01,1.826355065016309898e-01,2.896286697350194395e-01,3.939586219223378816e-01,3.711872737834577274e-01,-2.635595871129183809e-01,-2.504580186782251125e-02,2.177398453907681275e-01,1.384288842218150961e-01,2.598820322623888734e-01,2.571205147683095493e-01,-3.012779838241208541e-01,-2.493945216497609474e-01,1.991375843424639247e-01,2.264086867152241001e-01,1.622369185397024016e-01,3.001921444211090861e-01,2.039903480941954450e-01,2.490057643326332726e-01,5.794271415166003802e-02,-4.902810670718083658e-02,3.223110952232003529e-02,1.854417087448053921e-03,-1.366236203583716946e-01,-1.625139639840922356e-01,-5.798739890075517434e-02,-1.258322534518968583e-01,-2.406586532016622704e-01,-3.342195808570534998e-01,-3.589525894812100465e-02,-1.800795388533893426e-01,-5.531078242995665639e-02,-2.678940077751463256e-01,-9.761830287322936783e-02,-2.708297957906966591e-01,-1.213369676929264007e-01,-2.005362169891416191e-01,2.056883685598105416e-01,6.612449171097904699e-02,6.879217123195853489e-02,6.763483623039456827e-02,-7.536976629876222800e-02,-1.593770945976138442e-01,1.590821752535859501e-01,-9.220251128289914944e-02,2.683766030653737811e-02,-2.126636578935609256e-01,9.837794360784664349e-02,-1.601099244827740298e-01,-1.106885919835560173e-01,-2.754323249474954216e-01,-7.896242012601099869e-02,1.070467849323026022e-01,-1.839983913490325640e-01,-1.879038384199472611e-01,-1.052459895437687087e-01,-2.540640779302024144e-01,-2.030698422628356981e-01,6.212967514187407725e-02
-2.032530497341257514e-01,-1.241163590866437294e-01,2.388623262880378850e-01,3.576880110818178027e-01,3.384646320210912274e-01,3.179900799857008908e-01,9.276107064658832557e-02,2.542160060771258556e-01,4.575405514098038195e-01,1.000000000000000000e+00,2.198489655480584393e-03,6.393493900531747876e-02,-7.431967469502659407e-02,3.183073417042763253e-01,2.498860538898074191e-01,4.670047812681532018e-01,-2.374458197417221583e-01,-2.864337101747173597e-01,2.453862996559274257e-01,1.477277805085124365e-02,5.705795611957639041e-02,-1.647794807632155245e-01,4.395057866750078368e-01,5.094016712096161026e-01,5.326958309129093960e-01,5.753027391751195374e-01,4.628312257026676590e-01,5.911926359533491437e-01,-1.302202958130390109e-01,-9.343134188301532861e-02,2.784664194110549884e-01,5.217748782340587699e-01,-3.177085660664015487e-02,9.978104472943384595e-02,2.689575048036105254e-01,2.026274632467938708e-01,-1.389919120604137803e-01,-1.350328432905849307e-01,-5.651727065552526741e-02,-6.713436704052906656e-02,-8.615219625541802734e-03,-2.451584074355422360e-01,-3.197059743509539920e-01,-8.407882389740381490e-02,-2.319764064524777736e-01,-2.915679878457482221e-01,-3.301934849635819180e-01,-3.172527816256311972e-01,-1.675588721569328254e-01,-1.424594485901961582e-01,-7.061977746994950456e-02,-2.144867956566423872e-01,-2.869386478394923556e-01,-2.390008490102328020e-01,-5.449751999642522132e-02,-1.921042048348898523e-01,-9.269404352294562111e-02,-8.815854148978953531e-02,-3.293489432056839195e-01,-4.484561419187631237e-02,-1.105098529871754720e-01,3.183207471290048773e-01,-3.432146208499039508e-01,-1.524822378122346889e-01,2.965682112694937311e-01,4.348228249698378178e-01,1.228919969614370583e-01,1.851736002502346046e-01,-2.441530005809017245e-01,-2.775056973055096132e-01,1.060771258769381969e-01,2.539166182581884534e-01,2.477099066088744028e-01,1.996693328566959968e-01,3.630099646990482265e-01,1.753921086733097878e-01,7.515527950310559036e-02,-5.375575316144599707e-03,-1.097189329281916120e-01,-9.408820769471379353e-02,-7.335448411457169693e-02,-4.463559587112918281e-02,2.140846329147861812e-02,1.175655748692971125e-01,-1.588230037088341762e-01,-2.951427677733589605e-02,2.943831270387416987e-01,3.502658742571160277e-01,1.068501720362840107e-01,-9.157692479556726883e-02,-9.020510299834666457e-02,-2.983198534340229524e-01,3.248134411725277920e-02,-1.910317708566066364e-01,-3.299075025693730401e-02,-1.248268465972563607e-01,-1.866750078198310958e-01,-1.385093167701863248e-01,-2.563295947093257032e-01,-2.761517494079270829e-01,-9.043746369364136228e-02,-2.863756200008936714e-01,-3.269002189552705495e-01,-3.514500201081370845e-01,3.333482282496983556e-02,-1.238750614415300016e-01,-1.704276330488404406e-02,-5.605254926493587891e-02,-1.077572724429152334e-01,7.819384244157469299e-02,-2.711113097099959734e-01,-4.158586174538629887e-01,-2.643862549711783472e-01,-3.137048125474775628e-01,-2.013316055230350010e-01,4.767415880959828545e-02
2.607221055453773362e-01,2.738236739800706254e-01,-1.747843960856159673e-01,-2.139058939184056429e-01,-2.567987845748246345e-01,-1.783100227892220335e-01,-5.131060369096027696e-01,-1.560972340140310000e-01,-1.443585504267393405e-01,2.198489655480584393e-03,1.000000000000000000e+00,3.998659457527146133e-01,7.803297734483221060e-01,1.069306045846552533e-01,4.159971401760579335e-01,3.270744894767416144e-01,3.278654095357254605e-01,1.856293846910049561e-01,4.302381697126770876e-01,4.671433039903480910e-01,5.817507484695473574e-02,2.083962643549756577e-01,-9.648777872112247744e-02,-1.746771526877876624e-01,-2.078779212654720820e-01,-2.195585146789400810e-01,-3.295142767773359127e-01,-1.119084856338531664e-01,2.320613074757585104e-01,3.379954421555923100e-02,4.160150140756959519e-02,1.272174806738460111e-02,-5.060100987532954731e-02,-1.302247642879485190e-01,-3.443585504267393516e-01,-4.599356539613029815e-01,-4.358997274230305002e-02,-2.480897269761830198e-02,4.613700344072568099e-02,-9.721614013137316879e-02,1.788015550292685052e-01,-3.602931319540640664e-02,-1.501005406854640511e-01,3.219312748558916804e-01,-9.646990482148443125e-02,1.334286607980696149e-02,-1.799767639304705180e-01,-2.691764600741766711e-01,2.565351445551632970e-01,2.259529022744537208e-01,1.276643281647973638e-01,2.253049734125742998e-01,5.138746145940390657e-04,-1.420036641494258067e-01,-1.419008892265069821e-01,-1.075115063228919976e-01,3.270744894767416144e-01,2.914339335984628479e-02,-1.682202064435408262e-01,-1.097189329281916120e-01,-8.743018007953885784e-02,-2.692300817730908236e-01,3.407435542249430127e-01,1.217078511104160154e-01,-4.234371509003976852e-01,-3.076589659949059419e-01,-5.551275749586666031e-01,-5.734751329371285955e-01,3.440904419321685337e-01,1.650967424817909590e-01,1.892175700433442187e-01,2.759596049868179857e-01,4.784842933106930873e-01,2.102372760176951516e-01,3.160552303498815885e-01,-1.830287322936681726e-01,7.102194021180571748e-02,-1.305196836319764131e-01,-1.187675946199562155e-01,1.104070780642566751e-01,1.184548013762902752e-01,3.012869207739398703e-01,2.965190580454890590e-01,1.959024085079762167e-01,6.023816971267705878e-01,2.279592475088252357e-01,1.220385182537200019e-01,5.674963135081996686e-03,-3.137763081460297893e-02,-2.117476205371106868e-01,-1.644175342955449259e-01,-1.060458465525716126e-01,-2.600831136333169313e-01,-1.823539925823316477e-01,-2.090173823673980025e-01,-3.001072433978282938e-01,-1.670584029670673376e-01,-1.581795433218642355e-01,-7.558872156932838760e-02,1.178738996380535309e-01,-2.727065552526922732e-01,-1.770499128647392562e-01,-1.942446043165467762e-01,-8.579471826265695376e-04,-1.552303498815854055e-01,-1.947137941820456797e-01,-1.240538004379105469e-01,-1.301756110639438746e-01,-6.677242057285848187e-02,-1.215112382143974240e-01,-1.503194959560301969e-01,-2.151660038428884203e-01,-1.760400375351892366e-01,3.497475311676125076e-02,6.215201751642164540e-02,-6.879217123195853489e-02
3.635685240627373749e-01,4.933017561106394222e-01,-2.621296751418740745e-01,2.233522498771169373e-01,-4.975646811743152098e-02,-7.413199874882701879e-02,3.189597390410652683e-02,4.103355824657044515e-01,2.380714062290540112e-01,6.393493900531747876e-02,3.998659457527146133e-01,1.000000000000000000e+00,4.929085303186022671e-01,4.939809642968854830e-01,4.333303543500603427e-01,3.925331784262031110e-01,4.803074310737744934e-01,4.772420572858483423e-01,2.814200813262433543e-01,2.382814245498011407e-01,3.383082353992582225e-02,-1.014701282452298986e-01,-1.291612672594843469e-01,-6.747397113365208310e-03,-1.252200723892935297e-01,-1.298226015460923199e-01,-1.825237946288931490e-01,-1.664060056302783808e-02,4.603556906027972406e-01,5.596273291925465410e-01,9.075025693730730258e-02,2.142365610617096294e-01,4.797935564591804813e-01,4.810894141829393789e-01,1.369185397023995610e-01,1.340899950846775879e-01,-3.482193127485589401e-01,-4.346396174985477368e-01,-1.389338218865901198e-01,-1.884355869341793610e-01,-1.307207650029044987e-01,3.561374502882166254e-02,-1.278430671611778813e-01,3.586442647124536420e-01,1.041646186156664766e-01,-9.283256624514053812e-02,-4.461995620894588788e-01,-5.616247374770990675e-01,1.084990392778944490e-01,-4.442110907547253823e-02,1.331784262031368571e-01,-1.828276509227400592e-01,-5.211314178470888292e-01,-5.553375932794137881e-01,-3.975691496492247401e-01,-4.944590911122034305e-01,4.217033826355064963e-01,4.304928727825193535e-01,1.044014477858706824e-01,2.467536529782385357e-01,4.985164663300415411e-01,3.484472049689441020e-01,3.547656284909960211e-01,4.119799812324053678e-01,-1.285580231467000310e-02,1.697975780865990381e-01,-8.399839134903257232e-02,1.483533669958443093e-03,7.596407346172751041e-02,1.822422807095938069e-01,7.775146342553286224e-03,-5.166003842888422515e-02,3.046606193306224397e-01,3.534027436435944192e-01,1.130032619866839505e-01,-1.803387103981411166e-01,1.530273917511953130e-01,-2.640421824031458087e-02,4.755574422449617700e-01,4.983824120827561321e-01,4.677510165780419116e-01,3.812949640287769948e-01,2.837839045533759319e-01,6.974395638768488004e-02,2.665936815764779477e-01,4.909960230573305606e-02,-8.051298091961213432e-02,-2.215023012645783995e-01,-6.612002323606952503e-02,-5.395370659993744544e-01,-5.222395996246480543e-01,-6.684615040886545678e-01,-4.982349524107422267e-01,-5.989096921220787850e-01,-7.058402967067339828e-02,-4.526743822333437750e-01,-3.852942490727914726e-01,-3.979355645918047912e-01,-4.698690736851512395e-01,-3.767862728450779852e-01,1.229277447607131715e-02,-1.362437999910630637e-01,-1.917869431163143901e-01,-2.553107824299566397e-01,-6.280888332812011032e-02,-3.364895661110862690e-01,-4.153447428392689766e-02,-2.260824880468296216e-01,-1.055185665132490347e-01,-1.567004781268153124e-01,-4.346887707225524089e-01,-5.546092318691629997e-01,-4.827829661736449118e-01,-2.364001966128960186e-01,-3.029804727646454032e-01,-1.857947182626569493e-01
3.956477054381339897e-01,2.092586800125117164e-01,-1.218016890835157962e-01,-2.422628356941775862e-01,-3.482237812234684204e-01,-9.971401760579114149e-02,-2.620849903927789382e-01,-1.535948880647035053e-01,-1.077483354930962034e-01,-7.431967469502659407e-02,7.803297734483221060e-01,4.929085303186022671e-01,1.000000000000000000e+00,1.722373653871933641e-01,5.152911211403548020e-01,3.468608963760668740e-01,3.960945529290852973e-01,2.196389472273113097e-01,3.177219714911300730e-01,3.521649760936592100e-01,1.839537065999374277e-01,1.859511148844899264e-01,-1.032798605835828221e-01,-1.509718932928191537e-01,-1.438938290361499728e-01,-2.097948970016533243e-01,-4.179364582867867162e-01,-1.720050046918986664e-01,4.105947540104562532e-01,2.492247196031994183e-01,1.394655704008221919e-01,3.257518209035256164e-03,1.760713168595558209e-01,-4.579293087269314944e-02,-2.737253675320612811e-01,-3.469145180749810264e-01,-1.395862192233790489e-01,-1.492202511282899047e-01,5.044908172840609738e-03,-1.182403145806336237e-01,1.902944724965369427e-01,5.433665489968273615e-02,-2.080387863622145672e-01,2.627507931542964470e-01,-1.129630457124983223e-01,-1.268287233567183536e-01,-2.451047857366280835e-01,-3.323204790205103176e-01,2.264444345145001924e-01,1.933687832342821378e-01,3.852719066982438628e-02,1.255909558067831444e-01,-1.460252915679878527e-01,-2.051074668215737973e-01,-2.192367844854551107e-01,-1.268287233567183536e-01,2.025336252736940901e-01,3.881317306403324341e-02,8.131730640332454629e-02,-1.070646588319406657e-02,1.554761160016086552e-01,-8.626390812815586118e-02,4.719379775682559508e-01,2.647347960141203660e-01,-2.056883685598105416e-01,-3.021225255820188527e-01,-5.080700656865811959e-01,-5.416506546315742465e-01,3.172527816256311972e-01,1.507395325975244560e-01,1.172706555252692323e-01,1.157200947316680828e-01,2.508378390455337503e-01,7.333214174002412877e-02,1.483086822467491739e-01,-1.815988203226238940e-01,-5.203539032128334796e-02,-2.140310112158720357e-01,-4.357209884266499689e-02,1.652218597792573518e-01,1.493587738504848217e-01,2.521024174449260635e-01,3.106841235086464925e-01,1.826891282005451422e-01,4.727825193261540049e-01,1.602171678806023625e-01,9.478528978059788668e-02,-3.359846284463112454e-02,-9.230975468072746826e-02,-1.702846418517360016e-01,-2.712096161580052622e-01,-1.423879529916439457e-01,-4.022967961034898954e-01,-9.875776397515527438e-02,-2.160418249251530587e-01,-3.942758836409133716e-01,-1.379954421555922850e-01,-1.072746771526877918e-01,-1.297868537468161998e-01,1.757451181911613702e-02,-3.760847222842843562e-01,-2.126100361946467801e-02,-3.636757674605657353e-01,-1.117386835872916512e-01,-1.505741990258724627e-01,-1.769337325170919073e-01,1.921444211090754756e-04,-3.269136243799990876e-02,6.989141605969882709e-02,-1.159435184771437505e-01,-2.409580410205996726e-01,-1.985209348049510603e-01,-1.416998078555788965e-01,2.702086777782742796e-02,-3.921086733097993438e-02,7.601769516064167675e-02
