0.000000000000000000e+00,4.778944546226372991e-01,5.507395325975244366e-02,2.714151660038428837e-02,1.602841950042450600e-02,-1.772420572858483534e-01,7.406050315027480624e-02,1.176683497922159233e-01,-2.522722194914875371e-01,1.598418159882032397e-01,4.850082666785826002e-01,4.104249519638947241e-01,2.895124893873720628e-01,4.396979310961168785e-01,-1.753161445998480672e-01,3.690066580276151614e-02,1.357165199517404719e-01,3.865230796729076258e-03,2.051119352964833054e-01,3.635193708387327582e-01,-4.146565977032038997e-01,-2.499352071138120635e-01,-1.081102819607667881e-01,-4.943920639885607260e-02,-2.201304794673577814e-01,-2.746369364136020397e-01,-3.322311095223200172e-02,-2.557799722954555710e-01,8.915947986952053872e-02,-1.367621430805666116e-01,-2.179498637115152571e-01,-2.411814647660753264e-01,-3.659234103400509086e-02,-1.885249564323696406e-02,-2.533223110952231849e-01,2.771794986371151417e-02,-1.141561285133383952e-01,2.001876759461995725e-02,-1.865767013718218070e-01,1.131641270834264218e-01,2.865141427230886162e-01,-2.265069931632333888e-02,-4.229992403592653938e-01,-2.981679252870995112e-01,-4.497207203181554092e-01,-3.025112828991465275e-01,-3.623218195629831495e-01,-4.670539344921578184e-01,-2.953751284686536582e-01,-1.191876312614504607e-01,2.969301577371643089e-02,3.793109611689530203e-01,1.340765896599490636e-01,1.789981679252871105e-01,1.984896554805844898e-02,5.241521068859198579e-02,4.409178247464140554e-01,1.879038384199472611e-01,5.267304169087090315e-01,4.621967022655167900e-01,4.664730327539211019e-01,4.823003708834174841e-01,1.752982707002100071e-01,1.254747754591357956e-01,-3.374994414406363163e-01,1.593055989990616317e-01,-1.263103802672148057e-01,9.787747441798114179e-02,4.268644711559944627e-01,2.684346932391974416e-01,3.984494392063988588e-01,3.964699048214844201e-01,3.999240359265382461e-01,5.499977657625452210e-01,9.337772018410116226e-02,2.043478260869565355e-01,8.753742347736717666e-02,2.583135975691496222e-01,1.013539478975825497e-01,1.034943473792394597e-01,2.488940524598954457e-02,-1.124581080477233125e-01,-2.347736717458331346e-01,-6.432816479735466164e-02,-2.589794003306671311e-01,1.318200098306448109e-03,-1.596988247910987868e-01,5.244202153804906202e-02,6.397962375441261507e-02,1.517628133518030276e-01,-3.293221323562268155e-01,-4.474820143884892243e-01,-1.258054426024397821e-01,-2.657491398185798936e-01,-2.648911926359533431e-01,-1.600294919344028011e-01,-1.322311095223200339e-01,-9.236337637964163461e-02,-2.019571920103668539e-01,-2.138343983198534304e-01,2.585593636891728719e-01,-1.827784976987354149e-01,7.528039680057196925e-02,1.478171500067027196e-02,-4.817015952455427213e-02,-1.095714732561776650e-01,1.448813619911524242e-01,3.332633272264176050e-01,-5.488180883864337417e-02,-2.481790964743732855e-02,-2.015058760445060104e-01,-3.093882657848875950e-01,-2.777738058000804311e-01,-1.370749363242325380e-01,-5.670494660172483402e-03,-6.089637606684838306e-02
4.778944546226372991e-01,0.000000000000000000e+00,-2.347423924214665503e-01,-8.212610036194646634e-02,1.691139014254434969e-01,-1.500201081370928224e-01,-3.825908217525358368e-01,1.067473971133652139e-01,-4.863934939005317565e-02,-4.131105053845122999e-02,4.423790160418249358e-03,3.858572769113901568e-01,-3.682470172929979135e-01,5.240538004379104997e-01,-3.180705125340721473e-01,-2.450735064122614992e-01,3.435810357924840019e-01,1.322087671477724657e-01,5.423387997676393235e-02,4.224943026944903979e-01,-9.692568926225479664e-02,-1.639125966307699300e-01,-5.564055587827874128e-01,-2.813039009785959776e-01,-1.954376871173868491e-01,-2.675141874078377224e-01,-2.057732695830912992e-02,-3.465302292327628320e-01,1.873854953304437132e-01,6.151302560436123362e-02,-2.529558961526430783e-01,-2.207828768041467382e-01,-5.671835202645337387e-02,1.941999195674516329e-02,-4.996380535323294292e-01,-1.917109790428526694e-01,3.335716519951740372e-02,2.977300147459672197e-01,1.930381160909781443e-02,3.265516779123285307e-01,3.982260154609231773e-01,2.075606595468966475e-01,-1.953483176191965764e-01,-1.355020331560838343e-01,-1.137450288216631661e-01,-1.319451271281111837e-01,-9.369051342776710256e-02,-1.347781402207426649e-01,-2.380356584297779049e-02,1.423566736672773614e-01,1.821975959604986706e-01,3.345368425756289343e-01,1.507350641226149479e-01,2.007953885338933930e-01,1.641851736002502282e-01,3.429733232047901814e-01,6.098887349747531550e-01,7.387282720407525316e-01,4.546047633942535415e-01,5.313061352160507456e-01,5.199740828455248209e-01,3.663255730819071632e-01,4.063050180973233894e-01,3.992180168908351368e-01,-4.774252647571383679e-01,-3.033602931319540619e-01,-1.803565842977791767e-01,-1.660395906876983019e-01,5.017024889405246046e-01,4.931319540640779486e-01,-2.148442736494034569e-02,6.690200634523436884e-02,1.037043656999865893e-01,2.901470128245229874e-01,-1.462174359890969222e-01,2.252468832387506115e-01,-1.800080432548371301e-01,8.324768756423432323e-03,2.171366012779838151e-01,1.178604942133249928e-01,2.029983466642834855e-01,1.235756736225926133e-01,-2.532865632959471203e-01,1.141248491889718109e-01,-2.028017337682648802e-01,-1.275570847669690311e-01,-2.934715581572009402e-01,1.358773850484829571e-01,1.627731355288440096e-01,2.844497073148934407e-01,-2.997497654050672589e-01,-3.142499664864381592e-01,-2.903614996201796250e-02,-1.893471558157200918e-01,-2.093123017114258966e-01,1.842486259439653218e-01,4.431386567764421941e-02,1.146834085526609731e-01,-5.790249787747441673e-02,-9.159926717011483699e-02,2.321417400241297668e-01,-8.673756646856427277e-02,-9.240806112873676398e-03,1.000000000000000056e-01,-1.594307162965279967e-01,-2.195763885785781411e-01,4.760713168595558098e-02,1.249385584699941876e-01,3.145806336297421457e-02,3.311139907949416789e-02,-1.441976853299968830e-01,2.991643951919209857e-02,-1.079092005898386886e-01,5.868001251172974553e-02,-1.147057509272085413e-01,1.125027927968184488e-01
5.507395325975244366e-02,-2.347423924214665503e-01,0.000000000000000000e+00,4.389070110371330324e-01,1.125742883953706613e-01,4.355869341793645877e-02,7.543366548996827126e-01,1.935341168059341310e-01,-2.291657357343938606e-01,5.107466821573796584e-03,3.055275034630680620e-01,4.217793467089682447e-02,4.455829125519460421e-01,-1.189105858170606406e-01,2.709504446132535160e-01,2.692300817730908236e-01,-1.797354662853568041e-01,1.035256267036060579e-01,2.795120425398811559e-01,-1.059475401045623100e-02,-9.207739398543277054e-02,-1.484561419187631348e-01,5.764913535010500745e-01,4.724250413333929144e-01,1.749944144063630969e-01,3.666249609008445653e-01,-8.960632736047187408e-02,2.426381875865767090e-02,-4.541311050538451161e-02,8.567406944010010073e-02,4.783725814379552466e-01,5.281022387059296497e-01,3.221904464006434821e-01,2.724071674337548710e-01,4.325573081907145290e-01,4.429911971044282470e-01,4.236114214218687085e-03,-1.726127172795924869e-01,3.316055230349881922e-02,-2.274096250949551035e-01,-5.988203226238884846e-02,-1.358461057241163727e-01,-1.665445283524732978e-01,-2.122034049778810383e-01,-2.262076053442959866e-01,-2.378926672326734937e-01,-1.669511595692390049e-01,-1.473479601412037987e-01,-3.311720809687653810e-01,-3.631797667456097001e-01,-4.534161490683230045e-01,-3.305420260065239924e-01,-4.277358237633495652e-01,-3.107645560570177490e-01,-2.432503686491800377e-01,-2.224317440457571904e-01,-1.785155726350596550e-01,-3.341436167835917792e-01,-2.720005362169891638e-01,-3.984583761562178750e-01,-1.588006613342866080e-01,-8.805576656687072457e-02,5.358595111488449053e-02,8.604048438268019350e-02,3.958175074846954633e-01,2.002189552705661568e-01,4.003619464676705930e-01,1.938290361499620251e-01,8.425756289378434627e-02,1.601590777067786742e-01,2.827204075249117529e-02,1.867465034183833084e-01,1.977255462710576783e-01,7.531167612493855357e-02,-2.337012377675499325e-02,1.382188659010679666e-01,3.399928504401447671e-01,1.921444211090754806e-01,-6.491800348541043597e-02,1.945484606103936864e-01,-1.799857008802895619e-01,1.395951561731980928e-01,1.885964520309218462e-01,1.092318691630546484e-01,-2.491621609544662427e-02,3.823227132579650606e-02,1.621743598909692052e-01,-1.188346217435989061e-01,-2.816479735466285161e-01,-2.733768264891192623e-01,-4.936324232539434503e-02,2.021895527056615516e-01,8.505295142767772820e-02,5.720094731668081550e-02,-8.354260690826220692e-02,-4.980472764645426653e-01,6.629429375754054832e-02,-8.432905849233655882e-02,-4.507797488717101009e-02,2.114973859421779290e-01,-2.239242146655346655e-01,2.275347423924214615e-02,9.909289959336878284e-02,9.156798784574825267e-02,7.104875106126278851e-03,2.500513874614593846e-01,-9.907055721882121468e-02,-2.986728629518745418e-02,-1.522677510165780512e-01,-1.393762009026319193e-01,7.058849814558290636e-02,-1.332499218016890835e-02,-1.533580588944992995e-01,-5.249564323696322143e-02,-2.875016756780910537e-02,-2.578667500781983146e-01
2.714151660038428837e-02,-8.212610036194646634e-02,4.389070110371330324e-01,0.000000000000000000e+00,2.052772688681352986e-01,3.168506188837749704e-01,4.665936815764779588e-01,6.174896107958354197e-01,-2.177711247151347118e-01,2.622279815898833633e-01,2.317440457571830759e-01,2.510791366906474642e-01,2.020018767594619902e-01,6.990482148442736521e-02,6.387238035658429625e-02,3.504535502033155892e-01,-1.282765092274006924e-01,-1.760042897359131442e-01,3.872156932838822230e-01,2.999865945752714369e-01,-2.194557397560212564e-01,-2.537915009607221162e-01,5.368961973278519872e-01,6.330711828053084966e-01,1.605791143482729333e-01,4.470485723222664132e-01,2.538987443585504281e-02,1.212073819205505137e-01,1.317976674560972228e-01,-1.722820501362884726e-01,3.647839492381250159e-01,4.867375664685642533e-01,4.625854595826444648e-01,5.271459850752937548e-01,4.108405201304794474e-01,4.457259037490504672e-01,-2.332812011260556873e-01,-3.752625229009338981e-02,-4.593592206979758147e-02,-7.215246436391259399e-02,1.586308592877250928e-02,-3.311676124938558452e-01,-1.587291657357343955e-01,-2.388578578131283769e-01,-1.434380445953795935e-01,-6.590106796550337931e-02,-1.022521113543947424e-01,-1.080164439876670074e-01,-3.139595156173198287e-01,-2.743375485946646375e-01,-5.789892309754680610e-01,-3.272308860985745360e-01,-5.636355511863800904e-01,-2.200857947182626451e-01,-4.774744179811430400e-01,-2.192144421109075425e-01,1.920997363599803373e-02,-1.303811609097814961e-01,-2.643862549711783472e-01,-1.791679699718486118e-01,-2.379865052057732744e-01,5.015416238437821195e-02,-4.048438268019124986e-02,1.516734438536127549e-01,8.051298091961213432e-02,4.268600026810849268e-01,3.997140176057911165e-01,4.478350239063407789e-01,3.398096429688547415e-01,3.887662540774833309e-01,1.957728227356003436e-01,2.913445641002725961e-01,4.236158898967782305e-01,1.700612181062603201e-01,1.033066714330398983e-01,1.708655435899727459e-01,3.213101568434693078e-01,1.256490459806068327e-01,-1.628401626524867141e-01,1.168595558335939893e-01,-2.434067652710130147e-01,2.235667366727735750e-01,-1.211180124223602550e-01,1.625675856830063881e-01,-3.291791411591223904e-01,5.662585459582644143e-01,-6.557933777201840897e-02,5.122212788775191289e-02,-5.027123642700745965e-01,1.066088743911702968e-01,-1.605969882479109725e-02,-9.450824433620805959e-03,-2.726663389785066380e-02,6.860449528575897349e-02,-1.174493945216497637e-01,-1.338576343893828902e-01,-1.030251575137405562e-01,-1.391483086822467574e-01,-1.661602395102551588e-01,-1.353992582331650096e-01,-3.997095491308816362e-01,-1.611332052370526013e-02,-5.618213503731176589e-02,2.534206175432324737e-01,-1.319227847535636156e-01,2.706063720452209775e-01,-6.211180124223602411e-02,8.610304303141337601e-02,-4.052906742928638617e-02,-1.889003083247687564e-01,1.216318870369542844e-02,-2.176191965682112706e-01,-2.601009875329550192e-01,-7.738058000804325098e-02,-4.162831225702667837e-02,-5.721882121631886864e-02
1.602841950042450600e-02,1.691139014254434969e-01,1.125742883953706613e-01,2.052772688681352986e-01,0.000000000000000000e+00,4.863890254256222345e-01,2.320434335761204780e-01,3.811117565574869137e-01,4.925733947003887447e-01,5.066356852406274092e-01,1.033156083828589283e-01,4.960453997050806585e-02,-1.320881183252156123e-02,2.183162786540953637e-01,1.321149291746726850e-01,2.623262880378926520e-01,-1.019348496358192940e-01,4.760713168595558098e-02,-3.639125966307699134e-02,2.526922561329818240e-02,9.127753697662988053e-02,-1.319093793288350636e-02,4.799142052817373036e-03,1.422583672192680726e-01,3.714062290540238731e-01,4.153224004647214085e-01,4.605701773984539060e-01,2.557263505965414185e-01,1.742571160462934032e-01,1.542428169265829541e-01,7.519549577729120471e-02,2.274587783189597479e-01,5.852808436480629040e-02,1.323338844452388308e-01,4.038607623218195414e-02,1.999329728763573066e-01,-1.521292282943831342e-01,-1.352026453371464321e-01,2.640555878278743607e-01,2.578935609276554186e-01,-1.518968675990884365e-01,1.891862907189776066e-01,-1.614370615308995116e-01,-2.519281469234549986e-01,-8.935609276553911628e-02,-1.462576522632825504e-01,-1.506814424237007954e-01,-1.665847446266589260e-01,-9.553152509048661034e-02,-1.039680057196478852e-01,-1.002457661200232414e-01,-4.903704365699986661e-02,-1.065105679431609942e-01,-2.087448053979177043e-01,2.256222351311497343e-01,1.456990928995933743e-01,-4.084186067295231953e-03,4.186514142723088416e-02,-6.090531301666740789e-03,-6.103489878904330007e-02,-8.400732829885159889e-03,-2.893337503909915523e-02,3.223110952232003529e-02,1.296617364493498348e-01,-6.871620715849680039e-02,1.688994146297868593e-01,1.156083828589302420e-01,3.067563340631842550e-01,3.677554850529514419e-02,8.835515438580812675e-02,1.122614951517047210e-01,-8.695652173913043584e-03,-2.068903883104696549e-03,5.518566513249028443e-02,2.458957057956119574e-01,1.366772420572858471e-01,1.119710442825863489e-01,-2.826042271772644110e-01,7.089682291433933858e-02,3.369230081773090524e-02,5.485052951427677598e-02,1.647124536395728200e-01,2.353232941597032946e-01,6.347468608963760528e-02,1.329371285580231536e-02,5.809464229858349316e-02,3.217972206086062714e-01,2.543634657491398166e-01,2.192904061843692631e-01,-2.066222798158988405e-02,6.526654452835246867e-02,-2.172617185754502078e-01,-1.430224764287948425e-01,-3.540774833549309442e-01,2.136735332231109452e-01,1.469323919746190754e-01,1.796639706868045916e-01,6.640600563027838910e-02,3.842441574690558248e-02,-1.832074712900487175e-04,-4.287054828187139566e-02,-3.161445998480718611e-01,1.741856204477411907e-01,-2.762411189061173347e-02,1.764332633272264195e-01,-1.343000134054247174e-01,7.751910273023816800e-02,-7.478439608561597562e-02,1.561866035122212726e-01,2.357477992761070618e-01,4.190088922650699044e-02,-1.762723982304839343e-01,-1.170517002547030727e-01,-1.048214844273649415e-01,-3.418383305777737864e-03,4.990839626435497611e-02
-1.772420572858483534e-01,-1.500201081370928224e-01,4.355869341793645877e-02,3.168506188837749704e-01,4.863890254256222345e-01,0.000000000000000000e+00,1.976897984717815859e-01,4.596049868179989950e-01,4.360874033692300755e-01,4.742258367219268078e-01,-1.012645783993922910e-01,-9.285490861968809240e-03,-8.643817864962688446e-02,3.634210643907234695e-02,1.797175923857187441e-01,3.283033200768577520e-01,-8.590643013539478456e-02,-1.387997676393047108e-01,-1.004960007149559818e-02,6.042718620134947954e-02,6.473032753921086069e-02,-3.597122302158273568e-03,2.348809151436614673e-01,3.294159703293266239e-01,4.036641494258009777e-01,7.361454935430538082e-01,5.177800616649537169e-01,5.804817015952455916e-01,2.677822959024084848e-01,7.339023191384780320e-02,3.233969346262120514e-01,4.110505384512265770e-01,1.704142276241119025e-01,2.130568836855981085e-01,5.512310648375709499e-02,1.982528263103802701e-01,-3.145225434559185129e-01,-2.806827829661736606e-01,-2.488046829617051800e-02,4.295544930515215326e-02,-3.461459403905446930e-01,-2.217391304347826053e-01,1.741543411233745786e-01,4.099378881987577466e-02,1.292148889583984994e-01,2.023593547522230529e-01,1.061754323249474996e-01,1.866437284954645115e-01,2.040082219938335051e-01,1.141963447875240234e-01,-1.185128915501139496e-01,-3.527235354573484138e-01,-2.589525894812100826e-01,-3.664909066535591564e-01,-6.047633942535412394e-02,-9.446802806202243830e-02,-1.792439340453103325e-01,-2.155234818356494830e-01,-2.275124000178739003e-01,-1.879798024934090095e-01,-2.905268331918316460e-01,-5.294249072791456373e-02,-2.610036194646767060e-02,3.295500245766119773e-02,-1.099825729478528941e-01,2.516913177532508206e-01,-5.394789758255507522e-02,1.258858751508110385e-01,-2.045399705080656050e-01,-1.047991420528173734e-01,-8.552660976808615367e-02,-1.980472764645426487e-01,-1.063273604718709547e-01,-1.119263595334912126e-01,2.457929308726931605e-01,-8.551767281826712364e-02,-6.146834085526609731e-02,-3.418249251530452448e-01,-6.746503418383305306e-02,-2.028687608919075777e-02,-4.336654899682738235e-02,2.193976495821975958e-01,1.591447339023191465e-01,7.523124357656731098e-02,3.678448545511416728e-02,2.992939809642968796e-01,4.641494258009741247e-01,2.702176147280933027e-01,-3.976942669466910531e-03,-2.702533625273693951e-02,1.484516734438535990e-01,-5.158407435542249758e-02,-1.550203315608382759e-01,-9.698824791098797915e-02,2.414406363108271281e-01,-9.142499664864381370e-02,-9.332409848518700979e-02,-3.795969435631618705e-02,2.698065150364180667e-02,-1.296349255998927585e-01,-2.903704365699986689e-01,-1.869609902140399460e-01,-9.000402162741856504e-02,-1.285088699226953901e-01,-1.079002636400196585e-01,-1.756602171678806057e-01,-1.497832789668885993e-02,-1.210509852987175505e-01,1.346798337727333761e-01,2.683497922159167048e-01,-3.675320613074757603e-02,-3.278475356360874282e-01,-2.003976942669467021e-01,-2.768711738683587442e-01,4.579739934760266445e-02,7.316680816837213552e-02
7.406050315027480624e-02,-3.825908217525358368e-01,7.543366548996827126e-01,4.665936815764779588e-01,2.320434335761204780e-01,1.976897984717815859e-01,0.000000000000000000e+00,4.616560168014656740e-01,-4.485008266678582739e-02,1.697886411367800219e-01,3.091156888154072968e-01,1.084632914786183427e-01,4.609097814915769087e-01,-4.838911479512042479e-02,1.619688100451315838e-01,2.426024397873005889e-01,-3.773448322087671336e-01,-9.903927789445461649e-02,2.320523705259394942e-01,-6.443093972027347238e-02,-1.671343670405290582e-01,-1.598999061620269002e-01,5.927968184458644041e-01,4.637919478082130342e-01,2.395817507484695463e-01,4.469055811251619881e-01,6.286697350194378475e-02,9.225166450690379383e-02,-1.023995710264086895e-01,1.719915992671701074e-02,3.773537691585861498e-01,4.447651816435050920e-01,2.124491710979042880e-01,2.071495598552214046e-01,3.812413423298628423e-01,2.762500558559363717e-01,-2.465078868582152860e-01,-2.916528888690290144e-01,-1.073014880021448680e-01,-2.375128468653648628e-01,-1.514723624826846693e-01,-2.055677197372536846e-01,-3.091335627150453291e-01,-2.938781893739666473e-01,-2.885741096563742558e-01,-1.927431967469502572e-01,-2.638142901827606468e-01,-1.968452567138835596e-01,-2.879529916439519388e-01,-3.332990750256937251e-01,-3.866035122212788666e-01,-2.703293266008311435e-01,-3.588453460833817554e-01,-2.549533044371956048e-01,-2.492202511282899102e-01,-2.171410697528933509e-01,-3.383216408239867468e-01,-5.055453773627061054e-01,-2.588230037088341540e-01,-3.510165780419142734e-01,-1.365744671343670502e-01,-6.870280173376826227e-02,-9.919120604137807162e-02,-3.294606550784217464e-02,4.405290674292863806e-01,4.619375307207649883e-01,3.314982796371598317e-01,2.757629920907994081e-01,-1.137226864471155979e-01,-8.551767281826712364e-02,1.723580142097502210e-01,2.595111488448992310e-01,2.495196389472273124e-01,7.655391214978328474e-02,1.306582063541713301e-01,3.764243263774073867e-02,3.326243353143572001e-01,9.192099736359980733e-02,-1.812279369051342792e-01,2.795924750882523846e-02,-3.051029983466642670e-01,5.140086688413244426e-02,1.214978327896688859e-01,3.233388444523883909e-02,-1.035792484025202173e-02,2.203449662630144468e-01,1.856785379150096005e-01,-8.449886053889807749e-03,-2.177264399660396033e-01,-1.745520353903212696e-01,7.558425309441887952e-02,1.639125966307699300e-01,2.153804906385450510e-02,2.415657536082934861e-02,-9.502211895080209247e-02,-4.351937083873274048e-01,-3.182894678046382930e-02,-1.850663568524062719e-01,-5.312569819920461012e-02,1.148621475490415184e-01,-2.607444479199249043e-01,2.534072121185039494e-02,1.171857545019884678e-01,1.030117520890120181e-01,4.751329371285580028e-02,2.199115241967916357e-01,-4.733008624156575389e-02,3.566736672773582195e-02,-1.306358639796237620e-01,-7.266633897850663382e-02,3.402296796103489868e-02,-2.056570892354439295e-01,-4.253988113856740916e-02,-1.377318021359310030e-01,2.641762366504312246e-02,-2.499888288127262159e-01
1.176683497922159233e-01,1.067473971133652139e-01,1.935341168059341310e-01,6.174896107958354197e-01,3.811117565574869137e-01,4.596049868179989950e-01,4.616560168014656740e-01,0.000000000000000000e+00,3.463068054872872007e-03,3.094284820590732510e-01,3.153402743643594214e-02,4.755842530944188740e-01,2.220832030028151247e-03,2.455203539032128346e-01,-5.902855355467179210e-02,1.526073551097010539e-01,-4.687430180079538850e-02,-7.292997899816792973e-02,1.071629652799499510e-01,3.162786540953572700e-01,-2.722686447115599262e-01,-2.856696009651905621e-01,2.059609455292908398e-01,3.753027391751195263e-01,5.792930872693149991e-02,3.521381652442021615e-01,1.666428348004825866e-01,1.113007730461593459e-01,1.712632378569194369e-01,1.085303186022610472e-01,1.741766834979221468e-01,4.593905000223423851e-01,1.899682738281424643e-01,4.461414719156351905e-01,7.168774297332319856e-02,1.557397560212699372e-01,-4.452299030340944874e-01,-1.828455248223781193e-01,-2.046963671298985543e-01,-9.453952366057465084e-02,-1.797086554358997279e-01,-2.238393136422539009e-01,-1.690290004021627324e-01,-1.501630993341972475e-01,-5.827784976987353954e-02,8.794405469413289766e-02,-6.163367442691809056e-02,-6.219223379060726670e-02,-7.067339916886367090e-02,-5.746458733634210447e-02,-3.083783904553376032e-01,-2.312122972429509760e-01,-3.229813664596273282e-01,-2.045891237320702494e-01,-2.508378390455337503e-01,-1.373832610929889564e-01,-1.997408284552482267e-03,-1.488583046606193339e-01,-1.149157692479556708e-01,-2.416551231064837518e-02,-7.565128021806157531e-03,1.574601188614326019e-01,4.787524018052638497e-02,2.211180124223602605e-01,-1.654899682738281419e-01,5.814737030251575511e-01,1.286161133205236951e-01,3.183922427275570621e-01,1.108003038562938442e-01,1.269091559050895823e-01,1.969301577371642964e-01,1.861656016801465641e-01,2.765762545243308224e-01,2.576477948076321689e-01,3.374145404173555657e-02,1.864024308503507699e-01,7.865856383216408843e-02,-2.410071942446043169e-01,3.269583091290942378e-02,1.036284016265248686e-01,-1.067295232137271538e-01,2.243621252066669569e-01,-1.868850261405782254e-01,4.241923231601054528e-02,-2.006121810626033397e-01,3.325349658161669275e-01,-9.694356316189284284e-02,1.274677152687787585e-01,-2.088475803208365011e-01,9.920461146610662362e-02,1.634568121899995508e-01,-1.847401581840117935e-01,2.105545377362706000e-02,-1.488225568613432137e-01,-7.405156620045579008e-02,4.289735913132847363e-03,-1.853523392466151221e-01,-2.544707091469681215e-01,-3.256177666562402179e-02,-2.719558514678940275e-01,-1.486036015907770680e-01,-1.431744045757183115e-01,-2.970195272353545746e-02,-9.205058313597568390e-03,-8.720675633406319016e-02,-1.660083113633316898e-01,-3.899638053532329673e-02,-7.620983958175074624e-02,8.150945082443361578e-02,7.833236516376960654e-03,-1.767192457214352697e-01,-3.137807766209392835e-01,-1.087984270968318512e-01,-3.174225836721926708e-01,-6.944010009383796977e-02,9.177353769158586028e-02
-2.522722194914875371e-01,-4.863934939005317565e-02,-2.291657357343938606e-01,-2.177711247151347118e-01,4.925733947003887447e-01,4.360874033692300755e-01,-4.485008266678582739e-02,3.463068054872872007e-03,0.000000000000000000e+00,2.539791769069216776e-01,-1.305867107556191176e-01,-2.179051789624201207e-01,-1.994950623352249874e-01,-1.844139595156173150e-02,2.396711202466598190e-01,3.257071361544305182e-02,-5.934134679833772547e-02,-3.230260512087224783e-02,-1.438178649626882244e-01,-1.701282452299030246e-01,1.340810581348585717e-01,-8.601814200813262881e-03,-2.506367576746056439e-02,1.086286250502703360e-01,4.777514634255328740e-01,3.495643236963224543e-01,3.756334063184235128e-01,1.141471915635193651e-01,7.192010366861789628e-02,-2.261941999195674416e-02,2.904955538674650409e-02,7.233567183520264732e-02,6.662049242593502674e-02,2.425935028374815589e-02,8.422628356941776195e-02,-1.361454935430537472e-01,-1.266321104606997761e-01,-8.322087671477725046e-02,1.662093927342598032e-01,1.179141159122391591e-01,-6.623173510880736581e-02,2.061128736762143088e-01,1.753384869743956354e-01,8.612985388087045224e-02,2.651995174047097614e-01,1.625854595826444482e-01,9.216229500871352120e-02,1.111845926985119970e-01,2.732606461414719412e-01,1.676035569060279617e-01,1.346977076723714084e-01,-8.461504088654542288e-02,-1.522856249162160905e-02,-1.978417266187050272e-01,1.162473747709906607e-01,2.906296081147504221e-02,-4.113678001698020670e-02,4.002412976451136944e-02,-1.566245140533535918e-01,-1.646677688904776837e-01,-1.035390321283345960e-01,-2.879529916439519388e-01,-1.096563742794584156e-01,-2.875687028017337443e-01,5.228115644130657859e-03,1.599267170114839973e-02,-1.587649135350105087e-02,-1.194870190803878560e-02,-3.206488225568613348e-01,-2.434827293444747354e-01,2.114929174672684070e-02,-6.956521739130434867e-02,-1.353456365342508572e-01,-6.229500871352607050e-02,2.168729612583225330e-01,-6.772420572858484089e-02,-1.202555967648241686e-01,-1.938469100496000852e-01,-8.827025336252737608e-02,-1.964654363465749010e-01,8.152732472407167585e-02,5.181643505071718836e-02,3.618794405469413222e-01,-3.534116805934134353e-02,3.409446355958711261e-01,5.138746145940390440e-03,4.019214442110907726e-01,1.378613879083069038e-01,1.601009875329550136e-01,-1.277983824120827450e-01,-7.154028330130926538e-02,6.837660306537378385e-02,-1.100764109209526748e-01,-4.946601724831314884e-02,2.491264131551901295e-01,8.062916126725948318e-02,1.899548684034139262e-02,1.982975110594754065e-01,-5.104785736628088960e-02,7.458778318959738418e-02,-2.282631038026721459e-01,-8.972250770811922294e-02,-1.128960185888556178e-01,-2.989633138209928931e-01,-1.650654631574243608e-02,-2.266276419857902458e-01,-7.472183743688279312e-02,-3.133026498056213360e-01,9.360114392957682994e-02,2.791635014969390816e-01,-5.668260422717726760e-02,-9.817239376200902201e-03,1.616470798516466412e-01,-1.706063720452209720e-02,9.319451271281112281e-02,4.232539434291076458e-02
1.598418159882032397e-01,-4.131105053845122999e-02,5.107466821573796584e-03,2.622279815898833633e-01,5.066356852406274092e-01,4.742258367219268078e-01,1.697886411367800219e-01,3.094284820590732510e-01,2.539791769069216776e-01,0.000000000000000000e+00,1.943384422896465569e-01,1.990571517940926682e-01,3.209884266499843375e-01,4.213056883685598053e-01,1.995308101345011076e-01,6.729165735734393694e-01,-4.352339246615130053e-01,-4.635551186380088562e-01,-1.091514366146834059e-01,-2.253809374860360204e-01,5.790696635238393175e-02,2.023995710264086811e-01,6.019035703114526681e-02,3.119531703829482860e-01,2.036686179007104747e-01,3.608025380937486259e-01,5.562223513114973317e-01,3.775280396800572147e-01,-9.975870235488627780e-02,-2.769247955672728967e-01,-4.790205102998346814e-02,-2.998793511774431458e-02,-2.026855534206175313e-01,-1.502435318825684762e-01,1.841190401715894487e-01,2.320970552750346305e-01,-2.249296215201751770e-01,-1.610393672639528206e-01,-4.281692658295723625e-02,1.515125787568702698e-01,-2.254569015594977410e-01,-2.790830689485678806e-01,-4.204700835604808229e-01,-2.756200008936949830e-01,-4.558157200947316467e-01,-3.596675454667321858e-01,-4.432727110237276169e-01,-3.213637785423834603e-01,-3.525224540864203004e-01,-2.223557799722954420e-01,-8.988784127977121619e-02,2.567943160999150987e-01,-2.449617945395236515e-02,1.403279860583582783e-01,1.112203404977881067e-02,3.565396130300728383e-02,-2.470441038473568940e-01,-7.534295544930515176e-02,9.935653961303007875e-02,2.410027257696948089e-01,-1.858081236873855013e-01,4.253094418874838190e-01,-4.955583359399436949e-01,-2.536842575628938112e-01,5.130256043612314854e-02,5.273962196702265404e-01,1.506859108986103035e-01,4.712587693820099455e-01,5.785334465346977234e-02,7.419455739756021517e-02,2.270432101523749968e-01,8.808704589123732276e-02,2.619419991956745131e-02,3.651190848563385521e-02,1.797354662853568041e-01,-4.537736270610840533e-02,1.026855534206175397e-01,3.777648688502614066e-02,-2.413736091871844236e-01,-2.354439429822601515e-01,-2.359756914964922514e-01,-1.623218195629831662e-01,-9.592921935743330131e-02,1.093569864605210273e-01,-1.459716698690736725e-01,3.312927297913222380e-01,1.686402430850350853e-01,2.082130568836856044e-01,-1.941552348183564827e-02,2.638411010322176953e-01,1.677822959024085070e-01,-2.141605969882479088e-01,-1.915456454712006762e-01,-2.395325975244649019e-01,1.590643013539478900e-01,-9.428035211582286301e-02,-2.261495151704723261e-02,-1.352160507618749841e-01,-1.021493364314759317e-02,7.970865543589972235e-02,1.204745520353903282e-01,-2.193797756825595358e-01,4.109656374279458541e-02,1.337191116671880009e-01,2.018991018365431933e-01,1.085660664015371535e-01,3.740202868760891808e-01,2.063720452209660827e-01,1.875597658519147504e-01,2.054202600652397237e-01,1.698914160596988188e-01,-9.352964833102461739e-02,-1.379641628312257007e-01,5.868448098663926055e-02,3.320076857768443634e-01,-2.227087894901470105e-02
4.850082666785826002e-01,4.423790160418249358e-03,3.055275034630680620e-01,2.317440457571830759e-01,1.033156083828589283e-01,-1.012645783993922910e-01,3.091156888154072968e-01,3.153402743643594214e-02,-1.305867107556191176e-01,1.943384422896465569e-01,0.000000000000000000e+00,1.437150900397694275e-01,6.209035256267035896e-01,1.989588453460833795e-01,2.492068457035613860e-01,3.568255954242817163e-01,-7.238482505920729171e-02,-5.931453594888064923e-02,2.475758523615889939e-01,1.020599669332856660e-02,-2.423387997676393069e-01,-1.717056168729612642e-01,3.290138075874703971e-01,3.142454980115286789e-01,1.437463693641360118e-01,3.693194512712811434e-02,-4.050672505473881801e-02,-6.595022118950802370e-02,1.518209035256267159e-01,-1.115956923901872261e-01,3.293266008311363652e-02,-1.551454488583046618e-02,2.333616336744269160e-01,7.570937039188524453e-02,1.487912775369766294e-01,2.681889271191742474e-01,1.666741141248491865e-03,8.199204611466107129e-02,-1.293176638813173067e-02,-4.772331203360292984e-02,2.458688949461548812e-01,6.568658116984673473e-03,-3.439027659859689723e-01,-4.832923723133294436e-01,-3.498949908396264408e-01,-3.783904553375933011e-01,-3.256847937798829085e-01,-4.778453013986326270e-01,-3.884043076098127600e-01,-3.553241878546851695e-01,-1.291299879351177349e-01,1.310603690960275292e-01,-1.126502524688323924e-02,-1.680146565977031978e-02,-1.117520890120202032e-01,-2.288484740158183983e-01,5.962286071763706757e-02,-4.632021091201572738e-02,5.261629205952008531e-02,-2.386165601680146665e-03,9.353858528084364743e-02,1.243576567317574572e-01,-1.171231958532552853e-01,-1.279413736091871978e-01,3.308458823003709165e-02,1.792975557442244849e-01,6.695115956923901324e-02,1.221100138522722145e-01,2.782653380401269305e-01,2.391661825818847953e-01,3.913132847759059896e-01,4.587470396353724444e-01,4.459537959694356291e-01,4.203717771124715341e-01,2.903123463961749806e-01,3.294785289780597926e-01,3.419098261763260371e-01,3.031145270119308122e-01,-4.103400509406139596e-02,1.874659278788149697e-01,-3.826355065016309731e-02,-5.809017382367398464e-04,2.907189776129406877e-02,2.406720586263908293e-02,-6.031994280352116072e-02,1.817864962688234554e-01,1.314625318378837351e-02,-6.505652620760533911e-02,-2.886500737298360320e-01,-8.742571160462933588e-02,-2.094106081594351854e-01,-1.860315474328611551e-01,-1.098932034496626353e-01,-1.288663479154564528e-01,-1.612940703337950865e-01,-2.358550426739353945e-01,-1.431252513517136671e-02,-1.934849635819294771e-03,-3.554269627776039941e-01,-1.933062245855489414e-01,4.254434961347691724e-02,-1.065686581169846686e-01,3.127485589168416819e-02,2.601099244827740145e-02,2.666338978506635829e-02,2.471379418204566747e-01,-7.057956119576389020e-02,8.046382769560748993e-02,-2.456365342508601834e-01,-1.087582108226462368e-01,-3.514008668841324401e-02,-3.640555878278743385e-01,-1.487019080387863568e-01,-1.696233075651280148e-02,1.680504043969792971e-01,-2.545422047455203618e-01
4.104249519638947241e-01,3.858572769113901568e-01,4.217793467089682447e-02,2.510791366906474642e-01,4.960453997050806585e-02,-9.285490861968809240e-03,1.084632914786183427e-01,4.755842530944188740e-01,-2.179051789624201207e-01,1.990571517940926682e-01,1.437150900397694275e-01,0.000000000000000000e+00,7.237588810938826167e-02,6.363376379641628722e-01,-1.155324187854685214e-01,1.465078868582152805e-01,8.468653648509763543e-02,-7.650029045086911665e-03,9.665311229277447069e-02,1.845256713883551558e-01,-2.670986192412529436e-01,-2.154743286116448386e-01,-3.598909692122078535e-02,2.203270923633763867e-01,-1.594128423968899366e-01,-1.100585370213146182e-02,-9.868626837660306184e-02,-1.873720899057151890e-01,7.194691451807498639e-02,2.481344117252781700e-02,-3.821439742615845292e-02,1.213235622681978626e-01,-3.069842262835694325e-03,1.326198668394477087e-01,-1.199919567451628727e-01,1.231422315563698161e-01,-1.147057509272085378e-02,1.335001563966218274e-01,-1.392823629295321559e-02,6.498949908396264852e-02,1.800795388533893426e-01,-1.097055275034630739e-01,-3.471513472451852045e-01,-1.982617632601992863e-01,-3.367308637561999829e-01,-2.700075964073461732e-01,-2.845703561374502977e-01,-2.862058179543321978e-01,-3.838375262522901177e-01,-2.242682872335671762e-01,-2.882702533625273733e-01,2.747218374368827834e-02,-1.694043522945618552e-01,7.186648196970374380e-02,-3.701014343804459594e-01,-9.764958219759596603e-02,1.758076768398945389e-01,2.199472719960677558e-01,7.620090263193171620e-02,2.136780016980204533e-01,1.902989409714464508e-01,5.290361499620179764e-01,7.166986907368515236e-02,9.350730595647704924e-02,-9.730104115465391945e-02,2.156128513338397557e-01,-3.213727154922025459e-02,2.284731221234192686e-02,4.599222485365744850e-01,3.628267572277581454e-01,1.520756065954689540e-01,3.105634746860896356e-01,3.072568032530497151e-01,3.119755127574958542e-01,6.625854595826444204e-02,2.412753027391751071e-01,8.777872112248089054e-02,2.119844497073148926e-01,-8.936949819026765700e-04,1.713794182045667858e-01,-7.771571562625675944e-02,1.427096831851289160e-01,-2.295634300013405515e-01,1.297555744224496155e-01,-2.267840386076232229e-01,2.365834040841860719e-01,-2.821216318870369277e-01,5.687028017337682900e-02,-1.471468787702757131e-01,2.504088654542204750e-01,-3.620358371687742993e-02,-8.599133115867554911e-02,4.924706197774699618e-02,-3.811162250323964218e-02,-9.685419366370258409e-02,5.342061754323249728e-02,1.691764600741766864e-02,-8.267572277581661244e-02,-4.870637651369587318e-03,5.884981455829125380e-03,1.163456812189999495e-01,3.105590062111801032e-03,-6.557486929710890089e-02,1.291478618347557950e-01,-1.776397515527950444e-01,-6.515483265561464177e-02,2.068903883104696549e-03,6.852853121229723898e-02,8.676884579293087096e-02,6.470798516466330641e-02,5.823763349568791825e-02,1.849948612538540637e-03,-6.611555476116001695e-02,5.172259707761740766e-02,1.736002502345949244e-02,-1.860226104830421320e-02
2.895124893873720628e-01,-3.682470172929979135e-01,4.455829125519460421e-01,2.020018767594619902e-01,-1.320881183252156123e-02,-8.643817864962688446e-02,4.609097814915769087e-01,2.220832030028151247e-03,-1.994950623352249874e-01,3.209884266499843375e-01,6.209035256267035896e-01,7.237588810938826167e-02,0.000000000000000000e+00,3.007283614102506612e-03,4.831046963671298822e-01,4.521694445685687236e-01,-3.556191071987130914e-01,-1.459314535948880720e-01,2.560614862147548854e-01,-1.970061218106260448e-01,-6.826042271772643499e-02,9.457527145985075712e-02,5.250189910183654662e-01,4.094195451092542126e-01,1.275928325662451512e-01,8.572322266410474512e-02,1.216050761874972047e-01,1.972072031815541304e-01,-2.124491710979042880e-01,-1.785334465346977151e-01,5.758970463380848337e-02,5.033290138075875025e-02,3.774073908575003439e-02,-1.187273783457705872e-01,3.801733768264891067e-01,3.032217704097591726e-01,1.396130300728361529e-01,-7.095491308816301301e-02,1.937530720765003045e-02,-2.386389025425622312e-01,5.064569462442468362e-02,-1.124223602484472062e-01,-2.913445641002725961e-01,-3.567228205013628917e-01,-4.006121810626033231e-01,-4.314714687877027610e-01,-3.145672282050136492e-01,-4.253496581616694194e-01,-4.688591983556012477e-01,-4.530229232762857938e-01,-3.524822378122347000e-01,4.043969793109611528e-03,-1.332365163769605454e-01,-4.813888020018767394e-02,-2.170293578801555101e-01,-3.851512578756870475e-01,-2.609589347155815697e-01,-3.708610751150632212e-01,-1.463291478618347630e-01,-1.697439563876848856e-01,-1.246570445506948455e-01,8.146029760042897139e-02,-3.139505786675007570e-01,-4.265248670628714600e-01,2.823942088565172814e-01,3.847490951338308207e-01,1.514232092586800249e-01,1.843737432414316868e-01,3.562715045355020066e-02,-5.747799276107064953e-02,3.197059743509539920e-01,3.011752089012020295e-01,2.628312257026677035e-01,1.750882523794628776e-01,2.094686983332588459e-01,1.229724295098083044e-02,3.644354081951829971e-01,3.012332990750257178e-01,-2.170293578801555101e-01,4.168640243085035280e-02,-1.554135573528754588e-01,-1.653559140265427330e-01,1.378211716341212756e-01,8.261316412708342993e-02,4.852763751731534181e-03,1.031055900621117988e-01,1.130300728361410267e-01,-1.722775816613789646e-01,-2.539747084320121417e-01,-2.106439072344608865e-01,3.060905313016667323e-02,-9.249743062692703183e-04,-1.153760221636355443e-01,-5.373787926180794566e-02,6.787166540059877406e-02,-3.318244783055543379e-01,-3.888913713749497097e-02,-1.111399079494168607e-01,-1.946065507842173470e-01,-7.971759238571875933e-03,-3.771839671120246623e-02,-9.576388578578130806e-02,1.291791411591223793e-01,-4.343804459537959489e-02,2.328879753340185044e-01,3.274587783189597534e-01,1.544304928727825189e-02,1.698422628356941744e-01,-2.359712230215827433e-01,6.984226283569417576e-03,1.052504580186782307e-01,-2.287903838419947378e-01,-1.178381518387774246e-01,-8.449886053889807749e-03,2.663657893560927858e-01,-2.587291657357344010e-01
