0.000000000000000000e+00,3.768290984476779237e-01,-6.232804933457233160e-02,1.426953644954553624e-01,-5.492147063054095280e-02,2.903931377272032099e-01,-1.173339969725267079e-01,2.174187022961763804e-01,-6.622769064976517794e-02,5.102639564007314943e-02,3.830438663984712111e-01,1.948016959330028941e-01,2.622211973360061635e-02,2.558740059681864285e-02,2.777763825118895746e-01,-4.052841509718280860e-02,3.278735310704150030e-01,1.142562941078428956e-01,5.998575306685783870e-01,5.306548794604430963e-01,-3.035532855847977718e-01,-5.089876686400800487e-01,-4.493834320040001051e-01,-4.539908536515757098e-01,-4.013593948706474235e-01,-3.627260045343604772e-02,-5.095790076919740064e-02,3.308530579535102351e-02,-3.604885054190858779e-02,-1.298000634719136681e-01,-3.158777960177082123e-01,-2.980782622394626546e-01,7.555212573831762701e-02,-9.382655728796841788e-02,-2.585978186666788581e-01,-2.546296824806102421e-01,-2.856624253120512158e-01,-2.686437330617892361e-01,-4.072864843637625798e-01,-3.484539566062161420e-01,1.038861706572539456e-01,1.622803312411955634e-01,-3.149371331243478456e-01,-2.390813467918144197e-01,5.531417455689526669e-02,8.953421204642125764e-02,-4.420133838977691187e-01,-3.606917068693505923e-01,-1.081328526515506067e-01,9.703211724495364177e-02,2.627303425428492711e-01,1.849521335010696488e-01,-9.436081728079928621e-02,9.135617561171627266e-02,-3.600889520056440030e-01,-2.076193694362187259e-01,6.178351511111009886e-01,4.075878617956158467e-01,6.303788451308137697e-01,5.680576452833290269e-01,5.756286116774622652e-01,3.861626661856804588e-01,1.385126110473094141e-01,-4.132752192406658615e-02,1.695955834507259230e-01,2.239850772507985255e-01,-3.048706702679747707e-02,-3.838680880113427840e-02,6.689871206811129900e-01,5.558975225405203835e-01,2.075645735395181268e-01,8.141985301000710662e-02,2.623650365648452221e-01,7.118671930116966806e-02,8.722821806027092340e-02,1.681023952656345299e-01,-1.187541239620173161e-01,-7.427812114002863009e-02,2.558991207541742030e-01,-4.766101431771117836e-02,1.018313245309813708e-01,3.109895453995420098e-02,-2.035964373534495109e-01,7.060222973636323673e-02,-9.112785937546376280e-02,-2.023726623271360769e-01,-2.031329553938569094e-02,2.717899307973488110e-01,-2.562004981860275254e-01,-1.078223425702471983e-01,-3.964323304923182967e-01,-1.851713170878720727e-01,-2.726940630929087228e-01,-5.559272036512332565e-02,-3.214532785069944554e-01,-2.727899559121347850e-01,-3.129005522969754982e-01,-2.449719056871291212e-01,-4.899780588096961376e-01,-4.141998999974885187e-01,-3.097680535355910592e-01,-2.167291872626938010e-01,-4.509542477094173329e-01,-3.914870008150889702e-01,-4.342414992157337394e-01,-3.218048855108233131e-01,-8.241074547534299466e-02,-1.050871140599421438e-01,-1.369874585891426577e-01,2.846418517360025172e-02,-4.378260641248981067e-01,-3.802355766925653580e-01,-3.120283842744909220e-01,-4.295244857747568812e-01,-3.151882809842256328e-01,-1.589765953026217593e-02
3.768290984476779237e-01,0.000000000000000000e+00,-8.248380667094379337e-02,1.480881939957396087e-01,-2.012173821716983779e-01,1.765592286564274527e-01,-3.446913050327747863e-01,2.056010539077465504e-01,-2.081992926763000795e-01,-8.830587069538275991e-02,-1.357819488617293957e-01,2.355607104288007236e-01,3.787766359429118115e-03,3.342755183349353509e-01,1.387546262577370737e-01,-1.797282580156122633e-01,2.170602458052599618e-02,1.617369385989145814e-01,5.326001337933143898e-01,6.473062108865748066e-01,-8.127373061880549532e-02,-5.006358607179632880e-01,-3.984369470466153085e-01,-1.681571911623351290e-01,-1.766551214756534871e-01,2.382502756918552789e-01,6.888985796446943366e-02,-9.177627748642089300e-02,8.446559160161556945e-02,-6.919123539632274222e-02,1.102379283497987444e-01,3.873841580496313608e-02,3.531527047482927451e-01,1.682348186826609915e-01,-2.561959318613024617e-01,-2.369534394699410185e-01,-3.610844107957049132e-01,-1.010504830029977930e-01,-2.836212781599538046e-01,-2.799682183799136470e-01,1.837466237736564145e-01,-1.605291457091388013e-02,1.564308692684062974e-01,3.303850096691925975e-01,3.940121783880417006e-01,6.373196587128900914e-01,-1.475607834899963187e-02,1.740979796296253934e-01,1.119913970442180107e-01,4.759914061768674709e-01,-1.239962647463749151e-01,4.154921698946777431e-01,-2.778996732794659086e-01,1.700385169490558068e-01,-2.609677411989798634e-01,7.115018870336926871e-02,3.326042434855669971e-01,7.210614878455852139e-01,-1.593875645278762868e-02,5.038368543502234065e-01,-3.834114555388377227e-02,1.560838285893024757e-01,-3.046355045446346721e-01,-1.836552972791554161e-01,-4.793293895508791147e-01,8.054311866279746657e-02,7.492653925098576029e-02,2.748721999867576593e-01,7.234451093520612996e-01,7.206687839192308376e-01,-3.291247040450787642e-01,-1.851393528147967094e-01,-3.948272673514631459e-02,5.998095842589654114e-02,-3.350198292651185294e-01,-1.712896899237195403e-01,-4.161223227067346597e-01,-1.095073163937907157e-01,-1.477228880177356152e-01,-1.782350698305208703e-01,-2.768631175668795352e-01,-5.300361424601987559e-02,-3.556139537750948043e-01,7.881248159200344994e-02,-5.173988387836224723e-01,3.033637831087081932e-02,-3.700298409320781912e-01,3.247045017112301646e-01,-5.823730732963613432e-01,-1.938427677407423555e-01,-6.357260113838475446e-01,-3.574815805876403463e-01,-4.956676994171086426e-01,-1.702622668605832668e-01,-3.006399704102157844e-01,-2.125395843274602639e-02,-3.968432997175728172e-01,-1.628191575587514817e-01,-5.761948359433683997e-01,-4.915032112678628939e-01,-5.447785218350232883e-01,-2.251175257826109888e-01,-2.988591037674462325e-01,-3.633858384571301836e-01,-4.963800460742164855e-01,-1.095529796410412149e-01,-1.408642682807102475e-01,-1.089753395633223654e-02,-2.032128660765452899e-01,-1.059044861857261211e-01,-5.410387018852071961e-01,-5.157777935062296537e-01,-5.656785901015778384e-01,-5.458927050679355242e-01,-3.988890131943952921e-01,5.865215793090693824e-02
-6.232804933457233160e-02,-8.248380667094379337e-02,0.000000000000000000e+00,4.387758596677085454e-01,3.181107288082577478e-01,1.176719050021804158e-01,6.682154118025794842e-01,2.647075611487959557e-01,4.114281408893830649e-01,3.154576941430035641e-01,2.087837822411065247e-01,2.356383379491265861e-01,3.101927217350207155e-01,3.665457351668648944e-01,2.978819102762854665e-01,3.361385788227558291e-01,-3.507553842676414124e-01,-4.088892643422551432e-01,3.343988091025116849e-01,2.186287783483146785e-01,-6.006315227094744663e-02,6.741493507827822640e-02,5.899349070410444540e-01,5.411345947044332583e-01,1.580199502727237526e-01,9.451607232145099735e-02,1.515494681373276420e-01,7.390368251257452281e-02,-3.696051727326485348e-01,-1.820821984113756356e-02,3.714545342462938771e-01,5.149421560815454768e-01,1.452433736920333562e-01,4.256157118101139281e-01,1.044432622737100635e-01,-1.717691540198498235e-01,-1.785410135870992288e-01,-1.782533351294210699e-01,2.033863864160972146e-01,-4.991677873188596348e-02,-9.271237405505618201e-02,4.015397646972869439e-02,-2.757398016845171718e-01,-1.874270815020468439e-01,-3.602213754226704090e-01,-3.119187924810897239e-01,-2.357570623919778841e-01,-3.268369753578286296e-01,-1.801666251892170834e-01,-2.697624826194265357e-01,-1.531157175180198615e-01,-3.120740475217413934e-01,-1.522207178719100218e-01,-3.060054019621497590e-01,-2.523145558450097803e-01,-3.575089785359906180e-01,-3.072702739109886561e-01,-2.622508784467189602e-01,-1.570336241321129145e-01,-1.093429287036889047e-01,2.405471370285555133e-01,1.761802237042482677e-01,-1.209231282064161389e-01,2.009342700387452552e-01,2.735525321412181632e-01,1.284758293016491359e-01,-1.266858300094294565e-01,-1.978200365762610435e-01,-1.755523540545538691e-02,-1.304530479075958482e-01,3.911034295381847214e-01,3.769569555399793215e-01,1.085803524746055265e-01,7.792433143298119549e-03,-1.114754023502873420e-01,4.327277625693796287e-02,5.238716040813810176e-02,1.442753128503227178e-01,1.114411549148494607e-02,-1.740614490318249941e-01,-1.526088554735392788e-01,-1.391199322357410673e-01,3.367459000111874823e-01,6.445139033172066212e-02,1.077721129982716491e-01,-6.155177413131379671e-02,2.373507097210204031e-01,1.237040199639716925e-01,1.732669085296662803e-01,-2.022676368584599149e-01,2.171287406761356845e-03,-2.879547203240264142e-01,-1.175623132087792178e-01,-2.265330864473765193e-01,-4.313122019046140149e-02,1.562619152535794365e-01,-6.181205464064166294e-02,-1.759108105454703086e-01,-1.254072590864154235e-01,-1.077127507768460002e-01,-4.414494427942253912e-02,-2.381361175737290170e-01,-3.895303306704049617e-02,-1.392569219774925926e-01,2.135738568776841539e-01,4.348282719429026610e-02,2.150898766864008105e-01,-2.970965024235768248e-01,1.954158666085221291e-02,1.457182714634385756e-01,-1.551568646701172727e-01,-1.235624638974951450e-01,-8.670765704161520482e-02,-5.564294993709887477e-02,2.921146421485470990e-01,1.684311706458381241e-01
1.426953644954553624e-01,1.480881939957396087e-01,4.387758596677085454e-01,0.000000000000000000e+00,5.018596357442767220e-01,5.052615476644390924e-01,2.949914267253287425e-01,7.250844199283543734e-01,1.733262707510919154e-01,6.498313884595274814e-01,4.535045400683578726e-02,3.968159017692224899e-01,1.969250369301512038e-01,3.285265155060971831e-01,3.071880800659377297e-01,4.773932678674578378e-01,-1.215715463173732691e-01,-1.363481731276356135e-01,4.455157549618826152e-01,4.813066081568258547e-01,1.347134288760676590e-01,-1.052697670489441545e-01,7.646082435860261650e-02,3.871078954037658337e-01,3.489197217281712615e-01,5.389427588364091859e-01,1.198911388185548016e-01,1.202610111212838728e-01,-1.851393528147967094e-01,2.161492640226124473e-01,2.103682969206989162e-01,2.669359276146204829e-01,1.923678448545511344e-01,4.461185098255892045e-01,-2.066513085945080874e-01,-3.358554666898027063e-01,-3.388281440858103566e-01,-2.508944288555192137e-01,-9.783350723419993733e-03,-1.557870174821742171e-01,8.307742888520031066e-02,2.060942169780519695e-01,-2.963932884159191095e-01,-1.617369385989145814e-01,-2.943338759649214986e-01,-9.940203977725467488e-02,-3.871809565993666324e-01,-3.459835749299640106e-01,-3.423305151499238530e-01,-1.344120514442143643e-01,-2.326930585014692077e-01,-1.118361420035662995e-01,-3.518604348511035762e-01,-2.424695597378016265e-01,-6.227713481388802430e-01,-5.459383683151860511e-01,-1.270328706885332781e-01,1.427410277427058616e-01,1.056990015730988747e-01,4.129441606980997492e-01,2.569630744151109036e-01,5.396916360913173172e-01,-2.567393245035834437e-01,2.701825844941311283e-01,3.527485850101258393e-03,5.226820764905054650e-01,-1.553851809063697964e-01,9.344983549815177176e-03,1.957560578005383689e-01,1.204893273575363827e-01,4.628951868654235802e-01,4.297254040626591332e-01,1.506773001148430657e-01,1.649561975300749550e-01,-4.804458559461539241e-02,1.179778487587587882e-01,-2.845961884887520180e-02,8.529666270157469643e-02,4.854688131437091131e-02,2.826783321042309130e-02,-1.473393167408313942e-01,-2.977015404496459808e-02,2.257362627828552945e-02,3.127133329832484376e-01,-3.896216571649059601e-02,1.243387391007536730e-01,-2.668788485555573242e-02,3.907426898849057917e-01,-2.699177376600782052e-01,-9.487224565000490495e-02,-3.954825349495078579e-01,-5.164125126430115786e-01,-3.262479194682971761e-01,-4.024735781035596593e-01,-2.837445689275301386e-01,-1.582254348853510129e-01,-2.492414193050510318e-01,-3.780574397987164215e-01,-4.267801246150017547e-01,-4.181497708846569350e-01,-4.011721755569203629e-01,-4.494610595243259676e-01,-3.544038777229565063e-01,-4.523515430752826916e-01,-5.816356118532656910e-02,-2.821463552737625835e-01,3.636849327266209603e-02,-4.436526944740621370e-01,-2.486340981166193786e-01,2.466956932708355699e-02,-1.786551717052254629e-01,-3.467644164579475885e-01,-3.623949459917943372e-01,-1.623214281637209988e-01,-4.665185655347509064e-02,2.640226124400384400e-01
-5.492147063054095280e-02,-2.012173821716983779e-01,3.181107288082577478e-01,5.018596357442767220e-01,0.000000000000000000e+00,1.918244522122701801e-01,3.548742091696366896e-01,1.559742367959012777e-01,5.833502667875221093e-01,5.040971348595513213e-01,-5.287575715371847090e-02,2.085782976284792645e-01,1.899887896728000014e-01,1.741527755263259925e-01,3.056766265819461093e-01,5.204308784010557298e-01,-7.911157586149424395e-03,5.445570550858583325e-02,8.964837016454750562e-02,9.129224706556557378e-02,2.292454833340563380e-01,1.545221455333353200e-01,4.107934217526010845e-01,5.063894298715264641e-01,4.825897454045649515e-01,4.098436262097906457e-01,4.640550333455862875e-01,3.386865880193338230e-01,-4.954462326679436946e-04,2.385059898764580744e-01,3.437826064124898107e-01,3.095351709746135271e-01,1.273707787181869999e-01,3.841854475797337187e-01,1.559514051722760142e-01,-9.758464253668470978e-02,-3.854320542296724161e-01,-3.449881161399030449e-01,6.170702917196550785e-02,2.091353892449353824e-01,-1.898883305288489032e-01,1.004248965156659124e-01,-7.671653854320542587e-02,-6.028233585774984971e-02,-2.365561692188616616e-01,-2.245786994650550705e-01,-2.138615353353623127e-01,-2.491592254600001333e-01,-1.073291794999417792e-01,-2.662738105294881752e-01,-2.141126831952400722e-01,-2.917949994177935769e-01,-3.007221642552667107e-01,-2.695067684348236847e-01,-3.243620273568514345e-01,-3.559335965058483264e-01,-6.404955375591624145e-02,-6.156547310548895341e-02,1.469922760617275725e-01,1.035802269006755871e-01,9.632433691257086261e-02,1.918701154595206793e-01,8.287194427257305041e-02,3.788428476514250631e-01,1.122836418266212194e-01,1.197313174531780544e-01,4.454221453050190987e-02,8.852962060691021984e-02,-1.987492836578087438e-02,-5.878914767265844277e-02,2.654016425070035989e-01,3.226724872085828810e-01,-1.196171593350517925e-01,-1.015893093205537112e-01,-2.742077997392628440e-03,-8.545876722931397898e-03,-7.538773804821581603e-02,-1.177495325225062783e-01,3.603971789245848795e-02,2.218548867665626201e-02,-2.063179668895794294e-01,-1.280237631538691523e-01,2.836395434588540043e-01,2.618947051181650942e-01,6.829623575021290249e-02,-1.475151202427458196e-02,2.401726984011013921e-01,3.546824235311845652e-01,-6.988988307925542154e-02,2.582256632015872584e-03,-6.992641367705582089e-02,-2.702876099628072626e-01,-1.515357691631525061e-01,-1.917924879391948167e-01,-1.768286418152054118e-01,-1.236035608200205943e-01,-1.851073885417213738e-01,-2.493738427220774934e-01,-1.513165855763500822e-01,-1.600702300742712636e-01,-1.634767083191586978e-01,-2.768037553454538724e-01,-1.501795707198126106e-01,-1.954866446417604098e-01,1.332659039382267652e-01,-6.457468109929700995e-02,1.097949948514688745e-01,-2.415334631691663514e-01,9.561199025546303354e-02,1.039592318528547582e-01,-1.522184347095474968e-02,-1.247314430271079799e-01,-1.820936142231882604e-01,-6.581672142451065743e-02,-2.735000194068800891e-02,2.129345714161771097e-01
2.903931377272032099e-01,1.765592286564274527e-01,1.176719050021804158e-01,5.052615476644390924e-01,1.918244522122701801e-01,0.000000000000000000e+00,-7.902253252935576011e-02,6.652883976538223054e-01,-1.213340974316706594e-01,6.542607234428261531e-01,5.083461000162104587e-02,3.915600620106897689e-01,1.380422796006292308e-01,1.883997086684825462e-01,4.980467545988597755e-01,2.972334921653283502e-01,-7.723709956186114445e-02,-2.519081529444803236e-01,5.331298274614202359e-01,5.435410478345346075e-01,7.036478085066062704e-02,-3.217660717506604096e-02,-3.219464415772999022e-01,-1.416862067312192885e-01,5.014052864341341648e-02,4.903022678651747235e-01,4.848295276822020550e-02,2.893200514168163817e-01,-1.547002321976122807e-01,1.246675144809572811e-01,-6.557470621408299782e-02,-3.244602033384400008e-02,2.295559934153597603e-01,3.036126478062234346e-01,-5.507649735495639964e-01,-5.533084164214169265e-01,-4.555388377333677297e-01,-3.866695282301610415e-01,-2.381361175737290170e-01,-1.632392594334561020e-01,9.591336768731634210e-02,9.560285760601293370e-02,-9.465762838792754486e-02,6.561580313660844710e-02,-7.426898849057853025e-02,1.462296998326441944e-01,-1.620291833813178040e-01,-6.493998707730103126e-02,-4.984828386101020775e-02,2.215238282239964940e-01,2.045781971693353130e-01,1.812305788501537840e-01,2.190694286842820304e-02,1.500037672178981601e-03,-3.873590432636436209e-01,-2.999778533250835322e-01,-1.289004975010787923e-01,-2.087038715584181234e-02,3.551664539520398844e-01,4.781147471740158084e-01,2.153729888193539055e-01,4.547123329581336248e-01,-3.796191228546835772e-01,-2.117655922865642748e-01,-5.312233868887118043e-02,3.859160846505277354e-01,-2.648536835399975531e-01,-4.043252227795675335e-02,4.385384107820059496e-01,3.072520086120884564e-01,2.261129845726719267e-01,7.983990465513973733e-02,1.607140818605033439e-01,1.855548883647762937e-01,1.691206856793207036e-01,1.125256570370488790e-01,3.025418446581991730e-02,-5.610414873432894439e-02,2.838313290973060732e-01,-8.301806666377466171e-02,-4.452851555632676012e-02,-3.443488306783960562e-01,-7.879421629310325026e-02,-7.774167844397919004e-03,-2.656002776325432774e-02,-3.310471267543249052e-01,-4.499884700300692264e-02,2.255558929562158088e-01,-3.004207868234133882e-01,-2.585384564452531952e-01,-5.052569813397139731e-01,-5.848023580500880669e-01,-3.417186276367671360e-01,-5.009372381498164994e-01,-1.201103224053572116e-01,-1.414807221185920283e-01,-2.292683149576815738e-01,-5.262940393480201040e-01,-5.926929671749746609e-01,-7.087187121137745738e-01,-3.491982675363993205e-01,-5.989762299966437942e-01,-4.213507645169171090e-01,-6.090952055873549709e-01,-2.367981844292893212e-01,-5.193669247401190292e-01,1.512800549785496829e-01,-2.964389516631696364e-01,-2.088248791636319601e-01,2.354168711999616442e-02,-3.567692339305325033e-01,-6.436805490548849207e-01,-5.281890641089159733e-01,-5.053620068083901629e-01,-2.472185374518538203e-01,2.014046014854254385e-01
-1.173339969725267079e-01,-3.446913050327747863e-01,6.682154118025794842e-01,2.949914267253287425e-01,3.548742091696366896e-01,-7.902253252935576011e-02,0.000000000000000000e+00,1.903266977024537232e-01,6.580918698871432992e-01,2.323186198740151143e-01,4.135286502629061389e-01,3.804182296815673547e-01,5.292575840945776822e-01,3.804273623310174268e-01,9.229683850507661158e-02,3.895417464822175657e-01,-2.057380436494980480e-01,-2.036055700028996107e-01,5.524567968601951096e-02,-6.384406914328898119e-02,-2.375173805734847113e-02,1.766916520734538865e-01,5.761720043197431362e-01,4.333784638426992353e-01,1.895047592519446822e-01,-1.028085180221421091e-01,3.395404907429181995e-01,-1.578007666859213287e-01,-1.977378427312101450e-01,1.326722817239702479e-01,3.752445837680855045e-01,4.748772229439552350e-01,7.643799273497736690e-02,3.080328501400720342e-01,3.076447125384427217e-01,1.563281269620926672e-02,-1.138727228309386746e-01,-3.264671030550995723e-01,2.197566605554020780e-01,2.577461991054569995e-02,-3.247227670101303643e-01,-1.654356616262052382e-01,-3.662580567091867634e-01,-2.817856156204835982e-01,-4.493286361072995061e-01,-4.962476226571900240e-01,-3.598423704704912796e-01,-4.690505925947912047e-01,-3.364308236051590240e-01,-4.807312512414695371e-01,-1.455858480464121141e-01,-4.642650842829386115e-01,-1.463712558991207557e-01,-4.065695713819296730e-01,-1.878974129487270273e-01,-4.664112569037122125e-01,-3.302891168499665353e-01,-4.012498030772462254e-01,-1.843448123126379956e-01,-2.966672678994221046e-01,4.289354298852254277e-01,2.895392350036188334e-01,9.250232311770387184e-02,4.921927263013454734e-01,4.641326608659121500e-01,1.569788282354123155e-01,-1.616958416763891460e-01,-3.312297797433269020e-01,-2.491911897330754966e-01,-3.590934932155830372e-01,5.739938674258943108e-01,5.710851185760372761e-01,2.882013018591791376e-01,1.237222852628718922e-01,7.333289192194324124e-02,1.641844886515414770e-01,4.166976796220909773e-01,3.764500934954987388e-01,1.158453751121603509e-01,1.504375680667779241e-02,9.418044745415981092e-03,3.493923363372139490e-02,3.107498133514768890e-01,1.714426618020087334e-02,1.620565813296681035e-01,-2.079275963551596024e-02,2.431773400701844057e-01,-3.968821134777357484e-02,3.012016283513969661e-01,-1.233592624472304097e-02,2.292226517104310746e-01,-1.264529474484518967e-01,1.295123850142355093e-01,-1.125073917381486793e-01,-6.440801024683267921e-03,-3.234556118989289492e-02,1.520334985581829612e-01,4.367917915746742652e-02,1.620976782521935389e-01,1.015847429958286613e-01,3.385358993034071617e-01,-4.697149928422859888e-02,1.822808335369153210e-01,4.224991951852671845e-02,4.405612926352031611e-01,1.740979796296253934e-01,2.426933096493290865e-01,-1.975780213658333839e-01,1.223706531442570467e-01,2.723584382256175399e-02,1.411610793878385062e-01,1.805090995435958412e-01,1.304667468817710119e-01,1.351106991271470159e-01,2.266837751633031806e-01,5.056519684284308674e-02
2.174187022961763804e-01,2.056010539077465504e-01,2.647075611487959557e-01,7.250844199283543734e-01,1.559742367959012777e-01,6.652883976538223054e-01,1.903266977024537232e-01,0.000000000000000000e+00,2.000278545808227906e-02,7.283402094573151464e-01,1.548326556146387145e-01,6.824258143469356108e-01,3.336590644970535702e-01,5.513311978154702420e-01,3.659566792773334409e-01,4.523469767505576833e-01,-2.292957129060318733e-01,-2.416932845345431125e-01,4.453650662459559539e-01,4.945535161841964067e-01,7.488544232846029713e-02,-8.417334681921236073e-02,-2.616937868302628423e-01,2.505314060398777104e-02,-3.169714307893577165e-02,3.166906018187671257e-01,-4.330930685473836222e-02,-1.029706225498813873e-03,-2.614198073467598471e-01,2.362410928128332033e-01,-7.227350458573160441e-02,8.306372991102516090e-02,2.563763016879419196e-02,3.017632862925781478e-01,-3.929893216496304631e-01,-3.709476722018132944e-01,-4.164876286847386533e-01,-3.979574829504850531e-01,-1.591067355572856890e-01,-2.614472052951101744e-01,6.294906949717915534e-02,-5.918641792373781352e-02,-3.011057355321709039e-01,-9.722846920813080218e-02,-3.060419325599501583e-01,-4.012657852137838793e-02,-3.362710022397822907e-01,-3.032884387507449042e-01,-3.337732226151798320e-01,-5.718636769416583776e-02,-3.413327731975003901e-03,-1.946395914052636081e-02,-1.299096552653148939e-01,-1.442479149019724183e-01,-5.667334111130645224e-01,-4.964850715428926198e-01,-3.367869969337129454e-01,-5.577993967885037929e-02,1.811301197062026580e-01,4.210037238378132596e-01,3.811168773645000063e-01,7.403816077572724641e-01,-4.856309176714483922e-01,6.792636344748384514e-02,-7.157942322752397502e-02,6.901474694569954549e-01,-4.114098755904828653e-01,-1.621205098758188023e-01,2.667989378728689576e-01,2.051718193835918302e-01,4.862108409115297181e-01,3.932039389117078509e-01,3.559107648822230630e-01,3.725824164533812488e-01,4.303076104651030326e-02,2.110486793047313958e-01,1.039774971517549579e-01,1.856918781065277912e-01,1.567824762722351550e-01,-1.000710063494745367e-02,-4.871583532919776527e-02,-1.002559425008390653e-01,2.045028528113719893e-02,1.270009064154579148e-01,-6.795376139583414465e-02,-1.540381151124800008e-01,-5.809506631445082031e-02,2.350721136832203684e-01,-2.888816842432115894e-01,-2.629084292071262041e-01,-4.157387514298304110e-01,-6.344839710586338555e-01,-3.039048925886266295e-01,-6.072230124500843651e-01,-1.812625431232291195e-01,-1.457593683859640388e-01,-1.973588377790309878e-01,-3.782126948393680910e-01,-4.852108157967437441e-01,-5.399793145489955037e-01,-2.695204674089988761e-01,-5.240611065574706240e-01,-3.477507425985584266e-01,-5.767108306372991100e-01,-5.913162202703720755e-02,-3.578834171634447392e-01,1.919294776809463143e-01,-3.841900139044587825e-01,-3.139873375815374623e-01,-2.960120003013774412e-02,-1.990575105767496411e-01,-4.557580213201701258e-01,-3.584405087799008571e-01,-2.433143298119359033e-01,-1.043633515910216865e-02,3.231610839541632085e-01
-6.622769064976517794e-02,-2.081992926763000795e-01,4.114281408893830649e-01,1.733262707510919154e-01,5.833502667875221093e-01,-1.213340974316706594e-01,6.580918698871432992e-01,2.000278545808227906e-02,0.000000000000000000e+00,2.530406014762927591e-01,2.129528367150773094e-01,3.504859711088634810e-01,3.808063672831966118e-01,2.630728168972280012e-01,1.648648710355739566e-01,3.518969654489039756e-01,7.294018799558893429e-02,-2.856236115518882932e-03,8.824650847395711095e-02,1.338618093148458144e-02,-8.565740235485365395e-02,2.428599805017934293e-02,3.809935865969236723e-01,3.835370294687766024e-01,2.164278098308405063e-01,4.478422974092956949e-02,4.799184454404106237e-01,8.510031073839753601e-02,9.281283319900728024e-02,2.074458490966668012e-01,4.637627885631830926e-01,5.116772339031345762e-01,1.614949233884869217e-01,3.972816668911776095e-01,2.705981200441107126e-01,-4.645093826557288030e-02,-3.024071380788102004e-01,-4.670459760404941929e-01,3.457392765571738052e-02,-6.081202952585567506e-02,-3.992360538734990860e-01,-2.623696028895702859e-01,-1.487731427044971522e-01,-1.066761950642595991e-01,-2.567575898024836434e-01,-2.944069371605222973e-01,-2.271130096874579007e-01,-2.702373803908317274e-01,-1.759336421690955721e-01,-2.661824840349871768e-01,-1.434579407245387406e-01,-1.545175792086102562e-01,-2.862560475263077331e-01,-8.585375431803081436e-02,-2.895894645755943686e-01,-3.118731292338391969e-01,-3.501229482932220055e-02,-2.253549746683135846e-01,2.047996639185002514e-03,-1.736824440796458369e-01,2.319441812465609931e-01,2.624015671626456214e-01,1.833584861720271575e-01,4.384333853133297598e-01,3.430793924048320953e-01,1.408916662290605470e-01,8.445645895216546961e-02,-4.428650034589910051e-02,2.180420056211457552e-03,-5.538266942777101548e-02,2.973248186598293485e-01,4.451824132569539572e-01,1.683078798782617902e-01,2.926785832520907918e-02,-1.383162590841322537e-01,6.322076581831963943e-03,1.164161657027916186e-01,1.932856761242862376e-01,1.263890189023011978e-01,1.338549598277582187e-01,-8.009561883974254670e-02,2.102792535885604584e-03,1.279141713604679542e-01,1.483987040770430310e-01,-8.605010628120797478e-02,-4.183895029327220488e-02,5.910879040341195795e-02,1.680978289409094661e-01,-5.268397151526636735e-02,1.692302774727219294e-01,-2.214667491649333737e-04,-5.329129270369804133e-02,-6.675738431787099636e-02,1.796163830598485403e-02,-1.848973376043690497e-01,-3.150079111575861818e-02,-3.531367226117550912e-02,5.023185513791442180e-02,-5.237802775868800192e-02,-5.231409921253730305e-02,1.187541239620173161e-01,1.058679555879257217e-01,7.217761176650555610e-02,6.947434752927585111e-02,2.825938550968175034e-01,2.370173680160917173e-01,1.793766510117834057e-01,1.477206048553730703e-03,-1.027194746900036287e-02,5.582103660137583551e-02,8.290390854564839984e-02,-2.248229978378452412e-02,-1.430515378240092839e-01,-6.978029128585420959e-02,1.205760875273123311e-01,1.051419099566427429e-01
5.102639564007314943e-02,-8.830587069538275991e-02,3.154576941430035641e-01,6.498313884595274814e-01,5.040971348595513213e-01,6.542607234428261531e-01,2.323186198740151143e-01,7.283402094573151464e-01,2.530406014762927591e-01,0.000000000000000000e+00,1.623853567098716977e-01,5.928071252931009782e-01,3.882038133377778699e-01,3.424035763455246517e-01,5.668430029064657205e-01,7.117781496795582141e-01,-1.545449771569605557e-01,-1.971031235944281645e-01,3.655091794542785211e-01,3.732217019148882931e-01,2.233046948667660736e-01,1.536545438355757798e-01,1.198431924089417809e-02,1.617552038978147810e-01,2.169027076022457257e-01,4.322049183883613366e-01,9.570331674996404581e-02,2.920781115507466996e-01,-9.056163510955754503e-02,2.899136736310728990e-01,5.311777236414613051e-02,1.226720305761103552e-01,6.347419684055992384e-02,3.540248727707773213e-01,-3.209646817614140724e-01,-4.225517079196052794e-01,-4.893068090751137578e-01,-4.874163506389430078e-01,-6.483039528389981931e-02,6.849487087575258700e-06,2.933863635844735900e-03,-3.079301078337583902e-02,-2.016877136183785335e-01,-6.554274194100764839e-02,-4.668267924536917413e-01,-2.243914801513280100e-01,-3.001331083657352017e-01,-2.692556205749459530e-01,-2.862149506037822699e-01,-6.677108329204614612e-02,5.139170161807716380e-02,-3.735481941327293415e-02,-8.525099945432419724e-02,-2.685227254565753993e-02,-5.543815027318037547e-01,-4.166565826995655142e-01,-3.336910287701289057e-01,-1.870891734723931499e-01,2.440084111701435465e-01,3.526504090285372262e-01,3.412528625148120165e-01,6.671194938685675035e-01,-1.812671094479541833e-01,1.954181497708846471e-01,5.544203164919667137e-02,4.121907171184664431e-01,-4.152547210089750918e-01,-2.584242983271269334e-01,1.285534568219749707e-01,1.097538979289434252e-01,4.009758235937432302e-01,3.417779898581927989e-01,2.526113669521380944e-01,1.777236414613152515e-01,1.817831041418848381e-01,9.564852085326343289e-02,1.724678017027825028e-01,2.110852099025317952e-01,2.201402318323062990e-01,7.539687069766592975e-02,-2.676551237588158452e-02,-2.084367415620027031e-01,1.864544543356111694e-01,2.843381911417866559e-01,3.001673558011730761e-02,-1.693809661886485629e-01,5.652425060903355780e-02,3.174531780478505039e-01,-2.376977504001241970e-01,-2.930895524773453192e-02,-3.740664719890225420e-01,-5.351253113662671757e-01,-3.005029806684642590e-01,-4.937589756820376929e-01,-5.665210770133496249e-02,-1.553691987698321147e-02,-1.123749683211222178e-01,-3.979848808988353803e-01,-4.390955023984620675e-01,-4.928822413348280529e-01,-2.340218589964588036e-01,-4.564064394311272421e-01,-4.107568911548006851e-01,-5.200701387477767446e-01,4.124989440374073058e-02,-2.557027687909970148e-01,2.682464628107098514e-01,-3.451433711805547699e-01,-2.519583825164559143e-01,5.606761813652854504e-02,-1.648100751388733576e-01,-4.809276032046466698e-01,-3.538650514054005880e-01,-2.551913404217914239e-01,1.544856149355349206e-01,4.154510729721522799e-01
3.830438663984712111e-01,-1.357819488617293957e-01,2.087837822411065247e-01,4.535045400683578726e-02,-5.287575715371847090e-02,5.083461000162104587e-02,4.135286502629061389e-01,1.548326556146387145e-01,2.129528367150773094e-01,1.623853567098716977e-01,0.000000000000000000e+00,4.024187822068590603e-01,5.891951624355862283e-01,6.278468180707734436e-02,2.846897981456155136e-01,3.872015050606293640e-02,3.727376714940329738e-01,9.207308859354915165e-02,2.429307585350317100e-01,1.605177298973261835e-01,-2.382183114187799156e-01,-6.492172177840083158e-02,-7.468452404055810068e-02,-2.462550429348682179e-01,-2.529401423323416886e-01,-2.398987189175983969e-01,2.715981451588966866e-01,1.076853528284956868e-01,1.390377383906901687e-01,1.355056862158638721e-02,-1.198089449735039030e-01,3.261954067339590396e-02,-3.384788202443440169e-02,-1.410788855427876076e-01,-1.203203733427095218e-01,-2.755069191235396397e-01,2.538648230891643251e-02,-1.836050677071798531e-01,-1.438734762745182971e-01,1.006874601873562975e-03,-9.852073910531999879e-02,8.439709673073980678e-02,-6.787088260207447821e-01,-5.763135603862197254e-01,-5.231341426382853932e-01,-4.760370694241179423e-01,-6.681743148800540766e-01,-6.733890577160613899e-01,-6.297989218907323883e-01,-4.420544808202945819e-01,9.198632842377320318e-02,-2.184232937356874182e-01,-1.470242403348029359e-01,-1.175668795335042677e-01,-2.754110263043135776e-01,-2.687898554529908335e-01,1.007536718958695343e-01,-1.299370532136651935e-01,1.284438650285737726e-01,4.751945825123461697e-02,6.230224959987579192e-01,3.839342997198559870e-01,3.877700124888981414e-01,2.385288215000833378e-01,5.164947064880625049e-01,1.183020578142373463e-01,-3.366819714650368112e-01,-5.001929272196333764e-01,2.056786814280723852e-01,1.943724614088481739e-01,6.016201320124477947e-01,5.183988638984083908e-01,4.838957142759293117e-01,2.646847295251707477e-01,2.669222286404452915e-01,4.388306555644091445e-01,2.821600542479377194e-01,2.260170917534458646e-01,5.095812908543365660e-01,1.128863966903278365e-01,5.840945777177052323e-01,3.760710885433195538e-01,6.374360999933788297e-02,5.192139528618298916e-02,1.932263139028605747e-01,-8.940178862939479609e-02,1.341015413629109421e-01,-2.358278404252161717e-02,2.127884490249755123e-01,1.761893563536983676e-01,-3.119484735918025275e-02,1.036784028822641639e-02,5.590323044642673406e-02,5.057889581701823650e-02,6.379840589603848200e-02,1.892764430156921862e-01,3.046720351424350715e-01,1.799931048496651864e-01,-7.249725449725906434e-02,-1.301425378262924537e-01,1.219459849448273764e-01,8.521446885652379788e-02,-2.380082604814276193e-01,-1.405400592252316894e-01,8.347013281155463149e-02,1.301630862875551714e-02,1.197518659144407652e-02,-1.993817196322281993e-01,-2.801440218818280863e-03,1.916646308468934190e-01,-8.225092410996623360e-02,-9.075570391037218049e-03,-2.413302617189016022e-03,-1.737258241645337972e-02,1.928701405743066533e-01,8.983102315354951628e-02
1.948016959330028941e-01,2.355607104288007236e-01,2.356383379491265861e-01,3.968159017692224899e-01,2.085782976284792645e-01,3.915600620106897689e-01,3.804182296815673547e-01,6.824258143469356108e-01,3.504859711088634810e-01,5.928071252931009782e-01,4.024187822068590603e-01,0.000000000000000000e+00,6.464888387607907738e-01,7.025724390338570213e-01,3.049505809506631304e-01,4.067659233451068612e-01,-1.119959633689430606e-01,-1.338047302557826834e-01,4.015968437563500193e-01,4.144190835842909149e-01,5.509499097009285667e-02,-3.719043172317113011e-02,-1.773948660811116296e-01,-6.247417172577393596e-02,-1.466543680320738785e-01,1.359554692012813204e-01,2.885985721102584667e-01,3.218117349979109088e-02,-1.080049955592492089e-01,1.997378929607821207e-01,1.297498338999381329e-01,2.708264362803631808e-01,1.028587475941176582e-01,2.960645130357155153e-01,-1.993543216838778998e-01,-3.427232190762781738e-01,-4.685756948233859576e-01,-5.281068702638650469e-01,-2.281084684775188387e-01,-1.528189064108916029e-01,-1.560472979915020764e-01,-2.414238713757651533e-01,-2.974389767779556104e-01,-1.966031110370351775e-02,-3.232432777992141348e-01,-6.048782047037710996e-02,-4.060444440385488907e-01,-3.294123825027568953e-01,-3.144348374045923267e-01,-4.763818269408592182e-02,5.729139316284198591e-02,1.108018694533424373e-02,-9.769423433008592172e-02,-4.283440908333314284e-02,-5.565048437289521477e-01,-4.493195034578493785e-01,-2.610225370956804625e-01,-7.175750989180093575e-02,1.537869672526022413e-01,3.384080422111057640e-01,5.535458653071195778e-01,7.908988581905025406e-01,-3.104484359196235665e-01,1.124069325941975672e-01,-3.886627289726454076e-02,5.288603138434982975e-01,-4.568448066047320899e-01,-3.231154207069127371e-01,3.565089534212046440e-01,2.687670238293655700e-01,4.628084266956475901e-01,4.642011557367878849e-01,4.077613821351677714e-01,3.108000429234524242e-01,2.358735036724666709e-02,1.924774366479523324e-01,2.611092972654564526e-01,3.271794497122073597e-01,1.757875197778939746e-01,7.276210133131197355e-02,3.495521577025907222e-03,-8.999084451892627734e-02,8.565740235485365395e-02,1.079091027400231467e-01,-2.079435784916972840e-01,-2.954023959505832075e-01,-1.998452015918207939e-02,1.667598957964697703e-01,-2.349214249672937072e-01,-2.009160047398450555e-01,-3.226405229355074900e-01,-5.464680619832917863e-01,-1.875595049190733055e-01,-4.472235604090513683e-01,-1.685407624392393500e-01,-3.458762662989253028e-02,-2.053316407489685913e-01,-3.084483856900515630e-01,-4.714479130754425373e-01,-5.122708561173910935e-01,-7.596309496357214752e-02,-3.445177846932228616e-01,-2.836121455105036770e-01,-4.991974684295724107e-01,-1.966031110370351775e-02,-2.544150652185329098e-01,1.582847971067766479e-01,-2.673971264118505387e-01,-1.401016920516268693e-01,-3.218573982451614079e-02,-3.059232081170988327e-01,-4.271499969177308120e-01,-3.546732908817344931e-01,-3.488375278831203352e-01,4.973869206760900274e-02,2.524926425092867688e-01
2.622211973360061635e-02,3.787766359429118115e-03,3.101927217350207155e-01,1.969250369301512038e-01,1.899887896728000014e-01,1.380422796006292308e-01,5.292575840945776822e-01,3.336590644970535702e-01,3.808063672831966118e-01,3.882038133377778699e-01,5.891951624355862283e-01,6.464888387607907738e-01,0.000000000000000000e+00,4.387621606935334095e-01,4.248622682304806775e-01,3.204395544180333455e-01,-5.828228562817787395e-02,-7.384432029114885998e-02,2.961193089324161143e-01,1.360787599688576543e-01,2.792079253131928007e-02,9.238359867485256005e-02,1.390377383906901687e-01,3.701691138361922623e-02,-7.715490571681024590e-02,4.615869348316967158e-02,3.976195749208313313e-01,1.442935781492229175e-01,6.766608293815598585e-02,-5.836447947322877944e-02,1.494763567121548675e-01,2.541958816317304581e-01,-2.074709638826545757e-02,8.766201890915067962e-02,-9.495672265741833193e-03,-3.365769459963606214e-01,-2.866533177773871177e-01,-3.349422017447926669e-01,-5.225930331583669708e-02,2.488715470023219745e-01,-1.976145519636337833e-01,-8.532406064992499595e-02,-3.384537054583562354e-01,-1.692120121738217298e-01,-2.968864514862245563e-01,-2.311953039916527508e-01,-4.267390276924762915e-01,-3.890577160613622465e-01,-3.720116258627499950e-01,-2.603741189847233461e-01,-6.793092977220889506e-02,-2.021032491683581178e-01,-2.588444002018315260e-01,-7.784898707501786141e-02,-4.023685526348835251e-01,-2.738721748719716853e-01,-2.488076184561712756e-01,-1.055985424291477626e-01,-1.667096662244942351e-01,3.980236946589982977e-02,4.546118738141825544e-01,4.439723372048156591e-01,-2.658742571160463072e-02,1.294438901433597744e-01,3.107817776245522245e-01,1.594172456385890835e-01,-4.259399208655925140e-01,-4.447440460833491094e-01,7.153832630499852574e-02,5.911107356577448638e-03,4.138345940194845252e-01,4.492281769633483801e-01,3.812949640287769948e-01,1.823356294336159200e-01,2.365424702446864980e-01,2.358392562370287826e-01,2.209484713086401764e-01,3.394445979236921374e-01,8.003169029359184783e-02,2.341383002769475974e-02,1.578098993353714286e-01,1.377272031946007724e-01,1.808926708205000622e-01,1.777190751365901877e-01,-1.239985479087374332e-02,-4.287093968113354220e-02,1.691617826018461668e-01,2.672190397475735502e-01,-6.733730755795236389e-02,1.415263853658425275e-01,-8.772138113057634246e-02,-2.153501571957286698e-01,3.544152935347691380e-02,-6.825970515241250314e-02,4.481619401400491892e-02,3.014299445876494343e-01,1.608054083550043423e-01,1.291584948480441371e-02,-1.468461536705259751e-01,-2.236060722986193683e-01,1.185897362719155052e-01,-8.881501590222585629e-04,-1.765637949811524887e-01,-2.886853322800344568e-01,2.338643207934445675e-02,5.804483674247526426e-02,8.072577165179947722e-02,-2.378347401418757223e-01,1.258547589094703156e-01,2.442230284322209066e-01,-8.700903447346851338e-02,-1.027217578523661606e-01,-1.888563411409875659e-01,-1.314530730223818500e-01,1.566865834530090928e-01,1.187815219103676156e-01
