1.000000000000000000e+00,6.811832521560391429e-01,2.789400777514634000e-01,2.806112873676214203e-01,-1.065641896420751605e-01,-3.891147951204253913e-02,9.527235354573483639e-02,3.100853478707716882e-01,-2.587336342106438813e-01,4.433173957728227255e-02,3.412484918897180641e-01,3.078689843156530714e-01,3.063988560704231645e-01,2.990526833191831657e-01,-7.471290048706376828e-03,1.464766075338486996e-02,2.714196344787523918e-01,1.401090307877921326e-01,6.065284418427990820e-01,7.202824076142811949e-01,5.120872246302336783e-02,-2.067116493140891062e-02,3.236516376960543034e-02,6.707180839179588405e-02,-9.992403592653827105e-02,-5.346530229232762665e-02,4.624871531346351483e-03,3.950131820009830652e-02,2.172036284016265195e-01,6.472585906430135261e-02,7.299253764690111224e-02,1.156754099825729465e-01,-8.319406586532016035e-02,-8.896733544841145536e-02,-5.005406854640511716e-01,-5.388891371374949779e-01,-9.078600473658340886e-02,1.244246838554001477e-01,-1.411680593413467966e-01,-4.808079002636399951e-02,-1.743598909692122001e-02,5.287546360427185926e-02,-2.589525894812100826e-01,-2.580857053487644603e-01,-2.707851110416015228e-01,-3.658965994905938879e-01,-1.554090888779659507e-01,-2.240672058626390906e-01,-2.192501899101836627e-01,-1.753072076500290510e-01,9.661736449349836442e-02,8.316278654095357603e-02,-1.839313642253898873e-01,-8.897627239823048539e-02,-4.589570579561196018e-02,2.054113231154207075e-01,4.449260467402475494e-01,5.056973055096295466e-01,5.326422092139952713e-02,1.330130926314848638e-01,1.430716296527994869e-01,2.336163367442691818e-01,5.620939273425979987e-01,1.001921444211090750e-01,-3.006434603869699296e-01,-3.197104428258635278e-01,-4.852406273738772979e-01,-4.608516913177532759e-01,6.407390857500334658e-01,5.067965503373698111e-01,3.099646990482148312e-01,3.244872425041333552e-01,4.372045220966084278e-01,3.610929889628669565e-01,2.078421734661959897e-01,6.949819026766164420e-02,1.175655748692971125e-01,1.293400062558648644e-01,9.693462621207381280e-02,1.715447517762187790e-01,2.572947852897806142e-01,2.983466642834800564e-01,-1.913400956253630616e-02,-5.411323115420706847e-02,7.870324858125921086e-02,-3.117208096876536091e-02,-1.936368917288529556e-01,-1.320702444255775487e-01,-3.288306001161803716e-01,-5.907323830376692668e-03,-2.745877831895973675e-01,-9.991509897671924101e-02,-1.104741051878993657e-01,-2.988069171991599229e-02,1.729299789981679145e-02,-1.317172349077259941e-01,-1.411680593413467966e-01,1.165512310648375710e-01,-1.953795969435631608e-01,-5.750480361052772577e-02,7.076723714196345161e-02,2.270029938781893686e-01,-5.851021046516823726e-02,-4.268734081058134927e-02,-2.397426158452120315e-01,-1.787434648554448446e-01,-1.363733857634389368e-01,5.971669869073684828e-02,-1.623396934626212054e-02,8.038786362214575543e-02,-2.005585593636891595e-01,-1.510791366906474864e-01,6.097680861521962564e-02,1.013718217972206098e-01,-2.330622458554895138e-01,5.619554046204030401e-02
6.811832521560391429e-01,1.000000000000000000e+00,-9.093793288350686399e-02,4.187854685195942922e-02,-2.619554046204030651e-01,-1.048527637517315397e-01,-3.454846061039367200e-01,-1.231422315563698161e-01,-2.955181196657580833e-01,-8.725144108315831259e-02,-2.812458108047723171e-02,-3.298181330711828091e-02,-7.159837347513293981e-02,1.307877921265472032e-01,-1.654854997989186338e-01,-1.302739175119531634e-01,4.120112605567719521e-01,2.573886232628803672e-01,2.349524107422136798e-01,5.015371553688725559e-01,-7.230886098574557108e-02,-1.707895795165110253e-01,-1.370123776754993417e-01,-1.145091380311899498e-01,-1.977746994950623227e-01,-1.534206175432324959e-01,-3.520711381205594848e-02,-1.936637025783100388e-02,1.699226953840654308e-01,-3.397381473703025428e-02,3.002815139192993588e-02,2.354886277313552809e-02,-1.432727110237276003e-01,-8.112516198221546293e-02,-5.933330354350060398e-01,-5.742437106215648734e-01,9.538406541847267717e-02,2.406184369274766421e-01,1.059028553554671737e-01,2.106975289333750390e-01,1.535502033156083690e-01,7.009696590553643469e-02,7.140622905402385992e-03,2.627463246793869389e-02,-4.220027704544439262e-02,-4.054247285401492429e-02,5.222306626748290936e-02,-3.248134411725277920e-02,-1.261003619464676727e-02,4.616381429018275723e-02,1.576790741319987477e-01,1.672550158630859152e-01,-5.470753831717235088e-02,-6.523526520398588435e-02,1.453594888064703439e-02,2.762366504312078197e-01,7.399839134903257731e-01,7.572143527414093578e-01,-9.012467044997542198e-02,1.575405514098038307e-01,-1.858617453862996538e-01,1.706510567943160875e-02,4.075293802225300466e-01,-1.393627954779033951e-01,-4.956164261137673832e-01,-3.881987577639751663e-01,-5.270834264265605862e-01,-3.799499530810134251e-01,6.052325841190401290e-01,5.065016309933420002e-01,-1.043880423611421443e-01,-1.164707985164663284e-01,-1.385227221949148727e-04,4.556057017739845172e-02,-2.200723892935341208e-02,-4.449707314893426580e-02,-1.868224674918450290e-01,-1.325975244649001406e-01,1.739800706019035692e-01,1.574154341123374656e-01,3.083292372313329310e-01,4.826935966754546947e-01,2.593055989990616372e-01,8.257294785289780170e-02,2.257920371777112356e-01,1.256803253049734170e-01,1.613119442334331370e-03,-5.511416953393806495e-02,-2.400598775637874660e-01,1.186022610483042083e-01,-2.202690021895526984e-01,-3.036328701014343739e-02,-5.740202868760892196e-02,3.448322087671477909e-02,1.036730863756200050e-01,6.120916931051432336e-02,-4.518074981008981389e-02,1.872246302337012280e-01,-1.969256892622547883e-01,-1.691585861745386332e-01,1.986594575271459773e-01,1.756021269940569174e-01,-7.308637562000089294e-02,2.983153849591134443e-02,-2.128423968899414709e-01,-1.935564591804816992e-01,3.071629652799499552e-02,1.526520398587961902e-01,1.837436882791903051e-02,1.434693239197461778e-01,-1.620313686938647801e-01,-1.834398319853434156e-01,1.347602663211046048e-01,1.667366727735823673e-01,-1.364314759372626251e-01,1.662317351088073714e-01
2.789400777514634000e-01,-9.093793288350686399e-02,1.000000000000000000e+00,6.084588230037087930e-01,2.816569104964475878e-01,3.398051744939452057e-01,6.556146387238035445e-01,5.479154564547119577e-01,2.863800884758032073e-01,3.768577684436301700e-01,4.551990705572188101e-01,5.007998570088029178e-01,6.660887439117029185e-01,2.335046248715313411e-01,5.321104606997631992e-01,3.188212163188703929e-01,-1.069082622101076852e-01,-1.035256267036060579e-01,5.369989722507708674e-01,3.291925465838509424e-01,2.023816971267706211e-01,4.041199338665713570e-01,6.837347513293713375e-01,7.570222083203003161e-01,4.789132669020063626e-01,4.095625363063586377e-01,2.764600741766835013e-01,2.974082845524822494e-01,1.327315787121855217e-01,1.716430582242280678e-01,4.206666964564994005e-01,4.409937888198757761e-01,3.230573305330890488e-01,2.118682693596675437e-01,2.465883194065865425e-01,2.831672550158630813e-02,-1.859600518343089426e-01,-2.263774073908574880e-01,-7.872559095580677901e-02,-1.951427677733589550e-01,-1.863264667768890492e-01,-1.021984896554805899e-01,-4.562089458867688574e-01,-4.736806827829661559e-01,-2.415389427588364168e-01,-4.361097457437776437e-01,-4.844184279905268120e-01,-4.067205862639081126e-01,-4.490281067071808518e-01,-5.017337682648912445e-01,-3.765583806246927678e-01,-3.515974797801510454e-01,-5.593055989990616261e-01,-4.333303543500603427e-01,-2.946691094329505489e-01,-1.191876312614504607e-01,-3.129183609634031971e-01,-2.736896197327852165e-01,-3.495062335224987660e-01,-3.378703248581259033e-01,7.167880602350418240e-02,3.119576388578578219e-01,7.348406988694758391e-02,2.456678135752267678e-01,4.228875284865275530e-01,2.149157692479556625e-01,-7.222842843737432850e-02,-2.404843826801912610e-01,-1.355869341793645710e-01,-1.580991107734930068e-01,3.752535859511149097e-01,4.625586487331873609e-01,5.079538853389338193e-01,3.585995799633585057e-01,4.049600071495598752e-01,4.014343804459538090e-01,5.261539836453817953e-01,5.064524777693373281e-01,1.987086107511506217e-01,2.795254479646096524e-01,-5.753161445998480894e-02,2.006345234371509009e-02,-2.569507127217480758e-01,5.825103892041646331e-02,-5.527503463068055012e-02,-2.231332946065507916e-01,2.057732695830912992e-02,8.592877250994235272e-02,-2.129630457124983278e-01,-4.510255149917333228e-01,1.339648777872112263e-02,-2.135662898252826403e-01,1.704946601724831312e-01,7.484248625943965005e-02,1.601501407569596580e-01,-1.265963626614236559e-01,1.066312167657178650e-01,1.085526609768086154e-01,-1.282899146521292340e-02,1.659189418651414172e-01,6.525313910362393055e-02,1.965771482193127417e-01,1.618481612225747268e-02,-7.457884623977836802e-02,-1.973189150542919712e-01,-1.742213682470172831e-01,6.904687430180080077e-02,1.465883194065865369e-01,1.482729344474730815e-01,1.225300504937664736e-01,7.346172751240001401e-03,4.791992492962152128e-02,-4.909960230573305606e-02,2.664328164797354903e-01,1.979534384914428610e-02,1.354841592564457776e-02
2.806112873676214203e-01,4.187854685195942922e-02,6.084588230037087930e-01,1.000000000000000000e+00,7.715715626256758330e-02,4.088788596452030966e-01,3.653291031770856678e-01,6.279949953081013225e-01,2.069082622101076907e-01,5.464721390589392103e-01,1.514008668841324567e-01,4.901738236739800469e-01,3.694132892443808824e-01,2.781134098932034338e-01,2.525403279860583550e-01,2.938066937754144625e-01,-4.149872648465079139e-02,-1.228070959381563076e-01,4.447964609678716763e-01,3.138656776442200202e-01,5.309888734974753388e-02,3.708610751150632212e-01,5.541355735287546436e-01,5.807721524643638666e-01,2.906340765896599510e-01,1.980294025649045886e-01,2.546673220429867546e-01,3.521917869431163139e-01,-4.139595156173198065e-02,8.601367353322311726e-02,3.626301443317395679e-01,3.723446087850216801e-01,3.114124849188971700e-01,3.212386612449171230e-01,1.288574109656374367e-01,-1.190848563385316604e-02,-2.632557308190714429e-01,-2.599043746369363861e-01,-1.898610304303141316e-01,-3.360874033692300977e-01,-2.503150274811206666e-01,-9.442334331292730198e-02,-2.384556950712721779e-01,-2.895080209124625825e-01,-1.272889762723982410e-01,-2.631350819965145860e-01,-2.644175342955449315e-01,-2.722686447115599262e-01,-2.850350775280396931e-01,-2.919656821126949131e-01,-1.399079494168640192e-01,-2.255194602082309374e-01,-3.596228607176370495e-01,-3.569864605210241737e-01,-3.541757898029402329e-01,-2.440680995576209877e-01,-1.199740828455248265e-01,-9.067876133875507616e-02,-3.326511461638143041e-01,-1.655704008221993706e-01,4.849188971803923554e-02,4.131507216586978726e-01,1.693462621207381946e-01,2.852004110996916864e-01,2.574511819116135913e-01,2.408373921980428156e-01,-1.143929576835426010e-01,-1.985075293802225360e-01,-6.363108271147056849e-02,-2.175566379194780742e-01,5.298717547700969588e-01,5.114661066178113336e-01,4.582018856964117925e-01,3.984673131060368911e-01,2.280620224317440325e-01,2.345100317261718526e-01,4.810536663836632587e-01,4.980025917154475290e-01,2.916796997184860629e-01,2.818579918673756457e-01,4.247285401492470469e-02,1.220608606282675701e-01,-3.174047097725546385e-01,-3.848250592072925691e-02,7.992314223155637387e-02,7.877027570490191533e-02,-6.465883194065865334e-03,1.454488583046606165e-01,-2.714821931274856159e-01,-4.766700924974306419e-01,-2.577148219312748734e-01,-5.470843201215425111e-01,-1.166361320881183217e-01,-2.680325304973412703e-01,-6.398856070423164510e-02,-3.267527592832566441e-01,-5.024353188256847763e-02,-1.439161714106975409e-01,-1.481299432503686564e-01,-1.793154296438625450e-01,-3.490325751820903821e-02,-2.114169533938067003e-01,-2.187988739443227915e-01,-3.851825372000536318e-01,-1.204209303364761618e-01,-3.554224943026944999e-02,-1.917288529424907295e-01,-9.896778229590240394e-02,2.548371240895482281e-01,-1.144510478573662754e-01,-2.451405335359041829e-02,-4.773671745833147489e-02,-6.214308056660261537e-02,2.449349836900665822e-01,1.524107422136824763e-01,-4.884043076098127517e-02
-1.065641896420751605e-01,-2.619554046204030651e-01,2.816569104964475878e-01,7.715715626256758330e-02,1.000000000000000000e+00,5.682604227177264766e-01,3.488851155100763934e-01,1.331918316278654091e-01,4.202019750659100050e-01,3.150811028196076613e-01,1.662138612091693113e-01,5.022565798293042449e-02,1.971133652084543497e-01,6.809508914607444174e-02,4.258054426024397987e-01,3.299209079941016198e-01,-1.006389919120604104e-01,7.020867777827427547e-02,9.207739398543277054e-02,4.980115286652665729e-02,3.152062201170740541e-01,2.730595647705438278e-01,3.082800840073282936e-02,1.620179632691362559e-01,2.688860092050583406e-01,3.368738549533044635e-01,4.561687296125832014e-01,1.228249698377943677e-01,8.471781580946423362e-02,1.831985343402296740e-01,-6.041824925153044951e-02,8.154966709861924054e-03,2.283390678761338874e-02,2.231556369810983390e-02,2.487019080387863623e-01,1.369989722507708174e-01,-6.773314267840385705e-02,-6.016801465659770559e-02,-5.104785736628088960e-02,2.736940882076947107e-02,2.707895795165110239e-02,-1.661825818848027270e-01,-3.850440144778586871e-01,-3.315340274364359519e-01,-2.086867152240940160e-01,-2.099691675231243615e-01,-4.296974842486259716e-01,-3.377541445104785822e-01,-2.891326690200634597e-01,-2.792260601456723057e-01,-2.242146655346530237e-01,-1.686938647839492378e-01,-2.908172840609499765e-01,-1.914339335984628354e-01,-2.240135841637249103e-01,-1.076857768443630209e-01,-2.614862147549041338e-01,-2.732785200411099735e-01,-1.958085705348764499e-02,-1.443898297511059525e-01,2.471066624960900800e-03,-1.747173689619732628e-02,-3.026498056213414514e-02,-3.360293131954063869e-03,2.804414853210599468e-01,7.703203896510120441e-02,2.152330309665311248e-01,1.044550694847848488e-01,-2.005585593636891595e-01,-1.730416908709057622e-01,3.898297511059475168e-02,4.947048572322266385e-02,1.267348853836185729e-01,6.389919120604137769e-03,2.411055006926136057e-01,7.455203539032127791e-02,1.869520532642209298e-01,1.239510255149917362e-01,-8.294829974529692451e-02,1.983556012332990670e-01,-1.863309352517985573e-01,-1.114169533938066947e-01,1.030564368381071544e-01,1.461012556414495733e-01,-2.457169667992314122e-01,-2.431118459269851206e-01,-3.753518923991241659e-04,1.458599579963358595e-01,-1.389919120604137803e-01,-1.530050493766477449e-01,2.211090754725412166e-01,1.836990035300951896e-01,2.275973010411546649e-01,2.370749363242325436e-01,1.964296885472988086e-01,2.402967067339916996e-01,5.616426113767371275e-02,-7.714821931274855327e-02,1.661959873095312512e-01,3.268063809821707966e-01,-6.092765539121498125e-02,2.281022387059296608e-01,2.491889718039233259e-01,1.256267036060592646e-01,1.817552169444568433e-01,1.223736538719335104e-01,2.334733455471647567e-01,9.215782653380401312e-02,1.452388399839134869e-01,2.767952097948970236e-01,-2.118280530854819155e-01,-2.056839000849010335e-02,-9.045086911836990040e-02,-1.566602618526296842e-01,-1.327539210867330899e-01,6.345234371509004493e-04
-3.891147951204253913e-02,-1.048527637517315397e-01,3.398051744939452057e-01,4.088788596452030966e-01,5.682604227177264766e-01,1.000000000000000000e+00,3.018856964118146746e-01,3.199785513204343457e-01,6.449260467402475605e-01,7.682068010188122242e-01,2.574779927610706398e-01,2.204253988113856755e-01,2.278207247866303187e-01,2.360248447204968958e-01,3.497073148934268794e-01,5.336923008177308914e-01,2.572947852897805934e-02,4.280798963313821315e-02,1.873810268555342051e-01,4.199472719960677114e-02,1.541355735287546491e-01,4.502658742571160611e-01,7.318468206801018172e-02,1.489968273828142509e-01,2.100004468474909458e-01,2.107556191071986995e-01,4.153715536887260251e-01,4.169712677063318051e-01,-7.734036373385763663e-02,2.363823227132579724e-02,4.846061039367263734e-02,9.352517985611510931e-02,8.577237588810938951e-02,1.693105143214620745e-01,1.042986728629518717e-01,6.861343223557800353e-02,-2.747486482863398805e-01,-2.473345547164752800e-01,-2.509584878680906073e-01,-2.645203092184637561e-01,-2.422762411189061105e-01,-3.346753652978238791e-01,-3.181151972831672281e-01,-2.557978461950936033e-01,-6.821573796863131256e-02,-1.084945708029849409e-01,-4.114616381429018199e-01,-3.145985075293802335e-01,-2.447741185933240970e-01,-2.694132892443809046e-01,-3.136333169489253225e-01,-2.291344564100272485e-01,-2.990392778944546137e-01,-2.170695741543411106e-01,-4.861030430314133843e-01,-3.396264354975646604e-01,-9.599624648107600577e-02,-3.189597390410652683e-02,-8.777872112248089054e-02,6.948478484293310435e-03,1.911122034049778928e-01,2.674471602841950180e-01,2.011260556771973795e-02,8.402073372358014047e-02,9.558067831449126861e-02,1.323562268197864093e-02,3.482729344474731065e-02,-3.452790562580990846e-02,-1.795656642387953028e-01,-2.086822467491845079e-01,3.427677733589525877e-01,3.539032128334599347e-01,2.859108986103042760e-01,2.335359041958979531e-01,3.673577907860047231e-01,5.083337057062424502e-02,4.201394164171768364e-01,3.423209258680012246e-01,1.478260869565217461e-01,3.486304124402341276e-01,-7.990526833191831380e-02,-5.142320925868001241e-02,-1.011215872022878659e-01,1.660440591626078100e-01,-2.899012467044997376e-01,-1.431609991509897595e-01,-5.893471558157201140e-02,2.776754993520711423e-01,-3.631484874212431158e-01,-3.633451003172616933e-01,1.638589749318557567e-02,-1.962241387014611871e-01,1.174091782474641354e-01,-2.206086062826757149e-02,-6.501630993341972475e-03,-1.138209928951249006e-01,-8.163456812189999467e-02,-2.814647660753384906e-01,-5.243755306313954700e-02,2.888422181509450737e-02,-1.931274855891684239e-01,-1.467447160284194967e-02,-8.720675633406319016e-02,-1.978059788194289348e-01,2.967961034898788930e-02,3.924214665534653257e-02,8.150498234952410770e-02,9.383797309978104148e-05,2.068010188122793580e-01,5.594977434201706817e-02,-2.600831136333169313e-01,-1.552750346306805418e-01,-1.078287680414674460e-01,-7.334554716475266689e-02,2.541221681040261096e-02,-9.006658027615174755e-02
9.527235354573483639e-02,-3.454846061039367200e-01,6.556146387238035445e-01,3.653291031770856678e-01,3.488851155100763934e-01,3.018856964118146746e-01,1.000000000000000000e+00,5.224049331963001030e-01,4.923544394298225990e-01,3.549175566379194624e-01,4.683587291657357321e-01,3.299700612181062365e-01,6.486795656642387886e-01,1.388757317127664315e-01,4.664819697037401180e-01,2.445998480718530876e-01,-2.923052862058179713e-01,-2.160016086509674305e-01,3.434335761204700965e-01,9.009339112560882379e-02,-1.468787702757048952e-02,2.242459448590196081e-01,3.115554761160015951e-01,3.170025470306984117e-01,3.780240403950131944e-01,3.409088877965950060e-01,-1.864247732248983450e-02,9.590240850797622507e-02,8.869475847893114329e-02,1.972563564055587748e-01,1.958487868090620643e-01,2.296572679744403322e-01,2.476696903346887746e-01,1.524375530631395526e-01,4.423924214665534427e-01,2.881808838643371007e-01,-3.204924259350283577e-01,-3.527905625809911183e-01,-2.830242638187586701e-01,-3.943160999150989721e-01,-3.349121944680280571e-01,-2.219268063809821667e-01,-4.443004602529156966e-01,-4.840966977970418972e-01,-1.921042048348898523e-01,-4.266365789356093008e-01,-4.791277536976629725e-01,-4.316993610080879229e-01,-4.210822646230841237e-01,-6.095938156307252331e-01,-5.222217257250100220e-01,-5.579829304258456801e-01,-3.788641136780017127e-01,-2.563832164082398557e-01,-3.211314178470887626e-01,-2.652799499530810179e-01,-5.808168372134590030e-01,-5.639528129049555805e-01,-4.728093301756110950e-02,-4.314580633629742090e-01,2.774520756065954608e-01,8.400285982394209428e-02,-7.285848339961571718e-02,1.283480048259529049e-01,5.331918316278654313e-01,9.121944680280620610e-02,1.436033781670315868e-01,-1.741319987488270382e-01,-2.004200366414942702e-01,-1.717279592475088323e-01,2.323919746190625246e-01,3.473792394655704219e-01,4.793154296438625339e-01,3.405558782787434513e-01,3.156307252334777935e-01,2.937396666517717581e-01,3.770007596407345951e-01,3.027525805442602413e-01,6.295187452522453542e-02,1.061128736762143032e-01,-1.872335671835202719e-01,-2.613030072836141082e-01,-4.088654542204745446e-01,3.308458823003709165e-02,-1.464051119352964836e-01,-3.774386701818669421e-01,-3.524464900129585798e-01,-1.973457259037490474e-01,4.582867867196925571e-02,-3.932794137360918763e-01,1.275973010411546593e-01,-9.984360337816702846e-02,1.483846463202109223e-01,-7.249206845703561053e-02,1.972384825059207425e-01,-7.767549935207113121e-02,2.592564457750569651e-01,2.305464944814334949e-01,2.139103623933151510e-01,4.249296215201751603e-01,-1.454399213548416003e-01,2.528575897046337895e-01,-1.271281111756557454e-02,-6.349702846418517344e-03,1.817328745699092751e-02,7.406497162518432820e-02,-1.348898520934805056e-01,-5.471647526699137398e-02,1.047231779793556528e-01,1.232181956298315367e-01,3.143661468340855358e-01,3.801465659770320582e-01,-1.671567094150766264e-01,8.894052459895437912e-02,1.175789802940256507e-01,-2.603333482282496961e-02
3.100853478707716882e-01,-1.231422315563698161e-01,5.479154564547119577e-01,6.279949953081013225e-01,1.331918316278654091e-01,3.199785513204343457e-01,5.224049331963001030e-01,1.000000000000000000e+00,2.164573930917377820e-01,4.874525224540864343e-01,6.062871441976853681e-01,7.530944188748379675e-01,6.338129496402877816e-01,5.605344295991777637e-01,4.546941328924438142e-01,4.099021403994816404e-01,-2.291657357343938606e-01,-2.025738415478797183e-01,5.176549443674873796e-01,4.233209705527503641e-01,1.794316099915098939e-01,1.341480852585012762e-01,2.919656821126949131e-01,4.151660038428884314e-01,1.134456410027257639e-01,1.087850216721033131e-01,1.132177487823405881e-01,4.787970865543589999e-02,1.073595781759685425e-01,1.875731712766432746e-01,1.865543589972742389e-01,2.520353903212833591e-01,1.404843826801912554e-01,7.967737611153313804e-02,1.092408061128736785e-01,5.662451405335359317e-02,-1.973323204790205232e-01,-1.937307297019527363e-01,-4.035703114527011692e-01,-3.197149113007730636e-01,-2.298270700210018336e-01,7.056615577103535208e-02,-3.727646454265159393e-01,-4.109656374279458402e-01,-3.196389472273113430e-01,-4.739979445015416459e-01,-3.664506903793735004e-01,-4.383171723490772442e-01,-3.026587425711604884e-01,-2.780776620939273691e-01,-1.143482729344474751e-02,-1.646186156664730324e-02,-2.174181151972831572e-01,-3.160284195004244845e-01,-2.206354171321328050e-01,-1.731176549443674828e-01,-4.111801242236025056e-01,-2.822512176594128563e-01,-1.283301309263148449e-01,2.946959202824075974e-02,4.674829080834710937e-01,6.190714509138031119e-01,9.840028598239421165e-02,3.759596049868180190e-01,2.130568836855981085e-01,2.002144867956566487e-01,-1.158228696545868935e-02,-7.810447294338442037e-02,-1.273381294964028854e-01,-2.629697484248625927e-01,6.040797175923857676e-01,6.035479690781536677e-01,5.340989320344966540e-01,3.619598730953125787e-01,2.918763126145046960e-01,2.980696188390902224e-01,6.372760176951606237e-01,6.446221904464006780e-01,-2.766432816479735476e-02,1.169444568568747539e-01,-9.382903614996201958e-02,-2.173019348496358083e-01,-3.316859555833593931e-01,-2.895795165110147673e-01,-1.517985611510791477e-01,-1.372045220966084389e-01,-3.132132803074310634e-01,-2.013852272219491535e-01,-1.702220832030028053e-01,-2.641136780016979935e-01,-1.835426069082622125e-01,-3.964028776978417157e-01,-1.530139863264667888e-01,-2.736628088833281125e-01,-2.254166852853121128e-01,-2.402430850350775193e-01,-1.802359354752223197e-01,-1.212744090441932182e-01,-8.911032664551588045e-02,1.219893650297153688e-03,-1.790071048751061197e-02,-5.027034273202555734e-03,-2.106885919835560159e-02,-2.163456812189999690e-01,5.241967916350149387e-02,1.791054113231154155e-01,-3.206130747575852702e-02,5.845658876625407785e-02,1.544304928727825189e-02,-2.607801957192010245e-02,-5.576209839581750677e-02,-7.994995308101345011e-02,-6.855981053666383718e-02,1.467491845033290221e-01,1.564413065820635315e-02,-3.642253898744358259e-02
-2.587336342106438813e-01,-2.955181196657580833e-01,2.863800884758032073e-01,2.069082622101076907e-01,4.202019750659100050e-01,6.449260467402475605e-01,4.923544394298225990e-01,2.164573930917377820e-01,1.000000000000000000e+00,6.756691541176996774e-01,2.581974172215023011e-01,1.199070557218821220e-01,3.340989320344966429e-01,1.549935207113811997e-01,4.932302605120872374e-01,4.058090173823674096e-01,-3.034407256803253183e-01,-1.805576656687072623e-01,3.997944501541624007e-02,-1.269940569283703469e-01,-1.138299298449439168e-01,1.952589481210063038e-01,5.566826042271772607e-02,8.655435899727423332e-02,2.898699673801331533e-01,2.054202600652397237e-01,1.487599982126100451e-01,1.715804995754948714e-01,-1.333214174002413099e-01,-2.556861343223557764e-02,-1.732427722418338617e-02,4.115465391661825810e-03,6.445775056973054862e-02,6.616023951025515326e-02,3.869073685151258046e-01,3.035613745028821753e-01,-2.060860628267572325e-01,-3.699539747084319985e-01,-2.778676437731802396e-01,-4.005272800393225863e-01,-3.999776576254524540e-01,-4.144957326064614422e-01,-3.124983243219089379e-01,-3.031949595603020686e-01,-8.459269851199785473e-02,-1.837258143795522658e-01,-4.832387506144152911e-01,-3.518521828499933113e-01,-3.506680369989722545e-01,-4.619375307207649883e-01,-4.943697216140131578e-01,-4.590955806783145188e-01,-2.207918137539657821e-01,-1.813173064033245518e-01,-4.706733991688636931e-01,-4.268734081058134788e-01,-4.726752759283256444e-01,-4.189954868403413801e-01,2.922382590821752391e-02,-3.358192948746592799e-01,2.931989811877206420e-01,3.460386969927163603e-02,-2.384869743956387622e-01,-3.708387327405156947e-02,3.360784664194110816e-01,5.797846195093614430e-02,8.306001161803476529e-02,-1.512712811117565559e-01,-3.103132400911569055e-01,-2.073729836006970861e-01,1.287948523169042403e-01,1.891505429197015142e-01,1.491755663791947684e-01,1.383886679476294679e-01,1.324500647928861796e-01,4.997095491308816556e-02,3.252692256132981852e-01,2.472496536931945155e-01,-2.416104383573886363e-02,7.918137539657714441e-02,-2.312748558916841723e-01,-1.996380535323294125e-01,-1.857857813128379332e-01,1.876089190759193948e-01,-1.609410608159435319e-01,-1.001698020465615069e-01,-9.452611823584609885e-02,1.353903212833459935e-01,1.219670226551677894e-01,-2.790607265740203125e-01,1.628580365521247464e-01,-1.256267036060592646e-01,1.348853836185709698e-01,-1.431520622011707433e-01,9.104964475624469089e-02,-7.312212341927699921e-02,1.787881496045399810e-01,-6.247374770990660880e-02,1.519996425220072334e-01,2.883774967603556783e-01,-2.473837079404799244e-01,1.034585995799633534e-01,-7.769337325170919129e-02,-5.572635059654140050e-02,8.646945797399348266e-02,1.194289289065641885e-01,-6.045846552571607080e-02,-7.778721122480897199e-02,3.512668126368470589e-02,1.294338442289646451e-01,1.949953081013450218e-01,2.575092720854372241e-01,-2.713257965056526388e-01,-9.773448322087671669e-02,2.319406586532016534e-01,3.171723490772599546e-02
4.433173957728227255e-02,-8.725144108315831259e-02,3.768577684436301700e-01,5.464721390589392103e-01,3.150811028196076613e-01,7.682068010188122242e-01,3.549175566379194624e-01,4.874525224540864343e-01,6.756691541176996774e-01,1.000000000000000000e+00,4.206488225568613681e-01,4.890298940971446462e-01,4.070289110326645310e-01,5.020376245587381270e-01,4.584476518164350423e-01,6.335582465704454602e-01,-4.973859421779346784e-02,-8.262210107690244609e-03,3.030653737879261955e-01,1.138924884936771131e-01,-8.689396309039724986e-02,2.325930559899906103e-01,2.108405201304794641e-01,2.135886321998302084e-01,2.524018052638634657e-01,2.789668886009204901e-02,3.079494168640243279e-01,4.222708789490147163e-01,-7.227311318646946481e-02,1.639036596809509069e-02,1.962107332767326628e-02,6.960543366548996302e-02,1.232628803789266730e-01,1.332007685776844252e-01,9.797578086599043057e-02,-1.134545779525448009e-02,-4.139416417176817742e-01,-4.813351803029625731e-01,-4.024442557755038008e-01,-4.588185352339246847e-01,-3.905849233656553121e-01,-3.772867420349435008e-01,-4.580186782251217670e-01,-4.580454890745788710e-01,-2.391393717324277191e-01,-3.562491621609544801e-01,-5.473792394655704330e-01,-4.604674024755350814e-01,-3.851780687251440960e-01,-3.881138567406943740e-01,-2.573484069886947667e-01,-2.332409848518700590e-01,-2.603378167031591972e-01,-2.387148666160239519e-01,-6.121631887036954600e-01,-4.152598418159881843e-01,-2.364448813619911549e-01,-1.634836230394566270e-01,-1.954823718664819576e-01,-1.137673711962107342e-01,2.917243844675811992e-01,4.724697260824880507e-01,4.727646454265159448e-02,2.171053219536172307e-01,2.076857768443630126e-01,1.649090665355913976e-01,-2.096161580052728068e-01,-3.005987756378747933e-01,-1.565396130300728272e-01,-2.638857857813128316e-01,5.005094061396845317e-01,4.417668349792215898e-01,3.623620358371687500e-01,3.044908172840609661e-01,3.041378077662094115e-01,1.882568479377988435e-02,5.974350954019392868e-01,5.717905178962420232e-01,2.548862773135529003e-01,4.296572679744403156e-01,5.318378837302828455e-02,6.439072344608784415e-02,-2.611019259126859948e-01,1.089458867688457983e-01,-3.810715402833013410e-02,7.578086599043745708e-02,-1.504535502033156058e-01,1.527637517315340310e-01,-1.905938603154743172e-01,-3.960096519058045605e-01,-1.352294561866035083e-01,-4.275973010411546760e-01,9.611689530363287659e-03,-2.107109343581035910e-01,-1.727914562759730044e-01,-3.321193976495822042e-01,-1.133294606550784150e-01,-2.831449126413155271e-01,-1.999642522007238910e-01,-9.548237186648196595e-02,-1.994056928370347148e-01,-1.093257071361544291e-01,-3.158898967782295952e-01,-3.728629518745252280e-01,-4.522096608427543518e-02,6.010992448277403116e-02,-1.175834487689351587e-01,-8.774297332320478426e-02,1.287367621430805624e-02,-7.852897805978818757e-02,-1.195719201036686136e-01,-6.994503775861297956e-02,-3.964430939720273162e-02,-1.051432146208499015e-02,1.192457214352741351e-01,-4.269180928549086429e-02
3.412484918897180641e-01,-2.812458108047723171e-02,4.551990705572188101e-01,1.514008668841324567e-01,1.662138612091693113e-01,2.574779927610706398e-01,4.683587291657357321e-01,6.062871441976853681e-01,2.581974172215023011e-01,4.206488225568613681e-01,1.000000000000000000e+00,7.482818713972920754e-01,7.843558693417936878e-01,4.904464006434604006e-01,5.349032575182089966e-01,3.351490236382322907e-01,-7.517315340274365043e-02,-2.211895080209124679e-03,6.183252156039144021e-01,4.216721033111399120e-01,1.119844497073148870e-01,6.826935966754546503e-02,1.994816569104964354e-01,2.816390365968095000e-01,1.661110862862505144e-01,5.461370034407257018e-02,-8.043254837124089347e-04,4.681174315206219905e-02,3.567809106751865800e-01,2.158675544036820215e-01,1.291389248849367788e-01,2.266812636847043982e-01,1.087313999731891467e-01,-5.765673175745118090e-02,1.557710353456365389e-02,-5.384065418472674946e-02,-2.036686179007104747e-01,-2.029804727646454254e-01,-4.132713704812547295e-01,-2.676437731802135955e-01,-2.530720765002904549e-01,3.193172170338263310e-02,-5.148844899235890393e-01,-5.227400688145136254e-01,-2.864471155994459117e-01,-5.119889181822243618e-01,-5.674382233343759907e-01,-5.295410876267929723e-01,-3.791769069216676113e-01,-4.344519415523481753e-01,-2.465168238080343299e-01,-1.858170606372045175e-01,-2.539121497832789731e-01,-2.699584431833415010e-01,-2.801733768264891289e-01,-1.924974306269270352e-01,-3.035703114527011914e-01,-2.554805844765181688e-01,-1.388489208633093552e-01,-6.244246838554001755e-02,5.527726886813530971e-01,5.187944054694132445e-01,1.181822244068099492e-01,3.868582152911211325e-01,1.536931945127128218e-01,1.152017516421645349e-01,-7.742526475713838729e-02,-2.235935475222306512e-01,6.335403726708074834e-02,-4.270521471021940241e-02,4.102238705929666107e-01,4.357790786004736572e-01,4.989990616202690243e-01,3.802895571741364833e-01,3.194378658563832296e-01,3.273381294964028965e-01,5.312793243665936416e-01,5.415255373341079093e-01,3.350015639662183575e-02,2.835426069082622180e-01,1.251307028911032571e-01,-6.226819786406899426e-02,-1.261405782206533044e-01,-5.567272889762724108e-02,-1.612047008356048139e-01,-2.597390410652843928e-01,-2.685776844363018667e-01,-3.235443942982260124e-01,-3.352249877116939697e-02,-1.928012869207739455e-01,-1.163188703695428733e-01,-1.642656061486214847e-01,3.364761606863577587e-02,-1.364850976361767776e-01,-1.236561061709638559e-01,-1.399034809419545111e-01,-1.238705929666204936e-01,1.530988873497475256e-01,-2.020957147325617709e-01,8.053532329415970248e-02,-1.676124938558469848e-02,2.182045667813575229e-01,-4.261137673711962170e-02,-5.196836319764064870e-03,5.741990258724697684e-03,1.359756914964922389e-02,9.878010634970284254e-02,2.169399883819652375e-01,-2.674560972340140341e-01,2.162026900218955161e-01,1.380758747039635345e-02,-4.874659278788149447e-02,-1.054470709146968083e-01,5.341168059341346724e-02,6.193306224585548928e-03,2.135484159256445802e-01
3.078689843156530714e-01,-3.298181330711828091e-02,5.007998570088029178e-01,4.901738236739800469e-01,5.022565798293042449e-02,2.204253988113856755e-01,3.299700612181062365e-01,7.530944188748379675e-01,1.199070557218821220e-01,4.890298940971446462e-01,7.482818713972920754e-01,1.000000000000000000e+00,7.125430090710040965e-01,5.449126413155189752e-01,4.918003485410429310e-01,2.633227579427141474e-01,-3.727154922025113087e-02,1.113097099959783724e-02,5.998838196523526012e-01,4.276822020644354128e-01,7.641092095267884576e-02,5.240627373877295575e-02,4.564502435318825713e-01,4.972786987801063319e-01,1.964386254971178247e-01,-1.360650609946825219e-02,2.812904955538674673e-02,1.308414138254613834e-01,2.451494704857232199e-01,1.759506680369989640e-01,2.262969748424862593e-01,2.905402386165601425e-01,2.232896912283837410e-01,1.017561106394387627e-01,9.959336878323428455e-02,-1.437508378390455269e-02,-2.114929174672684209e-01,-1.987622324500648019e-01,-4.480673846016354767e-01,-4.019214442110907726e-01,-2.802359354752222975e-01,8.564279011573350253e-02,-5.030832476875641834e-01,-5.213459046427454391e-01,-2.652576075785334497e-01,-4.552348183564949302e-01,-5.112605567719736843e-01,-5.121274409044193066e-01,-2.870861075115063166e-01,-2.377228651861119924e-01,-3.702578310022789504e-02,-2.560436123151168392e-02,-2.719290406184369235e-01,-3.633451003172616933e-01,-3.330801197551275794e-01,-2.618124134232986400e-01,-2.942356673667277378e-01,-2.494794226730416842e-01,-2.526028866347915236e-01,1.809732338352919995e-02,4.061218106260333083e-01,6.790383841994727110e-01,1.461861566647303379e-01,5.144823271817329235e-01,1.956611108628625029e-01,2.720005362169891638e-01,-1.448098663926002116e-01,-2.309799365476562782e-01,-2.321372715492202657e-02,-1.953125698199204563e-01,5.408195182984047999e-01,5.369542875016757311e-01,5.401984002859824274e-01,4.149202377228651817e-01,1.780151034451941672e-01,3.068725144108315761e-01,6.528978059788194122e-01,7.040305643683810732e-01,1.579159033022029535e-01,2.865007372983600642e-01,1.706555252692256164e-01,3.131954064077930450e-02,-2.638455695071272311e-01,-2.651012109567004726e-01,-4.002412976451136944e-02,-3.770052281156441309e-02,-1.930693954153447356e-01,-2.764466687519549493e-01,-1.564368381071540304e-01,-2.312301711425890360e-01,-3.236427007462353012e-01,-4.279503105590062306e-01,-1.176728182671254314e-01,-2.426605299611242772e-01,-2.491174762053711134e-01,-2.988962866973501886e-01,-2.862147549041512140e-01,-6.418517360025023655e-02,-3.328611644845614337e-01,-1.558157200947316579e-01,-4.419321685508736074e-03,-4.699495062335225237e-02,-1.048214844273649415e-01,-1.603378167031592194e-01,-6.385450645694625005e-02,-1.556369810983511404e-02,5.044461325349658409e-02,1.740068814513606454e-01,-1.837168774297332219e-01,-6.166048527637517374e-02,-1.250860181420081207e-01,-1.947629474060503241e-01,2.869207739398543441e-02,1.057866750078198248e-01,4.801376290272130198e-02,9.392734259797130836e-02
3.063988560704231645e-01,-7.159837347513293981e-02,6.660887439117029185e-01,3.694132892443808824e-01,1.971133652084543497e-01,2.278207247866303187e-01,6.486795656642387886e-01,6.338129496402877816e-01,3.340989320344966429e-01,4.070289110326645310e-01,7.843558693417936878e-01,7.125430090710040965e-01,1.000000000000000000e+00,5.278341302113588318e-01,6.496581616694222516e-01,4.179051789624201318e-01,-2.085794718262656833e-01,-1.339246615130255946e-01,6.269359667545466586e-01,4.023548862773135282e-01,5.878278743464855627e-02,1.385048482952768167e-01,4.411904017158943536e-01,4.854059609455292912e-01,2.610259618392242742e-01,9.537065999374413905e-02,-1.016309933419723838e-01,-6.238437821171634312e-02,2.490683229813664690e-01,2.453907681308369337e-01,1.744358550426739485e-01,2.300236829170204111e-01,2.582108226462308531e-01,8.209482103757986815e-02,2.451852182849993400e-01,1.106081594351847747e-01,-1.365119084856338538e-01,-1.512400017873899716e-01,-3.581706063720452304e-01,-3.403547969078153379e-01,-2.953527860941060901e-01,-4.718709504446132186e-03,-5.608963760668483900e-01,-5.476428794852317150e-01,-3.601948255060548054e-01,-5.502167210331113667e-01,-6.479467357790785753e-01,-6.400285982394209316e-01,-5.700344072568032106e-01,-6.165825103892041970e-01,-4.356763036775548326e-01,-4.422628356941775696e-01,-3.725859064301353940e-01,-3.442602439787300628e-01,-4.413870146119129312e-01,-3.752893337503909743e-01,-4.709772554627105756e-01,-4.158943652531391089e-01,-1.701818669288172048e-01,-2.925912686000268215e-01,4.274721837436882832e-01,4.123419277000759386e-01,-1.278430671611778882e-02,2.888198757763975055e-01,3.284597166986907291e-01,1.951472362482684630e-01,-3.179766745609723111e-02,-2.739487912775369627e-01,-6.215648599133116042e-02,-1.022118950802091281e-01,3.447160284195004420e-01,4.028151391929934433e-01,5.271147057509272260e-01,3.787568702801733522e-01,3.144733902319138408e-01,3.668662585459582792e-01,5.173153402743643214e-01,4.928995933687832509e-01,5.212029134456409862e-02,1.607355109701059104e-01,-4.495285758970463119e-02,-4.341123374592251866e-02,-1.974663747263059044e-01,-8.704589123732070499e-02,-9.687653603825015225e-03,-2.306135216050761994e-01,-2.705304079717592569e-01,-2.693462621207382002e-01,-2.626122704321015230e-02,-2.813888020018767699e-01,1.598373475132936969e-02,-1.276196434157022275e-01,1.833772733366102192e-01,-3.008624156575360684e-02,1.130077304615934551e-02,-7.223736538719334466e-02,2.229768979847178249e-03,1.485321059922248554e-01,-1.553867465034183826e-01,1.479199249296215268e-01,8.242548818088386853e-02,2.981411144376424072e-01,1.526877876580723034e-02,-2.372760176951606379e-03,-6.428794852316904729e-02,-4.405916260780196048e-02,-8.735868448098663142e-03,1.465749139818579849e-01,-1.104249519638947213e-01,1.749318557576299282e-01,5.489968273828142731e-02,1.547432861164484488e-02,-6.078913266902006424e-02,8.023146700031279221e-02,-8.265338040126904429e-02,1.125251351713660170e-01
