0.000000000000000000e+00,3.882568479377988546e-01,3.944054694132892447e-01,4.369945037758612982e-01,1.687206756334063140e-01,1.133518030296259832e-01,1.913713749497296668e-01,2.220832030028151438e-01,-3.089458867688457677e-01,9.207739398543277054e-02,1.602573841547879629e-01,4.777961481746280104e-01,-4.743732963939407271e-02,-8.941865141427231267e-02,-6.486438178649626962e-02,1.057732695830912867e-01,1.714553822780285133e-02,-3.803565842977791461e-02,6.243710621564859675e-01,5.024621296751419219e-01,-2.465391661825818981e-01,-8.650073729836006697e-02,-2.988516019482550731e-02,1.589302471066625089e-01,3.601143929576835351e-02,-2.571741364672237573e-01,5.222753474239242438e-02,-3.718217972206085825e-02,-2.087984270968318568e-01,-7.534742392421465984e-02,4.572098842664998330e-01,-3.112739621967022807e-02,3.963715983734751314e-01,4.285267438223334113e-01,-3.744179811430358717e-01,-3.813843335269672674e-01,-1.794316099915098939e-01,-2.073148934268733978e-01,1.810670718083917941e-01,1.875329550024576741e-01,8.827919031234639224e-02,1.121229724295098040e-01,-4.761606863577461102e-02,1.593458152732472530e-02,-7.720184101166271962e-02,-1.457750569730550949e-01,-1.422628356941775807e-01,-1.063720452209660911e-01,-6.915411769962911959e-02,-2.722775816613789979e-01,-2.642343268242549059e-01,-2.913222217257250279e-01,-3.116582510389204197e-01,-3.585057419902586973e-01,9.861030430314134121e-02,2.888600920505831615e-01,7.282407614281245500e-01,3.652486706287144114e-01,5.414763841101032371e-01,6.141561285133384507e-01,5.682559542428169269e-02,3.793735198176862410e-03,1.766522185977925652e-01,-1.069350730595647753e-01,-4.235175834487689417e-01,-4.030921846373832773e-01,1.527950310559006153e-01,1.658921310156843409e-01,4.574243710621564984e-01,4.146968139773895001e-01,2.326511461638142986e-01,5.455561017024889575e-02,4.447026229947718956e-02,1.103311139907949406e-01,1.552571607310424817e-01,3.084766969033468920e-01,-1.546092318691630503e-02,1.595200857947182693e-01,-3.325349658161669275e-01,1.640198400285982350e-01,-6.996291165825103964e-02,6.563742794584208340e-02,2.559006211180124279e-01,4.332186424773225020e-01,-2.783323651637695795e-01,1.658251038920416365e-02,3.642879485231690362e-01,3.511059475401045460e-01,-2.733142678403860937e-01,2.514947048572322430e-01,-5.809374860360159154e-01,-4.873139997318914896e-01,-4.173466195987309280e-01,-3.658876625407748162e-01,-1.533714643192278515e-01,-1.204119933866571318e-01,-1.524420215380490606e-01,-9.509361454935430502e-02,2.211001385227222005e-01,-1.823986773314267840e-01,4.253228473122123154e-01,4.316502077840833063e-01,3.734304481880334481e-01,4.210420483488985233e-01,-2.111711872737834506e-01,-1.549890522364716916e-01,1.615934581527324609e-01,4.899995531525090375e-01,8.436480629161267897e-03,-3.428437374324143083e-01,-4.603065373787926240e-01,-1.870414227624112025e-01,-1.277179498637115163e-01,-2.426694669109432934e-01,-2.728182671254301139e-01,-1.012556414495732610e-01
3.882568479377988546e-01,0.000000000000000000e+00,2.472898699673801437e-01,4.718530765449752140e-01,1.987488270253362499e-01,-8.175074846954734353e-02,9.148755529737701009e-02,2.676303677554850435e-01,-1.664953751284686465e-02,-2.525984181598820433e-01,5.016309933419723505e-02,5.505161088520488244e-02,-2.497877474417981025e-02,-7.372089905715178970e-02,-1.661021493364314705e-01,-1.578175968541936647e-01,2.204075249117476154e-01,1.249921801689083539e-01,4.412887081639036424e-01,5.077393985432772094e-01,-7.413199874882701879e-02,-9.076366236203584070e-02,4.582421019705974069e-02,1.702533625273694173e-01,1.050895929219357455e-01,-1.181241342329862887e-01,2.396443093972027219e-02,4.293757540551410012e-02,-1.536261673890701104e-02,3.942535412663657896e-02,1.950355243755306223e-01,1.201349479422672978e-01,3.740113499262701646e-01,5.051342776710309179e-01,-6.814424237007909307e-03,-2.353098887349747426e-01,-7.865409535725456647e-02,4.474730774386701665e-02,8.704142276241118303e-02,8.146029760042897486e-03,2.264265606148621601e-01,2.090933464408597231e-01,-3.257071361544305182e-02,-7.485142320925868009e-02,4.325483712408954504e-03,8.910138969569686429e-03,-2.113409893203449796e-01,-2.376781804370168560e-01,-4.567675052504580058e-02,-2.844631127396219511e-02,-2.302917914115912290e-01,-1.292863845569507120e-01,-2.315697752357120387e-01,-6.245587381026855567e-02,-1.985745565038652405e-01,4.523437150900398024e-02,4.578086599043746374e-01,7.946646409580410131e-01,2.940479914205281764e-01,1.896822914339335864e-01,-1.117833683363867875e-01,1.456722820501362911e-02,2.124089548237186598e-01,-5.266544528352472970e-02,-1.149023638232271327e-01,-1.376200902631931622e-01,1.117878368112963094e-01,1.229679610348987928e-01,3.392912998793511936e-01,5.422538987443585867e-01,1.292238259082175156e-01,-8.481165378256400739e-03,6.155324187854685491e-02,1.658072299924036042e-01,-1.544841145716966679e-01,1.747173689619732628e-02,-2.586755440368202486e-01,-8.785021672103311002e-03,-1.399660395906877075e-01,2.360203762455873877e-01,-1.421868716207158427e-02,2.090307877921265545e-01,1.518611197998123163e-01,1.920863309352517923e-01,-2.362125206666964572e-01,1.560838285893024688e-02,-6.266142365610617715e-02,6.658027615174941238e-02,-5.217167880602350261e-01,2.182090352562670310e-01,-2.654050672505474107e-01,-3.310871799454845887e-01,-4.532150676973948911e-01,-3.502882166316635959e-01,7.889539300236829422e-02,1.090129138924884888e-01,-4.014924706197774834e-02,2.509495509182715911e-02,-4.913088163009964732e-02,-2.006479288618794321e-01,5.352786094106081610e-02,-6.922561329818133213e-02,1.326377407390857410e-01,1.754412618973144600e-01,-3.356048080790026145e-01,-5.801420975021225057e-02,1.653335716519951796e-03,1.405737521783815280e-01,1.211582286965458694e-01,-1.119308280084007345e-01,-2.861164484561419183e-02,-3.014522543455918635e-01,-2.659725635640555752e-01,-3.102149336431476168e-01,-1.899995531525090486e-01,-2.100183207471289918e-04
3.944054694132892447e-01,2.472898699673801437e-01,0.000000000000000000e+00,6.270834264265605640e-01,6.324500647928862351e-01,4.084722284284373894e-01,6.648375709370392128e-01,8.732740515662004710e-02,1.748737655838062399e-01,3.785245095848786545e-01,-9.500424505116403240e-02,1.016578041914294704e-02,-4.191429465123553376e-03,-1.373341078689843120e-01,5.749273872827204146e-01,4.919478082130568919e-01,-6.340319049108539273e-02,-3.598462844631127727e-02,3.924438089280128938e-01,1.938379730997810413e-01,-2.550828902095714779e-01,2.683319183162786656e-02,4.813977389516957972e-01,6.899280575539568083e-01,3.889896778229590124e-01,1.072076500290450873e-01,4.518521828499932891e-01,2.673220429867286252e-01,-1.686089637606684732e-01,-1.092229322132356184e-01,6.504937664775012340e-01,3.532061307475758416e-01,2.644577505697305320e-01,1.131685955583359438e-01,1.995889003083247681e-01,2.820501362884847429e-02,6.773761115331337901e-02,-4.060056302783859872e-02,1.959336878323428288e-01,5.028866347915456059e-01,-6.278207247866303409e-02,9.058492336565529546e-02,-6.165244202153804531e-01,-5.635372447383707462e-01,-4.195897940033066487e-01,-6.143616783591759889e-01,-5.785781312837928736e-01,-5.532865632959470537e-01,-6.368872603780330044e-01,-7.267125430090709548e-01,-6.876625407748335750e-01,-7.808838643371017740e-01,-6.994861253854059990e-01,-3.732025559676482307e-01,-4.009607221055453974e-01,-1.293176638813173067e-02,4.087179945484605836e-01,2.275302739175119604e-01,-7.683542606908262684e-02,3.384065418472675391e-01,-1.445641002725769619e-01,1.569328388221100101e-02,1.981321774878233924e-02,-1.024889405245989482e-01,3.265472094374189949e-01,5.267438223334375974e-02,3.807855578890924630e-01,2.433352696724608022e-01,2.876893516242906568e-01,4.099825729478528968e-01,4.736940882076947079e-01,4.531659144733902189e-01,1.699361008087939551e-01,9.709995978372581993e-02,-1.173421511238214449e-02,2.572992537646900946e-01,2.005898386880557507e-02,2.227579427141516688e-01,-3.313240091156888223e-01,2.647169221144823337e-01,1.621073327673265008e-01,3.004066312167656960e-01,3.598418159882032508e-01,5.479780151034452373e-01,-3.701684615040886500e-02,1.498905223647169216e-01,5.563295947093257476e-01,6.871441976853299716e-01,-1.140265427409625082e-01,7.081639036596809600e-02,-6.593681576477947726e-01,-1.672147995889003147e-01,-4.907994101613119553e-01,-3.100451315965860877e-01,-7.469055811251619492e-02,3.203896510121095886e-02,-3.025604361231511857e-02,4.603422851780687025e-02,-2.351177443138656731e-01,-1.624514053353590393e-01,1.649403458599580097e-01,2.268555342061754354e-01,4.982081415612851227e-01,5.706287144197684791e-01,-2.459135796952500175e-01,-2.470932570713615384e-01,3.923901872290986859e-01,7.322534518968676354e-01,1.790920058983868912e-01,-1.360739979445015346e-01,-2.968095089146074450e-01,-4.124536395728137794e-01,-4.458152732472407398e-01,-2.284105634746860791e-01,-3.269314982796371338e-01,-4.601546092318691827e-01
4.369945037758612982e-01,4.718530765449752140e-01,6.270834264265605640e-01,0.000000000000000000e+00,5.145851021046516927e-01,2.684704410384735618e-01,3.985656195540461799e-01,3.377720184101166145e-01,9.440993788819876387e-02,4.664640958041020580e-02,3.280307431073774260e-02,7.690245319272531743e-02,-1.875418919522766834e-02,-1.960096519058045494e-01,1.698780106349702945e-01,1.570937039188524953e-01,7.116939988381965065e-02,-3.950131820009830652e-02,4.169936100808793733e-01,4.388712632378569123e-01,-2.687832342821395160e-01,-1.247955672728897625e-01,3.062156485991331389e-01,6.029625988650073598e-01,2.736449349836900802e-01,-8.101345010947762909e-03,3.193708387327405251e-01,2.468162116269717044e-01,-1.340184994861253753e-01,-3.108717994548460678e-02,3.686670539344921727e-01,1.825729478528977934e-01,2.074087313999731785e-01,3.072389293534116828e-01,1.248581259216229450e-01,-7.298806917199160416e-02,9.218463738326109977e-03,-1.137226864471155979e-02,2.416327807319361975e-01,2.649269404352294632e-01,4.682961705170025218e-02,2.328701014343804443e-01,-3.770141650654631471e-01,-3.646096787166540065e-01,-2.030251575137405617e-01,-4.218865901067965773e-01,-3.590553644041288850e-01,-3.853880870458912256e-01,-4.530497341257428978e-01,-5.507261271727958984e-01,-6.065731265918942183e-01,-5.414048885115509968e-01,-5.148129943250369100e-01,-4.085928772509942464e-01,-2.287769784172661858e-01,1.863622145761651416e-01,5.057017739845390825e-01,3.952589481210063149e-01,2.352428616113320659e-01,3.895393002368291446e-01,-6.296527994995308741e-02,2.708342642656061394e-02,8.475803208364984798e-02,-9.683631976406452402e-02,9.983913490325752038e-02,6.478394923812502704e-02,4.117342151123821181e-01,3.391125608829706484e-01,1.958085705348764360e-01,4.421019705974351122e-01,1.765494436748737683e-01,8.183564949282809420e-02,-5.416685285312122788e-02,-5.493989901246704166e-02,-1.614504669556280358e-01,7.566468564279012210e-02,-1.516108852048795863e-01,7.004781268153179030e-02,-3.771303454131105237e-01,2.456901559497743359e-01,1.028196076679029417e-02,1.551365119084856248e-01,3.887126323785691784e-01,5.194199919567451529e-01,-1.761874972072031698e-01,1.486036015907770680e-01,2.098887349747531050e-01,4.462174359890969111e-01,-3.035345636534250713e-01,2.662004557844407926e-01,-5.577550382054604627e-01,-3.832164082398677452e-01,-5.338218865901067645e-01,-5.432682425488181144e-01,-1.007462353098887292e-01,1.416372492068457001e-01,-8.786809062067116316e-02,1.116582510389204225e-01,-1.468340855266097623e-02,-2.026542740962509470e-01,2.815586040484382435e-01,2.368023593547522176e-01,5.936726395281290980e-01,6.753921086733097878e-01,-2.727020867777827373e-01,-1.706599937441351245e-01,3.946780463827695429e-01,6.715760311005853911e-01,2.422270878949014661e-01,-2.913490325751820764e-01,-1.534072121185039439e-01,-3.627865409535725449e-01,-3.738996380535323238e-01,-2.167389070110371241e-01,-2.059430716296528074e-01,-3.032798605835828054e-01
1.687206756334063140e-01,1.987488270253362499e-01,6.324500647928862351e-01,5.145851021046516927e-01,0.000000000000000000e+00,4.857679074131998620e-01,3.600116180347647243e-01,-5.400598775637874965e-02,4.381697126770633388e-01,2.656463648956611245e-01,-3.588185352339246653e-02,-1.268242548818088455e-01,-1.044684749095133869e-01,-3.744581974172215277e-01,4.535948880647034942e-01,3.883909021850842080e-01,8.337280486170070559e-02,-1.588944993073863887e-01,2.572947852897806142e-01,1.743554224943026920e-01,4.806738460163546139e-02,1.687877027570490185e-01,2.479467357790786086e-01,4.078421734661960008e-01,5.532195361723043492e-01,2.369587559765851947e-01,6.010366861790070736e-01,5.918092854908619804e-01,-2.621207381920550444e-02,-1.271549220251128320e-01,3.887885964520308990e-01,8.832387506144152856e-02,3.637785423834845322e-02,-1.126502524688323924e-02,2.205371106841235163e-01,-4.187407837704991420e-02,1.479154564547120188e-01,1.849233656553018468e-01,3.081907145091380418e-01,2.440144778587068353e-01,1.467402475535099782e-01,9.055364404128871114e-02,-3.200411099691675143e-01,-3.030787792126547475e-01,6.568658116984673039e-04,-3.540774833549309442e-01,-3.720988426649984304e-01,-4.743867018186692652e-01,-3.539836453818311912e-01,-5.397158049957549997e-01,-6.532374100719424703e-01,-5.882657848876178264e-01,-6.234058715760311120e-01,-6.012645783993922910e-01,-2.209928951248938678e-01,1.084364806291612665e-01,3.623754412618973020e-01,2.074221368247017305e-01,9.803833951472362696e-02,2.380758747039635470e-01,-8.266678582599758240e-02,-7.194244604316547137e-03,-8.716654005987756193e-02,-2.403637338576343763e-01,3.155056079360114563e-01,8.751954957772911659e-02,4.810223870592966744e-01,3.607667902944725058e-01,2.251753876401983989e-01,5.008221993833504859e-01,2.695294695920282257e-01,2.446043165467625957e-01,1.003574779927610683e-01,-6.792975557442244849e-02,-9.815005138746145386e-02,6.027972652933553943e-02,-8.302426381875865902e-02,2.480137629027213131e-01,-1.424951963894722784e-01,4.981902676616471043e-02,-2.800393225792037130e-02,1.563921533580588941e-01,3.245140533535904037e-01,3.524733008624156838e-01,-1.854774565440815148e-01,-8.081683721345904459e-02,2.767103087716162313e-01,4.097278698780106310e-01,-2.809955762098395593e-01,1.121721256535144623e-01,-5.490191697573617580e-01,-1.390321283345994086e-01,-6.436614683408552473e-01,-5.038205460476339326e-01,1.283077885517672767e-01,1.954421555922963571e-01,2.587246972608248791e-02,2.406273738772956791e-02,-1.871173868358729231e-01,-3.380401269046874602e-02,6.304571249832431612e-02,1.062201170740426359e-01,3.656553018454801185e-01,5.056258099110773063e-01,-3.814781715000670204e-01,-1.026274632467938652e-01,2.715090039769426644e-01,5.621564859913311674e-01,2.914786183475579634e-02,-1.345323741007194152e-01,-1.029357880155502974e-01,-3.402341480852584810e-01,-3.105053845122659473e-01,-2.432369632244514857e-01,-2.104472943384422812e-01,-4.438536127619643196e-02
1.133518030296259832e-01,-8.175074846954734353e-02,4.084722284284373894e-01,2.684704410384735618e-01,4.857679074131998620e-01,0.000000000000000000e+00,1.741900889226506988e-01,7.529380222530050390e-03,4.186737566468564098e-01,7.016354618168818558e-01,8.079002636400196488e-03,1.950176504758925899e-01,-2.761517494079270829e-01,-1.887081639036596870e-01,4.911747620537110781e-01,4.366861790071048799e-01,-8.499486125385405377e-02,-6.416729970061218341e-03,1.387059296662049301e-01,-1.141650654631574252e-01,-1.333124804504222660e-01,1.767326511461638217e-01,9.932972876357298864e-02,4.726529335537780763e-01,1.973367889539300313e-01,2.963537244738370657e-01,5.885741096563742447e-01,5.665132490281067357e-01,-8.446311273962196775e-02,-9.318557576299209277e-02,2.766030653737879264e-01,1.366548996827382789e-01,-4.438536127619643196e-02,2.404486348809151477e-02,8.585280843648063209e-02,1.729210420483489052e-01,2.375173153402743709e-01,1.311050538451226551e-02,3.725814379552258582e-01,3.738504848295277072e-01,-2.397113365208454472e-01,3.643147593726261263e-02,-4.202064435408195409e-01,-4.331873631529559177e-01,-1.626212073819205406e-01,-3.817999016935519907e-01,-3.381116225032396172e-01,-4.241699807855578985e-01,-5.093882657848876061e-01,-5.948701908038785957e-01,-6.695428750167567999e-01,-6.079762277134813653e-01,-3.861611332052370393e-01,-3.942892890656419236e-01,-2.734304481880334148e-01,-1.856651324902810693e-02,1.132892443808928007e-01,5.128021806157558732e-02,-2.298002591715447573e-01,3.558469994190982533e-01,-1.170919165288886871e-01,2.898476250055855852e-01,-9.945484606103936753e-02,1.693998838196523471e-01,2.188122793690513435e-01,3.647213905893918473e-01,4.161758791724384232e-01,2.506591000491532051e-01,2.916528888690290144e-01,2.799454846061039115e-01,1.848697439563876943e-01,2.743822333437597738e-01,1.762277134813887980e-01,-1.012601099244827690e-01,1.666026185262969861e-01,3.147414987264846586e-01,8.263997497654050617e-02,1.166808168372134580e-01,-5.456901559497743387e-02,-1.566289825282630999e-01,-5.480137629027213159e-02,-8.129049555386747006e-02,1.634523437150900427e-01,2.369453505518566427e-01,-3.284552482237812487e-01,-2.548371240895482351e-02,5.248313150721658493e-01,5.665981500513874725e-01,2.254479646096787249e-01,2.860717637070467681e-02,-3.905447070914696561e-01,-2.731980874927387171e-01,-2.870190803878636121e-01,-2.059520085794718236e-01,-8.411010322177041310e-02,8.406988694758478486e-02,7.877921265472095230e-03,1.222172572501005472e-01,-5.851021046516823726e-02,-1.532374100719424426e-01,2.439072344608785026e-01,2.526922561329818240e-02,4.473300862415657275e-01,4.196076679029447365e-01,-7.028464185173599610e-02,2.064435408195183091e-02,2.763438938290361246e-01,5.209928951248938844e-01,2.553509987041422957e-01,-2.048885115510076516e-01,-4.513159658608516776e-03,-3.879306492694043484e-01,-1.337191116671880009e-01,-2.863443406765270871e-01,-9.975870235488627780e-02,-2.554046204030564482e-01
1.913713749497296668e-01,9.148755529737701009e-02,6.648375709370392128e-01,3.985656195540461799e-01,3.600116180347647243e-01,1.741900889226506988e-01,0.000000000000000000e+00,3.707448947674159001e-01,3.822065329103176978e-01,3.255149917333214349e-01,2.526520398587961957e-01,-1.740917824746414030e-02,3.921891058581706280e-01,9.943250368649179938e-02,4.391483086822467463e-01,3.786272845077974791e-01,-2.387461459403905362e-01,-6.726842128781447550e-02,2.181777559319004467e-01,1.633987220161758902e-01,-1.462084990392779060e-01,-2.219312748558916748e-01,6.414316993610080786e-01,4.348809151436614506e-01,1.019884713347334604e-01,2.859377094597613869e-02,-1.634568121899995438e-02,7.033379507574064569e-03,-2.277715715626256743e-01,-1.969703740113499246e-01,3.713526073551097206e-01,4.495643236963224321e-01,2.059743509540193918e-01,2.234237454756691499e-01,1.023682917020420913e-01,-9.534384914428704894e-02,-1.520130479467357854e-01,-2.501854417087447935e-01,-5.013628848474015881e-03,3.380669377541445364e-01,-5.712051476830957292e-02,-2.058626390812815649e-02,-5.254837124089548617e-01,-4.152240940167121197e-01,-3.269002189552705495e-01,-3.870637651369587817e-01,-4.428258635327762538e-01,-4.035837168774297212e-01,-4.385629384691004939e-01,-4.782787434648554381e-01,-4.543277179498637075e-01,-6.207784083292372523e-01,-4.567943160999151098e-01,-2.018007953885339045e-01,-1.724250413333929255e-01,-2.382188659010679721e-01,2.744001072433978061e-01,-4.039501318200098244e-03,-1.721345904642745395e-01,9.629563430001340796e-03,2.306626748290808437e-01,1.534295544930515121e-01,-4.512712811117565448e-02,-4.679386925242414591e-02,3.478528978059788335e-01,2.094463559587113055e-01,1.267751016578042011e-01,-9.319004423790160085e-02,1.303900978596005122e-02,6.051655569953974523e-02,2.688994146297868371e-01,2.227936905134277612e-01,2.022297689798471798e-01,8.856964118146476439e-02,-1.159479869520532586e-01,1.382322713257965185e-01,8.235399258233165598e-02,1.955851467894007684e-02,-3.601322668573215813e-01,1.348764466687519537e-01,8.348004825952902441e-02,7.628580365521248075e-02,1.433665489968273810e-01,2.326645515885428228e-01,1.295947093257071303e-01,2.862951874525224497e-02,2.049153224004647278e-01,2.959917780061664949e-01,6.068188927119174542e-02,-1.324411278430671635e-01,-3.868269359667545482e-01,5.269225613298181288e-02,-9.373072970195271691e-02,5.074400107243397934e-02,-1.009473166808168426e-01,-7.870771705616873282e-02,-3.042584565887662684e-02,2.742303051968363048e-02,-2.002770454443898174e-01,-2.917020420930336450e-02,1.737343044818803403e-02,3.607131685955583533e-01,2.173778989230975567e-01,3.116716564636489717e-01,-1.112114035479690732e-01,-2.028955717413646609e-01,2.783189597390410830e-01,4.132669020063452492e-01,2.375888109388265765e-02,-2.438491442870548420e-01,-3.038116090978149053e-01,-2.274051566200455676e-01,-5.544662406720586301e-01,-9.683185128915501941e-03,-2.574020286876089192e-01,-1.680191250726127128e-01
2.220832030028151438e-01,2.676303677554850435e-01,8.732740515662004710e-02,3.377720184101166145e-01,-5.400598775637874965e-02,7.529380222530050390e-03,3.707448947674159001e-01,0.000000000000000000e+00,2.457795254479646085e-01,1.282184190535770041e-01,2.597479780151034645e-01,3.963358505741990112e-01,3.088788596452031188e-01,4.369766298762232659e-01,-3.959068769828857394e-03,2.364806291612672473e-01,-1.112337459225166414e-01,3.659234103400509086e-02,-4.947942267304169389e-02,6.019929398096429685e-02,-9.857008802895571298e-02,-1.561866035122212726e-01,1.702086777782742810e-01,2.117654944367487468e-01,-2.465436346574914062e-01,-1.422985834934536731e-01,-1.679878457482461285e-01,-1.769516064167299674e-01,-8.615666473032754236e-02,-4.968050404396979342e-02,-5.683900084901023254e-03,2.218597792573394692e-02,1.108852048795745948e-01,2.810313240091156795e-01,-1.248134411725278226e-01,3.230260512087224783e-02,-1.254926493587738556e-01,-1.583404084186067207e-01,-8.178649626882344981e-02,1.201572903168148659e-02,-5.841190401715894154e-02,8.440502256579829332e-02,-3.229634925599892958e-01,-2.010590285535546751e-01,-2.638098217078511110e-01,-2.008847580320836379e-01,-2.368291702042092939e-01,-1.683900084901023275e-01,-2.545064569462442416e-01,-1.663345100317261682e-01,-1.226551677912328525e-01,-1.532240046472139183e-01,-2.877250994235667353e-02,2.032262388846686751e-02,8.802448724250414025e-02,-5.774610125564144658e-02,1.298449439206398881e-01,2.101032217704097704e-01,-1.058358282318244831e-01,2.346262120738192014e-01,3.341659591581393474e-01,5.295947093257071803e-01,1.058581706063720512e-01,3.855668260422717708e-01,-9.006658027615174755e-02,3.266767952097949235e-01,-1.116537825640109005e-01,-2.837481567540998343e-03,-1.879440546941328963e-02,-2.105545377362706000e-02,-1.135975691496492190e-01,-1.046606193306224564e-01,9.472273113186469029e-02,9.160373564502435331e-04,-8.814960453997050527e-02,1.722865186111980085e-01,-1.436525313910362311e-01,-3.205237052593949698e-02,-1.750078198310916489e-01,1.190893248134411719e-01,8.111622503239644677e-02,1.198087492738728332e-01,5.915367085213816406e-02,1.499620179632691341e-01,7.615174940792707181e-02,1.826310380267214817e-01,-6.259886500737298076e-02,4.928727825193261747e-02,-1.188614325930559832e-03,-5.799186737566468242e-02,1.023280754278564630e-03,-1.315519013360740008e-01,6.094999776576254941e-03,-7.816703159211761676e-02,-2.306805487287188761e-01,-8.672416104383573465e-02,-1.913266902006345305e-01,1.602395102551499098e-02,1.943607846641940973e-01,4.653469770767237196e-02,2.580991107734930123e-01,3.449305152151570519e-01,1.701014343804459483e-01,2.308146029760042850e-01,9.176906921667635220e-02,-7.116046293400062062e-02,7.609812770901291934e-02,2.082577416327807407e-01,2.312435765673175742e-02,-2.758255507395325767e-01,-8.628178202779390737e-02,-1.692658295723669520e-02,-1.349568792171231824e-01,-1.459314535948880720e-01,-4.718262656955181378e-02,-9.960230573305330765e-03
-3.089458867688457677e-01,-1.664953751284686465e-02,1.748737655838062399e-01,9.440993788819876387e-02,4.381697126770633388e-01,4.186737566468564098e-01,3.822065329103176978e-01,2.457795254479646085e-01,0.000000000000000000e+00,3.634255328656329498e-01,3.058179543321864480e-01,-3.397828321193976236e-02,2.951874525224540968e-01,9.406586532016622537e-02,4.260154609231869283e-01,3.109745743777648785e-01,-6.208945886768845596e-02,9.629563430001340796e-02,-1.632333884445238970e-01,9.088877965950221266e-03,4.362125206666964822e-02,-1.822467491845033427e-01,2.637472630591179423e-01,1.499307386389025498e-01,-3.734751329371285844e-02,9.796684391617141441e-02,1.722328969122838283e-01,2.640511193529648248e-01,5.825550739532597833e-02,-2.974216899772107875e-02,-8.844899235890790745e-02,1.007775146342553274e-01,-1.070155056079360179e-01,6.764377318021359831e-02,2.959470932570713517e-02,-6.494034585995799025e-02,-1.634121274409044283e-02,-5.419813217748782608e-02,-5.893471558157201140e-02,-3.802672147995889151e-02,-7.611153313374145746e-02,-1.325349658161669407e-02,-2.143125251351713778e-01,-1.823763349568792158e-01,7.429733232047902591e-02,-7.566915411769963018e-02,-1.590330220295813057e-01,-2.395638768488314863e-01,-1.987220161758791737e-01,-1.735019437865856495e-01,-2.701595245542696144e-01,-2.792260601456723057e-01,-1.415746905581125037e-01,-2.289020957147325508e-01,-8.896733544841145536e-02,-2.717190222976897940e-01,-6.942669466910943166e-02,-1.644398766700925010e-02,-2.761651548326556349e-01,-1.069708208588408815e-01,3.646677688904776948e-01,2.670449975423387912e-01,6.268823450556325338e-02,2.057598641583627541e-01,3.126591894186513954e-01,3.473524286161133179e-01,9.478082130568836472e-02,-4.254434961347691724e-02,-1.272979132222172571e-01,-1.151525984181598836e-02,-9.714464453282094236e-02,-2.408507976227713520e-03,1.398587961928593748e-01,-9.436525313910362756e-02,-1.100630054962241366e-01,7.087001206488225714e-03,5.004691898654988879e-04,-3.231601054560078595e-02,1.146163814290182721e-02,-2.482684659725635512e-02,-8.472228428437374170e-03,-1.363063586397962323e-01,-3.948791277536976840e-02,-9.973635998033870964e-02,1.158496805040439698e-01,-1.939630903972474063e-01,-9.081728406094999317e-02,-3.975602126994057239e-02,1.464855444836677123e-01,-1.748156754099825794e-01,-8.120112605567719744e-02,4.057375217838151554e-02,-1.040573752178381578e-01,-2.649805621341436070e-03,-9.489253317842620550e-02,-3.829929844943920358e-02,-1.154117699629116645e-01,-1.202555967648241686e-01,-1.272442915233031047e-01,1.225702667679520914e-02,-9.182715939050002663e-02,2.530497341257428867e-02,5.410876267929755346e-02,7.815362616738906476e-02,-9.709995978372581646e-03,9.242146655346530904e-02,4.129764511372268493e-02,9.518298404754457764e-02,1.995620894588676780e-02,-2.635193708387327249e-01,7.812681531793198852e-02,-7.976227713481388870e-02,-1.544170874480539912e-01,-2.522454086420304609e-02,8.039680057196478546e-02,5.527503463068054838e-03
9.207739398543277054e-02,-2.525984181598820433e-01,3.785245095848786545e-01,4.664640958041020580e-02,2.656463648956611245e-01,7.016354618168818558e-01,3.255149917333214349e-01,1.282184190535770041e-01,3.634255328656329498e-01,0.000000000000000000e+00,-2.467491845033289999e-02,2.776799678269806781e-01,-3.633316948925331691e-02,1.422851780687251488e-01,6.026140578220653410e-01,6.632155145448858091e-01,-3.909558067831448991e-01,-2.028151391929934322e-01,-2.007685776844363168e-02,-3.219536172304392485e-01,-2.101210956700478028e-01,1.240538004379105469e-01,3.658251038920416476e-01,4.997095491308816140e-01,2.476071316859555782e-01,2.681040260958934551e-01,4.339425354126636436e-01,3.156351937083873294e-01,-2.155324187854685269e-01,-2.887528486527548011e-01,3.193127485589168368e-01,1.507708119218910681e-01,-1.092497430626927085e-01,-1.711828053085481804e-01,1.853836185709817341e-01,2.371955851467894005e-01,1.880915143661468225e-01,-1.582555073953259839e-01,1.079494168640243029e-01,4.095580678314491019e-01,-3.067250547388176152e-01,-1.134143616783591796e-01,-5.094195451092542459e-01,-4.745296930157736903e-01,-3.963045712498324269e-01,-5.064569462442468639e-01,-3.905893918405647924e-01,-3.721167165646364627e-01,-4.918092854908619471e-01,-5.350417802404039413e-01,-4.469815451986237087e-01,-5.211046069976317252e-01,-2.925153045265651008e-01,-2.151481299432503602e-01,-2.527994995308101567e-01,-2.756691541176996552e-01,-1.406675901514812914e-02,-1.088252379462889274e-01,-3.510791366906474975e-01,2.826891282005451478e-01,-2.960811475043567675e-02,3.182403145806336209e-01,-1.567406944010009406e-01,1.987890432995218781e-01,2.464095804102059972e-01,3.400330667143304231e-01,1.429911971044282581e-01,-1.949148755529737584e-02,7.703650744001072637e-02,-2.684659725635640468e-02,1.046561508557129483e-01,2.358907904732114869e-01,6.232181956298315367e-02,-1.548549979891862827e-01,1.713928236292953100e-01,4.082845524822378280e-01,2.589838688055766669e-01,1.809017382367398008e-01,-2.014656597703203822e-01,-2.108852048795746004e-01,-1.609768086152196243e-01,-1.431252513517136671e-01,-2.310201528218418926e-02,1.499977657625452543e-01,-9.732785200411099569e-02,1.043210152374994398e-01,5.368157647794807863e-01,5.341748961079583191e-01,3.316725501586308411e-01,-1.222574735242861615e-01,-2.255105232584118935e-01,4.136020376245587438e-02,4.613253496581616597e-02,1.570356137450288347e-01,-2.343357612047008431e-01,-2.136333169489253447e-01,-8.335046248715313744e-02,-8.208588408776085199e-03,1.724831315072165860e-03,2.118950802091246199e-02,1.181330711828053048e-01,1.877250994235667436e-01,2.697305509629563391e-01,2.321551454488582911e-01,1.504133339291299776e-01,-3.605612404486348982e-02,2.758255507395325767e-01,4.107734930068367429e-01,1.464363912596630679e-01,-1.594396532463470129e-01,-1.355958711291836150e-01,-8.692971088967335613e-02,-5.070825327315787306e-02,-7.624558738102685251e-02,2.733366102149336480e-02,-3.101076902453192563e-01
1.602573841547879629e-01,5.016309933419723505e-02,-9.500424505116403240e-02,3.280307431073774260e-02,-3.588185352339246653e-02,8.079002636400196488e-03,2.526520398587961957e-01,2.597479780151034645e-01,3.058179543321864480e-01,-2.467491845033289999e-02,0.000000000000000000e+00,2.473122123419277119e-01,5.883640913356271707e-01,1.900621118012422450e-01,1.896867599088431292e-02,-1.003753518923991284e-01,5.870235488627731368e-02,6.945350551856650789e-02,3.205594530586710622e-01,3.834443004602529070e-01,-1.223825908217525404e-01,-4.115554761160016284e-01,4.934089995084677688e-02,-2.396666517717503109e-01,-4.024844720496894568e-01,-4.059341346798337469e-01,-2.647169221144823337e-01,-1.915054291970150480e-01,1.689530363287010048e-02,1.094329505339827584e-02,-3.631082711470574875e-02,-1.222887528486527597e-01,-1.983109164842039585e-02,2.500603244112784562e-01,-5.236605746458733446e-01,-5.189463336163367968e-01,-1.467491845033290221e-01,-1.198623709727869857e-01,-7.735376915858617475e-02,-2.831181017918584231e-01,7.245185218284999618e-02,2.065239733678895517e-01,9.954868403413914824e-02,1.386657133920193019e-01,8.902989409714463787e-02,1.093391125608829673e-01,1.232718173287457031e-01,7.115152598418160446e-02,1.148040573752178439e-01,7.007462353098888042e-02,-4.924259350283748463e-03,-2.146655346530229255e-02,1.371643058224228107e-01,-1.557755038205460574e-01,3.805487287188882295e-01,3.377273336610214782e-02,1.820724786630323055e-01,1.463648956611108554e-01,2.061396845256713850e-01,8.369900353009518401e-02,5.346440859734572504e-01,2.022655167791232722e-01,4.166629429375753868e-01,1.492202511282899047e-01,-2.045891237320702494e-01,1.154653916618258135e-02,-2.122525582018856827e-01,-3.214486795656642526e-01,-4.330399034809419290e-02,-7.761294070333794870e-02,-2.032843290584923357e-01,-1.847044103847357011e-01,-1.816435050717190094e-02,-2.605120872246302361e-03,-1.475803208364984964e-01,-2.386612449171097994e-02,-6.143259305598999104e-02,-1.845524822378122320e-01,-1.372983600697082196e-01,2.387506144153000651e-02,-1.579918673756646741e-01,-2.673175745118190894e-01,-1.036373385763438987e-01,-8.474909513383081794e-02,2.349970954913088023e-02,-3.315876491353501043e-01,-3.830421377183967357e-01,-2.660127798382412312e-01,3.814737030251574845e-02,5.419366370257831106e-02,-9.216229500871352120e-02,-1.380445953795969571e-01,-8.869475847893114329e-02,6.702712364270074601e-03,-2.631261450466955698e-01,-1.531525090486616780e-01,-2.474954198132177374e-01,-2.766254077483354945e-01,1.175253585951114843e-01,1.092408061128736785e-01,7.635283077885517133e-02,3.276464542651593148e-01,-1.223468430224764272e-02,8.450332901380758210e-02,-1.733991688636668249e-01,-8.085258501273515086e-02,1.498949908396264297e-01,-4.248179096474373473e-02,5.648599133115867615e-02,-4.538853389338218802e-01,-5.420260065239733416e-02,6.612896018588855507e-02,-4.062737387729568189e-02,1.208722463023370088e-02,3.059564770543813511e-02,1.046114661066178120e-01
4.777961481746280104e-01,5.505161088520488244e-02,1.016578041914294704e-02,7.690245319272531743e-02,-1.268242548818088455e-01,1.950176504758925899e-01,-1.740917824746414030e-02,3.963358505741990112e-01,-3.397828321193976236e-02,2.776799678269806781e-01,2.473122123419277119e-01,0.000000000000000000e+00,-5.984181598820322717e-02,1.840296706733991761e-01,-1.068054872871888883e-01,8.601814200813262534e-02,-4.115107913669064921e-01,5.523481835649492883e-02,1.625765226328254043e-01,-6.586532016622726610e-03,-3.622056392153358284e-01,-2.925689262254792533e-01,-7.832342821395057997e-02,-1.143929576835426122e-03,-3.086420304749988852e-01,-2.831225702667679589e-01,-7.923052862058178880e-02,-1.149872648465078834e-01,-3.619151883462174424e-01,-2.020376245587381103e-01,1.399213548415925712e-01,-1.142142186871620765e-02,7.014611912954109296e-02,1.423209258680012412e-01,-4.720318155413557593e-01,-8.443630189016489151e-02,-5.495330443719558672e-02,-3.202511282899146439e-01,2.681084945708029840e-02,1.356137450288216750e-01,-1.508467759953527887e-01,-3.832610929889628676e-02,-1.665624022521113579e-01,-6.016354618168819057e-02,-2.006434603869699240e-01,-1.863577461012556336e-01,-1.056213414361678316e-01,-5.556995397470843034e-02,-1.075874703963537182e-01,-1.660619330622458423e-01,-8.528978059788194788e-02,-1.338352920148353498e-01,3.213727154922025459e-02,-6.469011126502524633e-02,1.406809955762098330e-01,5.902408507976227708e-02,7.185754501988471377e-02,1.616292059520085811e-01,2.889315876491353394e-02,6.459359220697975523e-01,1.813128379284150438e-01,5.635014969390946815e-01,8.276956074891639314e-02,5.219804280798963081e-01,-4.394834443004602686e-01,-7.398007060190356365e-02,-1.160909781491576906e-02,3.244112784306716311e-03,1.328879753340184988e-01,-9.703293266008311546e-02,-1.192233790607265809e-01,-1.449126413155190085e-01,-1.292193574333080075e-01,7.053487644666875389e-02,4.563966218329684188e-01,4.079404799142052895e-01,8.936949819026765700e-04,-3.468430224764287861e-02,-4.036373385763438737e-01,-1.392823629295321386e-01,-2.628714419768533039e-01,-1.872559095580678401e-01,-2.951427677733589605e-02,1.608204119933866472e-01,-1.872693149827963643e-01,4.237007909200590089e-02,2.563295947093257032e-01,2.906787613387550873e-01,2.314044416640600454e-01,6.654005987756378415e-02,-2.072925510523258297e-01,-3.220697975780866251e-01,-2.560882970642119894e-02,-5.926091424996648982e-02,-3.360248447204968736e-01,-2.158675544036820215e-01,-1.302515751374055952e-01,-5.547611600160864964e-02,2.917780061664953517e-01,-6.193753072076500082e-02,3.452969301577371586e-01,3.491040707806425392e-01,3.301443317395773014e-01,2.612538540596094361e-01,1.271504535502033240e-01,-8.390455337593279161e-02,2.327673265114616474e-01,3.638768488314937932e-01,-1.744939452164976160e-02,-4.060994682514857956e-01,-3.681576477948076409e-01,-2.323606952946959125e-02,5.071719022297689443e-03,-1.044059162607801905e-01,4.320121542517538910e-02,-1.361991152419679274e-01
-4.743732963939407271e-02,-2.497877474417981025e-02,-4.191429465123553376e-03,-1.875418919522766834e-02,-1.044684749095133869e-01,-2.761517494079270829e-01,3.921891058581706280e-01,3.088788596452031188e-01,2.951874525224540968e-01,-3.633316948925331691e-02,5.883640913356271707e-01,-5.984181598820322717e-02,0.000000000000000000e+00,5.279369051342777119e-01,1.963984092229322242e-01,1.074489476741588151e-01,-3.519370838732740342e-02,-1.625229009339112518e-01,-7.135260735510970398e-02,2.174315206220117092e-01,5.059654140042003923e-02,-3.092229322132356018e-01,2.668528531212297494e-01,-1.229322132356226865e-01,-2.210152374994414359e-01,-1.835426069082622125e-01,-2.914384020733723490e-01,-3.272889762723982243e-01,4.852763751731534181e-02,-5.227668796639706877e-02,-9.649671567094150748e-02,-7.226417623665043477e-02,-7.036954287501676064e-02,-2.912551946020823165e-02,-1.773090844094910301e-01,-3.397604897448500694e-01,-2.962777604003753451e-01,-1.900308324768756330e-01,-4.101747173689619941e-01,-2.894052459895437579e-01,1.099066088743911734e-01,-4.014924706197774834e-02,-1.094329505339827480e-01,-4.389382903614996029e-02,-2.437597747888645694e-01,-1.410384735689709235e-01,-4.756244693686045161e-02,8.990571517940927279e-03,-5.405067250547387903e-02,2.023325439027659836e-02,1.478931140801644506e-01,7.479780151034451374e-02,1.020152821841905366e-01,1.610885204879574650e-01,2.531793198981187598e-01,-9.601412038071406585e-02,-9.410608159435184666e-03,-1.401224362125206568e-01,-2.616292059520085658e-02,-1.994548460610393592e-01,4.669556280441485296e-01,5.931006747397113421e-02,3.229009339112560717e-01,2.774922918807811063e-03,-8.008847580320836712e-02,-3.078779212654720893e-03,-3.565530184548013626e-01,-3.694803163680235869e-01,-3.126279100942848110e-01,-2.831985343402296795e-01,-1.458778318959738918e-01,-7.310424951963895301e-02,-7.296125832253451404e-02,-1.408776084722284383e-01,-3.436212520666696579e-01,-1.794852316904240463e-01,-4.600294919344027900e-02,-1.875865767013718335e-02,-1.509316770186335532e-01,2.401894633361633669e-01,1.559006211180124224e-01,8.790830689485679139e-02,-1.519862370972787091e-01,-1.114348272934447409e-01,4.302292327628580160e-01,3.918852495643236969e-03,-2.671790517896242001e-01,-3.013718217972206070e-01,-1.216408239867733110e-01,5.747799276107064953e-02,1.795656642387953028e-01,2.666428348004826199e-01,1.288216631663613165e-01,1.998346664283480179e-01,-9.699718486080700919e-02,-2.368202332543902777e-01,-2.628401626524867196e-01,-3.953617230439250840e-01,1.394432280262746238e-01,2.281558604048438132e-01,7.417668349792215466e-04,3.051789624201259876e-01,-1.984717815809464159e-01,-1.422315563698109964e-01,1.242280709593815563e-01,-8.490102328075427307e-02,1.266187050359712241e-01,-1.280307431073774427e-01,-8.064703516689754326e-02,-2.805308548192501916e-02,-7.746548103132401553e-02,1.664640958041020691e-01,2.042093033647615977e-02,1.978015103445194267e-01,4.181151972831672475e-02,6.367129898565619672e-02
