0.000000000000000000e+00,6.824433620805219203e-01,5.691004960007149949e-01,2.776352830778855418e-01,-2.681799901693551758e-01,-2.769292640421823770e-01,4.465257607578533294e-01,6.585638321640824300e-02,-1.067384601635461838e-01,-3.553063139550471372e-01,3.833772733366102026e-01,2.931632333884445218e-01,3.436614683408552584e-01,2.176594128423968988e-01,1.384065418472675280e-01,-1.142589034362572059e-01,-4.875552973770052451e-02,2.858617453862996594e-01,5.870905759864157858e-01,5.082934894320568775e-01,-3.147683095759417071e-01,1.724205728584833897e-01,2.258590643013539401e-01,2.049019169757361758e-01,-4.077438670181867120e-01,-2.171187273783457827e-01,-1.224362125206666929e-01,-5.111354394745073471e-01,2.279279681844586514e-01,7.417668349792215466e-04,1.681040260958934635e-02,8.023593547522230029e-02,3.124447026229947855e-01,1.437106215648599195e-01,-7.800616649537513159e-02,3.020242191340095569e-02,-4.007328298851601800e-01,-3.644800929442781334e-01,-3.248357835470753741e-01,-4.909021850842307244e-01,-1.523303096653112199e-01,-3.727825193261539716e-01,-2.806604405916260925e-01,5.428750167567809176e-02,2.768086152196255201e-01,2.378658563832164174e-01,-6.025470306984226365e-01,-4.435989096921220676e-01,5.938156307252334676e-02,4.445685687474865144e-02,-4.418874838017784745e-02,-1.077617409178247415e-01,-3.521605076187497296e-01,-2.424281692658295795e-01,-3.855132043433576183e-01,-3.900263640019661082e-01,7.396532463470217866e-01,5.950712721748067091e-01,4.022565798293042394e-01,3.490415121319093705e-01,5.308726931498279900e-01,3.269717145538227898e-01,1.170248894052459965e-01,2.589481210063005467e-01,1.618481612225747268e-02,-5.007372983600696936e-02,1.959515617319808611e-01,1.779078600473658345e-01,5.092988962866973335e-01,2.339514723624826764e-01,3.725725010054068420e-01,4.066848384646320480e-01,3.409446355958711261e-01,3.296259886500737535e-01,1.759506680369989640e-01,3.366861790071049021e-01,2.798382412082756066e-01,1.723624826846597291e-01,-2.368872603780329822e-01,-7.342597971312390948e-02,-9.690334688770722849e-02,-4.310737745207560839e-02,-1.411144376424326372e-02,-2.288842218150945185e-01,-3.632244514947048364e-01,-4.234103400509406367e-01,5.966307699182268887e-02,1.299432503686491769e-01,-1.582465704455069400e-01,-4.054694132892444070e-01,1.043612315116850681e-01,-3.159211761025961657e-02,3.317351088073640653e-01,-3.744135126681263914e-02,-1.766834979221591773e-01,-9.124625765226328233e-02,-1.862192233790607165e-01,-1.660172483131507337e-01,6.451137226864471497e-02,3.239912417891773755e-01,3.526967246078913099e-01,-4.472943384422896351e-02,1.875150811028196141e-01,-3.900084901023280481e-02,-4.430269449037043672e-01,-1.624692792349970993e-01,9.913758434246391915e-02,-1.357031145270119199e-01,-2.211492917467268449e-01,4.432280262746324945e-02,-2.290808347111130960e-01,-1.319942803521158281e-01,-2.904642745430984219e-01,-1.515081102819607617e-01,-3.090218508423075439e-01,-1.527592832566245229e-01
6.824433620805219203e-01,0.000000000000000000e+00,2.830466061933062383e-01,-3.087716162473747722e-02,-3.135484159256445857e-01,-3.349032575182090410e-01,1.826712543009071099e-01,-9.626435497564680976e-02,-1.232494749541981349e-01,-4.870280173376826394e-01,9.135796952500112311e-02,2.300594307162965313e-01,9.322579203717770713e-02,1.280173376826489184e-01,-9.644756244693686309e-02,-2.494481433486750999e-01,3.535010500916037357e-02,4.102372760176951627e-01,4.070557218821216350e-01,5.103489878904330368e-01,-2.996872067563340902e-01,2.584789311408016710e-01,-3.356718352026453328e-02,-2.363823227132579724e-02,-3.984941239554939951e-01,-9.485231690424057727e-02,-1.169757361812413382e-01,-6.083024263818758159e-01,7.892667232673487854e-02,2.113588632199830258e-02,-7.245185218284999618e-02,-2.475713838866794858e-01,2.909111220340497850e-01,2.099736359980338696e-01,-9.466464095804101586e-02,1.006970820858840848e-01,-3.373162339693462353e-01,-1.671790517896241945e-01,-2.727378345770588575e-01,-4.914026542740962400e-01,-2.877563787479333057e-01,-4.535993565396130300e-01,-2.624782161848161072e-02,1.311095223200321735e-01,4.118906117342150952e-01,3.814424237007909002e-01,-4.210509852987175394e-01,-3.243442513070289301e-01,3.632691362437999727e-01,3.352428616113320436e-01,3.092631484874212577e-01,2.271191742258367174e-01,-1.143974261584521229e-01,-1.948701908038786429e-02,-2.547030698422628366e-04,-1.100585370213146286e-01,8.542026006523972814e-01,8.641985790249787636e-01,3.263729389159479854e-01,2.904419321685508537e-01,4.565574869297108762e-01,3.319093793288350747e-01,1.856204477411859399e-01,4.060949997765762598e-01,-1.981723937620090137e-01,-1.820814156128513217e-01,9.533491219446803278e-02,3.341972384825059317e-02,6.061441530005808875e-01,2.076276866705393520e-01,1.469457973993475997e-01,1.451315965860851820e-01,-1.019393181107288021e-01,-5.741990258724697684e-03,5.111488448992358713e-02,1.418025827784976933e-01,1.984360337816703235e-01,-2.000536216989141566e-02,-2.277581661378971431e-02,-7.935117744313865962e-02,2.199874882702533563e-01,2.104204834889852049e-01,-3.676661155547611415e-02,-3.640064346038697218e-01,-1.520800750703784898e-01,-2.679118816747844134e-01,-1.479512042539881111e-01,-1.971133652084543497e-01,9.268510657312659107e-02,-3.371464319227847617e-01,1.882166316636132153e-01,-1.116225032396443023e-02,2.267795701327137148e-01,5.424728540149246700e-03,-2.143929576835426065e-01,-1.232986281782027793e-01,-3.932257920371776821e-03,-1.976853299968720640e-02,5.495732606461414260e-01,3.314491264131552151e-01,1.695562804414853242e-01,-1.303320076857768517e-01,-3.355377809553599516e-02,-6.738460163546181048e-02,-3.155056079360114563e-01,-3.555118638008847309e-02,4.081504982349524330e-02,-4.031681487108449979e-01,-2.184994861253854170e-01,2.212565351445551498e-01,1.721837436882791839e-01,2.057241163590866340e-01,-4.321908932481344223e-02,2.482684659725635512e-01,-1.537602216363554986e-01,-1.206488225568613429e-04
5.691004960007149949e-01,2.830466061933062383e-01,0.000000000000000000e+00,4.903436257205415760e-01,-3.765539121497832875e-01,-1.423566736672773614e-01,7.763170829795790207e-01,2.708163903659681071e-01,-5.346530229232762665e-02,-3.686357746101255883e-01,2.778944546226372880e-01,5.282631038026721487e-02,3.996023057330533312e-01,1.052683319183162769e-01,-2.020644354081951866e-02,-1.537691585861745425e-01,-3.360561240448635134e-01,-8.789490147012823940e-02,5.068278296617364509e-01,2.152866526654452772e-01,-3.665892131015684452e-01,2.114884489923589128e-01,6.569373072970194904e-01,4.391125608829706262e-01,-2.528799320791813576e-01,-2.381384333526967156e-01,-3.216542294115018463e-01,-3.716743375485946910e-01,-2.144421109075472440e-02,-2.723222664104740787e-01,-1.128200545153938972e-01,-1.022967961034898787e-01,3.717324277224183238e-01,1.420394119487018991e-01,1.398230483935832824e-01,1.454667322042986766e-01,-3.762053711068412132e-01,-4.797533401849948809e-01,-2.797980249340900061e-01,-3.527637517315340143e-01,-1.740068814513606454e-01,-3.435855042673935378e-01,-2.485410429420438772e-01,-2.720318155413557482e-01,2.554939899012467208e-01,1.186514142723088666e-01,-4.478484293310693309e-01,-3.997631708297957887e-01,-1.206354171321327995e-01,-5.774610125564144658e-02,-1.406809955762098330e-01,-1.546896644175342894e-01,-1.715224094016712109e-01,-4.853657446713436491e-02,-3.090710040663121605e-01,-1.171723490772599297e-01,3.519817686223691844e-01,3.234326824254881716e-01,2.454577952544796382e-01,1.317931989811877147e-01,4.704946601724831479e-01,2.951427677733589605e-01,-2.812011260556772016e-02,1.247821618481612244e-01,1.439697931096116934e-01,1.748067384601635632e-02,1.717056168729612642e-01,1.020867777827427492e-01,2.417310871799454863e-01,-1.053755753161445957e-01,1.748290808347111036e-01,2.440412887081639115e-01,2.758747039635372489e-01,1.458554895214263236e-01,3.518477143750838032e-02,2.251530452656508308e-01,6.389025425622235632e-02,-6.060145672282050283e-02,-4.242012601099244828e-01,-3.010322177040976044e-01,-2.297332320479020529e-01,-3.377228651861119979e-01,-2.299030340944635542e-02,-2.608829706421198491e-01,-3.496939094686983274e-01,-2.728852942490728184e-01,-1.854863934939005379e-02,1.119665758076768408e-01,-6.447562446936860869e-02,-3.535904195897940361e-02,1.883953706599937328e-01,6.500290450869118664e-02,2.556414495732606262e-01,1.113633316948925284e-01,-1.521471021940211943e-01,-3.168953036328701067e-01,-3.755127574958666559e-01,-4.670092497430626821e-01,-1.744001072433978283e-01,6.277760400375351213e-02,2.120693507305956571e-01,2.394745073506412136e-01,3.276732651146163633e-02,-1.367800169802046648e-02,-2.488046829617051800e-02,7.061530899503999648e-02,-3.634210643907234695e-02,3.958175074846954911e-02,-1.945752714598507627e-01,1.859779257339470165e-02,-2.486527548147817179e-01,-9.381563072523348146e-02,-7.229992403592654104e-02,-2.413467983377273474e-01,-1.718932928191608256e-01,-1.345636534250860272e-01
2.776352830778855418e-01,-3.087716162473747722e-02,4.903436257205415760e-01,0.000000000000000000e+00,2.372894231198891812e-01,-9.272085437240269387e-03,4.147995889003083247e-01,4.205862639081281440e-01,-2.055945305867107678e-02,-1.172349077259931122e-01,1.465838509316770288e-01,8.969569685866213282e-02,2.532999687206756168e-01,2.281424549801152890e-01,3.540059877563787594e-01,2.780508512444702651e-01,-4.616515483265561381e-01,3.133294606550784261e-02,2.802716832744984177e-01,2.911300773046159307e-01,-2.801286920773939787e-02,2.950176504758925677e-01,5.044103847356896653e-01,7.207203181554135973e-01,-5.621788283658787216e-02,-1.727288976272398358e-01,-1.446043165467625902e-01,-3.444077036507440237e-01,-1.626212073819205406e-01,-1.363912596630769969e-01,2.830332007685777002e-02,2.107824299566558035e-01,1.427767103087716205e-01,7.942267304169087216e-02,1.154787970865543550e-01,1.537065999374413461e-01,-4.543455918495017398e-01,-4.720407524911747754e-01,-1.079449483891147948e-01,-4.640153715536887158e-01,1.227490057643326332e-01,-2.078734527905625740e-01,-3.855578890924527546e-01,-2.882836587872559253e-01,2.278117878368113025e-01,-2.248581259216229367e-01,-4.354528799320792065e-01,-4.681084945708030021e-01,-2.650744001072434242e-01,-4.800706019035703154e-01,-5.166808168372134524e-01,-5.371687742973323410e-01,-4.034317887305062800e-01,-4.659323472898699858e-01,-4.629429375754054998e-01,-5.127753697662987831e-01,3.852272219491487820e-02,-1.782027793913937286e-02,4.632021091201573015e-01,6.047097725546271008e-01,2.005987756378747877e-01,4.116001608650967647e-01,-7.888198757763975610e-02,-9.951293623486304196e-03,1.361991152419679274e-01,3.860136735332231339e-01,4.807721524643638888e-01,5.342463917065105594e-01,9.317663881317306274e-02,1.262880378926672376e-01,4.970016533357164978e-01,4.945127128111175829e-01,3.410742213682469992e-01,2.310916484203941190e-01,3.356048080790026145e-01,3.217212565351445508e-01,9.021850842307520268e-02,1.771794986371151570e-01,-5.202421913400956388e-01,-3.212520666696456750e-01,-3.692702980472764573e-01,-5.157200947316681328e-01,3.404843826801912665e-01,-1.137807766209392724e-01,-4.375441261897314305e-01,-4.191071987130792209e-01,5.686134322355780313e-01,5.143974261584520757e-01,-2.303454131105053815e-01,-3.095178515572635236e-01,1.394968497251888040e-01,-3.359667545466732408e-01,2.971088967335448472e-01,-2.972876357299253924e-01,-1.433039903480941846e-01,-1.170606372045221028e-01,-3.380624692792350006e-01,-3.739041065284418597e-01,-3.234952410742213957e-01,-2.424817909647437320e-01,5.095938156307252553e-01,-1.866526654452835277e-01,4.999821261003619677e-01,3.854014924706197776e-01,-3.662808883328120407e-02,-9.249743062692702966e-02,4.238616560168014802e-01,2.315519013360740064e-01,-2.652531391036239139e-01,-1.249832432190893239e-01,-2.116046293400062617e-01,-3.263997497654050894e-01,-4.669020063452343772e-01,-4.211582286965458444e-01,-3.866169176460074186e-01,9.868179990169355376e-02
-2.681799901693551758e-01,-3.135484159256445857e-01,-3.765539121497832875e-01,2.372894231198891812e-01,0.000000000000000000e+00,5.339380669377541411e-02,-2.779391393717324243e-01,8.679118816747843912e-02,5.614638723803565545e-01,2.619598730953125454e-01,-3.083605165556995154e-01,-2.263550650163099198e-01,-1.990303409446355920e-01,2.266410474105188047e-02,5.276509227400688617e-01,4.756200008936949941e-01,-2.962554180258277770e-01,-1.772822735600339539e-01,-3.813396487778721311e-01,-2.442870548281871335e-01,5.511193529648330536e-01,1.080879395862192199e-01,-1.032619866839447759e-01,1.028017337682648885e-01,3.330264980562134269e-01,1.646588319406586398e-01,2.696054336654899464e-01,8.023593547522230029e-02,-2.797041869609901976e-01,-1.101881227936905155e-01,1.018588855623575734e-01,1.860807006568657995e-01,-4.046338084811653690e-01,-3.035658429777916556e-01,7.839939228741230060e-02,-9.644309397202734113e-02,3.760668483846463239e-02,3.415255373341078565e-02,3.352249877116940113e-01,1.401537155368872689e-01,4.435452879932079151e-01,4.346843022476428731e-01,-1.009383797309978126e-01,-8.637562000089368808e-02,5.975691496492246957e-02,-3.543098440502256419e-01,4.059609455292908370e-02,-6.636578935609276086e-02,-2.203851825372000681e-02,-2.520264533714643429e-01,-1.227847535636087395e-01,-1.292014835336699474e-01,-1.266589213101568523e-01,-3.156396621832968652e-01,2.423253943429107618e-02,-3.415925644577505471e-01,-3.481880334241923003e-01,-3.428124581080477240e-01,2.201975065910004858e-01,3.491308816300996432e-01,-2.747620537110684324e-01,-1.233522498771169457e-01,-3.380982170785111207e-01,-3.111130970999597678e-01,1.106349702846418509e-01,2.050538451226596448e-01,3.537289423119889253e-01,2.931453594888064895e-01,-4.930515215157067060e-02,3.284597166986907291e-01,1.564949282809776909e-01,2.279860583582823119e-01,1.787836811296304729e-02,-1.521068859198355661e-01,1.881630099646990351e-01,-2.123374592251664472e-01,-2.312793243665936804e-01,7.578533446534697904e-02,-1.938558469994191014e-01,-1.159658608516913186e-01,-1.894678046382769487e-01,-2.206041378077662207e-01,3.335939943697215915e-01,3.189329281916081782e-01,1.250055855936368920e-01,-9.430716296527995313e-02,4.985209348049510769e-01,2.919969614370615529e-01,2.188212163188703666e-02,-2.673935385852808655e-01,1.137718396711202423e-01,-1.392912998793511825e-01,7.277358237633495264e-02,-1.718262656955181211e-01,9.874435855042673627e-02,3.113588632199830175e-01,2.157066893069395364e-01,2.514947048572322430e-01,-1.593368783234282160e-01,-1.937575405514098126e-01,1.615845212029134448e-01,-2.246302337012377748e-01,2.845837615621788497e-01,2.076366236203583682e-01,-1.109790428526743755e-01,-2.451494704857232199e-01,3.542428169265829374e-01,1.481344117252781645e-01,4.190982617632602047e-02,-1.765673175745118284e-01,-3.428213950578667263e-02,-1.997408284552482371e-01,-1.732070244425577554e-01,-5.619554046204030401e-02,-4.778587068233611929e-02,6.824701729299789688e-02
-2.769292640421823770e-01,-3.349032575182090410e-01,-1.423566736672773614e-01,-9.272085437240269387e-03,5.339380669377541411e-02,0.000000000000000000e+00,-6.816211626971714621e-02,1.164037713928236378e-02,1.546941328924437975e-01,4.513338397604897412e-01,5.280396800571964672e-02,-9.613923767818043087e-02,8.503954600294919008e-02,-9.760042897359130776e-02,-8.165244202153805475e-02,-1.905357701416506705e-02,5.926538272487599790e-02,-5.320166227266633768e-02,-6.623620358371687389e-02,-1.259216229500871413e-02,8.379284150319496471e-02,-2.476428794852316914e-02,-2.013539478975825414e-01,-1.153760221636355443e-01,3.257250100540685644e-01,2.702980472764645592e-01,-5.719201036686179240e-02,1.885428303320076937e-01,8.106707180839180238e-02,3.456365342508601474e-02,1.101791858438714855e-01,9.692122078734527468e-02,-1.167880602350417768e-01,-5.652173913043478243e-02,3.144644532820948246e-01,1.729523213727154896e-01,1.729880691719916097e-01,-1.462531837883730354e-02,1.633808481165378301e-01,1.211939764958219756e-01,9.126860002681085049e-02,1.621832968407882491e-01,3.854059609455293134e-02,2.274900576433263460e-02,-1.088520487957460141e-02,2.059966933285669547e-03,1.199696143706153045e-01,1.736806827829661670e-01,6.522632825416685431e-02,2.812458108047723171e-02,-9.189418651414271721e-02,9.683631976406452402e-02,-4.101166271951382780e-02,-5.324634702176147399e-02,5.291567987845748056e-02,-1.588989677822958899e-02,-3.089637606684838556e-01,-2.135573528754635964e-01,-1.288529424907279008e-01,-4.979221591670762725e-02,-4.160150140756959519e-02,-9.786406899325260367e-02,2.278341302113588707e-01,1.650073729836006864e-01,8.525403279860584160e-02,6.181688189820814389e-02,1.020376245587381048e-01,1.509003976942669412e-01,-2.147727780508512374e-01,-1.227936905134277695e-01,5.435006032441128121e-02,5.796505652620760618e-02,-1.300773046159345858e-01,6.145493543053755919e-02,-1.271862013494794164e-01,1.428839537065999254e-01,-8.697886411367800052e-02,-6.811296304571250182e-02,9.191206041378077729e-02,-2.005451539389606352e-02,1.030743107377452145e-01,-8.168818982081416102e-02,1.055230349881585428e-01,2.098217078511104283e-01,1.263416595915813900e-01,1.995844318334152601e-01,4.872425041333392631e-02,1.486572232896912205e-01,1.532105992224853663e-01,7.882836587872558975e-02,-3.225613298181330690e-01,-2.891684168193395799e-01,-2.143929576835426065e-01,-2.621520175164216426e-01,1.613432235577997309e-01,2.989945931453594774e-01,-1.846373832610929966e-02,-1.740917824746414030e-02,-5.358148263997497551e-02,-2.261897314446579266e-01,-9.855221412931766678e-02,-3.577907860047365579e-02,1.148978953483176246e-01,1.304615934581527248e-01,2.969301577371643089e-02,-7.223289691228383658e-02,-6.755887215693283376e-02,-1.413110505384512217e-01,1.221904464006434571e-01,9.389159479869520208e-02,1.704901916975736231e-01,4.542651593011304972e-02,-2.973770052281156373e-02,7.577192904061844092e-02,1.407212118503954612e-01,-1.839224272755708364e-02
4.465257607578533294e-01,1.826712543009071099e-01,7.763170829795790207e-01,4.147995889003083247e-01,-2.779391393717324243e-01,-6.816211626971714621e-02,0.000000000000000000e+00,5.296349255998927807e-01,2.870995129362348755e-02,-2.833996157111577929e-01,4.689932526028866566e-01,1.170740426292506409e-01,6.646320210912015636e-01,1.556548549979891727e-01,1.466106617811340981e-02,-1.231690424058268923e-01,-2.953706599937441224e-01,-1.750078198310916489e-01,2.536708521381652592e-01,9.760042897359130776e-02,-2.845122659636266094e-01,1.467491845033290221e-01,5.386791188167477928e-01,3.246570445506948288e-01,-2.022074266052996117e-01,-3.204700835604807896e-01,-1.976585191474149739e-01,-2.559810536663836844e-01,-6.121810626033334646e-03,-2.995620894588676975e-01,-7.532955002457661364e-02,-5.151704723177979311e-02,2.474820143884892132e-01,4.806738460163546139e-02,-4.712453639572813935e-02,-9.480316368023593288e-02,-2.667411412484919087e-01,-4.239108092408060968e-01,-2.549622413870146209e-01,-1.975914920237722971e-01,-1.867956566423879528e-01,-2.318423522051923646e-01,-2.834130211358863449e-01,-3.699361008087939662e-01,2.063854506456946347e-01,7.479333303543500566e-02,-3.068948567853791443e-01,-3.224943026944903646e-01,-4.750435676303677718e-02,-1.335627150453550134e-02,-1.343268242548818214e-01,-9.005317485142320943e-02,-1.125564144957326013e-01,-9.567004781268152735e-02,-2.679610348987890300e-01,-1.001519281469234607e-01,2.096385003798203750e-01,1.873810268555342051e-01,1.993252602886634861e-01,-3.338844452388399497e-02,4.475088252379462728e-01,2.429152330309665431e-01,-8.967782295902408662e-02,7.588364091335626782e-02,1.400732829885160124e-01,-1.533580588944993134e-02,5.348764466687519481e-02,6.372045220966084632e-03,8.091961213637785533e-02,-2.305286205817954348e-01,7.741632780731935726e-02,1.999597837258143829e-01,2.326153983645381784e-01,5.632959470932570600e-02,-9.276553912149782671e-03,1.750122883060011569e-01,-4.924259350283748116e-02,-7.198266231735109266e-02,-4.357701416506546410e-01,-3.342329862817820518e-01,-2.465927878814960506e-01,-3.951695786228160423e-01,6.919880244872425590e-02,-8.737208990571518341e-02,-2.813530542026006498e-01,-2.833862102864292409e-01,3.607846641941105797e-02,1.212610036194646801e-01,-7.389963805353233495e-02,-4.595379596943563461e-02,2.723669511595692150e-01,1.835694177577192887e-01,3.439519192099736444e-01,2.447651816435050809e-01,-1.785647258590642994e-01,-2.712632378569194147e-01,-3.950533982751686657e-01,-4.682604227177264433e-01,-1.719692568926225462e-01,1.294561866035122133e-01,1.966039590687698180e-01,3.367398007060190546e-01,-8.407435542249430682e-02,-1.783681129630457218e-01,-5.124447026229947411e-02,9.071004066312167479e-04,-1.066848384646320175e-01,-7.630367755485052694e-02,-1.487555297377005092e-01,-7.654497519996425470e-02,-4.001385227221949115e-01,-1.412172125653514410e-01,-4.337995442155592046e-02,-3.273113186469457925e-01,-1.386299655927432095e-01,-2.595692390187229193e-01
6.585638321640824300e-02,-9.626435497564680976e-02,2.708163903659681071e-01,4.205862639081281440e-01,8.679118816747843912e-02,1.164037713928236378e-02,5.296349255998927807e-01,0.000000000000000000e+00,-5.790249787747441673e-02,2.050136288484740166e-01,2.828053085481925244e-01,2.914339335984628687e-01,3.772554627105768610e-01,3.755797846195093603e-01,5.129809196121364046e-02,1.734215112382143931e-01,-2.062871441976853182e-01,-1.775146342553286516e-01,3.346887707225524016e-03,5.555654854997989223e-02,-2.324500647928861852e-01,1.092005898386880502e-01,2.405826891282005497e-01,2.819428928906564380e-01,7.556191071987130962e-03,-2.286339872201617607e-01,-9.285044014477858432e-02,-1.174896107958353780e-01,-4.114571696679922980e-02,-1.821663166361320862e-01,-1.308369453505518476e-01,-2.694490370436570040e-02,6.183475579784619702e-02,1.818669288171946910e-02,1.407122749005764416e-02,-7.999016935519906446e-02,-3.466910943295053449e-01,-2.684168193395594093e-01,-2.923320970552750198e-01,-2.329058492336565644e-01,-4.473390231913847853e-02,-2.297555744224496210e-01,-1.072746771526877918e-01,-1.947227311318646958e-01,1.984807185307654598e-01,-1.643505071719022353e-02,-2.146700031279324405e-01,-3.334644085973457184e-01,8.820769471379419011e-03,-9.286384556950712243e-02,-4.909066535591402602e-02,-1.096921220787345219e-01,-1.579873989007551660e-01,-1.800348541042942063e-01,-2.025023459493275058e-01,-2.682470172929978802e-01,-1.209839581750748461e-01,-1.205281737343044807e-01,3.168818982081415547e-01,6.715670941507663472e-02,2.808034317887305176e-01,4.373832610929889730e-01,-9.545556101702488971e-02,1.697707672371419618e-01,-9.686759908843112221e-02,1.294695920282407653e-01,7.396666517717502554e-02,1.137629027213012262e-01,-1.037133026498056158e-02,-4.763841101032217917e-02,1.154743286116448470e-01,2.911702935788015312e-01,1.978193842441574590e-01,2.078377049912864816e-01,-3.356271504535501826e-02,2.636847044103847182e-01,-2.891103266455159054e-03,1.233209705527503475e-01,-2.457303722239599642e-01,-2.350239063407658924e-01,-2.292282943831270292e-01,-2.583672192680638302e-01,7.531614459984807552e-02,-2.613164127083426533e-02,-1.290093391125608779e-01,-1.065060994682514861e-01,1.544885830466062038e-01,1.361544304928727911e-01,-2.304884043076098066e-01,-4.124402341480852552e-02,7.970418696099021427e-02,-2.450064792886188017e-02,1.031994280352115795e-01,4.097591492023772673e-03,-1.470083560480807960e-01,-1.982617632601992863e-01,-3.739309173778989082e-01,-3.577461012556414355e-01,-9.758702354886276964e-02,-7.036954287501676064e-02,1.165512310648375710e-01,2.400554090888779579e-01,-1.264533714643192308e-01,-9.227400688145136545e-03,-1.556861343223557848e-01,-1.856606640153715404e-01,2.561329818133071048e-02,8.153179319898118393e-02,7.927074489476741356e-03,9.047321149291746856e-02,-2.999731891505429404e-01,-1.642030474998882883e-01,-9.556280441485320853e-02,-2.637070467849322863e-01,-1.355377809553599266e-01,-2.033781670315921164e-01
-1.067384601635461838e-01,-1.232494749541981349e-01,-5.346530229232762665e-02,-2.055945305867107678e-02,5.614638723803565545e-01,1.546941328924437975e-01,2.870995129362348755e-02,-5.790249787747441673e-02,0.000000000000000000e+00,2.552795031055900554e-01,-1.935475222306626830e-01,-1.596273291925465743e-01,4.261137673711962170e-02,-4.517628133518030581e-02,2.976451137226864274e-01,8.150051387461459962e-02,-3.903793735198176629e-01,-3.108494570802984858e-01,-1.996559274319674726e-01,-3.430492872782519576e-01,3.830868224674918721e-01,-1.043165467625899318e-01,-5.035971223021582649e-02,-1.668751954957772843e-01,3.110013852272219270e-01,2.645739309173779086e-01,4.673577907860047148e-02,4.198132177487823302e-02,-3.150319495956030447e-01,-3.345323741007193985e-01,-3.573886232628803450e-02,-8.469100496000714351e-02,-3.033647616068635977e-01,-3.150498234952410770e-01,1.483131507216587097e-01,-5.853702131462531306e-04,1.870369542875016666e-01,3.229366817105321780e-02,3.445730372223960170e-01,2.487331873631529466e-01,1.515125787568702698e-01,3.545064569462442194e-01,-9.218016890835158128e-02,-2.822378122346843043e-01,3.833057777380580178e-02,-1.309978104472943328e-01,3.087716162473747722e-02,-8.696099021403995433e-02,-5.473881764153894214e-02,-1.734661959873095433e-02,1.385405960945529369e-01,1.319227847535636156e-01,1.607846641941105548e-01,1.336073997944501462e-02,2.820948210375798793e-01,-6.094999776576254247e-02,-2.115822869654586935e-01,-9.478082130568836472e-02,-7.142857142857142461e-02,-4.554716475266991360e-02,-8.432012154251754613e-03,-1.681799901693551980e-01,-4.089280128692077132e-01,-2.461057241163590870e-01,3.295410876267929612e-01,1.251038920416461808e-01,7.896242012601099869e-02,4.870637651369587318e-03,-3.177085660664015314e-03,9.811430358818534758e-02,-1.021135886321998254e-01,-9.434737923946556748e-02,-2.054515393896063358e-01,-2.739353858528084107e-01,-9.888288127262165328e-02,-4.091469681397739144e-01,-3.073997944501541402e-01,-2.504446132534965952e-01,-2.511238214397426005e-01,-2.168729612583225330e-01,-4.740158184011796644e-02,-1.690200634523437162e-01,1.180615755842530923e-01,2.438759551365119183e-01,3.320479020510299639e-01,6.086062826757227505e-03,7.023102015282184363e-02,5.433665489968274136e-03,3.356494928280977508e-01,9.517851557263505222e-03,2.514410831583180697e-02,1.014701282452298986e-01,-6.492694043522945907e-03,1.288976272398230372e-01,9.771214084632914854e-02,1.767013718217972096e-01,1.527637517315340310e-01,1.789981679252871105e-01,-1.911524196791634933e-01,-1.025872469726082509e-01,-1.354975646811743262e-01,5.337146431922784595e-02,-8.533446534697707031e-02,-1.997676393047053134e-01,2.573841547879708504e-03,-8.717547700969659197e-02,-1.319004423790160474e-01,-2.105009160373564614e-01,4.157915903302202704e-02,-8.194736136556593498e-02,-5.893918405648151948e-02,2.980472764645426473e-02,1.588274721837436843e-01,1.449439206398856206e-01,1.370659993744135219e-01,-9.327494526118236540e-02
-3.553063139550471372e-01,-4.870280173376826394e-01,-3.686357746101255883e-01,-1.172349077259931122e-01,2.619598730953125454e-01,4.513338397604897412e-01,-2.833996157111577929e-01,2.050136288484740166e-01,2.552795031055900554e-01,0.000000000000000000e+00,-1.080924080611287384e-02,1.171723490772599297e-01,8.329237231332945607e-03,2.568836855981053713e-01,1.806023504178023986e-01,3.210331113990794738e-01,5.893471558157201140e-02,-1.688189820814156028e-01,-1.487868090620671213e-01,-1.429822601546092420e-01,-2.144867956566423681e-03,-1.982349524107422101e-01,-2.713168595558335672e-01,-1.524018052638634324e-01,3.579024978774744126e-01,3.401134992627016240e-01,-2.942043880423611535e-02,2.355779972295455604e-01,-2.023325439027659836e-02,1.187318468206800953e-01,2.839715804995755072e-02,1.221457616515483208e-01,-3.008981634568121954e-01,-1.800214486795656543e-01,6.938200992001429535e-02,5.042227087894901594e-02,7.920371777112471257e-02,-6.282228875284864844e-02,1.445372894231198857e-01,2.825550739532597389e-01,8.326109298896286481e-02,1.706108405201304801e-01,4.762053711068412604e-02,8.514232092586800082e-02,-2.100942848205907265e-01,-2.355601233299075004e-01,9.419545109254211235e-02,-1.811966575807676810e-02,-1.781983109164841927e-01,-2.157915903302203009e-01,2.386165601680146492e-02,-2.265069931632333888e-02,2.218597792573394692e-02,-2.608248804682961747e-02,6.936860449528575723e-02,-1.198042807989633113e-01,-5.096653112292774956e-01,-4.347692032709236098e-01,-1.199830197953438427e-01,-1.496313508199651476e-01,-2.273470664462219071e-01,-8.733634210643907714e-02,-1.032485812592162239e-01,-1.575539568345323826e-01,-3.999285044014477819e-03,1.454846061039367366e-01,-1.187318468206800953e-01,-1.206041378077662117e-02,-3.087269314982796220e-01,-3.809821707851110406e-02,-9.236784485455114269e-02,-4.967156709415076338e-02,-2.682425488180883999e-02,2.290987086107511561e-01,-1.056481522856249217e-01,1.044282586353277587e-02,-1.045086911836990012e-01,-1.526877876580723034e-02,1.220876714777246463e-01,1.162697171455382289e-01,-1.840117967737611021e-02,1.070914696813977385e-01,1.146476607533848668e-01,3.657714821931274951e-01,2.323830376692434807e-01,2.456812189999553198e-01,9.041512131909379413e-02,1.934224049331962902e-01,-1.820903525626703726e-02,5.932794137360918735e-02,-3.086018142008132847e-01,-1.047231779793556528e-01,-2.430224764287948480e-01,-1.071495598552214129e-01,6.039143840207337327e-02,1.103177085660664025e-01,5.001117118727378685e-02,1.340765896599490636e-01,-3.615308995039993034e-01,-2.952678850708253533e-01,-2.044327271102372723e-01,5.124000178738996603e-02,-3.563608740336923070e-02,-2.077840832923723291e-02,-4.728986996738013260e-02,-1.381473703025157540e-01,9.079941016131194698e-03,8.683587291657357543e-02,1.260601456722820479e-01,-8.139773895169578888e-02,-1.262254792439340412e-01,-1.986639260020554854e-01,-7.025783100227891986e-02,-6.606193306224585060e-02,4.903257518209035160e-02,-1.995620894588676780e-02
3.833772733366102026e-01,9.135796952500112311e-02,2.778944546226372880e-01,1.465838509316770288e-01,-3.083605165556995154e-01,5.280396800571964672e-02,4.689932526028866566e-01,2.828053085481925244e-01,-1.935475222306626830e-01,-1.080924080611287384e-02,0.000000000000000000e+00,4.879663970686804464e-01,6.719335090933464816e-01,4.560704231645739126e-01,1.947629474060503241e-01,8.657223289691227952e-02,2.917511953170383032e-01,2.094865722328969060e-01,3.170114839805174278e-01,2.685732159613923864e-01,-2.376692434871978121e-01,-3.413780776620939372e-01,3.665847446266589094e-01,2.539657714821931256e-01,-9.115688815407300971e-02,-1.256356405558782807e-01,-2.147906519504892975e-01,-1.509450824433620879e-02,2.428526743822333467e-01,1.820814156128513217e-01,3.628803789266723534e-01,4.954510925421153900e-01,3.307475758523615861e-01,2.055051610885204882e-01,-1.488627731355288419e-01,-1.793109611689530369e-01,-6.888600920505831560e-02,-1.770633182894678082e-01,-2.328745699092899524e-01,-9.567004781268153082e-03,-1.780642566691988116e-01,-5.430537557531614490e-02,-1.506188837749675991e-01,1.849725188793064912e-01,-1.326064614147191567e-01,2.380267214799589026e-01,-2.913981857991867486e-01,-9.733232047902050377e-02,1.162920595200857971e-01,1.439697931096116934e-01,-1.252021984896554696e-01,-9.362795477903392005e-02,-3.719290406184369013e-01,-3.084543545287993238e-01,-4.130836945350551681e-01,-2.329147861834755806e-01,8.332812011260556928e-02,2.293221323562268099e-02,-3.017114258903436097e-02,-8.360069708208588135e-02,1.425175387640198466e-01,9.330175611063943816e-03,2.747933330354350168e-01,2.020957147325617709e-01,1.771929040618436813e-01,1.434380445953795970e-02,-1.150632289199696179e-01,-1.730193484963581801e-02,-1.238750614415300016e-01,-1.716117788998614835e-01,1.751508110281960739e-01,3.104472943384423145e-01,3.773895169578622699e-01,4.836453818311809982e-01,2.183788373028285323e-01,2.880378926672326756e-01,3.683497922159166826e-01,3.423119889181822084e-01,-1.188301532686893980e-01,3.342597971312391003e-01,-4.588230037088341512e-02,1.756200008936949775e-01,-1.020599669332856729e-01,2.653827248759998286e-02,-2.383931364225389815e-01,-8.306894856785379186e-03,8.149604539970507766e-02,1.973233835292014793e-01,-3.790741319987488422e-01,-1.937977568255954131e-01,-2.059341346798337635e-01,-2.106930604584655309e-01,7.231779793556458724e-02,-1.866213861209169433e-01,-1.019080387863622178e-01,-1.770811921891058682e-01,-3.363063586397962434e-01,-4.251798561151078903e-01,-1.588810938826578367e-01,1.089056704946601700e-01,1.421824031458063242e-01,7.260824880468295939e-02,1.422762411189061049e-01,-5.490415121319093539e-02,-1.907011037133026499e-01,-3.359265382724875848e-01,-1.196612896018588862e-01,-1.951740470977255393e-01,-6.646856427901157160e-02,-1.518834621743598845e-01,-4.320791813753965815e-01,-1.140131373162339701e-01,-3.099334197238482469e-01,-3.225345189686759650e-01,-9.020063452343715649e-02,-3.912909424013584214e-01
2.931632333884445218e-01,2.300594307162965313e-01,5.282631038026721487e-02,8.969569685866213282e-02,-2.263550650163099198e-01,-9.613923767818043087e-02,1.170740426292506409e-01,2.914339335984628687e-01,-1.596273291925465743e-01,1.171723490772599297e-01,4.879663970686804464e-01,0.000000000000000000e+00,2.722463023370123580e-01,6.165646364895661646e-01,-3.135528844005541077e-02,9.406139684525671729e-02,1.873005943071629764e-01,4.423387997676392902e-01,3.537021314625318213e-01,3.202913445641002999e-01,-2.977166093212386677e-01,-1.744984136914071171e-01,8.131730640332454629e-02,3.961749854774565538e-02,-4.050225657982930300e-02,1.527816256311720911e-01,-1.783770499128647380e-01,-1.248000357477992706e-01,-2.190446400643460481e-02,2.207828768041467382e-01,4.183877742526475596e-01,3.772018410116627085e-01,3.055855936368917503e-01,2.871576031100585569e-01,-2.075740649716251718e-01,4.871531346351490321e-02,-2.588095982841056575e-01,1.268600026810849483e-02,-3.874212431297198167e-01,-2.555342061754323213e-01,-2.580678314491264280e-01,-2.989320344966263088e-01,-1.012645783993922910e-01,3.056347468608963669e-01,-1.866079806961883913e-01,4.588498145582912691e-01,-2.819026766164707820e-01,-1.834800482595290161e-01,1.741811519728316826e-01,1.879574601188614413e-01,4.031904910853925661e-02,-1.086822467491845023e-01,-2.484248625943965283e-01,-1.466598150051387495e-01,-2.146610661781133966e-01,-2.084856338531659026e-01,1.347513293712855886e-01,1.933419723848250615e-01,2.837481567540998343e-03,6.921667634836230210e-02,2.688011081817775483e-01,3.723892935341168164e-01,2.615443049287278221e-01,3.503284329058492519e-01,1.687296125832253579e-01,2.029223825908217649e-01,-1.771392823629295288e-01,1.132847759059832926e-01,8.298404754457303079e-02,-1.577773805800080364e-01,3.127932436659368320e-04,1.970597435095402129e-03,9.098708610751150838e-02,4.302649805621341361e-01,1.230126457839939291e-01,2.485410429420438772e-01,3.685687474864828839e-01,1.461727512400017859e-01,3.837973099781044617e-02,2.688502614057822204e-01,-7.139729210420484029e-02,2.956253630635863883e-01,-2.210688591983555884e-01,-1.400420036641494281e-01,-1.719603199428035301e-01,-3.937620090263193456e-02,-1.545645471200679244e-01,3.759774788864560235e-02,-3.396621832968407806e-01,-1.995039992850440036e-01,-1.021269940569283635e-01,-1.195317038294829992e-01,5.848339961571116102e-02,-1.083292372313329477e-01,-2.995129362348630253e-01,-3.694937217927521389e-01,-2.221010769024532039e-01,-1.093882657848876117e-01,5.128021806157558732e-02,1.257875687028017220e-01,7.592385718754189605e-02,6.317976674560972505e-02,-1.977746994950623297e-02,-1.068993252602886690e-01,-2.197238482505920742e-01,-1.977121408463291541e-01,-4.682068010188122908e-02,-1.288931587649135291e-01,-1.857142857142857206e-01,-6.650431207828767788e-02,-7.160284195004244789e-02,2.823182447830555400e-02,-2.033200768577684558e-01,-1.290718977612940743e-01,2.831672550158630813e-02,-1.187497207203181554e-01
3.436614683408552584e-01,9.322579203717770713e-02,3.996023057330533312e-01,2.532999687206756168e-01,-1.990303409446355920e-01,8.503954600294919008e-02,6.646320210912015636e-01,3.772554627105768610e-01,4.261137673711962170e-02,8.329237231332945607e-03,6.719335090933464816e-01,2.722463023370123580e-01,0.000000000000000000e+00,4.386433710174717504e-01,2.322847312212341919e-01,8.428437374324143638e-02,-4.140488851155101069e-02,-1.270744894767415756e-01,9.112560882970642540e-02,4.241476384110103026e-02,-2.043344206622279835e-01,-2.730238169712677007e-02,3.702310201528218325e-01,2.090710040663121549e-01,-2.170963850037982146e-01,-2.863085928772509670e-01,-1.617275124000178699e-01,-6.973501943786585000e-02,1.200768577684436234e-01,-1.113767371196210665e-01,-1.769516064167299743e-02,1.764287948523169114e-01,8.634880915143661184e-02,-4.227624111890612019e-02,-5.645918048170159298e-02,-2.224898342195808509e-01,-1.287054828187139677e-01,-3.538764019840028863e-01,-1.605701773984539171e-01,-7.556191071987131136e-02,-7.162071584968050797e-02,-9.956208945886768635e-02,-1.339604093123017148e-01,-1.084230752044327284e-01,2.042539881138567270e-01,1.560168014656597713e-01,-1.723312033602931448e-01,-1.617185754501988537e-01,1.397068680459359336e-01,3.841994727199606746e-02,-1.321015237499441330e-01,-8.465078868582152916e-02,-2.838464632021091005e-01,-2.785379150096072287e-01,-3.258456588766254214e-01,-1.970239957102640771e-01,5.678537915009607140e-02,-1.342776710308771562e-02,2.411412484918897259e-01,-2.848205907323830485e-02,3.085884087760847327e-01,1.341212744090441999e-01,-1.603646275526162956e-01,2.799499530810134473e-02,1.626748290808347208e-01,1.756691541176996219e-01,7.119621073327672689e-02,6.998525403279860779e-02,-1.876759461995620992e-02,-1.683363867911881750e-01,1.992180168908351534e-01,2.289780597881942992e-01,2.700522811564413095e-01,1.894767415880959927e-01,1.309665311229277485e-01,2.239242146655346655e-01,1.245319272532284666e-01,9.821707851110415832e-02,-2.943786585638321629e-01,-1.696233075651280287e-01,-1.116314401894633324e-01,-2.283971580499575549e-01,1.540908887796595128e-01,9.491487555297377365e-02,-1.101568434693239174e-01,-1.945797399347602707e-01,1.801152866526654350e-01,1.967737611153313471e-01,-1.491398185799186760e-01,-1.746101255641449579e-01,-3.417936458286786883e-02,-1.961660485276375127e-02,1.786049421332499276e-01,8.103132400911568223e-02,-1.515527950310558980e-01,-1.874480539791769096e-01,-3.700969659055364236e-01,-4.862013494794226731e-01,-2.040305643683810732e-01,4.094016712096161525e-02,1.726931498279637156e-01,1.222172572501005472e-01,9.509361454935430502e-02,-2.164484561419187658e-01,-1.927208543724026890e-01,-2.833281201126055526e-01,-9.000402162741856504e-02,-2.166406005630278353e-01,-1.900442379016041919e-02,-1.856606640153715404e-01,-5.612404486348808730e-01,-2.911613566289825150e-01,-2.577863175298270582e-01,-3.261539836453818397e-01,-1.610572411635908530e-01,-3.660887439117029296e-01
