1.000000000000000000e+00,2.281650677630576995e-01,2.478148317344297177e-02,-1.455565707324501246e-01,-1.020465966194609442e-01,-2.136729100045682839e-01,1.115395157606212939e-01,-4.299527942744023334e-02,-5.366529617785899264e-02,4.722095325110400171e-02,5.588107202680067109e-01,1.360514694685548975e-01,4.593893710979138345e-01,2.553007461550175217e-01,-5.226130653266331492e-03,2.913811481650677507e-02,1.680371554743413931e-01,1.442957210293893677e-01,5.002619156388000698e-01,3.776458047814831853e-01,3.934825643368356635e-02,-1.852291761839500520e-02,-4.285061671996345453e-03,-6.103091213643977581e-02,9.641845591594334908e-02,1.681132937414344525e-02,-1.357484391655245926e-01,-1.156403228262524729e-01,2.319978681285213840e-01,1.306380386782396708e-01,-7.508755900715699712e-03,-3.725902238465052252e-02,2.205725597685396708e-02,-8.494898736104766757e-02,-4.300137048880767199e-02,-3.708999543170397178e-02,1.148347799604080982e-01,-8.010202527790467875e-02,5.076899649763971095e-02,6.282929800517740235e-03,-7.020100502512563456e-02,6.931780112684635120e-02,-1.261565402771432920e-01,-2.533851073549566180e-01,-1.861702451652200441e-01,-1.526831125323587501e-01,-1.891883660727881888e-01,-3.147997563575453128e-01,-1.286325567230089950e-01,-6.435510887772194488e-02,4.328308207705192784e-02,-1.240231460331962798e-01,6.886401705497183223e-02,-1.688746764123648658e-01,-8.556266179381757930e-02,-9.368661489264504261e-02,3.916339272118166681e-01,2.762296330135526144e-03,1.759555352520176738e-02,2.850921273031825631e-02,3.790025887010811667e-01,-1.331094868280797983e-01,7.447540733972894678e-02,-1.311694837825491122e-01,-2.342241510583219222e-01,-1.775590071569971007e-01,-2.088122430333485546e-01,-1.443596771737475359e-01,4.953174965737779933e-01,6.860971524288107803e-02,2.646170245165220258e-01,4.738693467336683313e-02,2.303045530683721642e-01,1.437322978529008699e-01,2.291716156540277161e-01,6.647936652961779214e-02,3.222963301355261101e-01,1.876518958428506079e-01,2.259296482412060381e-01,1.007537688442211032e-01,1.134475407339728958e-01,-1.453022689203593669e-02,-1.529160956296634656e-02,2.157941221257804187e-01,1.018638647784376461e-01,-3.627699101568448437e-01,3.930409623876960495e-02,-1.654697731079640688e-01,1.701385716461093281e-02,-1.614283538906654547e-01,7.644282016141312752e-03,-5.946855489569057712e-02,-8.869042180599968905e-02,-1.203060758337140268e-01,1.069407644282016207e-01,6.802801888229023652e-02,-1.486584437338206166e-01,-1.370625856555504896e-01,-9.840871021775544902e-02,7.126389523374447588e-02,1.245789553829754898e-01,2.636211359829450374e-02,1.192751636972742557e-01,1.505740825338815203e-01,-1.689812699862951184e-01,-1.621349170092888647e-01,1.053449063499314713e-02,7.835389066544845571e-02,1.167717374752550580e-01,-2.668174204355108770e-01,-3.231932389218821200e-01,-1.666194609410689698e-01,-9.022384650525353683e-03,7.463682046596618880e-02,-2.252626770214709861e-01,-1.917648850312166919e-01
2.281650677630576995e-01,1.000000000000000000e+00,-3.900989797472209641e-01,-1.842074006395614527e-01,-2.232663316582914614e-01,-4.286279884269834223e-02,-5.012060301507538229e-01,1.550875590071570109e-01,-1.942134917009288864e-01,-6.070047205725597611e-02,8.783310491853204768e-03,2.879884269834018795e-01,-1.750038069133546537e-01,2.295918988883813017e-01,-1.284437338206182444e-01,3.452565859601035292e-02,3.712014618547281875e-01,6.721349170092888459e-01,-1.502954164763209977e-01,3.278452870412669196e-01,1.269940612151667370e-01,2.052109029998477330e-01,-4.379061976549413759e-01,-2.083462768387391584e-01,-1.226282929800517757e-01,-4.976397137201157145e-03,-9.130500989797472877e-03,-1.629815745393634746e-02,2.668052383127760274e-01,5.631353738388914509e-01,-1.103852596314907827e-02,-1.517587939698492386e-02,-6.900563423176488131e-02,2.429983249581239568e-01,-1.888701081163392803e-01,-2.369727425003806745e-02,7.502360286279884105e-02,7.633622658748287493e-02,9.813004416019491249e-02,8.449368052383127159e-02,7.383889142683112972e-02,1.191381148165067821e-01,-1.666758032587178362e-01,-5.795035784985533983e-02,-1.771889751789249290e-01,-6.289020861885183389e-02,-1.360423328765037188e-01,-1.293695751484696121e-01,-2.222673975940307467e-01,-1.283082077051926340e-01,-3.457438708694990370e-01,-1.906426069742652718e-01,-3.284269834018577749e-01,-3.965707324501294151e-01,-4.954621592812547687e-02,1.027242271965890102e-01,4.472194304857621261e-01,8.116582914572864071e-01,1.593238921882138004e-01,3.650875590071570032e-01,9.834932236942287020e-02,3.032663316582914770e-01,1.883706410842089229e-01,6.059890360895385797e-01,-3.062859753312014433e-01,1.527409776153494658e-01,-1.436348408710217683e-01,1.387848332571950671e-01,3.982153190193390979e-01,4.427683873915029822e-01,2.442759250799451942e-01,3.326328612760773296e-02,2.530059387848332397e-01,3.958946246383432399e-01,1.343703365311405551e-01,1.033683569361961291e-01,1.905573321151210475e-01,3.609745698187909468e-01,3.779290391350693112e-01,3.607720420283234142e-01,3.563012029846200912e-01,4.874569818790924214e-01,5.630577128064565007e-02,1.231978072179077260e-01,-5.081467945789553547e-03,7.176793056190040876e-02,1.042667884878940160e-01,1.404751027866605884e-01,-8.603015075376883869e-02,-4.916400182731840707e-02,-1.688822902390741676e-01,-4.266605756052992415e-01,-2.591457286432160556e-01,-4.625628140703517688e-01,1.942378559463986687e-01,1.809745698187909257e-01,1.137581848637125026e-01,8.541343079031521457e-02,-9.886553982031369425e-02,-1.324029237094563605e-01,1.232830820770519226e-01,-1.934886553982031465e-01,2.631140551241053505e-01,2.194578955382975594e-01,-1.501522765341860854e-01,-3.644023146033196214e-01,2.543170397441754105e-01,2.220831429876655994e-01,1.767488959951271643e-01,7.501903456677326554e-02,1.242576518958428541e-03,-9.800974569818790560e-02,2.243490178163545096e-02,-6.504187604690117586e-02,-4.979625399725902124e-01,-2.019293436881376691e-01
2.478148317344297177e-02,-3.900989797472209641e-01,1.000000000000000000e+00,6.491837977767626056e-01,2.915136287498096279e-01,-8.746459570580174259e-02,7.427744784528703681e-01,9.822902390741586331e-02,3.790756814374904859e-01,2.027699101568448403e-01,-1.600517740216232665e-01,-4.626952946550936252e-01,-5.396680371554743623e-03,-6.743414039896451773e-02,2.267778285366225111e-01,9.613369879701537390e-02,-3.748058474189127631e-01,-3.126039287345819817e-01,4.999984772346581230e-01,1.879549261458809267e-02,5.497030607583371087e-02,8.583523679001066331e-02,7.006837216384954603e-01,5.370290848180295784e-01,4.649276686462616159e-01,3.336317953403380443e-01,6.919445713415562499e-03,-1.070199482259783820e-02,-3.504522613065326753e-01,-4.553312014618547399e-01,3.021516674280493309e-01,3.346155017511801555e-01,2.847571189279731740e-01,1.476397137201157228e-01,3.859022384650525606e-01,-4.603928734582000970e-02,1.523237399116796065e-01,-9.394700776610324933e-02,3.783462768387391845e-02,-1.711192325262677061e-01,-2.625826100197959367e-01,-3.925582457743261866e-01,-2.272864321608040195e-01,-3.301918684330744647e-01,-1.265905283995736319e-01,-3.755672300898431626e-01,-2.867153951576061899e-01,-2.819582762296329870e-01,-2.297776762600883260e-01,-2.781604994670321407e-01,-8.813461245622049300e-02,-1.939652809502055708e-01,-7.225369270595401183e-02,-1.511557788944723479e-01,-3.795568752855185135e-01,-4.515928125475864308e-01,-2.232389218821379528e-01,-2.791624790619765539e-01,-2.763286127607735843e-01,-3.632648088929495978e-01,5.826404751027866591e-02,-1.242515608344754025e-01,-4.271676564641389007e-01,-2.587924470839043645e-01,4.454758641693314924e-01,-1.899345210902999778e-02,2.754256129130501218e-01,3.451956753464291427e-02,-1.818486371250190373e-02,-5.452109029998477435e-02,6.403075985990558383e-02,8.655245926602710138e-02,-9.805086036241815461e-02,-2.175255063194761751e-01,-7.763971372011573002e-02,7.091518197045834637e-02,1.098507689964976358e-01,-4.756205268768082944e-02,-4.031612608497030514e-01,-2.951606517435663157e-01,-3.554926145880919486e-01,-2.210963910461397897e-01,-1.114039896451956696e-01,-1.125780417237703598e-02,6.751484696208313874e-02,-4.022338967565098344e-01,9.866301202984620322e-02,-2.407111314146490044e-01,-4.404446474798233424e-02,-4.157134155626617811e-01,2.864260697426526669e-01,2.230424851530379282e-01,2.447799604081010993e-01,2.422445561139028591e-01,-8.114968783310491651e-02,-2.061352215623572515e-01,-1.462037460027409697e-01,-9.384193695751484598e-02,-1.449642150144662689e-01,1.457682351149687805e-01,1.218943200852748571e-01,-3.563727729556875196e-02,1.373595248972133420e-01,1.593117100654789162e-02,3.465082990711131350e-01,3.340673062281102612e-01,3.795035784985533595e-02,-2.702299375666209966e-02,3.711283691183188405e-02,-2.732023755139332821e-01,-2.414253083599817162e-01,-6.253083599817267635e-02,1.270199482259783685e-01,3.098873153647023204e-01,2.254682503426221896e-01,7.672148621897365017e-02
-1.455565707324501246e-01,-1.842074006395614527e-01,6.491837977767626056e-01,1.000000000000000000e+00,7.198873153647022960e-02,6.677326024059692527e-03,4.824562204964215062e-01,4.806380386782396763e-01,2.437185929648241212e-01,3.232663316582914392e-01,-2.232450129435054054e-01,-2.339820313689660314e-01,-1.841738998020405194e-01,9.370945637277296181e-02,1.106943809958885333e-01,1.067488959951271577e-01,-3.121151210598446801e-01,-3.146017968631034112e-01,2.474798233592203356e-01,1.796558550327394602e-02,8.168874676412364588e-02,7.671691792294807466e-03,5.423800822293284307e-01,5.898340185777372069e-01,3.222019186843307348e-01,3.638008222932845870e-01,-9.770214709913202511e-02,-6.304553068372163727e-02,-3.265128673671387483e-01,-3.009882747068676756e-01,1.862250647175270335e-01,3.778620374600273890e-01,5.166590528399573473e-02,2.500350236028627826e-01,1.557393025734734315e-01,-1.393817572712044983e-01,6.163088168113294019e-02,-1.556113902847571125e-02,-6.379625399725902257e-02,-1.603182579564489119e-01,-2.127622963301355197e-01,-3.131125323587635179e-01,-2.258276229633013610e-01,-2.732967869651286574e-01,-1.268798538145271826e-01,-2.932328308207705070e-01,-2.592447083904370064e-01,-2.001157301659814147e-01,-2.737916857012334670e-01,-2.203410994365768150e-01,-1.756555504796710743e-01,-6.472209532511040420e-02,-1.506532663316582921e-01,-1.175407339728947731e-01,-4.383813004416019510e-01,-3.601065935739302670e-01,-3.288152885640323042e-01,-1.397974722095325084e-01,-2.160895386021014219e-01,-9.629358915791076667e-02,-5.417389980204050798e-02,3.288457438708695113e-01,-3.754667275772803348e-01,-9.218669103091213513e-02,3.699208162022232238e-01,3.158550327394548662e-01,1.811801431399421292e-01,1.336196132176031559e-01,3.409471600426374274e-03,2.113750571037003104e-02,-7.921425308359981987e-02,4.963453631795340659e-02,-5.344754073397289806e-02,-1.124181513628749879e-01,-1.222567382366377409e-01,1.557697578803106386e-01,4.232983097304705150e-02,2.284148012791228921e-02,-3.608786356022536945e-01,-2.584818029541647855e-01,-3.688213796253997367e-01,-6.087559007156997243e-02,-1.448713263286127706e-01,-9.367747830059387770e-02,-1.222080097456981901e-01,-1.327683873915029567e-01,-2.148774173899802020e-02,-1.989371097913811559e-01,-2.859296482412060358e-01,-1.669483782549109063e-01,7.498248819856860592e-02,1.376991015684483066e-01,2.206791533424699303e-01,1.695142378559464091e-01,-1.780584741891274581e-01,-2.585503273945484737e-01,-2.696817420435511092e-01,-9.064108420892340312e-02,-2.605405816963605736e-01,-1.908024973351606438e-02,-8.155778894472362484e-02,-5.928125475864169658e-02,-9.947312319171615347e-02,-1.317192020709608558e-01,2.946703213034871371e-01,3.056890513171920398e-01,-1.025704278970610561e-01,-6.742804933759707908e-02,-5.918227501142073882e-02,-2.862692249124410004e-01,-2.179412212578041852e-01,-1.948332571950662506e-01,1.264961169483782601e-02,8.312928277752398842e-02,2.097974722095325151e-01,1.075742348104157114e-01
-1.020465966194609442e-01,-2.232663316582914614e-01,2.915136287498096279e-01,7.198873153647022960e-02,1.000000000000000000e+00,3.424059692401401067e-01,2.941982640475102606e-01,4.543931780112684705e-03,4.130805542865844115e-01,2.269407644282016023e-01,-8.926450433988122879e-02,2.527790467488960115e-03,9.460788792447083484e-02,-9.685701233439926450e-02,3.626008832038982721e-01,3.268356936196132323e-01,-2.632236942287193293e-01,-2.168448302116643689e-01,2.254271356783919544e-01,-1.041967412821684230e-01,1.460027409776153418e-01,3.594487589462463939e-01,2.457743261763362386e-01,1.611390284757119040e-01,3.369331506014923150e-01,2.770199482259783630e-01,4.946292066392569131e-01,5.552109029998477663e-01,-4.407492005481955522e-02,-9.028780264961169810e-02,2.496406273793208563e-01,6.491091822750114093e-02,1.207370184254606404e-01,-4.033957667123496543e-02,2.643886097152428616e-01,9.713263286127607476e-02,9.097761534947464146e-02,-4.162022232373990827e-02,1.657728034109943738e-01,4.835236790010659369e-02,7.869955839805085895e-02,-1.164732754682503424e-01,-2.270580173595249107e-01,-2.676777828536622272e-01,2.048271661336988070e-02,-1.024303334856098702e-01,-2.291426831125323582e-01,-2.140916704735800202e-01,-1.431247144814984038e-02,-9.871478605146946639e-02,3.647784376427592318e-02,-1.361093345515456132e-01,-1.623724684026191592e-02,-1.532754682503426336e-01,-1.463986599664991554e-02,-2.644662707476777563e-01,-3.226876808283843379e-01,-1.685899192934368906e-01,-1.016049946703213025e-01,-2.361047662555200155e-01,-5.998172681589766797e-02,-9.257651895842849976e-02,-3.792553677478300855e-01,-1.127318410232983070e-01,3.112380082229328493e-01,4.260088320389827932e-02,1.942226282929800651e-01,8.259783767321456083e-02,-2.583919597989949857e-01,-1.890787269681742100e-01,2.797030607583371187e-01,3.197076290543627297e-01,4.592051164915486594e-02,3.300898431551697876e-02,4.916857012334398952e-02,3.375818486371250093e-02,5.335617481346124902e-02,-6.236942287193543433e-02,-1.961474036850921199e-01,-4.720420283234353503e-02,3.472209532511039837e-02,-1.681132937414344525e-02,7.705192629815745594e-04,9.123343992690725879e-02,8.085274859144206405e-02,-1.377021470991320329e-01,3.720572559768539622e-02,-4.568296025582457373e-06,1.038937109791381180e-01,-1.479914725140855924e-01,1.036713872392264341e-01,-3.675041876046901412e-02,4.246078879244708643e-02,-4.010507080858839724e-02,-8.718440688289934293e-02,-1.118638647784376411e-01,-1.659433531292827668e-01,-1.791853205421044537e-01,-9.724227196589005362e-02,-1.199269072635906763e-01,9.268006700167503997e-02,-8.219582762296330503e-02,6.342926754987056326e-02,1.993756662098370575e-02,1.525049489873610449e-02,5.793969849246231180e-02,3.011573016598142333e-02,-1.069894929191411576e-01,1.917161565402771385e-03,-1.343901324805847342e-01,-2.863712501903456845e-02,-1.432054210446170317e-01,1.187756966651439114e-03,3.704583523679001039e-02,7.846048423937870830e-02,-1.680219278209228034e-02
-2.136729100045682839e-01,-4.286279884269834223e-02,-8.746459570580174259e-02,6.677326024059692527e-03,3.424059692401401067e-01,1.000000000000000000e+00,1.558245774326176385e-02,2.030820770519262963e-01,1.856098675194152448e-01,5.784741891274554071e-01,-4.611238008222932894e-02,2.818745241358306952e-01,-4.423176488503121478e-02,1.053144510430942538e-01,1.565326633165829151e-01,3.654438860971524483e-01,7.839195979899496805e-03,-1.249428962996802263e-02,-1.100472057255976882e-01,-1.391046139789858249e-01,-7.502664839348256731e-03,1.220861885183493201e-01,-1.274600274097761610e-01,-1.196512867367138661e-01,6.567077813308969114e-02,2.720085274859144198e-01,3.549672605451499874e-01,5.375620526876808691e-01,1.734338358458961393e-01,1.661108573168874614e-01,1.016065174356631656e-01,5.281407035175879339e-02,-8.698035632708999570e-03,4.610476625552002716e-02,1.495066240292370896e-01,2.272864321608040195e-01,-1.184376427592507969e-01,-5.395309882747068714e-02,-3.272879549261458604e-02,1.408862494289630021e-02,4.758641693315060484e-02,-1.534094716004263670e-01,9.927668646261611496e-02,1.022460788792447089e-01,2.505055580934977821e-01,2.169955839805086106e-01,8.333942439470078123e-02,1.197411298918836658e-01,1.905877874219582824e-01,1.311710065478909615e-01,7.936348408710217073e-02,6.142378559463986670e-02,9.956905740825339191e-02,-4.435663164306380413e-02,1.037901629358915778e-01,8.497487437185929915e-02,-2.725689051317192191e-01,-2.996497639713720240e-02,9.890970001522765565e-02,8.489873610476625365e-02,-2.722704431247144601e-03,5.285061671996345301e-02,-2.139987817877265219e-01,9.234658139180752789e-02,-2.265570275620526833e-02,9.144814984010964098e-02,1.537764580478148402e-01,1.775985990558854866e-01,-4.380950205573321266e-01,-2.227607735647936515e-01,3.959768539668037102e-01,5.099177706715395386e-01,3.164778437642759013e-01,2.531079640627379446e-01,2.059433531292827746e-01,2.837703669864473643e-01,9.202680067001675623e-02,1.952002436424546961e-01,1.063560225369270529e-01,5.083447540733972841e-02,1.596924014009441228e-01,-2.168265570275620599e-02,-2.312623724684026161e-01,-1.825414953555657138e-01,-9.996193086645348280e-02,-3.423024211968935665e-02,-8.047814831734430296e-02,-3.636668189432008813e-02,5.355565707324501379e-02,5.682960255824577589e-02,-8.901933911984162562e-02,-2.363423176488503030e-01,-1.600761382670930488e-01,-2.172072483630272666e-01,-1.448652352672453181e-01,-1.961367443276990918e-01,-2.762007004720572478e-01,-1.898690421805999673e-01,-1.041967412821684230e-01,-1.264123648545759093e-01,-1.189736561595858104e-02,-1.731125323587635045e-01,-9.562966346885944449e-03,-7.765494137353433357e-02,-7.432617633622658204e-02,-1.534627683873915072e-01,-2.528704126694076432e-02,-1.057880310644129795e-01,-1.429313232830820846e-01,-6.768691944571340879e-02,-7.937871174052078815e-02,-2.932160804020100264e-01,-9.007613826709304217e-02,-1.815166742804933675e-01,-4.837977767626008840e-02,-1.735632708999543250e-01
1.115395157606212939e-01,-5.012060301507538229e-01,7.427744784528703681e-01,4.824562204964215062e-01,2.941982640475102606e-01,1.558245774326176385e-02,1.000000000000000000e+00,4.905588548804629134e-02,5.309425917466118472e-01,2.231171006547890967e-01,3.853966803715547229e-02,-3.940414192172986274e-01,2.980508603624181241e-01,-9.922491244099283791e-02,1.607080858839652904e-01,1.615669255367747914e-01,-4.986614892645043207e-01,-5.326450433988122457e-01,4.520938023450586374e-01,-1.948332571950662506e-01,-1.106319476168722421e-01,-2.659052839957362635e-02,6.508268615806304114e-01,2.890315212425765279e-01,2.964260697426526758e-01,1.892980051774021677e-01,-3.491853205421044382e-02,5.767016902695294711e-02,-3.317542256738236772e-01,-5.574265265722552209e-01,2.381757271204507434e-02,-2.013248058474189153e-02,-3.859144205877874240e-02,-2.114116034719049908e-01,2.259905588548804523e-01,-7.672300898431551330e-02,-8.039744175422566808e-02,-1.856479366529617814e-01,-1.607248363027257432e-01,-2.427074767778285291e-01,-2.769133546520481381e-01,-3.659540124866758060e-01,-5.175422567382366446e-02,-3.028414801279122881e-01,-8.383432313080554921e-02,-2.274036850921273001e-01,-1.192629815745393645e-01,-1.469864473884574252e-01,-5.860057865082990425e-02,-4.365159128978224334e-02,1.873945485000761413e-01,1.383995736257042919e-01,2.167138723922643617e-01,2.082290239074158777e-01,-3.727912288716309086e-01,-3.710811633927211806e-01,-4.165585503273945278e-01,-4.161885183493223561e-01,-2.792553677478300522e-01,-3.384787574234810470e-01,1.540779655855032682e-01,-1.955002284148012748e-01,-4.894304857621440408e-01,-4.383919597989949790e-01,2.798050860362418235e-01,-1.096436729100045693e-01,6.934825643368357218e-02,-2.031901933911984259e-01,-2.287650373077508847e-01,-3.460377645804781355e-01,-3.163849550784224307e-02,2.784528704126694107e-02,-1.216674280493375976e-01,-3.386279884269833840e-01,-1.765555047967108382e-01,1.681742043551088736e-02,-1.585198720877112680e-02,-1.859646718440688407e-01,-4.062874980965432981e-01,-3.403746002740977716e-01,-4.252276534186081869e-01,-3.908832038982792967e-01,-2.817329069590376323e-01,-1.889858382823206839e-01,-2.204553068372163971e-01,-2.673168874676412621e-01,-2.997609258413278521e-01,-4.371356783919598255e-01,-8.120298462007004281e-02,-1.996025582457743308e-01,2.002878026496116848e-01,4.518851834932237077e-01,3.631140551241053838e-01,5.152413583066849379e-01,-3.322719658900563644e-01,-4.211207552916095831e-01,-2.567595553525201524e-01,-2.092736409319323754e-01,-8.014466270747677701e-02,2.244845439317801061e-01,-3.023755139333028641e-02,2.396802192782092333e-01,-1.933576975788031116e-01,-1.592035937262067935e-01,1.633424699253845092e-01,3.151104004872848918e-01,-2.597000152276534024e-01,-3.281148165067763189e-01,-2.548028018882290135e-01,-2.956951423785594835e-01,-1.940246687985381357e-01,-2.974874371859296401e-02,1.073092736409319292e-01,2.427607735647936693e-01,4.382807979290391232e-01,5.107507233135373526e-02
-4.299527942744023334e-02,1.550875590071570109e-01,9.822902390741586331e-02,4.806380386782396763e-01,4.543931780112684705e-03,2.030820770519262963e-01,4.905588548804629134e-02,1.000000000000000000e+00,1.168143749048271701e-01,4.283523679001066120e-01,-1.460758337140246610e-01,4.185990558854880694e-01,-1.682275011420739930e-01,4.300350236028627759e-01,-1.356129130500989821e-01,7.688746764123648159e-02,-3.255337292523222126e-01,-1.250479671082686262e-01,-1.894320085274859124e-03,9.808131566925536171e-02,-9.539515760621287976e-02,-5.179686310339576966e-02,-1.306075833714024637e-01,-8.288411755748438525e-03,-5.479823359220344081e-02,2.674691640018272976e-01,-1.383554134307903027e-01,-1.426678848789401585e-02,-2.678239683264808657e-01,8.911070504035327466e-02,-7.175270290848180521e-02,6.378407187452413141e-02,-2.742759250799451931e-01,1.485746916400182693e-01,-9.534795188061519211e-02,-8.913354652048119386e-02,-5.695903761230394075e-02,-1.186553982031368915e-01,-8.945028171158823926e-02,-7.903456677326023416e-02,-2.338130044160194876e-01,-2.401857773717070155e-01,1.671996345363179490e-03,3.247144814984011252e-02,1.731993299832495711e-02,5.479518806151972149e-02,-9.865844373382061383e-02,6.485914420587787776e-02,5.778894472361809087e-03,6.362874980965432803e-02,-2.242576518958428605e-02,6.060910613674432706e-02,-2.819856860057864956e-02,-5.438556418455915697e-02,-1.598903608953860245e-01,-1.874524135830668570e-02,-3.719232526267702288e-01,7.793969849246230874e-02,3.573473427744784658e-02,4.261550175118014039e-01,-2.433226739759403179e-02,5.933988122430333689e-01,-3.862159281254758381e-01,2.359509669559920753e-01,-2.223069894929191326e-01,3.720420283234353587e-01,-2.746307294045987474e-02,1.687254454088625011e-01,-1.036028627988427042e-01,9.198416324044464409e-02,6.553220648698035444e-02,2.024927668646261669e-01,-3.567077813308969225e-02,3.634688594487589519e-02,1.317679305619004204e-01,6.528856403228262828e-02,2.467336683417085258e-02,8.739607126541799886e-02,-2.073001370488807560e-01,-5.915181970458352478e-02,-2.250373077508756037e-01,3.283995736257042802e-02,-2.589767016902695396e-01,-2.228932541495355635e-01,-3.376397137201157528e-01,-1.192690726359068032e-01,-1.294335312928277804e-01,-1.610019795949444166e-01,-3.096208314298766751e-01,-3.387543779503578156e-02,1.093817572712045133e-01,-1.187239226435206352e-01,1.916872239987817972e-01,-8.498553372925232718e-02,-1.475559616263133755e-01,-1.446520481193848129e-01,-3.388655398203136992e-01,-1.849078726968174102e-01,-1.597182884117557544e-01,-8.858535099741129959e-02,1.962555200243642495e-01,2.904065783462768391e-02,6.384955078422414887e-02,3.072026800670016669e-02,1.546322521699406149e-01,-6.682503426222019538e-02,2.425917466118471255e-02,-1.541952185168265523e-02,1.700624333790163104e-02,-1.624059692401400856e-01,-2.013887619917770766e-01,-7.745850464443429506e-02,2.158002131871478713e-01,2.683569361961321911e-02,-7.862798842698340285e-02,-1.740520785746916405e-02
-5.366529617785899264e-02,-1.942134917009288864e-01,3.790756814374904859e-01,2.437185929648241212e-01,4.130805542865844115e-01,1.856098675194152448e-01,5.309425917466118472e-01,1.168143749048271701e-01,1.000000000000000000e+00,3.801964367291000291e-01,-1.363179534033805325e-02,-2.467778285366225011e-01,2.875620526876808136e-01,9.144662707476777785e-02,6.328780264961169078e-01,4.157530074615501947e-01,-3.167077813308968870e-01,-2.788853357697578805e-01,1.211222780569514296e-01,-2.846246383432313176e-01,-5.991777067153951364e-02,4.202832343535860987e-04,4.299954317039744178e-01,2.069803563270899982e-01,3.288031064412973992e-01,1.346718440688289831e-01,4.029541647632099988e-01,3.344845439317801206e-01,-1.528810720268006795e-01,-1.782229328460484263e-01,5.591594335312928543e-02,4.299680219278208954e-02,4.583523679001065706e-04,-7.857773717070198893e-02,-3.960864930714176613e-02,-3.171569971067458305e-01,-6.751789249276686500e-02,-2.467214862189736624e-01,-1.847693010507080735e-01,-2.686218973656159803e-01,-7.494594183036394630e-02,-2.070138571646109316e-01,-8.227805695142378917e-02,-1.495797167656464088e-01,-2.681437490482716651e-02,-7.468098066088016407e-02,-1.828384345972285802e-02,-7.225064717527028557e-02,-1.174661184711436011e-02,1.118821379625399709e-01,1.341632404446474747e-01,1.327668646261611074e-01,2.112075529160956366e-01,6.940916704735800025e-02,-2.179153342469925259e-01,-2.715730165981422028e-01,-2.424684026191563924e-01,-1.190330440079183788e-01,-2.684087102177554196e-01,-8.305162174508907980e-02,1.638130044160194809e-01,-4.636972742500380940e-02,-3.169453327242272023e-01,-2.841541038525963181e-01,1.479762448606669611e-01,-2.809334551545606962e-01,-2.854712958733059414e-01,-4.302603928734581862e-01,-1.262996802192782042e-01,-1.717846809806608810e-01,2.272833866301202932e-01,1.410902999847723494e-01,-4.384041419217298702e-02,-1.134216537231612643e-01,-4.623420130957819202e-02,1.028597533120146207e-01,-1.380173595248972152e-01,-1.318790924318562485e-01,-2.024135830668493952e-01,-1.944129739607126650e-01,-6.408710217755443639e-02,-3.879792903913507063e-01,-2.269331506014923006e-01,-2.016171767930561853e-01,-9.299527942744023612e-02,-3.318059996954469404e-01,-1.437490482716613505e-01,-3.544891122278057138e-01,-2.518501598903609071e-02,-2.486736713872392257e-01,2.073001370488807560e-01,7.379929952794274384e-02,2.392218669103091111e-01,1.107827013857164561e-01,-3.430759859905588294e-01,-3.392477539211207760e-01,-1.726404751027866558e-01,-1.183371402466879829e-01,-2.042485153037916848e-02,-7.318867062585655836e-02,1.482884117557484449e-01,-1.095066240292370957e-01,-1.094868280797929062e-02,-6.181665905283995760e-02,-4.665753007461550389e-02,6.183950053296786813e-03,-1.345347951880615234e-01,-3.580067001675041882e-01,-2.042881072026800637e-01,-1.219004111466422957e-01,-1.418455915943353171e-02,-7.639409167047357674e-02,1.257408253388152819e-01,1.151911070504035295e-01,1.965996649916247896e-01,-4.017054971828841296e-03
4.722095325110400171e-02,-6.070047205725597611e-02,2.027699101568448403e-01,3.232663316582914392e-01,2.269407644282016023e-01,5.784741891274554071e-01,2.231171006547890967e-01,4.283523679001066120e-01,3.801964367291000291e-01,1.000000000000000000e+00,8.595096695599208081e-02,7.063956144358154998e-02,1.127531597380843631e-01,2.099695446931627851e-01,2.585792599360438593e-01,3.150464443429267791e-01,-4.787574234810416073e-03,-8.532967869651286730e-02,1.039135069285823110e-01,-8.014466270747677701e-02,4.703365311405512117e-02,-2.510126389523374343e-02,8.775392112075529327e-02,-7.303639409167046737e-02,1.554804324653570879e-01,1.731018730013704765e-01,1.688959951271508941e-01,2.056738236637734030e-01,3.347951880615197134e-02,7.093345515456067618e-02,8.789401553220649310e-02,1.521288259479214311e-01,-8.731688746764124098e-02,-1.013704888076747378e-02,-5.345515456068219984e-02,-1.173732297852900924e-01,-6.305923557179839156e-02,-2.667884878940155469e-01,-5.652657225521547091e-02,-7.416780874067306628e-02,-1.606563118623419995e-01,-2.202223237399116851e-01,1.790772042028323380e-02,5.484087102177554601e-02,-2.008070656311862490e-02,9.353129282777523923e-02,-8.237246840261915060e-02,2.776153494746459727e-02,-4.479518806151971955e-02,4.005786508299070958e-02,-1.403989645195675333e-03,6.269224912440992878e-03,2.451347647327546675e-02,-8.427744784528704014e-02,-1.712456220496421377e-01,-1.441738998020405116e-01,-2.748028018882290313e-01,-1.021714633774935266e-01,-1.953982031368965977e-01,2.951880615197198174e-02,6.309578194000305118e-02,2.761230394396223531e-01,-3.250997411298918727e-01,5.439317801126846569e-02,-1.052474493680523870e-01,3.215623572407492331e-02,-1.041373534338358442e-01,-1.058778742195827655e-01,-2.003106441297396179e-01,-1.632465357088472568e-01,3.562737932084665826e-01,4.062677021470991190e-01,1.299482259783767413e-01,1.269209684787574177e-01,1.364961169483782655e-01,3.050053296786965351e-01,7.613522156235724703e-02,4.172986142835389406e-02,3.648698035632708808e-02,-1.213918075224607873e-01,2.460788792447083859e-02,-1.369757880310644160e-01,-2.258108725445408804e-01,-2.509471600426374516e-01,-5.169179229480737325e-02,-3.132176031673519212e-01,-2.692705954012486816e-02,-3.241312623724684205e-01,-8.691640018273183443e-02,-2.411649154865235234e-01,1.073305923557179853e-01,-1.461534947464595835e-01,3.450890817724988624e-02,-1.435861123800822314e-01,-2.553159738084361252e-01,-2.157301659814222505e-01,-4.151073549566011711e-01,-2.516415410385259843e-01,-1.173245012943505416e-01,-1.535312928277752509e-01,1.521775544388609680e-01,-2.206030150753768848e-01,-5.089081772498857924e-03,-8.304248515303791489e-02,-1.188853357697578772e-01,-1.759403075985990494e-01,-7.942134917009288642e-02,-1.309045226130653161e-01,-1.405131719202070972e-01,-3.351484696208314462e-01,-2.809882747068676578e-01,-3.089097000152276618e-01,2.844830211664382477e-02,2.517283386630120301e-02,-6.270899954317039893e-02,-2.079762448606669589e-01
5.588107202680067109e-01,8.783310491853204768e-03,-1.600517740216232665e-01,-2.232450129435054054e-01,-8.926450433988122879e-02,-4.611238008222932894e-02,3.853966803715547229e-02,-1.460758337140246610e-01,-1.363179534033805325e-02,8.595096695599208081e-02,1.000000000000000000e+00,8.706563118623419917e-02,7.363773412517130579e-01,1.428856403228262462e-01,7.268463529770062548e-02,-3.613217603167351993e-02,2.901735952489721271e-01,6.057408253388153058e-02,4.239713720115730333e-01,1.872849093954621624e-01,-3.783767321455763777e-02,-1.396908786356022558e-01,4.554591137505710138e-03,-7.401553220648697529e-02,1.645149992386173154e-01,-2.082838434597228394e-02,-1.489127455459113847e-01,-1.753068372163849586e-01,4.147784376427592345e-01,9.811329374143444582e-02,6.228262524744936773e-02,-4.709760925841327550e-02,2.321303487132632751e-02,-1.227592507994518106e-01,-2.179381757271204451e-02,9.240596924014009284e-02,1.025491091822750139e-01,-4.589005634231765191e-02,6.274706867671692168e-02,2.897670169026952958e-02,1.329526419978681318e-01,3.005116491548652236e-01,-4.515151515151515083e-02,-5.753007461550175422e-02,-1.279594944419064906e-01,3.748591442058778894e-02,-7.167656464138875971e-02,-1.945226130653266439e-01,-1.322003959189888833e-01,-1.705801735952489767e-02,-4.838586873762753399e-02,-6.433683569361961507e-02,1.843307446322521581e-01,3.564032282625247128e-02,-8.254606365159128378e-02,-1.553129282777523934e-01,2.696589005634231762e-01,-1.446916400182731710e-01,-1.375163697274250085e-01,-1.214176945332724189e-01,3.153144510430942460e-01,-1.391030912136439757e-01,1.841769453327242179e-01,-1.778513781026343776e-01,-1.375970762905436295e-01,-2.993543474950510208e-01,-3.124821075072331533e-01,-2.226419978681285217e-01,6.387696056037764358e-02,-1.259128978224455520e-01,2.658596010354804529e-01,1.391518197045835126e-01,2.642378559463986476e-01,1.600715699710674456e-01,1.426876808283843445e-01,1.758733059235571827e-01,2.071402466879853910e-01,2.109334551545606964e-02,3.046215928125475814e-01,7.951271509060453546e-02,2.738906654484544179e-01,-8.410232983097304382e-02,1.525689051317191958e-01,1.556113902847571229e-01,1.910994365768235170e-01,-2.478148317344297247e-01,-4.322064869803562970e-02,-1.228536622506471720e-01,8.156692553677478974e-02,-5.879853814527181283e-02,-1.466712349626922429e-01,-1.380234505862646538e-02,-9.510430942591746595e-02,-7.233135373838892046e-02,-2.185015989036089706e-02,5.453936348408710416e-02,-1.611847114359677147e-01,-7.429724379473123808e-02,-1.156098675194152520e-01,-3.058626465661641591e-02,-1.129054362722704402e-01,-7.982031368966042983e-02,-1.177965585503273904e-01,-9.010963910461397552e-02,-4.107354956601187990e-01,-2.881224303334856129e-01,-1.265950966955992074e-01,-1.705984467793512926e-01,7.706715395157606556e-03,-1.863225216994061351e-01,-2.585609867519415017e-01,-1.861017207248363003e-01,-1.426435206334703831e-01,-1.552459266027105267e-01,-8.391502969392417022e-02,-2.374265265722552143e-01
1.360514694685548975e-01,2.879884269834018795e-01,-4.626952946550936252e-01,-2.339820313689660314e-01,2.527790467488960115e-03,2.818745241358306952e-01,-3.940414192172986274e-01,4.185990558854880694e-01,-2.467778285366225011e-01,7.063956144358154998e-02,8.706563118623419917e-02,1.000000000000000000e+00,5.197350388305162217e-02,5.220694380995888340e-01,-2.180615197198111643e-01,1.411649154865235178e-01,5.188975178924927489e-02,8.200700472057255441e-02,-1.395477386934673436e-01,2.206852444038373551e-01,-1.484467793513019607e-01,-7.236333181056799069e-02,-5.455961626313384771e-01,-3.216095629663469069e-01,-2.631049185320541994e-01,7.091213643977463399e-02,-2.402619156388000748e-02,6.665143901324806219e-02,1.864641388761991703e-01,3.484559159433531228e-01,-2.158839652809502185e-01,-2.567412821684178503e-01,-3.454895690574082412e-01,-3.591594335312928155e-02,-8.697578803106441325e-02,3.057925993604385662e-01,-4.188822902390741676e-02,-4.028627988426983220e-02,7.461702451652200974e-02,1.412090756814374792e-01,8.534338358458962159e-02,7.059540124866757992e-03,1.583097304705344821e-01,2.127105223085122565e-01,2.295218516826557087e-01,3.051271509060453635e-01,1.277188975178925046e-01,1.893619613217603082e-01,2.755352520176641007e-01,3.001446627074767504e-01,1.855428658443733780e-01,1.764062737932084735e-01,1.271691792294807333e-01,9.358915791076595492e-03,3.192188213796253726e-01,2.718851834932237144e-01,-5.763666818943200681e-02,3.696817420435510870e-02,2.337703669864473754e-01,4.983417085427135906e-01,8.154408405664687054e-02,3.359509669559920808e-01,-1.063149078726968177e-01,1.841723770366986423e-01,-4.791411603471905090e-01,2.932602405969240156e-01,-9.493528247297090827e-02,2.051728338663011963e-01,-1.269529465509365053e-02,5.314451043094259699e-04,2.966194609410689742e-02,1.693787117405207987e-01,1.510156844830211620e-01,1.809593421653723222e-01,3.362722704431246878e-01,-2.879549261458809375e-03,2.093284604842393926e-01,2.805329678696512619e-01,1.567686919445713534e-01,1.629617785899192817e-01,7.113750571037003034e-02,6.717983858687376353e-02,-1.934475407339728836e-01,-1.136470229937566606e-01,-2.919049794426679112e-01,2.858078270138571589e-02,-1.156266179381757325e-01,3.778742195827623079e-02,-1.021288259479214283e-01,1.224257651895842847e-01,-1.038769605603776514e-01,-3.017100654789097169e-01,-1.105360134003350037e-01,-3.169818790924318619e-01,7.197198111770976292e-02,1.635191107050403547e-01,-3.145804781483173551e-01,-3.092873458200091630e-01,-8.653114055124105919e-02,-1.058398050860362427e-01,1.448576214405360163e-01,1.529617785899192901e-02,6.915334246992538292e-02,1.100350236028627970e-01,-6.199939089386325569e-02,-2.732008527485914606e-01,6.374295721029389628e-02,7.219125932693772063e-02,1.585411908024973449e-01,-7.845439317801126966e-02,-1.887102177554438875e-01,-1.161793817572712023e-01,1.342500380691335482e-01,-2.534475407339729092e-01,-3.078970610628902205e-01,-1.088548804629206612e-01
4.593893710979138345e-01,-1.750038069133546537e-01,-5.396680371554743623e-03,-1.841738998020405194e-01,9.460788792447083484e-02,-4.423176488503121478e-02,2.980508603624181241e-01,-1.682275011420739930e-01,2.875620526876808136e-01,1.127531597380843631e-01,7.363773412517130579e-01,5.197350388305162217e-02,1.000000000000000000e+00,2.094167808740673153e-01,2.849291914116034996e-01,1.089645195675346401e-01,4.272879549261458798e-02,-1.998050860362418080e-01,4.006243337901629342e-01,-5.828688899040657817e-02,-1.846901172529313295e-01,-2.106913354652047987e-01,2.809852291761839593e-01,3.412821684178467957e-02,2.724470839043703352e-01,-4.525658596010354896e-03,-7.072026800670017099e-02,-7.651286736713872050e-02,1.599695446931627962e-01,-1.543749048271661206e-01,-9.234201309578193850e-02,-1.934658139180752134e-01,-1.162753159738084408e-01,-3.741084208923404764e-01,-2.338967565098218349e-02,-5.271661336987969876e-02,7.253692705954012387e-02,-2.118943200852748676e-01,-3.851073549566012139e-02,-1.077006243337901570e-01,8.755900715699710402e-02,1.253342469925384506e-01,4.191868433074463079e-02,-1.012760773564793659e-01,-5.110552763819095623e-02,4.526572255215471213e-02,-1.511192325262676953e-02,-1.448591442058778656e-01,2.476016445865692178e-03,1.504568296025582397e-01,1.854575909852291815e-01,1.306182427287954917e-01,3.419095477386934756e-01,2.485290086797624365e-01,-1.636119993908938530e-01,-2.126435206334703898e-01,6.064260697426526736e-02,-2.527318410232983203e-01,-2.667245317496573787e-01,-1.671432922186691095e-01,3.705283995736257108e-01,-2.230059387848332686e-01,-8.439470077661032077e-02,-3.998035632708999421e-01,-7.184406882899345426e-02,-4.026633165829145988e-01,-4.166666666666666852e-01,-4.477417389980203888e-01,1.434140398964519648e-02,-2.437977767626008929e-01,7.999238617329069989e-02,2.163697274250038147e-02,2.902238465052535410e-02,-1.231993299832495753e-01,2.302268920359372764e-02,6.843764275925079410e-02,7.251256281407035542e-02,-1.531856250951728338e-01,8.559768539668037579e-02,-9.454850007613826990e-02,9.230089843155170337e-02,-3.362494289629968103e-01,6.681894320085274980e-03,-8.670625856555504857e-03,4.006547890970001830e-02,-3.319750266483934564e-01,-1.585107354956601100e-01,-2.927927516369727701e-01,1.536013400335008439e-01,-7.839805086036241710e-02,-1.008679762448606680e-02,1.666407796558550258e-01,9.016445865692096495e-02,1.387254454088625022e-01,-1.464352063347038324e-01,-8.171615654027714060e-02,-2.233028780264961211e-01,-2.351393330287802619e-01,-1.120861885183493251e-01,-3.684483021166438249e-02,-3.631338510735495489e-02,9.070808588396528371e-02,-1.659540124866757949e-01,-1.133150601492309978e-01,-3.394061215166742640e-01,-1.900167504187604828e-01,-2.212440992843002774e-01,-3.036104766255520171e-01,-7.290086797624485693e-02,-2.015197198111770838e-01,-2.182077051926298028e-01,-9.888076747373229780e-02,-1.210141617176793000e-02,-3.346276838739150467e-02,8.928582305466727098e-02,-8.620983706410842440e-02
