1.000000000000000000e+00,5.164797354662853390e-01,-3.553778095535993498e-02,-1.730685017203628384e-01,-1.547432861164484696e-01,-1.535770141650654730e-01,4.199562089458867553e-01,8.980740873139997360e-02,2.143527414093569783e-02,-1.493632423253943298e-01,6.575092720854371908e-01,3.413557352875463691e-01,5.468251485767907649e-01,2.600697082085884349e-01,-3.658519147414987516e-01,-4.350551856651325155e-01,5.851467894007775228e-02,2.317172349077259996e-01,4.952187318468206922e-01,1.596809508914607545e-01,-3.672505473881764182e-01,-2.865722328969123045e-01,-3.382724875999821301e-01,-3.829393627954779111e-01,-2.334286607980696204e-01,-2.020867777827427547e-01,-1.646677688904776837e-01,-2.536887260378032916e-01,1.400196612896018600e-01,1.590821752535859501e-01,1.883015326868939590e-02,-6.635685240627374470e-02,-4.358997274230305002e-02,-3.330354350060324431e-02,-1.874838017784530020e-01,1.786496268823450570e-02,-1.902765985968988827e-01,-2.882747218374369091e-01,-2.369632244514947028e-01,-2.810804772331203516e-01,1.943786585638321556e-03,-1.721882121631886919e-01,-1.005362169891415997e-01,-1.069395415344742833e-01,-2.172349077259931316e-01,-1.661423656106170987e-01,7.435095401939317838e-02,-1.826533804012690498e-01,-5.530184548013762635e-02,9.085750033513562141e-02,3.736538719335091158e-02,-7.626792975557442067e-02,9.520532642209214580e-02,-4.428258635327762816e-02,1.345100317261718470e-01,-1.397336788953930098e-01,4.323204790205102954e-01,3.614772778050851509e-01,4.759461995620894448e-01,4.163367442691809361e-01,5.509852987175477557e-01,2.053308905670494788e-01,2.797399347602663178e-01,2.241744492604673955e-01,-2.665400598775637953e-01,-2.083739219804280896e-01,-4.339023191384780431e-01,-4.499218016890835226e-01,-4.640511193529648498e-02,-2.751240001787389963e-02,-1.674918450332901487e-01,-6.735779078600473424e-02,1.509227400688145093e-01,2.348183564949282709e-02,3.103355824657044737e-01,6.517717503016220992e-02,3.325707136154430477e-01,2.326466776889047905e-01,-1.132311542070691263e-01,1.584968050404397116e-02,-5.862639081281558959e-03,-4.435408195182984070e-02,-3.891818222440681097e-01,-2.497609365923410263e-01,-1.866928817194691420e-02,-4.137673711962107093e-01,-3.815630725233477571e-01,-3.837883730282854455e-01,-7.534295544930515176e-02,-1.614594039054470798e-01,-1.265561463872380277e-01,-1.950489298002591743e-02,-2.736002502345949439e-01,9.264935877385048479e-02,-3.768890477679968098e-01,-3.613745028821663263e-01,-9.209526788507083062e-02,-7.289869967380133153e-02,3.486706287144197836e-01,9.079941016131194698e-02,1.185486393493900489e-02,2.263282541668528436e-01,-9.610348987890432459e-02,-2.150230126457839883e-02,-2.147593726261227132e-01,-2.041869609902140503e-01,-6.748290808347111314e-02,-3.904553375932794113e-02,-2.156396621832968319e-01,-2.768220206443540721e-01,2.015729031681487149e-01,1.555208007507037915e-01,1.846597256356405647e-01,1.557397560212699372e-01,-1.177755931900442421e-01,8.610304303141337601e-02
5.164797354662853390e-01,1.000000000000000000e+00,-9.188524956432370105e-02,-7.520890120201975670e-02,-1.500022342374547624e-01,8.275168684927834695e-02,-7.280933017561105891e-02,2.348183564949282709e-02,-3.189597390410652683e-02,2.186424773224898352e-02,1.625675856830063881e-01,3.415255373341078565e-02,1.168550873586844813e-01,1.605567719737253651e-01,-2.332856696009651953e-01,-1.708297957906966258e-01,2.717949863711515146e-01,4.473881764153894158e-01,3.619956208945886988e-01,2.200679208186246127e-01,-3.431073774520755904e-01,-2.926806380982170941e-01,-2.823048393583270088e-01,-2.381339648777872076e-01,-8.764019840028598740e-02,2.511282899146521225e-02,-6.684838464632021637e-02,-7.841726618705036067e-02,2.040752491174762095e-01,1.632736047187094974e-01,-6.523973367889538896e-03,-7.477545913579694559e-02,7.422136824701728967e-03,6.843022476428795020e-02,-5.914026542740962594e-02,9.489700165333571358e-02,1.869609902140399391e-02,-1.601188614325930459e-01,-2.299164395191921062e-01,-1.571428571428571397e-01,1.316412708342642734e-01,2.448724250413333945e-03,-1.295813039009786061e-01,-1.779346708968229107e-01,-8.685821529112114359e-02,-1.180168908351579560e-01,-4.942133249921801946e-02,-7.548147817150006877e-02,-1.233656553018454838e-01,-3.916171410697528998e-02,-4.443898297511059137e-02,-1.012288306001161847e-01,-1.000536216989141580e-01,-6.328701014343804387e-02,4.137807766209393098e-03,-1.083113633316948876e-01,7.527369408820769880e-01,7.911300773046159307e-01,2.438536127619643501e-01,2.015952455426962830e-01,2.244649001295857815e-01,6.649090665355914323e-03,6.012779838241208430e-02,-3.795522588140667897e-02,-1.613834398319853314e-01,-1.560078645158407551e-01,-1.883640913356271485e-01,-1.595915813932704819e-01,2.496536931945127213e-02,9.809642968854730138e-02,-1.583538138433352727e-01,-4.879574601188614580e-02,1.754278564725859080e-01,1.375173153402743653e-01,1.491040707806425558e-01,2.371866481969703636e-02,3.156709415076634495e-01,2.129630457124983278e-01,1.836230394566334412e-01,2.896465436346574995e-02,4.449707314893426580e-02,-2.899146521292282966e-02,-3.695830912909424115e-01,-1.070199740828455259e-01,-1.408686715224093944e-01,-2.554180258277850002e-01,-2.528844005540908935e-01,-1.804638276956074816e-01,-1.681844586442647060e-01,-1.630501809732338436e-01,-2.073551097010590261e-01,-2.195361723043925267e-02,-3.901380758747039490e-01,-3.293712855802314460e-02,-1.415746905581125037e-01,-4.763841101032217917e-02,1.975423387997676528e-01,2.243755306313955089e-01,6.515796058805130020e-01,3.391751195317038170e-01,1.044237901604182506e-01,6.377407390857500746e-02,5.718307341704276237e-02,4.522990303409446522e-02,-1.518253720005362239e-01,-1.571562625675856917e-01,8.784574824612359500e-02,1.029715358148264037e-01,-7.671924572143527798e-02,-1.949327494526118254e-01,2.391259663076991948e-01,4.288350685910898852e-01,2.919388712632378646e-01,-7.717949863711515146e-02,-8.376156217882836652e-02,-1.193082800840073333e-03
-3.553778095535993498e-02,-9.188524956432370105e-02,1.000000000000000000e+00,8.068501720362840635e-01,2.337057062424594545e-01,3.234058715760311231e-01,4.320836498503061174e-01,3.497073148934268794e-01,3.613432235577997420e-01,3.142186871620715749e-01,3.625720541579158934e-02,3.809821707851110406e-02,2.201170740426292363e-02,-7.186201349479422185e-02,2.507171902229768934e-01,2.538540596094552848e-01,-1.645739309173778822e-02,5.298270700210018502e-02,3.046248715313463751e-01,9.692122078734528509e-03,9.767639304705304226e-02,-2.647213905893918140e-01,7.974261584521202817e-01,7.776889047767996388e-01,5.318781000044684459e-01,5.474373296393940658e-01,1.680772152464364011e-01,2.279324366593681594e-01,8.711738683587291754e-02,-2.319585325528396996e-02,4.835872916573573654e-01,4.798516466330041697e-01,4.112605567719737065e-01,3.588408776084722196e-01,6.581616694222262032e-01,5.535099870414227352e-01,6.041378077662094143e-02,-1.766120023236069647e-01,-2.739264489029893945e-01,-2.615845212029134226e-01,-1.348496358192948774e-01,-3.482193127485589401e-01,-3.446892175700433381e-01,-4.017292997899816753e-01,-1.434469815451986374e-01,-4.679029447249653528e-01,-1.748558916841681798e-01,-3.903257518209035104e-01,-5.787524018052638830e-01,-5.407569596496715203e-01,-6.119799812324053789e-01,-5.912149783278967119e-01,-5.502837481567540712e-01,-6.243710621564859675e-01,-3.406631216765718118e-01,-9.091112203404977388e-02,-6.438178649626882799e-02,-4.149425800974127637e-02,-2.952991643951919376e-01,-4.533625273694087965e-01,-1.230215827338129453e-01,-2.158630859287725134e-01,1.100585370213146182e-02,-1.801376290272130032e-01,6.203807140622905614e-01,3.132222172572500796e-01,4.718977612940703503e-01,2.436391259663077125e-01,-1.596228607176370662e-01,1.114571696679923091e-01,3.608785021672103466e-01,4.767594619956209145e-01,2.573394700388757506e-01,2.779078600473658400e-01,-1.054113231154206985e-02,4.044640064346038955e-01,3.250949550918271758e-01,4.185977925733946892e-01,-2.153045265650833373e-01,2.980919612136377975e-02,-2.741632780731936281e-01,2.134098932034496632e-01,-9.413289244380892984e-02,-1.074444791992492931e-01,3.805844765181643496e-01,7.574511819116135081e-02,7.659412842396889909e-02,2.810223870592966633e-01,-3.146700031279324183e-01,-8.183564949282809420e-02,-1.845033290138075807e-02,4.475043567630367924e-01,4.061620269002189643e-01,4.661110862862504756e-01,7.310424951963895128e-03,8.266678582599758978e-04,6.662942937575405677e-02,2.577371643058224415e-01,-6.778676437731802167e-03,3.225389874435855009e-01,3.628133518030296489e-01,8.581706063720452582e-02,4.471960319942803741e-01,4.712632378569194258e-01,-1.027749229188078088e-02,4.081504982349524330e-02,4.091827159390499791e-01,4.470753831717235172e-01,2.790696635238393286e-01,1.437195585146789356e-01,9.096474373296394023e-02,-8.654095357254569520e-02,7.259037490504491319e-02,5.323294159703293588e-02,-5.608382858930247017e-02,7.155368872603780350e-02
-1.730685017203628384e-01,-7.520890120201975670e-02,8.068501720362840635e-01,1.000000000000000000e+00,2.748871710085347697e-01,4.519773001474596819e-01,3.436614683408552584e-01,5.644085973457259042e-01,4.862236918539702413e-01,5.061396845256713739e-01,-5.758970463380848337e-02,7.393091737789891926e-02,-1.252736940882076822e-01,3.202109120157290573e-02,2.295187452522454152e-01,4.188435586934179389e-01,-1.605523034988158571e-02,1.633674426918092781e-02,1.708253273157871177e-01,6.826935966754546503e-02,1.832521560391438264e-01,-2.656150855712945402e-01,8.553509987041423290e-01,8.422002770454444232e-01,4.357433308011975370e-01,5.372804861700701817e-01,1.751374056034675497e-01,2.101434380445953709e-01,1.103802672147995850e-01,-3.690066580276151614e-02,4.013271370481254485e-01,3.688815407301487825e-01,4.467715268778765791e-01,4.548952142633719276e-01,7.206622279815898535e-01,7.161267259484338510e-01,1.275749586666070912e-01,-8.139773895169578888e-02,-2.612181062603333714e-01,-2.965190580454890590e-01,-6.454712006792082124e-02,-2.829438312703874137e-01,-3.850261405782206547e-01,-4.384199472719960688e-01,-2.291344564100272485e-01,-5.238080343178872500e-01,-2.751508110281960517e-01,-4.624335314357209681e-01,-6.716743375485946244e-01,-6.615577103534563408e-01,-6.543098440502256308e-01,-5.596228607176371161e-01,-6.579918673756647296e-01,-6.174762053711068122e-01,-4.329505339827516841e-01,-1.925823316502077720e-01,-6.291165825103892106e-02,-4.061843692747665532e-03,-2.595513651190848314e-01,-3.180258277849770110e-01,-1.402609589347155739e-01,8.387327405156620036e-03,3.768711738683587498e-02,-1.445104785736628025e-02,6.200500469189865749e-01,5.619285937709459500e-01,5.557174136467223358e-01,4.453997050806559610e-01,-6.022163635551186500e-02,1.785647258590642994e-01,3.639662183296840658e-01,3.250681442423700718e-01,2.768756423432682245e-01,2.605925197730014631e-01,1.857991867375664852e-02,3.282496983779435995e-01,2.930693954153447689e-01,4.243308458823003559e-01,-1.912686000268108422e-01,-4.805397917690692328e-02,-3.146610661781134022e-01,1.564859913311586748e-01,-1.100540685464051066e-01,-1.465615085571294607e-01,2.286116448456141925e-01,3.860717637070467667e-01,4.468921757004334222e-02,2.937888198757763747e-01,-3.346977076723714473e-01,5.615979266276419773e-02,1.905402386165601647e-01,3.695920282407614277e-01,5.271593905000223623e-01,3.644220027704544451e-01,1.082085884087760908e-01,1.162026900218955244e-01,1.100317261718575385e-01,2.907502569373072721e-01,-7.797488717100853513e-03,2.857545019884713544e-01,3.025336252736940956e-01,3.655212475981947651e-02,3.861879440546941433e-01,4.095312569819920534e-01,-8.847133473345547561e-02,7.025336252736941178e-02,3.815317931989811728e-01,4.467581214531480271e-01,2.305062782072478667e-01,1.555386746503418516e-01,1.069171991599267152e-01,-1.006032441127843041e-01,1.600294919344028011e-01,-2.993431341883015170e-02,-7.247866303230707241e-02,-3.022923276285803540e-02
-1.547432861164484696e-01,-1.500022342374547624e-01,2.337057062424594545e-01,2.748871710085347697e-01,1.000000000000000000e+00,6.025470306984226365e-01,4.219580857053487760e-02,6.052996112426829028e-02,5.089995084677599868e-01,5.669154117699629070e-02,1.111399079494168607e-01,-1.672103311139908066e-02,-1.768488314938111705e-01,-2.768086152196255201e-01,4.343134188301532861e-01,4.849635819294874639e-01,1.335314357209884395e-01,1.310871799454846054e-01,-1.243755306313955034e-01,1.035345636534250879e-01,-9.350283748156754116e-02,-2.810670718083917771e-03,3.785557889092452943e-01,3.208409669779704321e-01,-9.915992671701148731e-02,-5.895705795611957956e-02,6.529246168282765161e-01,1.737432414316993634e-01,5.159301130524152068e-02,2.509495509182715911e-02,-6.790741319987488034e-02,-1.569104964475624420e-01,1.459001742705214599e-01,1.209348049510702017e-01,1.990705572188211994e-02,1.365297823852719139e-01,-8.992805755395683054e-02,-2.150721658697886396e-01,-1.635461816881898225e-03,-4.402341480852584726e-02,1.407122749005764416e-02,1.726752759283256555e-01,-1.515751374056034662e-01,-1.462665892131015666e-01,-2.100764109209526664e-01,-2.324500647928861852e-01,-5.430537557531614490e-02,-1.015460923186916331e-01,-2.481656910496447543e-01,-3.483399615711157971e-01,-2.996916752312435706e-01,-3.045265650833370308e-01,-2.092542115376022083e-01,-1.849144287054828306e-01,1.236069529469591977e-01,2.355109701059028560e-01,1.443585504267393405e-01,-1.453148040573752110e-02,9.504446132534965369e-03,2.089905715179409332e-02,-1.518477143750837921e-01,1.210956700478126730e-02,1.808213056883685721e-01,1.617990079985700824e-01,-2.482684659725635512e-02,5.270566155771035100e-02,1.403235175834487702e-01,1.588542830332007605e-01,1.313106036909602869e-01,2.896331382099289753e-01,-9.455292908530318896e-02,-2.673309799365476414e-01,8.135305420260065257e-02,1.222395996246481015e-01,1.605746458733634252e-01,2.013316055230350010e-01,2.080968765360382555e-01,4.038160775727244606e-02,5.838062469279235028e-02,-2.156798784574824601e-01,-8.684927834130211355e-02,-1.075115063228919976e-01,3.510031726171857769e-01,-1.827159390500022323e-02,-1.983243219089324827e-01,-1.325170919165288841e-01,5.554001519281469568e-01,3.022118950802091253e-01,2.124044863488091517e-01,-1.398990124670450030e-01,9.113007730461593348e-02,1.933375039099155535e-01,1.743286116448456158e-01,1.087716162473747750e-01,2.543053755753161282e-01,2.556906027972652984e-01,2.721301219893650439e-02,1.856159792662764318e-01,-4.881361991152419894e-02,3.189910183654318665e-01,3.956566423879530059e-01,-8.280530854819249942e-02,3.591179230528620536e-01,2.704008221993833283e-01,1.736851512578756751e-01,7.766209392734259656e-03,4.060815943518477078e-01,4.084096697797041653e-01,2.782921488895839790e-01,1.543411233745922533e-02,-1.215425175387640187e-03,-3.072970195272353711e-02,1.731891505429196954e-01,-1.160909781491576906e-02,-6.918539702399570390e-02,1.649403458599580097e-01
-1.535770141650654730e-01,8.275168684927834695e-02,3.234058715760311231e-01,4.519773001474596819e-01,6.025470306984226365e-01,1.000000000000000000e+00,-5.497564681174315487e-02,2.872693149827963977e-01,4.268957504803610470e-01,4.175119531703829212e-01,5.035077528039680339e-02,1.604942133249921687e-01,5.934134679833772373e-03,7.323830376692434807e-02,4.742615845212029280e-01,5.165646364895660758e-01,1.100808793958621967e-01,1.825684793779882853e-01,-1.085750033513561835e-01,1.788909245274587778e-01,-1.821797220608606382e-02,-2.459001742705214585e-02,4.424996648643818031e-01,4.813396487778721089e-01,6.652218597792573795e-02,2.441932168550873528e-01,4.971580499575494749e-01,3.310871799454845887e-01,5.937709459761383174e-02,4.705304079717592333e-03,2.128513338397604870e-01,1.862728450779748968e-01,2.402118057107109350e-01,2.371240895482371880e-01,1.643460386969927134e-01,3.379194780821305755e-01,-1.229277447607131715e-02,-3.742794584208409409e-02,-1.322847312212341864e-01,-1.985611510791366885e-01,4.168193395594083778e-02,9.574601188614326186e-02,-3.192770007596407167e-01,-2.301979534384914483e-01,-2.859332409848518441e-01,-4.399079494168640081e-01,-1.662540774833549395e-01,-3.180749810089816276e-01,-4.029000402162741801e-01,-4.927968184458644263e-01,-4.584833996157111624e-01,-4.709281022387059035e-01,-4.170919165288887176e-01,-3.280039322579203498e-01,-8.465972563564055919e-02,1.498726484650788650e-02,1.750033513561821408e-01,1.281603288797533435e-01,-2.168729612583225330e-01,-1.196568211269493781e-01,-1.565932347289870075e-01,5.094061396845256731e-03,6.182135037311765197e-02,1.168953036328700991e-02,3.826355065016309731e-02,5.453773627061084261e-02,6.805934134679833547e-02,8.310469636712990160e-02,1.165422941150185410e-01,2.831136333169489427e-01,1.216944456856874773e-01,2.667679520979489641e-02,2.723267348853836145e-01,3.974082845524822272e-01,2.414406363108271281e-01,2.425711604629340046e-01,3.210286429241699935e-01,2.216810402609589448e-01,-5.324187854685195898e-02,-2.283122570266767903e-01,-1.717592385718754167e-01,-5.569060279726529422e-02,1.347334554716475286e-01,-2.281603288797533560e-02,-5.972116716564636330e-02,7.420796282228875329e-02,2.914652129228294530e-01,3.068591089861030241e-01,6.212520666696456223e-02,1.156888154073014950e-02,-6.995397470843200960e-02,2.323115420706912682e-01,1.813843335269672563e-01,1.240001787389963805e-01,3.605031502748112238e-01,2.257473524286161271e-01,1.101255641449573192e-01,2.393136422538987562e-01,1.081326243353143562e-01,4.131015684346932559e-01,3.576299209079941144e-01,-9.554939899012467042e-02,3.906474820143884807e-01,3.106394387595513562e-01,8.589302471066624645e-02,5.832253451896867585e-02,4.415746905581124926e-01,4.277760400375351657e-01,4.149604539970507822e-01,1.853836185709817341e-01,5.185665132490280965e-02,-5.330890567049466344e-02,2.461325349658161632e-01,-1.271191742258367119e-01,-2.298136645962732885e-02,3.754412618973144294e-02
4.199562089458867553e-01,-7.280933017561105891e-02,4.320836498503061174e-01,3.436614683408552584e-01,4.219580857053487760e-02,-5.497564681174315487e-02,1.000000000000000000e+00,6.055140980383395544e-01,3.605880512980919606e-01,4.767862728450780047e-02,4.953751284686536693e-01,4.038875731712766592e-01,3.868626837660306683e-01,1.765449751999642602e-01,-1.761606863577460935e-01,-1.953125698199204563e-01,-1.512355333124804635e-01,-1.313106036909602869e-01,3.753742347736717666e-01,-4.387148666160239213e-02,-2.617990079985700880e-01,-4.030966531122927576e-01,1.757406497162518344e-01,6.240672058626391128e-02,-1.430403503284329025e-01,1.084498860538898012e-02,-1.570534876446668671e-01,-3.222842843737432350e-01,2.085035077528039626e-01,5.752267751016577890e-02,2.557084766969033307e-01,2.404441664060056327e-01,2.229590240850797545e-01,3.274677152687787696e-01,1.212252558201885738e-01,2.690468743018007980e-01,-2.838732740515662045e-01,-3.665624022521113412e-01,-3.632825416685285247e-01,-3.526743822333437417e-01,-1.586442647124536309e-01,-3.786228160328879988e-01,-7.414987264846507886e-02,-4.911747620537110920e-02,-3.230260512087224783e-02,-8.978506635685240544e-02,7.544126189731444054e-02,-2.030743107377452061e-01,-2.173510880736404527e-01,-8.327449841369140293e-02,-3.028553554671790660e-01,-2.294919344027883390e-01,-3.462665892131015499e-01,-2.868671522409401708e-01,-2.568255954242816830e-01,-2.926717011483980779e-01,-9.619285937709459722e-02,-1.790339157245632029e-01,3.573886232628804005e-01,1.758255507395325989e-01,5.155056079360114119e-01,4.449305152151570852e-01,2.694401000938379531e-01,3.806872514410831743e-01,1.415523481835649355e-01,2.894231198891818457e-01,2.270878949014701331e-02,-1.636355511863800752e-02,-3.330399034809419789e-01,-1.993878189373966547e-01,9.505339827516869067e-02,1.778899861477277744e-01,2.528754636042718773e-01,1.006568658116984705e-01,1.039590687698288551e-01,2.200768577684436289e-01,3.789713570758300454e-02,6.015907770677867555e-02,-4.286071763707046678e-01,-1.538495911345457712e-01,-2.323964430939720327e-01,2.667232673488538486e-02,-3.264667768890477939e-01,-2.903078779212654448e-01,-6.425666919880244909e-02,-6.162026900218955244e-02,-3.085839403011751969e-01,-1.394074802269985314e-01,-2.468474909513383164e-01,-2.510344519415523279e-01,5.093167701863354074e-02,2.118816747843960957e-01,9.227847535636087006e-02,4.298762232450064613e-01,-3.800571964788417856e-01,-3.728986996738013482e-01,-2.472183743688279312e-01,-7.290316814871083961e-02,-1.054560078645158487e-03,6.688860092050583073e-02,6.763483623039456827e-02,2.930023682917020644e-01,-1.046248715313463501e-01,2.581884802716832850e-02,-2.722865186111980140e-01,-1.353992582331650096e-01,5.619554046204030401e-02,1.299924035926538213e-01,-6.575360829348943226e-02,-2.122212788775190984e-01,-4.755797846195093659e-02,1.665400598775637966e-02,1.440055409088877858e-01,2.222619419991956613e-01,-2.146565977032038885e-01,-6.332722641762365823e-02
8.980740873139997360e-02,2.348183564949282709e-02,3.497073148934268794e-01,5.644085973457259042e-01,6.052996112426829028e-02,2.872693149827963977e-01,6.055140980383395544e-01,1.000000000000000000e+00,4.073461727512400210e-01,5.354528799320791288e-01,2.614415300058089975e-01,4.940792707448947718e-01,2.582063541713213173e-01,3.857857813128379165e-01,1.447785870682336169e-02,1.098619241252960371e-01,-1.699673801331605394e-01,-1.624871531346351594e-01,2.913713749497296446e-01,2.073238303766924417e-01,-1.327762634612806580e-01,-2.952321372715492331e-01,3.303320076857768628e-01,2.984941239554940173e-01,-1.138567406944010069e-01,1.953527860941060845e-01,-5.451986237097278948e-02,-1.228875284865275502e-01,1.749050449081728520e-01,6.168282765092274189e-02,4.030698422628357092e-01,4.048974485008266511e-01,2.546583850931676829e-01,4.626480182313776335e-01,2.045265650833370530e-01,4.856696009651905732e-01,-2.216095446624067322e-01,-2.744045757183073420e-01,-2.944456856874748674e-01,-4.759506680369989806e-01,-2.164171768175521815e-01,-4.366951159569238961e-01,-2.163412127440904331e-01,-1.495196389472273069e-01,-1.834755797846195080e-01,-2.571517940926761892e-01,-1.991241789177353727e-01,-2.861834755797846297e-01,-3.950802091246257697e-01,-2.947227311318647014e-01,-4.277045444389829809e-01,-3.387908306894856780e-01,-5.020376245587381270e-01,-2.994280352115822885e-01,-3.837839045533759097e-01,-4.148085258501273409e-01,-1.039099155458242107e-01,-8.993699450377586058e-02,4.955538674650342146e-02,1.014835336699584367e-01,2.481746279994637705e-01,6.029491934402788633e-01,1.444345145002010888e-01,3.905178962420126076e-01,1.457303722239599586e-01,4.828633987220161683e-01,4.499754233879976924e-03,7.944501541623844032e-02,-5.930559899906161919e-02,8.169712677063317718e-02,2.283256624514053423e-01,2.437821171634121376e-01,3.842352205192368086e-01,3.057285848339961754e-01,2.020554984583761426e-01,2.320925868001251224e-01,8.242995665579337661e-02,1.631038026721479961e-01,-3.974485008266678832e-01,-2.601412038071406196e-01,-2.596452030921846399e-01,8.691183699003530300e-03,-2.372402698958845368e-01,-2.551409803833951662e-01,-9.223825908217525571e-02,2.137494972965726936e-01,-2.659055364404128707e-01,2.265069931632333888e-02,-2.182894678046382875e-01,-9.063407658965995373e-02,2.180481701595245458e-01,9.400777514634255094e-02,1.774118593324098547e-01,1.237633495687921747e-01,1.552348183564949274e-02,-9.136243799991063119e-02,-2.395102551499173407e-02,3.249028106707180924e-02,-1.943339738147370141e-02,1.056526207605344297e-01,1.184592698511997833e-01,4.947048572322266385e-02,2.998346664283480043e-03,1.783815183877742599e-02,-2.562580991107735184e-01,-4.508691183699003319e-02,2.024755350998704018e-01,2.449081728406095060e-01,1.082890209571473195e-01,1.000000000000000056e-01,9.048214844273649859e-02,-1.308146029760042794e-01,2.282005451539389496e-01,-1.653648509763617769e-01,-1.570981723937620034e-01,-1.070557218821216322e-01
2.143527414093569783e-02,-3.189597390410652683e-02,3.613432235577997420e-01,4.862236918539702413e-01,5.089995084677599868e-01,4.268957504803610470e-01,3.605880512980919606e-01,4.073461727512400210e-01,1.000000000000000000e+00,4.822690915590508998e-01,2.113499262701639958e-01,7.926180794494838699e-02,8.695652173913043237e-02,5.568613432235577920e-02,2.867956566423879305e-01,3.184458644264712701e-01,-5.111041601501407905e-02,-7.804191429465123786e-02,-1.559497743420170703e-02,1.132758389561642695e-02,-1.456722820501362980e-01,-3.284284373743241447e-01,5.159256445775056710e-01,3.508780553197193841e-01,8.152285624916216777e-02,2.233165020778408449e-01,2.918360963403190400e-01,-1.342508601814200730e-01,1.629608114750435710e-01,9.992403592653827105e-02,8.410116627195138306e-02,-7.102194021180571748e-02,1.539478975825550877e-01,1.486482863398722043e-01,3.093123017114258744e-01,3.560793601143929510e-01,9.285044014477858432e-02,-2.304035032843290698e-01,-3.134858572769114171e-01,-4.382680191250726276e-01,-7.784083292372313660e-03,-1.355869341793645710e-01,-4.525582018856963984e-01,-5.119933866571338976e-01,-4.693998838196523637e-01,-5.444791992492962196e-01,-3.685955583359399323e-01,-4.102864292416998349e-01,-5.450735064122614881e-01,-5.182179722060860083e-01,-4.350685910898610120e-01,-3.970820858840877765e-01,-4.134501094776352748e-01,-3.587470396353724666e-01,-3.662317351088073547e-01,-3.050225657982930660e-01,6.047633942535412394e-02,4.880915143661468392e-02,1.007641092095267893e-01,2.316904240582689026e-02,2.600428973591313309e-01,2.853880870458912478e-01,9.832879038384199910e-02,1.249743062692702938e-01,3.483354930962062612e-01,4.684212878144689007e-01,1.622369185397024016e-01,1.218731846820680087e-01,5.649939675588721427e-02,1.944903704365699981e-01,2.672773582376334889e-01,1.325170919165288841e-01,2.934670896822914599e-01,2.208052191786943064e-01,5.533759327941373263e-02,1.861745386299655802e-01,2.835560123329907700e-01,2.580857053487644603e-01,-1.246525760757853374e-01,-2.221636355511863725e-01,-3.432056839000848791e-01,-1.254613700344072436e-01,-1.470709146968139647e-01,-3.239867733142678397e-01,1.621162697171455239e-02,5.687921712319585210e-02,5.255820188569641088e-02,-7.962822288752849365e-03,-6.500290450869118664e-02,-9.150989767192457824e-02,1.468743018007953871e-01,2.371374949729657400e-01,3.005585593636891928e-01,2.849457080298494205e-01,1.928593770945976060e-01,1.742392421466553432e-01,8.705035971223021307e-02,2.204745520353903199e-01,-1.581840117967737514e-03,1.905983287903838530e-01,2.995889003083247459e-01,1.412484918897180357e-02,2.388399839134903169e-01,2.083694535055185537e-01,-1.026810849457080316e-01,2.877697841726618768e-03,3.654229411501854208e-01,3.946691094329505267e-01,3.721345904642745506e-01,1.537244738370794062e-01,6.653112292774475411e-02,-9.652352652039858372e-02,4.948389114795120197e-02,-1.425890343625720556e-02,-6.299209079941016365e-02,-3.457259037490504477e-02
-1.493632423253943298e-01,2.186424773224898352e-02,3.142186871620715749e-01,5.061396845256713739e-01,5.669154117699629070e-02,4.175119531703829212e-01,4.767862728450780047e-02,5.354528799320791288e-01,4.822690915590508998e-01,1.000000000000000000e+00,-6.901559497743420257e-02,1.024308503507752738e-01,3.741900889226507099e-02,2.673801331605523135e-01,4.039590687698288440e-01,3.606193306224585449e-01,-9.205505161088520238e-02,-1.513427767103087684e-01,1.573796863130613455e-01,1.904017158943652477e-01,1.774252647571383790e-01,-6.555699539747084081e-02,3.847580320836498369e-01,4.671343670405290749e-01,3.704231645739309298e-01,6.044506010098753546e-01,1.450466955628044174e-01,1.585951114884489865e-01,2.106885919835560228e-01,7.459225166450690614e-02,4.570356137450288236e-01,4.349390053174851389e-01,1.352294561866035083e-01,1.798605835828231692e-01,3.638411010322177286e-01,4.228875284865275530e-01,8.016443987667008775e-02,1.588274721837436843e-01,-3.005764332633272251e-01,-4.212341927700076205e-01,-1.194155234818356504e-01,-3.470619777469949319e-01,-4.338755082890209391e-01,-4.131596586085168887e-01,-3.270029938781893741e-01,-5.070155056079359568e-01,-3.895750480361052648e-01,-4.194468028062022236e-01,-4.701818669288171937e-01,-4.490012958577237479e-01,-3.933553778095535969e-01,-3.951248938737209060e-01,-4.196344787524017850e-01,-3.516823808034317822e-01,-4.611197998123240382e-01,-3.602931319540640942e-01,-1.222351311497385934e-01,-1.441976853299968726e-02,-3.666026185262969972e-01,-3.045578444077036706e-01,-3.678001698020465920e-02,1.152106885919835511e-01,-1.121453148040573722e-01,-1.000536216989141580e-01,2.993073863890254316e-01,4.094686983332588848e-01,-2.350864649894990679e-02,-2.385718754189195337e-02,4.709325707136154116e-02,1.531971937977568143e-01,5.819920461146610435e-01,5.220027704544438762e-01,4.213950578667500779e-01,5.129943250368649288e-01,1.271638589749318482e-01,3.590330220295813168e-01,3.191474149872648436e-01,4.455024800035747856e-01,-1.575405514098038307e-01,-8.670628714419768845e-02,-2.146208499039277962e-01,1.585414897895348271e-02,-2.739264489029893945e-01,-1.773939854327717947e-01,9.984807185307655042e-02,1.870592966620492348e-01,-2.107511506322891914e-01,3.708387327405156947e-02,-2.673041690870905929e-02,1.238884668662585398e-01,1.251172974663747328e-03,1.809732338352919995e-02,2.538049063854506682e-01,-5.822422807095938534e-03,2.736091871844139600e-01,1.368425756289378403e-01,1.581840117967737713e-01,9.068322981366459812e-02,2.087224630233701361e-02,1.237901604182492510e-01,3.256669198802448761e-01,-1.609365923410339960e-01,3.833817418115197384e-01,2.700701550560793418e-01,-1.162786540953572589e-01,3.146253183788372959e-02,3.021538049063854370e-01,3.799276107064658570e-01,4.377586129853880959e-01,4.796103489878904558e-01,2.813798650520577538e-01,-2.949193440278832790e-01,-3.099781044729433763e-02,-4.522900933911256360e-01,4.450154162384378081e-02,-1.424549801152866502e-01
6.575092720854371908e-01,1.625675856830063881e-01,3.625720541579158934e-02,-5.758970463380848337e-02,1.111399079494168607e-01,5.035077528039680339e-02,4.953751284686536693e-01,2.614415300058089975e-01,2.113499262701639958e-01,-6.901559497743420257e-02,1.000000000000000000e+00,5.640645247776934212e-01,7.248894052459895487e-01,2.977210777961481480e-01,-1.310424951963894691e-01,-1.235488627731355232e-01,1.859421779346709103e-01,2.856919433397381303e-01,3.282139505786674794e-01,2.123419277000759553e-01,-3.631752982707002197e-01,-1.629205952008579428e-01,-1.338084811653782458e-01,-2.031458063362974187e-01,-3.160820411993386925e-01,-3.004557844407703682e-01,-1.526877876580723034e-02,-2.582242280709594051e-01,3.611823584610572291e-01,2.256758568300638867e-01,1.322668573215961436e-02,-5.045801867822512221e-02,1.383305777738058073e-01,1.930693954153447356e-01,-2.060547835023906205e-01,1.190982617632602020e-01,-1.482639974976540376e-01,-3.764153894275883427e-01,-2.544751776218776573e-01,-2.194959560302068846e-01,4.625318378837302985e-02,3.402296796103489868e-02,-1.115733500156396579e-01,-9.087090575986415952e-02,-3.817373430448188221e-01,-1.869609902140399460e-01,5.591402654274096190e-02,-1.963760668483846561e-01,-1.704097591492023667e-01,-5.644130658206353984e-02,-1.983913490325751872e-01,-2.561061709638500217e-01,-1.024040395013181975e-01,-7.732695830912909851e-02,1.473211492917467225e-01,-1.291523303096653030e-01,2.304035032843290698e-01,1.454086420304749883e-01,3.659278788149604722e-01,3.761606863577460769e-01,5.390768130836944838e-01,3.851110416015013915e-01,5.831181017918584120e-01,5.436212520666696690e-01,-3.584431833415255286e-01,-1.893516242906295999e-01,-3.884936771080030327e-01,-3.333392912998793256e-01,-9.486572232896912232e-03,8.614772778050851232e-02,-2.078823897403816179e-01,-1.615621788283658766e-01,1.423879529916439457e-01,1.072076500290450873e-01,2.787166540059877740e-01,2.551946020823093186e-01,2.119218910585816962e-01,1.163009964699048271e-01,-1.813932704767862725e-01,-1.182671254300907138e-01,3.726708074534161412e-03,5.701327137048125410e-02,-1.957683542606908356e-01,-8.240314580633630037e-02,-1.661378971357075907e-01,-2.544349613476920569e-01,-1.607176370704678503e-01,-1.481165378256401044e-01,-1.980874927387282769e-02,-1.631127396219670123e-01,-1.516421645292461706e-01,-7.994548460610394203e-02,-1.273202555967648253e-01,-1.849054917556637936e-02,-1.610617096385003888e-01,-1.350551856651324989e-01,2.599758702354886333e-02,2.409401671209616264e-02,2.661423656106171043e-01,9.185843871486661094e-02,1.501407569596496794e-01,1.437999910630501921e-01,6.523973367889538896e-03,7.163412127440904609e-02,-1.822422807095938069e-01,-1.122346843022476448e-01,1.184771437508378433e-01,1.406809955762098330e-01,-7.672371419634478606e-02,-1.529246168282765161e-01,1.479422673041690950e-01,9.764958219759596603e-02,1.172080968765360359e-01,-6.698690736851511951e-02,-3.461906251396398293e-01,2.531391036239331593e-01
3.413557352875463691e-01,3.415255373341078565e-02,3.809821707851110406e-02,7.393091737789891926e-02,-1.672103311139908066e-02,1.604942133249921687e-01,4.038875731712766592e-01,4.940792707448947718e-01,7.926180794494838699e-02,1.024308503507752738e-01,5.640645247776934212e-01,1.000000000000000000e+00,5.705884981455828786e-01,6.363152955896153040e-01,2.071138120559453191e-02,5.912686000268108782e-02,-1.166897537870324880e-01,-3.675767460565709105e-02,2.777648688502614149e-01,2.630814602976004335e-01,-1.791679699718486118e-01,-8.839537065999374110e-02,-2.962598865007372902e-03,-5.842084096697797158e-02,-3.646990482148442791e-01,-1.773939854327717947e-01,-1.500647928861879310e-01,-3.364001966128959964e-01,2.864292416998078794e-01,3.210420483488985455e-01,3.172259707761740932e-01,2.751910273023817077e-01,1.298091961213637680e-01,2.089771660932123742e-01,-1.555252692256132996e-01,7.784083292372313834e-02,-2.139416417176817631e-01,-4.081639036596809711e-01,-1.864694579739934605e-02,-2.378658563832164174e-01,-2.346753652978238458e-01,-1.114035479690781566e-01,-4.195897940033066487e-02,4.935430537557531500e-02,-1.289914652129228179e-01,-8.263997497654050617e-02,8.200098306448008745e-02,-3.227132579650564964e-02,-3.741454041735555597e-02,7.746101255641449357e-02,-6.421645292461683474e-02,-3.820546047633942288e-02,-4.858572769113901624e-02,9.474060503150275037e-02,8.216631663613209458e-02,6.894856785379150158e-03,-1.790115733500156348e-01,-2.068859198355601225e-01,1.425577550382054470e-01,3.478931140801644339e-01,3.137807766209392835e-01,3.996246481076008994e-01,2.847401581840117712e-01,4.889583984985924059e-01,-3.154162384378211836e-01,-1.429152330309665375e-01,-3.845346083381741553e-01,-3.082934894320568664e-01,-7.038741677465480684e-02,-7.475758523615890112e-03,2.911658251038920509e-02,-4.776799678269806615e-02,3.106215648599133239e-01,2.631216765717860340e-01,3.101121587202287921e-01,2.000312793243665954e-01,1.864247732248983380e-01,2.315787121855310826e-01,-3.109477635283077745e-01,-2.871754770096965892e-01,-1.257920371777112578e-01,2.924169980785558051e-02,-1.121989365029715385e-01,-1.949550918271593936e-01,-1.864605210241744582e-01,-7.635729925376469329e-02,-1.503194959560301969e-01,-4.276330488404307510e-03,3.253943429107645363e-02,-2.801733768264891289e-02,3.170382948299745041e-02,-1.093435810357924927e-02,-6.228160328879753238e-02,-7.152240940167120531e-02,4.880021448679565388e-02,1.776218776531569843e-02,-6.998525403279860779e-02,-1.421555922963492480e-01,-1.721479958890030915e-01,2.107779614817462815e-02,8.249251530452655912e-02,8.266231735108807432e-02,-9.005317485142320943e-02,-8.321193976495822042e-02,-1.054426024397873002e-01,-1.519683631976406490e-01,9.277447607131686369e-02,8.476696903346887801e-02,8.437821171634121709e-02,5.792484025202198489e-02,-1.373341078689843120e-01,-1.249519638947227257e-01,2.008087939586219173e-01,-1.695250011171187399e-01,-1.130747575852361630e-01,5.234818356494928132e-02
5.468251485767907649e-01,1.168550873586844813e-01,2.201170740426292363e-02,-1.252736940882076822e-01,-1.768488314938111705e-01,5.934134679833772373e-03,3.868626837660306683e-01,2.582063541713213173e-01,8.695652173913043237e-02,3.741900889226507099e-02,7.248894052459895487e-01,5.705884981455828786e-01,1.000000000000000000e+00,5.045131596586085454e-01,5.081102819607667687e-02,-1.542204745520353859e-01,-5.622235131149738718e-02,2.786987801063496931e-02,2.900621118012422506e-01,1.680638098217078491e-01,-1.337548594664640933e-01,-4.718709504446132880e-02,-1.488851155100764101e-01,-2.140980383395147124e-01,-1.982304839358327020e-01,-2.074757585236158830e-01,-1.735153492113141738e-01,-2.322445149470485637e-01,6.857768443630188338e-02,1.244783055543143141e-01,6.451584074355422305e-02,6.179453952366057573e-02,-7.908753742347736371e-02,-1.306939541534474225e-01,-1.613700344072568071e-01,-3.401849948612538366e-02,-1.835694177577192887e-01,-2.935966754546673330e-01,-1.435095401939318061e-01,-1.251932615398364534e-01,-7.227758166137897289e-02,-1.271683274498413563e-01,-1.008311363331694938e-01,-2.289646543634657472e-02,-2.913132847759059563e-01,-1.760981277090129249e-01,4.522096608427543518e-02,-1.929978998167925230e-01,-5.812145314804057633e-02,3.285669600965190895e-02,-3.364314759372626085e-02,-1.507752803968005761e-01,-5.312122972429509510e-02,-5.565485499798918795e-02,1.069886947584789277e-01,-1.180437016846150461e-01,-2.664104741051879013e-02,-1.680146565977031978e-02,1.138254613700344087e-01,9.412842396889940788e-02,4.216542294115018796e-01,2.119933866571339087e-01,1.943786585638321573e-01,2.505384512265963481e-01,-1.982841056347468545e-01,-2.740739085750033555e-01,-4.501496939094686844e-01,-5.683676661155547816e-01,-1.084052013047946683e-02,5.902855355467179384e-03,-6.154877340363733990e-02,7.815362616738907517e-03,6.810849457080297986e-02,8.351132758389562261e-02,2.072568032530497373e-01,1.204388042361142080e-01,1.680146565977032047e-01,1.111309709995978307e-01,-2.365342508601814275e-01,-1.210018320747129061e-01,-1.868537468162116133e-01,-4.641851736002502310e-02,-1.364448813619911494e-01,-6.822467491845032872e-02,1.603065373787926073e-01,-1.997587023548862695e-01,-1.768845792930872629e-01,-1.678448545511417034e-01,1.026140578220653271e-01,4.962688234505563400e-02,-2.349032575182090354e-01,-2.686893963090397283e-02,-1.281201126055677153e-01,-2.310201528218418926e-02,-1.064256669198802435e-01,-1.639885607042316507e-01,-1.096697797041869676e-01,-1.357790786004736683e-01,2.650252468832387659e-02,-5.192814692345502220e-02,-3.372358014209750343e-02,1.230975468072746798e-01,-6.019929398096429685e-02,2.958577237588810860e-02,-1.956074891639483504e-01,-1.741766834979221468e-01,-5.486840341391482911e-02,-3.581482639974976206e-02,3.867465034183833333e-02,2.033602931319540563e-02,2.998346664283479956e-02,-8.776978417266187438e-02,5.829125519460208460e-02,-4.287501675678091068e-02,-2.405201304794673534e-01,3.528754636042718412e-02
