0.000000000000000000e+00,4.778275869646427809e-01,-2.432435826199422918e-02,-1.883462198908174290e-01,-1.240311537628433977e-02,2.565696329293138539e-02,1.589912383966046172e-01,5.597412015105996536e-02,-8.054333870142427187e-02,5.366207396664249285e-02,3.979168040081745850e-01,3.254632725263617021e-01,3.638121607664754897e-01,4.118675619763364354e-02,-5.092309189481053489e-02,-1.827615217752998622e-01,2.960753290702529128e-01,-7.608248652483605434e-02,5.627815500911947932e-01,4.185980806720472902e-01,-1.916785172767768719e-01,-2.357298249248938049e-01,-2.265977918624764165e-01,-3.405111929404895377e-01,-3.234086435681794436e-01,-3.323633098832518562e-01,-2.554520654593170903e-01,-1.932936534096795222e-01,1.420880304129035210e-01,6.333562497449371498e-02,-2.687686980652898017e-01,-2.626079504252092911e-01,7.220396234174333849e-02,-7.596947408404986423e-04,-3.019033178569074383e-01,-3.190184241670825926e-01,1.372944193828892941e-02,1.894214076955193574e-02,-3.085239633462983841e-02,8.992964975561060226e-02,8.103148966093128014e-02,-7.847615280537688365e-02,-7.708861117127976947e-02,5.261356965490395637e-02,-1.850343275288887923e-01,1.473870581919893043e-02,-2.032120647059008078e-01,-1.807178801377496147e-01,-3.315188558118217083e-02,-1.807728167409095726e-02,7.796602720460588110e-02,6.328696684026633053e-03,3.991222700432272424e-02,-9.132033062417399538e-02,-6.138459075369880058e-02,-6.021993476670779027e-02,5.820172092833442168e-01,2.261567294199636480e-01,3.366232510539979850e-01,2.967314290737060878e-01,3.201673839817422151e-01,-5.652819503435892179e-02,4.667335323607985087e-01,-1.428696997950079928e-01,-1.974704048670691270e-01,-3.809398240145158154e-01,-2.824745957450816025e-01,-2.801421445366332752e-01,1.226702956217096963e-01,-8.426647077843596456e-02,1.154516259664918054e-01,1.521414287911749819e-01,2.224273188740193696e-01,8.596793585916139013e-02,1.125211505922165817e-01,1.921368455088542093e-01,2.098954948846174506e-01,2.197134506779176710e-01,-9.732882539263974786e-02,-1.454940998088206094e-01,2.025685216403128042e-01,-2.112704795808494074e-01,1.212513616429497509e-01,-1.985236180305070819e-01,8.701957940536620556e-03,-2.945841926987684545e-01,-1.126828211672301593e-02,-9.434184379797143361e-02,-9.748735673318704997e-02,-1.307459762862228370e-01,1.641050513421797030e-01,-2.036342917416159026e-01,8.646707413930039554e-02,-1.924507689554825207e-01,-5.653447350329148663e-02,9.262939139661402477e-02,-3.337477122828826775e-02,-8.477345714474068816e-02,2.028871539386405132e-01,2.426628242436799365e-01,3.568634652753579495e-01,2.058191989301488833e-01,1.257451757814339321e-01,5.574181680055501770e-02,-9.892983497044410823e-02,-5.624095508069402310e-02,1.070117941038898207e-01,2.430552285519653119e-02,7.999554228705788028e-02,5.183190027279947765e-02,-7.268740444955093527e-02,7.577013269544088936e-02,1.397084906874609678e-01,2.841321115432790534e-02,-1.031866369067239303e-02,1.123484926965710173e-01
4.778275869646427809e-01,0.000000000000000000e+00,-1.902690010014157843e-02,-8.270627124869329994e-02,-1.875943732361426419e-01,-1.429214971637016718e-01,-3.741810522086084223e-01,-8.306414397784955828e-02,-3.316491340421724998e-01,-1.971768864444716496e-01,-2.335637531431584979e-01,3.478193307779964827e-01,-2.825452285205729552e-01,-2.246875676897431839e-01,-1.973275696988532335e-01,-2.503978979686014017e-01,3.180468310997680015e-01,3.629347447331493504e-01,8.869279137589507200e-02,5.063161397461615199e-01,-2.189914267506725687e-01,-2.400760950434626950e-01,-2.090965597129484099e-01,-3.552420506735227690e-01,-2.159950274526054037e-01,-3.124024875293910930e-01,-2.575898841308558729e-01,-1.118132532200697554e-01,2.086193960740733711e-01,3.053392099802542115e-01,-4.797064187927132378e-02,-8.862215860040370541e-02,3.142342308404672546e-01,4.539788227242904650e-01,-2.032026470025019571e-02,5.590191775833545235e-02,-1.982065553494125054e-01,1.039557493509632724e-01,-1.389236820708902032e-01,1.271499832050956014e-01,-1.393820103029675198e-02,-9.026083899180345482e-02,5.490207158082430206e-02,-5.431660435286250754e-02,-5.501508402161048826e-03,-1.679490439461433018e-04,9.193248134509918179e-03,-5.374997253169842143e-02,-4.695039067772932562e-02,-2.609802573544415388e-02,1.677952214572954182e-01,2.790622478802319215e-02,1.183883798096996010e-01,-1.075705778388882095e-01,-3.887157077874989208e-02,4.672750503062323563e-02,5.778796982567830920e-01,7.788220964435612625e-01,5.176220926764799612e-01,5.027499693924639690e-01,-1.077856153998285951e-02,-2.802112076948915509e-01,3.555701006752493565e-01,1.428492947709771588e-01,-2.308090748989951313e-01,-3.738278883311515477e-01,1.986554658780909643e-01,1.437643816178986456e-01,4.233807043814295512e-01,3.144743822771379205e-01,-4.091678203353329990e-02,1.460497443093527192e-01,1.977702017585991345e-01,2.882507871630424212e-01,-7.724086404289449981e-02,2.603571193128843553e-01,-8.920291697666607456e-02,1.486097900166065411e-01,9.546412011966762257e-02,4.753585790569112013e-02,1.819610169863976890e-01,-1.351942715249459248e-01,-1.255992013787517736e-01,-2.485598761885926544e-01,-2.670593848983986995e-01,-1.933454507783731735e-01,-5.682014383972324584e-02,-2.178079353568838639e-01,-2.289977366119498037e-01,-1.933517292473057592e-01,-2.256261987951618253e-01,-2.782068064881698111e-01,-2.084090673648324177e-01,-3.460299671322151216e-01,1.618432329092227631e-02,2.202078801063572511e-01,9.527262681722435678e-02,9.798492539609290897e-02,2.893495192262414695e-01,-2.792035134312146477e-02,3.830807819205208631e-01,-8.207999397266982355e-02,3.932362054189465495e-01,4.440447152557377292e-02,-1.791514021390743783e-01,-1.741898420651140089e-01,-7.872258271098009352e-02,-9.136427990670195620e-02,7.817321667938056939e-02,-4.798476843436959294e-02,1.113376591984278768e-01,1.330768578774380040e-01,-4.547965933027572211e-02,-4.230432366763041407e-02,2.124319963333741457e-02,-8.126693224590252063e-02
-2.432435826199422918e-02,-1.902690010014157843e-02,0.000000000000000000e+00,6.478469560412997152e-01,3.913479558874772835e-01,1.082769055938018893e-01,2.977454018063155350e-01,3.338889778338654385e-02,3.141274968686136315e-01,5.714662422421667998e-02,7.691752289286735156e-02,-4.231264263896606370e-01,-1.084919431547422819e-01,-2.603790939541483218e-01,3.248793749156330679e-01,1.576586333656674610e-01,1.115840891040310867e-02,1.916345679942489319e-02,-9.374695886661078836e-02,-6.371076349321454224e-02,8.494611504038625249e-02,8.003478271788641574e-03,5.370115743574771505e-01,4.993234949725159910e-01,5.688339941421884927e-01,5.717770264543288183e-01,2.240471638586214453e-01,2.004150067964426130e-01,5.212698831263008065e-02,-9.651576366587244493e-02,4.550461624428266960e-01,3.634511488028529524e-01,3.260189170268938397e-01,2.367218230162392578e-01,2.964237840960103343e-01,-1.816047138744745701e-02,-9.635095385639258492e-02,-1.026121569993941329e-01,-1.897463184627796728e-01,-1.954832694499119561e-01,-3.166859729586343070e-02,-1.081152350187883221e-01,-7.768663533710669367e-02,-2.006112089505853180e-01,1.255254293687941280e-01,-1.071153888412771649e-01,-6.830346351738665611e-02,-3.779638297404794844e-01,-1.866604509824234259e-01,-2.067672477389663754e-01,-2.636156446888861526e-01,-3.402883072933834407e-01,-2.599505884495006969e-01,-3.860756116013548955e-01,-2.809285227704372279e-01,-4.402321149964369962e-01,6.677465633230680875e-02,-6.828619772782208719e-02,-4.669297345149411860e-02,-6.655177068520071182e-02,-9.015881387164926750e-03,-3.340616357295109889e-02,-1.453120242097762083e-01,-1.161155740561106708e-01,3.976436906096079138e-01,3.302631620253085321e-01,2.951994826541599615e-01,1.560278010604334020e-01,1.376852540739415265e-01,1.134425159080706541e-01,2.270498416256211682e-01,1.601119451010676598e-01,1.331883007009910524e-01,1.549949929210262811e-01,-4.277206960310658661e-03,1.444769878417449249e-01,-3.235922887844570189e-02,-1.016907916835400466e-01,-1.283476011539825927e-02,-6.500098885885688405e-02,-9.190422823490264348e-02,-2.857755007863782559e-01,-1.808889684161620326e-01,-2.671315872911231848e-01,-1.972851900335584330e-02,-3.461005999077065159e-02,-1.134943132767643331e-01,-4.519555861107710237e-02,-3.685932148586245488e-02,-2.613805097488926532e-01,-9.813874788494077184e-02,-1.362270796643530457e-02,-2.500133417464817098e-01,-1.011225902451428210e-01,-1.698953693152387978e-01,-8.517998800812433269e-02,-5.552364000514834613e-02,-1.646104680912512663e-01,-1.003817309111000172e-01,-2.972164407987468171e-01,-1.518997077372711835e-01,-1.992283761681876153e-01,-2.374203026849872403e-02,-2.201435257997984563e-01,-3.939896216908544968e-02,-9.119005239382324546e-02,-1.607319439081585644e-01,-1.329889593123820823e-01,-6.125117328888177171e-02,-4.429773755372014982e-02,-1.649291003895790031e-01,-2.691626719908083443e-01,-3.671680024109320595e-01,7.424289512759418841e-02,-1.746356133593262097e-02,-1.118980125506593981e-02
-1.883462198908174290e-01,-8.270627124869329994e-02,6.478469560412997152e-01,0.000000000000000000e+00,3.933790405871623874e-01,2.774314155749978972e-01,2.826441144062609157e-01,4.531186724805288946e-01,4.010748738812552894e-01,2.054644654354589040e-01,2.125261733673626183e-02,-1.526798075021425227e-01,-3.155087600337781739e-02,1.299862815453823317e-01,1.820489155514536106e-01,3.277235213420855442e-01,-9.692543376372238229e-02,-6.935353744635833206e-02,-5.489265387742545133e-02,1.602359448624858240e-01,1.214240195385953153e-01,1.403237806428524323e-03,4.766911840878483297e-01,6.574483046564264521e-01,6.079582732954741386e-01,6.035664842771442107e-01,2.870986881139165336e-01,2.080276503771790186e-01,9.239551842887593069e-02,-1.628603448762984685e-01,4.876832135715384320e-01,4.245233857271565880e-01,3.149358497436814952e-01,2.893369622883763537e-01,3.023773422613161288e-01,7.096239511032839675e-02,-1.497791548552969976e-01,-2.414024216054672933e-01,-1.610584242926519916e-01,-2.479995228363611193e-01,-1.679537527978427203e-01,6.504179890691855204e-02,-2.895519998493167324e-01,-3.960881999315646884e-01,-7.860329180126134074e-02,-3.763298582007791326e-01,-2.428103682635952276e-01,-3.919412712016047684e-01,-4.357304527717870690e-01,-4.248310307048523415e-01,-4.215976192045807758e-01,-4.186420299545752788e-01,-3.430885044373079285e-01,-2.379837952716850336e-01,-3.453142216739025772e-01,-5.490442600667401196e-01,2.020882187669714725e-02,-4.564917799145500055e-02,-2.754835205886692617e-01,-2.278205236870936568e-01,1.417207399803483980e-01,3.437838448715896389e-01,-1.350263224809997720e-01,1.694323322314620350e-01,3.113272997246891438e-01,5.428395631441316205e-01,1.694354714659283279e-01,1.560340795293659599e-01,1.091982709096559756e-01,1.609736649620623627e-01,2.517618953442013474e-01,4.518771052491139806e-02,6.168281802799569641e-02,8.147255210344404863e-02,3.300120232680058691e-02,-1.808512976025666505e-02,-1.215809812619094710e-01,-2.272648791865615747e-01,-3.564129851294463303e-02,-1.340217674517892033e-01,-1.944755751862350859e-03,-1.938634244653099012e-02,-1.591230862441884997e-01,-2.272334868418987228e-02,-6.309861277228935063e-04,2.597747913193888536e-01,-2.266134880348078251e-01,-5.351609956396033430e-02,-3.001422073213226224e-02,-2.528088300387067444e-01,1.855915416466540416e-02,1.397430222665900675e-02,-2.297370263287594749e-01,-2.929439426901355725e-01,-2.854819823637807508e-01,-2.516944018031762598e-01,-2.619518504217561716e-01,-3.383608173310856393e-01,-1.472175395308100154e-01,-4.511346762978379887e-01,-2.131681468157175241e-01,-2.993511202358192791e-01,-2.962307211763339221e-01,-4.782403962969590250e-01,-2.137583228953787440e-01,-3.302898455182718962e-01,-2.609771181199752599e-01,-2.837820869002884994e-01,-2.097809128265981093e-01,-1.514476579741264317e-01,-2.637710367949671619e-01,-3.374990974700909363e-01,-5.281526546936263777e-01,-1.684717264847794271e-01,-2.451286929169452788e-01,-6.950892955243934135e-02
-1.240311537628433977e-02,-1.875943732361426419e-01,3.913479558874772835e-01,3.933790405871623874e-01,0.000000000000000000e+00,4.699936273540334386e-01,4.286012512988582879e-01,1.897730019557430647e-01,7.383055668044790076e-01,3.948764554275794314e-01,1.478030067587718099e-01,-3.360581888500669967e-01,1.677120317439389219e-01,1.208385523106335346e-01,5.050525978734825561e-01,5.079030227688675625e-01,-2.287874079027088503e-02,-1.185531896191794610e-01,1.691749150052268280e-01,-8.725659160757057164e-02,2.082489664070519830e-01,1.117347723584126706e-01,2.341523596055865852e-01,3.817654426791482480e-01,4.336475707034082583e-01,5.352818561665552144e-01,5.515352426157357213e-01,3.741951787637066706e-01,1.661565410658956687e-01,-7.566967719251983804e-02,3.339549017576573520e-01,3.901252240628600432e-01,8.579841719798210475e-02,-4.332143563470612288e-03,4.746836436466603248e-02,-1.216939937026956658e-01,-1.502092299771777550e-01,-3.267299536335069310e-01,1.118038355166709082e-02,-5.742758570894901382e-02,-1.392297574313527964e-01,-9.473267848902366950e-02,-3.657145368530430041e-01,-3.994644466000520922e-01,-2.649043004372953480e-01,-4.050350181604713828e-01,-1.547799553600859024e-01,-3.511751724224530524e-01,-5.308162951382675576e-01,-4.614266564955469829e-01,-3.781003864397627923e-01,-4.914393076104461300e-01,-2.990842853061852491e-01,-2.182552762683292180e-01,-2.993260063600890475e-01,-3.206398387689178286e-01,-3.986513848732847753e-02,-3.571726798702868355e-01,-3.580924755689077754e-01,-2.615688638168696123e-01,6.602594891209830064e-02,2.017052321620849409e-01,-2.638573657427899510e-01,-1.663982621197994671e-01,7.898941764061416515e-02,1.489174349943022946e-01,-9.061871172095972704e-02,-1.279018298597703884e-01,-6.561313957978207045e-02,-1.498356610756900742e-01,3.485900128394689435e-01,1.750656884812069602e-01,8.213336095859663510e-02,-4.865813422738730985e-05,7.617352432435826881e-02,-2.258553629112004801e-01,-2.189616040232428978e-02,-1.339982231932920764e-01,-9.643885242144850656e-02,-5.557543737384201821e-02,-5.909608882777845490e-02,8.960944784004972255e-03,1.381404430715525711e-01,9.786720410360728872e-02,2.402534617908076986e-01,1.216563228891002629e-01,8.494611504038625249e-02,1.652257580466427456e-01,2.899396953059026893e-01,-3.655795497709928704e-02,1.784811755805229203e-02,-4.297611984341498381e-02,4.104549064665090861e-03,6.280195511522559948e-02,-6.080540199466957785e-02,-2.112861757531808368e-02,-6.532589962611717871e-02,-1.398073765731488727e-01,-3.007983073247758044e-01,-2.232513679214186697e-01,-3.612787985521850875e-01,-2.642764535440387391e-02,-2.946815089672232268e-01,-1.562962056073005923e-01,-5.907882303821389985e-02,-1.552728151712923221e-01,-9.989044071712671613e-02,-1.586192391123500689e-01,6.099532567987970416e-03,1.331961487871567706e-01,-2.240346069207563018e-01,-3.596558143331167190e-01,-2.372193916791451307e-01,3.393512458051979597e-03,-1.418745624691962748e-01,-7.119626807806647695e-02
2.565696329293138539e-02,-1.429214971637016718e-01,1.082769055938018893e-01,2.774314155749978972e-01,4.699936273540334386e-01,0.000000000000000000e+00,2.508044288319850046e-01,3.925691180948613912e-01,3.781804369186529957e-01,5.065374557760344842e-01,6.054327591673494546e-02,-2.197464126398136416e-04,8.322895378732941829e-02,1.281231458896433528e-01,3.443033881757594505e-01,4.824061604337166465e-01,-6.039102304512021513e-02,-7.065004128093323177e-02,2.859811206439197839e-01,8.953096697839264817e-02,-1.572442544161180844e-01,3.795177508012895912e-02,5.060445959648280333e-03,2.150516874954873370e-01,1.950987132277922642e-01,3.401423328907012822e-01,3.612332796524239664e-01,4.092525796659226556e-01,1.298701298701298787e-02,-1.363306744017404037e-01,2.193587171832276916e-01,2.464848422063795619e-01,-3.626757578896810247e-02,-2.778693387830443590e-02,2.335276519467962414e-02,5.427579430480083261e-02,-2.495503046627049470e-01,-4.037338054741970716e-01,-1.142649953382368216e-01,1.272300336839858326e-01,-2.191735023497169976e-01,3.247538055369817572e-02,-1.319702777280732375e-01,-1.410819057664597920e-01,-1.616109295587178085e-01,-1.847769103026535853e-01,-8.221027220302057348e-02,-1.195389092415923421e-01,-2.312265930830107730e-01,-1.857171110253053592e-01,-3.043880219369704543e-01,-1.862900213154020379e-01,-3.704751859211612430e-01,-3.190937657942733985e-01,-1.110237357517995654e-01,-1.072676417128918952e-01,-1.530361106140656624e-01,-2.346828902303884079e-01,-2.230928365808713953e-01,4.822648948827339133e-02,3.470109779029285912e-02,2.309581885361435827e-01,-2.036013297797199251e-01,4.000640403831121766e-02,-1.081136654015551757e-01,5.188526725872628920e-02,5.218820338472260345e-02,8.361351000944910322e-03,-1.248975824755375191e-01,-1.681530941864516904e-01,2.134145767213207479e-01,2.062068943867348403e-01,8.112252746045349461e-02,-3.290545567557895401e-02,1.206753121183868072e-01,-1.646371515842146860e-01,7.717650973633569111e-02,-5.513908378302866814e-02,-6.263871492297888588e-02,-6.471688813965825737e-02,-2.159871793664397133e-01,2.463828170862253364e-02,4.444214233916916890e-02,1.263259341576963013e-01,7.088391424867132584e-02,5.551579191898263488e-02,1.532888189886014337e-02,-5.164668543928877670e-02,2.832766701512169361e-01,-1.494306998295395761e-01,-1.200490348423633447e-01,-8.602915093125390600e-02,3.891708967851099932e-02,3.745577603445623960e-02,-2.195376535478058277e-01,-9.666487730302088244e-02,-1.423737007493352802e-01,-8.902398061208793845e-02,-1.705326339118942436e-01,6.077557926723989139e-03,-1.226781437078754006e-01,7.568066451315182130e-02,-1.062897701766447184e-01,-6.439354698963110912e-02,3.079745973146988391e-02,-3.641198057441712155e-02,-1.773196588279982167e-02,-1.585784290642883870e-02,-6.752493336974844940e-02,-2.137661709815444344e-02,-3.374520089530966827e-01,-1.371719892387042450e-01,-1.804887160217109321e-01,-5.691902972541116462e-02,-8.454115379423574050e-02,-9.846208903496793396e-03
1.589912383966046172e-01,-3.741810522086084223e-01,2.977454018063155350e-01,2.826441144062609157e-01,4.286012512988582879e-01,2.508044288319850046e-01,0.000000000000000000e+00,5.396956198261492199e-01,4.749394912556623716e-01,3.658997516865536981e-01,5.599719352438714548e-01,-1.511698357238603907e-01,6.273869954073000299e-01,3.363313022486336679e-01,8.965496673981082631e-02,1.937378550866585558e-01,-3.130287648054145277e-01,-4.507768035686817165e-01,3.850129807345180621e-01,-7.191672238807844675e-02,-6.658473264709667550e-02,-1.319012145698150174e-01,1.859604016964423179e-01,3.615220892233220185e-01,1.012607165616592753e-01,2.641697195721851021e-01,1.024724610656445323e-01,-1.024269421658834250e-01,-1.104084457964080862e-01,-3.806510144436177634e-01,1.722152635858219538e-01,1.539543366954534420e-01,-4.022458083371788923e-02,-3.241134017058600048e-01,-1.314852660030325082e-01,-2.772336438036220319e-01,1.742275128787093997e-03,-3.445780711915592126e-02,-1.131568455716388949e-01,-1.014584883330351128e-01,-1.458425548345780309e-01,-1.569711410175514688e-01,-3.100292262728810977e-01,-1.999158685163036075e-01,-1.814069421030987395e-01,-2.507777453390216404e-01,-4.090030105258531390e-01,-3.714813105676049720e-01,-2.795990569739663090e-01,-2.597967659606528201e-01,-2.610917001779946012e-01,-3.226489488273389661e-01,-1.618134101817930715e-01,-1.538617292786980950e-01,-3.337225984071524043e-01,-4.258465730546948658e-01,-2.117476432197244463e-01,-4.994019758341730619e-01,-3.042954145202150795e-01,-1.941867656153370425e-01,4.578369418833523330e-01,5.596219106008808453e-01,-2.528716147280324344e-01,-2.633032908594910015e-01,1.932842357062806715e-01,3.361131254532269685e-01,-3.963063767269713877e-01,-3.778225641894967235e-01,-2.735638787125371785e-01,-4.412931762460406415e-01,2.357156983697955288e-01,4.774304738046580149e-02,1.902062163120901359e-02,-1.899943179856160291e-01,1.058157457722359862e-01,-1.759525222179319226e-01,6.916989223008077059e-02,-2.557204700061843083e-01,-4.050287396915387972e-01,-1.548568666045098130e-01,-1.532715531990368751e-01,-5.868955796439480344e-02,7.297150516874954806e-03,-4.652502440754797269e-02,2.540095872220600182e-01,-1.505733811752666025e-02,1.493176873887533743e-02,6.795343887439608821e-02,2.506066570606091948e-01,4.782466747658915829e-02,3.172039466455710000e-01,-9.544685433010306752e-02,1.499000153822488968e-01,2.766968347098876513e-01,-2.312626942793730433e-01,-2.925044498648559643e-01,-3.204452062320082839e-01,-4.519916873071332941e-01,-2.930287020207252291e-01,-1.306910396830628929e-01,-1.580651642290510916e-01,3.448715896141567039e-01,-3.431701245334312644e-01,-1.364091552633974747e-01,-9.592401796897807864e-02,-8.177391861220723035e-02,1.574404565702607894e-01,4.584538014559769170e-02,-3.480469252768020327e-02,-3.861258393528154299e-03,-3.765339084410875836e-01,-5.109967383353894999e-01,-1.768456344235894706e-01,-3.995617628685069200e-02,-2.241476193615424828e-01,2.038901393506179494e-01
5.597412015105996536e-02,-8.306414397784955828e-02,3.338889778338654385e-02,4.531186724805288946e-01,1.897730019557430647e-01,3.925691180948613912e-01,5.396956198261492199e-01,0.000000000000000000e+00,2.627554944451246377e-01,4.500641973448354927e-01,1.864375653353173290e-01,3.664726619766503490e-01,3.572307557079130724e-01,5.381982049857322314e-01,-2.004919180408665513e-01,1.321947329924124670e-01,-2.652040973288253833e-01,-3.124432975774527610e-01,2.651099202948368760e-01,3.041196173901032362e-01,-1.956951677763860420e-01,-1.192673654602588590e-01,-5.414708569168322910e-02,2.990136525306938409e-01,-1.638680391399753317e-03,1.695484839067145089e-01,4.699590957749043285e-02,-2.142527523238183223e-03,3.420666836185327908e-02,-2.467061582362524985e-01,1.033122062853752549e-01,2.141836891655600761e-01,7.898941764061416515e-02,8.317401718416946033e-03,-1.126718338465981656e-01,-7.055586424694473835e-02,-1.915545175153587076e-01,-1.503206728007308035e-01,-1.643169496686537889e-01,-9.313794738015188091e-02,-2.025700912575459367e-01,-2.262132356403567454e-02,-2.457785144514658682e-01,-2.209879798712285903e-01,-2.286571296723581004e-01,-2.686933564380989958e-01,-4.187283589023980679e-01,-2.625577226737487724e-01,-2.806350043478397227e-01,-1.856684528910779730e-01,-2.478833711611086454e-01,-1.651111759886234043e-01,-2.035966209280204997e-01,-8.678099758592869306e-02,-3.212661160449412634e-01,-3.956502767235182128e-01,-1.617003977410068905e-01,-1.100474338327855350e-01,-1.408307670091571429e-01,6.953247381093646817e-02,3.884080628098032228e-01,6.916895045974088552e-01,-8.179746287070434330e-02,1.724616934914251776e-01,-1.096456118211013020e-01,3.450881967923302152e-01,-2.206928918313980081e-01,-1.201494903452843960e-01,-1.733092867973216045e-01,-1.735211851237957181e-01,1.988516680322336694e-01,1.218179934641138405e-02,7.433236330988325646e-02,-1.745430059425708558e-01,1.264609212397464766e-01,-1.439354698963110912e-01,-8.944149879610358012e-02,-2.026156101573070301e-01,-3.663518014496984776e-01,-1.802234507093100346e-01,-6.923738577110585823e-02,5.531958976483994372e-02,-4.024341624051559069e-02,-3.370125161278170883e-02,-4.316447391139197065e-02,1.500255847609001936e-01,-1.312356968629629916e-01,-1.328869341922278846e-01,4.254133586983478016e-02,-2.619534200389892972e-02,2.176305686095388880e-01,-2.488863565730860816e-01,7.686258628970739359e-02,-7.661929561857044879e-02,-3.313022486336482109e-01,-3.639534263174582507e-01,-4.921252303413289897e-01,-4.608976954879783205e-01,-2.727947662682977947e-01,-3.033159733667347702e-01,1.808983861195608694e-02,1.391261626939654383e-01,-3.552294937356575977e-01,-3.188708801471673016e-01,-2.534351073147302347e-01,-3.409444072968366157e-01,9.826588688082524281e-02,-2.066401087430819183e-02,-1.830377744083327707e-01,-1.173995209528204409e-01,-4.582089411676068536e-01,-4.644026507695833139e-01,-4.156424914220417932e-01,-2.484233194893093466e-01,-3.298362261378940397e-01,4.528188755889988454e-02
-8.054333870142427187e-02,-3.316491340421724998e-01,3.141274968686136315e-01,4.010748738812552894e-01,7.383055668044790076e-01,3.781804369186529957e-01,4.749394912556623716e-01,2.627554944451246377e-01,0.000000000000000000e+00,5.820015131110127804e-01,1.961252428982668272e-01,-2.527366276459822592e-01,2.892553421922530177e-01,2.166008997045980322e-01,4.277724933997595347e-01,4.448891693271678771e-01,-1.743263987643973167e-01,-3.295427077152965345e-01,4.733337728261586413e-02,-1.824523071803710039e-01,3.335797632389365663e-01,1.976697462556780971e-01,2.273967270341454572e-01,4.406009750462252517e-01,4.144307469180565362e-01,5.354498052105013395e-01,4.814659597110648726e-01,2.524399699889184889e-01,9.923277109644042249e-02,-1.748632078581317251e-01,2.493949125566239378e-01,3.349798618108987824e-01,-7.570106953718266918e-02,-1.067182756812923572e-01,8.148667865854232473e-02,-9.777616630408508813e-02,-5.415179454338264753e-02,-1.712907590355016163e-01,1.719233147804576367e-01,-1.355097645888073687e-01,2.340613218060643569e-02,7.314573268162825881e-02,-2.091310912920775200e-01,-2.445667699474806112e-01,-1.741113612034569380e-01,-2.931056132651491675e-01,-7.874769658671036676e-02,-1.943248919318535106e-01,-3.240192246718714975e-01,-3.042200728930243292e-01,-2.513961745288794125e-01,-2.346263840099953313e-01,-2.007744491428320177e-01,-3.605253822802770985e-02,-5.781371154830183129e-02,-1.524396560654718846e-01,-1.444864055451437479e-01,-4.685856806959055043e-01,-3.408549391145475060e-01,-2.997890434438657548e-01,7.098436975159237716e-02,2.798219426210724059e-01,-3.147741791686679558e-01,-1.995171857390856673e-01,1.165189656850280503e-01,1.961330909844325454e-01,-2.017585991480117524e-01,-2.669887521229072913e-01,-1.269992999507140174e-01,-2.049920106482833182e-01,3.429550869724908857e-01,1.430313703700215600e-01,8.219614564792229738e-02,5.482672995363351010e-02,1.201494903452843960e-01,-2.357596476523235174e-01,-5.044121940423608452e-02,-1.709846836750389953e-01,-1.474388555606829798e-01,-2.320286674891461065e-01,-2.412925483991473774e-01,-1.085107785615399834e-01,1.262333267409409543e-01,2.638934669391522214e-01,1.712625059253050641e-01,1.455898464600422493e-01,7.435904680284666224e-02,1.866039447620303215e-01,2.473277266605765634e-01,1.297006112089505725e-01,1.576193929348388978e-01,-1.131395797820743399e-01,1.400129964306904007e-01,1.188058979937152565e-01,-9.466675456523172827e-02,-3.833162245054921174e-02,-9.978841559697251840e-02,-1.292407133596401303e-01,-3.585570822699176707e-01,-2.077608154475449609e-01,-3.114826918307701531e-01,1.575110893457521560e-02,-3.563611877607526512e-01,-1.086818668399524151e-01,-6.745430059425708280e-02,-1.606895642428637361e-01,1.124630747545903378e-02,-3.251776021899299707e-02,-4.191662821104445713e-02,5.305149286295043898e-02,-3.097325686158173275e-01,-3.641810208162637452e-01,-1.293647131210582946e-01,-1.333719459172686139e-01,-1.083020194695321625e-01,6.862366543294752021e-03
5.366207396664249285e-02,-1.971768864444716496e-01,5.714662422421667998e-02,2.054644654354589040e-01,3.948764554275794314e-01,5.065374557760344842e-01,3.658997516865536981e-01,4.500641973448354927e-01,5.820015131110127804e-01,0.000000000000000000e+00,1.588986309798492425e-01,9.769454620796172439e-02,3.241667686917868441e-01,5.306875865251500235e-01,2.164612037708484316e-01,5.440136368345215301e-01,-1.150968924718018260e-01,-4.397675082954271009e-01,1.812076007144897694e-01,-1.570402041758096889e-02,1.697038760127955181e-01,1.607303742909254041e-01,4.161369208504814288e-02,2.997796257404669040e-01,2.154017121384779188e-01,3.073012315216810952e-01,4.673409742300242420e-01,3.334902950566475122e-01,4.299495525021268527e-02,-6.831445083801863938e-02,-3.079118126253731907e-02,7.427428747225701955e-02,-1.327064282104166160e-01,-9.259642943471804721e-02,1.607445008460236732e-02,-7.796602720460588110e-02,-1.796285657779493894e-01,-3.171913897077058841e-01,1.329324530919889780e-01,1.963748120383363230e-02,9.480174164728188968e-02,2.852936282958037917e-02,-1.396347186775032945e-01,-1.256415810440466019e-01,-1.683618532784595112e-01,-1.856747313600105587e-01,-1.507460390709121634e-01,-2.161614068793183963e-01,-1.099093075162690808e-01,-1.348693607576856301e-01,-6.041613692085048143e-02,-1.243450772094716918e-02,-1.271185908604327841e-01,-1.454752644020229357e-01,-3.384722601546386739e-02,-1.267183384659816836e-01,-2.044756065785797439e-01,-3.425155941472112775e-01,-4.138923682070889953e-02,3.133426882520428530e-02,5.322885961029543561e-02,1.754439662343940942e-01,-1.461282251710097901e-01,-1.882316378327980877e-01,5.397442779603765783e-02,6.537141852587828594e-02,-1.136120345692499395e-01,-1.658096556573713798e-01,-2.134428298315173000e-01,-3.063594611817961888e-01,1.592125544264775538e-01,9.126382440378089100e-02,8.658008658008657654e-02,-1.167057501357718907e-01,2.849514517389789559e-01,-1.671030202574800005e-01,8.352718106162630718e-02,6.591764532301153112e-02,-1.091480431581954430e-01,-2.753296980998213850e-01,-1.457593651212215347e-01,-1.782928215125459404e-01,8.906165142568332749e-02,1.604886532370216334e-01,1.055881512734304674e-02,3.626914540620124194e-02,2.975680350589705175e-02,1.761393066686757769e-01,7.706820614724892811e-04,1.606974123290294543e-01,3.779481335681481036e-02,-2.505454419885166928e-01,2.014713591943468607e-01,1.107145211568706794e-01,-1.405388182037928257e-01,-1.611463228577079132e-01,-1.436513691771124646e-01,-1.978910622855510337e-01,-3.802852936282958285e-01,-1.849244543225689041e-01,-1.354140179375857289e-01,3.925298776640328419e-02,-2.972509723778759549e-01,-1.713347083180295771e-01,-3.493967960973037162e-02,-6.876493098393025860e-02,1.765693817905565621e-01,1.771517097840520638e-01,-7.997199802856075346e-02,-4.646694856992173578e-02,-4.325111678266138071e-01,-2.583056295891683618e-01,-1.650656570888623109e-01,-2.400949304502603965e-01,-7.526314632913617964e-02,1.434818505159331792e-01
3.979168040081745850e-01,-2.335637531431584979e-01,7.691752289286735156e-02,2.125261733673626183e-02,1.478030067587718099e-01,6.054327591673494546e-02,5.599719352438714548e-01,1.864375653353173290e-01,1.961252428982668272e-01,1.588986309798492425e-01,0.000000000000000000e+00,-8.989825741094777112e-02,8.170265798982260241e-01,3.186040452175332716e-01,1.159413465432319740e-01,3.409522553830023062e-02,7.937711309720012209e-02,-3.467818137868899364e-01,6.474106024504864276e-01,8.339533321404242472e-02,-8.487705188212801843e-02,-1.895893567394655033e-01,2.736313722535622661e-01,1.901418620055313202e-01,-1.955036744739427901e-01,-8.425234422333770234e-02,-1.914917328260330454e-01,-3.010965345990726516e-01,3.203274849395226775e-02,-2.461222606255238643e-01,-5.585012038964178027e-02,7.073637022875602087e-02,-7.634775183723696568e-02,-3.267990167917651512e-01,-8.317715641863575315e-02,-1.750499923088755516e-01,1.618793341055849988e-01,-7.090431927270215984e-02,-3.099052265114629265e-02,-2.307305940373380604e-01,-7.992020065986708832e-02,5.926560748895774028e-02,-1.033310416921729424e-01,2.221636231788515908e-02,-8.398393967647049818e-02,-1.573855199671008176e-01,-2.201168423068350644e-01,-1.404854512178660142e-01,-1.829640023983751251e-01,-1.322920492608672394e-01,-2.736203849329302829e-01,-1.990824017655054567e-01,-9.347070623357787988e-02,-4.782937632828858365e-02,-1.594071869633870986e-01,-2.833582902473402720e-01,4.180518538749140867e-02,-3.283843301972381168e-01,-3.437807056371233183e-01,-2.970375044341687087e-01,3.594360679204768871e-01,2.761663040850858009e-01,5.550480459835064467e-02,-2.597041585438975009e-01,1.942683857114604062e-01,6.512341900304191925e-03,-5.222289192557503235e-01,-5.112180543652624642e-01,-1.476742981456541925e-01,-3.567661490069031771e-01,2.619659769768544200e-01,2.397857158553315104e-01,1.366493067000681128e-01,-8.714671840125066959e-02,1.152711199846805368e-01,-2.737412454598821612e-02,2.753532423583184841e-01,9.228564522255602864e-02,-2.169462154958891609e-01,-1.527661364499653118e-01,-9.767257156669774398e-02,-7.021996615905244654e-02,2.659182731699047952e-01,9.406716078217165766e-02,3.325108539031671473e-01,-2.033815833670800932e-01,9.577333471459649472e-02,1.407193241856040944e-01,9.433399571180571541e-02,-9.897692348743834800e-02,3.172400478419332703e-01,1.187023032563279124e-01,1.515512527115137620e-01,1.282204621580981252e-01,-1.327158459138154667e-01,-1.430062564942913006e-01,-2.212579540353289409e-01,-2.220459018863659983e-01,-8.922332200069690855e-02,2.438400371685360835e-01,-1.483916132211998695e-01,1.694762815139899959e-01,-2.957708233270234799e-01,-1.099281429230667823e-01,-9.304063111169709466e-02,-5.415179454338264926e-03,1.285108413462293098e-01,1.037893699242502660e-01,-1.127722893495192308e-01,-1.777748478256092543e-02,-9.489748829850352951e-02,-1.958709649064979130e-01,1.307648116930205419e-02,-7.885600017579713628e-02,-2.341900304191819882e-01,1.228759154792512243e-01
3.254632725263617021e-01,3.478193307779964827e-01,-4.231264263896606370e-01,-1.526798075021425227e-01,-3.360581888500669967e-01,-2.197464126398136416e-04,-1.511698357238603907e-01,3.664726619766503490e-01,-2.527366276459822592e-01,9.769454620796172439e-02,-8.989825741094777112e-02,0.000000000000000000e+00,1.050183802178000919e-01,3.790986630000408031e-01,-4.818034274161903108e-01,-2.258898944903295902e-01,1.538915520061277797e-01,1.377025198635060954e-01,2.837726691968896486e-01,5.817676401432746447e-01,-1.743342468505630349e-01,-2.463184627796665416e-01,-5.059943682133675180e-01,-3.345764701819814446e-01,-5.279705790945820043e-01,-4.789027747693447301e-01,-3.011875723985948938e-01,-2.271911071766039014e-01,1.949260553321467138e-01,2.510869599339505265e-01,-3.818439235408053190e-01,-3.538105597568976801e-01,9.687206677779557074e-02,1.311603552357722136e-01,-4.166172237238227050e-01,-2.041522654285525817e-01,-1.529733259247400001e-01,1.014129694332739987e-02,-1.589033398315486678e-01,-4.597879761041472751e-02,-1.253747461144125441e-01,4.660193565197191107e-03,-1.682504104549064627e-01,-1.054296199328831618e-01,-2.143751824680033558e-01,-9.499794380142458083e-02,-2.706490995105933495e-01,1.532888189886014337e-02,-4.986987873137256611e-02,-2.610273458714357925e-03,9.136741914116823515e-02,1.394636303990908766e-01,1.321036951928902525e-01,1.840109370928805221e-01,-6.590351876791325503e-02,4.771322465303610982e-02,2.104150381887872900e-01,4.299338563297954163e-01,3.003132955997350750e-01,3.549438233992258662e-01,2.608028906070965491e-01,1.121946702077231406e-01,4.933495317831793625e-01,4.978653205629275380e-01,-6.204006291025870867e-01,-3.130491698294454173e-01,-2.222515217439075264e-01,-1.111555835993834479e-01,8.791897007995630453e-02,3.897830475060351518e-02,-5.289610075686942969e-02,-1.153668666359021619e-03,1.358236880354356801e-01,1.129276814556002401e-01,1.917554285212008103e-01,1.263039595164323348e-01,-1.588766563385852690e-02,-6.548443096666446694e-03,-8.155574181680055879e-02,8.746535069957840636e-02,2.654725018756926014e-01,1.124772013096886208e-01,-3.246282361583304604e-02,-9.919039143114559420e-02,-2.902379225801995921e-01,-1.309311911197335310e-01,-3.060251327111370712e-01,-3.283827605800049843e-01,-3.374253254601333185e-01,-3.509664133304452038e-02,1.724491365535600618e-01,-9.111314114939930708e-02,6.027958022156716666e-02,-2.688110777305846022e-01,1.748396635996345844e-02,-3.034540996832512522e-02,-6.783728719914361438e-02,-1.005842115341752802e-01,1.739104501976148076e-01,1.685957262461975914e-01,5.074274287472256839e-01,2.777406301699267832e-01,1.664108190576646107e-01,1.321350875375530975e-01,-5.008805552677923767e-02,-7.079444606638225779e-02,9.794725458249750605e-02,-2.301529748955419633e-02,-3.330099921833061527e-02,4.458026865568562314e-02,2.072993479810013653e-02,5.057777610351939235e-02,1.957312689727483141e-03,-7.322578316051847613e-02,-5.222116534661857407e-02,1.002451742118167094e-01
3.638121607664754897e-01,-2.825452285205729552e-01,-1.084919431547422819e-01,-3.155087600337781739e-02,1.677120317439389219e-01,8.322895378732941829e-02,6.273869954073000299e-01,3.572307557079130724e-01,2.892553421922530177e-01,3.241667686917868441e-01,8.170265798982260241e-01,1.050183802178000919e-01,0.000000000000000000e+00,5.903660033464239731e-01,9.172372225309136096e-02,1.591011116029245054e-01,-9.986532684139645677e-02,-4.632552605721568795e-01,5.138204797378110866e-01,5.062643423774678547e-02,-7.194026664657555969e-02,-1.865709828001343717e-01,1.233012817494325841e-01,1.572630898229157859e-01,-2.490354702102345330e-01,-1.552618278506603389e-01,-1.200631613974616207e-01,-2.424430778310401324e-01,-7.637286571296723892e-02,-2.959293546675707542e-01,-2.127977171486961083e-01,-8.872732295502418209e-02,-2.089804080376959361e-01,-4.187597512470608851e-01,-2.163701659713262448e-01,-3.032531886774091356e-01,1.447438227713789827e-01,-6.424757258694895057e-02,-4.752330096782598351e-02,-1.756794088193653069e-01,-4.222584280597333622e-02,1.257954035328944786e-01,-2.274469547856059759e-01,-1.111885455612794255e-01,-1.976462019971809703e-01,-2.221338004514219200e-01,-3.729018141635980776e-01,-1.910538096179865697e-01,-1.539794505711837014e-01,-1.585909860021535167e-01,-1.719327324838564874e-01,-1.375675327814559201e-01,-5.446571799001095199e-03,7.643565040229290120e-02,-2.153687501765819412e-01,-2.498940508367629432e-01,-9.127952057611231351e-02,-4.038232736564861258e-01,-2.746751677136013425e-01,-2.402157909772122957e-01,4.119978402066871714e-01,3.698489086451378083e-01,-1.004241105763948455e-02,-2.212909159972249185e-01,1.239950525664811343e-01,6.483774866661015657e-02,-6.155505118521796826e-01,-5.530970117627115323e-01,-3.123444116917648561e-01,-4.198223821138977185e-01,1.470119196732684874e-01,5.897365868359341623e-02,3.404813702130598391e-02,-1.725888324873096347e-01,1.390727957080386268e-01,-1.631177621025336755e-01,1.089204486593899207e-01,-6.348944746334159173e-02,-3.287688864193577531e-01,-2.436344173109945277e-01,-1.591827316990478691e-01,-9.978056751080681061e-03,2.940050039397392734e-01,1.369208504814015959e-01,3.829457948384706878e-01,-1.754518143205597777e-02,1.303347365711397532e-01,1.868864758639958157e-01,1.256305937234146186e-01,8.300449852299018882e-02,3.819176955507629923e-01,2.830490756524113929e-02,2.613098769734012450e-01,2.276274607674172445e-01,-1.768534825097551610e-01,-2.753422550376865008e-01,-2.953909759566032411e-01,-3.751965945584510020e-01,-2.258773375524644467e-01,1.267403131072456779e-01,-9.310027656655647799e-02,2.653108313006790064e-01,-3.903496793271992726e-01,-1.617160939133382991e-01,-7.072695252535717014e-02,-2.447190228190953415e-02,1.768534825097551610e-01,4.907565241140295770e-02,-8.541856982756185213e-02,-1.763307999711190288e-02,-2.174783157379241438e-01,-2.710462126705781571e-01,1.538381850202009786e-02,-2.359323055479690678e-01,-2.687859638548543706e-01,1.451362270796643650e-01
