0.000000000000000000e+00,6.934000625586487221e-01,2.532061307475758638e-01,-1.146297868537468206e-01,-1.774386701818669310e-01,-2.159077706778676498e-01,-5.551633227579427093e-02,-3.534608338174181075e-01,-2.064792886187944154e-01,-2.410340050940613932e-01,6.942267304169087438e-01,4.086152196255418145e-01,5.449841369140712155e-01,3.274230305196836333e-01,2.429375754055141112e-01,-1.929934313418830288e-02,4.330354350060324209e-01,4.178783681129630279e-01,7.842352205192367753e-01,7.259037490504490764e-01,-2.636176772867420137e-01,-1.316368023593547654e-01,-1.977210777961481702e-01,-2.279547790339157276e-01,-3.418427990526833327e-01,-3.410161311944233664e-01,-1.787389963805353316e-05,1.846373832610929966e-02,3.083962643549756355e-01,1.090352562670360570e-01,-1.085303186022610472e-01,-2.526162920595200756e-01,-2.819607667902944773e-02,-8.095089146074445352e-02,-3.381294964028777050e-01,-3.972876357299253702e-01,-1.525135171366012732e-01,-5.808123687385495504e-02,-1.180571071093435877e-02,-8.478484293310692421e-02,1.089816345681219045e-01,7.162518432459001605e-02,-1.365655301845480063e-01,1.002636400196612876e-01,-2.958890030832476703e-01,-1.949684972518879178e-01,-1.263282541668528658e-01,-6.974842486259440200e-02,-3.250904866169176399e-01,5.093167701863354074e-02,-3.747531167612493941e-01,1.459940122436212406e-01,1.907636623620358463e-01,1.559319004423790067e-01,-2.006345234371508836e-03,4.002412976451136944e-02,7.322802627463246283e-01,5.999865945752714813e-01,4.255820188569641171e-01,3.574601188614325853e-01,4.528039680057196481e-01,-3.707493632423253943e-02,6.154117699629116922e-01,3.587336342106439147e-01,-1.173064033245453386e-01,-3.588676884579293236e-01,-4.940569283703472037e-01,-4.584699941909826104e-01,6.184994861253854115e-01,3.063005496224138757e-01,-1.664819697037401014e-01,-1.797309978104472961e-01,-3.616158005272800402e-01,-4.252781625631172346e-01,-1.774431386567764529e-02,-1.848429331069306181e-01,-2.958130390097859497e-01,-1.718396711202466731e-01,-5.413557352875463663e-02,5.141874078377049739e-02,3.734215112382143764e-01,1.391974619062514018e-01,3.495866660708700224e-01,1.244917109790428522e-01,3.779927610706466101e-01,-3.467536529782385551e-02,8.902989409714463787e-02,-1.411635908664372885e-01,2.694847848429330894e-01,-1.022699852540328025e-01,-4.792260601456722613e-01,-5.920371777112471978e-01,-5.995754948835961828e-01,-6.780285088699227192e-01,-1.870950444613253549e-02,-9.431609991509898316e-02,-3.335403726708074390e-01,-1.784842933106930707e-01,-4.026140578220653299e-01,-4.789624201260109793e-01,-1.998570088028955583e-01,-4.615666473032754014e-01,-2.473524286161133123e-01,-3.616023951025514882e-01,1.423209258680012586e-02,-1.769828857410965517e-01,-1.059251977300147418e-01,-2.189418651414272443e-01,-1.297957906966352437e-01,-6.965458688949462129e-02,-2.711113097099959734e-01,-4.239242146655346488e-01,-1.661289601858885467e-01,-9.819026766164708209e-02,-3.723580142097502460e-02,5.662451405335359317e-02
6.934000625586487221e-01,0.000000000000000000e+00,9.032128334599401343e-02,2.236024844720497021e-02,-6.133428660798069532e-02,-1.244246838554001477e-01,-3.130881630099647261e-01,-2.338352920148353276e-01,-1.806783144912641192e-01,-7.013271370481254097e-02,3.980472764645426320e-01,4.615621788283658655e-01,3.207605344295991756e-01,3.603735645024352952e-01,1.585325528397158179e-01,1.160060771258769330e-01,4.823763349568792047e-01,5.417578980294025515e-01,5.928504401447786121e-01,6.987756378747933539e-01,-2.606148621475490312e-01,-3.759327941373609427e-02,-1.405380043791054079e-01,-1.759596049868180079e-01,-5.732606461414719440e-02,-1.564279011573350142e-01,1.504937664775012340e-01,9.783725814379552743e-02,1.690379373519817763e-01,1.302247642879485190e-01,-4.661066178113409952e-02,-1.664998436033781615e-01,-1.442200277045444512e-01,-1.705929666204924200e-01,-3.710219402118057341e-01,-4.330801197551275572e-01,-1.640868671522409394e-01,-2.122525582018856827e-02,1.015863085928772475e-01,7.384154787970866052e-02,-4.817462799946378021e-02,-1.635014969390946940e-02,-1.792841503194959607e-01,-1.607310424951963884e-02,-2.089816345681219101e-01,-1.985924304035032728e-01,-2.018499486125385489e-01,-2.441217212565351402e-01,-3.137271549220251310e-01,-2.696724607891326855e-02,-3.188837749676035616e-01,6.326019929398096764e-02,1.121899995531525085e-01,1.240314580633629787e-01,2.220832030028151247e-03,-9.181822244068099659e-02,7.435140086688413197e-01,8.578846239778363802e-01,1.062201170740426359e-01,2.919567451628758969e-01,2.144331739577282347e-01,-1.151749407927074448e-01,4.334778140220742482e-01,3.585146789400777689e-01,-1.378524509584878599e-01,-3.971625184324589775e-01,-5.314312525135170828e-01,-4.958890030832476814e-01,5.648867241610437961e-01,3.717860494213324762e-01,-3.497698735421600480e-01,-3.041199338665713237e-01,-4.874748648286340025e-01,-3.799499530810134251e-01,-2.457393091737789803e-01,-1.956119576388578585e-01,-4.274632467938692670e-01,-1.934670896822914266e-01,3.093078332365163663e-02,1.851646633004155607e-01,4.677420796282228954e-01,2.335582465704454935e-01,4.303409446355958567e-01,1.940211805710710946e-01,3.882881272621654389e-01,5.726797444032351997e-02,5.938156307252334676e-02,1.290942401358416425e-02,2.189016488672416161e-01,8.682246749184503731e-03,-4.924706197774699756e-01,-5.877027570490191977e-01,-5.510433888913713885e-01,-5.869475847893114162e-01,6.358639796237543912e-03,6.933732517091915903e-02,-3.060279726529335775e-01,-1.113409893203449602e-01,-1.159033022029581361e-01,-4.301622056392153115e-01,6.128960185888555900e-02,-3.574824612359801534e-01,-1.188033424192323217e-01,-3.297779167969971947e-01,2.566245140533535835e-02,-1.454890745788462447e-01,-1.741945573975602068e-01,-1.868179990169355209e-01,5.648152285624916114e-03,4.875106126279100602e-03,-3.430850350775280222e-01,-3.782161848161222362e-01,3.561374502882166428e-03,-3.418383305777737864e-03,1.498949908396264297e-01,2.251262344161937545e-01
2.532061307475758638e-01,9.032128334599401343e-02,0.000000000000000000e+00,3.999955315250904864e-01,-1.721211850395460152e-01,-5.613745028821662958e-02,4.760668483846463017e-01,-1.900218955270566168e-01,1.355869341793645710e-01,-1.206979757808659959e-01,2.174717368961973374e-01,-1.107645560570177379e-01,3.775325081549666950e-01,-1.039277894454622569e-01,3.344072568032530612e-01,-1.180615755842530923e-01,6.042271772643996453e-02,-8.293489432056839333e-03,3.279279681844586292e-01,3.162429062960811499e-01,-7.237588810938826167e-02,-2.772018410116627307e-01,5.280754278564725457e-01,3.051834308950355235e-01,1.593458152732472530e-02,-5.118638008847580662e-02,2.759283256624514222e-02,-2.519326153983645483e-02,2.471334733455471666e-01,2.408910138969569681e-01,8.253273157871218735e-02,9.238571875418918888e-02,1.408239867733142581e-01,8.257741632780731325e-03,1.949953081013450218e-01,-5.792484025202198489e-02,-3.240672058626390961e-01,-2.875463604271861762e-01,-2.790786004736583448e-01,-3.963269136243799950e-01,6.331828946780464207e-03,-1.564189642075159703e-01,3.738236739800706032e-01,4.691541176996291140e-01,3.767103087716162646e-01,4.310559006211180377e-01,3.747978015103445304e-01,3.682648911926359458e-01,1.148532105992224883e-01,2.469100496000714851e-01,1.642253898744358565e-01,2.118950802091246199e-01,-7.081192189105858792e-02,-2.056928370347200496e-01,2.242280709593815619e-02,-4.439429822601546199e-02,8.993699450377586058e-02,-1.027749229188078131e-03,2.578086599043746263e-01,-9.062067116493141561e-02,1.346932391974619003e-01,-3.200634523437150825e-01,4.294651235533312322e-02,-2.666607087001206522e-01,4.868403413914830780e-01,-5.936815764779480864e-02,2.744716028419500464e-01,1.515974797801510343e-01,2.588855623575673781e-01,-1.106528441842799110e-01,-1.002636400196612876e-01,-6.358639796237544606e-02,9.714464453282094930e-03,2.722194914875553096e-02,1.577639751552795122e-01,-5.496224138701460982e-03,-2.136243799991063008e-01,-1.212431297198266200e-01,1.162250323964430926e-01,-5.379596943563162009e-02,-5.108360516555699588e-02,-6.993163233388444144e-02,-2.153492113141784736e-01,-3.730774386701818934e-01,7.095491308816301301e-02,-1.891192635953349022e-01,-1.974663747263059044e-01,-3.109209526788507261e-01,-1.770767237141963324e-01,-3.613476920327092223e-01,-3.613566289825282385e-01,-1.153000580901738237e-01,-3.748871710085348030e-01,-1.693462621207381946e-01,-9.596049868179989950e-02,4.118146476607533607e-02,-2.551901336073997828e-01,5.942624782161848307e-02,-3.736851512578757140e-01,-2.624067205862639085e-01,-4.197059743509540253e-01,-2.105277268868135376e-01,-3.040126904687430187e-01,-2.588140667590151378e-01,-4.153581482639974731e-01,-4.540417355556548573e-01,-2.215380490638545197e-01,-2.942401358416372736e-01,-1.725322847312212304e-01,2.800080432548371356e-01,-2.325126234416193816e-01,-1.477188435586934134e-01,-1.970999597837258255e-01,1.354841592564457742e-01,-6.798337727333661484e-02,-1.918897180392332147e-01
-1.146297868537468206e-01,2.236024844720497021e-02,3.999955315250904864e-01,0.000000000000000000e+00,2.448724250413333945e-03,2.158049957549488251e-01,2.896465436346574718e-01,4.356405558782787679e-01,1.185665132490281021e-01,4.173689619732784961e-01,-1.754010456231288317e-01,-6.731310603690959793e-02,6.446668751954957866e-02,9.527682202064435835e-02,2.018097323383529207e-01,1.959381563072523369e-01,6.930604584655257298e-03,-2.030474998882881299e-01,-1.970150587604450540e-02,1.174002412976451193e-01,-9.522320032173018506e-03,-1.224898342195808593e-01,3.719513829929844695e-01,4.142454980115286567e-01,1.262522900933911174e-01,2.378256401090307892e-01,1.366995844318334152e-01,7.389070110371330491e-02,3.208364985030608824e-02,1.898878412797712079e-01,2.278475356360874088e-02,1.355645918048170029e-01,5.089592921935743447e-03,1.496492247196032077e-01,2.054426024397872919e-01,3.537691585861745674e-02,-4.065999374413512557e-01,-1.824925153045265647e-01,-3.376424326377407414e-01,-2.241923231601054556e-01,-3.032262388846686529e-01,-2.962464810760087608e-01,8.146476607533849335e-02,8.077215246436390828e-02,9.310067473971134211e-02,1.184011796773761088e-01,1.368381071540283322e-01,1.003619464676705902e-01,-1.317842620313686985e-01,-1.114392957683542629e-01,-2.551946020823092978e-02,-1.235131149738594170e-01,-1.462219044640064303e-01,-2.158898967782295897e-01,-3.658965994905938879e-01,-4.509942356673667385e-01,-4.281245810804772123e-02,2.559095580678314580e-02,1.144778587068233655e-01,-2.662764198579024855e-02,7.815809464229858672e-02,2.506814424237007732e-01,-1.801465659770320471e-01,-2.523124357656731931e-01,3.200098306448009300e-01,4.220429867286294989e-01,2.009607221055453863e-01,2.954600294919343950e-01,2.319004423790160530e-01,5.487734036373385915e-02,1.564949282809776909e-01,1.339201930381160865e-01,1.157335001563966279e-02,1.495419813217748750e-01,2.430046025291567879e-01,9.682291433933598590e-02,-1.605567719737253651e-01,1.004960007149559818e-02,2.335761204700835536e-01,1.439608561597926495e-01,9.471379418204567413e-02,7.378792618079449417e-02,-1.498771169399883696e-01,-2.221859779257339407e-01,-1.414808525850127230e-01,-7.340363733857634132e-02,-4.470396353724473970e-01,-3.441083158318066215e-01,-2.170740426292506464e-01,-1.753787032485812636e-01,-7.104875106126279068e-04,5.511863800884757997e-02,1.054113231154206985e-02,7.752803968005719804e-02,-6.935073059564771103e-02,1.955136511908485697e-01,-5.795611957638857614e-02,1.183341525537334044e-01,-1.404888511551007635e-01,-1.415478797086554275e-01,-2.462084990392778838e-01,-1.811028196076679142e-01,-2.423834845167344432e-01,-2.862505027034273342e-01,-4.946780463827695762e-01,-5.494838911479511534e-01,-4.789132669020063626e-01,-3.268734081058135010e-01,9.151436614683408979e-03,3.170874480539792040e-01,-1.355377809553599266e-01,7.121855310782429505e-02,-3.114527011930828121e-02,1.869699271638589622e-01,1.429733232047901981e-01,-7.229098708610751101e-02
-1.774386701818669310e-01,-6.133428660798069532e-02,-1.721211850395460152e-01,2.448724250413333945e-03,0.000000000000000000e+00,5.258188480271682730e-01,-2.572858483399615981e-01,-1.570311452701192989e-01,4.169444568568747567e-01,-4.174449260467402723e-02,-1.236650431207828721e-01,-3.529424907279145596e-01,-3.498458376156217686e-01,-2.009741275302739105e-01,1.550918271593904885e-01,4.249787747441798325e-01,-1.613298181330711789e-01,-2.716028419500424729e-01,-8.817641538942758150e-02,-3.296393940748022777e-02,2.260780195719201136e-01,5.242057285848339410e-01,-1.795924750882523790e-01,2.280441485321060002e-01,6.149693909468698649e-01,6.184905491755663398e-01,5.393002368291701654e-01,6.950980830242637909e-01,8.239867733142678188e-03,-8.499486125385405377e-02,2.168372134590464406e-01,3.045757183073417029e-01,-3.480941954510925578e-03,-1.255105232584119157e-01,-1.890120201975065972e-01,-2.654854997989186116e-01,-9.146521292282944193e-02,8.726931498279637267e-02,4.105277268868135487e-01,4.871933509093346326e-01,-4.431386567764421941e-02,2.230573305330890432e-01,-1.680638098217078491e-01,-1.359399436972161535e-01,-3.421958085705349012e-02,-1.720318155413557426e-01,-1.172661870503597104e-01,-1.459403905447070882e-01,-2.010947763528307675e-01,-1.590106796550337376e-01,-3.364895661110862690e-01,-1.630457124983243355e-01,-1.078421734661959841e-01,1.011483980517449421e-01,4.742749899459314800e-01,3.837079404799141891e-01,-1.479869520532642313e-01,7.987845748246123756e-02,-2.308726931498279733e-01,9.154117699629116256e-02,-3.811340989320344819e-01,-1.995084677599535394e-01,-6.992716385897493336e-02,6.470351668975378619e-03,-1.326377407390857410e-01,-1.782385271906698210e-01,-2.908083471111309881e-02,-1.042942043880423636e-01,-1.397023995710263977e-01,1.807810894141829439e-01,7.364046650878055406e-03,1.517940926761696119e-01,-2.484740158184011727e-01,-2.940792707448947607e-01,1.068054872871888883e-01,4.910407078064256414e-02,-1.564144957326064622e-01,-7.740292238259081914e-02,-4.261137673711962170e-02,5.137405603467536802e-02,1.329907502569372957e-01,-7.445372894231198913e-02,1.836900665802761456e-01,2.770588498145583056e-01,1.491353501050091679e-01,1.748424862594396556e-01,2.056436838107154053e-01,3.396174985477456443e-01,2.094329505339827535e-01,3.135931006747397221e-01,-2.036239331516153661e-01,-1.063765136958755991e-01,-2.496939094686983218e-01,2.189552705661557824e-03,4.217748782340587366e-01,2.404352294561866166e-01,7.062424594485902651e-02,4.676705840296706967e-02,-4.453282094821037901e-02,-1.213459046427454308e-01,6.385897493185575813e-02,1.558023146700031336e-01,1.541176996291165890e-02,6.376513695875597743e-02,-4.957326064614147459e-02,2.494302694490370398e-02,-2.825416685285312215e-02,2.952410742213682493e-01,2.926538272487599901e-01,1.352786094106081527e-01,-2.934581527324723882e-01,-3.460297600428973719e-01,-1.202958130390097830e-01,-4.946601724831314884e-02,5.535099870414227768e-02,1.920327092363376398e-01
-2.159077706778676498e-01,-1.244246838554001477e-01,-5.613745028821662958e-02,2.158049957549488251e-01,5.258188480271682730e-01,0.000000000000000000e+00,-1.286473926448902967e-02,1.868894946154877335e-01,4.545422047455203729e-01,4.518655882747218411e-01,-2.569819920461146601e-01,-3.244559631797667709e-01,-3.047991420528173845e-01,-2.077438670181867009e-01,6.692434871978193700e-02,2.682291433933598479e-01,-1.411367800169802122e-01,-2.614370615308995172e-01,-1.093212386612449211e-01,-3.021135886321998226e-02,6.106617811340989133e-02,3.042227087894901483e-01,3.880870458912373533e-02,1.602976004289735912e-01,4.607265740202868831e-01,5.292372313329460898e-01,2.167344385361276160e-01,3.562089458867688241e-01,-9.984807185307655042e-02,-1.220072389293534176e-01,1.741588095982841145e-01,2.817864962688234609e-01,2.794584208409669687e-02,7.475758523615889939e-02,-1.250323964430939683e-01,-1.201304794673577897e-01,-2.382814245498011407e-01,-1.390455337593279328e-01,1.591089861030430264e-01,2.602529156798784604e-01,-2.822646230841414083e-01,-4.967156709415076338e-02,-1.166450690379373517e-01,-1.993073863890254260e-01,-2.114482327181732915e-02,-1.120336029313195453e-01,-1.213637785423834908e-01,-1.821305688368559939e-01,3.941194870190804084e-02,-1.294427811787836891e-01,-7.961928593770946361e-02,-3.305554314312524888e-01,-4.292863845569507009e-02,-7.784976987354215450e-02,8.940077751463425260e-02,-7.386389025425622867e-02,-2.302426381875865846e-01,-9.498637115152598620e-02,-7.518655882747218855e-02,-7.100406631216765567e-03,-1.460565708923544370e-01,6.242906296081147249e-02,-2.305241521068859267e-01,-1.366548996827382789e-01,-1.240225211135439487e-01,-2.848205907323830485e-02,-3.637338576343893820e-02,-2.818267125430090614e-02,-4.694579739934760104e-02,2.055766566870727008e-01,-1.322668573215961436e-02,1.248983421958085732e-01,-5.799633585057419743e-02,-1.955672728897627222e-01,5.783100227892220419e-02,6.748737655838062122e-02,-1.039948165691049614e-01,-1.378658563832164119e-01,3.911256088297063865e-02,1.784262031368693754e-02,-5.091827159390500263e-02,-2.100049153224004539e-01,-2.035390321283345877e-02,2.038518253720005349e-02,-7.983377273336610125e-02,-7.145091380311899276e-03,1.056213414361678316e-01,2.331471468787702783e-01,1.901916975736181181e-01,2.111041601501407461e-01,-2.122525582018856827e-02,-9.567004781268152735e-02,-1.340095625363063592e-01,3.640913356271504447e-02,1.983466642834800508e-01,1.382635506501631029e-01,-3.630635863979624067e-02,-9.335984628446311606e-02,-1.038920416461861645e-02,-9.104964475624469089e-02,-3.430448188033424078e-02,1.527458778318959709e-01,-4.977881049197908914e-02,5.887215693283882195e-02,-1.082353992582331670e-01,-6.901112650252469449e-02,-8.360516555699540331e-03,1.287144197685330116e-01,1.971759238571875461e-01,6.056124044863488154e-02,-1.464363912596630679e-01,-1.519951740470977253e-01,2.810223870592966702e-02,-1.369230081773090968e-01,8.583493453684257202e-02,1.045533759327941375e-01
-5.551633227579427093e-02,-3.130881630099647261e-01,4.760668483846463017e-01,2.896465436346574718e-01,-2.572858483399615981e-01,-1.286473926448902967e-02,0.000000000000000000e+00,3.577461012556414355e-01,4.356763036775548360e-03,5.408195182984047722e-02,1.062603333482282503e-01,-9.943250368649179938e-02,2.351043388891371488e-01,-1.261941999195674569e-01,-1.113097099959783759e-01,-3.312257026676795335e-01,-2.843737432414316854e-02,-1.106841235086464953e-01,5.167344385361276327e-02,-1.044014477858706824e-01,-2.359444121721256671e-01,-2.358327002993878263e-01,3.866258545958264348e-01,-1.849948612538540593e-02,-1.407033379507574011e-01,-1.086241565753608279e-01,-2.945350551856651400e-01,-8.620134947942267867e-02,-1.438402073372358099e-02,-3.218195629831538396e-02,2.256803253049734226e-01,1.465257607578533405e-01,4.019214442110907726e-01,3.412484918897180641e-01,3.724831315072165694e-01,1.437150900397694275e-01,-1.556057017739845283e-01,-1.242950980830242608e-01,-2.250279279681844657e-01,-2.685687474864828506e-01,3.029625988650073900e-03,-1.411278430671611683e-01,2.626033334822824861e-01,2.468519594262478245e-01,1.734304481880334370e-01,2.495464497966843886e-01,2.202600652397336822e-01,2.575584253094418963e-01,9.365923410340050437e-02,1.648733187363153052e-01,2.426158452120291409e-01,7.471290048706376308e-02,5.265203985879619158e-02,-2.228741230617990177e-01,-1.447517762187765233e-01,-1.747441798114303668e-01,-1.603646275526162956e-01,-2.978864113678001968e-01,3.046338084811653912e-01,-1.129496402877697842e-01,3.510076410920952572e-01,1.857589704633808569e-01,-1.536619151883462098e-01,-2.841145716966799184e-01,1.824612359801599804e-01,3.217435989096921189e-01,4.603959068769828966e-01,4.079985700880289778e-01,2.837034720050046754e-02,-1.083783904553375921e-01,2.424996648643817920e-01,1.230752044327271116e-01,1.699048214844273708e-01,2.423030519683631867e-01,1.949997765762545299e-01,1.035613745028821642e-01,2.171902229768979953e-01,2.212788775191027180e-01,1.453148040573752076e-01,4.089548237186647894e-02,-2.118101791858438832e-01,-1.362974216899772162e-01,-2.441217212565351402e-01,-3.888466866258545873e-01,-2.734527905625809829e-01,-2.803074310737745378e-01,-4.644309397202734946e-01,-5.430403503284328970e-01,-1.132713704812547545e-01,-3.724831315072165694e-01,1.026676795209794935e-01,1.608606282675722754e-01,9.477635283077885664e-02,1.495151704723178022e-02,-2.041422762411189140e-01,-3.497922159167076578e-02,-3.020376245587381159e-01,-3.741900889226507099e-02,-1.668528531212297161e-01,-1.113767371196210665e-01,-2.310067473971133545e-01,-1.033334822824969884e-01,-1.392287412306179861e-01,-1.860583582823182314e-01,-2.177085660664015432e-01,-2.903749050449081492e-01,-1.920148353366995797e-01,-2.429509808302426355e-01,-4.921131417847088990e-02,5.978819428928906776e-02,-1.703025157513740617e-01,1.036820233254390211e-01,6.946244246838553793e-02,1.322579203717771101e-01,8.853389338218865812e-02,-3.571205147683095826e-02
-3.534608338174181075e-01,-2.338352920148353276e-01,-1.900218955270566168e-01,4.356405558782787679e-01,-1.570311452701192989e-01,1.868894946154877335e-01,3.577461012556414355e-01,0.000000000000000000e+00,3.215961392376781580e-02,4.945797399347602874e-01,-2.533759327941373374e-01,1.696143706153089847e-01,6.868045935922069585e-03,1.471379418204566691e-01,-2.670003127932436549e-01,-1.291925465838509313e-01,-7.669243487197818787e-02,-9.698824791098797915e-02,-2.022967961034898843e-01,-2.481612225747352463e-01,-2.268197864068993153e-01,-2.161580052728003798e-01,6.130300728361410406e-02,-1.519549577729120970e-01,-3.159211761025961657e-02,-1.194423343312927231e-02,-1.936592341034004960e-01,-1.428392689575048169e-01,-2.847133473345547228e-01,-4.289289065641896381e-02,-6.872961258322533851e-02,-2.967961034898788930e-02,-2.992090799410161359e-02,1.976987354216006021e-01,6.812636847044103994e-02,1.617051700254703017e-01,-1.892220385182537268e-01,-1.759015148129943196e-01,-2.591894186514142606e-01,-1.638634434067652579e-01,-3.691362437999910484e-01,-3.392644890298940896e-01,-1.929800259171544630e-01,-3.312659189418651340e-01,-1.100272576969480304e-01,-1.251351713660127929e-01,-1.259216229500871309e-01,-1.346172751240001797e-01,1.306894856785379144e-01,2.256579829304258388e-03,2.203404977881049109e-01,-6.414942580097413027e-02,6.374726305911791735e-02,-1.547030698422628414e-01,-4.375396577148219501e-01,-5.625720541579158906e-01,-2.294740605031502789e-01,-1.417266187050359727e-01,8.140667590151481892e-02,5.382278028508869633e-02,2.191116671879887456e-01,6.955806783144912187e-01,-3.122838375262522725e-01,-7.489610795835381640e-02,-1.317440457571830703e-01,4.808213056883685610e-01,4.386254971178336903e-02,2.252111354394745191e-01,-4.147191563519370822e-02,-1.060815943518477085e-02,2.523615889896778097e-01,1.398811385674069430e-01,2.224808972697618348e-01,3.295187452522453930e-01,7.962375441261897169e-02,9.294874659278788698e-02,1.483891147951204303e-01,1.059162607801957257e-01,1.847803744581974217e-01,1.598239420885651796e-01,-1.724563206577595098e-01,-6.510567943160999738e-02,-1.834398319853434156e-01,-3.010545600786451725e-01,-4.405603467536529649e-01,-2.326645515885428228e-01,-4.427856472585906533e-01,-3.673131060369095868e-01,-3.126591894186513815e-02,-7.969971848608070619e-02,4.379328835068591053e-01,2.500603244112784562e-01,4.949729657267974425e-01,3.084320121542517557e-01,-1.876267929755574548e-01,5.056526207605344103e-02,1.070601903570311403e-01,5.922963492559989163e-02,3.569283703472004854e-01,2.078645158407435578e-01,1.175566379194780825e-01,1.187363152955896173e-01,1.436346574913981988e-01,9.617051700254702906e-02,-1.258322534518968583e-01,-1.768845792930872629e-01,-2.354528799320791677e-01,-2.310469636712989827e-01,1.602395102551499098e-02,4.840698869475847793e-02,1.703248581259216299e-01,4.783055543143125421e-01,2.286205817954332087e-01,-5.586487331873631751e-02,8.091067518655882529e-02,-6.174091782474641632e-02
-2.064792886187944154e-01,-1.806783144912641192e-01,1.355869341793645710e-01,1.185665132490281021e-01,4.169444568568747567e-01,4.545422047455203729e-01,4.356763036775548360e-03,3.215961392376781580e-02,0.000000000000000000e+00,3.087582108226462063e-01,-2.088922650699316375e-01,-2.319495956030206973e-01,1.208275615532418759e-02,-1.362616738907010960e-01,2.038518253720005280e-01,2.121185039546003015e-01,-1.837347513293712820e-01,-3.039769426694668986e-01,-1.362437999910630637e-01,-1.676571786049421420e-01,-9.294427811787837109e-04,1.307654497519996351e-01,1.186335403726708065e-01,3.063228919969614439e-01,4.179007104875105960e-01,3.091961213637785533e-01,2.470217614728093258e-01,2.399883819652352535e-01,-1.008221993833504637e-01,-1.059877563787479382e-01,3.671745833147146976e-02,1.537870324858126025e-01,-9.928504401447785233e-02,-3.883551543858081156e-02,-2.631931721703382673e-02,-8.973591313284776105e-02,-1.572992537646901168e-01,-1.745922516645068978e-01,6.178113409893203761e-02,-3.597122302158273222e-02,5.646364895661110800e-02,4.468474909513383414e-02,-6.920773939854327206e-02,-1.067518655882747219e-01,-1.360203762455873891e-02,-7.995442155592295819e-02,-9.778810491979086916e-02,-1.022029581303900980e-01,-5.983287903838419713e-02,8.538361857098172858e-02,-4.586442647124536198e-02,1.384735689709102324e-01,1.472585906430135261e-01,3.528129049555386865e-01,2.354930962062647959e-01,2.073327673265114579e-01,-1.583538138433352727e-01,-7.250994235667367060e-02,-1.966128960185888411e-03,9.056258099110774118e-02,-4.646320210912015941e-02,3.104249519638947394e-02,-2.526341659591581634e-01,-2.076947137941820565e-01,3.245274587783189557e-01,7.914562759730103814e-02,-1.201126055677197331e-02,-1.128826131641270797e-01,-9.503105590062112251e-02,3.879529916439519027e-02,2.530497341257428867e-02,2.074891639483444350e-01,-1.826265695518119667e-02,-8.930247106662496381e-02,-1.501407569596496794e-02,-2.068725144108315706e-01,-2.283658787255909428e-01,-2.304705304079717465e-01,2.659636266142365729e-02,-8.978953483176191352e-02,4.258903436257205355e-02,-1.579159033022029673e-02,1.251172974663747220e-04,2.556861343223557764e-02,2.224674918450332828e-01,1.293400062558648644e-01,2.001429911971044223e-02,6.689306939541533881e-02,2.394476965011841374e-01,2.475445730372224096e-01,-5.153045265650833123e-02,1.553107824299566619e-01,-9.200589838688055799e-02,1.274677152687787585e-01,3.081460297600429124e-02,8.512891550113946271e-02,-1.997899816792528815e-01,-2.467938692524241501e-02,-1.854819250189910229e-01,-1.487689351624290612e-01,-2.139103623933151510e-01,5.299611242682872141e-03,-7.885517672818266599e-02,-7.108449886053889999e-02,-1.323249474954198146e-01,-9.853880870458912866e-02,-1.494347379239465701e-01,-1.796326913624379925e-03,-5.509182715939049679e-02,6.769292640421824270e-02,-1.055766566870726952e-01,-1.688323875061441548e-01,-9.053577014165065107e-02,1.076321551454488545e-01,1.300281513919299414e-01,6.598150051387460802e-02
-2.410340050940613932e-01,-7.013271370481254097e-02,-1.206979757808659959e-01,4.173689619732784961e-01,-4.174449260467402723e-02,4.518655882747218411e-01,5.408195182984047722e-02,4.945797399347602874e-01,3.087582108226462063e-01,0.000000000000000000e+00,-2.950221189508021036e-01,1.127709012913892528e-01,-4.550248000357477729e-02,1.462889315876491347e-01,-1.496670986192412400e-01,2.648509763617677426e-01,-6.733991688636668804e-02,-7.906072657402028747e-02,-3.354573484069887090e-01,-2.723535457348407185e-01,-6.330041556816658199e-02,6.605299611242683444e-02,2.310961168953036271e-01,2.489342687340810600e-01,4.079270744894767514e-02,2.317842620313687041e-01,-1.646856427901157438e-01,-1.507708119218910681e-01,-4.317172349077260107e-01,-2.736628088833281125e-01,-1.519281469234550208e-01,-1.161311944233433119e-01,-1.153894275883640963e-01,1.144689217570043355e-01,1.181509450824433649e-01,1.976808615219625420e-01,-1.935743330801197384e-02,5.540908887796594908e-04,-1.681218999955315374e-01,-3.521605076187497158e-02,-1.189776129407033312e-01,-6.667411412484919309e-02,-6.864471155994458784e-02,-2.724205728584834230e-01,-1.414093569864605104e-01,-1.915679878457482443e-01,-9.482997452969300911e-02,-2.011305241521068876e-01,-2.402252111354394662e-02,-2.206443540819518212e-01,1.197551275749586704e-02,-2.948925331784262305e-01,5.688815407301488214e-02,-2.247196031994280405e-02,-3.550113946110192709e-01,-3.897627239823048262e-01,-3.951919209973635966e-02,-4.434514500201081066e-02,8.083471111309710466e-02,-3.779436078466419380e-02,1.869699271638589622e-01,4.423075204432727059e-01,-2.835023906340765620e-01,-1.282631038026721404e-01,1.324143169936100872e-01,4.252245408642030267e-01,-2.480897269761830198e-02,1.255105232584119157e-01,5.496224138701460982e-03,6.376960543366548551e-02,1.943429107645560650e-01,1.254032798605835830e-01,1.026185262969748491e-01,2.578980294025648989e-01,2.178381518387774093e-02,-2.578756870280173377e-02,1.458242101970597393e-01,1.270476786272844993e-01,-7.702310201528218825e-02,-1.109522320032173097e-02,-5.709817239376201170e-02,8.686715224094017015e-03,-7.221502301264579038e-02,-7.127664328164796947e-02,-6.285803655212475471e-02,4.495285758970463640e-03,-2.441485321059922164e-01,-1.438402073372357926e-01,1.027481120693507360e-01,8.908798427096831229e-02,3.096161580052728124e-01,1.656865811698467195e-01,2.437061530899503892e-01,1.626614236561061688e-01,-2.701282452299030301e-01,-1.183028732293668200e-01,-2.086822467491845079e-01,-2.267214799588900265e-01,5.935475222306627052e-02,-3.210152374994414137e-02,4.110996916752312526e-03,-1.041109969167523103e-01,-1.033558246570445566e-01,-1.888020018767594677e-01,7.825193261539836742e-02,-4.755797846195093659e-02,-1.819250189910183724e-01,-2.188122793690513435e-01,-4.493051521515706997e-02,-1.724786630323070780e-01,1.311452701193082937e-01,1.881317306403324507e-01,1.314893426873408044e-01,-2.228428437374324264e-02,2.692032709236337751e-01,8.154073014880021397e-02
6.942267304169087438e-01,3.980472764645426320e-01,2.174717368961973374e-01,-1.754010456231288317e-01,-1.236650431207828721e-01,-2.569819920461146601e-01,1.062603333482282503e-01,-2.533759327941373374e-01,-2.088922650699316375e-01,-2.950221189508021036e-01,0.000000000000000000e+00,5.543009071004065813e-01,6.752223066267483143e-01,4.574199025872469626e-01,2.476920327092363427e-01,-6.641941105500692721e-02,4.158809598284105569e-01,4.132713704812547295e-01,6.021493364314759456e-01,4.926493587738504654e-01,-4.220474552035390070e-02,-1.204119933866571318e-01,-3.631172080968765314e-01,-3.003440725680325274e-01,-3.129004870637651092e-01,-3.594754010456231441e-01,3.713749497296572888e-02,7.439117029357880662e-02,4.203136869386478458e-01,2.422092139952634060e-01,6.356852406273738598e-02,-1.060860628267572270e-01,-1.033424192323160046e-01,-1.241118906117342213e-01,-3.042450511640377164e-01,-4.264444345145002035e-01,-1.529335537780955323e-01,-1.428079896331382048e-01,6.042718620134947954e-02,-7.619643415702220812e-02,1.920863309352517923e-01,4.320568390008490411e-02,-2.218284999329728779e-01,-3.228919969614370278e-02,-4.415076634344697881e-01,-3.016935519907055774e-01,-1.786853746816211563e-01,-8.541936637025783485e-02,-2.919701505876044489e-01,8.293042584565887831e-02,-2.759238571875418655e-01,2.173421511238214365e-01,2.567049466017248260e-01,9.226953840654185390e-02,1.019929398096429685e-01,7.483801778453014197e-02,4.474641404888511365e-01,3.891192635953348855e-01,4.279413736091871590e-01,3.704142276241119136e-01,5.157335001563966292e-01,4.348719781938424622e-02,5.851691317753250354e-01,3.525135171366012843e-01,-1.414719156351937068e-01,-2.963001027749229133e-01,-4.624782161848161044e-01,-4.694311631440189481e-01,3.264042182403145698e-01,1.365565932347289901e-01,1.595781759685419299e-01,7.877027570490191533e-02,-8.855623575673622627e-02,-2.085794718262656833e-01,1.462531837883730146e-01,-1.940792707448947552e-01,-7.099959783725814932e-02,-2.356673667277358122e-02,9.074131998748827255e-02,1.227758166137897095e-01,2.930336476160686487e-01,-6.857321596139237529e-02,1.677733589525894908e-01,4.553375932794137548e-02,1.619330622458554914e-01,-1.858572769113901457e-01,3.418383305777737864e-03,-1.313284775905983193e-01,4.398230483935832713e-01,-5.612404486348809146e-02,-3.936458286786719829e-01,-4.827784976987354315e-01,-4.178738996380535475e-01,-4.581706063720452082e-01,6.335403726708074834e-02,-1.258948121006300547e-01,-1.641494258009741358e-01,-1.367263952812904915e-01,-2.234773671745833024e-01,-2.123642700746235235e-01,-2.101300326198668467e-01,-3.234103400509406034e-01,-2.104472943384422812e-01,-2.839045533759327888e-01,-4.535502033156083718e-02,-1.702220832030028053e-01,-4.968944099378881651e-02,-2.676080253809374754e-01,-2.757317127664328238e-01,-1.536708521381652433e-02,-2.144018946333616227e-01,-2.961571115778184882e-01,-9.933419723848251059e-03,-6.994950623352250152e-02,-2.150676973948791315e-01,-1.493319630010277455e-01
4.086152196255418145e-01,4.615621788283658655e-01,-1.107645560570177379e-01,-6.731310603690959793e-02,-3.529424907279145596e-01,-3.244559631797667709e-01,-9.943250368649179938e-02,1.696143706153089847e-01,-2.319495956030206973e-01,1.127709012913892528e-01,5.543009071004065813e-01,0.000000000000000000e+00,5.748201438848921097e-01,7.216810402609589170e-01,-7.167433754859466044e-02,-6.031547432861164570e-02,3.701908038786362320e-01,5.433531435720988512e-01,3.300281513919299248e-01,3.363287010143438116e-01,-7.946288931587648652e-02,-1.586397962375441228e-01,-2.740649716251843393e-01,-3.397381473703025012e-01,-3.679342240493319593e-01,-4.603735645024353285e-01,-1.322489834219580940e-01,-2.098753295500245808e-01,-1.420081326243353113e-02,1.164663300415568203e-01,-2.351356182135037332e-01,-3.309799365476562838e-01,-3.140310112158720135e-01,-1.835738862326287968e-01,-3.237588810938826778e-01,-3.063362974216899959e-01,-5.254926493587738778e-02,-1.631350819965145804e-01,-8.590643013539478456e-02,-1.743867018186692763e-01,-9.718932928191608214e-03,-1.086196881004513198e-01,-4.266276419857902291e-01,-3.728718888243442442e-01,-4.803744581974171979e-01,-4.337235801420974979e-01,-4.090933464408597620e-01,-3.778050851244470487e-01,-1.839492381250279196e-01,-4.870637651369587643e-04,-1.381697126770633222e-01,2.374681621162697265e-01,2.392376781804370078e-01,1.048036105277268815e-01,-3.025380937486035759e-01,-2.358327002993878263e-01,4.520309218463738343e-01,5.032977344832209043e-01,2.125251351713660086e-01,3.738326109298896194e-01,4.844765181643505003e-01,3.748067384601635466e-01,3.848339961571115575e-01,4.971937977568255951e-01,-1.748558916841681798e-01,-5.408642030474999224e-02,-5.775146342553286738e-01,-5.110728808257741784e-01,2.889494615487733786e-01,1.125206666964564950e-01,1.362080521917869436e-01,7.283614102506814772e-04,-4.774118593324098297e-02,7.452969301577370975e-02,-6.824254881808838880e-02,-1.381741811519728302e-01,-2.765539121497832820e-02,-2.461235980159971401e-02,3.744135126681263914e-02,1.812368738549532954e-01,1.917511953170382977e-01,8.644264712453639254e-02,2.121631887036954170e-02,-7.364940345859957715e-02,1.162429062960811527e-01,-6.753206130747575753e-02,-1.440100093837973216e-01,-1.414540417355556468e-01,3.712453639572813602e-01,9.865945752714598560e-02,-1.342017069574154287e-01,-2.541087626792975507e-01,-3.807140622905402262e-03,-1.798873944322802731e-01,-1.869073685151257935e-01,-1.976942669466910940e-01,-5.866660708700120741e-02,-6.914071227490058147e-02,1.010500916037356395e-01,2.815139192993431488e-02,5.804102059966933375e-02,-1.788238974038160733e-01,5.844765181643504955e-03,-1.068546405111935327e-01,2.191786943116314501e-01,5.287993207918137428e-02,-6.071763707046785169e-02,-3.286697350194378586e-01,-3.773046159345815331e-01,-1.107556191071987078e-01,3.838419947271996119e-03,1.356628982528263090e-02,8.324768756423432670e-02,-5.796505652620760618e-02,-3.409446355958711296e-03,-7.274677152687787640e-02
5.449841369140712155e-01,3.207605344295991756e-01,3.775325081549666950e-01,6.446668751954957866e-02,-3.498458376156217686e-01,-3.047991420528173845e-01,2.351043388891371488e-01,6.868045935922069585e-03,1.208275615532418759e-02,-4.550248000357477729e-02,6.752223066267483143e-01,5.748201438848921097e-01,0.000000000000000000e+00,6.658965994905938768e-01,2.854551141695339522e-01,-4.727646454265159448e-02,2.348049510701997467e-01,2.488002144867956511e-01,5.884758032083650114e-01,4.251441083158318257e-01,-2.219268063809821667e-01,-3.435899727423030736e-01,5.088699226953840443e-02,-1.032619866839447759e-01,-3.972921042048349061e-01,-5.261718575450199387e-01,-9.767192457214353418e-02,-1.872603780329773482e-01,1.892175700433442187e-01,2.017471736896197243e-01,-1.228964654363465803e-01,-2.870280173376826283e-01,-1.895348317619196532e-01,-1.258322534518968583e-01,-8.167478439608562291e-02,-2.079449483891147865e-01,-1.691407122749005731e-01,-2.095625363063586266e-01,-2.036462755261629343e-01,-3.574690558112516015e-01,6.759015148129943196e-02,-1.373341078689843120e-01,-1.182939362795477900e-01,-6.059251977300147800e-03,-3.524107422136824597e-01,-2.042942043880423553e-01,-1.064926940435229480e-01,-6.070870012064882165e-02,-3.114348272934447381e-01,-1.577371643058224360e-02,-1.670494660172483214e-01,2.548952142633719165e-01,3.235935475222306845e-01,2.688860092050583406e-01,-8.683587291657357543e-02,-9.737700522811564008e-02,3.768532999687206897e-01,2.325573081907145179e-01,3.282094821037579990e-01,1.788238974038160733e-01,5.457616515483265651e-01,1.512712811117565559e-01,3.335135618213503905e-01,6.100808793958621690e-02,1.670584029670673376e-01,1.220787345279056302e-02,-3.047946735779078486e-01,-3.289557174136467088e-01,4.803074310737744934e-01,2.225792037177711236e-01,2.381831181017918520e-01,1.974931855757629806e-01,2.046561508557129261e-03,2.247642879485231560e-02,7.857813128379284584e-02,-2.230037088341748908e-01,-3.156977523571204841e-02,5.549398990124670278e-02,1.003306671433039921e-01,1.503641807051253332e-01,1.642700746235309928e-01,1.014656597703203905e-01,7.511506322891997253e-03,-1.711872737834577163e-01,2.882747218374369091e-01,-6.064614147191563220e-02,-3.040082219938334829e-01,-3.650654631574243858e-01,2.581169846731310447e-01,-1.214442110907547195e-01,-1.555208007507037915e-01,-1.701282452299030246e-01,-1.340676527101300197e-01,-2.765851914741498940e-01,-1.520800750703784898e-01,-1.546539166182581970e-01,-1.522722194914875593e-01,-5.448858304660619128e-02,-1.705170025470306994e-01,-1.718262656955181211e-01,-4.063765136958755742e-01,-4.490593860315474362e-01,-3.786183475579784630e-01,-4.402743643594441147e-01,-1.044550694847848488e-01,-3.281826712543008950e-01,-2.035435006032441096e-01,-5.727423030519683822e-01,-4.440055409088877747e-01,3.040350328432905869e-02,-4.153000580901738265e-02,4.513606506099468452e-02,1.169221144823271857e-01,1.526296974842486220e-01,-5.386746503418383264e-02,-2.438848920863309344e-01
