1.000000000000000000e+00,6.329830973047053666e-01,4.117450890817724862e-01,2.762296330135526057e-02,-2.460560377645804875e-01,-2.584208923404903158e-01,5.643414039896451628e-01,6.372468402619156647e-02,4.953555657073244883e-02,-6.987970153799299977e-02,4.023998781787726520e-01,1.049063499314755593e-01,5.476747373229785554e-01,1.201918684330744586e-01,2.366362113598294570e-01,1.536713872392264368e-01,-1.591289782244556250e-01,-1.282183645500228342e-01,7.257088472666362033e-01,5.523618090452261375e-01,-1.371950662402923737e-01,-8.622506471752702795e-02,-1.946703213034871316e-02,-1.018501598903608918e-01,-9.557941221257804099e-02,-2.553174965737780022e-01,-3.610019795949444277e-02,-1.386965128673671444e-01,-2.748637125019034455e-01,-1.922689203593726248e-01,-3.708359981726815913e-01,-3.200213187147860627e-01,2.333653114055124211e-01,1.123511496878331073e-01,-1.843094259174661298e-01,-1.624455611390284715e-01,-3.923024211968935693e-01,-1.708481802954164852e-01,-1.043368356936196090e-01,-2.939333028780264923e-01,-3.089782244556114055e-01,-3.872407492005481844e-01,-3.617770671539515814e-01,-2.824120603015075615e-01,-1.281772498857925990e-01,-3.236074310948682808e-01,-2.962189736561595677e-01,-4.555291609562966415e-01,-1.086416933150601560e-01,-8.462768387391503278e-02,-2.787726511344601824e-02,-1.624958123953098854e-01,-2.740962387696055935e-01,-1.600532967869651157e-01,-1.548956905740825341e-02,1.172179077204202891e-01,4.534444952032891663e-01,4.048560986751941759e-01,4.532663316582914437e-01,1.789904065783462783e-01,6.489264504339881112e-01,1.106014923100350211e-01,2.354408405664687176e-01,2.697715851987208535e-01,2.918425460636515645e-01,-1.015075376884422113e-02,9.391655245926602835e-02,-1.521927820922795715e-01,5.512806456525048970e-01,3.524044464747982386e-01,7.705192629815745594e-04,2.377645804781483227e-02,2.027714329221866896e-01,2.102101416171767989e-01,2.640596924014009250e-01,7.947160042637430033e-02,-1.973503883051621818e-02,-3.384041419217298508e-02,5.192934368813766077e-02,-1.441586721486219080e-01,-2.125887010811634004e-01,-1.955672300898431415e-01,-3.874006395614436049e-01,-4.340246687985381269e-01,-1.800152276534185969e-01,-4.807415867214862026e-01,-3.524607887924470773e-01,-4.007948835084513273e-01,-1.745149992386173243e-01,-1.216841784680980643e-01,-1.762981574539363439e-01,2.531749657377798113e-01,-1.033455154560682238e-01,2.844723618090452266e-01,-2.055931171006547820e-01,-2.241662859753311976e-01,6.977919902543018582e-02,-7.758337140246687746e-02,2.676138267093041145e-01,2.002436424546977234e-01,1.664610933455154540e-01,1.853266331658291466e-01,1.417054971828841103e-01,2.935495660118775940e-01,-1.030714176945332766e-01,1.115638800060910624e-01,-9.198720877112837035e-02,2.523831277600121700e-02,1.122278056951423819e-03,-1.534186081924775354e-02,6.957514846962083166e-02,2.275300746155017595e-01,1.254789097000152398e-01,-2.513522156235724059e-01,5.993604385564184345e-03,-1.477249885792599471e-01
6.329830973047053666e-01,1.000000000000000000e+00,1.601720724836302734e-01,6.279884269834018484e-02,-2.807537688442210966e-01,-2.349992386173290759e-01,1.413461245622049667e-01,-4.440383736866148831e-03,2.306989492919141009e-03,-1.251332419674128227e-01,5.726968174204355444e-02,2.706715395157606105e-02,2.496573777980813091e-01,8.426678848789401211e-02,1.784483021166438366e-01,1.373915029693924261e-01,-1.210902999847723524e-02,1.123343992690726406e-01,4.541662859753312076e-01,6.808405664687071646e-01,-1.709136592051165027e-01,3.821684178468098131e-02,-5.348560986751941387e-02,-9.009288868585350885e-02,-5.083904370336531087e-02,-2.223953098827470554e-01,-7.034566773260240991e-02,-1.646657530074615572e-01,-1.488320389827927637e-01,-2.320846657530074506e-02,-3.361428353890665299e-01,-1.234871326328612767e-01,2.122811024821075199e-01,1.790376123039439660e-01,-2.598629511192325214e-01,-4.213948530531445164e-02,-1.516796101720724876e-01,1.816430638038678269e-01,1.394548500076138280e-02,-1.132937414344449556e-02,-2.133911984163240350e-01,-2.331414649002588602e-01,-1.927988426983401893e-01,-1.096040810111161834e-01,5.111009593421653868e-02,-1.162722704431247145e-01,-1.769879701537993011e-01,-3.285076899649764237e-01,7.278818334094715702e-03,9.698035632708999765e-02,3.855641845591594591e-02,-8.429724379473123308e-02,-2.025338815288564021e-01,-1.207842241510583281e-01,4.994061215166743090e-02,1.381818181818181834e-01,5.728871630881681165e-01,7.514679457895537817e-01,3.331171006547891111e-01,1.145622049642150142e-01,3.755672300898431626e-01,4.135373838891426984e-02,1.440003045530683645e-01,2.782579564489112145e-01,1.628551850159890291e-01,-4.566620983706411174e-02,-1.960103548043246394e-02,-1.792629815745393762e-01,6.679808131566925544e-01,6.593375970762905824e-01,6.686462616110857432e-03,-4.076899649763971595e-02,1.262555200243642428e-01,1.452702908481803001e-01,1.208131566925536721e-01,-4.520785746916400338e-02,-6.740216232678544750e-02,2.220800974569818800e-02,6.220344144967260291e-02,-1.042469925384498231e-01,-8.167504187604690546e-02,-7.330440079183797586e-02,-3.577843764275925320e-01,-2.928688899040657878e-01,-1.992660271052230925e-01,-3.444586569209684979e-01,-1.919080249733516041e-01,-2.042881072026800637e-01,-5.926754987056494922e-02,-2.194000304553068298e-02,-2.654621592812547726e-01,3.469316278361504746e-02,-1.932404446474798310e-01,1.433074463225217018e-02,-1.136515912897822500e-01,-8.022232373991168564e-02,-3.636515912897822500e-02,-7.291152733363788496e-02,1.664550022841480015e-01,3.372316126084970445e-02,-2.118775696665143801e-02,6.167656464138876471e-02,6.322826252474493536e-02,1.803487132632861367e-01,-7.724531749657377599e-02,-2.710522308512258098e-04,1.705344906349931522e-02,6.008984315516979063e-02,1.005619004111466402e-01,3.575605299223389572e-02,7.266940764428202193e-02,1.177630577128064571e-01,8.274402314603319930e-02,-2.704705344906350173e-01,-1.647160042637429433e-01,-2.024866758032587144e-01
4.117450890817724862e-01,1.601720724836302734e-01,1.000000000000000000e+00,5.146246383432313554e-01,1.827653418608192470e-01,2.397715851987208824e-01,7.651210598446779310e-01,1.508116339272118078e-01,4.336287498096543236e-01,3.442713567839196243e-01,3.061184711435967487e-01,-1.270778133089690842e-01,5.582670930409623367e-01,-4.306837216384955258e-02,3.060864930714177201e-01,2.967245317496574053e-01,-2.274828688899040718e-01,-2.207918379777676354e-01,4.236652961778589743e-01,1.438145271813613402e-01,4.816049946703213069e-02,-1.540901477082381732e-01,7.358367595553525486e-01,6.008877721943048922e-01,4.749855337292523405e-01,2.563438404141921700e-01,2.202010050251256290e-01,2.929800517740216350e-03,-1.324379473123191708e-01,-3.029633013552611720e-01,-1.026876808283843506e-01,-1.982366377341251706e-01,2.064534795188061600e-01,8.181513628749809142e-02,1.130272574996193102e-01,-2.102390741586721568e-01,-1.857225521547129499e-01,-1.949885792599360401e-01,9.214100807065631060e-02,-7.002740977615350138e-02,-5.945789553829754909e-02,-1.618059996954469282e-01,-3.719125932693772008e-01,-4.723252626770214624e-01,-1.017420435510887761e-01,-4.277265113446018230e-01,-3.766727577280341022e-01,-3.901507537688442273e-01,-4.405481955230698965e-01,-3.338373686614892755e-01,-3.648728490939546210e-01,-4.914527181361352248e-01,-4.317679305619004371e-01,-2.635754530226891990e-01,-2.859220344144967063e-01,-8.532663316582914104e-02,-1.497791990254301875e-02,6.295873305923557761e-02,2.265874828688899112e-02,-2.722125780417237739e-01,1.333698797015379911e-01,-2.455885488046292142e-01,-1.857118927973199218e-01,-2.075590071569970996e-01,4.150890817724988691e-01,-3.367138723922643434e-02,2.485853509974113029e-01,-1.535480432465357037e-01,2.772407492005481977e-01,1.443490178163545079e-01,2.320420283234353453e-01,2.012745545911374945e-01,1.646444342926755011e-01,8.372772955687528273e-02,5.786051469468554698e-02,-5.799451804476930122e-02,1.063895233744480001e-01,-1.775239835541343042e-02,-3.175727120450738683e-02,-1.555261154256129263e-01,-2.226389523374447954e-01,-1.543688137657986958e-01,2.577128064565250426e-02,-1.175209380234505802e-01,2.578803106441297441e-02,-1.340505558093497696e-01,-7.904370336531139907e-02,5.048576214405359891e-02,8.001675041876046834e-02,-1.497350388305162261e-01,-2.442744023146033172e-01,2.706684939850769189e-01,-2.729846200700472014e-01,7.530226892035937758e-02,-2.550647175270290834e-01,-2.219141160347190556e-01,-5.659814222628292701e-02,-1.552444038373686497e-01,-1.501385716461093311e-01,-7.581391807522461224e-02,-3.584878940155322158e-01,-3.833561748134612507e-02,-3.736790010659357120e-01,-1.933698797015379889e-01,-4.284802801888228929e-01,-1.362920663925689113e-01,-1.964245469773107933e-01,-1.995721029389370960e-01,-1.967519415258108806e-01,-3.996649916247906054e-02,-1.226054514999238565e-01,-1.173138419369575136e-01,-1.525597685396680447e-01,-1.780356327089995527e-01,5.327394548500075794e-02,-4.185472818638647646e-02
2.762296330135526057e-02,6.279884269834018484e-02,5.146246383432313554e-01,1.000000000000000000e+00,2.060606060606060552e-01,5.298294502817115781e-01,3.096680371554743627e-01,6.393650068524440178e-01,4.856190041114664124e-01,5.947342774478452387e-01,-3.338510735495660298e-02,1.733059235571798515e-02,2.368387391502969341e-01,1.941632404446474724e-01,1.573442972437947285e-01,5.092035937262068268e-01,-1.574219582762296232e-01,-3.850966955992081719e-01,-8.790619765494137039e-02,1.693330287802649603e-01,-6.544084056646870540e-02,5.324501294350540703e-02,5.222080097456981429e-01,7.974295721029389661e-01,3.377661032434901567e-01,3.059859905588548923e-01,2.573321151210598498e-02,1.920511649154865164e-01,-1.545622049642150220e-01,-1.664900258870108118e-01,-1.573580021318714828e-01,9.190650220800974934e-02,7.204811938480280842e-02,1.936119993908938519e-01,-1.461976549413735449e-01,1.085731688746764158e-02,-4.758337140246687857e-02,1.076168722399878236e-01,2.471600426374295778e-02,2.083615044921577619e-01,7.076747373229785865e-02,-6.353738388914267898e-02,-4.495370793360742856e-01,-5.691350692858230254e-01,-3.361809045226130666e-01,-3.639089386325567443e-01,-1.902649611694837706e-01,-2.421288259479214278e-01,-4.345972285670778312e-01,-2.808953860210141595e-01,-3.440810111161869966e-01,-3.838845743870869520e-01,-1.733957667123496305e-01,-1.058702603928734637e-01,-1.930318257956449013e-01,-1.939668037155474478e-01,-1.162174508908177251e-01,-6.207248363027257493e-02,-2.603685092127303036e-01,-3.214831734429724475e-01,-1.639789858382823262e-01,-3.969849246231155378e-03,-2.536927059540124985e-01,-1.078635602253692760e-01,2.445149992386173310e-01,2.910354804324653544e-01,-1.397929039135069329e-01,-2.113781026343840297e-01,1.744936805238312683e-01,1.597335160651743580e-01,1.319491396375818415e-01,1.076716917922948130e-01,1.338663012029846222e-02,3.812090756814374981e-02,-1.342561291305010007e-01,-3.399725902238465158e-02,-1.932708999543170381e-01,-1.799969544693162671e-01,-2.611085731688746886e-02,-3.004172377036698482e-01,-3.352809502055733026e-01,-4.180660880158367787e-01,3.855032739454850033e-02,-2.537079336074310812e-02,-1.073686614892645080e-01,5.439317801126846222e-03,-3.139942134917009155e-03,2.165935739302573548e-01,2.598614283538906444e-01,9.680219278209228548e-03,4.518044769301050520e-03,-5.740825338815288940e-03,-4.828384345972285691e-02,-2.716232678544236445e-01,-7.416476320998934002e-02,-4.429419826404751293e-02,-5.937718897517892808e-02,-9.661946094106898739e-03,-1.976016445865692028e-01,-2.331506014923100389e-01,-4.295431703974417759e-01,-2.836424546977310834e-01,-3.380569514237856121e-01,-3.043368356936196339e-01,-2.246413887619917726e-01,-1.729663468859448661e-01,-8.692096847875742383e-02,-1.645104309425917399e-01,-5.130348713263285787e-02,1.634612456220496390e-01,-5.713567839195980019e-02,-1.602040505558093575e-01,-1.852824729709151852e-01,-1.657210293893711106e-01,7.734125171311101270e-03,1.344297243794731304e-02
-2.460560377645804875e-01,-2.807537688442210966e-01,1.827653418608192470e-01,2.060606060606060552e-01,1.000000000000000000e+00,5.963910461397898821e-01,1.083386630120298511e-01,2.465692096847875714e-01,5.641647632099893173e-01,4.961199939089386279e-01,-4.369270595401248541e-02,1.007979290391350646e-01,-1.998324958123953027e-02,1.044799756357545351e-01,1.998842698340185797e-01,3.259875133241967315e-01,-1.121623267854423567e-01,-3.326024059692401363e-02,8.408710217755443680e-03,-4.799451804476929928e-02,2.082975483477995937e-01,9.226739759403075614e-02,2.952276534186081824e-01,1.861001979594944511e-01,6.261154256129130014e-01,4.565296177858991777e-01,4.788990406578346182e-01,4.612045073854119104e-01,8.250951728338662416e-02,9.649611694837825770e-02,1.657804172377036755e-01,6.304857621440536353e-02,-2.068219887315364547e-02,6.455611390284757278e-02,8.744784528704126203e-02,-1.388685853509974144e-01,-4.546520481193847690e-02,-1.151408557941221295e-01,4.925536774783005611e-02,1.984894167808740617e-01,5.583828232069438374e-02,2.234277447845287035e-01,-8.970306075833714421e-02,-1.847906197654941296e-01,-1.672072483630272499e-01,-6.684330744632252519e-02,-1.515166742804933686e-01,-7.057712806456524490e-02,-2.248972133394243900e-01,-1.164108420892340512e-01,-3.297137201157301911e-01,-3.086340794883508654e-01,-1.969773107964062631e-01,-1.022476016445865721e-01,-3.079594944419065117e-01,-1.539302573473427804e-01,-3.199710674585046211e-01,-3.714527181361352293e-01,-2.206563118623420250e-01,-1.960514694685548953e-01,-1.807248363027257609e-01,-9.552154712958732530e-02,-1.216887467641236537e-01,-2.380615197198111821e-01,8.758793969849246186e-02,1.058321912593269444e-02,-1.279503578498553396e-01,-2.241312623724684150e-01,-1.189112227805695088e-01,-1.466103243490178287e-01,-1.010537536165676820e-01,-3.606974265265722873e-02,-7.823816049946703821e-02,-1.139104613978985797e-01,-2.180813156692553711e-01,-1.589432008527486007e-01,-4.898583828232069143e-02,-1.458626465661641558e-01,-2.640536013400335280e-01,-1.072544540886249398e-01,-1.633957667123496216e-01,-7.219582762296329614e-02,3.081574539363484133e-01,3.319110705040353437e-01,-1.317024516522004030e-01,-8.570123343992690906e-03,3.704187604690117319e-01,3.449596467184407045e-01,2.492188213796253937e-01,-6.526267702147099670e-02,-2.679153342469925425e-02,-1.997868128521394782e-03,-2.749961930866453436e-02,-1.204172377036698688e-01,-1.204872849093954618e-01,-1.451043094259174548e-01,-3.222658748286889030e-01,-2.308268615806304269e-01,-3.193345515456068040e-01,-1.344997715851987130e-01,-2.155596162631338575e-01,-7.140246687985381258e-02,-2.531216689508146711e-01,-1.991868433074463207e-01,-2.312151667428049284e-01,-3.060271052230851274e-01,-5.200243642454697307e-03,-7.137201157301659160e-02,-1.446550936500685114e-01,-8.901324805847418697e-02,-3.973564793665296246e-01,-2.845667732602406019e-01,-1.605649459418303504e-01,2.041952185168265654e-01,-1.870366986447388469e-01,2.403532815593117239e-02
-2.584208923404903158e-01,-2.349992386173290759e-01,2.397715851987208824e-01,5.298294502817115781e-01,5.963910461397898821e-01,1.000000000000000000e+00,6.841327851378102565e-02,4.332434901781635483e-01,6.028140703517588239e-01,9.213506928582305688e-01,6.768691944571341573e-03,2.143398812243033358e-01,4.029084818029541465e-02,2.113004416019491349e-01,1.412456220496421389e-01,5.473747525506319489e-01,-1.106289020861885158e-01,-1.443139942134916975e-01,-1.080874067306228092e-01,-2.376123039439622525e-02,3.613720115730165716e-01,2.030424851530379105e-01,3.641556266179381551e-01,4.554895690574082279e-01,5.979975635754529728e-01,6.170793360743109801e-01,2.381117709760925960e-01,4.686538754377950200e-01,8.226739759403076113e-02,8.684178468098066594e-02,1.174036850921272995e-01,4.445104309425917249e-02,-1.387726511344601898e-01,-5.233744479975635869e-03,6.659052839957362718e-03,1.818501598903609073e-01,1.798842698340185828e-02,-8.790924318562509665e-02,5.629206639256890271e-02,2.968417846809806582e-01,1.309273640931932492e-01,2.414588091975026773e-01,-2.280234505862646643e-01,-2.940962387696056113e-01,-2.370016750418760532e-01,-1.271935434749505156e-01,-1.422506471752702784e-01,-8.286888990406578170e-02,-1.729328460484239327e-01,-1.220907568143749095e-01,-2.311466423024211847e-01,-1.803213034871326281e-01,-1.224059692401400917e-01,7.243794731231917479e-03,-1.920770519262981479e-01,-6.898431551697883912e-02,-3.653586112380082240e-01,-3.188548804629206534e-01,-2.576518958428506423e-01,-2.630729404598751153e-01,-3.206639256890513323e-01,-7.821836455002284527e-02,-1.251073549566011911e-01,-7.639409167047357674e-02,-3.135678391959798722e-02,6.151971981117709647e-04,-1.857377798081315534e-01,-2.737368661489264499e-01,-1.736424546977310690e-01,-7.101111618699558481e-02,-1.061367443276991021e-02,-3.619765494137353740e-02,-1.471219735038830634e-01,-1.346398659966499267e-01,-2.762448606669712370e-01,-9.303791685701233438e-02,-9.690269529465508902e-02,-1.410613674432769915e-01,-1.417542256738236750e-01,-1.263164306380386848e-01,-1.503913506928582222e-01,-1.400654789097000030e-01,2.568006700167504430e-01,2.873945485000761191e-01,-1.020922795797167687e-01,2.305603776458047816e-01,4.306959037612304031e-01,4.643703365311405706e-01,2.746337749352824598e-01,1.044190650220800931e-01,-9.514542409014771496e-02,-1.847799604081011016e-01,-1.365935739302573393e-01,-2.878848789401552977e-01,-6.500076138267092685e-02,-3.330135526115425570e-02,-2.722156235724074724e-01,-2.105223085122582549e-01,-4.010948682807979337e-01,-2.800670016750418934e-01,-3.671402466879853943e-01,-1.969620831429876595e-01,-3.393695751484696044e-01,-3.133576975788031072e-01,-1.124242424242424265e-01,-3.303091213643977730e-01,1.273777980813156629e-01,1.891883660727881888e-02,-1.561611085731688664e-01,-1.382533881528856534e-01,-2.278666057560529978e-01,-4.384239378711740631e-01,-2.633165829145728831e-01,1.612456220496421427e-02,-2.524211968935586858e-01,-2.977006243337901835e-03
5.643414039896451628e-01,1.413461245622049667e-01,7.651210598446779310e-01,3.096680371554743627e-01,1.083386630120298511e-01,6.841327851378102565e-02,1.000000000000000000e+00,3.150921273031825898e-01,3.662859753312014410e-01,2.004659661946094074e-01,2.829724379473123053e-01,1.344845439317801095e-01,6.600730927364093503e-01,1.770488807674737430e-01,2.275453022689203630e-01,2.029191411603471773e-01,-3.254149535556570827e-01,-2.737125019034566953e-01,3.671539515760621208e-01,1.855078422415105954e-01,-2.250190345667732461e-02,-1.165920511649154861e-01,3.732952641997868137e-01,2.277463072940459909e-01,2.028993452109029982e-01,1.915029693924166429e-02,1.183965280950205617e-01,-1.311740520785746877e-01,-2.601994822597837875e-01,-3.427699101568448259e-01,-2.666742804933759925e-01,-3.045073854119080270e-01,1.527074767778285325e-01,1.077097609258413219e-01,8.809349779199025787e-02,-1.044997715851987141e-01,-3.877371707019948155e-01,-4.014420587787421724e-01,-1.171158824425156120e-01,-2.671844068828993501e-01,-2.778818334094715903e-01,-2.968463529770062337e-01,-3.909075681437490513e-01,-4.439576671234962690e-01,-2.421242576518958523e-01,-4.442820161413126301e-01,-3.598614283538906777e-01,-4.676229633013552767e-01,-2.994106898126998595e-01,-2.631673519110704906e-01,-1.778407187452413496e-01,-3.985031216689507994e-01,-3.064443429267549868e-01,-3.021882137962539905e-01,-2.323024211968935659e-01,-9.408862494289629841e-02,-1.013278513781026291e-01,-7.869194457134155718e-02,1.010309121364397766e-01,-1.327196589005634197e-01,4.296147403685092181e-01,1.248667580325871738e-03,4.153951576062128725e-02,-3.274097761534947720e-02,3.788670625856555563e-01,1.034627683873915044e-01,1.904888076747373316e-01,-1.569727425003806798e-01,1.700746155017511807e-01,-8.189127455459113691e-02,2.119354347495051027e-01,2.331764885031216705e-01,2.032450129435054154e-01,1.523998781787726520e-01,2.295873305923557262e-01,6.737627531597380204e-02,2.015410385259631398e-01,9.263133851073548919e-02,-1.821410080706563073e-01,-2.474356631643063742e-01,-3.218151362874980825e-01,-2.457179838586873721e-01,-1.570443124714481498e-01,-3.072986142835388845e-01,-1.252839957362570367e-01,-3.327425003806913084e-01,-2.349779199025430199e-01,-2.816567686919445590e-01,-5.423024211968935360e-02,-2.399284300289325489e-01,4.592203441449672907e-02,4.845058626465661433e-01,7.039591898888380994e-02,3.549885792599360435e-01,-1.519902543018120944e-01,-1.714176945332724356e-01,9.515151515151515360e-02,-3.819552306989493218e-02,1.897380843611999324e-01,2.282579564489112256e-01,-2.150906045378407280e-02,1.378041723770367100e-01,-4.091975026648393687e-02,1.040109639104613987e-01,-1.832419674128216713e-01,7.893101873001370783e-02,-2.124684026191563935e-01,-1.406715395157606130e-01,-8.340338053905893556e-02,2.823816049946703197e-02,-4.512105984467793679e-02,1.793513019643672990e-01,6.632556723008983801e-02,-3.386630120298461666e-02,2.595553525201766548e-02,-4.209532511040049024e-02
6.372468402619156647e-02,-4.440383736866148831e-03,1.508116339272118078e-01,6.393650068524440178e-01,2.465692096847875714e-01,4.332434901781635483e-01,3.150921273031825898e-01,1.000000000000000000e+00,2.572407492005481799e-01,5.331125323587635467e-01,-4.288107202680067377e-03,4.729389371097914019e-01,2.426892035937261993e-01,6.440063956144358448e-01,-7.524135830668493563e-02,4.239774630729404858e-01,-2.935069285823054819e-01,-4.192705954012486691e-01,-1.730105070808588275e-01,6.781330896908786821e-02,-1.499878178772651172e-01,7.513476473275468304e-02,6.543018120907567736e-02,3.686812852139485508e-01,1.222567382366377409e-01,2.759128978224455464e-01,1.204202832343535812e-02,2.259783767321455958e-03,-2.729404598751332678e-01,-1.433866301202984528e-01,-2.973991167961017035e-01,2.695294655093649887e-03,-9.141160347190497443e-03,2.416308816811329474e-01,-1.241129891883660796e-01,1.396863103395766803e-01,-2.052185168265570347e-01,-1.426008832038982710e-01,-3.025689051317191902e-01,-4.218821379625399548e-02,-1.862128825947921562e-01,-1.739226435206334687e-01,-3.235861123800822248e-01,-3.286965128673671188e-01,-3.127242271965889886e-01,-1.390939546215928246e-01,-2.739287345820008990e-01,-3.602482107507233300e-01,-8.971067458504644598e-02,-2.607583371402466890e-02,-6.980965433226739292e-02,-1.003700319780721772e-01,-1.966818943200852876e-01,-2.978559463986599765e-01,-2.669986295111922980e-01,-3.046809806608801741e-01,-3.524988579259936139e-01,-2.649626922491243874e-01,-7.501294350540581302e-02,-1.370488807674737381e-05,1.167169179229480686e-01,4.856281407035175635e-01,-2.397441754225673738e-02,2.086356022536927091e-01,1.374767778285366226e-01,5.577188975178924979e-01,-1.804507385411908138e-01,-7.745545911375056880e-02,-9.518349322369422383e-02,-1.188914268311253297e-01,8.747220953251104436e-02,1.540916704735800224e-01,7.779351301964367027e-02,1.510826861580630287e-01,-5.658596010354804279e-02,5.978224455611390320e-02,-3.890056342317648602e-02,-8.586873762753159320e-03,-2.834368813765798523e-01,-4.083310491853205382e-01,-5.732800365463681658e-01,-5.782945028171159185e-01,-1.726770214709913154e-01,-1.496253997259022472e-01,-2.764687071722247702e-01,-1.745393634840871067e-01,-1.929739607126541856e-01,-1.329754834779960371e-01,4.603319628445256412e-02,-2.446627074767778187e-01,3.749246231155778930e-01,1.791700928886858502e-01,3.899634536317953537e-01,5.583371402466880129e-02,-4.871935434749505300e-02,6.777828536622505784e-02,-7.656007309273640815e-02,6.306684939850769334e-02,8.086645347951880447e-02,1.527074767778285325e-01,-1.509517283386630111e-02,2.664077965585503333e-02,-1.605756052992234062e-02,1.280797929039135044e-02,6.687071722247601990e-02,-9.150906045378406906e-02,-5.121059844677935090e-03,-2.121059844677935027e-02,2.730927364093193102e-02,1.317770671539515714e-01,-6.503273945485001095e-02,9.671844068828992780e-02,9.424546977310796492e-02,3.355717983858687303e-02,-7.917618395005329712e-02,2.992233896756509720e-02
4.953555657073244883e-02,2.306989492919141009e-03,4.336287498096543236e-01,4.856190041114664124e-01,5.641647632099893173e-01,6.028140703517588239e-01,3.662859753312014410e-01,2.572407492005481799e-01,1.000000000000000000e+00,6.404309425917465992e-01,-5.749200548195523147e-02,-1.969087863560225332e-02,3.226800670016750638e-01,-5.812395309882746781e-03,5.385122582610020192e-01,4.362037460027409774e-01,-1.952306989492919032e-01,-1.482427287954926065e-01,7.775239835541343514e-02,1.709304096238769555e-01,1.506700167504187726e-01,1.932800365463682168e-01,5.078376732145576389e-01,3.216308816811329629e-01,6.026800670016750905e-01,2.420481193848028068e-01,3.725293132328308388e-01,3.983554134307903394e-01,-6.490025887010811290e-02,-1.270899954317039615e-01,3.560225369270595547e-02,2.843002893254149496e-02,-1.687071722247601713e-02,1.498401096391046086e-03,-4.195523069894929041e-02,1.408832038982792689e-01,-4.984467793513019940e-02,-5.026496116948378501e-02,7.756662098370641079e-02,1.370610628902086126e-01,-2.323587635145423977e-02,7.187604690117252448e-02,-3.450906045378407394e-01,-5.305283995736257419e-01,-3.015334246992538714e-01,-3.894913963758184772e-01,-7.920207096086492871e-02,-1.110781178620374593e-01,-2.477356479366529529e-01,-1.476503730775087508e-01,-1.463484087102177589e-01,-2.233561748134612335e-01,-4.729709151819704721e-03,-1.714024668798538181e-02,-2.073991167961017346e-01,-1.483645500228414904e-01,-1.348956905740825440e-01,-1.541327851378102576e-01,-1.376275315973808366e-01,-3.441799908634079475e-01,-5.901629358915790741e-02,-2.680295416476320969e-01,-1.786919445713415489e-01,-3.311481650677630673e-01,1.888426983401857717e-01,-1.406486980356327077e-01,-1.279884269834018484e-01,-4.094716004263743159e-01,1.453692705954012510e-01,4.083447540733972647e-02,1.541662859753311909e-01,1.038815288564032269e-01,-1.019339119841632460e-02,-4.793360743109487121e-02,-1.050007613826709346e-01,-3.684635297700624562e-02,-1.646322521699406238e-01,-2.399299527942743981e-01,-2.294228719354347579e-01,-3.147845287041267093e-01,-1.899771585198720969e-01,-1.715532206486980460e-01,1.191883660727881822e-01,5.751180143139942441e-02,-1.058778742195827689e-02,3.637277295568752677e-02,2.455428658443733758e-01,2.073945485000761313e-01,4.133988122430333756e-01,2.577737170701994984e-02,-9.609715242881071429e-02,-2.534947464595705899e-02,-1.501659814222628397e-01,-3.014039896451956579e-01,-1.569834018577737078e-01,-2.471661336987970026e-01,-3.117176793056189998e-01,-2.654865235267245271e-01,-2.673168874676412621e-01,-3.013034871326328856e-01,-3.969148774173899552e-01,-3.541358306684939672e-01,-3.218242728795492891e-01,-2.980234505862646710e-01,-2.983797776762600606e-01,-2.086234201309578318e-01,-1.119689355870260444e-01,-1.927927516369727368e-01,-2.565768235114968543e-01,-9.470077661032435742e-03,-2.955992081620222311e-01,-2.184010963910461289e-01,-1.571950662402923637e-01,-9.677021470991320484e-02,-2.602482107507232967e-01,-4.274554591137505466e-02
-6.987970153799299977e-02,-1.251332419674128227e-01,3.442713567839196243e-01,5.947342774478452387e-01,4.961199939089386279e-01,9.213506928582305688e-01,2.004659661946094074e-01,5.331125323587635467e-01,6.404309425917465992e-01,1.000000000000000000e+00,8.558702603928734776e-02,2.103913506928582200e-01,2.079929952794274395e-01,3.317572712045073757e-01,1.768219887315364836e-01,6.377128064565250609e-01,-1.808892949596467292e-01,-2.120663925689051377e-01,-2.515912897822445565e-02,4.583828232069438180e-02,2.693147555961626360e-01,1.052291761839500572e-01,3.948804629206639216e-01,4.723252626770214624e-01,5.556799147251408888e-01,5.340338053905893112e-01,2.390985229176184057e-01,4.179579716765646213e-01,-4.373838891426830994e-02,2.481041571493832962e-02,-2.809958885335769874e-02,-1.736257042789706231e-02,-1.015806304248515340e-01,4.111009593421653674e-02,-1.970153799299527789e-02,1.584589614740368468e-01,-6.709456372772955313e-02,-1.731627836150449185e-01,9.459418303639409442e-03,2.129587330592355721e-01,-7.528551850159890049e-03,1.208405664687071668e-01,-3.391426831125323726e-01,-3.766346885944875655e-01,-2.528247297091518186e-01,-2.038465052535404221e-01,-2.831262372468402733e-01,-2.103791685701233427e-01,-2.171432922186690984e-01,-1.686264656616415503e-01,-2.260240596924014134e-01,-1.887132632861276138e-01,-2.149916247906197564e-01,-1.032617633622658765e-01,-1.867016902695294578e-01,-5.133241967412821571e-02,-3.025323587635145306e-01,-2.296299680219278105e-01,-1.467976244860667023e-01,-2.263773412517131045e-01,-1.436835693619613330e-01,3.695294655093649822e-02,-7.780721790772042457e-02,2.936196132176031523e-02,1.049855337292523172e-01,7.350388305162174063e-02,-1.418897517892492854e-01,-3.120039591898888243e-01,-8.285213948530531503e-02,-2.128369118318866951e-02,2.875742348104157187e-02,7.135678391959799152e-03,-6.009593421653722928e-02,-7.229785290086797322e-02,-2.059524897213339534e-01,-9.370945637277296181e-02,-3.571037003197807119e-02,-9.849855337292523494e-02,-1.560773564793665191e-01,-1.768859448758946240e-01,-2.523572407492005731e-01,-2.281117709760925871e-01,9.002740977615349138e-02,1.355611390284757189e-01,-9.744632252169940778e-02,1.458931018730013629e-01,2.818227501142073765e-01,3.313781026343840530e-01,2.327272727272727271e-01,4.451043094259174437e-02,-6.997259022384651195e-02,-1.187528551850159930e-01,-1.109943657682351120e-01,-1.937642759250799429e-01,-7.870717222476016073e-02,-1.560834475407339673e-03,-2.145149992386173321e-01,-1.201964367291000479e-01,-2.777402162326785273e-01,-1.558824425156083437e-01,-3.624211968935587280e-01,-1.309167047358002212e-01,-2.782122734886554039e-01,-2.193497791990254298e-01,-1.292462311557789068e-01,-2.977691487741738752e-01,7.594335312928278403e-02,-7.383889142683112104e-03,-1.099162479061976533e-01,-5.927820922795797032e-02,-1.709365006852444080e-01,-3.105101263895233554e-01,-1.332267397594030789e-01,3.825947921425308651e-02,-1.755108877721943128e-01,-1.395614435815440910e-02
4.023998781787726520e-01,5.726968174204355444e-02,3.061184711435967487e-01,-3.338510735495660298e-02,-4.369270595401248541e-02,6.768691944571341573e-03,2.829724379473123053e-01,-4.288107202680067377e-03,-5.749200548195523147e-02,8.558702603928734776e-02,1.000000000000000000e+00,1.665813918075224609e-01,5.344875894624638857e-01,1.332282625247449281e-01,1.793893710979138079e-01,7.075224607887924122e-02,-3.608953860210141647e-03,-1.750053296786965029e-01,3.527135678391959961e-01,5.969240140094411555e-03,-5.830668493985077111e-02,-1.460606060606060574e-01,1.985853509974112863e-01,1.376808283843459768e-01,-3.361961321760316423e-02,-2.361961321760316576e-02,8.541799908634079008e-02,-2.696817420435511023e-02,1.429815745393634707e-01,-1.566620983706410938e-02,-3.704888076747372971e-02,-2.743139942134916742e-01,-9.352824729709151644e-03,-2.098279275163697222e-01,1.183066849398507758e-01,-2.667169179229480491e-01,-6.138723922643520708e-02,-1.891563880006091047e-01,-3.022232373991167939e-02,-1.803761230394396176e-01,5.255672300898431293e-02,-2.003669864473884565e-01,-1.483965280950205468e-01,-8.011420740063955603e-02,4.430181209075681470e-02,-1.362311557788944694e-01,-2.595188061519719813e-01,-1.502832343535861204e-01,-7.695751484696208844e-02,-1.871828841175574853e-01,-3.547890970001522926e-02,-2.602710522308512159e-02,-1.916354499771585063e-01,-4.529465509365006998e-02,1.164854575909852336e-01,4.456677326024059693e-02,-2.232526267702147210e-02,-1.576214405360134088e-02,2.546627074767778276e-01,-1.166133698797015318e-02,2.366453479518806080e-01,-8.251713111009593982e-02,4.104766255520024554e-02,1.099786812852139445e-01,2.994974874371859053e-01,-6.760925841327851404e-02,1.514831734429724353e-01,-1.344601796863103271e-01,-1.376579869042180576e-02,-2.742500380691335546e-02,1.036698644738845779e-02,2.141160347190497817e-02,1.853905893101872870e-01,1.330561900411146581e-01,2.055535252017663961e-01,5.938784833257195568e-04,2.119262981574539240e-01,7.462616110857317464e-02,1.702710522308512331e-01,1.471204507385411864e-01,1.855946398659966481e-02,-1.220572559768539622e-01,3.726206791533424878e-03,-9.972133394243946902e-02,1.597929039135069229e-01,-1.520115730165981505e-01,-6.262220191868432539e-02,-1.233516065174356663e-01,2.264656616415410342e-02,-7.500380691335464811e-02,-6.868585350997410965e-02,2.409045226130653305e-01,-6.631186234201309759e-02,3.200761382670930244e-01,-1.918379777676260112e-01,-3.859905588548804417e-02,8.938632556723008493e-02,8.580782701385717207e-03,6.881833409471600771e-02,1.544160194913963835e-01,1.656448911222780651e-01,1.836150449215775970e-01,4.505101263895233688e-02,1.108481802954164736e-01,2.219887315364702310e-02,1.249368052383127703e-01,1.590543627227044288e-01,1.545043398812243063e-01,3.858687376275315994e-03,-2.346840261915638937e-01,1.529587330592355743e-01,7.222628292980051712e-02,7.787117405207857890e-02,-5.021470991320237803e-02,2.213080554286584456e-01,4.753921120755291718e-02
1.049063499314755593e-01,2.706715395157606105e-02,-1.270778133089690842e-01,1.733059235571798515e-02,1.007979290391350646e-01,2.143398812243033358e-01,1.344845439317801095e-01,4.729389371097914019e-01,-1.969087863560225332e-02,2.103913506928582200e-01,1.665813918075224609e-01,1.000000000000000000e+00,1.841282168417846810e-01,6.860925841327851771e-01,-2.915836759555352486e-01,5.873458200091365849e-02,-6.107050403532815475e-02,-1.606928582305466591e-01,-2.095477386934673295e-02,2.016765646413887503e-01,-7.335922034414496529e-02,5.995127150906045393e-02,-2.424897213339424484e-01,-9.475102786660576093e-02,-9.242728795492614891e-02,1.074280493375970730e-01,-2.152291761839500439e-01,-1.469407644282016145e-01,9.890056342317649074e-02,2.520222323739911841e-01,-1.948286888990406474e-01,-6.132785137810263520e-02,1.898431551697883288e-02,1.649611694837825604e-01,-1.736850921273031811e-01,1.868113293741434366e-01,-2.051652200395918946e-01,-1.174204355108877662e-01,-3.215669255367747947e-01,-9.993147555961626183e-02,-1.205923557179838651e-01,-1.611542561291305076e-01,5.609867519415258352e-02,9.862646566164154360e-02,-2.080858839652809447e-02,2.122856707781330954e-01,-2.256037764580478278e-01,-3.345941830363940994e-01,3.071478605146946705e-01,1.911131414649002713e-01,1.928125475864169436e-01,1.999086340794883621e-01,-1.459798994974874364e-01,-2.562539972590223702e-01,-1.430409623876960634e-01,-7.569514237855946848e-02,-3.541388761991777212e-01,-2.899999999999999800e-01,3.595705801735952362e-02,9.964062737932084801e-02,1.567047358002131852e-01,4.432906959037612449e-01,9.153037916857012513e-02,3.007492005481955388e-01,-1.622171463377493628e-01,2.675239835541343147e-01,-2.618090452261306322e-01,-5.006091061367443085e-02,-1.560971524288107259e-01,-1.341997868128521343e-01,1.534490634993147633e-02,5.436272270443124471e-02,2.246078879244708393e-01,4.496528095020557170e-01,5.412821684178468346e-02,2.065311405512410547e-01,2.765341860819247634e-03,1.457971676564641383e-01,-1.907431094868280719e-01,-2.639987817877265108e-01,-2.839363484087102374e-01,-1.737932084665753107e-01,-1.255550479671082575e-01,-6.004568296025582230e-02,-2.169620831429876773e-01,-1.122369422871935390e-01,-1.533181056799147179e-01,-1.626024059692401380e-01,-1.747571189279731874e-01,-3.275498705649459441e-01,2.176640779655855118e-01,7.120450738541191094e-02,3.206289020861884942e-01,1.108908177249885857e-01,-6.436424546977310979e-02,2.424546977310796519e-02,-1.153296786965128662e-01,-2.150753768844220967e-02,1.074128216841784694e-01,2.371813613522156250e-01,5.432008527485914645e-02,4.856555504796710582e-02,-2.286584437338206113e-02,4.847723465813918303e-02,1.875224607887924499e-01,-5.515151515151515277e-02,1.308512258261002037e-02,2.683264808892949632e-02,-4.254910918227500921e-02,1.349626922491244108e-02,8.265722552154712577e-02,1.349002588701081196e-01,1.599314755596162596e-01,6.824729709151819423e-02,-2.302771432922186556e-01,-9.849703060758337181e-02
5.476747373229785554e-01,2.496573777980813091e-01,5.582670930409623367e-01,2.368387391502969341e-01,-1.998324958123953027e-02,4.029084818029541465e-02,6.600730927364093503e-01,2.426892035937261993e-01,3.226800670016750638e-01,2.079929952794274395e-01,5.344875894624638857e-01,1.841282168417846810e-01,1.000000000000000000e+00,2.678833561748134584e-01,3.347114359677173523e-01,2.453266331658291444e-01,-3.103776458047814990e-01,-3.435419521851682534e-01,2.641936957514847140e-01,1.182488198568600601e-01,-1.776153494746459671e-01,-1.848241206030150630e-01,3.711649154865235278e-01,2.203106441297396079e-01,8.741738998020405493e-02,-4.741434444952032784e-02,1.309669559920816073e-01,-1.188594487589462456e-01,-1.494030759859905633e-01,-2.001340033500837445e-01,-3.040185777371707254e-01,-2.898416324044464920e-01,-1.026663621135982946e-01,-1.885335769757880420e-01,-1.000822293284604897e-01,-1.618790924318562474e-01,-2.394518044769300968e-01,-2.011009593421653752e-01,-1.007933607431094891e-01,-2.357088472666362122e-01,-1.679046748895995089e-01,-2.822871935434749235e-01,-4.421318714786051651e-01,-4.729709151819704860e-01,-2.718364550022841497e-01,-5.124912440992842599e-01,-4.657499619308664296e-01,-4.754834779960407931e-01,-2.807202680067001910e-01,-2.590650220800974624e-01,-1.085411908024973421e-01,-1.094807370184254641e-01,-3.323146033196284210e-01,-2.644540886249429068e-01,-7.433835845896147321e-02,1.088640170549718261e-01,-8.855489569057407861e-02,8.895995127150906415e-03,7.194457134155626821e-02,-1.830059387848332608e-01,3.833576975788031138e-01,-2.592051164915486552e-02,-8.532815593117100417e-02,-4.308512258261001926e-02,3.833561748134612368e-01,-2.899497487437185939e-02,-6.794731231917161551e-02,-4.133470382214100569e-01,1.616171767930561776e-01,-2.227044312471448267e-02,1.463499314755596081e-01,8.835693619613217697e-02,1.776853966803715601e-01,1.938251865387543849e-01,1.408771128369118442e-01,-1.042789706106289106e-02,1.542332876503730854e-01,-3.863255672300898447e-03,-1.593543474950510075e-01,-1.985183493223694196e-01,-3.305314451043094293e-01,-1.869818790924318574e-01,-9.821684178468098603e-02,-2.147830059387848267e-01,5.772955687528551899e-02,-1.565996649916247818e-01,-1.812014618547281852e-01,-2.315014466270747806e-01,1.051484696208314362e-01,-1.739180752246078931e-01,-1.311253235876351508e-02,4.293452109029998742e-01,5.574539363484087157e-02,3.713034871326328368e-01,-2.731460331962844434e-01,-1.296025582457743242e-01,-5.078422415105832491e-03,6.904370336531140406e-02,1.780127912288716197e-01,2.365859601035480431e-01,-1.000000000000000056e-01,1.266148926450433865e-01,-1.044419065022080123e-01,5.361199939089386635e-02,-9.240901477082381910e-02,1.875300746155017517e-01,-1.467610781178620427e-01,-1.559738084361199928e-01,-1.179061976549413693e-01,-3.387391502969392537e-02,1.034033805390589256e-01,2.482868889904065735e-01,2.117496573777980784e-01,-6.488959951271508486e-02,6.792142530835998393e-02,3.303791685701233660e-02
