1.000000000000000000e+00,2.658831940658653026e-01,9.432056839000849124e-02,-1.727959247508825125e-01,2.610929889628669717e-02,1.031949595603020714e-01,1.922918807810894137e-01,-4.005987756378747711e-01,4.692792349970954791e-02,9.940569283703472314e-02,2.420930336476160571e-01,-1.124893873720899107e-01,3.951472362482684464e-02,-2.058715760311005949e-01,1.073819205505161106e-01,-1.760579114348272828e-02,3.561866035122212559e-01,1.110281960766790338e-01,3.815854148978953253e-01,3.148666160239510514e-01,-5.898386880557666100e-03,-1.179230528620581753e-01,-6.100808793958621690e-02,-1.182358461057241156e-01,1.794360784664194020e-01,1.297466374726305993e-01,2.159792662764198623e-01,2.135931006747397165e-01,7.741632780731935726e-02,-1.488359622860717657e-01,-2.820501362884847429e-02,-8.545958264444344921e-02,-1.042495196389472273e-02,-1.397917690692166703e-01,-5.264310290897716849e-02,-1.620537110684123483e-01,-1.215425175387640187e-02,-6.634791545645471467e-02,-1.794941686402430903e-01,6.334063184235221022e-02,2.714598507529380339e-02,3.021582733812949728e-02,6.435497564681173788e-02,-4.374636936413602364e-03,1.101121587202287810e-01,-7.549488359622860689e-02,1.458197417221502312e-01,3.355824657044551018e-02,8.470887885964520359e-02,-2.410384735689709013e-01,-3.220429867286295211e-02,-4.552660976808615145e-01,-1.717860494213324929e-01,-3.737968631306134992e-01,-2.163546181688189851e-01,-1.994235667366727749e-01,5.895795165110148117e-01,2.021582733812949673e-01,4.031949595603020464e-01,-7.412306179900800263e-02,9.260020554984584040e-02,8.454354528799321034e-03,-5.187899369945037434e-03,-2.762947406050315080e-01,2.457929308726931605e-01,-1.385986862683765974e-01,2.815139192993431072e-01,1.454577952544796327e-01,3.327852004110997131e-01,2.243621252066669569e-01,6.381875865767014377e-02,4.691451807498100979e-02,1.595960498681799900e-01,1.987130792260601367e-02,-2.276687966397068774e-02,-1.024263818758657657e-01,2.749452611823584650e-02,7.940479914205281209e-03,1.850395460029491956e-01,2.604316546762590057e-01,2.735466285356807914e-01,7.864068993252602835e-02,8.542830332007685101e-02,3.124357656731757346e-02,2.797041869609901976e-01,-2.627463246793869112e-01,8.230037088341748963e-02,1.379194780821305644e-01,-2.916484203941194786e-01,-3.036015907770677758e-01,-3.052996112426829001e-01,-2.455784440770364951e-01,-3.312257026676795335e-01,-2.014880021448679503e-01,3.016533357165199769e-01,7.247419455739756433e-02,2.146119129541087522e-01,1.200142991197104408e-01,-5.527056615577103510e-02,-1.453103355824656995e-01,-1.001429911971044306e-01,-6.436391259663076791e-02,-1.380624692792349895e-01,-1.408910138969569625e-01,-5.216497609365923493e-02,8.100004468474909791e-02,1.757272442915233102e-01,-9.742615845212028447e-02,-1.638813173064033180e-01,2.252156039143840272e-01,1.628356941775772060e-01,-1.521605076187497185e-01,-3.404352294561865944e-01,2.074444791992492987e-01,-1.068054872871888883e-01,-2.777604003753518860e-02
2.658831940658653026e-01,1.000000000000000000e+00,-3.270163993029179261e-01,-2.016488672416104355e-01,6.470351668975378619e-03,1.958979400330667156e-02,-2.823942088565172814e-01,2.246302337012377748e-02,-4.223557799722954531e-01,-2.074266052996112386e-01,-2.516645069037937166e-01,2.066848384646320091e-01,-3.690424058268912955e-01,6.798784574824612292e-02,-2.614013137316233970e-01,-5.073953259752446432e-02,2.628982528263104079e-01,4.595871129183609627e-01,4.331918316278653980e-01,6.415166003842888154e-01,-2.231601054560078679e-01,-2.522051923678448326e-01,-1.625497117833683280e-01,-7.742526475713838729e-02,-9.638500379820367364e-03,-8.717994548460610005e-02,2.680191250726127183e-02,-3.564949282809776882e-02,-2.715492202511282996e-02,2.470396353724473859e-01,-2.312569819920461123e-01,-9.293980964296885694e-02,-1.267661647079851572e-01,9.612136377854238467e-02,-4.720630948657223436e-01,-3.215469860136735414e-01,-1.006166495375128422e-01,2.191563519370838820e-01,-7.555744224496178940e-02,1.544036820233254392e-01,4.267393538585280942e-03,3.734527905625810162e-01,-2.212788775191027249e-02,2.522498771169399689e-01,1.276687966397068719e-01,1.122257473524286148e-01,2.143303990348094101e-01,2.270432101523749968e-01,4.911747620537110920e-02,6.201796326913624341e-02,-9.346708968229143488e-02,-1.205237052593949726e-01,-1.445953795969435740e-01,-4.192680638098217338e-01,-2.308503507752804051e-01,1.598641583627507801e-01,4.202466598150051413e-01,7.464185173600250689e-01,6.902006345234371065e-02,2.743062692702980532e-01,-4.287054828187139566e-01,-4.870190803878636510e-02,-5.715179409267617111e-02,8.345323741007194818e-02,-2.087224630233701361e-01,-1.835917601322668569e-01,-8.669735019437865842e-02,2.613164127083426533e-02,5.693328566960096371e-01,4.855489521426337163e-01,-2.258411904017159078e-01,-8.151391929934313774e-02,-5.481031324009115469e-02,-2.019125072612717176e-01,-9.715358148263997240e-02,-7.644220027704544396e-02,-2.306582063541713079e-01,-2.783413021135886303e-02,-2.507261271727959095e-02,4.496626301443317625e-02,-1.990258724697260839e-02,2.914741498726484692e-01,3.731399973189150621e-01,5.044371955851467693e-01,-2.128692077393985471e-01,-1.433039903480941984e-02,1.548237186648196984e-01,1.390991554582421130e-01,-3.157737164305822186e-01,3.103802672147995892e-02,-9.881585414897894881e-02,-3.823986773314267951e-01,-1.876089190759193948e-01,-4.747620537110683880e-01,1.655123106483757101e-01,2.896152643102908875e-01,1.242682872335671915e-02,2.043567630367755517e-01,-1.977746994950623227e-01,-1.985656195540461966e-01,-2.740158184011796672e-01,2.491621609544662427e-02,-8.952142633719112341e-02,2.116582510389204141e-01,-5.060547835023906232e-02,2.206845703561374494e-01,-9.700165333571651727e-02,-7.499441440636310519e-02,-1.547969078153626221e-01,-1.468296170517002508e-01,-1.663568524062737364e-01,-3.561374502882166254e-02,-1.160552303498815913e-01,-2.074981008981634512e-01,-6.670986192412529936e-02,2.734349166629429506e-01
9.432056839000849124e-02,-3.270163993029179261e-01,1.000000000000000000e+00,5.320479020510300305e-01,-1.592877250994235716e-01,5.494436748737655668e-02,7.734438536127619113e-01,2.302649805621341528e-01,1.427767103087716205e-01,9.404352294561865722e-02,3.563698109835113370e-01,-1.930068367666115670e-01,4.123776754993520588e-01,-4.043969793109611528e-03,2.244202153804906452e-01,-9.826623173510880271e-02,8.396264354975646604e-03,-2.557308190714508989e-01,7.316233969346262744e-02,-1.944144063631082775e-01,1.068859198355601170e-02,-1.137539657714821961e-01,5.833549309620627010e-01,5.166271951382992444e-01,2.203494347379239549e-01,1.632333884445238970e-01,-1.119397649582197646e-01,-8.718888243442513009e-02,2.839045533759327888e-01,-3.812055945305867222e-02,2.174181151972831572e-01,2.430716296527994924e-01,1.667724205728584874e-01,-2.857589704633808556e-02,1.507082532731578717e-01,5.167344385361276327e-02,6.620492425935028957e-02,-1.086733097993654723e-01,-3.042093033647615963e-01,-3.240538004379105164e-02,5.259394968497251716e-02,-1.747173689619732906e-01,-1.553018454801376180e-01,-9.522320032173019200e-02,-2.277090129138924779e-01,-2.417176817552169343e-01,-2.701103713302649978e-01,-2.820322623888467106e-01,-1.317440457571830703e-01,-2.799901693551990478e-01,3.010411546539166344e-02,-1.729121050985298613e-01,6.988694758478930860e-03,2.580320836498503079e-01,-2.192412529603646187e-01,-2.493811162250323954e-01,-2.550694847848429259e-01,-4.570579561195763918e-01,-1.236918539702399622e-01,-4.628625050270342989e-01,6.967692926404217557e-02,-2.453773627061084095e-01,-6.158005272800393115e-02,-4.293668171053219296e-01,3.733187363152956073e-01,-2.960811475043567675e-02,3.882657848876178847e-02,-1.945708029849412268e-01,-2.886768845792930804e-01,-2.714553822780285119e-01,3.162160954466240459e-01,2.950936145493542884e-01,2.277313552884400460e-01,5.754948835962286208e-02,7.579427141516600908e-02,1.176013226685732188e-01,1.511282899146521308e-01,1.093659234103400574e-01,2.502524688323874980e-01,9.577729121050984618e-02,1.719335090933464538e-01,-2.673980070601903458e-01,-9.778810491979086916e-02,-9.730550962956342753e-02,3.276017695160641785e-01,-1.815094508244336213e-01,-4.322132356226819905e-01,-3.190044237901604185e-01,-4.964922471960320216e-02,-2.393985432771794930e-01,3.926895750480360880e-02,1.320434335761204621e-02,2.205460476339425324e-01,6.553912149783279462e-02,5.308995039992850384e-02,2.667232673488538486e-02,3.071182805308548050e-02,-1.243934045310335634e-01,-3.568881540730148849e-01,-1.439385137852451091e-01,-2.103757987398900686e-01,-1.287501675678091040e-01,-3.068099557620984075e-01,-3.162384378211716141e-01,-3.717994548460610282e-01,-2.795477903391572205e-01,-1.124983243219089268e-01,-1.197685329996872050e-01,-1.015818401179677394e-01,6.626748290808347208e-02,-1.476652218597792610e-01,-4.089592921935743530e-01,-9.479422673041690284e-02,3.150364180705125250e-01,-9.155905089592922264e-02,-2.735287546360427036e-01
-1.727959247508825125e-01,-2.016488672416104355e-01,5.320479020510300305e-01,1.000000000000000000e+00,-2.680057196478841663e-01,4.775012288306001301e-02,4.142142186871620724e-01,5.859198355601232810e-01,2.238705929666204818e-03,1.117297466374726350e-01,-6.940882076947138546e-02,-1.618079449483891263e-01,-4.383573886232628933e-03,-4.621743598909692358e-02,-3.089950399928504537e-02,3.416149068322981569e-02,-2.611912954108762674e-01,-3.841324455963179840e-01,5.468072746771526771e-02,-1.314401894633361600e-01,8.305554314312525721e-02,-2.325707136154430421e-01,3.895437687117386805e-01,4.159524554269627972e-01,7.894454622637293861e-02,1.273738772956789778e-01,-2.248045042227087842e-01,-1.199562089458867664e-01,3.200768577684436067e-02,-1.229500871352607327e-01,7.316233969346262744e-02,1.197104428258635306e-01,7.681755216944456677e-02,8.839090218508423302e-02,9.619732785200410530e-02,6.572232896912283406e-02,-1.376871173868358667e-01,-3.961392376781804336e-01,-2.710353456365342528e-01,-3.270074623530989100e-01,-2.680191250726127183e-01,-3.715179409267617139e-01,-2.023772286518611130e-01,-3.846910049600071185e-02,-1.406809955762098330e-01,-9.937888198757764344e-03,-1.303856293846910042e-01,-1.930247106662495993e-01,6.916752312435765770e-02,2.044327271102372792e-02,1.262880378926672376e-01,4.140488851155101069e-02,2.868045935922070022e-01,2.751954957772911881e-01,-2.709146968139773959e-01,-3.504178024040395245e-01,-3.844318334152553862e-01,-3.069350730595647447e-01,-1.572903168148710729e-02,-6.238437821171634312e-02,-1.435989096921220787e-01,3.226685732159614156e-02,-3.452075606595468860e-01,-4.191474149872648214e-01,9.071450913803119631e-02,2.046427454309844018e-01,6.269717145538228342e-02,-3.715536887260378202e-02,-1.901648867241610419e-01,-1.544528352473300836e-01,1.833325885875150829e-01,2.826980651503641639e-01,1.597166986907368469e-01,6.410027257696948588e-02,9.317663881317306274e-02,1.506993163233388555e-01,1.516600384288842134e-02,1.286697350194378753e-01,1.223647169221144804e-01,6.798337727333661484e-02,-2.088609857455650254e-01,-4.165065463157424097e-01,-2.295187452522454152e-01,-1.137405603467536580e-01,-7.630367755485052694e-02,-4.797801510344519571e-02,-3.978461950936145741e-01,-2.223200321730193496e-01,2.232450064792886046e-02,-2.100987532955002346e-01,8.978506635685240544e-02,1.068367666115554726e-01,1.509584878680906295e-01,1.574199025872469737e-01,-1.592251664506903752e-01,-7.678627284507796857e-02,-2.695384065418472419e-01,-3.003261986683944951e-01,-2.775593190044237657e-01,-1.690245319272532243e-01,3.369230081773090871e-03,2.351758344876893683e-02,-1.249117476205371113e-01,-1.352562670360605845e-01,-1.081773090844094926e-01,-2.883506859108985951e-02,-1.117833683363867875e-01,-1.057509272085437185e-01,-1.300370883417489576e-01,-2.309039724741945576e-01,-2.869118369900353072e-01,-3.429420438804235971e-01,-1.585414897895348341e-01,2.211671656463649049e-01,2.829885160194825500e-02,-2.435944412172125761e-01
2.610929889628669717e-02,6.470351668975378619e-03,-1.592877250994235716e-01,-2.680057196478841663e-01,1.000000000000000000e+00,4.739532597524465096e-01,-2.667992314223155415e-01,-2.750748469547343311e-01,6.191295410876267447e-01,3.470709146968140035e-01,-1.970150587604450540e-02,-2.421019705974350802e-02,-1.731980874927387115e-02,-2.726216542294114878e-02,2.192099736359980344e-01,4.665981500513874392e-02,1.364672237365387175e-01,2.183073417042763198e-01,6.494928280977702029e-02,1.006881451360650548e-01,1.497207203181554203e-01,1.857991867375664574e-01,-5.361276196434156677e-02,-9.785513204343357363e-02,3.674292863845569634e-01,3.173555565485499663e-01,4.897225077081192035e-01,3.916573573439385281e-01,2.555520800750703952e-02,1.159345815273247204e-01,2.273694088207694752e-01,8.343536351043388810e-02,-9.619285937709459722e-02,-9.626435497564680976e-02,-1.895750480361052814e-01,-7.123195853255283316e-02,1.529424907279145762e-01,2.517404709772554372e-01,3.156083828589302254e-01,3.468385540015193058e-01,2.356226819786406967e-01,2.962241387014611926e-01,8.476696903346887454e-03,1.278430671611778882e-02,-8.778765807229992058e-02,-5.573081907145091551e-02,3.528754636042718412e-02,1.408195182984047500e-01,-2.221546986013673564e-01,-1.073774520756065887e-01,-2.644041288708163795e-01,-9.431609991509898316e-02,-1.088565172706555256e-01,-2.020465615085571265e-01,-1.504088654542204764e-02,8.029849412395549668e-02,2.937575405514097904e-01,1.331382099289512566e-01,-1.338486974395638740e-01,-1.162250323964430926e-01,-1.539702399571026281e-01,-1.714643192278475226e-01,1.732561776665623998e-01,2.867509718932927942e-01,-1.827963715983734749e-01,4.044863488091514359e-02,-1.596317976674561101e-01,-1.575182090352562625e-01,1.337727333661021534e-01,2.824969837794360714e-02,-1.069216676348362371e-01,-1.064971625184324561e-01,-2.519058045489074305e-01,-1.849501765047589230e-01,1.731623396934626191e-01,-1.520845435452879979e-01,-1.800259171544751902e-01,-2.101389695696858628e-01,-1.579918673756646741e-01,2.108226462308413970e-02,1.479958890030832509e-02,2.646454265159300934e-01,2.942714151660038580e-01,3.958085705348764471e-01,-1.107645560570177379e-01,3.157424371062156343e-02,2.739487912775369627e-01,3.736628088833281458e-01,-1.988113856740694463e-01,2.126591894186514176e-01,-3.333169489253317574e-01,-2.679029447249653417e-01,-2.623933151615353565e-01,-2.353456365342508627e-01,1.492157826533803966e-01,1.343938513785244981e-01,1.387774252647571427e-01,1.398587961928593748e-01,-9.290406184369275067e-02,-1.528933375039099041e-01,-2.481790964743732855e-02,1.616158005272800291e-01,-1.831181017918584453e-02,9.357880155502926178e-02,1.341972384825059206e-01,1.928861879440546823e-01,9.267616962330756103e-03,1.444568568747486570e-01,-5.335359041958979281e-03,5.740649716251843004e-02,1.834130211358863116e-01,1.506367576746056591e-01,2.234237454756691707e-02,-1.100719424460431667e-01,1.267482908083471249e-01,1.662317351088073714e-01
1.031949595603020714e-01,1.958979400330667156e-02,5.494436748737655668e-02,4.775012288306001301e-02,4.739532597524465096e-01,1.000000000000000000e+00,-1.751686849278341340e-01,-1.927700075964073334e-01,4.248268465972563357e-01,7.155636981098351113e-01,-1.891862907189776066e-01,-2.011528665266544558e-01,-2.331560838285892945e-01,-1.537423477367174662e-01,1.493811162250324037e-02,1.448679565664238722e-01,-4.270968318512891743e-02,-1.753027391751195430e-01,2.378122346843022580e-02,-4.823271817328745464e-02,1.769113901425443391e-01,-2.390634076589659950e-03,-2.262210107690245386e-01,-1.529335537780955323e-01,2.552973770052281433e-01,3.154251753876401998e-01,4.336610214933643292e-01,5.360516555699539332e-01,-1.690021895527056561e-01,-3.298628178202779593e-02,9.024085079762277084e-02,-1.322042986728629577e-01,-2.003083247687564294e-01,-2.119621073327673244e-01,-3.129943250368649177e-01,3.085928772509942408e-02,2.298449439206398937e-01,1.457169667992314240e-02,1.283882211001385332e-01,2.940882076947137769e-01,1.482059073238303770e-01,7.104875106126279372e-02,4.272755708476697056e-02,2.012154251753876452e-02,-9.708208588408775985e-02,4.209303364761606513e-03,1.066446221904464031e-01,9.628669735019437792e-02,-2.309307833236516269e-02,-1.831627865409535608e-02,-1.878993699450377530e-01,-1.204164618615666538e-01,-3.428213950578667263e-02,-2.031815541355735250e-02,2.026006523973367807e-02,1.495151704723178022e-02,2.985343402296796178e-01,1.212788775191027263e-01,1.359578175968541858e-01,7.756825595424281239e-02,-2.013271370481254652e-01,-2.986147727780508743e-01,9.272085437240269387e-03,6.361767728674203037e-02,-3.215693283882211095e-01,-2.906698243889360711e-01,-6.875195495777290666e-02,-5.594530586710755315e-02,2.787255909558067901e-01,2.194780821305688245e-01,-2.078242995665579296e-01,-5.743330801197551322e-02,-3.469234550248000426e-01,-2.224764287948523267e-01,5.804548907457884530e-03,-1.757227758166138021e-01,-3.019571920103668594e-01,-3.201572903168148909e-01,-2.014835336699584423e-02,2.112605567719737232e-01,-5.828231824478305456e-02,1.149559855221412991e-01,1.628759104517628065e-01,2.263059117923052754e-01,-1.666294293757540623e-01,1.133830823539925814e-01,3.575316144599848256e-01,3.353813843335269884e-01,5.407748335493096220e-02,2.296527994995307964e-01,-3.011796773761115098e-01,-2.284150319495956150e-01,-2.913713749497296446e-01,-1.910138969569685763e-01,5.442155592296349376e-02,-7.016399302917913916e-02,-5.600786451584074260e-02,-9.294427811787837543e-03,-7.958800661334286541e-02,-1.365655301845480063e-01,8.494123955493990130e-02,2.735332231109522394e-01,1.746011886143259417e-01,2.086286250502703554e-01,2.308995039992850495e-01,2.267393538585280865e-01,2.516779123285222686e-01,2.435765673175745161e-01,1.608650967424817815e-04,-7.633942535412663322e-02,1.636757674605656965e-01,-1.694177577192904072e-01,-2.132534965816166861e-01,2.971535814826399904e-02,1.838643371017471828e-01,1.061977746994950678e-01
1.922918807810894137e-01,-2.823942088565172814e-01,7.734438536127619113e-01,4.142142186871620724e-01,-2.667992314223155415e-01,-1.751686849278341340e-01,1.000000000000000000e+00,2.548818088386433645e-01,7.154028330130926538e-02,1.267661647079851572e-01,4.206577595066803843e-01,-5.115063228919969340e-02,6.089905715179408929e-01,1.019527235354573541e-01,2.665132490281066913e-01,3.961749854774565538e-02,-5.593636891728853006e-02,-2.632914786183475631e-01,1.730908440949104066e-01,-3.774967603556905749e-02,-8.974931855757629917e-02,-2.237633495687921803e-01,4.064033245453326781e-01,2.865409535725456647e-01,-8.057107109343580875e-02,-1.270610840520130513e-01,-2.235131149738594225e-01,-2.586889494615488005e-01,2.040841860672952257e-01,-2.000938379730997918e-01,-9.841815988203225785e-02,4.901916975736181174e-03,9.452611823584609885e-02,-4.515393896063273765e-02,2.071182805308548203e-01,9.370838732740516264e-02,-1.601099244827740298e-01,-2.474507350641226011e-01,-2.888824344251307297e-01,-1.945618660351222107e-01,-1.580008043254837180e-01,-3.780910675186558989e-01,-1.029938781893739719e-01,-1.987801063497028342e-01,-2.432190893248134533e-01,-2.577237588810938895e-01,-1.761517494079270774e-01,-2.954376871173868269e-01,-7.443585504267392905e-02,-1.624067205862639030e-01,8.810938826578489091e-02,-2.790115733500156403e-02,2.554627105768800949e-02,1.945931453594887950e-01,-1.416372492068457001e-01,-2.234505563251262261e-01,-3.521739130434782816e-01,-5.032664551588542645e-01,2.122972429509808329e-02,-3.452969301577371586e-01,2.863890254256222234e-01,7.025783100227891986e-02,-3.637338576343893820e-02,-3.622771348138880132e-01,5.586263908128156208e-01,1.418159882032262453e-01,1.225434559184950117e-01,-7.838151838777425440e-02,-2.872737834577058780e-01,-3.133830823539925925e-01,2.845167344385361452e-01,1.575271459850753064e-01,1.925197730014746034e-01,4.630680548728718926e-02,4.666875195495777395e-02,7.076723714196345161e-02,1.323070735957817545e-01,1.597569149649224751e-01,2.324724071674337533e-01,3.097099959783725792e-02,1.411993386657133809e-01,-2.579427141516600352e-01,-1.927566021716788092e-01,-1.795611957638857947e-01,2.680995576209839748e-01,-6.891728852942491379e-02,-3.301577371643057979e-01,-1.571830734170427679e-01,1.854863934939005379e-02,-1.816747843960856146e-01,4.968497251887930843e-02,8.105813485857277234e-02,2.539300236829170054e-01,1.642119844497073045e-01,-6.153983645381830986e-02,-4.440770365074400011e-02,-3.101568434693239076e-02,-1.500647928861879310e-01,-6.086062826757227678e-02,1.608650967424817815e-04,-1.302649805621341472e-01,-2.019527235354573458e-01,-2.057688011081817703e-01,-3.700031279324366706e-01,-3.611153313374145246e-01,-3.044461325349658298e-01,-6.313508199651458874e-02,-1.895527056615577133e-01,-1.473345547164752745e-01,-8.007060190357030705e-02,-1.267974440323517693e-01,-2.491264131551901295e-01,-9.953974708432011820e-02,3.020420930336475962e-01,-6.532016622726663502e-02,-3.958800661334286874e-01
-4.005987756378747711e-01,2.246302337012377748e-02,2.302649805621341528e-01,5.859198355601232810e-01,-2.750748469547343311e-01,-1.927700075964073334e-01,2.548818088386433645e-01,1.000000000000000000e+00,-1.052951427677733531e-01,-1.554135573528754588e-02,-1.203673086375619955e-01,3.060592519773001619e-01,1.487555297377005092e-01,3.770365074400107153e-01,-8.043254837124089347e-04,1.049197908753742373e-02,-2.751597479780151234e-01,-9.386478394923812585e-02,-7.904732114929174935e-02,-4.052459895437687115e-02,-9.536619151883461709e-02,-1.675678091067518694e-01,1.645203092184637506e-01,3.239554939899012553e-01,-2.008400732829885293e-01,-1.577416327807319441e-01,-4.245140533535904370e-01,-4.981947361365565707e-01,2.439787300594307377e-03,1.393047053040797068e-01,-1.417400241297645247e-01,9.341793645828679049e-02,-4.034585995799633285e-02,3.158988337280486114e-01,5.173600250234595271e-02,3.627954779033915750e-02,-3.775235712051476789e-01,-3.059430716296527852e-01,-1.198713079226060158e-01,-3.871039814111443822e-01,-1.605925197730014853e-01,-2.152240940167121086e-01,-1.455516332275794134e-01,1.045176281335180243e-02,-2.081326243353143479e-01,6.563742794584208340e-02,-1.079181375396577186e-01,-8.290808347111131016e-02,-2.412976451137226858e-04,2.370615308995039916e-01,6.704052906742928586e-02,2.698735421600607642e-01,2.239554939899012498e-01,2.704410384735689843e-01,2.790115733500156403e-02,-6.461414719156352050e-03,-5.399079494168640414e-01,-1.571741364672237240e-01,-1.295187452522454097e-01,1.464274543098440517e-01,-1.195227668796639692e-01,2.715804995754949047e-01,-3.169578622816032754e-01,-4.617721971491130228e-02,-1.730640332454533303e-02,1.981589883372804894e-01,-1.643371017471736972e-01,-6.352383931364224967e-02,-1.360337816703159342e-01,-9.031234639617498339e-02,4.797801510344519571e-02,1.630591179230528598e-01,4.399213548415925601e-02,4.946601724831314884e-02,4.559184950176504991e-02,1.789356092765539141e-01,-1.522141293176638710e-01,6.065060994682514722e-02,-7.479333303543500566e-02,-2.044997542338799768e-01,-2.441395951561732003e-01,-2.919701505876044489e-01,-2.182849993297287516e-01,-1.476384110103221847e-01,-2.333124804504222716e-01,-1.379999106305018208e-01,-3.751686849278341174e-01,-3.636534250860181672e-01,2.467849323026051200e-01,-1.699763170829795833e-01,2.621118012422360422e-01,2.507350641226149257e-01,2.918763126145046960e-01,2.364493498369006630e-01,-1.652307967290763679e-01,3.985879619285937966e-03,-1.647526699137584205e-01,-1.720675633406318350e-01,-3.503284329058492432e-03,1.151079136690647542e-01,2.423253943429107618e-02,-2.015282184190535925e-02,2.790115733500156403e-02,-4.569909289959336873e-02,-1.544349613476920235e-01,-1.842575628937843379e-01,-6.703159211761025582e-02,-4.225836721926806705e-02,1.097010590285535554e-02,-2.619285937709459611e-01,-2.794405469413289156e-01,1.193082800840073246e-02,5.906430135394789838e-02,-2.517538764019840170e-02,-5.340274364359444415e-02,-2.841324455963179507e-01
4.692792349970954791e-02,-4.223557799722954531e-01,1.427767103087716205e-01,2.238705929666204818e-03,6.191295410876267447e-01,4.248268465972563357e-01,7.154028330130926538e-02,-1.052951427677733531e-01,1.000000000000000000e+00,5.418249251530452559e-01,2.903749050449081492e-01,-5.761204700835605153e-02,3.051387461459403871e-01,9.172885294249072397e-02,4.015550292685106659e-01,8.083024263818758270e-02,4.007775146342553579e-02,-1.183654318781000025e-01,-1.397962375441261784e-01,-1.886590106796550426e-01,1.877787211224808961e-01,5.317038294829974643e-02,2.514857679074131852e-02,-2.488046829617051800e-02,3.152330309665311026e-01,3.160865096742481728e-01,3.184726752759283186e-01,2.106215648599133183e-01,9.657267974440324199e-02,-7.297019527235354408e-03,2.570758300192144685e-01,1.368738549533044246e-01,5.610170248894052331e-02,8.937396666517717636e-02,8.789936994503776135e-02,1.428482059073238331e-01,9.910630501809732096e-02,-8.792171231958532951e-02,4.034139148308682477e-02,1.040171589436525296e-01,2.982260154609231786e-02,-4.243710621564859842e-02,-8.624156575360829302e-02,-1.955002457661200177e-01,-3.070333795075740890e-01,-2.049734125742883883e-01,-1.393359846284463188e-01,-6.121810626033334646e-03,-1.914473390231913874e-01,-2.321328030743107507e-01,-1.503463068054873009e-01,-7.431520622011707211e-02,5.262076053442960033e-02,1.494034585995799580e-01,-3.215514544885830772e-02,-2.081996514589570524e-01,5.651280218061575239e-02,-3.159435184771437477e-01,-1.891282005451539461e-01,-3.560838285893024868e-01,2.215648599133115959e-01,-8.744805397917691445e-03,2.961973278520040886e-01,2.086152196255418034e-01,7.216586978864113558e-03,1.301443317395772903e-01,-9.219804280798962748e-02,-1.152240940167121031e-01,-1.838911479512042590e-01,-3.037177711247151524e-01,1.453862996559274201e-01,2.658295723669511570e-02,-6.717011483980517283e-02,8.292595737074935636e-02,2.605433665489968464e-01,2.573394700388757436e-02,7.195138299298449447e-02,3.572992537646901140e-02,3.561821350373117756e-02,1.202243174404575704e-01,1.098529871754770071e-01,-4.178024040395013523e-03,-1.273068501720362768e-02,-2.545243308458822878e-02,-5.295142767773358856e-03,-5.642343268242548671e-02,2.745877831895974022e-02,8.085705348764467282e-02,1.081370928102238713e-02,-1.050985298717547686e-02,-1.636847044103847404e-01,4.498860538898073747e-02,-6.881898208141561113e-02,1.541489789534831734e-01,1.232896912283837493e-01,-2.932213235622681963e-02,4.535055185665132216e-02,-6.500737298360069472e-02,-1.771303454131105057e-02,-8.590196166048527648e-02,1.651727065552526796e-01,1.066088743911702968e-01,-3.075204432727110179e-02,-1.548326556146387145e-01,8.339067876133875179e-02,2.404486348809151477e-02,8.276062379909736311e-02,4.605657089235443841e-02,-8.417266187050359560e-02,6.945797399347602985e-02,1.360918718441395947e-01,3.791500960722105767e-02,-5.188346217435989283e-02,2.098619241252960288e-01,2.070870012064882359e-01,-9.135350105009160115e-02
9.940569283703472314e-02,-2.074266052996112386e-01,9.404352294561865722e-02,1.117297466374726350e-01,3.470709146968140035e-01,7.155636981098351113e-01,1.267661647079851572e-01,-1.554135573528754588e-02,5.418249251530452559e-01,1.000000000000000000e+00,-1.015863085928772475e-01,-6.506993163233389110e-02,4.019840028598239273e-02,-3.846463202109120377e-02,2.178202779391393840e-01,3.480852585012735312e-01,-2.132132803074310856e-01,-4.490057643326332837e-01,-8.807810894141829272e-02,-1.815586040484382657e-01,2.506099468251485884e-01,-2.402252111354394662e-02,-2.707627686670539546e-01,-2.032351758344876913e-01,1.363331694892533190e-02,1.578086599043746485e-01,2.625497117833683336e-01,3.400285982394208872e-01,-2.610036194646767060e-01,-2.786719692568926376e-01,-1.849948612538540637e-03,-1.473568970910228426e-01,-2.409937888198757650e-01,-1.575137405603467544e-01,-8.535680772152463847e-02,1.579516511014790736e-01,4.492604674024755496e-02,-2.017605791143482763e-01,-8.507529380222529636e-02,1.089771660932123826e-01,5.254479646096787276e-02,-2.226775101657804123e-01,-7.041422762411189695e-02,-2.275347423924214685e-01,-2.504133339291300109e-01,-1.953706599937441446e-01,-2.527816256311720897e-02,-6.898431565306760438e-02,-1.237856919433397429e-01,-6.919433397381473394e-02,-1.435810357924840186e-01,-4.713347334554716245e-02,-1.838777425264757209e-02,4.662406720586263764e-02,5.078868582152910871e-02,-1.546047633942535526e-01,-2.015282184190535838e-03,-2.310559006211179989e-01,2.165735734393851308e-01,7.852897805978818757e-02,1.385629384691005050e-01,3.075651280218061681e-02,-6.903793735198176726e-03,-3.284775905983287891e-02,-4.666428348004825893e-02,-7.481120693507306574e-02,2.337906072657401982e-02,2.303051968363197671e-02,4.970731489342687659e-02,-5.045801867822512221e-02,-7.069127306850171710e-02,-2.274006881451360804e-02,-2.537557531614459960e-01,-3.286116448456141703e-02,1.984002859823942241e-02,9.513383082353991937e-03,-2.475356360874033657e-01,-2.335582465704454935e-01,-7.952097948970016095e-02,8.595558335939944283e-02,-9.908843111845927476e-02,-1.634121274409044144e-01,-1.404531033558246433e-01,-2.723088609857455752e-02,-1.738415478797086522e-01,2.371866481969703636e-02,2.724071674337548710e-01,3.379820367308637441e-01,2.758121453148040803e-01,1.795656642387953028e-01,-1.903570311452701114e-01,5.741096563742794506e-02,-8.270253362527368868e-02,1.247687564234326862e-01,-3.981411144376423988e-02,-2.894812100630054785e-01,-1.786943116314402002e-01,-2.088788596452030855e-01,2.208454354528799346e-01,-7.180839179588006417e-03,2.513427767103087462e-01,2.522990303409446411e-01,3.633719111667187973e-01,1.592072925510523151e-01,2.453505518566513333e-01,1.587470396353724555e-01,2.374413512668126502e-01,5.756736225926091521e-02,-2.264891192635953288e-01,-1.805889449930738744e-01,1.136422538987443553e-01,-1.764779480763215558e-01,-2.061620269002189532e-01,1.600965190580454778e-01,1.008266678582599718e-01,-1.343938513785244981e-01
2.420930336476160571e-01,-2.516645069037937166e-01,3.563698109835113370e-01,-6.940882076947138546e-02,-1.970150587604450540e-02,-1.891862907189776066e-01,4.206577595066803843e-01,-1.203673086375619955e-01,2.903749050449081492e-01,-1.015863085928772475e-01,1.000000000000000000e+00,2.390768130836945227e-01,7.267751016578042345e-01,3.355377809553599100e-01,4.975289333750391174e-01,2.792349970954913219e-02,3.179185843871486505e-01,8.487421243129719683e-02,1.520532642209213858e-01,-1.084052013047946683e-02,9.902140399481656335e-03,6.159792662764198429e-02,3.974753116761249316e-01,2.784217346619598521e-01,2.238259082175253489e-01,1.036060592519773005e-01,5.128021806157558732e-02,-1.300504937664775096e-01,5.140354796907815604e-01,1.675275928325662411e-01,2.207069127306850176e-01,3.059341346798337691e-01,2.382143974261584640e-01,2.482237812234684357e-02,1.757540551409803864e-01,-1.177443138656776404e-02,3.100674739711336420e-02,4.786630323070736187e-02,1.202109120157290323e-01,1.822244068099557537e-02,-8.311363331694892904e-04,-1.590330220295813057e-02,-1.575807676839894589e-01,-1.004200366414942647e-01,-3.083962643549756355e-01,-2.973591313284775772e-01,-3.708789490147013090e-01,-1.522677510165780512e-01,-2.159077706778676498e-01,-4.008847580320836768e-01,-1.010545600786451614e-01,-1.816300996469904783e-01,-1.855221412931766511e-01,1.257875687028017254e-02,-3.429465123553331329e-01,-2.380222530050493668e-01,-4.813441172527816586e-02,-2.907011037133026554e-01,-2.720675633406318683e-01,-6.126815317931989524e-01,2.012690468743018046e-01,-1.011841458510210484e-01,2.191786943116314501e-01,-3.252602886634791551e-02,2.860047365834040844e-01,-2.524688323875061511e-03,-1.151838777425264748e-01,-3.022521113543947258e-01,-2.661825818848027048e-01,-3.453103355824657106e-01,4.455784440770365062e-01,2.966307699182268998e-01,4.308146029760042683e-01,3.712855802314670162e-01,1.578488761785602490e-01,2.062916126725948540e-01,5.269091559050895768e-01,4.484695473434916480e-01,2.618079449483891041e-01,3.292595737074936468e-01,2.970776174091782629e-01,4.098038339514723655e-02,-7.910094284820590183e-02,-1.408418606729523181e-01,1.487689351624290612e-01,-1.895258948121006370e-01,-1.699316323338844470e-01,-9.612136377854238467e-02,-2.936949819026766217e-01,-2.654765628490995955e-01,-6.529782385271906686e-02,-9.983019795343849034e-02,-4.042629250636757543e-02,-8.094195451092542348e-02,5.525269225613298196e-02,2.928191608204119833e-02,1.313150721658697950e-01,1.249519638947227257e-01,-2.275883640913356210e-01,-1.370034407256803290e-02,-2.498190267661647146e-01,-2.408105813485857394e-01,-4.739756021269940778e-01,-4.057151794092676012e-01,-2.995174047097725611e-01,-2.439385137852450869e-01,-1.517985611510791477e-01,-9.730997810447294949e-02,3.034094463559587184e-03,2.623039456633450839e-01,1.041780240403950147e-01,4.876446668751954761e-02,9.492828097770231177e-02,3.175968541936636802e-01,-1.047365834040841909e-01,-3.950891460744447858e-01
-1.124893873720899107e-01,2.066848384646320091e-01,-1.930068367666115670e-01,-1.618079449483891263e-01,-2.421019705974350802e-02,-2.011528665266544558e-01,-5.115063228919969340e-02,3.060592519773001619e-01,-5.761204700835605153e-02,-6.506993163233389110e-02,2.390768130836945227e-01,1.000000000000000000e+00,3.075830019214442212e-01,7.174583314714687576e-01,1.454354528799320923e-01,1.565440815049823631e-01,-4.749988828812726042e-03,3.549533044371955826e-01,2.145314804057375235e-01,2.895705795611957512e-01,-1.590240850797622896e-01,1.670271236427007533e-01,1.264846507886858151e-01,2.463693641360203690e-01,3.744581974172214982e-03,2.972876357299253716e-02,-1.170919165288886871e-01,-2.614147191563519490e-01,1.603154743286116513e-01,3.008400732829885071e-01,8.601814200813262534e-02,2.524956432369632187e-01,4.090441932168550898e-02,2.928906564189642237e-01,1.077796148174628085e-02,-7.860047365834040359e-03,-2.618124134232986400e-01,5.423834845167344043e-02,2.054291970150587676e-01,-1.088654542204745557e-01,1.071361544304928748e-01,1.338263550650163058e-01,-2.644443451450020355e-01,-3.113633316948925464e-02,-2.659636266142365590e-01,-2.001608650967424685e-01,-2.404486348809151408e-01,-1.372358014209750232e-01,-3.376290272130121894e-01,-1.098619241252960371e-01,-3.040752491174761873e-01,8.789490147012824287e-03,-2.456767505250458117e-01,-1.598730953125698240e-01,-1.110013852272219437e-01,1.154787970865543550e-01,-1.985209348049510603e-01,9.979445015416238407e-02,-2.489074578846239838e-01,-5.217391304347825803e-02,-9.265382724875999287e-02,1.551990705572188212e-01,-7.486482863398721821e-02,3.420885651727065824e-01,-1.081370928102238643e-01,1.412484918897180357e-02,-2.665355914026542594e-01,-1.887885964520309157e-01,6.579829304258456857e-02,2.796371598373475001e-02,1.650297153581482545e-01,1.892488493677108030e-01,1.679789087984270846e-01,2.084990392778944546e-01,8.585727691139014017e-02,1.367085213816524314e-01,7.700969659055365013e-02,2.382188659010679721e-01,-1.294874659278788254e-01,5.233924661513025822e-02,-6.778229590240850144e-02,2.392466151302560518e-01,-5.037311765494436461e-02,2.871441976853299910e-02,-3.569462442468385732e-01,-8.363197640645247954e-02,-7.409178247464140443e-02,1.232092586800125067e-01,-5.978819428928906776e-02,-1.174315206220117105e-02,1.459135796952500119e-01,-9.630010277492291604e-02,4.283480048259528938e-02,-9.895437687117386583e-02,-1.722820501362884726e-01,-1.005049376647750153e-01,-1.900710487510612612e-01,-2.998346664283479956e-02,3.573886232628803450e-02,2.872559095580678457e-01,-9.554046204030564038e-02,2.455426962777603958e-02,-4.059609455292908370e-02,1.584074355422494251e-01,5.762545243308458964e-02,5.103892041646185956e-02,-6.367576746056570480e-02,2.017650475892577844e-01,9.438759551365119571e-02,-1.552929085303186019e-01,-4.300460252915679765e-02,2.788775191027302314e-01,1.767952097948969903e-01,-1.317217033826355022e-01,2.650699316323338814e-02,-1.242414763841101083e-01
3.951472362482684464e-02,-3.690424058268912955e-01,4.123776754993520588e-01,-4.383573886232628933e-03,-1.731980874927387115e-02,-2.331560838285892945e-01,6.089905715179408929e-01,1.487555297377005092e-01,3.051387461459403871e-01,4.019840028598239273e-02,7.267751016578042345e-01,3.075830019214442212e-01,1.000000000000000000e+00,4.886143259305599229e-01,4.617230439251083784e-01,8.043254837124090215e-03,9.282809777023101616e-02,6.995844318334153156e-02,3.635104338889137005e-02,-9.180034854104293651e-02,-8.884668662585459842e-02,3.735645024353188414e-03,2.791545645471200654e-01,1.673890701103713241e-01,-4.475624469368604669e-02,-1.450824433620805098e-01,-1.737834577058849916e-01,-3.695160641672997071e-01,4.485991331158675766e-01,8.811385674069439899e-02,5.415791590330220132e-03,1.583493453684257646e-01,6.721033111399080107e-02,-7.779614817462800376e-03,1.831493811162250296e-01,1.270432101523749913e-01,-1.743598909692122001e-01,-1.712408954823718688e-01,4.909513383082354104e-02,-2.608025380937485926e-01,-1.535680772152464291e-01,-2.341168059341346697e-01,-1.071048751061262766e-01,-2.427052147102194135e-01,-3.905044908172840556e-01,-3.577237588810938673e-01,-3.132579650565261997e-01,-1.638902542562223619e-01,-2.018767594619956252e-01,-1.990437463693641440e-01,-3.030519683631976297e-02,-6.399749765405067514e-02,-1.054604763394253603e-01,9.205952008579472434e-02,-9.053130166674114299e-02,-1.206220117074042614e-01,-2.659725635640555752e-01,-4.221725725010054275e-01,-1.365074400107243457e-01,-4.128558023146700062e-01,4.776352830778854974e-01,6.954734349166628860e-02,2.591849501765047803e-01,-3.522945618660350969e-02,3.972116716564636496e-01,9.969167523124357333e-03,-1.129541087626792922e-01,-1.773939854327717947e-01,-4.357612047008356249e-01,-3.974753116761249316e-01,3.107824299566557813e-01,1.337816703159211695e-01,2.049331963001027879e-01,1.558380624692792260e-01,5.023012645783993951e-02,5.918495017650476225e-02,2.602126994056928599e-01,2.285714285714285643e-01,1.693060458465525664e-01,-7.151347245185218915e-02,2.043969793109611799e-01,-1.776442200277045524e-01,-1.948925331784261972e-01,-2.930470530407972007e-01,1.380043791054113289e-01,-2.771884355869341787e-01,-3.102774922918807854e-01,-1.939541534474283901e-01,-4.974306269270298286e-02,-2.279771214084632958e-01,1.889583984985924170e-01,1.409312301711425908e-01,3.088565172706555506e-01,1.799410161311944256e-01,-1.554716475266991471e-01,-2.286071763707046844e-02,1.158094642298583554e-01,1.297466374726305993e-01,2.525582018856964081e-02,1.732070244425577554e-01,-1.877787211224808961e-01,-2.489610795835381363e-01,-3.275258054426024579e-01,-3.822199383350462498e-01,-3.615487734036373357e-01,-4.333348228249698231e-01,-1.044282586353277587e-01,-2.157603110058536888e-01,6.890835157960588375e-02,7.815362616738906476e-02,1.235443942982260151e-01,1.564547120067920905e-01,1.605791143482729333e-01,1.794092676169623257e-01,-8.123687385495330371e-02,-4.564859913311586914e-01
