1.000000000000000000e+00,1.381384333526967378e-01,4.489253317842620272e-01,4.459046427454309569e-01,-1.933419723848250615e-01,-3.248134411725277920e-02,6.078108941418294275e-01,4.922159167076277098e-01,-9.827070021001832467e-02,-3.133383976048974562e-01,4.858394030117521023e-01,1.586487331873631668e-01,2.498905223647169271e-01,3.046874301800795437e-01,2.734706644622190638e-03,-3.558961526431029254e-01,3.277492291880780839e-01,8.056213414361677871e-02,1.938960632736047296e-01,1.998748827025336183e-01,-3.252245408642030489e-01,-1.452433084588229950e-01,4.559453058671075754e-01,3.848742124312972135e-01,-1.333795075740649705e-01,-2.215737968631306121e-01,-2.143706153089950384e-01,-2.000089369498190411e-02,1.405603467536529760e-01,7.445372894231198913e-02,-9.814558291255194578e-02,3.070289110326645393e-02,3.367666115554761030e-01,2.744313865677644459e-01,1.400822199383350564e-01,1.874435855042674015e-01,-3.627507931542964248e-02,1.303230707359578078e-01,-1.164797354662853585e-01,-1.760579114348272967e-01,-1.778453013986326572e-03,-8.433799544215558885e-02,3.925153045265650786e-01,2.215335805889449838e-01,-1.561285133383976016e-02,7.333214174002412877e-02,3.382903614996201624e-01,3.843469323919745939e-01,1.857098172393761848e-02,-1.287367621430805624e-02,2.963090397247419294e-01,4.394298226015461162e-02,2.840430760981277336e-01,2.689038831046963729e-01,-1.144733902319138436e-01,1.316412708342642734e-01,1.918539702399570945e-01,-3.457705884981455979e-02,2.703740113499262798e-01,-6.077125876938200937e-04,4.381160909781491308e-01,-5.458242101970597199e-02,3.355377809553599516e-02,-1.771526877876580808e-01,2.869565217391304435e-01,-1.696679923142231650e-02,2.224049331963001142e-01,1.095089146074444825e-01,3.746056570892354332e-01,1.893873720899057200e-01,-2.020465615085571265e-01,1.684615040886545435e-03,-2.494749541981321900e-02,1.243308458823003670e-01,-4.930068367666115559e-02,1.334867509718933032e-01,1.097412753027391802e-01,1.706689306939541406e-01,-1.678984762500558559e-01,-5.826444434514500142e-02,2.261495151704723261e-01,6.139237678180436975e-02,9.499977657625452085e-03,-2.076857768443630126e-01,2.889762723982304896e-02,-1.102194021180571137e-01,-4.118503954600294947e-01,-3.670181866928817205e-01,9.523213727154922204e-02,-8.270700210018321064e-02,-1.603020689038830993e-01,1.498637115152598454e-01,-5.683006389919120771e-02,1.677912328522275509e-02,-1.417176817552169565e-01,-2.890343625720541709e-01,-7.653156977523571658e-02,-2.165199517404709784e-01,-2.272979132222172627e-01,3.986326466776889121e-02,-1.919299343134188429e-01,-4.640153715536887158e-01,-2.502077840832923616e-01,-4.324053800437910322e-01,2.895571741364672338e-03,-1.797846195093614485e-01,-2.189061173421511242e-01,-3.162071584968050297e-01,-6.170070155056079503e-02,5.886768845792930693e-02,1.684078823897403876e-01,1.186871620715849729e-01,2.399168863666830409e-01,6.316189284597166498e-02,2.300817730908440994e-01,-1.117118727378345767e-03
1.381384333526967378e-01,1.000000000000000000e+00,6.956968586621385675e-02,1.619375307207649994e-01,3.405022565798292988e-01,2.302917914115912290e-01,2.169802046561508657e-01,4.822824969837794656e-02,3.986326466776888844e-01,1.546137003440725688e-01,3.974395638768488115e-01,3.611332052370526124e-01,2.820814156128513273e-01,2.417266187050359783e-01,3.967782295902408385e-01,2.888824344251307297e-01,1.168774297332320494e-01,4.070780642566692031e-01,4.898431565306760604e-01,4.037847982483578346e-01,6.422538987443585090e-02,1.363063586397962323e-01,1.329371285580231536e-02,8.858304660619330251e-02,2.647884177130345185e-01,2.220385182537200075e-01,1.324009115688815352e-01,1.121229724295098040e-01,3.672460789132668824e-01,3.629474060503150024e-01,4.047365834040841936e-01,3.061843692747664991e-01,3.110371330264980472e-01,3.655972116716564857e-01,-5.264757138388667657e-02,-5.269225613298181288e-02,-3.007060190357030982e-01,-1.509897671924572138e-01,-3.532150676973948578e-01,-3.071629652799499621e-01,1.669869073685151251e-02,-1.014567228205013605e-01,1.079226060145672267e-01,2.477099066088744028e-01,-3.616202690021895760e-01,-1.974887171008534725e-01,-1.966441753429554462e-01,-1.591626078019571788e-01,-2.546449796684391864e-01,-2.193663702578310115e-01,-2.244425577550382134e-01,-2.159837347513293704e-01,-2.060681889271191725e-01,-1.693909468698333309e-01,-3.292640421824031272e-01,-2.014343804459537979e-01,5.267974440323517360e-01,7.891237320702444435e-01,1.857008802895571686e-01,2.555342061754323213e-01,3.084275436793422198e-01,2.800437910541132558e-01,3.682291433933598257e-01,3.881987577639751663e-01,-1.729433844228964734e-01,-2.274811206935073160e-01,-1.726082488046829511e-01,-5.644130658206353984e-02,3.321328030743107562e-01,2.687608919075919478e-01,1.184816122257473514e-01,2.972027347066446001e-01,3.266499843603378195e-01,2.948567853791501103e-01,2.540417355556548462e-01,4.437150900397694442e-01,8.285893024710666577e-02,1.632467938692524212e-01,1.571115778184905415e-02,2.046472139058939099e-01,-3.509540193931810770e-02,1.134858572769113921e-01,6.375173153402743931e-02,-1.133383976048974451e-01,-9.838241208275615157e-02,-2.321685508735868431e-01,-1.758121453148040469e-01,-2.026855534206175313e-01,-4.214397426158452142e-01,-2.646364895661110772e-01,1.578444077036507409e-01,1.899548684034139262e-02,3.426962777604004029e-01,1.271281111756557454e-02,-3.405871576031100495e-02,-7.473077438670182315e-02,5.350998704142276297e-02,1.357299253764690239e-01,2.689798471781580935e-01,3.003708834174896314e-01,1.111845926985119970e-01,8.461057241163591480e-02,-1.081996514589570607e-01,5.992224853657446802e-03,-1.586666070870011991e-01,-1.315340274364359407e-01,-3.940748022699852582e-02,-2.200277045444389706e-02,5.034630680548728837e-02,1.389785066356852283e-01,3.784351400866883819e-02,-6.090531301666741310e-02,-1.238214397426158457e-02,-7.604450601009875299e-02,-1.024755350998704101e-01,2.067563340631842217e-02
4.489253317842620272e-01,6.956968586621385675e-02,1.000000000000000000e+00,3.094597613834398353e-01,-1.154564547120067869e-01,-2.965145895705795787e-01,6.806604405916261147e-01,3.234863041244023241e-01,-1.441440636310827028e-01,-4.477501228830599866e-01,3.389382903614996390e-01,-1.192457214352741351e-01,4.845926985119978769e-01,1.280798963313820871e-01,1.996738013316055327e-01,-4.136109745743777877e-01,1.689485678537915037e-01,1.390500022342374409e-01,3.649135350105008890e-01,9.858349345368425110e-02,-3.550471424102953910e-01,-4.709683185128915595e-01,7.605120872246302621e-01,4.077483354930961923e-01,-9.138031189954867739e-02,-2.752535859511148764e-01,-2.460699763170829668e-01,-2.434737923946556915e-01,2.040037535189239970e-01,4.462665892131015971e-02,-1.042137718396711210e-01,9.963805353232942086e-02,4.148755529737700454e-01,2.408195182984047555e-01,3.344564100272576779e-01,3.124804504222709056e-01,-1.482237812234684371e-01,9.327047678627284344e-02,-1.436614683408552751e-01,-1.285178068725144063e-01,-1.773984539076813027e-02,-1.438089280128692082e-01,2.804280798963313948e-01,3.288484740158184039e-01,1.897761294070333948e-02,7.047231779793557138e-02,2.580544260243978760e-01,3.435989096921220898e-01,-1.548147817150006822e-01,-1.391259663076991893e-01,7.910541132311542378e-02,-1.033513561821350346e-01,8.437374324143169513e-02,1.565485499798918712e-01,-1.950668036998972343e-01,9.538853389338218525e-02,2.863041244023414866e-01,-6.200008936949819027e-02,-6.924348719781937833e-02,-3.087269314982796220e-01,1.726931498279637156e-01,-1.997318915054291932e-01,1.843245900174270424e-01,-2.276911390142544456e-01,5.901514812994325121e-01,2.064211984449707271e-01,4.202645337146431737e-01,1.823986773314267840e-01,4.264310290897716516e-01,1.499262701639930417e-01,-1.805621341436167704e-01,-1.313284775905983366e-02,2.513785245095848664e-01,7.262165422941149751e-02,-1.350596541400420070e-01,6.993163233388444144e-03,7.740292238259081914e-02,1.639394074802270063e-01,5.401939318110728777e-02,2.815139192993431380e-04,1.426471245363957197e-01,1.318334152553733429e-01,-1.120023236069529471e-01,-2.822244068099557524e-01,1.582152911211403556e-01,2.705661557710353424e-02,-3.032932660083113574e-01,-1.874838017784530020e-01,-3.308011975512757663e-02,4.419321685508735553e-02,-4.223334375977478850e-01,1.533848697439563757e-01,-2.116493140891013980e-01,1.104026095893471532e-01,-3.635595871129183587e-01,-2.713928236292953433e-01,-8.209035256267036007e-02,-1.276062379909736755e-01,-2.686089637606685065e-01,7.727333661021493216e-02,-4.524062737387729571e-01,-8.345770588498145626e-02,-2.691943339738147589e-01,-2.569104964475624198e-01,1.571294517181286154e-01,2.704767862728450767e-02,4.687430180079538850e-02,-2.807229992403592611e-01,-1.350060324411278545e-01,-6.282228875284864844e-02,1.741543411233745786e-01,1.336878323428213888e-01,6.603959068769828245e-02,8.096876536038249625e-03,2.781804370168461382e-01,1.691585861745386332e-01
4.459046427454309569e-01,1.619375307207649994e-01,3.094597613834398353e-01,1.000000000000000000e+00,-2.349524107422136798e-01,2.035211582286965415e-01,4.183520264533714395e-01,8.472228428437373893e-01,-2.570490191697573645e-01,-3.737611153313374346e-01,3.741498726484650539e-01,4.660217167880602585e-01,6.750078198310915933e-02,5.223691853970240384e-01,-3.552437553063139426e-03,-3.385405960945529480e-01,2.799722954555610155e-01,2.836543187810000588e-01,4.618660351222128035e-01,5.621609544662407032e-01,-2.165378256401090384e-01,-1.643549756468117296e-01,3.427052147102194191e-01,5.111577818490549152e-01,-1.525939496849725296e-01,-1.046918986549890546e-01,-1.423164573930917332e-01,-1.239644309397202743e-01,2.213146253183788381e-01,4.918003485410429310e-01,5.420706912730684918e-02,3.207650029045087114e-01,5.855936368917288304e-01,6.108941418293936110e-01,2.693507305956476805e-01,3.712006792081862239e-01,-2.057464587336342021e-01,-2.543902765985969067e-02,-3.314759372626122635e-01,-4.051700254703070048e-01,4.458644264712453842e-02,1.798114303588185456e-02,2.360427186201349559e-01,9.927163858974931421e-02,-2.160954466240672112e-01,5.689709102283390524e-02,2.285624916216095343e-02,1.634791545645471189e-01,-3.779480763215514738e-01,-3.679074131998748554e-01,-1.123061799007998574e-01,-3.201483533669958192e-01,-3.551543858081236682e-02,9.025872469726083092e-02,-4.234550248000357731e-01,-3.523481835649492910e-01,1.632825416685285413e-01,-8.905670494660172798e-02,2.032173019348496312e-01,-8.114303588185352301e-02,2.670673399168863593e-01,3.094061396845256828e-01,3.496224138701461426e-01,2.265203985879619408e-01,1.225568613432235637e-01,4.564591804817015874e-01,4.961839224272755478e-01,5.141427230886098654e-01,4.794137360918718227e-01,4.125519460208230682e-01,8.270253362527368868e-02,2.295902408507976070e-02,1.901202019750659056e-01,4.765583806246928011e-01,2.040126904687430132e-01,2.127664328164797225e-01,1.890879842709683178e-01,2.593949684972519099e-01,-1.014522543455918524e-01,-2.395996246481076064e-02,4.622145761651548224e-01,3.610527726886813560e-01,1.114437642432637710e-02,-5.278251932615398712e-01,1.987622324500648019e-01,2.492649358773850465e-01,-6.360874033692300866e-01,-6.256043612315116409e-01,-3.428348004825952922e-01,-2.165825103892041747e-01,5.620894588676884907e-02,-7.551722597077617678e-03,5.489968273828142731e-02,-1.109343581035792531e-01,-1.959917780061664894e-01,-2.120604137807766132e-01,1.344117252781625547e-02,-3.043925108360516774e-01,-2.407614281245810672e-01,-2.026319317217033789e-01,-5.238839983913490261e-02,-4.340631842352205005e-01,-3.405603467536529871e-01,-4.353813843335269662e-01,2.105992224853657502e-02,-1.962017963269136189e-01,-1.794137360918718338e-01,-4.158273381294964044e-01,2.129004870637651314e-01,1.542070691273068617e-01,-2.006345234371509009e-02,1.065775950668036987e-01,2.880736404665087957e-01,-9.437419008892265759e-02,2.461012556414495789e-01,2.675722775816613899e-02
-1.933419723848250615e-01,3.405022565798292988e-01,-1.154564547120067869e-01,-2.349524107422136798e-01,1.000000000000000000e+00,5.429777916796997284e-01,-1.505607936011439385e-01,-3.309397202734706833e-01,8.430001340542472299e-01,7.047365834040841825e-01,-2.240493319630010305e-02,7.311765494436749113e-02,4.632467938692524240e-02,-3.992135484159256564e-02,4.000759640734617428e-01,5.009607221055454307e-01,-1.052459895437687087e-01,1.395057866750078202e-01,1.367666115554761197e-01,7.554403682023325128e-02,2.438223334375977380e-01,1.671030877161624739e-01,-4.480539791769069108e-02,1.739443228026274768e-01,8.439831985343402287e-01,7.546137003440726021e-01,6.465391661825818925e-01,3.605299611242682722e-01,3.596362661423656015e-01,2.263103802672148113e-01,6.304303141337861405e-01,3.439921354841592449e-01,5.584699941909826437e-02,5.058313597569149590e-03,-9.820814156128512828e-02,-1.348451673443853693e-01,-1.393583270029938870e-01,-1.246883238750614437e-01,2.547120067920818354e-01,3.671298985656195474e-02,1.493051521515706692e-01,1.194602082309307867e-01,-3.086241565753608529e-01,-1.054068546405111939e-01,4.397426158452120287e-02,4.518521828499932891e-02,-4.754770096965905690e-01,-4.267795701327137259e-01,2.941150185441708878e-02,9.558067831449126861e-02,-3.349792215916707616e-01,-1.217346619598730917e-01,-5.350551856651324378e-01,-5.553286563295947165e-01,-6.798337727333661484e-02,-5.090039769426694949e-02,1.085258501273515391e-01,1.719245721435274099e-01,-2.930113052415210806e-01,-2.256490459806068105e-01,-1.579114348272934454e-01,-9.417757719290406615e-02,1.030609053130166625e-01,1.566200455784440837e-01,-1.088922650699316319e-01,-1.997855132043433457e-01,-2.317976674560972283e-01,-1.483891147951204303e-01,-2.745967201394164392e-01,-1.759908843111845922e-01,1.894767415880959927e-01,1.382054604763394146e-01,2.539255552080075251e-01,6.316189284597166498e-02,-8.869922695384065137e-02,-1.312346396174985386e-01,-1.856070423164573879e-01,-6.733991688636668804e-02,3.106662496090084602e-01,-2.884400554090888608e-02,-1.182269091559050855e-01,-8.312257026676794780e-02,2.196255418025827924e-02,2.728495464497966982e-01,-2.261539836453818342e-01,-1.954421555922963571e-01,3.950846775995353055e-01,3.672818267125430025e-01,-2.920595200857947216e-01,-2.749988828812726105e-01,-2.030340944635595779e-01,-3.160865096742481728e-01,1.054828187139729145e-01,-1.887975334018499596e-01,5.694624424683855657e-02,1.579918673756646741e-01,1.189999553152508993e-01,2.645069037937352041e-01,1.653201662272666406e-01,6.607980696188391068e-02,1.095714732561776650e-01,1.759908843111845922e-01,3.411457169667992395e-01,3.553018454801376014e-01,-1.877653156977523649e-02,-9.885607042316457704e-02,2.065373787926180760e-01,4.134367040529067228e-01,6.705840296706734593e-02,4.903704365699986661e-02,-1.004379105411323109e-01,-3.054694132892443736e-01,-5.407301488002145273e-01,-2.712051476830957819e-01,-3.911211403547968923e-01,5.897940033066714077e-02
-3.248134411725277920e-02,2.302917914115912290e-01,-2.965145895705795787e-01,2.035211582286965415e-01,5.429777916796997284e-01,1.000000000000000000e+00,-1.054336654899682701e-01,1.261941999195674569e-01,4.226104830421377190e-01,5.047946735779078598e-01,8.342195808570534998e-02,3.141203807140622861e-01,-3.844228964654363562e-02,2.825550739532597389e-01,2.935028374815675245e-01,2.959470932570713586e-01,-2.148174627999463737e-01,-2.238259082175253489e-02,6.434603869699272172e-02,1.081370928102238643e-01,1.700075964073461676e-01,3.409848518700567266e-01,1.805263863443406711e-02,2.337414540417355469e-01,5.939318110728808442e-01,7.791456275973009937e-01,5.622503239644309758e-01,2.970016533357165422e-01,1.700254703069842277e-02,3.647705438133964639e-01,4.049287278251932354e-01,1.542249430269448940e-01,2.097859600518343082e-01,2.531122927744760553e-01,1.558648733187363022e-01,1.598775637874793321e-01,9.528575897046337451e-02,2.601992939809642802e-02,1.120291344564100233e-01,-2.263416595915813956e-01,3.363599803387103959e-01,1.485633853165914398e-01,-5.463157424371062332e-02,-2.791009428482059060e-02,-3.897403816077572858e-02,4.035479690781536288e-02,-2.242950980830242524e-01,-2.408016443987666955e-01,-2.049912864739264484e-01,-2.098619241252960288e-01,-1.807498100898163595e-01,-2.038428884221815118e-01,-1.529246168282765161e-01,-1.794762947406050302e-01,-2.572590374905044941e-01,-2.784842933106930762e-01,-3.308905670494659973e-02,1.495911345457795194e-01,1.293802225300504927e-01,6.895750480361052814e-02,1.587783189597390399e-01,2.110147906519505012e-01,-6.944903704365699981e-02,1.488046829617051814e-01,-1.015058760445060049e-01,-8.073193619017829392e-02,7.381473703025157040e-02,1.352428616113320603e-01,-6.181688189820814389e-02,-2.139058939184056499e-02,3.968899414629786793e-01,1.957236695115956993e-01,-4.973859421779346784e-02,1.526252290093391140e-01,2.158049957549488251e-01,1.243799991063050114e-01,1.291702042093033631e-01,1.682872335671835307e-01,-9.101836543187810658e-02,1.184190535770141689e-01,5.326868939630904215e-02,-3.477367174583314430e-02,1.184056481522856308e-01,-2.144465793824567590e-01,2.513963984092229195e-02,-9.525447964609679019e-02,-8.148710844988604762e-02,-1.922293221323562173e-01,-2.071942446043165409e-01,-3.348541042942043688e-01,2.393672639528129087e-01,-1.442557755038205436e-01,3.636981098351133035e-01,-3.021135886321998226e-02,5.746905581125161949e-02,4.377764868850261143e-02,1.126904687430180102e-01,-4.845614191876312926e-02,-1.005272800393225835e-01,-1.979757808659904361e-01,2.026051208722463026e-01,-1.946512355333124833e-01,-7.417221502301264702e-02,-1.795522588140667508e-01,-2.206711649314088974e-01,-3.254524330845882107e-01,-8.999508467759953501e-02,-3.337950757406497188e-02,3.234014031011215873e-01,2.235399258233164987e-01,-1.109164842039411930e-01,-1.246034228517806930e-01,-8.336386791188167555e-02,-2.688860092050583406e-01,-2.215425175387640278e-01,-2.561419187631261418e-01
6.078108941418294275e-01,2.169802046561508657e-01,6.806604405916261147e-01,4.183520264533714395e-01,-1.505607936011439385e-01,-1.054336654899682701e-01,1.000000000000000000e+00,5.307967290763662138e-01,-4.286607980696188064e-02,-3.453639572813798631e-01,7.668796639706868534e-01,2.900710487510612667e-01,7.260958934715581181e-01,4.342106439072344615e-01,3.060815943518477300e-01,-1.883328120112605641e-01,4.875999821261003953e-02,2.482237812234684357e-02,3.824567675052504834e-01,2.191608204119933900e-01,-1.719781938424415624e-01,-1.747397113365208587e-01,6.936458286786719718e-01,4.762858036552125029e-01,-1.971312391080924098e-01,-2.921488895839849942e-01,-2.433263327226417583e-01,-2.997363599803387069e-01,1.028598239420885629e-01,1.981366459627329213e-01,2.222172572501005319e-02,2.360784664194110483e-01,2.968452567138835652e-01,2.561017024889405413e-01,2.670807453416149113e-01,2.643371017471736750e-01,-1.089816345681219045e-01,3.771392823629295121e-02,-2.107109343581035910e-01,-3.617096385003797931e-01,2.648911926359533500e-02,-9.097814915769247834e-02,3.163724920684570230e-01,3.243576567317574266e-01,-1.617677286742034981e-01,-8.892711917422584100e-02,1.941150185441708753e-01,4.133473345547164501e-01,-2.965592743196747150e-01,-2.819831091648420385e-01,1.161088520487957437e-01,-1.927208543724026890e-01,2.750435676303677468e-01,2.568881540730149071e-01,-2.584968050404397033e-01,-3.038562938469100468e-04,4.419321685508736074e-03,3.857187541891952259e-02,2.551901336073997828e-01,-7.587470396353725166e-02,5.324634702176147538e-01,7.686223691853970308e-02,2.073551097010590261e-01,-6.555252692256133273e-02,4.016131194423343542e-01,-3.914384020733723685e-03,2.242772241833862201e-01,5.891684168193395826e-02,3.995889003083247792e-01,1.175968541936636969e-01,4.164618615666472803e-03,1.854819250189910229e-01,2.044506010098753324e-01,2.410608159435184694e-01,2.950087135260735446e-02,2.511774431386567530e-01,2.994012243621251845e-01,3.095357254569015559e-01,-2.870458912373207161e-01,5.895705795611957956e-02,4.549801152866526921e-02,1.790205102998346787e-01,4.625318378837302985e-02,-3.848965548058447816e-01,1.527101300326198785e-01,-7.440010724339782971e-03,-5.099244827740292418e-01,-4.956253630635863994e-01,-8.513338397604897079e-02,1.948433799544215528e-01,-1.316680816837213497e-01,3.939318110728808331e-01,1.251307028911032571e-01,3.507842173466195757e-01,-3.422851780687251599e-01,-2.897493185575762964e-01,-1.821618481612225782e-01,-2.376960543366548884e-01,-1.416059698824791158e-01,2.743777648688502380e-01,-2.564859913311586803e-01,-7.309531256981992298e-02,-4.078600473658340331e-01,-4.206086062826757122e-01,-2.339693462621207296e-02,-7.355109701059028837e-02,-1.641851736002502282e-01,-3.413959515617319695e-01,-9.463336163367443155e-02,-7.542785647258590243e-02,1.424102953661915243e-02,2.137226864471155896e-01,2.516064167299700838e-01,1.219580857053487594e-01,3.036641494258009999e-01,-5.590062111801242378e-02
4.922159167076277098e-01,4.822824969837794656e-02,3.234863041244023241e-01,8.472228428437373893e-01,-3.309397202734706833e-01,1.261941999195674569e-01,5.307967290763662138e-01,1.000000000000000000e+00,-2.903927789445462371e-01,-3.969078153626167116e-01,5.190535770141651017e-01,5.645247776933732808e-01,2.000938379730997918e-01,5.899503999285043987e-01,-5.657089235443942682e-03,-3.424237007909200492e-01,1.950891460744448025e-01,1.321685508735868375e-01,3.052817373430448122e-01,3.448634880915143475e-01,-2.393985432771794930e-01,-1.872469726082487962e-01,3.747709906608874264e-01,5.290227445372893689e-01,-3.283077885517672878e-01,-2.583984985924304145e-01,-2.432503686491800377e-01,-2.732874569909289897e-01,1.138746145940390531e-01,4.235131149738594059e-01,-1.596139237678180500e-02,2.211939764958219812e-01,4.916975736181241619e-01,5.441708744805398013e-01,2.493721792752133792e-01,3.383573886232628669e-01,-1.482014388489208689e-01,-1.278430671611778882e-02,-3.225389874435855009e-01,-4.178113409893203234e-01,-5.620447741185933405e-02,-2.576522632825416562e-02,3.265338040126904429e-01,2.053308905670494788e-01,-8.190714509138030675e-02,1.628133518030296378e-01,1.073372358014209743e-01,2.673667277358237615e-01,-2.986907368515125949e-01,-2.942714151660038580e-01,6.557486929710890089e-02,-1.874257116046293414e-01,1.578488761785602490e-01,1.931855757629920844e-01,-3.195808570534876547e-01,-2.589347155815719947e-01,7.627686670539345244e-03,-1.006702712364270086e-01,3.791992492962151795e-01,5.973457259037490835e-02,4.707136154430492936e-01,3.915501139461101676e-01,3.146655346530229380e-01,2.260199293980964252e-01,1.206488225568613376e-01,3.658787255909558001e-01,4.574467134367040666e-01,5.123508646498949881e-01,4.419545109254211512e-01,3.228205013628848707e-01,9.358327002993878374e-02,1.027793913937173204e-01,1.148844899235890726e-01,4.662674829080834527e-01,1.546226372938915850e-01,2.991063050180973182e-01,2.399571026408686691e-01,2.665400598775637953e-01,-1.704901916975736231e-01,-1.005317485142320916e-01,3.449171097904284999e-01,2.118682693596675437e-01,4.050225657982930300e-02,-5.575182090352562847e-01,1.865186111979981187e-01,1.580320836498503023e-01,-6.550962956343000521e-01,-6.946244246838554348e-01,-2.377049912864739323e-01,-1.150453550203315578e-01,1.131730640332454518e-01,5.570400822199383234e-02,7.759506680369990250e-02,-3.068948567853791581e-02,-2.239867733142678341e-01,-2.713347334554716550e-01,-1.217793467089682280e-01,-4.154341123374592493e-01,-2.713347334554716550e-01,-2.112069350730595707e-01,-1.320479020510299806e-01,-4.851378524509584733e-01,-3.979802493408999275e-01,-5.440725680325304570e-01,1.317753250815496650e-02,-2.175477009696590580e-01,-1.959739041065284293e-01,-4.940524598954376678e-01,8.440949104070780140e-02,7.353322311095222830e-02,-5.644577505697305486e-02,9.366370257831002633e-02,3.373296393940747873e-01,-7.418562044774118514e-02,2.398230483935832602e-01,-9.759596049868179968e-02
-9.827070021001832467e-02,3.986326466776888844e-01,-1.441440636310827028e-01,-2.570490191697573645e-01,8.430001340542472299e-01,4.226104830421377190e-01,-4.286607980696188064e-02,-2.903927789445462371e-01,1.000000000000000000e+00,7.240582689128201022e-01,1.451047857366280780e-01,1.691094329505339888e-01,2.079270744894767542e-01,6.687072702086778453e-02,5.663479154564546869e-01,6.299879351177443132e-01,-1.203136869386478430e-01,1.483533669958443093e-03,2.038384199472720038e-01,1.690736851512578687e-01,4.358729165735734656e-01,3.189642075159748180e-01,-5.482371866481969974e-02,1.678895393002368397e-01,7.062111801242235698e-01,5.808615219625541393e-01,5.049197908753741970e-01,2.492202511282899102e-01,3.232896912283837465e-01,3.343938513785245092e-01,6.396934626212074093e-01,3.947897582555073837e-01,-1.987577639751552869e-02,2.105545377362706000e-02,-1.184503329013807532e-01,-1.791545645471200598e-01,-5.659323472898699497e-02,-1.184413959515617371e-01,8.986103043031413995e-02,-5.791590330220295485e-02,1.597122302158273388e-01,1.027123642700746298e-01,-3.440546941328924690e-01,-1.043969793109611743e-01,1.948255060547834927e-02,2.250323964430939877e-02,-4.117967737611153423e-01,-3.430984405022565742e-01,-1.362437999910630533e-02,-1.637696054336654911e-02,-2.351758344876893614e-01,-1.842039411948701855e-01,-3.600026810849457082e-01,-4.435006032441127788e-01,-7.814468921757004860e-02,-5.315697752357120831e-02,2.695830912909423852e-02,2.899369945037758578e-01,-8.772509942356673807e-02,-6.183922427275570510e-02,-5.330890567049466344e-02,1.998748827025336253e-02,1.420170695741543310e-01,2.187452522454086390e-01,-9.085303186022609945e-02,-3.505563251262344138e-01,-3.482282496983779563e-01,-2.438625497117833663e-01,-1.725590955806783067e-01,-1.108941418293936249e-01,3.295678984762500652e-01,3.059564770543813372e-01,2.139148308682246868e-01,1.357567362259261001e-01,1.376334956879217142e-01,5.191027302381696906e-02,-2.113141784708878756e-02,1.416461861566647440e-01,9.569685866213861747e-02,4.948835962286071699e-02,-5.229456186603512191e-02,8.807364046650877423e-03,2.806872514410831410e-01,3.199383350462486897e-01,-1.155368872603780295e-01,-2.117431520622011787e-01,3.363287010143438116e-01,2.394476965011841374e-01,-2.494392063988560837e-01,-2.062245855489521495e-01,-1.658608516913177566e-01,-1.990616202690021763e-01,1.869341793645828698e-01,-1.328254166852853024e-01,4.141829393627954881e-02,1.450511640377139255e-01,-4.267840386076231923e-02,1.697797041869609780e-01,1.097725546271057645e-01,9.278341302113587985e-02,2.768220206443540790e-02,1.635685240627373915e-01,2.075383171723490794e-01,2.457437776486885161e-01,-2.191295410876268057e-01,-2.312346396174985441e-01,1.044327271102372806e-01,3.182135037311765724e-01,-1.347870771705616810e-01,-1.197104428258635375e-02,-2.218195629831538618e-01,-3.344653469770767495e-01,-4.632423253943429020e-01,-2.434693239197461834e-01,-4.161445998480718389e-01,-6.845703561374502644e-02
-3.133383976048974562e-01,1.546137003440725688e-01,-4.477501228830599866e-01,-3.737611153313374346e-01,7.047365834040841825e-01,5.047946735779078598e-01,-3.453639572813798631e-01,-3.969078153626167116e-01,7.240582689128201022e-01,1.000000000000000000e+00,-1.201885696411814641e-01,2.917467268421287951e-02,-9.619285937709459722e-02,-1.226685732159613906e-01,3.817954332186424549e-01,8.374994414406362608e-01,-3.245900174270521243e-01,-2.353769158586174470e-01,1.275749586666070912e-02,-5.599445909111220449e-02,5.819741722150230112e-01,5.307341704276330452e-01,-2.559765851914741486e-01,-7.473524286161133123e-02,6.936949819026766439e-01,6.957996335850574754e-01,6.838732740515661712e-01,4.199070557218821387e-01,-1.600607712587693784e-02,9.533938066937754086e-02,3.570802984941239822e-01,9.754680727467715529e-02,-2.116359086643728460e-01,-2.215112382143974157e-01,-1.317708566066401465e-01,-1.792484025202198406e-01,1.839000849010232752e-01,2.488046829617051800e-02,3.670718083917958730e-01,1.610080879395862086e-01,2.977478886456052520e-01,2.276151749407926972e-01,-4.764645426515929927e-01,-3.261495151704723039e-01,-3.206130747575852702e-02,-1.281156441306582072e-01,-4.828902095714732723e-01,-4.255194602082309485e-01,-7.437776486885025462e-02,-4.461772197149112967e-02,-3.487421243129719683e-01,-1.975780865990437452e-01,-3.216497609365923660e-01,-4.440010724339782944e-01,8.256847937798829362e-02,-6.813083694535054802e-02,-1.993207918137539780e-01,1.387863622145761588e-01,-1.000580901738236800e-01,5.133830823539925481e-02,-1.741051878993699342e-01,7.508378390455337781e-02,-1.675231243576567330e-01,6.358192948746592410e-02,-1.872871888824344244e-01,-2.614906832298136696e-01,-3.342732025559676523e-01,-2.684034139148308573e-01,-3.322757942714151813e-01,-3.602395102551499417e-01,2.778050851244470154e-01,2.724429152330309911e-01,-5.439474507350641058e-02,-1.148442736494034583e-01,3.645381831181018079e-02,-6.470798516466330641e-02,-1.236114214218687196e-01,-5.853702131462531306e-04,1.447339023191384841e-02,2.197149113007730581e-02,-3.162652486706287180e-01,-1.755395683453237488e-01,3.486393493900531992e-01,4.057464587336341855e-01,-8.025380937486036037e-02,-1.446087850216720982e-01,4.618481612225747157e-01,2.922382590821752668e-01,-5.259394968497251716e-03,-1.230260512087224672e-01,1.127396219670226546e-01,-1.544662406720586356e-01,2.965994905938603154e-01,1.145270119308280064e-02,3.415657536082934986e-01,2.760400375351892421e-01,3.217301934849635630e-04,2.052862058179543425e-01,1.818267125430090836e-01,2.856249162160954397e-02,1.003753518923991284e-01,8.313597569149648592e-02,2.328164797354662918e-01,2.178604942133249844e-01,-3.301398632646677656e-01,-2.936547656284910213e-01,7.707225523928683264e-02,3.552929085303185852e-01,1.128289914652129237e-02,-4.474730774386701665e-02,-2.064569462442468473e-01,-3.151704723177979339e-01,-4.045042227087894959e-01,-2.046382769560748938e-01,-4.034317887305062800e-01,-1.302605120872246391e-01
4.858394030117521023e-01,3.974395638768488115e-01,3.389382903614996390e-01,3.741498726484650539e-01,-2.240493319630010305e-02,8.342195808570534998e-02,7.668796639706868534e-01,5.190535770141651017e-01,1.451047857366280780e-01,-1.201885696411814641e-01,1.000000000000000000e+00,5.297823852719066862e-01,6.620179632691362004e-01,5.797175923857187385e-01,3.988784127977121341e-01,1.952723535457348558e-02,1.268912820054515500e-01,-1.651101479065195110e-02,4.540193931811072892e-01,2.710040663121676685e-01,-9.351624290629607927e-02,-9.735019437865856384e-02,3.512578756870280428e-01,3.601009875329549970e-01,-1.880021448679565776e-01,-2.177264399660396033e-01,-1.443630189016488763e-01,-2.005585593636891595e-01,2.267214799588900265e-01,4.128200545153938861e-01,1.890969212207873340e-01,2.475937262612270540e-01,2.095223200321730261e-01,2.395594083739219782e-01,-1.945573975602126957e-02,5.460476339425353841e-03,-2.335895258948121056e-01,-2.510657312659189677e-01,-3.222574735242861865e-01,-5.246838554001519439e-01,-1.462710576880110747e-01,-2.316099915098976669e-01,2.237365387193351041e-01,3.227758166137897344e-01,-2.506814424237007732e-01,-9.061620269002189365e-02,7.125430090710040132e-02,2.023236069529469605e-01,-3.013092631484874384e-01,-2.442468385540015330e-01,4.571696679923142187e-02,-1.871844139595156276e-01,1.985968988784128086e-01,2.084454175789803021e-01,-2.889494615487733786e-01,-1.305420260065239813e-01,-1.905357701416506705e-02,1.735421600607712500e-01,2.089190759193887137e-01,1.102819607667902997e-02,5.445819741722149887e-01,2.770945976138344258e-01,3.429062960811474770e-01,8.950802091246257142e-02,6.700478126815317959e-02,-2.548549979891863160e-01,-1.083962643549756522e-01,-1.144510478573662754e-01,3.055006926136109580e-01,2.094418874838017697e-01,1.115554761160016117e-01,2.161088520487957354e-01,2.636355511863801016e-01,3.290808347111131016e-01,6.069082622101076852e-02,3.220161758791724171e-01,2.855176728182671209e-01,3.326064614147191678e-01,-2.851423209258679980e-01,1.043344206622279779e-01,3.216855087358684584e-02,1.023102015282184168e-01,3.944322802627463209e-02,-3.957594173108717750e-01,2.741409356986460391e-02,-1.219223379060726531e-01,-4.303051968363197366e-01,-5.049957549488359732e-01,-1.789758255507395424e-01,1.562983153849591134e-01,9.987488270253362665e-02,2.806291612672595082e-01,1.621475490415121290e-01,2.895839849859243031e-01,-1.449975423387997731e-01,1.798114303588185456e-02,-3.669064748201438658e-02,-4.375530631395505021e-02,1.149425800974127471e-01,2.693239197461906320e-01,8.731399973189149857e-03,3.742794584208409409e-02,-2.503999285044014589e-01,-2.539791769069216776e-01,-3.704812547477545626e-02,-1.413691407122749100e-01,-1.145225434559185018e-01,-2.850127351534921250e-01,2.246749184503328903e-02,1.152240940167121031e-01,6.662496090084454176e-03,1.713972921042048458e-01,2.285178068725144118e-01,1.901559497743420257e-01,2.497832789668885944e-01,-8.751954957772911659e-02
1.586487331873631668e-01,3.611332052370526124e-01,-1.192457214352741351e-01,4.660217167880602585e-01,7.311765494436749113e-02,3.141203807140622861e-01,2.900710487510612667e-01,5.645247776933732808e-01,1.691094329505339888e-01,2.917467268421287951e-02,5.297823852719066862e-01,1.000000000000000000e+00,2.893382188659010534e-01,7.097770231020152920e-01,3.259975870235488626e-01,2.003753518923991339e-01,-1.388533893382188633e-01,2.878859645203092343e-01,3.756334063184235128e-01,3.585951114884489699e-01,7.071808391795880722e-02,7.181732874569909941e-02,4.635595871129183365e-02,2.751016578041914351e-01,-1.272219491487555365e-01,9.115688815407300971e-03,3.964430939720273162e-02,-1.315161535367978807e-01,2.856025738415478576e-01,7.112069350730595430e-01,4.064211984449707105e-01,3.860449528575897182e-01,2.501720362840162415e-01,4.154385808123687296e-01,-4.651235533312480380e-02,3.623486304124402119e-02,-2.554135573528754644e-01,-2.627016399302917748e-01,-3.255373341078690030e-01,-5.429867286295188000e-01,-3.104696367129898549e-02,-3.186916305464945059e-02,1.859153670852138063e-01,3.125653514455516424e-01,-1.727869878010634963e-01,1.471379418204566691e-01,-1.437508378390455199e-01,-6.186156664730327326e-02,-2.662049242593502729e-01,-2.658385093167701663e-01,-6.197774699495062212e-03,-1.298538808704589043e-01,1.764600741766834957e-02,1.360650609946825219e-02,-3.358997274230305363e-01,-2.961526431029089523e-01,-1.040841860672952340e-01,2.170472317797935702e-01,3.329013807587470342e-01,2.658831940658653026e-01,4.367174583314714642e-01,5.373296393940748539e-01,3.733678895393002239e-01,5.437731802135931103e-01,-3.102953661915188177e-01,-1.234818356494928326e-01,-1.255596764824165601e-01,1.155815720094731658e-01,1.426158452120291353e-01,4.443898297511059692e-01,3.764109209526788624e-01,4.414406363108271392e-01,3.398856070423164621e-01,5.543098440502256530e-01,3.826712543009070933e-01,5.264935877385048535e-01,2.921533580588944745e-01,3.194780821305688301e-01,-1.373341078689843120e-01,7.642432637740739776e-02,1.912775369766298861e-01,1.248089726976183006e-01,5.587381026855534061e-02,-4.044550694847848238e-01,2.222172572501005319e-02,-7.160284195004244789e-02,-4.132222172572501129e-01,-4.812681531793199241e-01,-4.400107243397828327e-01,-1.516645069037937388e-01,2.815139192993431072e-01,-8.024934089995085229e-02,3.919790875374234984e-01,-3.740560346753653287e-02,1.688636668305107391e-02,-5.935475222306627052e-02,-7.489163948344429965e-03,-1.505116403771392941e-01,4.235667366727735583e-02,-2.623441619375307260e-02,2.889449930738638983e-01,-5.919835560123330037e-02,-1.240091156888154106e-01,-1.669377541445104807e-01,-2.973770052281156373e-02,-1.971178336833638578e-01,-1.125474775459135851e-01,-1.269895884534608388e-01,1.122346843022476448e-01,2.523705259394968259e-01,-7.408284552482237439e-02,-1.851870056749631288e-01,5.883194065865320066e-02,-9.022744537289423272e-02,-6.998525403279860779e-02,-1.977032038965101102e-01
2.498905223647169271e-01,2.820814156128513273e-01,4.845926985119978769e-01,6.750078198310915933e-02,4.632467938692524240e-02,-3.844228964654363562e-02,7.260958934715581181e-01,2.000938379730997918e-01,2.079270744894767542e-01,-9.619285937709459722e-02,6.620179632691362004e-01,2.893382188659010534e-01,1.000000000000000000e+00,4.808883328120112655e-01,6.752044327271102819e-01,8.667053934492158218e-02,-2.430805666026185363e-01,-3.884445238839984160e-02,3.004155681665847677e-01,7.540104562312882619e-02,2.049242593502837578e-02,-7.120067920818624885e-02,5.377496760355691130e-01,3.370838732740515931e-01,-7.154028330130926538e-02,-1.258680012511729784e-01,-1.329013807587470508e-01,-2.499083962643549872e-01,1.373162339693462589e-02,2.363555118638008823e-01,2.644711559944590840e-01,2.897359131328477444e-01,1.470843201215425167e-01,2.194691451807498084e-01,2.838062469279235001e-01,2.654810313240091313e-01,-2.153804906385450510e-02,-3.341525537334107815e-02,-3.415434112337459305e-01,-5.041378077662094226e-01,3.379060726574020096e-02,-1.485723222664104837e-01,2.712319585325528304e-01,4.572947852897806253e-01,-1.346396174985477479e-01,-4.631574243710621236e-02,2.257026676795209907e-01,3.326734885383618723e-01,-3.318646945797399384e-01,-3.345145002010813662e-01,9.647437329639393933e-02,-2.113052415210688595e-01,3.038562938469100416e-01,2.987622324500647797e-01,-3.106394387595513562e-01,-3.520711381205594848e-02,-9.315429643862549458e-02,2.336208052191786899e-01,1.662540774833549395e-01,-2.963939407480227148e-02,4.153492113141784570e-01,8.391349032575182165e-02,1.079449483891147948e-01,-7.735376915858617475e-02,4.201304794673577647e-01,-2.127709012913892583e-01,-4.189642075159748236e-02,-7.242057285848339798e-02,3.261182358461057196e-01,1.934179364582867822e-01,3.686357746101255883e-01,4.508467759953527776e-01,2.128155860404843946e-01,2.601456722820501555e-01,1.861879440546941322e-01,3.586621386120916744e-01,5.368604495285759226e-01,5.480003574779928055e-01,-2.415746905581125092e-01,3.354662853568077252e-01,9.112114035479690344e-02,2.073059564770543817e-01,1.052593949684972469e-01,-3.192189105858170839e-01,3.316144599848072083e-01,-7.713034541311050707e-02,-3.728361410250681240e-01,-3.425890343625720424e-01,-7.596854193663703236e-02,2.032262388846686751e-01,5.277268868135305720e-03,4.593368783234282327e-01,2.614817462799946535e-01,4.376022163635551188e-01,-3.143929576835425843e-01,-2.398096429688547360e-01,-2.107779614817462677e-01,-1.665489968273828059e-01,-3.787926180794495140e-02,3.840296706733991594e-01,-1.709951293623486190e-01,1.348228249698378012e-01,-3.872871888824344078e-01,-3.012243621252066461e-01,-2.038920416461861562e-01,-2.067295232137271455e-01,-2.302202958130390165e-01,-3.480048259529022747e-01,-2.798114303588185581e-01,-8.636668305107467192e-02,6.867152240940167796e-02,7.225970776174091281e-02,2.217972206086062936e-01,1.933196300102774934e-01,2.017873899638053525e-01,-2.011394611019259038e-01
