0.000000000000000000e+00,7.439479519008237451e-01,2.476913366456812704e-01,5.840813089708524197e-01,-2.379533573937108459e-01,-2.590736215183932489e-01,-6.097525449513667428e-02,1.698894625256922863e-01,-4.048568515431549275e-01,-3.103982909579374727e-01,5.135541924938096248e-01,4.882454805871595527e-01,4.437569793976274268e-01,4.208742656459887876e-01,-1.221107316836330114e-01,-4.457913220799818860e-02,6.987813364838402208e-02,8.544724789201961490e-02,5.697292398323325902e-01,5.794024826425415720e-01,2.033047953519234730e-01,-2.252828173299454423e-02,2.818948356503584926e-02,4.143941478256647770e-02,-9.872954733043098896e-02,-1.799543608085581448e-01,-4.345109971030442636e-02,-4.511320785253038895e-02,2.765168557510236380e-01,1.796484811212351596e-01,-2.034019000145657063e-01,-1.333732541390862392e-01,-2.584327307449545974e-01,-2.105649872954732937e-01,-2.577853663273398377e-01,-2.881354286361650363e-01,6.593244752302189482e-02,4.041010535855896896e-02,1.130298273155416061e-01,1.964653902798232654e-01,7.944617974073055200e-02,7.351146644224700044e-02,-5.554856042337632527e-01,-4.559063911052129159e-01,-5.847691336645681748e-01,-4.314878052727831870e-01,-3.150738804641602941e-01,-1.122125297383029380e-01,-4.382414345595494476e-01,-3.136334946349673691e-01,-1.521209276732104487e-01,3.846963051675864661e-03,-6.206282671672951751e-02,-2.979996439495702920e-01,-9.480004531550922930e-02,1.521338749615627484e-01,7.658337244493356177e-01,6.510770525498066341e-01,2.957953681075919938e-01,1.765896842480053075e-01,4.029406528670151921e-01,3.100001618411044046e-01,3.475100746087491088e-01,-1.624836135881791155e-01,1.524332810047095699e-01,2.282736409393257837e-01,-2.876272475683374075e-01,-3.678858696531744910e-01,5.002913139879267002e-01,4.712197964038906672e-01,1.639045784848435772e-01,5.156257586301769315e-03,1.063975788570781233e-01,1.287947692955056789e-01,-7.585007040088041774e-02,-1.555843273074495325e-01,8.447296444350936573e-02,4.547735033743870343e-03,5.780964249300037106e-02,4.902167052387965823e-02,2.337228309245982238e-01,2.272022528281733011e-01,1.652235834857336896e-02,1.374176633381346269e-01,2.390053245723348929e-01,3.169981711955202619e-02,1.823674116752172780e-01,1.582288109534059350e-01,6.020974607130719081e-02,-1.151256696175694677e-01,-5.994173720241466885e-01,-5.482836750877988496e-01,-6.329573225007687487e-01,-4.744857498907572579e-01,4.620563530725533240e-03,-1.427276699736199084e-01,-4.536470892877372818e-01,-1.465487384485911759e-01,-5.659373027561540592e-01,-5.124633834501286511e-01,-1.580135622845490195e-01,-1.874152357215685683e-01,-2.112155885351761631e-01,-3.073848095939406624e-02,-4.440466749745100028e-01,-3.730664034051368594e-01,-4.308533881435206575e-02,3.675249639903542531e-02,6.956092508375277816e-02,6.215507614623962118e-02,-4.109469323018660192e-01,-4.780219780219780445e-01,-4.894350127045267174e-01,-2.868892521322565781e-01,-3.628574665393516918e-01,-2.946236385117091960e-01
7.439479519008237451e-01,0.000000000000000000e+00,1.535305636925666517e-01,4.263622974963180989e-01,-2.646895078412014879e-01,-3.621906811892084410e-01,-1.846574633025295786e-01,2.182022690122837338e-01,-3.127692631374516252e-01,-2.977746848144491865e-01,2.628817427050122446e-01,4.361067503924646593e-01,4.731489423683827300e-01,4.293078055964653639e-01,-1.020570004369709786e-02,-4.581236142355435415e-02,-1.023483144248976337e-02,1.290132547864506762e-01,3.792422599491818702e-01,4.843078865170176162e-01,2.000712100859376175e-01,-4.321643010891906139e-02,9.867452135493372245e-02,1.092022851963941749e-01,2.312385699720015050e-02,9.443428441955687563e-03,-5.088284322452216180e-02,4.625742446066451879e-02,2.588810306041528508e-01,9.087701694476363334e-02,-1.117965980999854336e-01,-3.605657965009953503e-02,-4.403923028370745341e-01,-1.801696094774150603e-01,-2.330301509977504015e-01,-2.167991066371036946e-01,6.190907766754600444e-02,9.257958536309052189e-02,1.300943533638673488e-01,1.641764715402417862e-01,1.914256582886921659e-02,1.491187751865218625e-01,-5.660149864862678015e-01,-4.369612714237162132e-01,-5.524316625936654956e-01,-3.460729256016443212e-01,-2.555568143197008979e-01,-6.712683487352118228e-02,-3.292236482221754801e-01,-1.933418569648319152e-01,-2.885788732622311323e-02,1.777597954328440366e-01,-1.360274482513068595e-02,-1.555891825405816553e-01,-6.472834970625838957e-02,2.881677968570457438e-01,7.343281166550680306e-01,8.696661218016151773e-01,2.204178737315703462e-01,2.743789347618508234e-01,3.489197106281053395e-01,3.699007914030005284e-01,3.148942368382721679e-01,-2.463448186570425247e-01,3.014776092832057719e-01,3.280373529268963972e-01,-3.642104581721665735e-01,-3.680169609477415005e-01,3.214601304439301255e-01,5.098496496140089151e-01,1.251339235138940464e-01,9.114243635598569260e-02,1.614996196734046485e-01,7.981841428085904855e-02,-1.812167214229069845e-01,-1.108158410072990346e-01,4.560196798782954752e-02,1.167845409377073554e-02,1.074786774344948202e-02,3.710531000663548629e-02,2.355322144718315636e-01,3.393710854682872591e-01,-3.697260030102445666e-02,1.230607389664827023e-01,4.200407839583097380e-01,2.731861658223955769e-01,2.522034666364563193e-01,1.586690187573840116e-01,-1.071226270048066843e-02,-8.374306106264868543e-02,-7.325915616048164214e-01,-6.516030361391186299e-01,-6.831151175775623807e-01,-5.726148667238505352e-01,5.456310993866222286e-02,-6.557477868228972495e-02,-5.231756461506092970e-01,-1.147615271326611480e-01,-6.378611079642007020e-01,-6.112074964799559806e-01,-2.757270711615336101e-01,-2.689734418747673494e-01,-1.805046205635307266e-01,-6.113709559954037115e-02,-3.734434931783974232e-01,-1.659712893880787854e-01,-1.282914434608101693e-02,-2.283545614915276079e-01,5.721244881775073426e-02,7.449222353493339943e-02,-3.991017818705595022e-01,-5.350353622813122101e-01,-4.740762918966158757e-01,-1.599329977827768645e-01,-1.892408033792422617e-01,-4.265128097234135440e-01
2.476913366456812704e-01,1.535305636925666517e-01,0.000000000000000000e+00,5.579374969654793404e-01,1.312369515609574516e-02,-3.872857628380456385e-02,6.563838223632038060e-01,4.213209470941429724e-01,8.399553318551845850e-04,-1.525983589312013555e-01,4.148683422615676020e-01,2.653012672158474583e-01,1.490896437877292091e-01,2.099418990435190646e-01,-3.349463496738901841e-02,-1.004774312579908985e-01,-3.127288028613507409e-01,-3.482658725663143745e-02,3.408033792422599517e-01,2.585751509168298656e-01,2.417744258686821412e-02,-1.081389891404618969e-01,3.580799171373545420e-01,4.129456699412517029e-01,9.002087750246808018e-02,1.259172344592079384e-01,4.491414329411384104e-02,4.133421806470407439e-02,-9.785722377769505431e-02,-5.295440936088947892e-02,3.332389260224311589e-01,2.137985725614591492e-01,2.378805288967291987e-01,2.093722183560180750e-01,-9.142403987764812986e-03,-2.347262457719011541e-01,-4.939390506400815478e-03,-1.593228568191749350e-01,4.054119665312595940e-03,2.423732379549757912e-02,1.576008674683196040e-02,-1.511822492676689889e-01,-1.733852303808121054e-01,-2.282493647736652254e-01,-1.265451779442942903e-01,-1.656281862467429422e-01,-2.107446309213614200e-01,-2.757448736830180325e-01,-5.511984333781094064e-02,1.067180242437974422e-02,-9.072326789558012028e-02,-5.930667270873456187e-02,-1.700529220411400033e-01,-3.521063619738141193e-01,-1.118839922963634353e-01,-1.075320849989480354e-01,-1.962161549790415738e-02,2.029972972535564607e-02,1.664924177442586861e-01,1.715192024470375137e-02,2.139183349787179000e-01,1.029374160449270936e-01,-1.300814060755150492e-01,-4.375212416449529573e-02,2.616161452685752953e-01,1.669666121801615111e-01,9.362993413067051407e-02,4.404667497451002917e-02,7.003835634174367109e-02,-4.949748337082652411e-02,4.737412808105002232e-02,1.980530515140235259e-01,2.292576348541002507e-01,1.079027011280324910e-01,9.987214552752107441e-03,-6.434154946673356634e-02,-2.819401511595915344e-01,-1.457120199388240722e-01,-2.068313130168800140e-01,-3.581705481558206117e-01,-1.166777258088009250e-01,-1.646328634546602165e-01,-3.812442344106556358e-01,-2.629723737234783143e-01,-1.516321675379112832e-01,-2.345142339251322927e-01,-8.930068458787163155e-02,-1.956497111136286382e-01,-8.841217692469532929e-02,-1.922850345530758009e-01,-2.920260887860298693e-02,9.474016410687986778e-02,-5.515706679182378475e-02,1.504523458868083363e-01,-2.065998802375827448e-01,-1.464985677062260183e-01,-2.350013756493874451e-01,-2.049474825616210139e-01,-1.434365340109080844e-01,-1.317613167392254203e-01,-1.136027448251306915e-01,-3.434106394342034685e-02,-2.515722863292819134e-01,-5.618637621583129349e-02,-1.879153247341759925e-01,-1.601223518749291808e-01,-1.724627360857110547e-01,-1.081001472754050119e-01,-5.639029600737995723e-02,-1.954118046901552053e-01,-2.539691530855006651e-01,-1.160157956917897970e-01,-2.275971451229183082e-02,-1.388920357992523003e-01,-1.171292624900872326e-01,-8.501189532117367498e-02
5.840813089708524197e-01,4.263622974963180989e-01,5.579374969654793404e-01,0.000000000000000000e+00,3.733997960802084431e-02,-3.643043260127206990e-03,1.559549434365340159e-01,4.452993251225946247e-01,-1.558804965285083000e-01,-1.126122772661800608e-01,2.181909401349754751e-01,3.730259431290359196e-01,1.888183980967486075e-01,5.026444836459563748e-01,-2.913139879266535910e-04,8.971176099305701312e-02,-3.592678308436776935e-01,-6.329443752124164213e-02,3.760167667384162193e-01,2.982391687840877936e-01,2.728980886565570141e-01,-1.194969978475133171e-01,2.614381200537312377e-01,3.928077813202997537e-01,1.754519412840473136e-01,1.511514994578322946e-01,2.298969072164948335e-01,1.001958277363284716e-01,9.558173784977908038e-02,1.022220783634627539e-01,1.198271537004968468e-01,1.918108401171729482e-01,-6.081503180177701834e-02,-2.553690786385926295e-02,-3.462833190373690861e-01,-3.778051109420770826e-01,-6.766900257327355950e-02,-9.027334962533783980e-02,9.327712052307045310e-02,3.154444965932447220e-02,1.177232193432488014e-02,4.082765540792050035e-02,-5.464241207982003523e-01,-4.996455679813558981e-01,-4.921571800805968899e-01,-4.192267232031591240e-01,-4.279629060188706591e-01,-2.764553561313502494e-01,-2.604735470714852341e-01,-1.675864636100276861e-01,-1.864538995614106187e-01,-2.164624771399439873e-02,-1.754665069834436542e-01,-4.102833837738108502e-01,-2.556959976694880843e-01,-4.408875366165498910e-02,3.402466458431112062e-01,3.165385424590137498e-01,1.239314441081745960e-01,5.858162456100600435e-02,2.112657592775413207e-01,2.110974445289614532e-01,8.340481315444496502e-02,-1.780786224085193215e-01,1.134473773649031375e-01,3.118516240754826696e-01,-1.698700415931638230e-01,-2.160870057777274367e-01,2.677839097574001848e-01,1.335286215993138070e-01,3.906472025765103662e-01,1.985515221155869092e-01,2.998721455275210612e-01,2.556506821602550494e-01,1.279580507857385752e-01,-1.023046173267086328e-01,5.976953826732913505e-02,1.335998316852514238e-02,-1.937772095356778690e-01,-1.658612374370842801e-01,8.988816779685704361e-02,-7.525611354771885022e-04,-3.596918545372153331e-02,9.876191555131172417e-02,-9.323827865801356807e-02,-2.542523750182071329e-02,3.242098108077489660e-01,2.224797294016734317e-01,1.541374678340804993e-01,-7.127967761252003431e-02,-2.877114049426273135e-01,-1.614947644402725535e-01,-2.532360128825519308e-01,-5.643399310556895115e-02,-1.996131997604751740e-01,-1.520756121639774139e-01,-4.360306850733949302e-01,-1.128420916344333169e-01,-4.335545161760183674e-01,-4.359093042450921662e-01,-2.576057227014517115e-01,-1.568191749340497598e-01,-3.695123727524316504e-01,-1.168282380358963563e-01,-4.062486850410267358e-01,-2.763388305361795805e-01,8.956124876596158191e-02,2.255741313178721147e-02,9.169107769991421963e-02,3.243781255563287641e-02,-4.321028014695172392e-01,-3.709155351276117174e-01,-3.301574713945847894e-01,-3.822929647671915454e-01,-3.904902167052388129e-01,-2.314797132175629990e-01
-2.379533573937108459e-01,-2.646895078412014879e-01,1.312369515609574516e-02,3.733997960802084431e-02,0.000000000000000000e+00,8.555600511417890131e-01,1.873731570344236153e-01,-2.730097590185955395e-02,7.852627490329994187e-01,7.865332017025684630e-01,-1.614397384647752731e-01,-4.658758031364806235e-02,-8.184466490799333083e-02,1.788506044765249617e-02,5.800142420171875424e-01,6.048131544449659724e-01,-9.359918432083380591e-02,-1.001812620369321449e-01,-2.837252585411642603e-01,-4.081810678276068804e-01,1.718914369871659964e-01,2.211510139345190806e-01,-1.498227839906779435e-01,-1.616258557348395353e-01,5.247503600964572579e-01,4.907281231287122236e-01,7.697875026299179080e-01,6.753062842900839913e-01,-1.029228503455307531e-01,4.564080985288643949e-02,2.895159332567285304e-01,9.942708249041092017e-02,1.412549159235462586e-02,-5.517972454644030217e-02,-7.347262457719011541e-02,-9.913576850248426164e-02,-1.801938856430756186e-01,-1.575037628056773775e-01,1.169463820421110488e-02,-9.224133745488678759e-02,4.636262117852692211e-02,6.972114777711242717e-02,-2.770396025182475866e-02,-1.994367929566751366e-02,-8.849471588794122212e-03,-1.099160044668144876e-01,-1.792811018142387858e-01,-1.516014177280745889e-01,1.474679959216041725e-01,3.975950411885610658e-02,-4.779167813041156065e-03,-8.452960883005065928e-02,-2.092346534172749295e-01,-1.012785447247891990e-01,-2.161242292317402669e-01,-1.735325057858194686e-01,-2.399909368981534008e-01,-2.843273074495460406e-01,-1.159235462622797003e-01,-8.922623767984592946e-02,8.041884477819677066e-03,4.596125523960575832e-02,-2.389066014986486186e-01,7.197235753936784275e-02,-2.256647623363381705e-01,-1.838725339461716457e-01,-3.570214763145544007e-02,-2.070595089740892292e-01,-1.437197559436145522e-01,-2.799575976306462044e-01,1.508715143472139086e-01,2.033857159041253457e-02,1.715030183365971392e-02,8.775672045186036496e-02,4.068895758144653318e-01,1.628558481283076398e-01,5.899431937723542685e-02,1.668258104193303185e-02,-8.813542863616501133e-02,1.819951771350887815e-01,1.070951140170580546e-01,-1.237971159915195324e-01,4.076372817168104623e-01,3.056272152001165421e-01,-2.864522811503665833e-01,-9.985272459499264230e-02,4.191312369515609593e-01,4.364967874540776060e-01,3.423700011328877357e-01,2.735988606386249855e-01,2.523523604525077513e-01,2.916684199452976856e-01,2.975934227775170471e-01,2.582773632847270573e-01,-2.201071388111152383e-01,5.185388985094434300e-02,9.457184935830001415e-02,1.147971321756299651e-01,8.684231821197947732e-02,4.027254041981582350e-02,7.513311430837203708e-02,-1.380342779459126958e-02,-1.781983848257780445e-01,-3.102979494732072130e-01,5.303047467995921499e-02,4.997653303986146489e-02,1.660797229280292497e-01,3.149913415009143736e-02,-2.094385732088235863e-02,1.463755684668792134e-01,-8.177992846623186041e-02,6.854294453705352119e-02,3.689815339299875457e-02,6.995096214536568324e-02,1.855799575976306570e-01,2.909352797423489512e-01
-2.590736215183932489e-01,-3.621906811892084410e-01,-3.872857628380456385e-02,-3.643043260127206990e-03,8.555600511417890131e-01,0.000000000000000000e+00,2.245173089061159866e-01,-1.476638236579326351e-02,7.858065351437958368e-01,8.407354059784103439e-01,-1.663321950508990232e-01,-9.263299292754373360e-02,-2.135234426839728861e-01,-6.696984900224958737e-02,4.744485264367444000e-01,5.899221544287818197e-01,-2.291993720565149023e-02,-6.753952968975060478e-02,-2.369839291783327195e-01,-3.391898234313551197e-01,9.275599216689055238e-02,2.196313259641683724e-01,-2.079528718703976542e-01,-2.528152260111022898e-01,4.400427260515625827e-01,4.385748272346210452e-01,6.909077667546003054e-01,6.563158490993542538e-01,-1.927203871239217270e-01,5.335415688876660872e-02,2.414523620709187746e-01,4.681092103772516166e-02,1.225104792115101343e-01,2.781886743595138323e-02,-1.294728835229571678e-05,4.719933968829403276e-02,-2.240932852125782915e-01,-1.699153571023968579e-01,-5.915292365955105575e-02,-1.271520820858081657e-01,9.265726909320429194e-02,1.548803185032934793e-01,2.108465908171357206e-02,-4.019485668970205344e-02,-5.428150641699979254e-03,-1.275971451229183096e-01,-1.753483629772289443e-01,-1.810629723737234853e-01,1.304989561248766083e-01,-2.462574244606645368e-02,-6.159672433604686942e-02,-1.519785075013351805e-01,-2.486364886953988662e-01,-7.370243894544335761e-02,-2.037498583890336445e-01,-2.744711841913609063e-01,-2.849568693456764334e-01,-3.534318406188803885e-01,-1.144491738011620130e-01,-1.256162100050170760e-01,-5.293175160627296150e-02,1.155221803233585226e-02,-2.629027820485846934e-01,3.030361391186133235e-01,-3.696790690899674492e-01,-2.896195115635469275e-01,6.094450468529997306e-02,-1.249413325996536622e-01,-1.450047743125799093e-01,-3.152373399796080111e-01,2.004402078039780599e-01,3.592872517762061430e-02,-4.266131512081438454e-02,1.257909983977730795e-01,4.639903542701775407e-01,2.861269805305151626e-01,1.320736700707245692e-01,1.152098269918593876e-01,-1.359465276991050076e-01,1.903931120425965684e-01,2.868148052242308621e-02,-1.733868487918561463e-01,3.709867452135493515e-01,1.906391105212902060e-01,-3.337098836362459298e-01,-1.234815258379323155e-01,3.369677450678923436e-01,2.851931573581057977e-01,2.464095550988039951e-01,2.688407321691563268e-01,3.981954716858988053e-01,3.840877826150285723e-01,4.475926135719950349e-01,2.773098771626017478e-01,-1.112948906763339685e-01,1.349058893977892470e-01,2.346922591399763780e-01,1.741458835715094799e-01,2.034148473029180060e-01,1.781643981938532684e-01,2.015115959151305147e-01,8.992053601773777882e-02,-4.102510155529301428e-02,-1.688439689912444031e-01,1.084950395701500259e-01,9.089805628833610984e-02,5.788247098998203222e-02,6.308404408551683551e-02,7.401641068798653356e-02,2.179692178219424237e-01,5.438993995695026729e-02,2.044571040152778074e-01,1.519509945135865681e-01,1.190163297674343285e-01,1.338927640842220990e-01,2.901406399197268282e-01
-6.097525449513667428e-02,-1.846574633025295786e-01,6.563838223632038060e-01,1.559549434365340159e-01,1.873731570344236153e-01,2.245173089061159866e-01,0.000000000000000000e+00,4.944342844195568909e-01,2.859295343831426139e-01,1.114340740261211549e-01,3.517664956545663579e-01,1.921830746573014725e-01,1.070692194403534553e-01,1.136820469662885025e-01,-5.803622003916555049e-03,-4.432989690721649695e-02,-2.222450598002880806e-01,-6.129731829290003403e-02,1.400152130638139536e-01,1.092006667853501478e-01,-1.401770541682176574e-01,-8.365081163313858870e-02,2.045137484018191010e-01,1.364158669018757375e-01,3.442683972875430765e-02,9.097735842949392082e-02,6.316496463771868741e-02,7.869523701629739521e-02,-1.439803201217045026e-01,-1.102995678842512428e-01,2.630144524106232673e-01,1.422664228260693553e-01,2.645017721600932403e-01,2.394050721002120019e-01,6.568806745537231206e-02,-8.402628299535516709e-02,-1.011571638964864350e-01,-2.452151677483047076e-01,3.714900710482448021e-02,-4.512453672983864766e-02,4.896502613733835774e-02,-1.150722620531162560e-01,8.857563644014306015e-03,-1.094774150738804658e-01,-6.646652316755409518e-02,-1.049167327517843001e-01,-1.203531372898088703e-01,-1.814157859813235463e-01,-5.277638414604541098e-03,1.304924824807004481e-02,-9.973619899982197334e-02,-6.993154121283723379e-02,-2.170192105390927051e-01,-2.715920309440191804e-01,-1.085630128339995781e-01,-2.144799236109987128e-01,-3.725452750489569587e-01,-2.963181148748159077e-01,1.096894269206493133e-01,-4.597420252795805101e-02,2.587288999660133926e-01,6.027286410202463418e-02,-1.583550470148408218e-01,2.234459207949635040e-01,9.055009791386815776e-02,-1.144540290342941323e-02,1.677402126592111853e-01,4.964475877583388735e-02,-9.131722474874168216e-02,-2.019242907313599511e-01,-6.469598148537765436e-02,1.916473806017252313e-01,1.519833627344673033e-01,6.485134894560520835e-02,8.773568110828788846e-02,1.045493534447879125e-02,-1.754130994189904424e-01,2.699024098140445638e-02,-1.859845603586398888e-01,-2.821651102947126399e-01,-1.378999498292576287e-01,-2.363980643803913206e-01,-2.808347764165142757e-01,-2.476346922591399768e-01,-1.967567042677499101e-01,-2.526647137840068447e-01,-1.278318147243036884e-01,-1.427438540840602621e-01,7.043324863648869547e-03,-1.483128064865914530e-01,2.271795950735567837e-01,2.946268753337972779e-01,1.918998527245950048e-01,3.739144507922121941e-01,5.367460227548592755e-02,1.000339866319247678e-02,2.426645519429024636e-02,-1.576494197996406998e-01,3.572480538607195749e-02,3.402223696774506895e-02,7.659615789218145177e-02,2.433782712133227555e-01,-9.907588729385490012e-02,8.134133907329784210e-03,-1.116347569955817437e-01,-7.803330689928628106e-02,-2.020618556701030966e-01,2.266746508278172367e-02,3.228730032853744519e-02,-8.054184401754357903e-02,-1.502144394633349034e-01,1.488452637200796298e-02,1.653449643140364744e-01,1.039764359351988271e-01,-7.226690834938258312e-02,-5.488031850329346678e-02
1.698894625256922863e-01,2.182022690122837338e-01,4.213209470941429724e-01,4.452993251225946247e-01,-2.730097590185955395e-02,-1.476638236579326351e-02,4.944342844195568909e-01,0.000000000000000000e+00,5.431225622683649029e-02,-3.762320154072731210e-02,2.413811519849811404e-01,4.207415559403777094e-01,3.402919613523442410e-01,5.462088721293434368e-01,4.091504960429850207e-02,2.713913479745585708e-02,-2.211785269222677208e-01,-2.030134813639968352e-02,2.524397546488857391e-01,2.450419977665927729e-01,5.246726763663435433e-02,-1.374953470682483969e-01,3.150366570101474362e-01,2.531874605512308141e-01,4.500639272362394472e-02,1.634546602146013106e-01,6.211623428118273615e-02,8.071177717716745970e-02,1.439220573241191681e-01,-5.160950978329476024e-02,2.474760879768243549e-01,4.038372525854116435e-01,-3.771545097023742271e-02,2.513732217708653516e-01,-1.533816698765152475e-01,-5.852821699655278570e-02,-1.888718056612018192e-01,-1.114680606580459310e-01,-1.789962614704882675e-03,-2.162423732379549768e-01,-1.145041997766592795e-01,5.809933806988298866e-02,-3.553205263072715114e-01,-3.884995711210733060e-01,-4.140122028192720349e-01,-3.471637346453252393e-01,-2.843159785722377819e-01,-1.908834905889397748e-01,-2.120749647995597842e-01,-1.153765233293952003e-01,-1.373108482092281757e-01,6.444512777355192179e-02,-2.249122012008610005e-01,-4.050656265678356793e-01,-1.683649193222094553e-01,-1.960219456537571486e-02,-7.671753872048422962e-02,8.849633429898526304e-02,-8.215378141740439788e-02,6.391105212901973184e-03,2.767175387204842130e-01,3.362799203741766441e-01,1.599103400281603471e-01,1.772548511871044896e-01,2.631083202511774188e-01,4.391315606337697908e-01,-2.548835553253815389e-01,-2.290779912282121522e-01,-1.797245464403049164e-01,-1.274498697179109533e-02,1.191587499393095828e-01,3.636423958957095692e-01,2.208936865785172121e-01,1.540533104597905656e-01,2.815711534415510711e-02,4.925795853630905025e-02,-1.083056854779976957e-01,3.932091472592209175e-02,-2.449189985272459402e-01,-2.306947838612050661e-01,7.456667044295910152e-02,-9.176390619689588687e-04,-1.993623460486494414e-01,-4.736765443687387944e-02,-5.038437262295877850e-02,-4.952337794753111644e-02,1.799689265079544853e-01,5.619608668209551822e-02,-7.143018983961546553e-02,-2.495055754260467051e-01,-2.001909725031963683e-01,-1.488274611985952178e-01,-7.318778423343960671e-02,-6.622376151094855334e-02,1.256340125265014707e-01,4.240236935376846816e-03,-2.412856657333829757e-01,-7.602000356050429841e-02,-3.533136966126657064e-01,-3.356568321222224149e-01,-1.907087021961837991e-01,2.535402741588308612e-02,-2.409587467024874863e-01,-5.895224069009046691e-02,-3.243279548139636481e-01,-2.693035977277508791e-03,-4.197996407127482094e-02,-1.143342666170353988e-01,2.867889106475262628e-01,4.349641521953746121e-02,-3.055187816601660500e-01,-3.414555988930068620e-01,-1.524332810047095699e-01,-1.305831134991665143e-01,-2.157519946916117703e-01,-4.780527278318147388e-01
-4.048568515431549275e-01,-3.127692631374516252e-01,8.399553318551845850e-04,-1.558804965285083000e-01,7.852627490329994187e-01,7.858065351437958368e-01,2.859295343831426139e-01,5.431225622683649029e-02,0.000000000000000000e+00,7.603780608198870139e-01,-2.199404424735794394e-01,-1.890206994772532234e-01,-9.456052048099175544e-02,-1.737056757675314311e-01,4.927042030134813899e-01,4.083574746314068693e-01,-4.254802634773179743e-02,-6.342552881580863777e-02,-3.998883296379614483e-01,-3.789881694152680836e-01,4.114971920568386010e-02,3.024842609525967285e-01,-7.474307724675913200e-02,-8.623379565942157488e-02,4.393905064008156724e-01,4.306429947077958786e-01,5.243214811697874955e-01,5.714884526372008278e-01,-2.017041868293709128e-01,-1.006133777856900030e-01,2.829985919823916896e-01,1.063053294275680127e-01,-4.698247260839307632e-03,-7.700399747527877405e-03,1.728689572577643274e-01,2.379274628170062744e-01,-9.883636245933742626e-02,-1.415607956108692611e-01,5.248830698020683083e-02,-5.133276149476444228e-02,1.502387156289954617e-01,1.747139458479664564e-01,5.513117221511919935e-02,-3.286669148230267345e-02,1.918949974914628889e-02,-6.800401365938921194e-02,3.329880723106054541e-02,-5.029212319344867482e-02,1.437958212626843091e-01,3.290229652527149051e-02,5.670912298305523513e-02,-2.444771723122238574e-02,-1.476185081486996176e-01,1.282461279515771380e-01,4.047646021136447857e-03,-6.183948599265241125e-02,-3.575879201799673224e-01,-2.850038032659534815e-01,-1.719723575393678483e-01,-1.089757076502290006e-01,-1.662431824434770083e-02,1.284694686756542373e-02,-2.957484341873148903e-01,1.947903348492450171e-01,-1.707213258023272673e-01,-1.715548074900063169e-01,6.538866141222547668e-02,-9.508650407030377893e-02,-3.015067406819983975e-01,-3.220799818737963283e-01,4.591270290828464856e-02,1.058408454579294056e-01,-1.139037692793215539e-02,5.005259835893120096e-02,3.677871465794882444e-01,2.779135444820275413e-01,1.085694864781757280e-01,9.695738723721050722e-02,-1.510543947951900889e-01,7.667707844438330367e-02,-8.981048406674327356e-02,-1.978960656427519449e-01,2.533056045574454962e-01,8.981048406674327356e-02,-2.132321286960462137e-01,-5.695350305070481789e-02,2.065545647283497099e-01,1.312774118370583776e-01,1.657155804431209301e-01,2.723753418893330447e-01,2.937399860816650166e-01,2.734855718655423984e-01,3.221625208370421656e-01,2.541665992328731583e-01,-8.444868827784880044e-03,1.825292527796209818e-01,2.633332793862985244e-01,1.971257019857903525e-01,2.313907006101409702e-01,1.784605674149120358e-01,1.541504151224327990e-01,1.123678971985304781e-01,-2.577643269837673334e-02,-2.370357183317418903e-01,1.188900937059994556e-01,1.558529835407596875e-01,-1.533768146433831317e-02,-6.800401365938921194e-02,9.783132920099046892e-02,1.777565586107559548e-01,1.234669601385359888e-01,1.506158054022560533e-01,1.746200780074123327e-01,1.645341403809739700e-01,2.224862030458495954e-01,1.568094644677855420e-01
-3.103982909579374727e-01,-2.977746848144491865e-01,-1.525983589312013555e-01,-1.126122772661800608e-01,7.865332017025684630e-01,8.407354059784103439e-01,1.114340740261211549e-01,-3.762320154072731210e-02,7.603780608198870139e-01,0.000000000000000000e+00,-2.329087701694476376e-01,-9.678907248863066748e-02,-1.937755911246338281e-01,-7.631940960365113380e-02,5.572529090938516116e-01,6.826020812766026014e-01,1.092071404295262976e-01,-4.309343086957225649e-02,-2.527828577902215823e-01,-3.430367864830309865e-01,1.577788926831636546e-02,2.322015245432034747e-01,-2.003673793069963849e-01,-2.312223858615611305e-01,4.649630193076437767e-01,4.371700464483969650e-01,6.211445402903429391e-01,6.242729288384664121e-01,-1.157714156241402143e-01,6.262441534901033724e-02,1.772321934324879722e-01,5.929858065351438327e-03,6.125685801679910461e-03,4.537215361957629839e-02,2.669245334930165497e-02,1.351972033857158917e-01,-2.084335399504766151e-01,-1.154946673356098963e-01,-6.382689475472980156e-02,-1.666542588486623899e-01,8.856916279596692421e-02,1.402628299535516043e-01,-2.166405023547880726e-02,-4.764602113644823833e-02,-4.387997863697421647e-02,-1.488128954991988773e-01,-1.314894236838272112e-01,-1.198142064121445610e-01,2.094223890983832118e-02,-7.958212626842965653e-02,-1.008237712214148096e-01,-1.492595769473530898e-01,-2.235236045250772741e-01,2.039036074382171576e-02,-1.638641182087426651e-01,-1.273236336564760596e-01,-2.676803314505818432e-01,-3.106151580378384569e-01,-2.762902782048584638e-01,-1.884364530903558932e-01,-1.412484422793701122e-01,9.484212400265419618e-02,-1.191182896632086569e-01,3.325705222612438949e-01,-2.615481720047257430e-01,-2.053974008318632805e-01,-6.580459305054298103e-02,-2.313777533217886706e-01,-1.460648335464241332e-01,-3.069850620660635188e-01,9.135606661379856719e-02,5.824661347489035190e-02,-1.224344138924404052e-01,4.281020893686578177e-02,4.144297528686335941e-01,1.888313453851009072e-01,1.549288708346145682e-01,1.697324766544206776e-01,9.110035766884072572e-03,2.701079480166372893e-01,9.352150059072003585e-02,-1.953422130152616260e-02,4.299600252472122741e-01,1.944844551619220319e-01,-1.976630144524106347e-01,1.682823803589635764e-02,3.375924517308905859e-01,2.820453478774538891e-01,2.440402013303338835e-01,4.185923060738966361e-01,3.079706743918820266e-01,2.540144685947337000e-01,4.033501108611565189e-01,2.346000097104662674e-01,-1.001942093252844307e-01,1.055560051141788969e-01,2.575409862596902411e-01,2.002427616566055391e-01,2.089870365275372510e-01,1.637216980368673969e-01,1.772046804447393598e-01,8.549580022334071772e-02,-1.981906164527666783e-02,-1.171373545453074233e-01,1.730858243376652839e-01,1.444885011895321036e-01,1.194678664487206499e-01,1.286313097800579307e-02,4.475068377866610325e-02,2.191587499393095884e-01,1.336483840165725301e-01,1.964572982246030886e-01,1.477916781304115523e-01,2.160692032562430143e-01,2.341193416303872787e-01,2.691110068135105227e-01
5.135541924938096248e-01,2.628817427050122446e-01,4.148683422615676020e-01,2.181909401349754751e-01,-1.614397384647752731e-01,-1.663321950508990232e-01,3.517664956545663579e-01,2.413811519849811404e-01,-2.199404424735794394e-01,-2.329087701694476376e-01,0.000000000000000000e+00,6.776448882487173808e-01,4.764941979964071317e-01,3.272815549693310899e-01,-2.438039133179044915e-01,-2.752787713023353566e-01,1.809156969687161221e-01,1.849455404683681692e-01,4.378594895531567333e-01,4.636521063619737926e-01,-7.956270533590120708e-02,-5.519590865688067671e-02,-1.617439997410542382e-02,-9.650746896696822674e-02,-2.733803751476799881e-01,-3.340481315444496779e-01,-1.304552590266875867e-01,-9.547815954296072494e-02,2.260547993979510895e-01,1.594490928806098218e-01,-9.585524931622133038e-02,-1.468190130929453441e-01,7.647639547492271483e-02,1.601903251387787330e-02,-6.191555131172215426e-02,-1.366570101474372523e-01,-1.537490491835116335e-03,-1.495978248555568102e-01,-7.240285487708168766e-02,-3.203482820566767864e-02,2.005696806875010077e-02,-1.853906035054783130e-01,-1.235640648011782083e-01,-1.019906455841654708e-01,-1.468076842156370854e-01,-8.492935635792778215e-02,-7.357134765087637585e-02,-8.713686902199420381e-02,-1.780397805434624225e-01,-3.654048455226658471e-02,-5.099613199760474891e-02,7.178462185825956743e-02,-1.004758128469468714e-01,-3.558432730744954808e-01,-8.105649872954732993e-02,-7.660910518053375140e-02,1.800190972503196429e-01,1.773195876288659878e-01,2.723850523555972902e-01,1.038178316528832051e-01,4.899399569502662088e-01,2.755134409037207077e-01,1.398112932722652968e-01,2.478547961611290151e-01,8.822767806567512194e-02,-4.648238359578565904e-02,-1.702196183786758299e-01,-2.523992943727847993e-01,1.846768842350580142e-01,2.267296768033145171e-01,-2.261405751832850503e-02,-7.061289226237679739e-02,1.196005761543316726e-01,7.620773924161258761e-02,-1.070044829985919849e-01,-4.306591788182362324e-02,-2.410946932301865908e-01,-1.483225169528556986e-01,7.572545275048956671e-03,-2.158620466426062756e-01,-3.684960106167764482e-02,-2.200440207803978088e-01,-2.901924290731359712e-01,-1.795724158021654304e-01,-2.839016653449643116e-02,-4.189240803379242206e-01,-2.060463836605221088e-01,-2.178704947482561494e-01,-7.976986194953794573e-02,-2.250562397837802819e-01,-1.921345223259803559e-01,-1.663079188852384649e-01,-3.342018805936331494e-01,-2.101474372461117623e-01,-4.100082538963245593e-02,-7.846542264804415301e-02,-2.227969379663046756e-01,-2.103545938597485010e-01,-2.402563563093754462e-01,-2.199452977067115622e-01,1.556555373933871667e-01,1.044765249478062374e-01,-8.825519105342374826e-02,3.407240771011021269e-02,-2.400152130638139591e-01,-3.616873553545129627e-01,3.204453867193189556e-03,-6.785673825438184870e-02,1.036592273705675728e-02,-4.855718655424104413e-02,-2.321659195002346576e-01,-2.259593131463528970e-01,-1.778034925310330305e-01,-2.372752431662593642e-01,-2.888896081826862194e-01,-8.387738917930376292e-02
4.882454805871595527e-01,4.361067503924646593e-01,2.653012672158474583e-01,3.730259431290359196e-01,-4.658758031364806235e-02,-9.263299292754373360e-02,1.921830746573014725e-01,4.207415559403777094e-01,-1.890206994772532234e-01,-9.678907248863066748e-02,6.776448882487173808e-01,0.000000000000000000e+00,4.743595138293223989e-01,6.376312935959475015e-01,-4.367282202333748475e-02,1.032546246095583306e-02,2.913787243684150957e-02,1.244817038631471640e-01,3.676997523831102566e-01,4.265467963553383202e-01,3.242324685623654973e-02,-4.474421013448996037e-02,1.634595154477334195e-02,-6.477204680444739737e-02,-1.777695058991082544e-01,-1.518360873294599400e-01,7.146579488258428259e-02,5.306607972292803205e-02,4.052549806599880511e-01,3.406383013157681661e-01,1.123015423457249598e-02,3.800029131398792448e-02,-7.703151046302740557e-02,2.798232695139911668e-03,-2.508925536907863907e-01,-1.901374030976387408e-01,-1.263930473061548043e-01,-9.249542798880060201e-02,-6.295618961303792172e-02,-1.766884073216915541e-01,-4.689022317888297264e-02,-8.563174675103982225e-02,-3.314586738739905281e-01,-2.204372946640987818e-01,-3.123598051433102984e-01,-1.620450241952451076e-01,-2.628865979381443396e-01,-1.951884639660781129e-01,-1.348168767903672183e-01,5.780964249300037626e-03,4.974995549369629066e-03,2.168622246678211241e-01,-1.058295165806211469e-01,-3.388580491673275352e-01,-2.102736733075466491e-01,-6.038291605301914812e-03,2.293239897069057620e-01,2.925892958293547230e-01,1.616679344219844883e-01,2.272168185275696417e-01,4.460227548592791691e-01,5.145187654760555729e-01,1.139555584327307386e-01,2.917606693748078239e-01,1.651264788230914771e-02,4.031623751800482436e-02,-4.119956626584019843e-01,-4.607972292802925973e-01,1.176277330916506159e-01,2.487950929777144882e-01,1.603295084885659194e-01,1.091456408098528813e-01,2.455501788344203740e-01,1.937901568240301686e-01,1.251840942562592110e-02,5.422162520837042060e-02,-1.750473385230380818e-01,-5.893929340173817422e-02,2.343459191765524460e-02,-8.976355014646619779e-02,1.497094952175953564e-01,-7.080386476557315456e-02,-1.221123500946770524e-01,5.321173671689135437e-02,-3.841136771917331300e-02,-3.061256858016799254e-01,5.178429817605075675e-02,4.819466248037676537e-02,-2.115263234556312780e-03,-1.119972810694460225e-01,-3.110343264982440292e-01,-2.983848257780510882e-01,-3.480150188544886558e-01,-3.289339526452928486e-01,-1.119115052841120617e-01,-1.703231966854941715e-01,-3.638333683989059542e-01,-2.308679538429170286e-01,-4.075207561216397933e-01,-3.798345983912994051e-01,2.416611370955995541e-02,3.927883603877713181e-02,-1.977941057469776165e-01,2.788522228875689978e-03,-2.774118370583760762e-01,-2.834274709090615074e-01,2.270048066808007803e-01,-1.571962647073103514e-01,8.485976468303420284e-02,3.421159105989739213e-02,-3.319102105552768078e-01,-3.820760976872906167e-01,-3.107009338231724316e-01,-2.204049264432180466e-01,-2.187363446568159342e-01,-2.258185113855216974e-01
4.437569793976274268e-01,4.731489423683827300e-01,1.490896437877292091e-01,1.888183980967486075e-01,-8.184466490799333083e-02,-2.135234426839728861e-01,1.070692194403534553e-01,3.402919613523442410e-01,-9.456052048099175544e-02,-1.937755911246338281e-01,4.764941979964071317e-01,4.743595138293223989e-01,0.000000000000000000e+00,4.787033290715175804e-01,2.356228454902976333e-01,7.519137710595737156e-03,1.636699088834582191e-02,1.502031105860266447e-01,2.649678745407758607e-01,3.535677871465794930e-01,1.903591254106717923e-01,8.402790140639919414e-02,2.978135266795060576e-01,1.608182686238650849e-01,-7.510236449853534280e-02,-6.029390344559711068e-02,-2.120927673210442135e-02,6.431403647898492615e-02,4.298904335723187087e-01,1.548447134603246622e-01,-7.526744242502711457e-02,1.357717393063490319e-01,-4.173704057356487640e-01,-1.198967453753904400e-01,-9.038825680946446783e-02,-1.453187460551230714e-01,1.883296379614494420e-01,2.315735810581171505e-01,2.946123096344009373e-01,2.079140300053407553e-01,1.829273818964540499e-01,1.622392335205295466e-01,-3.861431646409554941e-01,-2.480927025846024481e-01,-4.003528136076000554e-01,-2.314602922850345634e-01,-2.975044101700949906e-01,-2.465600673258994402e-01,-3.752528767256307907e-01,-2.087119066500509879e-01,-5.754745990386638671e-02,1.552978685526550107e-01,-1.746912880933499529e-02,-2.715855572998430167e-01,-5.606175856544044767e-02,1.741588308598617796e-01,2.533751962323391171e-01,3.504215960769716531e-01,1.420803055560051174e-02,1.984010098884914780e-02,5.795740342132095213e-01,3.815258379323180349e-01,4.635825146870802271e-01,-1.886306624156403322e-01,4.764456456650860150e-01,4.392901649160854127e-01,-3.239929437278479818e-01,-4.290100179643626110e-01,5.734030329022965500e-02,3.114826263574422827e-01,-6.957872760523717282e-02,4.449821165579633669e-02,2.254284743239087785e-01,2.998430141287284148e-02,-1.808493421159106107e-01,3.806664616679344276e-02,-2.137354545307417197e-01,2.023337487255013126e-02,1.123339105666057089e-02,8.849471588794122212e-02,2.762109760637006528e-01,2.481525837932317957e-01,6.073411124957516644e-02,1.914871579083655684e-01,3.991179659809998559e-01,-1.217304050882843242e-01,1.829694605835990306e-01,1.775850070400880332e-01,8.845263720079625525e-02,-1.814190228034116004e-01,-5.506352263347844556e-01,-5.231999223162698831e-01,-5.410137726779847833e-01,-3.160756769004191558e-01,8.353752286005600158e-02,5.891825405816569078e-02,-4.006829694605836267e-01,-2.113596271180954445e-01,-5.350434543365324425e-01,-5.738416222952305024e-01,-2.404796970334525663e-01,-2.237841687031672244e-01,-3.021880917315379889e-01,-2.498211655796339081e-01,-3.518538898509443458e-01,-1.713330851769732377e-01,-4.071274822379387925e-02,-1.171794332324523763e-01,9.861787696839242889e-02,1.238084448688277911e-03,-4.720710806130540838e-01,-5.969638608813866432e-01,-4.812717473984042260e-01,-2.925601644305620974e-01,-2.109825373448348529e-01,-4.186505688714819984e-01
