1.000000000000000000e+00,6.711469922760617823e-01,4.000442933498329912e-01,4.023137567381829260e-01,-2.681460036667587810e-01,2.224941722280696435e-02,2.317432629586587689e-01,2.477527974446846748e-01,-4.680711159412679484e-02,1.056396393516732118e-01,1.455812817216870780e-01,8.135592446385639387e-02,1.479923011765135743e-01,-2.798472107746998241e-02,3.564906881223044444e-01,8.927393153709339835e-02,1.036258901479260863e-01,2.273184943000851610e-01,6.688181666662861291e-01,6.449773852767991533e-01,5.842612485701695509e-03,-1.182472619175367473e-01,2.024091929249364763e-01,2.333506092618764516e-01,-1.423163595432762052e-01,-2.433508604097363304e-01,8.668025909326490530e-02,2.253252935576007671e-02,8.610033585318352389e-02,-7.535577377514046660e-02,5.996269312699634146e-02,2.617485827269634413e-01,-8.873510521953748009e-02,9.456630189342654647e-02,3.618584028366009231e-02,-3.007952254508675094e-01,-1.901189299274639449e-02,-1.080278271828744585e-01,-5.969327996821838234e-02,-4.440819289982168572e-01,1.243250401265785232e-01,1.725454292231083375e-01,-5.976382968522040429e-01,-4.626805696033461923e-01,-4.723657443451776405e-01,-5.136179219112808614e-01,-4.199443365016016227e-01,-4.747402332022037097e-01,-5.148508295870444229e-01,-4.856309176714483922e-01,-2.672601366700990133e-01,-2.960416814120902518e-01,-6.723684841400126566e-02,-2.601321037742956865e-01,-4.709456173556870184e-01,-4.188164542945142510e-01,7.041021578167487860e-01,5.234811833173892426e-01,1.096580051097173630e-01,-4.895328421490037496e-02,2.772558214932338561e-01,2.745479909312790734e-01,2.567530234777585796e-01,-8.225092410996623360e-02,2.562735593816283242e-01,3.533125261136695339e-01,9.429688873464858734e-02,9.403660822532072805e-02,5.751263159577066908e-01,4.880921666982503959e-01,3.008911182700935161e-01,2.044001105050583522e-01,3.051560655632903907e-01,6.212256472194507134e-02,-5.559272036512332565e-02,-8.774192959183906015e-03,8.925109991346814875e-02,-3.309900476952617326e-02,-1.125827360961120099e-02,3.308302263298850115e-03,-8.673733815232802583e-03,-2.500268271577596457e-01,-1.366175862864135726e-01,-2.451819566244814452e-01,1.020322428188835812e-01,-1.490425558632751113e-01,3.132270445148165744e-02,-1.220601430629536382e-01,-1.576592106194447673e-01,-1.637278561790364573e-01,-1.941167472242453507e-01,-9.805497398336487924e-02,-4.235791309827415807e-01,-1.144389470968448924e-01,-3.434401320581110251e-01,-3.144576690282175901e-01,-3.531892353460931444e-01,-4.165241592825390526e-01,-2.382228777435049794e-01,-1.114571370513871285e-01,-5.344860259047601314e-01,-2.363598172556845012e-01,-1.243707033738290224e-01,6.965243419355281185e-02,-2.470450171123018956e-01,9.078995134581005488e-02,-1.184527465301639937e-01,1.424008365506896322e-02,-1.474808728073079556e-01,-4.303966537972414574e-01,-4.284148688665697091e-01,-1.010276513793725434e-01,-1.016715031656046098e-01,-2.791143156563292704e-01,-2.127656174013502488e-01,-5.326617791771025984e-03
6.711469922760617823e-01,1.000000000000000000e+00,-1.305078438042964473e-01,2.539561495836653582e-02,-2.392959640538917521e-01,-1.241652187612017622e-01,-2.930553050419074657e-01,-7.165248442312478760e-02,-1.554399768030703954e-01,8.194041402866282520e-02,-2.843655890901369832e-01,-7.056113281383778746e-02,-1.181513690983106851e-01,-8.566653500430376766e-02,9.886321345969875662e-02,6.620485902613992835e-02,4.989965501416702143e-01,5.761537390208429921e-01,5.644822130236147872e-01,7.739623597852913761e-01,-1.694540273842493894e-01,-8.443819365326526993e-02,-1.811027217578523585e-01,-5.479361353823954811e-02,-2.412594836856633285e-01,-3.677375459201029928e-01,2.411704403535248550e-02,-7.313653995876608083e-02,1.745911426999308125e-01,1.468233220469007116e-01,-3.153207044012520943e-01,-1.320740931849886668e-01,-2.594928183127886978e-01,-1.007673708700446841e-01,-3.736920333615684209e-01,-4.508537885654662625e-01,1.753034893570386554e-01,9.434711830662413645e-02,-6.155177413131379671e-02,-6.485322690752506891e-02,6.522766553497919007e-02,9.510056188625741480e-02,-3.216815947432469791e-01,-1.013198961617757521e-01,-2.836395434588540043e-01,-1.555221706481212940e-01,-8.931046213489379770e-02,1.489763441547618805e-02,-1.488964334720734861e-01,-2.238184063983341895e-02,8.320985230222677220e-02,8.947941614972065860e-02,-1.048199840635267131e-02,6.109970798353383387e-02,-2.564699113448054568e-01,-6.082116217530577490e-02,8.687181641548075151e-01,7.084721305786217949e-01,-1.603076789599738872e-01,-3.919504827746815578e-02,-1.536362785366755801e-01,2.381338344113664851e-03,-3.499859585514704385e-02,1.869909974908045679e-03,-2.116240362200877134e-01,3.633652899958674659e-02,-3.098593800300920575e-01,-1.674265792063270863e-01,7.865654160264299311e-01,7.454867587998785794e-01,5.791697965017385957e-02,-1.260237129242971765e-01,2.611869247857823151e-01,1.567824762722351550e-01,-8.436056613293940742e-02,-9.273063935395638169e-02,4.958343702695729854e-02,6.920265120813536355e-03,2.424238964905511273e-01,3.477553089232834349e-01,8.218699556381553473e-02,8.650902191607551250e-03,6.454728315094671043e-02,5.200815545595893763e-02,-2.161446976978873835e-01,-6.649710380854313707e-02,5.363376705807679917e-02,-1.068862460016119093e-01,-3.483626301117151436e-01,4.561530084088869647e-02,-4.805896951749930035e-01,-3.590249983447073023e-01,-4.197662498373246898e-01,-3.490293135215724596e-01,-2.992426750443504258e-01,-1.640908789946779467e-02,-2.614883022176355820e-01,-2.817125544248827995e-01,-4.898273700937694763e-01,-5.160563393144577127e-01,-3.008865519453685078e-01,-3.526686743274374258e-01,-1.499329891846598872e-01,-1.166170839906938289e-01,-1.293799615972090755e-01,-3.801465333604268741e-03,-6.673455269424574676e-02,-2.600750247152325625e-02,-1.591135850443732569e-02,-3.120740475217413934e-01,-4.947316028484733397e-01,-3.929208267787547282e-01,-4.900191557322216007e-01,-2.591914408809353754e-01,-1.527869421378162396e-01,5.104922726369840597e-02
4.000442933498329912e-01,-1.305078438042964473e-01,1.000000000000000000e+00,6.159218610513049752e-01,-1.073086310386790575e-04,1.671754313464493269e-01,7.342444673268050392e-01,4.693519700266445271e-01,1.534262275993232838e-01,9.410510309619647684e-02,4.185516074604613279e-01,7.887184381342909889e-02,3.156220818331054168e-01,1.066579297653593994e-01,2.764064850943745433e-01,-1.742760662939023542e-01,-5.108141985301000165e-01,-4.507122324989896733e-01,2.447709873992269247e-01,8.077143489904997642e-02,1.671343344239238915e-01,-5.841470904520432855e-02,6.374794800782668247e-01,5.359518161415012250e-01,4.216315934875076998e-02,3.303507622337547439e-02,2.051535540846916306e-01,2.580772576480231395e-01,-2.577256506441942818e-01,-2.495153987885540547e-01,3.401204139829995809e-01,4.702241380491291034e-01,1.159367016066613493e-01,2.506250156967412268e-01,5.321800319186098527e-01,3.338645491096808304e-01,-1.502069686681629102e-01,-1.200281285603063131e-01,1.619972191082424406e-01,-2.460586909716910575e-01,4.974782471705910258e-02,-1.904225905216797576e-01,-3.943637853918705583e-01,-4.690551589195162685e-01,-2.480861391496133328e-01,-5.286913598286715477e-01,-5.225313877745788593e-01,-6.334474153460475376e-01,-5.586647153239008290e-01,-6.248353269146028621e-01,-6.217804556735443411e-01,-6.031270191717144069e-01,-2.390356835445638928e-01,-6.064832678446262504e-01,-4.283966035676695094e-01,-5.708294043914344806e-01,-1.155987935770076414e-01,-1.247679736249083932e-01,5.028208470988997786e-02,-1.188545831059684144e-01,3.519882919434049739e-01,3.910395009920340503e-01,-7.687407674621965330e-03,-3.831306265682471457e-01,6.878460417955701844e-01,5.414862017082621160e-01,4.941516796083920138e-01,2.123729134749959557e-01,1.132220215576190334e-02,9.688599485375203046e-02,4.128345689046984957e-01,2.745753888796294007e-01,-2.062380562068910281e-02,-1.661982378552886164e-01,5.212231357408519256e-02,-6.161113635273945260e-02,7.306347876316528211e-02,-1.802944822815184811e-01,-2.746895469977556625e-01,-3.962496775033162999e-01,-2.831281150896483578e-01,-4.747447995269287735e-01,-2.471774405293283572e-01,-4.099943149257173070e-01,3.096584617421898611e-01,-2.632417709120548621e-01,1.268296692382685394e-02,-7.495850352406110972e-02,3.292160305395797626e-01,-5.170700634034187670e-01,3.408692912379078233e-01,3.187774122181150638e-01,1.797967528864880260e-01,4.018982211882033417e-01,-5.146476281367796946e-02,-1.692074458490966660e-01,-1.599332403325197660e-01,-1.871713673174440484e-01,3.661530312405106291e-01,4.143460223886901161e-01,-2.297797433268871925e-01,1.655977661539444895e-02,5.055149786866793699e-02,-1.052652007242191046e-01,-4.290062079184637014e-03,1.556728593640479552e-01,-1.112425197893097822e-01,-8.271668923192135314e-02,-1.120279276420184100e-01,-1.245031267908554840e-01,2.263755482443623179e-02,3.116996088942872722e-01,1.835046085632287549e-01,-7.543796762019137903e-02,2.291952537620807751e-01,3.443237158924082608e-02
4.023137567381829260e-01,2.539561495836653582e-02,6.159218610513049752e-01,1.000000000000000000e+00,5.229126758891205345e-02,3.879891960757005376e-01,3.494859459940774515e-01,5.514818865313969587e-01,2.220443892426522126e-01,2.847080634445157132e-01,-3.212409444072796168e-03,-1.997082118500692963e-02,-1.568875017409112893e-01,-1.384852130989591146e-01,1.489740609923993486e-01,1.372386064490204172e-01,-3.945875353033980182e-01,-2.672692693195491409e-01,1.726550210165095356e-01,1.013016308628755524e-01,-4.886195772039936963e-02,-2.204849893490475748e-02,5.027592017151115700e-01,6.306528246143168204e-01,1.183477210614878455e-01,-3.450543278484163173e-02,8.038329729742070551e-02,1.278137122165168560e-01,-2.930644376913575377e-01,-2.486934603380450137e-01,2.784293669475717548e-01,4.678313838932027791e-01,3.981150211534992961e-02,2.399535148142989960e-01,4.030626339930911683e-01,3.292023315654046267e-01,-6.191251378459276117e-02,-2.229964679478251693e-02,1.384486825011587152e-01,-2.162086262440380824e-01,6.196730968129336714e-02,-1.576181136969193319e-01,-2.415106315455410879e-01,-2.968407882389740293e-01,-2.224781900915319688e-01,-4.184831125895855930e-01,-4.427302968796020255e-01,-4.862245398857049095e-01,-5.110242494674523961e-01,-5.269241921600771317e-01,-5.469657913783222414e-01,-5.066679756797545231e-01,-2.764749799652502782e-01,-3.704773407551331110e-01,-5.200518734488766004e-01,-4.412964709159362675e-01,-2.337729942989435691e-02,9.179910911004614260e-02,-2.254645664617147827e-01,-1.761939226784234314e-01,9.789971894271316810e-02,4.893753039459894927e-01,-1.170600174890236989e-01,-2.754612558762891128e-01,4.926721903974757288e-01,7.259565879508389497e-01,3.395267917687430637e-01,3.776556032229119730e-01,1.627826269609510823e-01,2.116240362200877134e-01,3.871124617284908975e-01,2.789590606156775454e-01,-6.520026758662889055e-02,-1.995712221083177987e-02,1.450333227546810599e-01,-1.619835201340673048e-01,1.084890259801045281e-01,-2.903040943950647296e-02,-2.710090892693652331e-01,-3.587692841601044513e-01,-4.236384932041672435e-01,-3.271246538155067607e-01,-3.186358561516385302e-01,-2.616983531549879061e-01,2.316975997114082697e-01,1.141101717166412843e-01,-6.746059832552872559e-02,-1.545700919429483398e-03,8.409115297416144830e-02,-2.014913616552013731e-01,1.726915516143099349e-01,2.435563450223635629e-01,2.349602387274566176e-02,6.562036946133349702e-02,-1.272611869247857741e-01,-2.975759665197071357e-01,-2.768311532938041997e-01,-2.415243305197162516e-01,1.688695378194429442e-01,1.757646881542687112e-01,-3.560249230003493248e-01,-2.429398911844818099e-01,9.971711618328314708e-02,1.054067567906956521e-01,9.279456790010708056e-02,2.606435321435013330e-01,-7.650192128112806578e-02,1.528417380345168386e-01,-3.294831605359951898e-02,-1.437227875585916637e-01,-6.546511442068179976e-02,2.946672176698501566e-01,6.819121028153675435e-02,-1.236446577425460436e-01,1.046578795357874236e-01,2.029662845413925942e-01
-2.681460036667587810e-01,-2.392959640538917521e-01,-1.073086310386790575e-04,5.229126758891205345e-02,1.000000000000000000e+00,3.715275954418946758e-01,9.335622584128824841e-02,1.392957357376555134e-02,4.702926329200048383e-01,1.281196559730952145e-01,-2.244280107491284093e-01,-1.771049044610709458e-02,-2.447116251778012619e-01,-1.243844023480041722e-01,1.573943637853918720e-01,2.404055809620789519e-01,-5.005376847363746801e-02,7.547449821799177838e-02,-2.857309201829269507e-01,-1.938290687665671919e-01,2.233914550365420082e-01,1.268776156478815809e-01,6.993098000178087081e-02,5.260634399494051178e-02,3.104438695948985028e-01,3.056263970099705740e-01,1.130781823287799470e-01,1.474352095600574564e-01,-1.427410277427058616e-01,1.278342606777795737e-02,-1.094776352830778912e-02,3.901924477555372608e-03,5.274790006141706622e-02,-7.602245718499779648e-02,-3.293005075469931930e-02,6.655418286760626280e-03,-6.033256542972540576e-02,-7.719143631461064525e-02,5.457899627616218802e-02,1.865571966419247996e-02,8.051115438972211713e-02,5.511782259371810627e-02,-2.216265705303101241e-02,-5.027295206043987108e-02,-8.293587281872376316e-02,-1.493850302176538691e-01,-1.929477680946325158e-01,-2.111582710981325939e-01,-1.195030012169255446e-01,-1.997378929607821207e-01,-1.606684186132528447e-01,-2.920872442001968272e-01,-1.102333620250736945e-01,-1.152060896506533205e-01,1.629333156768777435e-01,-3.787994675665370264e-02,-2.766074033822767397e-01,-1.639333407916637175e-01,-1.990712095509248047e-01,-1.200737918075568123e-01,-1.501110758489368480e-01,-2.140008082394763422e-02,3.848270162036032671e-02,1.498005657676334257e-01,-6.749712892332912495e-02,4.171337636333332169e-03,1.066761950642595991e-01,1.232702191150919363e-01,-2.303277022938932384e-01,-1.906600394073823812e-01,-2.223366340250554352e-01,-3.040510149798282824e-01,-1.584857153946788721e-01,-3.628629942761119748e-02,2.458577726837888611e-01,-1.011281105233236416e-01,6.855194993481571186e-02,5.803570409302516442e-02,-1.707120498460007116e-02,9.190870090344734067e-02,1.537002070828262790e-01,1.713490521451452031e-01,2.690273043386934293e-01,1.782168045316206706e-01,2.641413368828897656e-01,7.686722725913207321e-02,3.329238862163205193e-01,1.876690967124745035e-01,1.301745020993677893e-01,6.843322549196441396e-02,5.559500352748584888e-03,1.078040772713469986e-01,8.404320656454841720e-03,9.037898212055553437e-02,1.415081200669423278e-01,1.839247104379333753e-01,2.297523453785368930e-01,9.188130295509704115e-02,-5.904942818198630899e-02,-4.119966483176518146e-02,-1.612255102297089626e-01,9.852073910531999879e-02,6.393539563778999346e-02,6.018187671379875148e-02,3.136311642529835408e-01,1.496316117528065648e-01,2.701232222727054655e-01,2.531410606202438851e-01,4.676350319300256464e-01,1.150690999089018229e-01,-6.033713175445045568e-02,-4.668838715127548999e-02,-1.654173963273050108e-01,-1.424213850119523672e-01,-7.276210133131197355e-02,2.346291801848904846e-01
2.224941722280696435e-02,-1.241652187612017622e-01,1.671754313464493269e-01,3.879891960757005376e-01,3.715275954418946758e-01,1.000000000000000000e+00,3.298484665139991834e-02,2.048156460550379088e-01,4.079531677736198958e-01,5.721719038605992402e-01,-9.978561105415889587e-02,7.525988095591441829e-02,-2.248572452732831295e-01,-6.758845541783012334e-02,8.352949503298028044e-02,2.056695487786222853e-01,-2.638947553477370422e-01,-8.898625307941523954e-02,-1.962263892472185245e-01,-9.962122336405708489e-02,6.737612131811529168e-03,-1.540609467361052365e-01,3.454424654500455345e-03,2.899958674761238253e-01,2.297980086257873922e-01,2.040850340990298939e-01,8.638344798613663278e-02,4.074052088066138499e-01,-2.281906623225697373e-01,3.788451308137875950e-02,3.786168145775350297e-02,7.757500759151485237e-02,6.731904225905216421e-02,1.408551356312601477e-01,9.591793401204139202e-02,5.724572991559148671e-02,-3.850621819269433588e-01,-3.168595558335939866e-01,1.883905760190324463e-01,-2.529995045537673515e-01,1.023336202507368897e-01,-2.080075070378479829e-01,-5.194879323453328868e-02,-1.940528186780946518e-01,-2.392822650797166162e-01,-2.937630853742902448e-01,-1.881165965355294234e-01,-2.990417567564482293e-01,-2.842468646472856575e-01,-2.699086050106281331e-01,-2.097746747064423989e-01,-2.753927610054133779e-01,1.755980173018043683e-02,-1.057766290934247233e-01,-1.480288317743139737e-01,-1.577962003611962927e-01,-3.125420958060590865e-02,8.296327076707406267e-02,1.447958738689784364e-01,1.164709615994922315e-01,1.648511720613987930e-01,2.483555523083913197e-01,-3.903979323681645158e-02,1.071556591603898684e-01,1.024980079408387007e-01,1.953998844719844474e-01,1.642164529246168403e-01,1.855457557153261938e-01,-8.621449397130978576e-02,-1.073428784741169290e-01,1.639653050647390808e-01,4.229558276577722459e-02,-1.539148243449036391e-01,-5.820465810785202532e-02,1.458780928288153367e-01,6.141706755192482148e-04,-2.633513627054560602e-01,-1.682119870590357280e-01,-1.901486110381767625e-01,-1.762852491729244298e-01,-1.580793124941493877e-01,-8.463911194116746639e-02,-6.640577731404213868e-02,-6.269792163730139589e-02,1.367363107292648983e-01,9.400921027697042853e-02,4.780713670891278272e-02,-2.332684154168255253e-01,7.835128279477338031e-02,-8.212535018002734694e-03,1.294941197153353096e-01,-3.048706702679747707e-02,-2.732717031706275584e-02,-1.058040270417750228e-01,1.035870763877631655e-02,-7.911157586149424395e-03,-1.986579571633077454e-02,-7.168901502092518696e-02,8.992691597277557847e-02,9.366216959786660690e-02,-7.298585124283943348e-02,2.127679005637127946e-02,3.391888837390893419e-01,8.390393366043438772e-02,2.734018434252915020e-01,2.685752381909134456e-01,1.594674752105646465e-01,2.910461221628853901e-01,2.561457022893269264e-01,-1.023062223023865902e-01,-1.426291527869421455e-02,1.507549276351689282e-01,-7.275296868186187371e-02,-2.360904040969065421e-01,8.516423928454824877e-02,2.398621883197979976e-01
2.317432629586587689e-01,-2.930553050419074657e-01,7.342444673268050392e-01,3.494859459940774515e-01,9.335622584128824841e-02,3.298484665139991834e-02,1.000000000000000000e+00,4.892291815547878953e-01,1.774907589003376918e-01,-9.623757674279491414e-02,4.916173693859891558e-01,9.601382683126745421e-02,3.600752530314688116e-01,1.311288639669032918e-01,3.371933998342424021e-01,-4.392576069262013605e-02,-2.786987801063496861e-01,-2.904890305464292721e-01,1.653443351317042120e-01,-3.151905641465881786e-02,2.660774585663110425e-01,2.947562610019886526e-03,5.965926084901675974e-01,3.857608296098760658e-01,1.367089127809145988e-01,2.394420864450933772e-01,1.685818593617647854e-01,9.152969595126818347e-02,6.074810097970496925e-02,-5.539180207722111532e-02,4.472692236563018953e-01,5.116726675784094569e-01,3.887700376036841154e-01,3.433533718883350905e-01,4.857359431401245264e-01,2.247430871551568676e-01,-2.216471189915728557e-01,-2.173958706725511447e-01,1.671503165604615662e-02,-3.440200552981924065e-01,-3.023135284219466770e-02,7.002230649628186920e-02,-4.298532611549605309e-01,-4.633472530132035083e-01,-1.606410206649025452e-01,-4.566393219921048297e-01,-4.513058547132462461e-01,-6.162186721584331783e-01,-3.703038204155811863e-01,-5.544408649532294175e-01,-4.980056576763343124e-01,-5.556235430570174438e-01,-2.938863761418665788e-01,-6.444065946861678995e-01,-2.718629919929496097e-01,-6.073600021918358349e-01,-2.037197281210258726e-01,-3.851854726945197482e-01,7.979652457025176657e-03,-3.845370545835625764e-01,3.005988734876903212e-01,2.637212350081851175e-01,3.376043690594969227e-01,-4.292573557783414817e-02,5.871951122060142803e-01,3.549107397674370890e-01,5.165358034105879126e-01,2.199712778174794381e-01,-1.358321784337049587e-01,-8.673048866524045442e-02,3.315265908504551606e-01,3.685640506953370976e-01,4.541894887771154299e-02,-4.156953713449424576e-02,5.336435389929884004e-02,1.057104173849114908e-03,2.366018324661121608e-01,7.363198619143402832e-03,-2.314464518515305103e-01,-2.683103913568605781e-01,-4.525912751233478193e-02,-2.406978257444821745e-01,-1.062241289164796432e-01,-2.585658543936034670e-01,2.563100899794287235e-01,-1.930345282644084781e-01,8.281029888878486955e-03,1.240967238903260134e-01,1.821073131973633963e-01,-6.094285472922835734e-01,3.192203457164449198e-01,3.061286927297260929e-01,1.506864327642931656e-01,4.677811543212272438e-01,-1.089410921278844840e-01,-1.765683613058775525e-01,-1.008016183054825585e-02,-1.136170086463358653e-01,2.469902212156012966e-01,3.940441426611170361e-01,-2.758448271531933615e-01,7.937870585790966771e-02,-2.207110224229375528e-01,-1.784085901700727672e-01,-1.549468137327649764e-01,2.113066766516967163e-02,-1.079365006883734462e-01,-1.831256036110495977e-01,-1.175257826109788184e-01,-1.090917808438111453e-01,1.191422615636465732e-01,2.129528367150773094e-01,2.402000963494516916e-01,-3.549632525017751283e-02,4.365178120911712700e-02,-1.223295562217315974e-01
2.477527974446846748e-01,-7.165248442312478760e-02,4.693519700266445271e-01,5.514818865313969587e-01,1.392957357376555134e-02,2.048156460550379088e-01,4.892291815547878953e-01,1.000000000000000000e+00,8.924653358874309883e-02,3.267136845902522402e-01,1.761665247300731318e-01,3.547006888300847649e-01,1.199139704421800512e-01,2.350629810337702408e-01,-2.716278262696095180e-02,1.142836920561931952e-01,-3.050784380429645282e-01,-2.604243485566989369e-01,2.006465915810670964e-01,1.619606885104420413e-01,-6.902228138149588132e-02,-1.986374087020450208e-01,4.986769074109166922e-01,5.333581436976727597e-01,9.119635424633952547e-02,9.166668569301968106e-02,1.789017532403781863e-01,9.642936238124701076e-02,-1.154207069127306806e-01,-9.167581834246979477e-02,3.495772724885785054e-01,4.686213580706364845e-01,1.715271388094221638e-01,4.534976905812703185e-01,1.307224610663738074e-01,1.468324546963508115e-01,-2.530634330999180226e-01,-1.908152944480340785e-01,-7.495850352406110972e-02,-2.892652555201157827e-01,-1.641205601053907781e-01,-1.977789396537356081e-01,-4.943571642210192740e-01,-4.930466290249298500e-01,-1.975688887163832841e-01,-4.764982682213479981e-01,-6.031498507953395594e-01,-6.269312699634008723e-01,-5.046633591254574558e-01,-5.949624305633246513e-01,-5.523083913066310080e-01,-4.464609841799679901e-01,-4.812655112343003916e-01,-6.862067312192772217e-01,-5.834552922561981880e-01,-7.139197559756066402e-01,-1.253524631897147967e-01,-1.635223715664091970e-01,-2.493692763973524573e-01,-2.487025929874951136e-01,2.902835459338020119e-01,7.375185221546659564e-01,2.934343099940865951e-01,2.308482633125489569e-01,4.311820616499500991e-01,6.819372176013552833e-01,2.475884097545828777e-01,2.818952074138847963e-01,7.298128491811438356e-02,7.649278863167796594e-02,5.251844224398329875e-01,3.384126085358308278e-01,2.938201644333533410e-02,1.159458342561114491e-01,-8.245640872259349385e-02,4.118596585759003170e-02,2.141263821694152081e-01,6.030973380610015616e-02,-1.920801663968729756e-01,-2.864021699175093305e-01,-2.541639173586551226e-01,-1.438826089239683970e-01,-5.579797666151432578e-01,-4.159031391199322081e-01,2.152086011292521084e-01,1.209824904278418017e-01,-1.639835703636392805e-01,4.032293048455554835e-02,1.447958738689784364e-01,-6.075563541550130786e-01,4.224238508273038817e-01,2.107199039245277739e-01,3.345860284162387455e-01,1.954181497708846471e-01,-2.586480482386543933e-01,-4.271636958919059479e-01,-2.463874663518946795e-01,-2.787535760030502852e-01,9.563938820381333306e-02,2.145601830182949921e-01,-1.941487114973207140e-01,-2.753288324592626513e-01,-2.193730892784978570e-01,-2.471363436068029218e-01,-3.188436239266283223e-02,7.557952368666792653e-02,-1.536088805883252806e-01,-1.362477139836845152e-01,-2.268024996061545062e-01,-9.235163440177721061e-02,1.205349906047868819e-01,1.448141391678786360e-01,2.140167903760140100e-01,3.347344339698028748e-02,2.545041085506713485e-02,-1.008495647150955826e-01
-4.680711159412679484e-02,-1.554399768030703954e-01,1.534262275993232838e-01,2.220443892426522126e-01,4.702926329200048383e-01,4.079531677736198958e-01,1.774907589003376918e-01,8.924653358874309883e-02,1.000000000000000000e+00,4.396708593138183852e-01,8.461171399281716687e-02,2.456294564475363651e-01,3.827265068300802348e-02,2.065417168011068894e-01,4.915534408398384292e-01,2.782238823349444945e-01,-2.372182863039939416e-01,-1.404167684576553277e-01,-2.588854971243569891e-01,-2.054594978412699890e-01,1.359235049282059571e-01,-3.963798177579802573e-02,5.453333302891168188e-02,1.506681674653929659e-01,3.692855300018950127e-01,2.404238462609791516e-01,-8.431490288568890823e-02,4.181155234492190537e-02,-6.641034363876718860e-02,6.193991173294306762e-02,-1.099456835673955218e-01,-1.356883392048658689e-02,-2.013269739650995760e-01,-1.066944603631597988e-01,2.393096630280669157e-01,6.690350670907260766e-02,-3.713632077517928787e-01,-3.272342456089079588e-01,1.713079552226197400e-01,-2.522871578966595085e-01,2.137656425161362506e-01,-1.548646198877140778e-01,-1.710316925767542059e-02,-6.522309921025414015e-02,-1.677599209112557721e-01,-1.234939690266193962e-01,-7.874398672112770114e-02,-1.667644621211948341e-01,-8.518250458344844844e-02,-1.118635399519165990e-01,-1.010459166782727430e-01,-1.560746959398523759e-01,8.609805269082100240e-03,-9.267356029489325075e-03,-5.415889440145756767e-02,-1.358915406551306215e-01,-1.734906584411937402e-01,2.532712008749078009e-02,2.977472036968965147e-02,5.005833479836251793e-02,2.270445148165821381e-01,2.675523814525022082e-01,-1.037811451885777975e-01,7.524618198173926853e-02,3.152933064529017670e-01,2.811965597309521447e-01,1.390788353132156319e-01,6.917753642214759247e-02,-2.462961398573936811e-01,-1.505129124247412686e-01,-1.291973086082070510e-01,-5.822064024438970437e-04,-1.044204306500848140e-01,-8.726931498279637267e-02,3.569838511926098357e-01,-5.605848548707844520e-02,-4.499428067828187272e-02,6.814554703428625515e-02,-3.898248586151706885e-01,-1.877558568822504659e-01,-2.919182901853699663e-01,-1.607232145099534437e-01,4.635961177107187497e-02,2.107358860610654503e-03,1.472434239216053320e-01,4.169282790207060052e-02,1.383801876302829525e-01,-1.394327254794070110e-02,1.232222727054789121e-02,2.498464573311201878e-02,-5.596259266785238995e-02,1.689836959375692060e-01,-3.959231852854751960e-02,2.741552870049248081e-01,-1.248866980677596911e-01,-8.616883072405928656e-02,-1.541066099833557357e-01,-1.855366230658760940e-01,-1.939432268846934537e-01,-8.105226386964055948e-04,-1.495676832066558659e-01,2.303459675927934380e-01,3.003956720374256067e-02,3.063775574272413135e-02,-7.773026263216656351e-02,8.672135601579035458e-02,-2.208434458399640143e-01,1.500882442253115845e-01,4.961311813767012475e-03,-2.616024603357618439e-01,-1.745500457774053771e-01,-8.176232736438586446e-02,-1.283982017813232734e-01,-1.840525675302347730e-01,3.774752333962724804e-02,-6.819805976862432922e-03
1.056396393516732118e-01,8.194041402866282520e-02,9.410510309619647684e-02,2.847080634445157132e-01,1.281196559730952145e-01,5.721719038605992402e-01,-9.623757674279491414e-02,3.267136845902522402e-01,4.396708593138183852e-01,1.000000000000000000e+00,3.964254810052307565e-02,3.235994511277680563e-01,4.457874512830230923e-02,3.505635986291893436e-01,9.645219400487227424e-02,2.348757617200432080e-01,-3.516503839137512522e-01,-1.342567964035626393e-01,-1.332248070157013020e-01,-2.275627926728753317e-02,-9.731979570263180057e-02,-2.498670057923829124e-01,-4.436184470386242244e-03,3.071789474164876022e-01,8.349524759754240952e-03,-1.301745020993677893e-01,-1.175600300464166824e-02,2.409170093312845706e-01,-2.491089958880245980e-01,-5.898549963583560318e-02,-1.057127005472740244e-01,3.806031658329318661e-03,-1.992127656174013384e-01,7.152006100609832606e-02,7.746769896047617752e-03,-6.066590713465406376e-02,-4.328670354734936443e-01,-3.059871366632495593e-01,3.080739470625974419e-01,-1.965871289004975098e-01,1.947286347374020676e-01,-5.132023863613013326e-01,-1.562299509805040731e-01,-2.557986616102230770e-01,-2.974937726746562094e-01,-2.379397656105518566e-01,-2.805321594834573468e-02,-1.977378427312101450e-01,-1.573760984864916723e-01,-1.194071083976994824e-01,-2.574722196219539697e-02,-6.722314943982611590e-02,-5.681192906671172355e-02,7.956820833399925325e-03,-2.552233046948667594e-01,-1.898974631782990030e-01,3.317663228985202883e-02,2.639586838938877689e-01,4.910397293082702924e-02,1.598327811885686678e-01,3.045715759984840010e-01,4.790782416910013830e-01,-9.952989686955608650e-02,1.765089990844518897e-01,1.815456552561822423e-01,3.352344465271958618e-01,-8.084906241937582505e-02,7.783300493848018843e-03,-6.899031710842053189e-02,3.394834116838550686e-02,3.448716748594142512e-02,-1.133704271111831557e-01,-1.839703736851838745e-01,-1.449808100203429668e-03,2.359648301669676693e-02,-1.915573222158547259e-03,-6.363401820593668490e-02,5.979373911216948057e-02,-3.454812792102084917e-01,-2.128067143238757120e-01,-3.267821794611280306e-01,-4.656966270842418515e-02,-1.884727698640833449e-01,-5.655621488210891418e-02,-1.362362981718718939e-02,1.163157065588405203e-01,5.743751555404359721e-02,-1.382157999401811554e-01,9.558459230711273402e-02,-5.411323115420706847e-02,1.433529152558625785e-01,2.765137937254132094e-02,6.496738502565133078e-02,7.834215014532328047e-02,-1.620565813296681035e-01,-1.475995972501592535e-01,-3.605958140501245301e-01,-3.820758055567605727e-01,-1.347042962266175592e-01,-1.015390797485781621e-01,3.017199062076901528e-02,-9.581747486809029379e-02,2.748082714406069327e-01,1.458255800944772626e-02,9.448867437310069783e-02,1.569651292612371518e-01,-1.402112838450280674e-01,1.598510464874688675e-01,-7.103603058524300684e-02,-2.418713711988200732e-01,-2.136058211507594895e-01,-3.802150282313026403e-02,-3.381591775135905226e-02,-1.183385884120377457e-01,1.478781430583873124e-01,1.364760302199370390e-01
1.455812817216870780e-01,-2.843655890901369832e-01,4.185516074604613279e-01,-3.212409444072796168e-03,-2.244280107491284093e-01,-9.978561105415889587e-02,4.916173693859891558e-01,1.761665247300731318e-01,8.461171399281716687e-02,3.964254810052307565e-02,1.000000000000000000e+00,4.449449643712513058e-01,8.241691001372180025e-01,5.292256198215024021e-01,2.425471872581274890e-01,-5.221364006858619788e-02,-2.319213496229357296e-01,-3.127270319574235735e-01,1.354668724557009374e-01,-1.545769414300359190e-01,1.373116676446212159e-01,-2.425837178559278884e-01,1.993177910860775004e-01,-4.312665386573635157e-02,8.568708346556649230e-03,3.520864679249935403e-02,-8.559347380870295507e-02,-1.605862247682019461e-01,1.961030984796421905e-01,-3.239122443714340105e-02,1.429510786800581856e-01,1.081922148729762556e-01,-5.881197929628369930e-02,-7.462059549440738793e-02,2.545885855580847790e-01,-1.092105052866624570e-01,-3.539655105493517140e-01,-2.841053085808091239e-01,-3.831374760553347275e-02,-3.484128596836906788e-01,1.527207304293030227e-02,9.407313882312112741e-02,-3.439561267520417354e-01,-3.299968720675633405e-01,-2.407982848884332727e-01,-2.048156460550379088e-01,-7.601789086027274656e-02,-2.587256757589802558e-01,-1.548235229651886147e-01,-1.758742799476699092e-01,-1.019180847007573193e-01,-3.456022868154223077e-02,-4.226361849270186821e-02,-2.718310277198742186e-01,-2.838199132854934623e-02,-3.013203527942482363e-01,-1.119639990958677112e-01,-1.369874585891426577e-01,4.465660096486441244e-01,2.018429686590302585e-01,7.101982013246908032e-01,2.971239003719271521e-01,3.472119162810025084e-01,4.885282507094926979e-02,4.325976223147156574e-01,9.343385336161411092e-02,1.301927673982679889e-01,-1.837922870209069137e-01,-2.787809739514006124e-01,-3.179417747934308869e-01,1.064067819054816399e-01,2.691323298073696191e-01,7.145613245994762719e-02,-8.437426510711455718e-02,-1.069273429241373585e-01,1.764313715641260272e-01,2.095965880421654381e-01,1.114662697008372422e-01,-1.976419499119840828e-01,-1.672347935678749897e-01,-1.308252033726874358e-03,-2.629540924543767311e-01,-1.463255926518702565e-01,-2.309258908328747917e-01,5.790784700072375973e-02,-3.041377751496042170e-01,-1.924089417770765975e-01,-1.480653623721143730e-01,2.426339474279034514e-01,-3.131425675074031578e-01,1.841804246225361708e-01,2.382320103929550792e-01,-2.906465687494434649e-03,5.066223124325039961e-01,-9.541335512992335857e-03,-2.570954978321373097e-01,-6.042845824895146101e-02,-1.304347826086956486e-01,1.558372470541497523e-01,3.218459824333487762e-01,-1.887946957571993989e-02,3.748062165944806567e-01,-1.783035647013966052e-01,-2.083385655804141298e-02,-1.540563804113802004e-01,8.505921381587208674e-02,-1.450333227546810599e-01,-1.899796570233499016e-01,-2.526981271219140290e-01,-8.599987670923242566e-02,6.025037158467450027e-02,1.492571731253524714e-01,4.225745395432305429e-01,9.779012714931197003e-02,1.945939281580131089e-02,-1.169367267214473372e-01
8.135592446385639387e-02,-7.056113281383778746e-02,7.887184381342909889e-02,-1.997082118500692963e-02,-1.771049044610709458e-02,7.525988095591441829e-02,9.601382683126745421e-02,3.547006888300847649e-01,2.456294564475363651e-01,3.235994511277680563e-01,4.449449643712513058e-01,1.000000000000000000e+00,5.258967690969408304e-01,7.773140421334782113e-01,1.659562226448609568e-01,3.142110874930648667e-01,-9.345211866051431060e-02,-1.534170949498731840e-01,3.661507480781480556e-02,4.928205959510398998e-02,-1.840000547958967059e-02,-3.606095130242997215e-01,-7.560692163501822605e-02,-7.768459938491606431e-02,1.426223032998545637e-01,9.415076634344697604e-02,-6.461577802182245922e-02,-1.157266506693090530e-01,2.679268200799563293e-01,3.885599866663317914e-01,8.600444303395747558e-02,6.645600688601768780e-02,-6.897205180952033221e-02,6.938530419713736901e-03,-1.243159074771284234e-01,-2.723926856610554004e-01,-5.579660676409681219e-01,-3.903865165563518702e-01,1.234505889417314081e-02,-3.399742915917979835e-01,1.736139492087700742e-01,-1.439922007173696228e-01,-3.386089604990079605e-01,-2.443463191997972683e-01,-2.803974529040683672e-01,-1.914134829870156596e-01,-7.203377253766646976e-03,-1.879659078196027622e-01,-1.178956549137078758e-01,-1.077584140240964994e-01,1.337545006838071204e-01,2.018521013084803584e-01,3.752833975282484497e-02,-1.035299973287000380e-01,-6.977115863640410975e-02,-2.493281794748269942e-01,-2.984778156529045365e-02,1.570587389181006890e-02,3.066629527225569474e-01,3.029140001232907831e-01,5.214172045416666235e-01,4.610458253517782379e-01,3.075579523686667871e-01,4.723337800721022495e-01,1.107676220179045629e-01,1.721892558945544160e-01,-1.150234366616513237e-01,-7.952026192438622909e-02,-1.441794200310966834e-01,-1.364942955188372387e-01,2.034274833386226500e-01,1.701389760930069051e-01,2.639404185949875692e-01,8.683094780919155264e-02,1.178454253417323266e-01,2.209895682311656118e-01,1.787236665761012255e-01,1.434031448278381415e-01,-2.673560294893250755e-01,-1.704038229270598004e-01,-9.431972035827383694e-02,-1.190418024196954749e-01,-3.116996088942872722e-01,-1.273707787181869999e-01,-1.367956729506905333e-01,8.146551625725760581e-02,-2.081170988312491810e-01,-1.976008529894586474e-01,1.508553867791200265e-01,-1.303708540625449497e-01,-5.877088237375824309e-02,-3.244373717148147773e-03,-1.131192792513053963e-01,1.263113913819753353e-01,-2.328026502948704057e-01,-3.659338476537081775e-01,-3.602031101237702093e-01,-3.555089283064186700e-01,-2.356474705985766860e-01,-1.008815289881709321e-01,-1.525403606026635439e-01,2.270171168682318386e-01,-2.500176945083095736e-01,-3.073821488667523652e-02,-8.326921452365242116e-02,1.916691971716184550e-01,-4.084782951170006782e-01,-7.092187246711675885e-02,-2.844569155846379815e-01,-3.423716120724493162e-01,-1.502982951626639085e-01,-1.070917306142391695e-01,1.319142718196119057e-01,2.892766713319284456e-03,2.587964537922185157e-02,-1.008723963387208322e-01
1.479923011765135743e-01,-1.181513690983106851e-01,3.156220818331054168e-01,-1.568875017409112893e-01,-2.447116251778012619e-01,-2.248572452732831295e-01,3.600752530314688116e-01,1.199139704421800512e-01,3.827265068300802348e-02,4.457874512830230923e-02,8.241691001372180025e-01,5.258967690969408304e-01,1.000000000000000000e+00,7.297512037973556964e-01,2.780366630212174339e-01,-1.087401738399822876e-01,-1.376404430248248378e-01,-2.546205498311601700e-01,2.289167079538527161e-01,-1.945939281580131089e-02,1.453620981348846541e-01,-2.550543506800398985e-01,1.616136478313382197e-01,-1.089730564009598474e-01,1.681092447527220840e-02,2.203251679836708016e-03,-5.587126617335138462e-02,-1.708878533479151196e-01,2.519675151659059864e-01,7.111822443029390539e-02,5.823205605620232483e-02,-4.404220197310891073e-03,-1.545358445075104559e-01,-1.455538837733367785e-01,2.014890784928388690e-02,-2.580589923491229398e-01,-3.026126226914374606e-01,-2.453600432887584060e-01,-2.986604686419065333e-02,-2.244234444244033455e-01,6.571626228055955921e-02,4.949211053245629321e-02,-3.106950174547762344e-01,-3.243072314601508355e-01,-2.439490489487178837e-01,-1.460333478694670339e-01,5.639639351673215312e-02,-1.276812887994903944e-01,-3.042313848064677473e-02,-9.363248848715378589e-03,6.684414448764694483e-02,1.285945537445004339e-01,-3.742103112178616318e-03,-1.807648137281986644e-01,-5.673658470874838947e-03,-2.106651080278271748e-01,-1.527207304293030227e-02,-1.011235441985985917e-01,4.417165727906408601e-01,2.334099714833020867e-01,5.881631730477249187e-01,1.578372972837217281e-01,3.067908098148583451e-01,5.106749256259860564e-02,2.238480875090470279e-01,-4.858797823689636058e-02,-1.112333871398596824e-01,-4.165378582567141885e-01,-1.452662053156586197e-01,-2.161218660742621478e-01,7.065702563306384965e-02,1.798104518606631619e-01,1.633305859279571004e-01,3.353965510549351912e-03,-1.702850984842085025e-01,7.769373203436616415e-02,1.800113701485653861e-01,1.380011826781037954e-01,-1.557322215854736180e-01,-1.248182031968839423e-01,-2.040005570916164634e-02,-2.266381119160526814e-01,-1.196810878812024914e-01,-1.947058031137768319e-01,-1.080460924817746582e-01,-3.301247291598647382e-01,-2.890917351805639135e-01,-2.394466527698184133e-01,1.417638342515451233e-01,-2.800412795755144457e-01,-6.381438803257616366e-03,1.783583605980972042e-01,-4.784366730671318207e-02,4.798545168942598971e-01,-1.362979435556600782e-01,-1.863448625422099714e-01,-1.582300012100760489e-01,-1.525266616284883803e-01,-7.554984257595510726e-03,1.458461285557399734e-01,-6.468883921742327181e-02,3.727605031176581818e-01,-3.263209806638979749e-01,-1.747144334675071742e-01,-1.604492350264504485e-01,5.481187883713974779e-02,-2.598626906155177552e-01,-2.590361858402836504e-01,-2.909273977200340644e-01,-8.801362591297955118e-02,-1.762829660105619256e-02,-3.953295630712187064e-02,2.596389407039902952e-01,9.070775750075915633e-02,7.583523787127073590e-02,-6.726424636235156518e-02
