1.000000000000000000e+00,7.533982751686849610e-01,4.813083694535055246e-01,3.421109075472540950e-01,-3.463738326109299104e-01,-5.506054783502390554e-02,3.448858304660619156e-01,2.263908128155860400e-01,-1.406899325260288769e-01,-3.639304705304079457e-01,4.059207292551052504e-01,4.051029983466643003e-01,4.580722999240359194e-01,3.974574377764868993e-01,1.389472273113186440e-01,-4.922025112828991300e-02,2.732919254658385255e-01,3.036105277268867919e-01,5.703561374502882364e-01,5.879172438446758076e-01,-1.690870905759864207e-02,-2.472496536931945155e-01,2.951561731980875125e-01,1.458018678225121711e-01,-2.792618079449483703e-01,-5.014165065463157545e-01,-1.434603869699271617e-01,-1.924616828276509151e-01,3.272711023727601504e-02,8.793511774431386763e-02,-6.355958711291835594e-02,1.730372223959962541e-01,2.890701103713302911e-01,1.772867420349434620e-01,-9.322579203717770713e-02,2.239599624648107648e-02,-1.160150140756959630e-01,5.006479288618794626e-02,-3.520756065954689928e-01,-2.940167120961615921e-01,3.281647973546628766e-02,2.896733544841145758e-01,8.320300281513919038e-02,3.459627329192546674e-01,3.021940211805710930e-01,2.674963135081996346e-01,1.866481969703740196e-01,7.207203181554135141e-02,1.925912686000268159e-01,1.616426113767371331e-01,-6.237990973680682810e-02,-2.652039858796192973e-02,-2.626703606059251905e-01,-1.439608561597926495e-01,-2.108047723312033717e-01,-1.044014477858706824e-01,6.838330577773805707e-01,4.544349613476920124e-01,2.643058224228070907e-01,1.314982796371598484e-01,2.473434916662942962e-01,8.824791098797980793e-02,8.437374324143169513e-02,1.003708834174896064e-01,1.849188971803923387e-01,-2.982617632601993196e-01,5.519013360739979251e-02,-8.766254077483355556e-02,5.242548818088386131e-01,6.000178738996380101e-01,-1.452164976093659188e-01,5.303186022610482941e-02,2.057732695830912784e-01,-5.689709102283390524e-02,7.216586978864113558e-03,2.048751061262790996e-01,9.085303186022609945e-02,1.894097144644532882e-01,-6.295187452522453542e-02,8.418606729523213025e-03,-1.923678448545511344e-02,-1.031726171857545032e-01,3.945663345100317021e-02,1.301756110639438746e-01,9.808749273872827135e-02,-2.610661781134098747e-01,-3.051968363197640755e-02,1.569060279726529339e-01,-2.930247106662496326e-01,-1.858125921622950094e-01,-3.736315295589615060e-01,-2.197506591000491505e-01,-5.429822601546092642e-01,-4.064703516689753826e-01,-1.035479690781536261e-01,-1.186737566468564348e-01,-1.934358103579248422e-01,-1.829885160194825444e-01,-1.587515081102819636e-01,1.212699405692837101e-01,-1.394253541266365914e-01,2.315563698109835214e-02,1.004781268153179252e-01,2.506725054738817571e-01,-2.347960141203807027e-01,-1.421421868716207099e-02,-1.769069216676348241e-02,2.223691853970239940e-01,-7.209884266499844152e-02,-1.929129987935117863e-01,-1.080655972116716518e-01,-1.038562938469100444e-01,-1.462442468385539984e-01,-1.391036239331516211e-01,-3.114258903436257220e-01,-1.589436525313910331e-01
7.533982751686849610e-01,1.000000000000000000e+00,5.109343581035792337e-01,5.083203002815138705e-01,-4.258635327762634870e-01,-1.066535591402654332e-01,1.479914205281737394e-01,1.411993386657133809e-01,-1.966575807676839982e-01,-3.715045355020331619e-01,6.040484382680191139e-02,3.433620805219178562e-01,7.103087716162473364e-02,1.696277760400375367e-01,-1.206935073059564774e-02,-4.812547477545913756e-03,3.156620045578444334e-01,4.411323115420706653e-01,7.120470083560480612e-01,7.268555342061754354e-01,1.063675767460565691e-01,-1.147459672013941695e-01,4.218642477322490092e-01,3.467759953527860817e-01,-2.115376022163635572e-01,-2.598373475132937371e-01,-2.244380892801287053e-01,-2.604539970508065738e-01,-9.106305018097322901e-02,-4.094463559587113027e-02,-1.067518655882747185e-02,2.317172349077259996e-01,4.622592609142499587e-01,3.001474596720139498e-01,-1.556325126234416323e-01,-8.342642656061485459e-03,-1.282541668528531242e-01,-2.710130032619866708e-02,-4.108673309799365514e-01,-2.843379954421556000e-01,-4.851870056749631177e-02,3.086822467491844857e-01,2.589928057553956761e-02,2.359488806470351752e-01,3.101121587202287921e-01,2.194423343312927321e-01,1.476696903346887690e-01,4.953304437195585330e-02,1.307162965279949907e-01,1.396085615979266170e-01,-2.073551097010590261e-01,-1.391304347826086973e-01,-3.999240359265382461e-01,-2.130390097859600484e-01,-2.619732785200410974e-01,-9.977657625452432399e-02,8.200589838688056021e-01,6.813977389516957528e-01,3.337235801420975201e-01,2.057196478841771259e-01,7.076276866705392965e-02,7.621877653156977628e-02,5.939050002234237680e-02,9.719826623173510871e-02,-1.700254703069842277e-02,-2.715358148263997684e-01,2.336923008177309025e-01,1.487421243129719850e-01,6.791054113231154155e-01,7.255149917333214571e-01,-2.752714598507529642e-01,8.681799901693551536e-02,1.387193350909334544e-01,-2.878591536708521512e-02,1.885696411814647561e-03,1.250189910183654440e-01,1.301845480137628908e-01,1.937441351266812606e-01,-6.981545198623709259e-02,4.473837079404799355e-02,8.245229903034094476e-02,1.141516600384288871e-01,1.317708566066401465e-01,1.952857589704633801e-01,-5.447070914696813815e-02,-1.964118146476607485e-01,-7.690245319272532090e-03,2.907636623620358240e-01,-4.667411412484918642e-01,-1.777559319004423655e-01,-5.636891728852942984e-01,-4.261852629697484018e-01,-6.349434737923946859e-01,-5.943071629652799670e-01,-9.233656553018454449e-02,-2.237365387193351041e-01,-2.002100183207471407e-01,-2.317976674560972283e-01,-8.288127262165423392e-02,1.390946869833325772e-01,-1.298538808704589181e-02,-9.062067116493141561e-02,2.074802269985253911e-01,3.293444747307743836e-01,-1.318200098306447909e-01,8.021359310067474602e-02,3.732070244425577527e-02,3.419857902497877578e-01,9.302024219134009952e-02,-1.206801018812279358e-01,-6.305018097323383808e-02,-1.604182492515304585e-03,-1.529201483533670081e-01,-6.030206890388310759e-02,-4.100049153224004650e-01,-3.785691943339738325e-02
4.813083694535055246e-01,5.109343581035792337e-01,1.000000000000000000e+00,6.598999061620268725e-01,-2.726529335537781207e-01,-7.766209392734259656e-03,5.242012601099245162e-01,3.737789892309754669e-01,-8.829706421198445579e-03,-3.205102998346664456e-01,4.303588185352339585e-02,1.338531659144733821e-01,2.005943071629652796e-01,4.490817284060950355e-03,-5.091380311899548761e-02,-4.872871888824344133e-02,2.058402967067339828e-01,7.896688860092050677e-02,4.773448322087671669e-01,4.691139014254435136e-01,-8.781446892175701069e-02,1.881049197908753745e-01,6.550873586844809804e-01,5.000893694981902726e-01,-1.504982349524107421e-02,-2.793779882925957470e-01,7.919924929621520449e-02,-1.534921131417847119e-02,-9.830644800929443409e-05,6.428794852316904729e-02,4.597613834398319582e-02,1.832789668886009304e-01,1.077081192189105890e-01,-1.085705348764466754e-01,-1.882121631887037072e-01,6.257652263282541261e-02,1.394700388757317000e-01,4.207962822288752874e-02,-7.067786764377317899e-02,-2.258009741275302795e-01,2.743062692702980532e-01,4.558469994190982866e-01,-2.482997452969301633e-01,1.778184905491755619e-01,1.476205371106841246e-01,1.306582063541713301e-01,-3.305777738058000847e-02,2.082309307833236575e-02,-2.265516779123285390e-02,-1.383350462487153154e-01,-4.322936681710532469e-01,-4.078600473658340331e-01,-5.979891862907189548e-01,-4.660038428884221706e-01,-2.313240091156888167e-01,-2.073729836006970861e-01,3.971178336833638411e-01,2.340050940613968566e-01,1.069484784842933134e-01,1.292908530318602200e-01,2.353992582331650152e-02,2.934447473077438778e-02,-1.548639349390053266e-01,-1.038473568970910282e-01,3.021940211805710930e-01,3.396934626212073927e-02,2.981366459627329268e-01,2.319495956030206973e-01,3.198176862236918327e-01,3.806470351668975183e-01,-2.036820233254390267e-01,-1.114437642432637710e-01,-2.033781670315921164e-01,-1.330890567049466122e-01,-2.790964743732963771e-01,1.433084588230037204e-01,-2.323160105456007971e-02,1.288171946914518085e-01,-9.642522007238929493e-02,-1.505876044506010165e-03,-1.768801108181777548e-01,-3.988560704231645937e-02,2.668394476965011974e-01,1.158184011796773716e-01,-2.269985254032798674e-02,-4.288842218150945018e-01,1.448634880915143641e-01,2.282452299030340859e-01,-1.613610974574377632e-01,-2.684302247642879613e-01,-2.550203315608383092e-01,-6.275526162920595785e-02,-4.402833013092631309e-01,-3.680325304973412481e-01,-5.980606818892712090e-02,-4.910407078064256414e-02,-8.923544394298226282e-03,-1.173108717994548467e-01,1.948701908038786429e-02,2.889986147727780508e-01,1.642432637740739165e-01,1.132579650565262025e-01,4.661513025604361316e-01,4.866079806961883802e-01,2.172036284016265195e-01,2.860628267572277728e-01,3.563876848831493693e-01,4.430626927029804873e-01,-5.615979266276419773e-02,-3.406765271013003499e-02,1.021314625318378855e-01,-6.219670226551678172e-02,1.292148889583984994e-01,1.009830644800929489e-01,-3.908798427096831785e-01,1.411546539166182446e-01
3.421109075472540950e-01,5.083203002815138705e-01,6.598999061620268725e-01,1.000000000000000000e+00,-3.118101791858438609e-01,4.262925063675767658e-03,2.791590330220296012e-01,4.473479601412038154e-01,2.866079806961883969e-02,-1.488538361857098258e-01,-1.145538227802850861e-01,3.002815139192993588e-01,4.590911122034049829e-02,1.306269270298047180e-01,-1.283614102506814292e-01,1.587336342106439036e-01,2.360650609946825240e-01,6.691094329505339888e-02,4.213861209169310618e-01,4.529201483533669692e-01,-8.793064926940434567e-02,-6.723714196344787730e-02,5.968810045131596187e-01,6.804861700701551053e-01,-7.481567540998257382e-02,-6.983332588587515266e-02,-1.476830957594173037e-02,2.371419634478752481e-02,4.569909289959336873e-02,-1.281647973546628516e-01,6.757227758166138576e-02,2.852093480495107025e-01,4.077840832923723124e-01,6.716564636489566475e-02,-9.914652129228294919e-02,2.226506993163233361e-01,-1.086509674248179042e-01,7.186201349479422185e-02,-1.699182269091558950e-01,-6.180794494838911385e-02,2.176504758925778549e-01,2.675275928325662189e-01,-1.394208856517270556e-01,1.500916037356450350e-01,5.561910719871308167e-02,-6.945797399347602985e-02,-5.380937486036015821e-02,-1.054426024397873002e-01,-2.258367219268063789e-02,-1.003306671433039921e-01,-2.887171008534786809e-01,-9.684972518879306214e-02,-7.197774699495061990e-01,-1.311050538451226655e-01,-4.469949506233522607e-01,-1.406809955762098330e-01,3.610304303141337878e-01,5.476875642343268513e-01,2.777335895258948306e-01,3.201349479422673228e-01,-3.710174717368962261e-02,2.317529827070020920e-01,-1.751240001787389977e-01,-1.402207426605299630e-02,1.445238839983913615e-01,1.845614191876312482e-01,4.331650207784083495e-01,4.551454488583046576e-01,3.703874167746548096e-01,4.969212207873452969e-01,-4.133696769292640183e-01,3.574779927610706454e-02,3.489878904329952146e-03,-2.125966307699182212e-01,-2.494526118235846079e-01,2.557174136467223469e-01,-2.000402162741856116e-01,1.377362706108405110e-01,-1.683542606908262074e-01,1.524286161133205364e-01,-3.597837258143795625e-01,1.078823897403816123e-01,7.819831091648420801e-03,3.933464408597345807e-01,-2.814290182760623704e-01,-2.353545734840698997e-02,-1.023727601769516132e-01,2.819116135662897982e-01,-4.920193038116090767e-01,3.782564010903078505e-02,-2.464542651593011335e-01,1.299611242682872370e-01,-3.443272711023727672e-01,-1.399571026408686636e-01,-7.649135350105008835e-02,-8.411457169667992118e-02,-3.498815854148978888e-01,-2.240716743375485986e-01,-1.396264354975646771e-01,1.392510836051655543e-01,-7.977568255954242682e-02,2.783189597390410830e-01,1.744850082666785929e-01,4.393806693775414440e-01,-1.997408284552482267e-03,4.287769784172661969e-01,-3.496134769203271264e-02,4.904866169176460011e-01,2.685553420617543211e-03,6.100808793958621690e-02,6.280888332812011032e-02,-2.850886992269538196e-03,-5.451539389606327056e-04,7.234014031011215540e-02,-3.465481031324009198e-01,1.432771794986371083e-01
-3.463738326109299104e-01,-4.258635327762634870e-01,-2.726529335537781207e-01,-3.118101791858438609e-01,1.000000000000000000e+00,2.892845971669869010e-01,-1.845167344385361397e-01,-2.487197819384244224e-01,3.617364493498368971e-01,1.153045265650833318e-01,1.940569283703471870e-01,-1.430537557531614545e-01,9.673354484114571328e-02,-6.190625139639840957e-02,3.400330667143304231e-01,1.210152374994414443e-01,-1.287010143438044596e-01,-2.129764511372268521e-01,-2.432414316993610215e-01,-3.236292953215067492e-01,1.539702399571026281e-01,2.980025917154475318e-02,-9.304705304079717576e-02,-1.408776084722284383e-01,3.744179811430358717e-01,2.349926270163993081e-01,1.638634434067652579e-01,2.759640734617275215e-01,6.888600920505831560e-02,8.392689575048035977e-02,-4.363912596630770135e-02,-3.597122302158273222e-02,-9.859689887841280309e-02,-5.758970463380848337e-02,1.224719603199427992e-01,1.067071808391795856e-02,-1.085839403011752127e-03,2.380088475803208425e-01,8.054872871888824060e-02,8.134411725278162253e-02,1.218687162071585006e-01,-5.584253094418874935e-02,-1.135484159256445746e-01,-9.142946512355333566e-02,-1.166852853121229661e-01,-4.767862728450780047e-02,-2.893114080164440050e-01,-1.068993252602886690e-01,-1.025559676482416527e-01,3.779882925957370882e-02,5.346977076723714167e-02,7.135260735510970398e-02,1.392287412306179861e-01,2.641315519013360744e-02,-3.395147236248268613e-02,-8.467313106036909731e-02,-3.474864828633987268e-01,-2.946199562089458768e-01,-1.672103311139908066e-01,-1.899012467044997599e-01,-2.823629295321506902e-02,-1.923767818043701783e-01,-7.199159926717010882e-02,-1.731042495196389586e-01,2.384378211716341178e-01,1.960498681799901777e-01,4.859913311586755436e-02,-1.240001787389963771e-02,-2.151660038428884203e-01,-1.567898476250055850e-01,1.899593368783234204e-01,-1.088699226953840637e-01,-2.506814424237007941e-02,8.298404754457303079e-02,1.762232450064792899e-01,-1.417355556548549889e-01,-9.933419723848251059e-03,-1.008534787077170619e-02,1.982930425845658984e-01,-7.528933375039098541e-02,9.502211895080209247e-02,-1.005406854640511216e-01,-1.355422494302694625e-01,-1.637696054336654911e-02,2.674695026587425861e-01,-6.912730685017203294e-03,7.660753384869743721e-02,6.621832968407882769e-02,3.455695071272174568e-01,-8.890030832476875089e-02,2.754546673220429898e-01,4.202555967648241575e-01,2.954332186424773465e-01,2.778587068233611679e-01,1.374234773671745846e-01,2.639438759551365199e-01,2.423656106170963831e-01,5.482818713972920782e-02,1.453773627061084039e-01,-8.777872112248089054e-02,3.090397247419455692e-02,-4.128870816390365663e-03,-7.992761070646588195e-02,-2.412127440904419384e-01,5.255820188569641088e-02,-6.902900040216274069e-02,2.873229366817105484e-03,-9.265382724875999287e-02,5.876044506010098811e-03,1.236382322713257959e-01,-6.841681933955941208e-02,-7.734036373385763663e-02,1.518074981008981639e-01,-3.379060726574020096e-02,2.177889986147727719e-01,2.458823003708834054e-01
-5.506054783502390554e-02,-1.066535591402654332e-01,-7.766209392734259656e-03,4.262925063675767658e-03,2.892845971669869010e-01,1.000000000000000000e+00,1.235443942982260151e-01,1.502524688323874924e-01,2.949238125027928148e-01,5.266544528352472970e-02,2.519058045489074305e-01,1.049600071495598586e-01,1.768175521694445584e-01,7.997676393047052634e-02,-1.176996291165825076e-02,1.648331024621296770e-01,3.206577595066803510e-02,-4.851423209258679675e-02,-5.193261539836453722e-02,-1.766343446981545329e-01,-1.623799097368068267e-01,-7.902944724965368928e-02,-7.989633138209928376e-02,-1.370436569998659537e-01,-5.986415836275079533e-02,-9.846731310603691611e-02,1.678359176013226664e-02,4.118727378345770629e-01,5.520353903212833757e-02,-2.668573215961392298e-02,-1.234103400509406201e-01,3.846463202109120377e-02,-6.057017739845390464e-02,-1.874480539791769096e-01,-9.275660217167880361e-02,1.550292685106573198e-01,-2.428616113320523628e-01,-2.129228294383126927e-02,-2.412261495151704627e-01,-2.479735466285356849e-01,2.405871576031100578e-01,9.035256267036060121e-03,-1.463872380356584339e-02,2.116269717145538229e-02,-1.190625139639840957e-01,-1.794137360918718338e-01,-1.995084677599535394e-01,-1.447964609678716597e-01,-1.080655972116716518e-01,-1.358416372492068369e-01,1.072433978283211841e-03,3.683810715402832670e-02,5.764332633272264278e-02,1.357075830019214419e-02,-3.670986192412529769e-01,-3.083962643549756355e-01,-6.964118146476606930e-02,-3.382188659010679915e-02,1.626792975557442289e-01,1.193172170338263616e-01,2.741409356986460599e-01,2.216810402609589448e-01,1.809374860360159210e-01,8.674650341838330281e-02,3.452343715090039900e-01,3.032664551588543089e-01,1.077930202421913397e-01,-5.474775459135797218e-02,-2.082353992582331725e-01,-1.052325841190401706e-01,1.775771929040618341e-02,-4.003306671433039948e-02,2.225300504937664792e-02,1.432503686491800321e-01,1.714106975289333631e-02,6.104383573886232317e-02,-4.939452164976093629e-02,4.175789802940256534e-02,2.335537780955359854e-01,4.549801152866526921e-02,4.513159658608516950e-02,1.788373028285446253e-01,-1.855981053666383718e-01,5.763885785781312776e-02,-4.365699986594575449e-02,-2.209213995263416622e-02,-1.816390365968095222e-01,-1.665445283524732978e-01,1.346172751240001797e-01,5.288886902900040432e-02,2.161043835738862273e-01,4.552660976808615145e-01,3.030564368381071794e-01,2.461816881898208076e-01,2.995665579337771986e-02,2.259529022744537208e-01,5.783547075383171920e-02,-1.720988426649984471e-01,5.301398632646677628e-02,1.239108092408061114e-02,2.975110594754010532e-02,1.615934581527324609e-01,-1.272979132222172571e-01,-1.859734572590374946e-01,-2.024665981500513856e-01,1.190222976897984675e-01,-2.135707583001921483e-01,-7.673265114616381610e-02,2.132803074310737623e-01,4.421555922963492646e-01,2.190625139639841013e-01,-1.675678091067518650e-03,1.038205460476339381e-01,6.049421332499217707e-02,2.615845212029134226e-01,1.851870056749631288e-01
3.448858304660619156e-01,1.479914205281737394e-01,5.242012601099245162e-01,2.791590330220296012e-01,-1.845167344385361397e-01,1.235443942982260151e-01,1.000000000000000000e+00,7.612047008356047639e-01,2.182537200053621673e-01,-1.076053442959917783e-01,1.133562715045355052e-01,1.553956834532373987e-01,3.786764377318021513e-01,2.390634076589659984e-01,-4.589570579561196018e-02,-1.029223825908217593e-01,-1.858885562357567509e-02,4.113678001698020670e-02,1.673175745118191116e-01,2.119978551320434446e-01,-1.726931498279637156e-01,-7.203181554135573705e-03,1.391661825818847897e-01,6.532463470217614310e-02,-2.655167791232851959e-01,-2.819428928906564380e-01,-4.059609455292908370e-02,7.997229545556101826e-02,4.505563251262344193e-02,2.159882032262388785e-01,6.355511863800884786e-02,2.270834264265606250e-01,5.541802582778497521e-02,8.024040395013182225e-02,-2.338844452388399719e-01,-2.304392510836051483e-02,-1.544126189731444554e-01,-2.274811206935073160e-01,-8.524062737387728961e-02,-2.800035747799275998e-01,6.573126591894186757e-03,8.303766924348719713e-02,-2.383707940479914134e-01,-1.117118727378345767e-03,-2.156307252334778157e-01,-1.678895393002368397e-01,-2.634880915143661406e-01,-2.330801197551275739e-01,-2.009383797309978181e-01,-2.667098619241252688e-01,-1.374413512668126447e-01,-2.348049510701997467e-01,-1.046472139058939183e-01,-2.033513561821350402e-01,-1.984762500558559239e-01,-3.125519460208230904e-01,-2.007238929353411666e-02,3.874614594039054588e-02,5.727244291523302805e-02,1.266499843603378084e-01,3.040171589436525545e-01,3.598194736136556826e-01,6.534250860181420317e-02,2.920103668617900494e-01,2.039501318200098168e-01,9.408820769471379353e-02,-4.904598060681888971e-02,3.609634031904911111e-02,-5.585146789400777245e-02,-1.412038071406229028e-02,2.859823942088565024e-02,-4.691898654989052481e-04,-6.384556950712722001e-02,-7.980696188390902501e-03,-1.493453684257562974e-01,1.743956387684883202e-01,1.774431386567764529e-02,1.569641181464765944e-01,-1.172304392510836041e-01,3.728942311988918401e-02,-7.942714151660038024e-02,-4.799588900308324885e-02,1.363421064390723525e-01,-1.628937843514008665e-01,5.436346574913981933e-02,-2.850082666785825891e-01,4.404128870816390040e-02,-1.647839492381250326e-01,1.195763885785781390e-02,-1.716073104249519754e-01,1.430492872782519465e-01,1.751865588274721941e-01,-3.635104338889137005e-02,5.421600607712587921e-02,-1.195942624782161817e-01,-1.366995844318334152e-01,-2.483667724205728677e-01,-3.411412484918897037e-01,-1.775950668036999081e-01,9.359220697975781378e-02,4.160596988247911021e-02,2.546851959426247869e-01,8.801108181777558825e-02,1.593100674739711398e-01,-6.422538987443585090e-02,-2.450511640377139172e-02,6.903346887707224877e-02,1.980964296885472931e-01,3.795522588140667897e-02,-1.927253228473121971e-02,3.281647973546628766e-02,-6.134322355779972535e-02,7.406497162518432820e-02,-1.618481612225747268e-02,-9.669332856696009892e-02,1.648509763617677371e-01
2.263908128155860400e-01,1.411993386657133809e-01,3.737789892309754669e-01,4.473479601412038154e-01,-2.487197819384244224e-01,1.502524688323874924e-01,7.612047008356047639e-01,1.000000000000000000e+00,3.602663211046069902e-01,6.844363018901648832e-02,-1.096742481790964757e-01,3.042673935385852846e-01,2.223557799722954420e-01,4.299745296930157501e-01,-1.694981902676616359e-01,1.353947897582555120e-02,-1.190848563385316639e-01,1.362437999910630533e-02,6.382322713257965185e-02,2.365744671343670280e-01,-1.274766522185978024e-01,-3.768711738683587498e-02,4.535502033156083718e-02,1.982483578354707621e-01,-3.555744224496179551e-01,-1.940479914205281708e-01,-9.593815630725232788e-03,1.036105277268868086e-01,9.129094240135840824e-03,9.286831404441664439e-02,2.241208275615532430e-01,3.570937039188524786e-01,1.546673220429867213e-01,2.414853210599222366e-01,-2.596273291925466076e-01,9.478082130568836472e-02,-2.146923455024800087e-01,-2.845658876625407618e-01,-1.459225166450690281e-01,-1.648420394119486931e-01,-6.404218240314581145e-02,3.930917377898923010e-02,-2.352071138120559457e-01,-6.237990973680682637e-03,-2.709370391885249640e-01,-2.190893248134411775e-01,-1.607757272442915109e-01,-2.134322355779972313e-01,-1.612717279592475184e-01,-1.564547120067920905e-01,-5.997587023548862917e-02,-4.640511193529648498e-02,-2.048304213771839632e-01,-8.578578131283792763e-02,-1.915456454712006762e-01,-8.504401447785871204e-02,-1.182447830555431456e-01,2.586800125117297289e-01,2.034139148308682365e-01,3.903346887707225266e-01,2.641360203762455616e-01,6.289110326645516169e-01,1.585906430135394785e-01,5.198132177487823080e-01,-2.559542428169265735e-02,2.087671477724652447e-01,-6.727288976272398358e-02,1.978283211939765029e-01,-1.142589034362572059e-01,7.019974082845524717e-03,-6.535144555163323321e-02,2.139327047678627192e-01,1.584521202913445614e-01,3.695428750167567555e-02,-1.903972474194557396e-01,3.703382635506501375e-01,-7.207203181554135141e-02,1.458599579963358595e-01,-2.651235533312480408e-01,-5.902855355467179384e-03,-3.116359086643728515e-01,-3.854953304437195444e-02,-2.752580544260243775e-03,1.107377452075606616e-01,-2.961526431029089523e-01,-6.107064658831940634e-02,-8.401179677376111044e-02,-1.073104249519638981e-01,-2.045757183073416974e-01,7.280039322579204275e-02,2.174672684212878015e-01,1.639751552795030987e-01,-3.297734483220876589e-03,6.536931945127127941e-02,-1.253273157871218624e-01,-2.027883283435363559e-01,-4.033468877072255432e-01,-3.635283077885517744e-01,-1.362974216899772162e-01,1.724339782832119417e-01,3.749944144063631357e-02,3.827293444747307816e-01,9.129541087626792673e-02,2.572947852897806142e-01,-9.806961883909022515e-02,9.849412395549399235e-02,-8.049510701997408813e-02,1.611868269359667538e-01,1.088297064211984494e-01,3.455471647526699164e-02,1.196031994280352118e-01,3.173957728227355668e-02,1.492470619777469878e-02,-4.043969793109611528e-03,-2.092810223870592845e-01,1.511327583895616389e-01
-1.406899325260288769e-01,-1.966575807676839982e-01,-8.829706421198445579e-03,2.866079806961883969e-02,3.617364493498368971e-01,2.949238125027928148e-01,2.182537200053621673e-01,3.602663211046069902e-01,1.000000000000000000e+00,5.109611689530363376e-01,1.837660306537378663e-01,2.286027078957951764e-01,3.565083337057062263e-01,3.593860315474328715e-01,3.641672997006121792e-01,4.628133518030296267e-01,-4.792886187944054438e-02,2.970642119844496901e-02,-3.668171053219536348e-02,5.537780955359935392e-02,-1.144733902319138436e-01,-1.180839179588006604e-01,5.119978551320434473e-02,1.854148978953483184e-01,-8.400285982394209428e-02,9.156351937083873072e-02,6.363108271147056849e-02,2.432414316993610215e-01,1.834532374100719399e-01,1.893516242906295999e-01,1.625988650073729724e-01,8.074087313999732396e-02,3.254390276598596865e-02,7.568255954242816830e-02,-9.844050225657983641e-03,4.618168818982081730e-02,-3.552929085303185852e-01,-2.713213280307431030e-01,-2.049376647750122959e-01,-1.482550605478350214e-01,-1.201975065910004942e-01,-1.904285267438223239e-01,-9.618839090218508914e-02,-1.364180705125340731e-01,-3.010456231288261564e-01,-2.707404262925063865e-01,-3.073059564770543872e-01,-2.121229724295098096e-01,-3.193038116090978207e-01,-1.615800527280039367e-01,-1.246034228517806930e-01,-2.333437597747888698e-02,-1.565262076053443030e-01,8.990571517940926238e-02,-1.794986371151525983e-01,-8.594664640958041280e-02,-3.325841190401715997e-01,-3.832610929889628676e-02,-6.524867062871442247e-02,-2.292774476071316944e-02,2.816747843960856201e-01,3.490638545064569387e-01,1.345055632512623389e-01,2.695652173913043459e-01,3.262791009428482325e-01,6.487823405871575577e-01,1.596586085169131655e-02,2.113588632199830258e-02,-1.307475758523616027e-01,-7.520890120201975670e-02,1.116269717145538243e-01,6.074444791992492793e-02,2.339112560882970759e-01,1.125787568702801694e-01,-9.498190267661646424e-02,1.620715849680504084e-02,1.452164976093659188e-01,1.821931274855891625e-01,-1.359533491219446777e-01,5.393449215782653711e-02,-1.651235533312480352e-01,-1.282407614281245722e-01,-3.007685776844363224e-01,3.220429867286295211e-02,-2.235131149738594364e-02,1.667456097234014112e-01,-2.547075383171723550e-01,-1.093659234103400574e-01,2.435318825684793659e-03,4.911300773046159418e-02,3.205683900084900784e-01,3.410608159435185027e-01,1.699092899593368788e-01,3.390276598596899116e-01,-6.806380982170785743e-02,-7.956566423879529726e-02,-1.716207158496804996e-01,-3.581035792484025398e-02,4.403235175834487730e-02,1.003083247687564239e-01,-1.333616336744269104e-01,2.656240225211135564e-01,-1.120559453058671134e-01,2.488940524598954457e-02,-1.210688591983555967e-01,-9.469145180749810597e-02,-1.375262522900933815e-01,1.417847088788596471e-02,1.988471334733455265e-03,1.391929934313418903e-02,3.111399079494168649e-02,9.289065641896421255e-02,9.249743062692703183e-04,3.842888422181509511e-04,8.387327405156620036e-03,4.253541266365789414e-02
-3.639304705304079457e-01,-3.715045355020331619e-01,-3.205102998346664456e-01,-1.488538361857098258e-01,1.153045265650833318e-01,5.266544528352472970e-02,-1.076053442959917783e-01,6.844363018901648832e-02,5.109611689530363376e-01,1.000000000000000000e+00,1.345323741007194152e-01,1.079047321149291805e-01,1.070646588319406622e-01,2.480182313776308212e-01,3.958711291836096158e-01,4.559989275660217278e-01,-1.097055275034630739e-01,-7.129451718128602955e-02,-1.517583448768935195e-01,-2.944054694132892669e-01,-1.292551052325841277e-01,-9.696143706153090291e-02,-5.949774342017069562e-02,1.064658831940658718e-01,2.880825774163277980e-02,4.061575584253094284e-01,8.840877608472227922e-02,1.003753518923991284e-01,6.019482550605478183e-02,3.035435006032441083e-02,2.651369587559765928e-01,-1.908038786362214632e-03,-3.164618615666472956e-01,-1.752401805263863466e-01,-1.695964967156709524e-01,-3.014165065463157434e-01,-9.131328477590598680e-02,-2.413736091871844236e-01,2.674829080834711242e-02,2.687921712319585321e-01,-1.893158764913535075e-01,-2.533580588944993051e-01,-8.405648152285624675e-02,-3.635238393136422386e-01,-3.865052057732695778e-01,-3.656329594709325503e-01,-2.654586889494615631e-01,-2.494481433486750999e-01,-2.886411367800169603e-01,-1.519504892980025890e-01,-1.192725322847312253e-01,-4.955091827159390644e-02,-2.670360605925197611e-02,2.012198936502971602e-01,1.654229411501854582e-02,9.747084320121542078e-02,-4.075427856472585986e-01,-3.101032217704097760e-01,-4.070646588319406511e-01,-2.761115331337414269e-01,-1.513919299343134128e-01,5.465391661825819147e-02,1.157871218553107873e-01,9.870414227624112191e-02,1.138701461191295450e-01,6.410831583180660598e-01,-3.553733410786898417e-01,-2.182090352562670310e-01,-1.739041065284418486e-01,-2.873810268555341829e-01,9.042852674382233225e-02,-2.886634791545645423e-02,7.051700254703069382e-02,3.837973099781044617e-02,-2.396889941462978721e-02,-2.256713883551543787e-01,-1.126055677197372552e-03,-9.918673756646856354e-02,-2.208722463023370108e-01,-4.011796773761115015e-02,-1.014656597703203905e-01,-1.680995576209839693e-01,-1.519638947227311410e-01,-4.585995799633585390e-02,5.350551856651324795e-02,2.099289512489387333e-01,-5.687474864828633708e-02,-1.270834264265606195e-01,1.422985834934536731e-01,3.135662898252826181e-01,8.107600875821081854e-02,1.221189508020912445e-01,6.013226685732159932e-02,2.148666160239510181e-01,-5.259394968497251716e-03,-6.977076723714197015e-02,-1.351892399124178801e-01,4.183833057777380793e-02,-2.171455382278028590e-01,-3.681799901693552091e-01,-3.581661378971356946e-01,-6.656687072702087427e-02,-3.129987935117744535e-01,-2.254703069842262930e-01,-1.015863085928772475e-01,-1.823450556325126315e-01,-1.355601233299074948e-01,-7.285848339961571718e-02,1.795433218642477485e-02,-9.066535591402654845e-03,-1.936234863041244036e-01,-3.153402743643594214e-02,-3.360069708208588413e-01,-2.199025872469726195e-01,1.609991509897671855e-02,-1.605076187497207207e-01
4.059207292551052504e-01,6.040484382680191139e-02,4.303588185352339585e-02,-1.145538227802850861e-01,1.940569283703471870e-01,2.519058045489074305e-01,1.133562715045355052e-01,-1.096742481790964757e-01,1.837660306537378663e-01,1.345323741007194152e-01,1.000000000000000000e+00,1.754814781715000604e-01,6.456856874748648778e-01,2.889807408731400185e-01,5.753876401984002742e-01,2.447428392689575127e-01,3.587917243844676030e-01,1.383439831985343316e-01,2.638902542562223674e-01,2.913892488493676977e-02,-1.423656106170963775e-01,-2.262433531435721068e-01,1.655882747218374307e-01,-1.322668573215961436e-02,-5.041780240403950092e-02,-2.294338442289646507e-01,-1.459314535948880720e-01,8.894946154877340916e-02,3.570802984941239822e-01,2.595245542696277830e-01,-7.725993118548639405e-02,-3.540819518298404800e-02,-8.696992716385897049e-02,-1.337235801420975090e-01,4.909513383082354104e-02,-1.559229634925599906e-01,-1.345010947763528308e-01,8.008847580320836712e-02,-2.972340140310112400e-01,-1.625899280575539563e-01,2.914786183475579634e-02,-3.592653827248759851e-03,2.433352696724608022e-01,2.207873452790562463e-01,1.802135931006747238e-02,-6.611108628625050887e-02,-2.771348138880200263e-02,-4.747754591357969400e-02,-3.867018186692881832e-02,-1.284329058492336695e-01,-1.328745699092899468e-01,-1.421734661959873081e-01,-1.083024263818758715e-01,-1.189954868403413947e-02,-2.412350864649895066e-01,-2.298672862951874618e-01,1.404977881049197797e-01,-1.471513472451852211e-01,-2.516779123285222686e-01,-4.073997944501541735e-01,1.129362348630412460e-01,-1.695920282407614166e-01,1.945663345100317188e-01,-1.480852585012735201e-01,6.003530095178515325e-01,1.958621922337906163e-01,-8.864560525492649889e-02,-4.671567094150766430e-01,2.049242593502837578e-02,5.230349881585415195e-02,-3.542606908262210114e-02,-2.328343536351043519e-01,7.654497519996425470e-02,-6.434603869699271478e-03,6.741141248491890059e-02,-6.903793735198177073e-02,1.204790205102998363e-01,-3.723580142097502460e-02,1.868224674918450290e-01,4.066759015148129625e-02,7.036507440010723868e-02,-2.185620447741185857e-01,-1.511327583895616389e-01,-3.661915188346217404e-02,3.561463872380356555e-01,-1.163501496939094715e-01,-1.395147236248268363e-01,-2.248983421958085718e-02,5.413557352875463663e-02,-7.941820456678136408e-02,-1.567406944010009406e-01,1.489968273828142509e-01,-1.557978461950936255e-01,1.321819562983153895e-01,1.429643862549711819e-01,2.703248581259216077e-01,8.444523883998390767e-02,1.495956030206890275e-01,-2.690021895527056617e-01,-3.367889539300236712e-02,-3.238795299164395347e-01,-3.423745475669154326e-02,-1.992984494392064099e-01,-1.470619777469949485e-01,-3.351132758389561705e-01,-9.675588721569328143e-02,-1.152643102908977174e-01,-1.176147280933017569e-01,-1.323562268197864093e-02,-3.019795343849144414e-02,-2.340810581348585773e-01,-1.962062648018231270e-01,-1.692479556727289058e-01,5.010947763528307564e-02,2.182000983064480149e-01,-1.578265338040126808e-01
4.051029983466643003e-01,3.433620805219178562e-01,1.338531659144733821e-01,3.002815139192993588e-01,-1.430537557531614545e-01,1.049600071495598586e-01,1.553956834532373987e-01,3.042673935385852846e-01,2.286027078957951764e-01,1.079047321149291805e-01,1.754814781715000604e-01,1.000000000000000000e+00,2.841681933955940709e-01,5.135662898252826292e-01,2.070825327315787001e-01,2.568479377988292511e-01,1.827516868492783386e-01,2.995889003083247459e-01,1.815496670986192496e-01,3.235622681978640447e-01,-2.237320702444255682e-01,-3.227043210152374941e-01,1.548371240895482503e-01,2.039367263952812925e-01,-3.083962643549756355e-01,-1.337459225166450771e-01,-2.129541087626792839e-01,7.551722597077617678e-03,6.622279815898833577e-02,1.486259439653246361e-01,1.513606506099468285e-01,2.294829974529692951e-01,2.089458867688457899e-01,1.786451584074355559e-01,-1.830242638187586646e-01,-9.611689530363287659e-03,-2.275973010411546649e-01,-1.029581303900978656e-01,-2.656016801465659882e-01,-6.061933062245855597e-02,-7.558425309441887952e-02,1.026587425711604634e-01,3.058224228070959283e-01,4.135305420260065312e-01,8.546405111935297116e-02,9.555833593994370045e-02,1.156262567585683021e-01,8.339067876133875179e-02,1.121631887036954323e-01,1.620671164931409003e-01,6.494481433486751221e-02,1.800527280039322664e-01,-1.824076142812458001e-01,3.562268197864069258e-02,-2.871978193842441573e-01,-3.753965771482192793e-02,2.571026408686715170e-01,2.448813619911524297e-01,1.937262612270432005e-01,2.038696992716385881e-01,1.971982662317351143e-01,2.066937754144510531e-01,1.818937396666517603e-01,2.342017069574154342e-01,1.781580946422985784e-02,1.622324500647928935e-01,-5.457348406988694889e-02,1.473703025157513669e-01,8.855176728182671819e-02,2.849546449796684366e-01,-5.179856115107913522e-02,2.509540193931811269e-01,2.245542696277760264e-01,-4.902810670718083658e-02,3.579248402520220085e-02,2.167389070110371241e-01,2.282586353277626379e-01,3.720541579159032941e-01,-2.429509808302426355e-01,1.769203270923633831e-01,-4.605657089235443841e-02,-7.746548103132401553e-02,-2.017114258903436319e-01,8.074534161490683204e-03,-1.272711023727601809e-01,9.081728406094999317e-02,-1.768667053934492028e-01,1.138120559453058636e-02,-2.984539076813083613e-01,4.128870816390365663e-03,-9.406139684525671729e-02,-4.987264846507886984e-02,-1.654095357254569132e-01,-1.648911926359533375e-01,-6.516823808034317989e-02,-1.667545466732204273e-01,-2.688591983556012366e-01,-1.614817462799946479e-01,-1.391527771571562655e-01,-5.257160731042494900e-02,-2.605657089235444146e-01,9.455739756021269704e-02,-1.741409356986460544e-01,-2.900487063765137125e-02,-2.542070691273068395e-01,-1.584878680906206816e-01,-2.550694847848429259e-01,1.269493721792752106e-01,2.540774833549309594e-02,2.310201528218418926e-02,-1.111756557486929739e-02,3.236963224451494536e-02,-2.747039635372447441e-01,-2.437731802135930936e-01,-1.398007060190357143e-01,3.288797533401850021e-02
4.580722999240359194e-01,7.103087716162473364e-02,2.005943071629652796e-01,4.590911122034049829e-02,9.673354484114571328e-02,1.768175521694445584e-01,3.786764377318021513e-01,2.223557799722954420e-01,3.565083337057062263e-01,1.070646588319406622e-01,6.456856874748648778e-01,2.841681933955940709e-01,1.000000000000000000e+00,4.968899414629787126e-01,5.069216676348362594e-01,1.185352339246615178e-01,1.895303632870101451e-01,2.058939184056481631e-01,1.931096116895303638e-01,1.623575673622592586e-01,-1.942803521158228686e-01,-3.846329147861834996e-01,1.386478394923812418e-01,-1.435720988426649955e-02,-1.665311229277447735e-01,-3.505384512265963814e-01,-1.364761606863577337e-01,-1.436167835917601283e-02,2.560972340140310055e-01,3.188659010679655292e-01,-2.171231958532552839e-02,1.772152464363912494e-01,8.892711917422584100e-02,8.501720362840162193e-02,6.741588095982840867e-02,9.826176326019929463e-02,-2.739309173778989304e-01,8.773403637338576810e-02,-2.623173510880736359e-01,-2.078823897403816179e-01,3.102015282184190578e-02,7.928861879440546323e-02,6.457393091737789748e-02,2.198042807989633030e-01,-9.308280084007328203e-02,-3.955047142410295091e-02,-1.458912373207024438e-01,-1.191742258367219226e-01,-7.542338799767639435e-02,-8.325215603914383478e-02,-4.345145002010813995e-02,-9.230081773090843822e-02,-1.559140265427409744e-01,-5.920282407614281539e-02,-2.057017739845390658e-01,-2.503150274811206666e-01,6.800125117297466104e-02,6.005630278385986655e-03,-8.592430403503284464e-02,-1.972563564055587748e-01,5.093972027347066778e-01,1.002189552705661513e-01,2.231913847803744522e-01,2.322221725725009955e-01,4.886679476294740754e-01,2.581393270476786128e-01,-4.141382546137003379e-02,-2.070244425577550396e-01,6.336297421689977838e-02,1.738817641538942804e-01,1.743464855444836759e-01,1.201706957415434179e-01,2.021091201572903229e-01,1.637472630591179368e-01,1.294829974529692895e-01,1.641538942758836439e-01,2.132981813307118224e-01,1.417802404039501252e-01,-2.971535814826399904e-03,7.074042629250636149e-02,-5.986862683766030341e-02,-7.244291523303096614e-02,-2.408642030474998919e-01,-8.838196523526520298e-02,1.725680325304973506e-01,-1.749854774565440807e-01,-8.943652531391035887e-02,-1.043165467625899318e-01,6.520845435452879424e-02,-1.742526475713838952e-01,-2.588587515081102949e-02,1.028285446177219647e-01,-1.147414987264846475e-01,2.307520443272710955e-02,1.635014969390946940e-02,1.179945484606103878e-01,-2.071584968050404346e-02,-1.141069752893337508e-01,-7.268868135305420197e-02,7.406497162518432820e-02,-2.227579427141516688e-01,-7.226417623665043477e-02,-1.685598105366638289e-01,-1.191920997363599827e-01,-2.829840475445730141e-01,-1.740694401000938418e-01,-5.868894946154877557e-02,4.326824254881808662e-02,6.068188927119174368e-03,-1.029357880155502974e-01,-2.191608204119933900e-01,-1.167076276866705342e-01,-1.267259484337995498e-02,-4.809866392600205265e-02,2.744984136914071365e-02,-1.152911211403547936e-01
