1.000000000000000000e+00,5.345368425756289454e-01,1.003351356182135001e-01,-5.795611957638857614e-02,-3.380937486036015849e-01,-2.289020957147325508e-01,4.072612717279592287e-01,1.633585057419902620e-01,-1.575092720854372463e-01,-8.060681889271191503e-02,3.088565172706555506e-01,8.367666115554761586e-02,4.055498458376156079e-01,2.308369453505518532e-01,5.784440770365074230e-02,8.475356360874033990e-02,9.717592385718754056e-02,-9.951293623486304196e-02,1.650207784083292384e-01,2.951606416729969928e-01,-1.889673354484114609e-01,-1.359846284463112620e-01,9.113007730461593348e-02,-1.614906832298136641e-02,-1.296930157737164191e-01,-1.796907815362616678e-01,-2.723043925108360463e-01,-2.201036686179007051e-01,1.828187139729210431e-01,4.705304079717592333e-03,3.121095670047812631e-01,4.079628222887528577e-01,4.426784038607623484e-01,3.829929844943920636e-01,-8.707717056168728931e-02,-2.019705974350954059e-01,-2.469055811251619770e-01,-3.058939184056481686e-01,-3.069752893337504007e-01,-3.658519147414987516e-01,3.519817686223691844e-02,1.662272666338978494e-02,-3.607980696188390901e-01,-4.176683497922158983e-01,9.278788149604540181e-02,4.940345859957996633e-02,-1.732919254658385200e-01,-1.835247330086241524e-01,9.486125385405960730e-02,1.481925018991018250e-01,1.157335001563966192e-03,1.164484561419187707e-02,-2.849546449796684297e-02,-1.959336878323428288e-01,-2.717100853478707778e-01,-3.190714509138031230e-01,5.901291389248849439e-01,4.306313955047142428e-01,1.860494213324992152e-01,1.438848920863309289e-01,2.342642656061486306e-01,-4.958219759596049769e-02,-2.387952991643951806e-02,-1.821216318870369499e-01,1.628356941775772060e-01,8.516913177532508747e-03,1.779033915724563264e-01,-2.215023012645784065e-02,5.641717681755217262e-01,6.633406318423522574e-01,-3.465302292327628736e-02,-1.568255954242817052e-01,-8.519147414987264522e-02,-2.128334599401224270e-02,-1.715760311005853633e-01,-1.631038026721479961e-01,-1.013271370481254735e-01,-3.027391751195317171e-02,1.887573171276643313e-01,5.183430895035524583e-04,3.724026989588453268e-02,-3.113186469457973962e-02,1.091871844139595121e-01,-1.122168104026095847e-01,-8.711738683587291754e-02,-2.944501541623844032e-01,-2.113365208454354438e-01,-4.108762679297555676e-01,-2.030921846373832593e-02,-2.191608204119933900e-01,-3.885964520309218573e-01,-4.701416506546315932e-01,-7.405603467536529816e-02,-1.812949640287769837e-01,-3.446802806202243219e-01,-3.094418874838018030e-01,-3.089548237186648394e-01,-3.356584297779168224e-01,-1.143750837839045548e-01,-2.158318066044059291e-01,-1.265918941865141478e-01,-2.885204879574601033e-01,-1.784396085615979344e-01,-3.009249743062692439e-01,-3.136199115241967705e-01,-3.078555788909245194e-01,-3.628714419768532817e-01,-4.282407614281245611e-01,-2.151883462174359885e-01,-2.870101434380445959e-01,-3.094731668081683873e-01,-7.524464900129586298e-02,-3.700210018320747030e-01,-3.702935788015550567e-01,-2.489432056839000762e-01,-2.995978372581438176e-01
5.345368425756289454e-01,1.000000000000000000e+00,-3.659680950891460848e-03,-7.535636087403368988e-02,-2.236873854953304319e-01,-1.190937932883506800e-01,3.968944099378882151e-01,3.697841726618705249e-01,-2.128379284150319628e-01,-2.247910987979802599e-01,1.800884758032083588e-01,1.763707046784932231e-01,-4.993520711381205929e-02,2.780508512444702651e-01,7.099512936234862737e-02,-2.459895437687117242e-02,-2.194021180571071039e-01,-3.134679833772733293e-01,7.896242012601099869e-02,1.276598596898878279e-01,-3.685419366370257799e-01,-9.969614370615309529e-02,1.307788551767281870e-01,-4.996201796326913552e-02,9.226953840654185390e-02,6.164261137673712060e-02,-3.382099289512489615e-01,-3.587381026855533950e-01,-1.391214978327896812e-01,-2.102685553420617637e-01,1.965190580454890812e-01,3.459672013941641477e-01,3.721614013137315990e-01,4.801555029268510522e-01,-1.477099066088743973e-01,-2.485321059922248610e-01,-2.076991822690915646e-01,-1.245185218284999284e-01,-7.666562402252111164e-02,-1.776352830778855085e-01,-1.199696143706153045e-01,-1.089503552437553063e-01,-4.370257831002278825e-01,-4.413512668126368665e-01,1.407569596496715744e-03,2.456767505250458117e-02,-2.484695473434916646e-01,-1.727780508512444801e-01,1.826980651503641861e-01,1.339648777872112229e-01,1.155368872603780295e-01,1.559810536663836511e-01,1.367398007060190435e-01,-9.174672684212878404e-02,-1.097412753027391802e-01,-1.697484248625943937e-01,3.062648018231377556e-01,4.459984807185307654e-01,1.715268778765807189e-01,1.187050359712230191e-01,6.599937441351266462e-03,-9.944590911122033750e-02,-4.930515215157066922e-01,-3.661378971357076018e-01,1.374279458420840927e-01,5.659323472898699497e-02,6.568658116984672779e-02,-1.223245006479288660e-01,3.583448768935162398e-01,4.001608650967424796e-01,-1.787479333303543527e-01,-1.474105187899369951e-01,-4.167701863354037473e-01,6.944010009383797151e-03,-3.508959292193574164e-01,-3.812279369051342903e-01,-1.856874748648286444e-01,-2.427275570847669817e-01,-1.342106439072344726e-01,-3.036149962017963277e-01,-1.733812949640287648e-01,-4.172527816256311750e-01,-1.702488940524599093e-02,-3.406318423522051719e-01,-1.558157200947316717e-02,-2.816211626971714677e-01,-9.009339112560882379e-02,-2.912149783278966675e-01,1.120201975065910072e-01,-9.764958219759596603e-02,-2.105947540104562421e-01,-3.256669198802448761e-01,1.650609946825148666e-01,1.412038071406229167e-01,-2.267393538585280865e-01,-1.859555833593994345e-01,-2.621922337906072431e-01,-3.287903838419947156e-01,-2.374636936413601906e-01,-3.203092184637383322e-01,1.990437463693641440e-01,1.353098887349747648e-01,-2.492068457035613582e-02,-4.811653782564010579e-02,-1.200947316680816834e-01,-1.297153581482639872e-01,-2.695339380669377616e-01,-2.624111890611734443e-01,-3.513785245095848997e-01,-1.284909960230573300e-01,-3.564502435318825935e-01,-2.284775905983287836e-01,-1.715268778765807189e-01,-1.206309486572232914e-01,-1.540730148800214527e-01,-2.478171500067027078e-01
1.003351356182135001e-01,-3.659680950891460848e-03,1.000000000000000000e+00,8.080387863622146005e-01,2.682291433933598479e-01,4.936771080030385311e-02,6.005764332633272140e-01,4.855936368917288526e-01,2.678895393002368452e-01,3.229277447607131757e-01,5.253139103623933465e-02,-3.044327271102372778e-01,1.677822959024085070e-01,-3.331113990794941637e-01,3.478439608561598173e-01,1.570222083203002827e-01,-1.776620939273425848e-01,-2.737879261807945053e-01,5.786853746816211785e-01,5.664372849546449595e-01,3.252379462889316009e-01,-4.565440815049823242e-02,8.397783636444881017e-01,8.889271191742258438e-01,2.303141337861387972e-01,-3.097099959783725792e-02,1.169355199070557239e-01,-2.045220966084275449e-02,-4.230305196836319642e-02,-3.374234773671745957e-01,2.310022789222038464e-01,1.723490772599311702e-02,-2.136914071227490053e-01,-2.242414763841101000e-01,4.365699986594574929e-03,6.668305107466820925e-02,1.653201662272666406e-01,-1.017963269136243770e-01,3.149381116225032362e-01,1.446534697707672346e-01,3.367263952812905026e-01,2.436659368157647818e-02,-9.341346798337726853e-02,-1.977746994950623297e-02,-2.540417355556548462e-01,-2.454175789802940377e-01,-1.222887528486527597e-01,-2.303007283614102452e-01,-6.582912551946020763e-01,-5.905670494660172354e-01,-5.448500826667858066e-01,-6.055498458376156190e-01,-3.643058224228070685e-01,-2.315161535367978862e-01,2.353411680593413546e-01,1.369542875016756811e-01,-8.017337682648911779e-02,-2.429152330309665431e-01,-4.378435140086688326e-01,-3.287680414674471474e-01,-3.750703784798248286e-01,-4.736315295589615393e-01,-1.126725948433799501e-01,-4.983198534340229635e-01,-5.396130300728361334e-02,-4.055721882121631761e-01,-1.088788596452030938e-01,-2.123061799007998629e-01,8.750614415300057847e-02,3.582823182447830712e-02,-1.974663747263059044e-01,-2.496313508199651532e-01,-5.948433799544215750e-02,-3.743196746950265830e-01,-8.506188837749675824e-02,-3.227221949148755265e-01,-6.759461995620894004e-02,-1.294651235533312572e-01,-5.747799276107064953e-02,-1.824478305554314284e-01,-2.846641941105500506e-01,-2.665981500513874836e-01,2.170651056794316025e-01,1.262254792439340412e-01,-5.757183073417043023e-02,-1.208633093525179891e-01,4.736717458331471398e-01,3.907100406631216494e-01,7.480673846016354378e-02,2.840564815228562301e-01,-4.662406720586263764e-02,-1.213861209169310451e-01,-4.042584565887662462e-01,-4.244917109790428689e-01,2.744045757183073420e-01,3.919299343134188124e-02,1.952589481210063038e-01,1.812011260556772030e-01,1.723356718352026529e-01,4.604763394253541531e-02,-1.138254613700344087e-01,-3.263908128155860178e-01,2.307833236516377007e-01,-8.688055766566871174e-02,-1.810536663836632421e-01,-2.005406854640511272e-01,2.540685464051119502e-01,3.322579203717770935e-01,1.468340855266097589e-01,1.212163188703695438e-01,1.835515438580812286e-01,9.904374636936413845e-02,-1.139639840922293257e-01,-1.486661602395102609e-02,-1.252960364627552503e-01,-2.622592609142499476e-01
-5.795611957638857614e-02,-7.535636087403368988e-02,8.080387863622146005e-01,1.000000000000000000e+00,4.353635104338889061e-02,-1.078823897403816123e-01,1.959024085079762167e-01,6.235712051476830498e-01,6.164261137673712060e-02,2.077751463425532852e-01,-1.914741498726484636e-01,-9.134903257518209307e-02,-1.625809911077349401e-01,-1.202109120157290323e-01,-3.112739621967022807e-02,4.316099915098976780e-02,-3.273425979713123768e-01,-8.731399973189150898e-02,8.532240046472139294e-01,7.913758434246391804e-01,1.011528665266544502e-01,-1.687787658072300023e-01,7.392153358058894952e-01,7.878189373966665299e-01,-1.175208901202019762e-02,-1.442110907547254073e-01,-8.832834353635103664e-02,-1.825908217525358535e-01,-2.384556950712721779e-01,-2.768979847178157927e-01,1.151079136690647542e-01,1.110416015014075754e-02,-2.484516734438536045e-01,-1.707314893426873370e-01,-1.263640019661289582e-01,4.749988828812726042e-03,1.022967961034898787e-01,-1.457616515483265568e-02,1.813485857276911362e-01,1.489923589079047428e-01,1.986639260020554854e-01,8.092408061128736341e-02,-1.307475758523615923e-02,1.613700344072568071e-01,-3.172974663747263335e-01,-1.978953483176192074e-01,-4.504222708789490208e-03,-4.517628133518030581e-02,-5.410920952678850426e-01,-5.620000893694981903e-01,-4.667813575226775202e-01,-4.509450824433620664e-01,-3.126100361946467787e-01,-2.115286652665445410e-01,1.653827248759998092e-01,1.788998614772777940e-01,-2.564904598060682162e-01,-1.736091871844139545e-01,-4.840475445730372250e-01,-3.340140310112158506e-01,-3.583984985924303923e-01,-2.871263237856919170e-01,-1.107064658831940634e-01,-3.881898208141561502e-01,-1.593636891728852922e-01,-2.534742392421466817e-01,-2.698020465615085794e-01,-2.571562625675856695e-01,2.383707940479914134e-01,5.448411457169668320e-02,-2.050225657982930327e-01,-1.629161267259484347e-01,-1.593905000223423685e-01,-3.124759819473613698e-01,-4.680280620224317595e-02,-2.647392644890299018e-01,-1.750659100049153094e-01,-1.942714151660038524e-01,-1.503552437553063170e-01,-1.659457527145985212e-01,-2.841458510210465027e-01,-1.749184503329013762e-01,-3.162786540953572284e-02,-4.826846597256356092e-02,-2.579739934760266196e-01,-2.410295366191518920e-02,1.590553644041288739e-01,2.093301756110639567e-01,5.304973412574288255e-02,2.749810089816345782e-01,-1.608248804682961830e-01,-1.966441753429554462e-01,-4.462487153134634954e-01,-3.788015550292684885e-01,3.342061754323249478e-01,1.803431788730506247e-01,2.666070870012064997e-01,3.181286027078957801e-01,3.945663345100317021e-02,3.099781044729433763e-02,-1.265025246883238752e-01,-2.460789132669020107e-01,6.547656284909959823e-02,-6.495375128468654224e-02,-2.239242146655346655e-01,-1.842262835694177536e-01,1.271906698243889244e-01,1.895750480361052814e-01,2.276062379909736810e-01,2.211090754725412166e-01,3.062022431744045869e-01,6.931498279637160476e-02,-2.761517494079270777e-03,-9.196121363778541821e-03,7.238929353411680846e-04,-1.853612761964341660e-01
-3.380937486036015849e-01,-2.236873854953304319e-01,2.682291433933598479e-01,4.353635104338889061e-02,1.000000000000000000e+00,6.050583135975691196e-01,1.137807766209392724e-01,-6.497609365923409652e-02,7.261003619464676540e-01,6.615577103534563408e-01,-1.601546092318691661e-01,-6.886366683051074744e-02,-1.665936815764779422e-01,-6.261361097457437408e-01,4.180437016846150211e-01,2.620849903927789382e-01,-2.485187005674963090e-01,-4.329952187318467788e-03,-2.016801465659770198e-01,-1.973859421779346757e-01,1.149783278966888533e-01,6.010098753295499939e-03,2.835649492828097862e-01,3.606461414719156489e-01,6.331069306045846723e-01,4.750256937307297256e-01,2.024263818758657574e-01,1.919790875374234873e-01,-2.523973367889539299e-01,-2.680280620224317345e-01,-1.612627910094284744e-01,-2.944590911122034194e-01,-1.302202958130390109e-01,-1.987398900755172337e-01,9.375754055140980703e-02,1.127440904419321627e-01,1.960588051298091938e-01,1.399034809419545111e-01,3.728227356003396276e-01,1.883640913356271485e-01,4.910407078064256414e-02,9.790428526743822496e-03,2.785021672103311086e-01,1.863309352517985573e-01,-2.378792618079449417e-01,-2.360695294695920321e-01,-1.152866526654452821e-02,-9.047321149291746856e-02,-4.787255909558068012e-01,-4.596228607176370828e-01,-3.008043254837123870e-01,-3.667724205728584708e-01,-2.719960677420796280e-02,-3.887573171276643437e-04,1.580678314491264225e-01,1.156441306582063622e-02,-2.498726484650788671e-01,-1.411904017158943647e-01,-9.504892980025916871e-02,-2.749452611823584650e-02,-1.414763841101032149e-01,-2.527145985075293644e-01,8.400732829885160236e-02,-1.262344161937530851e-01,-2.718620134947942121e-02,-4.079851646633004258e-01,5.734840698869475561e-02,1.039367263952812974e-02,-3.639885607042316340e-01,-2.895169578622815987e-01,-7.898923097546807492e-02,-9.066535591402653804e-02,-3.668171053219536348e-02,-3.054560078645158216e-01,6.707180839179588405e-02,-5.751820903525626388e-02,-4.705750927208543488e-02,-1.486125385405960841e-01,-2.286295187452522526e-01,-1.862058179543321923e-01,-1.122078734527905686e-01,-1.515036418070512536e-01,2.142231556369811052e-01,2.435676303677554722e-01,3.613879083068948783e-01,9.990616202690022485e-02,5.518298404754456987e-01,5.282631038026721626e-01,-3.973814737030251232e-02,2.774476071316859388e-02,3.728584833996156922e-01,2.206130747575852369e-01,6.707627686670539213e-02,-6.839894543992135201e-02,1.184279905268331851e-01,7.444479199249296256e-03,1.319138478037445716e-01,8.541936637025783485e-02,2.543009071004066479e-01,1.949327494526118254e-01,3.821886590106796794e-02,3.231154207069127093e-02,2.829393627954778778e-01,1.170382948299745346e-01,1.306984226283569306e-01,2.290093391125608974e-02,2.885472988069172073e-01,3.710308771616247503e-01,7.511953170382948408e-02,1.248983421958085732e-01,1.755216944456856887e-01,1.914071227490057592e-01,1.993833504624871467e-02,1.738549533044372042e-01,-4.291970150587604699e-02,-1.530899503999284990e-02
-2.289020957147325508e-01,-1.190937932883506800e-01,4.936771080030385311e-02,-1.078823897403816123e-01,6.050583135975691196e-01,1.000000000000000000e+00,1.980874927387282769e-02,-1.995352786094106157e-01,3.285490861968810017e-01,4.781625631172081170e-01,-2.001876759461995725e-02,-1.681487108449886136e-01,-9.518745252245408572e-02,-1.278609410608159414e-01,1.413289244380892817e-01,4.077796148174627766e-01,-2.344832208767147763e-01,-1.358371687742973288e-01,-1.800884758032083588e-01,-2.220117074042629313e-01,5.550292685106573282e-02,5.207560659546896925e-02,-5.542696277760400525e-02,2.763751731534027506e-02,6.257607578533446180e-01,7.639930291791411365e-01,2.981634568121899753e-01,3.573171276643281602e-01,-2.009830644800929544e-01,-2.676035569060279951e-01,-2.511819116135662888e-01,-3.906340765896599287e-01,-1.424505116403771421e-01,-2.594619956208946143e-01,-1.261673890701103806e-01,3.440725680325305152e-03,1.460967871665400653e-01,2.071719022297689727e-01,4.166540059877563706e-01,3.250636757674605914e-01,-2.882166316636132052e-03,-1.359310067473971061e-02,-1.127619643415702227e-01,-1.452835247330086232e-01,-1.763304884043076226e-01,-3.089950399928504399e-01,1.142186871620715916e-01,1.636757674605656965e-01,-3.322400464721390612e-01,-2.903391572456320846e-01,-2.146387238035658562e-01,-2.135662898252826403e-01,-1.638142901827606066e-02,3.530095178515572571e-03,2.767952097948970236e-01,2.384244157469055936e-01,-2.400420036641494337e-01,-1.138120559453058706e-01,-1.229992403592653771e-01,-1.207739398543277165e-01,-1.260154609231869116e-01,-2.704321015237499612e-02,-3.298181330711828091e-02,3.929576835426069198e-02,-1.804861700701550498e-01,-3.835962286071763483e-01,-1.223468430224764342e-01,-2.400688145136065099e-01,-3.377675499352071342e-01,-3.439876670092497646e-01,1.996201796326913525e-01,2.347692032709236265e-01,-3.905893918405647924e-02,-1.779704186960990309e-01,2.576075785334465407e-02,4.450154162384378081e-02,-4.941686402430850444e-02,-1.136690647482014455e-01,-1.890701103713302578e-01,-1.219536172304392513e-01,-1.582510389204164480e-01,-1.205415791590330188e-01,-1.172974663747263120e-02,1.619554046204030595e-01,2.866347915456454731e-01,7.006568658116984864e-03,2.594307162965279745e-01,3.362572054157915713e-01,1.087582108226462368e-01,1.026721479958890015e-01,2.185977925733947058e-01,2.229277447607131701e-01,-6.622279815898833751e-03,4.949729657267974703e-02,3.492425935028374839e-01,2.902676616470798443e-01,2.650878055319719206e-01,1.960230573305331014e-01,1.651056794316100029e-01,1.552705661557710337e-01,2.060905313016667406e-01,2.165914473390231909e-01,2.385227221949148824e-01,2.448411457169668015e-01,6.004736583404084171e-02,8.464632021091202108e-02,1.277402922382590844e-01,3.041154653916618433e-01,1.300370883417489576e-01,3.731087179945484777e-01,2.938826578488761831e-01,1.991063050180973126e-01,1.551007641092095289e-02,1.087001206488225624e-01,-6.523526520398588435e-02,1.416015014075696077e-01
4.072612717279592287e-01,3.968944099378882151e-01,6.005764332633272140e-01,1.959024085079762167e-01,1.137807766209392724e-01,1.980874927387282769e-02,1.000000000000000000e+00,2.544662406720586412e-01,2.145716966799231518e-01,9.834219580857053722e-02,4.970552750346307058e-01,-4.443898297511059692e-01,5.210599222485365889e-01,-2.068948567853791387e-01,6.392555520800751179e-01,9.462889315876490959e-02,1.089458867688457983e-01,-6.076947137941820509e-01,9.823942088565172648e-02,1.641807051253407201e-01,1.989722507708119315e-01,-4.212431297198266505e-02,3.999106305018097496e-01,3.865811698467312985e-01,3.356539613030072866e-01,1.025291567987845764e-01,1.656374279458420751e-01,-1.685955583359399421e-02,2.792752133696769223e-01,-2.316904240582689234e-01,1.825103892041646247e-01,9.591134545779525511e-02,-2.502792796818445811e-02,-7.138388667947628830e-02,2.668573215961392298e-02,-3.305777738058000847e-02,-5.421600607712587921e-02,-2.688547298806917007e-01,1.050672505473881774e-01,-1.087582108226462368e-01,1.068501720362840107e-01,-2.870235488627731479e-01,-1.857187541891952287e-01,-2.742079628222887644e-01,1.409669779704186832e-01,2.346396174985477395e-02,-1.654318781000044813e-01,-3.550292685106573032e-01,-1.838062469279234945e-01,-1.006926136109745767e-01,-1.180794494838911524e-01,-1.704499754233879949e-01,-2.124759819473613642e-02,-8.628625050270342586e-03,1.076187497207203164e-01,-5.287993207918137428e-02,2.180526386344340539e-01,-3.676661155547611415e-02,-1.251038920416461808e-01,-1.224317440457571848e-01,-1.437597747888645638e-01,-2.911256088297063949e-01,-1.702980472764645536e-01,-4.496402877697841527e-01,1.704812547477545792e-01,-2.031324009115688944e-01,6.838554001519281389e-02,-5.524375530631395192e-02,1.472362482684659753e-02,8.307788551767281149e-02,-1.685910898610304409e-01,-2.010858394030117513e-01,-6.180794494838911385e-02,-1.651637696054336635e-01,-3.771794986371151404e-01,-4.022789222038518075e-01,5.766120023236069592e-02,-3.433129272979132396e-02,1.120961615800527278e-01,-1.337235801420975090e-01,-1.680191250726127128e-01,-3.028776978417266341e-01,2.357790786004736461e-01,6.280888332812011032e-02,2.274543098440502120e-01,-2.365923410340050881e-01,3.275883640913356265e-01,1.105098529871754720e-01,1.561106394387595520e-01,1.097904285267438246e-01,-4.302247642879485079e-02,-1.370883417489610900e-01,-6.383216408239868189e-02,-1.749229188078108843e-01,-9.857455650386523494e-03,-1.991733321417400171e-01,-1.310514321462084852e-01,-2.023951025514991731e-01,2.927297913222217177e-02,-1.612449171097904421e-01,-3.095312569819920478e-02,-1.895482371866482052e-01,1.343312927297913295e-01,-1.859555833593994345e-01,-2.825506054783502585e-01,-3.529424907279145596e-01,2.523347781402207265e-02,1.155994459091112120e-02,-1.207918137539657766e-01,-1.120693507305956516e-01,-2.432950533982751740e-01,-1.316278654095357215e-01,-3.796014120380714063e-01,-2.955047142410295313e-01,-3.913132847759059896e-01,-3.802940256490459636e-01
1.633585057419902620e-01,3.697841726618705249e-01,4.855936368917288526e-01,6.235712051476830498e-01,-6.497609365923409652e-02,-1.995352786094106157e-01,2.544662406720586412e-01,1.000000000000000000e+00,-1.428124581080477129e-01,-3.142231556369810830e-02,-2.919746190625139848e-01,1.383529201483533755e-01,-2.914696813977389334e-01,4.757138388667947471e-02,-1.941373609187184435e-01,-8.282765092274006757e-02,-3.461682827650922611e-01,2.301264578399392097e-03,6.222217257250099998e-01,5.997452969301577674e-01,-1.258814066759015027e-01,-1.157469055811251590e-01,5.717056168729612864e-01,4.673309799365476525e-01,-7.386835872916573675e-02,-1.024531927253228419e-01,-1.608382858930247072e-01,-3.401134992627016240e-01,-3.188659010679655292e-01,-2.469234550248000370e-01,1.741141248491889781e-01,1.989499083962643633e-01,-7.334554716475266689e-02,1.549756468117431396e-01,-5.099423566736673019e-02,-8.140220742660529696e-02,-6.288931587649135291e-02,-2.752580544260244122e-02,5.535099870414227768e-02,2.246302337012377748e-02,-3.014880021448679628e-02,-4.802716832744984010e-02,-1.626971714553822682e-02,1.138746145940390531e-01,-2.988069171991599160e-01,-1.100227892220385223e-01,2.470619777469949471e-02,-1.562625675856830001e-02,-1.652397336788953841e-01,-2.990437463693641496e-01,-1.298896286697350244e-01,-1.856472585906430162e-01,-6.635238393136422275e-02,-2.067742079628222818e-01,6.284463112739621660e-02,3.574333080119754952e-02,-1.146342553286563287e-01,6.868045935922069585e-03,-2.923589079047321238e-01,-2.014477858706823499e-01,-2.556816658474462822e-01,-2.319942803521158337e-01,-2.879842709683185231e-01,-4.398409222932213036e-01,9.405245989543768725e-02,-1.725725010054068517e-02,-2.024219134009562493e-01,-1.379552258814066845e-01,4.457929308726931716e-01,3.302247642879485023e-01,-2.408507976227713399e-01,-2.261361097457437741e-01,-2.279637159837347438e-01,-7.495866660708699891e-02,-1.101121587202287810e-01,-2.417534295544930545e-01,-2.338844452388399719e-01,-2.556325126234416101e-01,-2.640868671522409450e-01,-2.693864783949238006e-01,-1.999821261003619510e-01,-2.784932302605120924e-01,-1.917511953170382977e-01,-2.965905536440412993e-01,-1.459091112203405038e-01,1.117118727378345854e-02,1.164618615666472984e-01,8.323875061441529666e-02,1.363421064390723525e-01,1.578131283792841566e-01,-3.906519504892980166e-01,-5.033379507574065048e-01,-2.248625943965324725e-01,-2.485142320925868009e-01,1.225434559184950117e-01,5.286205817954332115e-02,9.622860717637070349e-02,1.113275838956164221e-01,-9.639394074802269674e-02,-1.128915501139461097e-01,5.743777648688502824e-02,-1.844631127396219594e-01,-1.092229322132356184e-01,-1.790026364001966186e-01,-3.004781268153179363e-01,-3.265114616381428747e-01,-8.991912060413781438e-02,-5.391661825818847703e-02,1.955404620403056529e-02,1.920327092363376398e-01,1.878904329952187369e-01,-1.718128602707895761e-02,-1.170472317797935508e-01,-1.199428035211582283e-01,-1.702935788015550178e-01,-2.294204388042361265e-01
-1.575092720854372463e-01,-2.128379284150319628e-01,2.678895393002368452e-01,6.164261137673712060e-02,7.261003619464676540e-01,3.285490861968810017e-01,2.145716966799231518e-01,-1.428124581080477129e-01,1.000000000000000000e+00,8.480584476518164827e-01,-2.005898386880557507e-02,-2.496760355690602895e-01,1.102194021180571137e-01,-7.649090665355914309e-01,7.018052638634434404e-01,3.228562491621609354e-01,7.713034541311050707e-02,-1.296170517002546985e-01,-9.954868403413914824e-02,-7.554850529514277324e-02,1.721569328388221076e-01,-8.667500781983109026e-02,2.837436882791903314e-01,3.066937754144510309e-01,4.764332633272264084e-01,2.270119308280084125e-01,1.551454488583046618e-02,5.596317976674560629e-02,-8.079002636400196488e-03,-2.204298672862951836e-02,-3.000357477992761090e-01,-3.607489163948344180e-01,-1.098663926002055452e-01,-1.991286473926448808e-01,2.865945752714598727e-01,2.978417266187050605e-01,1.493274945261182374e-01,2.353992582331650152e-02,1.087850216721033131e-01,-6.015907770677867555e-02,1.292640421824031438e-01,4.184726752759283103e-02,2.267259484337995346e-01,7.443585504267392905e-02,-8.013316055230350343e-02,-1.765583806246927845e-01,-1.522856249162160835e-01,-3.006300549622413776e-01,-2.509540193931811269e-01,-2.496179453952366012e-01,-1.681665847446266460e-01,-2.158496805040439614e-01,-8.207694713794182195e-02,1.592117610259618371e-02,-6.953840654184727244e-02,-2.304615934581527303e-01,-9.894990839626435775e-02,-2.595737074936324204e-02,-5.552526922561330097e-02,-5.052057732695831166e-02,-1.169176460074176638e-01,-1.593413467983377241e-01,1.966307699182269220e-01,-5.463157424371062332e-02,2.657267974440323255e-01,-1.791679699718486118e-01,2.365699986594575199e-01,1.614102506814424354e-01,-1.254211537602216431e-01,-3.619911524196791491e-02,-2.353366995844318466e-01,-2.396085615979266226e-01,1.265248670628714434e-01,-1.326243353143572168e-01,2.501005406854640498e-02,-2.453192725322847142e-02,5.835381384333526711e-02,-6.023504178024040659e-03,-1.293444747307744003e-01,4.146744716028419320e-02,-4.829527682202064409e-02,-3.199874882702533757e-02,3.927744760713168803e-01,3.234460878502167236e-01,2.838911479512042368e-01,-3.255730819071450677e-02,4.847848429331069187e-01,4.595737074936324107e-01,-3.209303364761607047e-01,-1.498994593145359377e-01,3.190982617632602270e-01,1.671790517896241945e-01,4.851870056749631177e-02,-6.262120738192054892e-02,-1.497922159167076328e-01,-1.707538317172349052e-01,-9.045533759327940848e-02,-1.221725725010054109e-01,5.524822378122346694e-02,4.149872648465079139e-02,3.341972384825059317e-02,3.315608382858930159e-03,1.970016533357165089e-01,3.808034317887305092e-02,3.117654944367487246e-02,-2.711023727601769365e-02,3.721435274140935667e-01,3.608338174181152103e-01,-7.628580365521248075e-02,-8.062022431744045314e-02,1.321328030743107451e-02,6.944010009383797151e-03,-5.243755306313954700e-02,-5.245989543768711863e-03,-1.264891192635953232e-01,-1.676571786049421420e-01
-8.060681889271191503e-02,-2.247910987979802599e-01,3.229277447607131757e-01,2.077751463425532852e-01,6.615577103534563408e-01,4.781625631172081170e-01,9.834219580857053722e-02,-3.142231556369810830e-02,8.480584476518164827e-01,1.000000000000000000e+00,-1.322266410474105258e-01,-1.265516779123285196e-01,1.013896956968586560e-02,-5.342374547566914877e-01,4.735734393851378510e-01,5.571920103668618340e-01,-1.262254792439340412e-01,-3.502837481567541017e-02,1.311318646945797417e-01,1.120514768309575915e-01,9.183162786540953471e-02,-1.681531793198981217e-01,3.330801197551275794e-01,3.710666249609008704e-01,4.826265695518119903e-01,3.140310112158720135e-01,-1.351713660127798304e-02,8.150945082443361578e-02,-1.532642209213995188e-01,-1.045265650833370613e-01,-2.901559497743420035e-01,-3.870727020867777979e-01,-1.379909736806827769e-01,-2.153313374145404135e-01,1.483623039456633541e-01,2.062067116493140895e-01,1.668573215961392242e-01,1.247106662496090118e-01,1.322177040975914819e-01,2.193127485589168452e-02,1.204834889852093444e-01,1.426694669109432878e-01,3.251709191652888548e-02,-5.224987711693998560e-02,-2.251932615398364590e-01,-2.693507305956476805e-01,-6.340319049108539273e-02,-1.089816345681219045e-01,-4.661334286607980437e-01,-3.698377943607846774e-01,-3.120201975065909905e-01,-2.805978819428928683e-01,-1.677867643773180151e-01,-9.624201260109924161e-02,5.809017382367398193e-05,-7.471736896197328504e-02,-1.182760623799097299e-01,3.551543858081236682e-02,-1.438402073372357926e-01,-1.006613342866079785e-01,-8.085705348764467282e-02,-8.787255909558068512e-02,1.400464721390589362e-01,-3.869699271638589455e-02,1.864649894990839663e-01,-2.409669779704186887e-01,1.746503418383305861e-01,2.223959962464810633e-02,6.530676080253809690e-02,5.564144957326064289e-02,-1.288886902900040210e-01,-1.443808928012869086e-01,5.250904866169176649e-02,-1.657312659189418558e-01,4.232539434291076458e-02,3.425086018142008137e-02,-4.900576433263327536e-02,-7.784976987354215450e-02,-1.823718664819697077e-01,7.101300326198668744e-02,-1.607444479199249265e-01,-1.533580588944993134e-02,1.973367889539300313e-01,2.164350507171902138e-01,2.462665892131015721e-01,4.701729299789981359e-02,3.438402073372358037e-01,4.169399883819652208e-01,-2.056749631350819896e-01,3.552437553063139686e-02,9.371285580231467072e-02,7.420796282228875329e-02,-1.394342910764556076e-01,-9.517851557263505569e-02,2.634165959158139489e-02,3.627061084052012746e-02,9.386031547432861777e-02,8.768935162429063179e-02,1.354841592564457776e-02,5.942624782161848307e-02,4.755797846195093659e-02,-2.956789847625005546e-02,1.573081907145091329e-01,7.555297377005228132e-02,-5.567719737253675610e-02,-3.215067697394879270e-02,2.008713526073551137e-01,2.905313016667411263e-01,4.443004602529156827e-02,1.594530586710755649e-01,2.276553912149783254e-01,6.302783859868626992e-02,-6.297868537468162553e-02,-5.840296706733991670e-03,-1.097591492023772264e-01,-1.425979713123910753e-01
3.088565172706555506e-01,1.800884758032083588e-01,5.253139103623933465e-02,-1.914741498726484636e-01,-1.601546092318691661e-01,-2.001876759461995725e-02,4.970552750346307058e-01,-2.919746190625139848e-01,-2.005898386880557507e-02,-1.322266410474105258e-01,1.000000000000000000e+00,-1.176996291165825076e-01,7.265874257116046175e-01,1.638723803565843018e-01,4.032307073595781666e-01,1.038652307967290744e-01,3.106260333348228042e-01,-4.251575137405603222e-01,-2.481299432503686619e-01,-2.179900799857008853e-01,0.000000000000000000e+00,-1.401403101121587169e-01,-1.840430760981277003e-01,-1.326868939630903854e-01,1.800214486795656543e-01,8.346217435989096434e-02,1.082711470575092733e-01,2.167210331113990970e-03,4.798427096831851535e-01,-8.137986505205772880e-02,7.864962688234505839e-02,1.266812636847044170e-02,5.582912551946021124e-02,-4.052013047946735613e-02,-1.999910630501809672e-01,-1.732248983421958155e-01,-2.174538629965592773e-01,-2.760802538093748426e-01,-1.509361454935430613e-01,-3.172885294249072619e-01,1.771303454131105057e-02,-1.820814156128513217e-01,-1.209482103757987398e-01,-2.744045757183073420e-01,2.675544036820233229e-01,1.259618392242727591e-01,-1.637070467849323085e-01,-2.781223468430224499e-01,1.392063988560704180e-01,2.326377407390857466e-01,6.226372938915947924e-02,1.242861611332052307e-01,1.118057107109343556e-01,2.517940926761696452e-01,-8.714419768532999377e-02,-1.835560123329907367e-01,4.604405916260780329e-01,2.677867643773180206e-01,2.350954019393181049e-01,1.953215067697395002e-01,4.257562893784351266e-01,3.334733455471647345e-01,1.508557129451718049e-01,1.930783323651637795e-01,-5.083337057062424502e-02,-1.591313284775905945e-01,2.138612091693104997e-02,-9.258680012511730228e-02,-1.992314223155637054e-01,-2.014031011215872136e-01,2.299477188435586905e-01,2.506725054738817571e-01,1.433039903480941984e-02,-1.077483354930962034e-01,-3.431878100004468468e-01,-2.330354350060324375e-01,8.186246034228517043e-03,9.102283390678761119e-03,2.472585906430135316e-01,-2.607801957192010245e-02,5.310782429956655698e-02,-8.012869207739398147e-02,2.662093927342598088e-01,1.780106349702846313e-01,2.216944456856874690e-01,-1.698556682604227264e-01,-2.410742213682470075e-02,-2.585638321640824078e-01,2.189552705661557824e-02,-8.058447651816434687e-02,2.757942714151660063e-02,3.031860226104830455e-02,-1.093703918852495655e-01,-1.409982572947852952e-01,-2.725367532061307441e-01,-3.461638142901827808e-01,-3.986907368515125727e-01,-4.281826712543009283e-01,7.873452790562580211e-03,-8.015997140176057967e-02,-1.193931811072880822e-01,-9.807855578890924131e-02,1.438402073372358099e-02,-1.734617275124000213e-01,-2.138612091693105066e-01,-2.373564502435318857e-01,-9.724741945573975310e-02,-8.820322623888467162e-02,-2.553465302292327599e-01,-3.124134232986282012e-01,-4.528575897046338006e-01,-6.778229590240850144e-02,-2.685285312122972501e-01,-2.391036239331516267e-01,-2.235175834487689306e-01,-1.527905625809911072e-01
8.367666115554761586e-02,1.763707046784932231e-01,-3.044327271102372778e-01,-9.134903257518209307e-02,-6.886366683051074744e-02,-1.681487108449886136e-01,-4.443898297511059692e-01,1.383529201483533755e-01,-2.496760355690602895e-01,-1.265516779123285196e-01,-1.176996291165825076e-01,1.000000000000000000e+00,-2.409669779704186887e-01,3.789445462263729136e-01,-4.875597658519147393e-01,-1.333035435006032499e-01,-4.237588810938826556e-01,5.592787881496045221e-01,2.117610259618392388e-02,-1.966575807676839913e-02,-5.506278207247866652e-01,-3.695384065418472752e-01,-3.402296796103489868e-02,-1.513025604361231402e-01,-1.894722731131864568e-01,-1.256088297064212045e-01,-3.177532508154966573e-01,-3.017024889405245935e-01,-5.114839805174493659e-01,-2.472809330175610998e-01,2.107824299566558035e-01,2.897940033066714327e-01,4.358818535233924818e-01,5.582465704455069622e-01,-3.596943563161892898e-01,-3.468698333258858901e-01,-1.987130792260601575e-01,4.415746905581124926e-02,-2.399526341659591611e-01,-1.142276241118906077e-01,-1.435274140935698661e-01,1.398900755172259591e-01,2.783859868626837632e-03,5.191027302381696906e-02,-4.313955047142410404e-01,-1.603601590777067876e-01,-2.171678806023504254e-03,5.241521068859198579e-02,2.444255775503820574e-02,-9.863711515259841744e-02,-1.751642164529246259e-02,-9.602752580544261091e-03,5.747799276107064953e-02,-2.445149470485723231e-02,-2.970284641851735907e-01,-2.460655078421734587e-01,3.314893426873408155e-01,5.886366683051074133e-01,5.048617007015505642e-01,5.584833996157111402e-01,5.288708163903659276e-01,3.650431207828768176e-01,-3.573886232628803450e-02,2.187139729210420547e-01,-1.974529693015773801e-01,-7.547254122168103874e-02,1.535725456901559371e-01,-3.583716877429733282e-03,2.324634702176147372e-01,2.086867152240940160e-01,2.407882389740381712e-01,1.784485455114169505e-01,-4.796684391617140886e-01,-2.166137897135707591e-01,-1.228339067876133839e-01,-1.889271191742258327e-01,-5.784530139863264253e-01,-5.441976853299969052e-01,-3.648822556861343047e-01,-3.938513785245095766e-01,-1.578399392287412328e-01,-2.224451494704857146e-01,-3.050225657982930660e-01,-3.870592966620492459e-01,-1.802225300504937677e-01,6.590106796550337931e-02,-3.020554984583761482e-01,-3.570892354439429983e-01,-2.235756736225926189e-01,-1.196434157022208261e-01,-3.555565485499798811e-02,-4.080611287367621326e-02,9.032128334599401343e-02,-1.050091603735644986e-03,-2.578801555029268666e-01,-1.864158362750793219e-01,-2.105053845122659695e-01,-1.576612002323606876e-01,-1.588989677822958899e-02,1.234237454756691582e-01,5.491755663791947698e-03,-3.615443049287278554e-02,-7.131685955583359771e-02,1.108181777559318982e-03,2.527682202064435169e-01,2.098083024263818763e-01,-2.426113767371196328e-01,-2.922427275570847471e-01,-1.071763707046784891e-01,-1.153224004647213918e-01,-1.049600071495598586e-01,1.296974842486259549e-01,2.515617319808749475e-01,2.594575271459850785e-01,3.883640913356271596e-01,1.679386925242414841e-01
4.055498458376156079e-01,-4.993520711381205929e-02,1.677822959024085070e-01,-1.625809911077349401e-01,-1.665936815764779422e-01,-9.518745252245408572e-02,5.210599222485365889e-01,-2.914696813977389334e-01,1.102194021180571137e-01,1.013896956968586560e-02,7.265874257116046175e-01,-2.409669779704186887e-01,1.000000000000000000e+00,3.597122302158273568e-03,4.370168461504088664e-01,1.270029938781893630e-01,4.666160239510255270e-01,-3.233835292014835550e-01,-1.768398945439921266e-01,-1.477992761070646699e-01,3.219983019795343848e-01,1.775325081549667186e-02,-3.475132937128558308e-02,3.257518209035256164e-03,3.516242906296081216e-02,-9.601412038071406585e-02,2.208320300281513826e-01,1.586889494615487672e-01,5.982885741096564125e-01,4.231645739309173454e-02,2.012511729746637446e-01,9.402118057107108906e-02,6.675007819831091371e-02,-4.984583761562178666e-02,2.324053800437910627e-02,3.966665177175029977e-02,-1.374145404173555685e-01,-3.399302917914115985e-01,-2.197864068993252706e-01,-3.178962420126010824e-01,1.218150945082443343e-01,-1.278832834353635095e-01,-2.159971401760579224e-01,-3.344474730774386617e-01,2.106439072344608865e-01,-3.471111309709996179e-02,-2.468028062022431801e-01,-3.442602439787300628e-01,4.403235175834487730e-02,1.351981768622369240e-01,-8.778765807229992058e-02,-5.653961303007283556e-02,-1.587783189597390399e-01,8.949908396264355526e-02,-1.515840743554224823e-01,-2.344966263014433283e-01,5.068322981366459867e-01,8.716207158496805385e-02,1.036730863756200050e-01,8.221993833504624705e-02,2.484650788685821565e-01,8.950355243755306334e-02,2.541087626792975507e-01,1.205505161088520488e-01,8.449886053889807402e-02,-1.352428616113320603e-01,1.322132356226819738e-01,2.298136645962732885e-02,-1.045712498324321976e-01,-1.981768622369185426e-02,2.000670271236426878e-01,1.259618392242727591e-01,2.609678716654005859e-01,-8.839537065999374110e-02,-1.577416327807319441e-01,-5.964073461727512071e-02,1.029402564904598055e-01,1.712632378569194369e-01,3.201260109924482511e-01,1.613834398319853314e-01,3.169042405826891229e-02,7.995889003083248014e-02,3.018767594619956030e-01,2.159077706778676498e-01,-1.047410518789937059e-02,-2.001206488225568680e-01,3.132400911568881258e-02,-9.516957862281603953e-02,-1.740515662004557818e-01,-1.496626301443317320e-01,2.961258322534518830e-02,7.464587336342105861e-02,2.547030698422628366e-04,-1.031636802359354732e-01,-2.907591938871263437e-01,-3.763885785781312943e-01,-3.377362706108404944e-01,-3.302694490370436387e-01,8.799767639304705014e-02,-7.877921265472095230e-03,-5.501139461101926115e-02,-1.467625899280575463e-01,1.755753161445998412e-01,-2.655614638723803600e-02,-5.326868939630904215e-02,-5.984181598820322717e-02,4.720050046918986691e-02,-1.800348541042941924e-02,-1.333080119755127579e-01,-3.644041288708164128e-01,-3.518566513249027916e-01,-7.046784932302605289e-03,-2.760891907591939143e-01,-1.260869565217391242e-01,-1.866750078198310958e-01,-4.463112739621966779e-02
