1.000000000000000000e+00,4.739666651771750061e-01,9.253317842620313594e-02,2.330309665311229295e-01,-2.599133115867554578e-01,-3.129094240135841809e-01,3.921846373832610921e-01,2.762321819562983394e-01,-6.176772867420349256e-02,-2.136422538987443609e-01,4.396174985477456776e-01,5.025961839224273309e-01,5.178917735376915576e-01,3.854014924706197776e-01,-5.238839983913490261e-02,-1.823718664819697077e-01,-1.320657759506680407e-01,5.872469726082488184e-02,3.791858438714866830e-01,2.875240180526386080e-01,-1.538898074087313994e-01,-1.935296483310246229e-01,-1.294919344027883334e-01,1.057598641583627486e-01,-3.895214263371911123e-01,-4.173778989230975678e-01,-1.225881406675901480e-01,-2.192233790607265864e-01,1.068188927119174264e-01,9.626882345055633172e-02,3.480092944278118106e-01,1.644979668439161824e-01,2.846954734349166904e-01,1.569641181464765944e-01,-2.716788060235041935e-01,-3.329505339827517063e-01,-1.609678716654006081e-01,-3.122838375262522725e-01,-1.211269493721792712e-01,-1.734930068367666056e-01,-1.092988962866973425e-02,-7.970418696099021427e-02,-9.847178158094642419e-02,5.170025470306983950e-02,-7.557084766969034140e-02,8.263550650163099809e-02,4.017158943652531823e-03,-8.532999687206756223e-02,1.337503909915545852e-01,2.026587425711604551e-01,3.879976763930470529e-02,8.610304303141337601e-02,-7.852450958487867949e-02,-2.726127172795924647e-01,1.017427052147102245e-01,2.436659368157647818e-02,5.463157424371062332e-01,3.704142276241119136e-01,5.772331203360293594e-01,4.911300773046159418e-01,4.080387863622145783e-01,3.144018946333616560e-01,4.406809955762098358e-02,3.002189552705661346e-01,-3.840966977970418639e-01,-1.922337906072657532e-02,-2.248938737208990568e-01,-2.303364761606863653e-01,4.005362169891416024e-01,2.923946557040082439e-01,3.514500201081370845e-01,3.063050180973233561e-01,4.753876401984002964e-01,4.285267438223334113e-01,4.423790160418249466e-04,-3.837079404799142307e-02,3.336163367442691874e-02,5.538227802850886894e-02,9.122838375262522226e-02,-1.241789177353769119e-01,6.753652978238526561e-02,-3.387550828902095856e-02,-9.508914607444479694e-02,-2.488359622860717713e-01,-1.740515662004557818e-01,4.180705125340720973e-02,-6.771973725367531893e-02,-5.388533893382188578e-02,2.499396755887215715e-01,-1.379909736806827769e-01,-1.139416417176817575e-01,-2.474596720139416450e-01,-3.721792752133696452e-02,-3.547790339157245731e-01,2.218419053577014299e-01,7.870771705616873282e-02,1.369140712274900633e-02,8.570534876446668504e-02,-9.348943205683900304e-02,-2.938915947986952062e-02,4.059609455292908370e-02,-2.401537155368872467e-01,1.094150766343447018e-01,-1.737968631306135159e-01,6.601724831315072817e-02,-1.352517985611510765e-01,7.977121408463291874e-02,5.699986594575271598e-02,1.791947808213056881e-01,1.423700790920058856e-01,-1.137405603467536580e-01,-6.424773224898341906e-02,-4.439876670092497701e-02,-9.512042539881138126e-02,1.459850752938022245e-01,6.769739487912775598e-03
4.739666651771750061e-01,1.000000000000000000e+00,2.198310916484204069e-01,-1.102104651682380837e-01,-5.038652307967290966e-02,-2.486259439653246486e-02,3.148755529737700676e-01,1.446579382456767426e-01,-5.292461682827651059e-02,-3.748156754099826043e-02,5.328790383841994771e-01,4.894767415880960093e-01,2.660440591626078155e-01,2.590598328790383875e-01,-5.956923901872290816e-02,-2.119710442825863406e-01,3.180571071093435953e-01,4.561285133383976009e-01,5.319361901782921898e-01,4.302113588632199837e-01,-5.791590330220295485e-02,-6.165154832655614370e-02,-3.456231288261316648e-01,-1.666160239510255103e-01,-2.089235443942982218e-01,-1.236069529469591977e-01,-1.226641047410518826e-01,-1.186067295232137303e-01,2.898789043299521695e-01,3.243308458823003781e-01,-1.055006926136109816e-02,-1.259886500737298354e-01,1.351758344876893558e-01,2.527056615577103482e-01,-1.437106215648599195e-01,-8.358729165735734323e-02,7.565128021806157531e-03,-7.169221144823272052e-02,-3.242325394342910477e-02,5.239733678895393265e-02,9.028106707180838519e-02,2.421645292461682697e-01,-3.608740336923008107e-02,2.077840832923723118e-03,-2.589079047321149463e-01,-1.952857589704633801e-01,1.367666115554761197e-01,3.799991063050180834e-02,-1.353098887349747648e-01,-1.580544260243978705e-01,-1.900889226506993213e-01,-1.800303856293846982e-01,-1.551409803833951606e-01,-1.817954332186424715e-01,4.749095133830823212e-02,6.086509674248179180e-02,5.538674650341838257e-01,7.162205639215335484e-01,1.648688502614057694e-01,1.781312837928415160e-01,1.430895035524375469e-01,9.898565619554046402e-02,1.804414853210599134e-01,2.296706733991688565e-01,-1.686625854595826535e-01,-1.747218374368827987e-01,-1.301130524152106782e-01,-1.756244693686044855e-01,3.240940167120961446e-01,7.497654050672505899e-02,-2.220832030028151247e-03,1.407837704991286576e-01,1.691585861745386332e-01,2.023816971267706211e-01,-1.006613342866079785e-01,2.064256669198802352e-01,2.752178381518387562e-01,3.073819205505161078e-01,-1.182358461057241190e-02,1.746592787881496023e-01,7.961481746279994165e-02,6.866258545958264792e-02,6.083828589302470863e-02,7.922606014567228072e-02,-2.405111935296483372e-01,-3.693820099200142981e-01,-9.789981679252870994e-02,-7.825193261539836742e-02,-1.284016265248670574e-01,-2.332856696009651953e-01,-4.141829393627954881e-02,-1.632110460699763288e-01,-3.773493006836766694e-01,-2.311452701193082715e-01,-8.293489432056839333e-03,1.684972518879306602e-01,3.195317038294829826e-01,2.746637472630591437e-01,5.376022163635550966e-01,3.768577684436301700e-01,2.036373385763438904e-01,1.181017918584387205e-02,1.654095357254569132e-01,2.182000983064480149e-01,-1.477501228830599977e-01,-1.739845390768130773e-01,6.499843603378166468e-02,8.628625050270342933e-02,1.172438446758121422e-01,7.210331113990794960e-02,2.603020689038830771e-01,2.918807810894141763e-01,8.172393762009026730e-02,3.019661289601858756e-01,1.122838375262522892e-01,1.151123821439742623e-01
9.253317842620313594e-02,2.198310916484204069e-01,1.000000000000000000e+00,4.793064926940435178e-01,-1.321998301979534496e-01,-2.819160820411993271e-02,6.458957057956119518e-01,4.398990124670449919e-01,-2.409222932213235524e-01,-1.781715000670271165e-01,7.936458286786719774e-02,2.792171231958532340e-01,2.498011528665266545e-01,2.212386612449171175e-01,-2.804370168461504109e-01,6.512355333124804357e-02,-2.021493364314759511e-01,-2.517762187765315574e-01,1.652933553778095643e-01,4.419813217748782552e-01,-5.020778408329237136e-02,-3.121229724295098221e-02,4.076679029447249913e-01,3.444568568747486403e-01,-2.049644756244693722e-01,-4.329505339827516980e-02,9.030340944635595335e-02,-1.669422226194199887e-01,1.472496536931945099e-01,-6.311273962196702059e-02,4.083158318066044123e-01,4.020733723580142138e-01,4.831851289155011386e-01,3.634255328656329498e-01,2.494883596228607281e-01,-1.205683900084901089e-01,2.241387014611912962e-02,-8.205013628848474572e-02,-2.005540908887796514e-01,-8.703695428750167495e-02,-1.558067831449126417e-01,-5.777291210509852976e-02,5.519907055721882255e-02,7.367174583314714531e-02,-7.402475535099869997e-02,-3.105187899369944993e-01,7.494972965726796887e-02,-3.940077751463425537e-01,-2.502077840832923616e-01,-2.744984136914071504e-01,-8.028955717413646664e-02,-2.096965905536440355e-01,-1.274543098440502342e-01,-4.705035971223021640e-01,2.099602305733053176e-01,-4.479512042539881000e-01,-1.246257652263282542e-02,-2.308860985745565114e-02,-5.816166942222619762e-02,-1.077349300683676583e-02,2.890209571473256051e-02,-1.095223200321730241e-02,-1.607533848697439427e-01,1.397292104204835017e-01,3.667858259975870228e-01,1.863711515259841855e-01,4.709191652888868873e-01,4.517717503016220326e-01,2.322489834219580995e-01,3.217927521336967911e-01,3.712721748067384642e-01,3.234058715760311231e-01,4.862147549041512251e-02,3.261897314446579599e-01,2.437776486885026017e-01,3.808570534876446478e-01,3.934179364582867655e-01,3.555073953259752506e-01,-8.187139729210420047e-02,-2.698556682604227319e-01,-1.554090888779659507e-01,3.324992180168908490e-02,-1.805666026185263062e-01,-3.338218865901068089e-01,1.383752625229009436e-01,-2.157871218553107928e-01,-8.100898163456812795e-02,-1.224987711693998893e-01,1.734930068367666056e-01,-1.741766834979221468e-01,1.214665534653022877e-01,-2.592162295008713646e-01,1.384378211716341123e-01,-2.975110594754010185e-01,1.669377541445104807e-01,9.607221055453774375e-03,2.129317663881317435e-01,7.064658831940658426e-03,7.596854193663703236e-02,1.705616872961258218e-02,1.230841413825461417e-01,-3.583046606193306394e-01,2.188435586934179278e-01,-4.491264131551900990e-02,8.797533401849948198e-02,-1.566021716788060236e-01,6.069082622101076852e-02,7.683542606908262684e-02,-2.025514991733321501e-01,4.361231511685061644e-03,-1.666741141248491865e-03,-2.022476428794852399e-01,-1.167835917601322687e-01,8.125921622950087186e-02,1.216184816122257428e-01,-8.445417578980294465e-03
2.330309665311229295e-01,-1.102104651682380837e-01,4.793064926940435178e-01,1.000000000000000000e+00,-3.240716743375485764e-01,-9.322132356226819905e-02,3.457839939228741222e-01,8.053711068412351404e-01,-2.979042852674382291e-01,-2.462040305643683757e-01,-3.719111667187988690e-01,2.077528039680057170e-01,2.762679297555744040e-01,5.313820992895125217e-01,-2.470709146968139702e-01,2.602931319540640609e-01,-3.839045533759327666e-01,-4.160462934000625501e-01,-1.626390812815586007e-01,2.794852316904240519e-01,1.940435229456186628e-01,1.476786272845077852e-01,6.423834845167344376e-01,8.259529022744537263e-01,-2.648643817864962946e-01,-1.667947629474060556e-01,3.149827963715983586e-02,-1.787970865543589971e-01,-2.619598730953125454e-01,-1.645337146431922748e-01,7.017918584387148329e-01,7.634568121899995008e-01,4.164305822422806891e-01,4.887171008534786920e-01,2.523526520398587936e-01,8.620134947942267867e-02,2.097412753027391719e-01,9.415523481835649799e-02,7.205415791590330521e-02,5.272353545734840413e-02,-1.502301264578399451e-02,-1.403503284329058465e-01,-9.550918271593905606e-02,1.938066937754144570e-01,-7.797041869609902531e-02,-1.440278832834353540e-01,-1.284195004245051175e-01,-4.095625363063586377e-01,-2.885383618570981912e-01,-1.980428079896331406e-01,-1.367308637561999995e-01,-2.268465972563564192e-01,-2.506859108986103091e-01,-5.924974306269270574e-01,1.384378211716341123e-01,-1.412306179900799930e-01,7.650029045086911665e-03,-1.880468296170517140e-01,-7.359131328477590273e-02,-1.284284373743241336e-01,-1.422538987443585368e-01,2.377809553599356529e-01,-6.359131328477590772e-01,3.897850663568524360e-02,2.459001742705214655e-01,6.370347200500469098e-01,3.384825059207292597e-01,4.740560346753652787e-01,2.227758166137897011e-01,4.953259752446489972e-01,5.957906966352384259e-01,4.511551007641091959e-01,2.960185888556235989e-01,4.702935788015550345e-01,4.194914875552973599e-01,-7.091469681397738478e-02,6.787613387550828215e-02,9.069663523839313624e-02,3.975155279503105737e-02,-3.460208230930783557e-01,-3.138522722194914683e-01,-2.825372000536217065e-01,-1.359980338710398140e-01,-3.842262835694177370e-01,-2.131015684346932240e-02,3.039680057196478824e-01,2.440859734572590478e-01,2.848250592072925635e-01,5.347066446221904190e-01,-5.067697394879127487e-02,2.304169087090575940e-01,-3.470485723222664354e-01,3.090263193172170242e-01,-5.175745118191161787e-01,2.257294785289780670e-01,3.209258680012511827e-02,4.846061039367263734e-02,2.095267885070825273e-02,-1.989945931453594996e-01,-3.505697305509629658e-01,1.658072299924036042e-01,-5.778631752982706926e-01,2.823316502077840573e-01,-1.425086018142008026e-01,4.411412484918897370e-01,-2.597524464900129518e-02,1.838062469279234945e-01,9.572366951159569370e-02,3.207024442557755012e-02,1.002100183207471351e-01,-1.150453550203315578e-01,-2.640287769784172567e-01,-2.332543902765985954e-03,4.270968318512891743e-02,3.133339291299879203e-01,1.254300907100406592e-01
-2.599133115867554578e-01,-5.038652307967290966e-02,-1.321998301979534496e-01,-3.240716743375485764e-01,1.000000000000000000e+00,8.449171097904285554e-01,-2.108315831806604479e-01,-2.234326824254881938e-01,7.506948478484293252e-01,7.860941060815943571e-01,1.500603244112784229e-01,-2.046740247553509862e-01,-1.881808838643370951e-01,-2.433397381473703103e-01,3.766522185977925763e-01,4.680369989722507618e-01,1.021493364314759317e-01,9.725635640555878314e-02,-1.007194244604316460e-02,-1.431252513517136671e-01,-4.398319853434023291e-02,-8.456588766254077849e-02,1.534474283926895791e-02,-1.567853791500960770e-01,7.833817418115197606e-01,7.613030072836141082e-01,2.823405871576031290e-01,5.805576656687072568e-01,3.841101032217704436e-02,-1.342732025559676412e-01,-4.226596362661423911e-01,-4.432816479735466331e-01,-3.769694803163680108e-01,-3.290093391125608613e-01,1.346530229232762721e-01,3.289869967380132931e-01,-1.692122078734527857e-01,2.641315519013360744e-02,-1.698020465615085461e-01,-1.826131641270834216e-01,-3.050270342732025464e-01,5.312122972429509510e-02,-2.558201885696411715e-01,-1.741051878993699342e-01,-1.982126100361946419e-01,-2.660842754367934160e-01,-8.614325930559900424e-02,3.156083828589302254e-01,-2.115286652665445410e-01,-2.439787300594307151e-01,-1.945797399347602707e-01,-1.694535055185664996e-01,9.764958219759596603e-02,1.191340095625363082e-01,-2.890924527458778592e-01,1.298628178202779482e-01,-2.606952946959202877e-01,-1.464944814334867562e-01,-1.993967558872156987e-01,-2.177800616649537557e-01,3.607846641941105797e-02,-1.175208901202019762e-01,2.491398185799186815e-01,-2.418338621028642832e-02,-1.768622369185397086e-02,-1.094106081594351798e-01,-1.333214174002413099e-01,-1.501005406854640511e-01,-1.556325126234416323e-01,-2.896107958353814071e-01,-3.990169355199070789e-01,-2.661691764600741528e-01,-5.895571741364672436e-01,-4.987354216006076868e-01,-4.391080924080611458e-01,-3.172617185754502247e-04,-2.571026408686715170e-01,-5.498011528665266295e-02,7.906966352383931751e-02,2.484203941194870202e-01,-2.632646677688904591e-01,-2.606818892711917357e-01,-7.413199874882701879e-02,1.034720050046919054e-01,1.179632691362438035e-01,-2.769247955672728967e-01,-1.271683274498413563e-01,1.359756914964922389e-02,-2.470172929978998178e-01,1.637249206845703409e-02,-5.602573841547879574e-02,3.272755708476696723e-01,-2.946869833325885812e-01,2.508914607444479028e-01,-3.032351758344876691e-01,-8.161669422226194848e-02,1.354037267080745455e-01,2.055006926136109802e-01,1.083381741811519777e-01,2.355243755306314080e-01,3.353456365342508683e-01,3.350015639662183298e-01,3.453058671075561747e-01,4.420170695741543199e-01,-1.962330756512802310e-01,-1.446668751954957866e-01,1.702042093033647729e-01,-1.410697528933375043e-02,1.334644085973457350e-01,9.228294383127039202e-02,1.523437150900397719e-01,2.813262433531435458e-01,1.476384110103221708e-02,8.787702757049019320e-02,-3.500201081370928335e-01,2.565351445551633178e-02
-3.129094240135841809e-01,-2.486259439653246486e-02,-2.819160820411993271e-02,-9.322132356226819905e-02,8.449171097904285554e-01,1.000000000000000000e+00,-5.884534608338173878e-02,8.890477679967827285e-02,6.781402207426605599e-01,7.979936547656284462e-01,-5.600339604093122758e-02,-6.738460163546181048e-02,-1.425309441887483708e-01,-2.340587157603109952e-02,3.663389785066356596e-01,6.309263148487421757e-01,6.603065373787926629e-02,1.084588230037088347e-01,-4.468474909513383414e-02,2.213682470172929906e-02,6.742928638455695026e-03,1.481299432503686495e-02,1.034451941552348153e-01,5.567272889762724108e-02,6.718977612940703059e-01,7.775325081549666617e-01,2.083783904553375976e-01,5.295142767773358683e-01,-1.006032441127843041e-01,-8.138880200187675884e-02,-3.406273738772956916e-01,-3.196166048527637749e-01,-3.538361857098172303e-01,-1.652531391036239361e-01,1.361678359176013153e-01,3.601501407569596691e-01,-1.037579873989007487e-02,6.439072344608784415e-02,-7.503909915545824150e-02,-1.263193172170338219e-01,-2.779704186960990087e-01,1.968810045131596728e-02,-2.836319764064524906e-01,-1.253720005362169987e-01,-3.167835917601322659e-01,-3.670762768667054088e-01,-1.634389382903614907e-01,1.398587961928593748e-01,-3.847356897091022687e-01,-4.020778408329237497e-01,-2.812726216542293933e-01,-3.470843201215425000e-01,9.593815630725233135e-02,-3.125698199204611505e-02,-1.915188346217436000e-01,1.046829617051700245e-01,-2.536529782385271714e-01,-1.412887081639036535e-01,-3.408061128736762369e-01,-3.444166406005630399e-01,-4.409937888198757483e-02,5.791590330220295485e-02,5.754501988471334706e-02,2.915233030966531136e-02,8.945886768845792703e-02,1.186022610483042083e-01,-8.902542562223512979e-02,-6.569104964475624975e-02,-1.040931230171142641e-01,-1.822199383350462387e-01,-3.480539791769069469e-01,-2.594351847714375103e-01,-5.437329639394075098e-01,-4.231735108807364032e-01,-2.974038160775727135e-01,-2.005004691898654851e-02,-2.243889360561240331e-01,-3.855400151928146946e-02,3.572098842664998136e-02,2.072970195272353655e-01,-3.492470619777470198e-01,-3.601009875329549970e-01,-2.470172929978998316e-02,5.590508959292193880e-02,3.556906027972653143e-03,-2.969927163858974706e-01,-3.060011618034764666e-02,7.480673846016354378e-02,-1.284999329728763462e-01,-6.623620358371687389e-02,2.149872648465078750e-01,2.250234594932749577e-01,-2.278341302113588707e-01,9.702846418517359350e-02,-3.124223602484472173e-01,-2.088207694713794249e-01,1.250949550918271647e-01,9.993297287635730108e-02,2.396174985477456665e-01,1.859019616604852820e-01,4.339157245632065951e-01,1.783457705884981537e-01,4.249385584699941765e-01,4.029268510657312841e-01,-9.725188793064927506e-02,-2.056347468608963891e-01,2.122123419277000822e-01,-1.282452299030341011e-02,5.752714598507529392e-02,2.887081639036596925e-02,1.376871173868358667e-01,2.390142544349613540e-01,2.846418517360025172e-02,1.705304079717592514e-01,-2.618124134232986400e-01,1.400866884132445644e-02
3.921846373832610921e-01,3.148755529737700676e-01,6.458957057956119518e-01,3.457839939228741222e-01,-2.108315831806604479e-01,-5.884534608338173878e-02,1.000000000000000000e+00,5.355511863800884731e-01,-2.889896778229590346e-01,-3.263863443406765374e-01,2.148308682246749257e-01,5.555163322757942224e-01,5.921086733097993271e-01,2.905313016667411263e-01,-7.501675678091067334e-02,-1.604182492515304585e-03,-1.589749318557576174e-01,-3.826801912507261233e-02,2.677912328522275565e-01,5.166495375128468126e-01,-2.013941641717681766e-02,6.594575271459850174e-02,-2.029134456410027279e-02,1.941686402430850278e-01,-3.665936815764779255e-01,-1.880110818177755938e-01,3.544841145716966929e-02,-1.973725367532061237e-01,1.130032619866839505e-01,2.168014656597703205e-01,4.486885026140578492e-01,2.958041020599669335e-01,4.506993163233388722e-01,3.585951114884489699e-01,6.792528709951294041e-02,-9.179588006613342843e-02,9.553599356539613230e-02,-1.383216408239867634e-01,-6.035569060279726700e-02,-5.043567630367755406e-02,1.946914518074981115e-02,-9.478082130568836472e-02,-5.674069440100093509e-02,9.039724741945573405e-02,-2.287546360427186176e-01,-2.320568390008490023e-01,-6.010545600786451614e-02,-3.937932883506858883e-01,-2.732829885160195094e-01,-2.459403905447070937e-01,-2.474730774386701693e-01,-3.477367174583314569e-01,-1.394834443004602520e-01,-5.184279905268331934e-01,3.029089771660932184e-01,-4.035032843290584648e-01,1.448813619911524242e-01,8.710844988605388750e-02,8.693417936458286421e-02,5.551633227579427093e-02,3.627686670539345126e-01,4.318870369542874843e-01,2.346843022476428897e-02,4.066446221904463920e-01,1.047187095044461308e-01,4.948389114795120197e-02,2.524018052638634657e-01,2.308190714509137931e-01,2.823539925823316254e-01,3.419142946512355175e-01,4.058805129809195944e-01,4.640913356271504364e-01,3.504624871531346608e-01,4.665534653022923028e-01,1.795924750882523790e-01,3.425175387640198577e-01,4.323428213950578636e-01,3.934358103579248533e-01,-1.557755038205460574e-01,-2.473345547164752800e-01,-1.059832879038384162e-01,-3.710174717368962261e-02,5.072612717279592620e-02,-2.641270834264265455e-01,4.029223825908217343e-02,-2.052906742928638506e-01,6.130747575852361908e-02,-1.037267080745341574e-01,3.659949059386031767e-01,-5.911345457795254277e-02,1.972518879306492667e-01,-3.099110773493006787e-01,4.281245810804772123e-02,-3.186424773224898477e-01,2.008579471826265617e-01,-3.811162250323964218e-02,1.117252781625631131e-01,-9.092452745877832587e-02,1.299164395191921006e-01,5.234371509003976630e-02,2.545466732204298421e-01,-2.207605344295991701e-01,2.669332856696009504e-01,-7.357790786004736461e-02,1.342508601814200730e-01,-1.884892086330935135e-01,2.058000804325483823e-01,3.256713883551544120e-01,-1.520219848965548015e-01,-7.844407703650743691e-02,8.524062737387728961e-02,-1.156307252334778102e-01,-2.845569507127217457e-01,-9.010679655033737578e-02,1.171321328030743153e-01,-7.436882791903123846e-02
2.762321819562983394e-01,1.446579382456767426e-01,4.398990124670449919e-01,8.053711068412351404e-01,-2.234326824254881938e-01,8.890477679967827285e-02,5.355511863800884731e-01,1.000000000000000000e+00,-1.560436123151168475e-01,-1.081951829840475388e-01,-2.206935073059564656e-01,4.892488493677107919e-01,4.274230305196836111e-01,7.107154028330130435e-01,-7.232226641047410920e-02,3.535502033156083801e-01,-3.210509852987175616e-01,-1.638589749318557498e-01,5.418472675275928102e-02,4.920505831359757165e-01,1.126636578935609340e-01,8.229143393359845959e-02,3.371017471736896254e-01,6.957192010366861634e-01,-2.206756334063184333e-01,-6.001608650967425046e-02,-5.673622592609142701e-02,-8.731399973189150898e-02,-2.891103266455158916e-01,1.697126770633182805e-02,4.486125385405960730e-01,4.303275392108673048e-01,2.985968988784127864e-01,4.382724875999821079e-01,4.633808481165378051e-03,4.322355779972295725e-02,2.151615353679789122e-01,7.454756691541176983e-02,1.434648554448366697e-01,9.927610706465883617e-02,1.790964743732963854e-02,-2.272219491487555143e-02,-1.777738058000804255e-01,1.214754904151213177e-01,-3.221636355511863781e-01,-2.846597256356405703e-01,-1.695205326422092040e-01,-4.146119129541087633e-01,-4.112471513472452100e-01,-2.892801286920774206e-01,-2.891505429197014920e-01,-3.544438982975110508e-01,-2.350283748156754005e-01,-6.209928951248938622e-01,1.984047544573037114e-01,-5.943965324634702119e-02,8.894499307386388720e-02,-1.319987488270253292e-02,-1.303543500603244198e-01,-1.457705884981455868e-01,6.416729970061218341e-03,5.476428794852317150e-01,-4.938692524241476423e-01,2.363778542383484504e-01,5.422047455203538729e-02,6.321283345994012093e-01,8.149157692479556958e-02,2.443317395772822698e-01,2.131194423343313049e-01,3.517002547030698145e-01,3.829259573707493591e-01,2.996693328566960024e-01,2.566379194780821216e-01,3.584968050404396811e-01,2.288752848652754746e-01,3.086375620000893563e-02,6.386344340676526621e-02,1.201975065910004942e-01,-1.120246659815005152e-01,-2.896599490593860238e-01,-3.195182984047544306e-01,-2.966173644934983478e-01,6.595468966441753178e-03,-2.476250055855936383e-01,-1.666919880244872310e-01,1.245051164037713903e-01,2.460118861432593063e-01,2.633182894678046115e-01,4.248000357477992872e-01,-6.012779838241208430e-02,3.914026542740962622e-01,-3.771482193127485560e-01,2.053085481925019107e-01,-5.803342419232315752e-01,1.048170159524554335e-01,-1.990258724697260839e-02,4.815675409982572708e-02,-1.759685419366370171e-02,2.662317351088073700e-02,-2.603244112784306452e-01,2.872961258322534461e-01,-4.502792796818446130e-01,3.532016622726663613e-01,-8.852048795746012000e-02,3.685061888377496597e-01,-1.216184816122257428e-01,2.265963626614236615e-01,1.631976406452477768e-01,4.533267795701326902e-02,7.127217480673846139e-03,-2.337906072657401982e-02,-2.597256356405558964e-01,-1.030385629384690943e-01,3.278966888600920448e-02,2.240091156888154023e-01,9.435184771437508944e-02
-6.176772867420349256e-02,-5.292461682827651059e-02,-2.409222932213235524e-01,-2.979042852674382291e-01,7.506948478484293252e-01,6.781402207426605599e-01,-2.889896778229590346e-01,-1.560436123151168475e-01,1.000000000000000000e+00,8.307967290763662582e-01,2.117520890120201948e-01,-2.807989633138209887e-02,-7.313106036909602925e-02,-8.232718173287456587e-02,3.823763349568792269e-01,4.417489610795835575e-01,1.219446802806202317e-02,3.892935341168059227e-02,2.243353143572098807e-01,1.563966218329684160e-03,-2.820546047633942788e-01,-3.626435497564681198e-01,-1.142052817373430396e-01,-2.647928861879440543e-01,6.573126591894186133e-01,5.409267616962331049e-01,1.190848563385316604e-02,4.013718217972205848e-01,-3.398275168684927738e-02,-2.766432816479735268e-01,-5.596854193663702848e-01,-6.188167478439609015e-01,-3.607578533446534896e-01,-5.104472943384422701e-01,-2.258992805755395683e-01,-6.194646767058403086e-02,-4.312703874167746476e-01,-1.992627016399302897e-01,-2.835336699584432019e-01,-4.003619464676705930e-01,-4.507529380222530246e-01,-1.126860002681084882e-01,-9.737700522811564008e-02,-1.085124447026230010e-01,-9.516511014790651757e-02,-5.560570177398453662e-02,1.380758747039635389e-03,3.651369587559765706e-01,2.366504312078287695e-02,2.534518968675990996e-02,1.495151704723178022e-02,8.687608919075918978e-02,2.127038741677465539e-01,2.602082309307833241e-01,-3.628044148532105773e-01,1.863577461012556336e-01,-2.192055051610885263e-01,-1.269046874301800742e-01,8.436480629161267897e-03,5.782206532910318109e-03,2.066133428660797966e-01,7.706778676437732456e-02,2.905134277671030940e-01,7.956119576388578918e-02,-1.385093167701863248e-01,-2.672594843379954427e-02,-3.418830153268689331e-01,-4.640421824031458198e-01,4.063184235220518997e-02,-1.474775459135796996e-01,-4.133473345547164501e-01,-3.800482595290227694e-01,-4.693820099200142759e-01,-4.910719871307922535e-01,-3.437284954644979629e-01,-2.222798158988337214e-01,-4.966084275436793427e-01,-2.302292327628580326e-01,-8.360516555699540331e-02,8.406988694758478486e-02,-2.479646096787166409e-01,-1.828678671969256875e-01,-1.519549577729120970e-01,6.394387595513651053e-03,-8.440055409088878524e-02,-7.593726261227043417e-02,-3.000849010232807812e-01,-1.359488806470351696e-01,-3.988381965235265336e-01,7.136601277983824210e-02,-1.162205639215335845e-01,4.241655123106483627e-01,-2.746235309888734877e-01,3.263908128155860178e-01,-1.663345100317261682e-01,-1.290450869118369981e-01,-8.624156575360829302e-04,1.511461638142901909e-01,-2.393762009026319248e-02,2.194780821305688245e-01,8.209482103757986815e-02,3.466330041556816566e-01,5.800527280039322747e-02,2.135841637249206726e-01,-3.190714509138031230e-01,-7.166093212386612232e-02,-1.723937620090263204e-02,-1.527994995308101234e-01,6.679476294740605002e-02,9.189865498905223917e-02,-8.543724026989588452e-03,1.819339559408373885e-01,9.772554627105768665e-02,-7.224630233701237469e-02,-3.751463425532865492e-01,1.742705214710219431e-03
-2.136422538987443609e-01,-3.748156754099826043e-02,-1.781715000670271165e-01,-2.462040305643683757e-01,7.860941060815943571e-01,7.979936547656284462e-01,-3.263863443406765374e-01,-1.081951829840475388e-01,8.307967290763662582e-01,1.000000000000000000e+00,8.218865901067964885e-02,-1.290897716609321344e-01,-1.845390768130837078e-01,1.680146565977031934e-03,4.364895661110863023e-01,5.904687430180080021e-01,1.612315116850618901e-01,1.589257786317529730e-01,1.221591670762768728e-01,-1.194423343312927231e-02,-4.000178738996380823e-02,-1.597166986907368469e-01,4.381786496268823272e-02,-6.544528352473301391e-02,6.786406899325260200e-01,6.468117431520622462e-01,8.469994190982617355e-02,5.047857366280887881e-01,-1.145716966799231462e-01,-2.311765494436748836e-01,-5.774207962822288653e-01,-5.240493319630010749e-01,-4.347602663211045937e-01,-3.837704991286474132e-01,-1.306001161803476418e-01,1.177755931900442421e-01,-1.828768041467447036e-01,-3.974261584521202734e-02,-1.001563966218329688e-01,-1.501943786585638319e-01,-3.340095625363063703e-01,8.591983556012333656e-02,-3.048795746011886409e-01,-2.957683542606908134e-01,-2.931721703382635380e-01,-2.904061843692747891e-01,-2.441083158318066160e-01,1.575271459850753064e-01,-2.606506099468251514e-01,-2.501139461101926087e-01,-2.055677197372536846e-01,-1.805129809196121260e-01,1.043388891371374999e-01,1.699941909826176434e-01,-3.668662585459582792e-01,2.358148263997497662e-01,-1.040305643683810677e-01,-3.151615353679788900e-02,-2.444613253496581706e-01,-1.879976763930470418e-01,-8.512444702622995463e-03,-6.387238035658429625e-02,2.328879753340185044e-01,6.780016980204656152e-02,-9.567451628759104931e-02,5.075293802225300244e-02,-3.010947763528307730e-01,-3.566468564279011710e-01,3.107377452075606519e-02,-1.765851914741498607e-01,-5.220340497788105161e-01,-4.588587515081102852e-01,-5.444702622994771479e-01,-5.625407748335493618e-01,-4.607846641941105714e-01,-1.913624379999106229e-01,-4.245498011528665017e-01,-2.687117386835872757e-01,2.982260154609231786e-02,2.061352160507618769e-01,-2.322579203717771157e-01,-1.897493185575762908e-01,-2.631931721703382673e-02,1.954913088163010015e-01,-7.185754501988471377e-02,-1.622816032887975379e-01,-1.415344742839269032e-01,5.552973770052280905e-02,-3.044684749095133980e-01,1.766388131730640271e-02,7.265293355377809570e-02,4.273515349211314263e-01,-2.429197015058760512e-01,2.447249653693194527e-01,-3.699673801331605505e-01,-2.153358058894499216e-01,-3.217301934849635739e-03,1.195853255283971517e-01,1.256847937798829251e-01,1.801823137763081395e-01,1.805978819428928905e-01,2.409982572947853008e-01,1.719111667187988857e-01,3.194155234818356615e-01,-3.070825327315787057e-01,-7.342597971312390948e-02,-4.913981857991867042e-02,-2.714553822780285119e-01,5.114169533938067030e-02,7.234460878502167562e-03,9.227400688145136545e-03,2.622324500647928991e-01,1.223513114973859423e-01,6.260333348228250272e-02,-2.832879038384199522e-01,3.354484114571696513e-02
4.396174985477456776e-01,5.328790383841994771e-01,7.936458286786719774e-02,-3.719111667187988690e-01,1.500603244112784229e-01,-5.600339604093122758e-02,2.148308682246749257e-01,-2.206935073059564656e-01,2.117520890120201948e-01,8.218865901067964885e-02,1.000000000000000000e+00,3.207426605299611433e-01,4.339514723624826598e-01,7.588364091335626782e-02,-8.548192501899101736e-03,-2.375128468653648628e-01,2.604003753518924213e-01,3.520130479467357687e-01,4.198579024978774665e-01,1.102640868671522362e-01,-2.834845167344385297e-01,-3.377541445104785822e-01,-4.685329996872067415e-01,-4.004960007149560020e-01,-1.775771929040618341e-02,-5.252692256132981963e-02,-6.204924259350283466e-02,-9.080387863622145506e-02,5.931498279637159587e-01,3.426694669109432989e-01,-1.313374145404173632e-01,-3.141874078377049906e-01,1.754591357969524923e-01,1.029536619151883402e-02,-1.996291165825103964e-01,-2.334554716475266967e-01,-2.808481165378256539e-01,-2.197819384244157348e-01,-2.715313463514902326e-01,-1.694981902676616359e-01,-1.152732472407167474e-01,4.199025872469726306e-02,-3.923767818043701755e-02,-1.233209705527503475e-01,-1.042539881138567354e-01,-2.676616470798516643e-03,1.805531971937977542e-01,2.206264801823137889e-01,1.857232226641047368e-01,1.367487376558380596e-01,1.613119442334331327e-02,9.613923767818043087e-02,7.867196925689262654e-02,1.226328254166852844e-01,1.109075472541221595e-02,2.631931721703382673e-02,3.396174985477456443e-01,4.943965324634702063e-01,3.343983198534340451e-01,3.885875150811028411e-01,4.521292282943831231e-01,4.168640243085035280e-02,5.955359935653961045e-01,4.427811787836811175e-01,-3.824254881808838435e-01,-3.989990616202689910e-01,-2.743196746950266052e-01,-3.480092944278118106e-01,2.629608114750435766e-01,5.982841056347468905e-02,-1.119844497073148870e-01,1.303364761606863598e-01,1.800571964788417745e-01,1.465257607578533405e-01,-3.097993654765628380e-01,2.541132311542070865e-01,1.323741007194244590e-01,2.526743822333437639e-01,-1.174762053711068434e-02,1.509808302426381976e-01,3.333348228249698453e-01,2.582644443451450056e-01,-3.809821707851110406e-02,-1.711425890343625791e-03,-8.665266544528352211e-02,-3.238929353411680867e-01,-3.399302917914115985e-01,-2.750748469547343311e-01,-2.890298940971446351e-01,-5.291121140354797248e-02,-3.554627105768801143e-01,2.567585683006389993e-02,-3.780776620939273469e-01,9.093346440859734550e-03,-7.462353098887350433e-02,3.312480450422270600e-02,2.122391527771571584e-01,1.590821752535859501e-01,1.247419455739755961e-01,3.561553241878546716e-01,-2.234237454756691534e-03,2.314267840386076136e-01,-2.958130390097859618e-03,1.659100049153224010e-01,-2.441172527816256321e-01,-1.924125296036462707e-01,-8.266678582599758240e-02,-3.780329773448322123e-03,7.238035658429778363e-02,8.072299924035926388e-02,2.217480673846016492e-01,1.755529737700522730e-01,-4.404128870816390040e-02,-4.864381786496269067e-02,-1.776799678269806448e-01,-1.657402028687608997e-01
5.025961839224273309e-01,4.894767415880960093e-01,2.792171231958532340e-01,2.077528039680057170e-01,-2.046740247553509862e-01,-6.738460163546181048e-02,5.555163322757942224e-01,4.892488493677107919e-01,-2.807989633138209887e-02,-1.290897716609321344e-01,3.207426605299611433e-01,1.000000000000000000e+00,5.498458376156217797e-01,4.936547656284909769e-01,-4.433620805219178757e-02,4.261584521202913672e-02,-2.533848697439564090e-01,-2.100183207471289972e-03,4.341525537334107732e-01,6.109075472541222185e-01,-2.025425622235131062e-01,-1.417310871799454808e-01,-1.935162429062960709e-01,3.755753161445998800e-02,-3.658965994905938879e-01,-2.357567362259260779e-01,-1.328388221100138544e-01,-1.488493677108003177e-01,4.001966128960186136e-02,2.087760847222842886e-01,1.040931230171142641e-01,-3.396040931230170923e-02,1.588230037088341762e-01,1.473703025157513669e-01,-3.931453594888064673e-01,-4.058715760311005782e-01,-1.572009473166808280e-01,-3.379641628312257118e-01,-2.004155681665847344e-01,-2.358058894499307501e-01,-1.558201885696411937e-01,-1.517360025023459513e-01,-3.702131462531838002e-02,-6.520845435452879424e-02,-2.847625005585593394e-01,-1.444657938245676732e-01,-8.539255552080075168e-03,-2.393091737789892204e-01,-1.301264578399392302e-01,-7.311318646945796917e-02,-1.764511372268644795e-01,-1.495330443719558589e-01,-1.320479020510299806e-01,-2.331694892533178465e-01,6.408239867733142581e-02,-3.053666383663255490e-01,1.633585057419902620e-01,2.136869386478394972e-01,8.755976585191474482e-02,2.845256713883551614e-01,2.754680727467715418e-01,4.722239599624648010e-01,8.340408418606728991e-02,6.052683319183163047e-01,-1.924706197774699590e-01,8.213950578667500446e-02,-2.925153045265651008e-01,-2.361365565932347366e-01,3.601858885562357337e-01,1.211403547969078093e-01,2.525135171366012510e-01,1.540730148800214527e-01,2.478841771303454122e-01,3.102998346664283535e-01,-4.642745430984404620e-03,2.488985209348049399e-01,4.620849903927789354e-02,1.355735287546360468e-01,-2.665579337772018276e-01,-2.027570490191697439e-01,-1.425979713123910753e-01,5.193261539836453722e-02,-7.974887171008535058e-02,-2.984717815809464492e-01,-2.393315161535367885e-01,-2.959470932570713517e-02,-1.458912373207024438e-01,-2.817462799946378049e-01,8.873944322802627960e-02,-5.295142767773358683e-02,3.001966128960185665e-01,-1.726931498279637156e-01,7.925287099512935696e-02,-2.936279547790339173e-01,2.456767505250458117e-02,-5.325528397158049709e-02,-5.546271057688011152e-02,-1.314089101389695757e-01,1.418427990526833216e-01,-2.601099244827740145e-02,9.184056481522856474e-02,-1.019169757361812478e-01,9.629563430001340796e-02,-2.041601501407569463e-01,-2.874123061799007881e-02,-2.572188212163188936e-01,2.833013092631485059e-03,3.778095535993565568e-02,-1.487734036373385693e-01,-1.852674382233343853e-01,-4.775459135796952803e-02,-1.292461682827650837e-01,-1.441485321059922386e-01,-2.007864515840743491e-01,8.522722194914875149e-02,-5.296930157737163997e-02
5.178917735376915576e-01,2.660440591626078155e-01,2.498011528665266545e-01,2.762679297555744040e-01,-1.881808838643370951e-01,-1.425309441887483708e-01,5.921086733097993271e-01,4.274230305196836111e-01,-7.313106036909602925e-02,-1.845390768130837078e-01,4.339514723624826598e-01,5.498458376156217797e-01,1.000000000000000000e+00,4.477054381339648503e-01,1.748692971088967318e-01,5.719201036686179240e-02,-2.457214352741409480e-01,-4.377318021359310335e-02,2.496536931945127213e-01,2.860807006568658051e-01,8.239867733142678188e-03,3.865230796729076258e-03,-4.401447785870682416e-02,1.922069797578086492e-01,-2.834532374100719454e-01,-2.477545913579695114e-01,-1.273157871218553172e-01,-1.471781580946422974e-01,9.413289244380892984e-02,2.443093972027347016e-01,2.483131507216586875e-01,1.606550784217346539e-01,4.818133071182805205e-01,3.054604763394253575e-01,-2.034049778810492065e-02,-1.392644890298941063e-01,-3.097099959783725792e-02,-1.377452075606595550e-01,-3.784798248357835321e-02,-1.181911613566289862e-02,-2.485812592162294984e-02,-1.674069440100093842e-01,-1.532508154966709946e-01,8.771616247374771150e-03,-2.018186692881719368e-01,-3.792841503194959579e-02,-1.241789177353769119e-01,-1.410027257696948033e-01,-6.498503060905312656e-02,3.283882211001384888e-02,-1.499888288127262104e-01,-7.009696590553643469e-02,-1.464006434603869755e-01,-2.465123553331247941e-01,4.785736628088833183e-03,-3.037669243487197898e-02,1.672728897627239752e-01,1.718664819697037494e-01,1.768935162429063068e-01,1.754501988471334761e-01,4.869073685151257824e-01,5.236963224451495202e-01,1.382099289512489504e-01,3.894365253139103755e-01,-1.597390410652844150e-01,1.327941373609187181e-01,-7.598641583627507856e-02,-9.490593860315474362e-02,2.465883194065865425e-01,2.859913311586755325e-01,3.276062379909736588e-01,4.586800125117297400e-01,4.261182358461056974e-01,4.406497162518432376e-01,6.908262210107690010e-03,2.305241521068859267e-01,1.889539300236829089e-01,2.385584699941909748e-01,-2.696724607891326508e-01,-2.573305330890566789e-01,-8.895393002368291724e-02,-1.572232896912283961e-01,2.469726082488046814e-02,-2.568658116984673390e-01,-6.966352383931363745e-02,3.045712498324321810e-02,2.966173644934983616e-02,3.825461370034407421e-02,2.025068144242370138e-01,1.046561508557129483e-01,-8.864560525492649889e-02,-8.642924169980785443e-02,-9.872201617587916811e-02,-2.259439653246347046e-01,-4.110996916752312526e-03,-1.631038026721479961e-01,-9.625541802582777973e-02,-2.177755931900442476e-01,-1.182358461057241156e-01,-9.751105947540104901e-02,1.852182849993297409e-02,-8.896733544841145536e-02,-5.183430895035524150e-03,-1.092139952634166022e-01,-5.227221949148755376e-02,-1.171410697528933315e-01,-7.197819384244157070e-02,3.655659323472898459e-02,-4.990392778944546109e-02,-2.070378479824835916e-01,6.896644175342955818e-02,-9.886500737298360708e-02,-1.274632467938692504e-01,-2.200679208186246127e-01,4.265606148621475802e-02,-2.277402922382590900e-01
