1.000000000000000000e+00,4.807810894141829605e-01,6.543009071004066701e-01,6.217257250100540755e-01,4.334554716475266800e-01,4.073059564770543650e-01,2.235488627731355427e-01,2.218776531569775223e-01,5.716073104249519421e-02,3.030921846373832440e-01,3.586710755619107460e-01,3.582331650207783991e-01,2.333482282496983917e-01,1.678225121765941352e-01,4.313597569149649202e-01,3.692702980472764573e-01,2.603690960275257815e-01,2.298896286697350300e-01,7.250458018678225258e-01,5.928012869207739399e-01,1.562938469100496053e-01,2.588676884579292903e-01,5.181866928817194795e-01,5.619017829214888460e-01,3.126413155190133630e-01,3.129898565619553819e-01,3.256177666562402040e-01,3.354662853568077252e-01,2.551097010590285263e-01,-2.253005049376647848e-02,4.242012601099244828e-01,4.401849948612538421e-01,3.779480763215514738e-01,3.455605701773984406e-01,-1.705974350954019281e-01,-2.896242012601099036e-01,-3.953885338933821880e-01,-4.708163903659681182e-01,-1.967201394164171668e-01,-1.047857366280888353e-01,1.233299075025693775e-01,-5.728137986505205809e-02,-3.704231645739309298e-01,-2.995263416595915773e-01,-3.584565887662540806e-01,-2.762321819562983394e-01,-3.393047053040796901e-01,-2.957102640868671251e-01,-3.572411635908664396e-01,-5.482327181732874477e-01,-5.854014924706197887e-01,-6.505161088520488022e-01,-3.398722016175879240e-02,-3.095312569819920478e-02,-3.334063184235220301e-01,-3.904419321685508870e-01,6.237454756691541702e-01,2.217212565351445452e-01,-1.315697752357120609e-01,-7.877474417981143728e-02,3.301756110639438718e-02,-2.085481925018990990e-01,2.872559095580678457e-01,-6.240225211135439626e-02,9.527682202064435835e-02,-2.392242727557084836e-01,-1.260467402475535237e-01,-1.525045801867822570e-01,3.155726350596541607e-01,2.064792886187944154e-01,1.837704991286474021e-01,2.519951740470977031e-01,1.931230171142589158e-01,1.216989141605969854e-01,1.126681263684704420e-01,2.163278073193619089e-01,5.129809196121364046e-02,-5.966754546673220388e-02,3.765271013003261835e-01,3.147236248268465708e-01,3.377898923097547024e-01,9.814111443764243770e-02,2.914428705482818849e-01,5.800080432548371245e-02,2.234594932749452700e-01,5.709817239376201170e-02,2.415880959828410612e-01,1.377005228115644186e-01,3.508199651458956958e-02,-1.779704186960990309e-01,-4.669690334688770816e-01,-1.999195674516287546e-01,-4.052996112426828779e-01,-2.486304124402341498e-01,-1.387729567898476346e-01,-3.205683900084900784e-01,-2.963939407480227217e-01,-3.774967603556906304e-01,-2.958398498592430537e-01,-2.753295500245765970e-01,-1.536529782385271936e-01,-7.518655882747218855e-02,-5.265650833370570660e-02,7.836364448813619432e-02,-2.334375977478886366e-01,-6.697797041869610335e-02,-1.996648643817864888e-01,-1.083917958800661302e-01,-3.025112828991465275e-01,-2.613074757585235885e-01,-4.474998882881272566e-01,-2.842977791679699995e-01,-3.100227892220385195e-01,-1.144823271817328736e-02,-6.466776889047767818e-02,-1.584029670673399171e-01
4.807810894141829605e-01,1.000000000000000000e+00,1.540149247061977644e-01,3.965726797444032448e-01,8.292148889583984828e-02,4.715581572009473060e-02,-7.365834040841860719e-02,6.482416551231065527e-02,-1.638232271325796574e-01,6.208499039277894788e-02,1.405960945529290962e-01,1.766120023236069647e-01,-9.434737923946556748e-02,1.072657402028687618e-01,4.913535010500916234e-02,1.701684615040886528e-01,2.711068412350864376e-01,5.347826086956521952e-01,5.849859243040350654e-01,6.335403726708074279e-01,5.659323472898699497e-02,-3.062245855489521482e-02,1.146610661781134050e-01,1.300773046159345858e-01,-2.221725725010054164e-02,-8.722016175879172828e-02,2.056883685598105416e-01,1.980383395147236325e-01,2.149336431475937226e-02,8.980294025649046552e-02,1.082130568836855988e-01,3.221323562268197521e-02,5.537110684123508486e-01,4.410429420438804482e-01,-6.988247910987979705e-02,-1.044461325349658187e-01,-2.065329103177085679e-01,-2.630144331739577290e-01,-1.202913445641002749e-01,-5.073059564770544122e-02,-7.423477367174582953e-02,-4.369721614013137578e-02,-2.141516600384288926e-01,-3.740113499262701698e-03,2.184637383261093038e-02,1.220295813039009719e-01,-2.276822020644354017e-01,-2.840162652486706227e-02,-1.596675454667322025e-01,-2.832298136645962638e-01,-2.813977389516957861e-01,-3.442691809285490789e-01,-1.884668662585459453e-01,-1.916171410697528887e-01,-2.441932168550873528e-01,-2.791769069216676336e-01,6.495866660708700113e-01,7.649224719603199274e-01,2.071138120559453191e-02,1.921846373832610810e-01,1.197193797756825606e-01,4.479199249296215296e-02,1.651101479065195110e-01,3.002591715447517906e-01,1.695562804414853242e-01,-3.279413736091871950e-02,2.696635238393136347e-01,2.880691719915992599e-01,5.289959336878323759e-01,4.902587246972608392e-01,4.760266321104607290e-02,-2.589928057553956761e-02,1.212610036194646801e-01,7.781402207426604822e-02,2.091112203404977832e-01,1.815675409982572819e-01,2.446847490951338244e-01,2.274766522185977802e-01,3.729567898476249810e-01,5.127485589168416791e-01,3.113007730461593292e-01,2.935788015550292451e-01,3.176638813173063985e-02,3.427320255596764953e-02,1.670047812681531851e-01,-5.980606818892712090e-02,1.337414540417355691e-01,4.670003127932436521e-02,2.188659010679655167e-02,-3.730774386701818934e-01,-4.116537825640109172e-01,-3.441306582063541897e-01,-3.539121497832789509e-01,-4.993610080879395952e-01,-8.401179677376111044e-02,-1.373028285446177277e-01,6.595468966441753178e-03,-1.680772152464364011e-01,-3.530229232762858160e-01,-3.041288708163903398e-01,-1.757540551409803864e-01,-3.271281111756557669e-01,-9.950846775995353388e-02,-1.602618526296974710e-01,-2.199159926717011437e-01,-1.236918539702399622e-01,-1.931945127128111284e-01,-1.520979489700165221e-01,-1.810804772331203460e-01,1.704723177979355561e-02,-1.270700210018320675e-01,-1.919567451628759192e-01,-3.223959962464810758e-01,-1.948255060547835057e-03,-1.066982438893605556e-01,-8.537468162116269854e-02
6.543009071004066701e-01,1.540149247061977644e-01,1.000000000000000000e+00,8.393225792037177779e-01,3.596988247910988257e-01,3.274811206935073216e-01,6.393806693775414551e-01,6.517672818267125079e-01,2.206130747575852369e-01,2.362706108405201177e-01,4.489163948344430111e-01,5.239957102640868669e-01,5.380714062290540278e-01,4.265695518119665963e-01,5.584789311408016044e-01,3.072076500290450984e-01,1.448277402922382717e-01,6.305018097323383808e-02,6.206979757808659404e-01,5.022699852540327692e-01,1.179230528620581753e-01,1.008981634568121843e-01,7.927968184458644707e-01,8.196210733276733107e-01,5.350283748156754449e-01,6.070825327315787501e-01,5.531525090486617141e-02,2.500558559363689343e-02,3.084632914786183400e-01,1.306626748290808382e-01,6.213012198936502806e-01,7.132490281067072058e-01,8.712632378569194758e-02,2.752982707002100127e-01,-2.859823942088565163e-01,-1.016443987667009219e-01,-4.951874525224541079e-01,-3.852942490727914726e-01,-1.743956387684883202e-01,-1.177309084409491058e-01,-2.303945663345100328e-02,-1.451762813351802905e-01,-4.449662630144331499e-01,-4.572456320657759532e-01,-6.060503150274810791e-01,-5.364985030609052963e-01,-4.313731623396934722e-01,-3.585638321640823856e-01,-4.606237990973680585e-01,-4.857410965637428135e-01,-5.894454622637294028e-01,-5.106707180839179516e-01,-7.503463068054873342e-02,4.870190803878636510e-02,-3.246347021761472607e-01,-2.370213146253183911e-01,9.701059028553554731e-02,-2.551231064837570783e-01,-1.691496492247196171e-01,-1.336923008177308969e-01,-4.199919567451628616e-02,-2.810760087582108158e-01,3.242772241833861979e-02,-1.347602663211046048e-01,-1.093480495107019973e-01,-1.420662227981589754e-01,-4.378167031592117842e-01,-3.453594888064703272e-01,-1.181956298315385012e-01,-1.499888288127262104e-01,1.650029045086911783e-01,3.047812681531792967e-01,1.816166942222619540e-01,1.873274051566200527e-01,-1.170248894052459965e-01,1.614325930559900035e-01,-6.993163233388444144e-02,-1.542517538764019702e-01,1.517404709772554594e-01,6.638813173064032902e-02,-4.823271817328745464e-02,-2.249832432190893294e-01,9.398990124670450474e-02,4.574377764868850504e-02,-1.271102372760176957e-01,-1.441306582063541786e-01,5.948433799544215750e-02,3.851378524509584816e-02,-7.617856025738414805e-02,-2.042227087894901427e-01,-2.198847133473345594e-01,5.241521068859198579e-03,-2.375173153402743709e-01,6.993163233388444144e-02,-2.280575539568345245e-01,-3.201662272666339071e-01,-4.193753072076500388e-01,-3.802538093748603631e-01,-1.872380356584297800e-01,-1.457571830734170348e-01,3.127932436659368049e-05,2.559319004423790123e-01,1.501809732338352799e-01,3.492157826533803799e-01,-1.534161490683229878e-01,1.769516064167299743e-02,-3.172617185754502030e-03,1.719022297689798418e-02,-1.910675186558827565e-01,-4.770231020152821966e-01,-6.058402967067340050e-01,-2.709683185128915484e-01,-1.620358371687742882e-01,-9.736806827829662392e-02,-1.491845033290138123e-01,-9.219804280798962748e-02
6.217257250100540755e-01,3.965726797444032448e-01,8.393225792037177779e-01,1.000000000000000000e+00,3.750703784798248286e-01,3.418919522766879493e-01,5.190044237901604296e-01,5.599579963358505275e-01,2.235443942982260068e-01,3.175030162205639273e-01,3.365610617096385093e-01,5.488851155100764601e-01,4.515751374056034551e-01,4.772107779614817580e-01,4.545734840698869572e-01,3.656865811698467583e-01,1.880647035166897463e-01,1.850797622771348239e-01,7.029313195406408088e-01,5.956074891639483448e-01,2.588230037088341540e-01,1.438491442870548365e-01,7.724250413333929588e-01,7.696724607891326508e-01,4.433620805219178895e-01,4.809419545109254179e-01,1.170114839805174445e-01,1.106260333348228209e-01,2.542517538764019758e-01,1.606416729970061297e-01,6.532865632959471425e-01,6.208543724026989175e-01,2.347379239465570422e-01,4.046561508557129372e-01,-8.135752267751016065e-02,-5.156620045578444445e-03,-4.010992448277402866e-01,-3.648420394119487042e-01,-2.763662362035836928e-01,-1.090307877921265489e-01,7.868984315653066927e-03,-6.756334063184235572e-02,-5.195987309531256981e-01,-4.755619107198713058e-01,-5.825952902274453837e-01,-5.452299030340944652e-01,-5.466910943295053560e-01,-3.909245274587783148e-01,-5.438848920863309511e-01,-5.340050940613968455e-01,-6.473926448902989073e-01,-5.156977523571205646e-01,-1.299164395191921006e-01,1.472362482684659857e-01,-4.483220876714777425e-01,-2.714687877027570639e-01,1.431744045757183115e-01,-3.104249519638947394e-02,-2.472675275928325755e-01,-8.554895214263372183e-02,-1.566245140533535918e-01,-2.443183341525537455e-01,-5.205773269583091438e-03,-2.918807810894141763e-02,3.303096653112292530e-02,-1.553241878546851931e-02,-2.879574601188614191e-01,-2.356360874033692210e-01,-6.313508199651458874e-02,-8.869475847893114329e-02,3.563832164082398890e-01,3.850574199025872391e-01,2.399615711157781772e-01,2.502792796818446019e-01,1.073774520756065956e-02,2.276017695160641729e-01,6.534250860181420317e-02,-3.248581259216229596e-03,3.139416417176817409e-01,2.339604093123017203e-01,1.210063005496224142e-01,1.418740783770499128e-02,2.916573573439385295e-02,6.161133205237052934e-02,-2.168550873586844868e-02,7.855578890924527075e-03,3.884445238839984160e-02,6.088297064211984494e-02,-1.694445685687474834e-01,-2.012332990750256845e-01,-1.649894990839626541e-01,1.169891416059698763e-01,-2.049778810491978964e-01,-1.420975021225255770e-02,-1.202734706644622148e-01,-1.697573618124134098e-01,-2.756512802180615673e-01,-3.095982841056347246e-01,-8.103579248402520419e-02,-8.766700924974306364e-02,3.009517851557263340e-02,1.755038205460476286e-01,1.431431252513517272e-01,2.990750256937307339e-01,-1.985834934536842566e-01,1.504088654542204764e-02,-7.833236516376960654e-03,3.431788730506277890e-02,-1.724250413333929255e-01,-3.036641494258009999e-01,-4.878904329952187258e-01,-1.879887394432280256e-01,-8.400732829885160236e-02,-4.570802984941239877e-02,-1.464140488851154998e-01,6.501630993341972475e-02
4.334554716475266800e-01,8.292148889583984828e-02,3.596988247910988257e-01,3.750703784798248286e-01,1.000000000000000000e+00,7.178828365878725526e-01,1.211850395460029560e-02,6.274185620447740586e-02,4.899325260288663331e-01,6.894186514142722766e-01,1.751418740783770578e-01,3.091514366146834170e-01,1.559095580678314386e-01,3.141382546137003184e-01,6.280620224317440270e-01,5.975199964252200235e-01,4.450601009875329930e-03,2.135573528754635964e-01,2.918629071897761440e-01,1.415166003842888431e-01,4.281469234550248082e-01,4.891237320702443991e-01,3.247151347245185171e-01,3.929085303186022338e-01,5.827963715983734971e-01,5.829527682202064742e-01,6.105724116359086961e-01,6.158675544036820160e-01,1.451539389606327224e-01,1.887573171276643313e-01,3.715492202511282982e-01,3.077662093927342468e-01,-2.635059654140042146e-02,4.624424683855399981e-02,9.179588006613342843e-02,6.363555118638009045e-02,-2.551901336073997828e-01,-3.555386746503418349e-01,-4.650341838330578070e-02,9.684972518879306214e-02,-1.569953974708432065e-01,-9.174672684212878404e-02,-2.945171812860270522e-01,-2.500871352607355047e-01,-2.571026408686715170e-01,-1.889181822244068165e-01,-2.117610259618392110e-01,-1.776352830778855085e-01,-2.635998033871039814e-01,-2.631038026721480017e-01,-3.625988650073729835e-01,-4.020376245587380937e-01,-4.755350998704142157e-02,-5.507395325975244366e-02,-1.453818311810179120e-01,-2.009339112560883100e-01,1.828365878725591032e-01,5.183430895035524150e-03,-1.099691675231243559e-01,3.485410429420438688e-02,-2.297689798471781453e-01,-2.394119487019080450e-01,3.288797533401850021e-03,3.950131820009830652e-02,-9.341346798337726853e-02,-1.787389963805353140e-03,-8.763572992537646544e-02,-3.262433531435721124e-02,6.619151883462173758e-02,1.365029715358148377e-01,4.596988247910988035e-01,5.204522096608427129e-01,2.841101032217703826e-01,2.892622547924393328e-01,1.570088028955717308e-01,2.595558335939943673e-01,9.292640421824031882e-02,1.531346351490236457e-01,2.534563653425085938e-01,3.526252290093391251e-01,2.455337593279413866e-01,1.218597792573394706e-01,1.334644085973457350e-01,7.953885338933821495e-04,1.125385405960945551e-01,1.044952857589704631e-01,3.607444479199249376e-01,2.736583404084186322e-01,7.513740560346753028e-02,9.792662764198578618e-02,-2.237007909200589839e-01,-1.228785915367085202e-01,-2.913624379999106284e-01,-2.689306939541534214e-01,-8.541489789534831290e-02,-5.407301488002144718e-02,-2.625809911077349179e-01,-2.856249162160954258e-01,-2.034541311050538370e-01,-2.317261718575450158e-01,-3.104249519638947394e-02,-1.349345368425756420e-01,2.112694937217927602e-02,5.162875910451762695e-02,-3.176638813173063847e-01,-2.952232003217302170e-01,-4.950623352249877013e-02,8.256847937798829362e-02,-1.511148844899235788e-01,-1.479780151034451874e-01,-2.481925018991018306e-01,-2.124536395728137961e-01,-3.032307073595781888e-01,-1.784664194110550106e-01,-2.662808883328119935e-01,-6.714330399034809660e-02
4.073059564770543650e-01,4.715581572009473060e-02,3.274811206935073216e-01,3.418919522766879493e-01,7.178828365878725526e-01,1.000000000000000000e+00,1.691451807498100812e-01,1.237856919433397429e-01,3.690066580276151753e-01,8.374145404173555240e-01,1.983287903838419908e-01,3.506859108986102869e-01,1.441574690558112548e-01,1.024353188256847957e-01,4.576031100585370437e-01,6.793690513427766975e-01,-8.086152196255418090e-02,5.253585951114884273e-02,2.559855221412931647e-01,6.273738772956789778e-02,5.471960319942803519e-01,5.318200098306448131e-01,2.871933509093346215e-01,2.769069216676348089e-01,6.345234371509004268e-01,5.592475088252379933e-01,7.151391929934313163e-01,7.462040305643683480e-01,-2.302605120872246169e-02,4.243710621564859842e-02,2.996380535323294181e-01,2.358729165735734268e-01,-4.746860896376067090e-02,-2.137271549220251185e-02,5.862639081281558612e-02,3.299521873184681903e-02,-2.519638947227311188e-01,-4.244917109790428689e-01,-6.006523973367889485e-02,2.334956879217123249e-01,-2.652978238527190502e-01,5.965414004200366230e-03,-2.277313552884400460e-01,-2.865811698467313207e-01,-2.431118459269851206e-01,-1.691809285490862014e-01,-2.213056883685598220e-01,-2.053934492157826475e-01,-2.338844452388399719e-01,-1.902587246972608226e-01,-4.281826712543009283e-01,-3.861119799812324227e-01,-9.729657267974439749e-02,-6.279100942848206413e-02,-1.906296081147504373e-01,-1.358058894499307445e-01,5.102551499173332145e-02,-8.894946154877340916e-02,1.800348541042941924e-02,1.186916305464944810e-01,-1.551543858081236849e-01,-8.090620671164931721e-02,-7.958353813843336080e-03,7.666115554761160356e-02,-1.600339604093123091e-01,-4.653022923276285694e-02,2.949193440278833050e-03,3.337503909915545686e-02,1.717234907725993104e-02,1.048751061262790940e-01,3.806023504178023820e-01,4.439251083605165737e-01,1.453460833817418196e-01,1.540462040305643765e-01,7.195138299298449447e-02,2.672103311139907844e-01,-4.289735913132847688e-04,3.686044952857589485e-02,2.198489655480584393e-03,1.733500156396621805e-01,1.626614236561061688e-01,5.329996872067563340e-02,4.115018544170874482e-02,1.952946959202823962e-01,1.417578980294025570e-01,1.858081236873855013e-01,3.946288931587649262e-01,4.208677778274275139e-01,1.272845077974887051e-01,1.840520130479467442e-01,-1.154966709861924151e-01,-1.617587917243844611e-02,-3.230930783323651689e-01,-3.191474149872648436e-01,-2.008356048080789935e-01,-4.052013047946735613e-02,-3.072165869788641146e-01,-2.069082622101076907e-01,-1.577058849814558239e-01,-1.836945350551856537e-01,-1.981232405380043693e-01,-2.975780865990437229e-01,-1.764556057017739876e-01,-1.830644800929442650e-01,-3.441842799052683421e-01,-2.588632199830198100e-01,-2.150319495956030114e-01,-5.802314670003128061e-02,-2.105724116359086739e-01,-2.644756244693686198e-01,-2.304928727825193147e-01,-2.036105277268868141e-01,-1.911166718798874009e-01,-2.598239420885651851e-01,-2.940882076947137769e-01,-1.532642209213995188e-01
2.235488627731355427e-01,-7.365834040841860719e-02,6.393806693775414551e-01,5.190044237901604296e-01,1.211850395460029560e-02,1.691451807498100812e-01,1.000000000000000000e+00,8.286563295947093621e-01,4.308414138254613723e-01,2.364582867867196792e-01,5.024040395013181781e-01,4.452656508333705521e-01,7.298940971446444825e-01,4.486885026140578492e-01,1.789490147012824661e-01,7.841279771214085259e-02,-4.452835247330086399e-02,-2.073953259752446543e-01,4.162875910451762640e-01,2.340095625363063647e-01,-1.624335314357209792e-01,-2.341078689843156535e-01,6.351803029625988639e-01,4.807453416149068404e-01,3.865096742481791137e-01,4.544975199964252366e-01,-1.982304839358327020e-01,-1.976183028732293734e-01,2.511193529648331202e-01,8.869922695384065137e-03,4.769024531927253396e-01,6.345055632512623944e-01,2.307162965279949962e-01,2.967961034898788930e-01,-3.114258903436257220e-01,3.947003887573171527e-02,-5.006121810626033009e-01,-3.787077170561687356e-01,-2.693328566960096482e-01,-3.277536976629876198e-01,-2.519683631976406546e-01,-3.190312346396175225e-01,-2.385227221949148824e-01,-3.889673354484114443e-01,-3.334197238482505821e-01,-2.769069216676348089e-01,-2.984092229322132250e-01,-2.353322311095223107e-01,-6.031100585370213069e-02,-7.871218553107824090e-02,-2.371240895482371880e-01,-6.280441485321060224e-02,-1.734483220876714693e-01,-2.101523749944144218e-02,-4.178202779391393951e-01,-2.250994235667366783e-01,-2.117163412127441025e-01,-3.997587023548862528e-01,5.892577863175298136e-02,-3.775414451047857251e-02,2.360739979445015402e-01,-2.052370525939496704e-02,1.688547298806917230e-01,-8.416372492068456557e-02,-3.235756736225925967e-01,-2.019482550605478377e-01,-2.945127128111175718e-01,-2.301934849635819402e-01,-3.409803833951472463e-01,-2.879217123195852990e-01,1.768264891192636024e-01,3.103132400911569055e-01,1.034228517806872472e-01,5.600339604093122758e-02,-1.854863934939005310e-01,1.840564815228562523e-02,-1.691988024487242614e-01,-2.519549577729121026e-01,-1.647794807632155245e-01,-2.471021940211805823e-01,-3.677242057285848298e-01,-4.823048393583270199e-01,-1.575673622592609069e-01,-1.013271370481254735e-01,-5.077170561687296413e-01,-4.267348853836185896e-01,-3.745833147146878650e-01,-2.632646677688904591e-01,-3.845346083381741553e-01,-3.384422896465436592e-01,4.637830108583940181e-02,3.723580142097502460e-02,-4.089548237186647894e-02,1.662630144331739557e-01,-5.189552705661557575e-01,-4.018767594619956363e-01,-5.025827784976987234e-01,-2.836945350551856593e-01,-1.755216944456856887e-01,-2.561017024889405413e-01,-1.294427811787836891e-01,1.909021850842307633e-01,-5.809017382367398464e-04,5.063228919969614550e-02,-1.066669645649939713e-01,-6.926582957236694649e-02,-2.789758255507395202e-01,-3.397336788953930209e-01,-2.683542606908262407e-01,-5.732785200411100179e-01,-6.308592877250994713e-01,-3.069440100093838164e-01,-1.723535457348406852e-01,-2.862594396532463503e-01,-1.726082488046829511e-01,-2.619151883462174091e-01
2.218776531569775223e-01,6.482416551231065527e-02,6.517672818267125079e-01,5.599579963358505275e-01,6.274185620447740586e-02,1.237856919433397429e-01,8.286563295947093621e-01,1.000000000000000000e+00,2.614817462799946535e-01,1.809330175611063851e-01,6.520487957460119333e-01,7.007819831091648410e-01,7.513204343357612336e-01,6.440323517583448343e-01,3.573573439385137607e-01,1.310693060458465453e-01,5.951114884489923373e-02,-3.011305241521069001e-02,4.857634389382903817e-01,4.057643326332722733e-01,-1.110416015014075719e-01,-1.228115644130658157e-01,6.545690155949774880e-01,6.036462755261629010e-01,4.551677912328522257e-01,4.935117744313865518e-01,-1.867643773180213684e-01,-2.041646186156664822e-01,3.150989767192457491e-01,2.064033245453326670e-01,5.527458778318959931e-01,7.011215872022878992e-01,2.335448411457169693e-01,4.424192323160105467e-01,-2.603333482282497169e-01,7.329192546583851442e-02,-5.450332901380758877e-01,-4.312167657178604951e-01,-2.868760891907591870e-01,-3.738996380535323238e-01,-2.605746458733634308e-01,-2.966084275436793316e-01,-3.816926582957236858e-01,-4.782832119397649739e-01,-5.054917556637918974e-01,-3.696992716385897326e-01,-4.283569417757719378e-01,-3.186603512221278800e-01,-2.297466374726306049e-01,-1.460297600428973608e-01,-2.049197908753742359e-01,-1.069171991599267152e-01,-5.416238437821171980e-02,-1.397738951695786172e-02,-3.652665445283524992e-01,-1.867911881674784447e-01,-2.359041958979400389e-01,-3.617632601992940011e-01,4.063631082711470499e-02,-3.143125251351713834e-02,2.709593815630725322e-01,9.306045846552571388e-02,7.047678627284507946e-02,1.893292819160820317e-01,-2.853478707717055918e-01,-2.681084945708029840e-02,-3.843335269672460974e-01,-2.552660976808615034e-01,-2.950087135260735516e-01,-2.909289959336878173e-01,1.473658340408418588e-01,2.829036149962018132e-01,1.509003976942669412e-01,1.911300773046159251e-01,-2.067608025380937575e-01,1.246838554001519217e-01,-4.116805934134679795e-02,-8.431118459269851262e-02,-1.083739219804280840e-01,-1.637159837347513247e-01,-3.434112337459225284e-01,-4.035300951785155688e-01,-1.287233567183520277e-01,-1.152017516421645349e-01,-3.978193842441574701e-01,-4.268421287814468945e-01,-3.142901827606238152e-01,-2.901514812994325232e-01,-2.546673220429867546e-01,-4.581929487465927764e-01,-1.112694937217927477e-01,-1.390857500335135610e-01,-1.973501943786585555e-01,-7.672818267125429414e-02,-5.190312346396175336e-01,-5.060771258769382053e-01,-5.720720318155413375e-01,-4.742213682470172720e-01,-3.641449573260646111e-01,-4.010858394030117346e-01,-1.859377094597613744e-01,8.731399973189149857e-03,-1.126323785691943358e-01,-1.055945305867107553e-01,-2.816479735466285161e-01,-2.655301845480137479e-01,-3.312614504669556537e-01,-3.524420215380490440e-01,-1.751865588274721941e-01,-6.008668841324456000e-01,-7.384065418472675058e-01,-4.563519370838732825e-01,-3.411189061173421355e-01,-3.226685732159613740e-01,-3.191563519370838597e-01,-3.185620447741185912e-01
5.716073104249519421e-02,-1.638232271325796574e-01,2.206130747575852369e-01,2.235443942982260068e-01,4.899325260288663331e-01,3.690066580276151753e-01,4.308414138254613723e-01,2.614817462799946535e-01,1.000000000000000000e+00,4.908619688100451239e-01,1.314178470887885919e-01,1.796282228875284992e-01,2.601412038071406196e-01,2.357388623262880456e-01,2.303766924348719658e-01,2.665713392019303796e-01,-3.541042942043880482e-01,-2.392555520800750679e-01,2.271549220251128376e-01,-1.419634478752401785e-02,-7.513740560346753028e-02,-9.548237186648196595e-02,2.426828723356718454e-01,1.620403056436838241e-01,2.442557755038205491e-01,3.550292685106573032e-01,1.249743062692702938e-01,2.247776933732517080e-01,-5.303632870101434443e-02,-1.852719066982438934e-01,9.709995978372581993e-02,2.806604405916260925e-01,3.324545332677957162e-03,-1.297198266231735023e-02,6.743375485946646875e-02,3.235265203985879801e-01,-3.916841681933955766e-01,-2.386120916931051550e-01,1.234192770007596328e-02,-1.579873989007551660e-01,-8.759998212610035917e-02,-3.861075115063228869e-01,-3.317842620313687235e-02,-2.216095446624067322e-01,-1.116448456141918705e-01,-1.303543500603244198e-01,-8.218865901067964885e-02,-1.755931900442379012e-01,9.804280798963313504e-02,5.685240627373877587e-02,-7.854238348451673957e-02,1.722597077617409045e-02,-2.300370883417489701e-02,4.548460610393672415e-02,-1.793913937173242656e-01,-1.473837079404799189e-01,-2.124804504222708723e-01,-2.545734840698869461e-01,1.022878591536708487e-01,1.290540238616560142e-01,5.998033871039814419e-02,4.312525135171366153e-02,7.651369587559765650e-02,-1.416953393806693814e-02,-1.941194870190803834e-01,-5.325975244649001211e-02,-5.371553688726037751e-02,-3.482729344474731065e-02,-2.383663255730819053e-01,-2.664998436033781670e-02,4.560972340140310166e-01,5.093569864605210773e-01,1.124804504222708806e-01,1.204745520353903282e-01,-5.058760445060100919e-02,-2.635506501630993301e-02,1.890164886724161062e-03,-4.344698154519862493e-02,-1.744939452164976090e-01,-9.911077349300684292e-02,-2.395415344742839181e-01,-3.247330086241565494e-01,-7.355556548549979645e-02,-2.091782474641404876e-01,-3.230930783323651689e-01,-2.446221904464006558e-01,-4.471602841950042539e-02,-9.470038875731712213e-02,-1.519549577729120970e-01,-3.350462487153134383e-02,7.344832208767147763e-02,-5.371106841235086422e-03,1.616247374770990800e-02,1.316368023593547654e-01,-3.962643549756468264e-01,-2.187363152955896228e-01,-4.154296438625497134e-01,-2.850395460029491734e-01,-7.769784172661869937e-02,-2.132490281067071780e-01,1.598820322623888471e-02,2.310648375709370428e-01,9.245274587783189682e-03,-1.255641449573260612e-02,-4.239688994146297712e-02,-1.384825059207292486e-01,-1.481701595245542569e-01,-2.034362572054158047e-01,-2.150989767192457158e-01,-3.780955359935653792e-01,-3.286876089190759465e-01,-2.141605969882479088e-01,-1.154162384378211725e-01,-3.109388265784887584e-01,-1.645069037937351986e-01,-2.322266410474105314e-01
3.030921846373832440e-01,6.208499039277894788e-02,2.362706108405201177e-01,3.175030162205639273e-01,6.894186514142722766e-01,8.374145404173555240e-01,2.364582867867196792e-01,1.809330175611063851e-01,4.908619688100451239e-01,1.000000000000000000e+00,1.920193038116090878e-01,3.622994771884355814e-01,2.713392019303811353e-01,2.921712319585325623e-01,3.451494704857231977e-01,5.353366995844318632e-01,-2.216810402609589378e-02,1.296393940748022666e-01,1.958532552839715724e-01,4.011796773761115015e-02,3.523124357656731709e-01,3.567675052504580280e-01,3.139595156173198287e-01,2.497207203181554258e-01,5.651816435050717180e-01,4.670673399168863704e-01,4.980740873139997138e-01,5.556637919478082388e-01,2.796818445864426503e-02,1.085481925018991073e-01,3.419857902497877578e-01,3.003306671433039754e-01,7.579873989007551716e-02,1.491487555297376921e-01,9.128200545153938861e-02,1.779346708968229315e-02,-2.707002100183207305e-01,-5.404128870816390373e-01,-2.106841235086464870e-01,4.239242146655346211e-02,-2.354930962062647959e-01,-2.854014924706197928e-02,-2.573662808883327990e-01,-3.025649045980606799e-01,-1.965324634702176054e-01,-1.210286429241699824e-01,-2.908217525358595124e-01,-2.338263550650163114e-01,-1.479735466285356793e-01,-1.352786094106081527e-01,-3.248804682961705104e-01,-2.778318959739041194e-01,-1.208811832521560353e-01,-4.915322400464721547e-02,-3.574199025872469848e-01,-3.178113409893203456e-01,3.414361678359176255e-02,-5.219178694311631117e-02,2.065329103177085748e-02,1.803476473479601397e-02,-9.368157647794807252e-02,-3.748603601590776851e-02,9.008445417578980763e-02,1.522766879663970674e-01,-8.007507037847982900e-02,3.399615711157781550e-02,1.778453013986326312e-02,3.809821707851110406e-02,-9.290853031860225875e-02,7.426605299611242252e-03,4.342329862817820296e-01,4.995710264086867247e-01,1.938424415746905494e-01,2.366414942580097325e-01,1.794405469413289378e-01,3.421734661959873192e-01,5.675856830063899516e-02,1.194155234818356504e-01,1.023280754278564769e-01,2.152553733410786929e-01,1.595379596943563294e-01,1.187899369945037698e-01,-1.073327673265114628e-02,6.601724831315072817e-02,6.996291165825103964e-02,1.289825282631038017e-01,1.966218329684078781e-01,2.543411233745922484e-01,-2.732919254658384978e-02,2.778050851244470362e-02,-1.137941820456678105e-01,-6.578488761785603045e-02,-2.485276375173153529e-01,-2.880691719915992599e-01,-2.311452701193082715e-01,-5.863532776263461616e-02,-3.030385629384690915e-01,-2.288976272398230427e-01,-2.058000804325483823e-01,-2.958175074846954855e-01,-2.219312748558916748e-01,-3.096206264801822927e-01,-2.477367174583314791e-01,-2.741319987488270438e-01,-4.433620805219178895e-01,-3.708163903659680849e-01,-3.324321908932481584e-01,-1.281335180302962673e-01,-1.880781089414182983e-01,-1.958621922337906163e-01,-2.585280843648062876e-01,-2.150542919701505795e-01,-2.836945350551856593e-01,-3.298494123955493795e-01,-3.340989320344966429e-01,-1.483578354707538183e-01
3.586710755619107460e-01,1.405960945529290962e-01,4.489163948344430111e-01,3.365610617096385093e-01,1.751418740783770578e-01,1.983287903838419908e-01,5.024040395013181781e-01,6.520487957460119333e-01,1.314178470887885919e-01,1.920193038116090878e-01,1.000000000000000000e+00,6.218999955315250849e-01,6.925778631752982362e-01,5.334510031726171775e-01,5.887215693283882612e-01,3.380088475803208481e-01,4.128826131641271102e-01,2.636132088118325334e-01,4.494972965726797276e-01,5.195004245051163538e-01,2.753921086733097934e-02,1.764064524777693432e-01,4.026676795209794824e-01,4.641002725769694526e-01,3.668930693954153277e-01,4.629161267259484513e-01,6.738013316055230240e-02,9.731444657938245757e-02,6.840117967737611160e-01,4.000804325483712232e-01,5.076544975199964727e-01,5.847535636087403121e-01,3.071853076544975303e-01,4.650520577326958116e-01,-3.616381429018276084e-01,-3.734885383618570809e-01,-4.472854014924706467e-01,-5.091067518655882917e-01,-1.148129943250368601e-01,-6.508780553197193730e-02,-2.725412216810402799e-01,-1.027257696948031679e-01,-4.718932928191608145e-01,-4.666026185262969750e-01,-4.696367129898565418e-01,-2.861521962554180454e-01,-4.399928504401448004e-01,-4.247776933732517191e-01,-2.438402073372357981e-01,-2.140354796907815438e-01,-1.298226015460923199e-01,-1.874033692300817733e-01,-7.920371777112471257e-02,-2.577505697305509380e-01,-1.473658340408418588e-01,-2.219178694311631506e-01,9.041512131909379413e-02,-1.156217882836587940e-01,1.171276643281647933e-01,-2.590374905044908263e-02,4.562670360605925457e-01,1.862058179543321923e-01,4.364493498369006463e-01,4.071674337548594758e-01,-2.127083426426560619e-01,-8.877965950221189395e-02,-3.334688770722552542e-01,-3.237276017695160379e-01,-6.376513695875597743e-02,-1.616604852763751654e-01,1.600786451584074455e-01,2.743911702935787900e-01,4.536663836632557345e-01,3.716654005987756193e-01,-2.249877116939988375e-02,1.588542830332007605e-01,2.131328477590598292e-01,1.680995576209839693e-01,1.470798516466330086e-01,1.369945037758613093e-01,3.713302649805621126e-03,-2.657446713436704133e-01,1.327137048125474677e-03,-1.136869386478394917e-01,-1.585414897895348341e-01,-2.739353858528084107e-01,-8.559810536663836622e-02,-3.530542026006523726e-02,-8.454354528799321034e-03,-2.815809464229858117e-01,-5.200321730193484537e-01,-5.127574958666607507e-01,-3.966039590687698291e-01,-2.807766209392734136e-01,-3.889494615487734119e-01,-4.577416327807319330e-01,-5.031279324366593197e-01,-5.068948567853791554e-01,-5.966665177175030088e-01,-5.383395147236248457e-01,-2.410920952678850815e-01,-1.634300013405424745e-01,-2.203941194870190912e-01,-1.328075427856472701e-01,-3.551901336073998161e-01,-3.191206041378077396e-01,-3.383082353992582503e-01,-2.242906296081147444e-01,-1.617409178247464219e-01,-4.808570534876446811e-01,-6.460297600428973608e-01,-4.859511148844899431e-01,-5.423879529916439957e-01,-1.401090307877921326e-01,-2.103489878904329924e-01,-5.592341034005093858e-01
3.582331650207783991e-01,1.766120023236069647e-01,5.239957102640868669e-01,5.488851155100764601e-01,3.091514366146834170e-01,3.506859108986102869e-01,4.452656508333705521e-01,7.007819831091648410e-01,1.796282228875284992e-01,3.622994771884355814e-01,6.218999955315250849e-01,1.000000000000000000e+00,6.357075830019214280e-01,6.818043701684615154e-01,5.929800259171544852e-01,4.184771437508378322e-01,2.839715804995754933e-01,2.953081013450109538e-01,4.562089458867688574e-01,3.842441574690558248e-01,2.038652307967290800e-01,2.715804995754949047e-01,6.359086643728495414e-01,6.557486929710889534e-01,5.513874614594038714e-01,5.530497341257428756e-01,5.054738817641538789e-02,1.014790651950489286e-01,4.079270744894767375e-01,4.273157871218553061e-01,6.387238035658430180e-01,6.916841681933956210e-01,2.163188703695428650e-01,5.164573930917377709e-01,-2.134590464274543214e-02,4.755350998704142157e-02,-4.600205549845837738e-01,-5.265203985879619575e-01,-2.999865945752714369e-01,-1.465615085571294607e-01,-6.890388310469636179e-02,7.507037847982483319e-04,-5.926582957236694593e-01,-6.417981143035882408e-01,-7.101345010947763825e-01,-5.320523705259394553e-01,-6.411055006926136279e-01,-5.442825863532776420e-01,-5.564144957326064844e-01,-4.467447160284194752e-01,-4.500156396621832755e-01,-3.515393896063273571e-01,-1.011975512757495865e-01,-2.595737074936324204e-02,-3.826355065016309731e-01,-2.677018633540372838e-01,-9.723848250592072306e-02,-1.886545422047455067e-01,-1.430537557531614545e-01,-1.569998659457527146e-01,1.255730819071450843e-01,1.162160954466240625e-01,9.482997452969300911e-02,4.338799767639304750e-01,-5.152151570668930813e-02,1.434603869699271617e-01,-3.642432637740738999e-01,-2.791947808213056659e-01,-2.265740202868760933e-01,-2.502658742571160500e-01,4.126860002681084771e-01,5.440189463336163600e-01,4.297689798471781564e-01,5.202466598150051746e-01,-5.724116359086643679e-03,4.363018901648867409e-01,2.061754323249475052e-01,2.041109969167523019e-01,1.939854327717949745e-01,1.986907368515125893e-01,9.617498547745655102e-02,1.686402430850350923e-02,8.786362214576165508e-02,1.658027615174940683e-01,4.854997989186290996e-02,2.306626748290808299e-02,6.624067205862639585e-02,1.475803208364984964e-01,9.026319317217033553e-04,-1.703293266008311380e-01,-3.579248402520219807e-01,-2.866347915456454731e-01,-3.726305911792305303e-01,-2.820769471379418469e-01,-4.020108137092810452e-01,-4.607176370704678670e-01,-5.744179811430358829e-01,-6.093212386612448794e-01,-5.096787166540059921e-01,-4.703382635506501708e-01,-1.726618705035971313e-01,-1.446177219714911422e-01,-1.766522185977925652e-01,-1.453237410071942515e-01,-4.218955270566155935e-01,-3.748335493096206505e-01,-2.629965592743196967e-01,-1.760132266857321603e-01,-1.069306045846552498e-02,-5.012154251753876411e-01,-6.719424460431654422e-01,-5.698422628356941688e-01,-4.916975736181241619e-01,-3.264712453639572742e-01,-3.703740113499262576e-01,-3.232003217301934739e-01
2.333482282496983917e-01,-9.434737923946556748e-02,5.380714062290540278e-01,4.515751374056034551e-01,1.559095580678314386e-01,1.441574690558112548e-01,7.298940971446444825e-01,7.513204343357612336e-01,2.601412038071406196e-01,2.713392019303811353e-01,6.925778631752982362e-01,6.357075830019214280e-01,1.000000000000000000e+00,7.805353232941597552e-01,5.233611868269359979e-01,1.999776576254524429e-01,2.779391393717324243e-01,8.416372492068456557e-02,3.115688815407301471e-01,2.827606237990973881e-01,-6.747397113365208744e-04,7.630367755485052694e-02,6.850440144778586760e-01,6.108449886053889388e-01,4.669422226194199776e-01,5.548818088386433534e-01,-1.378077662093927236e-01,-1.744939452164976090e-01,6.009249743062692328e-01,3.664953751284686367e-01,7.324366593681576054e-01,7.554805844765181133e-01,2.382456767505250483e-01,4.770186335403726607e-01,-2.162205639215335762e-01,-9.026766164707984708e-02,-4.109164842039411680e-01,-5.188748380177845565e-01,-2.720586263908127966e-01,-2.683274498413691367e-01,-2.247508825237946317e-01,-3.753072076500290483e-02,-5.013584163724921217e-01,-5.766656240225210839e-01,-5.290138075874704082e-01,-3.942937575405514039e-01,-5.007909200589838461e-01,-4.016890835157960749e-01,-2.125876938200992050e-01,-2.364716922114482311e-01,-2.816613789713570681e-01,-1.961615800527279907e-01,-1.153000580901738237e-01,-8.423075204432726310e-03,-4.453505518566513444e-01,-3.192859377094597884e-01,-1.349166629429375819e-01,-3.595290227445372966e-01,-1.100049153224004622e-01,-2.697394879127753553e-01,2.290584923365655279e-01,-2.954555610170248731e-02,3.152374994414406384e-01,1.397068680459359336e-01,-1.747575852361588911e-01,-9.637606684838465054e-02,-4.631440189463336132e-01,-4.383976048974485007e-01,-3.820635417132132727e-01,-3.843111845926985293e-01,3.020554984583761482e-01,4.940569283703472037e-01,3.960185888556235767e-01,3.713123910809240646e-01,1.747173689619732628e-02,1.964028776978417323e-01,1.113320523705259441e-01,4.348272934447473120e-02,1.902497877474418064e-01,-1.314625318378837351e-02,-3.659680950891460848e-03,-2.255954242816926580e-01,-3.306224585548952349e-02,-9.267616962330756103e-02,-2.731310603690960126e-01,-3.136780016980204588e-01,-2.589704633808481149e-01,-1.779346708968229107e-01,-2.463917065105679371e-01,-2.876714777246525689e-01,-1.952232003217301837e-01,-8.304213771839670521e-02,-1.586532016622726748e-01,7.306850172036284674e-02,-3.600920505831359808e-01,-3.264489029894097061e-01,-5.095089146074445186e-01,-4.136422538987443720e-01,-3.803744581974172201e-01,-4.014924706197774973e-01,-1.627999463783010858e-01,4.346038696992716305e-02,-8.659904374636935576e-03,5.565485499798918795e-02,-3.181330711828053159e-01,-2.637830108583940070e-01,-2.661825818848027048e-01,-2.042316457393091866e-01,-1.196478841771303481e-01,-4.669779704186960978e-01,-6.989990616202690354e-01,-4.037356450243531625e-01,-3.729255105232583967e-01,-3.076947137941820620e-01,-2.743018007953885173e-01,-3.277626346128066359e-01
