1.000000000000000000e+00,6.472651134460180034e-01,2.219460941068981397e-01,1.156494594183036378e-01,-2.344205877874219468e-01,3.938328003654636977e-02,-6.636515912897822389e-02,5.630881681132937633e-02,-4.159357393025734928e-01,-1.356616415410385190e-01,5.753357697578802554e-01,1.079792903913506970e-02,-1.784041419217298752e-01,-8.791533424699253529e-02,-1.941952185168265566e-01,1.113034871326328556e-01,2.763773412517130934e-01,2.168250342622201898e-01,5.075833714024668986e-01,3.733988122430333401e-01,-1.024120603015075404e-01,-5.607887924470839058e-02,-4.559463986599664870e-02,-1.964534795188061511e-01,-2.507126541799908903e-01,3.022993756662098463e-02,-3.148012791228871343e-02,9.375513933302878633e-02,2.271874524135830686e-01,1.375041876046901035e-01,3.200700472057255858e-02,-8.198111770976092283e-02,3.776381909547738558e-01,1.626267702147099203e-01,8.556418455915943549e-03,-1.276473275468250346e-01,7.519110705040353559e-02,9.759403075985989898e-03,4.365920511649155206e-02,1.141419217298614286e-01,-2.495355565707324530e-02,-1.017313841936957480e-01,-3.362646566164154138e-01,-2.189629968021927775e-01,-3.224881985686005592e-01,-1.834810415714938359e-01,-2.541571493832800455e-01,-3.519400030455306916e-01,-2.651149687833104784e-01,-1.967032130348713159e-01,-1.638952337444799651e-02,-2.115440840566468750e-01,7.539515760621287588e-02,-1.550342622201918708e-01,4.306989492919140877e-02,2.827927516369727404e-02,8.036287498096543747e-01,6.857210293893710729e-01,2.705009897974722244e-01,2.421288259479214278e-01,5.474265265722552121e-01,1.834186081924775447e-01,5.871311100959342166e-01,3.700609106136744098e-01,1.816659052839957322e-01,-7.950205573321150743e-02,-1.150114207400639577e-01,-1.911070504035328188e-01,3.316689508146794529e-01,3.710324349017816159e-01,1.253068372163849420e-01,-1.373047053449063526e-01,2.571615654027714082e-01,1.800715699710674633e-01,2.703822141008070667e-02,-1.646185472818638695e-01,-1.264428201614131164e-01,-2.183310491853205360e-01,1.841236485457591054e-01,9.391655245926602835e-02,2.467671691792294730e-01,1.563286127607735609e-01,5.756052992233896826e-03,2.523222171463377489e-02,1.318410232983097397e-01,-1.125993604385564228e-01,-3.215623572407492331e-02,4.144662707476777508e-02,1.558123953098827508e-01,-1.731049185320542028e-01,-4.151317192020709812e-01,-2.843947007766103319e-01,-3.076458047814831787e-01,-1.011679610172072502e-01,-2.562311557788944927e-01,-6.032891731384193434e-02,-1.284757118927973285e-01,-6.818790924318562929e-02,-7.692401400944114120e-02,-1.131323283082076997e-01,5.633622658748287104e-02,-1.490467488959951181e-01,6.981269986295111918e-02,-8.146642302421197579e-02,2.397989949748743632e-01,9.818943200852749131e-02,-9.709304096238770276e-02,-1.291670473580021350e-01,-2.392721181665905320e-02,-6.715851987208770746e-02,-2.794289629968021993e-01,-2.526831125323587557e-01,-1.727744784528704169e-01,4.006852444038373762e-02,8.657682351149688371e-02,-9.151971981117709709e-02
6.472651134460180034e-01,1.000000000000000000e+00,1.585579412212577977e-01,7.162783615044920893e-02,-1.251423785594639737e-01,2.594639865996650058e-02,-1.712958733059235517e-01,-2.455002284148012637e-02,-3.128871630881681076e-01,-2.200030455306837274e-01,2.816186995583980779e-01,1.480173595248972240e-01,-2.265174356631643182e-01,-1.175285518501598958e-01,-2.039195979899497413e-01,4.114359677173747704e-02,2.319826404751027804e-01,3.559326937718897410e-01,4.169346733668341520e-01,4.721257804172376837e-01,-5.052383127760012166e-02,-3.864778437642759495e-02,-6.074615501751180063e-02,-2.479671082686158157e-01,-1.592020709608649442e-01,-7.350388305162174410e-03,-4.344144967260545054e-02,1.110628902086188557e-01,1.571904979442667882e-01,1.472803410994365791e-01,5.126389523374447893e-02,-3.574539363484086768e-02,3.775118014313993964e-01,2.421090299984772209e-01,-7.282777523983553769e-02,-2.810567991472514016e-01,1.208877721943048544e-01,9.385107354956601089e-02,-5.483173442972438111e-02,1.308070656311862423e-01,3.078422415105832102e-02,2.723465813918075212e-02,-2.454591137505710285e-01,-9.019034566773259654e-02,-2.626237246840261719e-01,-1.188655398203136843e-01,-1.375879396984924508e-01,-2.520755291609563242e-01,-2.516872239987817950e-01,-2.296680371554743472e-01,-4.635297700624333578e-02,-2.022278056951423708e-01,-3.874219582762296332e-02,-1.445926602710522202e-01,-3.738845743870869431e-02,8.257956448911222755e-03,6.403182579564489219e-01,7.730805542865843982e-01,2.521516674280493420e-01,2.106898126998629495e-01,3.914984010963910577e-01,3.204202832343536200e-02,3.605207857469164279e-01,3.212928277752398198e-01,-5.440079183797776746e-02,-2.884376427592508230e-01,-1.078072179077204235e-01,-2.057438708694990237e-01,3.757773717070199693e-01,4.402025277904674794e-01,6.759403075985991050e-02,3.706410842089234107e-03,1.861793817572711951e-01,2.642637429572102792e-01,5.076899649763971095e-02,-5.332876503730775430e-02,-4.983858687376275381e-02,-1.093893710979138151e-01,1.479899497487437154e-01,5.837825491091822722e-02,2.089888838130044280e-01,1.098172681589767025e-01,-2.037612303943962117e-02,8.734886553982031121e-02,-3.094106898126998753e-02,-2.275605299223389666e-01,-5.559768539668036996e-02,4.167047358002132218e-02,1.016065174356631656e-01,-1.326800670016750339e-01,-5.092416628597533634e-01,-3.286264656616415536e-01,-2.220115730165981294e-01,-6.994822597837672962e-02,-1.804370336531140595e-01,-3.589462463834323241e-02,-1.904827166133698721e-02,5.970153799299528219e-02,-4.361504492157758373e-02,-1.926876808283843334e-01,7.567686919445713867e-02,-1.301202984620070113e-01,3.201005025125628484e-02,-1.180706563118623376e-01,1.959829450281711516e-01,8.712806456525049037e-02,-1.386553982031369092e-01,-1.714024668798538042e-01,-7.370184254606365398e-04,5.266940764428201804e-02,-1.886477843764275963e-01,-2.268966042332876409e-01,-9.713567839195980103e-02,1.452322217146337635e-01,6.206486980356327315e-02,-1.282031368966042306e-01
2.219460941068981397e-01,1.585579412212577977e-01,1.000000000000000000e+00,6.015364702299376143e-01,-2.055154560682198872e-01,2.074158672148621874e-01,6.576579869042180615e-01,2.907370184254606249e-01,-6.161260849703061038e-02,-4.786965128673671688e-02,1.324059692401400867e-01,1.869240140094411418e-01,2.336302725749961895e-01,-4.169026952946550818e-02,-4.454088624942896535e-02,-5.566925536774783301e-02,-3.486066697121973507e-02,-6.593573930257347424e-04,4.102101416171767823e-01,3.043962235419521711e-01,-2.065174356631643005e-01,-1.225689051317191969e-01,4.936272270443124444e-01,3.364991624790619751e-01,-7.495051012638952181e-02,1.667108268615806188e-01,-3.245926602710522135e-01,-2.180386782396832590e-01,-1.054560682198873167e-01,2.513933302878026618e-02,1.370123343992690756e-01,1.649139637581848727e-01,3.941556266179381818e-01,3.057362570427897275e-01,1.233957667123496277e-01,-6.321760316735190732e-02,-3.226145880919750186e-01,-1.556799147251408666e-01,-2.260255824577432626e-01,-1.511512105984467724e-01,-3.899573625704279012e-01,-5.410232983097304493e-02,-1.293665296177858859e-01,-1.041967412821684230e-01,-9.792447083904370908e-02,-1.095492614588091940e-01,-2.625856555504796908e-01,-3.336241815136287703e-01,-2.323937871174052150e-01,-1.791244099284300395e-01,-8.854728186386477684e-02,-3.083706410842089185e-01,-2.413278513781026355e-02,-2.282777523983554185e-02,-2.567519415258108784e-01,-2.677950357849855356e-01,2.143322673975940340e-01,-1.884574387086949965e-02,4.173899802040505203e-03,-3.633896756509821802e-01,9.480737018425459961e-02,-1.540733972894776926e-02,1.943505405816963599e-02,-1.821805999695446932e-01,2.371646109334551444e-01,-8.888533576975787831e-02,-1.117283386630120307e-01,-2.613994213491701024e-01,7.431399421349170475e-02,-9.975178924927669000e-02,-4.473580021318714767e-02,3.319278209227958243e-01,8.485914420587786777e-02,2.715258108725445152e-01,-1.977676260088320481e-01,9.291152733363788885e-02,-8.038069133546520140e-02,-6.504644434292675137e-02,6.373534338358459450e-02,7.093954621592812870e-02,7.258108725445408527e-02,1.043094259174661169e-03,-2.155306837216384996e-01,-2.008024973351606457e-01,1.556585960103548105e-01,-5.351149687833105240e-02,-1.338434597228567169e-01,-4.074158672148622123e-02,6.556418455915943855e-02,-2.663316582914572739e-01,-2.999329983249581222e-01,-1.313308969087863542e-01,-1.366681894320085321e-02,2.504248515303791889e-01,-1.904751027866605773e-01,-1.967686919445713334e-01,-1.789751789249276748e-01,-3.559936043855642107e-01,-3.451621745089081816e-01,-3.277813308969088069e-01,-2.112105984467793629e-01,3.054819552306989663e-02,-2.828886858535099580e-01,-2.763225216994061317e-01,-1.221212121212121166e-01,-7.865539820313689756e-02,-2.168646261611085757e-01,-2.597654941373534476e-01,-1.552565859601035547e-01,1.329770062433379141e-01,-2.662326785442363231e-01,-1.900578650829907179e-01,-1.532023755139333143e-01,7.747830059387848627e-03,1.149124409928430068e-01,1.454317039744175422e-01
1.156494594183036378e-01,7.162783615044920893e-02,6.015364702299376143e-01,1.000000000000000000e+00,-2.608755900715699627e-01,6.212197350388305450e-01,4.887406730622810835e-01,6.636652961778589654e-01,-9.245469773107964362e-02,3.799147251408557802e-01,2.463819095477386978e-01,2.775772803410994638e-01,2.157012334399269204e-01,1.888152885640322909e-01,-3.980965433226740097e-02,2.090909090909090773e-01,-1.529785290086797533e-01,-1.628079792903913414e-01,3.326313385107355081e-01,2.718760469011725078e-01,6.685092127303182696e-02,4.899649763971371946e-02,5.652763819095477649e-01,6.537155474341403982e-01,-1.543657682351149696e-01,3.695797167656464377e-01,-1.517070199482259685e-01,6.811633927211817319e-02,-9.431399421349169476e-02,5.112532358763514223e-02,3.227303182579564500e-01,3.325369270595401328e-01,2.465890056342317782e-01,2.604933759707628860e-01,-5.101263895233744535e-04,-3.945637277295568901e-02,-1.336576823511496925e-01,-4.165220039591898543e-02,-5.769910156844830496e-02,-3.416933150601492164e-02,-1.718318867062585686e-01,6.558550327394548074e-02,-2.569575148469621095e-01,-2.118532054210446047e-01,1.990711131414649171e-02,-1.653464291152733356e-01,-3.192919141160346919e-01,-3.234277447845286813e-01,-2.404446474798233591e-01,-2.360347190497944225e-01,-3.899162479061976661e-01,-4.210476625552002639e-01,-3.301918684330744647e-01,-2.296116948378254807e-01,-4.760438556418455924e-01,-3.408573168874676207e-01,1.836911831886706148e-02,-8.462463834323130651e-02,-1.955322064869803589e-01,-3.318927973199329862e-01,-1.059859905588548812e-01,5.720877112836911943e-02,-8.633927211816659619e-02,-5.388914268311253281e-02,1.420374600274097732e-01,6.218973656159585556e-02,-1.946550936500685280e-01,-2.328460484239378847e-01,6.018577737170702213e-02,-1.478757423481041611e-01,1.099588853357697515e-01,3.174828688899040685e-01,4.520328917313842093e-02,3.834292675498705560e-01,-1.740322826252474475e-01,1.277721943048576170e-01,-2.704583523679001192e-02,6.638038678239682744e-02,-9.656007309273641204e-02,-3.371859296482412199e-02,-1.073351606517435608e-01,-6.217450890817725201e-02,-2.032846048423937735e-01,-1.192873458200091330e-01,-1.564367291000456905e-01,-1.742820161413126123e-01,-4.070047205725597916e-02,1.250494898736104754e-01,-2.239774630729404470e-01,-6.625552002436424504e-02,-3.446916400182731821e-01,-1.031155778894472380e-01,-2.080874067306228148e-01,7.747220953251103548e-02,-1.766971219735038734e-01,-1.605177402162326905e-01,-1.758733059235571827e-01,-2.186234201309578129e-01,-2.741525810872544322e-01,-2.170153799299527897e-01,-1.500670016750418889e-01,1.907537688442210999e-01,-8.569209684787573722e-02,1.146337749352824807e-02,-2.079594944419065061e-01,4.622811024821075337e-02,-7.066240292370945530e-02,3.037307750875590032e-02,-9.651591289782245064e-02,-8.078270138571645720e-03,-2.452230851225826180e-01,-1.732693771889751710e-01,-9.759859905588548490e-02,-3.518044769301050673e-02,-3.780721790772042373e-02,-9.683264808892949604e-03
-2.344205877874219468e-01,-1.251423785594639737e-01,-2.055154560682198872e-01,-2.608755900715699627e-01,1.000000000000000000e+00,-3.833881528856403209e-01,-5.632708999543170614e-02,-4.033790162935891321e-01,1.890802497335160592e-01,-1.506167199634536255e-02,-2.164321608040201128e-01,-2.907720420283234630e-01,-1.003410994365768194e-01,-4.965829145728642979e-01,1.133226739759403134e-01,-1.327150906045378442e-01,1.994837825491091732e-01,1.462311557788944782e-01,-7.310948682807978660e-02,-1.066362113598294525e-01,-3.974265265722552037e-02,-3.593878483325719381e-02,-2.551880615197197888e-01,-1.324684026191563779e-01,2.417268158976701720e-01,-3.504888076747373349e-01,1.508786356022537023e-01,4.632404446474798487e-02,2.327242271965889939e-02,-8.253235876351454336e-02,-1.562174508908177328e-01,-1.903456677326024137e-04,-3.156997106745850629e-02,1.137505710370031922e-03,-5.238617329069590600e-02,2.264199786812852097e-02,-1.409989340642607003e-01,3.734429724379473292e-02,-2.365935739302573448e-01,-9.671844068828992780e-02,-2.896147403685092256e-02,1.105527638190954755e-03,2.870153799299527964e-01,2.637094563727729324e-01,1.936592051164915396e-01,2.799664991624790655e-01,3.690315212425765434e-01,3.085883965280949992e-01,4.411390284757119029e-01,3.912380082229328648e-01,2.138114816506776206e-01,3.469301050708085699e-01,1.478361504492157752e-01,2.189690878635602300e-01,2.675970762905436340e-01,2.332419674128216880e-01,1.439013248058474206e-03,-9.166590528399573556e-02,2.247753921120755338e-01,1.318836607278818240e-01,6.471448149840110242e-02,-2.156920968478757417e-01,-4.510583219125932630e-02,-1.183234353586112425e-01,-2.750114207400639402e-02,-1.300944114511953797e-01,2.291624790619765373e-01,1.800959342165372179e-01,9.360438556418455153e-03,1.056205268768082850e-01,-9.793208466575301085e-02,-7.575300746155017029e-02,-5.337292523222171743e-03,-1.361474036850921221e-01,2.003974417542256636e-01,1.248454393178011212e-01,3.713263286127607699e-02,6.543322673975940362e-02,9.721790772042028517e-02,1.363392721181665990e-01,7.222476016445865399e-02,-2.342013095781940099e-03,9.524135830668493952e-02,-3.244403837368661780e-02,6.326785442363332124e-02,1.976747373229785221e-01,5.184559159433531350e-02,-1.609517283386630027e-01,8.684939850768996772e-02,3.396984924623115687e-02,1.773915029693924061e-01,1.196314907872696870e-01,1.975468250342622134e-01,1.049185320542104505e-01,1.476351454240901473e-01,2.207857469164001968e-02,-1.519567534642911506e-02,1.298157453936348363e-02,-7.955078422415105821e-02,-7.502055733211511479e-02,-2.022369422871935496e-01,-2.123557179838586884e-01,-2.105999695446931497e-01,-2.326511344601796816e-01,-7.740063956144357937e-02,-1.944099284300289388e-01,-1.618455915943353141e-01,-2.797761534947464379e-01,-1.504294198264047588e-01,6.887010811633927088e-02,1.497182884117557455e-01,8.575909852291761781e-02,7.891122278056951489e-02,3.253540429419826685e-02,4.366225064717527138e-02,3.171920207096086408e-02
3.938328003654636977e-02,2.594639865996650058e-02,2.074158672148621874e-01,6.212197350388305450e-01,-3.833881528856403209e-01,1.000000000000000000e+00,2.905588548804629023e-01,5.816217450890818208e-01,2.067245317496573809e-01,5.882914572864321734e-01,1.721608040201005052e-01,2.904964215014466111e-01,2.829191411603471651e-01,4.703791685701233516e-01,3.976244860666971331e-02,5.374980965433227009e-01,-8.534795188061519711e-02,-1.303106441297396112e-01,1.382320694380995973e-01,9.792903913506928459e-02,3.006243337901629564e-01,9.054362722704431543e-02,2.343018120907568169e-01,4.960849703060758453e-01,-2.790330440079183960e-01,7.445941830363941305e-01,1.971691792294807399e-01,4.145820009136592099e-01,1.419065022080097382e-02,6.778742195827622274e-02,6.244358154408405914e-01,4.880858839652809644e-01,-5.413278513781026591e-02,2.299375666209837066e-03,-7.534338358458961271e-02,2.271813613522156300e-02,-1.322217146337749394e-02,-1.042317648850312195e-01,4.460941068981270213e-02,-9.367747830059387770e-02,3.874371859296482645e-02,-9.151819704583523960e-04,-2.423085122582609996e-01,-2.391898888381300547e-01,9.019491396375818593e-02,-1.041008070656311846e-01,-2.869209684787574210e-01,-2.314481498401096404e-01,-1.497396071265418016e-01,-2.499619308664534911e-01,-3.548393482564337065e-01,-3.436165676869194496e-01,-3.413339424394700727e-01,-3.423222171463377594e-01,-4.664778437642759235e-01,-1.905162174508908124e-01,-9.255672300898432070e-02,-3.337140246687985562e-02,-2.120481193848028079e-01,-7.123496269224911803e-02,-2.039881224303334850e-01,1.495233744479975702e-01,-1.666971219735038923e-02,9.172833866301202677e-02,7.033805390589310813e-02,1.364626161108573044e-01,-6.839348256433683271e-02,-5.520481193848027907e-02,7.760621288259479666e-02,-7.059235571798386233e-02,3.287300137048880799e-01,2.267808740673062373e-01,-4.391959798994975184e-02,1.362722704431247045e-01,-1.810217755443886134e-01,-1.854728186386477851e-01,-9.092127303182578890e-02,1.486675803258717850e-02,-1.855443886097152550e-01,-5.423937871174051850e-02,-2.109958885335769807e-01,-2.008009745698187964e-01,-2.394426678848789458e-01,-1.332876503730775174e-02,-4.489797472209532403e-01,-3.805801735952489828e-01,-2.042165372316126215e-01,3.386356022536927135e-01,-3.805405816963605692e-01,1.139683264808892954e-01,-1.695797167656464266e-01,3.241967412821684068e-03,-3.155702756205268633e-01,-1.622536927059540224e-01,-6.434140398964519059e-02,-6.237551393330287991e-02,-8.225978376732145936e-02,4.397594030759859746e-02,8.893710979138114148e-02,1.094670321303487098e-01,2.091472514085579437e-01,3.248941678087406970e-01,3.140688289934521205e-01,3.750190345667732683e-01,-1.696284452565859635e-01,1.370534490634993108e-01,2.275163697274250052e-01,4.145393634840870978e-01,8.020861885183493134e-02,-1.530653266331658269e-01,-3.972133394243947124e-02,-1.524288107202680055e-03,9.038678239683264892e-02,1.999390893863255744e-03,-2.374326176336226668e-01,-1.008862494289630013e-01
-6.636515912897822389e-02,-1.712958733059235517e-01,6.576579869042180615e-01,4.887406730622810835e-01,-5.632708999543170614e-02,2.905588548804629023e-01,1.000000000000000000e+00,4.865753007461550150e-01,2.574569818790924391e-01,2.081498401096391060e-01,8.829145728643215951e-02,4.099284300289325611e-02,5.393985076899650011e-01,7.643672910004568888e-02,1.015532206486980393e-01,-1.293284604842393805e-02,-1.766042332876503751e-01,-2.075133241967412889e-01,2.380630424851530313e-01,1.409334551545606828e-01,-1.683417085427135751e-01,-2.820557332115121163e-01,3.556631643063803971e-01,4.394015532206487218e-01,1.506624029237094500e-02,9.046292066392569442e-02,-2.670321303487132591e-01,-1.523069894929191537e-01,-2.699862951119232357e-01,-2.639744175422567563e-01,1.097944266788487833e-01,1.823069894929191526e-01,2.565463682046596472e-01,3.410156844830211642e-01,1.891609562966346803e-01,1.816004263742957148e-01,-3.966818943200852710e-01,-3.846931627836150391e-01,-2.156905740825338924e-01,-4.163758184863712297e-01,-4.153388152885640339e-01,-3.006867671691792476e-01,-1.045698187909243210e-01,-1.091914116034718996e-01,1.279244708390437080e-01,6.369422871935434549e-02,-2.487665600730927240e-01,-2.901202984620069869e-01,-6.331962844525658440e-02,3.314146490025886987e-02,-1.050829907111314188e-01,-1.226557027562052704e-01,-1.073991167961017151e-01,-4.494137353433835802e-02,-2.379671082686158068e-01,-3.034033805390589089e-01,-7.137048880767474235e-02,-1.622399878178772681e-01,-1.366042332876503673e-01,-2.214435815440840560e-01,1.017983858687376286e-01,3.192766864626160883e-01,-8.252474493680524159e-02,-3.960408101111618367e-02,3.236561595858078455e-01,3.275757575757575757e-01,6.525201766407796866e-02,8.786356022536927560e-03,-1.993147555961626363e-02,-2.333622658748286949e-01,2.218669103091213454e-03,1.651484696208314340e-01,4.950662402923709793e-02,8.624942896299679640e-02,-1.271844068828993368e-01,4.712197350388305089e-02,5.837064108420892544e-02,1.332221714633775034e-01,-1.444479975635754587e-01,-6.526876808283843534e-02,-1.866895081467945805e-01,-2.147723465813917987e-01,-2.091807522460788771e-01,-4.304004872849093721e-01,-5.143292218669102966e-02,-4.748134612456220843e-02,-1.568463529770062481e-01,-1.703426222019186753e-01,-8.708390437033652898e-02,-1.544997715851987308e-01,-7.956296634688594938e-02,-4.589157910765950810e-02,2.301202984620069961e-02,1.558443733820618349e-01,-2.791289782244555928e-01,-3.439013248058473970e-01,-3.346017968631033734e-01,-4.983797776762600718e-01,-3.223602862798842783e-01,-2.274645957058017420e-01,-2.130973047053449088e-01,1.326602710522308548e-01,-2.483828232069437980e-01,-2.314664230242119702e-01,-1.904674889599512755e-01,-5.832952641997868337e-02,-1.825354042941982613e-01,-1.682412060301507473e-01,-1.871798385868737591e-01,-1.086386477843764298e-01,-2.475818486371250127e-01,-1.832358763514542466e-01,-1.079747220953251041e-01,-7.952032891731383724e-02,3.916095629663468580e-02,-3.380539058931018599e-03
5.630881681132937633e-02,-2.455002284148012637e-02,2.907370184254606249e-01,6.636652961778589654e-01,-4.033790162935891321e-01,5.816217450890818208e-01,4.865753007461550150e-01,1.000000000000000000e+00,9.586112380082228990e-02,4.336485457590985026e-01,1.177767626008831975e-01,3.583432313080554543e-01,3.245850464443429395e-01,5.120268006700167129e-01,1.071128369118318907e-01,1.466270747677782815e-01,-2.544312471448149648e-01,-2.500350236028627826e-01,1.658398050860362405e-01,1.661824272879549313e-01,1.026039287345820034e-01,5.835236790010659563e-02,3.785244403837368932e-01,4.729876656007309110e-01,-7.192934368813766466e-02,4.053007461550174884e-01,-1.347951880615197266e-02,1.393939393939393895e-02,-1.870960864930714118e-01,-2.570732450129434993e-02,2.214146490025886982e-01,2.464976397137201292e-01,1.288640170549718300e-01,2.694213491700929164e-01,2.270899954317039809e-02,5.086036241815136000e-02,-2.019948225978376866e-01,-3.123953098827470520e-01,2.267397594030759900e-03,-2.572331353738389059e-01,-7.809197502664839974e-02,-7.458809197502665189e-02,-2.921470991320237465e-01,-2.321090299984772398e-01,8.582153190193390901e-02,-1.571158824425156197e-01,-4.288305162174508856e-01,-4.244479975635754299e-01,-1.610202527790467464e-01,-1.954317039744175311e-01,-3.063819095477386956e-01,-2.758382823206944057e-01,-3.626176336226587527e-01,-4.371889751789249101e-01,-3.494913963758184972e-01,-4.030318257956448935e-01,-1.335465204811938367e-01,-9.371554743414040045e-02,-3.127044312471448095e-01,-1.132663316582914609e-01,-4.774630729404599067e-02,4.207933607431094680e-01,-3.490330440079184027e-02,2.150205573321151142e-01,6.016141312623724674e-02,3.634582000913659239e-01,-8.908634079488350621e-02,-4.297091518197045795e-02,4.185015989036089401e-02,-2.335419521851682667e-01,8.221257804172377170e-02,1.124744936805238266e-01,2.312623724684026091e-02,2.029663468859448650e-01,-9.533881528856402721e-02,-2.604385564184559174e-02,4.196284452565859913e-02,5.202527790467489227e-02,-2.224531749657377711e-01,-1.425734734277447902e-01,-2.682807979290391387e-01,-2.028171158824425280e-01,-1.187589462463834317e-01,-2.082472970915182076e-01,-2.815364702299375521e-01,-2.418867062585655647e-01,8.560377645804781443e-02,7.059387848332572546e-02,-2.527348865539820189e-01,-1.095386021014161659e-01,-3.455915943353129460e-01,-2.597761534947464757e-01,-3.506791533424699070e-01,-2.298492462311557682e-01,-2.365022080097456958e-01,-2.522673975940307733e-01,-2.902040505558093342e-01,-2.523206943809959135e-01,-2.770336531140551450e-01,-1.398279275163697155e-01,2.316430638038678366e-02,1.352916095629663473e-01,5.093802345058626169e-02,8.477082381604994499e-02,-1.857301659814222516e-01,-3.431247144814984079e-02,-6.706258565555047770e-03,2.318364550022841419e-01,-7.364245469773107733e-02,-1.849413735343383713e-01,-3.299741129891883840e-01,-2.434886553982031354e-01,-8.231308055428658565e-02,-1.275239835541343014e-01,-2.168768082838434530e-01,-7.324958123953098643e-02
-4.159357393025734928e-01,-3.128871630881681076e-01,-6.161260849703061038e-02,-9.245469773107964362e-02,1.890802497335160592e-01,2.067245317496573809e-01,2.574569818790924391e-01,9.586112380082228990e-02,1.000000000000000000e+00,3.862600883203898272e-01,-2.790223846505253680e-01,1.092020709608649276e-01,5.671509060453784334e-01,2.100152276534185958e-01,6.462661793817572331e-01,3.608694990102025435e-01,-1.536317953403380510e-01,-3.907720420283234547e-02,-5.325262677021470881e-02,3.613522156235724099e-03,3.249489873610476587e-01,7.762753159738083886e-02,5.067306228110247945e-02,1.950083752093802469e-01,1.084148012791228827e-01,3.837140246687985590e-01,2.178376732145576311e-01,1.950875590071569909e-01,-9.054971828841175407e-02,-6.773260240596924026e-03,2.627820922795797154e-01,3.838739150296939240e-01,-2.424668798538145154e-01,-7.779655855032739653e-02,-4.248819856860058114e-02,-2.025887010811634054e-02,-9.908634079488351509e-02,-2.792157758489416941e-01,-4.964671844068829082e-02,-3.038084361199939187e-01,5.755748439165524893e-02,8.495355565707324308e-02,-5.640627379320846402e-02,-1.121775544388609741e-01,1.336348408710217872e-01,-4.085122582610020009e-02,-1.240003045530683745e-01,-9.012486675803259295e-02,1.323755139333028796e-01,-6.523374447997563885e-02,-1.343124714481498394e-01,-4.646109334551545844e-02,-2.295583980508603683e-01,-3.045347951880615356e-01,-1.400517740216232765e-01,-1.097213339424394640e-01,-4.097121973503883297e-01,-4.229846200700472236e-01,-2.787848332571950527e-01,-6.321760316735190732e-02,-3.125536774783005955e-01,-3.922948073701842259e-02,-2.424029237094563749e-01,-1.072635906806761012e-02,4.797167656464138702e-02,1.851956753464291117e-01,1.050829907111314188e-01,1.089051317192020751e-01,3.163697274250037994e-02,-1.961367443276990918e-01,-3.159738084361200100e-02,1.617115882442515529e-01,-1.720435510887772246e-01,-1.056920968478757411e-01,2.681589767016902531e-03,4.487894015532206682e-02,7.399116796101720857e-03,1.126084970306075878e-01,-2.043261763362266004e-01,-1.625156083447540645e-01,-1.771767930561900517e-01,-1.112486675803258662e-01,8.269072635906807300e-02,9.847723465813917887e-02,-8.785442363331810722e-02,-1.366240292370945741e-01,1.953068372163849487e-01,2.832922186691030908e-01,-1.260118775696665028e-01,5.814070351758793970e-02,2.589873610476625676e-01,-2.116643825186538758e-04,-2.833257195066240380e-02,-2.368280797929039061e-01,7.930714176945333205e-02,-9.710370031978071692e-02,-2.860210141617176849e-02,4.339881224303335098e-04,8.021166438251865760e-02,2.144540886249428902e-01,2.605603776458048082e-01,8.376275315973807922e-02,3.049581239530988475e-01,2.146718440688289986e-01,-6.562052687680827723e-02,1.068676716917922945e-02,2.460880158367595438e-01,3.029526419978681440e-01,5.643063803867823941e-02,-1.779259936043855739e-01,1.622750114207400507e-01,1.913293741434445028e-01,1.721029389371097895e-01,-1.111161869955839820e-01,-3.454027714329221954e-01,-1.226191563880006108e-01
-1.356616415410385190e-01,-2.200030455306837274e-01,-4.786965128673671688e-02,3.799147251408557802e-01,-1.506167199634536255e-02,5.882914572864321734e-01,2.081498401096391060e-01,4.336485457590985026e-01,3.862600883203898272e-01,1.000000000000000000e+00,1.248560986751941493e-01,2.275239835541343070e-01,4.807766103243490408e-01,5.020024364245470050e-01,4.162646566164154294e-01,5.469620831429876651e-01,-7.531597380843611800e-02,-1.530561900411146758e-01,1.411314146490025845e-01,-8.598751332419674043e-02,4.664991624790619795e-01,3.090452261306532722e-01,2.485168265570275592e-01,5.187208771128368756e-01,1.271052230851225755e-02,5.057575757575757391e-01,1.697639713720115739e-01,2.793497791990254275e-01,4.784985533729252394e-02,8.064565250494898363e-02,4.356159585807827250e-01,4.321135982945027987e-01,-2.060971524288107148e-01,-2.079762448606669589e-01,-7.856860057865082403e-02,3.395766712349627264e-02,9.234201309578193850e-02,-8.982488198568600035e-02,-5.187147860514694508e-02,-8.902238465052535188e-02,2.835815440840566692e-01,1.197929039135069290e-01,-3.881407035175879483e-01,-3.091015684483021109e-01,-1.738388914268311145e-02,-2.987330592355718073e-01,-4.016049946703212914e-01,-3.404964215014466000e-01,-6.303487132632860923e-02,-2.890497944266788299e-01,-5.091076595096695190e-01,-2.924653570884726550e-01,-5.711725293132328130e-01,-5.156814374904826748e-01,-4.389447236180904488e-01,-7.773107964062737907e-02,-3.952276534186082158e-01,-2.688289934521090330e-01,-6.004751027866606083e-01,4.480280188822902132e-02,-5.064763209989340265e-01,-8.378254910918227910e-03,9.616263133851074216e-03,1.121242576518958478e-01,-2.521242576518958542e-02,2.216780874067306173e-01,-4.882137962539972315e-02,-1.499314755596162577e-02,2.020892340490330341e-01,-1.532130348713263424e-01,4.284208923404903557e-01,1.680478148317344211e-01,5.240444647479823581e-02,-1.814679457895538445e-02,2.478605146946855423e-02,-5.770214709913202428e-02,1.735937262067915321e-01,2.527166133698797168e-01,-1.020938023450586318e-01,-1.585000761382670820e-01,-2.854926145880919974e-01,-5.822141008070656071e-02,2.092584132785137857e-02,1.212517131110095875e-01,-3.847540733972894533e-01,-1.983219125932693672e-01,2.406243337901629309e-01,5.363423176488503197e-01,-4.521105527638191179e-01,4.219125932693771897e-01,-1.827318410232983085e-04,1.470823816049946775e-01,-5.112958733059235206e-01,-4.547753921120755161e-01,-1.775133241967412900e-01,-1.073001370488807643e-01,-2.310583219125932619e-01,1.305009897974722111e-01,1.113339424394700766e-01,3.242058778742195613e-01,2.357484391655245981e-01,3.126602710522308759e-01,4.562920663925689180e-01,6.235541343079031851e-01,-2.299680219278209259e-02,2.904933759707629126e-01,1.610689812699862833e-01,6.308527485914420252e-01,-1.194259174661184697e-01,-2.924379473123191464e-01,3.800822293284605163e-02,-5.088015836759555294e-02,1.550677630577128041e-01,-3.252550631947616622e-01,-5.846002740977614964e-01,-8.731536470229938132e-03
5.753357697578802554e-01,2.816186995583980779e-01,1.324059692401400867e-01,2.463819095477386978e-01,-2.164321608040201128e-01,1.721608040201005052e-01,8.829145728643215951e-02,1.177767626008831975e-01,-2.790223846505253680e-01,1.248560986751941493e-01,1.000000000000000000e+00,1.837170701994822464e-01,1.147982335922034386e-01,-3.004416019491396549e-03,-1.162646566164154127e-01,2.470382214100806939e-01,2.912456220496421611e-01,1.625369270595401205e-01,4.679579716765646658e-01,2.434125171311100899e-01,-7.103852596314907952e-02,-1.087178315821531877e-01,1.065143901324805825e-01,3.085731688746764026e-02,-1.163164306380386759e-01,1.273701842546063612e-01,-9.673519110705040835e-02,1.233531292827775294e-01,3.239104613978985858e-01,2.628780264961169677e-01,2.603578498553372755e-01,2.111816659052840051e-01,2.627668646261611118e-01,1.364489112227805778e-01,-8.132480584741891283e-02,-1.026328612760773612e-01,5.392112075529161171e-03,-6.130044160194914049e-02,-7.551850159890360903e-02,8.128521394853052695e-02,1.349779199025430247e-02,-4.619765494137353240e-02,-3.150997411298918638e-01,-1.912638952337444853e-01,-2.386614892645043395e-01,-1.658763514542409001e-01,-1.849977158519872100e-01,-1.913095781940002960e-01,-1.654332267397594092e-01,-9.496878331049185551e-02,-1.054347495051012606e-01,-1.218318867062585659e-01,4.840261915638800067e-02,-2.793056190041114800e-02,-4.001370488807674819e-02,1.207750875590071632e-01,4.329907111314146295e-01,3.593178011268463590e-01,2.832800365463682135e-02,1.664184559159433419e-01,3.152444038373686808e-01,1.525536774783005922e-01,4.458352367900106361e-01,2.602116643825186371e-01,1.772514085579412202e-01,2.862798842698340354e-02,-2.139333028780265045e-01,-1.886264656616415403e-01,9.151210598446779532e-02,1.837536165676869060e-01,2.267169179229480691e-01,-3.521090299984772076e-02,2.404811938480280187e-01,1.799360438556418529e-01,1.138571646109334638e-02,-6.269681742043550776e-02,-6.743414039896451773e-02,-6.617481346124562402e-02,1.810811633927211783e-01,7.278056951423785004e-02,1.542576518958428400e-01,2.145393634840871144e-01,-1.013704888076747412e-01,-7.694533272422719727e-03,1.834475407339728956e-02,-2.908481802954164877e-02,-9.825491091822749490e-02,6.624333790162935387e-02,-5.497639713720115645e-02,1.918684330744632391e-02,-2.627744784528703859e-01,-1.380889294959646851e-01,-3.597045835236790112e-01,-1.476747373229785332e-01,-1.768433074463225119e-01,6.218821379625399937e-02,-1.205283995736257108e-01,-1.373397289477691352e-01,-1.221836455002284216e-01,-9.052230851225825936e-02,6.566925536774782801e-02,-6.973199329983249817e-02,8.360134003350083720e-02,6.260088320389828320e-02,7.805542865844374012e-02,8.799147251408558079e-02,-1.421805999695446854e-01,1.366529617785899181e-02,-4.225369270595401294e-02,1.974112989188366030e-02,-2.898629511192325481e-01,-3.486751941525810805e-01,-1.123557179838586828e-01,-4.018577737170701825e-02,5.282777523983554074e-02,-3.321760316735190843e-02
1.079792903913506970e-02,1.480173595248972240e-01,1.869240140094411418e-01,2.775772803410994638e-01,-2.907720420283234630e-01,2.904964215014466111e-01,4.099284300289325611e-02,3.583432313080554543e-01,1.092020709608649276e-01,2.275239835541343070e-01,1.837170701994822464e-01,1.000000000000000000e+00,2.773427744784528470e-01,5.762372468402618964e-01,1.866605756052992227e-01,2.910994365768235226e-01,-8.814374904827165791e-02,9.345363179534034448e-02,2.830577128064565295e-01,3.485213948530531680e-01,8.817420435510887888e-02,1.331993299832495703e-01,2.911009593421653996e-01,2.305299223389675745e-01,1.181970458352367935e-02,4.782564336835693486e-01,2.631033957667123363e-02,9.477234658139180312e-02,5.414344449520328700e-02,3.451515151515151536e-01,4.235708847266635990e-01,4.707842241510583059e-01,8.288107202680067287e-02,1.558215319019339018e-01,-2.418532054210446036e-01,-3.119765494137353157e-01,-5.417085427135678172e-02,-8.764275925079945129e-02,-1.723983554134307927e-01,-4.256129130500990211e-03,3.478300593878483338e-02,2.872925232221714698e-01,-8.124257651895842869e-02,2.743718592964823969e-02,-7.562052687680828611e-02,-1.933287650373077537e-01,-1.395553525201766454e-01,-1.210446170245165209e-01,-1.792766864626161027e-01,-2.468707172224760271e-01,-6.895081467945789189e-02,-9.521090299984771854e-02,-1.106441297396071333e-01,-2.141023298309730483e-01,-1.029678696512867364e-01,4.603624181513629038e-02,-1.454210446170245141e-01,-1.032176031673519151e-01,-2.534353586112380041e-01,-1.694563727729556935e-01,-2.805756052992233740e-01,-6.223389675650982389e-02,-8.380539058931019136e-02,6.001522765341860827e-02,-2.551895842850616658e-01,-8.025734734277448212e-02,-1.860606060606060652e-01,-1.465174356631643027e-01,1.998781787726511272e-02,-2.171615654027714282e-02,7.981879092431856670e-02,5.058306684939850584e-01,-5.146946855489569275e-03,3.409608649307142025e-01,-2.612456220496421344e-01,1.627622963301355308e-01,3.529922338967565049e-02,1.400791837977767573e-01,-3.225978376732145658e-02,8.184863712501903518e-03,-4.500837520938023167e-02,2.161763362265874955e-01,-5.629358915791076584e-02,2.091457286432160667e-01,-1.878940155322064709e-02,1.253190193391198470e-01,7.147555961626313181e-02,2.441860819247753944e-01,-2.607492005481955033e-01,-5.389980204050556084e-02,-3.299025430181208862e-01,-2.687147860514694786e-01,-2.900060910613674325e-01,-2.080143139942134956e-01,1.439013248058474206e-02,1.123039439622354127e-02,-1.066727577280341122e-01,-8.262981574539363105e-02,-1.909060453784071909e-01,-1.912517131110095803e-01,-1.915181970458352395e-02,4.483021166438251603e-02,3.962235419521851348e-02,1.103289173138419371e-01,-1.687726511344601887e-01,-4.193543474950510441e-02,-2.969849246231155704e-02,1.949824881985685876e-01,-8.681894320085274674e-02,5.135678391959799111e-02,-2.481285213948530577e-01,-2.585305314451042946e-01,-8.442820161413126800e-02,-1.147693010507080807e-01,-1.218927973199329939e-01,2.697731079640627513e-02
-1.784041419217298752e-01,-2.265174356631643182e-01,2.336302725749961895e-01,2.157012334399269204e-01,-1.003410994365768194e-01,2.829191411603471651e-01,5.393985076899650011e-01,3.245850464443429395e-01,5.671509060453784334e-01,4.807766103243490408e-01,1.147982335922034386e-01,2.773427744784528470e-01,1.000000000000000000e+00,4.047890970001522537e-01,5.891076595096695900e-01,3.075848941678087645e-01,-2.010050251256281448e-04,5.384955078422415387e-02,1.378285366225064645e-01,2.583219125932693927e-02,1.974326176336226590e-01,3.146946855489569234e-02,3.744510430942591950e-01,3.826237246840261674e-01,-6.636820465966195015e-02,3.483249581239530879e-01,-1.103213034871326353e-01,-1.058885335769757935e-01,1.017115882442515551e-01,1.170443124714481559e-01,3.567991472514085438e-01,4.333257195066240186e-01,-4.203746002740977455e-02,2.105527638190954690e-02,-2.338967565098218349e-02,8.868585350997411701e-03,-6.317344297243794593e-02,-3.318684330744632316e-01,-3.592203441449672800e-03,-2.736470229937566501e-01,8.317344297243794635e-03,7.734125171311101270e-03,-3.639957362570427901e-01,-3.400228414801279020e-01,-1.196284452565859607e-01,-3.247373229785290305e-01,-4.604507385411907849e-01,-4.115775848941677917e-01,-2.173427744784528770e-01,-3.134764732754682370e-01,-3.249901020252778938e-01,-3.256479366529617669e-01,-3.464215014466270892e-01,-3.729435054058169441e-01,-2.663057712806456423e-01,-1.799573625704279090e-01,-2.778940155322064953e-01,-3.854758641693314947e-01,-5.264032282625247250e-01,-2.750647175270291012e-01,-2.833683569361961085e-01,5.791228871630881708e-02,-3.771432922186691156e-02,-6.844830211664382734e-03,9.992538449824882318e-02,2.585929648241205858e-01,-2.160164458656921027e-01,-2.080584741891274569e-01,-8.388914268311252476e-03,-3.262829298005177625e-01,2.011298918836607330e-01,1.955002284148012748e-01,9.130805542865844115e-02,5.293132328308207749e-03,1.074767778285366272e-02,3.422567382366377420e-02,6.988426983401857528e-02,1.367823968326480899e-01,-1.028993452109030066e-01,-6.138419369575148776e-02,-8.246078879244708726e-02,8.607735647936652634e-02,5.476320998934064432e-02,-1.666362113598294364e-02,1.018273184102329830e-02,-8.780264961169484406e-02,2.212486675803258807e-01,2.184559159433531184e-01,-6.587635145424089456e-02,3.247449368052383184e-02,9.097761534947464146e-02,-4.611847114359677452e-02,-1.856250951728338761e-01,-1.986493071417694545e-01,-8.419369575148469287e-02,-5.816811329374143441e-02,-1.186828079792903862e-01,-1.829937566620983835e-01,-6.779503578498553840e-02,1.211344601796863069e-01,2.531901933911984148e-01,2.173062281102482174e-01,2.918592964824120450e-01,1.982762296330135565e-01,-8.035632708999543294e-02,3.115273336378864000e-02,1.051317192020709557e-01,3.043642454697730870e-01,1.903456677326024029e-03,-1.582929800517740293e-01,-5.500532967869651430e-02,-5.566164154103852429e-02,4.491548652352672644e-02,-2.138830516217450906e-01,-3.300350236028627982e-01,-4.850159890360895149e-02
