1.000000000000000000e+00,3.236943139046112305e-01,3.883860881685392008e-01,-2.610194977852700604e-01,-1.871658677314949892e-01,-2.207807903964539298e-01,4.300437295361153045e-01,-3.141730157683746971e-01,2.167060640592185228e-01,-2.221306612169556272e-01,4.792936094603970076e-01,-2.900872393258179804e-01,4.781697635214676723e-01,-2.365523043550599724e-01,2.858602601169678570e-01,-3.319991586851630538e-01,8.829096936421083897e-02,-2.606223846252852527e-01,5.681763245215022406e-01,3.481301149901585013e-01,1.803396023845625085e-01,-8.145371669664636105e-02,3.347679634844246688e-01,-2.416362945732053735e-01,7.882146859666801231e-02,-2.064611723785037822e-01,3.028105566176632069e-01,1.929781603458180783e-01,7.154001425212447307e-02,-1.684089417954537649e-01,-2.690559380189547212e-01,-2.620491666902109440e-01,2.754207358993435856e-02,-9.051511698357238289e-02,2.489428627934791860e-01,9.554103136409154706e-02,-8.659107390071857369e-02,-4.216305811664767395e-02,-4.380173850804743030e-02,-1.071091103723446070e-01,-1.940345127437223260e-01,-1.047876464845282768e-01,-8.475462173794298670e-02,-3.977143233850993220e-01,-4.086498466483963199e-01,-4.930858360880115976e-01,-1.399407940379659154e-01,-1.246935322352291237e-01,-4.024373016396221581e-01,-2.731228162700243822e-01,-3.307513129848155264e-01,-1.571092673340679091e-01,-5.960935366301573640e-02,-4.802243924796498892e-02,3.151665834769533103e-01,-2.370404553145669946e-01,5.480962112579226275e-01,3.433726051565065274e-01,1.132682883951919434e-01,-1.415323859123714112e-02,3.838530335992265119e-01,-3.440789329114202211e-01,-1.802689696090711280e-01,-4.027606427896492924e-01,1.467749074710641144e-01,-4.126978894926683350e-01,3.505897051944912440e-02,-3.300057447990732973e-01,5.166018414749379284e-01,3.937604575748158142e-01,-2.652935655111144375e-01,-9.202351914462139626e-02,-1.037830914553177115e-02,-1.965851407475772972e-01,2.834728723053596064e-02,-1.658897061362616110e-01,5.770226872474878282e-02,1.756244722162053629e-02,-5.654546082392347683e-02,-1.652100618743113369e-01,-1.311901779632018983e-01,-3.852876637503178658e-01,-2.301718103023396578e-01,-2.334224875921757647e-01,-6.823126112466214310e-02,-4.416290743339329472e-01,9.206275957544993171e-02,-1.167810917629626827e-01,8.906636027738275285e-02,-2.472916254642142930e-01,-1.611949809919352994e-01,4.830967920162988760e-02,-1.237800150055407555e-01,9.471227346499282163e-02,-5.043494093530351968e-02,1.689222066306910255e-02,2.778787564864432236e-01,-1.914477835435050845e-01,7.897215185104959623e-02,-9.305632728402851717e-02,8.097655305777133258e-03,9.087298971272865511e-02,1.566415213985917487e-01,6.140656539496278099e-02,-1.617396381718354259e-01,-7.367783292366324177e-02,1.486819924093310541e-01,4.754213637462368497e-02,-2.023236613519427060e-02,-1.331474906529293845e-01,2.803022454944137376e-02,-7.152274846255991803e-02,3.672276478657914706e-02,-1.800884636272598593e-01,3.321937912220725847e-02,2.038587470059551321e-01
3.236943139046112305e-01,1.000000000000000000e+00,1.353261193725298073e-01,-3.868321671077291218e-02,-1.255835052064203650e-01,-1.099014594301033765e-01,-2.109408599618897012e-02,-4.650304976628399228e-02,-1.119074302540582488e-01,-8.048683248103118137e-02,1.309955454262923535e-01,-2.248790609921864567e-02,1.002231995705527290e-01,4.195743825910613206e-02,-9.725348376544895590e-02,1.338569576423093502e-02,4.636194117702456818e-01,3.004310168922206814e-01,4.859299511221193413e-01,6.712640755425381967e-01,3.696448584048293851e-03,-1.000081620096123364e-01,-2.020819402980389146e-01,-1.440673177438949737e-01,-1.558472950786221334e-01,-9.323369403137350686e-02,-1.031065864278337130e-01,-8.096085688543991354e-02,2.711607947285974984e-01,1.344628298943019717e-01,-1.267465915761782358e-01,-4.043177030849257059e-02,2.286806739308552272e-01,1.975834173078553080e-01,-1.529246677905126139e-01,-2.150658140505856131e-01,-1.163149154447196548e-01,-3.391471955648895503e-02,-1.960671670606405903e-01,-7.634775183723696568e-02,-1.539998555952145631e-01,5.561624742190369314e-02,-1.501621414601835292e-01,4.756097178142137949e-02,-2.741917256057937458e-01,-1.377511779977334816e-01,-1.612420695089295530e-01,-1.887307761129370862e-02,-1.530031486521696849e-01,-1.173822551632558858e-01,-2.357266856904275398e-01,-4.674634043742093015e-02,-4.178132720554765256e-01,-3.482133047035150253e-01,-2.589319068651918521e-01,-2.000147544019915402e-01,4.615694916637628764e-01,8.139203073938389155e-01,3.805380020028315685e-02,2.234585573961933580e-01,-1.158958276434708667e-01,-2.403115376284339355e-01,5.542475411946042735e-02,8.141447626581781172e-02,-1.745979425457307999e-01,-3.029879233650081827e-01,-2.023911548929678006e-01,-7.824227983763878957e-02,5.121755208774788626e-01,4.623197687012045032e-01,-1.038474457618765029e-01,5.798950867841368151e-02,9.613905552991847472e-03,6.112717352746359356e-02,5.690176393584660264e-02,-5.151169835723860141e-02,1.047358491158346117e-01,2.417634335690898306e-01,-9.530715839635345993e-03,-1.956684842834226570e-02,3.102819346474168863e-02,-1.343137162571535204e-01,-1.294431939827153655e-01,-1.375282923506273847e-01,-2.718090466458849552e-01,-2.338839550587193672e-01,2.479995228363611123e-02,-1.396880856634301060e-01,-3.593261947141569990e-01,-2.896037972180104392e-01,-2.535198666453198912e-01,-1.800837547755604340e-01,-1.579882529846271810e-01,-7.245980995074541298e-02,-7.302173292021008066e-02,5.836464719713450877e-02,7.919817673262198598e-02,-1.946796254265434692e-02,1.959463065336886911e-01,-4.081789614784538806e-02,7.879635472093775295e-02,-2.012547520161733494e-01,2.023362182898078565e-01,-1.259649221940737640e-01,-7.231226593083010801e-02,-2.708688459232331744e-02,2.145509795981152129e-02,-2.230692923223742685e-01,2.077859293232752272e-02,1.803176277432985350e-02,1.863245528945311480e-01,-1.908670251672427154e-01,-1.070306295106875222e-01,-1.921650986190507615e-01,1.072048570235662329e-01,3.020414441734238856e-02
3.883860881685392008e-01,1.353261193725298073e-01,1.000000000000000000e+00,3.791959792684955755e-01,3.056955130921773511e-01,1.669507673858652841e-01,6.783352011778407409e-01,7.077404104235140991e-02,2.297260390081274917e-01,-2.467438290498479014e-02,6.388185177162697403e-02,-1.305262298735830329e-01,2.194434765138173482e-01,-1.316437973435797930e-02,3.104404659879641537e-01,-1.055410627564362137e-02,1.088576639700642584e-01,-2.696414052469164879e-01,3.619505947279696434e-01,3.436206046793429114e-01,5.233653221325447191e-01,4.162405155878687313e-01,4.776141190209355347e-01,2.625326087980185408e-01,4.998163547837224385e-01,1.906001902376086576e-01,4.654040665643276453e-01,3.785555754373738369e-01,-3.488945185826983902e-02,-1.926485407268583583e-01,1.739371336905782273e-01,1.056007082112955936e-01,5.207989979563583567e-03,-1.537738307136421734e-01,4.424107437160373912e-01,4.130714583941559881e-01,1.952101560513453127e-01,-5.782469886893381802e-03,1.266335791353920548e-01,1.816486631570025378e-01,1.866526028962577077e-01,2.936471312105830012e-01,-1.002765665564795405e-01,-9.115081196299471000e-02,-1.743185506782315985e-01,-3.432172130504255181e-01,2.302157595848676463e-02,-2.047126187807841169e-01,-3.182069320575484639e-01,-3.631121114804943817e-01,-3.153392413725988885e-01,-2.304433540836731686e-01,-1.068391362082442564e-01,-7.356795971734332584e-02,-1.483759170488684574e-02,-3.448715896141567039e-01,-2.710728961635415490e-02,7.033140898260549501e-02,-1.569742802520177338e-01,-2.878411170651924977e-01,1.773965700724221273e-01,-2.737679289528455739e-01,-2.936392831244172830e-01,-4.106699440274494406e-01,3.415596972522280672e-01,-1.564060788136205082e-01,2.606867389318440753e-01,-2.674941688719788963e-02,1.294196497242182387e-01,5.438409789388759519e-02,2.351710411898954300e-01,1.785470995043148823e-01,6.801622356372175049e-02,2.589397549513575494e-02,1.190460494303859085e-01,1.932041852273904542e-02,4.729664823936035045e-01,4.007829250758909723e-01,7.040047214086372906e-02,-2.303570251358503726e-02,-9.989828880329243432e-02,-9.011643420635444268e-02,-5.066724428580846040e-02,1.558017761788610123e-01,1.965914192165098551e-01,1.627190793253157353e-01,3.546408872732295658e-01,3.299005804444528067e-01,2.981236795595026412e-01,-1.094980678011859970e-01,-2.473167393399445524e-01,-1.935212479084850445e-01,-2.123880470508461848e-01,-9.898791080807034515e-02,2.210507645605542526e-01,1.855821239432552117e-01,3.195426763229518990e-02,-2.038226458095928617e-01,-3.279715208649218727e-01,-3.486622152321934842e-01,-2.578912506396190407e-01,-3.434636429560287280e-02,-2.779603765825665596e-01,-2.164674822397810172e-01,-1.974499998430382652e-01,-1.875519935708478136e-01,-1.727348068899917932e-01,-3.339988510401853405e-01,-2.329877036185955819e-01,-1.961425086878313961e-01,-3.413352419878888377e-01,-2.290102935498149472e-01,-1.750374353710104358e-01,-1.815937265538425938e-01,2.474219036945650430e-01,1.905358359310498420e-02
-2.610194977852700604e-01,-3.868321671077291218e-02,3.791959792684955755e-01,1.000000000000000000e+00,2.259448310934895343e-01,2.234161777308985297e-01,2.389726541285642214e-01,6.695312181171499955e-01,-1.652822642670358499e-01,1.956920285419197769e-01,-3.353126206643248230e-01,3.818376450718727888e-01,-2.547096365080411262e-01,4.095994650744469445e-01,-1.106156352711827745e-01,3.109411738853363194e-01,5.514379263472809350e-02,-1.151345632853972289e-01,-1.149383611312545378e-01,1.780589485448078602e-01,3.336849275935570569e-01,3.918831953639785315e-01,2.547127757425074468e-01,7.214981054719995512e-01,1.957940536620739747e-01,4.366737927289051080e-01,-4.702887153938640347e-02,1.379536586208087168e-01,-5.593801895469770885e-02,8.280044828268177948e-02,2.956640893551698568e-01,2.722909191364593640e-01,4.063895978326725195e-02,4.537920382735466385e-02,3.577628559499480138e-02,8.039736429874211332e-02,1.942479806874295722e-01,5.758925628396259315e-03,1.049603043801738446e-02,1.516046196974405735e-01,1.429858514702604666e-01,3.167879980787884908e-01,-3.342342936251565533e-01,7.605423341463950215e-02,-2.085864341121774004e-02,-3.376717553657365006e-02,-8.141918511751723708e-02,-2.416158895491745395e-01,1.613095630499546476e-02,-1.371547234491397038e-01,1.577622281030547843e-02,3.006601810082593432e-02,-1.381137595785891514e-01,-2.477515233135247630e-01,-2.688660143337445740e-01,-1.241002169211016248e-01,-1.957124335659506109e-01,-9.167349450163082836e-02,-2.442355807112877586e-01,-1.946984608333411915e-01,-1.764422427946721050e-01,2.264596655459599484e-01,8.063280688371333993e-02,1.472520711099391255e-01,1.220251829388885184e-01,3.789982074971197656e-01,1.053605567746249416e-01,2.250988074048262677e-01,-2.682475851438868020e-01,-2.183290482782868636e-01,4.552219595729385393e-01,2.810258390388920002e-01,2.174830245896235692e-01,2.997168410511412695e-01,1.002702880875469688e-01,2.214761308307356125e-01,5.127154692056794527e-01,5.874512241444801441e-01,1.267795535380742133e-01,-5.420673114654260549e-02,8.796291936248426535e-02,2.045352520334391133e-01,7.439828723367519769e-02,2.234193169653648225e-01,2.091954455986363148e-01,5.546289581822576586e-01,7.520664010874307526e-02,3.086793554523794003e-01,1.193364286185170930e-01,-1.916345679942489319e-02,-2.765367337521071889e-01,-2.450250981795579208e-01,-7.978992242951633840e-02,-3.221372536093348171e-01,1.598921986884278279e-01,1.595264778731058652e-01,-1.722121243513556887e-01,-6.523329220936183170e-02,-4.276940125381024638e-01,-2.501828604076609675e-01,-2.177969480362518806e-01,-2.617478001814477762e-01,-4.870114173957538761e-01,-2.886855711366226318e-01,-9.011329497188814985e-02,-1.365315854075825064e-01,-2.379900737406176192e-01,-4.093043770346163623e-01,-3.515487413239407610e-01,-6.443592665492592353e-02,-3.330837641932638538e-01,-2.681330030858674607e-01,-2.778081237109518709e-01,-2.190479329710656731e-01,8.667897246577449533e-02,-2.585708949015693148e-01
-1.871658677314949892e-01,-1.255835052064203650e-01,3.056955130921773511e-01,2.259448310934895343e-01,1.000000000000000000e+00,5.738520604365419109e-01,8.254460067367971887e-02,1.450310627250438744e-01,3.779606905060132194e-01,4.733008108642626222e-01,1.549840056003942874e-02,2.777971363903198321e-01,5.276896176098496566e-02,2.991062599474492156e-01,4.384647259919196016e-01,4.967069430448690648e-01,-1.512232027097872022e-01,-3.344069515208021592e-02,-1.456542007666010441e-01,-1.884796373556344440e-01,1.666713755183660828e-01,9.427905910864577133e-02,1.431726359210042931e-01,2.167798360691761683e-01,4.609432143877393862e-01,4.208567598705379442e-01,3.595820423231591012e-01,3.857161692549654908e-01,-6.563982307274547623e-02,-1.361234849269657154e-01,3.392209675748472097e-01,2.232780514143820894e-01,1.470401727834650119e-01,-8.172996932967926953e-03,1.854659722680027378e-01,2.892286586992895980e-01,-3.884174805132020736e-02,-1.868786277778300975e-01,-7.121039463316475304e-02,-1.008871476601715944e-01,8.858762702127459532e-02,-2.010836637377609246e-02,2.474972453217558210e-02,1.184747087575223901e-01,1.501150529431892755e-01,2.413506242367736143e-01,-1.359319916245224358e-01,-1.769225456680134090e-01,3.773673751918857344e-02,-1.450954170316026692e-02,-1.392313270485859289e-01,-9.704472467344113507e-02,-8.472009015881387661e-02,-1.593852123221231321e-01,-2.435527972148711917e-01,-9.769140697349544544e-02,-4.208332156120408452e-01,-1.789018329990048617e-01,-1.901230265987336465e-01,-4.938800624079811574e-02,9.675120625084366807e-03,2.119501238427996814e-01,8.920762582836549992e-02,1.229418394030431794e-01,1.202546546999048865e-01,1.138380594508223292e-01,3.263234227701232448e-02,2.086727630600001826e-01,-2.649404016336576184e-01,-1.505576850029351765e-01,1.139934515569033385e-01,1.295326621650044474e-01,-5.057777610351939235e-02,4.561150717785960457e-02,-3.338732816615340437e-02,3.777754756725024837e-02,-1.458174409588477820e-02,6.826422308655810678e-02,1.882096631915341212e-01,3.206822184342126292e-01,-8.264034732490134483e-02,-4.402776338961980618e-03,-1.508245199325692482e-02,-1.090052079899795634e-01,1.421257012264988961e-01,2.519690848189760635e-01,2.113960489595007319e-01,2.011213345513563067e-01,3.026944049424107330e-01,1.154343601769272504e-01,4.787175599358340500e-02,1.318478475838881850e-03,1.016876524490737677e-01,-1.910224172733237299e-03,-1.719248843976907692e-01,-1.434488885540372016e-01,-1.619327010915118104e-01,-1.508009756740721075e-01,-2.871551943343096380e-01,-2.350015225287161447e-01,-1.077479445862331991e-01,-2.120552881974201859e-02,-1.057215687382474928e-01,-4.858907106912908197e-02,2.161284449174224465e-01,1.994371352601954361e-01,4.735064307218041918e-02,-2.799883220477854262e-02,-2.410131565316482039e-01,-3.361947455493503600e-01,-2.490197740379031244e-01,-2.021666996286285763e-03,-2.572288721672333009e-02,2.903948843035137478e-02,3.706321476444754404e-01,3.373578319191081892e-02
-2.207807903964539298e-01,-1.099014594301033765e-01,1.669507673858652841e-01,2.234161777308985297e-01,5.738520604365419109e-01,1.000000000000000000e+00,-9.425080599844921914e-02,2.061268439078446368e-01,2.627068363108972515e-01,5.976176349635378138e-01,-2.379225801995925316e-02,1.011429952691736550e-01,-8.822661505765204415e-02,3.168539220025804459e-01,4.416118085443683505e-02,4.704441074999450856e-01,-9.331060527579744523e-02,-1.130563900687178436e-01,-2.020270036948789705e-01,-2.070576269270975600e-01,4.494285023654131378e-02,1.642180637829658840e-01,-8.297624541279363664e-02,2.462101591905797859e-01,2.806883713337665620e-01,4.786061171122810154e-01,4.010167980436291080e-01,6.444691397555791790e-01,-1.018995507755478813e-01,3.876954565859569435e-04,3.608345968752060262e-01,2.739327387623254340e-01,1.364452564597597173e-01,1.234864965829432781e-01,7.972399850572439717e-02,2.795017407055115366e-01,-2.224571416014490821e-01,-2.191405403878210201e-01,-1.504054321313204601e-01,-2.118512379571117765e-02,-1.182785066033796989e-01,-9.428376796034519669e-02,-8.995162439687458267e-02,6.167653955906312463e-02,1.847596445130890441e-02,1.123139611174419072e-01,-8.447366025321065286e-02,-9.599308112723631270e-02,5.881826657751240695e-02,-1.268093762655038981e-01,-1.509155577320914488e-01,-3.040945035143730046e-01,-1.568596981939984203e-01,-1.467482239781006947e-01,-2.179586186112654478e-01,1.109013056076145337e-01,-1.225415870085920789e-01,-3.001265111489911930e-02,-3.105126683806886945e-01,1.404807423661665923e-02,-3.794549661119639428e-02,2.685567997388156880e-01,1.450294931078107419e-01,1.619389795604443960e-01,-1.225651312670892057e-01,1.878470816106784236e-01,-1.064341749620937444e-01,1.627598893733774033e-01,-3.214026727442245712e-01,-1.380917849373251849e-01,5.884808930494209861e-02,-3.911486144988682995e-02,-9.857824071022040779e-02,-1.781939356268580354e-01,-1.645414049329930462e-01,-5.787178738592807167e-03,-3.698175163004749355e-02,8.710904758765528055e-02,9.780284979704849391e-02,2.407039419367193178e-01,-8.688930117501546257e-02,-3.705238440553886708e-02,-3.551510128740005268e-01,-2.864111957658005414e-01,-1.128178082492803241e-01,2.135228803104075035e-01,1.766918119347415939e-02,1.418431701245334298e-01,1.739104501976148076e-01,1.779239614627576849e-01,1.998562230614442381e-01,-5.036901701151157151e-02,3.035592640378717011e-01,1.114428235530483605e-02,-1.676445382029138342e-01,-8.915425884243868490e-04,-6.297461301087116381e-02,9.773692587325655268e-02,-1.500711036606613147e-01,-6.557075991448725605e-02,1.045176723204279401e-01,2.118983264741060302e-02,-1.811620818147286482e-01,-5.710424455892185863e-02,1.578344304957793043e-01,1.919955799578714761e-01,1.522921120455565658e-01,-9.412209738533161563e-02,-2.550926231129276855e-01,-2.713460095621081924e-01,-2.011072079962580306e-01,8.285067603414231208e-02,7.521762742937507240e-02,5.102668663219787210e-02,1.725103516256525638e-01,8.382383871869006353e-02
4.300437295361153045e-01,-2.109408599618897012e-02,6.783352011778407409e-01,2.389726541285642214e-01,8.254460067367971887e-02,-9.425080599844921914e-02,1.000000000000000000e+00,7.616881547265884345e-02,3.233317323237555052e-01,-1.676633736097115357e-01,3.739110780445080717e-01,-5.463209741672395842e-02,4.825223121089691203e-01,-1.324599983048133957e-02,3.574913121686145723e-01,-2.119359972877014331e-01,-7.035024438940319647e-02,-4.671683163343787193e-01,2.893416711400758068e-01,1.106941161328398454e-01,3.758589730308367072e-01,1.947172962401388929e-01,6.059334670647216203e-01,6.865662739484348909e-02,4.474193923069920142e-01,1.057827838103400087e-01,3.059937403664742539e-01,2.515484274004941012e-01,1.204508568540475777e-01,-2.099488618705442622e-01,3.719992842545416772e-03,-5.113969907298406004e-02,-2.731918794282826163e-02,-1.921964909637135788e-01,5.280004018220116890e-01,4.257272821449761269e-01,-6.989505539179216055e-03,-1.654674791005465440e-01,-3.675101789677569231e-02,-7.131869822225152256e-02,-5.801305293691080833e-02,1.991059460240025836e-02,4.647322703885430756e-02,-8.746692031681153889e-02,-7.908359467460264469e-02,-3.102521119199871946e-01,-4.996719499982734541e-02,-2.508216946215495735e-01,-3.114057805863462147e-01,-2.619989389387503698e-01,-2.354284584161306371e-01,-1.575001020251201589e-01,-1.194902511073649559e-01,-1.285563602459904031e-01,1.852697701138600328e-01,-4.872138980188291391e-01,-9.713262323849705671e-02,-5.901132949718881221e-02,3.454099683251242447e-02,-3.680516969131907290e-01,5.571168014967869953e-01,-1.672427161912296012e-01,-2.835953024495446728e-01,-3.828437697183165178e-01,4.893485774559016011e-01,-1.528540350150212335e-01,4.512712329971212966e-01,2.233251399313763291e-02,-3.987141695626104931e-02,-1.091370558375634459e-01,2.037928230821631770e-01,2.407792835639100959e-01,1.935746148944118561e-01,3.890610235787900911e-02,7.186021616768534237e-02,7.490998245167933278e-02,2.731965882799820555e-01,2.194638815378481822e-01,-3.200763461822200145e-02,-1.550828914860822028e-01,-2.511450357715767634e-01,-2.716410976019387746e-01,-1.164467632923035373e-01,-6.905060132036201781e-02,1.388342138886011212e-01,-3.188677409127010226e-02,7.945873319332347195e-02,6.968315706531805209e-02,1.009044134497361495e-01,-3.221921902124947890e-01,-2.953909759566032411e-01,-1.940659050883851433e-01,-2.761929875780492205e-01,-1.195310611554266378e-01,1.180462032528747512e-01,4.868324810311757539e-02,1.235728255307660672e-01,-2.132607542324728711e-01,-2.906491622952826481e-01,-3.445356915262643982e-01,-1.971753168272385170e-01,7.186963387108419310e-02,-1.941585125051404903e-01,-1.248724685998072459e-01,-1.405859067207870794e-01,-1.107663185255643584e-01,8.941010645144074898e-02,3.136566116986711644e-02,-5.209402635073411003e-02,-1.547862338290184603e-01,-1.301510913548621917e-01,-2.301278610198116970e-01,-1.531695280788826774e-01,-9.431516030500801395e-02,2.287905471371751154e-01,4.223212127490590106e-02
-3.141730157683746971e-01,-4.650304976628399228e-02,7.077404104235140991e-02,6.695312181171499955e-01,1.450310627250438744e-01,2.061268439078446368e-01,7.616881547265884345e-02,1.000000000000000000e+00,-1.909172529187032341e-01,3.012378001500554126e-01,-1.657327444129474692e-01,6.331914399354573453e-01,-1.844300248941293241e-01,5.911790650731912899e-01,-1.239542425184194524e-01,4.469485071370495333e-01,-1.300773193449045462e-01,-1.762994076264562116e-01,-1.040169644230557883e-01,1.005386926344141729e-01,-4.353490357841336561e-02,1.083773610967229545e-01,1.020737782884265782e-01,5.003296196189597200e-01,-4.787646484528283036e-02,3.325155627548666004e-01,-3.145575719904943890e-01,-2.441068720981701481e-02,1.191810365124360699e-02,2.784124263457113391e-01,3.210746227424980392e-01,2.532702975052503747e-01,9.052296506973808721e-02,2.544883204781682173e-01,-2.771394667696335801e-01,-1.255285686032604209e-01,9.263880910001286509e-03,-1.355521442541021970e-01,-1.737723238810983672e-01,-9.170802608075995233e-02,-5.833953332140424247e-02,7.847615280537688365e-02,-3.594156628964460531e-01,1.202295408241746133e-01,-1.315402026061924523e-01,8.365275044027763174e-02,-1.453983531575989974e-01,-1.274497800966256367e-01,1.129057068143362597e-01,1.333656674483360560e-01,2.565052786227550730e-01,1.641992283761681826e-01,-4.178478036346056773e-02,-1.460466050748864264e-01,-2.332027411795359606e-01,-1.098575101475754087e-02,-2.221777497339498808e-01,-2.395016151361329115e-01,-7.919346788092256062e-02,9.127638134164602068e-02,-8.975071339103246615e-02,6.124709228407561046e-01,1.939952723128937906e-01,4.273486967468113074e-01,-2.074829931972789199e-01,4.873520243353455794e-01,-2.946061673400324765e-01,1.301087116895673912e-01,-2.829172278048275313e-01,-3.059513607011793979e-01,2.790857921387290275e-01,1.869272859120574837e-01,1.270667934917391051e-01,1.516108981663731592e-01,5.675108068146501872e-02,1.274733243551227635e-01,2.290071543153486544e-01,3.472448508706666992e-01,-1.296299784334592198e-01,-1.022244615428081760e-01,-7.902394921974327524e-02,1.109468245073756271e-01,-1.110488496275298248e-01,2.929533603935344233e-02,-7.730207911498701567e-02,3.492319862878238701e-01,-3.429017199865641019e-01,-1.072111354924988047e-01,-1.733846284245124103e-01,3.828453393355496504e-02,-1.116751269035533012e-01,-6.109107233110133706e-02,-2.846029967132215205e-02,-2.911326044030902449e-01,-3.045057432294560602e-04,6.377197856530705811e-02,-4.551576052663797167e-02,8.191675378042310995e-02,-2.258537932939673198e-01,-9.747323017808876781e-04,5.851846968598237858e-02,-1.422936502704450490e-01,-2.636470370335490254e-01,-1.203252874753962531e-01,-7.814653318641716362e-02,-1.271280085638316348e-01,-1.274356535415273606e-01,-3.247302612784846443e-01,-2.423897108451133209e-01,-1.362898643536787080e-01,-3.261994230087050806e-01,-2.071282597025889405e-01,4.151951505105964946e-02,-1.460999720608132380e-01,1.777434554809464301e-02,-1.791357059667429419e-01
2.167060640592185228e-01,-1.119074302540582488e-01,2.297260390081274917e-01,-1.652822642670358499e-01,3.779606905060132194e-01,2.627068363108972515e-01,3.233317323237555052e-01,-1.909172529187032341e-01,1.000000000000000000e+00,4.440101836766086052e-01,4.420826937143108037e-01,6.535886158801314412e-03,5.750433999164963339e-01,1.735604255546242536e-01,5.570869787693573105e-01,1.168784080314174550e-01,-2.228354193546361883e-01,-1.514460883568932992e-01,-2.320208194029804022e-02,-1.922859591460026607e-01,-9.843697515923767460e-02,-1.351801449698476487e-01,1.302860784369123670e-01,-1.764312554740400940e-01,3.252764880756178756e-01,1.340406028585869047e-01,4.825631221570307883e-01,4.178776263620353482e-01,1.885581182172915357e-02,-1.951128397828905403e-01,-9.950431487777390560e-02,5.131392658586277078e-02,-5.509199526603442143e-02,-1.302688126473478258e-01,2.645307315358076949e-01,1.782504418472511398e-01,-3.332140424236145759e-01,-2.472005876646920786e-01,-1.292642576181372294e-01,-2.368065823468289144e-01,-1.670402355681543383e-01,-3.736976101008008255e-01,1.145365391195703048e-01,-7.856876022213223065e-02,8.796448897971741177e-02,3.312677170545191147e-02,-2.459166407679823085e-01,-3.019158747947725541e-01,1.610427281203205899e-02,-7.078973721468282375e-03,-1.928620086705656045e-01,-8.376890211553010557e-02,-2.715045409026554668e-01,-2.543925738269465775e-01,7.324775780178245654e-02,-1.852744789655594582e-01,-6.700852930004488894e-02,-3.467284468009631387e-02,-3.518297028086730949e-02,-1.468204263708252078e-01,5.383755717330771517e-01,-1.286458284282794746e-02,-1.149195257244568363e-01,-1.858191361454595569e-01,3.293072651303253218e-01,-1.673839817422123344e-01,1.588546816973212816e-01,-1.428351682158788827e-01,1.266681107145211510e-02,-4.804755312369525522e-02,-3.892336814744356416e-02,2.257062492740520288e-01,-1.779004172042605858e-02,-8.182885521536717444e-02,-1.810380820533104840e-01,-1.034377756640265655e-01,-3.139218770110721035e-01,-1.950218019833683258e-01,-3.917293728751306686e-02,1.027816756605734183e-01,-1.697666607021211804e-01,-2.301121648474802883e-01,-1.055065311773071002e-01,-3.553880250762049275e-01,5.215053257112720747e-02,-2.755855457088234317e-01,8.481112795833607720e-02,3.091675064118864016e-02,1.406769445203092661e-01,-2.076948915237530058e-01,-7.058254773990814412e-02,6.931743624999607556e-02,-6.937708170485545932e-04,2.797811325730107379e-01,-1.965192168237853421e-01,-2.112296695327877394e-01,8.638074519147760644e-02,-2.231524820357307787e-02,-3.520965377383071526e-02,-8.488489996829373663e-02,-8.053392099802542115e-02,3.212975083896041362e-01,5.506217253860473670e-02,1.647470247905345742e-01,3.297216440798746984e-01,4.645125239759032576e-01,4.696922608452702708e-01,4.339238233364411945e-01,1.682331446653419216e-01,-1.185406326813143313e-01,1.715277712377059616e-01,7.678724466251660163e-02,1.210065013545796736e-01,2.234852408891567777e-01,2.851664892999193346e-01,2.743377000084759598e-01
-2.221306612169556272e-01,-8.048683248103118137e-02,-2.467438290498479014e-02,1.956920285419197769e-01,4.733008108642626222e-01,5.976176349635378138e-01,-1.676633736097115357e-01,3.012378001500554126e-01,4.440101836766086052e-01,1.000000000000000000e+00,5.862834289230228063e-02,3.068366248206712554e-01,1.011618306759713565e-01,4.506716392140612815e-01,2.068629943901880153e-01,5.603894534278870410e-01,-2.515751108934575209e-01,-9.926573305833640004e-02,-2.301325698715111223e-01,-1.937582601106894176e-01,-2.031555584855077312e-01,-8.770550213624905833e-02,-8.513289949113009292e-02,1.391418588662968747e-01,6.959054964856270509e-02,2.897874424342880006e-01,2.007273606258377918e-01,4.708883091769240914e-01,-7.421307240016448981e-02,-1.049603043801738550e-01,7.283965732116566560e-02,8.903653754995306813e-02,-5.451280650700519870e-02,1.835510392435700522e-02,-8.679826337549324811e-02,3.709319445360054202e-02,-2.856891718385554668e-01,-3.148966093128529598e-01,-2.032905455675579065e-01,-2.050704915099403891e-01,-1.588703778696527180e-01,-2.764880756178798027e-01,-1.669743116443624109e-01,-1.648568979968544762e-02,8.331057388345278203e-02,1.769131279646145583e-01,-3.822159228250598950e-01,-3.222204433226913411e-01,1.723078710025773008e-01,-2.899083029612398860e-02,-5.914317734477270334e-03,-4.867540001695186413e-02,-3.109584396749008883e-01,-3.520933985038408598e-01,-2.812189019585683569e-01,4.469014186200553213e-02,-1.821666368439392447e-01,-4.919023446942228511e-02,-1.649793281410395218e-01,3.971131599848060773e-02,1.236842683543191157e-01,4.624594646349541316e-01,1.153982589805649939e-01,2.349167631981265159e-01,-5.894069672169744561e-02,3.669796483429551004e-01,-1.248238104655798597e-01,4.414077583040599412e-02,-2.137928544745078541e-01,-2.487074202085079455e-01,2.669918913573736050e-03,8.773689448091188947e-02,-7.381752885741282855e-02,-9.916841678988161726e-03,-2.702205940059457245e-01,-2.457549701929687483e-02,-2.111794417813271929e-01,5.601963905082106565e-02,-6.434331923817057652e-02,2.316817820806218176e-01,-9.466361533076543544e-02,1.017268928799023101e-02,-1.920850481401605303e-01,-3.340773319018424115e-01,4.928598112064391801e-03,9.240022728057535606e-02,-6.817161566980275977e-02,-1.153197781189079299e-02,-3.686089110309560130e-02,3.561304540274808778e-02,2.386132117821748028e-02,1.146966400773507394e-01,2.581408197796885018e-01,2.141711322276949603e-01,-3.348166216186520550e-01,-1.679961324631375486e-01,-1.346040954452847049e-01,-1.776963669639521765e-02,-9.036914258089022434e-02,-2.121651614037400879e-02,-3.737729517279916175e-02,1.783461884984727519e-01,-1.415716263431999467e-01,4.771322465303610982e-02,4.011533547429124158e-01,4.680143400230419859e-01,4.023745169502965235e-01,1.623235357825640601e-01,-5.066881390304160682e-02,-1.032133203996873361e-01,-1.374984696231976861e-02,-1.753403714970067362e-01,1.592376683022078340e-02,-5.354278305692374007e-02,1.477103993420164629e-01,1.859494143758103069e-01
4.792936094603970076e-01,1.309955454262923535e-01,6.388185177162697403e-02,-3.353126206643248230e-01,1.549840056003942874e-02,-2.379225801995925316e-02,3.739110780445080717e-01,-1.657327444129474692e-01,4.420826937143108037e-01,5.862834289230228063e-02,1.000000000000000000e+00,1.015667919221218685e-01,7.602786384512272289e-01,1.141441348112849224e-01,4.902840693268539773e-01,6.813237523897422432e-02,2.952136092092582167e-02,-5.648424575183096097e-02,1.926767938370548827e-01,-6.456620488527667345e-02,-7.968789730936214066e-02,-3.176685533465808953e-01,2.712675287004511215e-01,-2.591453748088990983e-01,2.462823615833042989e-01,-5.645285340716812983e-02,2.202408420682532286e-01,2.082317006174874141e-01,3.513729441938289177e-01,8.341887747253955154e-02,1.774138358619866893e-02,-3.897830475060351518e-02,1.789112507024037124e-01,1.471421979036192096e-01,2.836455302010051915e-01,1.633092554049769551e-01,-4.854935975313059981e-01,-4.635409309085886109e-01,-4.608725816122480334e-01,-6.044407610760039740e-01,-5.130968861933329350e-01,-5.201444675701383247e-01,3.628798081299894340e-02,-2.800856383162402263e-01,-2.959246458158713566e-01,-1.585894163849203842e-01,-3.327149041434755983e-01,-3.520306138145151698e-01,-2.982021604211597121e-01,-1.105779644575873716e-01,-2.899569610954672583e-01,-2.326769194064335355e-01,-2.757236720253399276e-01,-2.080182326737801679e-01,2.467124367051850772e-02,-4.404816841365064572e-01,2.526973872151537237e-01,2.070121080273364667e-01,5.281918951244549826e-02,-1.201793130727140946e-01,5.956854361495406147e-01,-3.447978176041990167e-02,1.879271320895686270e-01,1.619217137708798410e-02,1.582660752348932220e-01,-2.503084297863122920e-01,3.895476049210639530e-02,-1.735745521097225297e-01,1.514649237636909729e-01,7.029687740347638492e-02,-1.047280010296689073e-01,2.546044721534206912e-01,2.468537022561678035e-02,-7.045854797848996598e-02,-6.546716517709991190e-02,3.598504468700262915e-02,-2.315452253813385097e-01,-1.415590694053348031e-01,2.194293499587190721e-01,2.522406286003095466e-01,-1.941475251845085070e-01,-2.528606274074004512e-01,-2.202596774750509301e-01,-5.554012098609633075e-01,-1.967169885951611796e-01,-5.271465300471827042e-01,-8.765213515032224678e-02,-3.583059435126150216e-01,-1.228099915554592830e-01,-3.658118531214977764e-01,-2.521652869731187407e-01,-3.046470087804388147e-02,-3.189399433054255217e-01,-1.444989624830088880e-02,-2.716206925779079406e-01,-3.500073772009957840e-01,2.632201011461344775e-01,-7.248335420924253980e-02,-7.950111285861830024e-03,-1.500083189713356524e-01,-3.093087719628691279e-02,1.571846089612587150e-01,1.738351085704240295e-01,4.017749231672364252e-02,1.781342901719986660e-01,2.831212780451359268e-01,5.578058634621361200e-01,3.951809611708088643e-01,3.935972173825690729e-02,-2.274453851683728434e-01,1.158832707056057371e-01,3.068444729068369251e-02,1.274529193310919295e-03,-1.030296751834097746e-02,1.667812487246859987e-01,3.041572882036986392e-01
-2.900872393258179804e-01,-2.248790609921864567e-02,-1.305262298735830329e-01,3.818376450718727888e-01,2.777971363903198321e-01,1.011429952691736550e-01,-5.463209741672395842e-02,6.331914399354573453e-01,6.535886158801314412e-03,3.068366248206712554e-01,1.015667919221218685e-01,1.000000000000000000e+00,6.150231204618442082e-02,6.319859739004046739e-01,1.043779763866783394e-01,4.995667856436529219e-01,-7.707448461618149338e-02,1.589425802623772033e-01,-2.651287557016345775e-01,-1.090381699518755410e-01,-2.218669655217878622e-01,-2.030284194896232741e-01,7.011166256996569091e-02,3.331198653896260686e-01,-9.736335697176886142e-03,2.131712860501837892e-01,-2.210648911156525287e-01,-6.830817236908608148e-02,9.783424214171132505e-02,2.789194127120160349e-01,3.711093112833504515e-01,3.117306913536065371e-01,1.261156054484553479e-01,3.084768748293041374e-01,-2.413286495955096478e-01,-2.681251549997017980e-01,-1.897196349698162532e-01,-4.081962272680184078e-01,-4.014013542657487443e-01,-4.337841274026915661e-01,-1.507428998364458705e-01,-1.026796505404192067e-01,-3.099507454112240268e-01,5.273756941632213452e-02,-4.014453035482767190e-02,2.917824259376108342e-01,-3.629033523884865331e-01,-3.899855281291104148e-01,1.325322006975379052e-01,1.744284238845515145e-01,1.644550759851702570e-01,1.113800388637226912e-01,-1.425526371139133885e-01,-2.365993928720542261e-01,-3.608628499854025784e-01,-1.923346172802300469e-01,-2.300901902062163218e-01,-1.083491079865264023e-01,-1.104571039306354724e-01,8.239391741929813495e-02,3.939739255185230305e-04,6.393098079102430553e-01,5.131015950450322771e-01,6.092783213885462068e-01,-1.011759572310696326e-01,4.579609416447705250e-01,-2.411120424173361088e-01,1.328994911300930212e-02,-2.333314497926535502e-01,-2.745590160383488687e-01,1.831900272799475149e-01,2.719518818141007932e-01,2.920743747429751722e-02,2.560155580460148905e-01,-1.386694040791212612e-01,1.671720834157382485e-01,-1.229967760062031235e-01,4.653130287648054447e-02,1.002749969392463941e-01,2.689225205541376784e-01,2.455195276079975147e-02,2.596570700269032472e-01,7.257596162599788681e-02,-7.994688415283049410e-02,6.999865012917949603e-02,2.012249292887436369e-01,-1.794747432891015126e-01,-1.098433835924771396e-01,-2.298531780040119488e-01,-5.427108545310140725e-02,-2.012139419681116537e-01,4.914471556966118308e-03,-1.951662067688173519e-01,-2.301278610198116970e-01,-2.646123516319310309e-01,-3.842407290558124688e-01,-6.445476206172362499e-02,-1.273273499524405980e-02,-1.517662902724541685e-01,-1.036889144213292147e-01,-5.759710437012829920e-02,-1.178594188021309108e-01,-6.121507209251952453e-05,-1.035225349946162082e-01,2.515562754866598194e-01,1.420613469199401013e-01,1.666682362838998177e-01,-2.169681901371531621e-02,-1.981265048705222742e-01,-1.786302892176713786e-01,-2.021635603941622783e-01,-1.541819311942589643e-01,-1.021773730258139223e-01,2.790936402248947457e-02,1.118352278613337324e-02,-2.238588097906444446e-02
4.781697635214676723e-01,1.002231995705527290e-01,2.194434765138173482e-01,-2.547096365080411262e-01,5.276896176098496566e-02,-8.822661505765204415e-02,4.825223121089691203e-01,-1.844300248941293241e-01,5.750433999164963339e-01,1.011618306759713565e-01,7.602786384512272289e-01,6.150231204618442082e-02,1.000000000000000000e+00,1.163494470238487649e-01,6.415559301708685380e-01,-4.281915812010083158e-03,-3.698332124728063997e-02,-3.267158270784086688e-02,1.171954707125120454e-01,-7.509048843349061531e-02,-5.595214550979597801e-02,-3.029204298239831505e-01,3.696809596011916277e-01,-2.263513619568731927e-01,2.909238453110824518e-01,-1.058439988824325245e-01,3.160439995102794497e-01,2.478943584817406565e-01,1.899126978894926654e-01,-9.926259382387010721e-02,2.250988074048262608e-02,-1.610427281203205899e-02,9.665702921685517812e-02,2.635858219614564679e-02,4.532097102800510813e-01,2.064250711821415118e-01,-3.059968796009405190e-01,-4.226257184922884713e-01,-3.002771944033728047e-01,-4.670254811661628258e-01,-2.849483125045126353e-01,-3.528373970723499564e-01,1.751331820222320479e-01,-4.769595886347155478e-02,-1.697541037642560577e-02,-2.799883220477854262e-02,-2.950252551412812507e-01,-3.967804011313800783e-01,-2.523473625721631697e-01,-1.511227472068661370e-01,-2.753391158032202357e-01,-1.242477609410169298e-01,-2.689523432815673631e-01,-2.004197156481420383e-01,5.115068639361605024e-02,-4.508458667269399922e-01,7.974597314698837758e-02,1.643436331616172086e-01,1.684356252884171637e-02,-1.183852405752333220e-01,6.713111640595323948e-01,-1.411635258625831557e-01,1.040923060502465802e-01,-2.147487513694910366e-01,3.801204838188159685e-01,-2.298312033627479545e-01,1.726751614351324238e-01,-9.357273135373207762e-02,5.722039623417433246e-02,4.019318848905505809e-02,5.290080960856885506e-02,2.740959789545721614e-01,-8.404829398302929300e-02,-2.170466709988102399e-02,-1.733579449315489907e-01,-9.673551007851225597e-03,-2.398249562861600459e-01,-1.954754213637462379e-01,9.824548185679440881e-02,2.529187032450266881e-01,-8.081017363105832962e-02,-1.570747357549387990e-01,-5.884965892217523808e-02,-3.140348894518582568e-01,4.903484236334127583e-02,-3.880360635255486468e-01,1.246433044837685911e-02,-1.750327265193110104e-01,-6.398073765731489282e-02,-3.994393327243218605e-01,-3.218908237037316211e-01,-3.447507290872047631e-02,-3.662450674778448545e-01,-2.256795657810886299e-02,-1.996914132519643781e-01,-3.515220578309773414e-01,1.967452417053577318e-01,-7.306725181997118790e-02,5.233103855293848132e-03,-1.216657405924991137e-01,-1.869539694050209033e-01,1.363903198565997732e-01,1.342289569265638915e-01,-3.259153222895064955e-02,2.965101130438331234e-01,3.009552690480899462e-01,5.185057871787386308e-01,4.097093382807668327e-01,1.173948121011210155e-01,-1.307601028413211131e-01,7.705250997491751817e-03,-5.705872565916075834e-02,3.634605665062518032e-02,6.810412212877767213e-02,2.899130118129392697e-01,4.043475258123553906e-01
