0.000000000000000000e+00,5.935982945028170921e-01,-4.448606669712197592e-02,2.210902999847723371e-02,-2.678300593878483182e-01,-1.392477539211207649e-01,2.888579259936043808e-01,1.748119384802801768e-01,-1.875894624638343305e-02,-1.044099284300289282e-01,4.412547586416933343e-01,4.483828232069438369e-01,8.431247144814983663e-02,2.415273336378863933e-01,-1.067199634536317998e-01,7.332115121059844254e-02,3.299710674585046299e-01,2.452977006243337865e-01,4.039668037155474400e-01,5.010918227501142130e-01,-2.857286432160803802e-01,-6.459266027105223240e-02,-1.970991320237551470e-01,-1.750220800974569835e-01,-2.875590071569971151e-01,-2.705116491548652524e-01,-3.088594487589462201e-01,-1.804811938480280209e-01,3.772377036698644770e-01,1.722354195218516737e-01,7.375513933302878244e-02,1.594639865996649863e-02,3.791883660727881633e-01,3.813339424394700528e-01,-2.342622201918684310e-01,-1.788274706867671593e-01,-3.572072483630272521e-01,-4.473214557636668309e-01,-2.828232069438099683e-02,-5.518958428506166858e-02,-4.435815440840566379e-03,-1.479945180447692910e-01,-5.027257499619308678e-02,3.733394243947008029e-01,4.620070047205725866e-03,2.849428962996802261e-01,-3.027744784528704214e-01,-1.361717679305619044e-01,3.283843459722856489e-02,1.952200395918988751e-01,-1.611344601796863008e-01,1.276138267093041012e-01,-1.689584285061672131e-01,-2.032389218821379628e-01,-1.115410385259631432e-01,-3.488350845134764733e-02,6.125826100197959700e-01,4.897472209532511278e-01,9.597076290543626875e-02,3.060316735191107029e-01,2.406959037612304009e-01,4.022780569514237681e-01,3.169179229480736937e-01,4.271539515760621186e-01,-2.961184711435967953e-01,-8.061671996345362579e-02,-2.223937871174052061e-01,1.791228871630881625e-02,5.036729100045682639e-01,5.059692401400943673e-01,1.652489721333942341e-01,-3.600426374295721127e-02,1.365905283995736130e-01,5.709304096238769499e-02,9.675041876046901190e-02,1.904933759707629071e-01,1.424562204964215095e-01,1.045545911375057035e-01,1.384528704126694043e-01,7.520785746916400227e-02,1.066011877569666561e-01,1.391228871630881547e-01,-4.356342317648850271e-01,-2.195888533576975665e-01,-2.111253235876351386e-01,9.770366986447388824e-02,-3.677371707019947977e-01,-2.595248972133394269e-02,-3.877249885792599104e-01,-1.212166895081467910e-01,-5.068219887315364991e-01,-4.302055733211512245e-01,-4.145530683721638243e-01,-3.896345363179534171e-01,1.655992081620222267e-01,6.969696969696970168e-02,-1.376123039439622331e-02,1.014633774935282534e-01,-1.425354042941982535e-01,-2.066240292370945530e-01,-1.212380082229328471e-01,1.640307598599055894e-01,1.271661336987970140e-02,4.934521090299984897e-02,-1.672666362113598426e-01,-2.864291152733363655e-01,-1.928247297091518209e-01,-1.529952794274402339e-01,2.360134003350083665e-01,1.059524897213339478e-01,-8.985838282320694759e-02,-2.463088168113293785e-01,-3.194807370184254425e-01,2.453114055124105408e-01,2.222765341860819255e-01,-7.327089995431704250e-02
5.935982945028170921e-01,0.000000000000000000e+00,-2.633424699253845147e-01,-1.925841327851378001e-02,-2.226617938175727007e-01,7.153037916857012124e-02,-6.866148926450433600e-03,9.740673062281102190e-02,7.017054971828841359e-02,-1.167047358002131809e-02,3.145485000761382710e-01,3.338556418455915775e-01,-7.574387086949900538e-02,1.349779199025430247e-02,-2.176793056190040945e-02,1.801781635449977159e-01,3.404020100502512802e-01,4.891563880006091214e-01,2.236972742500380751e-01,3.917146337749352614e-01,-1.571006547890969884e-01,-1.176336226587482853e-01,-1.646596619460941047e-01,-2.418775696665143859e-01,-1.796010354804324638e-01,-1.001416171767930546e-01,-1.345271813613522216e-01,-2.258261001979594909e-02,2.695203289173138672e-01,7.409623876960561017e-02,1.572833866301202865e-01,4.007613826709303939e-02,4.300015227653418703e-01,4.584696208314298915e-01,-1.133820618242728784e-01,-6.688899040657834971e-02,-3.715060149231003694e-01,-3.772270443124714490e-01,-1.589949748743718638e-01,-1.850098979747220873e-01,-1.780676107811786091e-01,-1.659722856707781247e-01,-4.669864473884574596e-02,3.377097609258413180e-01,4.266179381757271433e-02,4.283447540733972825e-01,-3.864671844068828799e-01,-3.901324805847419027e-03,1.013902847571189342e-01,3.019674128216841558e-01,-7.358458961474036164e-02,1.350190345667732494e-01,-3.684635297700624562e-02,-9.280950205573321177e-02,-1.744586569209684856e-01,-9.461397898583828736e-02,7.693238921882138426e-01,8.666483934825642832e-01,-3.845439317801126883e-02,3.739576671234962624e-01,1.017359524897213374e-01,5.871828841175574798e-01,4.077630577128064648e-01,5.219080249733516474e-01,-9.196893558702604055e-02,7.123953098827470742e-02,-6.599055885488046280e-02,2.169011725293132353e-01,5.950860362418151084e-01,7.485213948530531347e-01,3.252550631947616622e-01,-5.139485305314451385e-02,1.211770976092584190e-01,3.276534186081924566e-02,1.419202070960864925e-01,1.133318105679914783e-01,3.154819552306989405e-01,4.230044160194914027e-01,9.876656007309272955e-02,1.021044617024516460e-01,2.688305162174509100e-01,3.309532511040048641e-01,-3.355185015989036179e-01,-3.806913354652047868e-05,-1.314481498401096349e-01,7.830820770519263119e-02,-3.356540277143292283e-01,5.177402162326785046e-04,-4.294122125780417409e-01,-2.099040657834627677e-01,-4.712105984467793718e-01,-4.664885031216689515e-01,-5.045012943505405856e-01,-5.956997106745850479e-01,1.674128216841784533e-02,-3.572102938937109923e-02,-2.514511953707933567e-01,-6.113902847571189153e-02,-1.848789401553220524e-02,-2.171722247601644562e-01,6.945332724227196164e-02,2.049337597076290526e-02,3.133333333333333526e-01,6.458656920968479376e-02,-1.246550936500685214e-01,-3.496634688594487672e-01,-8.869499010202527844e-02,5.850921273031825520e-02,1.635602253692705899e-01,1.296375818486371345e-01,-1.048972133394243944e-01,-3.537262067915334374e-01,-2.894883508451347454e-01,1.623359220344144926e-01,1.077996040810111217e-01,-1.624349017816354435e-01
-4.448606669712197592e-02,-2.633424699253845147e-01,0.000000000000000000e+00,5.886325567230089595e-01,3.493436881376579817e-01,-8.535099741129892337e-02,6.897380843611999879e-01,3.130714176945332827e-01,2.319872087711283559e-01,-1.633424699253845092e-01,2.054210446170245258e-02,-1.222491244099284252e-01,3.862052687680828655e-01,3.228034109943657692e-01,2.619811177097609023e-01,-8.560986751941525308e-02,-3.457986904218059987e-01,-1.134155626617938117e-01,4.500289325414953412e-01,3.653479518806151960e-01,7.162326785442363342e-02,1.256723008984315382e-01,7.574417542256738356e-01,7.148576214405359952e-01,4.176701690269529199e-01,4.580219278209227696e-01,1.099588853357697654e-02,1.751789249276686569e-02,-1.655032739454850021e-01,-2.103669864473884654e-01,5.675148469620830971e-01,6.003989645195675351e-01,2.883828232069438058e-01,2.591929343688137433e-01,3.071372011573016425e-01,7.747982335922033725e-02,-2.127744784528704247e-01,-7.365159128978224223e-02,-8.606517435663164906e-02,2.234962692249124402e-02,6.785290086797624021e-02,-2.611390284757118818e-02,1.287726511344601810e-01,2.142013095781939991e-01,3.490817724988579118e-01,1.005679914725140789e-01,1.650388305162174551e-01,-3.584422110552764051e-01,-2.311253235876351564e-01,-3.013232830820770647e-01,-9.508755900715699927e-02,-2.169666514390132528e-01,-3.241997868128521643e-01,-3.770641084208923299e-01,-2.728277752398355349e-01,-4.414055124105375483e-01,-1.471463377493528180e-01,-3.473092736409319481e-01,-2.957636668189432272e-01,-6.130028932541495834e-01,9.046748895995127340e-03,-4.163712501903456542e-01,-2.696573777980812991e-01,-4.192249124409928585e-01,4.244891122278057205e-01,2.239668037155474467e-01,4.011161869955839898e-01,1.440551241053753539e-01,-1.442591746611847081e-01,-3.860286279884269645e-01,3.255474341403989391e-01,4.382275011420739830e-01,3.347175270290848048e-01,4.156799147251408755e-01,5.418151362874980975e-02,3.322521699406121298e-01,2.948819856860057653e-01,-3.045530683721638531e-06,-2.098187909243185711e-01,-2.421958276229633014e-02,-3.891777067153951442e-01,-3.198066088015836805e-01,-9.525049489873610442e-02,-3.923435358611238044e-01,2.753159738084361239e-03,-2.877249885792599327e-01,-1.273336378864016981e-02,-8.597685396680371239e-02,4.858078270138571630e-02,-4.796878331049185262e-01,-3.430424851530379238e-01,-2.535099741129892004e-01,-1.012121212121212116e-01,1.833714024668798431e-02,-1.078239683264808901e-01,-3.733059235571798418e-01,-8.746916400182731810e-02,-2.640718745241358301e-01,-4.984269834018577594e-01,-2.652779046748895975e-01,-4.126282929800517696e-01,-6.974265265722552620e-02,-3.527881833409471368e-01,-3.651484696208314173e-01,-9.929952794274402028e-02,-7.212730318257956630e-02,-3.879808131566925278e-01,-2.443535861123800890e-01,-7.451195370793360639e-02,9.088015836759555377e-02,3.620983706410842162e-02,-2.607903152124257384e-01,-2.930561900411146614e-01,-1.268037155474341371e-01,-1.001812090756814405e-01,-1.920115730165981305e-01
2.210902999847723371e-02,-1.925841327851378001e-02,5.886325567230089595e-01,0.000000000000000000e+00,2.990162935891579332e-01,-1.181056799147251445e-02,3.286538754377950622e-01,5.665265722552155214e-01,1.655245926602710426e-03,-5.403837368661489060e-02,-2.306426069742652796e-01,1.299527942744023168e-01,-5.660880158367595505e-02,3.821973503883051571e-01,-1.184254606365159161e-02,8.553372925232222493e-03,-1.398507689964976486e-01,-1.115958580782701326e-01,5.805862646566164464e-01,5.485564184559159617e-01,-6.034719049794426415e-02,1.512303943962235442e-01,6.017862037460027791e-01,6.957819400030454959e-01,1.705512410537536050e-01,4.421714633774935233e-01,4.021470991320237609e-02,1.195873305923557117e-01,-1.497319932998324998e-01,-7.578194000304552813e-02,5.596573777980813347e-01,7.196116948378254996e-01,4.350860362418151328e-01,4.926663621135983218e-01,8.261001979594943812e-02,-5.692096847875742494e-02,-3.716567686919445834e-01,-1.930957819400030417e-01,-4.193086645347952196e-02,-8.003350083752093502e-02,-5.938328003654636672e-02,-2.207096086493071443e-02,-1.612182122734886480e-01,5.364245469773108038e-02,1.879792903913506952e-01,1.374387086949901138e-01,-5.646718440688289903e-02,-3.462067915334247070e-01,-2.671981117709760767e-01,-2.139302573473427782e-01,-2.320009136592051102e-01,-5.860362418151363051e-02,-3.649946703213035049e-01,-3.884437338206182533e-01,-3.422871935434749768e-01,-2.458123953098827474e-01,-2.023755139333028967e-03,-1.835708847266636079e-01,-2.338465052535404209e-01,-2.211938480280188912e-01,-1.587696056037764536e-01,-3.988426983401857639e-02,-2.052078574691640067e-01,-1.779671082686158090e-01,3.509547738693467589e-01,3.194304857621440563e-01,2.834673366834170594e-01,3.688594487589462734e-01,1.136119993908938641e-01,4.511649154865235434e-02,1.568737627531597290e-01,3.813141464900258737e-01,-2.955230698949291857e-02,3.005984467793513248e-01,-1.123222171463377494e-01,2.901827318410232781e-01,1.709974112989188499e-01,1.078117862037459955e-02,-9.816202223237399660e-02,-1.321790772042028272e-01,-3.437947312319171722e-01,-1.735724074920054760e-01,-1.804811938480280209e-01,-1.815273336378863955e-01,-8.059387848332572046e-02,-1.696208314298766617e-02,-7.900258870108116394e-02,2.269986295111923319e-02,-1.540551241053753628e-01,-3.162905436272270276e-01,-3.999314755596162785e-01,-3.067900106593574039e-01,-2.453662250647175302e-01,-2.022232373991167953e-01,-5.424699253844982721e-02,-1.689097000152276484e-01,-1.181665905283995656e-02,-1.246261611085731635e-01,-2.707278818334094561e-01,-1.320618242728795466e-01,-3.500441601949139669e-01,-1.534323130805543001e-01,-2.329100045682960252e-01,-2.272392264352063318e-01,-7.689203593726207098e-02,-1.419932998324958118e-01,-2.862448606669712459e-01,-1.091898888381300503e-01,8.126084970306075850e-02,9.846657530074615083e-02,-6.795797167656464355e-02,-2.670108116339272031e-01,-3.150494898736104776e-01,4.295416476320999127e-02,-6.725597685396680903e-02,-1.014770823816049938e-01
-2.678300593878483182e-01,-2.226617938175727007e-01,3.493436881376579817e-01,2.990162935891579332e-01,0.000000000000000000e+00,3.957530074615501769e-01,1.075955535252017675e-01,1.092264352063347099e-01,3.450464443429267503e-01,6.527470686767169461e-01,-1.963331810567991442e-01,-1.707644282016141379e-01,-4.585046444342926776e-03,2.687680828384346118e-02,5.873686614892644764e-01,5.127287954926146307e-01,-1.643718592964824032e-01,-1.602299375666209891e-01,6.650982183645499923e-02,-4.185168265570275714e-02,1.111298918836607225e-01,2.757255976853966728e-01,2.912440992843002840e-01,3.139333028780265100e-01,3.861915638800060835e-01,4.602451652200396093e-01,4.678498553372925084e-01,4.982960255824577245e-01,-1.330074615501751212e-01,-2.302268920359372764e-02,1.937749352824729709e-01,2.533774935282472884e-01,-1.063057712806456528e-01,-7.532358763514541977e-02,1.241099436576823534e-01,-3.033805390589310036e-02,-2.525765189584285308e-01,-3.040657834627683714e-02,-1.616293589157910826e-01,-7.257347342774478349e-02,-7.461093345515455721e-02,-7.262524744936804666e-02,-1.432267397594030878e-01,-2.622871935434749613e-01,1.740673062281102371e-02,-2.100015227653418692e-01,-1.862265874828688828e-01,-4.261626313385107334e-01,-1.307613826709304039e-01,-2.201994822597837798e-01,-2.561184711435967598e-01,-3.333059235571798617e-01,-3.482990711131414563e-01,-3.271448149840109898e-01,-2.651987208771128257e-01,-2.110902999847723560e-01,-1.809090909090909083e-01,-2.066331658291457318e-01,-1.987756966651439139e-01,-2.789386325567230207e-01,-1.829008679762448575e-01,-1.571509060453784024e-01,-3.586614892645043629e-01,-3.340581696360591102e-01,2.677447845287041495e-01,1.725612913050099118e-01,2.080097456981879200e-01,-2.327089995431703973e-02,5.479518806151972149e-02,-1.878224455611390287e-01,1.871569971067458538e-01,2.833074463225216943e-01,2.121425308359981832e-01,2.026998629511192196e-01,7.882594792142530449e-02,1.879716765646413934e-01,-4.627074767778285164e-02,-1.480036546368204697e-01,-4.013704888076747440e-02,-6.771889751789249290e-02,-1.864732754682503491e-01,-2.312669407644281916e-01,3.526404751027866769e-01,1.311968935587025931e-01,2.224592660271052236e-01,-2.927150906045378198e-01,2.612776001218212185e-01,3.390162935891579132e-01,1.422080097456981940e-01,-3.665357088472666613e-01,-2.583675955535252172e-02,-1.943657682351149565e-02,-1.725308359981726769e-01,1.569209684787574097e-02,-3.648698035632708808e-02,7.892492766864626572e-03,-6.490025887010811984e-03,-1.286279884269833987e-02,1.485457590985229254e-02,7.975940307598598789e-02,-4.153342469925384167e-02,-2.099177706715395220e-01,1.716049946703213092e-01,3.521242576518958389e-02,-5.052383127760012166e-02,-2.403380539058930926e-02,1.956296634688594466e-02,3.104766255520024498e-01,-1.995538297548347662e-01,-6.994822597837672962e-02,-1.171158824425156016e-02,-5.431399421349170087e-02,-2.490574082533881517e-01,-8.077508755900715542e-02,-1.289614740368509316e-01,-5.065478909700014964e-02
-1.392477539211207649e-01,7.153037916857012124e-02,-8.535099741129892337e-02,-1.181056799147251445e-02,3.957530074615501769e-01,0.000000000000000000e+00,-5.893710979138114953e-02,1.282701385716460973e-01,5.769042180599969205e-01,5.178711740520786089e-01,-2.715973808436120129e-01,1.581528856403228156e-01,-1.818120907568143707e-01,9.040201005025125247e-02,4.784650525354042783e-01,6.011573016598141805e-01,6.257042789706106049e-03,1.172422719658900575e-01,-8.592660271052231236e-02,-1.127455459113750613e-01,3.872833866301202965e-01,-1.052230851225826073e-03,-8.255672300898431182e-02,3.334094716004263464e-02,2.059555352520176519e-01,2.662022232373991160e-01,1.817922948073701916e-01,2.326983401857773692e-01,1.284985533729252338e-01,1.605832191259326802e-01,1.904979442667885034e-02,3.482259783767321232e-02,-1.261550175118014427e-01,-1.040201005025125601e-02,1.110095934216537295e-02,-9.669712197350388561e-02,-4.557636668189431889e-02,-9.288868585350997312e-03,-2.001522765341860743e-02,2.648454393178011346e-01,3.487437185929648242e-02,5.415714938328003436e-02,7.265113446017968345e-03,-1.216202223237399099e-01,-1.156448911222780623e-01,-1.987833104918532157e-01,-2.554332267397593781e-01,-2.260864930714177046e-01,-2.134003350083752137e-01,-2.319597989949748751e-01,-2.680173595248971918e-01,-1.133348560986751907e-01,-2.108359981726815879e-01,-1.275057103700319716e-01,-1.014116034719049764e-01,-1.457758489416780823e-01,1.119537079336074305e-02,1.210933455154560717e-01,-1.870839043703365345e-01,3.245317496573778271e-02,-1.542317648850312084e-01,2.188076747373229880e-01,-3.049033044007918442e-02,3.497639713720115950e-02,-3.032739454850007579e-02,1.794122125780417132e-01,5.611542561291305020e-02,1.510598446779351234e-01,1.146048423937871125e-01,7.472057255976853607e-02,1.539470077661032332e-01,2.429328460484239394e-01,2.012045073854119015e-01,1.283706410842089252e-01,1.524897213339424309e-02,8.960103548043246713e-02,-4.272574996193086866e-02,-1.601187756966651610e-02,2.267519415258108795e-01,2.371265417999086356e-01,1.888716308816811296e-01,2.305923557179838726e-02,2.287635145424090077e-01,1.943733820618242791e-01,-1.287787421958276335e-01,1.213308969087863592e-01,-1.463529770062433309e-02,1.884863712501903543e-01,-2.066849398507689950e-01,-7.507385411908025497e-02,4.531901933911983843e-02,-1.029298005177402137e-01,6.384802801888228574e-02,-1.225856555504796774e-01,7.599360438556418407e-02,1.300883203898279272e-01,3.343992690726358980e-03,2.251545606821988843e-01,4.591442058778742036e-02,-5.254606365159129183e-02,1.966453479518806280e-01,8.269377188975178539e-02,2.422445561139028591e-01,1.822765341860819177e-01,1.782503426222019072e-01,-7.443886097152428716e-02,9.154712958733059180e-02,2.980067001675041904e-01,-4.578909700015227902e-01,-6.669255367747829732e-02,2.051362874980965367e-01,-6.059844677935129903e-02,-1.679138114816506877e-01,-9.742500380691335171e-02,7.915181970458352867e-02,-2.102954164763209954e-01
2.888579259936043808e-01,-6.866148926450433600e-03,6.897380843611999879e-01,3.286538754377950622e-01,1.075955535252017675e-01,-5.893710979138114953e-02,0.000000000000000000e+00,4.772833866301203209e-01,2.600289325414953390e-01,-1.960880158367595549e-01,1.984787574234810337e-01,1.490726359068067497e-01,5.466575300746154831e-01,3.790345667732602508e-01,2.217983858687376242e-01,-7.646718440688289598e-02,-2.189386325567229952e-01,-5.728643216080402112e-02,2.441449672605451593e-01,2.604872849093954890e-01,-4.916247906197655088e-02,-1.825414953555657138e-01,4.598492462311558060e-01,3.952870412669407529e-01,2.810248210750723175e-01,2.426282929800517851e-01,-1.430912136439774496e-01,-1.944266788487893916e-01,3.634231764885031274e-02,-1.139180752246078815e-01,3.895203289173138628e-01,3.479351301964367371e-01,2.541282168417846599e-01,2.099923861732906905e-01,2.247068676716917901e-01,2.191107050403532860e-02,-2.503517587939698696e-01,-2.871082686158062947e-01,-1.929602558245774313e-01,9.029389371097913675e-02,6.396375818486371712e-02,-1.325338815288563954e-01,1.680006091061367335e-01,3.751926298157454154e-01,3.620374600274097743e-01,1.517466118471143544e-01,-6.150601492310035084e-02,-3.309776153494746187e-01,-1.278422415105832100e-01,-1.656692553677478197e-01,-4.189127455459113608e-02,-3.875133241967412823e-02,-4.176640779655855229e-01,-4.566027105223084970e-01,-3.004081011116186972e-01,-3.982807979290391431e-01,-6.699101568448302679e-02,-1.360697426526572273e-01,-1.232419674128216874e-01,-2.644175422567382472e-01,3.588624942896299630e-01,-1.725902238465052557e-02,-1.900563423176488409e-01,-2.214496726054515086e-01,3.163453631795340448e-01,3.186858535099741374e-01,3.735861123800822137e-01,2.486675803258717732e-01,-4.772042028323435214e-02,-1.984513476473275528e-01,2.530835998172681345e-01,2.227166133698796902e-01,3.098690421805999629e-01,2.251834932236942421e-01,1.379792903913507063e-01,1.978361504492157641e-01,3.330820770519262730e-01,8.667884878940154691e-02,-8.375209380234506507e-02,1.055154560682198817e-01,-2.382366377341251784e-01,-2.894213491700928786e-01,-2.890756814374904615e-01,-5.040353281559312171e-01,-1.310979138114816422e-01,-2.095675346429115293e-01,-1.900867976244860758e-01,-1.628353890665448500e-01,-6.285975331201462159e-03,-3.904263742957210237e-01,-3.587315364702299281e-01,-3.135054058169636226e-01,-1.668935587026039169e-01,-5.149078726968174535e-02,4.111923252626770164e-02,-2.509776153494746587e-01,-5.002284148012791504e-02,-1.070001522765341856e-01,-5.136546368204659707e-01,-3.696116948378254663e-01,-3.056311862342013241e-01,-9.855337292523221396e-03,-2.935373838891426890e-01,-3.912623724684026194e-01,-9.168722399878179163e-02,-1.301553220648697939e-01,-4.121394853053144680e-01,-3.587817877265113697e-01,-6.907568143749048817e-02,6.213034871326328368e-02,-5.373077508755901011e-02,-3.725034262220192072e-01,-3.989432008527485918e-01,-1.725003806913354698e-01,-6.216080402010050465e-02,-2.771356783919597944e-01
1.748119384802801768e-01,9.740673062281102190e-02,3.130714176945332827e-01,5.665265722552155214e-01,1.092264352063347099e-01,1.282701385716460973e-01,4.772833866301203209e-01,0.000000000000000000e+00,6.657530074615501323e-03,-9.356022536927059707e-02,-1.053601340033500783e-01,4.538541190802497516e-01,1.235008375209380171e-01,5.463666818943201386e-01,-8.858687376275316272e-02,-3.647327546825034073e-02,-1.478909700015227646e-01,-1.377889447236180787e-01,2.604263742957210193e-01,3.385975331201461769e-01,-2.050601492310034912e-01,-1.492325262677021425e-01,2.499512715090604631e-01,4.147312319171615469e-01,-1.611390284757118971e-02,1.616750418760468933e-01,-2.163362265874828605e-01,-2.024333790162936020e-01,-2.570427897061062714e-03,-1.822293284604842301e-02,2.728597533120146190e-01,4.198873153647023071e-01,3.142469925384498430e-01,4.429298005177402242e-01,7.932084665753007247e-03,-7.881528856403227645e-02,-4.934642911527333808e-01,-3.695233744479975435e-01,-2.873838891426830910e-01,1.586569209684787415e-02,-1.926450433988122490e-01,-2.279564489112227699e-01,3.633318105679914870e-03,2.102908481802954199e-01,2.433455154560682232e-01,1.735800213187147778e-01,-2.096208314298766695e-01,-3.459905588548804478e-01,-1.141297396071265374e-01,-3.271661336987970181e-02,1.515608344754073439e-02,1.907568143749048262e-01,-2.665280950205573540e-01,-4.150449215775848799e-01,-3.018562509517283554e-01,-2.797852900867976444e-01,-2.970915181970458507e-02,-8.248058474189128020e-02,2.629968021927820906e-02,1.838723922643520636e-01,3.455748439165524655e-01,4.134597228567077898e-01,-6.744632252169940889e-02,2.968478757423480968e-02,1.303152124257651867e-01,3.421866910309121490e-01,1.916613369879701656e-01,4.741525810872544433e-01,-1.882442515608344705e-02,5.291152733363788802e-02,1.554819552306989372e-01,2.951119232526267511e-01,6.669712197350388151e-03,2.009090909090908983e-01,2.689964976397137345e-02,2.033805390589310258e-01,1.022338967565098178e-01,1.531901933911984127e-02,2.654179990863407904e-02,-1.371402466879853739e-02,-1.727181361352215505e-01,-2.515288564032282514e-01,-2.522856707781330754e-01,-3.241601949139637506e-01,-1.136790010659357447e-01,-3.827622963301355319e-02,-1.654469316278361635e-01,-2.460956296634688456e-01,-3.173442972437947457e-02,-2.819034566773260253e-01,-3.096604233287650332e-01,-3.444129739607126317e-01,-6.514085579412212668e-02,-2.475072331353738442e-01,-1.895081467945789605e-02,-1.336713872392264468e-01,-1.872620679153342571e-01,-9.293589157910765730e-02,-3.347936652961778781e-01,-2.385579412212578132e-01,-7.008222932846049080e-02,-2.940459875133242043e-02,-1.415197198111770860e-01,-2.143322673975940340e-01,-5.298157453936348099e-02,-2.442013095781939980e-01,-3.953570884726663737e-01,-2.225430181209075708e-01,-8.094563727729556235e-02,5.783158215319019607e-02,-1.002329830973047037e-01,-4.006806761078117729e-01,-4.501416171767930741e-01,-1.510232983097304638e-01,-5.243642454697731298e-02,-3.004278970610628763e-01
-1.875894624638343305e-02,7.017054971828841359e-02,2.319872087711283559e-01,1.655245926602710426e-03,3.450464443429267503e-01,5.769042180599969205e-01,2.600289325414953390e-01,6.657530074615501323e-03,0.000000000000000000e+00,3.648652352672452914e-01,-5.185015989036089595e-02,3.864473884574386869e-02,1.134262220191868398e-01,1.910948682807979415e-01,6.837627531597381125e-01,5.556662098370641623e-01,4.321151210598446479e-02,2.663194761687224243e-01,1.372879549261458720e-01,1.117846809806608832e-01,1.400715699710674556e-01,2.458656920968478599e-02,2.269072635906806690e-01,2.125963149078727021e-01,4.527379320846657285e-01,4.297822445561139126e-01,1.561641541038525927e-01,2.684163240444647491e-01,1.580447693010507138e-01,1.097441754225673832e-01,2.907522460788792285e-01,2.319613217603167243e-01,-8.899040657834627471e-03,1.257347342774478398e-02,8.593269377188975100e-02,-1.047464595705801804e-01,-5.859144205877873934e-02,-9.874524135830668736e-02,4.838434597228567086e-02,2.230242119689355984e-01,7.699558398050859731e-02,4.966803715547433995e-02,3.306532663316583132e-02,1.755200243642454638e-01,5.089690878635601962e-02,-1.186021014161717652e-01,-2.383417085427135540e-01,-3.226054514999238676e-01,-1.405664687071722374e-01,-2.421455763666818806e-01,-2.698187909243185412e-01,-3.013491700928886963e-01,-4.478970610628902338e-01,-4.037505710370031808e-01,-1.728186386477843783e-01,-3.399802040505557899e-01,1.051865387543779451e-01,6.842850616719962920e-02,-3.469894929191411626e-01,-2.306898126998629395e-01,-1.307994518044769405e-01,-3.193543474950510247e-02,-1.647586416933150555e-01,-2.062509517283386551e-01,1.312776001218212141e-01,1.917618395005329657e-01,1.824744936805238194e-01,4.528704126694076820e-03,3.981574539363483961e-02,-1.146398659966499228e-01,3.444936805238312805e-01,3.717466118471143832e-01,3.953662250647175247e-01,2.867900106593573861e-01,1.192066392568905120e-01,2.531993299832495659e-01,2.192827775239835630e-01,7.010507080858839613e-02,1.359859905588548801e-01,2.441891274554591207e-01,5.577280341099436628e-02,-4.507842241510583159e-02,-9.755900715699711290e-02,-3.199786812852139367e-02,-1.911481650677630539e-01,-1.504872849093954745e-01,-9.705649459418304315e-02,2.111603471904979490e-01,-1.870123343992690645e-01,-3.155474341403989857e-01,-1.064169331506014948e-01,-2.260606060606060730e-01,-9.288564032282625726e-02,-1.508710217755444005e-01,1.736713872392264268e-01,-2.495812395309882775e-02,3.284300289325414735e-02,6.286888990406577782e-02,-9.675650982183645055e-02,-8.994822597837673350e-02,1.642911527333637892e-02,-1.747677782853662362e-02,2.705756052992233651e-01,2.151362874980965526e-02,-6.447540733972895177e-02,-1.393406426069742632e-01,-8.809654332267397026e-02,1.231597380843612033e-01,-1.554317039744175510e-01,-5.564336835693619449e-02,1.951484696208314329e-01,-4.288868585350997381e-02,-2.322765341860819344e-01,4.096238769605603514e-02,1.302284148012791132e-01,-1.994320085274859100e-01
-1.044099284300289282e-01,-1.167047358002131809e-02,-1.633424699253845092e-01,-5.403837368661489060e-02,6.527470686767169461e-01,5.178711740520786089e-01,-1.960880158367595549e-01,-9.356022536927059707e-02,3.648652352672452914e-01,0.000000000000000000e+00,-2.166209837064108357e-01,2.343535861123800801e-02,-2.347510278666057604e-01,-1.875133241967412781e-02,5.600791837977767695e-01,8.058763514542408579e-01,1.294518044769301102e-01,-3.107964062737932076e-02,-1.345012943505405900e-01,-2.135008375209380138e-01,-9.273640931932388993e-04,1.581467945789553908e-01,-1.388807674737322917e-01,-9.791837977767625656e-02,2.026237246840262018e-01,1.872910004568296150e-01,4.784422110552764007e-01,5.875133241967412934e-01,2.016750418760469149e-02,1.443322673975940273e-01,-1.402695294655093572e-01,-1.163392721181665951e-01,-2.984787574234810670e-01,-2.667961017207248209e-01,5.693619613217603022e-03,-4.186995583980508695e-02,-1.643231308055428663e-01,-6.834932236942287131e-02,-7.234505862646566088e-02,-1.488198568600578586e-01,-1.898842698340185708e-01,-2.004492157758489546e-01,-2.269925384498248933e-01,-3.157134155626618033e-01,-2.756159585807826939e-01,-3.201857773717070033e-01,-3.495370793360743078e-01,-1.796147403685092181e-01,-1.192355717983858698e-01,-1.120603015075376935e-01,-3.838876199177706505e-01,-2.121897365615958708e-01,-2.972239987817877349e-01,-3.385259631490786930e-02,-2.468920359372620554e-01,9.156235724074919535e-02,1.218973656159585799e-02,4.908177249885792293e-02,-1.103928734582000915e-01,1.161717679305619005e-02,-3.483950053296787086e-01,4.227044312471447962e-02,-2.431551697883356233e-01,-1.157697578803106447e-01,-4.872849093954621650e-05,1.057560529922338954e-01,5.083904370336531087e-02,-4.865692096847875486e-02,2.722795797167656406e-01,1.037277295568752866e-01,7.402162326785442781e-02,1.192477539211207610e-01,3.515912897822445760e-02,-4.522308512258260693e-02,4.026039287345820061e-02,5.776001218212273303e-02,-1.934323130805542801e-01,-9.607735647936653522e-02,1.071935434749505117e-01,1.358915791076595152e-02,-3.028780264961169338e-03,2.208923404903304424e-02,2.339622354195218523e-01,3.742089234049033042e-01,-5.743109486828079646e-02,1.700624333790163104e-02,8.368813765798691073e-02,4.934003350083752126e-01,-2.234505862646566088e-01,4.957819400030455403e-02,1.850677630577128030e-01,1.600898431551697754e-01,-1.610354804324653499e-01,1.056631643063803833e-01,5.673366834170854439e-02,2.854240901477082537e-01,-3.066849398507690005e-02,1.633942439470077723e-01,3.653053144510430839e-01,2.145210902999847846e-01,9.451043094259174715e-02,-2.677173747525506478e-02,2.754362722704431499e-01,3.381757271204507420e-01,-2.312928277752398371e-02,4.631186234201309371e-02,2.950342622201918563e-01,5.133165829145728276e-01,-1.256327089995431801e-01,-8.559159433531292327e-02,-9.109182275011420277e-03,1.345226130653266461e-01,-2.062128825947921393e-02,1.183965280950205617e-01,1.542865844373382013e-02,1.607705192629815816e-01
4.412547586416933343e-01,3.145485000761382710e-01,2.054210446170245258e-02,-2.306426069742652796e-01,-1.963331810567991442e-01,-2.715973808436120129e-01,1.984787574234810337e-01,-1.053601340033500783e-01,-5.185015989036089595e-02,-2.166209837064108357e-01,0.000000000000000000e+00,1.853357697578802976e-01,5.180995888533577176e-01,1.405710370031978129e-01,-3.843155169788335657e-02,-1.349763971372011651e-01,2.914923100350236274e-01,4.099725902238465225e-01,2.638982792751636830e-01,2.620161413126237404e-01,-2.369361961321760357e-01,-9.705192629815745375e-02,-5.922034414496725636e-03,-1.111481650677630523e-01,-2.833698797015379856e-01,-3.365707324501294173e-01,-3.563255672300898458e-01,-3.436028627988427231e-01,3.246505253540429292e-01,5.208771128369118347e-02,1.347403685092127268e-01,-7.035175879396985202e-03,2.416780874067306351e-01,1.782137962539972476e-01,-2.679427440231460511e-01,-2.491107050403532919e-01,-1.736059083295264094e-01,-2.632769910156844695e-01,-5.727577280341099308e-02,-1.101949139637581898e-01,3.187300137048880433e-02,-9.174965737779808284e-02,-2.179229480737018484e-02,2.545287041266940942e-01,-1.027166133698797085e-01,2.167854423633318039e-01,6.992690726359068742e-02,-4.117557484391655420e-02,8.912440992843002896e-02,1.963164306380386914e-01,6.775696665143901565e-02,-5.265113446017968823e-02,1.505177402162326816e-01,3.643977463072940303e-03,-2.662402923709456318e-02,-1.308314298766559969e-01,4.520085274859144131e-01,3.436835693619613163e-01,-1.712501903456677479e-02,-3.708694990102025246e-02,3.249520328917313572e-01,5.292827775239835469e-02,5.316780874067306151e-01,4.083493223694228957e-01,-2.343581544084056556e-01,-3.181026343840414050e-01,-3.793375970762905558e-01,-3.642500380691335304e-01,9.237399116796102261e-02,8.499162479061976583e-02,1.857332115121059779e-01,1.022993756662098422e-02,2.916217450890817853e-01,1.224775392112075478e-01,2.631171006547891045e-01,1.909989340642606892e-01,1.354758641693314947e-01,1.428049337597076321e-02,2.193391198416324087e-02,1.104248515303791617e-01,1.723130805542865962e-01,1.885533729252322210e-01,-2.083569361961321864e-01,-3.119095477386934490e-01,1.011451195370793310e-01,-1.063468859448758880e-01,-4.379473123191716423e-03,-1.052185168265570292e-01,-4.292675498705649829e-03,-1.380584741891274503e-01,-2.356129130500989877e-01,-1.102208009745698214e-01,-1.524638343231307924e-01,-1.639241662859753368e-01,6.951880615197197910e-02,-1.365981422262829426e-01,-8.600426374295720711e-02,-2.110156844830211598e-01,-1.179929952794274428e-01,-3.465813918075224404e-02,-2.407796558550327412e-02,-1.147251408557941298e-02,-2.284148012791228856e-04,-2.526419978681285206e-02,-4.143337901629358666e-01,-4.117922948073701739e-01,-2.318303639409167172e-01,-3.670229937566620859e-01,2.374783005938784775e-01,2.162235419521851554e-01,-6.132632861276077207e-02,-8.271965890056341697e-02,-1.481802954164763292e-02,-3.356479366529617481e-02,-1.875894624638343305e-02,-5.937262067915334562e-02
4.483828232069438369e-01,3.338556418455915775e-01,-1.222491244099284252e-01,1.299527942744023168e-01,-1.707644282016141379e-01,1.581528856403228156e-01,1.490726359068067497e-01,4.538541190802497516e-01,3.864473884574386869e-02,2.343535861123800801e-02,1.853357697578802976e-01,0.000000000000000000e+00,7.926754987056494617e-02,6.834460179686310255e-01,2.462920663925689119e-02,1.631231917161565514e-01,3.479259936043855861e-01,2.854332267397594047e-01,1.843840414192172983e-01,2.542667884878940243e-01,-1.990102025277904751e-01,-2.153174965737779945e-01,-1.237825491091822799e-01,4.242424242424242681e-02,-3.209441145119537042e-01,-1.560880158367595472e-01,-3.208238160499466973e-01,-2.489127455459113625e-01,4.558976701690269362e-01,3.782488198568600413e-01,1.276351454240901573e-01,1.459829450281711627e-01,1.145652504948987405e-01,2.091792294807370278e-01,-4.447586416933150821e-01,-4.434505862646566099e-01,-4.264824120603015190e-01,-5.224790619765493638e-01,-4.963910461397898904e-02,1.688076747373229713e-01,-1.051606517435663135e-01,-2.042104461702451690e-01,-1.405908329526419920e-01,2.799329983249581044e-01,-1.066560073092736455e-01,1.682960255824577367e-01,-3.842911527333637833e-01,-1.855474341403989536e-01,7.282472970915182531e-02,1.606182427287954906e-01,6.434749505101264311e-02,4.533668341708542715e-01,-1.536074310948682686e-01,-1.675696665143901198e-01,-1.138708694990102077e-01,7.079336074310949023e-02,1.661565402771432998e-01,2.079290391350692990e-01,9.577128064565250398e-02,3.961276077356479242e-01,1.819658900563423110e-01,4.645926602710522269e-01,2.397868128521394859e-01,4.005436272270442855e-01,-1.171082686158063102e-01,1.726389523374448065e-01,-2.157408253388152786e-01,2.013339424394700872e-01,1.208649307141769491e-01,2.300548195523069994e-01,5.708238160499466696e-02,1.129023907415867278e-01,1.408101111618699497e-02,5.860514694685548670e-02,5.715547434140398619e-02,2.639180752246078621e-01,1.776305771280645499e-02,-2.248210750723313514e-02,4.006045378407187552e-01,3.030013704888076531e-01,1.836515912897822567e-01,1.104035328155931195e-01,-3.155428658443733547e-01,-2.215912897822445438e-01,-1.509349779199025410e-01,3.930394396223542142e-01,-1.478833561748134628e-01,4.143444495203289432e-03,-3.377188975178924690e-01,9.415105832191258961e-02,-3.750555809349779279e-01,-3.314801279122887023e-01,-1.900928886858535005e-01,-2.296436729100045648e-01,3.197868128521395015e-01,2.380478148317344278e-01,-5.145119537079335947e-02,1.716796101720724776e-01,-1.679731993299832526e-01,-2.090193391198416351e-01,7.117100654789096370e-02,1.208283843459722895e-01,-5.524592660271052114e-02,1.734597228567077709e-01,-2.719323892188214020e-01,-3.978102634384041436e-01,-2.830729404598751331e-01,-1.788579259936043941e-01,1.143139942134917091e-02,2.514222628292980266e-01,-3.830211664382518477e-02,-2.682549109182275071e-01,-2.680584741891274825e-01,9.151971981117709709e-02,2.749520328917313683e-01,-1.664534795188061522e-01
8.431247144814983663e-02,-7.574387086949900538e-02,3.862052687680828655e-01,-5.660880158367595505e-02,-4.585046444342926776e-03,-1.818120907568143707e-01,5.466575300746154831e-01,1.235008375209380171e-01,1.134262220191868398e-01,-2.347510278666057604e-01,5.180995888533577176e-01,7.926754987056494617e-02,0.000000000000000000e+00,3.082168417846810060e-01,1.307324501294350461e-01,-1.798659966499162599e-01,-6.730927364093193532e-02,1.067336683417085402e-01,2.812090756814374787e-02,2.187604690117252865e-02,-6.457438708694990259e-02,-2.539546215928125683e-01,3.931688746764123721e-01,2.493497791990254286e-01,2.399527942744023035e-01,1.503243490178163555e-01,-1.027744784528704103e-01,-2.302360286279884205e-01,1.501035480432465485e-01,-3.004720572559768654e-02,2.888411755748439003e-01,1.688457438708695080e-01,5.290695903761230556e-02,-2.683721638495507877e-02,1.464077965585503238e-01,-2.792142530835998310e-02,-6.569361961321759646e-02,-1.816643825186538830e-01,-2.682168417846809705e-01,-1.410994365768235108e-02,6.402162326785441893e-02,-1.174478452870412609e-01,1.163727729556875284e-01,2.475453022689203531e-01,1.875985990558854954e-01,1.129633013552611559e-01,3.460941068981270019e-02,-1.521196893558702523e-01,-7.011116186995583477e-02,1.824120603015075281e-02,2.883523679001065987e-01,2.022080097456981779e-02,-2.059540124866757888e-02,-1.993589157910765908e-01,-7.456068219887315718e-02,-2.309014770823815954e-01,-2.661184711435967548e-02,-1.304583523679000989e-01,-1.349611694837825615e-01,-3.102314603319628605e-01,4.457788944723617974e-01,-1.904522613065326719e-01,7.166133698797015790e-03,-1.834262220191868464e-01,2.566438251865387765e-01,1.207568143749048334e-01,1.493071417694533387e-01,-1.438952337444799889e-01,-2.486218973656159625e-01,-3.330242119689356128e-01,2.179640627379320905e-01,1.336241815136287592e-01,2.672620679153342449e-01,6.229633013552611509e-02,2.020161413126237149e-01,7.045073854119079937e-02,2.640749200548195286e-01,-4.165524592660271169e-02,3.453631795340338269e-03,1.278924927668646239e-01,-6.158824425156083499e-02,-2.577950357849855267e-01,-1.809715242881071995e-01,-4.130455306837216289e-01,8.765494137353434245e-02,-2.852885640322826433e-01,9.999390893863255303e-02,-2.042302421196893480e-01,3.513811481650677693e-01,-2.710613674432769682e-01,-1.610963910461397919e-01,-8.671234962692249415e-02,2.759403075985990619e-02,7.426983401857774336e-02,1.318120907568143818e-01,-1.704811938480280120e-01,-7.415867214862190138e-02,-2.278696512867367241e-01,-3.727820922795797021e-01,-2.382396832648089047e-01,-5.281102482107507406e-02,-1.153662250647175258e-01,-1.615456068219887353e-01,-3.745408862494289393e-01,-3.432069438099588643e-01,-2.635876351454241040e-01,-3.021821227348865380e-01,-3.844175422567382427e-01,1.761839500532967964e-02,1.541571493832800399e-01,-1.032724227196589045e-01,-2.450906045378407061e-01,-2.384970306075833713e-01,-2.185137810263438340e-01,-9.345363179534034448e-02,-1.526952946550936552e-01
