1.000000000000000000e+00,3.688368559810536462e-01,1.935788015550292673e-01,9.285937709459761435e-02,-2.172215023012645796e-01,-7.649135350105008835e-02,2.552482237812234711e-01,-1.188748380177845343e-01,-3.118995486840341336e-01,4.813441172527816586e-02,3.191697573618124117e-01,-5.710264086867151978e-02,3.273425979713123768e-01,-1.334375977478886588e-01,-1.375039099155458133e-01,1.343581035792484057e-01,5.560525492649358581e-01,4.403279860583582672e-01,5.804817015952455916e-01,2.837973099781044839e-01,1.078242995665579414e-02,3.280754278564725762e-02,2.614057822065329328e-01,-4.403235175834487730e-02,1.599892756602171728e-01,-4.241476384110103026e-02,2.705214710219401852e-01,1.980696188390902168e-01,2.027123642700746353e-01,1.011618034764734803e-01,8.458823003708834665e-02,-1.266321104606997761e-01,4.373832610929889730e-01,4.847401581840118240e-02,-6.843022476428795020e-02,-5.097636176772867705e-02,3.127574958666606841e-01,3.613968452567138945e-01,1.093569864605210273e-01,6.697216140131373452e-01,4.734125742883953936e-01,3.882032262388846466e-01,-1.702757049019169855e-01,-1.676705840296706662e-01,2.605120872246302274e-02,-2.595737074936324204e-02,-1.820501362884847374e-01,1.180079538853389398e-01,-1.654452835247330056e-01,-1.208543724026989591e-01,-6.698690736851511951e-02,1.213369676929264007e-01,-7.334554716475266689e-02,3.363823227132579641e-01,-1.045444389829751075e-01,5.280709593815631209e-01,8.385182537200053243e-01,3.844765181643505225e-01,4.017114258903436430e-01,-1.868582152911211491e-01,8.767147772465257866e-03,-2.980696188390902224e-01,-5.366638366325573312e-02,-1.744090441932168445e-01,-1.014031011215872080e-01,-2.226864471155994563e-01,3.825908217525358923e-02,-7.297019527235354408e-03,6.809106751865587892e-01,6.470306984226283920e-01,2.018499486125385489e-01,-1.794539523660574482e-02,7.946735779078600848e-02,1.107511506322891998e-01,2.014433173957728140e-01,3.214174002412976683e-01,2.887171008534786809e-01,2.187407837704991309e-01,-1.136243799991063091e-01,2.708968229143393636e-01,6.085169131775325368e-02,1.361946467670583916e-01,4.316233969346262023e-01,2.385763438938290348e-01,2.533625273694088340e-02,4.283614102506814181e-01,-7.484695473434916681e-03,1.467715268778765902e-01,-2.542919701505876318e-01,5.874882702533624768e-01,-4.818848027168327608e-01,-9.436078466419410560e-02,-4.721882121631886808e-01,9.982572947852898226e-02,-1.060503150274811207e-01,-1.852897805978819534e-01,-3.935519907055721744e-01,-1.467000312793243777e-01,-2.431833415255373332e-01,-2.521426337191116640e-01,-4.203851825372000306e-01,2.217480673846016492e-01,-2.846373832610930021e-01,2.506814424237007941e-02,-3.383797309978104351e-01,3.890254256222351603e-02,-1.735600339604093101e-01,-1.150900397694266941e-01,1.541757898029402496e-01,-9.989275660217167285e-02,-3.745833147146878650e-01,-1.256981992046114598e-02,-1.298985656195540510e-02,1.628803789266723145e-01,-8.454354528799321034e-03,-3.816435050717190136e-01
3.688368559810536462e-01,1.000000000000000000e+00,-6.036909602752580511e-02,1.613566289825282482e-02,1.387059296662049301e-01,2.587693820099200293e-02,-1.467759953527860983e-01,-4.481880334241922920e-02,1.547700969659055459e-01,1.392376781804370231e-02,-3.344206622279816132e-02,1.544885830466062038e-01,1.264578399392287398e-03,2.679744403235175682e-02,-1.540774833549309608e-01,-1.808972697618302927e-01,2.820769471379418469e-01,5.697707672371419285e-01,2.594351847714375103e-01,5.306358639796237009e-01,-1.706957415434112290e-03,-1.001742705214710288e-01,-7.086554358997274039e-02,-2.018946333616336852e-01,1.469904821484427360e-01,1.763707046784932231e-01,1.416864024308503445e-01,-9.718932928191608214e-03,3.735779078600473535e-01,2.206577595066803732e-01,3.732472407167433670e-01,2.190714509138031174e-01,3.167701863354037140e-01,5.192814692345502220e-02,-1.378122346843022594e-01,-5.934134679833772547e-02,2.509093346440859906e-01,3.235175834487689084e-01,2.204209303364761674e-01,3.226104830421377412e-01,3.058090173823673763e-01,5.115554761160016062e-01,-1.170070155056079364e-01,2.778989230975468239e-01,2.392600205549845760e-01,2.480718530765449736e-01,3.340631842352205505e-02,1.938960632736047296e-01,1.613342866079806870e-01,-4.098932034496625965e-02,7.737611153313374290e-02,7.661647079851646724e-02,1.547120067920818576e-01,-2.580991107734930193e-02,1.820903525626703656e-01,2.674560972340140341e-01,3.687519549577729094e-01,6.135260735510970065e-01,9.254658385093167405e-02,-4.875106126279100949e-02,-1.206577595066803676e-01,-2.042495196389472190e-01,-1.533535904195897914e-01,5.702220832030028413e-02,-1.279458420840967059e-01,-3.221457616515483457e-01,-5.638768488314938043e-02,-5.433218642477322807e-02,3.676571786049421253e-01,4.785781312837928403e-01,3.602126994056928377e-01,2.473300862415657442e-01,2.032798605835828276e-01,3.417087448053979237e-01,1.708834174896108060e-01,2.168416819339559487e-01,2.940971446445328485e-01,3.566736672773582195e-01,9.790428526743822496e-03,3.410786898431565628e-02,2.180660440591626059e-01,6.844809866392599640e-02,-1.313731623396934608e-03,1.307877921265472032e-01,1.214397426158452115e-01,9.380669377541445142e-02,2.298136645962732816e-01,2.490370436569998569e-01,2.513249028106707139e-01,-8.874838017784529576e-02,-5.146163814290182215e-01,-3.607399794450154018e-01,-5.256535144555163352e-01,-3.208811832521560325e-01,-2.143125251351713778e-01,-1.301398632646677822e-01,-4.598060681889271084e-02,3.859868626837660577e-02,3.820546047633942548e-03,-2.882568479377988213e-01,2.349524107422136868e-02,-2.527905625809910850e-01,2.024442557755038175e-01,1.062648018231377584e-01,-2.602573841547879963e-01,-2.141025068144242482e-01,2.285178068725144188e-02,-6.751865588274721941e-02,1.450064792886187892e-01,-6.877429733232047482e-02,-1.836855981053666376e-01,1.358327002993878208e-01,-2.658921310156843743e-01,-1.164037713928236378e-02,-2.328298851601948161e-01,-3.511014790651950657e-01
1.935788015550292673e-01,-6.036909602752580511e-02,1.000000000000000000e+00,5.541981321774878122e-01,-1.770677867643773162e-01,-2.707895795165110066e-03,7.067473971133652055e-01,-3.909334644085973309e-01,-4.206711649314089363e-01,1.697573618124134306e-02,2.993252602886634639e-01,-4.844452388399839160e-01,2.937932883506859105e-01,-3.614013137316233748e-01,-3.671745833147146976e-02,-1.630591179230528598e-01,2.101657804191429391e-01,2.110460699763170786e-02,1.757987398900755227e-01,-2.801644398766701127e-01,-3.394253541266365609e-02,-1.949104070780642572e-01,8.454846061039367200e-01,7.766700924974305753e-01,5.391840564815228998e-01,1.582733812949640162e-01,-1.958621922337906163e-01,-7.645560570177398381e-03,5.304079717592385945e-02,-4.160596988247911021e-02,8.074534161490683204e-03,1.027436435944412141e-01,2.632959470932570989e-01,1.494481433486750943e-01,5.196925689262255066e-01,4.552169444568568979e-01,3.442691809285490789e-01,2.997944501541623952e-01,1.102283390678761299e-01,5.435899727423030431e-02,2.306492694043522917e-01,9.250189910183653774e-02,7.734930068367666667e-02,-9.796684391617141441e-02,4.697707672371419924e-02,1.042852674382233336e-01,-3.164395191920997275e-01,-2.549533044371956048e-01,-4.375798739890075506e-01,-2.730461593458152758e-01,-2.773582376334957078e-01,-1.373341078689843120e-01,-5.372000536216988698e-01,5.132937128558023171e-02,-6.683855400151927917e-01,-9.751552795031055709e-02,2.077885517672818372e-01,-3.132713704812547517e-01,-3.604271862013494476e-02,-6.599088431118459441e-01,8.283658787255909761e-02,-5.674158809598284225e-01,-1.228651861119799821e-01,-5.666294293757540013e-01,5.663791947808213267e-01,3.574288395370660010e-01,5.763528307788551297e-01,4.400643460386969852e-01,1.586934179364582753e-01,-5.622235131149738718e-02,4.032351758344877163e-02,1.799544215559229499e-01,-4.614594039054470409e-02,-1.506456946244246753e-01,3.301130524152106616e-01,1.641315519013360757e-01,7.712140846329147703e-02,-3.008624156575360684e-02,2.032843290584923357e-01,3.474552035390321425e-01,3.496581616694222072e-02,2.245095848786809178e-01,2.628937843514008721e-01,-4.355422494302694375e-02,1.657893560927655441e-01,1.611912954108762619e-01,-1.692390187229098619e-01,-2.833415255373341046e-01,-3.807944948389114792e-01,2.906296081147504221e-02,-1.935788015550292673e-01,1.807632155145448838e-01,-2.733366102149336480e-02,3.910943295053398439e-01,4.901023280754278344e-02,-1.506546315742437192e-01,-1.336788953930023727e-01,-1.628044148532105939e-01,-6.940301175208901663e-01,-2.225166450690379272e-01,-6.628803789266722868e-01,1.276598596898878279e-01,-6.110728808257741562e-01,-5.232762858036552611e-01,-7.333661021493363685e-02,3.265918941865141312e-01,-2.858170606372045230e-01,-1.971312391080924098e-01,-3.906787613387550928e-02,3.991688636668305062e-02,-1.257116046293400013e-01,7.493632423253943249e-03,1.680325304973412648e-01,-1.853568077215246301e-01,2.685955583359399546e-01,-1.585861745386299704e-01
9.285937709459761435e-02,1.613566289825282482e-02,5.541981321774878122e-01,1.000000000000000000e+00,-1.973233835292014793e-01,2.791143482729344649e-01,5.473032753921086568e-01,1.009517851557263507e-01,-2.866750078198310736e-01,-5.178962420126011212e-02,1.813798650520577205e-01,-1.442825863532776198e-01,5.179409267616962020e-02,-1.507395325975244560e-01,-1.864560525492649223e-01,-9.992403592653827105e-02,1.940524598954376789e-01,1.924572143527414000e-02,2.575182090352562403e-01,-1.394342910764556076e-01,-9.765405067250547411e-02,-2.986281782027793916e-02,6.301085839403012256e-01,7.210018320747129117e-01,2.289869967380133153e-01,1.546494481433486889e-01,-2.365565932347289957e-01,7.161624737477098601e-02,6.713883551543857464e-02,1.693551990705572221e-03,5.944412172125653621e-02,1.504580186782251139e-01,1.709772554627105867e-01,1.900040216274185567e-01,1.696367129898565529e-01,2.375530631395504633e-01,1.249832432190893169e-02,-3.897850663568524360e-02,2.659949059386031434e-01,1.692211448232718018e-02,-5.176728182671254397e-02,-5.634300013405424412e-02,-6.133428660798069532e-02,-1.790339157245632029e-01,-8.238527190669824030e-02,2.253451896867599002e-02,-2.709951293623486523e-01,-2.648956611108628789e-01,-2.924661513025604287e-01,-2.102730238169712718e-01,-2.458152732472407287e-01,-6.315295589615264882e-02,-4.433263327226417694e-01,4.136467223736538940e-02,-5.670986192412529325e-01,5.736181241342330067e-02,1.642119844497073045e-01,-1.633227579427141418e-01,-1.438268019125072683e-01,-3.287769784172661636e-01,8.568747486482863884e-02,-1.547790339157245620e-01,-4.581527324724071759e-02,-1.854953304437195472e-01,1.723892935341168053e-01,2.409759149202377326e-01,3.018946333616336908e-01,3.368023593547522232e-01,1.104919790875374258e-01,1.500067027123642635e-02,2.788507082532731829e-01,1.658251038920416365e-01,9.240806112873675704e-02,3.286116448456141703e-02,2.255328656329594617e-01,1.914830868224674798e-01,1.893292819160820317e-01,4.721837436882792005e-02,-2.809777023102015200e-02,1.551454488583046687e-01,1.332454533267795616e-01,2.067473971133652055e-01,1.730774386701818546e-01,5.109254211537601897e-02,-2.840609499977657729e-02,2.859868626837660521e-01,-1.378077662093927236e-01,-2.959381563072523424e-01,-3.891594798695205415e-01,8.405201304794673867e-02,-1.038518253720005363e-01,2.884847401581840109e-02,6.045846552571607080e-02,1.420438804236114350e-01,1.270923633763796357e-01,9.235443942982260457e-02,-4.473390231913847853e-02,-6.864918003485410980e-02,-3.811787836811296182e-01,-2.006523973367889402e-01,-3.509987041422762410e-01,-8.297957906966352618e-03,-4.981947361365565707e-01,-5.212029134456409585e-01,-9.863711515259841744e-02,9.806515036418070319e-02,-1.602529156798784549e-01,-1.747620537110683991e-01,5.877831895973904125e-02,2.474194557397560099e-02,-2.221457616515483402e-01,-4.307162965279950212e-02,1.853880870458912422e-01,-1.213503731176549388e-01,1.764868850261405719e-01,-1.417936458286786772e-01
-2.172215023012645796e-01,1.387059296662049301e-01,-1.770677867643773162e-01,-1.973233835292014793e-01,1.000000000000000000e+00,3.612806649090665179e-01,-1.568121899995531532e-01,4.118593324098485109e-02,5.389293534116805784e-01,5.197819384244157792e-01,4.735242861611332205e-02,1.295768354260690702e-01,-5.336252736940882285e-02,2.440725680325304958e-01,1.032396443093972077e-01,3.573886232628803450e-02,-4.643639125966307624e-02,1.963447875240180440e-02,-8.633093525179856564e-02,2.441887483801778447e-01,3.207471290048706514e-02,9.863711515259841744e-02,-1.673980070601903680e-01,-1.850574199025872557e-01,1.133383976048974451e-01,4.370436569998659704e-01,4.546583850931676940e-01,1.263997497654050783e-01,7.536082934894321184e-02,-3.489878904329952146e-03,3.896554805844765212e-01,5.274453728942312125e-01,4.402788328343536228e-02,1.912596630769918260e-01,5.312122972429509510e-02,1.372268644711559932e-02,1.212788775191027263e-01,6.087403369230081490e-02,1.655569953974708394e-02,-5.815720094731668260e-02,2.152553733410786929e-01,2.219938335046248851e-02,-3.790607265740202764e-02,1.195763885785781355e-01,-1.898208141561285103e-02,1.499173332141739978e-02,1.191474149872648464e-01,-1.172483131507216642e-01,-6.699137584342464147e-02,-1.732695830912909518e-01,-2.290674292863845440e-01,-3.317082979579069613e-01,-1.859332409848518664e-02,-3.802448724250413470e-01,5.315250904866169329e-02,-1.981187720630948612e-01,-1.623262880378926742e-01,9.222038518253719563e-02,-1.120246659815005152e-02,1.682291433933598424e-01,-4.425130702891102996e-02,7.981143035881853309e-02,2.523615889896778097e-01,1.146521292282943888e-01,-1.329818133071182865e-02,-1.011126502524688359e-01,8.911926359533491049e-02,9.827963715983734083e-02,-1.751642164529246259e-02,6.859108986103043017e-03,1.849457080298494149e-01,2.658742571160462864e-01,2.484203941194870202e-01,1.972786987801063430e-01,2.419411055006926159e-01,1.535367978908798448e-01,-1.263416595915813900e-01,1.485321059922248450e-02,2.132356226819786538e-01,2.332097055275034539e-02,2.854863934939005365e-01,2.118459269851199755e-01,-3.023548862773135504e-01,1.157335001563966209e-01,1.775369766298762197e-01,-6.876982885741096674e-02,1.918763126145046627e-01,5.119621073327673688e-01,2.178515572635059683e-01,-2.365387193350909356e-01,2.030921846373832593e-02,-1.413065820635417136e-01,-1.249430269449037095e-01,-2.652710130032620017e-01,-2.399928504401447893e-01,6.494928280977702029e-02,-5.732606461414719440e-02,1.192546583850931652e-01,-1.795880066133428640e-02,-1.081281558604048482e-01,2.019750659100049209e-02,-2.727154922025112893e-01,2.758702354886277130e-01,2.574199025872469515e-01,-3.367442691809285210e-02,-1.351847714375083720e-01,-4.108762679297555537e-02,3.301443317395773014e-01,1.000759640734617262e-01,2.732919254658384978e-02,-3.999285044014477819e-03,-1.834711113097099999e-01,-2.850708253273158133e-01,-2.490906653559140371e-01,-1.768041467447160342e-01,1.965592743196746817e-01
-7.649135350105008835e-02,2.587693820099200293e-02,-2.707895795165110066e-03,2.791143482729344649e-01,3.612806649090665179e-01,1.000000000000000000e+00,1.338129496402877816e-01,2.060235041780240361e-01,1.499575494883596261e-01,4.710576880110818321e-01,8.243442513070288469e-02,3.360293131954063955e-02,3.707493632423253943e-02,6.926136109745743364e-04,-2.252111354394745104e-03,-4.154787970865543578e-02,6.903346887707224877e-02,-8.409669779704186457e-03,5.288886902900040432e-02,-1.827606237990973825e-02,4.749541981321774714e-02,1.329818133071182865e-02,1.290808347111130905e-01,1.086062826757227817e-01,1.361410250681442391e-01,2.811206935073059521e-01,2.938245676750524948e-01,5.284731221234192367e-01,2.420126010992448146e-02,-3.737879261807944969e-02,1.730863756200008985e-01,2.639796237544126400e-01,-2.091246257652263144e-02,2.623888466866258415e-02,-1.182403145806336237e-01,-1.400107243397828438e-01,2.734706644622190291e-02,-1.511819116135662833e-01,2.740873139997319075e-01,1.236427007462353039e-01,1.652039858796192917e-01,-5.656195540462040372e-02,-1.934939005317485028e-01,-1.991509897671924489e-01,-9.063407658965995373e-02,-1.658742571160462809e-01,-1.165065463157424347e-01,-2.599535278609410582e-01,-1.400956253630635806e-01,-3.079092005898386719e-01,-2.988292595737074842e-01,-2.508378390455337503e-01,-2.307252334778140124e-01,-2.060592519773001563e-01,-1.613074757585236108e-01,-2.816926582957236802e-02,4.095357254569015337e-02,-4.329952187318467788e-03,1.104160150140756982e-02,1.698780106349702945e-01,7.350641226149515553e-03,1.657580767683989320e-01,4.601635461816881711e-02,-7.440010724339782971e-03,-4.934983690066579998e-02,1.052683319183162769e-01,3.656106170963849961e-02,5.537780955359935392e-02,1.071138120559453066e-01,-2.059520085794718305e-02,2.089816345681219101e-01,1.663881317306403207e-01,1.340095625363063592e-01,1.900710487510612612e-01,8.635774610125564188e-02,-4.102506814424237286e-02,-5.953795969435631691e-02,-1.727557084766969120e-01,3.473792394655703802e-02,-1.464185173600250356e-01,9.183162786540953471e-02,1.918450332901380784e-01,-8.043254837124089174e-02,2.209571473256177754e-01,1.630546494481433656e-02,1.777112471513472500e-02,2.274409044193216878e-01,2.122883060011618028e-01,7.229545556101701909e-02,1.393717324277224216e-02,1.160909781491576906e-02,-5.037758612985387963e-02,-3.807140622905402089e-02,-1.084364806291612665e-01,9.220697975780865752e-02,2.088386433710174850e-01,-5.094061396845256731e-03,6.863577461012555780e-02,-1.691139014254434969e-01,-1.937217927521336924e-01,-5.590955806783144688e-02,-4.927387282720407241e-02,1.214129317663881352e-01,7.553063139550471317e-02,4.763841101032217917e-02,-4.434961347692032568e-02,1.565530184548013792e-01,2.990214039948165814e-01,1.906251396398409362e-02,-2.380803431788730551e-02,-9.698824791098797915e-02,-3.150721658697886590e-02,-6.151749407927074170e-02,-2.196925689262254899e-01,-9.700612181062603923e-02,2.771124715134724581e-01
2.552482237812234711e-01,-1.467759953527860983e-01,7.067473971133652055e-01,5.473032753921086568e-01,-1.568121899995531532e-01,1.338129496402877816e-01,1.000000000000000000e+00,1.072165869788641174e-01,-3.136824701729299947e-01,1.098038339514723627e-01,4.693820099200142759e-01,-1.296662049242593429e-01,4.685642790115733258e-01,-9.769873542160061042e-02,1.819562983153849567e-02,-3.664596273291925721e-02,1.537155368872603900e-01,3.432235577997229392e-02,9.163948344430046522e-02,-2.720318155413557482e-01,-2.533982751686849055e-01,-7.319361901782921176e-02,6.625809911077349401e-01,6.274989945931453983e-01,2.540015192814692457e-01,-3.645381831181018079e-02,-2.933732517091916514e-01,1.048304213771839716e-02,1.146878770275704951e-01,2.279369051342776745e-02,-1.579561195763885817e-01,-5.168684927834130138e-02,1.907815362616738786e-01,4.481880334241922920e-02,2.624335314357210125e-01,7.417221502301264702e-02,1.499396755887215660e-01,8.255507395325975550e-02,-1.172974663747263120e-02,7.076276866705392965e-02,1.877608472228428360e-01,1.749676035569060206e-01,-2.618079449483891041e-01,-4.529558961526430894e-01,-2.343759774788864436e-01,-2.323875061441529888e-01,-5.616158005272799958e-01,-4.286831404441663884e-01,-4.142901827606237930e-01,-3.453013986326466944e-01,-1.915590508959292282e-01,-1.303141337861387916e-01,-5.711962107332767546e-01,7.326064614147191623e-02,-4.783100227892220224e-01,6.897537870324857434e-02,1.968407882389740515e-01,-2.202064435408195298e-01,3.061128736762143143e-01,-3.921131417847088518e-01,4.797175923857187607e-01,-1.061933062245855458e-01,1.099423566736672797e-01,-2.211939764958219812e-01,3.946735779078600626e-01,3.106170963850037881e-01,3.138433352696724521e-01,2.253675320613074684e-01,9.191206041378077729e-02,-7.555297377005228132e-02,2.622994771884356036e-01,2.443004602529156855e-01,2.017873899638053525e-01,5.663345100317261627e-02,2.920282407614281373e-01,1.468519594262478190e-01,2.663479154564546980e-01,1.720050046918986664e-01,-6.868045935922069412e-02,1.756646856427901138e-01,-2.355779972295455466e-02,3.092899593368783062e-01,1.352383931364225522e-01,-1.347200500469189766e-01,2.515036418070512592e-01,3.003753518923991117e-01,-1.958175074846954800e-01,-2.420662227981589809e-01,-2.125206666964565005e-01,2.714821931274856159e-01,-2.360784664194110483e-01,7.578533446534697904e-02,-9.240806112873676398e-03,2.338621028642924038e-01,1.407122749005764416e-02,-1.537602216363554986e-01,-2.401313731623397063e-01,-1.732159613923767716e-01,-5.218865901067964996e-01,-2.676571786049421475e-01,-6.097323383529201779e-01,1.384467581214531562e-01,-7.775637874793333015e-01,-5.285356807721525163e-01,-2.034183833057777446e-01,1.078511104160150141e-01,-3.581974172215022789e-01,-3.669556280441485518e-01,1.029045086911836993e-01,1.108405201304794724e-01,-2.411278430671611739e-01,-1.397917690692166703e-01,2.041199338665713459e-01,-3.636757674605657353e-01,1.456856874748648223e-01,-2.259931185486393490e-01
-1.188748380177845343e-01,-4.481880334241922920e-02,-3.909334644085973309e-01,1.009517851557263507e-01,4.118593324098485109e-02,2.060235041780240361e-01,1.072165869788641174e-01,1.000000000000000000e+00,2.591670762768666925e-01,-2.595737074936324204e-02,1.106215648599133128e-01,6.923008177309084576e-01,8.930247106662496381e-02,5.552571607310424762e-01,-1.192010366861790127e-01,1.212699405692837101e-01,-1.374190088922650765e-01,2.907636623620358379e-02,-2.474373296393940769e-01,1.534027436435944462e-02,-3.081102819607667853e-01,3.285848339961571218e-01,-3.273247240716743445e-01,-1.378077662093927236e-01,-6.448679565664239277e-01,-3.269270298047276535e-01,-2.159479869520532780e-01,-7.242950980830242802e-02,1.522409401671209576e-02,6.826935966754546503e-02,-1.618347557978462026e-01,-8.780106349702845869e-02,-1.788685821529112097e-01,-2.303945663345100328e-02,-4.975423387997676139e-01,-5.712855802314670273e-01,-4.763572992537646877e-01,-4.700612181062603367e-01,-1.127172795924750864e-01,-4.077930202421913702e-02,-2.465659770320389743e-01,6.096340319049108752e-02,-3.895527056615576966e-01,-2.967692926404218445e-01,-4.211180124223602439e-01,-3.279637159837347493e-01,-9.112114035479690344e-02,-7.977121408463291874e-02,2.498815854148978832e-01,1.248268465972563607e-01,3.008445417578980430e-01,1.509718932928191537e-01,1.258814066759015027e-01,3.896510121095670114e-03,3.630546494481433628e-01,2.389293534116805895e-01,-8.782340587157602685e-02,2.977434201706957162e-01,3.284418427990526967e-01,5.368470441038473151e-01,4.595334912194468102e-01,8.059564770543813372e-01,3.343893829036149734e-01,6.968541936637026035e-01,-4.790696635238393397e-01,-1.169221144823271857e-01,-5.246972608248804404e-01,-3.603467536529782467e-01,-3.217972206086062714e-01,-8.239867733142678188e-03,2.228785915367085257e-01,4.093569864605210024e-02,2.735913132847759277e-01,2.603199428035211649e-01,6.379641628312257562e-02,2.813351803029625828e-02,1.700299387818937358e-01,2.783323651637695795e-01,-3.160686357746101405e-01,-2.088028955717413648e-01,1.280709593815630709e-01,9.512936234863041129e-02,-8.810938826578489091e-02,-2.946959202824075974e-02,-8.097323383529202168e-02,1.909066535591402713e-01,-5.472988069171991904e-02,4.738817641538942832e-02,1.992090799410161372e-01,2.081549667098619161e-01,-1.049778810491979048e-01,-3.599356539613030037e-01,2.559095580678314580e-02,-4.388667947629474320e-01,-9.608114750435675644e-02,4.782608695652174058e-02,-6.430135394789758541e-02,7.699182269091559006e-02,3.395013182000983232e-01,-9.300683676661156141e-02,3.034675365297823668e-01,-1.949774342017069617e-01,-7.560212699405692571e-02,-4.514500201081370762e-02,-2.776710308771616065e-01,-5.531435720988426841e-01,6.535591402654274129e-02,-1.637785423834845211e-01,1.783055543143125254e-01,1.933062245855489414e-02,-1.822333437597747907e-01,-1.246704499754233836e-01,3.622592609142499809e-02,-8.015103445194154963e-02,-2.119710442825863406e-01,-1.478841771303454067e-01
-3.118995486840341336e-01,1.547700969659055459e-01,-4.206711649314089363e-01,-2.866750078198310736e-01,5.389293534116805784e-01,1.499575494883596261e-01,-3.136824701729299947e-01,2.591670762768666925e-01,1.000000000000000000e+00,2.770007596407346173e-01,4.914428705482818543e-02,3.028598239420885463e-01,-5.863532776263461616e-02,2.983511327583895367e-01,2.932526028866347945e-01,8.355154385808123696e-02,-3.419902587246972381e-01,-1.030206890388310481e-01,-2.698958845346083497e-03,2.610125564144957222e-01,-1.097904285267438246e-01,-1.060503150274811207e-01,-3.988918182224406861e-01,-4.723669511595692261e-01,-2.582242280709594051e-01,9.943697216140130746e-02,2.670896822914339275e-01,7.780061664953751011e-02,-2.418562044774118514e-01,-8.841771303454130926e-02,3.427454309844050195e-01,3.954466240672058763e-01,-3.783010858394030007e-02,7.494526118235846079e-02,3.897403816077572858e-02,-1.350819965145895647e-02,-1.480182313776308156e-01,-3.414451047857366417e-01,3.257518209035255990e-02,-1.340363733857634354e-01,1.242236024844720543e-03,-1.004960007149559818e-02,-1.597032932660083226e-01,-6.854640511193529732e-03,-1.254479646096787193e-01,-6.593234728986996362e-02,2.098842664998435900e-02,-2.623307565128021879e-01,-2.898699673801331464e-02,-9.073685151257875059e-02,-1.717458331471468924e-01,-3.171678806023504049e-01,1.237320702444255800e-02,-4.674605657089235256e-01,2.178470887885964602e-01,-1.534742392421466484e-01,-2.677822959024084848e-01,2.163769605433665533e-01,7.120067920818624885e-02,4.851423209258680092e-01,2.025336252736940901e-01,4.173108717994548633e-01,3.975110594754010518e-01,3.467313106036909454e-01,3.550650163099334372e-02,1.182224406809955775e-01,-1.876759461995620992e-03,9.272085437240269734e-02,-1.440412887081639060e-01,-2.058626390812815649e-02,1.287278251932615358e-01,2.213682470172929906e-01,1.361946467670583916e-01,1.543634657491398110e-01,-8.311363331694892470e-03,4.131105053845122999e-02,-1.961526431029089745e-01,3.583716877429733282e-03,-3.821886590106796794e-02,-1.557486929710889811e-01,-1.049153224004647222e-01,1.001519281469234607e-01,-3.213771839671120123e-01,1.381384333526967378e-01,3.476652218597792721e-01,-4.255775503820546229e-02,3.202109120157290434e-01,5.325975244649001628e-01,4.475669154117699611e-01,-1.348630412440234017e-01,1.540149247061977644e-01,-1.259886500737298354e-01,-6.258545958264444264e-02,-3.412976451137226808e-01,-1.864694579739934743e-01,-5.558782787434648348e-02,8.714419768532999377e-02,8.418606729523213025e-03,2.402877697841726556e-01,6.176326019929397754e-02,3.198489655480584726e-01,-1.274364359444121741e-01,3.327852004110997131e-01,4.242950980830242913e-01,-1.069574154341123434e-01,-3.228249698377943511e-01,6.700031279324367151e-02,3.139773895169578610e-01,3.390231913847803480e-02,-2.558604048438268275e-01,-1.293400062558648644e-01,-2.535278609410608341e-01,-3.814871084498860365e-01,-2.336386791188167500e-01,-2.848786809062067160e-01,1.517806872514410876e-01
4.813441172527816586e-02,1.392376781804370231e-02,1.697573618124134306e-02,-5.178962420126011212e-02,5.197819384244157792e-01,4.710576880110818321e-01,1.098038339514723627e-01,-2.595737074936324204e-02,2.770007596407346173e-01,1.000000000000000000e+00,1.768443630189016624e-01,3.459046427454309791e-02,9.346708968229143488e-02,-3.978283211939764863e-02,2.107913669064748197e-01,3.159122391527771634e-01,1.244649001295857760e-01,2.037535189239912392e-01,6.601724831315072817e-02,6.637919478082129898e-02,7.050806559721167766e-02,-3.395147236248268613e-02,9.579963358505741433e-02,-5.948433799544215750e-02,3.296840788238973863e-01,4.945842084096697677e-01,5.278117878368112637e-01,4.279503105590062306e-01,1.670718083917958896e-01,1.910407078064256803e-01,3.510121095670047930e-01,3.941820456678135631e-01,1.763572992537646988e-01,1.567853791500960770e-01,1.304973412574288449e-01,9.587559765851914884e-02,3.333661021493364296e-01,5.134277671030876983e-02,2.152330309665311248e-01,1.953349121944680244e-01,3.153938960632736155e-01,1.149247061977747009e-01,-2.836141025068144098e-02,-8.587068233611867829e-02,-2.526028866347915583e-02,-6.535144555163323321e-02,3.038562938469100468e-04,-9.104517628133518281e-02,-2.241431699361008112e-01,-2.951204253988113924e-01,-3.125742883953706586e-01,-3.498324321908932721e-01,-2.299700612181062587e-01,-1.944054694132892336e-01,-9.357433308011975370e-02,5.219625541802582619e-02,1.206756334063184277e-01,7.299700612181062032e-02,4.231645739309173801e-03,3.260199293980964308e-02,-1.517940926761696292e-02,-2.408954823718664762e-02,1.071495598552214129e-01,-8.603154743286116346e-02,1.207739398543277165e-01,1.049287278251932604e-01,2.144778587068233711e-01,2.195138299298449447e-01,2.302739175119531689e-01,1.504312078287680376e-01,1.891147951204253941e-01,2.093703918852495571e-01,2.676482416551231314e-01,2.212163188703695493e-01,2.619956208945886655e-01,2.093435810357924809e-01,-1.139997318915054320e-01,-9.786853746816211175e-02,2.029894097144644416e-01,2.788864560525492475e-01,4.535055185665132216e-02,3.188927119174225777e-01,2.664998436033781670e-02,3.189195227668796817e-01,8.777425264757138246e-02,-5.290674292863845746e-02,3.272576969480316400e-01,3.913043478260869734e-01,1.538495911345457746e-02,4.976987354216005910e-02,6.340765896599490775e-03,-8.241655123106483849e-02,-2.118459269851199755e-01,-1.247776933732517024e-01,-8.061575584253094506e-02,9.262254792439340856e-02,-5.796058805129809116e-02,1.971446445328209618e-01,-2.060279726529335442e-01,-9.457973993476026520e-02,-3.205549845837615819e-01,-1.286071763707046789e-01,1.586308592877250928e-02,1.403771392823629227e-01,-1.112337459225166414e-01,-3.185128915501139746e-02,-2.673488538361857292e-01,2.709012913892488439e-01,1.867420349434738003e-01,5.607489163948344707e-02,-7.187095044461325188e-02,-2.496402877697841693e-01,-2.284597166986907235e-01,-1.426426560614862116e-01,-1.093703918852495655e-01,9.679610348987890966e-02
3.191697573618124117e-01,-3.344206622279816132e-02,2.993252602886634639e-01,1.813798650520577205e-01,4.735242861611332205e-02,8.243442513070288469e-02,4.693820099200142759e-01,1.106215648599133128e-01,4.914428705482818543e-02,1.768443630189016624e-01,1.000000000000000000e+00,3.126368470441038272e-01,8.201706957415434429e-01,3.958934715581571839e-01,4.914160596988247920e-01,3.421064390723446147e-01,-2.335671835202645166e-02,5.994012243621252289e-02,4.163680235935475205e-01,-5.026140578220653077e-02,-1.610393672639528206e-01,-3.818311810179186166e-02,4.301666741141248473e-01,2.609455292908530177e-01,1.813083694535055079e-01,6.918986549890522586e-02,1.114348272934447409e-01,1.126145046695562757e-01,5.107466821573796584e-03,1.600384288842218172e-01,2.646767058402967332e-01,3.276732651146163633e-01,4.170561687296125974e-01,2.610438357388623065e-01,2.493587738504848272e-01,9.520532642209214580e-02,6.327807319361901384e-02,-9.315429643862549458e-02,-1.601322668573215979e-01,1.444389829751105969e-01,2.555163322757942890e-01,1.975959604986818052e-01,-2.049510701997408202e-01,-3.245006479288618517e-01,-3.093167701863354102e-01,-4.634165959158139114e-01,-3.714285714285714413e-01,-4.324590017427052402e-01,-3.512534072121185069e-01,-3.606461414719156489e-01,-1.272532284731221208e-01,-2.450779748871710073e-01,-4.484561419187631515e-01,-1.436972161401313675e-01,-2.629250636757674564e-01,1.620671164931409003e-01,2.018097323383529207e-01,4.413065820635417302e-02,2.517181286027078690e-01,-1.125921622950087075e-01,6.099602305733052843e-01,8.432459001742705074e-02,5.808257741632780746e-01,1.240359265382724868e-01,4.125564144957326040e-01,2.801152866526654406e-01,2.361812413423298729e-01,1.974753116761249483e-01,1.099602305733053259e-01,4.755797846195093659e-02,3.515483265561463733e-01,4.805308548192501750e-01,4.359086643728495303e-01,2.919835560123330009e-01,3.392823629295321775e-01,3.282139505786674794e-01,2.414361678359175922e-01,2.887930649269404570e-01,-1.582823182447830601e-01,3.043656999865945734e-01,-1.287188882434425197e-01,3.856964118146476439e-01,1.599222485365744684e-01,1.075695964967156720e-01,5.291433933598462813e-01,3.814871084498860365e-01,1.745341614906832373e-01,3.092586800125117219e-01,-4.519415523481835895e-02,2.953081013450109538e-01,-2.378301085839402973e-01,-2.149604539970507988e-01,-2.533089056704946329e-01,-1.487510612627910012e-01,-2.157871218553107928e-01,-2.917467268421287674e-01,-2.356897091022834012e-01,-1.439653246347021853e-01,-2.269538406541847242e-01,-8.034764734796014107e-02,-3.821886590106796655e-01,-3.530988873497475228e-02,-4.408820769471379353e-01,-1.651637696054336635e-01,-3.591581393270476541e-01,-2.094865722328969060e-01,-3.777112471513472403e-01,-2.804414853210599259e-02,-4.245051164037713762e-04,-1.350328432905849307e-01,-3.495732606461414704e-01,-3.817284060949997504e-01,-1.512936234863041240e-01,-3.089146074444791834e-01,9.403905447070914914e-02,-3.714643192278475614e-01
-5.710264086867151978e-02,1.544885830466062038e-01,-4.844452388399839160e-01,-1.442825863532776198e-01,1.295768354260690702e-01,3.360293131954063955e-02,-1.296662049242593429e-01,6.923008177309084576e-01,3.028598239420885463e-01,3.459046427454309791e-02,3.126368470441038272e-01,1.000000000000000000e+00,2.956611108628625084e-01,8.071584968050404818e-01,1.250815496670986127e-01,3.521426337191116418e-01,-7.373430448188032782e-02,2.275526162920595286e-01,-8.581706063720452582e-02,1.727780508512444801e-01,-1.384244157469055880e-01,3.980562134143617037e-01,-3.473256177666562139e-01,-2.546047633942535304e-01,-4.491576924795567249e-01,-1.627105768801108132e-01,-6.322891996961436771e-03,2.247642879485231820e-03,2.013584163724920773e-01,3.929978998167925064e-01,9.918226909155905546e-02,6.767952097948970458e-02,-1.513472451852182835e-02,1.691764600741766864e-02,-4.258545958264444153e-01,-4.464006434603869922e-01,-3.370391885249564567e-01,-3.981857991867375768e-01,-1.388131730640332351e-01,-3.087716162473747895e-03,-1.524956432369632131e-01,1.821439742615845181e-01,-2.054381339648777838e-01,-6.211180124223602064e-03,-2.444836677242057388e-01,-2.658563832164082541e-01,1.301979534384914428e-01,6.984226283569418270e-02,3.138567406944010041e-01,1.279011573350015696e-01,3.859421779346708936e-01,1.394879127753697601e-01,2.303722239599624577e-01,-3.886232628803789474e-02,4.781849054917556852e-01,3.505876044506009981e-01,-5.454667322042986571e-02,4.216676348362303761e-01,1.987443585504267418e-01,4.576790741319987643e-01,4.130211358863219995e-01,6.001340542472853867e-01,5.042137718396710877e-01,7.967424817909647405e-01,-3.490191697573618024e-01,-2.899235890790473058e-01,-4.896152643102908986e-01,-3.751686849278341174e-01,-2.376066848384646435e-01,5.949774342017069562e-02,3.012377675499351981e-01,1.791366906474820275e-01,5.125027927968184294e-01,5.258680012511729451e-01,2.030609053130166541e-01,3.222083203002815144e-01,3.062960811475043399e-01,4.644175342955449426e-01,-1.765851914741498607e-01,3.943875955136511707e-02,1.640689932526028794e-01,1.116448456141918705e-01,-4.289289065641896381e-02,1.300192144421108975e-01,6.146834085526609731e-02,1.093301756110639372e-01,1.609723401403101162e-01,3.220206443540819530e-01,2.253049734125742998e-01,9.345815273247240484e-02,-2.288306001161803382e-01,-5.657670137182180259e-01,-2.584610572411635832e-01,-6.664104741051879444e-01,-2.401179677376111543e-01,-6.039590687698288829e-02,-3.101568434693239076e-02,6.392600205549846260e-02,5.115063228919969340e-01,-4.513159658608516776e-04,2.911792305286206028e-01,-4.428169265829572376e-01,4.669556280441485019e-02,-1.175208901202019762e-02,-3.884981455829125685e-01,-6.781268153179319524e-01,-1.361723043925108234e-01,-1.367263952812904915e-01,1.901604182492515338e-01,-5.304079717592385425e-03,-1.912417891773537659e-01,-1.893069395415344636e-01,-2.272398230483935744e-01,-3.882657848876178847e-02,-1.648241655123106608e-01,-3.244157469055811149e-01
3.273425979713123768e-01,1.264578399392287398e-03,2.937932883506859105e-01,5.179409267616962020e-02,-5.336252736940882285e-02,3.707493632423253943e-02,4.685642790115733258e-01,8.930247106662496381e-02,-5.863532776263461616e-02,9.346708968229143488e-02,8.201706957415434429e-01,2.956611108628625084e-01,1.000000000000000000e+00,4.208052191786942897e-01,4.610661781134098858e-01,3.723848250592072806e-01,2.487153134635149143e-02,1.245855489521426329e-01,3.308369453505518587e-01,-4.108762679297555537e-02,-2.465525716073104223e-01,-4.657044550694847823e-02,4.374547566915411578e-01,2.653559140265427385e-01,1.377183967112024787e-01,-1.740292238259082136e-01,-5.519013360739979251e-02,2.739175119531703922e-02,8.883328120112604989e-03,1.507261271727959318e-01,6.011886143259305426e-02,7.511953170382948408e-02,2.808168372134590696e-01,4.011796773761115015e-02,1.699495062335225071e-01,-6.328254166852853579e-02,7.250100540685464057e-02,-4.140935698646051877e-02,-2.204790205102998280e-01,6.248715313463514692e-02,1.493945216497609418e-01,2.469592028240761294e-01,-1.977478886456052465e-01,-3.384869743956387955e-01,-2.783055543143125310e-01,-5.029402564904598139e-01,-2.820143884892086228e-01,-3.105366638366325316e-01,-2.332722641762366433e-01,-2.805487287188882517e-01,-3.807140622905402262e-03,-1.299566557933777289e-01,-3.939586219223378816e-01,3.252156039143840049e-02,-2.254747754591358011e-01,2.100406631216765740e-01,2.403413914830868359e-01,8.456141918763125653e-02,2.796952500111711815e-01,-2.509718932928191593e-01,6.220966084275436625e-01,2.576075785334465407e-02,5.127932436659368154e-01,1.387952991643952028e-01,3.714732561776665776e-01,1.308414138254613834e-01,5.587827874346485563e-02,-8.152732472407167585e-02,6.449349836900665489e-02,-3.845569507127217374e-02,2.884802716832745029e-01,4.167165646364895393e-01,3.809062067116493200e-01,2.512221278877518893e-01,4.017918584387148440e-01,2.641315519013360813e-01,2.709057598641583797e-01,2.912730685017203558e-01,-1.606729523213727140e-01,2.518745252245408461e-01,-1.932615398364538051e-01,3.119442334331292699e-01,1.017918584387148689e-01,-2.083649850306090387e-02,4.301398632646677433e-01,2.420304749988828885e-01,-3.677554850529514419e-03,2.624692792349970771e-01,-2.977344832208767000e-02,3.007060190357030982e-01,-3.249385584699941987e-01,-1.160194825506054850e-01,-3.086018142008132847e-01,-4.806738460163546139e-02,-2.043478260869565355e-01,-2.769873542160060653e-01,-2.564413065820635440e-01,-1.742124312971982669e-01,-2.339693462621207365e-01,-7.751910273023816800e-02,-4.533535904195897803e-01,5.415791590330220132e-03,-4.401269046874301538e-01,-2.169623307565128056e-01,-3.428884221815094446e-01,-1.325304973412574361e-01,-2.432235577997229614e-01,-2.037803297734483154e-01,4.122614951517047238e-02,-9.188524956432370105e-02,-2.193172170338263671e-01,-1.966620492425935063e-01,2.299030340944635542e-02,-1.883015326868939521e-01,1.616649537512846735e-01,-3.641583627507931631e-01
