1.000000000000000000e+00,1.113543947450735053e-02,6.343402296796103457e-01,-4.908172840609500293e-02,2.747397113365208643e-01,-2.313776308146029900e-02,7.760445060100987780e-01,-2.126457839939228656e-01,2.259931185486393490e-01,-1.743286116448456158e-01,6.511238214397425672e-01,-1.320523705259394887e-01,5.187988739443227804e-01,-3.744045757183073198e-01,1.452835247330086232e-01,-3.934045310335582690e-01,3.513114973859421952e-01,-7.013718217972206292e-02,4.453460833817418085e-01,3.287099512936234591e-01,7.448053979176906536e-02,-4.528799320791813965e-02,2.806961883909022126e-01,8.310469636712990160e-02,-1.158675544036820299e-01,-3.594039054470709038e-01,2.372313329460655207e-01,3.783502390634076451e-01,2.143661468340855303e-01,-1.649180034854104415e-01,2.017561106394387682e-01,1.339872201617587910e-01,1.259752446490012834e-01,2.090978149157692589e-01,-7.124983243219089324e-02,-2.251619822154698469e-01,-2.980472764645426473e-03,-2.918807810894141763e-01,-3.132400911568881605e-03,-1.359846284463112620e-01,1.088297064211984494e-01,1.608561597926627673e-01,1.712096161580052844e-01,2.555967648241655107e-02,-5.945305867107555930e-02,-1.897269761830287227e-01,2.136377854238348528e-02,-1.995174047097725556e-01,3.304213771839671354e-01,-3.816077572724429264e-03,4.459314535948880609e-01,-8.240314580633630037e-02,1.962822288752848754e-01,-2.208320300281513826e-01,2.025872469726082425e-01,-1.636981098351132646e-01,8.371821797220608818e-01,-6.631216765717860319e-03,3.355556548549979978e-01,-1.661602395102551588e-01,6.332007685776844808e-01,-1.941373609187184435e-01,5.015103445194155629e-01,-1.479869520532642313e-01,5.210018320747128451e-01,-3.430805666026185419e-01,-1.350462487153134550e-01,-2.838017784530139642e-01,4.605746458733634419e-01,-1.497922159167076328e-01,4.875106126279100949e-02,-1.089771660932123826e-01,3.978685374681621423e-01,1.546896644175342894e-01,2.412797712140846429e-01,8.801555029268511021e-02,2.480316368023593454e-01,1.047857366280888353e-01,1.335359041958979476e-01,-1.596139237678180500e-02,4.654944367487376389e-01,-2.661289601858885523e-01,-2.383931364225390023e-02,-1.176772867420349394e-01,2.657893560927655496e-01,-6.202868760891907529e-01,-5.694177577192904155e-02,-2.084186067295232259e-01,2.900442379016041627e-01,-2.864739264489030157e-01,-4.863041244023414561e-02,-2.291210509852987243e-01,-2.844765181643504892e-01,-1.760132266857321603e-01,-2.020018767594619902e-01,-2.077170561687296246e-01,-9.348943205683900304e-02,-9.181822244068099659e-02,2.678940077751463256e-01,-5.986415836275079533e-02,-1.495017650475892468e-01,-1.651995174047097836e-01,1.300504937664775096e-01,-2.834800482595290286e-02,-1.183699003530095176e-02,-1.421332499218016798e-01,-6.258545958264444264e-02,-5.531971937977567949e-02,-1.366325573081907108e-01,-1.816837213459046307e-01,-5.770231020152821744e-01,-8.999508467759953848e-03,1.427230886098574542e-02,1.143929576835426010e-01,1.819652352652039728e-01,-1.463738326109298993e-01
1.113543947450735053e-02,1.000000000000000000e+00,1.312391080924080744e-01,5.326332722641762274e-01,-2.243844675812145251e-01,-2.794316099915098994e-01,-8.427543679342240635e-02,4.779748871710085556e-01,-3.900576433263327480e-01,-5.207560659546896925e-02,-1.618034764734795905e-01,4.077706778676437605e-01,-2.945618660351221885e-01,2.731042495196389641e-01,-5.828946780463827304e-01,-1.080432548371240836e-01,-1.287099512936234758e-01,4.500692613610974835e-01,1.112248089726976252e-01,5.127664328164797114e-01,-1.259573707493632511e-01,-1.388355154385808032e-01,2.503105590062111863e-01,3.032798605835828054e-01,-1.107154028330130935e-01,-2.806515036418070763e-01,-1.434693239197461778e-01,-2.684078823897403931e-01,-2.167612493855846922e-01,1.327449841369140737e-01,1.667053934492157830e-01,1.874257116046293414e-01,5.708432012154252000e-01,5.846910049600071435e-01,-1.637338576343893848e-01,-2.188882434425130641e-01,-3.635327762634612547e-01,1.607980696188390790e-01,-1.667590151481299354e-01,4.696367129898565765e-03,4.556950712721748176e-02,1.829348943205683919e-01,-1.988828812726216588e-01,4.128423968899414681e-02,-2.028553554671790604e-01,5.595871129183609821e-02,-9.275213369676929553e-02,3.438491442870548337e-02,5.989543768711738658e-02,3.290942401358416536e-01,-1.450824433620805098e-01,2.966039590687698513e-01,-4.224585548952142777e-01,-1.119933866571339171e-01,-4.110103221770409765e-01,-1.095625363063586349e-01,1.701103713302649922e-01,9.124447026229948188e-01,8.034317887305063646e-03,4.659770320389651221e-01,-1.734081058134858688e-01,3.420349434737923744e-01,-1.460252915679878527e-01,6.251172974663746773e-01,-1.711023727601769517e-01,2.629831538495911447e-01,1.882211001385227234e-01,1.938245676750525170e-01,4.384244157469056047e-01,2.475311676124938576e-01,-3.148129943250368434e-01,-6.272398230483935966e-02,1.322489834219580940e-01,3.281469234550247749e-01,2.841950042450511540e-02,1.220161758791724338e-01,-3.282094821037579574e-02,9.192993431341882349e-02,-1.211761025961839155e-01,1.320747129004870568e-01,-3.061441530005808986e-01,3.612627910094284855e-01,-2.925108360516555650e-01,1.395594083739219726e-01,-3.137584342463917153e-01,2.719022297689798195e-01,-1.231958532552839686e-01,2.225300504937664965e-03,-3.177666562402252093e-01,-1.350864649894990832e-01,-4.821573796863130590e-01,-2.542919701505876318e-01,-2.424281692658295795e-01,1.199204611466106601e-01,8.690736851512578798e-02,3.811609097814915720e-02,9.684525671388355406e-02,1.468072746771526826e-01,-2.162697171455382206e-01,-7.385495330443719864e-02,-1.637249206845703686e-01,1.751508110281960739e-01,-3.892488493677107725e-02,1.186826935966754509e-01,1.246972608248804737e-01,1.063497028464185229e-02,1.158943652531391061e-01,1.393136422538987507e-01,2.147102194021180410e-02,6.251396398409223357e-03,-2.701639930291791503e-01,-2.109969167523124411e-01,-3.490236382322713382e-01,-1.802806202243174283e-01,-3.390678761338754982e-02,-1.844943920639885715e-01
6.343402296796103457e-01,1.312391080924080744e-01,1.000000000000000000e+00,2.347736717458331346e-01,3.988247910987979816e-01,-5.161982215469860386e-02,8.042048348898520604e-01,-1.072880825774163299e-02,1.983690066580276190e-01,-1.055498458376156190e-01,4.303543500603244087e-01,-2.948255060547835260e-01,3.785513204343357585e-01,-4.424862594396532511e-01,5.672728897627239697e-02,-2.637651369587559746e-01,2.169489253317842536e-01,-3.080566602618526467e-02,6.845792930872692805e-01,5.683319183162786059e-01,1.911345457795254610e-01,2.581750748469547330e-01,6.051074668215737917e-01,4.105545377362705972e-01,-6.169623307565128001e-02,-3.250055855936369031e-01,3.721614013137315990e-01,2.759908843111845700e-01,2.191876312614504663e-01,-5.986862683766030341e-02,2.436882791903123568e-01,2.361365565932347366e-01,1.764243263774074033e-01,2.857098172393762181e-01,-1.152866526654452821e-02,-2.284999329728763517e-01,-1.164797354662853585e-01,-1.200053621698914108e-01,4.222261941999195384e-02,-7.594173108717994225e-02,1.264399660395906788e-01,3.467670584029670655e-01,1.736628088833281069e-01,1.289289065641896492e-01,4.808972697618302955e-02,-1.985432771794986284e-01,-6.572679744403235602e-02,-2.298762232450064780e-01,7.940479914205281209e-02,-1.600741766834979096e-01,8.077215246436390828e-02,-1.390678761338755010e-01,-7.069574154341123906e-02,-2.894409937888198781e-01,2.960811475043567675e-02,-1.985254032798605961e-01,6.213280307431073846e-01,1.527190669824388947e-01,1.008579471826265700e-01,-1.462665892131015666e-01,2.303945663345100259e-01,-3.343670405290674053e-01,2.540640779302024144e-01,-8.507529380222529636e-02,5.063452343715090231e-01,-2.950891460744448080e-01,1.187273783457705803e-02,-1.729389159479869653e-01,3.767281826712542969e-01,6.264801823137763209e-03,3.351356182135037300e-03,-1.085839403011752170e-02,3.790517896242012741e-01,1.788998614772777940e-01,3.030117520890120431e-01,1.341034005094061399e-01,8.122793690513427367e-02,5.215603914384020490e-02,1.320613074757585326e-01,4.510478573662808632e-02,3.244336208052192028e-01,-9.269404352294562111e-02,-2.774922918807810890e-02,-6.004289735913132670e-02,1.893114080164439994e-01,-4.936056124044863602e-01,-2.093480495107019959e-02,-1.618570981723937707e-01,1.133562715045355052e-01,-2.582331650207784213e-01,-9.609008445417578648e-02,-2.457795254479646085e-01,-2.237320702444255682e-01,9.256892622547924221e-02,-3.785245095848786823e-02,-1.029357880155502974e-01,-4.485901961660485049e-02,4.736583404084186190e-03,-2.621207381920550444e-02,-1.873497475311676208e-01,-1.229411501854417027e-01,1.155458242101970595e-01,1.726752759283256555e-01,1.939496849725188821e-01,-2.606908262210107588e-02,-9.581303900978596633e-02,-3.517136601277983526e-02,-2.719513829929844778e-02,-1.863890254256222456e-01,-1.957281379865052073e-01,-5.659591581393270676e-01,-1.622994771884355980e-01,-1.564413065820635385e-01,-2.613610974574377688e-02,-3.118995486840341405e-02,-2.886366683051074800e-01
-4.908172840609500293e-02,5.326332722641762274e-01,2.347736717458331346e-01,1.000000000000000000e+00,6.768398945439921266e-02,1.179453952366057434e-01,1.212163188703695438e-01,8.376066848384646768e-01,-2.004647213905893788e-01,3.119755127574958542e-01,-7.887305062782072607e-02,4.625675856830063770e-01,-6.401090307877921326e-02,3.166093212386612565e-01,-2.635372447383708128e-01,3.449215782653380219e-02,-1.340855266097680798e-01,2.190222976897984730e-01,7.394879127753697934e-02,4.913981857991867597e-01,5.447070914696813988e-03,1.686044952857589652e-01,1.531301666741141376e-01,5.274900576433263488e-01,-1.215291121140354841e-01,-3.037222395996246396e-02,-1.316859555833593994e-02,-8.351132758389562261e-02,5.473881764153894561e-03,3.392108673309799372e-01,3.246615130256043646e-01,3.164663300415568314e-01,4.817864962688234720e-01,5.614459984807185222e-01,5.513204343357611809e-02,4.738370794047991330e-02,-4.111399079494168496e-01,1.533625273694088076e-01,-4.473390231913847853e-02,6.561955404620403720e-02,2.877250994235667353e-02,1.944590911122034138e-01,-1.862415657536082847e-01,5.316591447339023141e-02,1.501496939094686955e-01,3.066267482908083611e-02,-1.146253183788372987e-01,-7.596407346172751171e-04,-1.422851780687251488e-01,-7.417668349792215683e-03,-4.137629027213012289e-01,5.084230752044327506e-02,-6.618347557978462303e-01,-3.190669824388935871e-01,-3.294472496536932082e-01,-1.439161714106975409e-01,-3.004602529156798901e-02,5.722865186111979474e-01,-3.026944903704365669e-02,3.945082443362080693e-01,-5.494883596228607170e-02,5.476116001608650752e-01,-8.219759596049867889e-02,5.440412887081639282e-01,-1.118727378345770601e-01,5.055096295634300407e-01,2.293310693060458538e-01,3.229858349345368640e-01,2.252781625631171958e-01,6.905134277671030885e-02,-9.484784842933106919e-02,2.610348987890432904e-01,1.133294606550784150e-01,3.187810000446847369e-01,4.134232986281782124e-02,2.245900174270521465e-01,-6.859108986103043537e-02,3.557352875463604125e-02,-6.949819026766164420e-02,1.880423611421421781e-01,-1.872246302337012280e-01,3.537110684123508375e-01,-2.645828678671969247e-01,-7.712140846329147703e-02,-1.554716475266991471e-01,3.454712006792081680e-01,-5.600339604093122758e-02,9.058939184056481742e-02,-3.188390902185084252e-01,9.373519817686223887e-02,-4.367085213816524480e-01,-2.379328835068591219e-01,-1.696769292640421811e-01,1.383797309978104517e-01,1.453326779570132676e-01,1.435899727423030625e-01,8.192948746592787490e-02,1.230841413825461417e-01,-3.672907636623620187e-01,-2.478126815317931997e-01,1.960319942803521176e-01,6.242459448590195921e-03,5.524822378122346694e-02,1.687966397068680346e-01,-7.831449126413154993e-02,-1.411367800169802122e-01,1.697931096116895300e-01,2.674024755350998817e-01,-1.551231064837571005e-01,8.677778274274990447e-03,-2.474283926895750607e-01,-3.744939452164975924e-01,-5.304437195585146592e-01,-3.792439340453103158e-01,-2.973501943786585611e-01,-2.969971848608070064e-01
2.747397113365208643e-01,-2.243844675812145251e-01,3.988247910987979816e-01,6.768398945439921266e-02,1.000000000000000000e+00,4.902185084230751833e-01,5.622235131149738718e-01,5.304079717592385425e-03,6.795031055900621064e-01,2.054828187139729201e-01,2.886053889807408956e-01,-1.059073238303766956e-01,4.571160462934000801e-01,-3.319183162786540908e-01,3.859511148844899098e-01,-8.791277536976629947e-02,1.875329550024576741e-01,-4.814334867509718896e-02,3.620626480182314033e-01,1.813753965771482124e-01,5.703561374502882225e-02,1.172304392510836041e-01,2.318468206801018727e-01,1.918182224406810021e-01,1.593279413736091998e-01,1.787389963805353140e-03,3.517628133518030387e-01,3.362974216899772273e-01,4.180973233835292291e-01,7.256803253049734503e-02,2.540149247061977977e-01,2.419634478752401840e-01,4.945261182358461072e-02,-8.767147772465257866e-03,3.062692702980472637e-02,9.952187318468207200e-02,-9.322579203717770713e-02,-1.718352026453371373e-01,-6.749631350819965125e-02,-2.308146029760042850e-01,-2.304839358327002985e-01,1.775816613789713561e-01,-2.391259663076991948e-01,-2.472094374190088872e-01,-3.709727869878010759e-02,-4.186871620715849618e-01,-1.714464453282094902e-01,-4.657133920193037846e-01,-1.546360427186201369e-01,-4.576969480316367966e-01,-2.829885160194825500e-02,-4.031547432861164459e-01,-1.047231779793556528e-01,-3.131060369096027585e-01,3.351356182135037387e-02,-2.835068591089860979e-01,2.612717279592475239e-01,-1.920282407614281317e-01,4.169087090575986088e-03,-3.378613879083068872e-01,2.522141293176639043e-01,-1.290048706376513699e-01,2.918003485410429199e-01,-2.372268644711559848e-01,4.259216229500871198e-01,-9.708655435899726793e-02,-2.288216631663613221e-01,-2.812860270789579453e-01,5.214263371911166678e-02,-2.036418070512533984e-01,2.491532240046472058e-01,2.523169042405826734e-01,3.577416327807319552e-01,1.722105545377362601e-01,3.296885472988069221e-01,1.409044193216855145e-01,1.371285580231466905e-01,-1.451360650609946797e-02,1.856025738415478799e-01,-5.439474507350641058e-02,3.953036328701014512e-01,-2.728450779748871693e-02,-1.530184548013762968e-01,-3.558425309441887729e-01,4.273113186469457703e-01,-3.371374949729657455e-01,1.451360650609946797e-02,-2.062201170740426415e-01,2.151079136690647597e-01,-2.513517136601278179e-01,5.579337772018409802e-02,-1.344832208767147708e-01,-4.523883998391348832e-02,1.481567540998257326e-01,-8.168372134590463907e-02,-9.920907994101613170e-02,-2.615845212029134503e-02,-1.298940971446445325e-01,7.976227713481388870e-02,-2.455337593279413866e-01,4.100540685464051371e-01,1.134143616783591796e-01,4.936905134277670970e-01,3.241342329862818006e-01,2.860270789579516526e-02,-1.645515885428303349e-01,1.107288082577416316e-01,1.387774252647571427e-01,-1.528531212297243036e-01,-2.723848250592073028e-01,-2.252826310380267316e-01,-7.792573394700388900e-02,-1.692971088967335502e-01,-1.800214486795656543e-01,-1.198221546986013714e-01,-3.208677778274274806e-01
-2.313776308146029900e-02,-2.794316099915098994e-01,-5.161982215469860386e-02,1.179453952366057434e-01,4.902185084230751833e-01,1.000000000000000000e+00,1.065820635417132067e-01,6.036909602752580511e-02,3.174896107958353753e-01,5.928057553956834758e-01,8.582152911211403390e-02,2.006568658116984760e-01,1.625675856830063881e-01,-6.684838464632021464e-03,2.777157156262567428e-01,1.606952946959202821e-01,-9.970508065597211145e-02,-2.156485991331158758e-01,-1.044684749095133869e-01,-1.265829572366951039e-01,6.834085526609767758e-02,4.019393181107287771e-02,-1.415970329326600718e-01,7.719290406184368958e-02,1.274989945931453705e-01,3.758791724384467625e-01,2.947495419813217499e-01,4.428035211582286856e-01,1.469994190982617521e-01,1.423745475669154215e-01,1.969256892622547883e-01,2.510523258411904157e-01,2.491174762053710925e-02,-3.995710264086867192e-02,1.794360784664194020e-01,3.102640868671522334e-01,1.663613208811832653e-02,-1.494079270744894661e-01,5.281737343044819004e-03,-9.538406541847267717e-02,-2.829080834711112935e-01,-2.261361097457437741e-01,-4.049063854506456672e-01,-3.252156039143840327e-01,-2.201751642164529177e-01,-4.057688011081817536e-01,-2.608070065686581285e-01,-1.895929219357433415e-01,-3.361991152419679385e-01,-4.166003842888422182e-01,-1.758255507395325989e-01,-2.600026810849457304e-01,-2.106126279100942744e-01,-2.833996157111577929e-01,-4.169087090575986088e-02,-9.991509897671923754e-03,-1.028821663166361311e-01,-2.662496090084454092e-01,-9.424907279145627870e-02,-1.382367398007060266e-01,1.443719558514678925e-01,1.502792796818445964e-01,6.715670941507663472e-02,-1.007685776844362974e-01,-1.014299119710442842e-01,4.581080477233120257e-02,-1.783144912641315416e-01,-9.865945752714598560e-02,-7.943607846641941028e-02,-7.785423834845167645e-02,1.419142946512355341e-01,3.150364180705125250e-01,1.965682112694937256e-02,-6.651771750301621600e-02,1.488002144867956594e-03,1.435274140935698661e-01,1.750346306805487251e-01,-3.829929844943920358e-02,-8.217972206086063269e-02,-9.014254434961348206e-02,-2.847312212341927828e-02,-1.250815496670986127e-01,-1.172080968765360359e-01,-1.789534831761919742e-01,4.803610527726887014e-02,-2.486259439653246486e-02,1.071361544304928748e-01,1.751910273023817022e-01,-4.544438982975110286e-02,9.735019437865856384e-02,1.032351758344876858e-01,7.769337325170919129e-02,2.037713928236292993e-01,-1.559497743420170659e-03,2.290942401358416480e-01,1.736628088833281069e-01,1.649582197595960420e-01,-4.711559944590910931e-02,6.801912507261272112e-02,-6.513249028106707361e-02,4.405826891282005331e-01,-2.090844094910407069e-01,3.372492068457035863e-01,1.015371553688726031e-01,2.222217257250100608e-01,1.000134054247285437e-01,2.938960632736047351e-01,3.401537155368872800e-01,5.114169533938067030e-02,2.354886277313552809e-02,2.143482729344474702e-01,-1.193619017829214840e-01,-8.210375798739889819e-02,-8.966441753429554851e-02,2.492962152017516586e-02,-1.862460342285178136e-02
7.760445060100987780e-01,-8.427543679342240635e-02,8.042048348898520604e-01,1.212163188703695438e-01,5.622235131149738718e-01,1.065820635417132067e-01,1.000000000000000000e+00,-4.899682738281424532e-02,4.276911390142544289e-01,-9.081281558604048509e-02,6.195897940033067153e-01,-2.697394879127753553e-01,6.531525090486617335e-01,-4.578667500781983257e-01,3.187810000446847369e-01,-2.844631127396219927e-01,3.390276598596899116e-01,-1.297421689977210912e-01,5.765315697752356749e-01,3.904329952187318709e-01,1.994637830108584031e-01,1.505697305509629547e-01,3.792260601456722835e-01,2.398364538183118122e-01,-1.535725456901559371e-01,-2.510567943160998960e-01,3.729344474730774128e-01,4.165735734393851142e-01,3.302337012377675740e-01,-7.632601992939809510e-02,3.039948165691049864e-01,2.381607757272442838e-01,9.713123910809240424e-02,1.657536082934894239e-01,-7.909200589838688220e-03,-1.379060726574020401e-01,-1.249385584699941841e-02,-2.676214308056660274e-01,8.391349032575182165e-02,-6.203136869386478153e-02,4.361231511685061818e-02,2.340855266097680853e-01,1.087850216721033131e-01,-2.311095223200321583e-02,-2.361588989677822908e-02,-3.199249296215201932e-01,-9.774342017069574673e-02,-3.130836945350551903e-01,9.148755529737701009e-02,-2.820233254390276390e-01,2.174672684212878015e-01,-2.610840520130479625e-01,8.301979534384915094e-02,-2.524554269627776182e-01,1.794673577907860140e-01,-2.417087448053979182e-01,6.328432905849233903e-01,-6.441306582063541231e-02,2.572232896912283739e-01,-2.620313686938647857e-01,5.574690558112516126e-01,-2.344117252781625638e-01,4.728584833996157255e-01,-2.102462129675141955e-01,5.711202466598149785e-01,-3.255194602082309152e-01,-9.097368068278297026e-02,-2.653112292774476022e-01,2.552392868314044549e-01,-1.728495464497966927e-01,1.894365253139103644e-01,5.514098038339514986e-03,4.074623530988873421e-01,9.303811609097814572e-02,3.330756512802180436e-01,1.739130434782608717e-02,2.006077125876938316e-01,4.539076813083694345e-02,1.426515930113052277e-01,-5.641449573260646361e-02,4.451494704857232310e-01,-2.878144689217569940e-01,1.105947540104562296e-02,-1.894275883640913483e-01,3.333616336744268938e-01,-6.591492023772286268e-01,3.074310737745207609e-03,-1.897001653335716465e-01,2.495464497966843886e-01,-2.302426381875865846e-01,6.842128781446892016e-02,-1.420304749988828830e-01,-1.557397560212699372e-01,6.468117431520621630e-02,-1.348853836185709698e-01,-2.042093033647616185e-01,-1.565128021806157510e-01,-1.734215112382143931e-01,5.949774342017069562e-02,-2.016309933419723754e-01,5.238839983913490261e-02,6.756334063184234878e-03,1.991912060413780772e-01,7.697841726618705194e-02,-1.064703516689753798e-01,-1.750793154296438614e-01,-1.148621475490415184e-01,-9.791322221725724806e-02,-1.766343446981545329e-01,-2.278296617364493626e-01,-5.248134411725278170e-01,-8.085258501273515086e-02,-5.810804772331203127e-02,4.468474909513383067e-03,2.492515304526565084e-02,-2.551275749586666142e-01
-2.126457839939228656e-01,4.779748871710085556e-01,-1.072880825774163299e-02,8.376066848384646768e-01,5.304079717592385425e-03,6.036909602752580511e-02,-4.899682738281424532e-02,1.000000000000000000e+00,-1.984539076813083558e-01,3.290272130121989491e-01,-2.096519058045488992e-01,5.177443138656776522e-01,-1.193887126323785741e-01,5.566289825282630943e-01,-2.509450824433620553e-01,6.880110818177756493e-02,-1.887081639036596870e-01,2.011528665266544558e-01,-5.275481478171500233e-02,3.933643147593726130e-01,-1.899146521292282841e-01,-4.670449975423388023e-02,-9.222932213235622567e-02,2.819026766164707820e-01,-9.035703114527011970e-02,1.146163814290182721e-02,-1.257339470038875695e-01,-2.545243308458822740e-01,-1.432816479735466164e-01,2.929040618436927201e-01,2.128692077393985471e-01,2.122212788775190984e-01,3.666830510746681981e-01,4.498592430403503539e-01,4.575718307341704316e-02,9.699718486080700919e-02,-3.942267304169086994e-01,1.492649358773850410e-01,-8.811832521560392095e-02,7.299253764690111224e-02,-8.815854148978953531e-02,4.153000580901738265e-02,-1.426024397873005833e-01,1.244783055543143141e-01,9.574601188614326186e-02,1.516153536797890944e-01,-5.361276196434156677e-02,9.087537423477366760e-02,-3.303990348094195534e-02,8.836855981053666487e-02,-3.300638991912060449e-01,1.412887081639036535e-01,-4.861656016801465530e-01,-1.696903346887707331e-01,-2.513919299343134184e-01,-1.483846463202109223e-01,-2.184458644264712368e-01,5.137092810223871098e-01,4.075249117476205385e-03,4.226328254166852871e-01,-8.968229143393359123e-03,7.213593100674740022e-01,-9.730997810447294949e-02,5.312837928415031774e-01,-3.252781625631172013e-01,6.072791456275973276e-01,2.105098529871754776e-01,3.964430939720273717e-01,3.060905313016667323e-03,-8.251932615398364923e-02,2.245855489521426246e-02,1.909692122078734400e-01,5.268778765807229786e-02,3.446043165467626013e-01,9.772554627105769359e-03,1.990482148442736521e-01,-1.107734930068367610e-02,3.881317306403324341e-02,-1.010322177040975933e-01,7.035166897537870057e-02,-2.538227802850887005e-01,3.218240314580633754e-01,-3.083828589302470835e-01,-2.139773895169578555e-01,-1.329550024576612033e-01,3.618973144465794101e-01,-1.294338442289646451e-01,6.899325260288663442e-03,-2.494570802984941160e-01,7.571830734170427457e-02,-2.940971446445328485e-01,-1.427543679342240523e-01,-8.007507037847982206e-03,4.901470128245229846e-02,5.367978908798427123e-02,8.200992001429911749e-02,4.239242146655346211e-02,7.490504490817284644e-02,-2.670315921176102392e-01,-1.270744894767415756e-01,2.267795701327137148e-01,-8.134411725278162253e-02,-3.074310737745207522e-02,4.875552973770052451e-02,-1.483578354707538183e-01,-2.077438670181867009e-01,2.790115733500156403e-02,8.960632736047187408e-02,-2.076142812458108000e-01,7.706331828946780260e-02,-2.463470217614728217e-02,-1.655391214978327863e-01,-4.302515751374055841e-01,-2.716028419500424729e-01,-2.231556369810983598e-01,-1.862370972786987766e-01
2.259931185486393490e-01,-3.900576433263327480e-01,1.983690066580276190e-01,-2.004647213905893788e-01,6.795031055900621064e-01,3.174896107958353753e-01,4.276911390142544289e-01,-1.984539076813083558e-01,1.000000000000000000e+00,2.427543679342240579e-01,2.532865632959471203e-01,-3.698556682604227097e-01,5.054068546405111606e-01,-4.156351937083873072e-01,5.744313865677643793e-01,-2.392868314044416592e-02,8.755976585191474482e-02,-2.825818848027168428e-01,2.861566647303275257e-01,-7.259484337995442127e-02,1.103981411144376451e-01,6.826489119263595695e-02,1.800303856293846982e-01,-5.336699584431833093e-02,1.137539657714821961e-01,5.560570177398453662e-02,2.499888288127262159e-01,2.661870503597122406e-01,2.225345189686759872e-01,-1.452209660842754269e-01,-3.577907860047365579e-02,-3.705706242459448629e-02,-1.764332633272264195e-01,-2.645828678671969247e-01,1.229009339112560883e-01,1.983600697082085751e-01,1.783368336386791098e-01,-9.904374636936413845e-02,3.896956968586621356e-02,-8.907904732114929613e-02,-6.343446981545199093e-02,1.393404531033558269e-01,-3.051610885204879553e-01,-4.111220340497788173e-01,-1.098842664998436053e-01,-3.913937173242772460e-01,-3.134322355779972091e-01,-5.111711872737834117e-01,-2.258635327762634482e-01,-4.533089056704946440e-01,-5.367085213816524120e-02,-5.112337459225166914e-01,4.863488091514366063e-02,-2.561642611376737100e-01,7.555744224496178940e-02,-2.600428973591313309e-01,1.669913758434246331e-01,-4.244604316546762846e-01,-1.209169310514321416e-01,-4.549398990124670639e-01,3.330264980562134269e-01,-1.736359980338710307e-01,1.432682425488180922e-01,-4.580767683989454553e-01,4.391751195317038503e-01,-1.693239197461906265e-01,-2.672371419634478884e-01,-3.956521739130434701e-01,-1.909245274587783314e-01,-2.818177755931900452e-01,3.418383305777737968e-01,5.766120023236069592e-02,8.770275704901916991e-02,-9.137137494972966123e-02,1.361767728674203592e-01,-5.153045265650833123e-02,1.218419053577014105e-01,-4.612359801599714287e-02,1.317529827070020865e-01,-1.274185620447741141e-01,3.800929442781179057e-01,-2.522230662674829205e-01,1.190491085392555576e-01,-1.905536440412887167e-01,4.929889628669735235e-01,-3.529335537780955434e-01,4.277671030877161495e-02,-2.341883015326868822e-01,3.581259216229500941e-01,-1.678984762500558559e-01,2.977568255954242682e-01,2.072478663032307003e-02,7.570043344206622837e-02,4.299119710442825953e-02,-4.791098797980249124e-02,1.984002859823941981e-03,-5.696411814647660971e-02,-2.286473926448903127e-01,4.792886187944054438e-02,-1.845569507127217401e-01,1.719379775682559619e-01,7.015058760445060104e-02,2.220921399526341600e-01,8.909245274587783425e-02,-8.642030474998882439e-02,-1.419277000759640861e-01,5.898386880557666100e-03,3.731176549443674696e-03,-9.702399571026408542e-02,-1.807453416149068237e-01,-7.250994235667367060e-02,-1.136780016980204651e-02,-3.939854327717949578e-02,-2.212029134456409973e-01,-1.400688145136065044e-01,-1.105098529871754720e-01
-1.743286116448456158e-01,-5.207560659546896925e-02,-1.055498458376156190e-01,3.119755127574958542e-01,2.054828187139729201e-01,5.928057553956834758e-01,-9.081281558604048509e-02,3.290272130121989491e-01,2.427543679342240579e-01,1.000000000000000000e+00,-1.073863890254256187e-01,2.133294606550784345e-01,-5.881406675901514752e-02,2.247285401492470636e-01,2.597122302158273444e-01,5.339470038875732127e-01,-1.356048080790026311e-01,-8.579471826265695376e-04,-9.671567094150766708e-02,-2.859377094597613869e-02,7.756825595424281239e-02,1.760132266857321673e-02,-2.000312793243665954e-01,9.003976942669467132e-03,2.610929889628669717e-02,3.889807408731399962e-01,5.840743554224943346e-02,1.586978864113678112e-01,-1.268153179319898155e-02,1.480495107019973999e-01,-2.497877474417981025e-02,5.633853165914473604e-02,4.761606863577461102e-02,8.158988337280485836e-02,9.023191384780374080e-02,3.155681665847446249e-01,-1.537736270610840505e-01,-7.461906251396398237e-02,-1.881227936905134276e-02,7.855132043433575573e-02,-3.137673711962107315e-01,-1.551946020823093131e-01,-2.689128200545153891e-01,-9.436972161401313564e-02,-7.206756334063184333e-02,-1.076410920952678846e-01,-1.632959470932570656e-01,6.754993520711381760e-02,-3.177353769158586250e-01,-2.046695562804414781e-01,-3.432548371240895513e-01,-8.316278654095357603e-02,-3.719603199428035412e-01,-2.044461325349658243e-01,-1.173242772241833848e-01,8.291255194602081824e-02,-1.525582018856964095e-01,5.091380311899548761e-02,-2.078645158407435578e-01,1.639751552795030987e-01,-2.973323204790205218e-02,3.550784217346619753e-01,-1.033379507574064965e-01,1.711917422583672244e-01,-2.563966218329684077e-01,3.236516376960543173e-01,1.098351132758389609e-01,2.856383216408239778e-01,-5.174493945216497581e-02,1.801242236024844581e-02,-9.922248536574466982e-02,2.225300504937664792e-02,-2.750882523794628831e-01,-1.692166763483622938e-01,-5.724116359086643679e-02,1.342776710308771493e-01,1.030877161624737526e-01,1.317172349077259941e-01,-4.737477099066089020e-02,3.831717234907725672e-02,-4.943920639885607260e-02,3.917958800661334312e-02,1.975065910004915413e-03,8.371240895482372213e-02,-7.477545913579694559e-02,2.352875463604271744e-01,1.058268912820054530e-01,2.958175074846954855e-01,-1.096295634300013394e-01,1.363823227132579530e-01,5.103892041646185956e-02,-1.321774878234058780e-02,1.318468206801018949e-01,-1.705259394968497155e-01,2.999642522007238687e-01,2.974395638768488337e-01,3.550203315608382870e-01,1.405737521783815280e-01,7.815809464229858672e-02,5.721882121631886864e-02,2.014522543455918580e-01,-3.069484784842932967e-01,1.738862326288037885e-01,-2.404039501318199976e-02,7.878814960453997540e-02,-4.491710979042852492e-02,1.551722597077617449e-01,1.637338576343893848e-01,-9.336878323428214610e-02,1.718307341704276292e-01,4.128915501139461264e-01,-1.786496268823450570e-02,-2.308548192501899132e-01,-2.005719647884177115e-01,6.639260020554985098e-02,-2.068903883104696549e-03
6.511238214397425672e-01,-1.618034764734795905e-01,4.303543500603244087e-01,-7.887305062782072607e-02,2.886053889807408956e-01,8.582152911211403390e-02,6.195897940033067153e-01,-2.096519058045488992e-01,2.532865632959471203e-01,-1.073863890254256187e-01,1.000000000000000000e+00,-9.097814915769247834e-02,6.107690245319272737e-01,-3.719513829929844695e-01,8.596005183430895091e-02,-4.185397023995710009e-01,5.116135662898252390e-01,-1.020152821841905331e-02,3.246570445506948288e-01,2.137226864471155896e-01,2.302783859868626770e-01,7.314893426873407545e-02,2.492470619777469865e-01,1.468966441753429553e-01,-2.238705929666204818e-03,-2.352071138120559457e-01,4.917243844675812103e-01,5.055587827874346019e-01,3.928861879440547211e-01,6.790741319987488034e-02,3.902900040216274458e-01,3.505741990258724461e-01,3.104830421377183791e-01,3.572456320657759754e-01,7.431073774520756403e-03,6.750525045801868129e-02,-1.638008847580320893e-01,-3.503463068054872842e-01,-8.289914652129228012e-02,-3.899012467044997710e-01,-1.832253451896867502e-01,2.144867956566423681e-03,-1.732427722418338617e-02,-1.579024978774744292e-01,-9.151883462174359440e-02,-1.746056570892354498e-01,6.620045578444076761e-02,-1.778587068233611901e-01,1.649269404352294577e-01,-1.366861790071048632e-01,2.679252870995129099e-01,-2.867509718932927942e-01,5.927431967469502794e-02,-2.908709057598641845e-01,-1.434380445953795970e-02,-3.917958800661334173e-01,4.847044103847356622e-01,-1.484829527682202110e-01,1.471424102953662050e-01,-3.024219134009562548e-01,5.094418874838018141e-01,-1.343089503552437614e-01,5.961034898789043801e-01,-4.695920282407614610e-02,4.440591626078019827e-01,-2.334912194468028168e-01,-2.032575182090352595e-01,-2.804414853210599468e-01,2.869475847893114273e-01,-1.240984851870056693e-01,3.056973055096295910e-01,5.073506412261494930e-02,3.586844809866392425e-01,2.373743241431699458e-01,3.179632691362437868e-01,2.120470083560480890e-01,3.407122749005764284e-01,8.412797712140845929e-02,1.684346932391974638e-01,-6.727288976272398358e-02,4.824567675052504612e-01,-1.540640779302024088e-01,-2.117431520622011787e-01,-7.832342821395057997e-02,3.200321730193484981e-01,-5.753787032485813135e-01,-2.184994861253854170e-01,-3.184458644264712701e-01,3.376379641628312056e-01,-4.572858483399615537e-01,1.550113946110192632e-02,-8.902542562223512979e-02,-4.155234818356495080e-02,5.799186737566468242e-02,-1.828008400732829830e-01,-2.733053308905670220e-01,-1.377407390857500469e-01,-2.484248625943965283e-01,8.539255552080074474e-02,-3.247151347245185171e-01,1.407569596496715744e-02,1.036686179007104830e-01,1.755216944456856887e-01,2.002770454443898382e-02,4.234773671745833273e-02,-2.906832298136646231e-01,1.149783278966888533e-01,4.423790160418249184e-02,-2.884311184592698307e-01,-3.598194736136556826e-01,-3.857321596139237641e-01,-1.731712766432816353e-01,3.891594798695205415e-02,-8.065597211671656636e-03,8.297957906966352271e-02,-3.137003440725680270e-01
-1.320523705259394887e-01,4.077706778676437605e-01,-2.948255060547835260e-01,4.625675856830063770e-01,-1.059073238303766956e-01,2.006568658116984760e-01,-2.697394879127753553e-01,5.177443138656776522e-01,-3.698556682604227097e-01,2.133294606550784345e-01,-9.097814915769247834e-02,1.000000000000000000e+00,6.366683051074668864e-02,7.692256132981812877e-01,-2.399481656910496530e-01,1.670181866928817094e-01,-7.824299566557933738e-02,4.055945305867107442e-01,-2.932257920371776905e-01,3.941194870190804084e-02,-2.174449260467402611e-01,-3.305733053308905767e-01,-1.048885115510076460e-01,2.617409178247463997e-01,2.442468385540015260e-02,8.010634970284641332e-02,-2.840386076232181978e-01,-2.144287054828187267e-01,-2.518432459001742826e-02,3.559542428169265582e-01,4.255641449573260848e-01,3.374905044908173002e-01,3.480897269761830115e-01,3.210688591983555940e-01,-7.041869609902140503e-02,4.354081951829840563e-02,-3.263193172170338330e-01,1.006032441127843041e-01,-2.985790249787747541e-01,-1.564993967558872268e-01,-2.232360695294695885e-01,-1.220608606282675701e-01,-2.205192367844854562e-01,8.990571517940926238e-02,-6.844809866392599640e-02,1.085035077528039710e-01,8.763126145046695736e-02,1.901693551990705500e-01,-6.239331516153536622e-02,2.804057375217838266e-01,-1.680593413467983480e-02,4.928861879440546989e-01,-2.471513472451852267e-01,1.577997229545556046e-01,-1.805531971937977542e-01,2.795165110147906362e-01,-3.092854908619688259e-01,4.377898923097546802e-01,1.830063899191206045e-01,5.593055989990616261e-01,-7.653156977523571658e-02,5.641360203762455505e-01,-7.916796997184860629e-02,5.887394432280262935e-01,-3.396845256713883487e-01,4.826221010769024544e-01,-4.884936771080030521e-02,2.529737700522811661e-01,-9.097814915769247834e-03,-5.905983287903838336e-02,4.601188614325930903e-02,3.933777201841011650e-01,1.353411680593413491e-01,2.974440323517583695e-01,-1.040439697931096058e-01,2.133115867554403744e-01,1.083337057062424558e-01,1.896242012601099258e-01,-1.073819205505161106e-01,8.617900710487511051e-02,-4.414406363108271392e-01,3.504088654542204528e-01,-4.600607712587693743e-01,-1.828991465212922718e-01,-4.694535055185665162e-01,3.613208811832521739e-01,-2.464229858349345492e-01,6.304571249832431612e-02,-4.423164573930917221e-01,2.869833325885874920e-01,-4.016890835157960749e-01,-2.087224630233701361e-02,-2.971267706331828795e-01,2.805308548192501916e-02,-1.171723490772599297e-01,-1.027302381697126760e-01,-1.775771929040618341e-02,7.935117744313865962e-02,-1.649269404352294577e-01,1.388444523883998472e-01,2.575762992090799286e-01,-9.159926717011483699e-02,2.340363733857634410e-01,2.135439474507350721e-01,9.773448322087671669e-02,1.908485633853165830e-02,8.464632021091202108e-02,1.808972697618302927e-01,2.448724250413333945e-03,3.290584923365655334e-02,1.095982841056347412e-01,-3.975155279503105737e-02,-3.449171097904284999e-01,-1.137316233969346280e-01,1.090888779659502233e-01,-1.108449886053889805e-01
5.187988739443227804e-01,-2.945618660351221885e-01,3.785513204343357585e-01,-6.401090307877921326e-02,4.571160462934000801e-01,1.625675856830063881e-01,6.531525090486617335e-01,-1.193887126323785741e-01,5.054068546405111606e-01,-5.881406675901514752e-02,6.107690245319272737e-01,6.366683051074668864e-02,1.000000000000000000e+00,-1.137137494972965679e-01,5.134054247285401162e-01,-1.178247464140488865e-01,3.340631842352205227e-01,-5.945752714598507432e-02,3.470709146968140035e-01,2.917914115912239106e-02,1.305420260065239813e-01,1.503641807051253436e-02,2.655346530229232838e-01,2.092810223870592845e-01,-1.468832387506144033e-01,-6.900218955270566445e-02,1.664864381786496372e-01,2.924080611287367404e-01,3.907815362616738897e-01,7.446713436704052724e-02,3.325662451405335118e-01,1.537825640109030667e-01,-9.029447249653693719e-02,-1.098842664998436053e-01,3.882211001385227345e-02,6.894409937888199003e-02,1.201572903168148659e-01,-1.673041690870905873e-01,4.779480763215514239e-02,-1.263863443406765263e-01,-2.319138478037445841e-02,9.743509540193931451e-02,-3.637785423834845322e-02,-7.098172393762008925e-02,-2.716832744984136808e-02,-2.244112784306716013e-01,-5.953795969435631691e-02,-2.708432012154251556e-01,-3.210599222485365639e-02,-2.531391036239331593e-01,2.474954198132177374e-01,-1.066044059162607749e-01,1.732159613923767716e-01,-7.010143438044595665e-02,2.481656910496447543e-01,-2.850886992269538196e-03,1.636802359354752323e-01,-2.834443004602529292e-01,2.211224808972697686e-01,-2.337057062424594545e-01,4.744224496179453854e-01,-1.898923097546807159e-01,3.433486750971893042e-01,-2.522766879663970729e-01,4.149425800974127498e-01,-2.012064882255686082e-01,-3.418740783770499170e-01,-3.343759774788864769e-01,-1.437419008892265038e-01,-3.813307118280530594e-01,4.643639125966307901e-01,1.943652531391036331e-01,3.871888824344251190e-01,1.037579873989007556e-01,2.538987443585504211e-01,1.257875687028017220e-01,2.381786496268823439e-01,5.098083024263818513e-02,2.511685061888377368e-01,-4.656597703203896321e-02,2.906608874391170549e-01,-2.034898789043299572e-01,-6.725948433799544546e-02,-2.558916841681934118e-01,1.828812726216542395e-01,-5.679163501496938826e-01,-9.469145180749810597e-02,-1.571428571428571397e-01,1.832253451896867502e-01,1.582286965458688799e-02,2.034317887305062689e-01,9.881138567406944073e-02,-1.537155368872603900e-01,4.961794539523660397e-02,-3.373296393940747873e-01,-2.863219983019795190e-01,-3.499575494883596094e-01,-3.115286652665445466e-01,-1.156843469323919765e-01,-1.010277492291880713e-01,1.559274319674694986e-01,-3.671298985656195474e-02,2.170025470306984339e-01,1.093435810357924892e-01,-2.229456186603512302e-01,-2.427007462353098777e-01,-1.495956030206890275e-01,-1.152509048661691793e-01,-2.181196657580767584e-01,-2.747843960856160006e-01,-2.574243710621564873e-01,-9.138031189954869127e-03,-1.135662898252826347e-01,-7.285401492470619522e-02,-5.687921712319585210e-02,-1.990839626435497445e-01
