0.000000000000000000e+00,2.670360605925197750e-01,3.376826489119263419e-01,5.476562849099602531e-02,-4.701729299789981359e-02,1.697662987622324537e-01,4.711247151347245365e-01,1.747978015103445193e-01,1.862951874525224649e-01,2.307297019527235482e-01,5.147146878770275658e-01,3.188703695428750373e-02,3.293757540551409679e-01,3.607399794450154296e-02,1.006300549622413804e-01,-3.043254837124089729e-01,-1.098574556503865290e-01,-3.372760176951606348e-01,4.329728763572992523e-01,2.270968318512891493e-01,-3.179141159122391702e-01,-1.311408016443987579e-01,5.510523258411904185e-02,-3.991241789177353561e-02,2.808436480629161389e-02,-2.138165244202153842e-02,-3.029179141159122485e-02,-4.447473077438670458e-02,-7.223736538719334466e-02,-3.857902497877474524e-01,-1.048840430760981240e-01,-1.543902765985968872e-01,1.949104070780642572e-01,6.194199919567451584e-02,-3.092184637383261006e-02,-6.235756736225925995e-02,-2.164127083426426457e-01,-3.960185888556235767e-01,-3.563072523347781129e-01,-3.071942446043165464e-01,-1.616426113767371331e-01,-4.603110058537021043e-01,1.300013405424728652e-01,-3.199874882702533757e-02,2.293623486304124381e-01,-7.563340631842352391e-02,-1.305241521068859281e-02,-2.391527771571562780e-02,-4.178917735376915660e-02,-1.339693462621207309e-01,-9.401671209616158098e-02,-2.248134411725278281e-01,2.062201170740426276e-02,-6.044506010098753268e-02,-9.775235712051476289e-02,-7.026676795209794990e-02,5.471245363957281116e-01,5.321953617230439082e-02,1.663121676571786001e-01,-5.507395325975244366e-02,3.276956074891639314e-01,-1.055632512623441571e-01,2.192680638098216950e-02,-1.055096295634300047e-01,1.104964475624469339e-01,-4.184816122257473681e-01,2.721301219893650352e-03,-8.953036328701013957e-02,3.555967648241655232e-01,9.603646275526163401e-02,1.869029000402162854e-01,6.743822333437597683e-02,2.371285580231466961e-01,2.011349926270163957e-01,1.226060145672282081e-01,-1.294964028776978381e-02,1.211135439474507330e-01,5.438133964877787420e-03,6.997631708297958296e-03,-4.076813083694534878e-01,-2.017471736896197243e-01,-6.096429688547299053e-01,-3.646722373653871752e-01,-5.649448143348675400e-01,-7.566021716788060014e-02,-1.942356673667277323e-01,-2.043254837124089673e-01,-1.808793958621922326e-01,-2.950087135260735446e-02,4.953751284686536138e-02,9.744850082666785263e-02,-7.370749363242325158e-02,8.087939586219223273e-04,1.793198981187720670e-02,-2.489476741588096120e-01,-1.322981366459627384e-01,7.326064614147191623e-02,9.407033379507574733e-02,4.046650878055319672e-02,7.813128379284149660e-02,8.035658429777917111e-02,-7.087001206488225714e-03,-1.991152419679163496e-02,-7.795254479646096524e-02,-1.876938200992001315e-01,-2.460655078421734587e-01,-2.917467268421287951e-02,-1.053308905670494594e-01,1.041556816658474466e-01,1.436033781670315868e-01,1.804995754948836018e-01,-1.492470619777469878e-03,-2.923276285803655047e-02,-1.519281469234550234e-03,-1.950802091246257586e-01,-2.348630412440234072e-01
2.670360605925197750e-01,0.000000000000000000e+00,-3.655748692971089175e-01,-1.455471647526699053e-01,-4.557844407703650486e-02,-3.466598150051387606e-01,-4.597926627641985564e-01,-8.719781938424416012e-02,-1.551990705572188212e-01,-2.712364270074623662e-01,4.412172125653514299e-02,2.258590643013539401e-01,-2.581661378971357168e-01,3.351847714375083553e-01,2.654274096250949354e-03,-2.000625586487331797e-01,-1.931096116895303638e-01,3.907904732114929058e-01,-8.811832521560392095e-02,3.634702176147280861e-01,5.383171723490772637e-02,6.376960543366548551e-02,-4.026408686715224339e-01,-5.031502748112068879e-01,-2.915545824210197257e-01,-4.844273649403458837e-01,7.832789668886008805e-02,-2.863219983019795190e-01,-1.090710040663121633e-01,2.483712408954823758e-01,2.356226819786406967e-02,-1.829259573707493758e-01,-2.336386791188167500e-01,-1.589123732070244488e-01,-5.161401313731623919e-01,-3.847490951338308207e-01,-1.317306403324545461e-01,1.077885517672818316e-01,-2.205862639081281606e-01,-2.356628982528262972e-01,1.765583806246927845e-01,4.894767415880960093e-02,-7.636623620358371813e-03,2.732561776665624054e-01,1.762366504312078419e-01,7.960588051298092549e-02,2.094463559587113055e-01,3.462442468385539818e-01,1.522454086420304831e-01,3.315519013360739842e-01,1.120961615800527278e-01,1.404173555565485509e-01,1.903525626703606033e-01,2.875910451762813194e-02,1.794405469413289378e-01,3.515393896063273571e-01,4.793869252424147742e-01,8.263148487421243527e-01,4.018946333616336963e-02,3.089235443942981996e-01,-2.439340453103355788e-02,1.858706823361186700e-01,4.982349524107421851e-02,5.562357567362259392e-01,-6.968899414629786682e-01,-3.470262299477188672e-01,-5.001161803476473766e-01,-5.091559050895929639e-01,1.703740113499262743e-01,2.764064524777693488e-01,-5.884087760847223070e-02,-7.398900755172259369e-02,-1.716028419500424396e-01,-5.648599133115867615e-02,6.144153000580901414e-02,2.628803789266723201e-02,-4.308280084007328203e-01,-4.683453237410071801e-01,1.412038071406229028e-02,-6.841681933955941208e-02,-5.791143482729344677e-02,4.263371911166718986e-02,1.032217704097591546e-02,1.195093614549354311e-01,-1.323115420706912626e-01,9.714464453282094930e-03,2.778944546226372880e-01,-1.756110639438759544e-02,1.992984494392064099e-01,-6.347021761472809720e-02,-2.501720362840162415e-01,-3.357031145270119032e-01,-2.092988962866973446e-01,-3.686357746101255883e-01,-3.298806917199160194e-01,-2.225702667679521074e-01,1.501854417087448157e-01,-5.317931989811876953e-02,-2.239286831404441735e-01,-4.491710979042852492e-02,2.381071540283301313e-01,-2.702310201528218547e-01,1.597390410652844150e-01,-2.662049242593502729e-01,-1.259126860002681147e-01,-2.232316010545600804e-01,2.237365387193350832e-02,7.730461593458152515e-03,6.620939273425979765e-02,1.796729076366236078e-01,1.902095714732561782e-01,-1.193038116090978096e-01,-2.355020331560838398e-01,-3.755082890209571200e-01,-3.174449260467402389e-01,-7.798382412082756343e-02
3.376826489119263419e-01,-3.655748692971089175e-01,0.000000000000000000e+00,4.234148085258501171e-01,-2.492068457035613582e-02,4.021135886321998143e-01,6.630189016488672316e-01,4.914384020733723601e-01,3.859511148844899098e-01,2.920505831359757054e-01,3.818311810179186166e-02,-6.720139416417177103e-02,2.180615755842530909e-02,9.905715179409267657e-02,1.362884847401581723e-01,-1.287278251932615358e-01,-2.498234952410742227e-01,-3.295500245766119773e-01,4.777201841011662897e-01,2.109835113275838892e-01,-2.405380043791054134e-01,-2.121944680280620221e-01,5.632378569194333995e-01,3.561687296125832236e-01,6.229500871352607050e-02,2.135752267751016564e-01,-2.698735421600607642e-01,-4.485008266678582739e-02,-2.349166629429375874e-01,-3.637517315340274560e-01,-5.399258233165020460e-02,6.898431565306760438e-02,1.973725367532061237e-01,1.172170338263550660e-01,3.013718217972206070e-01,2.762634612806649237e-01,-1.121542517538764022e-01,-1.820501362884847374e-01,-1.871844139595156206e-02,-2.293534116805934220e-01,-2.651816435050717291e-01,-2.685732159613923864e-01,9.570132713704812555e-02,-2.705482818713972892e-01,-3.847803744581974189e-02,-3.450779748871710129e-01,1.215246436391259621e-01,-2.935207113812056123e-01,2.234684302247642862e-02,-3.864068993252602890e-01,5.454667322042986571e-02,-4.478260869565217628e-01,1.166808168372134580e-01,-2.303454131105053815e-01,5.628490996023057663e-02,-4.673980070601903569e-01,-1.304258456588766324e-01,-4.371643058224228273e-01,1.453148040573752076e-01,-7.727333661021493216e-02,1.861745386299655802e-01,-2.748380177845301531e-01,-3.481031324009115635e-01,-3.371330264980562097e-01,4.441261897314446316e-01,-2.238839983913490372e-01,4.337057062424594656e-01,2.789624201260109682e-01,2.980517449394521901e-01,1.471334733455471611e-01,4.479824835783546844e-01,8.882434425130703026e-02,1.405916260780195604e-01,1.704812547477545792e-01,-6.408686715224093389e-02,6.517270655525268797e-02,4.394030117520890122e-01,2.410652844184279775e-01,2.928683140444166555e-01,-3.599624648107601077e-01,2.579203717771124879e-02,-5.308548192501899576e-01,-1.759864158362750841e-01,-4.017873899638053636e-01,3.725501586308592739e-01,-4.154117699629116811e-01,-6.618705035971222950e-02,-3.383529201483533866e-01,1.905849233656553010e-01,-3.030251575137405395e-01,4.945931453594887839e-01,2.926851065731265761e-03,4.052638634434067577e-01,-2.746324679386925177e-02,4.338889137137495224e-03,-5.669600965190580572e-02,-9.205058313597569257e-04,-1.539657714821931200e-01,1.242682872335671845e-01,-1.146297868537468206e-01,1.290942401358416425e-01,-1.429331069306045976e-01,1.645471200679208268e-01,-1.055677197372536791e-01,3.459940122436212795e-02,-2.208722463023370108e-01,1.682604227177264267e-01,-3.333661021493364296e-01,1.071540283301309210e-01,-1.418740783770499128e-02,-5.787121855310782548e-02,-1.441798114303588230e-01,-1.693283882211001345e-01,6.089637606684838306e-02,-1.081683721345904625e-01,-1.693149827963716103e-01
5.476562849099602531e-02,-1.455471647526699053e-01,4.234148085258501171e-01,0.000000000000000000e+00,2.035971223021582621e-01,2.813128379284150493e-01,3.805844765181643496e-01,5.022476428794852010e-01,2.698869475847893162e-01,2.413914830868224559e-01,-2.033915724563206684e-01,-1.253407212118503866e-01,-1.502211895080209081e-01,8.332365163769606120e-02,-4.068993252602886440e-02,-2.818982081415613017e-01,-3.467804638276956175e-01,-3.520622011707404408e-01,2.760266321104606901e-01,5.675409982572948014e-02,-2.403771392823629283e-01,-2.850350775280396931e-01,6.672058626390813263e-01,5.776933732517092190e-01,3.287993207918137317e-01,4.370302515751374184e-01,-3.530988873497475228e-02,5.229903034094463693e-02,-3.845346083381741553e-01,-2.245319272532284860e-01,1.077751463425532796e-01,2.623262880378926520e-01,1.299298449439206526e-01,1.173153402743643547e-01,3.162563117208097019e-01,3.797309978104472794e-01,-2.026229947718843627e-01,-7.255462710576880692e-02,-1.660529961124268261e-01,-2.285356807721524719e-01,-4.498190267661646979e-01,-1.266321104606997761e-01,-4.920684570356137488e-02,-3.452790562580991263e-01,7.228651861119800293e-02,-2.567138835515438491e-02,-1.680906206711649253e-01,-3.014120380714062075e-01,-1.127709012913892528e-01,-1.923544394298226101e-01,-1.781670315921176084e-01,-2.430671611778899843e-01,-3.487197819384244002e-02,-4.183386210286429291e-02,-2.661289601858885523e-01,-3.542830332007685934e-01,-2.790205102998346565e-01,-8.268912820054515056e-02,1.055453773627061144e-02,2.306537378792617998e-01,1.626882345055632451e-01,8.726484650788686459e-02,-3.963358505741990112e-01,-2.811698467313106242e-01,3.480048259529022747e-01,2.086509674248178958e-01,4.037133026498055943e-01,4.100049153224004650e-01,6.323785691943339948e-02,-5.273247240716743417e-02,2.866035122212788888e-01,1.860181420081326309e-01,-7.565128021806157531e-03,1.514232092586800249e-01,-2.166271951382993111e-01,3.544394298226015427e-02,2.583850931677018625e-01,1.487465927878814931e-01,1.777112471513472500e-02,-2.028419500424505084e-01,-7.007462353098888042e-02,-2.874346485544483909e-01,-4.085928772509942464e-01,-2.493006836766611667e-01,9.711783368336386613e-02,-9.853434022967960670e-02,-2.786675007819831018e-01,-2.764734796014120533e-01,-3.505071719022297833e-02,-1.814647660753384781e-02,1.650565262076053308e-01,1.778050851244470376e-01,2.297689798471781453e-01,5.699092899593368594e-02,-1.820590732383037536e-01,-1.176951606416729995e-01,-2.175521694445685661e-01,-1.887975334018499596e-01,-1.310648375709370372e-01,-2.007685776844363168e-02,-3.031413378613878953e-02,-9.715358148263997240e-02,2.408061128736762105e-02,-1.092497430626927085e-01,5.086018142008132820e-02,-1.018812279369051346e-02,-2.570311452701193322e-01,-1.966843916171410744e-01,1.832879038384199466e-01,1.829393627954779139e-02,1.301085839403011701e-01,-9.798471781580946061e-02,5.685240627373877587e-02,1.996201796326913525e-01,2.531793198981187598e-01,5.658429777916797188e-02
-4.701729299789981359e-02,-4.557844407703650486e-02,-2.492068457035613582e-02,2.035971223021582621e-01,0.000000000000000000e+00,2.486482863398722098e-01,-2.520219848965548227e-03,-8.496358192948746946e-02,6.247285401492470580e-01,4.082264623084141397e-01,2.109745743777648730e-01,1.830421377183967246e-01,-2.227087894901470105e-02,-2.885741096563742766e-02,3.202645337146431959e-01,3.231601054560078595e-02,-1.759327941373609316e-01,-2.575807676839894644e-01,7.795701327137048720e-02,-1.260378032977344798e-01,1.294740605031502734e-01,3.132847759059832760e-02,3.067295232137271510e-01,2.886545422047455123e-01,7.143080566602618697e-01,5.403101121587202682e-01,5.162473747709906968e-01,4.285222753474239310e-01,-1.608561597926627673e-01,-2.699405692837034826e-02,5.315429643862549236e-01,4.519773001474596819e-01,1.500871352607354992e-01,1.192367844854551190e-01,3.380222530050494001e-01,1.539434291076455519e-01,4.830868224674918221e-02,-5.318825684793779957e-02,-2.202511282899146383e-01,-1.167567809106751925e-01,-1.848250592072925580e-01,-1.996961437061531008e-01,-2.108673309799365472e-02,-1.137137494972965679e-01,-4.961347692032708895e-02,-4.868850261405782004e-02,-1.078689843156530742e-01,-1.274855891684168185e-01,-2.886679476294740643e-01,-6.843022476428795020e-02,-1.705214710219402074e-01,4.168193395594083778e-02,-3.261092988962867312e-02,1.564681174315206147e-01,-1.756468117431520537e-01,-1.196389472273113180e-01,-2.932838822110013788e-01,2.281603288797533560e-02,-1.924035926538272545e-01,-2.012198936502971602e-01,-4.687430180079538850e-02,-1.109745743777648674e-01,-2.825729478528978267e-01,-3.352607355109701315e-01,1.367219268063809834e-01,1.731980874927387115e-02,6.710308771616246837e-02,-3.150274811206935088e-02,-3.711381205594530552e-01,-3.986371151525984202e-01,1.366683051074668309e-01,2.447473077438670208e-01,-1.408686715224093944e-01,-1.143125251351713723e-01,-3.478439608561598173e-01,-1.004557844407703709e-01,1.077796148174628016e-01,1.120916931051432197e-01,-1.929710889673354468e-01,1.117118727378345767e-03,-3.562268197864069119e-01,-1.448545511416953480e-01,-2.107868984315653116e-01,-4.047544573037222676e-02,-3.205683900084901200e-02,3.195406407793020126e-02,-2.068144242370079100e-01,1.329415970329326513e-01,-6.407346172751239577e-02,1.489163948344429944e-01,-7.361812413423299284e-02,2.449439206398855984e-01,8.047723312033603499e-03,2.395236605746458858e-01,-1.900174270521471087e-01,-7.868090620671164270e-02,-1.693328566960096426e-01,-1.306224585548952100e-01,-2.485723222664104615e-01,9.295768354260690314e-02,-1.392019303811609099e-01,1.190088922650699294e-01,-2.279547790339157276e-01,-1.517940926761696292e-02,-3.133741454041735763e-02,9.279234997095490989e-02,-2.418159882032262509e-01,-1.206666964564993977e-01,4.513159658608516776e-04,2.769828857410965850e-01,2.299924035926538268e-01,-5.951114884489923373e-02,-4.388042361142142217e-02,-7.324277224183385615e-02,1.774342017069574229e-01,-3.397828321193976236e-02
1.697662987622324537e-01,-3.466598150051387606e-01,4.021135886321998143e-01,2.813128379284150493e-01,2.486482863398722098e-01,0.000000000000000000e+00,5.663926002055498232e-01,2.105321953617230457e-01,4.981545198623709703e-01,8.178515572635060016e-01,3.372804861700701706e-01,2.809911077349300790e-01,3.730685017203628218e-01,-3.391214978327896645e-01,6.582063541713213672e-02,3.937351981768622555e-01,1.782027793913937286e-01,-3.358773850484829682e-01,3.014075695964967272e-01,-6.237990973680682810e-02,-1.964967156709415130e-01,-1.800125117297466382e-01,4.231154207069127149e-01,5.638679118816747327e-01,5.583091290942401308e-01,6.921667634836230487e-01,1.710800303856293836e-01,3.879306492694043484e-01,1.462263729389159383e-01,-2.184592698511997888e-01,9.695250011171187288e-02,3.216140131373162458e-01,3.799767639304705291e-01,3.081862460342285059e-01,3.028240761428124816e-01,1.813530542026006442e-01,-2.806336297421689885e-01,-5.157200947316681328e-01,-2.137494972965726936e-01,-1.097591492023772264e-01,-4.574377764868850504e-01,-3.255954242816926358e-01,-2.475981947361365412e-02,-1.765807229992403526e-01,-2.604897448500826940e-01,-1.602618526296974710e-01,-2.387103981411144438e-01,-1.881317306403324507e-01,-4.397247419455739825e-01,-3.783100227892220446e-01,-3.941999195674516510e-01,-1.492828097770231011e-01,-2.770901291389248899e-01,3.388846686625854865e-01,-4.264265606148621712e-01,-2.888600920505831615e-01,-2.051253407212118574e-01,-4.559631797667456077e-01,-9.278788149604540181e-02,-3.288931587649135402e-01,9.483891147951203915e-02,4.852316904240582679e-02,-1.625631172080968800e-01,-4.863085928772509781e-01,5.449081728406095504e-01,3.081862460342285059e-01,3.028598239420885463e-01,3.512623441619375231e-01,9.732338352920148067e-03,-5.812145314804057633e-02,1.267036060592519886e-01,4.482684659725635901e-01,3.036060592519773116e-01,2.488359622860717713e-01,-2.835292014835336660e-01,4.891639483444300274e-02,5.117565574869297196e-01,5.162473747709906968e-01,-2.547030698422628192e-02,1.360248447204968902e-01,-2.918807810894141763e-01,-2.533893382188658894e-01,-5.888466866258545984e-01,-5.813977389516957750e-01,-2.227758166137897011e-01,1.726395281290495631e-01,-5.669958443183341634e-01,-5.077081192189105557e-02,-3.361097457437776659e-01,3.089235443942981996e-01,-6.582063541713213672e-02,5.632289199696143278e-01,-4.529693015773716275e-02,5.336431475937262192e-01,-1.345681218999955353e-01,-2.199964252200724002e-01,-4.753518923991241762e-01,-1.752848652754814829e-01,-2.821573796863130479e-01,-1.504758925778631740e-01,-4.366146834085526396e-01,3.738683587291657395e-01,-5.179632691362437980e-01,1.404486348809151353e-01,-3.743688279190312551e-01,1.589659949059386013e-01,-4.108628625050270156e-01,-5.520353903212833757e-02,-1.942401358416372403e-01,-6.855981053666383718e-02,8.992358907904732246e-02,-2.148532105992224939e-01,-1.178917735376915910e-01,1.225702667679521018e-01,2.811251619822154879e-01,-1.313508199651458874e-01
4.711247151347245365e-01,-4.597926627641985564e-01,6.630189016488672316e-01,3.805844765181643496e-01,-2.520219848965548227e-03,5.663926002055498232e-01,0.000000000000000000e+00,5.055900621118012417e-01,4.694043522945618441e-01,4.747307743867018037e-01,2.918673756646856243e-01,6.157558425309441613e-02,3.917422583672192649e-01,-1.969882479109879847e-01,4.513606506099468452e-02,4.370615308995039888e-02,-2.807095938156307230e-02,-5.584521202913446114e-01,5.328477590598328373e-01,1.367800169802046439e-01,-3.103981411144376423e-01,-2.759193887126323852e-01,4.577461012556414688e-01,4.661602395102551477e-01,1.393806693775414551e-01,3.330443719558514593e-01,-2.013450109477635253e-01,6.404218240314581145e-02,-1.407346172751240132e-01,-4.394655704008221808e-01,-1.106751865588274653e-01,1.173555565485499830e-01,4.200634523437151158e-01,2.736359980338710640e-01,3.265472094374189949e-01,3.347200500469189599e-01,-1.818803342419232361e-01,-4.612583225345189830e-01,1.827606237990973825e-02,-1.588944993073863887e-01,-5.287546360427186620e-01,-4.041914294651235418e-01,2.361142142186871754e-02,-2.509450824433620553e-01,-1.230394566334510054e-01,-1.813575226775101523e-01,-1.498547745654408014e-01,-2.855668260422717930e-01,-2.477054381339648670e-01,-4.811743152062201156e-01,-3.230617990079985846e-01,-4.136065060994682518e-01,-2.573350015639662147e-01,-1.597211671656463550e-01,-2.671656463648956481e-01,-4.428526743822333578e-01,-7.372536753206131166e-02,-6.305956477054381892e-01,-6.521739130434782428e-02,-1.982796371598373464e-01,2.691675231243576549e-01,7.683095759417310489e-02,-1.775012288306001274e-01,-4.245855489521426218e-01,6.779704186960989754e-01,1.022074266052996061e-01,3.399079494168640303e-01,4.051342776710308846e-01,1.369989722507708174e-01,-1.436033781670315868e-01,3.047097725546271119e-01,2.384422896465436259e-01,4.579516511014790625e-01,4.541936637025782986e-01,4.707091469681397994e-02,1.800437910541132225e-01,5.820367308637561798e-01,4.531793198981187709e-01,8.656329594709326336e-02,-3.167478439608561458e-01,-1.818356494928280997e-01,-5.117967737611153201e-01,-3.720184101166271740e-01,-6.595915813932704541e-01,1.752535859511148916e-02,-1.273560033960409177e-01,-3.608740336923008107e-01,-2.481567540998257382e-01,-1.857679074131998731e-01,1.920550516108852218e-02,3.703069842262835532e-01,2.696322445149470504e-01,2.918405648152285758e-01,3.033111399079493897e-01,8.032977344832208100e-02,6.406452477769337961e-02,-1.104249519638947213e-01,9.998659457527145356e-02,2.750659100049153150e-01,1.511953170382948353e-01,-7.036060592519773060e-02,1.781312837928415160e-01,-1.980428079896331267e-02,1.340006255864873430e-01,-1.117967737611153256e-01,-1.259171544751776228e-01,-9.718932928191608214e-03,-1.161356628982528200e-01,-1.101032217704097510e-02,-1.580722999240359306e-01,-2.102864292416998029e-02,3.603378167031592166e-02,1.633451003172617100e-01,4.610527726886813338e-01,1.230394566334510054e-01,-1.547745654408150540e-01
1.747978015103445193e-01,-8.719781938424416012e-02,4.914384020733723601e-01,5.022476428794852010e-01,-8.496358192948746946e-02,2.105321953617230457e-01,5.055900621118012417e-01,0.000000000000000000e+00,3.482997452969301411e-01,2.660529961124268386e-02,-1.194021180571071122e-01,2.174806738460163535e-01,-2.136467223736538690e-01,4.969033468877072091e-01,-1.085079762277134791e-01,-3.969480316368023676e-01,-4.529380222530050570e-01,-1.550918271593904885e-01,1.376111533133741460e-01,2.134188301532686793e-01,-3.752625229009339258e-01,-3.939899012467045214e-01,3.270744894767416144e-01,8.097770231020152976e-02,-1.349300683676661061e-01,8.013316055230350343e-02,-4.566781357522677331e-01,-4.331963001027749338e-01,-5.263818758657670127e-01,-1.473390231913847825e-01,-3.152598418159882065e-01,-1.129943250368649205e-01,1.299611242682872370e-01,1.897984717815809352e-01,1.846552571607310289e-01,3.736181241342330095e-01,-3.566513249028106514e-01,-1.354484114571696818e-01,-3.949238125027927648e-02,-5.934268734081058483e-01,-5.918718441395951491e-01,-3.460476339425354042e-01,7.810447294338442037e-02,-2.401537155368872467e-01,1.064882255686134260e-01,-2.959873095312569591e-01,3.469904821484427471e-01,-3.325394342910764633e-01,2.505741990258724683e-01,-3.841235086464989679e-01,2.547388176415389394e-01,-5.813396487778721422e-01,3.586621386120916744e-01,-4.797444032351758092e-01,2.778810491979087360e-01,-5.997899816792529037e-01,-2.005094061396845151e-01,-2.537825640109031000e-01,1.855981053666383718e-01,2.165020778408329183e-01,5.345636534250860494e-01,3.552303498815854166e-01,-3.362974216899772273e-01,9.637606684838465054e-02,3.118503954600295169e-01,2.525135171366012926e-02,2.138031189954868461e-01,2.671745833147146643e-01,-1.151034451941552322e-01,-1.760176951606416684e-01,4.723624826846597458e-01,-9.169757361812413965e-02,-8.753742347736718013e-03,1.287278251932615358e-01,1.676258992805755299e-01,1.484874212431297191e-01,3.921846373832610921e-01,1.298002591715447518e-01,3.328701014343804498e-01,-5.108092408061128964e-01,1.202109120157290323e-01,-3.913132847759059896e-01,-1.428035211582286967e-01,-4.234773671745833412e-01,4.057241163590866173e-01,-5.195808570534876658e-01,1.048125474775459115e-01,-6.781178783681129918e-01,4.224943026944903979e-01,-5.234460878502167347e-01,6.195853255283971794e-01,-2.028330130926314923e-01,6.940033066714330623e-01,-3.307833236516377062e-01,-6.347915456454711336e-02,-1.847222842843737334e-01,9.811877206309486954e-02,-2.395325975244649019e-01,3.016354618168818891e-01,5.456454712006791885e-02,4.546583850931676940e-01,-4.717815809464229737e-01,4.687162071584968226e-01,-3.736762143080566423e-01,2.197953438491442868e-01,-4.421153760221636086e-01,2.179453952366057490e-01,-5.203315608382859114e-01,-4.220921399526341572e-02,-4.660619330622458624e-03,6.025291567987845626e-02,-1.679029447249653639e-01,-1.109209526788507150e-01,2.313865677644220131e-01,-7.728674203494347028e-02,-1.718307341704276292e-01
1.862951874525224649e-01,-1.551990705572188212e-01,3.859511148844899098e-01,2.698869475847893162e-01,6.247285401492470580e-01,4.981545198623709703e-01,4.694043522945618441e-01,3.482997452969301411e-01,0.000000000000000000e+00,4.558738102685553351e-01,3.535010500916037079e-01,1.981992046114661177e-01,9.575941731087179998e-02,1.830823539925823251e-01,3.640600563027838743e-01,1.407122749005764416e-02,-2.684034139148308573e-01,-2.172036284016265195e-01,3.190535770141650906e-01,1.609097814915769198e-01,-1.371419634478752425e-01,-3.195763885785781189e-01,4.721390589391840642e-01,3.183118101791858612e-01,4.912864739264489189e-01,4.936637025783100485e-01,5.714732561776665609e-02,6.943563161892846169e-02,-3.444568568747486403e-01,-1.467804638276956064e-01,2.794852316904240519e-01,3.040573752178381550e-01,4.443317395772822809e-01,2.801644398766701127e-01,3.638947227311318811e-01,3.212341927700075872e-01,-1.184369274766522151e-01,-2.082532731578712049e-01,-2.393359846284463244e-01,-4.163858974931855528e-01,-4.864783949238125071e-01,-2.899682738281424421e-01,6.731310603690959793e-02,-2.035792484025202298e-01,-1.099691675231243525e-02,-1.858438714866615937e-01,9.723401403101121498e-02,-3.265740202868760989e-01,-7.688011081817774928e-02,-2.618436927476652243e-01,-4.569462442468385371e-02,-3.090665355914026802e-01,5.842084096697797158e-02,-1.298985656195540406e-01,-9.012913892488493006e-02,-5.536485097636176800e-01,-2.186648196970374103e-01,-2.279011573350015751e-01,-1.486885026140578325e-01,-1.870861075115063110e-01,2.385271906698243904e-01,2.814245498011528832e-02,-4.152643102908977202e-01,-3.026095893471558163e-01,4.216452924616828080e-01,2.580097412753027536e-02,1.826310380267214817e-01,7.879261807944948348e-02,-3.808704589123731998e-01,-4.632870101434380383e-01,2.927119174225836784e-01,1.981545198623709814e-01,5.940837392198042993e-02,1.008177309084409556e-01,-1.528978059788194399e-01,1.966128960185888619e-01,3.658027615174940794e-01,1.345547164752669833e-01,1.117208096876536050e-01,-1.460610393672639451e-01,-1.894588676884579326e-01,-2.503999285044014589e-01,-2.690290004021627657e-01,-3.551365119084856081e-01,2.718217972206086186e-01,-2.157603110058536888e-01,-1.378167031592117675e-01,-2.791188167478439452e-01,1.344206622279816021e-01,-1.975602126994056851e-01,2.396398409222932346e-01,1.846641941105500728e-01,3.419679163501496699e-01,1.065284418427990543e-01,-1.619598730953125676e-01,-2.759774788864560735e-01,-2.870324858125921641e-01,-2.111890611734215106e-01,4.088654542204745237e-03,1.141069752893337508e-01,3.776308146029760254e-02,-1.157513740560346810e-01,-3.769605433665489808e-02,-2.751240001787390033e-01,-6.187050359712230330e-02,-1.109879798024934056e-01,-1.698556682604227264e-01,-2.772465257607578670e-01,-1.023459493274945231e-01,-4.432280262746324945e-02,1.323919746190625191e-01,-1.810670718083917941e-01,-1.061575584253094395e-01,1.007372983600697131e-01,2.281916082041199334e-01,-2.777425264757138468e-01
2.307297019527235482e-01,-2.712364270074623662e-01,2.920505831359757054e-01,2.413914830868224559e-01,4.082264623084141397e-01,8.178515572635060016e-01,4.747307743867018037e-01,2.660529961124268386e-02,4.558738102685553351e-01,0.000000000000000000e+00,3.833370570624246021e-01,3.135886321998301862e-01,3.512265963626614029e-01,-3.954600294919344283e-01,2.966173644934983616e-02,4.094106081594351965e-01,1.904732114929174602e-01,-3.666830510746681981e-01,2.841235086464989346e-01,-8.207694713794182195e-02,-1.188971803923321024e-01,-6.327360471870950576e-02,3.677912328522275343e-01,5.496670986192412345e-01,6.697662987622324815e-01,7.179677376111532894e-01,2.977389516957862359e-01,4.927744760713168581e-01,8.651861119799812705e-02,-1.903972474194557396e-01,1.951874525224540913e-01,3.734796014120380647e-01,3.091424996648644008e-01,2.874123061799008227e-01,2.493319630010277510e-01,1.144733902319138436e-01,-2.553688726037803280e-01,-5.204566781357522487e-01,-2.481076008758210938e-01,2.953661915188346074e-02,-4.119799812324053678e-01,-3.276419857902497790e-01,6.617811340989320466e-03,-5.998480718530765227e-02,-3.025783100227892319e-01,-6.467223736538720014e-02,-3.372000536216989142e-01,-6.516823808034317989e-02,-5.740068814513606954e-01,-2.300951785155726237e-01,-5.276062379909737254e-01,-5.152151570668930293e-03,-3.986237097278698682e-01,3.910138969569685874e-01,-5.385093167701863193e-01,-1.291433933598462869e-01,-2.246123598015997147e-01,-3.819116135662898315e-01,-1.506769739487912874e-01,-3.658340408418606637e-01,-7.217927521336967023e-02,-5.014075695964967383e-02,-2.138254613700344142e-01,-5.864247732248983880e-01,4.972563564055587637e-01,2.006836766611555523e-01,1.428482059073238331e-01,1.969346262120738322e-01,-4.674918450332901654e-02,-9.093793288350686399e-02,2.421019705974350802e-02,4.670762768667053866e-01,2.092899593368783284e-01,2.189150542919701403e-01,-4.106170963850038214e-01,-3.676214308056660607e-02,3.871799454846061028e-01,4.310559006211180377e-01,-1.007596407346172812e-01,1.809240806112873690e-01,-4.147504356763036526e-01,-2.310380267214799666e-01,-5.878546851959426389e-01,-3.920684570356137710e-01,-3.545287993207917876e-01,2.164707985164663340e-01,-6.024353188256847957e-01,2.464229858349345492e-01,-4.656910496447562720e-01,4.312078287680414790e-01,-1.302605120872246391e-01,6.119397649582197785e-01,-1.866526654452835277e-01,6.070780642566692142e-01,-2.213905893918405587e-01,-6.618705035971222950e-02,-4.449975423387997897e-01,-2.120291344564100358e-02,-3.113365208454354494e-01,6.034675365297823696e-02,-4.243353143572098918e-01,5.041914294651235195e-01,-4.892086330935251914e-01,2.446579382456767482e-01,-3.829929844943920636e-01,2.491353501050091734e-01,-4.855846999419098364e-01,-1.160462934000625577e-02,-3.493900531748514449e-02,-1.042942043880423601e-02,1.609008445417579036e-01,3.619464676705840423e-04,7.806872514410831410e-02,2.191250726127172699e-01,3.539300236829170387e-01,-4.800035747799276387e-02
5.147146878770275658e-01,4.412172125653514299e-02,3.818311810179186166e-02,-2.033915724563206684e-01,2.109745743777648730e-01,3.372804861700701706e-01,2.918673756646856243e-01,-1.194021180571071122e-01,3.535010500916037079e-01,3.833370570624246021e-01,0.000000000000000000e+00,3.632021091201572682e-01,6.670807453416148780e-01,-1.266499843603378084e-01,3.085526609768086126e-01,2.851021046516823976e-01,1.599267170114839764e-01,-2.380356584297779188e-01,2.144197685329996828e-01,4.010009383797309701e-02,-2.059654140042003756e-01,-1.206130747575852313e-01,-8.096876536038249625e-03,6.308592877250994435e-02,3.583001921444211035e-01,2.706644622190446658e-01,8.199204611466107129e-02,2.400017873899638055e-01,2.795969435631618927e-01,-1.234416193753072044e-01,1.900397694266946769e-01,3.016667411412484942e-02,3.943741900889226604e-01,1.563474686089637578e-01,6.755887215693283376e-02,-1.534161490683229878e-01,-1.375217838151838734e-01,-4.817909647437329523e-01,-4.557084766969033418e-01,-1.562446936860449609e-01,-1.080387863622145755e-01,-4.167925287099513154e-01,-5.260288663479154719e-02,-3.526073551097010789e-02,1.846820680101881121e-02,-1.166718798873944279e-01,-2.107332767326511591e-01,-1.395549398990124645e-01,-2.602797265293355644e-01,-2.342642656061486306e-01,-2.531525090486617113e-01,-7.313552884400553733e-02,-2.173287456990929123e-01,1.878993699450377530e-01,-2.431207828768041368e-01,-1.082264623084141369e-02,3.814066759015148356e-01,-5.731712766432816436e-02,-1.306671433039903463e-01,-4.322489834219581106e-01,2.034407256803253128e-01,1.879887394432280118e-02,2.160999150989767192e-01,-1.745341614906832373e-01,1.874435855042674015e-01,-1.109835113275838975e-01,-6.722820501362884726e-02,-1.677778274274989989e-01,7.332767326511461549e-03,-1.958175074846954800e-01,6.997184860807006967e-02,1.973725367532061237e-01,1.984941239554939840e-01,-2.261941999195674416e-02,-1.119352964833102496e-02,-1.230796729076366197e-01,3.648062916126725702e-02,1.106170963850038047e-01,-1.142723088609857440e-01,7.805531971937977598e-02,-3.160462934000625723e-01,-2.505027034273202280e-01,-3.938513785245095766e-01,-3.666026185262969972e-01,-1.913624379999106229e-01,1.630501809732338436e-01,-3.456990928995933854e-01,5.126234416193753418e-02,-2.316770186335403714e-01,2.496849725188793057e-01,-2.350283748156754005e-01,1.522051923678448548e-01,-1.990616202690021763e-01,3.006255864873318973e-01,-1.210509852987175505e-01,-7.531614459984807552e-02,-7.978908798427096494e-02,1.099468251485767878e-01,-2.343402296796103512e-01,-1.175923857187541888e-01,-2.586666070870012324e-01,1.849769873542159992e-01,-4.155905089592921708e-01,-9.368157647794807252e-02,-3.947182626569551989e-01,-7.502122525582019530e-02,-2.765851914741498940e-01,1.698020465615085461e-01,-8.293489432056838639e-02,1.486572232896912205e-01,1.600250234594932652e-01,-2.044550694847848404e-01,1.590777067786764299e-03,-1.633361633674426938e-01,-7.278251932615398268e-02,-1.603512221278877437e-01
3.188703695428750373e-02,2.258590643013539401e-01,-6.720139416417177103e-02,-1.253407212118503866e-01,1.830421377183967246e-01,2.809911077349300790e-01,6.157558425309441613e-02,2.174806738460163535e-01,1.981992046114661177e-01,3.135886321998301862e-01,3.632021091201572682e-01,0.000000000000000000e+00,1.181911613566289793e-01,2.345859957996335732e-01,-1.272979132222172571e-01,3.797533401849948476e-01,2.711917422583672022e-02,7.126770633182895331e-02,-9.886947584789311516e-02,1.120246659815005152e-01,-1.846239778363644446e-01,-1.543634657491398110e-01,-1.407301488002144774e-01,-4.749095133830823212e-02,8.188033424192323051e-02,1.000491532240046499e-01,3.848697439563877193e-02,5.711157781849054982e-02,6.777335895258948528e-02,2.468966441753429608e-01,5.661557710353455966e-03,2.859823942088565306e-04,1.574467134367040499e-01,2.416774654810313339e-01,-4.647213905893918251e-02,-6.492247196031994405e-02,-4.215335805889449672e-01,-3.380401269046874324e-01,-2.173466195987309446e-01,-2.719156351937083715e-01,-2.334063184235220523e-01,-4.028642924169980599e-01,-1.555163322757942834e-01,3.186469457973993558e-02,-1.983913490325751872e-01,-1.921622950087135129e-01,8.301532686893962898e-02,3.105590062111801032e-03,-1.816971267706331827e-01,-2.269180928549086318e-01,-1.428169265829572487e-01,-1.281960766790294359e-01,-5.888109388265785199e-02,9.120157290316814602e-02,9.951293623486304196e-03,-5.011394611019259065e-02,-7.069127306850171710e-03,3.016220563921533440e-02,-8.446758121453147583e-02,-1.302158273381295028e-01,1.253451896867599225e-01,4.611019259126860059e-01,6.971714553822780380e-02,1.872112248089727038e-01,-9.690334688770722849e-02,3.579248402520220085e-02,-1.895795165110147895e-01,-7.363599803387103904e-02,-1.706019035703114639e-01,-1.084364806291612665e-01,1.209258680012511716e-01,1.272130121989364926e-01,-9.160373564502435548e-03,-3.014880021448679628e-02,3.860762321819562973e-03,-2.077393985432771789e-02,5.180302962598865024e-02,8.418606729523213372e-02,5.013182000983064379e-02,9.303364761606864111e-03,-2.326466776889047905e-01,-4.146744716028419320e-02,-2.834979221591670817e-01,-1.417891773537691691e-01,-2.416461861566647218e-01,1.002323606952946894e-01,-1.609902140399481763e-01,3.660574645873363592e-02,-4.459537959694356152e-02,7.360918718441396280e-02,1.504088654542204764e-02,8.875731712766432580e-02,1.099021403994816515e-01,1.019259126860002640e-01,-1.580365521247598104e-01,-1.442244961794539593e-01,-1.137048125474775517e-01,-1.058447651816434992e-01,-1.327539210867330899e-01,-2.480003574779927542e-02,8.293489432056838639e-02,9.521873184682068392e-02,-7.525358595111487914e-02,1.628759104517627995e-02,-2.355914026542740847e-01,-7.314893426873407545e-02,-8.082577416327807462e-02,-6.481076008758210327e-02,-1.241252960364627594e-01,9.301577371643057757e-02,1.025872469726082509e-01,-2.472675275928325755e-01,-1.068814513606506089e-01,-1.953170382948299713e-02,-8.144689217570043327e-02,-1.971893292819160703e-01
3.293757540551409679e-01,-2.581661378971357168e-01,2.180615755842530909e-02,-1.502211895080209081e-01,-2.227087894901470105e-02,3.730685017203628218e-01,3.917422583672192649e-01,-2.136467223736538690e-01,9.575941731087179998e-02,3.512265963626614029e-01,6.670807453416148780e-01,1.181911613566289793e-01,0.000000000000000000e+00,-3.764511372268644629e-01,7.990973680682783575e-02,4.354796907815362550e-01,3.927566021716787925e-01,-3.379641628312257118e-01,2.048125474775459032e-01,-1.355199070557218943e-01,-2.124178917735377037e-01,-1.711515259841815961e-01,2.311542070691273085e-02,2.930113052415210806e-01,2.849099602305733003e-01,3.289199696143705887e-01,4.072568032530497067e-02,2.774476071316859804e-01,4.603914384020733608e-01,-2.477724652576075715e-01,1.830242638187586646e-01,1.894186514142723043e-01,3.022074266052995895e-01,4.540417355556548851e-02,-7.971759238571875933e-03,-2.283971580499575549e-01,4.102059966933285784e-02,-3.572188212163188714e-01,-2.253630635863979603e-01,1.551811966575807611e-01,-7.274677152687787987e-03,-1.867733142678403846e-01,-2.424728540149247158e-01,-1.103445194155234788e-01,-2.339782832119397527e-01,-2.762411189061173347e-02,-5.119129541087626967e-01,-5.721435274140935362e-02,-3.439519192099736444e-01,-1.491621609544662441e-01,-4.107019974082845581e-01,1.682068010188122742e-01,-4.864873318736315233e-01,3.501586308592877228e-01,-4.253496581616694194e-01,6.902900040216274069e-02,2.223557799722954420e-01,-2.703829482997452960e-01,-1.136645962732919235e-01,-3.454443898297511195e-01,8.440055409088878524e-02,6.837213459046427577e-02,3.780910675186558989e-01,-3.271102372760176791e-01,3.135573528754636019e-01,1.510657312659189344e-01,5.347423924214665669e-02,-1.601501407569596441e-02,8.499932972876357573e-02,-6.742481790964743871e-02,-1.500245766120023305e-01,3.150453550203315412e-01,3.485321059922248388e-01,7.633942535412663322e-02,-6.616023951025515326e-02,-8.094642298583493156e-02,1.568434693239197375e-01,3.047902051029983683e-01,-2.427007462353098777e-01,2.033334822824969801e-01,-2.258233165020778477e-01,-5.733500156396621750e-02,-4.201751642164529010e-01,-2.944412172125653315e-01,-3.414451047857366417e-01,4.753250815496670723e-01,-5.179319898118771581e-01,1.981366459627329213e-01,-5.680280620224317234e-01,5.255015863085928940e-01,-3.036194646767058636e-01,3.867465034183832917e-01,-3.135886321998301862e-01,5.626748290808346598e-01,1.973501943786585555e-01,1.414585102104651548e-01,-9.436525313910362756e-02,2.664060056302783863e-01,-9.027213012198936903e-02,-5.543143125251352027e-02,-5.029223825908217815e-01,4.313061352160507678e-01,-5.430224764287948647e-01,1.587068233611868273e-01,-3.702578310022789365e-01,4.849635819294874362e-02,-3.146878770275705062e-01,4.022163635551186389e-01,-4.459537959694356152e-02,1.722150230126457890e-02,9.629116582510388600e-02,6.767058402967067454e-02,1.834353635104338798e-01,5.216944456856874995e-02,1.277000759640734562e-01,1.373609187184413917e-02
