1.000000000000000000e+00,4.063409396984451472e-01,1.129135549005019640e-01,-1.039479012647975681e-01,2.534398161664296323e-01,-3.016804322098013205e-02,1.913755811507805715e-01,4.416275047166998147e-02,2.348461304226351354e-01,9.013526961315213026e-02,3.993106241112042154e-01,2.325544892622485038e-01,3.720149804268730875e-01,-1.433405849649504460e-01,2.579556049461778078e-01,4.078336456871627103e-02,2.255775406609344114e-01,-1.334488571616925488e-02,3.483012032685709469e-01,2.229091913645938339e-01,1.483916132211998869e-02,1.019623354648735436e-02,-1.762130786786334224e-01,-3.697233392664864837e-01,-2.157172052023393627e-01,-2.354629899952597472e-01,-1.609281460623012416e-01,-1.033577251851363482e-01,1.456918715801964470e-01,8.196227268018421719e-02,-3.834119711567137156e-01,-4.007499631139950225e-01,-1.937394247038917161e-01,-1.434975466882645878e-01,-3.233741119890503612e-01,-3.308125280569080284e-01,-2.196883368021874117e-01,-4.663175837940159579e-02,-1.523533271176490955e-01,-7.486917240361765091e-02,-1.065628835752113479e-01,-7.351145349695023534e-02,-8.748575572360924035e-02,1.646701135461106358e-01,-1.965270649099510603e-01,-1.057388345278120478e-01,7.436375565454608760e-02,5.040040935617440265e-03,3.665370162832091994e-02,1.244690769708898803e-01,5.269362013379417370e-02,1.194164790974073104e-01,1.199313135498777244e-01,1.037328637038571755e-01,1.166413958292130820e-01,1.457201246903929992e-01,1.962492426596850192e-01,1.421084354369343550e-01,2.637726064122002945e-01,4.431657296051785128e-02,4.268966469836665834e-01,1.006705404819980554e-01,2.398218170516937808e-01,1.766619892073119091e-01,-5.749821848444038735e-02,-2.014588022564817449e-01,-2.676809533227227367e-01,-2.541524223902759116e-01,5.843527997262587537e-02,-8.926884090045801579e-02,-1.414962847160091408e-01,1.338773626663401772e-01,-9.716715481762616680e-02,1.609171587416692584e-02,3.701942244364289647e-02,-6.108950271386819411e-03,5.549224766048551499e-02,-6.017912471864611014e-03,5.958267017005232889e-03,1.710882784124263534e-01,1.148755764419288755e-01,-6.604635393612913463e-02,-3.631623392319548865e-02,-9.115238158022784254e-02,-5.867072255759710198e-02,-3.936756982442261854e-02,-7.034867477217006393e-02,-2.916505780900269587e-02,6.769759126539402760e-02,-5.705558642469447765e-03,-1.805326653042389207e-01,-1.235210281620724021e-01,-1.391685423592602666e-01,-1.436058502773513712e-01,1.587448084910013935e-01,-1.656417066134252547e-02,3.024181523093778454e-02,2.938244979579279770e-01,-1.371217614872437263e-02,5.365108664601050265e-02,-1.556134221108840532e-01,-5.415022492614950805e-02,1.063180232868412706e-01,1.962335464873535967e-02,-4.451748396635996086e-02,-1.107569008221655077e-01,-1.582786321727583378e-01,-1.173131920049976656e-01,-6.266696803317542419e-02,1.133106680604867716e-01,-1.144250962960172494e-02,-1.075454639631579501e-01,-1.918543144068887360e-02,1.493365227955510688e-01,9.375166771831021373e-02,6.805860322901657877e-02
4.063409396984451472e-01,1.000000000000000000e+00,-1.748930305855614098e-01,-2.453327431572536743e-01,3.442955400895937601e-02,1.651708214434827876e-02,-4.325676740470069115e-01,-2.869652706490994909e-01,-8.894706936766400007e-02,6.722670609545156571e-03,-3.982275882203365619e-02,-9.101111602924510935e-02,-3.953237963390247856e-02,-2.590747420334077455e-01,7.632106834427355990e-02,-6.412200320829762601e-02,4.559973504861104532e-01,4.391883195363978643e-01,4.864353678711909046e-01,6.417442842388455526e-01,-6.369663693811626615e-02,1.929326414460569572e-01,-2.784940464418346751e-01,-3.891206690336494467e-01,-2.359636978926319129e-01,-1.529262374077457465e-01,1.162191687934980150e-01,1.569193436488577897e-01,1.776869492605533118e-01,7.191986162254472570e-02,-2.089521549274993839e-01,-3.397169666205199223e-01,2.844931235069016184e-02,5.448298377957551397e-02,-4.646977388094139516e-01,-2.848761101117881500e-01,-1.495813830839211600e-01,-1.134676297838009204e-02,-4.518143205597882628e-02,-1.041488122706396846e-01,-3.542783056923738683e-02,-4.170002103287092504e-02,-8.040521238490781764e-02,3.144414203152419429e-02,1.180163805254450665e-01,3.269135988497844925e-01,2.752983057551585677e-01,3.113838059450822482e-01,2.519769329051417261e-01,4.781054092149088497e-01,5.023873878116082853e-02,1.726217944492056122e-01,1.847282521684261991e-01,3.925769661810270955e-02,2.202816521163149244e-01,1.991671610960951133e-01,7.172711262631494833e-01,7.387560469503906546e-01,4.314532458114764268e-01,1.736530329713796006e-01,5.333245434768277282e-02,-2.845904397753563631e-01,3.783358290247340050e-01,3.870785970133323040e-01,-3.352137347786368626e-01,-5.666271123123914899e-01,-2.985270711884199790e-01,-2.553170783772669150e-01,5.202292269007280368e-01,4.890048312818436327e-01,-2.573497326941852070e-01,-8.605583442421731177e-02,-1.750562707778081373e-01,-3.353173295160242345e-02,-2.737726378045449854e-02,6.437000273113398230e-03,-6.026074481476947214e-02,5.804130604710735358e-02,-1.762209267647991406e-01,2.673999918379903890e-02,3.480908745593299658e-01,3.193213602930789485e-01,-2.485331926956292278e-02,3.401062316943390118e-01,-9.278478350269503405e-02,2.853422864300311779e-01,-6.892032309001126789e-02,1.630157369823794777e-01,-2.246530361106140739e-01,-3.350661907587215715e-02,-4.326979522773576337e-01,-1.510458359624421987e-01,-3.587077655242992269e-01,-1.069882498453927078e-01,-1.265519590392686911e-01,-3.035749602102031375e-01,-2.100367604356001838e-01,-3.043644776784733275e-02,-1.973715189813811943e-01,-3.210479392495346196e-01,-2.575851752791564198e-01,-3.056672599819807920e-02,9.883722755368876123e-02,1.279128171804023995e-01,-1.199470097222091469e-01,-2.223959265293565524e-01,-1.960922809363708497e-01,-2.377169603420509758e-01,-2.627884564070205875e-01,-1.245538363014795230e-01,-2.199347667077906354e-01,-1.545382343061821040e-01,-3.155919497471346702e-01,-7.005515634957258653e-02,-3.107292755588622057e-01,1.607335135253916969e-01
1.129135549005019640e-01,-1.748930305855614098e-01,1.000000000000000000e+00,1.651645429745502158e-01,5.651720771372693158e-02,-4.888886796065911033e-02,5.827910305792829426e-01,-1.819186373211028685e-03,5.406640736589974905e-01,1.806943358792524879e-01,4.428314011345193535e-01,-1.110033307277687314e-01,5.332805941942997396e-01,2.715845913815456703e-01,3.649250193847728418e-01,1.635368499037824774e-01,4.233257677782696106e-03,-1.850217705910236765e-01,8.584707533220949094e-02,-1.477198170454153137e-01,7.275646760780915545e-02,7.249434152987452307e-02,7.576824915476112476e-01,5.438472574078084820e-01,5.754106903490514568e-01,3.302019469532159746e-01,3.129110435129289214e-01,3.463438905788434607e-01,-1.762931291575236536e-01,-2.197982100085073276e-01,3.422110884039817891e-01,3.413901785910488096e-01,-3.927339279043412512e-02,-1.517239106071593402e-01,3.964586295985860764e-01,1.356227770295935497e-01,2.280481181858991790e-01,2.157878379778307154e-01,-7.414087000743999067e-02,-9.956709956709956788e-02,-3.640727172271769618e-02,7.780592624682544645e-02,-2.097903305299969601e-01,-2.974393264458529140e-01,-2.477923333615864310e-01,-4.018141635980649884e-01,-3.455779173690703976e-01,-2.869621314146332258e-01,-5.547749325849398172e-01,-3.637226925841864356e-01,-3.535076236309013797e-01,-2.871081058173153844e-01,-3.294328345089766463e-01,-1.120565438912066863e-01,-4.802589240587790131e-01,-3.545576975598730418e-01,-1.411996270589453983e-01,-3.101752006755632562e-01,-3.749109242220192151e-01,-6.124583659028909333e-01,-2.937585740341360219e-01,-1.972428103682636047e-01,-2.573308972873875056e-01,-6.509642158663188072e-01,7.353876483680689136e-01,2.573387453735532238e-01,1.144690455785452171e-01,-1.608465259661778779e-01,9.080392655447042105e-02,-1.727049841625621085e-01,1.132478833711611094e-01,3.507341099799403117e-01,8.950428348542924240e-02,-3.853724230809074669e-02,1.519075558234369017e-01,-4.863302035165704279e-02,1.175172422453060576e-02,-3.124480064291521725e-02,-5.553305770854719166e-03,1.231003707435904676e-01,-2.395157416912311876e-01,9.300923876703427740e-02,3.522064109446270547e-02,-9.057633205566489876e-02,3.825078716304242121e-01,-3.538513698049593481e-01,5.618837290338377644e-01,1.154312209424609714e-01,1.738256908670251788e-01,-1.908591770810769972e-01,3.267472194230714583e-02,3.749344684805163558e-02,1.343953363532768841e-01,3.445011599471353159e-01,4.736790886174497422e-02,-7.876339275904177539e-02,-3.546236214836649692e-02,-8.317087794970318138e-02,-2.355430404741499784e-01,1.012795519684569767e-01,-2.064580331440374894e-01,-2.653124009179121459e-02,-3.188143739267741972e-01,-2.557738369921110921e-01,-4.857808374849709177e-02,2.397386273383372846e-01,-8.644039064633698977e-02,1.819814220104285299e-02,1.165158264505617713e-01,7.751868629316055470e-02,-1.772725703110039630e-02,-1.205827047016314602e-01,1.626437376981249364e-02,-1.125117328888177309e-01,1.535258311908058171e-01,-5.953558165305808392e-03
-1.039479012647975681e-01,-2.453327431572536743e-01,1.651645429745502158e-01,1.000000000000000000e+00,4.086498466483963476e-02,1.042006096393333497e-01,3.689071383052529018e-01,6.837660768045104032e-01,3.173295160242223245e-02,2.402644491114396819e-01,-7.193398817764300179e-02,3.467378645043619478e-01,-1.212215389155200662e-01,1.514539364430589896e-01,-2.055947436658096539e-01,1.330627313223397279e-01,-2.473151697227114199e-01,-1.901293050676662044e-01,-7.632263796150670632e-02,-1.437361285077021211e-01,-1.154092463011969910e-01,-9.754386295358014047e-02,2.839453270925352268e-01,4.724328125343353890e-01,2.465083864648766679e-02,-4.361966290900301350e-03,-5.243934214202524563e-02,-1.010598055558171587e-01,-1.225541439464572224e-01,2.147079413214293686e-02,2.106269365152613759e-01,3.727683966987810349e-01,-4.122756624569532541e-02,6.544519053583593149e-02,2.135118929897755202e-01,2.041758096870497086e-01,-8.358054804755311873e-02,-1.612075379298004429e-01,-3.684048607906476036e-02,-3.124762595393487108e-01,-3.621970246335728394e-01,-2.665178669529648658e-01,-1.058612646719970934e-01,-1.081623235357825619e-01,-1.770324188743332972e-01,-1.154908663973203548e-01,-3.047961224175872452e-01,-4.516510803675415908e-01,-4.692025402685301438e-01,-4.497157423190780712e-01,-4.116195624535000652e-01,-4.547950236855240469e-01,-4.943399602572916551e-01,-4.015253540271669364e-01,-5.285811601982740582e-01,-5.515807615154968424e-01,-3.623367205673224678e-01,-2.317225921286834855e-01,-2.944397879133194840e-01,-4.905053853567269140e-02,1.330125035708792092e-01,4.620278198958401861e-01,-1.633139642566763805e-01,6.729576925370979457e-02,3.420949367287293152e-01,5.579486986303520135e-01,1.189126319655688796e-01,1.863543756219608327e-01,-2.365727093790908064e-01,-2.386210598683405071e-01,1.953482823678617808e-01,7.771488844730324586e-02,-5.037843471491042224e-02,-4.768968039453898994e-02,2.430913297483275615e-01,-9.631799189449660736e-02,-1.107364957981346598e-02,3.942407604481570904e-02,1.071467811859399960e-01,-1.206847298217856579e-01,-1.507052290228504954e-01,2.682789774885496401e-02,-1.632966984671118116e-01,-2.434476328602507011e-01,1.640611020596517422e-01,5.537295675076675527e-02,6.668675776725087323e-02,-8.486920379596231412e-03,-9.991084574115756400e-02,1.128083905458814873e-01,3.197577138838922917e-01,5.479533760897067549e-03,4.897394121469538231e-01,3.070328269748139050e-02,9.574037275270053104e-02,2.255477179335047266e-01,1.633422173668729049e-01,-3.396494730794948069e-02,-6.628650537279978661e-02,9.862532922721464756e-02,9.367004762218684999e-02,-5.395402277200681690e-02,-2.942247503523790497e-01,-1.080179187503335497e-01,-2.893275445849775168e-02,3.950412652370592637e-02,-2.597167154817626167e-01,-1.498513572480214898e-02,1.009358057943989806e-01,2.203177533126771670e-01,-6.220393094939867876e-03,-6.079284505680444817e-02,4.965798040489845938e-02,-4.281287965116826327e-02,7.910086046416721361e-02,1.900806469334388182e-01
2.534398161664296323e-01,3.442955400895937601e-02,5.651720771372693158e-02,4.086498466483963476e-02,1.000000000000000000e+00,4.130714583941559881e-01,1.441505074572514700e-01,-4.494285023654131378e-02,4.045374494975655377e-01,1.015087160844956315e-01,6.623313838687297506e-02,-1.097099661276601107e-01,2.465319307233737878e-01,-9.005521913426191294e-02,4.612838213273310894e-01,7.402628794942064938e-02,2.155288511343623759e-01,5.906626610034877017e-02,-1.328994911300930212e-02,4.361338444007044346e-02,3.378805144577443076e-01,3.372495283300214197e-01,1.697384075919246282e-02,-1.144094001236858338e-01,2.000335898087892417e-01,1.899331029135234994e-01,3.002426628242436668e-01,2.911263259341577148e-01,2.600243604594583702e-01,2.156716863025782416e-01,2.949750273898207320e-01,1.337156920913266066e-02,1.267481611934113683e-01,6.970513170658203250e-02,1.130124407861898697e-03,-8.625674543005942829e-02,-2.698642908940225918e-02,7.178644415772769682e-02,-1.020094239818677834e-01,-6.390853526459037981e-02,4.472938229283406758e-02,1.420362330442098420e-01,-7.188376042618246919e-02,-9.759879955674009497e-03,-9.971935243871429821e-02,-3.100778844071084769e-02,3.624246191323783877e-03,1.125258594439160036e-02,5.998135294727027778e-02,2.170466709988102399e-02,3.875227986903113930e-02,7.119940731253276978e-02,8.891410740576802252e-02,1.627693070767762679e-03,9.380974355593645064e-02,3.999227748321294157e-02,6.945870180097880875e-02,3.159796452037206410e-02,7.367626330643009536e-02,-1.751174858499006393e-01,1.161799283626694795e-01,1.547799553600858954e-02,1.943547146592831953e-01,9.324625096923863654e-02,-1.662852496790132861e-01,-1.544519053583593149e-01,-1.001337313882636609e-01,-9.231232871551943442e-02,-4.423495286439448754e-02,-4.147556576853168864e-02,2.447205924363284879e-01,2.804121187007336258e-01,-3.528185616655522133e-02,-1.944127904969094114e-02,9.063440789329113567e-02,-3.473719898665511563e-02,-4.529130526229873527e-02,-8.563360738850224474e-02,1.440704569783612665e-01,2.903886058345812038e-01,-1.860467306442650792e-02,1.890133072149025734e-02,-1.014726148881333750e-01,6.066570606091998413e-02,-3.563941497226486566e-01,-4.237495644312178067e-02,-8.032202267155132136e-02,-1.862366543294752264e-01,2.649356927819581861e-02,-1.669036788688710304e-01,-2.035495324110262461e-01,-6.088231323909351622e-02,-1.487698909743869757e-01,-1.020313986231317638e-01,1.176381027722579603e-01,-1.562773702005029186e-01,2.091201039714455159e-02,8.953410621285892712e-02,-5.590348737556859182e-02,-7.164203937227867081e-02,-7.328542861537785079e-03,-1.056321005559584247e-01,-5.736637063685649796e-02,-4.560679832616017920e-02,-2.429877350109402312e-01,-9.836320314928001518e-02,-2.816332809081177335e-01,-7.088234463143817943e-02,-2.036107474831187758e-01,-5.617974000860150030e-02,-1.715827078408659334e-01,-1.213753614043679291e-01,-1.321256698341542468e-01,-4.922319643131826093e-03,-1.748396635996345844e-02,-1.213392602080056726e-01
-3.016804322098013205e-02,1.651708214434827876e-02,-4.888886796065911033e-02,1.042006096393333497e-01,4.130714583941559881e-01,1.000000000000000000e+00,-1.882284985983317949e-02,7.992647912879964622e-02,2.196710710126228705e-01,5.832211057011637001e-01,-9.346442776464530811e-02,1.590869850478262293e-01,8.931122056575283843e-04,1.061437957739625598e-01,1.200725791008604576e-01,3.549642284232567002e-01,1.384779107766780093e-01,-4.451277511466053549e-02,-1.687150171559163581e-01,8.723304734907345870e-02,9.829413999102179500e-02,3.037366307852167324e-01,-2.459590204332771576e-02,1.100882438808472169e-01,1.979208850129807462e-01,3.312096412168928361e-01,4.350508085098367950e-01,4.368903999070786748e-01,1.422167390260211106e-01,-3.681066335163506870e-02,1.311870387287356055e-01,5.898935485592483180e-02,6.700539006557860999e-02,1.082800448282681821e-01,7.029059893454382701e-02,-3.411092171063164619e-02,-1.334912368269873806e-01,-8.800843826224537605e-03,-2.083148903308439104e-01,-9.926887229280267899e-02,-3.337320161105512828e-02,1.452978976546779322e-01,-1.413314749065292808e-01,-2.014305491462851927e-01,-1.508103933774709582e-01,-7.143484989750399639e-02,-4.169374256393836020e-02,1.386913787203852486e-02,-4.790471795547937561e-03,-4.986987873137256611e-02,-1.415794744293656605e-03,4.552360861280368293e-02,4.424750980225962416e-02,4.778856628022690178e-02,5.414708569168322910e-02,7.337960564936633900e-02,-1.521775299875372522e-01,7.016189032142622350e-02,8.274080282782241003e-02,-3.203588772841854670e-02,-5.454733808613431573e-02,2.711356808528672321e-02,2.911169082307588432e-02,5.400738975793362845e-02,-1.632998377015781044e-01,-2.751852933143723520e-02,-4.826416030186878731e-02,4.670082153765982291e-02,-8.557710116810914036e-02,1.378139626870591439e-01,2.423850019934138955e-01,2.158506226671563777e-01,1.414303607922172135e-01,1.599094644779923968e-01,-6.049775701697383823e-02,-1.268800090409952508e-01,-1.590571623203965446e-01,-2.061441096974091780e-01,1.489927766214930727e-01,-1.309892669573597679e-01,2.815108507639326949e-02,7.899255687508044410e-02,-2.370420249318001271e-01,3.425532649608066527e-02,-1.910224172733237247e-01,9.650634596247359420e-02,-1.529230981732794536e-01,-8.983704233885524137e-02,-7.888268366876054205e-02,-1.582362525074635373e-01,3.985729040116277322e-02,-2.441225682705015429e-02,7.218983578664506240e-02,1.729718190921961714e-03,2.287246232133831672e-02,-4.876643781647407166e-02,-5.086187682271801208e-02,-5.728475054073313422e-02,-8.698033897453766317e-02,-1.520064417091248066e-01,-1.201541991969838283e-02,6.978204295100597088e-02,3.360550496156007247e-03,1.172708123397028374e-01,-2.065459317090934110e-02,-9.981352947270279163e-02,-1.364122944978637397e-01,-3.785131957720790086e-02,-6.633045465532774743e-02,-6.925151232620413433e-03,-1.218007276745492889e-01,-7.265130325318867877e-02,4.040194758106288239e-03,-1.251754047258035740e-01,1.473870581919893043e-02,1.045835962442198813e-01
1.913755811507805715e-01,-4.325676740470069115e-01,5.827910305792829426e-01,3.689071383052529018e-01,1.441505074572514700e-01,-1.882284985983317949e-02,1.000000000000000000e+00,4.968937274956129468e-01,5.966005229964620460e-01,1.530863383655261811e-01,4.532473810936464842e-01,2.834493280468625143e-01,5.552473873721154307e-01,1.810773224841390194e-01,2.151662695535066783e-01,9.496969069122804252e-02,-2.038917089678511096e-01,-2.722265648299005969e-01,-1.035570665737453322e-01,-4.440243102317069090e-01,4.501662224649896800e-03,-2.245557198421593015e-01,3.899823888946441497e-01,2.775287318434526695e-01,1.694982561552539901e-01,-2.948055087286414327e-02,-1.200035159426022374e-01,-5.648738498629723992e-02,-7.810415352112233707e-03,-1.117410508273452424e-01,6.462741995736918932e-02,1.862978694015677283e-01,-2.666779679107452727e-01,-2.576306941789175409e-01,1.369161416297021705e-01,-1.498450787790889249e-01,-7.819833055511083569e-03,-1.409516275361090420e-02,-1.449149110497914006e-01,-1.972004307029687764e-01,-1.900539634404753986e-01,-7.850440591557342196e-02,-2.668820181510536682e-01,-1.773384942347958904e-01,-4.059814973520557424e-01,-4.821189204800517270e-01,-3.619113542971411079e-01,-4.518629786940157045e-01,-5.175012321495280343e-01,-4.563395270429352890e-01,-2.478268649407155688e-01,-2.540017391358943000e-01,-3.240443385476017846e-01,-1.381106203441228863e-01,-4.474115442208262960e-01,-3.202992318293261254e-01,-4.906796128696055970e-01,-4.633557160750779169e-01,-3.828751620629793351e-01,-3.334510546258189212e-01,1.616627269274114875e-01,3.634903892336814879e-01,-3.451368549265576013e-01,-3.222424179639553077e-01,6.444047854490203564e-01,4.827404889043757641e-01,2.224618504531485075e-02,-2.031367230787100298e-01,-2.571598090089750599e-01,-3.936898247993244615e-01,1.153166388844416440e-01,2.619487111872898510e-01,1.754502447033266521e-01,1.213518171458708023e-01,9.514548782133988580e-02,5.345174525740153254e-02,-5.755786393929976374e-02,-1.388891504917610653e-01,8.644980834973582662e-02,-6.295891683853975518e-02,-3.751714806827207149e-01,-2.465099560821098212e-01,-1.636514319618017910e-01,-4.940056317866325375e-01,2.091044077991141004e-01,-3.358462905235929385e-01,1.400334014547212624e-01,-2.325764639035124981e-01,1.493961682504104660e-01,-2.120395920250887564e-02,2.770076189220496699e-01,1.974154682639091551e-01,4.203670392937978173e-01,2.774125801682001957e-01,1.503677613177250572e-01,1.631946733469576138e-01,9.989514956882614150e-02,6.923581615387271355e-03,-6.101416108667740562e-02,3.510982611780291140e-01,3.455669300484384004e-02,5.568688019739506667e-02,-2.872321055787335764e-01,-1.892220663069104081e-01,1.753576372865713051e-02,1.858301234660915680e-01,-8.993906745900944171e-04,8.783734998383294079e-02,1.359633839691852808e-01,1.395326935573490967e-01,-5.578576608308297852e-02,-1.395656555192450743e-01,1.615732587451224056e-01,1.906927976543639977e-02,3.010949649818395191e-01,-1.513267974471745325e-01
4.416275047166998147e-02,-2.869652706490994909e-01,-1.819186373211028685e-03,6.837660768045104032e-01,-4.494285023654131378e-02,7.992647912879964622e-02,4.968937274956129468e-01,1.000000000000000000e+00,8.235153775400330667e-02,2.795786519499354750e-01,8.181786789473519117e-02,6.409186655742130645e-01,-2.064988431920991574e-02,1.255081635792295591e-01,-2.809803201391308791e-01,1.771799628942486160e-01,-2.697073291707084430e-01,-2.658774631218431272e-01,-1.811683602836612339e-01,-2.615060791275439778e-01,-1.845948347036091841e-01,-3.684236961974453051e-01,-4.801616077903242408e-02,1.116453041761236165e-01,-3.201061689096497132e-01,-3.373688192397402141e-01,-4.027622124068824805e-01,-4.256472316660859234e-01,-2.764723794455484218e-02,3.024966331710349232e-02,-1.387180622133486474e-01,1.535164134874069664e-01,-2.175552269823480822e-01,-1.030971687244348622e-01,-4.351763778884881056e-02,-2.815893316255897640e-03,-2.371157969417577727e-01,-3.510386157231697446e-01,-1.220707018386496256e-01,-3.572119203011153710e-01,-3.400183331292830902e-01,-3.535923829614910363e-01,-1.646999362735403483e-01,-1.077149826243372355e-01,-2.711733516664626142e-01,-1.117441900618115214e-01,-2.403303730352316370e-01,-3.685194428486669449e-01,-3.015062046969226306e-01,-3.576153119300327643e-01,-2.151003456297147509e-01,-2.822736847392394721e-01,-3.238810983553550571e-01,-2.780435662959230836e-01,-3.441213125767150216e-01,-3.787643345293816854e-01,-5.181620410046805514e-01,-3.207622689131028326e-01,-1.643185192858869492e-01,1.746921195797192794e-01,4.407092786353120073e-01,8.138512442355807508e-01,-1.610678419960508423e-01,1.729278698096682054e-01,2.588785398792650683e-01,5.724613795679786010e-01,-3.863455857654552600e-02,8.513132987389694650e-02,-4.181695751673996653e-01,-3.234965421332353652e-01,9.048529425614269817e-02,9.839930434564227169e-02,1.027801060433402719e-01,1.402861098292570441e-01,2.335496265880602218e-01,1.689379028030224550e-02,4.057460547670845019e-03,1.258519097532875657e-02,1.181607853108940787e-01,-2.074139300390206719e-01,-2.243626569224828893e-01,-2.560956085249050940e-01,-1.941742086774718989e-01,-4.737340252206097002e-01,7.850440591557342196e-02,-7.021054845565360969e-02,-1.576382283416365993e-01,-2.428951275941848842e-01,-6.568534197250658346e-02,6.712311135806421636e-02,4.101080210579847729e-01,-5.862520365783599995e-03,5.776458252890450673e-01,3.560048846488295116e-02,1.875362973985164050e-01,3.543426599989326631e-01,1.671218556642777020e-01,7.799428031480243328e-02,1.675566396378579126e-02,2.033564694913498339e-01,1.652712769464038389e-01,6.115228740319385986e-03,-1.783085176848773767e-01,-4.296199328831670772e-02,2.246750107518780473e-02,-1.294290674276170894e-01,-2.092927618670911011e-02,1.567011668534511182e-01,2.178722896634426864e-01,2.267924243993859612e-01,8.695679471604054632e-04,-1.963277235213420693e-02,1.410191210771341297e-01,1.519436570197991443e-01,1.207851853247067231e-01,1.832214196246103460e-02
2.348461304226351354e-01,-8.894706936766400007e-02,5.406640736589974905e-01,3.173295160242223245e-02,4.045374494975655377e-01,2.196710710126228705e-01,5.966005229964620460e-01,8.235153775400330667e-02,1.000000000000000000e+00,4.294378572841227037e-01,4.678558086824947115e-01,1.100380161293866843e-01,7.188030726826956096e-01,2.739782576620864996e-01,6.969445830939666742e-01,3.235247952434319174e-01,1.386741129308206866e-01,-2.220066614555374698e-02,9.132190024140712792e-02,-1.107757362289632092e-01,9.772907778709083448e-02,1.932544129788509868e-01,4.162985914254949682e-01,1.890541172629642552e-01,3.168978712851084345e-01,1.841066837441021620e-01,1.657421621163463199e-01,2.472680812057171662e-01,1.539511974609871769e-01,-9.997049119601693346e-02,1.875017658193872949e-01,1.492235103547648878e-01,-1.469977931181702113e-01,-2.005986520127201744e-01,5.404819980599531032e-02,-1.556055740247183350e-01,2.376871376146212980e-02,2.298704437935765107e-02,-2.901076443498488699e-01,-2.626409123871052964e-01,-1.220204740871890930e-01,8.343143441040468122e-02,-3.620745944893878354e-01,-2.612455226668424779e-01,-3.847963735563445509e-01,-3.933350913046344544e-01,-1.981971376460136547e-01,-2.136437408373594027e-01,-3.019519759911348245e-01,-1.377668741700648902e-01,-2.380716938367409830e-01,-7.861427912189333789e-02,-9.433242609457258288e-02,2.831589488587313210e-03,-1.842401012089192047e-01,-1.041707869119036650e-01,-1.624271305199514182e-01,-1.820944344512147317e-01,-1.790289719948893188e-01,-4.230573632314024168e-01,-5.673381489190046367e-02,5.164825505652191617e-02,-7.957174563410966683e-02,-3.653409679515553510e-01,4.744215175687256925e-01,1.118006962822046257e-01,-2.248523774992230440e-01,-4.222615672941996134e-01,4.958577801217395331e-02,-2.961239872044803267e-02,1.125760871953765396e-01,4.067678755858596396e-01,1.023688663282571881e-01,1.248065446760153047e-01,-5.240167132842984965e-02,-8.273452435888983825e-02,8.175822243987580784e-02,2.502283793074220816e-02,1.412482851931727845e-01,6.971297979274773682e-02,-1.480682720711727351e-01,-7.435119871668094405e-02,-1.076537675522447057e-01,-2.843251744629554656e-01,5.607771488844730257e-02,-4.874885810346288872e-01,1.761157624101786501e-01,-1.975692907527570319e-01,1.024300814003497040e-01,-2.761961268125154856e-01,-9.557556294322067103e-02,1.265189970773727135e-01,5.510141296943327216e-02,1.925496548411704256e-01,1.723737949263692559e-01,-2.071423862576872096e-02,-3.924043082853815494e-04,-8.220713296855429453e-02,-2.148915865377069023e-01,6.433233191753859326e-02,-1.987260986535823448e-01,6.878376639072796006e-02,-1.504007232796210347e-01,-1.562381297696743554e-01,-1.121993790594225660e-01,8.271098010039271142e-02,-9.148671005088698793e-02,-9.265136603787800518e-02,-5.408900985405699219e-03,1.273351980386062954e-01,-1.270306922953768625e-01,-1.884529538626710521e-01,2.752009894867037815e-02,-4.831438805332931297e-02,2.108168602004715231e-01,-1.224097391610081964e-01
9.013526961315213026e-02,6.722670609545156571e-03,1.806943358792524879e-01,2.402644491114396819e-01,1.015087160844956315e-01,5.832211057011637001e-01,1.530863383655261811e-01,2.795786519499354750e-01,4.294378572841227037e-01,1.000000000000000000e+00,1.348191330062251114e-01,4.242157407494608345e-01,1.930032742215483377e-01,3.833648826397194620e-01,2.740426119686453221e-01,6.725229085635177073e-01,1.942291452806318708e-01,-3.820919230636417308e-02,-1.282518545027609702e-01,-1.633657616253700318e-02,2.048664412696319867e-02,3.923415235960558967e-02,9.775733089728738667e-02,2.735858533538011450e-01,1.428069151056823305e-01,1.613048541982552153e-01,3.004027637820241292e-01,2.494231656668204899e-01,4.360082750220531378e-02,-1.120628223601392581e-01,-1.445931395169973779e-02,1.521320110877761311e-01,-2.375144797189757476e-02,-6.744959174255765744e-02,7.725185136352649695e-02,1.916502641665803440e-03,-2.370796957453955300e-01,-1.854188837510084842e-01,-2.968821123280876995e-01,-3.709288053015391551e-01,-2.542513082759638166e-01,-3.156186332400980760e-02,-3.923995994336820781e-01,-3.786937017538902772e-01,-3.195709294331484096e-01,-1.492690292545259811e-01,-2.567721135523891030e-01,-1.872459182103852204e-01,-1.889112820947483617e-01,-1.022621323564035650e-01,-2.025638127886133788e-01,-7.498061522717069938e-02,-7.800683725266756297e-02,-1.842730631708151823e-02,-1.477731840313421252e-01,-1.647988221592282532e-01,-1.529607689868748566e-01,1.615450056349258812e-02,-5.229022850487680119e-02,-7.736800303877895690e-02,3.397907386304775679e-02,1.983242766418981118e-01,-1.404964385384980044e-02,-1.195498965622243392e-01,2.188250473239595761e-01,2.191609454118518541e-01,-2.338305880727925556e-01,-1.733610841660152835e-01,2.173448982731071219e-02,1.752461944630182566e-01,6.081481969806842858e-02,2.521621477386524757e-01,-9.103779952220851642e-04,6.825009653145984456e-02,-3.052277671567011838e-02,-2.520161733359703171e-01,-1.017692725451971314e-01,-6.587997450941612820e-02,9.229506292595487937e-02,-6.890619653491299179e-02,2.947584202116471791e-02,-1.685925870117313194e-02,-1.730864011502155075e-01,-1.620582704701631349e-01,9.913231559351937117e-02,-9.092635669865546666e-02,2.247691877858665546e-02,-1.251251769743430275e-01,-4.399480142772383556e-02,-1.334001990274651661e-01,1.115024690079077369e-01,-4.847291939387660814e-02,2.275285748817293396e-01,5.437154095602246204e-03,1.587809096873636361e-01,5.747310460871012106e-02,-1.123845938929332773e-02,-1.193929348389101835e-01,-1.901559885606295963e-01,-1.314962533236644915e-01,-1.683131951442321250e-01,5.532586823377251550e-02,-1.226028020806846086e-01,-9.598209380660431556e-02,-1.213298425046068219e-01,-1.624836367403444948e-01,-1.384261134079843303e-01,-1.010943371349462688e-01,1.207522233628107455e-01,1.924319335486848193e-01,-1.242038116584889551e-01,-1.605404506057152847e-01,5.793457207525372875e-03,-1.341755899406370800e-01,-6.556762068002096322e-02,6.243780391713676936e-02
3.993106241112042154e-01,-3.982275882203365619e-02,4.428314011345193535e-01,-7.193398817764300179e-02,6.623313838687297506e-02,-9.346442776464530811e-02,4.532473810936464842e-01,8.181786789473519117e-02,4.678558086824947115e-01,1.348191330062251114e-01,1.000000000000000000e+00,2.493493936568628444e-01,7.660454121657892523e-01,2.431070259206589979e-01,4.863835705024972533e-01,1.152899553914782382e-01,2.876637503178474872e-02,-2.179947198076277182e-01,2.159369516149791668e-01,-4.455672439718850325e-02,-1.443420007596947496e-01,-1.690634721816737865e-02,1.332605030937155655e-01,-6.201400726418855591e-02,-3.211436859007562455e-02,-1.830785844563944664e-01,-8.130931191119733503e-02,4.614517703712772700e-02,1.625605479847684331e-01,-9.839773472840912527e-02,-1.749087267578928184e-01,-1.827065851721399181e-01,-2.187261614382716712e-01,-3.650411710600253157e-01,-1.229057382066809229e-01,-1.955491933737038834e-01,-2.943660159033617899e-02,-5.856712782020976477e-02,-2.031241661408448862e-01,-1.715638724340682320e-01,-9.446584355938961175e-02,-1.343890578843443262e-01,-1.876053605567746252e-01,-1.581263793011436214e-01,-2.909034402870516178e-01,-3.598692822768239652e-01,-2.803179416667451324e-02,-1.930754766142728507e-01,-2.383071364217121957e-01,-1.635556853105801511e-01,-1.472567799616385509e-01,-1.002624400013812644e-01,2.505109104093875688e-02,7.985584635330827963e-02,-1.264295288950836316e-01,-6.562569651764720013e-02,-2.930004489105286769e-01,-3.214874320748142278e-01,-1.978094421894276977e-01,-3.524763851087273636e-01,6.701951662067688609e-02,2.700055564450053180e-02,-5.550480459835064467e-02,-3.217762416457122798e-01,3.559938973281975283e-01,-6.325557449560350633e-03,-2.833441636922420237e-01,-4.116807775255926227e-01,1.754204219758969535e-02,-1.438899509965499701e-01,-3.996873322471582168e-02,2.166024693218311648e-01,1.734018942140769515e-01,2.367610634470677933e-02,1.611965506091684597e-01,-1.386285940310595828e-02,1.338710841974076193e-01,-2.395706782943911317e-02,-1.293082069006651902e-01,-5.720156082737663794e-02,-9.624892873623838718e-02,-1.489786500663947966e-01,6.619546757327758602e-02,-1.948193213602930907e-01,2.935717895833921953e-01,-4.112412847003129590e-01,1.721948585617911198e-01,-1.628776106658630096e-01,1.843625313531042365e-01,-2.199928425454168723e-01,1.691466618950302758e-01,8.851071577685065694e-02,1.912876825857246499e-01,1.969100515148375918e-01,3.342154582183588518e-01,2.452511230611303106e-01,1.389566440327861530e-01,1.018681584308850363e-02,8.499477317461363868e-02,3.079118126253731491e-01,-3.484236334127559925e-02,1.311776210253367547e-01,9.764117922203491284e-02,1.418933978759939676e-03,1.698011922812503113e-02,8.245513249139065082e-02,-1.641034817249465566e-02,-7.308137837506945879e-03,2.390291603489572980e-01,4.029662626471908760e-01,2.000696910051514843e-01,-2.410461184935441814e-02,1.814351952132952916e-01,9.700391462537945320e-02,3.033191126012010908e-01,-1.240060398871131314e-01
2.325544892622485038e-01,-9.101111602924510935e-02,-1.110033307277687314e-01,3.467378645043619478e-01,-1.097099661276601107e-01,1.590869850478262293e-01,2.834493280468625143e-01,6.409186655742130645e-01,1.100380161293866843e-01,4.242157407494608345e-01,2.493493936568628444e-01,1.000000000000000000e+00,1.713315690835632843e-01,3.814577977014525501e-01,-5.821710317721920380e-02,4.362342999036254998e-01,-1.383209490533638397e-01,-9.325566867263748727e-02,1.066429340541015652e-01,5.595685436149540511e-03,-1.418086385454043197e-01,-2.296915074289983538e-01,-1.511274560585655624e-01,2.094654197627366515e-02,-3.059686264907439668e-01,-2.627068363108972515e-01,-3.917858790955237591e-01,-2.900370115743574617e-01,1.204822491987104088e-01,-2.704136569256221020e-02,-2.763687847081610638e-01,2.046466948569921826e-02,-1.583555434171822762e-01,-9.548452514369845656e-02,-2.645260226841082418e-01,-1.915859098600215249e-01,-2.475333465181180914e-01,-2.228385585891024534e-01,-1.649589231170086878e-01,-2.039105443746488111e-01,-1.555867386179206335e-01,-1.237093822300493751e-01,-1.759682183902633590e-01,-3.297451883383718113e-02,-2.365915447858885079e-01,-5.679816919845926543e-02,-2.647787310586440304e-02,-2.059322113709350921e-01,-1.149430699829539632e-01,-2.146012073495757455e-01,-9.735707850283630005e-02,-8.441401479835126953e-02,-9.801788735798888652e-02,-7.116958458510307117e-02,-1.391638335075608413e-01,-1.123108218829756144e-01,-4.254934091772380467e-01,-2.113740743182367654e-01,-4.934876580996958029e-02,1.310253681537220383e-01,4.485510863320870678e-01,5.681967295455330191e-01,6.928447428810009801e-02,3.135891181576460629e-01,5.153681223296886771e-02,2.476463589589042724e-01,-2.801939419053269820e-01,-6.126843907844632675e-02,-3.364568716272849924e-01,-1.407868177266291820e-01,-1.378280892421574096e-02,8.641527677060671653e-02,7.240173411311917606e-02,2.072444113778413866e-01,2.106253668980282434e-01,4.530072296569758600e-02,-1.602579195037498114e-03,2.650769583329409124e-02,-4.597879761041472751e-02,-2.045525178230036822e-01,-1.020188416852666341e-01,-2.074720058766469089e-01,-1.776916581122527372e-01,-3.409836477276651512e-01,7.482365350385654888e-03,3.347522673120932601e-02,-2.717337050186941494e-01,-1.688594219413653841e-01,-4.951200600221630083e-02,7.233424057209408842e-02,2.428966972114180167e-01,-1.270950466019356573e-01,2.650424267538117884e-01,-2.007556137360343440e-01,3.147145337138085308e-01,2.723442861223862033e-01,1.402892490637233092e-01,5.700221943876766090e-02,3.090576332055664909e-03,3.516256525683646855e-02,-2.099676972773419428e-02,-7.683904203121026677e-02,-1.070588826208840744e-01,-8.002222578002128606e-02,4.634137919127041816e-02,-2.947081924601866465e-01,-1.506644189747887996e-01,5.354278305692374007e-02,9.517217131430329158e-02,2.892129625269581616e-01,2.064046661581106674e-03,-1.200113640287679417e-01,-4.404345956195122175e-02,3.822331886146244223e-02,3.772731981578972271e-02,5.145990098854493627e-02
3.720149804268730875e-01,-3.953237963390247856e-02,5.332805941942997396e-01,-1.212215389155200662e-01,2.465319307233737878e-01,8.931122056575283843e-04,5.552473873721154307e-01,-2.064988431920991574e-02,7.188030726826956096e-01,1.930032742215483377e-01,7.660454121657892523e-01,1.713315690835632843e-01,1.000000000000000000e+00,3.728154852157752885e-01,6.696709140508995128e-01,2.728167409095618168e-01,1.245695324738109316e-01,-6.945556256651252980e-02,2.736596253637588183e-01,-5.709325723828986843e-02,2.732703602899397028e-03,1.666117300635067133e-01,3.093024934939365700e-01,6.511557091687621146e-02,2.542246247830003969e-01,1.175125333936066357e-01,3.766296550923092096e-02,2.218402820288244426e-01,2.415640921804808605e-01,-8.600560667275677917e-02,3.873030522776715889e-02,5.459128736866227481e-03,-1.555349412492269545e-01,-3.012582051740862465e-01,-4.572295000141265303e-02,-2.220867119344276663e-01,3.568838702993887974e-02,1.186834678495302109e-01,-1.942919299699575331e-01,-1.145004379232080483e-01,-7.042087716489456306e-02,6.699440274494661285e-02,-2.985207927194874489e-01,-1.932795268545812462e-01,-3.874961151973480011e-01,-4.432316535289704262e-01,-1.499847747128385256e-01,-2.447378582258930291e-01,-2.860690192089757056e-01,-1.870465768217762503e-01,-1.515386957736486462e-01,1.035005603533522243e-02,2.402299175323105787e-02,1.007207682334585880e-01,-1.248018358243158793e-01,-8.396981312137222209e-02,-1.992974393264458632e-01,-2.556514068479260882e-01,-2.385253132171188672e-01,-4.724375213860347866e-01,-1.221947016000678003e-02,-1.379850509654715653e-02,2.478582572853783861e-02,-3.508769451481561497e-01,4.086168846865003701e-01,2.082411183208862648e-02,-3.759892512611874293e-01,-5.042677892569118470e-01,4.058245356287415451e-02,-1.045961531820850110e-01,1.243262418026740007e-01,4.466408621593538353e-01,1.894104203748873672e-01,9.102053373264396008e-02,3.281755711052302543e-02,8.376419326383068020e-02,1.347155382688377534e-01,3.307340471952509992e-02,-3.139077504559738274e-02,7.237505062015577029e-02,-1.458174409588477716e-01,-1.482487780529840038e-01,-4.761747800181447693e-02,-1.771626971046840471e-01,8.425391384057083488e-02,-4.273173044021484901e-01,1.881814100813375690e-01,-1.027188909712477560e-01,1.880778153439502109e-01,-3.098440114393704037e-01,-8.160753918549422392e-02,3.667724588681803982e-02,-1.695186611792848100e-04,1.637409001440908729e-01,2.655886535509450752e-01,1.068611108495082368e-01,2.397747285346995411e-02,2.387073888161632754e-02,-1.171311164059532506e-01,1.265441109531029729e-01,-2.235841267748446826e-01,-2.744632693871272566e-02,-8.967537176384167419e-02,-1.675754750446556141e-01,-3.783562340487648529e-02,7.920288558432141135e-02,-7.321793507435277182e-02,-8.962357439514799518e-02,1.971282283102442773e-02,2.545322697606961504e-01,7.824541907210507199e-03,-1.894967493227101563e-01,-1.112544694850713632e-02,-2.868632455289453140e-02,3.257018543457992354e-01,-1.248175319966473018e-01
