1.000000000000000000e+00,5.103986629801204877e-01,2.811417638342515457e-01,-1.012651002650751531e-01,2.658742571160463072e-02,-3.177477059926162722e-02,4.610732233001285651e-01,-4.168118377402172392e-01,1.183751190098381451e-01,1.262748607841749360e-01,6.676857181344737491e-01,-2.109619191349554335e-01,5.734824390566886088e-01,-5.036952982837468173e-01,-2.610225370956804625e-01,-1.400012329076757711e-01,1.344485820420147637e-01,-2.654975353262296611e-01,4.697264086540985928e-01,1.937879718440417565e-01,-2.698720744128277338e-01,-1.348504186178191566e-01,1.284621303274739723e-01,-3.652032356977001903e-01,-1.136352739452360650e-01,-2.044823043501092508e-01,-1.786506053805004268e-01,2.383005052638308141e-01,1.081876485482512057e-01,-5.443858179086689120e-01,3.602898702935461994e-01,1.692211448232718296e-01,3.808611631798972108e-01,7.578957462402023670e-02,-3.276771791072378703e-01,-2.253915052661139840e-01,-7.383975396642381006e-02,-1.726184904187091362e-01,-2.193045944076221221e-01,-1.650383913751258536e-01,-1.852215466598476079e-01,-4.478354479222080853e-01,-4.673633356088851935e-03,-3.293530202813312879e-01,-2.286609937692499206e-01,-3.321841416108623490e-01,-3.073159371582391275e-01,-2.691642940804449546e-01,-1.674448445052273138e-01,-4.816901794337300480e-01,-4.144967111046167774e-01,-3.958843715253123063e-01,-2.301176513565409143e-01,2.257933418419184046e-01,-4.429631794405795575e-01,-2.149597364317368600e-02,7.585921107607724867e-01,4.650641911098223891e-01,3.721531819292265286e-01,2.184004621120621825e-01,2.224553584679067331e-01,2.629814904027270028e-01,2.651596272965759393e-01,9.210505286662450108e-02,-4.128528342035986953e-01,-1.675818342469788114e-01,1.186080015708157048e-01,-5.240085938231325152e-02,6.325158851021372985e-01,4.331227496580964398e-01,2.260353570523460642e-01,4.171406131204208334e-01,7.011363299078286759e-02,-4.530547570829404624e-01,-2.952836715077319374e-01,-1.500608462769612850e-01,-3.313896011087036353e-01,-6.992184735233077097e-02,-1.867330001438392284e-01,6.288970727575350639e-02,-2.435152480998381275e-01,-2.635842452664336477e-01,-7.190819860772759697e-02,-4.938731338001639548e-01,-3.171746322396224449e-01,1.126740625906130083e-02,-2.335286959261533846e-01,-3.289648826797019754e-01,-3.231519513047131364e-01,2.972243595158782781e-01,-3.707832845117114973e-01,-5.200701387477767446e-01,-3.094392781553874650e-01,3.435999534234878139e-01,1.255807794259673205e-01,1.199870316377808638e-01,9.977419524234627021e-04,9.430602138409868718e-02,3.595980720977010655e-03,-3.798040590060480781e-02,-1.804543036468952422e-01,3.255218738370141973e-01,5.317713458557178641e-02,3.549564030146875604e-01,7.842434399037419290e-02,2.965668087554710342e-01,-6.256549822027493435e-02,2.813198504985284787e-01,1.165577217692681800e-01,-2.610910319665562529e-01,-1.520745954807084244e-01,-1.376518588366374557e-02,-1.209870567525668517e-01,-1.112790503871101816e-01,1.692759407199724286e-01,5.433241474100947849e-02
5.103986629801204877e-01,1.000000000000000000e+00,1.929797323677078513e-01,3.056172643605204464e-01,4.514291454808225801e-01,2.961786711538417771e-01,2.930416060677322743e-01,2.712602371292429648e-01,2.967311964455728313e-01,2.672007744486733505e-01,3.605821150759493943e-01,4.216886725465708308e-01,1.854407302466500318e-01,3.527257533865005984e-02,-3.323028660537136747e-01,3.206701538166483595e-02,-2.541684836833801864e-01,-1.054387210637710015e-01,4.846902547780880255e-01,6.033690343821420665e-01,-5.776332282317592215e-01,-3.906057001431542663e-01,1.072515519796159306e-01,1.871051556089308246e-02,1.813812675660804175e-01,1.470059750359027362e-01,-1.696161319119886615e-02,1.337545006838071204e-01,-2.777170202904639118e-01,-2.871008176004420376e-01,4.038617408199749459e-01,2.589996552424832510e-01,5.500343615935560093e-01,4.779275278602887478e-01,-2.192041352636709961e-01,-2.486843276885949139e-01,-4.696031178865222588e-01,-1.992036329679512385e-01,-3.966789120274710201e-01,-4.322597142850619356e-01,-3.054939735929441125e-01,-5.125585345750692801e-01,-2.693012838221964245e-01,-4.365429268771590099e-01,-4.387941249666087451e-01,-5.375545961199938994e-01,-3.563354330816527193e-01,-3.884001653009550581e-01,-3.655639753509791201e-01,-4.570913881398848133e-01,-4.409494302368324181e-01,-3.779524143300402317e-01,-1.782944320519465053e-01,1.413049186166775821e-02,-5.099100662345401602e-01,-2.484012155556418189e-01,3.597967072232407526e-01,8.738644121199390380e-01,8.957074264422165699e-02,2.798631929112375127e-01,1.461908860724812735e-02,4.551598327811885447e-01,-1.353207500644993400e-01,5.831904454221452649e-01,-5.012568808805700771e-01,-1.349417451123201828e-01,-6.627792022174072706e-02,-1.381016418220548936e-01,4.173963273050236289e-01,4.585297804282755796e-01,3.695184125628726002e-01,6.168031617232396790e-01,-5.799460717049971514e-02,-1.787373655502763892e-01,-2.128067143238757120e-01,-1.756003004641669141e-01,-1.254118254111404596e-01,-6.491030596658820505e-03,-4.706396735991086322e-01,-3.030898036252051980e-02,-4.175470160209502901e-01,1.613533673220103604e-01,-6.223740778878008584e-01,-4.734205653566642136e-01,-3.802766736150907656e-01,9.192696620234755422e-02,-3.484402576320410061e-01,-3.200240188680537612e-01,-1.489283977451488494e-01,6.831906737383815209e-02,-3.256223329809652678e-01,-4.159579350166328626e-01,-2.099207970976439963e-01,9.560742393073798362e-02,-1.211331791437684491e-01,-1.468073399103630430e-03,-2.666528154816673601e-01,-8.180799061163636365e-02,-1.448552360904040992e-01,-7.571194710369438807e-02,-1.081534011128133278e-02,1.207222099185139286e-01,1.806826198831477381e-01,1.730888218653893196e-01,6.314085513563126584e-02,1.055802771302475629e-01,-1.970665929966277652e-01,8.719625378719557396e-02,-5.799004084577466522e-02,-4.499542225946313589e-01,-1.267314932566799557e-01,-2.205375020833856559e-01,-5.950606065449132176e-02,-1.421885024509748074e-01,1.508508204543949627e-01,1.581980369370007133e-01
2.811417638342515457e-01,1.929797323677078513e-01,1.000000000000000000e+00,5.040514716123007943e-01,3.938980202699154387e-01,2.651230966987755400e-01,7.468201256195932114e-01,2.563511869019541312e-01,3.071972127153878018e-01,2.783289078036206288e-01,1.255853457506923565e-01,-1.782487688046960062e-01,3.619702777923646253e-01,-2.977403542098089329e-01,-1.111192290217334205e-01,-1.028633139188427081e-01,-3.803269031870663563e-01,-3.851900390192447565e-01,3.755687928235640349e-01,3.526275774049120182e-01,-9.325120037261210026e-02,-9.552066376096203515e-02,6.665076063554107311e-01,4.092043407482836570e-01,4.488994015831447859e-01,2.447070588530762258e-01,1.292110075823822146e-01,1.756550963608675131e-01,-2.651870252449262666e-01,-3.832265193874732079e-01,1.753856832020895540e-01,2.135784232024091900e-01,1.659196920470605296e-01,9.822392799819174014e-02,-1.059775473813269336e-01,-4.068481171901577320e-01,-3.482530383183139455e-01,-2.520725406345821207e-01,-6.265682471477594662e-02,-8.094038891387683732e-02,-1.169230277472721874e-01,-1.290420535675553537e-01,2.010324460203338423e-02,-5.990333090557068557e-02,-9.214158346442490044e-02,-8.105226386964055948e-04,-1.648557383861238568e-01,-1.410103906719118450e-01,-2.414444198370278849e-02,-1.519444552260444843e-02,-1.354623061309759013e-01,-7.520051873448876933e-02,-1.389692435198144338e-01,2.087152873702307621e-01,-4.187981889956140513e-01,-9.692252545155242982e-02,-6.643317526239243820e-02,5.394884346410526443e-02,-2.791097493316042066e-01,-3.924778932804248721e-01,-3.698951343526891977e-02,-1.851850160620472086e-01,-3.260652664792951239e-01,-1.435538335437648028e-01,-4.847153695640758417e-03,-8.531949432519994603e-02,-2.288436467582519174e-01,-3.242067723161997095e-01,-7.459091438369456345e-03,-1.644219375372440728e-01,-1.122471112288208200e-01,1.679562728744329325e-01,-3.260880981029203873e-01,-4.928959403090031888e-01,-3.690846117139928162e-01,-4.119487019080387835e-01,-4.555708020064430652e-01,-4.369310644787882669e-01,-2.313985054419175069e-02,3.967451237359842509e-02,-1.951578692615567878e-01,-9.889061140804905614e-02,-1.756687953350426490e-01,-4.924096267257853377e-02,-1.432296244882862446e-01,2.961193089324161143e-01,-2.457801451634629986e-01,1.155257323814068426e-01,-1.870138291144298262e-02,1.460653121425423973e-01,-1.658877277739851941e-01,5.656991385628406394e-02,-1.003335700211649140e-01,4.090742004936197274e-02,1.322247819009153280e-01,1.081008883784752572e-01,-5.156522195762907462e-02,-7.092187246711675885e-02,-1.615908162077129839e-01,-1.655315544454312726e-01,-2.120943676667678968e-01,-1.718193835918253587e-01,-3.208505236432878660e-01,-2.487573888841957126e-01,-2.748630673373075317e-01,-1.705042820710109264e-01,-1.657279064086084330e-01,-2.574014415887156959e-01,-1.223980510926073462e-01,-1.518965088164314636e-01,-3.858749877280023277e-01,-3.730002351657233511e-02,-1.636273970350853590e-01,4.529109178541013830e-02,-1.813264716693798184e-01,-1.148727479457246625e-01
-1.012651002650751531e-01,3.056172643605204464e-01,5.040514716123007943e-01,1.000000000000000000e+00,4.034736032183456889e-01,1.910892739315371014e-01,3.853909573071470085e-01,6.030904885739140076e-01,1.741025459543504572e-01,4.291226491989524883e-01,-3.081241766345730326e-01,1.322202155761902642e-01,-1.679791044980581682e-01,1.572299760952900749e-01,-1.436908232855163003e-01,-2.638650742370242039e-02,-6.545027386532538127e-01,-3.902860574124007442e-01,3.051469329138403186e-01,5.573404811536363246e-01,-2.258572703880691035e-01,5.340545082182428932e-02,5.849530467660146726e-01,7.184769480512067652e-01,3.046629024929849994e-01,3.444173255492717911e-01,7.104972955941815660e-02,7.121868357424501750e-02,-4.915945377623638923e-01,-1.943861603830233098e-01,3.035304539611725638e-01,5.252300856870835144e-01,1.936601147517403310e-01,3.144668016776677177e-01,-1.748194589361833362e-01,-2.948681359577523531e-01,-2.234919141804931064e-01,7.979652457025176657e-03,1.232473874914666867e-01,1.781551591478324967e-02,8.010475148919264654e-02,-6.977115863640410975e-02,-1.804634362963453420e-01,-1.196765215564774415e-01,-2.450814974805303192e-01,-2.312957631356038490e-01,-1.775729527453885903e-01,-2.199895431163796378e-01,-2.350492820595951049e-01,-7.090360716821655918e-02,-1.486726835605460539e-01,-8.797024582809157348e-03,-8.550443047656447818e-03,1.620657139791182033e-01,-2.741872512780001436e-01,-2.258732525246067921e-02,-3.658151232108569073e-01,9.977647840470879603e-02,-3.923728678117486823e-01,-3.110511907833301559e-01,-3.950761320489784012e-01,-1.086853779432816747e-01,-5.499658667226802189e-01,-4.220425627127621926e-02,-1.621707394477943376e-01,8.209110274458947254e-02,-3.078593298005201095e-01,-2.076604663587441613e-01,-1.377454684935009721e-01,2.554858683665571333e-03,8.730127925587172211e-02,4.130857167645762829e-01,-4.566347556673797659e-01,-1.561294918365529749e-01,-1.395765647082460870e-01,-1.574263280584672353e-01,-2.379443319352769204e-01,-2.187612017653411400e-01,-2.450769311558052832e-01,7.646995700805271634e-02,-3.361020482249554298e-01,4.030923151038039859e-02,-1.852124140103975081e-01,-8.367561742418189175e-02,-2.659861320718100441e-01,3.670480308866204133e-01,-8.548844834002680693e-02,1.349919746842957180e-01,-7.039674512373599036e-02,1.958702159186646308e-01,-2.273002290011849613e-01,1.979273452072997236e-02,-1.921166969946733749e-01,1.844566872684017325e-02,7.329179499941779197e-02,9.958925909098173546e-02,-2.034320496633477138e-01,-2.067860151738970531e-02,-4.951517047231779878e-01,-1.101557345047478320e-01,-1.753126220064887553e-01,-5.294653518695674813e-03,-2.505976177483909551e-01,-1.209094292322409891e-01,-3.217637885882979054e-01,-1.376769736226252372e-01,-2.493327457995520302e-01,-7.955679252218662845e-02,-2.408165501873334724e-01,-2.737808483774706869e-01,-3.852037379934199479e-01,-3.356180178041001105e-01,-1.546956658728872169e-01,-1.588281897490576300e-01,-1.639835703636392805e-01,-1.592437252990371865e-01
2.658742571160463072e-02,4.514291454808225801e-01,3.938980202699154387e-01,4.034736032183456889e-01,1.000000000000000000e+00,6.648591631296676407e-01,2.938498455440661794e-01,5.549385943482598726e-01,5.215176636856176939e-01,4.717401578578457322e-01,-2.319464644089234973e-02,3.108776704437782867e-01,3.418122372936306663e-02,1.495996474797312292e-01,-9.660288272079892158e-02,5.428675149375897235e-02,-3.335449063789273083e-01,-7.862069595355133944e-02,1.347682247727682581e-01,4.454289947921066251e-01,-4.814709958469276518e-01,-2.669678918876958185e-01,3.543673471251561069e-01,3.424492395927751787e-01,7.914605161316836668e-01,6.115518882894319663e-01,3.764135628976983394e-01,3.695458105112228719e-01,-3.291475356687040277e-01,-1.331380468459253674e-01,2.538853715504270636e-01,2.320446403905120913e-01,3.214121815844689922e-01,3.663585158531378894e-01,3.377025450410855306e-02,-2.588489665265565898e-01,-5.572308893602351265e-01,-3.087999926938804207e-01,-4.139578847870608591e-01,-4.251499466881588085e-01,-3.809479233496731454e-01,-3.664224443992885605e-01,-2.603284557374728747e-01,-1.877604232069755297e-01,-1.777830036827408866e-01,-1.947103694385018680e-01,-2.809819424688748124e-01,-3.223391455036542230e-01,-9.513709248405781416e-02,-1.045916678272741998e-02,-7.952939457383632893e-02,-4.848295276822020550e-02,-6.346049786638477408e-02,-7.552016146524227758e-02,-4.226704323624566051e-01,-3.809935865969236723e-01,-2.139939587523887465e-01,2.915301525837407093e-01,-2.756256435663909099e-01,-3.060693305083004301e-01,-5.146476281367796946e-02,7.214108116870515675e-02,-3.390062307500873451e-01,3.180513665868320849e-01,-8.002712396886679791e-02,-2.385219720129957630e-02,-2.635568473180833204e-01,-3.537828575603496617e-01,-9.359367472699085810e-02,1.699357746427421559e-02,1.796095335727609654e-01,3.491206400160734580e-01,-7.724166588658619437e-02,-6.557927253880804774e-02,-2.219918765083141524e-02,-2.897355869667959660e-01,-1.553029870613188979e-01,-1.532024776877958239e-01,-1.134480546315090044e-01,-3.837310982695912170e-02,-1.744084897109288157e-01,1.444716648134998782e-01,-4.739639579989451956e-01,-1.631479329389550759e-01,-7.337398884446869052e-02,1.030642322067449185e-01,-3.488192625842201355e-01,-1.866005767268127669e-01,5.781195418149771142e-02,-9.089954313921125295e-02,-1.297726655235633686e-01,-8.348383178572978125e-02,-3.679316147209176630e-02,-1.317955473767606078e-01,-2.029525855672174306e-01,-1.541020436586306996e-01,-3.394856948462176005e-01,-4.125057935244949014e-01,-2.934936722155122579e-01,-4.196977549664489548e-01,-1.348184543447438211e-01,-3.088547885905810197e-01,-1.303617214130948498e-01,-2.950233909984040781e-01,7.162965279949952413e-02,-5.491005481872832626e-03,-5.310863971469603068e-02,-2.929411469237812038e-01,-1.224756786129331948e-01,-3.041788720721296801e-01,-4.008707981250670405e-01,-2.702145487672064639e-01,-2.756484751900161734e-01,-5.964305039624282628e-02,4.672948407380093927e-02,1.953542212247339482e-01
-3.177477059926162722e-02,2.961786711538417771e-01,2.651230966987755400e-01,1.910892739315371014e-01,6.648591631296676407e-01,1.000000000000000000e+00,1.824954507989926811e-01,4.417713686873414591e-01,5.997296735762770448e-01,5.467968373634953805e-01,7.258173150467249479e-03,2.896899237195454946e-01,6.276641650817714468e-02,1.101603008294728819e-01,-9.886321345969875662e-02,2.533556778823212730e-01,-2.400905045560504936e-01,-4.861537618524666010e-02,1.092744338328131559e-01,1.758012187520691105e-01,-3.855370796983486059e-01,-4.410042261335330172e-01,2.172862788791499467e-01,2.797764327414615226e-01,5.951313845781515122e-01,5.442077312443920345e-01,3.954551370011575862e-01,3.857425643109758662e-01,-1.943815940582982738e-01,-9.840658098719373692e-02,4.238690926027822298e-02,-5.322279783282228560e-02,2.054001356198443262e-01,3.026948165364883869e-01,5.545573062337182113e-02,-1.781437433360198441e-01,-6.820468093947564814e-01,-4.947955313946240663e-01,-4.824253577144631544e-01,-5.173805734847222171e-01,-5.509841571363663926e-01,-2.719177878896502087e-01,-2.797558842801988258e-02,-6.782590430353273303e-02,-5.404473628333131968e-02,1.200715086451942942e-02,-1.559399893604633807e-03,-1.391587459959039985e-02,5.366116500642709869e-02,5.492603695526600271e-02,-1.639995525001769483e-02,-3.177477059926162722e-02,-2.698926228740904446e-02,1.113041651730979631e-02,-4.156337259611542767e-01,-2.662327136069627120e-01,-2.000301377431853433e-01,1.735911175851448385e-01,-2.180214571598829976e-01,-3.485818136985175397e-01,-3.056926087184837909e-02,-5.600597275274036765e-03,-3.713632077517928787e-01,2.192680638098216950e-01,-3.121767898280550582e-02,3.728404138003465693e-03,-1.923176152825755991e-01,-2.939503046880173054e-01,-5.695805145791332791e-02,-8.352949503298028044e-02,4.464267367445300810e-02,1.657918349547591319e-01,2.936831746916018435e-02,-1.482023521138658706e-01,6.578019082671025808e-02,-3.799981278068627066e-01,-4.649660151282337950e-02,-1.774268303541869651e-01,-4.746466235453401794e-02,-6.801540677962231510e-03,-1.204162661619355701e-01,1.548828851866142775e-01,-4.936722155122617028e-01,-1.512663560043745470e-01,-7.477585053505909907e-02,2.107244702492528377e-01,-3.801807807958647589e-01,-1.503302594357392441e-01,6.338287034605892545e-02,-6.383950281856393127e-02,-4.839162627371920017e-02,-4.167456260317040084e-02,4.035489475763089778e-02,-8.874880419371262985e-02,-1.536728091344759795e-01,-6.020927466214905099e-02,-2.504012657852137669e-01,-2.643239898718917624e-01,2.468098513889618092e-03,-2.633467963807309964e-01,-1.162426453632397216e-01,-2.533693768564964088e-01,-1.490699538116254108e-01,-2.244371433985785091e-01,2.030119477886430934e-01,7.939697115680986739e-02,-9.441561317749988524e-02,-3.009915774140446421e-01,-3.133183710093175728e-02,-1.440926598613207210e-01,-9.637000015982136181e-02,-7.369819789994726256e-02,-2.147314201954843640e-02,2.018155707106799590e-01,1.911806004260380998e-01,1.822899661863654208e-01
4.610732233001285651e-01,2.930416060677322743e-01,7.468201256195932114e-01,3.853909573071470085e-01,2.938498455440661794e-01,1.824954507989926811e-01,1.000000000000000000e+00,1.004888250618166251e-01,2.456888186689620002e-01,2.412960142834637278e-01,1.414396251960665651e-01,-4.871583532919776527e-02,6.127254337437698650e-01,-1.985871791300694855e-01,-6.994467897595602057e-02,1.393528147967186270e-01,-2.754932201493645039e-01,-2.830276559456972874e-01,6.339588437152531286e-01,2.726712314692834593e-01,-1.812442778243289199e-01,-6.340113564495912513e-02,6.030311263524883447e-01,2.601275374495706783e-01,1.998840153519837182e-01,-7.061821187290091666e-03,-3.035761172084230353e-01,-7.455666694825668905e-02,-1.145074419677206551e-01,-4.072088568434367173e-01,4.516117984698245769e-01,2.605065424017498077e-01,4.487030496199675977e-01,1.667964263942701697e-01,-2.026877387331645353e-01,-2.800275806013393098e-01,-2.640271787647635038e-01,-1.925002682715775959e-01,5.393057816520506476e-02,1.259963149759468770e-01,-4.788019790451358143e-02,-2.335926244723041112e-01,-1.185760372977403554e-01,-2.599768487336440170e-01,-2.300263248620399159e-01,-8.031480242654495671e-02,-3.082292021032491669e-01,-2.037334270952010085e-01,-2.107427355481530373e-01,-1.225578724579841072e-01,-4.671783994575205989e-01,-9.533344444723497457e-02,-4.901744107728732702e-01,3.052336930836162532e-01,-5.581121900321697193e-01,2.444125309083104713e-02,1.767829785679549126e-01,1.225807040816093568e-01,-1.736550461312955373e-01,-2.755982456180406381e-01,4.285495754459587095e-03,-1.415332348529300954e-02,-2.466842774590229381e-01,-1.323709042921169254e-01,-3.092474925169353406e-01,6.111797328243403354e-02,-1.280191968291441162e-01,-2.814705392144551399e-01,2.769133471388550705e-01,7.011591615314539949e-03,-6.712725662060006759e-02,3.912723835530115823e-01,-1.566774508035589930e-01,-5.268419983150262054e-01,-3.049779788990134577e-01,-1.967880471883997062e-01,-3.672352502003474739e-01,-1.541340079317060352e-01,-3.370746753913911320e-01,2.233823223870919084e-01,-4.943115009737687471e-01,-1.535038551196491186e-01,-1.936464157775651951e-01,-1.646548200982216326e-01,-5.210062353164121030e-01,1.718467815401756582e-01,-2.309395898070499553e-01,2.262385585026107856e-02,-3.454401822876830286e-01,3.431615862498829661e-01,-4.290313227044514899e-01,-1.360513620205073548e-01,-3.616825993346864943e-01,3.696006064079234710e-01,2.566982275810579806e-01,2.666847797547426957e-01,-6.553360929155754855e-02,1.731116534890145553e-01,-2.495656283605295900e-01,-3.709910522867012478e-02,-4.142409969200139819e-01,1.796506304952864008e-01,-3.998662066855560027e-01,1.222975919486562479e-01,-2.662783768542132390e-01,3.507165705074784950e-02,-2.529584076312418883e-01,1.352979184408740765e-01,6.643774158711748812e-02,-2.199027829466036754e-01,-1.879156782476272269e-01,-1.944112751690110774e-02,-7.865266022662670276e-02,-7.427355481530358017e-02,-2.013520887510873714e-02,4.627970108838350138e-03
-4.168118377402172392e-01,2.712602371292429648e-01,2.563511869019541312e-01,6.030904885739140076e-01,5.549385943482598726e-01,4.417713686873414591e-01,1.004888250618166251e-01,1.000000000000000000e+00,2.634244239010568589e-01,2.504103984346638945e-01,-3.824182799111393027e-01,4.782654358899424141e-01,-3.345449314937133378e-01,6.034192639541176018e-01,-2.119254136519410359e-01,1.159184363077611496e-01,-5.801447068305368715e-01,-1.318320779745610072e-01,-5.861106100838148897e-02,5.719801182221471159e-01,-3.733312937082894911e-01,-3.136220316035334132e-01,2.197292626070517785e-01,6.826769622068133980e-01,4.789823488717753208e-01,4.577626378744671931e-01,1.932080486039603751e-01,-1.043382368050339154e-01,-5.945560276627951390e-01,5.383925167070405943e-02,2.381338344113664851e-03,2.098066389795177622e-01,1.262154985627493009e-01,5.316366392763288706e-01,8.957074264422165699e-02,-2.131354897040793339e-01,-4.891743856580872962e-01,-2.354237206870492261e-01,-6.255179924609978459e-02,-3.429561016372557058e-01,-8.402722442801074942e-02,-3.144599521905801220e-02,-2.078750836208215214e-01,-5.292142040096897704e-02,-2.029160549694170312e-01,-1.018358908557064207e-01,2.993454173506640559e-02,-2.420677231619972058e-01,-7.204062202475404464e-02,1.484854642468189934e-01,2.328939767893714319e-01,-5.655393171974638401e-03,2.181630132263595589e-01,-2.621504193027678897e-01,-4.214489404985057031e-02,-4.150948996435983585e-01,-5.663909367586856813e-01,1.133293301886577065e-01,-4.206110199114589387e-01,-2.544241978679829819e-01,-1.473941126375319932e-01,-1.160782576731379107e-01,-4.803294146656651442e-01,2.173776053736509450e-01,1.588692866715830654e-01,-6.716835354312551687e-02,-3.199281260488276990e-01,-2.335697928486788477e-01,-2.375470616841975358e-01,-3.380678510190895242e-02,1.729381331494626584e-01,1.048633641484146839e-01,-2.524698108856615053e-01,2.136012548260344535e-01,1.715682357319475992e-01,-2.625157252807718833e-01,5.503562874866720078e-02,-2.634883524472075855e-01,-9.015066588430302452e-02,-2.626070517752728817e-01,-2.328597293539335505e-02,9.634716853619611221e-02,-4.900830842783722718e-01,-1.819452086696241380e-02,1.165394564703679803e-01,3.837767615168417162e-02,-1.386359018148857758e-01,-9.581290854336524387e-02,3.857197326873506027e-01,-3.937427652292637692e-01,2.698172785161271348e-01,2.079664101153225197e-01,3.234213644634910678e-01,-4.188073216450641234e-01,-1.772944069371605313e-01,-7.796314519314412328e-02,-1.789154522145533222e-01,-4.160949247583843325e-01,-1.097082346816929260e-01,-3.693859891458461386e-01,1.566911497777341566e-01,-4.886401256652564418e-01,-1.952788768667706315e-02,-5.213304443718905778e-01,-3.547349362655226324e-02,-3.128000931530243722e-01,-9.436538360552433613e-02,-5.423035738340460377e-01,-3.354673290881734493e-01,-3.330608759580719891e-01,-1.923267479320256990e-01,-2.801737029925409073e-01,-1.086899442680067246e-01,7.782158912666756190e-02,-1.226743137384728871e-02,5.496713387779145199e-02
1.183751190098381451e-01,2.967311964455728313e-01,3.071972127153878018e-01,1.741025459543504572e-01,5.215176636856176939e-01,5.997296735762770448e-01,2.456888186689620002e-01,2.634244239010568589e-01,1.000000000000000000e+00,5.756468769763624094e-01,-3.292548442997426938e-02,1.830867898508866526e-02,-1.287931888700401088e-02,5.809049998972577039e-02,2.345949327494526240e-02,2.226654094052590294e-01,-2.643833520933174253e-01,-2.509994543241953480e-01,3.851923221816073301e-02,2.000347040679103794e-01,-4.190402042060417109e-01,-3.429469689878056338e-01,8.573959619990456638e-02,9.626954101587026358e-02,4.574521277931637431e-01,3.580249732299212728e-01,2.401955300247266556e-01,3.615182116445846972e-01,-2.788403361728262753e-01,-3.319786569982350888e-01,8.659349892348894295e-02,4.116770055868983202e-02,3.161472091764861436e-01,3.753176449636863032e-01,1.081556842751758563e-01,1.671503165604615662e-02,-3.637694097340344324e-01,-3.202066718570557580e-01,-3.051149686407649275e-01,-3.884092979504051302e-01,-3.665685667904901579e-01,-3.588514780051553776e-01,-1.632986216548817371e-01,-2.054047019445693900e-01,-1.622255353444949644e-01,-5.247848690263910709e-02,-2.124025945857087663e-02,-7.444707515485549099e-02,-6.291253889937875599e-02,-1.363047930427476427e-03,-1.968314272732876735e-02,-5.875718339958309333e-02,-8.710949361741961161e-02,-1.613031377500348251e-01,-2.899228062805230266e-01,-2.564744776695305206e-01,-1.540015845146796014e-01,8.378064289285803989e-02,-1.267451922308551193e-01,-1.787647634986266887e-01,7.303608081481498260e-02,3.583423327983122769e-02,-2.263139028605741232e-01,1.088223676850331861e-01,8.045179216829646818e-02,9.367815173440428508e-03,-9.484028137692955551e-02,-1.985095516097436230e-01,-7.865494338898921731e-03,2.629518092920141853e-02,2.528396831883905627e-01,2.978864766010105303e-01,-2.568329341604469462e-02,-1.445812566069010763e-01,2.942311336586078685e-02,-2.788312035233761477e-01,1.029866046864190698e-01,-4.534132135738568742e-02,-1.133704271111831557e-01,-5.561555198874857525e-02,-1.349828420348456182e-01,2.573808931274529713e-02,-3.458237535645872218e-01,-3.414355155038140133e-01,-3.888910452088979730e-02,4.425453607282374413e-02,-1.943633287593980741e-01,-2.041032993979300936e-01,1.198957051432798515e-01,-7.758414024096495221e-02,2.972905712243914880e-02,-8.432860185986405799e-02,1.013381614606759518e-01,-3.471548372219393497e-02,1.304827290183086831e-02,1.174801193637283192e-01,-5.182093614223188399e-02,-2.034411823127978136e-01,1.504375680667779241e-02,-1.374440910616476774e-01,-4.595777519526746124e-02,-2.346017822365401850e-01,1.483827219405053563e-02,-1.896828459162216429e-01,1.225852704063344067e-01,4.111290466198922605e-02,-6.248330437522403580e-02,-2.309121918586996558e-01,-1.754907086707657160e-01,-1.615086223626620854e-01,-9.559600811892535535e-03,-1.043382368050339154e-01,4.404905146019649081e-02,4.949211053245629321e-02,1.996739644146314219e-01,1.333206998349273642e-01
1.262748607841749360e-01,2.672007744486733505e-01,2.783289078036206288e-01,4.291226491989524883e-01,4.717401578578457322e-01,5.467968373634953805e-01,2.412960142834637278e-01,2.504103984346638945e-01,5.756468769763624094e-01,1.000000000000000000e+00,-1.806597882595225024e-01,-1.016007251323663464e-03,-4.628655057547107626e-02,7.519595240976371942e-02,-8.657066729986369336e-02,3.524266591170097662e-01,-3.783816488541949519e-01,-2.499902965599592741e-01,2.293824730758078356e-01,2.150031165166248481e-01,-4.078024790576932346e-01,-1.852306793092977355e-01,3.561664790668258584e-01,3.006445367349408482e-01,3.530248476559913473e-01,4.534611599834699192e-01,3.754774663290630365e-01,5.548153035806835387e-01,-2.103180673487233809e-01,-3.924687606309747445e-01,2.261175508973969628e-01,2.538488409526266643e-01,3.349695996931429942e-01,3.227455484041836797e-01,7.139448707615944634e-03,-1.117402491843402512e-01,-3.686051476178625608e-01,-9.704124989440374160e-02,-2.761918678322971554e-01,-1.785592788859994284e-01,-3.446136775124489238e-01,-3.721760135528517921e-01,-1.920482021237976400e-01,-2.237978579370714927e-01,-2.498715721171079762e-01,-1.317270525058848452e-01,-2.353278278678231639e-01,-1.015893093205537112e-01,-1.998063878316578834e-01,-8.717798848829537428e-02,-2.788996983942519381e-01,7.012733196495801735e-02,-2.649221784108733435e-01,3.114575936838596126e-01,-5.140425901107105178e-01,6.909534257709668004e-02,-1.717782866692999233e-01,8.066412626801130331e-03,-2.207292877218377525e-01,-3.603446661902467985e-01,-1.817009102968339396e-01,1.227405254469861179e-01,-4.468765197299475744e-01,9.333339421766299882e-02,-2.621778172511181615e-01,2.844112523373874546e-01,-1.465584752128478163e-01,-4.409928103217203993e-02,-8.997942870711364213e-03,-3.006239882736781027e-02,6.402215580756594193e-02,5.740303980236947101e-01,-2.736370091486315867e-02,-3.114073641118840774e-01,-5.782565315567286118e-02,-2.122267910837943306e-01,-2.122199415967067695e-02,7.893120603485476172e-02,-3.085442785092776252e-01,3.403943934665025761e-01,-4.426937662818015706e-01,1.843082817148375963e-01,-2.982517825790145238e-01,-2.008703414925945563e-01,-3.850256513291429594e-01,4.551233021833881454e-01,-2.810458710150254835e-01,-3.273369879152215889e-02,-2.797581674425613230e-01,3.739797118192466074e-01,-3.472027836315523808e-01,-2.167657178604942003e-01,-2.343460680519373895e-01,3.334216156113509744e-01,1.032674336570096538e-02,1.710613736874670443e-01,-2.630271536499775298e-01,1.197975291616912817e-02,-1.940893492758950512e-01,3.824525273465771702e-02,-4.434791741345102123e-01,1.501156421736618840e-01,-3.494083184737516445e-01,1.300329460328912279e-01,8.091755729025158772e-02,3.160330510583599373e-01,-3.084072887675260999e-01,-2.654176246435412806e-02,-9.964405498768233449e-02,-3.351476863574199272e-01,-2.026466418106390721e-01,-4.735507056113281293e-02,1.352111582710981419e-01,2.515428469664763300e-01,2.790686524090787435e-01,8.726474865807132275e-02
6.676857181344737491e-01,3.605821150759493943e-01,1.255853457506923565e-01,-3.081241766345730326e-01,-2.319464644089234973e-02,7.258173150467249479e-03,1.414396251960665651e-01,-3.824182799111393027e-01,-3.292548442997426938e-02,-1.806597882595225024e-01,1.000000000000000000e+00,9.568505145106384613e-02,5.990447248675194736e-01,-4.097888303130900467e-01,-4.507647452333277821e-02,-1.704357872001351637e-01,4.651098543570729160e-01,1.544993139097100565e-01,2.387845356846861333e-01,1.766026087413154200e-02,-7.958875679526197788e-02,-1.834452463418030921e-01,-2.677464502533168783e-02,-3.365130174502099503e-01,-1.281082401612825862e-02,-5.564066677473634807e-03,-9.344298601106421076e-02,1.762669838740242301e-01,3.860074111450287337e-01,-6.847432241448986323e-02,1.818561653374856368e-01,-1.501179253360244124e-02,2.871738787960428363e-01,-6.550392818084472060e-03,-2.504286637335640942e-01,-1.480607960473893092e-01,-1.843904755598884948e-01,-3.581071670749721991e-01,-4.459723874343876071e-01,-3.073113708335140637e-01,-3.189600652071170606e-01,-3.990716661833972889e-01,-1.317270525058848452e-01,-3.307731472708218545e-01,-2.135738568776841539e-01,-3.498832162451568362e-01,-3.518147716038530493e-01,-2.648582498647226169e-01,-1.554034462052699961e-01,-4.546758023603332255e-01,-3.124439198244704508e-01,-4.759000796823664725e-01,-6.042845824895146101e-02,7.471192198890840019e-02,-3.167910609627182517e-01,-1.744221886851039516e-01,7.768985065834986825e-01,4.790691090415512554e-01,3.380290372589265790e-01,2.685021769953126469e-01,3.958341419533367156e-01,4.138619919678347969e-01,4.827313014710414851e-01,2.599814150583690253e-01,-2.325378034608175104e-01,-2.153638561699038056e-01,7.403610592960097048e-02,-1.477457196413608509e-01,3.771304758795312462e-01,2.272910963517348615e-01,1.174709867142782194e-01,8.973969665904851789e-02,1.848973376043690497e-01,-2.431590747712842060e-01,-2.675660804266773996e-01,4.180698602019685545e-02,-3.193208048603960458e-01,-7.187623433465223366e-02,6.865469224112934719e-03,-5.319768304683451104e-04,8.607522106719575281e-04,-7.251551979615926402e-02,-7.510005959053765723e-02,-2.740456952115235545e-01,-3.955578793074712024e-02,-1.114617033761121923e-01,-1.654219626520300745e-01,-3.295082753219829574e-01,-1.694037978122738264e-01,2.961033267958784396e-02,-1.371381473050693189e-01,-3.464995696238946654e-01,-1.081145873526504070e-01,8.891319188381442695e-02,-2.406247645488813758e-01,-2.946580850204000290e-01,-1.183614200356629953e-01,-1.811346860309277218e-01,1.174892520131784190e-01,-1.228181529673119665e-01,5.426848619485877268e-02,1.612392092038841263e-01,1.867923623652648912e-01,1.921760592160990377e-01,2.518396580736045887e-01,2.665432236882661621e-01,1.548326556146387145e-01,1.738468317697476340e-01,3.815141476155793909e-01,-4.276134788773233719e-02,-7.083967862206584643e-02,2.076376347351189255e-01,-1.347590921233181582e-01,-5.614981198157944359e-02,1.308366191845000692e-01,5.580733762720068575e-02
-2.109619191349554335e-01,4.216886725465708308e-01,-1.782487688046960062e-01,1.322202155761902642e-01,3.108776704437782867e-01,2.896899237195454946e-01,-4.871583532919776527e-02,4.782654358899424141e-01,1.830867898508866526e-02,-1.016007251323663464e-03,9.568505145106384613e-02,1.000000000000000000e+00,6.667975679754514773e-02,6.352511136124423530e-01,9.242926192210307312e-02,4.216430092993203038e-01,-9.214158346442490044e-02,5.080424394219945627e-01,1.363299078287354138e-01,2.483738176072915194e-01,-4.188164542945142510e-01,-3.634086700807554471e-01,-8.343360221375423214e-02,2.444056814212229034e-01,2.549767231597140360e-01,3.291521019934290360e-01,-8.823280949978196119e-02,-2.103180673487233809e-01,-1.329279959085730434e-01,3.256314656304153954e-01,2.368392813518147844e-01,1.051419099566427429e-01,4.657811040916552958e-01,4.963800460742164855e-01,5.067022231151924183e-02,1.814429129498686122e-02,-5.117913920212607826e-01,-3.576277029788419437e-01,-4.051403117429889789e-01,-3.344399060250371480e-01,-2.755982456180406381e-01,-3.660617047460096307e-01,-5.540298957279748970e-01,-4.104007178262467637e-01,-4.349538458728415824e-01,-3.896787362239690911e-01,-3.212158296212918596e-01,-3.198870291263022358e-01,-4.111358961069798701e-01,-1.214436892250718575e-01,-2.641550358570649015e-01,-1.710065777907664453e-01,-1.278776407626675549e-01,-2.410311674494108325e-01,-1.281242222978202783e-01,-3.595455593633630209e-01,1.342727785401003245e-02,3.796054238805084413e-01,-1.788743552920278868e-01,1.423209258680012412e-01,7.645625803387756658e-02,4.175196180726000184e-01,-2.247339545057067678e-01,5.835740166990495137e-01,-2.100577868393955216e-01,-1.285648726337876128e-02,-1.157449159682092527e-01,-2.251997196276618873e-01,-4.269741934158163832e-02,-3.943021400080824052e-03,2.005643977360161978e-01,2.568169520239092507e-01,1.536819417839260793e-01,2.420631568372721698e-01,2.089755678795586213e-01,7.249725449725906434e-02,1.981990415284402007e-01,2.172588809307996194e-01,-4.365566258513341458e-01,-2.796873894093230509e-03,-3.216952937174221150e-01,3.384902360561566348e-01,-6.188854057978625534e-01,-1.034843340814495388e-01,-1.960437362582165277e-01,-1.198683071949295520e-01,-8.835153394263325910e-02,-1.372751370468208165e-01,5.146019648895291954e-02,-2.356109400007762866e-01,3.073821488667523652e-02,3.593012609905728294e-02,1.110735657744829213e-01,-7.812753288324592038e-02,-5.092525154741328608e-01,-4.091586775010331301e-01,-4.142409969200139819e-01,-3.133708837436556816e-01,-8.580809107078031517e-02,-1.060186443038523829e-01,1.133019322403074070e-01,-7.441967720650519147e-02,7.617771222564950762e-02,-3.417894056700054254e-03,3.667831840525675458e-01,1.928290436517812179e-01,-6.726424636235156518e-02,-4.322026352259988186e-03,3.268461080072787017e-01,-2.142633719111667057e-01,1.040003287753802075e-01,5.404016995860626976e-02,8.188105180723716237e-02,1.090552502460107459e-01,3.268369753578286296e-01,3.418008214818180623e-01
5.734824390566886088e-01,1.854407302466500318e-01,3.619702777923646253e-01,-1.679791044980581682e-01,3.418122372936306663e-02,6.276641650817714468e-02,6.127254337437698650e-01,-3.345449314937133378e-01,-1.287931888700401088e-02,-4.628655057547107626e-02,5.990447248675194736e-01,6.667975679754514773e-02,1.000000000000000000e+00,-3.308142441933473177e-01,1.544947475849850205e-01,1.482982449330919328e-01,2.143912290034681312e-01,8.584005534385566460e-02,5.109694535707517415e-01,-4.889392199347471907e-02,-1.247086114034827303e-01,-1.377226368698757364e-01,4.016653386272258097e-01,-8.733324352894707154e-02,8.910041119754148753e-02,-4.561073451616364655e-02,-3.133845827178308174e-01,-1.097516147665809037e-02,2.662372799316877758e-01,-2.523099895202847720e-01,4.485706262029411917e-01,1.449876595074305607e-01,4.195379336010721660e-01,-3.877951272748859229e-02,-2.577210843194692180e-01,-2.499765975857841105e-01,-1.950300121692553901e-01,-2.787216117299749496e-01,-2.042722534127569545e-01,3.561504969302881768e-02,-2.688994472463920316e-01,-3.120557822228411937e-01,-2.030165141133681572e-01,-3.510339300758694714e-01,-2.303642328916936377e-01,-1.949295530253042918e-01,-4.824070924155629547e-01,-2.861829863307069344e-01,-2.292774476071316736e-01,-2.600088130067193526e-01,-5.343673014619088057e-01,-2.283230857395961988e-01,-4.676943941514513092e-01,2.278618869423661430e-01,-4.796125016838322375e-01,-3.979323681644972993e-02,5.309927874900968181e-01,1.378048307149266349e-01,-5.416346072618261759e-02,-1.156079262264577412e-01,1.517595190746799660e-01,1.107584893684544630e-01,1.046670121852375235e-01,-8.402265810328569950e-02,-3.481069159271123481e-01,-5.739185230679309108e-02,-1.128544324172524871e-01,-3.755779254730141625e-01,3.133434857953053543e-01,-4.929575856927913974e-02,-9.342928703688906100e-02,2.360538734991061427e-01,1.405537581994068252e-01,-4.456025151316585498e-01,-2.337250478893305450e-01,-2.774727219176737272e-02,-4.032726849304434369e-01,-6.844692446613956371e-02,-1.937194769731659938e-01,2.303733655411437375e-01,-2.994116290591772866e-01,-1.154435385363559302e-01,-4.184808294272230472e-02,-8.692684062841761483e-02,-4.072088568434367173e-01,-2.708515510663509970e-02,-2.165784985467671675e-01,-2.466043667763345715e-02,-3.560477546239745883e-01,2.333323439629762519e-01,-3.454584475865832283e-01,-1.631159686658797403e-01,-2.860688282125806725e-01,4.076654893159417092e-01,-5.719550034361593760e-02,-1.030596658820198686e-01,-1.864590206603362055e-01,1.542276175885695828e-02,-1.109685403058067732e-01,-3.461959090296787972e-02,-2.968636198625992928e-01,2.418896364977202729e-01,-2.297569117032619568e-01,2.626801129708736804e-01,1.515586007867777418e-01,3.786099650904474756e-01,-2.458280915730760505e-02,2.820367634803613854e-01,4.529268999906390092e-01,-1.081282863268255567e-01,-1.911349371787876006e-01,2.213503078844445970e-01,-1.820365351641251364e-02,1.289507270730543553e-01,2.184598243334878176e-01,1.732258116071408172e-01
