0.000000000000000000e+00,8.008758210822646273e-01,5.335359041958979143e-01,1.963984092229322242e-01,1.937083873274051543e-02,1.893739666651771819e-02,3.729344474730774128e-01,-1.288037892667232565e-01,-3.416729970061218036e-01,-3.162473747709906857e-01,2.734527905625809829e-01,1.151257875687028004e-01,1.758836409133562595e-01,-1.546271057688011208e-01,-4.613700344072568238e-01,-2.124804504222708723e-01,5.610840520130478959e-01,1.931230171142589158e-01,6.637919478082130453e-01,8.070110371330264654e-01,-3.332946065507842448e-01,-4.680772152464364178e-01,-1.634121274409044283e-02,6.700478126815317959e-02,-3.719111667187988690e-01,-2.457080298494123960e-01,2.084409491040707940e-01,-9.232762858036551445e-02,9.329281916082041159e-02,-2.018722909870861171e-01,-1.103802672147995850e-01,-2.337191116671879787e-01,4.207158496805040171e-01,4.919924929621520282e-01,-6.332275794271415015e-02,2.077840832923723291e-02,-3.508065597211671438e-01,-3.045310335582465666e-01,-2.665400598775637953e-01,-1.742213682470172831e-01,3.638276956074891766e-01,1.168059341346798369e-01,-3.304794673577907682e-01,-1.368291702042093161e-01,2.958309129094240375e-01,2.807721524643639333e-01,6.239331516153536622e-02,-1.189061173421511186e-01,-1.679476294740605002e-01,-1.600116180347647410e-01,-1.501452254345591875e-01,-1.164842039411948665e-01,-3.228696545868894874e-01,1.378971357075830032e-02,-1.133026498056213388e-01,1.736806827829661670e-01,7.117744313865678185e-01,6.277000759640735117e-01,5.980383395147236270e-01,5.998033871039814002e-01,4.483176191965682067e-01,3.105992224853657557e-01,6.052191786943116325e-01,5.044059162607802405e-01,-1.780151034451941672e-01,-1.484695473434916591e-01,5.420304749988829052e-01,5.402207426605299956e-01,6.651637696054336635e-01,6.972027347066446223e-01,1.415702220832029956e-01,2.578801555029268666e-01,4.364716922114482145e-01,1.306135216050761938e-01,-4.960007149559854953e-04,-2.735689709102283595e-01,2.182447830555431512e-01,3.604182492515304315e-01,3.239510255149917195e-01,4.167567809106751953e-01,9.847178158094642419e-02,4.254479646096787082e-01,-1.350819965145895751e-01,2.302873229366817209e-01,-1.723982304839358215e-01,4.843648062916126595e-01,-3.189195227668796817e-01,-3.011081817775593250e-01,-4.174896107958354086e-01,6.506993163233389110e-02,-5.044461325349658409e-01,-2.060458465525716043e-01,-4.555833593994369490e-01,-2.526699137584342281e-01,1.600518343089503415e-01,-1.033156083828589283e-01,-1.003574779927610683e-01,-1.060011618034764763e-01,-1.815720094731668177e-01,-2.754278564725858858e-01,-5.573975602126993861e-02,1.501899101836543238e-01,-1.158228696545868935e-01,4.060056302783859872e-02,2.654363465749139950e-01,3.844228964654363701e-01,-2.724786630323070558e-01,7.524911747620537106e-02,-4.175834487689351615e-01,1.800527280039322664e-01,3.418204566781357645e-01,2.118503954600294836e-01,-8.715313463514902381e-02,-2.343670405290674275e-01,-1.804057375217838211e-01,2.829974529693015661e-01
8.008758210822646273e-01,0.000000000000000000e+00,4.948701908038786179e-01,9.307833236516377395e-02,-1.251262344161937490e-01,-1.349211314178470900e-01,1.974708432012154125e-01,-2.203360293131954029e-01,-3.707583001921443966e-01,-3.356226819786407023e-01,2.309978104472943383e-01,2.736047187095044450e-02,1.509406139684525694e-01,-2.099155458242102090e-01,-3.625139639840922468e-01,-2.454175789802940377e-01,4.677688904776799439e-01,3.886545422047455456e-01,5.506099468251485218e-01,7.573573439385138384e-01,-2.039099155458242163e-01,-2.975914920237722749e-01,7.560659546896644767e-02,8.897180392332097731e-02,-3.413378613879082812e-01,-3.005451539389606408e-01,8.593324098485187468e-02,-1.491308816300996598e-01,7.214352741409356395e-02,-4.851870056749631177e-02,-2.568479377988292650e-02,-1.687430180079538822e-01,3.079494168640243279e-01,3.516064167299700616e-01,-6.263461280664908704e-02,-3.882657848876178847e-02,-2.116537825640109061e-01,-5.126681263684704226e-02,-2.283480048259529105e-01,-1.251217659412842409e-01,3.279369051342776453e-01,2.742079628222887644e-01,-3.956477054381339897e-01,-1.891862907189776066e-01,3.587202287859153627e-01,1.938647839492381175e-01,9.738147370302516204e-02,-4.276330488404307684e-02,-1.712632378569194369e-01,-9.095133830823540211e-02,-1.769337325170919073e-01,-1.308146029760042794e-01,-3.323875061441530221e-01,-1.772509942356673696e-01,3.537691585861745674e-02,6.947584789311407605e-02,8.326288037892667360e-01,8.303766924348719991e-01,5.659457527145984601e-01,6.613789713570757955e-01,3.824120827561553471e-01,1.806559721167165511e-01,6.139684525671388338e-01,5.269583091290942489e-01,-2.921980428079896108e-01,-2.848205907323830277e-01,5.375217838151838956e-01,5.236292953215068158e-01,7.755663791947807750e-01,8.336476160686357995e-01,2.417668349792215787e-01,1.741722150230126387e-01,3.592832566245140469e-01,1.698199204611466062e-01,-3.251262344161937740e-02,-3.026587425711604884e-01,2.193350909334643994e-01,3.827516868492783497e-01,3.669288171946914479e-01,5.126591894186514065e-01,3.190803878636221391e-01,4.953125698199204452e-01,-1.248402520219848988e-01,1.283524733008624130e-01,-9.245274587783189682e-03,3.367040529067429344e-01,-2.315697752357120387e-01,-2.413423298628178115e-01,-2.188212163188703596e-01,-1.496939094686983336e-02,-4.993878189373966436e-01,-4.493721792752133903e-01,-4.458376156217883080e-01,-3.497162518432458955e-01,3.835292014835336993e-02,-8.095535993565396160e-02,-7.708566066401537076e-02,-1.109298896286697311e-01,-2.014656597703203822e-01,-4.051566200455784528e-01,1.042137718396711210e-01,1.305107466821573692e-01,-8.807364046650877423e-03,9.667098619241253077e-02,1.417176817552169565e-01,2.409178247464140443e-01,-2.044371955851467804e-01,2.355914026542740847e-01,-3.527950310559005986e-01,-2.381697126770633208e-02,1.472228428437374337e-01,6.850618883774967083e-02,-2.193440278832834434e-01,-3.519773001474596485e-01,-3.073685151257875559e-01,1.627329192546583814e-01
5.335359041958979143e-01,4.948701908038786179e-01,0.000000000000000000e+00,5.504848295276821846e-01,3.415702220832030067e-02,2.033156083828589408e-02,4.496849725188792890e-01,-1.860583582823182314e-01,-2.484293310693060364e-01,-2.911926359533490993e-01,1.161177889986147738e-01,-5.594083739219804507e-02,3.313150721658698061e-01,-9.543768711738682964e-02,-4.300504937664775262e-01,-2.158452120291344534e-01,2.741945573975602124e-01,1.805531971937977542e-01,6.069306045846553088e-01,6.060547835023906149e-01,-3.445864426471245134e-01,-4.710889673354484164e-01,4.910317708566066530e-01,4.485008266678582323e-01,-1.622011707404262815e-01,-1.915456454712006762e-01,4.012690468743018019e-02,-5.832253451896867585e-02,-1.138567406944009965e-02,-2.828902095714732612e-01,1.510478573662809021e-01,1.099781044729433860e-01,4.154519862370972816e-01,4.909200589838688122e-01,1.614325930559900035e-01,1.310737745207560534e-01,-3.661557710353456341e-01,-2.488270253362527273e-01,-4.369364136020376099e-01,-3.553554671790518094e-01,1.959917780061664894e-01,-3.119442334331292560e-02,-1.160328879753340231e-01,5.605701773984539393e-02,3.601992939809642857e-01,2.241967916350149637e-01,2.258680012511729840e-01,-1.065060994682514861e-01,-5.871576031100585180e-02,-1.347781402207426649e-01,-2.313329460655078329e-01,-2.030787792126547142e-01,-2.295947093257071359e-01,-6.738013316055230240e-02,-3.238795299164395347e-01,-2.028508869922695246e-01,5.891326690200634486e-01,5.969837794360784988e-01,4.737834577058849805e-01,4.655123106483757267e-01,3.873363421064390799e-01,2.008221993833504693e-01,2.784306716117789238e-01,2.812994325036864973e-01,1.170427633048840427e-01,2.030028151391929936e-02,4.896688860092050510e-01,3.552124759819473843e-01,5.095893471558157195e-01,5.579963358505741766e-01,1.383350462487153154e-01,2.210599222485365722e-01,1.513383082353992604e-01,4.859913311586755436e-02,1.216586978864113711e-01,-1.087537423477367149e-01,2.242280709593815619e-02,1.241342329862817756e-01,4.089995084677599396e-02,2.864247732248983436e-01,-9.755127574958666337e-02,2.297779167969971892e-01,-3.680906206711649364e-01,2.073372358014209660e-02,-8.744358550426739596e-02,3.993922874123061878e-02,-2.040395013182000894e-01,-1.347826086956521729e-01,-2.220072389293534232e-01,1.513338397604897523e-01,-3.787613387550828881e-01,-6.167389070110371185e-02,-2.923499709549131076e-01,-4.158809598284105707e-02,-4.514053353590419260e-02,-3.145046695562804251e-01,-1.375217838151838734e-01,-2.024934089995084618e-01,-1.493006836766611611e-01,-3.766432816479735601e-01,-5.254479646096787276e-02,1.190401715894365275e-01,-1.700210018320747196e-01,-1.858662138612091619e-01,2.000714955985522236e-01,3.761204700835604764e-01,-4.842709683185129066e-01,5.922516645069037661e-02,-4.058983868805576822e-01,-2.443362080521917917e-02,1.503016220563921646e-01,3.624603422851780943e-01,4.885830466061932831e-02,-1.249117476205371113e-01,-1.259216229500871309e-01,1.696233075651280287e-01
1.963984092229322242e-01,9.307833236516377395e-02,5.504848295276821846e-01,0.000000000000000000e+00,1.003172617185754505e-02,1.470932570713615328e-01,4.550694847848429370e-01,2.715045355020331286e-01,-1.150945082443362022e-01,-5.604361231511684888e-02,3.656865811698467583e-01,-5.560570177398453662e-02,2.075115063228920032e-01,5.123553331248045101e-02,-2.415836275079315532e-01,-2.340587157603109952e-02,6.123151168506189151e-02,1.287859153670852241e-01,3.812592162295008746e-01,3.117878368112962928e-01,-2.052013047946735780e-01,-1.557263505965414130e-01,5.347513293712855553e-01,6.228517806872514440e-01,4.615934581527324915e-02,2.946065507842173317e-02,-3.460833817418115105e-02,2.355914026542740847e-01,-1.641002725769694914e-01,-1.765539121497832764e-01,5.640109030787791855e-02,1.708208588408776096e-01,3.514142723088609643e-01,2.942982260154609064e-01,9.593815630725233135e-02,5.876044506010098811e-02,-2.307252334778140124e-01,-2.009026319317216980e-01,-4.019125072612717009e-01,-3.166182581884802727e-01,9.159033022029580695e-02,-6.086956521739130682e-02,-2.655257160731042676e-01,-1.201438848920863278e-01,1.743062692702980476e-01,-1.862013494794226634e-02,-3.066267482908083611e-02,-3.422494302694490398e-01,-1.817373430448188110e-01,-2.170785111041601545e-01,-2.038250145225434518e-01,-1.722105545377362601e-01,-2.466598150051387550e-01,-3.722239599624647954e-02,-4.294606550784217380e-01,-3.794360784664194131e-01,2.199517404709772639e-01,2.983913490325751927e-01,1.045489074578846295e-01,1.745028821663166252e-01,1.917065105679431614e-01,2.947450735064122695e-01,-5.823316502077841017e-02,8.720675633406319016e-02,4.072433978283211964e-01,5.397381473703025678e-01,2.347602663211046103e-01,1.227668796639706933e-01,3.783010858394030007e-02,9.743956387684883647e-02,9.143840207337235182e-02,9.993297287635730108e-02,-8.517360025023459902e-02,-1.279100942848205857e-01,1.370972786987801062e-01,-1.604182492515304412e-02,-3.174315206220116869e-01,-2.155324187854685269e-01,-5.010054068546405254e-02,2.497296572679744420e-01,-2.539076813083694373e-01,6.831851289155010942e-02,-3.342687340810581165e-01,-2.079494168640243223e-01,-1.842352205192367837e-02,-5.461370034407257018e-02,1.331605523034988178e-02,1.130077304615934586e-01,-8.244336208052191473e-03,3.841771303454131203e-01,8.087045891237321094e-02,9.051789624201260487e-02,6.220117074042628980e-02,9.588006613342865692e-02,-1.953974708432012208e-01,-3.964877787211225080e-01,-1.956432369632244428e-01,-2.501139461101926087e-01,-1.479958890030832509e-02,-2.252468832387506115e-01,-7.457884623977836108e-03,8.436480629161267897e-02,5.590062111801242552e-03,-1.695652173913043403e-01,1.092318691630546484e-01,3.830957594173108882e-01,-3.863041244023414644e-01,-7.416327807319361698e-02,-2.318602261048304247e-01,-1.054381339648777921e-01,-7.542785647258590243e-03,1.704633808481165469e-01,1.175119531703829462e-01,-1.000938379730997863e-01,-1.253451896867599225e-01,-6.949819026766164420e-02
1.937083873274051543e-02,-1.251262344161937490e-01,3.415702220832030067e-02,1.003172617185754505e-02,0.000000000000000000e+00,7.538585280843648206e-01,3.529603646275525919e-01,2.866705393449215933e-01,7.837794360784664516e-01,6.634746860896375553e-01,-2.828008400732829886e-01,-2.665266544528352433e-01,4.560525492649358803e-02,-2.408507976227713607e-02,1.092676169623307547e-01,3.605120872246302399e-01,2.086286250502703554e-01,-5.036105277268868585e-01,1.079538853389338249e-01,7.160284195004244789e-02,-3.294204388042361042e-01,-2.312435765673175880e-01,-4.677152687787657775e-02,8.386880557665668534e-02,4.457795254479646196e-01,7.670137182179721513e-01,7.751061262791009154e-01,5.027347066446221646e-01,-3.136422538987443387e-02,-4.073238303766924528e-01,3.671388355154385774e-01,2.057241163590866340e-01,4.284820590732382750e-02,2.138254613700344142e-01,-3.997497654050672505e-02,1.369096027525805448e-01,-3.439876670092497646e-01,-4.458733634210643726e-01,-1.002904508691183638e-01,-2.020197506591000364e-02,-1.054560078645158383e-01,-1.801689083515796153e-01,3.043031413378613752e-03,-1.032396443093972077e-01,-3.073282988516019554e-01,5.582465704455069622e-02,-1.955002457661200177e-01,-3.293846910049599841e-01,1.610036194646767005e-01,1.526967246078913265e-01,-4.638276956074891683e-02,-1.434961347692032818e-01,-2.539881138567406937e-02,-4.432727110237275926e-03,-1.757227758166138021e-01,7.145985075293802280e-02,-1.553241878546851862e-01,-1.405022565798293155e-01,2.939050002234237513e-01,1.508691183699003568e-01,2.499218016890835115e-01,3.357120514768309749e-01,-1.084454175789802965e-01,-1.257920371777112578e-01,1.572635059654139966e-01,1.784753563608740268e-01,2.381697126770633381e-03,-2.555967648241654934e-03,-2.225747352428615947e-02,-8.436480629161267897e-02,5.865320166227266929e-02,1.845614191876312482e-01,6.827829661736449160e-03,2.817864962688234609e-01,1.801689083515796083e-02,5.883640913356271568e-02,1.849054917556637936e-02,-3.447875240180526407e-02,-6.999865945752714591e-02,-1.176772867420349394e-01,-3.858796192859377250e-01,-3.595111488448992088e-01,2.925421153760221493e-01,5.421377183967112101e-01,-8.154073014880021397e-02,-1.382680191250726109e-01,5.994816569104964854e-01,1.227892220385182476e-01,-5.484606103936726096e-02,-1.419768532999687305e-01,-1.827025336252736942e-01,4.347826086956521618e-02,-2.116716564636489731e-02,1.558023146700031336e-01,3.508601814200813518e-01,-1.036641494258009749e-01,-4.387952991643951917e-01,-5.875597658519147171e-01,-2.433754859466464027e-01,-6.911390142544349136e-02,-8.640689932526028627e-02,-3.172617185754502030e-03,-1.475669154117699722e-01,7.238929353411680846e-04,4.857947182626569660e-01,4.783547075383171587e-01,1.180571071093435877e-02,2.602707895795164927e-01,-5.524464900129585354e-01,4.144242370079092019e-01,1.272532284731221208e-01,-3.098887349747531106e-02,7.458778318959738418e-02,5.288886902900040432e-02,1.791590330220295679e-01,6.395504714241029287e-01
1.893739666651771819e-02,-1.349211314178470900e-01,2.033156083828589408e-02,1.470932570713615328e-01,7.538585280843648206e-01,0.000000000000000000e+00,2.011975512757495921e-01,3.008936949819026596e-01,7.097859600518343637e-01,6.671477724652575825e-01,2.345055632512623583e-02,-2.138478037445819824e-01,5.769694803163680219e-02,-8.873050627820724956e-02,-5.902855355467179210e-02,3.600831136333169646e-01,-5.384512265963626275e-03,-1.366236203583716946e-01,2.366593681576477926e-01,1.014701282452298986e-01,-3.308905670494660112e-01,-7.031592117610259429e-02,9.570132713704812555e-02,1.236873854953304402e-01,6.297600428973590958e-01,7.483310246212967476e-01,4.099915098976719130e-01,7.789981679252870883e-01,-4.166852853121229966e-02,-1.626658921310156769e-01,4.478439608561597951e-01,4.320747129004870457e-01,3.035747799276107273e-01,4.132669020063452492e-01,-2.653022923276285860e-01,-1.579873989007551660e-01,-5.282854461772197308e-01,-6.308101345010947991e-01,-4.333884445238839755e-01,-3.607444479199249376e-01,-1.097859600518343026e-01,-1.575941731087179831e-01,-5.295589615264310185e-02,3.585504267393538336e-02,-1.301890164886724266e-01,1.642075159747977964e-01,-2.532552839715804804e-01,-3.449483891147951398e-01,2.674650341838330503e-01,2.236516376960543395e-01,1.149515170472317771e-01,-5.876044506010098811e-03,1.383171723490772553e-01,1.529201483533670081e-01,-3.073729836006970917e-01,-1.480361052772688757e-01,-9.510701997408284314e-02,-7.431073774520756403e-02,1.245140533535904204e-01,7.675499352071138426e-02,3.326779570132713526e-01,5.194378658563831852e-01,-1.055006926136109746e-01,2.058626390812815649e-02,1.682425488180883943e-01,2.564681174315206480e-01,-2.306492694043522917e-01,-9.349836900665803308e-02,-1.799007998570087974e-01,-1.146655346530229269e-01,2.925957370749363018e-01,2.965682112694937311e-01,6.539613030072835564e-02,2.991778006166495585e-01,1.474149872648465032e-01,1.386165601680146575e-01,-1.487063765136958648e-01,-2.331739577282273546e-01,-2.334286607980696204e-01,1.232181956298315367e-01,-3.419991956745163098e-01,-2.247330086241565716e-01,-8.834621743598909671e-02,9.597837258143795958e-02,1.897314446579382446e-02,-1.645560570177398430e-01,4.652039858796193084e-01,1.804682961705169897e-01,2.043433576120470135e-02,-5.067697394879127487e-02,-9.952187318468207200e-02,-8.167925287099513099e-02,-7.640198400285982960e-02,-4.854551141695339495e-02,-1.677733589525894908e-01,-4.328343536351043630e-01,-2.039590687698288607e-01,-4.595156173198087224e-01,-1.078332365163769541e-01,-1.532240046472139183e-01,5.760311005853702149e-02,-3.527860941060816102e-02,-9.400777514634255094e-02,-2.586263908128155764e-01,3.826221010769024766e-01,4.793109611689530536e-01,-3.293802225300505038e-01,1.353009517851557209e-01,-4.726037803297734596e-01,5.225434559184950062e-02,2.353098887349747495e-02,4.526565083337057149e-02,1.391349032575182054e-01,-3.165914473390232103e-02,-1.854506456946244108e-01,2.872693149827963977e-01
3.729344474730774128e-01,1.974708432012154125e-01,4.496849725188792890e-01,4.550694847848429370e-01,3.529603646275525919e-01,2.011975512757495921e-01,0.000000000000000000e+00,4.702310201528218658e-01,1.269449037043657025e-01,1.147549041512131857e-01,2.056660261852629734e-01,9.069663523839313624e-02,2.352875463604271744e-01,1.203807140622905475e-02,-3.235533312480450285e-01,-1.146700031279324350e-01,4.039948165691049642e-01,-2.401581840117967825e-01,4.867733142678403735e-01,4.710308771616247281e-01,-4.399973189150542807e-01,-4.414406363108271392e-01,-8.557129451718128305e-03,2.068903883104696376e-02,-2.244783055543143058e-01,4.909066535591402602e-02,3.642432637740738999e-01,-1.044729433844228915e-02,-6.384110103221769805e-02,-3.240046472139058720e-01,2.265516779123285390e-02,-1.099110773493006815e-01,1.639438759551365143e-01,2.479690781536261768e-01,-1.268242548818088455e-01,9.415076634344697951e-03,-3.042182403145806124e-01,-3.469011126502524744e-01,-2.649403458599580152e-01,-1.118146476607533857e-01,2.366504312078287695e-02,-2.415568166584744492e-01,-1.741856204477411907e-01,-2.123061799007998629e-01,-4.562312882613163770e-03,1.473256177666562305e-01,1.281916082041199278e-01,-1.995531525090486480e-01,-5.496224138701460982e-03,-5.334018499486125470e-02,-4.408820769471379353e-01,-4.093257071361544042e-01,-3.710979042852674548e-01,-2.473971133652084486e-01,-2.709638500379820125e-01,5.134277671030876983e-02,1.897403816077572747e-01,1.933553778095535858e-01,4.055543143125251437e-01,4.944456856874748785e-01,4.727959247508825014e-01,4.753876401984002964e-01,2.558157200947316912e-01,2.545377362706108260e-01,-5.013182000983064379e-02,1.101702488940524555e-01,1.705259394968497155e-01,5.386746503418383264e-02,1.576075785334465351e-01,2.374905044908172946e-01,-2.724429152330309564e-02,1.965503373698556655e-01,-1.914294651235533273e-02,1.392689575048036144e-01,-5.140086688413244426e-02,-4.493498369006657805e-02,-4.679386925242414591e-02,-2.240046472139058803e-02,6.413602037624559216e-02,1.038205460476339381e-01,-2.499575494883596316e-01,5.499352071138120801e-02,-7.604450601009875299e-02,2.856383216408239778e-01,-2.758166137897135606e-01,-5.409088877965950032e-02,-9.800259171544752068e-02,-2.864605210241744637e-01,-3.422717726439966079e-01,1.009115688815407363e-01,-3.068501720362840079e-02,1.966620492425935063e-01,1.141248491889718109e-02,2.596675454667322080e-01,2.815854148978953475e-01,-1.604316546762590001e-01,-4.014209750212252570e-01,-3.853836185709817452e-01,1.797220608606282799e-02,1.582733812949640301e-02,7.046338084811654134e-02,3.922829438312703809e-01,5.657536082934894184e-02,2.568300638991912188e-01,3.174985477456543914e-01,4.529112114035479530e-01,-9.611242682872335463e-02,9.759149202377229507e-03,-3.938200992001429923e-01,2.726529335537781207e-01,2.521024174449260635e-01,1.710532195361723073e-01,-9.363689172885293621e-02,-2.178828365878725595e-02,1.266142365610617160e-01,4.566379194780821327e-01
-1.288037892667232565e-01,-2.203360293131954029e-01,-1.860583582823182314e-01,2.715045355020331286e-01,2.866705393449215933e-01,3.008936949819026596e-01,4.702310201528218658e-01,0.000000000000000000e+00,3.779570132713704900e-01,4.101255641449573219e-01,3.257562893784351488e-01,2.765673175745118062e-01,1.146208499039277906e-01,2.614817462799946535e-01,2.235577997229545519e-02,2.684212878144689313e-02,-5.825103892041646331e-02,-1.543500603244112868e-01,1.455918495017650416e-01,7.383707940479913856e-02,-2.720496894409937805e-01,-3.826801912507261233e-02,-1.473166808168372144e-01,-9.013360739979445202e-02,-3.324098485187005486e-02,1.696992716385897493e-01,2.078153626167389134e-01,2.326198668394476865e-01,-1.197283167255015907e-01,-3.826801912507261233e-02,5.393449215782653711e-03,4.842039411948701605e-02,6.991375843424639525e-02,1.036775548505295130e-01,-2.232316010545600804e-01,-6.072657402028687479e-02,-2.476875642343268347e-01,-2.977478886456052520e-01,-1.804817015952455417e-01,-1.455739756021269815e-01,-9.502658742571160055e-02,-2.020242191340095583e-01,-2.509361454935430391e-01,-2.718307341704276348e-01,-3.058939184056481686e-01,-7.545019884713347058e-02,-1.611108628625050332e-01,-3.520309218463738565e-01,7.676839894543992238e-03,1.142097502122525615e-01,-1.447517762187765233e-01,-2.590821752535859557e-01,-3.899638053532329673e-02,-2.776174091782474540e-01,-6.392600205549846260e-02,-2.538853389338218691e-01,-2.483533669958443157e-01,-1.557486929710889811e-01,3.207024442557755012e-02,1.481433486750971806e-01,3.980919612136377683e-01,5.459672013941642144e-01,-6.314848742124312686e-02,4.355869341793645877e-02,-2.859823942088565198e-03,3.272487599982126238e-01,-3.123821439742615613e-01,-2.344430046025291481e-01,-3.120201975065909905e-01,-2.223691853970239940e-01,1.828499932972876274e-01,1.201751642164529260e-01,-1.389159479869520597e-01,1.391170293578801453e-01,-9.011126502524688386e-02,1.180347647347960161e-01,-1.287278251932615358e-01,-1.509272085437240174e-01,-9.830644800929442054e-03,-2.323606952946959125e-02,-1.838688055766566909e-01,-2.736359980338710640e-01,-1.608472228428437512e-01,-1.374458197417221528e-01,1.264176236650431107e-01,-2.522364716922114725e-01,2.093301756110639567e-01,-2.213905893918405587e-01,2.005809017382367276e-01,-2.357388623262880456e-01,2.756468117431520870e-01,-2.068903883104696549e-03,2.928102238705929672e-01,6.529782385271906686e-02,1.799901693551990770e-02,-2.262433531435721068e-01,-3.026453371464319364e-01,-4.197864068993252817e-01,8.844899235890790745e-02,7.866750078198310459e-02,2.463559587112918448e-01,1.102194021180571137e-01,2.543724026989588327e-01,2.950533982751686948e-02,1.709146968139773903e-01,1.408954823718664706e-01,5.223647169221144575e-03,-8.728718888243441887e-02,-2.582242280709594051e-01,4.597613834398319582e-02,-2.721301219893650439e-02,-9.618392242727556718e-02,-3.686491800348540987e-03,1.791858438714866511e-02,9.343134188301532861e-02,1.148844899235890726e-01
-3.416729970061218036e-01,-3.707583001921443966e-01,-2.484293310693060364e-01,-1.150945082443362022e-01,7.837794360784664516e-01,7.097859600518343637e-01,1.269449037043657025e-01,3.779570132713704900e-01,0.000000000000000000e+00,8.741722150230126775e-01,-1.473658340408418588e-01,-1.984628446311273997e-01,3.933598462844631327e-02,5.482371866481969974e-02,3.694624424683855546e-01,4.629518745252245160e-01,-1.752982707002100071e-01,-4.078198310916484326e-01,-1.451047857366280780e-01,-2.749407927074489222e-01,-5.604361231511684888e-02,1.245185218284999284e-01,3.220876714777246713e-02,2.161848161222574768e-02,6.309039724741946076e-01,8.165110147906519122e-01,4.588900308324768695e-01,5.151704723177978895e-01,-1.041780240403950147e-01,-1.325215603914383922e-01,4.088118325215603921e-01,3.152285624916216222e-01,-1.144555163322757974e-01,-2.278028508869922586e-02,-1.282809777023102005e-01,-1.439295768354260756e-02,-1.206890388310469658e-01,-2.193216855087358752e-01,-1.373609187184413917e-02,-1.937977568255954200e-02,-1.895258948121006370e-01,-8.524062737387728961e-02,3.522498771169400161e-02,-4.469368604495285724e-02,-4.402475535099870663e-01,-1.126547209437419039e-01,-2.331963001027749227e-01,-2.461504088654542233e-01,1.261003619464676762e-01,1.279145627597300938e-01,-1.066624960900844528e-02,-1.701729299789981609e-01,5.527950310559006514e-02,-1.442557755038205436e-01,-3.268242548818088566e-02,-1.574064971625184217e-01,-3.781849054917556519e-01,-3.146968139773895223e-01,5.101210956700478333e-02,-5.645024353188256988e-02,1.690379373519817763e-01,2.492381250279279703e-01,-3.095178515572635236e-01,-2.856115107913669293e-01,8.168372134590463907e-02,1.580633629742168866e-01,-3.291121140354796859e-01,-2.631887036954287384e-01,-2.856383216408239778e-01,-3.467670584029670655e-01,1.407167433754859531e-01,4.528799320791813965e-02,-1.222217257250100553e-01,2.710487510612628048e-01,4.199472719960677114e-02,1.829885160194825444e-01,-5.478797086554358653e-02,-1.695920282407614166e-01,-2.887662540774833531e-01,-3.338040126904687210e-01,-2.854685195942625042e-01,-5.250145225434559304e-01,2.140533535904195761e-01,1.848339961571115742e-01,1.387193350909334544e-01,-4.199785513204343235e-01,6.459672013941641922e-01,2.296796103489879004e-01,2.637651369587559746e-01,-2.580410205996693240e-01,5.440368202332544062e-02,-2.867420349434737781e-02,1.057107109343581042e-01,1.424505116403771421e-01,6.426113767371195717e-02,-1.055855936368917253e-01,-2.807319361901782773e-01,-5.104383573886233094e-01,-8.814066759015147523e-02,5.977478886456052271e-02,6.236650431207828998e-02,-1.063050180973233901e-02,6.345681218999955908e-02,7.134367040529067394e-02,1.973635998033871075e-01,1.840252021984896680e-01,8.723356718352026640e-02,2.704142276241118803e-01,-2.556280441485321298e-01,1.046472139058939183e-01,-1.312748558916841668e-01,-2.471647526699137509e-01,2.951874525224540760e-02,1.308816300996469909e-02,6.836766611555476596e-04,3.118191161356628771e-01
-3.162473747709906857e-01,-3.356226819786407023e-01,-2.911926359533490993e-01,-5.604361231511684888e-02,6.634746860896375553e-01,6.671477724652575825e-01,1.147549041512131857e-01,4.101255641449573219e-01,8.741722150230126775e-01,0.000000000000000000e+00,-3.856293846910049689e-03,-1.887439117029357794e-01,-7.983377273336610125e-02,3.631529558961526377e-02,3.102104651682380809e-01,5.330622458554895582e-01,-7.978908798427096494e-02,-2.963313820992894976e-01,-4.435855042673935572e-02,-1.970731489342687215e-01,-1.053889807408731338e-01,1.639081281558603942e-01,9.328388221100138156e-02,2.263729389159479730e-02,5.428571428571428159e-01,7.955717413646722358e-01,4.992492962152017544e-01,5.857232226641047035e-01,-1.303186022610482997e-01,-6.788953930023683414e-02,3.887215693283881945e-01,3.450645694624424609e-01,-5.833147146878770589e-02,-6.474820143884891903e-03,-9.551365119084856414e-02,-5.598999061620268947e-02,-1.047812681531793133e-01,-1.605120872246302288e-01,-1.617141069752893456e-02,5.511863800884757997e-02,-5.533759327941373263e-02,-1.790964743732963854e-02,-1.387416774654810225e-01,-2.395817507484695463e-01,-4.488225568613432026e-01,-2.825684793779882908e-01,-3.569685866213861414e-01,-3.663657893560927636e-01,-9.571920103668618562e-02,-1.366906474820143817e-02,-1.373341078689843120e-01,-2.981366459627329268e-01,-1.315787121855310771e-01,-2.524375530631395304e-01,-4.175342955449305032e-02,-2.382456767505250483e-01,-3.657759506680369754e-01,-2.233165020778408449e-01,-1.151213190937932923e-01,-1.128647392644890335e-01,1.056883685598105360e-01,2.761874972072032031e-01,-2.191340095625363138e-01,-1.225032396443093974e-01,1.878859645203092288e-01,2.376200902631931677e-01,-3.965190580454890923e-01,-3.679342240493319593e-01,-3.387193350909334377e-01,-3.343849144287054931e-01,2.814022074266053219e-01,1.316993610080879340e-01,-9.680504043969792582e-02,4.015460923186916498e-01,-1.951382992984494399e-02,7.234460878502167736e-02,-9.962464810760088274e-02,-1.968720675633406358e-01,-1.630054962241387073e-01,-1.911345457795254610e-01,-2.208096876536038145e-01,-4.307252334778139957e-01,1.779570132713704789e-01,1.328835068591089907e-01,2.121363778542383616e-01,-4.126547209437418928e-01,5.079762277134813875e-01,3.741543411233745897e-01,2.598328790383842013e-01,-1.777380580008043331e-01,2.207113812055945257e-01,-5.442155592296349376e-02,3.014031011215871914e-01,1.407658965994905975e-01,6.540059877563787760e-02,-1.346217435989096878e-01,-2.601635461816881878e-01,-5.485142320925867621e-01,1.188971803923321024e-01,1.639125966307699300e-01,2.836543187810000588e-01,1.279458420840967059e-01,2.210599222485365722e-01,1.596586085169131863e-01,1.859734572590374946e-01,1.698601367353322344e-01,6.269270298047276146e-02,2.366146834085526562e-01,-2.459984807185307543e-01,1.141963447875240234e-01,-4.600294919344027900e-02,-2.205639215335805925e-01,8.410116627195138306e-02,5.985075293802225027e-02,-3.011305241521069001e-02,2.825595424281692747e-01
2.734527905625809829e-01,2.309978104472943383e-01,1.161177889986147738e-01,3.656865811698467583e-01,-2.828008400732829886e-01,2.345055632512623583e-02,2.056660261852629734e-01,3.257562893784351488e-01,-1.473658340408418588e-01,-3.856293846910049689e-03,0.000000000000000000e+00,4.025336252736940734e-01,4.760042897359131331e-01,9.078153626167388690e-02,-1.282452299030341011e-02,-5.384959113454577950e-02,3.273157871218553006e-02,4.185531078242995529e-01,3.695562804414853075e-01,2.583806246927923267e-01,2.431297198266231877e-02,1.914249966486438193e-01,1.763930470530407912e-01,2.403592653827248821e-02,-7.167880602350418240e-02,-2.050270342732025686e-01,-3.115331337414540269e-01,1.197104428258635306e-01,1.814737030251575012e-01,3.192770007596407167e-01,8.241655123106483849e-02,6.543187810000446192e-02,2.352473300862415739e-01,1.630993341972384880e-01,-4.301532686893962953e-01,-4.456007864515840744e-01,-1.398632646677688829e-01,-1.681218999955315374e-01,-2.429777916796997117e-01,-2.460386969927163825e-01,9.974976540506724776e-02,1.496045399705080679e-02,-2.735689709102283595e-01,-4.988158541489789294e-02,2.516511014790652201e-01,5.153045265650833123e-02,-3.621698914160596805e-02,-8.515572635059653894e-02,-1.641002725769694914e-01,-1.006345234371509023e-01,-1.300058090173823733e-01,-1.675633406318423613e-01,-2.102506814424237036e-01,-2.023012645783993924e-01,-3.734304481880334342e-02,-3.636578935609276475e-01,1.664060056302783808e-01,2.543098440502256641e-01,3.454131105053845352e-02,2.250189910183654218e-01,2.465391661825818981e-01,3.300192144421109086e-01,3.457124983243218819e-01,4.214084632914786299e-01,-1.160105456007864549e-01,2.827650922740068684e-02,-1.929621520175164306e-01,-2.404933196300102632e-02,-7.406050315027480624e-02,1.345636534250860272e-01,2.717547700969659141e-01,1.050940613968452536e-01,2.959783725814379429e-01,1.641807051253407201e-01,1.675633406318423613e-01,4.570356137450288375e-02,-6.620492425935028957e-02,-1.121408463291478641e-01,1.765717860494213365e-01,2.600652397336788990e-01,2.161803476473479479e-01,2.707583001921444188e-01,-3.789311408016444171e-01,-4.706555252692256053e-01,1.521113543947450741e-01,5.916707627686670218e-02,-2.888645605254926418e-01,-1.385986862683765974e-01,6.137450288216631661e-02,2.169444568568747525e-02,8.452567138835515026e-02,-2.682514857679074161e-01,-7.128558023146699951e-02,-2.749765405067250423e-01,-3.801644398766700905e-01,-2.919835560123330009e-01,-7.318468206801018172e-02,-7.445819741722149721e-02,1.524643639125966288e-01,-4.350060324411278434e-02,2.142142186871620613e-01,1.211403547969078093e-01,1.476384110103221847e-01,-4.715581572009473060e-02,-2.209660842754367915e-01,-7.970418696099021427e-02,-2.317395772822735678e-01,-2.154296438625497023e-01,1.886143259305599063e-02,-4.257607578533446624e-01,-1.417534295544930489e-01,-1.410384735689709235e-01,-1.842754367934223980e-01,-3.267214799588900043e-01,-4.277268868135305491e-01,-4.141605969882479199e-01
1.151257875687028004e-01,2.736047187095044450e-02,-5.594083739219804507e-02,-5.560570177398453662e-02,-2.665266544528352433e-01,-2.138478037445819824e-01,9.069663523839313624e-02,2.765673175745118062e-01,-1.984628446311273997e-01,-1.887439117029357794e-01,4.025336252736940734e-01,0.000000000000000000e+00,3.845792930872692916e-01,6.505295142767772987e-01,1.446445328209482184e-02,-2.332812011260556873e-01,-1.519281469234550278e-02,2.277671030877161662e-01,1.472049689440993736e-01,2.017561106394387682e-01,-1.744045757183073503e-02,-4.747754591357969400e-02,-1.692747665221859821e-01,-2.455203539032128346e-01,-3.701416506546315599e-01,-4.371330264980561875e-01,-2.801510344519415607e-01,-1.842575628937843379e-01,4.788373028285446420e-01,4.289244380892801023e-01,-2.139327047678627192e-01,-2.200634523437150769e-01,1.479556727288976192e-01,1.053442959917780114e-01,-3.627597301041154410e-01,-2.451003172617185755e-01,-5.994905938603154599e-02,-1.049287278251932604e-01,-7.601769516064167675e-02,-1.279145627597300938e-01,7.120067920818624885e-02,3.654765628490996149e-02,1.462219044640064303e-01,2.024889405245989538e-01,1.124134232986281762e-01,1.085705348764466754e-01,3.033468877072255099e-01,2.953393806693775381e-01,1.118414585102104619e-01,1.577014165065463158e-01,-4.447026229947718956e-02,6.341212744090442277e-02,-3.952366057464587468e-02,-1.247508825237946262e-01,8.110728808257741673e-02,2.711470575092720867e-02,-1.610840520130479570e-01,-1.808972697618302927e-01,3.887126323785691784e-02,1.181732874569909331e-01,8.881093882657849214e-02,1.465078868582152805e-01,3.408910138969569736e-01,4.003351356182134890e-01,-4.127396219670226296e-01,-1.417355556548549889e-01,-1.640511193529648193e-01,-2.255239286831404316e-02,-2.183699003530095162e-01,-1.509272085437240174e-01,8.339514723624827375e-02,1.671745833147146865e-01,2.081102819607667798e-01,2.451271281111756517e-01,-6.478394923812502704e-02,1.453773627061084039e-01,2.043299521873184754e-01,1.098127709012913927e-01,1.615443049287278166e-01,4.098038339514723655e-02,2.496626301443317375e-01,1.763126145046695625e-01,-1.952812904955538720e-01,-3.113409893203449852e-01,-1.379418204566781360e-02,1.780508512444702596e-01,-2.875195495777291277e-01,-3.856025738415478910e-01,-2.100540685464050983e-01,-3.324947495419813270e-01,-1.121363778542383421e-01,-2.500558559363689204e-01,-9.638053532329415862e-02,-3.724339782832119528e-01,-1.478528978059788224e-01,1.261897314446579384e-02,2.791456275973010562e-02,9.396309039724741463e-02,2.302783859868626770e-01,1.544573037222395917e-01,-4.773671745833147489e-02,-1.797667456097233954e-02,1.983556012332990739e-02,2.501452254345592000e-02,-2.838777425264757404e-01,-2.765628490996023259e-01,-1.581840117967737514e-03,-3.215916707627686777e-01,1.031770856606640217e-02,-2.333973814737030361e-01,-1.120693507305956516e-01,-8.059341346798337691e-02,-6.742034943473793063e-02,-5.100317261718575329e-02,-8.036105277268867919e-02,-2.411412484918897259e-01
1.758836409133562595e-01,1.509406139684525694e-01,3.313150721658698061e-01,2.075115063228920032e-01,4.560525492649358803e-02,5.769694803163680219e-02,2.352875463604271744e-01,1.146208499039277906e-01,3.933598462844631327e-02,-7.983377273336610125e-02,4.760042897359131331e-01,3.845792930872692916e-01,0.000000000000000000e+00,3.114348272934447381e-01,2.110550069261361017e-01,-9.709995978372581993e-02,5.589615264310290876e-02,2.035524375530631258e-01,2.029849412395549335e-01,1.501139461101926031e-01,-2.180615755842530822e-03,-7.675499352071138426e-02,1.282854461772197086e-01,6.257652263282541261e-02,3.180660440591626115e-02,-1.288127262165423004e-01,-2.345502480003574808e-01,-1.378524509584878703e-02,4.020152821841905255e-01,1.009071004066312144e-01,1.179319898118772053e-01,6.113767371196210387e-02,1.097680861521962564e-01,1.520130479467357854e-01,-2.393047053040797123e-01,-2.391885249564323634e-01,-1.987220161758791737e-01,-1.822824969837794351e-01,-3.470396353724473637e-01,-3.943116314401894362e-01,1.976406452477769485e-02,-2.922829438312703892e-02,1.258769382009919946e-01,1.836811296304571295e-01,2.053800437910541232e-01,1.076991822690915590e-01,3.692881719469145452e-01,1.119978551320434390e-01,9.906162026900218465e-02,-2.750346306805487306e-02,-1.491576924795567360e-01,-1.218999955315250849e-01,-2.963939407480227148e-02,-1.860270789579516471e-01,-1.175387640198400224e-01,-1.887841279771214076e-01,1.238750614415300016e-01,1.619688100451315838e-01,2.989543768711738769e-01,4.327762634612806747e-01,1.836364448813619932e-01,2.368559810536663701e-01,1.836498503060905452e-01,1.794405469413289378e-01,3.584163724920684524e-02,-3.359846284463112454e-02,-1.747620537110684130e-02,9.637159837347512858e-02,6.233522498771169179e-02,1.084052013047946683e-01,-8.990124670449975430e-02,-1.660574645873363342e-01,3.336163367442691874e-02,2.242727557084767120e-02,2.990526833191831657e-01,5.624916216095446342e-02,1.016175879172438457e-01,3.699450377586129685e-02,9.005317485142320943e-02,7.027570490191697994e-02,5.011394611019259065e-02,1.334912194468028113e-01,-2.199204611466106518e-01,-2.639394074802269841e-01,8.767147772465257172e-02,4.435408195182984070e-02,1.462576522632825504e-01,-1.285401492470619744e-01,-6.416283122570266839e-02,-5.487734036373385915e-02,-2.652620760534429856e-01,-2.465525716073104223e-01,-3.968586621386120949e-01,-1.997855132043433457e-01,-1.355109701059028504e-01,-1.423343312927297932e-01,-1.340989320344966318e-01,-1.054694132892443764e-01,-4.498860538898073747e-02,-2.335716519951740455e-01,-2.431744045757183170e-01,-1.258322534518968583e-01,6.841235086464989880e-03,-1.661915188346217431e-01,-1.803074310737745323e-01,-7.620537110684123816e-02,-1.418696099021403978e-01,-2.183564949282809642e-01,-1.426024397873005833e-01,-3.791098797980249069e-01,-2.052817373430448067e-01,-9.977210777961481591e-02,-1.048572322266410478e-01,-3.244872425041333552e-01,-3.224630233701237803e-01,-2.194199919567451640e-01
