0.000000000000000000e+00,8.276643281647974026e-01,7.161490683229814191e-01,5.573439385137852753e-01,1.482595290227445295e-01,-2.252111354394745104e-03,7.666338978506636037e-01,5.432101523749943706e-01,3.585459582644443532e-01,1.756602171678806057e-01,5.612315116850619123e-01,5.835113275838955671e-01,6.303454131105054037e-01,4.166540059877563706e-01,1.116225032396443023e-02,4.540417355556548851e-02,-1.461772197149112940e-01,-1.877206309486572355e-01,8.068322981366459201e-01,7.759730104115465377e-01,-4.271057688011081765e-01,2.493811162250323954e-01,3.691585861745386166e-01,4.180213593100674530e-01,1.229277447607131715e-02,-9.442334331292730198e-02,-1.787836811296304729e-02,-5.869341793645828365e-02,-1.461995620894588621e-01,-3.891147951204254052e-01,-2.643907234460878275e-01,-2.279324366593681594e-01,4.926359533491219689e-01,4.036864918003485458e-01,2.193261539836453833e-01,-8.890477679967827285e-02,-5.360650609946825407e-01,-5.238348451673443540e-01,-4.042584565887662462e-01,-5.639215335805889545e-02,-5.833772733366102692e-01,-3.875240180526386413e-01,-3.791500960722105629e-01,3.205192367844854617e-01,-5.952678850708252867e-01,-2.869967380133160439e-01,8.750167567809107039e-02,-2.686983332588587792e-01,2.410205996693328689e-01,2.366459627329192683e-01,3.994905938603154905e-01,2.097859600518343082e-01,-3.335671835202645430e-01,-9.197908753742348176e-02,-7.495866660708699891e-02,-1.518834621743598949e-02,7.696813977389517225e-01,6.430358818535233389e-01,5.613968452567138501e-01,1.546002949193440168e-01,6.233969346262120403e-01,6.555699539747084081e-02,4.575450198847133554e-01,-9.123732070244425230e-02,-7.757272442915233088e-03,-1.830912909424013690e-01,4.407793020242191107e-01,4.630278385986862921e-01,5.997855132043433679e-01,4.394655704008221808e-01,-2.286161133205237006e-01,3.980964296885473180e-02,5.403682023325439010e-01,6.235041780240403453e-01,2.195897940033066653e-01,4.552839715804996024e-01,4.857545019884713100e-01,6.065016309933419780e-01,-2.279905268331918200e-01,-2.926314848742124219e-01,-2.926761696233075583e-01,-3.034451941552347987e-01,-6.214397426158452253e-01,-5.604048438268018906e-01,-1.753965771482193237e-01,1.689306939541534436e-01,-3.098529871754769904e-01,-1.984583761562178916e-01,-3.592475088252379267e-01,-2.497251887930649339e-01,-7.061933062245855375e-01,-6.416283122570266562e-01,-6.498905223647168938e-01,-3.121274409044192955e-01,2.907189776129406877e-02,-4.384020733723580088e-02,-2.901336073997944354e-01,7.381473703025157040e-02,-2.425711604629340046e-01,-2.766879663970686631e-01,-5.434737923946556526e-01,-9.103177085660664469e-02,-4.616515483265561381e-01,-3.209884266499843375e-01,-1.575897046338084750e-01,-9.374860360159077699e-02,-1.712364270074623607e-01,-9.041958979400330221e-02,1.568211269493721693e-01,1.412931766388131616e-01,1.819607667902944648e-01,-1.275436793422405068e-01,-9.216676348362304316e-02,1.914741498726484775e-02,1.005004691898654934e-01,-4.615085571294517131e-01
8.276643281647974026e-01,0.000000000000000000e+00,6.104070780642566474e-01,6.875284865275481661e-01,1.182760623799097299e-01,3.451896867599088536e-02,6.509361454935430613e-01,7.136556593234728574e-01,3.041378077662094115e-01,3.741498726484650539e-01,4.300102774922918702e-01,6.054470709146968499e-01,4.737923946557039967e-01,4.245721435274140698e-01,-4.818356494928281025e-02,-8.721122480897269824e-02,-2.117029357880155505e-01,-2.748603601590777212e-01,7.455337593279414143e-01,8.264042182403146253e-01,-5.379194780821305866e-01,1.776084722284284323e-01,3.711202466598150229e-01,4.829304258456588728e-01,-1.248357835470753768e-01,-2.395147236248268419e-01,-9.223379060726573375e-02,-2.309575941731087101e-01,-3.223602484472049556e-01,-5.911836990035300721e-01,-2.950668036998972399e-01,-2.124447026229947799e-01,5.367398007060190102e-01,4.888064703516689646e-01,3.261271727959247357e-01,1.288931587649135291e-01,-7.005809017382367276e-01,-6.399168863666830909e-01,-5.592653827248760257e-01,-1.154475177621877707e-01,-7.000983064480092999e-01,-4.686759908843111666e-01,-3.990482148442736632e-01,2.955538674650342035e-01,-4.515393896063273349e-01,-3.082353992582331781e-02,9.343581035792483669e-03,-3.092899593368783062e-01,2.871576031100585569e-01,2.639528129049555361e-01,2.901916975736181237e-01,1.764913535010500800e-01,-3.154073014880021675e-01,-8.289467804638277204e-02,-1.330756512802180602e-01,-9.776129407033379293e-02,7.986728629518745626e-01,6.342642656061485695e-01,4.695741543411233732e-01,1.623709727869878106e-01,5.766477501228830516e-01,1.730193484963581940e-01,4.952902274453728770e-01,-1.225881406675901480e-01,-1.138209928951249006e-01,-6.223245006479288799e-02,4.900353009517851577e-01,5.703203896510120607e-01,6.936905134277671081e-01,5.549086196881004573e-01,-1.207113812055945340e-01,4.728986996738013260e-02,5.749944144063631191e-01,6.949193440278832457e-01,2.591536708521381405e-01,4.786451584074355448e-01,5.754591357969525145e-01,5.833772733366102692e-01,-3.356316189284597185e-01,-3.783413021135886289e-01,-3.076500290450869257e-01,-3.659144733902319202e-01,-7.124536395728138238e-01,-6.358461057241163727e-01,-2.754859466464095741e-01,1.328298851601948383e-01,-3.085258501273515086e-01,-2.696635238393136347e-01,-4.597122302158273555e-01,-3.468385540015193058e-01,-6.181777559319004967e-01,-6.641628312257026323e-01,-4.880870458912373033e-01,-3.947540104562312635e-01,-4.520756065954689706e-02,-1.833951472362482793e-01,-4.465972563564055697e-01,-6.247374770990660880e-02,-2.532105992224853441e-01,-3.378479824835783352e-01,-4.398409222932213036e-01,-1.676124938558470057e-01,-4.391349032575181943e-01,-4.114884489923589239e-01,-1.945305867107556264e-01,-1.948031636802359245e-01,-2.006166495375128478e-01,-1.866973501943786640e-01,1.034898789043299516e-01,-2.685553420617543211e-03,2.265740202868760933e-01,-1.408150498234952419e-01,-7.322489834219580995e-02,3.217301934849636086e-02,1.422360248447205044e-01,-4.400107243397828327e-01
7.161490683229814191e-01,6.104070780642566474e-01,0.000000000000000000e+00,5.866392600205549979e-01,4.698735421600607753e-01,1.744716028419500409e-01,8.814602976004289880e-01,5.260243978730059222e-01,6.754591357969524923e-01,2.030340944635595779e-01,4.461906251396398626e-01,4.258277849769873669e-01,5.835783547075382716e-01,4.036998972250770978e-01,8.181330711828052604e-02,1.108271147057509204e-01,-1.908530318602260911e-01,-2.921042048348898579e-02,6.934939005317485305e-01,6.503060905313016171e-01,-4.688502614057822315e-01,9.721614013137316879e-02,6.208901202019750931e-01,6.055811251619822588e-01,1.735376915858617419e-01,-4.057375217838152248e-03,-2.168595558335939810e-01,-2.248536574467134216e-02,-1.630948657223289799e-01,-3.507574064971625272e-01,-2.285937709459761324e-01,-1.933687832342821378e-01,3.990079985700880072e-01,3.750212252558202120e-01,1.968184458644264834e-01,-5.283971580499575299e-02,-3.675231243576567164e-01,-4.479735466285356682e-01,-2.815943518477143637e-01,-5.120872246302337304e-03,-3.673667277358237393e-01,-1.393359846284463188e-01,-5.256535144555163352e-01,1.967246078913267027e-01,-4.702265516779123300e-01,-2.932615398364538106e-01,4.705304079717592333e-03,-3.811743152062201379e-01,3.997631708297957887e-01,4.876446668751954761e-02,2.404620403056436928e-01,7.110684123508646814e-02,-3.603244112784306785e-01,-3.033200768577684614e-01,-1.317842620313686985e-01,-5.566826042271772607e-02,6.056079360114392518e-01,4.147504356763036526e-01,3.882032262388846466e-01,-1.499173332141739978e-02,5.764153894275884094e-01,8.500826667858260577e-02,3.156664730327539137e-01,-5.260735510970106221e-02,7.043210152374994315e-02,-6.666517717503016305e-02,4.473479601412038154e-01,4.145627597301040912e-01,4.877697841726618688e-01,3.369140712274900640e-01,1.480405737521783838e-02,1.261763260199293968e-01,3.858974931855757573e-01,4.445998480718530987e-01,2.117208096876536105e-01,3.051208722463023548e-01,3.897537870324858100e-01,4.974529693015773968e-01,-5.384512265963626448e-02,8.087939586219223273e-04,-9.495956030206890996e-02,-2.907457884623977917e-01,-3.785468519594262227e-01,-3.580097412753027175e-01,-1.344564100272576945e-01,2.378122346843022580e-02,5.456454712006791885e-02,1.271549220251128320e-01,-2.206577595066803732e-01,-3.918941865141427061e-01,-6.663345100317261682e-01,-6.186022610483041806e-01,-5.522454086420304220e-01,-4.288306001161803493e-01,-1.551409803833951606e-01,-1.047097725546271008e-01,-3.989007551722597023e-01,-1.877295678984762517e-01,-3.917422583672192649e-01,-4.476428794852316817e-01,-5.419277000759640250e-01,-3.028508869922695301e-01,-5.186648196970373714e-01,-5.040305643683811176e-01,-4.513159658608516776e-03,-1.419545109254211623e-01,-1.776129407033379404e-01,-2.264846507886858207e-01,2.684972518879306658e-01,-1.174762053711068434e-02,-8.506635685240628020e-02,-3.001385227221949337e-01,-1.821573796863130701e-01,1.793198981187720531e-01,7.108003038562937803e-02,-2.641092095267885131e-01
5.573439385137852753e-01,6.875284865275481661e-01,5.866392600205549979e-01,0.000000000000000000e+00,1.943339738147370210e-01,2.856115107913669293e-01,5.739800706019035914e-01,8.645113722686447177e-01,3.313686938647839586e-01,4.070914696813977551e-01,1.772688681353054296e-01,3.565708923544394504e-01,2.211403547969078287e-01,2.672684212878144727e-01,-2.210018320747129117e-01,-1.293266008311363402e-01,-2.679074131998748776e-01,-1.625229009339112518e-01,6.949238125027927815e-01,7.074981008981634512e-01,-5.474239242146655693e-01,2.476428794852316914e-02,5.508825237946288755e-01,6.523839313642253446e-01,-8.373028285446176833e-02,-1.959158139327047687e-01,-3.571696679923141993e-01,-3.282809777023101838e-01,-2.627373877295678950e-01,-5.370436569998658927e-01,-2.484248625943965283e-01,-1.439519192099736333e-01,3.821663166361320974e-01,4.358461057241163616e-01,4.060592519773001396e-01,3.125876938200992106e-01,-5.332812011260557039e-01,-4.969435631618928650e-01,-3.522900933911256027e-01,-3.109164842039411833e-02,-4.741454041735555514e-01,-2.678001698020465726e-01,-4.736002502345949550e-01,1.641449573260646277e-01,-3.908619688100451461e-01,-9.805174493945216507e-02,-9.222932213235622567e-02,-4.945082443362080471e-01,2.665981500513874836e-01,-2.724429152330309564e-02,6.451584074355422305e-02,-4.308950355243755526e-02,-2.666517717503016360e-01,-2.805621341436168037e-01,-1.877429733232048037e-01,-2.480584476518164216e-01,5.397873005943071290e-01,2.594843379954421825e-01,2.629429375754054887e-01,-1.475937262612270380e-02,3.932972876357299086e-01,4.500826667858259800e-01,3.050359712230215625e-01,-6.663389785066356485e-02,-9.350730595647704924e-02,2.376558380624692879e-01,5.143616783591760111e-01,5.752982707002100016e-01,5.761874972072031920e-01,4.671611778899861234e-01,6.345234371509003712e-02,1.327092363376379536e-01,5.000044684749095358e-01,5.567451628759104709e-01,2.861611332052370615e-01,3.829974529693015994e-01,4.614013137316234081e-01,4.826980651503641750e-01,-2.820322623888467106e-01,-2.879127753697662828e-01,-2.110907547254122288e-02,-2.103802672147995767e-01,-5.154787970865543079e-01,-3.714643192278475614e-01,-2.187497207203181471e-01,2.780731936190178333e-02,-1.187139729210420491e-01,-1.078242995665579379e-01,-3.224406809955762121e-01,-3.858617453862996372e-01,-4.152509048661691682e-01,-5.504803610527726487e-01,-2.707136154430492825e-01,-4.332186424773225020e-01,6.268376603065373143e-02,-1.042048348898520944e-02,-3.565798293042584666e-01,-1.543455918495017787e-01,-3.287725099423566832e-01,-3.542249430269449051e-01,-3.664864381786496206e-01,-1.863934939005317537e-01,-3.769203270923633942e-01,-3.577371643058224193e-01,-2.303632870101434416e-01,-3.082175253585950903e-01,-2.935341168059341088e-01,-1.822422807095938069e-01,1.069037937351981771e-01,-2.634165959158139489e-02,5.042227087894901594e-02,-1.446177219714911422e-01,-1.066803699897225094e-01,-6.190178292148889455e-02,-4.171321328030742903e-02,-2.223423745475669178e-01
1.482595290227445295e-01,1.182760623799097299e-01,4.698735421600607753e-01,1.943339738147370210e-01,0.000000000000000000e+00,5.297957906966352937e-01,4.193484963581929348e-01,2.506814424237007732e-01,8.222887528486527708e-01,1.662317351088073714e-01,5.016309933419723643e-01,2.705125340721211691e-01,4.864471155994459228e-01,4.204119933866571346e-01,2.990392778944546137e-01,2.817864962688234609e-01,5.298717547700970004e-02,2.567585683006389785e-01,3.030430314133786274e-01,3.431788730506278307e-01,5.771035345636534031e-02,3.919522766879663944e-01,5.391304347826086918e-01,6.380445953795969016e-01,4.872514410831583209e-01,4.387952991643951917e-01,-1.416908709057598525e-01,2.908619688100451128e-01,1.667098619241252910e-01,1.481880334241923169e-01,2.884221815094508146e-01,2.388802001876759451e-01,3.988337280486169978e-01,4.163188703695428483e-01,1.304839358327002929e-01,1.207024442557755040e-01,3.163680235935475028e-03,3.810268555342061908e-02,5.349211314178470983e-02,1.556369810983511404e-01,1.186469457973993447e-01,8.503954600294919008e-02,-3.760847222842843562e-01,-2.936234863041244092e-02,-1.121497832789668941e-01,-1.741096563742794701e-01,-2.031324009115688944e-01,-3.093837973099781147e-01,9.172885294249072397e-02,-3.872916573573439436e-01,-2.084990392778944546e-01,-3.741230617990080054e-01,-4.094821037579873813e-01,-4.953527860941061012e-01,-2.167880602350417685e-01,-3.329728763572992745e-01,1.545645471200679244e-01,-1.147951204253988035e-02,-2.327271102372760192e-01,-3.691228383752624964e-01,1.692881719469145063e-01,1.202198489655480623e-01,2.378747933330354336e-01,3.303990348094195673e-01,2.049331963001027879e-01,1.553644041288708144e-01,2.471334733455471666e-01,1.824478305554314284e-01,7.315787121855310549e-02,1.419455739756021184e-01,2.708610751150632434e-01,2.211314178470887848e-01,3.666473032753921335e-01,2.978193842441574923e-01,2.712677063318289505e-01,3.475579784619509116e-01,-8.137986505205772880e-02,1.742928638455694956e-01,1.581572009473166673e-01,1.228160328879753377e-01,1.365699986594575144e-01,7.468608963760668684e-02,1.228875284865275502e-01,1.913981857991867430e-01,2.579114348272934509e-01,-1.476026632110460646e-01,5.125742883953706697e-01,5.822735600339603579e-01,1.272398230483935966e-01,-3.334778140220742704e-01,-4.158854283033200927e-01,-4.098708610751150561e-01,-3.202555967648241797e-01,-4.287188882434425086e-01,-1.053308905670494594e-01,-1.401313731623397008e-01,-2.390589391840564903e-01,-3.063943875955136287e-01,-4.646498949908396403e-01,-4.778140220742660427e-01,-2.992358907904731913e-01,-2.407033379507574067e-01,-2.609723401403101217e-01,-3.361812413423298507e-01,-7.185754501988471377e-02,-2.752580544260244122e-01,4.314312525135171467e-02,-8.223334375977478516e-02,3.228517806872514551e-01,-7.812234684302248044e-02,-1.282809777023102005e-01,-4.962241387014612037e-01,-4.548460610393672554e-01,9.673354484114571328e-02,2.595737074936324204e-02,-8.074534161490683204e-02
-2.252111354394745104e-03,3.451896867599088536e-02,1.744716028419500409e-01,2.856115107913669293e-01,5.297957906966352937e-01,0.000000000000000000e+00,5.123553331248045101e-02,1.974976540506725164e-01,4.111488448992358657e-01,2.693998838196523526e-01,2.446043165467625888e-02,-1.834219580857053555e-01,-3.595781759685419410e-02,1.611689530363286937e-01,4.713347334554716245e-02,8.114750435676303109e-02,-3.231288261316412891e-01,8.092408061128736341e-03,1.334644085973457350e-01,2.325081549667098735e-01,1.271817328745699083e-01,2.200008936949819083e-01,2.807944948389115014e-01,3.006032441127843291e-01,3.207515974797801594e-01,3.626658921310156880e-01,-2.305643683810715272e-01,2.053621698914160631e-01,4.995308101345011242e-02,-3.357612047008356332e-02,1.567853791500960770e-01,1.171276643281647933e-01,7.049019169757361758e-02,8.078555788909244639e-02,4.016265248670628646e-02,9.841369140712274977e-02,3.359846284463112454e-02,7.306403324545332478e-02,2.245721435274140865e-01,2.201706957415434096e-01,1.087448053979176849e-01,1.409267616962330827e-01,-2.898923097546807215e-01,-1.890164886724161053e-01,-7.037401134992626872e-02,-1.762902721301219944e-01,-2.589972742303052189e-01,-3.196478841771303592e-01,-9.069663523839313624e-02,-5.149381116225032473e-01,-3.454354528799321034e-01,-4.262299477188435382e-01,-1.878859645203092288e-01,-3.797801510344519516e-01,-1.864918003485410425e-01,-3.374190088922650599e-01,6.774207962822288709e-02,-1.618347557978462026e-01,-2.674203494347379140e-01,-2.256937307297019468e-01,-1.195853255283971517e-01,2.308995039992850495e-01,-1.704857232226641151e-01,1.390678761338755010e-01,1.941105500692613672e-02,1.628401626524867141e-01,2.664998436033781670e-02,5.514098038339514812e-02,-1.105009160373564558e-01,1.026944903704365697e-01,3.253407212118503700e-01,2.764198579024979008e-01,1.937575405514098126e-01,1.782340587157603129e-01,5.889449930738639011e-02,1.836721926806380856e-01,-1.348809151436614617e-01,-3.653425086018142337e-02,-9.181822244068099659e-02,-4.904598060681888971e-02,1.757004334420662200e-02,4.506903793735198005e-02,5.614191876312614460e-02,2.726529335537781207e-01,5.311229277447607200e-02,-1.860985745565038596e-01,3.618883774967603384e-01,4.551454488583046576e-01,1.537378792618079582e-01,-5.201304794673577980e-02,-8.579918673756646574e-02,-1.603422851780687275e-01,-4.565440815049823242e-02,-8.665713392019304406e-02,1.911881674784396135e-01,1.828321193976495951e-01,5.535993565396130078e-02,-2.342374547566915266e-02,-1.382769560748916271e-01,-3.837973099781044617e-02,-3.218642477322489898e-02,1.162607801957191989e-01,7.293891594798694589e-02,8.736315295589615337e-02,-1.580946422985834987e-02,-1.748246123598015955e-01,-1.744045757183073503e-02,1.269672460789132706e-01,1.792662764198579006e-01,4.446579382456767454e-02,-7.747888645605255364e-02,-3.789713570758300454e-02,-1.936056124044863436e-01,-1.772688681353054296e-01,-4.410384735689709505e-03,7.909200589838687569e-04
7.666338978506636037e-01,6.509361454935430613e-01,8.814602976004289880e-01,5.739800706019035914e-01,4.193484963581929348e-01,5.123553331248045101e-02,0.000000000000000000e+00,5.908351579605880532e-01,6.885875150811028300e-01,1.293221323562268321e-01,5.385271906698243516e-01,5.059788194289288610e-01,6.520085794718262218e-01,4.116314401894633490e-01,8.288574109656374200e-02,3.855846999419098448e-02,-8.353813843335269884e-02,-3.113186469457973962e-02,6.966486438178649543e-01,6.514187407837704891e-01,-4.263684704410384829e-01,2.254211537602216486e-01,5.684838464632021582e-01,5.983734751329371493e-01,9.078153626167388690e-02,-3.873274051566200776e-02,-2.173957728227355890e-01,-1.207247866303230721e-01,-1.152598418159882093e-01,-3.013718217972206070e-01,-1.561463872380356721e-01,-1.260824880468296161e-01,4.800706019035703154e-01,4.568792171231958466e-01,2.315965860851691427e-01,1.836543187810000350e-03,-4.280084007328298634e-01,-4.184369274766522317e-01,-3.206398856070423187e-01,2.420572858483399648e-02,-4.469457973993475886e-01,-2.753027391751195485e-01,-4.145002010813709226e-01,2.677331426784038682e-01,-4.371509003976942753e-01,-2.884668662585459509e-01,3.675767460565709105e-02,-3.256132981813307237e-01,2.915545824210197257e-01,2.891103266455158707e-02,2.145136065060994635e-01,4.070780642566691754e-02,-3.784396085615979177e-01,-3.057062424594486072e-01,-1.103757987398900769e-01,-9.683631976406452402e-02,6.080924080611287419e-01,4.579784619509361665e-01,3.349479422673041773e-01,-6.144599848071852916e-02,6.174091782474641077e-01,9.503105590062112251e-02,3.958532552839715835e-01,1.079583538138433399e-02,1.492694043522945491e-01,-1.536261673890701104e-02,4.858885562357567189e-01,4.205594530586710955e-01,4.745788462397783625e-01,3.889583984985924281e-01,-3.467536529782385551e-02,4.515393896063273765e-02,4.216452924616828080e-01,4.865275481478171238e-01,2.643594441217212432e-01,2.799186737566468630e-01,4.605299611242683056e-01,5.330309665311229184e-01,-6.764377318021359831e-02,-1.485723222664104837e-01,-1.550024576612002436e-01,-2.511148844899235844e-01,-4.699673801331605283e-01,-4.181911613566289820e-01,-8.169712677063317718e-02,1.049644756244693666e-01,-3.529648331024621416e-02,3.205683900084901200e-02,-2.244380892801287053e-01,-3.667366727735823506e-01,-6.763572992537646433e-01,-5.985254032798605905e-01,-5.243621252066669181e-01,-3.691183699003530161e-01,-7.233120336029312536e-02,-1.978193842441574590e-01,-3.215827338129496615e-01,-1.326153983645381729e-01,-3.675320613074757325e-01,-3.936056124044863269e-01,-5.208633093525180113e-01,-2.188793064926940479e-01,-4.760623799097368214e-01,-4.268644711559944627e-01,-5.992224853657446976e-02,-1.084632914786183427e-01,-1.927566021716788092e-01,-1.471334733455471611e-01,2.344966263014433283e-01,1.018231377630814671e-01,-1.665847446266589121e-02,-2.832968407882389683e-01,-1.689351624290629517e-01,1.145851021046516843e-01,8.546851959426247924e-02,-3.512668126368470589e-01
5.432101523749943706e-01,7.136556593234728574e-01,5.260243978730059222e-01,8.645113722686447177e-01,2.506814424237007732e-01,1.974976540506725164e-01,5.908351579605880532e-01,0.000000000000000000e+00,4.495017650475892634e-01,3.110996916752312713e-01,3.559050895929219416e-01,5.341748961079583191e-01,2.955896152643102681e-01,4.521292282943831231e-01,-1.613298181330711789e-01,-1.831851289155011497e-01,-1.431833415255373276e-01,-5.875597658519147309e-02,5.991152419679163232e-01,6.977478886456052187e-01,-4.574020286876089303e-01,1.527101300326198785e-01,4.606774207962822110e-01,6.830153268689396207e-01,-1.172572501005406803e-01,-1.560525492649358636e-01,-3.674650341838330836e-01,-2.903793735198176851e-01,-1.398230483935832824e-01,-4.096697797041869427e-01,-7.637070467849323141e-02,2.257473524286161132e-02,5.008177309084409501e-01,5.855891684168192945e-01,3.707046784932302441e-01,3.207069127306850231e-01,-5.560838285893024979e-01,-5.003172617185754900e-01,-4.401939318110728583e-01,-7.662093927342597532e-02,-5.114169533938066614e-01,-4.135305420260065312e-01,-4.063586397962375418e-01,2.896554805844765434e-01,-3.253988113856740583e-01,5.716966799231422425e-02,-2.638187586576701271e-02,-3.944188748380177967e-01,3.369185397023995443e-01,3.314267840386075914e-02,1.014031011215872080e-01,-4.075695964967156887e-02,-3.136735332231109785e-01,-2.434425130702891071e-01,-2.113320523705259357e-01,-2.763751731534027645e-01,5.626882345055632673e-01,3.470396353724473637e-01,1.980472764645426487e-01,-2.330309665311229225e-02,4.990035300951785047e-01,4.853255283971580347e-01,4.691541176996291140e-01,8.171500067027123726e-02,-1.928370347200500379e-01,2.023682917020420968e-01,5.025604361231511552e-01,6.141650654631574113e-01,4.919790875374234762e-01,4.260869565217391131e-01,9.532597524464900274e-02,1.290718977612940743e-01,6.017695160641672869e-01,6.644488136199114825e-01,4.449975423387997897e-01,4.319719379775682766e-01,4.290853031860226152e-01,4.805934134679833991e-01,-2.121140354796907934e-01,-3.622190446400643249e-01,-6.497609365923409652e-02,-1.710487510612627993e-01,-5.453862996559274423e-01,-4.878680906206711576e-01,-1.611466106617811256e-01,-1.159569239018722921e-02,-1.119844497073148870e-01,-7.844854551141695886e-02,-3.346887707225523756e-01,-4.823897403816077567e-01,-5.022118950802091364e-01,-6.701550560793601008e-01,-3.289110326645515725e-01,-5.763081460297599934e-01,1.684615040886545262e-02,-1.183118101791858501e-01,-3.724875999821261052e-01,-1.877519102730238199e-01,-4.042807989633138144e-01,-4.284731221234192589e-01,-3.978908798427097104e-01,-3.521471021940211776e-01,-4.964207515974797813e-01,-5.142723088609857385e-01,-2.407882389740381712e-01,-3.729031681487108285e-01,-2.457393091737789803e-01,-2.573886232628803672e-01,8.107600875821081854e-02,-7.323383529201483999e-02,5.375128468653648378e-02,-2.219848965548058550e-01,-1.779704186960990309e-01,-5.773269583091290846e-02,7.739398543277179084e-03,-2.360695294695920321e-01
3.585459582644443532e-01,3.041378077662094115e-01,6.754591357969524923e-01,3.313686938647839586e-01,8.222887528486527708e-01,4.111488448992358657e-01,6.885875150811028300e-01,4.495017650475892634e-01,0.000000000000000000e+00,5.433665489968273615e-02,5.704231645739309409e-01,3.431744045757182948e-01,5.790964743732963660e-01,4.504535502033156225e-01,2.061843692747665213e-01,1.550650163099334122e-01,7.506144153000580965e-02,3.513249028106706917e-01,4.003753518923991450e-01,4.465481031324008976e-01,-5.181196657580768028e-02,3.780508512444702429e-01,5.946378301085839535e-01,6.648509763617677093e-01,3.714285714285714413e-01,2.821529112114035676e-01,-3.070646588319406733e-01,7.275124000178738448e-02,1.766075338486974289e-01,9.205505161088520238e-02,2.171097904285267388e-01,1.977970418696098909e-01,4.924661513025604398e-01,5.081415612851334362e-01,1.593815630725233523e-01,7.851110416015014137e-02,-1.604361231511685082e-01,-1.086241565753608279e-01,-5.994905938603154599e-02,1.402654274096250819e-01,-2.417444926046740175e-02,-6.662942937575405677e-02,-4.315340274364359296e-01,1.113946110192591266e-01,-2.562849099602305669e-01,-2.285446177219714881e-01,-9.366817105321953441e-02,-3.148085258501273631e-01,1.901246704499754137e-01,-3.263908128155860178e-01,-9.035703114527011970e-02,-2.966754546673220361e-01,-4.578533446534697737e-01,-5.103757987398900298e-01,-1.550828902095714723e-01,-2.395906876982885625e-01,3.509987041422762410e-01,1.911077349300683570e-01,-6.805487287188882739e-02,-3.169444568568747234e-01,3.662898252826310430e-01,1.215961392376781747e-01,3.393359846284463299e-01,3.631216765717860673e-01,9.953974708432011820e-02,3.792841503194959579e-02,3.341078689843156591e-01,2.576209839581750649e-01,1.601277983824120899e-01,2.163188703695428650e-01,1.548058447651816383e-01,1.387729567898476346e-01,3.736940882076947301e-01,3.719915992671701255e-01,2.834264265606148414e-01,2.273291925465838470e-01,6.745162875910451494e-02,3.031860226104830525e-01,1.697484248625943937e-01,9.087090575986415952e-02,1.172527816256311722e-01,-1.044729433844228915e-02,-1.286920773939854296e-02,-3.458599579963358289e-03,1.448009294427811677e-01,-1.173689619732785211e-01,4.242682872335671873e-01,4.777157156262567539e-01,3.773180213593100435e-02,-3.819965145895705683e-01,-5.853836185709817563e-01,-5.557576299209080473e-01,-4.355154385808123751e-01,-4.673399168863666686e-01,1.572903168148710945e-03,-7.667902944724964975e-02,-2.006032441127842958e-01,-2.094642298583493378e-01,-4.597613834398319721e-01,-4.835381384333526933e-01,-4.015952455426962664e-01,-3.059877563787479215e-01,-4.002055498458376159e-01,-4.236963224451494869e-01,-2.694490370436570040e-02,-2.324634702176147372e-01,2.640868671522409502e-03,-6.589213101568434927e-02,3.165735734393851364e-01,1.395504714241029530e-02,-1.439966039590687696e-01,-4.426292506367576762e-01,-3.993967558872156820e-01,9.369051342776710256e-02,1.084409491040707746e-01,-1.341883015326869044e-01
1.756602171678806057e-01,3.741498726484650539e-01,2.030340944635595779e-01,4.070914696813977551e-01,1.662317351088073714e-01,2.693998838196523526e-01,1.293221323562268321e-01,3.110996916752312713e-01,5.433665489968273615e-02,0.000000000000000000e+00,1.056392153358058916e-01,2.502211895080209136e-01,1.809732338352920133e-01,3.706644622190446436e-01,2.106751865588274708e-01,3.459761383439832194e-01,-4.242325394342910672e-01,-4.526073551097010705e-01,3.776352830778855196e-01,3.263103802672148168e-01,-4.137003440725680048e-01,-2.589436525313910109e-01,3.902453192725323095e-01,3.590151481299432290e-01,-1.610438357388623357e-02,1.660932123866124335e-02,1.784262031368693824e-01,3.485410429420438688e-02,-3.579605880512981009e-01,-5.055587827874346019e-01,-8.812726216542293711e-02,3.120782876804146719e-02,2.892488493677107808e-01,2.679029447249653417e-01,2.947808213056883897e-01,1.604450601009875244e-01,-3.940658653201662420e-01,-4.629429375754054998e-01,-3.238169712677063106e-01,-1.255596764824165601e-01,-3.603646275526162790e-01,-1.196166048527637499e-01,-2.943116314401894584e-01,-7.889986147727780230e-02,-2.745520353903213029e-01,-7.731355288440056039e-02,-2.258501273515349239e-01,-3.102998346664283535e-01,7.961034898789043357e-02,-2.806649090665356075e-02,-3.946557040082220025e-02,1.997408284552482094e-02,-2.233656553018454893e-01,-8.634880915143661184e-02,-3.311944233433129492e-01,-1.879440546941328893e-01,2.011796773761115320e-01,-2.644443451450020216e-02,1.628625050270342822e-01,1.081549667098619244e-01,2.396532463470217589e-01,4.073729836006970695e-01,3.417042763304883879e-02,-3.069216676348362483e-01,8.956611108628624585e-02,2.473211492917467280e-01,2.167969971848608124e-01,1.813128379284150438e-01,3.575897046338084584e-01,2.649224719603199274e-01,1.274677152687787585e-01,2.611242682872335630e-01,3.354350060324411409e-01,3.400330667143304231e-01,2.758523615889896807e-01,3.787881496045399921e-01,2.267125430090710103e-01,2.422449617945395262e-01,-2.504088654542204750e-01,-2.706733991688636820e-01,-2.140891013896956963e-01,-2.954242816926582749e-01,-3.414808525850127618e-01,-2.556235756736225939e-01,-2.514812994325036910e-01,-8.851601948255061192e-02,-1.401671209616157932e-01,-2.358103579248402581e-01,-3.567406944010009240e-01,-1.972161401313731743e-01,-1.605523034988158571e-01,-1.986505205773269611e-01,-3.666383663255731035e-02,-1.891639483444300385e-01,-7.258590643013539123e-02,-7.436882791903123846e-02,-3.831225702667679367e-01,-2.432771794986371139e-01,-1.918763126145046627e-01,-1.779302024219134026e-01,-1.161937530720764944e-01,-1.101255641449573192e-01,-1.994995308101344955e-01,-2.358148263997497662e-01,-2.633093525179855954e-01,-3.409937888198757983e-01,-2.001027749229188080e-01,-3.334688770722552542e-01,1.406944010009383850e-01,-2.020912462576522628e-01,7.757272442915233435e-02,-3.413914830868224753e-02,1.013896956968586560e-02,5.220072389293534121e-02,-7.172349077259931871e-02,-2.097591492023772319e-01
5.612315116850619123e-01,4.300102774922918702e-01,4.461906251396398626e-01,1.772688681353054296e-01,5.016309933419723643e-01,2.446043165467625888e-02,5.385271906698243516e-01,3.559050895929219416e-01,5.704231645739309409e-01,1.056392153358058916e-01,0.000000000000000000e+00,6.711649314089100926e-01,8.692032709236338084e-01,7.311765494436748281e-01,4.642477322489834135e-01,3.292863845569506953e-01,3.049108539255552253e-01,2.165869788641136828e-01,5.166003842888422515e-01,5.217123195853254902e-01,-4.527905625809910961e-02,3.720675633406318461e-01,4.929174672684212832e-01,5.773805800080432649e-01,4.217659412842396649e-01,3.109701059028553427e-01,1.618034764734795905e-01,2.859332409848518441e-01,3.083560480807900350e-01,1.039322579203717789e-01,2.779302024219134082e-01,2.532329415970329123e-01,7.206041378077662207e-01,6.545109254211537442e-01,2.789534831761919520e-01,-5.809017382367397814e-03,-2.960632736047187352e-01,-3.131954064077930311e-01,-2.219223379060726586e-01,-6.267482908083471527e-02,-1.614281245810804677e-01,-3.150900397694266775e-01,-3.640689932526028905e-01,2.857366280888332666e-01,-4.184503329013807837e-01,-2.448322087671477854e-01,-6.976183028732294011e-02,-2.349836900665802641e-01,8.306001161803476529e-02,-6.077572724429152612e-02,2.337459225166450827e-02,-1.215335805889449922e-01,-6.035345636534250602e-01,-2.631663613208811703e-01,-3.261584521202913201e-01,-2.484159256445775121e-01,4.268331918316278784e-01,4.253988113856740916e-01,2.635953349121944803e-02,-2.019661289601858978e-01,5.769739487912775022e-01,2.131194423343313049e-01,5.391483086822467241e-01,2.988560704231645881e-01,2.902363823227132600e-01,8.780553197193798065e-02,2.356450243531882649e-01,1.995442155592296318e-01,2.479243934045310405e-01,2.159524554269627861e-01,-2.398900755172259647e-01,6.384110103221769805e-02,5.517225970776173938e-01,4.947271996067741928e-01,2.905223647169221102e-01,3.997944501541623730e-01,8.669288171946915034e-02,3.927521336967693122e-01,8.827919031234639224e-02,-9.178247464140489031e-02,-2.938469100496000561e-02,3.816077572724429351e-02,-1.307609812770901270e-01,-2.605478350239063268e-01,1.860807006568657995e-01,3.717771124715135017e-02,2.146208499039277753e-02,9.248402520219849154e-02,-1.978417266187050272e-01,-4.572679744403235214e-01,-6.902631931721703307e-01,-5.899682738281424310e-01,-6.799588900308324302e-01,-4.383841994727199487e-01,1.511685061888377521e-02,-1.764287948523169114e-01,-2.942133249921801696e-01,-1.569373072970195182e-01,-4.249832432190893128e-01,-4.576299209079940922e-01,-6.087224630233700751e-01,-1.622816032887975379e-01,-5.463514902363822978e-01,-4.663434469815451733e-01,-3.712230215827337920e-01,-3.134903257518208974e-01,-1.054560078645158383e-01,-1.700701550560793640e-01,2.990928995933687662e-01,9.183609634031904279e-02,6.798784574824612292e-02,-3.734170427633048961e-01,-3.041065284418427717e-01,2.550158630859287665e-02,5.573975602126993861e-02,-3.613879083068948783e-01
5.835113275838955671e-01,6.054470709146968499e-01,4.258277849769873669e-01,3.565708923544394504e-01,2.705125340721211691e-01,-1.834219580857053555e-01,5.059788194289288610e-01,5.341748961079583191e-01,3.431744045757182948e-01,2.502211895080209136e-01,6.711649314089100926e-01,0.000000000000000000e+00,6.761651548326556016e-01,7.266857321596139618e-01,2.889494615487733786e-01,2.460074176683497982e-01,8.520041109969167525e-02,-1.150230126457839896e-01,6.008356048080789602e-01,5.835828231824478074e-01,-3.709995978372581660e-01,2.187318468206801148e-01,3.923544394298226212e-01,4.777827427498994584e-01,-2.771348138880200263e-02,-2.511282899146521225e-02,6.967692926404217557e-02,4.720496894409938193e-02,-5.282184190535769985e-02,-2.071942446043165409e-01,3.038562938469100555e-02,-1.208275615532418759e-02,5.612270432101523765e-01,5.337950757406497715e-01,1.800080432548371301e-01,1.604182492515304412e-02,-4.908843111845926921e-01,-5.655704008221993373e-01,-4.854729880691719957e-01,-2.182984047544573036e-01,-4.872380356584297689e-01,-4.759372626122704286e-01,-2.331113990794941582e-01,3.795880066133428543e-01,-4.295142767773358905e-01,-2.242727557084767120e-02,1.730148800214486859e-01,-1.915635193708387432e-02,3.624514053353590226e-01,3.987041422762411247e-01,4.150587604450601265e-01,3.472854014924706134e-01,-2.658429777916797021e-01,5.478797086554358653e-02,-2.551052325841190321e-02,6.999865945752714591e-02,4.084409491040708051e-01,3.993565396130300815e-01,4.155592296349255865e-01,2.796282228875284770e-01,5.835023906340766064e-01,1.653648509763617769e-01,4.786719692568926487e-01,-5.372894231198891563e-02,-1.055319719379775728e-01,-9.741722150230126831e-02,2.928459716698690873e-01,4.212878144689217730e-01,4.384288842218150850e-01,2.434425130702891071e-01,-2.679565664238795497e-01,3.410786898431565628e-02,4.824657044550694773e-01,5.140533535904195928e-01,2.493006836766611667e-01,4.092542115376022194e-01,3.325975244649001517e-01,4.059877563787479549e-01,7.029804727646454809e-02,-2.423745475669153993e-01,-3.694624424683855546e-01,-3.621743598909691886e-01,-4.327449841369140904e-01,-6.347647347960141406e-01,-2.268376603065373753e-01,1.117342151123821431e-01,-2.340497788104919930e-01,-1.442468385540015274e-01,-2.939809642968854719e-01,-3.531435720988426730e-01,-6.417042763304884323e-01,-5.935251798561150816e-01,-5.229679610348988428e-01,-4.694579739934760521e-01,-2.257920371777112356e-01,-2.572903168148710784e-01,-3.939630903972474174e-01,-1.781893739666651766e-01,-4.452745877831896237e-01,-5.926538272487600345e-01,-5.626658921310156991e-01,-2.742213682470173164e-01,-5.116537825640109505e-01,-5.327226417623665000e-01,-2.162786540953572645e-01,-3.176102596183922322e-01,-1.627686670539345015e-01,-2.832476875642343517e-01,2.346708968229143377e-01,-9.295768354260690314e-02,1.919388712632378591e-01,-3.516868492783413180e-01,-2.143929576835426065e-01,2.134143616783591713e-01,3.964877787211224663e-02,-4.471245363957281338e-01
6.303454131105054037e-01,4.737923946557039967e-01,5.835783547075382716e-01,2.211403547969078287e-01,4.864471155994459228e-01,-3.595781759685419410e-02,6.520085794718262218e-01,2.955896152643102681e-01,5.790964743732963660e-01,1.809732338352920133e-01,8.692032709236338084e-01,6.761651548326556016e-01,0.000000000000000000e+00,7.219983019795344070e-01,4.522051923678448437e-01,3.966307699182269331e-01,1.807229992403592556e-01,8.615666473032754236e-02,6.350194378658563510e-01,5.944769650118414406e-01,-1.664775012288305933e-01,3.218597792573394956e-01,6.052683319183163047e-01,6.060681889271192224e-01,4.699092899593368955e-01,3.382992984494392341e-01,2.691317753250815348e-01,3.104115465391661943e-01,1.543143125251351666e-01,2.162741856204477252e-03,1.662898252826310319e-01,1.344653469770767107e-01,7.388355154385808365e-01,6.591402654274096662e-01,3.306582063541713135e-01,4.599848071853076398e-02,-3.880691719915992932e-01,-3.971893292819160814e-01,-2.956343000134054044e-01,-1.537289423119889142e-01,-2.816569104964475878e-01,-3.699807855578891025e-01,-4.130970999597837201e-01,2.268957504803610636e-01,-5.042405826891281917e-01,-3.076142812458108056e-01,-2.707002100183207582e-02,-2.163903659680950775e-01,9.814558291255194578e-02,-6.327360471870950055e-03,7.483354930962062002e-02,-3.267795701327137065e-02,-5.885026140578221154e-01,-2.665892131015684119e-01,-3.339291299879351138e-01,-1.812681531793199075e-01,4.813843335269672452e-01,4.158228696545868686e-01,1.753429554493051434e-01,-1.481969703740113609e-01,6.322445149470485859e-01,1.346172751240001797e-01,4.672058626390812597e-01,9.974082845524821772e-02,3.751240001787389811e-01,9.551811966575807222e-02,3.435631618928459696e-01,2.608114750435676088e-01,4.435452879932079151e-01,3.459493274945261154e-01,-2.772509942356673474e-01,1.224674918450332911e-01,4.603690960275257926e-01,4.610125564144957333e-01,2.069350730595647669e-01,2.980964296885473264e-01,2.068144242370079100e-01,4.604450601009875133e-01,1.011975512757495865e-01,-8.311810179185843972e-02,-1.224004647213905866e-01,-1.055632512623441571e-01,-2.367710800303856333e-01,-3.987532955002457413e-01,3.648062916126725702e-02,1.298851601948255163e-01,-1.102283390678761299e-01,5.889449930738638664e-03,-3.341704276330488277e-01,-4.121274409044193288e-01,-7.360918718441396003e-01,-5.225300504937664403e-01,-6.706242459448590321e-01,-4.057241163590866173e-01,-1.125072612717279569e-01,-2.215157066893069515e-01,-3.020599669332856840e-01,-2.034183833057777446e-01,-4.131954064077930089e-01,-4.926136109745744007e-01,-6.965458688949461852e-01,-1.636400196612896041e-01,-6.147236248268466152e-01,-4.601456722820501111e-01,-2.199740828455248320e-01,-2.581437955225881486e-01,-9.990169355199070289e-02,-3.160016086509674360e-01,2.724071674337548710e-01,8.217078511104160266e-02,1.098797980249340833e-01,-3.450064792886187726e-01,-3.467625899280575297e-01,1.000983064480092943e-01,1.030117520890120181e-01,-3.192144421109075481e-01
