1.000000000000000000e+00,7.096787166540059477e-01,8.260422717726439990e-02,4.097680861521962314e-01,2.102506814424237036e-01,3.886500737298360098e-01,-1.708119218910585935e-01,-1.758255507395325989e-01,-4.210643907234461192e-02,-4.575718307341704316e-02,4.271147057509271927e-01,2.988739443228026205e-01,1.237231332946065465e-01,-1.125832253451896914e-01,7.686223691853970308e-02,-2.307520443272710955e-02,3.719066982438893332e-01,1.535323294159703367e-01,6.430939720273470828e-01,6.221725725010054386e-01,4.729880691719916264e-02,5.171723490772599519e-01,-3.668394476965011752e-01,-2.317306403324545239e-01,-1.105053845122659639e-02,-4.747307743867017898e-02,3.988560704231645659e-01,3.693686044952857461e-01,-4.670449975423388023e-02,7.263505965414003562e-02,-6.967246078913266749e-02,-3.449662630144331721e-03,-1.387550828902095745e-01,-5.014075695964967383e-02,-3.275347423924214740e-01,-3.131998748827025114e-01,-1.296036462755261742e-01,-6.619151883462173758e-02,-1.626212073819205406e-01,-1.040529067429286358e-01,3.652486706287144114e-01,1.184190535770141689e-01,-4.578578131283793096e-01,-3.650252468832387298e-01,-2.840520130479467498e-01,-3.032217704097591726e-01,-3.412887081639036646e-01,-4.853612761964341549e-01,-1.993654765628490866e-01,-1.971759238571875461e-01,-2.536663836632557234e-01,-3.008758210822646273e-01,-2.177577192904061876e-01,-3.821841905357701297e-01,-1.004691898654989091e-01,-7.832789668886008805e-02,7.425532865632960000e-01,7.247106662496090035e-01,4.153492113141784570e-01,4.668215737968631207e-02,2.490593860315474251e-01,-1.001474596720139387e-01,4.618794405469413555e-01,-6.980204656150855447e-02,-6.957862281603288679e-02,-1.546807274677152733e-01,2.257920371777112634e-02,2.517538764019840170e-02,5.739890075517225521e-01,5.465972563564055475e-01,3.307609812770901381e-01,3.059877563787479215e-01,2.701773984539077023e-01,4.628356941775771949e-01,-4.455069484784843215e-02,-1.643951919209973508e-02,-4.908619688100451101e-02,-1.027302381697126760e-01,6.078019571920103420e-02,-7.538764019840028807e-02,1.968854729880691601e-01,1.719201036686179018e-01,-1.072433978283211841e-03,8.497698735421600758e-02,1.081236873854953262e-01,-5.248670628714419834e-02,5.115510076410920842e-02,1.040260958934715631e-02,-4.799142052817373383e-02,-5.943071629652799809e-03,-5.361946467670584138e-01,-5.711828053085481471e-01,-4.414361678359176033e-01,-3.779659502211895061e-01,1.658965994905938490e-01,2.095982841056347468e-01,3.609276553912149632e-01,3.012467044997542143e-01,-2.396398409222932346e-01,-1.657133920193038235e-01,1.072880825774163299e-02,1.466240672058626293e-01,3.639572813798650636e-02,4.158362750793154206e-02,-2.725590955806783122e-01,-3.479824835783547066e-01,1.160328879753340231e-01,1.493766477501228818e-01,1.745118191161356691e-01,1.948210375798739846e-01,-3.524733008624156283e-02,-1.553241878546851862e-01,-3.950310559006210975e-01,-1.495151704723178022e-02,-3.596586085169131697e-01,-2.314580633629742257e-01
7.096787166540059477e-01,1.000000000000000000e+00,-1.221100138522722145e-01,2.984360337816703290e-01,1.932302605120872208e-01,5.970999597837257644e-01,-5.065463157424371365e-01,-4.244291523303096447e-01,-1.980249340899950805e-01,-2.885785781312837917e-01,2.901738236739800914e-01,7.182626569551811557e-02,-1.889494615487734008e-01,-1.522990303409446355e-01,5.567272889762724108e-02,1.765941284239689116e-02,5.278073193619017278e-01,4.108047723312033828e-01,6.411635908664372607e-01,6.586397962375440951e-01,1.153313374145404149e-02,2.488851155100764156e-01,-4.508691183699003457e-01,-2.822959024085079927e-01,6.780463827695606960e-02,7.630367755485052694e-02,3.393762009026319304e-01,3.192770007596407167e-01,1.264444345145002147e-01,1.828365878725591032e-01,-1.234639617498547830e-02,5.096742481790964702e-02,-2.015460923186916387e-01,-1.469279234997095396e-01,-3.354037267080745566e-01,-3.477054381339648725e-01,-3.033647616068635769e-02,2.757049019169757493e-03,-1.873542160060771289e-01,-1.422583672192680726e-01,2.820546047633942788e-01,1.684525671388355239e-01,-2.727825193261539938e-01,-2.887081639036596648e-01,-2.173734304481880208e-01,-1.852316904240582651e-01,-1.477009696590553534e-01,-2.527190669824389002e-01,-1.490727914562759715e-01,-1.581169846731310669e-01,-1.676080253809374976e-01,-2.293310693060458538e-01,-6.879217123195853489e-02,-3.077974887171008311e-01,-1.009785960051834269e-01,-5.131149738594217857e-02,9.477903391572456426e-01,8.847535636087403565e-01,1.246704499754233836e-01,-2.254390276598596810e-01,-1.131283792841503155e-01,-4.036105277268868252e-01,4.346217435989097044e-01,-9.869520532642209187e-02,-3.392466151302560295e-02,-2.854104294204388159e-01,-5.033736985566825833e-02,-5.248670628714419834e-02,7.209035256267035674e-01,6.223200321730193441e-01,3.048080790026364006e-01,1.397738951695786103e-01,1.833728048617007111e-01,4.062826757227758212e-01,-2.446445328209482240e-01,-1.173913043478260892e-01,-1.648733187363153052e-01,-1.963447875240180440e-01,2.236248268465972633e-01,6.347915456454711336e-02,4.586621386120917077e-01,5.063720452209661271e-01,1.030430314133786163e-01,3.043031413378614047e-01,1.709951293623486190e-01,-9.997318915054291544e-02,-1.111130970999597845e-01,-6.984226283569418270e-02,-3.156217882836587774e-01,-1.969971848608070009e-01,-5.134635149023638601e-01,-5.811385674069440288e-01,-5.633495687921712403e-01,-5.372179275213370131e-01,1.978417266187050272e-01,1.886411367800169825e-01,4.482416551231064861e-01,4.041244023414808373e-01,-1.455516332275794134e-01,-7.761740917824747066e-02,-3.804459537959694465e-02,8.342195808570534998e-02,9.859689887841280309e-02,1.725635640555878147e-01,-1.860002681084945708e-01,-2.574869297108896560e-01,1.776040037535189242e-01,6.268376603065373143e-02,-2.063541713213280435e-02,1.179230528620581718e-02,-5.231690424058269007e-02,-1.643951919209973578e-01,-4.008356048080790046e-01,1.103802672147995850e-01,-3.345502480003574863e-01,-4.583761562178828575e-02
8.260422717726439990e-02,-1.221100138522722145e-01,1.000000000000000000e+00,4.651727065552526685e-01,3.392689575048036255e-01,9.537065999374413905e-02,7.234550248000357620e-01,2.326243353143572223e-01,5.000312793243666398e-01,6.073997944501541291e-02,5.095401939318110890e-02,2.253139103623933159e-01,4.304169087090575774e-01,-1.363242325394342924e-01,1.658116984673131122e-01,8.976719245721435925e-02,-4.293489432056838973e-01,-4.292461682827650726e-01,2.295857723758881197e-01,2.674829080834711242e-02,-2.380177845301398587e-01,5.272800393225791915e-02,6.857813128379284251e-01,6.909915545824210081e-01,5.146074444791992608e-01,2.859198355601233477e-01,3.367621430805666227e-01,-1.557710353456365389e-02,-3.594173108717994558e-01,-3.564949282809777298e-01,1.994593145359488673e-01,9.159479869520532891e-02,5.293221323562268266e-01,2.225300504937664792e-01,6.439608561597927050e-01,4.942088565172706449e-01,-1.613030072836141027e-01,-2.287367621430805575e-01,-3.172259707761740932e-01,-2.563876848831493915e-01,-8.338621028642924371e-02,-4.201304794673577647e-01,-2.998793511774431320e-01,-1.106707180839179572e-01,-2.765941284239689102e-01,-3.956700478126815579e-01,-1.667322042986728592e-01,-1.712587693820099288e-01,-4.360382501452254589e-01,-3.753787032485812469e-01,-3.808168372134590474e-01,-3.878234058715760435e-01,-5.248536574467134175e-01,-3.076187497207203414e-01,-2.675544036820233229e-01,-2.156083828589302476e-01,-1.009964699048214870e-01,-1.550828902095714723e-01,-4.461325349658161465e-02,-5.732159613923767938e-02,3.305152151570668884e-01,1.781268153179319802e-01,-1.154162384378211725e-01,-2.069350730595647878e-02,5.407033379507574233e-01,2.733321417400241260e-01,3.215782653380401257e-01,4.352294561866035250e-02,1.376379641628312223e-01,1.483712408954823703e-01,3.858259975870235725e-01,3.493364314759372369e-01,1.838509316770186308e-01,3.586978864113677945e-01,1.826801912507261261e-01,3.496447562446937107e-01,5.723624826846597236e-01,3.404933196300102827e-01,-2.827159390500022518e-01,3.537691585861745674e-02,-3.961928593770945861e-01,-3.941462978685374430e-01,-3.886277313552884416e-01,-4.365655301845480230e-01,4.443451450020108329e-02,-2.429197015058760512e-01,2.387059296662049149e-02,-2.485857276911390135e-01,-1.185218284999329796e-01,4.010456231288261203e-02,-4.562312882613163770e-03,2.489834219580857044e-01,5.581125161982215810e-02,3.281022387059296386e-01,-8.348004825952902441e-02,-6.529782385271906686e-02,-1.038518253720005363e-01,-1.479914205281737394e-01,6.550337369855668834e-02,3.145448858304660811e-01,-1.520845435452879979e-01,1.594351847714375187e-02,1.863488091514366174e-01,1.271504535502033240e-01,4.681621162697171407e-02,1.961526431029089745e-01,2.015371553688725947e-01,3.168684927834130027e-01,-2.603780329773448463e-02,6.191071987130792459e-02,2.586576701371821607e-01,-8.954823718664819271e-03,-7.811787836811295849e-02,-7.502122525582019530e-02,3.383841994727199709e-01,-7.386389025425621827e-03
4.097680861521962314e-01,2.984360337816703290e-01,4.651727065552526685e-01,1.000000000000000000e+00,3.306716117788998655e-01,3.881808838643370785e-01,2.586487331873631446e-01,3.638813173064033291e-01,2.599401224362125062e-01,1.388802001876759430e-02,1.624737477099066213e-02,4.032753921086733029e-01,3.419277000759640694e-02,1.460297600428973538e-02,-4.510478573662808632e-02,9.407480226998525541e-02,-1.482774029223825896e-01,-9.671567094150766708e-02,4.381116225032396505e-01,5.505161088520488244e-01,-2.913579695250010926e-01,1.594619956208945810e-01,1.364448813619911494e-01,3.916082041199338559e-01,2.535010500916037302e-01,2.274096250949551035e-01,2.138165244202153703e-01,1.110684123508646481e-01,-3.119040171589436694e-01,-2.492113141784708941e-01,1.615711157781848928e-01,1.437955225881406562e-01,4.114929174672684042e-01,3.264086867152241056e-01,1.987979802493408943e-01,1.299789981679252970e-01,-2.970105902855355584e-01,-2.933598462844630994e-01,-9.847178158094642419e-02,-8.896286697350194728e-02,-9.081728406094999317e-02,-1.990169355199070678e-01,-2.636802359354752379e-01,-1.138299298449439168e-01,-2.541176996291165668e-01,-3.077840832923723347e-01,-3.367666115554761030e-01,-3.503597122302158362e-01,-2.563474686089637355e-01,-2.861209169310514056e-01,-3.036328701014343601e-01,-3.437419008892265149e-01,-2.756110639438759669e-01,-2.979132222172572453e-01,-2.383261092988962770e-01,-3.041199338665713237e-01,2.821841905357701519e-01,4.336208052191786733e-01,1.648867241610438295e-03,-7.382367398007060044e-02,2.515572635059654116e-01,2.304079717592385779e-01,2.624469368604495090e-01,1.981813307118280576e-01,1.147325617766656175e-01,1.294919344027883334e-01,2.171231958532552839e-02,5.661557710353456313e-02,3.067116493140891187e-01,2.459627329192546619e-01,4.094061396845256606e-01,2.184413959515617287e-01,2.907904732114929280e-01,3.870414227624112136e-01,1.314312525135171439e-01,1.670226551677912452e-01,2.432459001742705296e-01,1.653871933509093450e-01,-2.735734393851378399e-01,-2.103445194155234843e-01,-2.223245006479288577e-01,-1.597390410652844150e-01,-3.463783010858393907e-01,-1.413333929129987898e-01,-1.212788775191027263e-01,-5.592743196746950002e-02,4.261137673711962170e-02,-1.459225166450690281e-01,-1.836990035300951896e-02,1.780240403950131972e-02,-2.069529469592028270e-01,-2.966709861924125557e-01,-7.379239465570400225e-02,-1.689798471781580880e-01,-8.154966709861924401e-02,1.849501765047589091e-02,5.475669154117699527e-02,1.531748514232092462e-01,-8.367666115554761586e-02,-1.706287144197685401e-01,-4.183833057777380793e-02,-1.047723312033602971e-01,2.177845301398632638e-01,-7.641538942758836772e-02,1.180124223602484548e-02,-1.321640823986773294e-01,1.624648107600875913e-01,2.720005362169891638e-01,1.576031100585370270e-01,5.700880289557173908e-02,4.458197417221502340e-02,-3.057866750078198081e-01,-4.106841235086465258e-01,-8.537915009607220662e-02,-5.525716073104249698e-02,-1.705750927208543599e-01
2.102506814424237036e-01,1.932302605120872208e-01,3.392689575048036255e-01,3.306716117788998655e-01,1.000000000000000000e+00,5.030385629384690471e-01,6.090531301666741310e-02,-9.773448322087671669e-02,3.938558469994191125e-01,2.023772286518611338e-02,6.805934134679833547e-02,-4.154787970865543578e-02,6.073551097010590483e-02,-1.325573081907145123e-01,3.813888020018767477e-01,2.022342374547566879e-01,1.055989990616202634e-01,1.745520353903212696e-01,2.399213548415925767e-01,1.276643281647973638e-01,-7.511506322891997600e-02,1.186603512221278828e-01,1.156083828589302420e-01,1.831359756914965053e-01,3.455829125519460088e-01,4.313240091156888001e-01,6.461727512400018414e-01,4.832476875642343073e-01,1.755887215693283931e-01,1.920818624603422842e-01,1.996201796326913525e-01,2.123732070244425674e-01,4.171321328030742903e-02,-9.054470709146968110e-02,1.617766656240225143e-01,1.063362974216899709e-01,-9.338665713392019230e-02,-7.565574869297109206e-02,-6.710755619107199033e-02,-1.230260512087224672e-01,-5.417578980294025792e-02,-1.517181286027078913e-01,-2.805219178694311477e-01,-2.270700210018320730e-01,-3.063765136958755964e-01,-2.525492649358773711e-01,-3.540685464051119280e-01,-2.187899369945037753e-01,-3.139014254434961404e-01,-2.677644220027704525e-01,-4.067876133875508171e-01,-4.101479065195048901e-01,-2.696501184145850827e-01,-3.371106841235086415e-01,-9.260020554984584040e-02,-1.678001698020465671e-01,2.183967112024665924e-01,1.650073729836006864e-01,-5.089592921935743447e-02,-1.615800527280039367e-01,6.416729970061217647e-02,5.145002010813709559e-02,1.213816524420215370e-01,8.863666830510746886e-02,1.718709504446132574e-01,-5.312122972429509510e-02,-1.169846731310603648e-02,4.585995799633585390e-02,3.280977702310201582e-01,4.524643639125966454e-01,3.743911702935788233e-01,3.618392242727557218e-01,6.555252692256133273e-02,2.624022521113543727e-01,1.727512400017873831e-02,-1.290942401358416425e-02,9.990169355199070289e-02,-1.303051968363197755e-01,1.961705170025470346e-01,1.363823227132579530e-01,7.453416149068323171e-02,9.789534831761920186e-02,-3.429643862549711653e-01,-1.796818445864426517e-01,-9.815898833728048389e-02,-4.187050359712229941e-01,-1.603065373787926073e-01,-1.246257652263282542e-02,-1.338486974395638740e-01,-2.049868179990169403e-01,-1.740873139997319019e-01,-1.507663434469815322e-01,-8.857857813128379443e-02,-2.824969837794361061e-01,2.751329371285580194e-01,4.171946914518074867e-01,1.990258724697260839e-01,2.708878859645202919e-01,-4.720050046918986691e-02,1.167925287099512988e-01,2.927387282720407269e-01,5.556548549979891533e-02,2.510210465168238314e-01,1.729478528978059815e-01,1.619911524196791519e-01,1.537244738370794062e-01,1.531391036239331538e-01,4.666338978506635593e-01,3.002815139192993588e-02,-1.057196478841771342e-01,-1.229277447607131715e-02,-1.421421868716207099e-02,-2.674873765583806184e-01,5.460923186916305516e-02,1.431744045757183115e-01,1.688726037803297830e-01
3.886500737298360098e-01,5.970999597837257644e-01,9.537065999374413905e-02,3.881808838643370785e-01,5.030385629384690471e-01,1.000000000000000000e+00,-2.819518298404754542e-01,-2.296930157737164246e-01,1.564993967558872268e-01,-1.901470128245229818e-01,9.173332141740024592e-02,-1.000938379730997863e-02,-6.794762947406050857e-02,-2.243353143572098807e-01,6.513249028106707361e-02,8.242101970597434657e-02,1.343312927297913295e-01,1.492872782519326091e-01,2.824254881808838658e-01,3.384646320210912274e-01,-1.869654586889494541e-01,2.407927074489476793e-01,-1.631708297957907006e-01,9.254658385093167405e-02,3.335493096206264552e-01,4.011305241521068710e-01,4.561240448634880651e-01,3.939005317485142488e-01,-9.864605210241744748e-02,-6.014567228205013744e-02,2.665177175030162271e-01,3.138746145940390364e-01,8.906117342151123606e-02,3.467089682291434050e-02,3.699450377586129685e-02,5.492202511282898852e-02,2.514857679074131852e-02,7.524911747620537106e-03,-1.914026542740962511e-01,-2.315563698109835145e-01,9.469592028240761405e-02,-9.440546941328924191e-02,-1.934447473077438584e-01,-1.573618124134232854e-01,-2.169757361812413299e-01,-1.446490012958577265e-01,-1.731534027436436030e-01,-9.018722909870860449e-02,-2.407882389740381712e-01,-2.580097412753027397e-01,-2.644666875195496036e-01,-4.445641002725769786e-01,-1.244872425041333441e-01,-3.853746816211626736e-01,-1.192144421109075508e-01,-1.508467759953527887e-01,5.502390634076589349e-01,5.671745833147147087e-01,9.712677063318289616e-02,-1.379730997810447168e-01,1.392734259797131224e-01,-5.129362348630412544e-02,2.098708610751150727e-01,5.657536082934894184e-02,1.464632021091201441e-01,-8.527190669824388780e-02,4.578846239778363442e-02,2.026364001966128869e-01,5.303632870101434582e-01,5.698735421600608086e-01,5.375798739890075284e-01,2.482818713972921032e-01,5.514098038339514812e-02,4.560436123151168641e-01,-1.464453282094821118e-01,-1.084230752044327284e-01,5.372447383707940755e-02,-5.219178694311631291e-03,3.610974574377764923e-02,-9.441887483801777656e-03,1.732204298672863074e-01,2.486080700656865816e-01,-1.893605612404486438e-01,-3.853165914473390130e-02,2.214576165154832563e-02,-2.399973189150542974e-01,-1.965056526207605292e-01,-1.987577639751552869e-02,-9.762277134813887591e-02,-1.696635238393136291e-01,-3.412574288395370803e-01,-4.521247598194735873e-01,-2.795701327137047887e-01,-4.646945797399347766e-01,2.155681665847446193e-01,2.209571473256177754e-01,3.518253720005362073e-01,3.314759372626122635e-01,-3.967558872156932981e-02,-6.452477769337325308e-02,4.205281737343044557e-02,1.206935073059564774e-02,2.449260467402475661e-01,1.797846195093614485e-01,-6.674114124849188368e-02,-2.375262522900933870e-01,3.393315161535367941e-01,3.713079226060145843e-01,-1.048304213771839716e-02,6.109745743777648952e-02,3.879083068948567525e-02,-1.070110371330264959e-01,-3.904642745430984552e-01,-1.157379686313061290e-01,-2.334599401224362047e-01,7.626346128066491259e-02
-1.708119218910585935e-01,-5.065463157424371365e-01,7.234550248000357620e-01,2.586487331873631446e-01,6.090531301666741310e-02,-2.819518298404754542e-01,1.000000000000000000e+00,4.758836409133562761e-01,4.492247196031994294e-01,1.925510523258411877e-01,-3.478260869565217434e-02,1.591760132266857308e-01,5.023504178024040812e-01,1.085973457259037517e-01,1.093927342597971336e-01,9.274766522185977358e-02,-5.971312391080924042e-01,-5.176460074176683079e-01,-6.843469323919745828e-02,-1.907145091380312019e-01,-2.669511595692390382e-01,-1.124312971982662362e-01,6.156843469323919349e-01,4.970284641851736018e-01,1.008445417578980319e-01,-2.005898386880557507e-02,1.563072523347781503e-02,-1.945663345100317188e-01,-3.080030385629384804e-01,-3.108047723312033495e-01,-6.066401537155368534e-02,-1.475222306626748359e-01,4.244246838554001644e-01,1.777738058000804255e-01,5.057777380580008586e-01,3.990303409446355754e-01,-3.784083292372313334e-01,-3.930649269404352109e-01,-2.177264399660396033e-01,-1.243308458823003670e-01,-3.344161937530720774e-01,-3.681442423700790889e-01,5.628044148532106161e-02,2.250860181420081263e-01,1.221770409759149190e-01,-2.531391036239331524e-02,-4.597613834398319582e-02,-1.188346217435989061e-01,2.748112069350730491e-02,4.932749452611823876e-02,2.640868671522409502e-03,7.567809106751866022e-02,-1.440993788819875665e-01,1.171991599267170059e-01,-1.684257562893784477e-01,-1.268778765807229980e-01,-4.393002368291701876e-01,-4.539970508065597210e-01,-6.573126591894186757e-03,6.904687430180080077e-02,3.237633495687921581e-01,3.035524375530631591e-01,-1.197595960498681750e-01,1.375709370391885178e-01,3.360516555699539776e-01,2.287859153670852019e-01,3.110013852272219270e-01,9.518298404754457764e-02,-3.106439072344608920e-01,-2.330845882300370819e-01,-2.139058939184056499e-02,8.411457169667992118e-02,1.296706733991688509e-01,-1.475043567630367723e-02,3.803431788730506358e-01,3.809687653603824886e-01,3.626614236561061522e-01,2.548862773135529003e-01,-3.898386880557665468e-01,-1.374949729657267902e-02,-5.540238616560168028e-01,-4.877072255239287002e-01,-3.689932526028866233e-01,-4.922069797578086381e-01,-1.703829482997452904e-02,7.778721122480897199e-02,8.484740158184012060e-02,-1.216140131373162347e-01,-9.138031189954869127e-03,1.518298404754457320e-01,6.941775771929040162e-02,3.914160596988248142e-01,3.695562804414853075e-01,5.566736672773582306e-01,-2.807855578890924297e-01,-2.842307520443272950e-01,-4.357790786004736572e-01,-4.277402922382591011e-01,4.420662227981590059e-02,1.269091559050895823e-01,-5.792930872693149991e-02,-3.741007194244604095e-02,-7.957906966352383538e-02,-1.199517404709772583e-01,-3.904553375932794113e-02,8.718441395951562201e-02,-8.372581437955226025e-02,8.048617007015505809e-02,4.263371911166718986e-02,-3.525626703606059287e-03,2.192591268600026788e-01,5.844765181643504955e-03,1.254479646096787193e-01,-1.359890969212207978e-01,4.687340810581348549e-01,-6.198221546986013714e-02
-1.758255507395325989e-01,-4.244291523303096447e-01,2.326243353143572223e-01,3.638813173064033291e-01,-9.773448322087671669e-02,-2.296930157737164246e-01,4.758836409133562761e-01,1.000000000000000000e+00,3.427096831851288994e-01,4.519817686223691622e-01,-1.217570043344206598e-01,3.973948791277536752e-01,1.417176817552169565e-01,4.528352473300862324e-01,-2.060100987532955119e-01,3.737432414316993468e-02,-3.179141159122391702e-01,-2.062960811475043621e-01,-2.541311050538451188e-01,-1.462442468385539984e-01,-2.515483265561463955e-01,-5.628044148532106161e-02,2.455292908530318507e-01,2.988962866973501886e-01,-1.137003440725680298e-01,-4.734349166629429201e-02,-2.974082845524822494e-01,-3.498637115152598565e-01,-2.268689396309039596e-01,-2.590419589794003552e-01,-9.672460789132669712e-02,-7.061084052013047452e-02,4.004870637651369858e-01,4.683989454399213326e-01,3.133294606550784400e-01,4.826265695518119903e-01,-4.837615621788283748e-01,-5.278609410608159358e-01,-1.493900531748514338e-01,-8.614772778050851232e-02,-4.266008311363331806e-01,-3.983779436078466185e-01,1.711783368336386724e-01,3.795209794897001498e-01,2.516153536797890999e-01,1.630278385986862755e-01,-6.881451360650609438e-04,-7.189329281916082004e-02,2.493453684257563030e-01,1.947629474060503241e-01,1.076768398945439908e-01,1.419500424505116265e-01,7.583001921444210668e-03,1.873139997318915007e-01,-1.927923499709549016e-01,-2.890790473211493072e-01,-3.565172706555252424e-01,-3.371732427722418102e-01,-4.124402341480852378e-03,2.799722954555610155e-01,2.535725456901559705e-01,6.624156575360828914e-01,-3.303096653112292530e-02,4.614862147549041449e-01,-2.491174762053710925e-02,3.199964252200723780e-01,1.370347200500469098e-01,3.033513561821350457e-01,-4.765405067250547133e-01,-4.371285580231467072e-01,-2.240538004379105386e-01,-1.013405424728540116e-01,8.582599758702354198e-02,-1.320881183252156088e-01,3.457571830734170182e-01,3.568613432235577809e-01,2.602126994056928599e-01,3.224943026944903646e-01,-2.794762947406050357e-01,-3.560033960409312442e-02,-4.938290361499620418e-01,-4.542875016756781070e-01,-4.074623530988873421e-01,-3.826757227758166291e-01,-2.865722328969123045e-01,2.021403994816569072e-01,3.178426203136869299e-02,-1.902319138478037464e-01,1.768354260690826185e-01,6.881898208141561113e-02,1.023057330533089088e-01,8.718888243442513009e-02,4.727288976272397969e-01,1.990884311184592803e-01,-3.451494704857231977e-01,-2.918271593905000239e-01,-4.222574735242861643e-01,-4.293623486304124492e-01,3.913937173242772183e-02,-2.033156083828589200e-01,1.173108717994548467e-01,-1.685553420617543208e-01,-1.147727780508512457e-01,-3.200992001429912026e-01,-3.176191965682112484e-02,9.911077349300682904e-03,-1.817954332186424715e-01,-8.841324455963180118e-02,1.808659904374636807e-01,1.270566155771035433e-01,1.406854640511193411e-01,-5.426962777604003862e-02,4.925153045265651119e-02,-2.544260243978729852e-01,2.793243665936815945e-01,-2.287322936681710495e-01
-4.210643907234461192e-02,-1.980249340899950805e-01,5.000312793243666398e-01,2.599401224362125062e-01,3.938558469994191125e-01,1.564993967558872268e-01,4.492247196031994294e-01,3.427096831851288994e-01,1.000000000000000000e+00,4.614147191563519601e-01,-1.950221189508020980e-01,-1.157335001563966192e-03,1.262120738192055169e-01,1.592430403503284353e-01,3.815854148978953253e-01,3.611823584610572291e-01,-3.911926359533491326e-01,-2.934536842575629079e-01,-2.310112158720228903e-01,-2.580097412753027397e-01,-2.038205460476339437e-01,3.951025514991733656e-02,4.451271281111756628e-01,4.542249430269448829e-01,3.326734885383618723e-01,4.181062603333482453e-01,2.304615934581527303e-01,2.183699003530095162e-01,-6.936860449528575723e-02,-4.824165512310648468e-02,-1.010322177040975933e-02,-6.702712364270074601e-03,3.061530899503999148e-01,1.651682380803431716e-01,4.136601277983824043e-01,4.134590464274542909e-01,-2.427722418338620902e-01,-4.357746101255641213e-01,-2.590464274543098355e-01,-3.364448813619911327e-01,-3.207426605299611433e-01,-2.218687162071585062e-01,-9.579963358505741433e-02,1.095848786809062031e-01,-2.421019705974350802e-02,-7.044550694847848127e-02,-1.217793467089682280e-01,-2.971178336833638634e-01,4.160596988247911021e-02,4.184726752759283103e-02,4.261584521202913672e-02,-7.900263640019661651e-03,-1.089861030430314126e-02,-7.968184458644264612e-02,-2.886053889807408956e-01,-4.973635998033871242e-01,-1.539166182581884756e-01,-2.293131954064077938e-01,-9.965592743196746706e-02,2.538987443585504281e-02,1.856115107913668960e-01,3.807453416149068071e-01,-2.547075383171723550e-01,3.913490325751820681e-02,2.912730685017203558e-01,3.911122034049778762e-01,5.491755663791947698e-03,1.723490772599311702e-02,-2.944590911122034194e-01,-1.340944635595871237e-01,1.780240403950131833e-01,1.845524822378122320e-01,1.382143974261584585e-01,1.615443049287278166e-01,8.575897046338085139e-02,-1.787389963805353316e-05,1.712498324321908849e-01,9.012467044997542198e-02,9.303364761606864111e-03,2.497296572679744420e-01,-2.242995665579337883e-01,-1.166227266633897836e-01,-3.308548192501898910e-01,-3.448411457169667793e-01,2.084543545287993044e-02,2.330756512802180727e-02,-9.317663881317306274e-02,-2.563385316591447194e-01,-1.232405380043791014e-02,-1.101255641449573192e-01,-1.866973501943786640e-01,4.124402341480852552e-02,4.712006792081862572e-01,2.223334375977479016e-01,-1.501005406854640511e-01,-1.411233745922516603e-01,-3.434022967961035122e-01,-3.075025693730729648e-01,-8.616560168014657239e-02,3.588185352339246566e-03,6.399302917914115318e-02,4.781715000670271054e-02,-8.743464855444836592e-02,-1.144644532820948274e-01,1.755261629205951968e-01,1.340184994861253753e-01,-1.390857500335135610e-01,7.025336252736941178e-02,-1.591581393270476708e-01,3.221770409759149023e-03,1.450020108137092811e-02,6.233969346262120681e-02,-1.155100764109209463e-02,-8.487868090620670491e-02,3.534474283926895555e-01,1.167255015863085943e-01
-4.575718307341704316e-02,-2.885785781312837917e-01,6.073997944501541291e-02,1.388802001876759430e-02,2.023772286518611338e-02,-1.901470128245229818e-01,1.925510523258411877e-01,4.519817686223691622e-01,4.614147191563519601e-01,1.000000000000000000e+00,7.882389740381608514e-03,1.707806425666919814e-01,-1.073774520756065956e-02,2.043567630367755517e-01,6.177666562402252259e-02,2.284150319495956150e-01,-1.768711738683587387e-01,-1.581616694222262032e-01,-2.419411055006926159e-01,-1.848161222574735141e-01,1.523213727154922037e-01,7.351088073640466014e-02,-9.454846061039366700e-02,-1.140131373162339701e-01,-2.902453192725322761e-01,-1.328790383841994827e-01,1.656061486214754908e-01,2.785334465346976929e-01,-1.324009115688815422e-02,2.553733410786898292e-02,-2.577103534563653375e-01,-2.005853702131462635e-01,8.235846105724116406e-02,2.445998480718530876e-01,3.717771124715135017e-02,1.471424102953662050e-01,-2.674784396085616023e-01,-2.729701952723535552e-01,-1.461950936145493540e-01,-1.321372715492202532e-01,-2.508289020957147342e-01,-7.200947316680816890e-02,-6.458733634210643559e-02,8.997721077796147493e-02,-4.361231511685061644e-03,-3.358505741990258642e-02,-1.476294740605031408e-01,-2.269180928549086318e-01,8.504848295276822012e-02,2.427275570847669747e-02,-1.460297600428973538e-02,5.193261539836453722e-02,-3.877742526475713714e-02,1.062156485991331244e-02,-1.434425130702891016e-01,-2.761294070333795148e-01,-2.850529514276777254e-01,-2.137539657714822017e-01,4.253541266365789414e-02,3.662808883328120269e-01,2.113141784708878756e-01,4.905134277671031051e-01,-2.013807587470396454e-01,1.773403637338576422e-01,-1.610170248894052525e-01,7.805978819428928406e-02,-5.412663657893560659e-02,-2.099736359980338557e-02,-3.869431163144018693e-01,-2.567406944010009462e-01,-1.274900576433263266e-01,8.840877608472227922e-02,6.450243531882568493e-02,-8.248357835470754296e-02,1.611823584610572457e-01,-6.519058045489074804e-02,5.463157424371062332e-02,7.596854193663703236e-02,2.284284373743241531e-02,1.137360918718441360e-01,-2.110103221770409654e-01,-2.099334197238482413e-01,-1.221457616515483208e-01,-1.607846641941105548e-01,-2.603244112784306452e-01,9.571473256177666367e-03,-2.842843737432414475e-01,-3.952812904955538831e-01,1.403547969078153615e-02,-1.035345636534250879e-01,1.137941820456678105e-01,6.983779436078466074e-02,4.313195406407793198e-01,1.732204298672863074e-01,-4.887617856025738144e-02,-1.358639796237544051e-01,-1.920550516108852079e-01,-2.086286250502703554e-01,3.216006077125876939e-01,1.026006523973367890e-01,3.913892488493677102e-01,3.041735555654854761e-01,1.203896510121095637e-01,8.257741632780732366e-02,2.091246257652263352e-01,1.553241878546851931e-02,3.392912998793511797e-02,9.756914964922472344e-02,-7.769784172661869937e-02,4.396979310961168785e-02,2.022431744045757318e-01,2.511685061888377368e-01,2.932213235622681963e-02,4.669556280441485192e-03,2.013316055230350010e-01,9.637159837347512858e-02
4.271147057509271927e-01,2.901738236739800914e-01,5.095401939318110890e-02,1.624737477099066213e-02,6.805934134679833547e-02,9.173332141740024592e-02,-3.478260869565217434e-02,-1.217570043344206598e-01,-1.950221189508020980e-01,7.882389740381608514e-03,1.000000000000000000e+00,3.513025604361231236e-01,4.026989588453460667e-01,2.515751374056034440e-01,1.391483086822467574e-01,2.546583850931677037e-02,4.464006434603869922e-01,3.754814781715000716e-01,4.822824969837794518e-01,4.559453058671075754e-01,-5.697305509629563107e-03,3.262478216184815927e-01,-2.040752491174762095e-01,-2.474820143884892132e-01,-9.300683676661156141e-02,-6.238437821171634312e-02,2.552348183564949191e-01,2.543366548996827126e-01,1.993699450377586224e-01,3.529514276777335757e-01,-8.932481344117253197e-02,-4.957772912105098267e-02,-2.291121140354796804e-01,-1.869967380133160662e-01,-2.234505563251262261e-01,-1.059520085794718319e-01,-2.363599803387103904e-01,-1.572545690155949805e-01,-4.571964788417712811e-01,-3.863175298270700164e-01,-4.352741409356986751e-02,-1.513606506099468285e-01,-2.888600920505831615e-01,-1.731355288440055429e-01,-9.130881630099646484e-02,-1.557844407703650735e-01,-1.843558693417936545e-01,-2.878636221457616662e-01,-1.170874480539791790e-01,-1.368157647794807641e-01,-2.105366638366325538e-01,-1.865052057732695945e-01,-1.998301979534384820e-01,-2.203404977881049109e-01,-1.649582197595960420e-01,-1.473613655659323507e-01,3.344295991778006294e-01,2.312078287680414679e-01,6.087850216721032992e-02,-3.887573171276643286e-02,2.091782474641404876e-01,-2.059341346798337635e-01,6.521783815183878064e-01,3.023772286518611185e-01,-3.131060369096027446e-02,-3.938022253005049600e-01,1.331605523034988248e-01,2.954555610170248731e-02,3.936413602037624471e-01,3.702354886277313684e-01,2.436212520666696524e-01,3.237544126189731419e-01,2.102328075427856435e-01,2.869699271638589955e-01,2.659189418651414227e-02,1.578131283792841566e-01,-1.711872737834577163e-02,-1.487555297377005092e-01,2.280888332812011365e-01,2.722016175879172217e-01,3.037222395996246327e-01,2.560614862147548854e-01,7.942714151660038024e-02,-7.185754501988471377e-02,9.926717011483980613e-02,-9.704186960990214550e-02,-2.096206264801823149e-01,-2.896465436346574718e-01,-1.726797444032351636e-01,-2.343581035792484113e-01,-2.105500692613611058e-01,-7.294338442289646784e-02,-3.113231154207068974e-01,-1.571383886679476316e-01,1.045444389829751075e-01,9.724295098083024502e-02,2.831404441664059912e-01,3.085035077528039751e-02,2.546583850931677037e-02,9.874435855042673627e-02,1.533759327941373596e-01,9.845837615621788608e-02,-9.205058313597568390e-03,1.995486840341391399e-01,-3.203896510121095886e-01,-1.139729210420483557e-01,1.559050895929219305e-01,9.687653603825015225e-03,-2.702980472764645453e-02,1.543724026989588549e-01,3.249296215201751825e-01,1.232762858036552112e-01,-8.566066401537154873e-02,-3.539478975825550988e-02,-3.924214665534653257e-02,-9.252870995129362786e-02
2.988739443228026205e-01,7.182626569551811557e-02,2.253139103623933159e-01,4.032753921086733029e-01,-4.154787970865543578e-02,-1.000938379730997863e-02,1.591760132266857308e-01,3.973948791277536752e-01,-1.157335001563966192e-03,1.707806425666919814e-01,3.513025604361231236e-01,1.000000000000000000e+00,1.125876938200991995e-01,1.894499307386389164e-01,-1.431252513517136671e-01,7.328298851601948698e-04,4.482774029223825923e-02,-8.951695786228160145e-02,2.701014343804459261e-01,3.714866616023951296e-01,-1.278743464855444933e-01,2.911836990035300832e-01,-1.189373966665177168e-01,2.393315161535368094e-02,-1.370749363242325380e-01,-1.751508110281960739e-01,-1.796773761115331297e-02,-5.952902274453728687e-02,-5.995352786094106101e-02,1.462531837883730354e-02,-9.886500737298360708e-02,-6.363108271147056849e-02,1.204164618615666538e-01,1.716073104249519754e-01,-4.198132177487823302e-02,8.628178202779390737e-02,-2.959917780061664949e-01,-2.784083292372313556e-01,-8.645158407435542258e-02,-1.310469636712989772e-01,-1.530497341257428812e-01,-2.603825014522543335e-01,-1.650207784083292453e-02,2.039233209705527405e-01,1.740917824746414030e-02,-9.487912775369766738e-02,-3.705706242459448629e-02,-5.610617096385003832e-02,-6.807274677152687359e-02,-8.289467804638277204e-02,-2.831627865409535594e-01,-1.757317127664328182e-01,-2.877876580722999456e-01,-1.383037669243487311e-01,-3.134769203270923454e-01,-1.194870190803878629e-01,1.136422538987443553e-01,1.621967022655167734e-01,1.132624335314357245e-01,2.158005272800393171e-01,1.606818892711917302e-01,1.876759461995620992e-01,3.067116493140891187e-01,1.846284463112739527e-01,-2.393538585280843567e-01,-8.814960453997050527e-02,7.395772822735600938e-02,1.176728182671254314e-01,2.146655346530229255e-02,6.351043388891371155e-02,9.537065999374413905e-02,1.377318021359310030e-01,1.941597032932660116e-01,2.332633272264176272e-01,2.155726350596541274e-01,3.894275883640913594e-01,3.214888958398498531e-01,3.840654184726752796e-01,-1.144733902319138436e-01,-1.513785245095848886e-01,-1.366414942580097547e-01,-2.140578220653291119e-01,-2.466642834800482631e-01,-1.486527548147817124e-01,-3.282809777023101838e-01,-1.637964162831225812e-01,-1.314044416640600677e-01,-2.769650118414584972e-01,-8.472228428437374170e-03,-2.517538764019840170e-02,-3.491666294293757633e-02,-1.160016086509674249e-01,2.330309665311229225e-02,-4.300907100406631267e-02,5.235265203985879634e-02,4.756244693686045161e-02,1.146029760042897305e-01,1.111130970999597845e-01,1.674069440100093842e-01,-2.670360605925197611e-02,1.084454175789802965e-01,-9.905268331918316849e-02,1.534384914428705560e-01,-2.696724607891326855e-02,-1.330845882300370764e-01,-1.487555297377005092e-01,1.751284686536485058e-01,1.730908440949104066e-01,3.853880870458912256e-01,3.010232807542785882e-01,1.400911568881540725e-01,1.618570981723937707e-01,-6.564636489566111344e-02,5.026140578220653077e-02,-3.128379284150319822e-02,-2.364314759372626029e-01
1.237231332946065465e-01,-1.889494615487734008e-01,4.304169087090575774e-01,3.419277000759640694e-02,6.073551097010590483e-02,-6.794762947406050857e-02,5.023504178024040812e-01,1.417176817552169565e-01,1.262120738192055169e-01,-1.073774520756065956e-02,4.026989588453460667e-01,1.125876938200991995e-01,1.000000000000000000e+00,2.778140220742660316e-01,3.601501407569596691e-01,2.576477948076321689e-01,-1.717860494213324929e-01,-1.905134277671030885e-01,8.197864068993251929e-02,-7.021314625318378355e-02,-1.414719156351937068e-01,1.793824567675052495e-01,3.507842173466195757e-01,2.688591983556012366e-01,1.209660842754367999e-01,5.322847312212342086e-02,1.967112024665981507e-01,7.143303990348094656e-02,-2.153000580901738292e-01,-1.259931185486393435e-01,1.583180660440591456e-02,-2.303051968363197671e-02,7.713928236292953711e-02,-1.046427454309844102e-01,2.967424817909647405e-01,2.680057196478841663e-01,-3.299789981679253081e-01,-3.011841458510210456e-01,-3.970999597837258088e-01,-2.848563385316591479e-01,-3.472005004691898489e-02,-3.666919880244872698e-01,-1.134635149023638240e-01,-3.627954779033915750e-02,1.910273023816971144e-02,-8.163456812189999467e-02,-1.708834174896108060e-01,-2.002681084945708012e-01,-5.023012645783993951e-02,-2.522007238929353454e-02,-2.324500647928861782e-02,-3.757540551409804114e-02,-5.890343625720541321e-02,-3.171276643281648044e-02,-1.285803655212476027e-01,6.550784217346619469e-03,-1.370928102238705981e-01,-2.082800840073283088e-01,1.673801331605523079e-01,1.712096161580052844e-01,3.529648331024621277e-01,9.657267974440324199e-02,1.522811564413065755e-01,2.068903883104696306e-01,4.611868269359667427e-01,4.188748380177845232e-02,2.416595915813932738e-01,2.250011171187273895e-01,6.485097636176773150e-02,2.744984136914071365e-02,8.079002636400196835e-02,2.023638232271325887e-01,2.207873452790562463e-02,6.762589928057553823e-02,7.643773180213593588e-02,1.592251664506903752e-01,1.515885428303320182e-01,4.865275481478171377e-02,-2.327494526118235874e-01,3.762455873810268553e-03,-1.600786451584074455e-01,-1.731668081683721272e-01,-2.259439653246347046e-01,-3.151436614683408299e-01,3.491800348541043153e-01,9.694803163680236480e-02,1.039143840207337188e-01,-1.223066267482908059e-01,-5.064122614951516860e-02,-1.034005094061396859e-02,-2.915233030966531136e-02,2.171544751776218751e-01,-1.982662317351088083e-02,2.890432995218731871e-01,-1.878859645203092288e-01,-2.684659725635640815e-01,-2.294740605031502789e-01,-3.608382858930246906e-01,-1.276866705393449319e-01,5.376915858617453692e-02,-2.090620671164931388e-01,-1.122749005764332592e-01,-1.485499798918629155e-01,-4.617275124000178727e-02,-4.202734706644622453e-01,-1.288708163903659609e-01,7.111577818490549818e-02,-4.031458063362974159e-02,7.723758881093882589e-02,3.333929129987935058e-02,1.823718664819697077e-01,-1.481656910496447488e-01,8.860538898074087066e-02,-3.072657402028687867e-01,6.708968229143393025e-02,-1.140622905402386145e-01
