1.000000000000000000e+00,7.311758971115712713e-01,-2.646413494402827596e-02,3.114005146247965025e-02,-1.887102187497859407e-01,-1.721435926473039169e-01,2.079344458422471842e-01,4.529999611862398634e-01,-1.584491847968784728e-01,-1.227953213436867169e-01,5.774642742169323606e-01,5.188007004742127837e-01,3.124073892266700514e-01,1.115667288447883404e-01,-1.972172817125544264e-01,-1.744952498807047780e-01,2.333620250736890764e-02,7.402240695542582072e-02,6.007525303146882267e-01,6.190269618643390315e-01,-3.785254880830340313e-02,-2.097929400053425986e-01,-3.135398377584825425e-01,-3.468785745760738504e-01,-5.196500368730722075e-01,-3.802538419914655576e-01,-3.276269495352622796e-01,-3.100146350707437826e-01,3.006810673327412475e-01,1.368550351721161962e-01,7.705901289758418371e-02,-1.093383623789638548e-01,8.130112856715579484e-02,3.513786875926107767e-03,-3.902540931393254087e-01,-4.654157981136512467e-01,-7.991068268837802269e-05,-4.500341332773197256e-02,-9.666224494222457053e-02,-1.397729166714232474e-01,-1.262474628358246365e-01,-2.300126258878647523e-01,4.299194728634737721e-03,5.633246497058145424e-02,-1.906235088095819818e-01,2.015415912271769361e-01,1.275214674341136334e-01,9.012783426067777492e-02,2.388210662824865327e-01,2.644746785878184236e-01,2.972517574642285498e-01,2.447161915025263257e-01,1.255488151528919571e-01,2.177109470785796030e-01,-2.823290082627645803e-01,-2.332181858448499900e-01,5.694640732986444576e-01,5.611396633248779686e-01,3.022792809865088026e-01,2.435243807492882273e-01,4.148711497320708985e-01,1.565998232832331305e-01,8.389936733570933780e-02,2.631801255282666813e-02,-4.464472852057928542e-01,-3.789707047437264609e-01,-4.862291062104299177e-01,-3.946971270967992163e-01,4.329218313701942433e-01,4.150583690457979591e-01,6.535095630255553789e-02,3.893134302459650975e-01,4.018571242656778786e-01,3.447278356305751856e-01,8.455235177139151792e-02,1.401884522214028317e-01,2.416384886378425134e-01,1.284940946005493356e-01,-6.442399238337036260e-02,1.775820853948386902e-01,3.148252581685841156e-02,-3.802858062645408932e-01,-1.937925381687667925e-01,-2.994618586311528219e-01,-2.680364118733575274e-01,-2.548032028201621668e-01,-3.022244850898082036e-01,-3.660206078234841676e-01,-4.063321224962270772e-01,-3.066355547742066756e-01,-1.843813429104383950e-01,-1.764268052394009911e-01,-1.289004975010787923e-01,-8.012301678809284622e-02,7.144699981049752735e-02,2.174050033220012446e-01,-6.363858453066173482e-02,1.159184363077611496e-01,-6.516830331355354111e-02,2.713287320001186997e-01,-2.639769491927879685e-01,-1.252520040457636985e-01,-2.184278600604124820e-01,-9.610971965049350252e-02,-1.345901381084912973e-01,-1.913975008504779918e-02,-2.919479712960827700e-02,1.430058745767587847e-01,-1.592505747861247545e-02,1.920367863119850152e-02,7.472790412544606971e-03,-1.092287705855626567e-01,6.162255216455208087e-03,1.066259654922840500e-01,-4.204443490589946514e-02,-6.831450104911310217e-02
7.311758971115712713e-01,1.000000000000000000e+00,3.628173310288614756e-02,2.258846683364194030e-01,-5.775715828479710545e-02,1.628579713189143990e-02,-9.664397964332437085e-02,2.152542643765026076e-01,-2.559539166508748020e-01,-2.235649753760939329e-01,5.780852943795392607e-01,5.699663690184000320e-01,8.975111247086114616e-03,7.423245789277813089e-02,-3.110466244586051476e-01,-1.704266545506850639e-01,2.374192045918961380e-01,2.424649934130765905e-01,6.520688875748020807e-01,7.881544970307473585e-01,2.224941722280696435e-02,-2.328026502948704057e-01,-2.472870323227295553e-01,-1.088315003344832860e-01,-4.164647970611133898e-01,-2.214644660025708311e-01,-2.746256184516049359e-01,-1.874225151773218079e-01,3.897335321206696901e-01,2.028886570210667317e-01,1.638374479724376553e-01,5.008116642198776752e-02,1.843174143642876961e-01,2.558397585327485402e-01,-1.969159042807011040e-01,-2.560543757948258725e-01,-2.487505393971081377e-02,-2.435517786976385268e-01,4.164259833009505141e-02,-3.724522761987172914e-02,-1.400742941032765698e-01,-2.414512693241154528e-01,-2.507802707373929518e-01,-1.676069490329665929e-02,-4.233234167981387852e-01,-7.363883567852161360e-02,-2.549150777759258760e-02,9.958925909098173546e-02,7.429638643892882977e-02,1.582208685606259491e-01,2.578124108139702164e-01,2.797946980403617223e-01,6.047412149620196020e-02,8.410941827306164797e-02,-1.037583135649525479e-01,-1.000139272904114057e-01,6.839464004803773589e-01,7.601126968942142348e-01,3.651256081773743278e-01,4.505752427572382035e-01,2.444581941555609705e-02,-1.354166428837254021e-01,9.694079075045264338e-02,1.984364904141428243e-01,-4.488172077380938596e-01,-3.115900171008860742e-01,-3.149234341501727097e-01,-1.612346428791590625e-01,5.625415250154683910e-01,5.179239661270031991e-01,9.172148158972029397e-02,3.996652883976538062e-01,2.285148713780482954e-01,2.884570160437819331e-01,-7.576217667566993719e-02,2.217201801871736544e-01,1.442022516547219191e-01,1.221514695574546366e-01,9.363248848715378589e-03,1.740568827070999580e-01,7.607725308169839551e-02,-3.106493542075257630e-01,-1.367271780798147984e-01,-1.358413110831550585e-01,-4.503103959231852804e-01,-2.384283623561322396e-01,-1.903677946249791586e-01,-1.890983563514152255e-01,-3.253574861469123447e-01,-2.838450280714812646e-01,-2.086604914735301630e-01,-5.351435766651674308e-01,-3.528878579142398775e-01,-3.299694741192130132e-01,9.615081657301895179e-02,2.043727125567080527e-01,6.551077766793229895e-02,2.189255894554429371e-01,2.057129288635102787e-03,1.080186945334243587e-01,-3.362869843763199862e-02,-1.922354214375246728e-01,9.622387776861976438e-02,7.911157586149424395e-03,-9.399779446515779679e-03,-1.286310843423008332e-01,1.184481802054389438e-01,9.209592021717440125e-02,-7.532380950206511716e-02,-1.502549150777759274e-02,2.144574407119813342e-02,-9.594989828511675534e-02,-2.581115050834609931e-02,7.476671788560899923e-02,3.142316359543276261e-02,-9.109817826475094613e-04
-2.646413494402827596e-02,3.628173310288614756e-02,1.000000000000000000e+00,6.019580400421015165e-01,1.699814378899926551e-02,3.250972056375844854e-01,4.931790524419563115e-01,1.451109502750068947e-01,1.578829605309722273e-01,-1.721276105107662560e-02,1.035710942512254873e-01,-4.856514661327111099e-02,3.890485834119121744e-01,2.450358342332798200e-01,3.325220496405160708e-01,4.032726849304434369e-01,-4.383009618963033538e-01,-1.386724324126861752e-01,5.934623928911456764e-02,-5.725029624031653663e-02,3.713358098034425514e-01,1.659379573459607571e-01,5.083940464258235314e-01,6.267668822732991307e-01,5.309973538148218264e-01,5.997433725504521806e-01,6.555529933400153775e-01,7.032162908200890739e-01,-2.246060974134053700e-01,-2.163319170116144441e-01,5.710714196018621402e-01,6.670099020751663055e-01,4.694661281447707335e-01,5.176591192929502760e-01,5.038825175974739334e-01,3.232478441239391986e-01,-2.154643153138549039e-01,-6.202667190271901609e-02,-4.021333869115434334e-02,1.676137985200541469e-01,-3.772925804072704836e-02,-3.752377342809979505e-02,-3.373532211996191910e-01,-1.905367486398060195e-01,-3.420405535298831623e-02,-2.356885675211021214e-01,-4.882337227647269851e-01,-3.075488197192167150e-01,-3.674087705398993986e-01,-3.431478872757078302e-01,-2.268116322556046061e-01,-3.605136202050736594e-01,-4.644249056483153448e-01,-3.899390167332969503e-01,-1.249186623408350405e-01,-9.220551201057561319e-02,-5.373422620202790434e-02,6.149241190988814776e-02,-2.265148211484763197e-01,-1.593487507677133486e-01,-4.774092500039955368e-03,5.924578014516346247e-02,7.764806878711566496e-02,1.155211660566817927e-01,5.122617234679409659e-01,4.000762576229083267e-01,5.281251355627653021e-01,4.057613319055958234e-01,-1.749838466262851333e-01,-9.119178792161447555e-02,3.549974999372130235e-01,4.643198801796392106e-01,-5.776629093424720529e-02,7.536490642459056644e-02,-1.292795024532579495e-01,1.603213779341490230e-01,9.144750210621728492e-02,1.132060394210813448e-01,-2.453691759382085058e-01,1.035071657050747884e-01,-1.730203269945135569e-01,3.500658692341588329e-01,1.579194911287726266e-01,3.944916424841719560e-01,5.186728433819114414e-01,3.583674475843000584e-01,5.111977698070042653e-01,4.420088175730440549e-01,2.425426209334024252e-01,2.743151083703015414e-01,6.863871010459167421e-02,-1.004385954898410760e-01,-3.647192052768448711e-01,-1.365308261166376380e-01,-1.921258296441234747e-01,-2.440700565539317274e-03,-3.328279933970944571e-01,-2.471454762562530216e-01,-4.432508578982577441e-01,-4.446298879652228475e-01,-9.858923397619574758e-02,-5.784848477929811078e-02,-2.355081976944626426e-02,-5.396710876300546411e-02,-5.470525515480982870e-01,-2.123226839030203927e-01,2.149254889962989856e-01,-2.363187203331590658e-01,-1.701161444693816416e-01,-5.596715899257743987e-02,-5.315772770549032078e-01,-5.329745724207685109e-01,-7.968921593921308999e-02,-2.222361748811043092e-01,-5.014212685706718187e-01,-4.648404411982949291e-01
3.114005146247965025e-02,2.258846683364194030e-01,6.019580400421015165e-01,1.000000000000000000e+00,-2.337273310516930699e-02,3.696211548691862026e-02,2.640728420120139752e-01,2.233549244387416088e-01,-5.344654774434974553e-02,-7.879421629310325026e-02,2.692464879254958254e-01,1.918107532380950164e-01,1.989616177575235789e-01,4.434746078097852040e-01,7.602245718499779648e-02,3.410839084999851556e-01,-2.625431232291222106e-01,-2.058202374945489466e-01,1.959889403615159287e-01,2.394009895225679141e-01,9.244752722100327280e-02,-7.284429517636287210e-02,4.766763548856249866e-01,6.596215886700350639e-01,9.680836733342618183e-02,2.884067864718063423e-01,3.031925459315188420e-01,3.365175837749350141e-01,-2.014137341348755383e-01,-2.870186237553911113e-01,2.746530163999552632e-01,3.324581210943653997e-01,4.576987093283164665e-01,5.147549367678183607e-01,5.683772880140824935e-01,4.669272515976428672e-01,-2.642646276504660996e-01,-2.336428540442796464e-01,-3.710823787812022462e-02,1.070186694186383708e-01,-3.265150494647126034e-02,-9.378089404071791868e-02,-4.862428051846051091e-01,-3.199600903219030346e-01,-1.971350878675035279e-01,-2.165876311962172673e-01,-4.899597935107959379e-01,-2.259851274803705012e-01,-2.823701051852900434e-01,-3.432483464196589562e-01,-5.882567827045884906e-02,-7.820516040357178289e-02,-2.506021840731160188e-01,-1.307087620921986715e-01,-1.121146878117943585e-01,5.052866624504268045e-02,1.927925130539808185e-01,2.582325126886748090e-01,1.389783761692645336e-01,1.854772608444504312e-01,-8.852962060691021984e-02,-5.806081887901294418e-03,2.356611695727518219e-01,3.142019548436147947e-01,2.914022954914392560e-01,3.543079849037304441e-01,3.730801458484117039e-01,4.951517047231779878e-01,4.391662804317003621e-02,1.542527323745573609e-01,1.537413040053517421e-01,3.333987839877257109e-01,-1.418414617718709858e-01,1.270511359874334778e-01,-8.886752863656392776e-02,2.805435752952699646e-01,2.450221352591046842e-01,4.453376682976056267e-01,-3.004664500706638597e-01,4.430933196952435010e-02,-3.111151193294808825e-01,1.969935318010269665e-01,2.950987353563673879e-02,3.380564352072769063e-01,2.633513627054560602e-01,4.249718600238818755e-01,3.920988883282456872e-01,4.501734061814337551e-01,3.659680950891460588e-02,1.254437896842158229e-01,-1.765911929295027882e-01,-3.399605926176227921e-01,-3.805415204491436887e-01,-4.315747655763044199e-01,-2.133090100436312309e-01,9.284023114735757976e-02,-2.426796106751539506e-01,-2.339442314761329689e-01,-4.090536520323569958e-01,-4.451550153086036299e-01,-3.150741228660993709e-01,-2.227613022244850915e-01,-1.654904575229058372e-01,-2.336474203690047102e-01,-2.361041030710817057e-01,-1.299005226158647941e-01,4.462897470027785835e-02,-3.207089675768112769e-01,-1.381381724198552929e-01,5.262689245620323641e-03,-3.430976577037322950e-01,-3.897426647701198177e-01,-1.048816294473148836e-01,-1.440926598613207210e-01,-1.865275155312119681e-01,-3.110694560822303556e-01
-1.887102187497859407e-01,-5.775715828479710545e-02,1.699814378899926551e-02,-2.337273310516930699e-02,1.000000000000000000e+00,6.249175207596537884e-01,1.325992205283694214e-01,8.509117808894743618e-02,5.386642130281811269e-01,5.927934263189258424e-01,-6.228695241204687538e-02,-8.667112644381480546e-02,-1.063565523335060908e-01,-8.879903376568817897e-02,3.277274086792134056e-01,3.271657507380322238e-01,1.214117249519965080e-01,-1.029866046864190698e-01,-2.394283874709182136e-01,-1.936349999657525564e-02,-3.719499804789618003e-02,9.278543525065698072e-02,9.099543595843731514e-02,3.977497151754953025e-02,1.514901059159020069e-01,6.464774229489782253e-02,1.946966704643267321e-01,2.345195883914892865e-01,-3.922701255054350522e-02,1.270123222272705535e-02,5.698088308153857751e-02,2.903040943950647296e-02,-2.604403306932365908e-02,-2.366041156284746927e-02,-1.018906867524070198e-01,-1.390514373648653323e-01,-1.087858370872327868e-01,-2.069298544027361464e-01,-1.163476708319158698e-01,-1.718330825660005223e-01,-2.556913529791843970e-02,-7.633296726630120488e-02,-1.535860489647000171e-01,-6.598110911461246841e-02,-1.422569973218505424e-01,2.409421241172723591e-02,-3.505727312786394156e-01,-2.244736739963789085e-01,-1.681891554354104645e-01,2.671984912863108533e-02,-2.619586336643157654e-01,-5.200358913123388771e-02,-1.840160369324343737e-01,-1.974592969229820860e-01,1.235875786834829231e-02,-9.625127571697006390e-02,-2.350972284692081152e-02,7.739692092723790551e-02,-5.650598531013335812e-02,1.132791006166821574e-01,-2.233161106785786984e-02,1.569696955859622156e-01,5.909052510451175827e-02,1.294027932208343112e-01,-5.771606136227165618e-02,-3.993479288292628437e-02,-6.160657002801440268e-02,-4.881172814842382052e-02,4.292116925310909825e-02,1.044090148382721857e-02,7.577130932512003703e-02,-4.682537689302699452e-02,3.726805924349698568e-02,-2.342296267714485958e-02,1.469922760617275725e-01,-1.462365493197317727e-02,6.436006383721964985e-02,4.132523876170405902e-04,8.817344727835631224e-02,-7.406350387795126999e-02,1.119913970442180107e-01,1.017536970106555222e-01,1.507549276351689282e-01,2.228754603426113534e-01,7.752477801953930325e-02,-6.982595453310470879e-02,2.486021338435440153e-01,1.908061617985839786e-01,2.206653591756870536e-01,-2.646870126875332588e-02,-5.235519613506275233e-02,-4.176588909767140617e-02,-3.397117279201075646e-02,-1.513508330117879601e-02,-3.077314727082187118e-01,-3.002472664838614635e-01,-1.616547447538636828e-01,3.472005004691898489e-02,2.090349301009842842e-01,-3.592555977433223302e-02,-1.865092502323117685e-01,-1.534056791380605453e-02,-5.734618905954259188e-02,-1.440789608871455574e-01,7.899513458100546059e-02,-8.714830737758253593e-03,1.192701186559479848e-01,-3.058410142720479064e-01,-3.523672968955841589e-01,-1.171330786846244976e-01,-5.505846037229245732e-02,-3.448260116121637520e-02,3.118000680382383982e-01,-2.991878791476498267e-01,1.028108011845046271e-02,3.368349433433259765e-02
-1.721435926473039169e-01,1.628579713189143990e-02,3.250972056375844854e-01,3.696211548691862026e-02,6.249175207596537884e-01,1.000000000000000000e+00,2.578763393601209430e-01,1.363801374007109768e-01,4.419677206505186473e-01,6.057983191358686792e-01,-2.185009212560132807e-01,-1.114297391030368289e-01,6.196730968129336714e-02,-6.275728385872704485e-02,3.243985579546518339e-01,4.857953053615501893e-01,-1.376358767000997740e-01,-1.422843952702008419e-01,-3.415222756735900034e-01,-1.369372290171670947e-01,1.081922148729762556e-01,2.078613846466463855e-01,2.637349339823603089e-01,2.253641073177636844e-01,3.046263718951846000e-01,2.204872725114100929e-01,3.815506782133797903e-01,4.481687896271367433e-01,-2.778083467849649102e-01,-2.015735555002522994e-01,1.517092895027044031e-01,2.100212562415951223e-01,-4.888250618166209427e-03,2.952813883453694194e-02,8.132396019078104443e-02,-3.198025521188888054e-02,-1.158636404110605506e-01,-2.064047270593553640e-01,1.146832454696350770e-02,-3.061035779437383184e-02,5.341001714654933924e-02,-1.353024847655991403e-01,-2.037608250435513357e-01,-1.057263995214491742e-01,-1.335170517981045246e-01,-2.272363004550342624e-01,-3.919208016639687542e-01,-3.206724369790108775e-01,-2.812148250298523444e-01,-1.133064985650324569e-01,-3.034482601161216375e-01,-1.615405866357374209e-01,-2.940370648577932400e-01,-3.947519229934998153e-01,-3.643242181881280184e-02,-1.470927352056786708e-01,-1.494854893616049674e-01,7.700878332560863460e-02,-1.881485608086047867e-01,5.773432666117185585e-02,-3.607168216553383738e-02,2.850094408763690357e-01,1.898449504439609151e-02,1.657050747849831973e-01,9.410510309619647684e-02,2.047243195605369104e-01,1.048268335506142845e-01,6.796746037000929441e-02,-1.383527896819326530e-01,-1.459739856480413989e-01,1.327910061668215458e-01,8.765060309733806176e-03,-1.724951996511328023e-01,-1.862352707488087733e-01,2.408736292463966103e-03,-1.055346138829970637e-01,-3.499402953042199393e-02,-1.130918813029550968e-01,-8.329204614727767075e-02,-3.415382578101276712e-02,3.299169613848749842e-03,1.954912109664854458e-01,3.335540390283774359e-01,4.634888090796800975e-01,3.094758087531878643e-01,1.098863213459698729e-01,2.854934712972243549e-01,2.817490850226831989e-01,3.292068978901296350e-01,1.553258186849441336e-01,4.471573487005381375e-02,-9.537910769448547377e-02,-7.326439705106749245e-02,4.492121948268107401e-02,-2.981741550586886613e-01,-2.825938550968175034e-01,-2.462230786617928824e-01,-4.864277413359695962e-02,8.837893189098355862e-02,-2.484879757254177535e-01,-9.377176139126781884e-02,-2.348689122329556192e-02,8.954791102059640739e-02,-6.545598177123169992e-02,-8.209110274458947254e-02,-1.509832438714214242e-01,3.580112742557461369e-01,-2.185922477505142791e-01,-1.693809661886485629e-01,-7.788095134809321085e-02,-3.111607825767313540e-01,-2.197246962823267147e-01,1.292018749329321148e-01,-3.020783626986066062e-01,-5.314973663722147995e-02,-1.181422364488605853e-01
2.079344458422471842e-01,-9.664397964332437085e-02,4.931790524419563115e-01,2.640728420120139752e-01,1.325992205283694214e-01,2.578763393601209430e-01,1.000000000000000000e+00,5.668338702570155929e-01,4.314332095098278863e-01,4.093869937372856538e-01,9.767596903118570817e-02,1.397089881252725485e-01,5.970446746379475256e-01,3.437415094899643475e-01,4.357164221019249606e-01,4.414334606576877373e-01,-4.370771868699898643e-01,-2.395060149912440761e-01,-1.149184111929751617e-01,-1.616958416763891460e-01,8.290162538328588529e-03,-2.140921347339773406e-02,3.180833308599074205e-01,1.347453931491430223e-01,9.265301183363051918e-02,5.723659726614138687e-02,2.104550570904748785e-01,1.499329891846598872e-01,-1.847329499142672526e-01,-1.980026895652630681e-01,3.214761101306197189e-01,1.550427065519910386e-01,2.731552618901387786e-01,1.256447079721180193e-01,5.826858665400272419e-02,-7.341508576699415367e-02,-3.031103520864679157e-01,-1.423072268938261054e-01,-1.903495293260789589e-01,-1.241743514106518620e-01,-1.248136368721588924e-01,-1.415081200669423278e-01,-1.296493747559870346e-01,-1.308092212361497697e-01,6.299473274442965454e-02,4.995330932968636284e-02,-2.329670379849722306e-01,-2.817262533990579909e-01,-6.323674795485731415e-02,-1.365079944930123745e-01,-6.160657002801440268e-02,-1.750432088477107961e-01,-2.244143117749532457e-01,-1.300557776565164914e-01,-2.178388041708810008e-01,-2.167109219637936013e-01,1.608944516871428296e-02,8.852505428218516992e-02,-3.647808506606330103e-02,-1.026760946051156476e-01,5.255040651705864541e-01,4.705300818057074341e-01,2.659769994223599165e-01,1.514033457461260446e-01,9.501380171648146633e-02,7.037847982483577680e-02,6.588521629538642010e-02,5.449908559347380749e-03,-1.186901954158666034e-01,-5.711330649856503211e-02,2.658354433558833829e-01,2.589905225930331789e-01,1.079593323119987097e-01,1.933610204822495612e-02,2.430631819520581438e-01,-2.205306525962980740e-02,4.101997995383445672e-01,2.995486188009288120e-01,-1.481932194644157708e-01,6.501761459762687989e-02,-1.826963690868948775e-01,1.664448193904413120e-01,1.644128048877939730e-01,3.048912187292374676e-01,4.407713435725554851e-01,1.801620588644920196e-01,2.063818954357301283e-01,1.066807613889846490e-01,-8.749306489432383260e-02,4.930945754345428950e-02,-1.221971328047051358e-01,5.072045188349479095e-02,4.263349079543093251e-02,9.956871062971901082e-03,-2.194689820977239192e-01,-6.404270426882866830e-03,-2.041124320473801934e-01,-2.842377319978355854e-01,-1.794953754546347036e-01,-2.480222106034626339e-01,-3.401752098797001800e-01,-5.687357445049989572e-03,-3.386774553698836954e-01,-2.217704097591491896e-01,-3.040144843820278830e-01,-2.396635531942583122e-02,-1.503005783250264266e-02,-3.387048533182340226e-01,-1.450378890794060960e-01,3.972017562084892428e-02,-3.947062597462493438e-01,-2.623285059670448227e-01,-8.997942870711364213e-03,-1.935687882572393326e-01,-1.986922045987456198e-01,-4.078253106813184981e-01
4.529999611862398634e-01,2.152542643765026076e-01,1.451109502750068947e-01,2.233549244387416088e-01,8.509117808894743618e-02,1.363801374007109768e-01,5.668338702570155929e-01,1.000000000000000000e+00,3.041925710463048160e-01,4.826491076259906143e-01,1.270146053896330784e-01,4.023639863101584613e-01,3.590934932155830372e-01,2.859135731719290030e-01,4.883912609677412003e-02,2.811280648600764098e-01,-2.776713570432134404e-01,-1.668923192134962319e-01,-6.372306153807515659e-03,1.172929000500012586e-01,-1.933222067220866369e-01,-1.506088052439673031e-01,-8.807755445913025005e-02,-2.076513337092940614e-01,-3.142019548436147947e-01,-3.629748692318756631e-01,-9.021002810572868735e-02,-7.511375856471280699e-02,-5.502192977449205102e-02,-1.572482413941902746e-01,2.526775786606513113e-02,-1.855366230658760940e-01,2.142085760144661066e-01,6.767978191233113561e-02,-1.626684688428248204e-01,-3.062748151209276903e-01,-2.225329859882325678e-01,-2.727808232626846574e-01,-2.297021158065613577e-01,-2.493875416962526570e-01,-2.904410841368162272e-02,-1.736367808323953377e-01,-1.931783674932475645e-02,-1.443620730200986801e-01,-3.476114696944444110e-02,1.253341978908145971e-01,1.462365493197317727e-02,-8.008648619029244686e-02,6.373904367461283305e-02,1.447639095959031008e-01,2.361817305914075404e-01,2.455837932002858381e-01,2.173045441780501463e-01,1.942263390176465487e-01,-1.163385381824657699e-01,-1.960665678818417912e-01,2.977403542098089329e-01,5.089420053928295218e-01,4.095970446746379223e-01,4.267709919655516271e-01,7.331028861455424206e-01,6.591603898728050082e-01,2.109893170833057330e-01,2.028475600985412963e-01,-2.312500998883533498e-01,-5.826858665400272419e-02,-2.613102155533586490e-01,-1.782168045316206706e-01,1.414670231444168647e-01,2.016055197733276350e-01,7.661607939925431376e-02,2.012813107178490768e-01,1.128818303656027866e-01,6.815011335901130507e-02,1.397455187230729479e-01,-2.756918552749041545e-02,4.032315880079180292e-01,2.828495692814202989e-01,-1.455264858249864790e-01,1.175486142346040680e-01,-1.366130199616885366e-01,-1.460744447919924971e-01,-6.383037016911383144e-02,-4.610846391119411553e-02,1.253341978908145971e-01,3.362413211290694176e-02,-9.226944055672631206e-02,-2.810276057161252838e-01,-1.075940263339946884e-01,-2.316839007372331338e-01,-1.817420072193594027e-01,-2.017379431903540965e-01,3.870645153188778664e-02,-2.515291479923011941e-01,-3.609154567808780523e-01,-7.184883638630193414e-02,-2.245284698930795075e-01,-2.021260807919833535e-01,4.554908913237547090e-03,-1.045528540671112755e-01,-3.832995805830740066e-01,-3.136950927991342120e-01,-4.050946484957384519e-01,-4.497441716572790904e-01,-1.494261271401793323e-01,-7.880334894255335010e-02,2.162862537643639449e-01,-2.650546018278998051e-01,-2.276016064330382838e-01,-7.375756012137291151e-02,-1.516636262554539039e-01,-6.325957957848256374e-02,1.722029548687295797e-01,7.144015032340994553e-03,9.974451413163344660e-02,-2.450449668827299199e-01
-1.584491847968784728e-01,-2.559539166508748020e-01,1.578829605309722273e-01,-5.344654774434974553e-02,5.386642130281811269e-01,4.419677206505186473e-01,4.314332095098278863e-01,3.041925710463048160e-01,1.000000000000000000e+00,7.287740103061949304e-01,-3.129827461420264245e-01,-9.041094639363088381e-02,1.521522230010342591e-01,8.254316889236944232e-02,4.729958971572345572e-01,4.503651918198858795e-01,-1.609880613440063668e-01,-2.227567358997600278e-01,-3.807926683090214759e-01,-2.667030450536428954e-01,1.012377023167248535e-01,1.779245597492174480e-01,2.477664964188598384e-01,6.242394215379837991e-02,3.028774695254903837e-01,7.425985584112843041e-02,2.807262282842719614e-01,3.191929477680946481e-01,-1.577368381397706298e-01,-4.605823433921856641e-02,3.994849185710143413e-02,1.081534011128133278e-02,1.092470358844628564e-01,-3.308987212007607343e-02,-5.755852315925742702e-03,-7.722340058768599469e-02,-1.624401526065723245e-01,-3.466068782549333593e-02,-1.148955795693499121e-01,-6.228695241204687538e-02,-1.209916230772919016e-01,-3.173367367673617101e-02,1.113954916675989615e-02,-2.167383199121439008e-01,2.382936557767432670e-02,-8.016868003534335929e-02,-1.516681925801789677e-01,-2.913703312183639205e-01,-1.721207610236786811e-01,-1.207952711141147412e-01,-7.504526369383705819e-02,-7.149266305774802654e-02,5.372281039021527781e-03,-7.507722796691240763e-02,-1.599697709303201654e-01,-2.078294203735710222e-01,-1.087630054636075372e-01,5.605163599999086685e-03,-1.023541687119996178e-02,1.892513282297043908e-02,2.976079307927824713e-01,3.833498101550495418e-01,5.533243985579546637e-02,6.836016429636360137e-02,6.838756224471391476e-02,4.270198566630668824e-02,-3.428624919803922172e-02,-1.114388717524869288e-01,-1.574537260068175348e-01,-2.367707864809390217e-01,1.119776980700428609e-01,-8.733096036658455005e-03,-3.293461707942436922e-02,-8.831043702010780982e-02,2.181949774994349223e-01,-1.159549669055615490e-01,1.572025781469397754e-01,7.536490642459056644e-02,-3.237295913824319443e-02,7.125064784732036693e-02,-2.298916182826509294e-02,1.010139524051973936e-01,1.342704953777378030e-01,2.166287281187427027e-01,1.944546552538990725e-01,-4.842359054679455654e-02,1.701115781446566055e-01,6.029603483192499946e-02,1.457411030870638391e-01,-1.288183036560278938e-01,-1.545997730536611547e-01,-2.011694357620853399e-02,1.208774649591656397e-01,-3.005326617791771043e-02,-3.520704857884559003e-01,-3.736372374648678218e-01,-2.302226768252170763e-01,-3.049414483012130583e-01,1.889316854989508965e-02,-2.247933167271324029e-01,-3.316179173449561590e-01,-4.516323469310873362e-02,-2.990097924833728937e-01,-2.482550931644401937e-01,-5.369312927950245506e-02,-1.536568269979383125e-03,1.475721993018089540e-01,-4.861377797159289194e-01,-1.736276481829452378e-01,-3.159668393498466649e-02,-1.558235480799746164e-01,-3.699864608471901961e-02,1.303617214130948498e-01,-2.015347417400893681e-02,1.224071837420574460e-01,-1.854407302466500318e-01
-1.227953213436867169e-01,-2.235649753760939329e-01,-1.721276105107662560e-02,-7.879421629310325026e-02,5.927934263189258424e-01,6.057983191358686792e-01,4.093869937372856538e-01,4.826491076259906143e-01,7.287740103061949304e-01,1.000000000000000000e+00,-3.341659265415341529e-01,-7.388998353839937305e-02,1.785821105096246642e-01,-7.283287936455024904e-04,4.163369399688119921e-01,5.645187436214151866e-01,-2.157108968490076273e-01,-3.265401642507003710e-01,-5.603496891474443187e-01,-2.938726771676914429e-01,-7.065702563306384965e-02,1.039637981775798081e-01,1.919614419540216776e-01,1.640908789946779467e-02,1.471429647776542338e-01,-5.555162344259787638e-02,1.574948229293429702e-01,1.699060935320293453e-01,-3.437780400877647469e-01,-2.369123425474155831e-01,-1.021600999111849789e-01,-1.169458593708974370e-01,-1.527275799163906045e-01,-2.479308841089616355e-01,-9.823306064764183998e-02,-2.173365084511254819e-01,-1.314667719965569859e-01,-1.914819778578913945e-01,-2.199826936292920490e-02,-5.802657144357506458e-02,2.260330738899835371e-04,-7.266620851208592524e-02,-2.631344622810161821e-02,-2.369214751968656829e-01,-4.967019719673325395e-02,-8.999084451892627734e-02,-1.786232074321501273e-01,-3.166175406231663270e-01,-1.986922045987456198e-01,-6.304952864113025357e-02,-2.254463011628145830e-01,-3.643698814353785176e-02,-2.370150848537292201e-02,-8.924196726401804891e-02,-9.561199025546303354e-02,-1.656274472646573348e-01,-2.469125936952754619e-01,1.649128174451869669e-02,-7.378952439444826095e-02,1.349143471639698832e-01,3.116402466728616649e-01,6.740329095022934425e-01,-5.157892093180422438e-02,8.151117950450810501e-02,-3.424971860023881542e-02,1.469603117886522370e-01,-1.995278420234298244e-01,-2.133501069661566940e-01,-2.230855112799636497e-01,-2.740776594845989456e-01,5.074784983184509046e-02,-9.336992481546339817e-02,-1.712166287281187416e-01,-1.934546301391130707e-01,1.825319813967930804e-01,-2.007607496991933582e-01,1.166353492895940286e-01,5.554934028023534968e-03,-1.296493747559870346e-01,-8.256600051599469192e-02,-1.855914189625766930e-01,2.313071789474164738e-02,2.155876060814312656e-01,2.791051830068791428e-01,1.923176152825755991e-01,9.819881321220396558e-03,1.722623170901552425e-01,4.277048053718244397e-02,2.139208975567879478e-01,4.390521223135740447e-03,-5.107205888732365556e-02,3.752833975282484497e-02,2.033909527408222506e-01,5.007203377253766768e-02,-3.443214327300457289e-01,-3.347595487557906702e-01,-1.882170556794805216e-01,-1.931167221094593767e-01,1.629013514038023802e-01,-1.989524851080734791e-01,-3.326133761350170692e-01,-3.246428563274419976e-02,-2.221768126596786741e-01,-2.547529732481865761e-01,-2.183844799755245078e-02,-8.408886981179893375e-03,1.977606743548354085e-01,-3.473352070485788423e-01,-2.100166899168700585e-01,-7.363198619143402832e-03,-1.850662916191959106e-01,2.449833214989417546e-03,1.351243981013221795e-01,-1.535312530679994181e-01,1.810387932117016596e-01,-7.926911406450846964e-02
5.774642742169323606e-01,5.780852943795392607e-01,1.035710942512254873e-01,2.692464879254958254e-01,-6.228695241204687538e-02,-2.185009212560132807e-01,9.767596903118570817e-02,1.270146053896330784e-01,-3.129827461420264245e-01,-3.341659265415341529e-01,1.000000000000000000e+00,6.039124270244229375e-01,3.412163319170116171e-01,3.600569877325686119e-01,-8.624189191966008528e-02,-1.751345353422117945e-01,4.702172885620414799e-02,-3.965853023706074516e-03,6.573840895547604646e-01,5.439383180856139921e-01,-5.525481233546961080e-02,-1.537002070828262790e-01,-1.701070118199315417e-01,-4.390521223135740447e-03,-3.251428688848350124e-01,-1.133156312144825567e-01,-1.209002965827908893e-01,-1.454579909541107163e-01,3.507690832418165483e-01,1.914956768320665581e-01,3.680754539497567146e-01,1.959980730109660285e-01,2.095783227432652385e-01,2.492962152017516309e-01,-1.202929753943592223e-01,-1.487959743281223879e-01,-1.404898296532561264e-01,-2.702510793650068632e-01,-1.675453036491784120e-01,-1.692028795243716299e-01,-1.333298324843774640e-01,-5.941930048471536635e-02,-2.697807479183267354e-01,2.474263052268435917e-02,-1.635680348136596962e-01,3.038660788284637190e-02,-2.495975926336049533e-01,-1.614035968939859234e-01,1.032651504946471288e-01,-2.203251679836708016e-03,-7.769601519672868217e-03,-7.390596567493704083e-03,-2.522003977268835739e-01,-1.400651614538264700e-01,-1.852489446081979352e-01,-1.338458271783081188e-01,4.183735207961843949e-01,4.334880556361004333e-01,1.470836025562285709e-01,1.771756824943092057e-01,-2.053704545091315087e-02,-1.790296103326795840e-01,2.261449488457472623e-01,1.964318738598457847e-01,-2.950964521940048768e-01,-1.953587875494590120e-01,-1.118818052508167987e-01,7.171184664455043656e-02,2.194324514999235198e-01,3.738564210516702735e-01,6.318651838288176503e-02,3.680617549755815787e-01,2.495793273347047536e-01,2.259896938050955650e-01,-8.947028350027055876e-02,2.222590065047295727e-01,8.094952156332693716e-02,1.475082707556582551e-01,-5.074784983184509046e-02,6.258148035681261601e-03,1.089913216998600470e-01,3.669041916577813704e-03,-1.163979004038914189e-01,-7.051090324186223834e-02,-1.226811632255604551e-01,-5.837817844740392920e-02,6.674825166842089652e-02,7.175979305416345724e-03,-3.015623680046758959e-01,-1.251287132781873646e-01,-2.666847797547426957e-01,-3.110557571080552197e-01,-3.900942717739486754e-01,-1.653260698328040124e-01,-2.872903200765316092e-02,1.436451600382658012e-01,-7.743345152503830486e-02,6.729164431070186470e-02,-1.569696955859622156e-01,-1.011212610362360702e-02,-4.795325910011438708e-02,5.680279641726162371e-02,-1.836347488178926776e-02,1.577642360881209294e-01,-7.306804508789033203e-02,5.888275732952197306e-03,4.080696090541086757e-02,9.491790889725540414e-02,-1.595405364061654452e-01,-2.082038590010251433e-01,-1.170782827879238985e-01,-2.664108002712397005e-01,-1.342385311046624397e-01,-1.176399407291050664e-01,-2.293824730758078356e-01,7.792661459534372392e-02
5.188007004742127837e-01,5.699663690184000320e-01,-4.856514661327111099e-02,1.918107532380950164e-01,-8.667112644381480546e-02,-1.114297391030368289e-01,1.397089881252725485e-01,4.023639863101584613e-01,-9.041094639363088381e-02,-7.388998353839937305e-02,6.039124270244229375e-01,1.000000000000000000e+00,1.696047161001760228e-01,5.692677213354673249e-01,-9.715084168780493967e-02,-4.951494215608154281e-02,1.448141391678786360e-01,1.015025491507777627e-01,3.369605172732648701e-01,4.818819650721821723e-01,-1.666731356266938080e-01,-1.363573057770857133e-01,-2.801417387194655717e-01,-1.568692364420110896e-01,-4.889369367723847004e-01,-2.927173970122537439e-01,-2.333962725091269508e-01,-2.639586838938877689e-01,4.369858603754888660e-01,3.449150549443022462e-01,1.616684437280388187e-01,-6.330524282573306294e-02,2.202863542235078964e-01,3.053432848770174513e-01,-1.940299870544694161e-01,-2.158341876165839890e-01,-2.839226555918071271e-01,-3.741623648082486042e-01,-2.236700008447700672e-01,-2.480496085518129334e-01,-1.215761126420983190e-01,-4.856514661327111099e-02,-2.858405119763281488e-01,-1.103612191173750923e-01,-2.796440093244350611e-01,-8.303633196267486138e-02,-7.346074901424465287e-02,-6.427330366744370138e-02,2.529903719043172239e-01,1.716778275253487973e-01,3.697786930722004595e-01,4.091358458774078666e-01,9.380372566434316828e-02,1.203888682135852706e-01,6.430526794051905082e-02,1.138772891556637246e-01,5.114580503163321801e-01,6.825947683617624717e-01,5.465365568541675767e-01,6.048485235930582959e-01,2.361451999936071411e-01,-4.828888396740557004e-03,3.913271794497121814e-01,4.888273449789835023e-01,-5.949258999655242519e-01,-3.335540390283774359e-01,-2.882560977558797366e-01,-3.608994746443403706e-02,2.723515887385299372e-01,4.514565434291728518e-01,-9.607775537741815308e-02,1.258501925847452796e-01,2.828541356061453627e-01,1.651297178696268519e-01,9.183107338312149204e-02,1.515266365137024063e-01,2.770320715817063961e-01,2.629175618565763317e-01,7.626903872015050601e-02,8.988581905025011531e-02,1.322384808750904639e-01,-1.887330503734112042e-01,-1.016852021397797595e-01,-4.341889864813956723e-02,-2.730274047978373808e-01,-2.520382931991442879e-02,-3.213551025254059168e-02,-6.178922301701640640e-02,-4.126336506167962992e-01,-2.346565781332407841e-01,-4.765393651438734612e-01,-6.834212731369966320e-01,-3.301749587318402734e-01,-4.189625766857158484e-01,-2.393507599505923789e-01,-9.654808682409832254e-02,-3.059734376890743679e-01,-1.733765003230674784e-01,-4.971129411925870323e-02,-1.096351734860921134e-01,-5.390546337921728326e-03,-1.582254348853510129e-01,-1.226081020299596563e-01,-6.500391562345173013e-02,1.298594256933393309e-01,3.172454102728607117e-02,-2.041375468333679610e-02,-1.435355682448646031e-01,-1.409784263988365094e-01,-1.910984065809872012e-01,-1.446817157508522023e-01,-3.369719330850774741e-02,-8.478066800764402777e-02,-6.577790766434773312e-03,1.064022155807565900e-01,1.115028002986376415e-01
3.124073892266700514e-01,8.975111247086114616e-03,3.890485834119121744e-01,1.989616177575235789e-01,-1.063565523335060908e-01,6.196730968129336714e-02,5.970446746379475256e-01,3.590934932155830372e-01,1.521522230010342591e-01,1.785821105096246642e-01,3.412163319170116171e-01,1.696047161001760228e-01,1.000000000000000000e+00,5.012203502827696777e-01,5.856151638511469804e-01,4.403649406720260284e-01,-3.657009650927306454e-01,-1.720613988022530183e-01,2.190237654370315312e-02,-1.087584391388824873e-01,6.163396797636470220e-02,-1.994342323665662664e-02,3.646050471587186093e-01,3.211519010751411329e-01,7.949743030076097949e-02,1.041921144138323041e-01,1.360924589430328180e-01,2.172862788791499467e-01,-1.308320528597750054e-01,-1.850936895675462102e-01,3.776008073262113740e-01,4.023822516090586610e-01,1.706732360858377595e-01,8.555694321090255572e-02,1.214071586272714581e-01,-2.540931393254168558e-02,-2.487391235852955129e-01,-1.612894387758596615e-01,-1.415674822883679629e-01,-1.587939423136197625e-02,-7.144243348577247743e-02,-6.287144197685330671e-02,-1.600656637495462276e-01,-1.776825445387897884e-01,-8.121893472210489628e-02,-1.518919424917063998e-01,-3.479470945617355593e-01,-4.195881631730477013e-01,-2.489948377698983362e-01,-2.866898483751875171e-01,-3.111425172778311543e-01,-3.458146209151371497e-01,-4.089440602389557977e-01,-3.573674224695140844e-01,-3.744135126681263914e-01,-4.028069198084883173e-01,-8.572133090100436670e-02,7.349499644968252206e-03,-2.751279141713604548e-01,-1.957880220736137322e-01,2.857674507807273501e-01,4.231498964585868605e-01,1.870526428745927505e-01,1.260191465995721405e-01,1.874910100481975705e-01,2.540771571888791880e-01,2.275171294256248325e-02,-1.578806773686097092e-02,-2.541684836833801864e-01,-9.479005180495400640e-02,2.534150401037468803e-01,4.281591546819669136e-01,1.221880001552550360e-01,8.925109991346814875e-02,2.011351883266474794e-01,1.457411030870638391e-01,1.712531593259191409e-01,9.730153040373160089e-02,-1.397683503466982113e-01,3.070625061359988361e-02,-1.223432551959067471e-01,3.359011299370532333e-01,1.363984026996111765e-01,3.237455735189696537e-01,4.420773124439198454e-01,2.374922657874969367e-01,3.274625618451604825e-01,2.425106566603270897e-01,-4.847382011877010566e-02,3.868818623298758697e-02,-3.452826440846688133e-02,9.942943772560497440e-02,-1.655292712830687537e-03,4.591667827274201197e-02,-7.918692021945757109e-02,-4.436869419094999906e-02,-1.871531020185438488e-01,-2.993477005130265600e-01,-3.270013630479304267e-01,-2.585795533677786584e-01,-2.751005162230101830e-01,4.836879465009395057e-02,-2.219576290728762502e-01,-4.072933338508501200e-02,-3.233757012162405964e-01,-2.739109886321345819e-02,6.723684841400126566e-02,-1.582756644573265481e-01,3.108525556577904775e-02,-1.182655272164369470e-01,-3.362299053172568275e-01,-3.019276739826799449e-01,-1.429602113295082855e-01,-1.426086043256794000e-01,-2.365424702446864980e-01,-1.540198498135798011e-01
