1.000000000000000000e+00,3.781526667676051168e-01,3.501342747173059183e-02,7.226928256659946592e-02,5.226912319008040347e-02,-1.552327295619536363e-01,5.216552845269306626e-02,6.802349209890906634e-02,-2.349847396983002490e-01,-1.571579979121676129e-01,2.610013626692379574e-01,3.114344683597765617e-01,1.856911761190223886e-01,1.329359545458167757e-01,-2.048083895799631959e-01,-1.951310473427949888e-01,4.824486608387985875e-02,-7.281275649658536242e-02,3.307030895138219351e-01,3.977623536724334552e-01,5.587900134673158548e-02,-2.691375339671206457e-01,-2.852887504084023473e-01,-3.402688681876498977e-01,-1.444700332300042356e-01,-1.991409605622803669e-01,9.212600307596681415e-02,6.772227047789049215e-02,1.230291101212058480e-01,-8.633266660822860872e-02,-1.326889209412777104e-01,-1.946975432109587234e-01,7.278566248834558716e-02,-4.429392217644574636e-02,-3.264317988030823181e-01,-3.421718238251958422e-01,1.439584346038298157e-01,9.206703376391556226e-02,-9.133868307182302013e-03,3.492417662105842119e-02,2.701926065232809204e-01,2.771238913370892981e-02,-3.381985672050936698e-01,-2.255560248308616789e-01,-1.991170540844217351e-01,-9.980157623377347575e-02,-1.083776267242547164e-01,-1.314059399628652626e-02,6.229550000398441367e-02,1.199818310768274443e-01,2.987512849731849274e-01,2.432946314019555634e-01,1.213126250109571314e-01,-1.001027978547920499e-01,-9.105180533751961944e-03,-5.273769015610930283e-02,3.942720079050753279e-01,4.685462470814175107e-01,5.345870952832518785e-01,4.180908286782108463e-01,4.084230490321860696e-01,1.544533783837627183e-01,1.378065009682123421e-01,8.076405103236140859e-02,-3.216106591015945870e-01,-2.470543234865207327e-01,-3.376072803193905236e-02,4.493302201786610744e-02,3.608140952593454354e-01,3.095681693216138508e-01,1.009650248228928515e-02,6.317207085880037487e-02,2.049613910382583337e-01,1.818884523743116988e-01,1.215867526237359442e-01,1.135876451322426726e-02,-2.760480998334515212e-01,-2.154579285833818081e-01,-8.442492967511096291e-02,1.284638494210647852e-01,-2.105172564926009460e-01,-4.640884858433806659e-02,-1.225015738431256968e-01,-3.003291125118536312e-02,-3.121500689303444709e-01,1.204870546422395633e-01,-1.737841563802405148e-02,-1.188454764959478577e-01,-1.877582895711974731e-01,-1.087473802484679869e-01,-2.327184055973033627e-01,-2.859852257966833955e-01,-3.684163552183856716e-01,-3.022607559228299157e-01,-1.965590609535497121e-02,-7.984922981297165601e-02,-1.320306959175704675e-01,-1.661245208743395707e-01,-1.347114089681167304e-01,-6.957103809895688606e-02,-4.301572249360501900e-03,-6.633569476209069671e-02,4.072070061917777879e-03,-8.724270653204663217e-02,-4.050872984883137351e-02,-2.746694929436046054e-02,9.961032441090453965e-03,-1.407709042226808760e-01,-1.852911410561881855e-02,-6.693495047374670159e-02,-1.132720796245089145e-01,1.537489341695288114e-01,-2.362326578425200663e-01,-1.292017627043007821e-01,-8.852728127564965521e-02,-2.739204233040345993e-02
3.781526667676051168e-01,1.000000000000000000e+00,-1.382702866386695262e-01,8.955685358876076807e-02,-9.194431384424132936e-02,4.880746519615265094e-02,-1.579277864992150726e-01,5.635872466909450096e-02,-3.237303668050586225e-01,-2.375825769589366421e-01,1.281355337918064496e-01,2.770585469642757315e-01,-1.328769852337655100e-01,1.507319366637713265e-01,-2.808485205874618473e-01,8.705782976993999001e-02,5.326522643418944991e-01,5.930830590729068152e-01,3.816828566647275656e-01,6.054458956561930005e-01,9.871622213899226839e-02,-1.116273139478360724e-02,-2.950330307835746790e-01,-2.326833427631107010e-01,-1.805273769015610930e-01,-5.154236626317844350e-02,3.476798763238211909e-02,8.137924439592314485e-02,3.819330777996478021e-01,4.484185864896524931e-01,5.400313971742543018e-02,5.419917283586608847e-02,1.936966586712779714e-01,1.937715656352349547e-01,-4.047000135470041338e-01,-4.314178932017945778e-01,1.851206081807967307e-01,5.653403884005769181e-02,-8.482177720756400863e-02,1.225191052602220138e-01,2.092900572958585892e-01,2.249583628843962457e-01,-3.452095402784307598e-01,-2.927109149009076705e-01,-2.225469961510570527e-01,-2.605806086589262938e-02,-1.139079919355481391e-01,-1.268637091697280214e-02,3.163305150252213038e-02,5.544071591932360488e-02,-1.818916399046928423e-01,7.984763604778108426e-03,-9.496131134999880041e-02,-1.204838671118584059e-01,-3.121102248005801494e-01,-1.304831499175226617e-01,6.537545123476957709e-01,7.216983161870761387e-01,5.619616061965590492e-02,1.638087800524348769e-01,-2.218186454589645418e-01,-1.687303269609288503e-01,4.196335933826869091e-01,2.199332212385149421e-01,-3.211691861438054074e-01,-3.078134338467913289e-01,-1.831921523002016106e-01,-2.071018176891998575e-01,4.816501844783208086e-01,4.559045015897807973e-01,-6.541290471674808538e-02,-5.754448597088190898e-02,2.062364031907178985e-01,4.363745029444812129e-01,2.389819027962610254e-01,1.569619647937269269e-01,-3.344850943110551644e-01,-1.368008351329598749e-01,8.281522683263074780e-02,1.884149208297141720e-01,7.892325223724788730e-02,2.941612412243304053e-01,2.257791519575420847e-01,3.537138713353361608e-01,-3.198001418451019706e-01,6.006263497198957579e-02,3.479189411024073697e-02,1.484337272589629497e-01,-4.830112599510714144e-01,-1.531146156236801725e-01,-5.261720150770187177e-01,-4.686402792276613827e-01,-5.448190678067400539e-01,-4.455131525472352250e-01,-2.174373849500753006e-02,-3.797225254803209826e-01,1.448636932320761239e-01,-1.756823307222147024e-01,-3.078469029157934189e-01,-1.697646805696116923e-01,-2.510467052889097661e-01,-2.746806492999386284e-01,3.556168269728821052e-02,-1.052873160197308200e-01,-5.500402425710620297e-02,1.096829204153352069e-02,2.288487437145885206e-01,7.538509351417255200e-02,9.280494704715154530e-02,-1.287794149287985468e-01,-1.817689199850185955e-01,1.896899329821737437e-02,-4.017595167703942316e-01,3.519352293826550487e-02,-2.175138856792228903e-01,1.017204695232251377e-01
3.501342747173059183e-02,-1.382702866386695262e-01,1.000000000000000000e+00,3.134314561435663782e-01,4.285730223366191471e-01,8.086764576974873886e-02,7.177633099315477994e-01,-2.735092318848664217e-01,4.605184518164938678e-01,1.076317446150658608e-01,7.885950162962489934e-03,-6.333702555602482853e-01,7.672226250906453993e-02,-3.574321255249464091e-01,1.758927077273705342e-01,-2.521974037565045679e-01,8.112742949581237817e-02,-7.857262389532149865e-03,1.218640677668959005e-01,6.823227533887432639e-02,3.324785439361219175e-01,1.735195913586051464e-01,6.052562375985146570e-01,5.273721202655212714e-01,7.633242754345002101e-01,5.451362270796643594e-01,5.498123341488098115e-01,4.413550191650263965e-01,-3.344356875901473292e-02,-1.347321279155941909e-01,6.049677660990205874e-01,4.625377523129517443e-01,3.738606571093880948e-01,1.756377052968786101e-01,5.274486209946688264e-01,3.808652551219628979e-01,3.009650248228928349e-01,2.094287148674385812e-01,-1.584840105507255570e-02,3.641275330905497515e-02,-5.698507438899026722e-02,-1.416793503813083277e-01,6.195124672282032591e-02,-1.429623313597207790e-01,1.240108694785997112e-01,-3.253623823602068699e-01,-8.096327168118321732e-03,-2.217803950943907365e-01,-8.359139048044052223e-02,-4.856122847420889510e-01,3.154380065184995974e-02,-4.971399883655140961e-01,-3.705854696427575146e-01,-4.424403732598076178e-01,-2.457426547346779344e-01,-4.182565802580305858e-01,9.219772250954266779e-02,-1.136306767923881827e-01,-4.875008964929197081e-02,-5.168070508172031285e-01,9.196662655690937549e-02,-4.927890093952457806e-01,-1.082166564400066904e-03,-3.585589175146825514e-01,4.799687622022647537e-01,7.568631513519112619e-02,5.699734638095769190e-01,6.939572392799368827e-02,7.720039206623688366e-02,-1.097897026831037015e-01,4.704157336499613651e-01,5.333073018352205708e-01,3.436954633473850163e-02,1.230721417813513546e-01,1.835411868769374344e-01,1.286407573572185548e-01,2.053423009188056203e-01,-5.865055901314059073e-03,2.880411828925244500e-02,3.295922351759915103e-01,8.155296480169577089e-03,8.689207819012025741e-03,-6.442158276821076390e-02,-1.184932543888308903e-01,2.132904079242005368e-01,-4.554917164054219647e-01,8.947238403366032655e-02,5.141486504793248667e-03,4.073345074070237187e-02,-4.581134601439170173e-01,-3.211261544836599424e-01,3.770210934822972731e-02,-1.997434038043175153e-01,3.332084883934050001e-02,2.510180175154794538e-02,4.601200105188502608e-03,1.645992875869598249e-01,-7.507749683239167693e-02,-4.397389412617839222e-01,-1.455235120209739386e-01,-4.050362980022153558e-01,-1.400027094008239881e-01,-2.947190590410314615e-01,-3.843205380551283079e-02,-1.491620779510554606e-01,-1.109579325677947925e-01,-8.618763397588632968e-02,-4.475324530436930459e-01,-1.211612173178525653e-01,2.961215724087370039e-03,3.640159695272095555e-03,4.222202742869893277e-02,-1.843986325494664791e-01,1.463921140498370410e-01,1.273418387269003660e-03,3.155655077337455824e-04
7.226928256659946592e-02,8.955685358876076807e-02,3.134314561435663782e-01,1.000000000000000000e+00,-2.417104288025245101e-02,1.687478583780251673e-01,3.297787057032887104e-01,2.612005833180597314e-01,-5.581046944353688227e-02,1.721091091649467331e-01,-3.812126959335081222e-02,-1.305453067599550432e-01,-9.982388894644152189e-02,1.823745507574369221e-02,2.453442134370343100e-02,1.868562184733323361e-01,1.506251543960028250e-01,-8.191793703033732610e-02,1.439520595430675287e-01,1.724979878714469061e-01,1.614771015786244102e-01,1.021587549506331183e-01,2.142466670385452243e-01,3.014431543800651925e-01,3.331527066117349056e-01,2.810843978356668549e-01,3.353266023316784916e-01,3.340723091266963873e-01,8.234984739698299888e-03,6.733817306696204819e-02,3.460653921857692605e-01,2.801424826080373687e-01,1.406896221979615780e-01,2.439799504339025815e-01,2.532747890253329026e-01,8.989313804397197627e-02,1.250627545043788702e-01,4.213915163878905606e-03,-1.470073074133987912e-01,2.951350317557714376e-01,2.045756998621393180e-02,5.629975535704324907e-02,1.484146020766760332e-01,1.714572592020017702e-02,5.801624046729195183e-02,-1.307477149391580162e-01,6.395301580218186455e-02,-1.175083075010558732e-02,-1.546510052673939484e-01,-8.839021746926024881e-02,-1.300990525065942073e-02,5.997816541688912734e-02,-2.622715935261257791e-01,-3.256540413900819997e-02,-1.756169863494011496e-01,-1.376742184573946648e-01,8.215859557411405931e-03,-9.285276000286878453e-03,1.055869438755588190e-02,-8.053295507972809894e-03,-7.730239303843364218e-02,1.558383603343719420e-02,-1.908454127453402260e-01,-1.131413908788818090e-01,-5.251456302942887622e-03,2.990333814119165989e-01,4.035381587230753020e-01,4.064133111268716791e-01,-2.740001115635633255e-02,-6.353066802667962920e-02,2.087019579405366143e-01,7.691670186231462647e-02,-4.252165528452692828e-02,1.547609750655435934e-01,1.083202511773940363e-01,3.560471435743371889e-03,-1.219580999131398003e-01,-1.795217110663085980e-02,-2.994525416570376769e-02,1.624158292758727806e-01,5.410832822000334955e-03,4.730613838663149523e-02,1.545442229996254746e-01,9.436524316872395290e-02,-1.490345767358095264e-01,6.435305086501605376e-02,-2.323390894819466271e-02,1.941174126815896350e-01,-1.805895337439935022e-01,-2.869892978667452910e-02,-1.960123994931826652e-01,-2.945485261656400344e-01,-1.819856720509367420e-01,-2.250523950306401455e-01,9.069639570002151208e-02,1.224617297133613336e-01,1.173855875813816368e-01,-1.472718724350341457e-01,-1.969495334252404639e-01,-2.393277498426156780e-01,-1.039740535026974499e-01,-6.543840495979727501e-02,-1.559578927236650314e-01,-2.302990700380112832e-03,-8.730964467005075669e-02,-1.337997752791081352e-01,2.978747141183689211e-03,-1.775948489509040495e-01,6.073361011722142738e-02,-1.669835603120592149e-01,2.383157089466008891e-02,-1.150395652208560104e-01,-2.782251830837762507e-01,-9.645307556837651175e-02,-1.316226920287834057e-01,-2.675134872379252363e-02
5.226912319008040347e-02,-9.194431384424132936e-02,4.285730223366191471e-01,-2.417104288025245101e-02,1.000000000000000000e+00,2.477444238140394661e-01,3.288081027022288771e-01,-1.964873415199738516e-01,5.872371283538796449e-01,1.750751061846058110e-01,2.450653045286838028e-01,-3.554287626803943057e-01,4.570440437010415274e-02,-2.165958769294519803e-01,1.961399007084286272e-01,-1.606339997928105390e-01,-2.582696491325933014e-02,8.562822239399468793e-02,-2.830526978460263642e-03,7.510937213620316744e-02,3.043995888085808121e-01,7.506634047605766080e-02,1.760488967160468154e-01,1.227964204033819701e-01,3.897616524157495599e-01,5.360852345623918769e-01,5.724023619600124846e-01,3.242451529616141581e-01,-6.562009419152275980e-02,-1.930527775342858604e-02,2.745595231454549534e-01,3.336563364119564112e-01,2.950935938608164610e-01,1.160739188295388524e-02,1.227103570830909429e-01,1.401652734502625841e-01,7.784586696841953868e-02,1.689741730350867444e-01,-2.726613488034807659e-02,1.311987504880905882e-02,-3.879224473858266381e-02,6.385420236036624952e-02,-1.496864266987544823e-01,-1.901457498266780344e-01,7.229159527926751205e-02,-9.509996892157877857e-02,-1.500705241096829123e-01,-2.352636486066507771e-01,3.130154834288264437e-02,-2.817489979201364125e-01,1.370000557817816766e-01,-2.540605152642861353e-01,1.938974730852903450e-02,-2.054666146036704388e-01,-1.084700651053080306e-01,-2.676218632708842748e-01,2.200989728183346816e-01,1.235964905290503485e-02,6.474033580632565510e-02,-1.931946226362470098e-01,2.413725505821227302e-01,-2.576799560120807131e-01,1.537170588657173209e-01,1.081321868849062506e-01,2.541625162364828938e-01,-6.148267975679143349e-02,1.727179274677461684e-01,3.589796715249942566e-02,1.121054435050084126e-02,-7.615806963160118292e-02,2.497015674680649333e-01,3.205237112416227663e-01,1.029460749547769088e-01,3.040266477539864051e-02,1.694299898795910420e-01,1.135669261847652017e-01,-6.882515598976803040e-02,-9.677660990206313207e-02,-5.297675493469547470e-02,7.171943357585126996e-05,7.742989425367960421e-02,-2.411526109858234609e-02,-2.233741602849652064e-01,2.721194686386854689e-02,1.937906908175218434e-01,-1.120002550024304933e-01,7.155527576122210076e-02,-3.982978587764664929e-02,3.697088987879415534e-01,-1.939468798061981525e-01,-1.238801807329726057e-01,-6.508937038306146679e-03,3.641753460462669907e-03,2.031572488425280321e-02,-1.260747954003936522e-01,7.210193722158914076e-02,5.137183338778697483e-02,-7.743308178406074771e-02,-1.660193323717616687e-01,-2.366741308003091765e-02,-1.611296607670791720e-02,9.588410139534142562e-02,-3.678410059845883123e-02,9.423136689271569000e-02,-1.457737331558941474e-01,-1.410482193658408323e-01,3.248093458390775498e-03,-2.728908509909235280e-01,-1.266278319215229931e-01,-6.657316577548630376e-02,-1.034544860505701713e-01,2.258540589214990957e-01,-7.763389619807313513e-02,1.186191618388862806e-01,-5.019882220752416857e-02,-1.243136848648088806e-04
-1.552327295619536363e-01,4.880746519615265094e-02,8.086764576974873886e-02,1.687478583780251673e-01,2.477444238140394661e-01,1.000000000000000000e+00,9.017523448270366171e-02,1.499015849994820293e-01,2.363888468311963476e-01,3.164978603702316429e-01,7.261672337814470413e-02,-3.728613663348978591e-02,1.744057248045645381e-02,1.526986429089402172e-02,1.660878642749563650e-01,4.036545035819872895e-01,-3.336228673429543490e-02,7.821562049263282301e-02,-7.007785542955956119e-03,8.855437528388943047e-02,1.447298169560678680e-02,1.356405740742216426e-01,1.108782443082660663e-01,2.728669445130648685e-01,1.153774434412578043e-01,3.856577070500203375e-01,3.171465228027954830e-01,4.137223182908462138e-01,-2.821123763835874099e-02,7.837977830726199080e-02,2.607320163520308598e-01,3.727290838240802096e-01,2.463227852640470505e-01,2.492967511096590150e-01,1.531162093888707443e-01,1.529185825052395142e-01,-5.395054546613647223e-02,-1.078739969240331831e-01,2.573930782777773471e-03,9.446565037573013968e-02,-5.516658830654479900e-02,-7.858856154722725085e-02,-1.776075990724286513e-01,-2.108535409478121680e-01,-7.900294049677661357e-02,-2.594107850090446310e-01,-3.668847468702435971e-02,-2.627624732048227107e-01,5.749029795440237928e-02,-2.697065081401557318e-01,-2.432723186892874964e-02,-2.323645897249958236e-01,-2.935651730430555717e-01,-2.199778466638510066e-01,-3.714269776633808556e-02,-1.507765620891074188e-01,-2.069982229518125064e-02,-1.441879367912725363e-01,-6.372988867550144487e-02,-1.650790109093227265e-01,-5.941875383499749252e-02,-5.841786929531671974e-02,5.918765788236419328e-02,1.188853206257122069e-01,5.014941548661635412e-02,7.521774816916224071e-02,1.613862569627616816e-01,1.074133987839571563e-01,3.925603040903983404e-02,-5.498489907481930380e-03,1.361107348054411137e-01,-8.746902118910820922e-02,-4.266350038648805687e-02,-2.942249918319533863e-02,4.995019483779454539e-02,1.044776833029189833e-01,-9.355879798229327360e-02,-3.066563603184342679e-02,1.783104495214719865e-02,-1.247551578225979951e-01,-1.225159177298408564e-01,-3.823283315669102206e-02,5.454023858664902580e-02,4.104232243463570295e-01,-5.813258532620389080e-02,-1.139988365514108815e-01,1.727099586417933097e-01,3.381937859095219268e-01,-5.577540660934424827e-02,1.300990525065942073e-02,-9.731211500609615594e-02,-2.493302201786610772e-01,6.575237670234045095e-02,4.506052323311206254e-02,-2.189195865773095606e-02,-1.046561850042633246e-01,-5.729585860115229620e-03,-1.654615145550606126e-01,-6.952481890843022205e-02,-2.194758106288200450e-01,-6.584959637896548035e-02,4.750535903545330396e-02,-1.904390026217437498e-02,7.090023826789598749e-02,2.119707703464048659e-02,-2.294543744870068333e-02,3.773796906501765136e-01,4.772370486656200839e-02,3.437592139550080250e-02,-1.492146722023444394e-01,-3.434787112814668975e-01,-8.229247185012232568e-02,-8.075926973678967946e-02,7.071376774059877357e-02,-9.338985887209237668e-02,-1.458279211723736701e-01
5.216552845269306626e-02,-1.579277864992150726e-01,7.177633099315477994e-01,3.297787057032887104e-01,3.288081027022288771e-01,9.017523448270366171e-02,1.000000000000000000e+00,4.867358892014439498e-02,5.382862242905752659e-01,1.607184693479109805e-01,7.015116862832598832e-02,-4.168253791168947120e-01,2.476758919108447698e-01,-2.799432619592155391e-01,1.432157400250221035e-01,-1.351911322904796320e-01,3.272478065806564557e-02,-1.221031325454820793e-01,1.684004175664799430e-01,6.793902254380862482e-02,2.961598227733108213e-01,5.047454358549354966e-03,4.055112400290065144e-01,3.060730422586840360e-01,5.345631888053933300e-01,3.655523591709233244e-01,2.705591725171130335e-01,1.938974730852903450e-01,-7.487986994876044688e-02,-8.375395452987911826e-02,3.467315860354294177e-01,2.954617536198391736e-01,3.554431065671094792e-01,2.913673708452533817e-01,4.266142849174031082e-01,3.382495676911920768e-01,1.643379100957055861e-01,3.963694028958713450e-02,-2.957550064149049029e-02,7.108192749962148095e-03,-2.872283626453314698e-02,-1.536102765979488194e-01,1.727641466582728255e-02,-1.652527313150953525e-01,1.599566495868163796e-01,-2.292949979679493877e-01,-8.041182892524444126e-02,-2.540429838471898183e-01,-5.952872363314713061e-02,-4.261903433767103011e-01,-4.324203715066659431e-02,-3.981639825004582023e-01,-3.525886731107905625e-01,-2.620946855899720096e-01,-2.774777072093968511e-01,-3.920407366382711034e-01,-1.687956713337424031e-02,-1.390193562782395253e-01,-2.579349584425726441e-02,-4.098797504163711469e-01,2.904302369131955830e-01,-1.534524938440819386e-01,5.603678410059845932e-02,-1.815027611981926692e-01,5.550127899656543962e-01,2.067703145295603506e-01,5.289340101522842508e-01,2.461490648582744245e-01,9.998964052626126142e-02,-9.558766106989456668e-02,3.555992955557857882e-01,5.463331447377858252e-01,-4.220290224641203881e-03,9.336435862904318705e-02,-7.134649252125684071e-02,-1.187402879933699418e-01,7.410051877056952896e-02,-1.320705400473348168e-01,2.142339169170206017e-02,2.699073225541681054e-01,1.006606156714931199e-01,1.438564336316330572e-01,2.483404919953143344e-02,6.337926033357504929e-02,1.338539632955876579e-01,-2.458111866378726307e-01,-4.427479699415885067e-02,-1.341950290463705953e-02,3.060347918941102446e-02,-2.255321183530030471e-01,-2.070906613328658274e-01,6.682657444078764046e-03,-7.396664249456127473e-03,1.543960028369020521e-01,-3.308337782594490684e-02,1.253209444652519378e-01,-9.555419200089250442e-02,-1.805465020838479817e-01,-3.529249575660017846e-01,-1.439201842392560382e-01,-1.928439942943206142e-01,5.178143104176461363e-03,-2.408816709034257986e-01,-2.659197220473507803e-02,-2.544509877359768524e-01,-2.023013969351895314e-01,-2.281363306744017272e-01,-3.236299595980524080e-01,-5.484783526842990087e-02,-8.238172270079449633e-02,-1.273450262572815017e-01,-7.655651092924480039e-02,-1.442453123381332303e-01,1.398911458374837713e-01,-1.037620827323510464e-01,-8.266381913952616789e-02
6.802349209890906634e-02,5.635872466909450096e-02,-2.735092318848664217e-01,2.612005833180597314e-01,-1.964873415199738516e-01,1.499015849994820293e-01,4.867358892014439498e-02,1.000000000000000000e+00,-7.977272908382408712e-02,4.530070364733163601e-01,3.060650734327311495e-01,5.604682482129907939e-01,2.708364876602730176e-01,3.638820932512012996e-01,1.282136282861446042e-01,4.196941564599287466e-01,6.305572599988844285e-02,-7.422801998581549099e-02,5.705679382256612087e-02,1.246754695630692689e-01,-1.227055757875192277e-01,-1.781080413422690412e-01,-4.526930647307732258e-02,2.078269808509112301e-03,-2.665588218887711136e-01,-1.408107483524452253e-01,-2.447672704380463582e-01,2.710994589167178143e-03,-4.878515248348460655e-03,3.108479627696451517e-02,-1.136721146873431176e-01,7.369570241216361756e-03,-1.152403796348683979e-01,1.296209229494218740e-01,-1.098247655172963355e-01,-9.385683207293069041e-02,-3.261783901377809936e-01,-1.511893472734661958e-01,-2.523328737977033609e-01,-7.579469116815019947e-02,-1.673565013666536427e-01,1.444907521774816891e-02,-1.644940990843818951e-01,-2.130768433886635616e-01,-1.800954665349153994e-01,-1.141916821394703963e-01,-7.810246316410203449e-02,-1.287347895034624545e-01,-2.165783455123556633e-01,2.375666393070308829e-02,-3.075727753030146339e-01,7.435233367068029564e-02,-9.322091976189147977e-02,1.053367227406386275e-01,-2.248866434508203782e-01,-1.163815155113197136e-01,-1.289515415693805872e-02,3.952537672624691946e-04,-1.007928981823107972e-01,1.916964833571069837e-01,1.131796412434556004e-01,6.480886770952035691e-01,1.176995593239248128e-02,3.629895847444796209e-01,1.658312680792738830e-02,4.037166604244196710e-01,-1.834232482528349029e-01,9.507765620891074632e-02,1.310234363171274008e-01,1.904820342818892565e-01,-2.554295595629895721e-01,-2.418841492082971500e-01,1.713297579867558177e-03,-2.175011355576982747e-02,-1.130919841579740015e-01,-2.243495445815967826e-01,-1.833021220983512556e-01,1.837770641251424558e-02,-1.707894715871510760e-01,-9.118886914390902931e-02,-7.608635019802532755e-03,5.386448214584545202e-02,1.029141996509654183e-01,7.555722015475460629e-02,-6.101570655595311282e-02,1.830040880077138110e-01,-1.639585939803488712e-01,-3.814676983640000185e-02,-1.190112280757675972e-01,3.039692722071257180e-01,1.935962514642717569e-01,-1.199722684856839999e-01,2.008925085067217176e-01,-1.168708014248260804e-02,1.029572313111109388e-01,7.661707400648662403e-02,-1.873200041437894925e-01,-2.191156196957502189e-01,1.932488106527265326e-01,-2.251894588370295380e-01,1.692100502832917519e-01,-1.037923642709719513e-01,2.437982612021770759e-02,-1.112479978324793367e-01,2.963287618835117043e-02,2.097554367315063520e-02,-3.769732805265800513e-02,1.101467060857923841e-01,4.319103666456821072e-04,-2.494720652806222197e-02,-7.476671262022965836e-02,-1.030162006231621907e-01,4.989281929093386525e-02,1.084397835666871257e-02,1.887974244754520373e-02,-4.930153240523073993e-02
-2.349847396983002490e-01,-3.237303668050586225e-01,4.605184518164938678e-01,-5.581046944353688227e-02,5.872371283538796449e-01,2.363888468311963476e-01,5.382862242905752659e-01,-7.977272908382408712e-02,1.000000000000000000e+00,3.568727139430547535e-01,4.671485150092836991e-02,-4.427814390105905828e-01,1.239072747412123809e-01,-2.925451633210879310e-01,3.395516738518913891e-01,9.018639083903767784e-02,-1.407246850321542120e-01,-3.837786578903330109e-02,-2.023508036560973389e-01,-2.193499031787646825e-01,3.389635744965694419e-01,1.135223007594291095e-01,3.788300169735993039e-01,3.189442899377634699e-01,5.126536987305659876e-01,4.657890333017236650e-01,3.262756098144060646e-01,1.725569571834981442e-01,-2.544509877359768524e-01,-1.028153862091498033e-01,1.996366215365490138e-01,1.942162261234052500e-01,5.370032433121628423e-02,-4.396082525161568166e-02,3.070771143287459592e-01,2.586585278390934883e-01,1.294296711265529275e-02,3.729569922463323722e-02,1.004119883017634968e-01,-7.884356397771916450e-03,-1.187976635402306219e-01,-8.164540318274908504e-02,3.096367012248085401e-02,-6.816374343567961624e-02,9.430946138705384452e-02,-1.600889320976340569e-01,-7.709201603327781038e-02,-1.531480846926822348e-01,-4.873893329295794774e-02,-3.166811433671476994e-01,-2.595765365888643567e-02,-3.431711145996860224e-01,-1.340244961709791405e-01,-1.720708588003729278e-01,-8.348142068229087720e-02,-1.767772474081393541e-01,-1.019324402935715412e-01,-3.140259305596506678e-01,-1.292671070771143349e-01,-4.100040641012359655e-01,1.155989768027476522e-01,-1.875813816350437035e-01,5.079807791918016652e-02,-1.469706508140155576e-01,6.139805082517192369e-01,2.876825857246451679e-01,2.351345536262142433e-01,3.001378606889847089e-02,3.854361736885304757e-02,-1.988030823418785731e-01,2.563874124425248313e-01,2.918614380543314568e-01,-1.068380495501597693e-01,-1.642024400545067653e-01,-1.847827299603949369e-01,-1.410992198519392116e-01,3.833324036369721577e-02,-4.837236729912582078e-02,-7.535321821036106149e-02,5.433783040744607357e-02,1.336563364119564279e-01,2.553689964857477554e-02,-1.073448668807624601e-01,1.758560511279873284e-02,3.126696363824717495e-01,-2.097139988365514240e-01,1.028313238610555486e-01,-2.803911099777669710e-02,3.636940289587135000e-01,-6.597869135940201413e-02,4.934615783056682525e-02,2.750615591804859150e-01,2.792961932918422985e-01,3.066197037190510621e-01,-4.801217636605598776e-02,1.548311007339288614e-01,1.742941612412243421e-02,6.066985950959845331e-02,-1.397094566057582865e-01,6.740032990939445051e-03,-2.789089083505327023e-03,7.455633561507382656e-02,-7.630788355951517721e-02,4.188255544310656719e-02,-1.888595813178844396e-01,-1.193905441911243259e-01,-3.156133206894628368e-02,-1.499605543115332951e-01,-1.480384734917004619e-01,-1.415900995306361432e-02,-1.372439018559395707e-01,8.662273187291316678e-02,8.149718302002566250e-02,1.510188143980747411e-01,5.553793559594864815e-02,-3.968315948011379157e-02
-1.571579979121676129e-01,-2.375825769589366421e-01,1.076317446150658608e-01,1.721091091649467331e-01,1.750751061846058110e-01,3.164978603702316429e-01,1.607184693479109805e-01,4.530070364733163601e-01,3.568727139430547535e-01,1.000000000000000000e+00,1.699176820279068301e-01,1.219724437998549738e-01,2.104104742248324444e-01,1.904007522571699584e-01,5.158077600427128928e-01,5.323988556765931746e-01,-3.169839587533569009e-02,-1.395947055120368985e-01,-1.389141677756616233e-01,-2.290543394241726372e-01,5.604475292655133195e-02,9.976013833881854087e-02,2.824056291786530837e-01,3.123317581620699834e-01,2.857796300870992789e-01,2.916654049358907708e-01,2.298018152985520646e-01,2.386456183410498033e-01,-2.074141956665524478e-01,-2.187283347544406384e-02,1.910717274024018031e-01,2.629027245415933023e-01,-5.086660982237486972e-02,1.181840639418594435e-01,1.606579062706691430e-01,1.994278382965837537e-01,-9.051789399867717079e-02,-3.878586967782036987e-02,1.096717640590011839e-01,5.585350110368239585e-02,-1.391149821896739969e-01,1.932376542963925026e-01,-1.041047422483245555e-01,-1.628684585899959347e-01,-1.153264429551594111e-01,-2.321398688331248183e-01,-1.469786196399684441e-01,-1.215389396680187084e-01,-3.952728924447561076e-01,-1.885774848791527680e-01,-1.307254022264899840e-01,-1.285610690976898285e-01,-1.879654790459721614e-01,-1.268637091697280284e-01,-1.970340029803409054e-01,-1.250643482695694420e-01,-9.781255727593653193e-02,-2.195220298193467090e-01,-2.318545848640119755e-01,-1.341918415159894518e-01,1.379228458271243019e-01,2.456422475276717476e-01,-1.154411940488807853e-01,9.224394170006933180e-02,3.647937269402098948e-01,5.507271553681996057e-01,-3.779454772928304146e-02,6.537306058698372224e-02,-1.574640008287579024e-02,-3.649403533377427317e-02,-8.158484010550726140e-02,-1.480352859613193184e-01,-1.479061909808827846e-01,-2.953135334571157511e-01,-3.801129979520117240e-03,-5.203802723744710423e-02,7.283506920925339467e-02,1.089657260795766913e-01,-2.360700937930814702e-01,5.246515630852106871e-02,-1.793097402959621944e-01,1.163607965638422531e-02,-7.520021675206592371e-02,1.437416825379116969e-01,1.848401055072556032e-01,3.917793591470168646e-02,1.425877965399357794e-01,1.292320442429217009e-01,1.344149686426698853e-01,1.518204782889336912e-01,1.686872953007833298e-01,6.987385348516603201e-02,2.801775454422300027e-01,1.545617544167217916e-01,1.981528261441242028e-02,2.255831188391014264e-01,-1.045860593358780427e-01,-1.756647993051183715e-02,4.940672090780865583e-02,-1.802293428109236761e-01,-1.693056761947262304e-02,-2.197881886061726631e-01,-1.297547992254301230e-01,-2.456406537624811759e-01,1.644287547115683493e-02,1.316768800452629284e-02,-9.704754998446078751e-02,-1.197666727760998973e-01,4.375204201165042162e-02,1.854664552271513833e-01,-9.938719728422411304e-03,-4.631481643809417376e-02,7.301357091059773596e-02,-1.588824518483691883e-02,8.703551705727195775e-02,-7.456430444102669919e-02
2.610013626692379574e-01,1.281355337918064496e-01,7.885950162962489934e-03,-3.812126959335081222e-02,2.450653045286838028e-01,7.261672337814470413e-02,7.015116862832598832e-02,3.060650734327311495e-01,4.671485150092836991e-02,1.699176820279068301e-01,1.000000000000000000e+00,2.992581023037875765e-01,6.029899034975176875e-01,3.221876021005825041e-01,1.597430850512794043e-01,-1.757604252165528499e-02,2.443799854967367569e-01,1.051534397437225571e-01,3.500338675102996899e-01,1.648479149566894342e-01,-5.649419471029333562e-02,-1.946672616723378046e-01,-3.209843093816987930e-02,-1.179561555196072947e-01,4.358947796221182905e-03,2.191108384001785175e-02,8.626413470503391245e-02,-1.981687637960299203e-02,1.745810389755277359e-01,1.490632645092398456e-01,1.017380009403214686e-01,3.927356182613615798e-02,1.657197045159336801e-01,1.266405820430475948e-01,-1.490999211086230791e-01,-1.182780960881033433e-01,2.253583979472304454e-03,-2.904955812860091427e-02,-1.589159209173712506e-01,-1.120751619663874904e-01,6.082126720270302628e-02,1.485038529273482177e-01,-2.682625568774952285e-01,-2.627608794396321668e-01,7.020854417518666846e-02,-3.736901242339966261e-02,-2.174246348285507058e-01,-8.937675812222585503e-02,1.045780905099251701e-01,-4.415367083967518952e-02,-8.493493453609479715e-02,-9.888356748400257967e-02,-1.777096000446254376e-01,-2.824614109603232337e-01,-2.016527345026257190e-01,-2.723234705830789859e-01,2.225294647339607357e-01,1.116496266605041116e-01,1.217540979687462693e-01,8.984851261863589789e-02,3.044856521288718532e-01,8.280407047629673167e-02,3.723433926479611800e-01,3.817992015236394976e-01,-9.711767565284606940e-02,5.837483763517121310e-02,-3.665341185283172570e-02,-5.371307445274087905e-02,1.150825968810015171e-01,1.400266158786825921e-01,-3.487795743053175718e-02,-7.910334770378280034e-02,6.265090964148251756e-03,-4.986891281307524737e-02,5.181808764114782806e-02,2.493286264134705194e-02,-1.175481516308202329e-01,-1.007801480607862094e-01,-2.078795751022002036e-01,-1.794738981105913761e-02,-6.001322825108176828e-02,9.435089928200877723e-04,-1.461482679756791365e-02,-4.049757349249735218e-03,2.377419534779940877e-02,-2.162739363609559456e-03,1.165950800468567028e-01,-3.426595159735116246e-04,1.962084326116233374e-02,-1.712468821968459454e-01,-4.751492162659675528e-02,-1.144291531528659894e-01,-8.771446102845667503e-02,-7.811680705081720799e-02,-2.061120895058531077e-01,-1.666632135087537658e-01,-2.162022169273800920e-01,-3.021380360031556411e-01,-7.549984460789391227e-02,-1.461387053845356887e-01,-4.079401381794420245e-02,-7.785702332475356868e-02,5.447170668345432953e-02,-2.409613591629545387e-02,1.061001362669238002e-01,1.427296416418968872e-01,6.060929643235662273e-02,-1.817386384463977045e-01,3.875399437400887936e-02,-1.137310839993943730e-02,-6.390679661165520054e-02,-1.508339376359680954e-02,-3.656894229773127725e-02,3.470583078994971676e-02,1.770832503247296574e-02,6.087545521918255598e-02
3.114344683597765617e-01,2.770585469642757315e-01,-6.333702555602482853e-01,-1.305453067599550432e-01,-3.554287626803943057e-01,-3.728613663348978591e-02,-4.168253791168947120e-01,5.604682482129907939e-01,-4.427814390105905828e-01,1.219724437998549738e-01,2.992581023037875765e-01,1.000000000000000000e+00,2.761532883360294788e-01,6.173321964474973722e-01,-7.574687821243296371e-02,3.310234363171273841e-01,8.500984150005179429e-02,3.324275434500235243e-02,2.219748344476408231e-01,1.432173337902126753e-01,-3.001107666807449337e-01,-3.469610882228721382e-01,-4.337782594490353638e-01,-4.492712508666097948e-01,-6.284391460606109092e-01,-4.811258357306217870e-01,-4.019794563666935217e-01,-2.346213612348492794e-01,4.700013547004119885e-02,1.256237598514610976e-01,-3.662456470288232291e-01,-2.798524173433528106e-01,-1.700260580608659033e-01,-3.780570408561706452e-02,-5.286774139566017272e-01,-4.313079234036449328e-01,-2.382312393915004545e-01,-2.297380646909290836e-01,-1.531146156236801725e-01,-2.561005347082214167e-01,1.821036106750392389e-02,6.967303907115364459e-02,-2.626349719895767487e-01,-9.874969120799433064e-02,-2.468630716636517897e-01,1.544438157926192601e-01,-1.053685980444501180e-01,1.738622508745786555e-01,5.774370661970371771e-02,4.517925873980986329e-01,-7.411008136171297507e-03,4.687343113739053102e-01,2.073727577715974990e-01,1.793432093649642567e-01,-5.261815776681621343e-02,1.723210799352931366e-01,1.334969598928989754e-01,2.843787104845842961e-01,2.340954187219596860e-01,6.201276605917650508e-01,2.062172780084310098e-01,5.899321852911411090e-01,8.511343623743913844e-02,3.529807393476719346e-01,-3.851253894763684293e-01,-1.014750296838766788e-02,-4.575556423272159057e-01,5.239184310975464332e-02,1.571309039039278377e-01,3.325375132481731555e-01,-3.594402696650702556e-01,-4.957183498155216528e-01,4.067288766346053956e-03,-6.058538995449800485e-02,-1.578783797783072512e-02,-8.891297245176868480e-02,-1.444381579261927451e-01,-3.407629353967280006e-02,-1.002908621472798356e-01,-1.746033516881957681e-01,-1.709615982277331026e-01,-9.066930169178175764e-03,9.145662169592554125e-02,4.341416379124863473e-02,-2.379029237622421189e-01,2.816964036688474615e-01,-1.132131103124576627e-01,-1.266166755651889908e-01,-3.173313995649020836e-01,2.439927005554271555e-01,1.838806588625297722e-01,-9.920550805249862825e-02,-1.138426475627345863e-02,-1.182159392456709340e-01,4.339822613934288947e-03,-1.751643570352779955e-01,-1.828478990190375297e-01,-1.391452637282949156e-01,3.760186151774259078e-01,2.617440572480456487e-02,3.248444086732701908e-01,-2.265696594920670395e-02,2.398457235295523848e-01,-1.085385970085027407e-01,2.194088724908159205e-01,1.788140793216935476e-01,8.202312553291524200e-02,8.685064029516531559e-02,6.244850146227956533e-02,8.376032959064140526e-02,-9.989720214520794034e-03,-9.272525878762281903e-02,6.112248882372160047e-02,-8.147327654216704462e-02,9.557012965279824968e-02,1.295890476456103800e-02
1.856911761190223886e-01,-1.328769852337655100e-01,7.672226250906453993e-02,-9.982388894644152189e-02,4.570440437010415274e-02,1.744057248045645381e-02,2.476758919108447698e-01,2.708364876602730176e-01,1.239072747412123809e-01,2.104104742248324444e-01,6.029899034975176875e-01,2.761532883360294788e-01,1.000000000000000000e+00,3.738383443967200348e-01,3.918670162324984774e-01,1.810836009530715843e-02,-1.359832335901951517e-01,-2.196144682004000370e-01,2.022137398497079463e-01,-5.151686602012925387e-02,-2.120329271888372613e-01,-1.710954745037413516e-01,1.949621082325941057e-01,1.208870897050737594e-02,-4.649172437424794330e-02,-7.227406386217118117e-02,-5.779789463618325435e-02,-1.623839539720612901e-01,4.732845109929954136e-02,3.568440261696244342e-02,5.646231940648184511e-02,4.167058467276016365e-02,5.535305883384201292e-02,5.434739299858951794e-02,-6.030329351576631941e-02,-1.071599901186558179e-01,-6.702420132441887224e-02,-2.103897552773549839e-01,-2.139948521384344576e-02,-1.755580170373498838e-01,2.881846217596761503e-02,7.827299603949350315e-02,-3.130521400282096356e-01,-2.642239558845795311e-01,-6.430842543967997538e-02,-1.859158970108933939e-01,-3.256396975033668539e-01,-2.092964323566209039e-01,-5.976938217692387423e-02,-9.428874243957638401e-02,-1.206241184486289697e-01,-1.179848432930376417e-01,-1.899592792993808343e-01,-1.838918152188638022e-01,-1.047693423327941131e-01,-1.935452509781733776e-01,-7.112336539457642104e-02,-7.444477205173362366e-02,1.029986692060658737e-01,4.053741762226171358e-02,3.348022535839794700e-01,1.300576146116392551e-01,1.487269800540286513e-01,9.089880387922447125e-02,1.656432037867860974e-01,9.450868203587566019e-02,-6.759158173226338662e-02,-8.366470367920694762e-02,-6.556271864466207966e-02,3.074532429137215306e-02,7.199674871901122486e-02,8.262078747938066473e-03,3.934846879009315512e-02,-8.457155607264381370e-02,-5.775645674122831252e-02,-1.473117165647985088e-02,6.772227047789049215e-02,-6.111451999776872784e-02,-9.699336196798125087e-02,-1.144833411693455261e-01,-1.491557028902931736e-01,-5.826486783702157501e-02,-1.554558566886340629e-02,2.266174724477842614e-02,2.355314011586673029e-01,-1.288877909617575958e-02,7.410530006614125809e-02,4.346994557291874312e-02,-2.252149590800787277e-02,-8.332841922399572554e-02,1.604076851357489619e-01,-1.343384679135222956e-02,7.976316649268062886e-02,4.150005179736869498e-02,-2.083210480599893277e-01,-6.263975328514849450e-02,-2.567715098534533169e-01,-2.499007881168867351e-01,1.124241965431233004e-02,-2.343312959701647144e-02,-1.513280048450461879e-02,-4.536015108894006498e-02,1.712181944234155914e-02,-9.298026121811472922e-02,1.090677270517734637e-01,2.151120815370271555e-01,1.593127684498242894e-02,-2.387683382607240501e-01,1.568599638215301684e-01,1.468654623114376556e-01,-1.090454143391054141e-02,-1.575277514363808695e-01,1.836670943269927969e-01,6.142849174031189685e-02,6.888731283220042578e-02,8.618763397588632968e-02
