0.000000000000000000e+00,3.365175837749350141e-01,6.738753712992792688e-02,5.472740182972632081e-03,-2.080942672076239452e-01,-2.522825915719344447e-01,6.281207975542764388e-02,1.869681658671793270e-02,3.814935991543166871e-02,-2.067654667126343493e-01,5.777473863498855389e-01,3.836329222880026646e-01,5.911632483920828962e-01,1.276675898253152586e-01,2.008109792711689212e-01,-4.625458630239571989e-02,8.461628031754221679e-02,3.126790855478105841e-02,5.794551917970542920e-01,3.505407670055640801e-01,-7.125064784732036693e-02,-1.652256106888529141e-01,1.213432300811207593e-01,4.552397434638769808e-02,-1.700887465210313421e-01,-2.904479336239038090e-01,-3.066949169956322829e-01,-3.570614787129356982e-01,4.530022443486023814e-02,-1.905047843667306839e-01,9.440876369041232424e-03,-2.108294957179289997e-01,-1.090917808438111453e-01,-1.998292194552831191e-01,-2.749589601565335939e-01,-4.768727068488021192e-01,-1.144572123957450921e-01,-9.416903164234717571e-02,-2.664336318948649640e-01,-6.568429800748420977e-02,6.954284240015159990e-02,-2.920164661669585274e-03,-4.039142535543130408e-02,-1.435492672190397390e-01,-3.918614394425430913e-01,-3.576573840895547890e-02,1.405583245241318890e-01,2.299372815299014286e-02,4.708565740235485381e-02,-2.531342111331563033e-02,-1.747874946631079729e-01,5.735075538426764180e-02,9.637228332218389371e-03,2.022859021573601146e-01,-1.819063949094611998e-01,1.273753450429120360e-01,4.734479633050144853e-01,1.802396863848178821e-01,2.934091952080988483e-02,2.829066483404834437e-02,7.615944692674930794e-02,-4.230471541522732443e-02,1.153933089643803811e-01,-4.127729235209103703e-02,-8.079426652267522602e-02,-2.403051218181278537e-01,-3.713769067259680146e-01,-5.293123799912783367e-01,2.687396258810152982e-01,1.355399336513017361e-01,9.137900723534152225e-02,1.120781572139939591e-01,3.586870903150535805e-01,1.351654950238476427e-01,2.168775928162579303e-02,-6.792408028512131671e-03,3.090009109817826727e-01,1.737189746774462362e-01,-2.206333949026117180e-01,7.040131144846104028e-02,-1.797990360488505371e-02,-9.213245081497480060e-02,1.038153926240156788e-02,4.125446072846578049e-02,1.404624317049058269e-01,-3.506252440129774967e-02,-2.501661000618737168e-02,-6.997664324903137001e-02,2.375013984369470366e-01,1.489694946676743126e-01,-1.914431640977284910e-02,1.615223213368372213e-01,-9.990890182173524370e-02,8.199064360063837431e-02,-8.116642198776681180e-03,-2.400745224195128050e-02,4.543721417661174267e-02,2.016260682345903665e-02,-2.464217137873325747e-02,2.283596163373965982e-01,-5.613154668267924391e-02,1.569674124235996907e-02,-1.078314752196972981e-01,4.621805570459532053e-02,-2.753562304076129785e-01,-8.313679110662595961e-02,-2.686939626337647713e-01,-2.119710768991915351e-01,-3.761509992260079344e-02,1.620246170565927402e-01,-7.388998353839937305e-02,-2.889341969775496496e-02,3.556482012105326856e-02,2.299806616147894167e-01,-7.291279004723863477e-02,-6.185086840080458552e-03
3.365175837749350141e-01,0.000000000000000000e+00,-3.626186959033217971e-01,-6.199014130491861674e-02,-3.826374634979417544e-01,-7.352467756039535174e-02,-2.615704960626865083e-01,9.564395452853838298e-02,-8.295413811762396283e-02,9.338134062727602514e-04,3.602807376440960718e-01,3.051651982127405183e-01,3.746669436903666672e-03,1.907604985513334794e-01,-1.111146626970083706e-01,5.571601113269968042e-02,4.769092374466025186e-01,4.113642123432323383e-01,1.562116856816038735e-01,5.826516191045894022e-01,9.926505003550317729e-02,1.664676510140665755e-01,-3.760984864916698811e-01,-2.822011511704631825e-01,-3.311475858982759757e-01,-2.962425996999924482e-01,-9.982214165195929523e-02,-1.157768802412846021e-01,1.269187125704070163e-01,3.864594772928087174e-01,-2.029206212941420950e-01,-1.240510606430755142e-01,9.005020674035192629e-02,2.369694216064786862e-02,-4.949325211363755916e-01,-4.717766884556461315e-01,-8.402265810328569950e-02,-1.520814449677959992e-02,1.166125176659687790e-01,2.447846863734020606e-01,3.156266481578304250e-01,1.449419962601800616e-01,7.317763688129154398e-02,1.269141462456819802e-01,-2.447435894508766252e-01,3.847813529563527679e-02,7.357947345709595077e-02,1.162654769868649712e-01,2.135464589293338544e-01,2.391612574745027864e-02,-1.014386206046270500e-01,6.361575290703647134e-02,4.541209939062396464e-03,-1.060095116544022831e-01,1.137311667644621271e-01,2.005780967101913614e-01,5.787656767635717125e-01,6.636719187011546062e-01,6.512720639102809184e-02,4.114098755904828653e-01,-1.032742831440972286e-01,-4.747379500398411778e-02,2.061307475758523688e-01,2.441773651849704074e-01,-4.516711606912502397e-01,-4.236430595288922518e-01,-4.174785211500745552e-01,-4.501916714803339548e-01,5.721856028347743761e-01,5.641625702928612096e-01,3.354193826785604321e-02,6.691720568324775742e-02,1.893814684843683205e-01,3.698380552936261223e-01,1.370285555116680931e-01,-1.882010735429428747e-02,-6.141935071428734211e-02,7.928281303868361940e-02,6.567059903330906001e-02,2.097016135108416002e-01,1.155211660566817927e-01,1.003609679695152135e-01,2.115372760503117788e-01,1.086625463196564251e-01,-2.220306902684770489e-01,2.508967120178817387e-02,-2.280582389055433035e-01,-1.235441985985949453e-01,1.703901239528846645e-01,-1.291379463867814159e-01,1.037240661295146631e-02,-2.409307083054597343e-01,-1.133749934359082057e-01,-3.830256010995710114e-01,7.691745683110763621e-02,1.018495898298815705e-01,8.026000652984435768e-02,9.342472071216399720e-02,3.771030779311809189e-01,-2.785686398516857773e-02,2.742055165769003433e-01,-8.819856206434408680e-03,7.903623150353090987e-02,1.802168547611926464e-01,-1.391929934313418937e-01,-4.500797965245702248e-02,-1.609743623698312032e-01,-5.266570621636616767e-02,-6.342853359330942464e-02,-5.630963334695620465e-02,-1.624538515807474603e-01,6.527332878222968926e-02,-8.936982435631944666e-02,-1.642118865998917765e-01,-2.412092541136877932e-01,2.187292374922657767e-01
6.738753712992792688e-02,-3.626186959033217971e-01,0.000000000000000000e+00,2.562872583558034600e-01,4.184922452390356651e-01,2.452047882481066809e-01,4.177251026852272786e-01,-7.601332453554769664e-02,1.897148101892969785e-01,7.337855516919374044e-02,3.759226829897554384e-02,-3.240423846260979124e-01,1.352933521161490404e-01,-4.037749806501989558e-01,1.584309194979782731e-01,-2.375744596325478630e-01,-3.483900280600654153e-01,-4.015466141843744841e-01,1.620794129532933392e-01,-2.460358593480658218e-01,-2.618764398192648946e-01,-1.114571370513871285e-01,7.720627686996704986e-01,5.339517659119292770e-01,6.229403021537071039e-01,5.483128571722121203e-01,2.156834989006573278e-01,3.890736981978999698e-02,-9.377176139126781884e-02,-3.869709056620143639e-01,5.822086856062594906e-01,3.472895438013283709e-01,-3.038889104520889686e-03,7.696540324072066036e-03,5.795236866679299714e-01,3.655091794542785211e-01,5.956770603827950435e-03,2.454627855950720222e-02,-4.249946916475071390e-01,-4.793841854475797137e-01,-1.941121808995203146e-01,-3.156860103792560879e-01,8.970773238597316845e-02,-1.082515770944019184e-01,6.959763829685219894e-02,-2.776439590948631131e-01,-1.568144405453104906e-01,-2.527689051551523097e-02,-3.701303000760293171e-01,-3.573034939233633578e-01,-1.469214980284892953e-02,-4.031265625392418395e-01,7.931934363648401876e-02,-4.741443278255846883e-02,-2.720410786572265427e-01,-3.704042795595323123e-01,-2.706026863688357209e-01,-2.666254175333170329e-01,-9.084474724251065392e-02,-3.266588886935516411e-01,8.059563139713554585e-04,-4.264262344488103929e-02,-3.469288041480493856e-01,-3.781898632157428830e-01,6.163602282249097675e-01,3.647283379262949432e-01,4.132546707794031438e-01,2.216014557443223565e-01,-2.388758621791871595e-01,-2.515793775642767294e-01,7.504526369383705819e-02,1.740386174081997583e-01,-6.384863546801403111e-02,-2.888634189443113898e-01,-3.834571187860882219e-02,5.773432666117185585e-02,1.942628696154469758e-01,1.403391409373294652e-01,-8.861181445196111839e-02,2.193434081677850256e-02,-3.353257730216969157e-01,-2.812559219523778076e-01,-3.659292813289831692e-01,-3.577783916947686049e-01,-7.909559372495655882e-02,-3.552851783948912101e-01,3.388441262223480799e-02,-6.993098000178087081e-02,2.547780880341743784e-02,-9.926048371077812738e-02,-7.493110557571081021e-02,2.094504656509638407e-01,2.462390607983305432e-02,2.294235699983332988e-01,-2.715159513138457603e-01,-3.628104815417738660e-01,-2.008840404667697199e-01,-3.767377719531769253e-01,-3.084986152620271538e-01,-3.545979465237711348e-02,-1.725910924703588367e-01,-4.047818552520725255e-02,-7.141960186214722783e-02,-2.116514341684380129e-01,1.888106778937370667e-01,7.747454844756375414e-02,4.218599097237601958e-02,-1.163111402341154704e-01,-6.783960327770788279e-02,-2.028840906963416957e-01,5.163828315322987333e-02,-2.362410928128332033e-01,-1.696686446463267217e-01,3.179760222288687682e-02,2.440015616830559786e-02,-3.936560050594877791e-01
5.472740182972632081e-03,-6.199014130491861674e-02,2.562872583558034600e-01,0.000000000000000000e+00,-1.270967992346839770e-01,1.168408339022212888e-01,3.823589176897136954e-01,7.243355426734461311e-01,-2.349031596683935075e-01,2.044001105050583522e-01,-2.865597081205235874e-02,-1.869909974908045679e-03,-1.777373404354903874e-01,-1.111831575678841194e-01,-4.068435508654326682e-01,-2.782878108810951656e-01,-4.522419512818814935e-01,-5.845649091643854156e-01,-9.841571363664383676e-02,-2.049800337451397059e-01,-4.912246654596348350e-01,-1.279507019582683536e-01,-1.851416359771592551e-02,2.590179205413834507e-01,3.556482012105326856e-02,1.123430040480468683e-01,-2.354419859859494257e-01,-1.872946580850204101e-01,-5.926792682007995250e-01,-4.998413202158045188e-01,-1.176513565409176981e-02,3.056948918808463089e-01,-2.121035003162179966e-01,2.991970117970999543e-01,4.256499592455518372e-02,1.483210765567171685e-01,-3.258689145161179912e-01,-3.242980988107007079e-01,-1.781209117123946084e-01,-2.790252723241908039e-02,-3.779113174075148240e-01,-4.203781373504814067e-01,2.265696170451769464e-01,1.924226407512517334e-01,-7.343791739061940327e-02,-1.966830217197235442e-01,-1.452205420684081205e-01,-7.865494338898921731e-03,-2.162086262440380824e-01,-2.570635335590619741e-01,1.999707755217596805e-01,-2.237430620403708659e-01,3.876558543707718796e-01,7.394021311037492217e-02,3.486388927575806516e-03,-2.313048957850539489e-01,-1.428003899641315244e-01,-2.956992070577115217e-01,-2.522323619999589095e-01,2.267408542223663115e-02,-9.194979782597280382e-02,5.185997821863106427e-01,-4.331958108536972385e-01,-4.697903372002493194e-01,7.319133585546669374e-02,7.279338065567856342e-01,1.498918922621344241e-01,3.817835607743573223e-01,-2.136103874754845533e-01,-1.959067465164650301e-01,2.493236131501019304e-01,3.578400370785567858e-02,-1.129548915612035853e-01,-8.946115085082045892e-02,4.501711230190712232e-02,9.612798494939370220e-02,8.778759283908955935e-03,9.452977129562614711e-02,-8.139245506165679322e-02,-1.403939368340300919e-01,-2.585521554194283311e-01,-2.851601295922956969e-01,-5.535321663329444419e-01,-6.479454963480818508e-01,-1.662073705047387162e-01,-1.956966955791127061e-01,-1.606638522885277809e-01,-4.366525186705602080e-01,-5.411094799184454915e-04,-7.510005959053765723e-02,6.235156590690633660e-01,-9.696590553644041793e-03,6.196160177538705405e-01,-7.760240553986515188e-02,-3.683996630052353005e-01,-2.504697606560895573e-01,-1.904454221453050211e-01,-3.279785565390911373e-01,2.736255933368189619e-01,3.572007516170497277e-02,8.500898424389653762e-02,3.963798177579802573e-02,-6.956110769905179958e-02,-2.421864476048485315e-01,2.562393119461904220e-02,-1.053336955950948534e-01,-1.700727643844936882e-02,-1.231286630486153749e-01,-3.547143878042599008e-01,-9.883581551134845711e-02,3.106173899344504274e-01,1.194847359180253449e-01,6.838756224471391476e-02,-2.316724849254205021e-02,1.386541671137859755e-01,-9.038811477000563421e-02
-2.080942672076239452e-01,-3.826374634979417544e-01,4.184922452390356651e-01,-1.270967992346839770e-01,0.000000000000000000e+00,4.375064213941445845e-01,6.793549609693394498e-02,-1.831530015593998972e-01,3.798154748178607099e-01,8.981275785464931660e-02,-3.065350956302555496e-01,-3.383806442627554367e-01,-1.380925091726047937e-01,-4.252458395073848707e-01,2.160396722292112492e-01,-2.629175618565763317e-01,-2.192452321861964593e-01,-6.183945258899196246e-02,-1.290694515159056532e-01,-2.427207075976793860e-01,-3.735481941327293415e-02,-6.663865987501969845e-02,3.930669491699563256e-01,1.539559212674291022e-01,5.516828048192990996e-01,4.943206336232188747e-01,3.683494334332597653e-01,3.050556064193393202e-01,1.679106096271824056e-01,-4.386639847119448016e-02,4.655071246081522451e-01,2.348392311222428086e-01,5.737358700789289140e-02,-4.765188166826107852e-02,3.697604277733002598e-01,3.642808381032400233e-01,7.310000936096568147e-02,3.954665528129702040e-02,-1.572665066930904743e-01,-4.803568126140154160e-01,-1.687097164540662109e-01,-1.754359127740650892e-01,-2.551639424734410966e-01,-3.396820468093947332e-01,1.121032719999817250e-03,-2.863884709433341946e-01,-7.048122213114941040e-03,2.029731340284801535e-03,-3.592122176584343629e-01,-2.099710266696195593e-01,-2.037425597446511083e-01,-2.688537839991415046e-01,-1.363390404781855136e-01,-1.745454794526803133e-01,-2.135464589293338544e-01,-2.531456269449689489e-01,-3.362070736936315640e-01,-1.539833192157794017e-01,2.148227466899853624e-02,-1.719883376066522196e-01,7.719371947697316501e-03,-1.091511430652367942e-01,5.774117614825943247e-03,-3.161038290915981624e-02,3.034939233633721645e-01,8.045635849302151810e-02,4.093184988664098634e-01,2.840870432819089242e-01,5.793067862434901627e-02,-1.239688667980246017e-01,-1.046167826132619744e-01,8.842459513823407169e-02,-8.669852439216510498e-02,-1.625999739719490578e-01,-1.922262887880745730e-01,2.065782473989072887e-01,-5.389404756740465846e-02,9.715997433725503951e-02,2.214096701058702321e-01,3.992566023347618454e-02,7.584437052072083574e-02,-1.059866800307770335e-01,-1.061282360972535810e-01,-8.459801501864201712e-02,2.665135425775533307e-02,-2.337113489151554091e-01,2.460769562705912572e-01,-8.340392110304139378e-03,-1.071419601862147186e-01,-1.468552863199760750e-01,-1.816187164517830410e-01,2.373803908317332137e-02,-2.260764539748715274e-01,-3.269260186899670961e-02,1.121466520848697079e-01,-9.126941544194032419e-02,-5.783935212984801094e-02,1.358709921938678830e-02,-2.090349301009842842e-01,-7.949286397603592957e-02,-6.362031923176153514e-02,-3.068456057115589442e-01,2.627257762181242073e-01,4.531848973376043782e-02,2.607028943649269959e-01,1.278959060615677545e-01,8.899538572886533938e-02,-1.810319437246140847e-02,2.794430910365328646e-01,-6.373904367461283305e-02,1.804543036468952422e-01,-2.069070227791108829e-01,-1.420423800597731823e-01,7.180317313905143495e-02,4.479792871510471924e-02,-1.186125678955407547e-01
-2.522825915719344447e-01,-7.352467756039535174e-02,2.452047882481066809e-01,1.168408339022212888e-01,4.375064213941445845e-01,0.000000000000000000e+00,1.704837336097481809e-02,6.571169595583450929e-02,1.910253453853864025e-01,4.834390818034242643e-01,-3.015030057832502886e-01,-2.895483676530689054e-01,-3.095580025982387906e-01,-2.478441239391857009e-01,4.572032630956485155e-02,1.608556379269799053e-01,-1.752943567075885556e-01,-8.975339563322366765e-02,-1.861302452801326113e-01,-7.351097858622020198e-02,8.210480171876462230e-02,1.385217436967595139e-01,2.310537479251761894e-01,1.702668331853083028e-01,4.666076088668893451e-01,4.390863697490119399e-01,4.892520131784131587e-01,4.947863987451739387e-01,9.239273132430265989e-02,1.759153768701953724e-01,3.546595919075593017e-01,4.078572749543938336e-01,-7.627817136960060584e-02,2.036352511136124352e-02,2.152862286495779709e-01,2.065051862033064622e-01,3.406249928651176179e-02,1.730842555406642558e-01,1.049272926945653828e-01,-1.067538225845854616e-01,-6.142848336373744889e-02,-5.879371399738349269e-02,-1.292475381801826140e-01,-2.248663779227332293e-01,-9.548413316316163579e-02,-5.022523396706309873e-01,-5.628680172333094811e-02,-4.490980367086844748e-03,-4.141451041007879197e-01,-4.397758847824945194e-01,-3.445040857190477257e-01,-5.303078387813392469e-01,-2.362273938386580396e-01,-3.925418218265755432e-01,-1.472160259732550325e-01,-2.361817305914075404e-01,-3.808657295046222746e-01,-9.330599626931269930e-02,-1.626593361933747206e-01,-1.439830680679195229e-01,-1.220327451146033387e-01,-2.769475945742929691e-03,-1.546317373267365181e-01,-8.872597257008738025e-02,1.454990878766361795e-01,1.060277769533024828e-01,2.193730892784978570e-01,2.007242191013929589e-01,3.602145259355828827e-02,5.082547735217094603e-02,1.132676848048695326e-02,-3.896673204121564593e-02,-7.876681834475295074e-02,-7.134197434182136532e-02,7.254291774450956354e-02,2.235444269148311944e-02,-8.156597540120870404e-02,8.500898424389653762e-02,4.126016863437209636e-01,4.406731675909669049e-02,1.123019071255214191e-01,-1.738924950169981332e-01,1.099274182684953222e-01,1.635885832749224209e-02,-1.411839110114637696e-01,-3.260607001545701156e-01,2.924046037685877966e-02,3.015829164659386552e-02,-1.590222585498722585e-02,-2.659404688245595172e-01,-1.566500528552086935e-01,-2.847856909648415757e-01,-1.383436570324825532e-01,-2.483144553858658565e-01,2.198479870499030764e-01,1.205669548778622313e-01,2.001442958613115775e-01,2.762831943267981538e-01,6.570256330638440945e-02,-1.039090022808791952e-01,8.039242994687080535e-02,-1.717234907725993243e-01,1.864544543356111694e-01,5.296708364821947623e-02,2.577393496183694177e-01,1.629926778983033786e-01,2.129848009881526727e-01,1.007902024936699337e-01,1.721755569203792802e-01,2.410791138590238566e-02,4.033731440743945629e-01,-1.225122092107336080e-01,-2.403279534417531171e-01,-1.664219877668160485e-01,5.769322973864640658e-02,9.673073981310033320e-02
6.281207975542764388e-02,-2.615704960626865083e-01,4.177251026852272786e-01,3.823589176897136954e-01,6.793549609693394498e-02,1.704837336097481809e-02,0.000000000000000000e+00,4.823705618177625554e-01,9.305484840943493985e-02,4.651030048699852926e-02,1.824406549022920543e-01,-1.660977787113374904e-01,1.339873832447846802e-01,-1.920482021237976400e-01,-2.428166004169054482e-01,-3.686690761640132319e-01,-3.643767309224660855e-01,-6.262600202288185480e-01,-5.734162273481754196e-02,-3.993479288292628437e-02,-1.443986036178990795e-01,-1.974501642735319862e-01,1.393025852247430918e-01,-1.021327019628346794e-01,2.461271858425668202e-01,9.178997646059604276e-02,-7.357947345709595077e-02,-3.311270374370132302e-02,6.385320179273908103e-02,-2.908269385760829384e-01,2.444467783437483666e-01,2.825299265506667767e-01,2.817262533990579909e-01,3.664087454251134246e-01,3.954208895657197048e-02,2.291610063266429076e-02,-3.727331051693079100e-01,-5.093575409428090506e-01,-1.917171435812314861e-02,-1.944569384162616113e-02,-1.018267582062563209e-01,-1.144252481226697427e-01,-1.989798830564237786e-01,-7.758414024096495221e-02,-2.779088059289160362e-01,-3.085031815867521621e-01,-4.642833495818388112e-01,-4.831833676188214688e-01,-4.862610704835053088e-01,-2.262317090155232246e-01,6.334633974825851221e-02,-1.272748858989609377e-01,-9.564852085326343289e-02,-9.549326581261173563e-02,-1.492959868855153922e-02,-2.191356403927952612e-01,-2.231129092283139492e-01,-1.796597631447365007e-01,3.603857631127722616e-01,1.756642290103176129e-01,6.609549554897496959e-01,4.193644132615202413e-01,4.511300512113317757e-02,-9.069862485130905649e-02,-5.478448088878944133e-02,2.528899127603661534e-01,4.604613357869717927e-01,4.477349887782570148e-01,-3.999986301025824642e-01,-5.469520924041471055e-01,1.104205813388007412e-01,2.960371150873651880e-01,-5.214971152243549207e-02,-9.424665916267303822e-02,-1.609560970709310035e-01,-5.059259479119338626e-02,1.196399909586770421e-01,6.928256189082374061e-02,1.055939761044227126e-01,-1.942994002132473752e-01,-3.135581030573827421e-01,-4.615526873962588206e-01,-3.378098536721241829e-01,-3.259419757117187899e-01,-2.754840874999143763e-01,-2.501912148478614983e-01,-3.558148720629970008e-01,-2.545794529086347069e-01,1.919386103303964142e-01,-2.655546143852927782e-02,5.700371470516382710e-02,7.436259814744205880e-03,1.783583605980972042e-01,3.328165775852818392e-02,-1.041555838160319047e-01,-2.836486761083040764e-01,-1.613807652703606599e-01,-3.798931023381865724e-01,-5.993986150337109187e-02,-1.268228197511809541e-01,3.220400512341634047e-02,4.738269682571936703e-01,-1.685087981661639867e-01,-9.495672265741833193e-03,1.440447134517076899e-02,-9.678325254743840381e-03,2.704405818410964696e-02,1.147494571781483147e-01,-2.320355077410619915e-01,-2.778859743052907727e-01,-7.909102740023150890e-02,-2.882606640806047449e-01,1.446862820755772383e-01,-8.650673875371299448e-02,-2.189781021897810320e-02,7.710239298247216662e-03
1.869681658671793270e-02,9.564395452853838298e-02,-7.601332453554769664e-02,7.243355426734461311e-01,-1.831530015593998972e-01,6.571169595583450929e-02,4.823705618177625554e-01,0.000000000000000000e+00,-1.868288929630652906e-01,2.013452392639997757e-01,4.807654986769074185e-02,1.225898367310594567e-01,-1.556682930393229192e-01,8.765060309733806176e-03,-4.420727461191947816e-01,-2.412503510362132286e-01,-3.557144129190459303e-01,-4.849779332357662121e-01,-1.450104911310557965e-01,-1.306653820073106799e-02,-3.227135841311082887e-01,-2.105874805075013401e-01,-2.898817093579975634e-01,-2.202726552493327328e-01,-8.987668640080001548e-02,-8.767115155860079334e-02,-2.684291157997118482e-01,-1.528828349570423017e-01,-3.072839728851637919e-01,-1.881896577311302221e-01,-6.265682471477594662e-02,2.797764327414615226e-01,1.344942452892652629e-01,4.964211429967419487e-01,-2.700455947523796030e-01,-7.031455127868507793e-02,-4.629591154115742513e-01,-4.598631472479902671e-01,2.896648089335577061e-02,1.871759336421690845e-01,-2.724337825835808635e-01,-2.544059325690827822e-01,6.647883850964293739e-02,1.503348257604643079e-01,-2.340583895942592030e-01,-2.018384023343051947e-01,-1.944637879033491723e-01,-2.227202053019596284e-01,-2.018155707106799590e-01,-1.591660977787113240e-01,1.700430832737808429e-01,-1.164755279242172814e-01,3.220971302932265634e-01,-3.842790572365972768e-02,9.764400475811035873e-02,-2.448303496206525598e-01,-5.314517031249643003e-02,-8.032850140072010647e-02,-3.954665528129702040e-02,2.657715148097326563e-01,2.519172855939304512e-01,6.957640488688071612e-01,-1.793994826354086414e-01,-2.052311816050174653e-01,-3.443442643536709924e-01,3.628287468406740657e-01,1.202427458223836731e-01,3.372253641073177377e-01,-1.199550673647055005e-01,-1.995324083481548605e-01,2.925621419716020188e-01,1.833356545484018940e-01,-5.790328067599870981e-02,2.677921135005673775e-02,4.741443278255846883e-02,6.710899132169985404e-02,4.330930685473836222e-02,9.553436273513718491e-02,1.720842304258782818e-01,-1.655543860690565361e-01,-6.924603129302334126e-02,-4.208849993949619894e-01,-2.934662742671619862e-01,-5.300247266483861797e-01,-3.837790446792042620e-01,-3.023477758573845375e-01,-3.268324090331035658e-01,-6.504158780243339821e-01,1.597094904209923061e-01,-2.359716796540552441e-01,5.595140517227601418e-01,-2.142907698595170329e-01,5.357143672557986847e-01,-2.425380546086773892e-01,-9.778556082458692011e-02,-1.740979796296253934e-01,-7.498590147241140924e-02,-1.785227482881990291e-01,4.035512307386714959e-01,-8.492222407412058915e-02,2.869272972608901129e-01,2.606389658187762692e-01,-9.563025555436323322e-02,-1.407181458895086501e-01,1.020139775199833815e-01,1.589765953026217593e-02,4.381388573685640608e-03,4.449883444561392870e-03,-3.349741660178680025e-01,-1.587962254759822667e-01,2.271130096874579007e-01,1.371427136297943550e-01,1.970072307752021301e-01,-6.065677448520396392e-02,6.640121098931708876e-02,2.049754674204146698e-01
3.814935991543166871e-02,-8.295413811762396283e-02,1.897148101892969785e-01,-2.349031596683935075e-01,3.798154748178607099e-01,1.910253453853864025e-01,9.305484840943493985e-02,-1.868288929630652906e-01,0.000000000000000000e+00,3.718015749253976709e-01,2.856761242862263517e-01,1.077675466735465992e-01,2.950370899725792140e-01,2.150510629262378584e-02,3.427003874526529104e-01,-8.076686857432492650e-02,-6.272531958565169541e-02,-2.328140661066830513e-02,-5.102182931534809951e-02,-1.268684829984314810e-01,4.591667827274201197e-02,-6.614093047998922947e-02,1.358595763820552582e-01,9.938605764071699669e-03,1.340969750381858783e-01,2.790252723241908039e-02,1.892170807942665234e-01,9.680836733342618183e-02,3.437506421394144751e-01,1.723102634997682528e-02,5.167024742630522971e-02,-1.884682035393582811e-01,-7.737637246597517046e-03,-2.692556205749459530e-01,-3.446890218704122544e-02,-1.490151579149248118e-01,5.417715970035777429e-02,-1.628511218318268172e-01,-5.483014413603994747e-02,-3.312800093153024372e-01,-9.754354561415926050e-02,-1.399327380368000084e-01,-4.621645749094155375e-01,-5.167275890490400370e-01,-2.202726552493327328e-01,-2.173319421264004458e-01,-1.992675615141019652e-01,-2.679039884563311213e-01,-2.105509499097009407e-01,-5.342828244544954586e-02,-1.854361639219249680e-01,-6.080289687640557522e-02,-1.952263641324325505e-01,-1.508005908824194274e-01,-1.006029831799428731e-01,-2.613992588854971086e-02,-1.866645052729634657e-01,7.937413953318461779e-02,1.156261915253579409e-01,3.062405676854898159e-02,3.450794426344040433e-01,6.655646602996878602e-02,2.137428108925109871e-01,1.578098993353714286e-01,2.402229279730769551e-01,6.367739829082465740e-03,-3.829091598190822315e-02,-1.564993641392820323e-01,2.853268004447600398e-02,-1.755523540545538691e-02,-1.543714568174086588e-01,1.086351483713061256e-01,-1.081922148729762556e-01,-1.195988940361515929e-01,-1.406131204208324881e-01,1.501750043950875468e-01,8.253631940528187438e-03,1.195692129254387684e-02,2.289349732527529158e-01,-1.019272173502074191e-01,4.431389829424940002e-02,-6.216822796919557054e-02,1.101831324530981315e-01,1.675544362986285118e-01,8.630582046581078415e-02,5.981657073579473710e-02,7.122781622369511734e-02,4.077499663233551813e-02,2.616070266604869077e-01,1.513759477977757451e-01,-4.133779615469794777e-01,3.014459267241871229e-02,-4.254604567694622586e-01,1.163020075846653706e-01,2.263732650819997860e-01,3.519951414304925419e-02,1.892056649824538916e-02,6.022297363632420075e-02,-3.799433319101621076e-01,-1.233661119343179846e-01,-2.626755466461486721e-01,-4.141428209384254155e-02,7.035108187648547728e-02,-1.153225309311421004e-02,1.322795777976159270e-01,2.486660623896947142e-01,-6.453815050149661059e-02,2.299829447771519278e-02,3.098228494322916582e-01,-3.861055871266173140e-02,-1.641525243784661137e-01,-4.998139222674541915e-01,-2.375698933078227992e-01,2.733630296651285915e-02,-1.568966343903613891e-01,2.564676281824429527e-02
-2.067654667126343493e-01,9.338134062727602514e-04,7.337855516919374044e-02,2.044001105050583522e-01,8.981275785464931660e-02,4.834390818034242643e-01,4.651030048699852926e-02,2.013452392639997757e-01,3.718015749253976709e-01,0.000000000000000000e+00,6.582128774923570735e-02,1.070460673669886703e-01,1.575382030142309501e-04,2.149665859188244488e-01,5.051040094614248077e-02,1.173842265445022570e-01,-2.787969560879382733e-02,-6.009055021929774615e-02,-2.242681893837516482e-01,-1.103109895453995432e-01,-8.589485124055626364e-02,-4.385954898410690528e-03,4.510387247168307773e-02,1.664174214420910125e-01,1.011920390694743543e-01,1.621250762005438384e-01,1.782989983766715691e-01,5.370682825367760482e-02,3.008523045099305987e-02,1.132334373694316582e-01,7.614118162784909438e-02,1.073474447988419789e-01,-7.724623221131124429e-02,-1.366016041498759048e-02,-6.780992216699506655e-04,-1.143978501743194431e-01,-1.785729778601745643e-01,-1.282886099879220754e-01,1.332681871005892901e-02,-8.346100016210453165e-02,-1.429008491080826226e-01,-1.911714677765879999e-01,-3.031468826842683151e-01,-2.882469651064296090e-01,-1.835320065115790544e-01,-3.791624903821785297e-01,-2.525383057565372402e-01,-2.220261239437520129e-01,-1.453210012123592187e-01,-2.347205066793914829e-01,-3.806031658329318661e-03,-2.495062661391039549e-01,-3.848270162036032671e-02,-1.696777772957768216e-01,-7.580327359819538646e-02,-1.756231320877921498e-01,-2.851235989944952975e-01,1.167951706549707896e-01,-9.805954030808992916e-02,2.745959373408921392e-02,1.655977661539444895e-02,3.372116651331426018e-01,-7.344248371534445319e-02,-6.370707940153748361e-02,1.020642070919589306e-01,1.201833836009580103e-01,-4.029553253620524883e-02,-5.226386964056174700e-02,-2.201767624301066983e-01,2.018543844708428625e-02,1.928587247624940354e-02,1.922902173342252996e-01,8.698848601220579091e-04,-1.532001945254332772e-03,7.687407674621965330e-03,1.822488692638399577e-01,1.309393614908136924e-02,1.064341798538319395e-01,2.405060401060300501e-01,-1.773788839445739410e-02,-7.120041827534481782e-02,-8.752046284267413212e-02,8.564142021831599311e-03,-5.636899556838185360e-02,-2.393507599505923789e-01,-2.457824283258255513e-02,-1.385354426709346498e-01,2.912630225873252474e-02,5.704024530296422646e-02,3.240035708659350089e-02,-4.083892517848621700e-02,-1.565906906337830307e-01,-5.141909956642747026e-02,-7.181230578850153479e-02,1.567847594345976592e-02,-1.313046674688177033e-02,-4.456961247885220939e-02,8.954791102059640739e-02,5.842840801937948525e-02,-1.140234115468653359e-01,-4.026356826312989939e-02,1.991145896358127720e-02,-5.308352492870825438e-03,-2.329510558484345489e-02,1.373390655929715154e-01,1.893266725876677214e-01,2.298847687955633545e-01,2.379306329611017568e-01,6.238741155599798055e-02,-1.039181349303292951e-01,2.930895524773453192e-02,-1.840023379582592378e-01,-2.071262063659133068e-01,-1.425264104806285015e-01,4.163803200536999455e-02,9.258908328747982031e-02
5.777473863498855389e-01,3.602807376440960718e-01,3.759226829897554384e-02,-2.865597081205235874e-02,-3.065350956302555496e-01,-3.015030057832502886e-01,1.824406549022920543e-01,4.807654986769074185e-02,2.856761242862263517e-01,6.582128774923570735e-02,0.000000000000000000e+00,4.789960478459504567e-01,7.106274358488454679e-01,2.226014808591083305e-01,1.231697599711408242e-01,-9.068035955240885682e-02,1.961807259999680253e-01,-3.691188591494307114e-02,2.226836747041592290e-01,1.992766941635520650e-01,3.984118322606275929e-03,1.408323040076348842e-01,6.399704102157816911e-03,1.671503165604615662e-02,-2.114276842569105530e-01,-2.523328211439099800e-01,-2.772375561943336564e-01,-3.156905767039811517e-01,1.045574203918363254e-01,-8.023260858149405816e-02,-1.309279456790010676e-01,-3.125306799942464409e-01,-1.050231855137914450e-01,-1.546043393783862185e-01,-2.178251051967058649e-01,-4.751101055049327671e-01,-1.600747963989963274e-01,-2.859227058213790751e-01,-1.330969499233999043e-01,3.490955252300856869e-03,2.617166184538881057e-01,2.163752970965024391e-02,-7.275753500658692363e-02,-1.619515558609919414e-01,-2.318574210767850308e-01,-2.582256632015872584e-03,-1.504307185796903701e-01,-1.458506948804650372e-01,-2.994367438451650543e-02,-7.346531533896970279e-02,-2.349145754802061184e-02,-2.153707056569913875e-02,1.687256985906038708e-03,9.353887883029025907e-02,1.012148706930996039e-01,8.262079641269529096e-02,3.000737461443095389e-01,1.984136587905175608e-01,7.242875962638331555e-02,1.621433414994440381e-01,3.076629778373429214e-01,1.197632817262534038e-01,9.723303553285585210e-02,-8.285596213603538610e-03,-1.872878085979328214e-02,-1.864681533097863053e-01,-3.866329976323606421e-01,-4.621417432857902741e-01,-2.988887848781590292e-02,2.591617597702225440e-02,1.209505261547664384e-01,2.447116251778012619e-01,2.292317843598811744e-01,1.659653552943110566e-01,-2.145031039592318681e-02,9.176714483697079316e-02,3.215126407284201182e-01,2.349351239414688430e-01,-1.695316549045752241e-01,9.365303694841650706e-02,-2.496843528033809156e-01,-4.940535036268034474e-02,-4.700346355730394832e-02,-7.550646249106712782e-02,-4.262664130834335763e-03,4.049188449938240231e-02,-1.567596446486098916e-01,-1.602026534912977251e-01,5.552536707542883310e-01,2.319715791949112926e-01,-8.236508222809248159e-02,7.030085230450992817e-02,-1.568418384936607901e-01,5.559272036512332565e-02,-1.334805212003041253e-01,-1.780569831662439095e-01,-1.547367627954126801e-01,-2.835345179901778145e-01,-1.526499523960647420e-01,5.370682825367760482e-02,-8.696337122621801419e-02,1.950026142209050906e-01,-1.939386605599683899e-01,-6.663865987501969845e-02,-2.583147065337257353e-01,-1.392386566785923929e-01,-2.263367344841993867e-01,2.325400866231800215e-02,-4.782996833253803232e-02,-1.089091278548091346e-01,-3.546687245570094293e-01,-3.287685307165248427e-01,-1.120553255903687095e-01,-3.729089086712223527e-02,-1.777145088118651517e-01,-6.034169807917550560e-02
3.836329222880026646e-01,3.051651982127405183e-01,-3.240423846260979124e-01,-1.869909974908045679e-03,-3.383806442627554367e-01,-2.895483676530689054e-01,-1.660977787113374904e-01,1.225898367310594567e-01,1.077675466735465992e-01,1.070460673669886703e-01,4.789960478459504567e-01,0.000000000000000000e+00,5.406825285566532191e-01,6.270088974837267903e-01,1.669973446821723939e-01,1.896828459162216429e-01,1.744632856076294147e-01,2.054777631401701887e-01,2.410905296708364953e-01,2.826395183440679748e-01,5.427761884430887251e-02,1.232976170634422358e-01,-1.960209046345912920e-01,2.661482365995493024e-02,-3.677010153223025934e-01,-2.772786531168591195e-01,-3.058136163236976346e-01,-2.980736959147375909e-01,5.464292482231288689e-02,7.957049149636177821e-02,-3.294169488274819591e-01,-3.759112671779428205e-01,-2.742329145252506151e-01,-2.874250266559205680e-01,-3.576003050304916164e-01,-4.024416138304843238e-01,-1.317270525058848452e-01,-1.129366262623033856e-01,-2.477916112048476199e-02,1.959524097637155293e-01,5.029578368406512762e-02,1.374349584121975776e-01,9.387678685994396699e-02,6.166136592471500172e-02,-1.650155597515006178e-01,1.830936393379742344e-01,1.453757971090598178e-01,4.526369383705983185e-02,2.017881727623296595e-01,9.733806100153200025e-02,-4.241887353335357935e-02,1.235076680007945460e-01,4.937338608960498837e-02,1.211605770921187486e-01,-6.087139174728132401e-02,1.480470970732141733e-01,4.141268388018877200e-01,1.674585434794024497e-01,-1.414670231444168647e-01,5.445113918386078333e-02,5.235062981033770241e-02,1.169664078321601755e-02,1.227861886942366171e-01,7.241962697693321571e-02,-1.269917737660078150e-01,-1.726458883670594358e-01,-5.567148946663044162e-01,-4.797631903997588987e-01,2.137268287559733124e-02,3.576117208423042898e-02,6.731904225905216421e-02,1.081967811977013055e-01,2.239805109260734894e-01,2.827856407352696277e-01,3.324969348545282755e-02,9.500923539175641641e-02,1.514718406170018072e-01,1.085986177735057262e-01,-1.243296064513035731e-01,-4.114030261033953251e-02,2.145145197710444651e-01,2.215831904454221568e-01,1.540746457102804001e-01,1.189824401982698260e-01,1.127037437013258259e-01,1.983223322960165624e-01,1.277885974305290745e-02,-1.000778558365621046e-01,1.844863683791145570e-01,3.226336734484199636e-02,1.235304996244197956e-01,-1.086990769174568244e-01,3.938455075355774132e-03,-3.117658206028005308e-02,1.239985479087374332e-02,1.295238008260481480e-02,-3.298484665139991834e-02,2.324487601286790231e-02,1.813493032930050819e-01,1.806826198831477381e-01,2.814454244284673654e-02,-8.530579535102479627e-02,-8.989951802442526507e-02,-8.218242923909048481e-02,-2.819226053622351236e-01,-1.901029477909262633e-01,-1.938382014160172917e-01,-2.385219720129957630e-02,4.347369454484016627e-02,3.469265209856868537e-02,-2.495838936594297897e-01,3.700321240944406953e-02,-2.253481251812260167e-03,-1.011555084716739411e-01,-3.251565678590101482e-01,1.471657964012794972e-01
5.911632483920828962e-01,3.746669436903666672e-03,1.352933521161490404e-01,-1.777373404354903874e-01,-1.380925091726047937e-01,-3.095580025982387906e-01,1.339873832447846802e-01,-1.556682930393229192e-01,2.950370899725792140e-01,1.575382030142309501e-04,7.106274358488454679e-01,5.406825285566532191e-01,0.000000000000000000e+00,3.350015639662183298e-01,4.587078670925525681e-01,4.289377130475879873e-02,3.132727077620670736e-02,-6.457924742402205986e-02,3.853772583329718171e-01,1.006486464271933723e-01,5.337348654874893988e-02,-2.464217137873325747e-02,3.042884638655308782e-01,1.890572594288897623e-01,-1.378870245599775335e-01,-2.732283230857395773e-01,-2.358666541853790821e-01,-3.457552586937114869e-01,1.781346106865697443e-01,-2.057517426236731839e-01,-8.064814413147361472e-02,-4.391457319704376028e-01,-2.341314507898600294e-01,-3.995374313053524085e-01,-5.889417314133459785e-02,-3.367093694133870829e-01,-5.013596231868836656e-02,-1.441291904591211204e-01,-1.394532739406697530e-01,-5.804483674247526426e-02,1.273159828214863731e-01,4.502624495135722910e-02,-1.079684649614488096e-01,-2.087335526691309617e-01,-1.186399658438910543e-01,9.461196514067704566e-02,-1.439990502044571907e-02,-9.686772955485183079e-02,2.929525627355938217e-02,7.401784063070077080e-02,1.272406384635230495e-02,1.167586400571703903e-01,-4.495775008048147336e-02,2.674884529063515370e-01,-1.614629591154115862e-01,6.404042110646614161e-02,1.557413542349237179e-01,-3.824525273465771702e-02,1.905298991527184377e-02,-1.559970684195265134e-01,1.997470256102322206e-01,-8.271668923192135314e-02,6.186685053734226197e-02,-1.270191717143581145e-01,2.261084182479468629e-01,-2.146195452397206271e-01,-3.877654461641730776e-01,-5.449794401229254293e-01,-2.044412074275837876e-01,-2.106377100794768753e-01,-1.759176600325578974e-02,9.221007833530066311e-02,1.870115459520672874e-01,-2.513076812431362314e-02,-1.223706531442570467e-01,2.554858683665571333e-03,3.347001865343650073e-01,1.796734621189116643e-01,-2.060257221071762068e-01,-3.794844162752945838e-02,-1.223934847678822962e-01,-3.638675857156230264e-02,1.137950953106128260e-01,1.867558317674644919e-01,2.025279173677877742e-01,8.403635707746084926e-02,1.425857727020541643e-01,7.976227713481388870e-02,2.951466817659804120e-01,2.774887040542113881e-01,-1.823036651605405567e-01,2.781690864382438955e-01,-1.928929721979319167e-01,4.384699159111302147e-01,-1.297954971471886321e-01,-1.587551285534568313e-01,-1.685407624392393500e-01,-2.385288215000833378e-01,-2.627486078417494708e-01,1.717600213703997236e-01,-2.351771391518965026e-01,1.002696414750142151e-01,-1.770934886492583071e-01,-6.757475644365497358e-02,-2.052129163061172656e-01,-4.980718693848475848e-02,-1.375719481539490752e-01,2.914000123290767449e-02,-1.011440926598613111e-03,-1.190646340433207245e-01,-3.418830153268689331e-01,-2.260262244028959644e-01,2.604859939404870900e-02,-1.075369472749315670e-03,-1.931669516814349119e-01,-3.156015333718426713e-02
