0.000000000000000000e+00,7.071361544304928248e-01,-2.935788015550292590e-02,-8.919522766879664499e-02,-2.185397023995710175e-01,1.507082532731578717e-01,1.357299253764690239e-01,-3.098440502256579951e-02,-3.770052281156441309e-02,5.847893114080164600e-02,2.267840386076232229e-01,3.255283971580499869e-02,1.949819026766164698e-01,-2.583940301175208787e-01,-9.607221055453774028e-02,-5.667366727735823756e-02,-8.535233924661513039e-02,-2.656687072702086927e-01,4.538093748603601596e-01,4.856785379150095894e-01,-9.474507350641225845e-02,-1.514187407837704891e-01,-1.507797488717100842e-01,-2.092899593368783284e-01,-1.507618749720720241e-01,-9.111667187988739536e-02,-4.012243621252066517e-02,-2.992984494392064015e-02,-6.420751597479780470e-02,-2.386925242414763837e-01,-5.113722686447115529e-02,-1.751508110281960739e-01,8.944546226372938891e-02,1.608248804682961830e-01,-3.465302292327628320e-01,-3.797846195093614319e-01,-1.586487331873631668e-01,-1.403637338576343985e-01,-1.072433978283211922e-04,-1.619643415702220757e-01,-1.167165646364895643e-01,-1.140578220653291064e-01,-8.729165735734394083e-02,-1.259573707493632511e-01,-9.978551320434335403e-02,-1.021314625318378855e-01,-5.325975244649001211e-02,-8.236739800706019410e-02,3.113052415210688650e-01,2.412306179900799985e-01,7.501228830600116526e-02,-4.221368247017293074e-02,-9.407927074489476349e-02,-7.611600160865096554e-02,1.996514589570579437e-02,-1.576612002323606876e-01,5.732025559676482418e-01,5.146744716028419653e-01,6.015729031681487093e-01,3.971893292819160814e-01,4.631976406452477657e-01,3.432771794986371194e-01,3.567138835515438755e-01,1.083649850306090540e-01,-1.444926046740247494e-01,-4.282854461772196975e-01,-2.791366906474820331e-01,-2.705259394968497211e-01,2.880870458912373477e-01,7.025783100227891986e-02,1.545779525447964486e-01,7.360918718441396280e-02,1.118057107109343556e-01,-8.713526073551096721e-03,-3.963090397247419350e-02,-1.240359265382724868e-01,-2.303990348094195340e-01,-3.914562759730104147e-01,-1.510970105902855465e-01,-2.302828544617721851e-01,-1.157022208320300227e-01,-4.833459940122435960e-01,-2.046784932302605220e-01,-1.036596809508914668e-01,-3.087537423477367260e-01,-4.608874391170293405e-01,-2.067116493140891062e-02,-1.421868716207158601e-01,3.838866794762947621e-02,-3.113678001698020337e-01,-2.946199562089458768e-01,-2.479735466285356849e-01,-4.887483801778452763e-01,-9.783725814379552743e-02,1.315161535367978807e-01,1.334599401224361992e-01,-1.829170204209303319e-01,-1.296751418740783868e-01,-3.516823808034317822e-01,-2.701550560793601341e-01,-1.138254613700344087e-01,2.675499352071137871e-01,1.561240448634881040e-01,-1.003932257920371746e-01,-5.071719022297689443e-03,1.371598373475133026e-01,-3.498994593145359766e-01,-2.088252379462889330e-01,-8.115644130658206112e-02,1.278117878368112970e-01,-2.758747039635372489e-01,-2.520353903212833591e-01,-2.405782206532910417e-01,-3.529871754770096959e-01,3.693641360203762242e-02,-6.571339201930381790e-02
7.071361544304928248e-01,0.000000000000000000e+00,-2.182715939050002274e-01,-3.194959560302068884e-03,-1.086241565753608279e-01,1.034943473792394597e-01,-1.067473971133652139e-01,-1.023102015282184168e-01,1.751195317038294758e-02,-1.973278520041109874e-01,9.882479109879797885e-02,-3.757987398900755269e-03,-2.253898744358550504e-02,-2.871352607355109887e-01,-1.146521292282943888e-01,-2.514768309575941552e-01,-1.681040260958934635e-02,-2.588721569328388261e-01,3.608427543679342264e-01,5.167612493855846534e-01,-2.312659189418651284e-01,-9.285490861968809240e-03,-1.911747620537110615e-01,-1.836721926806380856e-01,1.209616158005272744e-02,1.590598328790383820e-01,9.753340184994861717e-02,-1.902900040216274069e-01,-1.000670271236426961e-01,-3.855400151928146668e-01,5.113722686447115529e-02,-5.616426113767371275e-02,3.724786630323070891e-01,4.131998748827025447e-01,-9.603199428035211205e-02,-1.855310782429956534e-02,-2.046918986549890462e-01,-2.031815541355735388e-01,-1.089726976183028745e-01,-2.179230528620581808e-01,-1.949014701282452411e-01,1.193753072076500221e-01,2.347736717458331346e-01,1.545064569462442361e-01,2.446490012958577390e-02,2.116761249385584742e-01,2.010277492291880908e-01,1.681442423700791056e-01,5.141695339380669694e-01,4.426649984360337964e-01,9.428482059073238497e-02,-3.455471647526699164e-02,-1.022521113543947424e-01,-2.326377407390857466e-01,-2.831672550158630813e-02,-1.861075115063229035e-01,5.540462040305643709e-01,7.053442959917780586e-01,4.639706868045935795e-01,3.472943384422896296e-01,3.097278698780106532e-01,3.529737700522811439e-01,3.579873989007551494e-01,2.819160820411993271e-02,-2.373966665177175139e-01,-3.906474820143884807e-01,6.205371106841234968e-02,5.524375530631395192e-02,3.778050851244470487e-01,2.401447785870682305e-01,-1.966128960185888682e-04,-1.869163054649448236e-02,-7.098619241252959733e-02,-1.534340229679610479e-01,-1.124447026229947744e-01,-2.214978327896688914e-01,-2.524777693373251863e-01,-4.344876893516242955e-01,5.372447383707940755e-02,-1.707985164663300415e-01,2.222619419991956821e-02,-3.637651369587559524e-01,4.352294561866035076e-03,-7.033826355065016245e-02,-2.508959292193574386e-01,-6.116225032396442884e-01,2.124938558469994243e-01,-1.316055230349881533e-01,-8.922203851825372123e-02,-4.741498726484650872e-01,-3.434380445953795769e-01,-5.027972652933553332e-01,-6.235265203985879134e-01,-3.711381205594530552e-01,-6.062826757227757907e-02,7.849769873542160326e-02,-1.791545645471200598e-01,-2.176370704678493306e-01,-3.514544885830466203e-01,-4.301175208901201752e-01,-2.382143974261584640e-01,1.487510612627910012e-01,4.156128513338397390e-02,-9.001742705214710316e-02,-2.770454443898297606e-02,-1.009517851557263507e-01,-1.473971133652084431e-01,1.986237097278698710e-02,-1.220921399526341683e-01,1.277134813888020082e-01,-1.442781178783681117e-01,-3.657714821931274951e-01,-3.370704678493230411e-01,-5.001117118727378408e-01,-1.190178292148889594e-01,-1.535055185665132604e-01
-2.935788015550292590e-02,-2.182715939050002274e-01,0.000000000000000000e+00,6.137003440725680159e-01,-1.472362482684659857e-01,-8.121899995531525751e-02,6.017873899638053192e-01,3.361857098172393865e-01,-2.385182537200053743e-01,4.979802493408999609e-01,2.988024487242504357e-01,-1.444881361991152413e-01,3.152240940167120864e-01,5.183877742526475652e-02,-6.335403726708074834e-02,2.706510567943161139e-01,-1.422583672192680726e-01,-1.046561508557129483e-01,4.449126413155189974e-01,1.530184548013762968e-01,1.557710353456365389e-02,-4.372447383707940283e-01,7.940479914205281764e-01,6.873363421064391243e-01,3.170114839805174278e-01,-4.702176147280932861e-02,-3.936458286786719829e-01,1.895482371866482052e-01,-1.147727780508512457e-01,-1.568345323741007213e-01,2.332454533267795671e-01,4.398811385674069596e-01,-1.402207426605299734e-01,-7.824746414048884546e-02,3.511193529648330980e-01,-1.066803699897225094e-01,-1.594396532463470129e-01,-3.144510478573662726e-01,-1.669869073685151251e-02,-3.792707448947674198e-01,2.475535099870414084e-03,-3.555029268510657148e-01,4.258903436257205355e-02,-1.869073685151257935e-01,3.824478305554314117e-01,-2.491621609544662427e-02,-1.290987086107511506e-01,-3.517225970776173827e-01,-2.498771169399883751e-01,-3.657267974440323588e-01,-3.353813843335269884e-01,-4.099334197238482247e-01,-4.113320523705259468e-01,-2.882076947137942047e-01,-3.702846418517359850e-01,-4.852093480495107136e-01,-2.009339112560883100e-01,-2.445015416238437711e-01,-2.523124357656731931e-01,-2.476830957594172988e-01,-3.625184324590017271e-01,-4.504937664775012229e-01,-3.995218731846820748e-01,-3.553286563295947054e-01,5.531167612493855801e-01,2.782027793913937064e-01,3.064748201438848851e-01,-4.996648643817865054e-02,-1.053621698914160576e-01,-1.800750703784798346e-01,3.196881004513159596e-01,9.825729478528978655e-02,3.550337369855668390e-01,2.084141382546136900e-01,2.963179766745609456e-01,6.063720452209661084e-03,-9.741275302739175286e-04,1.308235399258233234e-01,-4.329058492336565478e-02,1.266365789356092841e-02,-2.258143795522588038e-01,-5.496224138701460982e-02,-3.296438625497117858e-01,-4.567540998257294538e-01,1.139148308682246813e-01,2.361588989677822908e-02,-3.241744492604674011e-01,-1.470753831717235005e-01,-1.495598552214129351e-02,-1.391080924080611292e-01,-3.712408954823718382e-02,2.272979132222172627e-01,2.476294740605031464e-01,3.379016041824924876e-01,-3.184235220519236742e-02,-1.925197730014746034e-01,-2.340363733857634410e-01,-3.203896510121095886e-01,-6.798337727333661484e-02,-2.179990169355199015e-01,-6.876089190759193670e-02,6.271057688011082154e-02,5.909111220340497461e-02,-1.349032575182090299e-01,-1.786094106081594357e-01,7.093703918852495294e-02,-2.027034273202555914e-01,-1.976897984717815859e-01,9.911971044282585908e-02,-3.247732248983422054e-01,-3.207828768041467438e-01,-7.973993476026632055e-02,-2.308324768756423451e-01,-3.644041288708163573e-02,-2.729076366236203310e-01,-2.333884445238839922e-01
-8.919522766879664499e-02,-3.194959560302068884e-03,6.137003440725680159e-01,0.000000000000000000e+00,-9.524554269627776015e-02,-1.204834889852093444e-01,2.221100138522722200e-01,5.131596586085168665e-01,-1.085884087760847216e-01,1.677554850529514308e-01,9.763170829795790595e-02,-1.374502882166316574e-02,5.830912909424013774e-02,3.215961392376781580e-02,-2.653022923276285860e-01,8.786809062067116316e-02,-3.918539702399571056e-01,-4.669958443183341301e-01,7.256803253049734503e-02,1.631440189463336313e-02,-2.938647839492381508e-01,-2.449171097904285221e-01,5.114348272934446937e-01,6.196031994280352118e-01,2.500156396621833199e-01,1.363108271147057404e-01,-3.134456410027257611e-01,-9.561195763885785293e-02,-3.691228383752624964e-01,-4.419455739756021351e-01,1.179543321864247735e-01,3.763215514544885898e-01,-5.392555520800750707e-02,1.110907547254122163e-01,3.619509361454935625e-01,1.232807542785647192e-01,-1.759998212610036084e-01,-2.249028106707180730e-01,-2.577863175298270582e-01,-2.734840698869475673e-01,-1.637696054336654772e-01,-1.221904464006434571e-01,2.075204432727110193e-01,1.714553822780285133e-02,3.458465525716072908e-01,2.601009875329550192e-01,-4.198132177487823302e-02,-1.191652888869029064e-01,-2.860717637070467681e-02,-3.904106528441842611e-02,-9.271638589749318926e-02,-8.993252602886635250e-02,-1.987935117744313862e-01,-2.933464408597345474e-01,-3.419008892265069655e-01,-3.069127306850171766e-01,-3.158720228785915629e-01,-4.812994325036865084e-02,-2.441172527816256321e-01,-1.906206711649314212e-01,-3.912641315519013174e-01,-2.490504490817284089e-01,-4.911345457795254221e-01,-3.511953170382948186e-01,3.145895705795612174e-01,4.061218106260333083e-01,4.152777157156262722e-01,2.700254703069842055e-01,-1.142097502122525615e-01,-8.342642656061485459e-03,1.113454577952544822e-01,-1.052996112426828751e-01,1.665400598775637966e-02,5.746905581125161949e-02,1.133339291299879370e-01,-7.524911747620537106e-02,-2.859823942088565024e-02,6.056570892354439656e-02,-1.251932615398364534e-01,-2.555520800750703536e-01,-3.361946467670584027e-01,-1.376692434871978066e-01,-2.459001742705214655e-01,-5.004289735913133308e-01,6.746056570892354498e-02,7.846641941105500506e-03,-1.018142008132624371e-01,-3.032798605835828054e-01,-1.856919433397381525e-01,-6.298315384959113361e-02,-7.079851646633003592e-02,-3.428660798069618765e-02,2.830466061933062383e-01,8.494570802984940591e-03,-9.606774207962821832e-02,-1.964296885472988086e-01,-2.048661691764600834e-01,-3.579829304258456690e-01,-1.311050538451226655e-01,-3.976987354216006132e-01,-9.049555386746503671e-02,-1.512623441619375397e-01,-1.181866928817194712e-01,-2.436927476652218649e-01,-8.516019482550606090e-02,-1.724161043835738816e-01,-2.527369408820769395e-02,2.953215067697394919e-02,7.361812413423299284e-02,-1.647750122883059887e-01,-1.473524286161133068e-01,-1.792484025202198406e-01,-2.592698511997855171e-01,-1.734527905625809774e-01,-3.793601143929576924e-01,-3.139103623933151566e-01
-2.185397023995710175e-01,-1.086241565753608279e-01,-1.472362482684659857e-01,-9.524554269627776015e-02,0.000000000000000000e+00,6.344921578265337869e-01,-1.147280933017561094e-01,7.027570490191697994e-02,9.036641494258009777e-01,-1.356941775771929037e-01,-1.295142767773359016e-01,1.766834979221591773e-01,-9.559855221412931481e-02,1.964252200723893005e-01,6.399749765405067237e-01,4.375485946646409663e-01,1.841726618705036012e-01,2.048572322266410395e-01,-1.532508154966709946e-01,-1.181643505071719030e-01,-1.051566200455784500e-01,2.265159301130524050e-01,-9.986147727780508854e-02,-9.079047321149291694e-02,3.246704499754233808e-01,6.265338040126904318e-01,5.935564591804817214e-01,3.962643549756467848e-02,2.568032530497341148e-01,3.834085526609767869e-01,2.000446847490951474e-01,2.018991018365431933e-01,2.831538495911345432e-01,8.960632736047187408e-02,-2.322266410474105314e-02,1.862415657536082847e-01,4.371955851467893700e-02,2.406809955762098385e-01,1.206488225568613429e-04,1.028419500424505167e-01,-1.487957460118861375e-01,2.916126725948433585e-01,-2.575003351356182080e-01,1.356539613030072755e-01,-1.821395057866750100e-01,-1.273336610214933773e-01,-3.024978774744179755e-01,-5.400151928146923463e-02,-1.550203315608382759e-01,-9.681397738951695586e-02,1.130970999597837208e-02,1.689083515796058893e-02,6.639706868045935906e-02,-3.876401984002859902e-02,-2.093659234103400490e-01,-7.262165422941149751e-02,-1.260512087224630318e-01,-3.045578444077036706e-01,-2.288618794405469503e-01,-2.437687117386835856e-01,-3.042584565887662684e-02,-4.427364940345859812e-02,9.283256624514053812e-02,-2.326109298896286703e-01,-1.129451718128602761e-01,9.203717771124715619e-02,1.366906474820143817e-02,2.417891773537691677e-02,-1.948612538540596129e-01,3.342419232316010732e-03,-2.767773358952589635e-02,1.030206890388310481e-01,-8.756423432682425290e-02,-4.178470887885964852e-02,1.029804727646454199e-01,3.225032396443093807e-01,1.473658340408418588e-01,-1.190491085392555576e-01,3.696858662138612361e-01,3.914473390231913985e-01,3.635998033871039592e-01,1.901023280754278455e-01,4.053174851423209102e-01,2.694624424683855213e-01,3.093972027347066667e-01,3.564055587827874572e-02,3.052191786943116436e-01,-8.626390812815586118e-02,-1.021180571071093474e-01,-9.111667187988739536e-02,-1.690602797265293444e-01,-1.835247330086241524e-01,-2.287859153670852245e-03,-2.117923052862058231e-01,-8.649626882345055889e-02,2.327181732874569753e-02,1.382948299745296872e-01,-9.678716654005986922e-03,-4.874659278788149447e-02,-3.914384020733723685e-02,1.063943875955136453e-01,-3.559140265427409577e-01,-8.727825193261540271e-02,-1.334107868984315548e-01,2.795656642387953084e-01,-2.825416685285312215e-02,2.552616292059520231e-01,1.997095491308816251e-01,-1.214039948165691052e-01,8.290361499620180208e-02,1.094240135841637318e-01,-1.602886634791545750e-01,1.038607623218195664e-01,8.980740873139997360e-02,1.160686357746101294e-01,2.000134054247285353e-01
1.507082532731578717e-01,1.034943473792394597e-01,-8.121899995531525751e-02,-1.204834889852093444e-01,6.344921578265337869e-01,0.000000000000000000e+00,3.798203673086375520e-02,7.325617766656240815e-02,5.352383931364225189e-01,4.029089771660931962e-01,-9.755574422449618532e-02,2.120604137807766132e-01,6.304571249832431612e-02,8.733634210643907714e-02,5.159613923767818466e-01,6.720854372402699228e-01,2.620492425935028180e-01,2.062648018231377500e-01,9.460208230930783335e-02,1.882434425130702915e-01,1.868984315653067496e-01,-3.585057419902587528e-02,2.776710308771616204e-02,3.039903480941954367e-02,3.085392555520800606e-01,4.126368470441038605e-01,2.614325930559899813e-01,3.605612404486348566e-01,3.783457705884981648e-01,3.443317395772822476e-01,3.062782072478663076e-01,2.871307922606014529e-01,1.927253228473122248e-01,5.785781312837928736e-02,-1.475892577863175403e-01,-5.935028374815675550e-02,5.839849859243040342e-02,1.162384378211716307e-01,2.334241923231601124e-01,-1.981366459627329213e-01,8.116090978149158308e-02,-9.252870995129362786e-02,-2.745118191161356469e-01,-1.555833593994369601e-01,-3.780553197193797788e-01,-3.209571473256177532e-01,-2.808615219625542059e-01,-1.683453237410071912e-01,-1.838866794762947510e-01,-1.738415478797086522e-01,4.464006434603869783e-03,-1.143482729344474751e-02,-1.356182135037311762e-02,1.391572456320657736e-01,6.705840296706734593e-02,8.221546986013673897e-02,1.187273783457705803e-02,-1.707985164663300415e-01,-1.165512310648375710e-01,-1.324679386925242397e-01,4.383573886232628933e-03,-2.131462531837883742e-02,5.564591804817015791e-02,-1.032843290584923301e-01,6.935073059564770583e-03,5.572188212163188548e-02,-8.098217078511103784e-02,-6.198221546986013714e-02,3.623933151615353621e-02,-1.453594888064703439e-02,6.302783859868626992e-02,1.954064077930202370e-02,9.644756244693686309e-02,7.645113722686447399e-02,9.328835068591090351e-02,9.596496715670942146e-02,-1.425532865632959389e-01,-2.612627910094285077e-01,1.279190312346396297e-01,1.607489163948344346e-01,2.118101791858438832e-01,-2.379016041824925237e-02,1.049600071495598586e-01,-1.315027481120693564e-01,4.375083783904553519e-02,-4.110996916752312352e-02,-9.245274587783189682e-03,-1.567094150766343286e-02,1.240135841637249187e-01,-7.110684123508646814e-02,-1.165691049644756311e-01,-1.270208677778274231e-01,-2.416149068322981375e-01,-2.022923276285803762e-01,4.522096608427543518e-02,7.179945484606103934e-02,-9.102730238169712274e-02,-5.006032441127843124e-02,-2.100853478707717104e-01,-1.755038205460476286e-01,-8.430671611778900454e-02,-4.670449975423388023e-02,1.292506367576745918e-01,-2.625273694088207654e-01,7.386389025425621827e-03,9.117923052862057787e-02,-1.378524509584878599e-01,-2.298538808704589098e-01,-1.141561285133383952e-01,6.082041199338665549e-02,-2.064390723446087872e-01,-2.183341525537334238e-01,-1.843648062916126706e-01,-2.966352383931364356e-01,3.757540551409804114e-02,2.125206666964565005e-01
1.357299253764690239e-01,-1.067473971133652139e-01,6.017873899638053192e-01,2.221100138522722200e-01,-1.147280933017561094e-01,3.798203673086375520e-02,0.000000000000000000e+00,6.041735555654854650e-01,-8.732293668171053902e-02,4.960632736047186908e-01,6.432414316993609882e-01,3.357254569015594714e-01,7.134456410027257833e-01,2.354484114571696596e-01,-7.461012556414495234e-02,3.073640466508780755e-01,-1.073327673265114628e-02,-8.370794047991420017e-02,5.519996425220072833e-01,1.703650744001072304e-01,-4.420215380490638557e-02,-4.193261539836453666e-01,6.031458063362974409e-01,4.168014656597703316e-01,5.884981455829125380e-03,-2.539389606327360216e-01,-3.692122078734527690e-01,-3.186916305464945059e-02,5.779972295455561293e-02,7.793020242191340229e-03,2.451315965860851598e-01,2.829974529693015661e-01,2.178828365878725595e-02,5.403279860583582589e-02,3.153849591134545716e-02,-4.197283167255015934e-01,-3.579024978774744126e-01,-3.125027927968184183e-01,1.818669288171946997e-03,-4.448947674158809651e-01,1.229545556101702547e-01,-2.889807408731400185e-01,-2.714151660038429115e-01,-5.153224004647214418e-01,6.715670941507663472e-02,-2.896733544841145758e-01,-5.460789132669020551e-01,-6.510612627910093986e-01,-3.247508825237946373e-01,-3.942267304169086994e-01,-4.009785960051834297e-01,-4.405826891282005331e-01,-5.789981679252871327e-01,-3.797041869609902309e-01,-4.918897180392332036e-01,-6.259618392242727314e-01,-2.260914249966486378e-01,-3.047723312033602805e-01,-4.551588542830332235e-02,-1.701282452299030246e-01,3.417489610795835381e-02,-7.447607131685955728e-02,-2.686893963090397075e-01,-1.335135618213503794e-01,6.809240806112873967e-01,4.321953617230439026e-01,-7.091022833906787670e-02,-3.929219357433307858e-01,-3.403190491085392733e-01,-4.971357075830019068e-01,5.523079672907637017e-01,3.607221055453773695e-01,6.100406631216765962e-01,4.845167344385361008e-01,2.418159882032262509e-01,3.570356137450288458e-01,1.459448590196165962e-01,2.469055811251619770e-01,-5.287546360427185926e-02,-1.927208543724026890e-01,-3.473256177666562139e-01,-3.477277805085124407e-01,-4.383841994727199487e-01,-3.225747352428616210e-01,2.815139192993431488e-02,-3.697216140131372869e-02,-4.943026944903704534e-01,-2.743554224943026698e-01,3.104249519638947394e-02,-1.420215380490638668e-01,1.771794986371151570e-01,3.018186692881719702e-01,1.158898967782295841e-01,3.892041646186156778e-01,-7.812234684302248044e-02,-1.272621654229411370e-01,-2.525850127351534913e-01,-2.954421555922963627e-01,1.115465391661825817e-01,5.349658161669422485e-02,-5.991331158675543972e-02,2.376245587381026758e-01,1.332141740024129772e-01,-1.532508154966709946e-01,-6.865811698467312596e-02,1.586934179364582753e-01,-2.753742347736717333e-01,-2.705572188212163054e-01,2.706778676437731623e-01,-1.992805755395683498e-01,-4.680504043969793138e-01,4.921131417847088990e-02,-9.631797667456097611e-02,-6.004736583404084171e-02,5.982841056347468905e-02,-6.978864113678001635e-02
-3.098440502256579951e-02,-1.023102015282184168e-01,3.361857098172393865e-01,5.131596586085168665e-01,7.027570490191697994e-02,7.325617766656240815e-02,6.041735555654854650e-01,0.000000000000000000e+00,1.567317574511819245e-01,2.192814692345502470e-01,4.908709057598641401e-01,6.349479422673042217e-01,4.706868045935921896e-01,3.403547969078153379e-01,-9.239465570400821892e-02,2.199472719960677558e-01,-1.995397470843201237e-01,-3.052593949684972441e-01,1.812815586040484317e-01,3.756200008936949608e-02,-2.110996916752312380e-01,-2.347245185218284902e-01,3.429643862549711653e-01,4.257518209035256462e-01,-5.130702891103266355e-02,-4.854551141695339495e-02,-2.408016443987666955e-01,-2.052817373430448067e-01,-1.068412350864649842e-02,-8.489655480584476499e-02,2.380892801286920712e-01,3.770275704901916991e-01,1.905625809911077329e-01,2.664685642790115550e-01,-3.449662630144331721e-03,-1.827338129496402785e-01,-3.616872961258322805e-01,-1.818535233924661598e-01,-1.764556057017739876e-01,-3.165110147906519678e-01,7.870771705616873282e-02,-9.401224362125207290e-02,-3.116627195138299555e-01,-4.144510478573663059e-01,-8.304660619330622717e-02,-2.248313150721658604e-01,-6.154430492872782210e-01,-5.791188167478439341e-01,-2.684034139148308573e-01,-2.322713257965056399e-01,-1.696456499396755968e-01,-1.101434380445953792e-01,-2.975557442244961548e-01,-2.688636668305107724e-01,-4.411591223915277693e-01,-4.435229456186603469e-01,-4.219848965548058661e-01,-3.604539970508065516e-01,-1.047902051029983433e-01,-1.769113901425443391e-01,-2.575182090352562750e-02,1.580678314491264225e-01,-3.694043522945618663e-01,-1.329371285580231432e-01,3.559050895929219416e-01,6.939228741230617503e-01,4.700835604808079049e-02,-9.830644800929442054e-04,-3.621118012422360199e-01,-4.546137003440725577e-01,3.206711649314089030e-01,1.576433263327226553e-01,2.798873944322802787e-01,3.169265829572366910e-01,1.937039188524956324e-01,4.046918986549890573e-01,3.062111801242236031e-01,2.837660306537378996e-01,-1.430716296527994869e-01,-3.745699092899593130e-01,-3.804191429465123564e-01,-3.924169980785557899e-01,-3.262567585683006643e-01,-3.629340006255865059e-01,7.234907725993118544e-02,9.406586532016622537e-02,-2.529782385271906464e-01,-3.601367353322311171e-01,4.988158541489789294e-02,-2.670807453416149113e-02,1.588140667590151600e-01,3.139997318915054014e-02,2.438938290361499506e-01,4.105634746860896411e-02,-1.537378792618079582e-01,-1.672818267125430192e-01,-1.815720094731668177e-01,-3.561642611376736878e-01,-5.536887260378033082e-02,-1.401134992627016407e-01,5.599892756602171950e-02,1.791858438714866511e-02,-4.538629965592743537e-02,-3.784798248357835737e-01,-9.103623933151615277e-02,-1.402654274096250819e-01,-1.307922606014567113e-01,-2.467491845033290276e-01,2.586978864113678167e-01,-6.774207962822288882e-03,-3.190803878636221391e-01,-1.276062379909736755e-01,-8.542830332007685101e-02,-1.987264846507886817e-01,-4.936324232539434503e-02,-6.561955404620403720e-02
-3.770052281156441309e-02,1.751195317038294758e-02,-2.385182537200053743e-01,-1.085884087760847216e-01,9.036641494258009777e-01,5.352383931364225189e-01,-8.732293668171053902e-02,1.567317574511819245e-01,0.000000000000000000e+00,-2.801912507261271612e-01,-6.376513695875597916e-03,3.167567809106751620e-01,2.115376022163635572e-02,2.470262299477188339e-01,5.362750793154296147e-01,2.816256311720809480e-01,1.726171857545020019e-02,7.389516957862281299e-02,-1.485097636176772873e-01,-1.352964833102462128e-01,-2.825103892041646025e-01,2.013360739979445091e-01,-2.410340050940613932e-01,-2.729210420483488830e-01,1.383841994727199598e-01,5.316368023593547321e-01,5.331069306045846945e-01,-2.299968720675633349e-01,1.809330175611063851e-01,2.897269761830287282e-01,2.306626748290808299e-02,-2.804861700701550414e-02,2.375932794137360915e-01,5.437240269895884243e-02,-1.729567898476249976e-01,5.111488448992358713e-02,-6.006077125876937983e-02,3.153402743643594630e-01,-1.877921265472094481e-01,1.134501094776352859e-01,-2.544483667724205533e-01,3.473524286161133179e-01,-2.942446043165467540e-01,1.793779882925957414e-01,-1.781536261673890564e-01,-7.757272442915233435e-02,-3.477501228830600088e-01,-1.772643996603959216e-02,3.452343715090040038e-02,9.773001474596719473e-02,1.400285982394208761e-01,1.262254792439340412e-01,1.341168059341346919e-01,-6.489566111086286782e-02,-2.468162116269717044e-01,-1.376558380624692823e-01,-1.389472273113186440e-01,-2.126636578935609256e-01,-2.668573215961392298e-02,-1.274945261182358347e-01,1.189463336163367468e-01,9.587112918360964076e-02,9.912864739264488911e-02,-1.413110505384512217e-01,-1.803163680235935484e-01,-3.424639170651056636e-02,-1.134411725278162558e-01,-9.063407658965995373e-02,-2.850529514276777254e-01,-2.366504312078287695e-02,-2.721301219893650439e-02,1.428437374324143250e-01,-6.145493543053755919e-02,1.201572903168148659e-02,7.945842084096697844e-02,3.593592206979757675e-01,1.357477992761070562e-01,-1.815943518477143859e-01,2.691988024487242392e-01,2.319898118772062978e-01,1.544662406720586356e-01,-4.066312167657178817e-03,2.809553599356539588e-01,2.710398141114437887e-01,2.781134098932034338e-01,-2.477769337325171073e-02,3.434871978193842490e-01,-1.301443317395772903e-01,-1.192055051610885208e-01,-1.518119665758076720e-01,-1.238571875418919555e-01,-1.894946154877340250e-01,-8.123687385495331065e-03,-1.767773358952589580e-01,-4.892980025917154779e-02,1.190848563385316639e-01,1.991286473926448808e-01,5.395236605746459024e-02,-1.939318110728808272e-03,3.574333080119754952e-02,1.263461280664908981e-01,-3.284418427990526967e-01,-1.074981008981634595e-01,-1.509897671924572138e-01,3.319942803521158114e-01,-3.919299343134188124e-02,2.273202555967648308e-01,2.183073417042763198e-01,-1.189642075159747930e-01,2.144153000580901747e-01,1.654854997989186338e-01,-7.195138299298449447e-02,2.275034630680548842e-01,1.127574958666607147e-01,1.982885741096563625e-01,1.637204522096608328e-01
5.847893114080164600e-02,-1.973278520041109874e-01,4.979802493408999609e-01,1.677554850529514308e-01,-1.356941775771929037e-01,4.029089771660931962e-01,4.960632736047186908e-01,2.192814692345502470e-01,-2.801912507261271612e-01,0.000000000000000000e+00,2.021180571071093390e-01,3.549756468117431368e-02,3.614236561061709430e-01,-5.943071629652799158e-04,4.567675052504580058e-02,5.819428928906563714e-01,8.326556146387238677e-02,3.836632557308190805e-02,2.719156351937083715e-01,8.505741990258725016e-02,4.407390857500335102e-01,-4.717815809464229737e-01,5.551320434335761389e-01,5.194646767058402892e-01,2.246525760757853429e-01,-2.218150945082443259e-01,-4.776531569775235853e-01,5.841681933955941153e-01,2.088565172706555173e-01,9.760489744850082972e-02,3.123866124491710972e-01,3.832610929889628815e-01,-1.938692524241476256e-01,-1.710353456365342473e-01,1.251172974663747328e-01,-2.915098976719245893e-01,-6.275526162920595785e-02,-2.852138165244202384e-01,3.554805844765181466e-01,-4.891192635953349188e-01,4.299655927431967339e-01,-5.474507350641225623e-01,-8.582152911211403390e-02,-5.056124044863488098e-01,-5.085124447026230163e-03,-2.657312659189418613e-01,-1.788373028285446253e-01,-4.489476741588095954e-01,-3.354171321328030531e-01,-4.081907145091380196e-01,-2.356226819786406967e-01,-2.137048125474775573e-01,-3.123687385495330648e-01,3.488985209348049316e-02,6.879217123195853489e-02,-4.964475624469368714e-02,-1.831449126413155215e-01,-2.608919075919388653e-01,-1.774922918807810834e-01,-1.653782564010903011e-01,-1.545556101702488805e-01,-2.506233522498771404e-01,-3.252021984896554807e-01,-7.832789668886008805e-02,5.496983779436078743e-01,3.452388399839134703e-01,2.336565530184548170e-02,-2.318110728808257803e-01,-1.005004691898654934e-01,-3.966128960185888452e-01,2.987756378747933317e-01,-4.340676527101300364e-02,3.646856427901157272e-01,2.675544036820233229e-01,7.789892309754681277e-02,-1.545645471200679244e-01,-1.738683587291657284e-01,1.065865320166227287e-01,-1.399481656910496474e-01,-7.223289691228383658e-02,-1.902944724965369427e-01,-8.605835828231823970e-02,-4.019884713347334770e-01,-4.531882568479377871e-01,-1.532418785468519506e-01,1.092631484874212466e-01,-5.545734840698869350e-01,4.363912596630770135e-02,2.916260780195719104e-01,2.330756512802180727e-02,1.408820769471379464e-01,2.904821484427365097e-01,3.179766745609723111e-02,2.487331873631529466e-01,-4.434514500201081066e-02,-1.809821707851110295e-01,-3.375709370391885011e-01,-2.620894588676884740e-01,-4.573930917377899003e-02,-3.038562938469100555e-02,-1.934224049331962902e-01,2.377318021359310085e-01,2.473524286161133123e-01,-2.462799946378300964e-01,-2.550605478350239097e-01,1.871486661602395074e-01,-3.277313552884400516e-01,-5.590777067786764087e-01,2.483131507216586875e-01,-3.792707448947674198e-01,-6.318110728808257193e-01,-2.891550113946110209e-02,-3.121587202287859353e-01,-2.562804414853210866e-01,-3.394253541266365609e-02,9.972742303051967960e-02
2.267840386076232229e-01,9.882479109879797885e-02,2.988024487242504357e-01,9.763170829795790595e-02,-1.295142767773359016e-01,-9.755574422449618532e-02,6.432414316993609882e-01,4.908709057598641401e-01,-6.376513695875597916e-03,2.021180571071093390e-01,0.000000000000000000e+00,3.546807274677152844e-01,7.835649492828097307e-01,2.616828276509227669e-01,-9.066535591402654845e-03,7.046784932302605289e-03,6.380982170785111200e-03,6.523973367889538896e-03,3.812413423298628423e-01,9.943250368649179938e-02,-8.970016533357165478e-02,-2.399571026408686691e-01,2.809508914607444230e-01,2.179677376111533171e-01,1.605969882479109725e-02,-1.524062737387729682e-01,-1.521605076187497185e-01,-1.129585772375888142e-01,8.000357477992761646e-02,-1.912954108762679462e-02,1.372089905715179470e-01,1.307520443272711108e-01,1.311184592698511897e-01,1.007953885338933875e-01,-5.433218642477322807e-02,-3.517762187765315907e-01,-4.104026095893471560e-01,-2.677018633540372838e-01,6.433710174717369168e-02,-2.055811251619822089e-01,9.318110728808257082e-02,-1.620849903927789326e-01,-1.219446802806202212e-01,-3.757853344653469541e-01,5.845658876625407785e-02,-1.684346932391974638e-01,-3.721748067384601510e-01,-5.082934894320568775e-01,-1.017516421645292407e-01,-1.579024978774744292e-01,-2.711023727601769573e-01,-2.343402296796103512e-01,-3.141203807140622861e-01,-3.490861968810045068e-01,-3.707314893426873481e-01,-5.738415478797086466e-01,-5.811251619822154629e-02,-6.013226685732159932e-02,1.787389963805353316e-05,-1.275660217167880472e-01,8.075874703963537016e-02,-2.618526296974842647e-03,-1.306716117788998544e-01,-4.183833057777380793e-02,3.737432414316993468e-01,2.497385942177934581e-01,-5.817954332186425076e-02,-2.613521605076187249e-01,-2.391840564815228554e-01,-4.316457393091737704e-01,2.858617453862996594e-01,1.572054157915903361e-01,3.429107645560570128e-01,2.953706599937441224e-01,4.292863845569507009e-02,1.215693283882210984e-01,-8.543724026989588105e-02,1.633227579427141626e-02,1.214442110907547195e-01,-3.677108003038562917e-02,-1.041869609902140448e-01,-2.751552795031055876e-01,-2.447875240180526490e-01,-1.025514991733321446e-01,7.384601635461816860e-02,-1.338755082890209502e-01,-2.492113141784708941e-01,-2.071853076544975247e-01,4.695920282407614610e-02,-2.423924214665534593e-01,7.480226998525403397e-03,-2.659189418651414227e-02,-2.873229366817105224e-02,1.069350730595647753e-01,-1.889718039233209690e-01,-8.708610751150631935e-02,-1.555073953259752395e-01,-3.790339157245631863e-01,-9.020957147325617265e-02,-1.182626569551811918e-01,-5.219178694311631291e-03,-3.332141740024129745e-02,3.375932794137360970e-02,-1.597211671656463550e-01,1.879172438446758131e-01,5.365297823852718806e-02,2.286965458688949501e-02,-1.503552437553063170e-01,3.178828365878725859e-01,-2.321998301979534274e-01,-4.974887171008534614e-01,-1.138522722194914849e-01,-1.279815898833727983e-01,-4.594932749452611959e-02,1.743509540193931839e-01,1.036015907770677924e-01
3.255283971580499869e-02,-3.757987398900755269e-03,-1.444881361991152413e-01,-1.374502882166316574e-02,1.766834979221591773e-01,2.120604137807766132e-01,3.357254569015594714e-01,6.349479422673042217e-01,3.167567809106751620e-01,3.549756468117431368e-02,3.546807274677152844e-01,0.000000000000000000e+00,5.338755082890209724e-01,5.939586219223379482e-01,1.056124044863488154e-01,2.197417221502301343e-01,1.671522409401671183e-01,1.425577550382054470e-01,-2.050136288484740235e-02,-6.609768086152195687e-02,-7.407837704991286631e-02,-7.810894141829393365e-03,-5.794271415166003802e-02,-8.871710085347871144e-02,-1.160105456007864549e-01,1.110416015014075754e-02,-8.794405469413289766e-02,-2.322713257965056399e-01,4.063943875955136620e-01,3.093703918852495627e-01,2.051164037713928134e-01,1.461816881898208020e-01,8.719335090933463817e-02,1.200321730193485009e-01,-2.683542606908262407e-01,-2.971401760579114315e-01,-2.017829214888958445e-01,9.604986817999017212e-02,-1.605076187497207069e-02,-1.023414808525850150e-01,2.227713481388801930e-01,1.362884847401581818e-03,-4.278028508869922697e-01,-2.337593279413736069e-01,-1.957772912105098517e-01,-2.375843424639170753e-01,-6.184101166271951389e-01,-3.646052102417444707e-01,-1.025917154475177590e-01,-1.742258367219268189e-02,1.596720139416417106e-01,2.040752491174762095e-01,-8.922650699316322931e-02,-7.237141963447875359e-02,-1.710130032619866791e-01,-2.095580678314491185e-01,-3.256669198802448761e-01,-2.403950131820009883e-01,7.421243129719826137e-02,-3.106036909602752707e-02,2.018856964118146413e-01,4.231020152821841629e-01,-7.600428973591313864e-02,2.870012064882255798e-01,1.522856249162160905e-02,3.236739800706018855e-01,-2.437374324143170012e-01,-1.677420796282228788e-01,-3.848474015818401095e-01,-4.327717949863711389e-01,2.824076142812458334e-01,3.105009160373564669e-01,4.110281960766790088e-01,4.934536842575629190e-01,3.130613521605075944e-02,4.839760489744849847e-01,2.747352428616113285e-01,2.127530273917511983e-01,9.268510657312659107e-02,-1.614996201796326802e-01,-2.381741811519728358e-01,-2.464140488851155053e-01,-1.590106796550337376e-01,-3.436257205415791435e-03,5.547611600160864964e-02,1.870324858125921585e-01,-9.878010634970284254e-02,-1.123687385495330399e-01,4.767415880959828545e-02,-8.276062379909736311e-02,9.440100093837973383e-02,-6.569551811966575783e-02,-5.669600965190580572e-02,-1.024665981500513939e-01,-1.864694579739934605e-02,1.229500871352607327e-01,1.772643996603958938e-01,1.210509852987175401e-02,2.289199696143706317e-02,2.520219848965548140e-02,4.368381071540283073e-02,-7.033379507574064569e-03,-4.758478931140801976e-02,-3.221189508020912418e-01,-2.550471424102953577e-01,-3.297064211984449544e-01,-1.920863309352517923e-01,-2.310335582465704585e-01,2.394074802269985369e-01,2.772554627105768832e-01,-1.924259350283748227e-01,-6.606193306224585060e-02,2.541668528531212251e-02,-1.408999508467760065e-01,7.515527950310559036e-02,-4.879574601188614753e-03
1.949819026766164698e-01,-2.253898744358550504e-02,3.152240940167120864e-01,5.830912909424013774e-02,-9.559855221412931481e-02,6.304571249832431612e-02,7.134456410027257833e-01,4.706868045935921896e-01,2.115376022163635572e-02,3.614236561061709430e-01,7.835649492828097307e-01,5.338755082890209724e-01,0.000000000000000000e+00,4.577952544796460854e-01,8.188033424192323051e-02,2.500603244112784562e-01,7.473971133652083931e-02,1.368112963045712560e-01,2.583538138433352782e-01,-3.706599937441350939e-02,6.469904821484427637e-02,-2.066490906653559168e-01,3.384199472719960911e-01,1.711917422583672244e-01,3.304437195585147036e-02,-1.527771571562625552e-01,-2.316770186335403714e-01,-1.615353679789088143e-02,2.141025068144242482e-01,1.434916662942937460e-01,1.182715939050002218e-01,9.044640064346039232e-02,-1.383707940479914078e-01,-1.239152777157156299e-01,-6.860002681084945153e-02,-4.319495956030207084e-01,-1.912641315519013341e-01,-1.093748603601590735e-01,1.114839805174493992e-01,-2.191920997363599743e-01,2.477456544081504952e-01,-2.716832744984136738e-01,-2.585280843648062876e-01,-3.674784396085615801e-01,5.145002010813709559e-02,-2.191027302381697017e-01,-4.453997050806559610e-01,-4.807855578890924408e-01,-1.958487868090620643e-01,-2.012377675499352203e-01,-1.560838285893024757e-01,-1.200277045444389790e-01,-3.160194825506054683e-01,-2.608740336923008329e-01,-2.221368247017292963e-01,-4.514500201081371178e-01,-2.287144197685329894e-01,-1.805576656687072623e-01,-3.615443049287278554e-02,-1.687877027570490185e-01,4.071227490057643256e-02,-4.338442289646543548e-02,-2.972027347066446001e-01,4.086420304749988769e-02,4.436614683408552917e-01,2.057911434827293384e-01,-1.864962688234505506e-01,-3.986639260020555242e-01,-3.865230796729076101e-01,-4.897225077081192035e-01,3.454488583046605998e-01,2.489298002591715520e-01,4.843424639170650914e-01,4.283301309263148338e-01,7.988739443228026760e-02,2.050583135975691529e-01,-6.608874391170294071e-02,7.546807274677153066e-02,7.198266231735109266e-02,1.637696054336654911e-02,-2.438357388623262900e-01,-2.063943875955136509e-01,-2.497341257428839500e-01,-1.895214263371911290e-01,1.590687698288573981e-01,6.317082979579069502e-02,-3.007953885338933708e-01,-1.484740158184011671e-01,1.110103221770409737e-01,-2.098083024263818763e-01,-1.536708521381652433e-02,8.998167925287099689e-02,-1.992939809642968810e-02,1.670584029670673376e-01,-2.075159747978014974e-02,2.958577237588810860e-02,-3.257965056526207492e-02,-1.494749541981321705e-01,2.512623441619375383e-02,-1.715894365253138945e-02,-2.435318825684793659e-02,2.891103266455158707e-02,4.124402341480852552e-02,-2.127485589168416902e-01,-5.889003083247687509e-02,-7.382814245498010852e-02,-2.009830644800929544e-01,-2.502837481567540823e-01,2.230886098574556553e-01,-3.755753161445998800e-02,-4.129496402877697592e-01,-3.205237052593949698e-02,-1.016622726663389820e-01,-4.201260109924482428e-02,7.225523928683140473e-02,2.316010545600786369e-02
