1.000000000000000000e+00,5.605186431622711796e-01,5.239606474135195535e-01,1.235213669749696958e-01,2.038247535897020346e-01,2.896442604722949676e-01,2.606754964165766686e-01,-4.947841155828114346e-02,2.380721890275783181e-01,4.418763941560175934e-01,-2.017927390870546955e-01,-2.519857804648061861e-01,-7.304521346426508244e-02,-2.112861281904340194e-01,5.291342933270013482e-01,4.851468872505930729e-01,-2.350721136832203684e-01,-2.825390592001169043e-01,5.011883860096942866e-01,3.079826205680964435e-01,2.775480662756370509e-01,3.552486477970908108e-01,-2.232179346969901113e-01,-2.462733082337684176e-01,-9.303201678580969025e-02,3.264123071583989733e-01,3.873910075367189565e-01,4.233279831228637935e-01,-2.958293473123754097e-02,-9.331056259403774922e-02,-2.861030756480185608e-02,1.648055088141482938e-01,-2.280217083077428764e-01,-2.223640319734057347e-01,-1.499558208082851507e-01,-2.478623892380859006e-01,-1.337088374365566212e-01,-1.009363248848715311e-01,2.106468427289269751e-01,1.970665929966277652e-01,1.799748395507649867e-01,-3.990739493457598486e-02,-5.133576414019530576e-01,-4.558721794382963877e-01,-4.444518013009459145e-01,-3.039231578875268291e-01,-6.251823675937067115e-01,-5.206546283125832453e-01,-4.776398494026105612e-01,-3.860439417428291331e-01,-4.505706764325131397e-01,-2.936032640089134560e-01,-2.846578338725401780e-01,-1.007217076227941849e-01,-1.402021511955779676e-01,-2.053773039962190905e-01,4.666167415163394727e-01,5.114489176668820525e-01,4.470089431469740360e-01,3.375861037605967230e-01,-1.269666589800200543e-02,-1.412021763103639693e-01,8.811408505693064941e-02,-2.646116683295698935e-01,2.510451175714458749e-01,-1.786095084579749637e-01,1.273981766665372994e-01,1.166947115110196775e-01,7.266232713606962657e-01,4.142455632447390457e-01,2.956170132126605954e-01,3.260880981029203873e-01,-1.378641929363522700e-01,-4.470660222060371392e-02,2.354876492331999249e-01,-7.674850281628077531e-02,-2.122267910837943306e-01,4.458331145302735915e-02,-2.574060079134407597e-01,-7.964355269196257692e-02,1.315991954135834474e-01,2.582233800392247369e-01,1.777738710332907868e-01,1.830662413896239349e-01,-2.184872222818381171e-01,-1.619332905620917418e-01,2.652920507136024009e-01,4.891743856580872962e-01,-1.440675450753329395e-03,5.804027041775021434e-02,-3.994872017333768732e-01,-3.186997846977892013e-01,-2.449582067129539853e-01,-1.413711303251908025e-01,1.777556057343905871e-01,2.169392382000461250e-01,5.999465740007169090e-02,-8.824194214923206103e-02,-4.016105427305252107e-01,-3.811488416375753974e-01,5.567948053489928106e-02,-1.767007847229039863e-01,1.469694444381023368e-01,4.926836062092883328e-02,-5.734618905954259188e-02,-2.480176442787375979e-01,2.201447981570313350e-01,2.656025607949057954e-01,4.777060611111237642e-02,1.805364974919461407e-01,-3.201929728828806221e-01,-3.468968398749740500e-01,-2.973796145565299476e-01,-4.362369831205806792e-01,-1.336586078645810860e-01,-9.737915792405744952e-02
5.605186431622711796e-01,1.000000000000000000e+00,3.568240298272331024e-01,2.235215952912059621e-03,3.941879818899561572e-02,1.787054012772010259e-01,2.518487907230547163e-01,2.633604953549061878e-01,1.874544794503971434e-01,4.140309459826616578e-01,-1.439556701195692234e-01,3.837310982695912170e-02,-2.471066624960900973e-02,1.312818358451924494e-03,3.467370185095972612e-01,2.829682937242716245e-01,-2.219804606965015137e-01,-4.976609001595930226e-02,3.710116007479639655e-01,4.007429410327656427e-01,-2.067882983362595850e-01,-2.094824299240391763e-01,-1.077721129982716491e-01,-8.414138254613699741e-02,-9.212331816552470076e-02,2.193730892784978570e-01,2.941283913522942384e-01,9.948879994703063723e-02,-7.865266022662670276e-02,-4.924096267257853377e-02,2.620682254577169634e-01,4.711739335919395422e-01,-4.884825874622421987e-02,6.090335602035667345e-02,-7.051090324186223834e-02,-5.023185513791442180e-02,-2.360858377721815060e-01,-2.486432307660694785e-01,2.081102493441615991e-02,-7.421875891860298113e-02,-2.991171011144115599e-02,-3.177180248819034269e-01,-6.508725104968389186e-01,-5.297553134896081373e-01,-4.232503556025379865e-01,-5.028916251321380315e-01,-4.804755370568667416e-01,-5.728066229973811652e-01,-3.579427793848704020e-01,-4.002680432613604511e-01,-5.212756484751900343e-01,-6.830787987826177909e-01,-4.569680973723084239e-01,-4.056882707099950247e-01,-1.195235496781882692e-02,-3.307411829977465190e-01,3.877471808652728780e-01,7.252031443712056991e-01,4.217434684432714298e-01,4.725392646847295097e-01,-9.200459372267340286e-02,1.191331289141964733e-01,-7.625533974597535625e-02,-7.525074830646431845e-02,3.226770535333078893e-01,1.075940263339946884e-01,3.237547061684197813e-01,2.508715972318939502e-01,4.872519629488411552e-01,6.274426983326065743e-01,1.140142788974152360e-01,2.041169983721052295e-01,-4.978892163958455880e-02,-2.299372815299014286e-02,7.546079924381662862e-02,-1.787510645244515251e-01,-4.093687284383854541e-01,-2.273184943000851610e-01,-5.501279712504195119e-02,-3.094758087531878643e-01,-2.006922548283175955e-01,-1.202244805234834596e-01,-6.586238467176115663e-02,-1.806643545842475385e-01,-4.153003842562256187e-01,-5.794369264981540368e-01,1.327590418937461825e-01,3.938386580484897759e-01,1.962378050590311493e-02,-2.428120340921803844e-01,-4.382050690770772916e-01,-4.857405094648495902e-01,-4.586941681183773767e-01,-3.042519332677304789e-01,1.199048377927299514e-01,3.418236531054432703e-01,1.633260196032320366e-01,7.903166517880585995e-02,-2.113454904118596545e-01,-2.663788359981643650e-01,2.911694129304617240e-01,-1.933998342424124717e-01,4.035786286870218231e-01,3.254990422133889338e-01,4.299194728634737721e-03,-3.171289689923719735e-01,3.993136813938249485e-01,4.428946845697038226e-01,1.075255314631189396e-01,1.724997659758578383e-01,-1.601524239193221621e-01,-2.906853825096064048e-01,-4.108482176493016835e-01,-4.541050117697019717e-01,-3.315311571751802244e-01,-2.455883595250109019e-01
5.239606474135195535e-01,3.568240298272331024e-01,1.000000000000000000e+00,5.906792179712275770e-01,2.565589546769439511e-02,1.131192792513053963e-01,5.702449148266280909e-01,2.058476354428992461e-01,4.051014979828260199e-02,2.455929258497359657e-01,-1.484740484350063547e-02,-2.389329412382502904e-02,1.499786524319103864e-01,4.237777661082812314e-02,3.156905767039811517e-01,2.968910178109495646e-01,-2.863382413713586594e-01,-2.501501179253360352e-01,6.468861090118701584e-01,4.873250241444420094e-01,-6.687382559835977451e-03,1.526590850455148418e-01,1.962720524944690514e-01,2.255330613325905453e-01,-2.233731897376418085e-01,1.732212452824157811e-01,1.766916520734538865e-01,9.660744904552397150e-02,-2.461933975510800440e-02,-3.748724283029938875e-02,-1.372979686704460522e-01,5.124557922687555944e-02,-1.732806075038414162e-01,-3.171084205311092141e-02,1.585313786419293713e-01,6.265682471477594662e-02,-1.498873259374093880e-01,-1.890846573772400618e-01,-3.320403023820232835e-02,5.130265828593869037e-03,-4.086175680211146660e-02,-1.903723609497042224e-01,-1.948336602060782297e-01,-2.326610942283938721e-01,-1.685864256864898492e-01,-3.345974442280513772e-02,-2.585704207183285308e-01,-1.962400882213936881e-01,-3.156768777298060158e-01,-3.688562954777402925e-01,-1.827146343857950772e-01,-2.000666683409857427e-01,-1.643032130943927749e-01,-1.059501494329766341e-01,-2.580270280760475488e-01,-2.813335494727036701e-01,2.734475066725420289e-01,3.028957348243905834e-01,1.387683252319122096e-01,1.082378781202267687e-01,1.003564016447901636e-01,3.725436026932182898e-02,-1.977446922182977268e-02,-3.109438821522915106e-02,1.782807330777713695e-01,9.503206701538166601e-02,3.136357305777085491e-01,2.934525752929867948e-01,6.225156339542773365e-01,3.063844069143288884e-01,2.521775661032583105e-01,2.470587160864770593e-01,-2.530451678010178229e-01,-5.130265828593869037e-03,8.777161070255189157e-02,-2.681734016151090527e-01,-9.247492516935357232e-02,-8.872140624536233033e-02,-1.670658395530481288e-01,-4.152387388724374656e-02,4.891218729237492568e-02,3.883887494891424125e-02,-9.728554826719392964e-03,-8.510944338784763585e-02,-1.145485388902461044e-01,3.637077643502462532e-03,-7.773026263216656351e-02,9.575811264666464484e-02,-1.825730783193185158e-01,-1.971305215427784641e-01,-3.522394398032827056e-01,-3.417414592603923995e-01,-2.229074246156866890e-01,-1.506818664395681295e-01,1.283845028071481376e-01,1.690978540556954679e-01,3.831831393025852267e-02,1.266013530020160260e-02,-1.791209368271805824e-01,-2.353597921408985272e-01,-2.132405151727554682e-01,-2.341634150629353650e-01,-8.154314377758345445e-02,-8.723735070972102323e-02,-1.754587443976903527e-01,-1.709472155693407824e-01,-6.930995983917404013e-02,-3.554655482215306889e-02,2.789453616415024095e-01,1.823401957583409561e-01,5.942386680944041627e-02,-1.282931763126471114e-01,-1.074068070202676278e-01,-2.486021338435440153e-01,3.628629942761119748e-02,-5.822748973147727491e-02
1.235213669749696958e-01,2.235215952912059621e-03,5.906792179712275770e-01,1.000000000000000000e+00,1.547755765555755905e-02,-1.523714065878366830e-01,2.302592074230174757e-01,3.598104061974159440e-01,-5.769322973864640658e-02,1.808881044957749984e-01,5.251958382516455637e-02,5.669320462386041870e-02,1.464169191463712549e-01,8.595877978670697639e-02,1.297909308224635683e-01,1.481977857891408346e-01,-9.411423574564657668e-02,-6.253810027192463483e-02,3.578149222925690043e-01,2.838267627725810649e-01,3.557395277050336840e-02,1.700659148974061063e-01,4.743657945747495885e-01,6.113327047026295702e-01,-1.092493190468253779e-02,2.958293473123754097e-02,-8.567110132902881758e-02,-6.536693843909322302e-03,3.484334081449533965e-02,5.552422549424756992e-02,-3.202249371559559576e-01,-2.192817627839968586e-01,-2.555543632374328994e-02,3.483877448977028973e-02,2.071581706389886424e-01,1.256903712193685185e-01,-2.470153360015890642e-02,-5.155152298345392486e-02,-1.724449700791572393e-01,1.275146179470260620e-02,-1.463118936776950929e-01,-6.613636415526417955e-02,1.784542534173232664e-01,3.921331357636835546e-02,1.068816796768868593e-01,1.965368993285219468e-01,-3.404195082524903628e-03,5.181180349278178415e-02,3.522234576667450379e-02,-4.898981481270077432e-02,2.537849124064759376e-01,2.021626113897837529e-01,7.822799202719703249e-02,1.483393418556173682e-01,-1.980437864877885035e-01,-8.254773521709449224e-02,-4.014484382027859455e-02,-1.444762311382249420e-01,-5.473881764153894214e-02,-2.306747429729970322e-01,2.973156860103792765e-01,5.926404544406366215e-02,5.733249008536744212e-02,6.037366235225085503e-02,2.803495064944553500e-02,4.484359196235521844e-02,6.296276847135430510e-02,8.755242711574948156e-02,1.490197242396498478e-01,-1.647461465927226587e-01,1.693261702919479639e-01,-1.867855128781772955e-02,-1.882398873031057851e-01,-7.343335106589435335e-02,2.675295498288770002e-01,-8.483546390434462681e-02,1.096762704086175627e-01,5.172960964773087866e-02,-1.376518588366374557e-02,1.361700864633586805e-01,3.234213644634910678e-01,9.676727041090073256e-02,-7.561605428446832589e-02,-2.681574194785713711e-02,1.358915406551306215e-01,2.768311532938041997e-01,-2.460358593480658218e-01,-5.597629164202753971e-02,-1.391153659110160312e-01,-7.232373415770715352e-02,-1.434967544847016649e-02,-5.453789935363673180e-02,1.093840256262143540e-01,-3.790277838027895918e-02,-1.141421359897166338e-01,-1.436040631157403380e-01,-9.228770585562651174e-02,-1.235304996244197956e-01,1.252771188317514800e-02,-3.797583957587975789e-02,-5.200655724230517363e-01,-2.593147316485117093e-01,-4.288349707412743017e-01,-4.159853329649831344e-01,-7.757500759151485237e-02,5.874805075013299349e-02,-3.319329937509846173e-01,-4.297847662840847405e-01,4.157410345921929568e-02,1.790889725541052468e-01,1.143384879528937942e-01,6.574366022890985872e-02,2.074960786686423642e-01,1.613624999714604602e-01,3.326133761350170692e-01,8.235594957864238175e-02
2.038247535897020346e-01,3.941879818899561572e-02,2.565589546769439511e-02,1.547755765555755905e-02,1.000000000000000000e+00,4.368854012315377955e-01,-1.671708650217242909e-01,-1.983634292185420256e-01,8.554849551016121545e-01,4.015922774316250110e-01,2.584882268732776600e-01,-1.875138416718228063e-01,1.131649424985558955e-01,1.235670302222201949e-01,5.052752466386142283e-01,3.451936007525303052e-01,9.176029534988321482e-03,-1.432752877355367438e-01,2.802239325645164425e-01,-4.588471399966665559e-02,1.595405364061654452e-01,2.230763786305135499e-01,1.975917203400085476e-01,-9.472155693407825761e-02,8.195297142165670623e-01,6.069672982654815696e-01,3.956743205879599823e-01,6.466988896981431534e-01,3.384331569970935177e-02,-5.177983921970642778e-02,-3.205217482630842163e-01,-3.106447878828006992e-01,-1.078337583820598161e-02,-1.229323110854382145e-01,-1.129366262623033856e-01,-7.809556861017057094e-02,-1.370650861094684925e-01,-8.164816924625960259e-02,-4.375680667779327515e-02,-7.317535371892901035e-03,1.554993390244960583e-01,2.634997682590202103e-02,-4.968389617090840371e-02,-1.890618257536148261e-01,-1.864270563872608699e-01,-2.372365516028941412e-01,-1.428003899641315244e-01,-4.514953571893358386e-02,-2.178159725472557651e-01,-3.095306046498884633e-01,-5.645118941343275909e-02,-8.874423786898757993e-02,4.751489192650956705e-02,1.199596336894305504e-01,-1.592300263248620507e-01,-1.604834824618883021e-02,7.472105463835850003e-02,-1.796232325469361013e-01,-2.666710807805675598e-01,-2.845345431049638441e-01,-3.767446214402644933e-02,-2.193228597065223218e-01,1.874316478267719077e-01,-1.839087283013957075e-02,2.144574407119813342e-02,-2.565155745920559838e-01,-3.428510761685795716e-01,-3.804182296815673547e-01,1.435264355954145032e-01,-5.648772001123315845e-02,-5.679366376781151693e-02,-6.055631534125286569e-02,-7.088534186931635950e-02,-2.318026251800844317e-01,7.909102740023150890e-02,1.308480349963126940e-02,-4.937338608960498837e-02,9.224660893310106247e-02,-1.187130270394918530e-01,1.367180454303646986e-01,1.010550493277228429e-01,1.549924769800154756e-01,1.840069042829842738e-01,1.574993892540680340e-01,8.033306772544515639e-02,2.603786853094484099e-01,1.625360454257983589e-01,2.649632753333988067e-01,-1.148681816209996126e-01,8.056138396169766624e-02,3.870188520716273672e-02,5.291228775151887720e-02,4.535958665628588710e-02,2.152040348045270446e-01,1.158248266508976262e-02,1.735888344227822996e-02,-1.816004511528828413e-01,-9.072602279965935601e-02,-3.196678455394998397e-01,-2.173273758016753820e-01,-2.703926354314834524e-01,-4.112203731143932589e-02,-1.947469000363022951e-01,-2.208388795152389783e-01,-2.443600181739724042e-01,-2.099162307729189603e-01,-9.292242499240847831e-02,-9.033788519803008510e-02,-7.051090324186223834e-02,6.526419613277958942e-02,-1.722668834148802786e-01,-1.553851809063697964e-01,5.287119082899342098e-02,5.812246426280111983e-02,4.899894746215087415e-02,6.555644091518279815e-02
2.896442604722949676e-01,1.787054012772010259e-01,1.131192792513053963e-01,-1.523714065878366830e-01,4.368854012315377955e-01,1.000000000000000000e+00,8.771681480585129254e-02,-1.698147670375283469e-01,4.260677779578939117e-01,4.081038564895465570e-01,-2.504629111690019616e-03,-2.293322435038323004e-01,9.952304738246851162e-03,1.902559196692154425e-02,6.531876371324394359e-01,6.876496898323930518e-01,-1.785273146129240651e-01,-1.397820493208733472e-01,2.173091105027751824e-01,1.913518376032274926e-02,1.329919244547237422e-01,2.179620949384573625e-01,-4.809938149131599144e-02,-1.745683110763055768e-01,2.156469683028569284e-01,5.137320800294071788e-01,6.506989901572870494e-01,6.929009632662007645e-01,-1.468324546963508115e-01,-1.503439584099144077e-01,-1.255670804517921568e-01,-9.744308647020816228e-02,-2.051809520330419301e-01,-2.409626725785350698e-01,6.507241049432747892e-02,1.586409704353305694e-01,-2.303025875079054569e-02,-1.641662233526412773e-01,1.213477964058458092e-01,6.814098070956120523e-02,2.468669304480249627e-01,-1.863585615163851072e-01,-3.789022098728506704e-01,-3.780300418503660942e-01,-3.394628632225923370e-01,-2.544881264141337085e-01,-3.409058218357082226e-01,-2.492870825523015310e-01,-3.780528734739913577e-01,-3.630159661544011263e-01,-3.305356983851192587e-01,-1.776597129151645249e-01,-1.839292767626584113e-01,-7.895403765848001132e-02,-1.053884914917954524e-01,-9.163015509521928170e-02,9.754354561415926050e-02,7.330092764886789181e-02,-8.402722442801074942e-02,-1.117402491843402512e-01,4.588928032439170551e-02,-2.965827908920087071e-03,-9.350234823248985971e-02,-1.678329821068565708e-01,2.043179166600074537e-01,1.521111260785088237e-01,-1.253889937875152238e-01,-2.057197783505978483e-01,3.172248618115980356e-01,1.204482304350109195e-01,1.439077237099561923e-02,1.626913004664500839e-01,-9.284936379680767959e-02,-9.716910698670513935e-02,9.405943984894597765e-02,-1.238912392776987531e-01,-4.822723858361739613e-02,4.219055729710106950e-02,-1.055528791818972634e-01,1.967401007787866751e-02,9.584487281644059331e-02,8.923283461456794907e-02,2.711141147380413674e-01,1.983040669971163628e-01,6.769348088650628537e-02,2.899616200406859336e-04,2.616024603357618439e-01,3.775551440789609026e-01,1.365673567144380374e-01,1.144024164990444931e-01,-8.478066800764402777e-02,4.620892305514522069e-02,1.082789750427522180e-01,5.846493861717988461e-02,4.246910310532912847e-02,1.754998413202158158e-01,-3.083867403062633822e-02,-1.518736771928062002e-01,2.579288520944589963e-02,3.156928598663436697e-02,5.483471046076499739e-02,4.017680809335394398e-02,-8.620079499713463600e-02,1.776985266753274700e-02,-2.590087878919333786e-01,-1.353527143375746755e-01,2.748699168243951343e-02,-3.390496108349753002e-03,1.153750436654801814e-01,1.600839290484464272e-01,1.892741598533296578e-03,4.924781215966611385e-03,-1.131466771996556958e-01,-1.708421901006646204e-01,-2.794362415494452967e-02,2.695706969809744113e-01
2.606754964165766686e-01,2.518487907230547163e-01,5.702449148266280909e-01,2.302592074230174757e-01,-1.671708650217242909e-01,8.771681480585129254e-02,1.000000000000000000e+00,5.003253506366598380e-01,3.071538326304998692e-02,-5.026381941098977124e-02,2.983248437746153225e-01,4.375794825897453832e-01,4.200082650477523494e-01,4.152181904111746924e-01,4.074759868398521168e-02,9.463023043957724534e-02,-6.683957816292189491e-02,1.423346248421764049e-01,2.748858989609327952e-01,4.691921486612677383e-01,-3.465726308194954641e-01,-2.562370287838279248e-01,2.722054663473283398e-01,2.468258335254994995e-01,-2.995760167492790838e-01,-8.812778403110579917e-02,4.749662662760936738e-02,-1.129548915612035853e-01,6.506784416960242901e-02,-4.713588697433040292e-02,6.296733479607935502e-02,2.014548310574009737e-01,7.155659160389872542e-02,2.264052293550751216e-01,1.934066837295000604e-02,3.920189776455572719e-03,-3.873042473669430219e-01,-4.773750025685576381e-01,-3.758793029048674850e-01,-4.314469084840030222e-01,-2.272499994292093983e-01,-2.642098317537655006e-01,-2.874706899031710949e-01,-2.711232473874914395e-01,3.501686115404725047e-02,9.075570391037218049e-03,-3.443168664053206651e-01,-2.681688352903839889e-01,-3.719499804789618003e-02,-6.023210628577430059e-02,-3.414469313156266728e-02,-1.252748356693889620e-01,-1.363253415040103778e-01,-1.862672350218841089e-01,-3.482713036172141452e-01,-4.063777857434775487e-01,3.653584907383518599e-01,3.386089604990079605e-01,2.226745420547091292e-01,1.501065095242117842e-01,2.396567037071707373e-01,2.595293489105890972e-01,6.117276917913463258e-02,2.383598674852564769e-01,1.998931480014338180e-01,3.262798837413725117e-01,2.523328211439099800e-01,2.459582318277399593e-01,9.721933655868070234e-02,2.433736920333615661e-01,7.279406560438732299e-02,1.937879718440417565e-01,5.168394640048037947e-02,1.235076680007945460e-01,-3.719043172317113011e-02,4.076129765816036143e-02,-1.173431296219768077e-01,-9.510512821098246472e-02,-2.057380436494980480e-01,-7.358403978182100069e-02,-1.547139311717874166e-01,-5.023185513791442180e-02,-3.127772615293991643e-01,-3.756235887202646895e-01,-1.050505834621417445e-01,-1.651982127405026146e-01,-2.228480623942610539e-01,-1.872581274872200108e-01,-1.757692544789937750e-01,-3.163800917374637311e-01,-1.889020043882380651e-01,-2.083728130158520042e-01,-1.242885095287781239e-01,-1.984867199861183595e-01,-1.449511289096301614e-01,2.968796019991369606e-02,-1.074707355664183406e-01,-8.465281091534261615e-02,-8.368018374890694167e-02,-9.926505003550317729e-02,1.732920233156540505e-03,-1.388779170253134077e-01,-2.503944162981262128e-02,2.587051272977175173e-02,-1.046807111594126732e-01,-5.212231357408519256e-02,-6.949717915290110071e-02,-1.169686909945226866e-01,2.086650577982551991e-01,2.033612716301094400e-02,-3.406706561123681171e-02,3.589816182598193350e-02,3.228163264374219604e-02,-1.518234476208306649e-01,1.123521366974969682e-01,1.622346679939450642e-01
-4.947841155828114346e-02,2.633604953549061878e-01,2.058476354428992461e-01,3.598104061974159440e-01,-1.983634292185420256e-01,-1.698147670375283469e-01,5.003253506366598380e-01,1.000000000000000000e+00,-6.563863476023371057e-02,-5.118621700544991049e-02,1.931989159545102752e-01,6.214060170460902199e-01,2.069526860263613821e-01,4.411686138236348143e-01,-8.552954526255225620e-02,-4.991677873188596348e-02,-3.121767898280550582e-02,1.101192039069474327e-01,5.713157179746523179e-02,4.049393934550867824e-01,-3.800666226777384971e-01,-3.347641150805157340e-01,4.855715554500227293e-01,5.453675777245546863e-01,-8.216416394019028513e-02,-3.647648685240953426e-01,-1.760341013130466703e-01,-2.467527723298987008e-01,1.539741865663293019e-01,1.439191395217688241e-01,3.855576281596113236e-02,1.857649393021285900e-01,1.843859092351634310e-01,3.217820538871981051e-01,2.321291173979255287e-02,-2.595270657482265375e-02,-2.956033142384854595e-01,-3.952176881154549348e-01,-3.491297726655235856e-01,-3.620433389879654240e-01,-2.633924596279815233e-01,-2.716301094319720222e-01,-3.707627360504487518e-02,-1.330832509492247406e-01,1.147905541006737640e-01,-8.487199450214502616e-02,-6.283034505432784356e-02,-6.356552333506092223e-02,1.016989011139549232e-01,-3.229076529319229588e-02,2.482642258138902935e-01,-7.312740730931598099e-02,7.161595382532437437e-02,-9.397724600389507910e-02,-1.016943347892298732e-01,-2.756302098911159737e-01,4.652856578589873587e-02,1.161558851934637593e-01,-2.187954492007790006e-02,3.368349433433259765e-02,1.617460712483646812e-01,3.151380514122500975e-01,-1.221058063102041374e-01,1.239551678238494520e-01,-1.073771259095548068e-02,2.709131964501391709e-01,3.023591916691971762e-02,1.482457321987538414e-02,-2.478258586402854735e-01,4.335497010198886142e-02,-2.360767051227314062e-01,-2.719999817347010795e-01,7.931477731175896884e-02,-8.004082294304194767e-02,1.319005728454367699e-01,6.178009036756630656e-02,-2.779293543901787539e-02,-1.084570617070291787e-01,5.035971223021582649e-02,-8.505464749114703682e-02,-9.311421063086058880e-02,-2.443691508234225040e-01,-2.116468678437129769e-01,-3.751578235983095699e-01,-5.520914908821911160e-02,-2.585247574710780594e-01,-1.546271710020114543e-01,-3.401683603926126259e-02,-1.184618791796140935e-01,-4.091084479290575948e-01,1.028496149446675584e-01,-2.528533821625657541e-01,8.789033514540318948e-02,-2.993431341883015517e-01,-2.701506202210557928e-01,-1.042377776610828172e-01,-2.018977645557308576e-01,-1.428003899641315244e-01,-1.189778738735447761e-01,-1.698102007128032831e-01,-9.183563970784654196e-02,-2.228160981211856906e-01,-1.593259191440880851e-01,-1.642438508729671398e-01,-3.160125025970971641e-02,-5.101726299062304959e-02,-1.026395640073152482e-01,-1.862307044240837095e-01,-3.212181127836543498e-02,1.750934384196863314e-01,-4.011744587192828809e-02,-5.748774512601914632e-02,1.748970864565091710e-01,9.699558664715324241e-02,3.013546002296861245e-02,-6.765695028870588601e-02
2.380721890275783181e-01,1.874544794503971434e-01,4.051014979828260199e-02,-5.769322973864640658e-02,8.554849551016121545e-01,4.260677779578939117e-01,3.071538326304998692e-02,-6.563863476023371057e-02,1.000000000000000000e+00,4.847359180253385524e-01,3.448054631509010481e-01,9.048172442686916797e-03,3.155992502094801533e-01,3.188824376867911981e-01,5.701490220074020288e-01,3.436045197482128777e-01,2.248229978378452412e-02,-8.525099945432419724e-02,2.323688494459906495e-01,-4.066312167657178817e-03,-2.592530862647235423e-02,3.649178404023845079e-02,1.528417380345168386e-01,-8.843372778768417153e-02,6.578041914294651127e-01,5.904326364360749091e-01,4.270221398254294143e-01,5.880170506565233213e-01,1.044067316759096642e-01,-4.728657569025706414e-02,-1.766185908778530878e-01,-6.798115934418444417e-02,3.818589051323206807e-02,-1.407569596496715744e-02,-9.748874971745866147e-02,-3.558765174467851816e-02,-2.462596092595932817e-01,-2.532095554911196200e-01,-1.756322647372422496e-01,-1.523303096653112199e-01,2.054161177563820079e-02,-8.815061565473104876e-02,-2.219347974492510145e-01,-2.447298904767014616e-01,-1.435355682448646031e-01,-2.326291299553185088e-01,-2.543283050487569197e-01,-1.510700040411973866e-01,-1.213203984574955097e-01,-2.532643513878202191e-01,-1.056944352483738109e-01,-2.229211235898618526e-01,-1.397089881252725485e-01,-1.282064161428711768e-01,-1.696869099452269214e-01,-1.447684759206281369e-01,1.601204596462468266e-01,-1.649128174451869669e-02,-9.098630330898721530e-02,-1.034204055352988261e-01,8.417791314393741064e-02,-4.569749468593960195e-02,1.963085830922694508e-01,3.568811088862962333e-02,1.588784193210331652e-01,-2.734543561596295899e-02,-2.167337535874188648e-01,-1.920847327215980394e-01,9.254798636495437103e-02,4.824322072015507085e-03,-2.003018340643258205e-02,3.914025238076755675e-02,-2.888200388594234103e-03,-1.938290687665671919e-01,1.114571370513871285e-01,9.201372637212350269e-02,-1.467639598254750766e-01,3.075191386085038628e-02,-1.357956478359045593e-01,6.487149220642526859e-02,-2.481112539356011143e-02,1.233843772332181843e-01,2.059184134761375337e-02,-4.079326193123571781e-02,-9.817598158857870352e-05,7.902024936699322821e-03,1.493804638929288053e-01,2.634198575763318506e-01,-9.308681268251028929e-02,-1.106032343278027519e-01,-5.677996479363636717e-02,-9.129224706556557378e-02,-7.802250741456977223e-02,8.910954384699158737e-02,-5.425935354540867284e-02,6.324588060430741399e-02,-1.563806396964307344e-01,-2.621298708415051651e-02,-3.287411327681745155e-01,-2.334099714833020867e-01,-9.339732276381369769e-02,-9.653895417464822271e-02,-2.854181269392610382e-02,-5.677996479363636717e-02,-1.892627440415170226e-01,-2.671368459025226794e-01,7.166618339729993736e-02,-1.317384683176974847e-03,-5.422510610997079497e-03,1.399921002582256713e-01,-2.155876060814312656e-01,-2.128523775711262112e-01,-1.222747603250309983e-01,-5.795807657269931579e-02,2.047768322948749845e-02,4.602627006614321697e-02
4.418763941560175934e-01,4.140309459826616578e-01,2.455929258497359657e-01,1.808881044957749984e-01,4.015922774316250110e-01,4.081038564895465570e-01,-5.026381941098977124e-02,-5.118621700544991049e-02,4.847359180253385524e-01,1.000000000000000000e+00,-7.494480454988595997e-02,-1.938792983385427549e-01,1.933404720209868366e-01,-5.428218516903392243e-02,7.725604980947009537e-01,5.749938925406802293e-01,-3.133069551975049549e-01,-3.127042003337983100e-01,2.449947373107543847e-01,-7.434204968617932896e-02,1.612209439049839266e-01,2.067882983362595850e-01,-6.827340412658765290e-02,-4.961996762475769790e-02,1.523805392372867828e-01,5.438013283438625223e-01,6.069307676676811703e-01,5.310932466340478886e-01,-7.189678279591496350e-03,9.085844621668580368e-02,-6.599024176406256825e-02,8.947941614972065860e-02,-3.269191692028795004e-01,-2.938498455440661794e-01,1.800981303183413207e-01,1.323983022404672250e-01,-7.651105393057816562e-02,-9.231053747925176134e-02,-1.032217704097591546e-02,8.480349963126927737e-02,1.254209580605905594e-01,-2.277796930973152167e-01,-3.490293135215724596e-01,-2.844797472082632450e-01,-4.027703892106879180e-01,-3.589702024480067033e-01,-1.924957019468525599e-01,-1.818698643116608005e-01,-3.490064818979471961e-01,-4.057476329314206320e-01,-3.595318603891878295e-01,-3.171381016418220455e-01,-2.278527542929160432e-01,-5.718636769416583776e-02,7.762523716349040148e-02,7.710239298247216662e-03,6.174812609449095713e-02,2.134505661101077922e-01,1.777282077860402876e-01,1.233752445837680844e-01,-6.037366235225085503e-02,-1.168134359538709893e-01,-1.417227373290196879e-01,-3.081744062065485679e-01,3.697878257216505316e-01,1.035482626276002377e-01,2.245946816015927452e-02,4.951037583135649289e-02,4.325428264180150584e-01,3.072657075862635923e-01,3.924139647342741455e-01,3.355814872062997112e-01,-1.634127797730079990e-01,-2.181675795510846227e-01,2.724885784802814626e-01,-8.079883284740027594e-02,-2.595339152353141055e-01,-1.454990878766361795e-01,7.114105605391916887e-02,-1.158704898981481254e-02,7.048350529351193883e-02,7.362970302907149989e-02,5.104009461424830613e-02,1.015847429958286613e-01,-1.611387500599330003e-01,-1.733445360499921151e-01,3.412186150793741074e-02,4.378443294237983063e-01,1.575861494238439686e-01,1.578190319848215284e-01,-1.843128480395626323e-01,-2.063316658637545653e-01,-1.423802880894269041e-01,1.337704828203447986e-02,2.265878823440771461e-01,3.240423846260979124e-01,1.022103294831605419e-01,5.542833267502152161e-02,-1.629607136252280430e-01,-1.096717040838925128e-01,3.205788273221473611e-02,4.427051820936142405e-03,1.027080588781910109e-01,1.316128943877585833e-01,-2.139619944793134110e-01,-2.858222466774279491e-01,1.909385852156104402e-01,2.239348476788229902e-01,-8.259339846434499144e-02,4.242595133667740326e-01,-1.191833584861720224e-01,-3.402345721011258428e-01,-2.991741801734746908e-01,-3.103616757498475764e-01,-1.845137663274648565e-01,-1.515312028384274423e-01
-2.017927390870546955e-01,-1.439556701195692234e-01,-1.484740484350063547e-02,5.251958382516455637e-02,2.584882268732776600e-01,-2.504629111690019616e-03,2.983248437746153225e-01,1.931989159545102752e-01,3.448054631509010481e-01,-7.494480454988595997e-02,1.000000000000000000e+00,5.839301900276033797e-01,8.239499165504156064e-01,7.619346604595093053e-01,-9.458000086760169622e-02,-1.255442488281669211e-01,2.808495190518483509e-01,2.601184048001205507e-01,7.096296938964220813e-02,1.790798399046551470e-01,-1.946190429440008696e-01,-1.567002824271842565e-01,3.513033432346474583e-01,3.088365232916808201e-01,2.552872332410174860e-01,2.473600935183303817e-01,-3.921331357636835546e-02,3.204418375803958635e-02,4.871149732070896854e-01,1.628511218318268172e-01,1.328572178753347627e-02,-4.431618145661192325e-03,4.927909148403270545e-01,5.094716990609353680e-01,3.223117475553038958e-01,3.133526184447554819e-01,-7.694485477945793572e-02,-1.591432661550860883e-01,-5.413811762395859262e-01,-4.238896410640449752e-01,-1.753240378183013731e-02,1.005733020692300451e-02,1.613305356983851246e-01,4.078869560651066789e-02,4.230494373146357345e-01,1.372157748253951537e-01,1.110826984239330212e-01,2.126605919326741145e-01,3.438145706855651462e-01,7.425528951640338049e-02,4.123231405354929047e-01,1.029683393875188702e-01,1.150417019605515234e-01,-7.038761247428589052e-02,-3.342892173091104868e-01,-1.607734440819290067e-01,1.345444748612407981e-01,-3.240035708659350089e-02,-2.039480443572783686e-01,-2.505473881764153643e-01,4.024416138304843238e-01,3.949437086319519397e-01,2.847628593412163123e-01,4.368945338809878676e-01,-4.609933126174401569e-02,2.504834596302646932e-01,3.538901661913883842e-04,5.165198212740502309e-02,-3.635913230697574439e-01,-1.677462219370806085e-01,-5.095790076919740064e-02,9.952533054483103658e-02,4.567534801102310915e-01,3.105351960893995011e-01,1.742669336444522543e-01,3.507599505923664762e-01,3.041195098507040173e-01,2.679222537552313210e-01,-1.275762633308142324e-01,2.673605958140501393e-01,-6.625052227339042754e-02,6.642404261294233836e-02,-1.674859414277527492e-01,-2.220535218921023124e-01,2.000529693668105791e-01,2.085463333554039012e-01,-2.160214069303110218e-01,-3.615684412165602324e-01,-4.593745505024098841e-01,-3.854503195285726158e-01,1.761984890031484674e-01,-1.923564290427385096e-02,6.367511512846213417e-02,-2.349625218898191426e-01,-3.221153955921267631e-01,-2.792376064239056044e-01,-4.018753895645780783e-01,6.430983426524410074e-02,-8.892689085798959059e-02,-2.335903413099415724e-02,-3.666690259344412839e-01,-2.880597457927025484e-01,-3.452575292986810318e-01,-3.716782841578213370e-01,-3.148092760320464478e-01,-9.480831710385420608e-02,-4.356068303085237070e-01,-4.090216877592816047e-01,7.018212786165863026e-02,4.041197381669402633e-04,3.433191244528972091e-02,2.221585473607784744e-01,1.209276945311411888e-01,1.846827203422916897e-01,3.087269314982796220e-01,1.150919315325270725e-01
-2.519857804648061861e-01,3.837310982695912170e-02,-2.389329412382502904e-02,5.669320462386041870e-02,-1.875138416718228063e-01,-2.293322435038323004e-01,4.375794825897453832e-01,6.214060170460902199e-01,9.048172442686916797e-03,-1.938792983385427549e-01,5.839301900276033797e-01,1.000000000000000000e+00,5.389701567847594577e-01,7.744646555050469505e-01,-2.711460790111167030e-01,-1.752806577334133920e-01,8.208197009513937270e-02,3.830895296457216825e-01,-8.982645682882446636e-02,3.108183082223526239e-01,-4.704341889864813719e-01,-4.364881309804584109e-01,2.655249332745799329e-01,3.803816990837669554e-01,-9.818739740039134078e-02,-1.518097486466555013e-01,-1.812716757726792194e-01,-3.286954695209240440e-01,2.107655671717782730e-01,1.274073093159873993e-01,9.688142852902698055e-02,2.357342307683526206e-01,2.587211094342551920e-01,3.941035048825426990e-01,8.093125626442673748e-02,1.531385491416450972e-01,-2.530132035279424874e-01,-4.005009258223379831e-01,-4.836582653902267159e-01,-5.917020747096388700e-01,-2.542643765026062486e-01,-1.660201511910116556e-01,-6.269335531257634597e-02,-1.719883376066522196e-01,2.992700729927007530e-01,-3.758770197425049392e-02,-5.651968428430850788e-02,-5.751057674964439592e-02,2.594106244677377715e-01,2.873816465710326076e-02,3.578879834881698030e-01,-8.525099945432419724e-02,9.440648052804978541e-02,-2.345424200151145222e-01,-2.147884992545474880e-01,-4.051037811451885795e-01,4.644180561612278046e-02,8.412311724723679773e-02,-9.217354773750026375e-02,-1.381998178036434634e-02,2.417069835087182483e-01,3.489105890787211339e-01,2.141377979812278398e-02,4.607946774919005062e-01,-1.059044861857261211e-01,2.956124468879355316e-01,1.312818358451924494e-03,3.492553465954624514e-02,-4.729639328841591661e-01,-1.946395914052636081e-02,-1.347956227211185576e-01,-1.108772138113057609e-01,2.408896113829342711e-01,1.697919354139030834e-01,9.382655728796841788e-02,2.204279102899844578e-01,1.180166625189217090e-02,-1.660932123866124543e-01,-3.146426051795821188e-02,-7.871658877277740163e-02,-1.763446113943500926e-01,-1.886143259305599063e-01,-3.956423563148846467e-01,-5.266730443001993445e-01,4.175903961058382956e-03,-1.645771925778957978e-01,-3.709111416040128950e-01,-3.320973814410864144e-01,-2.525931016532378393e-01,-5.302347775857384482e-01,1.648511720613987930e-01,-2.314099212537301109e-01,5.785761742874821062e-02,-4.248805335293808771e-01,-2.910141578898099990e-01,-8.657979994931379319e-02,-1.975460570927580484e-01,-8.147921523143275557e-02,-9.397267967917002918e-02,-1.601843881923975255e-01,-1.688855199559806397e-02,-3.279739902143661290e-01,-8.227832205831653312e-02,-1.111283616711835204e-01,-5.309494074052088092e-02,-3.909915545824210054e-02,-1.763628766932502923e-01,-2.364374447760103637e-01,1.740705816812750939e-01,2.076079536244061080e-02,6.051065209400235956e-02,1.878426170520264282e-01,1.321014911333389663e-01,5.405843525750646944e-02,7.363426935379654981e-02,1.121146878117943585e-01
-7.304521346426508244e-02,-2.471066624960900973e-02,1.499786524319103864e-01,1.464169191463712549e-01,1.131649424985558955e-01,9.952304738246851162e-03,4.200082650477523494e-01,2.069526860263613821e-01,3.155992502094801533e-01,1.933404720209868366e-01,8.239499165504156064e-01,5.389701567847594577e-01,1.000000000000000000e+00,6.824577786200110019e-01,1.168180022785960392e-01,-3.664703908089016193e-02,8.021890960731890841e-02,1.200646591581067124e-01,7.999515969579144847e-02,1.132654016425070076e-01,-2.403233871170280533e-01,-1.643671416405434738e-01,2.171173248643230858e-01,2.969823443054506185e-01,4.002155305270223978e-02,2.495747610099796898e-01,8.252946991819429257e-02,1.491589971437638773e-02,3.699978766590028556e-01,1.362066170611590799e-01,8.471673946149332890e-02,1.131329782254805461e-01,2.510222859478206114e-01,3.541572961878037828e-01,3.649612204872725307e-01,3.730710131989616318e-01,-1.466498017073488147e-01,-2.629084292071262041e-01,-5.364221475881814083e-01,-3.890942466591626459e-01,-9.403660822532072805e-02,-1.150554009347266732e-01,7.660009726271664078e-03,-2.406224813865188300e-02,3.215400386767704455e-01,1.335307507722796605e-01,5.691238821066282177e-02,1.660155848662865918e-01,2.856624253120512158e-01,4.721808081938130841e-02,2.616070266604869077e-01,7.288082577416327146e-02,1.169664078321601755e-02,-1.172198388544004599e-01,-1.796186662222110653e-01,-8.515967295982318497e-02,1.818379000385854372e-01,1.379737847297534958e-01,9.787917048145045387e-03,-5.614524565685439367e-02,4.284011698923945732e-01,3.846603453511389659e-01,1.961487617268926897e-01,3.432118158218585569e-01,1.255944784001424563e-01,4.294057613319056110e-01,1.578327309589966920e-01,2.223594656486806709e-01,-1.727783117840858973e-01,1.846393402574037293e-02,1.933587373198870363e-01,2.829271968017461614e-01,3.336088349250780349e-01,2.985257620625175745e-01,2.522323619999589095e-01,2.928863510270806048e-01,1.517229884768795667e-01,8.177602633856101422e-02,-9.367586857204177053e-02,2.101217153855462205e-01,-9.982670797668434515e-02,3.398487176618590622e-02,-2.500679240802851089e-01,-3.055487694896447115e-01,1.515996977093032050e-01,8.631951943998593391e-02,-2.346337465096155483e-01,-3.108411398459778874e-01,-2.398256577219975982e-01,-3.048866524045124593e-01,-3.275653041514741542e-02,-1.722394854665299790e-01,-8.717342216357032436e-02,-1.856599138334524279e-01,-1.510882693400975862e-01,-4.459701042720250891e-02,-1.938655993643675912e-01,1.337225364107317849e-01,-7.847457356234974202e-02,-3.783428350940320345e-02,-1.986876382740205838e-01,-1.330193224030740418e-01,-1.649151006075494919e-01,-1.457913326590393743e-01,-2.796622746233353163e-01,-1.740934133049003574e-01,-2.427298402471294858e-01,-2.823016103144143085e-01,2.941854704113573693e-02,1.733445360499921151e-01,5.166568110158017979e-02,1.012422686414499035e-01,-1.299119384276774085e-03,6.444682400699561220e-02,2.062220740703533672e-01,8.391306630988450144e-02
