1.000000000000000000e+00,7.469011126502524966e-01,-1.800482595290227583e-01,-1.956968586621386230e-01,-1.027213012198936459e-01,2.377675499352071078e-02,-4.987264846507886984e-02,-2.549890522364716694e-01,1.732785200411099680e-01,3.031904910853925328e-01,1.854238348451673346e-01,2.786540953572545776e-02,-2.374190088922650821e-01,-1.375039099155458133e-01,-8.784127977121408692e-02,1.760579114348272967e-01,3.254703069842262986e-01,3.488002144867956567e-01,4.938156307252334898e-01,3.813128379284150271e-01,-2.059743509540193918e-01,-1.156664730327539165e-01,-3.270029938781893880e-02,-2.325081549667098735e-01,7.373430448188032782e-02,-1.860851691317753354e-01,7.337235801420975700e-02,8.436480629161267897e-02,2.258367219268063719e-01,1.847893114080164378e-01,6.883238750614414925e-02,-1.144912641315519036e-01,2.906072657402028470e-01,2.519281469234549986e-01,1.023951025514991675e-01,-6.352830778855177163e-02,-1.738281424549801280e-01,-1.053621698914160576e-01,-1.212699405692837101e-01,-2.513293712855802498e-01,1.771705616872961131e-01,-2.485812592162294984e-02,5.996693328566960086e-03,1.943563161892845892e-01,-2.182000983064480149e-01,-8.063809821707851322e-02,1.034094463559587090e-01,1.707806425666919814e-01,-2.500067027123642482e-01,-8.722909870861074444e-02,-2.969435631618928539e-01,-2.968184458644264612e-01,-2.167210331113990918e-01,-2.462353098887349878e-01,-2.156977523571205202e-01,-4.468474909513383121e-05,7.219089324813441344e-01,5.411323115420706431e-01,-8.284552482237812765e-03,-1.505473881764153865e-01,3.289601858885562446e-01,-1.549488359622860634e-01,3.503820546047634044e-01,7.445372894231198913e-02,1.063050180973233866e-01,-3.681129630457125046e-02,1.240001787389963771e-02,-4.162384378211716335e-02,4.598462844631127644e-01,3.154251753876401998e-01,1.439921354841592616e-01,-1.540730148800214562e-02,9.306045846552571388e-02,8.311363331694892470e-03,1.362080521917869436e-01,9.888288127262165328e-02,-4.774118593324098297e-02,-9.591134545779525511e-02,2.691898654989052231e-01,2.593368783234282215e-01,3.399034809419544945e-01,3.025068144242369916e-01,4.053353590419590119e-02,1.772643996603959216e-02,1.088028955717413593e-01,1.158675544036820299e-01,9.438759551365119571e-02,6.061039367263952593e-02,8.138433352696725076e-02,-1.560793601143929676e-01,-4.360829348943205952e-01,-1.745207560659546853e-01,-2.593190044237901337e-01,-2.188748380177845398e-01,-1.026676795209794935e-01,-1.820992895124893818e-01,-1.701908038786362209e-01,-9.397202734706644467e-02,-1.013718217972206098e-01,-2.984494392063988602e-02,-4.021850842307520546e-01,-1.395013182000983121e-01,-2.333884445238839922e-01,-7.750122883060012180e-02,-8.055319719379776255e-02,-4.557844407703650702e-04,6.565083337057062152e-02,1.718441395951561812e-01,1.871844139595156206e-02,-1.307431073774520669e-01,-2.639260020554984321e-01,-2.609678716654005859e-01,-3.780151034451941783e-01,-1.695696858662138484e-01,-2.457348406988694722e-01,2.992984494392064015e-02
7.469011126502524966e-01,1.000000000000000000e+00,-2.043031413378613992e-01,-1.784798248357835349e-01,6.878323428213950486e-02,1.028419500424505167e-01,-1.676839894543992182e-01,-1.491040707806425558e-01,8.538361857098172858e-02,1.750212252558202009e-01,-1.270834264265606126e-02,-1.276866705393449319e-01,-3.820635417132132727e-01,-2.922293221323562507e-01,-1.775235712051476955e-01,-5.898833728048617081e-02,3.144153000580901525e-01,4.128960185888556067e-01,2.649626882345055834e-01,4.949506233522498744e-01,-1.504446132534965896e-01,-3.899638053532329673e-02,-1.521024174449260580e-01,-2.152017516421645404e-01,6.756780910675186380e-02,-1.205683900084901089e-01,4.562312882613164117e-02,1.653782564010903011e-01,2.739979445015416348e-01,2.808883328120112544e-01,8.526743822333437972e-02,-9.419098261763260427e-02,2.701550560793601341e-01,3.182894678046382930e-01,-5.349658161669422485e-02,-1.525626703606059176e-01,-1.493677108003038656e-01,-1.504490817284060977e-01,1.290942401358416425e-02,-1.317306403324545461e-01,1.042495196389472273e-01,-9.954421555922964016e-02,5.325081549667098901e-02,2.146253183788373042e-01,-9.935207113812055679e-02,7.705438133964877256e-02,1.423879529916439457e-01,1.636132088118325278e-01,-1.829885160194825444e-01,-8.805129809196121649e-02,-2.255105232584118935e-01,-2.860538898074087566e-01,-1.364716922114482256e-01,-2.095223200321730261e-01,-1.946020823093078458e-02,2.471960319942803630e-02,8.440278832834353651e-01,8.086822467491845412e-01,-7.927521336967692511e-02,-1.839849859243040398e-01,7.291210509852986965e-02,-1.470083560480807960e-01,3.313329460655078385e-01,2.405111935296483372e-01,-1.203941194870190856e-01,-1.926404218240314603e-01,-6.634791545645471467e-02,-3.098440502256579951e-02,5.412753027391751237e-01,4.464095804102060083e-01,-5.399705080655971962e-02,-2.244872425041333497e-01,-7.044550694847848127e-02,-4.721837436882792005e-02,1.142678403860762359e-01,1.042942043880423601e-02,3.847803744581974189e-02,-1.494258009741275366e-02,3.259305598999061582e-01,2.417981143035881908e-01,3.591670762768667258e-01,2.593279413736092054e-01,-3.227132579650564964e-02,2.044774118593323947e-02,4.232539434291076458e-02,-5.813485857276911098e-03,1.634791545645471189e-01,8.577684436301889759e-02,1.529782385271906686e-01,-1.553375932794137382e-01,-4.115197283167255082e-01,-3.842709683185128733e-01,-2.025336252736940901e-01,-2.814022074266053219e-01,-8.785021672103311696e-02,-1.379016041824925043e-01,-1.335627150453550134e-02,-6.792528709951294041e-02,-5.295142767773358683e-02,-1.185173600250234577e-01,-2.919209973635997768e-01,-2.599803387103981622e-01,-2.090754725412216908e-01,-1.472585906430135261e-01,-2.402252111354394662e-02,-3.635998033871040008e-02,1.203181554135573511e-01,1.633316948925331857e-01,1.213190937932883545e-02,-6.668751954957773120e-02,-1.398409222932213147e-01,-2.259082175253585845e-01,-3.942177934670896833e-01,-1.894543992135484245e-01,-3.165646364895661202e-01,8.387327405156620730e-02
-1.800482595290227583e-01,-2.043031413378613992e-01,1.000000000000000000e+00,6.065775950668037542e-01,1.583984985924304090e-01,-1.174717368961973318e-01,5.453997050806559388e-01,5.791769069216676780e-01,-2.918271593905000239e-01,-4.334375977478886477e-01,1.950489298002591743e-01,1.044506010098753268e-01,1.830466061933062327e-01,-6.114214218687161889e-02,-5.696411814647660971e-02,-3.245721435274140920e-01,-1.369185397023995610e-01,-2.319183162786540853e-01,1.845480137629027136e-03,6.488672416104383778e-02,7.599535278609410860e-02,2.229768979847178249e-03,5.545690155949773992e-01,6.398856070423164510e-01,1.200902631931721753e-01,1.090307877921265489e-01,-1.368023593547522121e-01,-2.058849814558291191e-01,-1.107645560570177379e-01,-1.557889092452745816e-01,5.309441887483801886e-02,3.888466866258546289e-02,2.160954466240672112e-02,1.609455292908530399e-01,1.698958845346083268e-01,1.437195585146789356e-01,5.744671343670405134e-02,3.854506456946243942e-02,-1.188569641181464742e-01,-1.366146834085526507e-01,-3.880423611421422031e-02,-7.391304347826087306e-02,-1.470798516466330086e-01,-3.243129719826622903e-01,1.179722060860628335e-01,-9.675141874078377335e-02,-2.347692032709236265e-01,-2.390946869833325827e-01,9.642968854729880301e-02,4.279011573350015307e-02,1.934358103579248422e-01,1.540372670807453326e-01,2.035390321283346016e-01,1.384914428705482925e-01,-1.595737074936324218e-01,-3.720943741900889501e-01,-1.970865543589972735e-01,-1.653246347021761486e-01,1.673443853612761878e-02,-1.314625318378837351e-02,1.198221546986013714e-01,1.247687564234326862e-01,-1.979132222172572397e-01,-6.254524330845882829e-02,2.439563876848831470e-01,6.941775771929040162e-02,-4.061843692747665185e-02,-1.929264042182403105e-01,1.706957415434112377e-02,-8.768488314938110983e-02,-1.092184637383261103e-01,-4.285714285714285754e-02,-9.602305733053309589e-02,-1.070289110326645560e-01,-1.895348317619196532e-01,-1.930738638902542437e-01,-5.491755663791948044e-02,-2.326734885383618598e-02,-8.125027927968184183e-02,-6.737566468564279432e-02,-8.440055409088878524e-02,-3.058447651816434965e-01,-6.406899325260288769e-02,-5.937709459761383174e-02,1.031994280352115795e-01,-1.095357254569015587e-01,-2.170561687296125863e-01,-1.721792752133696758e-01,-8.490996023057330311e-02,-7.894901470128244669e-02,5.268778765807229786e-02,1.570043344206622227e-01,2.278385986862683787e-01,1.715224094016712109e-01,-2.019169757361812534e-01,-1.454756691541176927e-01,-8.555788909245275187e-02,-1.664060056302783808e-01,-1.939318110728808220e-01,-2.102685553420617637e-01,-5.115063228919969340e-02,-8.310916484203940968e-02,-2.162295008713526201e-01,-2.688591983556012366e-01,-2.644443451450020355e-01,-1.792930872693149769e-01,-2.820322623888467106e-01,-3.524554269627775960e-01,-1.984762500558559239e-01,-7.973993476026632055e-02,-2.651146163814290316e-02,1.335939943697216081e-01,1.338218865901067978e-01,1.286473926448902967e-02,1.175566379194780825e-01,-2.766745609723401667e-01
-1.956968586621386230e-01,-1.784798248357835349e-01,6.065775950668037542e-01,1.000000000000000000e+00,-1.748603601590777157e-01,-1.591536708521381627e-01,5.168238080343179330e-01,6.620447741185933044e-01,-2.794941686402430681e-01,-2.931453594888064895e-01,-6.969927163858974373e-02,-1.101925912686000340e-02,2.410295366191518920e-02,-7.552169444568568313e-02,-2.079494168640243223e-01,-4.144510478573663059e-01,-1.788551767281826577e-01,-2.594307162965279745e-01,-1.134098932034496680e-02,-9.026319317217033553e-03,-7.967737611153313804e-02,-1.700075964073461676e-01,5.752803968005719693e-01,7.205415791590330521e-01,6.960543366548996302e-02,2.946467670584029808e-01,-5.397917690692166648e-02,-1.466821573796863176e-01,-1.614415300058090197e-01,-1.491487555297376921e-01,1.170517002547030727e-01,1.619375307207649994e-01,1.603110058537021432e-01,1.661513025604361149e-01,1.015550292685106631e-01,1.066937754144510475e-01,-2.324947495419813284e-02,-3.556906027972652623e-02,-1.882166316636132153e-01,-2.729880691719915875e-01,-3.104249519638947394e-02,-5.569060279726529422e-02,1.862460342285178136e-02,-2.127619643415702144e-01,2.587068233611868329e-01,7.992314223155637387e-02,-1.271325796505652639e-01,-1.044282586353277587e-01,1.947450735064122640e-01,1.358773850484829571e-01,2.418338621028642832e-01,2.198221546986013630e-01,2.262522900933911230e-01,1.802046561508557077e-01,-1.767058402967067454e-01,-2.836319764064524906e-01,-2.245408642030475022e-01,-2.390678761338755065e-01,1.502748112069350779e-02,3.723133294606550958e-02,1.685419366370257965e-01,1.710353456365342473e-01,-1.015639662183296793e-01,-3.938960632736047268e-02,8.406988694758478486e-02,2.022029581303901036e-01,5.250011171187273645e-02,5.337593279413736097e-02,6.500737298360069472e-02,-7.583448768935162343e-02,4.040395013182000727e-02,8.048617007015505809e-02,-3.695875597658519057e-02,-2.246927923499709434e-01,-8.743464855444836592e-02,-7.316680816837213552e-02,-1.186692881719469128e-01,5.943071629652799158e-04,-1.264712453639572909e-01,-7.650029045086911665e-03,-1.749273872827204201e-01,-2.436569998659457448e-01,-1.805889449930738744e-01,-1.543992135484159312e-01,-2.449617945395236515e-02,4.048885115510076488e-02,-3.219044640064345764e-01,-3.213995263416595805e-01,-8.247464140488851292e-02,-1.371955851467893950e-01,2.269538406541847173e-02,1.483354930962062779e-01,1.171991599267170059e-01,9.834219580857053722e-02,-2.497743420170695783e-01,-1.352115822869654482e-01,-2.334510031726171886e-01,-2.085347870771705747e-01,-1.921042048348898523e-01,-3.320076857768443634e-01,-1.538629965592743232e-01,-1.172795924750882485e-01,-3.005853702131462413e-01,-3.342463917065105483e-01,-2.648465078868582068e-01,-2.702354886277313351e-01,-2.521828499932972645e-01,-3.549979891862907189e-01,-2.284775905983287836e-01,-2.181866928817194629e-01,-1.337548594664640933e-01,6.303677554850529996e-02,6.867599088431118604e-02,-3.811609097814915720e-02,1.324947495419813159e-01,-1.564725859064301228e-01
-1.027213012198936459e-01,6.878323428213950486e-02,1.583984985924304090e-01,-1.748603601590777157e-01,1.000000000000000000e+00,5.579337772018410080e-01,-4.327271102372760164e-02,8.911479512042540241e-02,3.357924840252021759e-01,2.560078645158407329e-01,2.896867599088431278e-01,2.159256445775057098e-01,1.255239286831404399e-01,8.084364806291612082e-02,1.046784932302605164e-01,3.870592966620492459e-02,-1.468117431520621907e-01,9.419098261763260427e-02,2.450511640377139172e-02,1.562938469100496053e-01,3.191876312614504441e-01,2.703606059251977278e-01,-1.052102417444926025e-01,1.451941552348183506e-01,3.616470798516466245e-01,3.837526252290093254e-01,1.908932481344117194e-01,2.738951695786228102e-01,1.286742034943473834e-01,1.946869833325885757e-01,2.231467000312793159e-01,2.002278922203851730e-01,9.024531927253227892e-02,2.487957460118861430e-01,-2.958130390097859618e-03,4.198132177487823302e-02,-1.596362661423656182e-01,-2.524733008624156505e-01,2.396353724473836988e-01,2.402833013092631476e-01,-1.956432369632244428e-01,-1.757719290406184465e-01,-1.547030698422628414e-01,-7.806872514410831410e-02,-1.331203360293131965e-01,-3.510433888913713774e-02,-1.206398856070423214e-01,-1.454935430537557528e-01,-1.483846463202109223e-01,-1.787926180794494890e-01,-1.646230841413825474e-01,-2.950980830242638242e-01,1.480852585012735166e-02,-3.616158005272800402e-01,1.994280352115822968e-02,-1.123821439742615780e-01,-4.794226730416908944e-02,1.581080477233120229e-01,-1.597301041154653989e-01,-5.601680146565977264e-02,-3.511774431386567585e-02,2.288306001161803313e-02,1.361544304928727876e-02,7.706331828946780260e-02,-1.441842799052683310e-01,-7.801510344519416162e-02,-1.288216631663613165e-01,2.439787300594307377e-03,1.051432146208499015e-02,-1.366459627329192489e-02,2.512623441619375453e-01,1.665668707270208659e-01,1.789758255507395424e-01,1.469547343491666158e-01,2.119889181822244006e-01,1.003440725680325302e-01,6.203136869386478153e-02,-3.044818803342419153e-02,2.188793064926940479e-01,-5.643683810715402829e-03,1.096608427543679376e-01,3.645828678671969580e-02,2.776263461280664702e-01,-1.829214888958398399e-01,1.241521068859198357e-01,-1.409803833951472352e-01,2.276330488404307573e-01,4.125742883953706364e-02,3.376826489119263419e-01,-1.489074578846239783e-01,-3.627507931542964248e-02,-3.707448947674159001e-01,2.361588989677822908e-02,-2.541623843782117032e-01,-8.220653291031770893e-02,-1.350507171902229631e-01,5.481925018991018472e-02,-2.250636757674605581e-01,-5.903749050449081520e-02,-1.258143795522588260e-01,7.441351266812637477e-02,-3.337191116671879842e-01,-8.319406586532016035e-02,-2.123508646498949992e-01,1.406675901514812914e-02,-1.860717637070467834e-01,1.529424907279145762e-01,6.899325260288663442e-02,-4.787970865543589999e-02,1.045086911836990012e-01,2.816926582957236802e-02,-1.983690066580276190e-01,-1.978283211939765029e-01,-1.911345457795254610e-01,-2.019437865856383296e-01,8.253720005362169543e-02
2.377675499352071078e-02,1.028419500424505167e-01,-1.174717368961973318e-01,-1.591536708521381627e-01,5.579337772018410080e-01,1.000000000000000000e+00,4.892980025917154606e-03,-6.309486572232896918e-03,4.048572322266410506e-01,5.124000178738996603e-01,9.012020197506591390e-02,3.223379060726573875e-01,-5.681218999955315457e-02,1.068501720362840107e-01,1.610438357388623357e-02,2.102059966933285673e-01,-7.530720765002904549e-02,2.845882300370883300e-01,2.018410116627195050e-01,1.813753965771482124e-01,9.369945037758613260e-02,1.111175655748692925e-01,-1.316993610080879340e-01,1.199338665713392017e-02,4.413780776620939150e-01,4.166271951382993222e-01,3.184458644264712701e-01,2.913535010500916123e-01,2.580544260243978760e-01,3.018946333616336908e-01,3.005496224138701211e-01,1.566647303275392200e-01,2.219893650297153631e-01,2.400285982394208817e-01,-4.949729657267974703e-02,2.649805621341436070e-03,-2.787479333303543583e-01,-3.069350730595647447e-01,2.260199293980964252e-01,5.108360516555699588e-02,-8.497251887930649950e-02,-2.260869565217391297e-01,-6.100808793958621690e-02,1.793198981187720670e-02,-2.450958487868090674e-02,7.322042986728630187e-02,-3.634657491398185503e-02,1.011930828008400785e-01,-1.051878993699450343e-01,-9.663076991822690254e-02,-2.150676973948791315e-01,-2.439429822601546227e-01,-1.731578712185531110e-01,-2.857455650386522827e-01,-2.317038294829974476e-01,1.574020286876089136e-01,-6.381875865767014377e-02,4.349166629429375430e-02,-1.316591447339023058e-01,-5.157513740560346754e-02,-2.211001385227221935e-02,-1.132088118325215581e-01,2.562670360605925207e-02,-5.163322757942714197e-02,-2.941552348183564813e-01,-9.126860002681085049e-02,-1.036373385763438987e-01,6.750078198310915933e-02,7.462353098887349392e-04,-2.581437955225881348e-02,4.433039903480942012e-01,4.212431297198266367e-01,2.426337191116672010e-01,2.437553063139550474e-02,2.659591581393270232e-01,3.212788775191027235e-01,-1.667768890477679955e-01,-1.805308548192501861e-01,6.291612672594842914e-02,3.838866794762947621e-02,-9.376200902631931511e-02,1.827025336252736942e-01,3.199159926717011215e-01,-2.997140176057911387e-01,-1.289065641896420811e-01,1.131775325081549599e-01,1.416640600563027763e-01,-1.023191384780374469e-01,2.754591357969525256e-01,-1.850842307520443319e-01,-1.770588498145583001e-01,-2.340899950846775934e-01,-1.190222976897984675e-01,-2.774297332320478926e-01,-2.366057464587336193e-02,-6.751418740783771133e-02,-1.941552348183564827e-02,-9.454846061039366700e-02,-4.847848429331069048e-02,-1.978640689932525953e-02,-1.752178381518387784e-01,-2.418472675275928352e-01,-1.265472094374190115e-01,-9.114348272934447159e-02,8.558916841681933618e-02,1.055409088877965890e-01,3.281067071808391744e-01,2.166584744626658954e-01,2.702533625273693951e-02,4.413512668126368804e-02,-2.225747352428615947e-02,-3.845033290138075710e-01,-3.524196791635014758e-01,-2.884132445596317984e-01,-2.359041958979400389e-01,3.241029536619151608e-01
-4.987264846507886984e-02,-1.676839894543992182e-01,5.453997050806559388e-01,5.168238080343179330e-01,-4.327271102372760164e-02,4.892980025917154606e-03,1.000000000000000000e+00,5.425756289378435016e-01,-2.467268421287814595e-01,-1.812904955538674756e-01,1.884847401581840054e-01,1.158720228785915379e-01,1.045444389829751075e-01,-8.124134232986281179e-02,-6.990928995933687329e-02,-2.273291925465838470e-01,-1.631887036954287468e-02,-4.917109790428526861e-02,2.480763215514544817e-01,2.618973144465793976e-02,-4.366146834085526951e-02,1.912507261271727916e-03,6.330354350060324320e-01,4.269404352294561833e-01,9.796237544126189245e-02,3.475579784619509116e-02,-1.136020376245587410e-01,-1.347870771705616810e-01,8.367219268063809390e-02,2.730238169712677007e-02,1.638634434067652579e-01,4.686536485097635846e-02,3.489476741588096176e-01,3.173332141740023982e-01,2.048036105277268870e-01,2.289735913132847633e-01,-3.826801912507261233e-02,1.019259126860002675e-02,2.221278877519102662e-02,-9.121944680280620610e-02,-2.592162295008713577e-02,-1.147236248268466013e-01,-1.884177130345413009e-01,-1.824120827561553360e-01,-3.539032128334599573e-03,-1.382322713257965185e-01,-2.564100272576969597e-01,-1.518387774252647482e-01,-1.546092318691630607e-01,-4.004200366414942258e-02,-1.296304571249832366e-02,6.385897493185575813e-02,-8.168372134590463907e-02,1.400107243397828438e-01,-2.902989409714464286e-01,-1.584878680906206816e-01,-1.871441976853299993e-01,-2.243978730059430771e-01,-6.730863756200008985e-02,-3.810268555342061908e-02,2.800080432548371356e-01,3.178470887885964657e-01,-1.076008758210822598e-02,1.135350105009160365e-01,1.088207694713794194e-01,2.668394476965011974e-01,-5.325081549667098901e-02,-7.106215648599133183e-02,-1.916618258188480250e-01,-3.052102417444926274e-01,1.025425622235131146e-01,2.084677599535278703e-01,1.786183475579784519e-01,-1.954510925421153872e-02,1.036284016265248686e-01,1.412484918897180530e-01,-7.636623620358372333e-02,-3.459493274945261293e-02,-1.217212565351445501e-02,6.926136109745743364e-04,-5.963179766745609761e-02,-5.420706912730684918e-02,-2.298136645962732885e-02,-7.821171634121273919e-02,-1.874391170293578934e-01,1.232628803789266730e-01,-1.842664998436033819e-01,-1.315161535367978807e-01,-4.058715760311006060e-02,-2.669020063452343799e-02,-1.502792796818445964e-01,2.527548147817150204e-01,7.200500469189866082e-02,1.743732963939407521e-01,7.770677867643772940e-03,-1.693551990705572221e-03,-1.403056436838107102e-01,-8.031636802359354288e-02,-3.854506456946243942e-02,-1.043522945618660380e-01,-2.280798963313820926e-01,-8.464185173600249912e-02,-3.826891282005451811e-01,-3.097680861521962536e-01,-3.423522051923678644e-01,-9.022744537289423272e-02,-6.247821618481612382e-02,-2.647347960141203660e-01,-2.553509987041422957e-01,-1.575852361588989670e-01,2.612270432101523876e-02,3.111845926985120150e-02,-3.810715402833013410e-02,-7.054381339648778393e-02,1.229009339112560883e-01,-1.257339470038875695e-01
-2.549890522364716694e-01,-1.491040707806425558e-01,5.791769069216676780e-01,6.620447741185933044e-01,8.911479512042540241e-02,-6.309486572232896918e-03,5.425756289378435016e-01,1.000000000000000000e+00,-2.747129004870637603e-01,-4.745162875910451938e-01,6.830957594173109326e-02,2.567719737253675305e-01,7.362259260914250092e-02,2.611823584610572374e-02,-1.127217480673846084e-01,-5.226685732159613851e-01,-1.348183564949282931e-01,-1.812860270789579467e-02,-4.146744716028419667e-03,7.638411010322176953e-02,9.794450154162384625e-02,4.997542338799767364e-02,3.163367442691809028e-01,5.394923812502793181e-01,-5.558335939943697540e-02,1.327315787121855217e-01,-1.206175432324947533e-01,-1.314357209884266520e-01,5.546717905178962654e-02,1.482863398722016057e-01,6.876089190759193670e-02,5.353232941597033112e-02,1.755395683453237488e-01,2.269136243799990960e-01,-1.073193619017829281e-01,8.865007372983600697e-02,-2.596183922427275359e-03,2.026453371464319309e-02,3.182894678046382930e-02,-1.026140578220653271e-01,-1.318289467804638349e-01,-1.348853836185709698e-01,-8.024040395013182225e-02,-1.050895929219357455e-01,1.010724339782832076e-01,-3.921980428079896441e-02,-1.103847356897091070e-01,-1.308950355243755359e-01,3.050180973233835441e-02,-4.077930202421913702e-02,3.386478394923812529e-01,1.593815630725233523e-01,2.990750256937307339e-01,6.281335180302963228e-02,-3.390231913847803480e-02,-3.468653648509763543e-01,-1.758166137897135828e-01,-6.650431207828767788e-02,-2.251217659412842534e-02,1.201841011662719561e-01,2.866884132445596256e-01,3.857321596139237641e-01,7.215246436391259399e-02,2.731668081683721327e-01,-6.921220787345279402e-02,1.803521158228696408e-01,-1.570758300192144352e-01,-4.506010098753295695e-02,-1.460208230930783446e-01,-2.440993788819875721e-01,-2.841503194959560386e-02,-2.689128200545154099e-02,6.738460163546181741e-03,-4.067205862639081126e-02,-1.030653737879261844e-01,-1.082800840073283033e-01,-4.902363823227132850e-02,-1.740917824746414030e-02,6.517717503016220992e-02,-2.245676750525045784e-01,5.338486974395639101e-02,-2.523571205147683294e-01,-1.891952276687966505e-02,-1.965994905938603099e-01,1.035256267036060579e-01,-2.534608338174181297e-01,-1.834755797846195080e-01,-3.563161892845971845e-01,1.320568390008489967e-01,-3.946557040082219747e-01,1.807632155145448838e-01,-2.840162652486706227e-02,4.223334375977478850e-01,6.309933419723848247e-02,-1.211135439474507330e-01,-2.119308280084007401e-01,-1.422851780687251488e-01,-2.715492202511282649e-01,-8.976719245721435925e-02,-2.099155458242102090e-01,8.623262880378926298e-02,-3.083783904553376032e-01,-2.570132713704812444e-01,-4.513427767103087573e-01,-2.204566781357522598e-01,-1.756244693686044855e-01,-2.838196523526520521e-01,-3.005630278385986731e-01,-3.438133964877786997e-01,-1.762277134813887980e-01,-2.154251753876402012e-02,6.839000849010232197e-02,1.013182000983064435e-01,-1.212744090441932217e-02,1.865364850976361788e-01,-2.618705035971223283e-01
1.732785200411099680e-01,8.538361857098172858e-02,-2.918271593905000239e-01,-2.794941686402430681e-01,3.357924840252021759e-01,4.048572322266410506e-01,-2.467268421287814595e-01,-2.747129004870637603e-01,1.000000000000000000e+00,7.017292997899816642e-01,1.819518298404754486e-01,2.958443183341525340e-01,1.952008579471826155e-01,3.154341123374592160e-01,3.108539255552080216e-01,5.291121140354796415e-01,-4.410384735689708985e-02,1.167478439608561624e-01,1.521336967692926423e-01,2.456767505250458117e-02,-2.819160820411993271e-02,-7.328745699092899246e-02,-1.743375485946646319e-01,-1.478439608561598062e-01,3.166942222619419933e-01,2.262746324679386911e-01,3.301666741141248695e-01,3.592162295008713424e-01,-3.188256847937798871e-02,7.297913222217257412e-02,2.550605478350239166e-02,-9.418651414272308231e-02,8.020912462576522059e-03,-5.134277671030877156e-03,9.696590553644041793e-03,-5.384959113454577950e-02,-2.066714330399034849e-01,-2.389740381607757258e-01,4.312971982662317655e-02,-1.667768890477679955e-01,1.083605165556995355e-02,-8.440949104070780140e-02,2.419679163501496991e-02,1.532552839715805026e-01,-1.471513472451852211e-01,-1.535367978908798448e-02,7.935117744313865962e-02,9.380669377541445142e-02,-1.235354573484069851e-01,-1.455203539032128290e-01,-2.150632289199696234e-01,-3.322132356226819572e-01,-3.815183877742526347e-02,-3.501630993341972586e-01,-8.301979534384915094e-02,7.806425666919880602e-02,-1.943786585638321643e-02,3.145806336297421891e-03,-9.498637115152598620e-02,-8.101345010947763603e-02,9.149649224719602625e-02,-1.750882523794628776e-01,3.065373787926180954e-02,-2.673175745118190894e-01,-9.959783725814379263e-02,-7.446713436704052724e-02,-1.534116805934134797e-01,-4.178917735376915660e-02,3.245900174270521799e-02,-9.646543634657490929e-02,3.938871263237856968e-01,1.997184860807006690e-01,1.455516332275794134e-01,-7.422136824701729141e-02,3.529782385271906797e-01,2.160060771258769385e-01,-2.401939318110728749e-01,-3.335046248715313189e-01,2.068457035613744874e-02,-4.195897940033066660e-03,-6.758121453148040192e-02,1.053621698914160576e-01,2.361008087939586164e-01,-2.627195138299298627e-01,1.914160596988248031e-01,2.645337146431922873e-02,1.275794271415165992e-01,-5.653067608025381247e-02,2.703248581259216077e-01,-2.536797890879842754e-01,1.947808213056883772e-02,-1.704142276241119025e-01,-1.555029268510657245e-02,-2.842799052683319116e-01,-7.793020242191339708e-02,-2.785647258590643119e-02,-1.249966486438178620e-01,-1.714241029536619221e-01,6.881004513159658109e-02,3.102908977166093235e-02,-1.481031324009115802e-01,-3.035613745028821753e-01,-6.969033468877072757e-02,-1.125340721211850331e-01,1.297734483220876756e-01,-9.412395549398989980e-02,2.271951382992984381e-01,2.214531480405737551e-01,1.208320300281513909e-01,-6.162473747709906746e-02,-1.676035569060279617e-01,-2.695250011171187454e-01,-2.204745520353903199e-01,-1.088520487957460176e-01,-1.359890969212207978e-01,1.945484606103936864e-01
3.031904910853925328e-01,1.750212252558202009e-01,-4.334375977478886477e-01,-2.931453594888064895e-01,2.560078645158407329e-01,5.124000178738996603e-01,-1.812904955538674756e-01,-4.745162875910451938e-01,7.017292997899816642e-01,1.000000000000000000e+00,8.268912820054515056e-02,1.255105232584119157e-01,1.340095625363063592e-02,2.231332946065507916e-01,9.998212610036194548e-02,5.998570088028956082e-01,2.132356226819786399e-02,1.220072389293534176e-01,2.704946601724831368e-01,9.872648465078869007e-02,-1.331873631529559010e-01,-9.180481701595245847e-02,-1.556727288976272328e-01,-1.815630725233477738e-01,3.885964520309218573e-01,3.189642075159748180e-01,3.830108583940300959e-01,3.873944322802627682e-01,1.257428839537065926e-02,4.975199964252200596e-02,1.975914920237722971e-01,1.312346396174985386e-01,2.234371509003977019e-01,1.877519102730238199e-01,5.501139461101926115e-02,-2.110907547254122288e-02,-3.436748737655838104e-01,-3.583850931677018403e-01,-3.473792394655703802e-02,-1.566915411769962962e-01,-4.447026229947718956e-02,-1.644220027704544340e-01,1.141248491889718109e-02,1.204119933866571318e-01,-1.910675186558827565e-01,5.089592921935743447e-03,1.456275973010411583e-02,1.090575986415836252e-01,-1.922248536574467093e-01,-7.014165065463157100e-02,-3.802850886992269475e-01,-3.779525447964609541e-01,-2.226596362661423523e-01,-3.121408463291478474e-01,-2.129094240135841754e-01,2.382680191250726165e-01,2.885741096563742766e-02,1.672103311139908066e-02,-7.477099066088743751e-02,-9.227400688145136198e-02,9.083962643549756133e-02,-1.902944724965369427e-01,1.283748156754099812e-01,-1.756155324187854694e-01,-1.396443093972027372e-01,-8.823897403816077789e-02,-5.902855355467179210e-02,4.102506814424237286e-02,9.512489387372090321e-02,6.671433039903480744e-03,4.859957996335850794e-01,3.631663613208812036e-01,2.121765941284239620e-01,-5.528844005540908824e-02,4.496983779436078410e-01,3.506993163233388389e-01,-1.358014209750212364e-01,-1.223647169221144804e-01,4.949729657267974703e-02,2.128647392644890390e-01,-1.141874078377049934e-01,2.623709727869877883e-01,2.034407256803253128e-01,-1.333258858751508180e-01,-4.338889137137495050e-02,2.728495464497966982e-01,1.538585280843648151e-01,1.271281111756557454e-02,2.239152777157156216e-01,-2.719513829929844778e-02,-2.686313061352160747e-01,-1.762902721301219944e-01,-3.192814692345502525e-01,-3.223602484472049556e-01,-2.516645069037937513e-02,6.859108986103043017e-03,-1.784753563608740268e-01,-1.375977478886455940e-01,4.660619330622458624e-03,-3.275392108673309821e-02,-2.944144063631082830e-01,-1.611376737119621094e-01,-1.078242995665579379e-01,9.978104472943383901e-03,1.166540059877563817e-01,-5.705348764466687539e-02,4.142544349613476728e-01,2.415523481835649411e-01,1.940837392198042910e-01,-8.236739800706019410e-02,-2.013494794226730333e-01,-3.486214754904151114e-01,-3.962420126010992583e-01,-1.579114348272934454e-01,-2.913624379999106284e-01,3.160328879753340203e-01
1.854238348451673346e-01,-1.270834264265606126e-02,1.950489298002591743e-01,-6.969927163858974373e-02,2.896867599088431278e-01,9.012020197506591390e-02,1.884847401581840054e-01,6.830957594173109326e-02,1.819518298404754486e-01,8.268912820054515056e-02,1.000000000000000000e+00,3.986996738013315889e-01,4.841994727199606663e-01,4.168595558335940199e-01,2.848429331069305959e-01,2.393717324277224168e-01,7.772018410116626752e-02,-2.316010545600786369e-02,-1.693551990705572221e-03,-8.276062379909736311e-02,1.900978596005183374e-01,2.547924393404531196e-02,2.218642477322489703e-01,2.102730238169712718e-01,3.622235131149738607e-01,1.508289020957147286e-01,1.904374636936413678e-01,1.753250815496671111e-01,1.239197461906251380e-01,1.170874480539791790e-01,3.453773627061084150e-01,3.201617587917243712e-01,5.416238437821171980e-02,6.865364850976361788e-02,-1.374502882166316574e-02,-8.252826310380266539e-02,4.934089995084677688e-02,8.867241610438357513e-02,-2.863398722016175998e-02,-7.362259260914250092e-02,1.921757004334420649e-01,2.721703382635506374e-01,-4.157022208320300116e-01,-1.133473345547164751e-01,-3.496447562446937107e-01,-3.174717368961973429e-01,-2.201751642164529177e-01,-2.109388265784887528e-01,-1.508557129451718049e-01,-1.509093346440859851e-01,-2.572813798650520623e-01,-1.638187586576701493e-01,-8.288574109656374200e-02,-3.896107958353813849e-01,-8.406094999776576870e-02,-2.652710130032620017e-01,-5.789802940256490171e-02,1.768622369185397086e-02,-1.618794405469413389e-01,7.977568255954242682e-02,2.823450556325126093e-01,2.871129183609634206e-01,-3.162786540953572284e-02,4.830421377183967413e-02,2.705348764466687372e-01,1.015505607936011412e-01,-2.638589749318557831e-01,-3.287456990928995793e-01,-8.175968541936637357e-02,-1.788819875776397617e-01,2.529067429286384616e-01,1.436927476652218594e-01,8.711291836096340946e-02,1.400464721390589362e-01,-1.083426426560614858e-01,-1.487912775369766294e-01,8.809598284105635280e-02,2.292327628580365529e-03,6.265695518119665519e-02,6.032441127843067010e-04,2.103579248402520085e-01,-1.015237499441440719e-02,2.324187854685196009e-01,-2.506367576746056439e-02,4.452969301577371919e-01,-1.527771571562625552e-01,1.630278385986862755e-01,4.657491398185799325e-02,1.640645247776933713e-01,-1.206309486572232914e-01,-1.402743643594441258e-01,-2.286473926448903127e-01,-9.899012467044997210e-02,-1.995933687832342762e-01,-1.929621520175164306e-01,-1.040618436927476659e-01,-2.592564457750569651e-01,-2.248000357477992761e-01,-1.864739264489029824e-01,-1.704946601724831312e-01,-2.711023727601769365e-02,-5.646364895661110800e-02,1.404039501318199989e-01,7.167433754859466044e-02,2.501899101836543154e-02,-9.817686223691854397e-02,5.351892399124178606e-02,1.449394521649760847e-01,3.634657491398185503e-02,-1.332141740024129772e-01,-3.007372983600696825e-01,-4.093748603601590763e-01,-1.884177130345413009e-01,-8.932034496626301001e-02,-1.716162473747709916e-01,-1.224808972697618258e-02
2.786540953572545776e-02,-1.276866705393449319e-01,1.044506010098753268e-01,-1.101925912686000340e-02,2.159256445775057098e-01,3.223379060726573875e-01,1.158720228785915379e-01,2.567719737253675305e-01,2.958443183341525340e-01,1.255105232584119157e-01,3.986996738013315889e-01,1.000000000000000000e+00,3.097099959783725653e-01,6.134545779525447662e-01,3.945663345100317021e-01,3.200098306448009300e-01,1.352786094106081527e-01,3.031234639617498283e-01,1.509540193931810936e-01,-2.754814781715000591e-02,9.424907279145627870e-02,1.448232718173287498e-02,1.294964028776978381e-02,4.283033200768577436e-02,2.937575405514097904e-02,-6.383663255730818997e-02,1.021046516823807988e-02,-7.182179722060860749e-02,2.045310335582465611e-01,3.297600428973591069e-01,1.931051432146208557e-01,1.152509048661691793e-01,2.276911390142544456e-01,1.756289378435140214e-01,-1.354439429822601459e-01,-5.308101345010948074e-02,-2.174359890969212311e-02,9.894097144644532771e-02,8.685821529112114359e-02,-2.970195272353545746e-02,-1.527101300326198785e-01,-7.958353813843335733e-02,-1.495107019974082907e-01,-2.292327628580365529e-03,-1.168818982081415575e-01,-1.782161848161222528e-01,-1.225032396443093974e-01,-1.004468474909513409e-01,-1.217212565351445501e-02,-6.757227758166138576e-02,1.337593279413736014e-01,3.746816211626971538e-02,3.657446713436703772e-02,-1.241967916350149720e-01,-2.668617900710487656e-01,-3.055230349881585261e-01,-1.966486438178649543e-01,-1.985388087045891203e-01,-6.445775056973054862e-02,6.556593234728987085e-02,2.242057285848340076e-01,8.953930023682916961e-02,9.576388578578130806e-02,6.299655927431967173e-02,-4.653469770767237196e-02,5.771482193127485533e-02,-3.356852406273738709e-01,-2.904329952187318376e-01,-2.700567496313508453e-01,-3.749988828812726438e-01,2.899235890790473058e-01,2.147325617766656369e-01,1.621609544662406810e-01,1.942580097412753004e-01,-4.238348451673443901e-02,3.359399436972161646e-02,-2.609365923410340016e-01,-2.432816479735466220e-01,8.977612940703337541e-02,-3.425532865632959639e-02,1.229545556101702547e-01,4.790205102998346814e-02,1.881540730148800189e-01,-2.065999374413512724e-01,1.655435899727422944e-01,-1.699584431833415232e-01,5.540908887796594908e-04,-2.826578488761785635e-01,-1.454935430537557597e-02,-3.489878904329952181e-01,1.732114929174672635e-01,4.498413691407122939e-02,3.253675320613074740e-01,2.524688323875061511e-03,-1.549979891862907078e-01,-6.908262210107690704e-02,-1.330935251798561203e-01,-4.407256803253049859e-02,-9.776129407033379293e-02,7.895795165110147673e-02,-5.724563206577595181e-02,-2.633763796416282998e-01,1.796326913624379925e-03,-1.477456544081504897e-01,-9.641181464766075682e-02,7.593726261227043417e-02,-8.144689217570043327e-02,8.248804682961705104e-02,-2.386120916931051550e-01,-1.258099110773492901e-01,-6.162026900218955244e-02,-1.469949506233522440e-01,-1.417400241297645143e-02,1.214754904151213177e-01,1.720988426649984471e-01,-8.257741632780731325e-03
-2.374190088922650821e-01,-3.820635417132132727e-01,1.830466061933062327e-01,2.410295366191518920e-02,1.255239286831404399e-01,-5.681218999955315457e-02,1.045444389829751075e-01,7.362259260914250092e-02,1.952008579471826155e-01,1.340095625363063592e-02,4.841994727199606663e-01,3.097099959783725653e-01,1.000000000000000000e+00,6.682872335671835584e-01,5.701103713302649867e-01,3.502614057822065474e-01,-9.003083247687564128e-02,-3.854819250189910340e-01,-2.800482595290227361e-01,-3.866124491710978828e-01,2.352562670360605901e-01,-4.227624111890612019e-02,1.503686491800348413e-01,1.894365253139103644e-01,2.734483220876715026e-01,2.057196478841771259e-01,2.325483712408954740e-01,6.593234728986996362e-02,-8.405201304794673173e-03,-1.337280486170070171e-01,3.529603646275525919e-01,4.024755350998704406e-01,-1.495598552214129351e-01,-1.598865007372983482e-01,3.436257205415791521e-02,-6.591447339023191743e-02,1.482639974976540376e-01,9.445462263729388630e-02,-2.875463604271862039e-02,4.041735555654855233e-02,3.232047902051030097e-02,1.714330399034809382e-01,-1.541311050538451133e-01,-5.978372581437955274e-02,-1.868135305420260128e-01,-2.030787792126547142e-01,-1.346977076723714084e-01,-2.383171723490772609e-01,-2.920595200857947077e-02,-5.293355377809553369e-02,-1.492559989275660248e-01,-4.896107958353813905e-02,-1.065641896420751605e-01,-1.277581661378971445e-01,-1.221189508020912445e-01,-2.228607176370704657e-01,-3.295410876267929612e-01,-2.977881049197908525e-01,-6.905134277671030885e-02,3.936279547790338951e-02,1.634970284641851790e-01,1.349032575182090299e-01,-2.601233299075025873e-01,-2.673935385852808655e-01,2.353009517851557264e-01,7.208990571517941148e-02,-2.148934268734080943e-01,-2.496447562446936774e-01,-3.163680235935475427e-01,-3.731087179945484777e-01,1.186514142723088666e-01,1.678448545511417034e-01,-1.607757272442915386e-02,1.316502077840832896e-01,-1.068278296617364426e-01,-1.746414048885115422e-01,5.895705795611957956e-02,3.659680950891460848e-03,-1.918584387148666026e-01,-5.133383976048974673e-02,2.460342285178068744e-02,-1.360471870950444584e-01,1.165199517404709728e-01,8.227802850886992148e-02,2.584431833415255508e-01,-1.610929889628669731e-01,2.726216542294114878e-02,-6.112873676214308077e-03,-1.858528084364806376e-01,2.330309665311229225e-02,2.473747709906608944e-02,-3.895169578622816042e-02,-2.370972786987800979e-02,4.035926538272487790e-02,-1.844407703650743913e-01,3.865230796729076518e-02,-2.646186156664730449e-01,-8.370347200500469209e-02,-1.712498324321908849e-01,-1.077438670181866953e-01,2.725769694803163723e-02,1.280173376826489184e-01,2.502211895080209136e-01,2.056436838107154053e-01,-1.044282586353277587e-02,-8.016890835157960971e-02,-6.456052549264935936e-02,4.123061799007998740e-02,-7.306850172036284674e-02,-1.935698646052102512e-01,-2.110907547254122218e-01,-1.532061307475758583e-01,4.923365655301845806e-02,3.229366817105321780e-02,4.905938603154743477e-02,-7.725099423566736401e-02
