1.000000000000000000e+00,7.971501567390961718e-01,5.083917632634609579e-02,7.725993118548639405e-02,1.108931959478434356e-02,6.193077908349296778e-02,6.134172319396149348e-02,9.926961636022822721e-02,-1.000961211354623043e-01,1.399373043615250722e-01,2.924753818018260842e-01,3.034345611419465016e-01,1.963725116384201497e-01,2.767626584229284092e-01,-1.170143542417731997e-01,1.933633036446120723e-01,1.607734440819290067e-01,4.528766704186634739e-01,4.002589106119103235e-01,5.079556792522186282e-01,1.673558011730888299e-03,4.831856507811840146e-02,-2.230261490585379869e-01,-1.496818413247821278e-01,-3.400930160346492537e-01,-1.618008671450652802e-01,1.895869530969955807e-01,1.716732612006237613e-01,3.037450712232498962e-01,2.701140896232553934e-01,-9.056620143428259495e-02,-1.637780857510120203e-01,1.163727856179036513e-02,-1.031692576754210666e-01,-2.057700079225734113e-01,-3.092063955944099329e-01,-1.288274363054779936e-01,-8.237421487754258143e-02,-5.572057745742473034e-02,1.136215749710609152e-01,-1.168088696291459394e-01,4.756055517376007319e-02,-5.888504049188449802e-02,1.685202139779766115e-02,-2.577439159430944815e-01,-2.332912470404507888e-01,-4.971586044398375315e-02,-3.320403023820232835e-02,-3.245172823975031595e-01,-7.542426864601622927e-02,-2.221676800102285743e-01,-1.131558098491057957e-01,-2.221402820618782747e-01,1.942720022648970757e-01,-8.313222478190090969e-02,1.355034030535013367e-01,6.441600131510152316e-01,6.273194075650301293e-01,6.332807444935831254e-02,-1.367614255152526563e-03,2.196242371383756165e-01,-1.275397327330138331e-01,4.630230439577249779e-01,2.438166255316914222e-01,-4.074303235926016176e-02,-3.580615038277217277e-01,-1.739838215114991593e-01,-2.437481306608156872e-01,3.109370326652038941e-01,4.013182979481219603e-01,-7.923258346670807029e-02,7.130316058165843927e-03,-4.677971364577649532e-02,-1.303206244905693867e-01,-1.566774508035589930e-01,1.373436319176965514e-01,-1.803036149309685809e-01,-2.211813538696177361e-01,1.298091961213637680e-01,1.724495364038823031e-01,2.381543828726292167e-01,4.220265805762244971e-01,-3.127932436659368320e-04,1.792442275947569441e-01,-3.914596028667386429e-01,2.524424129373112335e-01,-4.022247134060444318e-02,1.220692757124037381e-01,-2.682784270837851870e-01,2.254554338122646828e-01,-6.553360929155754855e-02,-7.745171682393850454e-02,-2.216471189915728557e-01,6.798115934418444417e-02,-1.737258241645337972e-02,1.959752413873407650e-01,-9.233793542760206086e-02,1.063017564368054918e-01,-9.909152969595126648e-02,1.794679775062844040e-01,-1.775592537712134267e-01,2.434193552806120653e-01,-3.821328846158236758e-02,-6.172529447086570753e-02,-8.017781268479345913e-02,3.733655411437273447e-02,-8.967576811289781902e-02,-1.642986467696677388e-01,9.178541013587099284e-02,1.530380899976939990e-01,-2.397092164415088114e-02,-2.635385820191831208e-01,-5.757450529579510173e-02,5.092593649612205120e-02,-6.078463157750536860e-02,-2.073316909785405671e-01
7.971501567390961718e-01,1.000000000000000000e+00,5.203555340430924409e-02,7.865266022662670276e-02,-1.351380970754973432e-01,-9.981300900250919539e-02,4.472030119477886367e-02,6.328697752683286326e-02,-1.893312389123927852e-01,1.176308080796549665e-01,1.944592215786241085e-01,2.503236382648879044e-01,2.397297649027715361e-01,2.740228635878983465e-01,-1.720362840162652576e-02,1.414989874174922280e-01,8.359798990385602924e-02,4.000351607003828636e-01,4.039165367166755449e-01,5.236318720333159593e-01,-3.806259974565571330e-02,9.523298530328387634e-02,-2.662235809575126400e-01,-1.449739605332553971e-01,-4.220950754471002875e-01,-2.288390804335268813e-01,1.360741936441326183e-01,2.622211973360061635e-02,2.186972732191904412e-01,2.100897511124708572e-01,-2.006694232046923598e-01,-2.911283160079362609e-01,-1.092036557995748787e-02,-1.842078225708864703e-01,-1.023427529001869896e-01,-1.708924196726401834e-01,-1.123201724244216188e-01,-7.646082435860261650e-02,1.115324814093504591e-02,6.163396797636470220e-02,-1.489192650956987496e-01,-1.497526193580204015e-02,3.417894056700054254e-03,1.635315042158592969e-01,-3.486959718166438016e-01,-1.762989481470995934e-01,7.433748336145427904e-02,4.543264785188669275e-02,-3.120557822228411937e-01,-9.286762909570787927e-02,-2.027881978771156335e-01,-1.631433666142300398e-01,-2.352958635947478006e-01,1.612894387758596615e-01,-9.171691526499524405e-02,7.720513528878579501e-02,7.115680987422058346e-01,8.133560431882992381e-01,4.519519896618408306e-02,1.132197383952565084e-01,1.511293662626230216e-01,-3.309900476952617326e-02,4.381320078814764929e-01,3.037998671199504952e-01,-1.800730155323535669e-02,-3.772994298943580516e-01,-5.525937866019466072e-02,-1.069273429241373585e-01,4.135743135101566659e-01,4.676487309042007823e-01,-1.840845318033101363e-01,-1.440378639646201220e-01,-2.111445721239574580e-01,-2.416019580400421141e-01,-1.896828459162216429e-01,1.433072520086120794e-01,-9.471699060935320769e-02,-1.684266043211130881e-01,1.196171593350517925e-01,1.637255730166739184e-02,3.070784882725365317e-01,4.070170712049845929e-01,5.182550246695693391e-02,2.120304391206171979e-01,-2.372959138243197763e-01,1.072561183043409805e-01,-2.552803837539299042e-02,6.583498672341085711e-02,-2.008886067914947560e-01,1.724175721308069398e-01,7.631013564267595528e-02,-1.422752626207507420e-01,-2.099390623965441960e-01,-4.857884558744626075e-02,7.264337688846067564e-02,2.098933991492936968e-01,5.474338396626399206e-02,1.260785088209977756e-01,-8.682638148446650272e-02,6.574822655363490864e-02,-2.973202523351042847e-01,3.144576690282175901e-01,-2.159186646239974125e-02,-2.318711200509601944e-01,-2.173342252887629569e-02,1.784222891442479031e-01,4.794412645066428724e-02,-5.067478863624429175e-02,2.245010719447292080e-01,1.933907015929623718e-01,4.995787565441141276e-02,-3.470886255134261189e-01,-2.296199219615104592e-01,-2.369694216064786862e-02,-1.252063407985131993e-01,-2.442138957827708068e-01
5.083917632634609579e-02,5.203555340430924409e-02,1.000000000000000000e+00,8.564164853455223936e-01,-1.762441522503989944e-01,-2.445266890264367193e-03,7.657566742543762128e-01,7.240295989168678004e-01,-3.371089228268289717e-02,2.783563057519709560e-01,5.771217998625536305e-01,5.666831815410888762e-01,3.901216697222989471e-01,4.198256120587503526e-01,1.938473340654673915e-01,4.642468189840384118e-01,-1.186308331944409544e-01,1.666229060547182728e-01,3.024254033777104000e-01,5.544225996543292734e-01,2.499811639105091743e-01,3.942176630006689608e-01,5.611396633248779686e-01,7.055770807029400071e-01,-8.171438095477283683e-03,-1.740386174081997583e-01,-2.518396580736045887e-01,-4.041859498754534763e-01,3.246497058145295656e-01,4.490592229485215192e-01,4.355702997107233077e-01,5.183897312489582632e-01,-2.247316713433442428e-02,2.739224044439472205e-01,2.993910805979145551e-02,-1.380788101984296301e-01,4.426070061120256360e-01,2.958361967994629915e-01,1.948290938813531936e-01,-9.503206701538166601e-02,4.548310574009849505e-01,6.420480879656795259e-02,-2.705707220957603854e-01,-4.298395621807853395e-01,-2.564790439942555844e-01,-4.559909038811477133e-01,-3.633401752098797122e-01,-4.578311327453429280e-01,-5.963871238775403372e-01,-6.564708246097504807e-01,-7.595419063035829810e-01,-7.256597768437106355e-01,-7.677338928603230084e-01,-7.836703661507480323e-01,-7.340389827141777790e-01,-5.898983764432440546e-01,-2.781005915673681050e-01,-2.248481126238330297e-01,-2.759041893746190244e-01,-1.087356075152572377e-01,-1.923998091276264977e-01,1.581843379628255497e-01,1.457502357365139389e-01,-1.677051250145551731e-01,1.258775905330955791e-01,1.454442919799355804e-01,-2.203548490943836591e-01,-1.524672994070627452e-01,-2.042539881138567270e-01,-2.310491816004511534e-01,5.923687581194961860e-01,6.863756852341040826e-01,2.525428720812623040e-01,4.575160563393144697e-01,4.752402457595966689e-02,2.181904111747098585e-01,6.057206916155428722e-01,5.512261723467940522e-01,1.856005516120267929e-01,-5.194879323453328868e-02,-1.835685371093794538e-01,-2.297934423010623561e-01,2.613010829039085214e-01,1.037765788638527475e-01,-2.613604451253341843e-01,-4.167479091940665126e-01,2.193319923559724216e-01,3.917746792727671012e-01,-5.619570354506620014e-01,-4.725164330611043018e-01,3.382961672553420202e-02,-1.585039806935790718e-01,-2.232544652947905106e-01,-3.017176230453276209e-01,4.314377758345529501e-01,6.539661954980605096e-02,1.274529725632378985e-01,2.965827908920087071e-03,-7.408291075803273840e-01,-6.041361769359504530e-01,-3.520248225412053733e-01,1.716641285511736614e-01,1.371746779028697183e-01,-1.211605770921187486e-01,2.586252166150291298e-01,2.552872332410174860e-01,3.777012664701625000e-01,2.396749690060709370e-01,2.940416311825183038e-01,2.087289863444058979e-01,-2.605978688962508061e-01,-5.088461125736034596e-01,-1.732121126329656813e-01,-6.698638550283225745e-01,-1.614424106541488546e-02,1.487640100550470523e-01
7.725993118548639405e-02,7.865266022662670276e-02,8.564164853455223936e-01,1.000000000000000000e+00,-7.510462591526270715e-02,1.124525958414480664e-01,6.560689880339460878e-01,8.267399409574213154e-01,-5.497626652724155183e-02,4.333738975179741715e-01,5.173212112632965543e-01,6.241640771800205378e-01,2.856989559098516152e-01,4.857679074131998620e-01,1.670110436563475298e-01,5.486461988771407228e-01,-1.677096913392802091e-01,5.940103518581516667e-02,3.087223651735546137e-01,5.972181949774993948e-01,1.970574603471776653e-01,2.958407631241880553e-01,5.214172045416666235e-01,7.607748139793465425e-01,1.935893367185020572e-02,-7.675306914100582523e-02,-1.613305356983851246e-01,-2.754110263043135776e-01,2.925758409457771547e-01,4.632787581423277734e-01,4.500775133622077484e-01,5.485503060579146606e-01,-9.643849503069712448e-02,2.043818452061581525e-01,4.143939687983031785e-03,-1.681434921881599653e-01,3.101059615652447810e-01,3.197272077609255025e-01,1.349006481897947196e-01,-5.418629234980787412e-02,4.067430917214815977e-01,8.363908682638147851e-02,-2.843929870384872549e-01,-4.233371157723139211e-01,-2.741050574329492173e-01,-4.092819682686094640e-01,-3.503307160682117560e-01,-4.162045165517855305e-01,-5.228099335828069183e-01,-5.772953202021054997e-01,-7.222532985988232568e-01,-5.916609777871133513e-01,-7.387514298304295179e-01,-6.481235830123587283e-01,-7.040382292705981149e-01,-4.932703789364573099e-01,-2.279760450604923772e-01,-2.680181465744573277e-01,-2.439627479228930473e-01,-4.272938361465698776e-02,-2.147337033578468890e-01,2.276198717319384834e-01,1.440606955882453577e-01,-2.333917061844018870e-01,-4.622262202932037045e-02,1.838973124895830757e-01,-3.105762930119249643e-01,-1.659881869179362923e-01,-1.864498880108861056e-01,-2.361725979419574406e-01,4.748909219181303709e-01,6.546260294208302577e-01,1.849247355527193493e-01,3.455954373283347536e-01,-3.242775503494380041e-02,1.546500026256367177e-01,5.532125236021909753e-01,5.151841712919731364e-01,1.556911246629481549e-01,-1.073154805257666294e-01,-1.751710659400121939e-01,-2.159894426572356863e-01,1.323846032662920891e-01,6.106774371045848443e-02,-3.416501327658914011e-01,-2.329624716602471668e-01,1.880572343141037883e-01,4.051220464440887792e-01,-6.161273456639322355e-01,-3.957108511857603816e-01,3.505795807657269975e-02,-1.004111975414907626e-01,-2.338666039558071064e-01,-2.494332049435031562e-01,3.657146640669057813e-01,-1.503005783250264266e-02,2.556000264846833986e-02,-4.594864254581736140e-02,-7.501672416430549273e-01,-4.154739045957775434e-01,-4.104829116712976900e-01,2.476751699243588400e-01,1.269598094929324794e-01,-1.530974522191196618e-01,2.195557422674998815e-01,2.940005342599928406e-01,2.047471511841621461e-01,1.978611334987865067e-01,2.744977613593035382e-01,1.972035827383792628e-01,-3.153161380765270305e-01,-5.255177641447615899e-01,-1.536910744333761791e-01,-5.696832568854468537e-01,-2.598467084789800666e-02,2.012767443931240408e-01
1.108931959478434356e-02,-1.351380970754973432e-01,-1.762441522503989944e-01,-7.510462591526270715e-02,1.000000000000000000e+00,6.104011744587193311e-01,-1.494946220110550672e-01,-1.214528218745219573e-01,4.193461479626200417e-01,2.557940952854980132e-01,-2.832651048313998832e-01,-2.370082353666416175e-01,-1.988246280157720813e-01,-9.256625166385457071e-02,1.498644943137841246e-01,1.834178483934527926e-01,-2.389534896995129942e-01,-1.806415229606223027e-01,-3.717376463792469443e-01,-2.506798115934418258e-01,1.570564557557381502e-01,-8.626472354328533487e-02,-7.374614430956028715e-04,1.711686823185057035e-02,3.752537164175355766e-01,6.573018957097096493e-01,6.412375653269830611e-01,5.790076919739993722e-01,-9.880385123827310767e-02,-7.758870656569000213e-02,2.270353821671320382e-01,4.117683320813993186e-02,2.273230606248102248e-01,6.333264077408336246e-02,3.204075901449579544e-01,1.691343846534958673e-01,-5.855169878695584001e-02,1.236332419307334222e-02,7.461602916968233801e-02,2.117244953640388117e-01,-2.594562877149882985e-01,1.721435926473039169e-01,1.178773896148076761e-01,-1.707097666836381866e-01,-1.267543248803052192e-01,1.314530730223818500e-01,2.237727431510836903e-02,-3.948272673514631459e-02,1.593259191440880851e-01,2.635477146686332484e-01,1.545952067289361187e-01,3.007267305799917190e-01,2.329305073871718312e-01,3.146951179139201860e-01,2.330903287525485923e-01,2.499720312610590744e-01,1.388642180511382718e-01,-2.268778439641178091e-02,1.923906764781763978e-01,1.485493927929696922e-01,1.485950560402201914e-01,-3.473831534581918457e-02,-1.979067967460370059e-01,-4.264262344488103929e-02,-1.585313786419293713e-01,-2.378370233042382403e-02,1.993862859569532631e-01,3.567738002552575671e-01,2.812604882771028714e-01,1.791072378530054465e-01,-7.694485477945793572e-02,1.132220215576190334e-02,-1.748103262867332364e-01,-2.522049640516085822e-01,-3.232387114744890710e-01,-3.460064065535892186e-01,-3.315083255515549610e-01,-3.760528232444193542e-01,-2.226882410288842928e-01,-2.564105491233797940e-01,-4.745096338035886818e-02,1.082881076922023178e-01,-2.850459714741694350e-01,7.756587494206475253e-02,-7.956820833399925325e-03,3.046172392457344724e-01,1.587368632545566316e-01,1.643854069394436734e-01,2.999504553767332049e-01,3.305448310345693863e-01,1.177769304708565778e-01,-1.143110900045434947e-01,3.290333775505777658e-01,1.441109251602209207e-01,-3.791191102972905902e-02,-1.623396934626211985e-01,-5.820168999678073662e-01,-5.740349643484197184e-01,-2.610339529074931150e-02,2.297569117032619568e-01,1.666480208407060404e-02,1.986282760525949209e-01,2.776713570432134404e-01,-2.964891812351451716e-01,-2.690912328848441559e-01,2.290696798321419092e-02,-3.699248154634020569e-01,1.904842359054679385e-02,1.084433627328540151e-01,1.222382297272305990e-01,-4.076015607697910381e-01,-1.920892990463230754e-01,1.531568144405452969e-01,-7.144015032340994553e-03,9.801616022320195146e-03,-1.253341978908145971e-01
6.193077908349296778e-02,-9.981300900250919539e-02,-2.445266890264367193e-03,1.124525958414480664e-01,6.104011744587193311e-01,1.000000000000000000e+00,-1.851644676007844917e-03,1.591021692325606252e-01,3.597373450018150898e-01,1.470653372573283713e-01,-1.441474557580213200e-01,4.018594074280404382e-02,-1.934957270616385339e-01,7.489914130263546077e-02,6.570256330638440945e-02,2.788586014717264749e-01,-3.431593030875204446e-03,-1.499649534577352505e-01,-1.660658144382621548e-01,3.809913034345611266e-02,1.022148958078855918e-01,-6.237827890654788071e-02,-2.047654164830623735e-01,-6.218192694337072723e-02,1.418072143364331079e-02,3.026263216656125965e-01,4.577215409519417300e-01,6.499455465776537988e-01,-9.028765562605453598e-02,1.269506768434823796e-01,5.848777024080513420e-02,-2.176538680195164860e-02,7.604985513334809599e-02,1.396678912027471131e-01,2.340013105351960998e-02,-1.835890855706421784e-02,1.088817299064588351e-01,7.203148937530394480e-02,1.044249969748098639e-01,1.942400379918217124e-01,-2.380196762932402371e-02,1.218683574245015278e-01,7.142416818687227775e-02,-1.627597953373258188e-01,2.387046250019977597e-02,1.060688738758279320e-01,7.324156542744224285e-02,3.080670975755098878e-02,1.821758080682391590e-01,1.847329499142672526e-01,9.916459089155206519e-02,1.725271639242081378e-01,2.034959782094984126e-01,1.778195342805412860e-01,1.539422222932539386e-01,1.598647454616440033e-01,4.732767261278251342e-02,-5.133690572137656477e-02,2.172999778533250825e-01,2.261312498715721264e-01,1.295215176636856091e-01,3.905349221099160134e-02,-1.135713453990853661e-01,7.381692234279856046e-02,-2.233229601656662733e-01,-9.088584416503610319e-02,-3.705344198141962558e-02,2.192087015883960599e-01,2.061398802253024687e-01,2.241403322914502505e-01,8.090385831607643796e-02,1.292703698038078497e-01,-8.641997858393704601e-02,-1.745020993677923529e-02,-3.401158476582745172e-01,-3.712444833089415530e-01,-2.795800807782843900e-01,-2.895575003025190330e-01,7.422560840569055254e-03,-1.109091780843811104e-01,7.002687282100691912e-02,2.037197281210258726e-01,-1.039318339045044448e-01,1.234049256944809089e-02,-1.801415104032292984e-03,3.054346113715184496e-01,6.922319966939809166e-02,1.685864256864898492e-01,1.498827596126843242e-01,1.786551717052254629e-01,1.292977677521581492e-01,-2.230421311950756685e-02,2.096148533410656378e-01,1.020870387155841802e-01,-1.172015735555002464e-01,-3.054437440209685772e-01,-5.711079501996625396e-01,-5.409336764165310063e-01,-1.353686964741123572e-02,-1.916258170867304877e-02,-4.366548018329227676e-02,2.919023080488322708e-02,6.963873521937766209e-02,-5.168394640048037947e-02,-2.282911214665208355e-01,-2.394557854192685131e-01,-4.679683736349543044e-01,-2.387023418396352348e-01,-8.701360079819356330e-02,1.123977999447474674e-01,-3.243939916299267701e-01,-1.384349835269835516e-01,2.106285774300267755e-01,3.843247204838477760e-02,1.292018749329321148e-01,-1.337864649568824837e-01
6.134172319396149348e-02,4.472030119477886367e-02,7.657566742543762128e-01,6.560689880339460878e-01,-1.494946220110550672e-01,-1.851644676007844917e-03,1.000000000000000000e+00,8.102052791280146549e-01,1.803698266394818215e-04,3.771396085289813183e-01,7.308151574582922860e-01,7.106822317455461224e-01,6.806997436008667135e-01,7.105863389263200602e-01,1.668740539145960322e-01,3.821214688040110441e-01,-1.119366011475173978e-01,8.356602563078067980e-02,4.859779583505521861e-01,4.640413343714111516e-01,1.544216863893842218e-01,3.592761462045850340e-01,4.744936516670509863e-01,6.371507046980632305e-01,-2.711780432841920940e-01,-3.543627808004310431e-01,-2.961375742313163140e-01,-4.135514818865314024e-01,2.846441348983650421e-01,3.249602158958330156e-01,3.080008858669966432e-01,4.289399962099504915e-01,-4.398968923877083492e-02,1.861667758779330106e-01,-8.975111247086114616e-03,-1.903540956508040227e-01,2.079435784916972840e-01,4.669067031363801148e-03,1.984090924657925248e-01,-3.273986332990098114e-01,3.209920797097643996e-01,-2.327113238003694073e-01,-3.802538419914655576e-01,-4.009712572690181664e-01,-2.320492067152371274e-01,-5.390295190061851205e-01,-4.795257415140563029e-01,-5.434908182625590722e-01,-6.405343513193253457e-01,-7.143489904997614159e-01,-6.463655479932144399e-01,-7.095863138115340307e-01,-6.585576350090983633e-01,-7.727020541611775428e-01,-6.759781638351648470e-01,-6.862752260901529011e-01,-3.650616796312236012e-01,-2.018064380612298592e-01,-3.526823733016126172e-01,-1.132380036941567081e-01,-2.726780809563710342e-02,3.423350814746489168e-01,1.457776336848642385e-01,-2.502962403165376326e-01,3.298781476247120148e-01,3.082885643246748297e-01,-2.034959782094984126e-01,-2.237430620403708659e-01,-2.999139247789328055e-01,-3.257273584496414021e-01,5.515184171291973581e-01,5.685005787816589384e-01,2.750183223779592567e-01,3.892266700761891074e-01,1.957697567747135325e-01,1.871668009927189846e-01,5.776697588295596208e-01,5.294859003308302059e-01,8.947484982499560868e-02,-1.287132781873517318e-01,-1.099913468146460349e-01,-2.571137631310375649e-01,1.971213888933283642e-01,-6.815467968373635499e-02,-1.708284911264894845e-01,-4.981837443406113008e-01,2.246471943359308054e-01,2.575475639799172933e-01,-5.074442508830130372e-01,-5.475594135925787587e-01,1.730431586181388204e-01,-2.891625132138021803e-02,-1.599606382808700655e-01,-3.292662601115552978e-01,4.004004666783869126e-01,1.181559354230357350e-01,2.161172997495370840e-01,2.423120215347874043e-02,-6.405754482418508644e-01,-5.548655331526590739e-01,-3.782126948393680910e-01,8.747936592014868284e-02,1.167723390313455401e-01,-2.287957003486388793e-02,2.662464125811379034e-01,1.779382587233925839e-01,3.113297365915582149e-01,3.140832304007634690e-01,2.262271426907981609e-01,1.819018285847361360e-01,-1.663397939217651500e-01,-3.960487592154141034e-01,-9.315074122866098816e-02,-6.028073764409608293e-01,-9.586770444006584291e-02,1.869384847564664887e-01
9.926961636022822721e-02,6.328697752683286326e-02,7.240295989168678004e-01,8.267399409574213154e-01,-1.214528218745219573e-01,1.591021692325606252e-01,8.102052791280146549e-01,1.000000000000000000e+00,2.898017986753092037e-02,4.392461911143887288e-01,6.115062250421814394e-01,7.814237343860234164e-01,3.892860322976147702e-01,6.478176392557803975e-01,4.830943242866830162e-02,4.187981889956140513e-01,-1.364623312457618753e-01,-2.851669790793832579e-03,3.787652201310992006e-01,5.514453559335965593e-01,2.959206738068764428e-02,2.463509357540942801e-01,4.341638716954078769e-01,6.814942841030253717e-01,-2.158981161627346879e-01,-2.477345321457844751e-01,-2.155099785611054031e-01,-2.908497701997082019e-01,1.927377171572802195e-01,3.812493007815264678e-01,3.838018763028295255e-01,5.119831776597129069e-01,-8.867574299811183114e-02,2.221128841135279752e-01,-5.650141898540830820e-02,-2.093134759092123431e-01,1.676366301436794104e-01,1.183751190098381451e-01,8.630125414108573423e-02,-2.607257259885522038e-01,3.180559329115571487e-01,-1.093885919509394039e-01,-2.882697967300548725e-01,-4.279171394715392540e-01,-2.226197461580085302e-01,-4.110308706383036803e-01,-4.226978303108068769e-01,-4.621417432857902741e-01,-4.747767638000041091e-01,-5.668430029064657205e-01,-5.993826328971731954e-01,-5.277369979611360451e-01,-6.045151818881295824e-01,-6.433061104274307995e-01,-7.268150569991483900e-01,-5.601168065864667867e-01,-3.432072494971334931e-01,-2.770366379064314599e-01,-2.409855042021603333e-01,5.735532170899269172e-02,-8.465737724006766607e-02,4.317939491631068161e-01,1.530928858943945980e-01,-2.367753528056640577e-01,7.966181799086279047e-02,2.628034037384500698e-01,-3.089872120076074813e-01,-1.802716506578932454e-01,-2.448988444915283225e-01,-2.418348406010196738e-01,5.081337659164956166e-01,6.239220619695928782e-01,2.107838324706785005e-01,3.524768886889853570e-01,6.838071275762633468e-03,1.155302987061318926e-01,5.497010198886272958e-01,4.879460443070487985e-01,1.072972152268664298e-01,-1.805456301413962406e-01,-1.748605558587087716e-01,-2.408987440323843709e-01,1.561911372203411523e-02,-9.782209142238731947e-02,-3.388281440858103566e-01,-2.768676838916045990e-01,4.343259762231471699e-02,2.318071915048094678e-01,-5.932957220386813058e-01,-4.749594167890061058e-01,1.742167040724767191e-01,2.804408329889563484e-02,-1.568783690914611895e-01,-1.903860599238793583e-01,3.814684843683288640e-01,-2.551890572594289058e-02,5.051496727086753069e-02,-4.435042889204979938e-02,-6.837180842441248352e-01,-4.083002084527236897e-01,-4.531917468246919323e-01,2.248526789485580657e-01,2.404169967738915750e-03,-8.982645682882446636e-02,1.755866014899917504e-01,2.520040457637063858e-01,1.045848183401866249e-01,2.431134115240337068e-01,2.817079881001577912e-01,2.697487836452513443e-01,-2.015278922530018002e-01,-4.181726025082821985e-01,-3.445063688814102576e-02,-5.482078317035359305e-01,-1.256675395957432828e-01,1.475676329770838902e-01
-1.000961211354623043e-01,-1.893312389123927852e-01,-3.371089228268289717e-02,-5.497626652724155183e-02,4.193461479626200417e-01,3.597373450018150898e-01,1.803698266394818215e-04,2.898017986753092037e-02,1.000000000000000000e+00,3.329056209174203196e-01,-2.123089849288452569e-01,-8.737662361383504925e-03,-1.492708720995276073e-01,-9.030592092495473566e-02,4.916584663085146190e-01,2.016009534486025989e-01,-1.738057348472221986e-01,-2.624335314357210125e-01,-3.564267595761537177e-01,-1.954044507967095112e-01,2.665432236882661621e-01,1.418368954471459220e-01,-5.656991385628406394e-02,4.713588697433040292e-02,2.125829644123482520e-01,3.438876318811659449e-01,3.362847012139574265e-01,2.616161593099370353e-01,-1.383162590841322537e-01,-1.016007251323663464e-03,5.623200582663034908e-02,-1.726687199906846992e-01,-1.956053690846117077e-01,-2.808038558045978239e-01,-5.175929075844370834e-03,6.119560080275988911e-02,2.024411571980118119e-01,2.348574964211430083e-01,2.452687167942573798e-01,1.840069042829842738e-01,6.642860893766738828e-02,1.521978862482847861e-01,-8.560260645815305491e-02,-2.268024996061545062e-01,-3.491183568537109538e-02,-9.294753977839626327e-03,1.032651504946471288e-01,3.886170657253949084e-02,2.159757436830605226e-01,2.899684695277735536e-01,7.367536627632201296e-02,1.815410889314571785e-01,6.806791951396039264e-02,-5.594432736895219027e-02,1.091579925523243795e-02,1.364303669726865398e-01,-1.662827148627020468e-02,-2.261769131188226256e-01,2.341360171145850655e-01,9.300461883745939073e-02,-1.892969914769548900e-02,-1.574765576304427706e-01,-2.233503581140165728e-01,-1.896874122409466790e-01,-2.796988052211357156e-01,-1.410377886202621445e-01,-6.291710522410380590e-02,9.542477094173597296e-02,3.347001865343650073e-01,1.497001066236823275e-01,1.769838968558571091e-01,1.802488190342679819e-01,2.749155800716456335e-02,1.413209007532152672e-01,-2.800915091474899810e-01,-4.381457068556516288e-01,-2.954663244967339342e-01,-4.398032827308448467e-01,-1.371746779028697183e-01,-2.736666902593444251e-01,-1.823721600314163194e-01,-7.026888803143457873e-02,-4.576598955681535075e-02,-1.605291457091388013e-02,4.957887070223224862e-02,-4.762905004463582198e-02,1.523029117169609203e-01,2.815801310078563380e-01,2.063590638121048648e-01,-1.238615581669859356e-02,-7.013646461440813107e-02,-4.431389829424940002e-02,1.633853818246576994e-01,1.760934635344723331e-01,4.034347894581827645e-03,-4.241225236250225628e-01,-3.757514458125660872e-01,-4.254421914705620589e-01,-1.347727910974933219e-01,-2.071307726906383428e-01,-7.810470125962067078e-02,1.231309462109778964e-02,1.643077794191178387e-01,-1.699060935320293453e-01,-9.185390500674674163e-02,4.074759868398521168e-02,-1.710476747132918807e-01,6.506784416960242901e-02,2.394809002052562807e-02,-2.260330738899835371e-04,-3.143435109100913283e-01,-1.207678731657644416e-01,-1.486567014240083688e-02,2.562849751934409212e-02,2.092860779608620436e-01,-3.676119719901641686e-02
1.399373043615250722e-01,1.176308080796549665e-01,2.783563057519709560e-01,4.333738975179741715e-01,2.557940952854980132e-01,1.470653372573283713e-01,3.771396085289813183e-01,4.392461911143887288e-01,3.329056209174203196e-01,1.000000000000000000e+00,2.484605777770674540e-01,3.469151051738742497e-01,1.699197925062044812e-01,3.649155572400220038e-01,3.380336035836516428e-01,5.461895161750637273e-01,-3.709248405781880309e-01,-1.980574854619636671e-01,3.377938715355865290e-02,2.156150040297815651e-01,3.769112922927287945e-01,3.915463630365146330e-01,1.824360885775670182e-01,4.355931313343485711e-01,7.249268817253401442e-02,1.402569470922785666e-01,2.524789435351116329e-01,4.814961106329154056e-02,1.874088162031466442e-01,2.755114854482647035e-01,3.744363442917515994e-01,1.455767153969620142e-01,-2.407389226670076099e-01,-1.248319021710590920e-01,1.837260753123936760e-02,-7.224610663738130489e-02,1.001554833568879532e-01,1.643306110427430744e-01,3.356910789997009092e-01,1.107356577448292134e-01,1.446908484003023021e-01,1.081967811977013055e-01,-2.914296934397895833e-01,-3.738016251549696189e-01,-4.228074221042080749e-01,-3.934961836941110458e-01,-2.664518971937651637e-01,-3.143252456111911286e-01,-3.216222325218213163e-01,-2.281039021527938027e-01,-4.005922523168389815e-01,-1.997424592855071568e-01,-3.959163357983876419e-01,-2.778631426816655092e-01,-3.838064426275545893e-01,-1.954501140439600104e-01,-1.244209329458045715e-01,-9.351148088193995955e-02,-7.594482966467194784e-02,4.096678227078762169e-02,5.027751838516492100e-02,2.367022916100632590e-01,-8.760722301245008059e-02,-3.502804864962362208e-01,-7.910929269913170858e-02,6.643774158711748812e-02,-2.549127946135633649e-01,-8.578525944715506557e-02,-4.251020002785457774e-02,-1.500471473027861491e-01,2.651139640493254124e-01,3.307777135955469183e-01,-3.640045754573745240e-02,4.189831251469786078e-02,-9.262789704764275156e-03,-5.197162485815853827e-02,2.180945183554838240e-01,7.719143631461064525e-02,-1.824246727657543882e-03,-3.502485222231608297e-01,-1.888563411409875659e-01,-2.544835600894086447e-01,-8.655240200096349368e-02,-8.196324565228807479e-02,-3.082702990257746301e-01,-5.053779889449278723e-02,2.618216439225642400e-01,2.880323478443522767e-01,-2.674610549580012098e-01,-3.687535531714266485e-02,8.517793825872339852e-02,5.232779818671245281e-02,1.181536522606732066e-02,6.546511442068179976e-02,3.475178600375808391e-01,-3.855119649123608244e-02,-1.002970394233645146e-01,-1.937286096226160936e-01,-4.568722045530823617e-01,1.914431640977284910e-02,-4.271728285413560755e-01,4.212640043471411189e-01,1.032240535721216795e-01,-2.426156821290032517e-01,1.128270344689021876e-01,3.581391313480475347e-01,6.065220816047891400e-02,3.671256584069462758e-01,3.459835749299640106e-01,2.229850521360125515e-01,-3.059506060654491599e-01,-3.359513595090287685e-01,1.016235567559915960e-02,-2.418942028224453089e-01,-5.825945400455262435e-02,4.091198637408702266e-02
2.924753818018260842e-01,1.944592215786241085e-01,5.771217998625536305e-01,5.173212112632965543e-01,-2.832651048313998832e-01,-1.441474557580213200e-01,7.308151574582922860e-01,6.115062250421814394e-01,-2.123089849288452569e-01,2.484605777770674540e-01,1.000000000000000000e+00,7.647064195676147591e-01,7.805880969613392395e-01,6.787453566185451814e-01,9.399551130279527877e-02,3.424629385669503145e-01,2.056010539077465504e-01,4.430225416620052203e-01,7.291986785056245868e-01,6.353013431844178882e-01,3.388897894695985791e-02,3.183573103434104712e-01,4.601919226281938613e-01,4.606942183479493802e-01,-4.069348773599337221e-01,-5.337188833509517449e-01,-4.322231836872615363e-01,-4.781238798234658804e-01,6.087527312329761298e-01,4.881195646466007232e-01,1.889385349860384644e-01,3.274671281698855463e-01,-2.505770692871282096e-02,1.997104950124318212e-01,-1.639150754927635179e-01,-4.877131617460712665e-01,6.948348017872595095e-02,-5.448310345693613277e-02,3.325882613490293432e-02,-3.211747326987663964e-01,2.699999315051291315e-01,-2.815207687864307307e-01,-4.949462201105507275e-01,-4.772014822290057690e-01,-2.855391345444748818e-01,-6.640189593802584556e-01,-6.368219293178596363e-01,-6.513382756187940936e-01,-7.083899367335709796e-01,-6.914671373025349510e-01,-5.964693177225911525e-01,-6.893848932279120767e-01,-6.632061535791994311e-01,-5.757929993675640068e-01,-5.182390425330316575e-01,-6.062640842578238543e-01,-1.255990447248675201e-01,-1.318526264358237284e-02,-3.698334889689010585e-01,-2.333825735349517871e-01,1.432227750011986524e-02,2.692693195491210889e-01,4.717858211050962591e-01,-3.790734470500400910e-02,2.008703414925945563e-01,8.068467472927402795e-02,-4.450317245410272959e-01,-5.196911337955976151e-01,-3.264488377561993726e-01,-3.640753534906127631e-01,3.879252675295498110e-01,4.641417935153622776e-01,3.257684553721668652e-01,3.301566934329400738e-01,2.663468717250889739e-01,3.755368285504886994e-01,4.889232377982095645e-01,4.255791812123135287e-01,1.994502145031039619e-01,1.510768535282849649e-02,8.424640801481315944e-02,-1.500562799522362489e-01,3.104164716465481755e-01,-9.886093029733624294e-04,-2.849226807065931011e-01,-4.482692487710878693e-01,2.052311816050174653e-01,2.651915915696512749e-01,-6.280774174693884992e-01,-4.519679717983784983e-01,8.549758098947690677e-02,2.925872567575897934e-02,-2.400631066077001941e-01,-3.230971554080125374e-01,3.634041037560303833e-01,2.012539127694987773e-01,3.996972526707291973e-01,1.772852742877104315e-01,-4.398443796533703098e-01,-2.252042859523869234e-01,-3.245857772683788944e-01,4.692583603697809969e-02,-8.102714908365278579e-02,9.163472141994433162e-02,3.094529771295626008e-01,1.327499092442960826e-01,2.455883595250109019e-01,2.940735954555936393e-01,1.668238243426204692e-01,1.378778919105274336e-01,-1.629652799499530791e-01,-1.842078225708864703e-01,-3.571094251225487293e-02,-4.059211532709725567e-01,-8.988125272552506539e-02,2.830185232962471598e-01
3.034345611419465016e-01,2.503236382648879044e-01,5.666831815410888762e-01,6.241640771800205378e-01,-2.370082353666416175e-01,4.018594074280404382e-02,7.106822317455461224e-01,7.814237343860234164e-01,-8.737662361383504925e-03,3.469151051738742497e-01,7.647064195676147591e-01,1.000000000000000000e+00,5.598473934276888553e-01,7.237464867839146221e-01,1.046807111594126732e-01,4.041128886798526776e-01,9.862576457399614693e-02,2.526204996015881665e-01,5.416688546972641127e-01,5.969213838703711916e-01,7.004513811990711880e-02,2.293413761532824002e-01,2.981421907856133258e-01,4.781421451223660801e-01,-4.398124153802949188e-01,-4.572923064277870098e-01,-2.688309523755162966e-01,-3.264808020292747082e-01,3.999164362575315934e-01,4.940649194386160237e-01,1.926692222864044568e-01,2.700044978298541953e-01,-2.664838614668404992e-01,-3.578857003258072850e-02,-3.395450570676432633e-01,-5.264355954144966931e-01,1.402432481181034307e-01,9.536997504503537393e-02,1.906212256472194361e-02,-2.260764539748715274e-01,2.471043793337275585e-01,-1.491247497083260098e-01,-3.869891709609145636e-01,-4.051357454182639151e-01,-2.309350234823248915e-01,-5.364952087837822070e-01,-4.198986732543511513e-01,-4.192913520659194426e-01,-4.979782597279840406e-01,-4.953343577121799846e-01,-5.140699880590607895e-01,-5.221706481212998741e-01,-5.605186431622711796e-01,-5.445091086762452459e-01,-5.473447963305014818e-01,-4.127067118123970979e-01,-1.361837854375338164e-01,-2.239553961400857218e-02,-1.947742979846525946e-01,3.819958948740721782e-02,-5.271593578834171678e-02,3.494494153962770522e-01,3.319375600757096811e-01,-9.343385336161411092e-02,2.626778298085111554e-02,-4.219512362182611942e-02,-5.344175310338844520e-01,-4.675300064613495121e-01,-1.083474699136279668e-01,-9.934267755582902593e-02,3.154622604677286279e-01,4.178712250764288760e-01,2.491044295632995342e-01,2.780366630212174339e-01,3.011491156170588868e-03,5.487124105856539674e-02,3.390564603220628803e-01,2.874935215267963584e-01,1.932902424490112736e-01,-9.669192605293740542e-03,1.368755836333789173e-02,-8.614371593807150160e-03,2.223868635970309704e-01,2.343666165132000934e-02,-2.834203598720516082e-01,-2.689177125452922312e-01,1.498096984170835255e-01,3.013477507425985635e-01,-5.639936162780343487e-01,-3.873499106141934933e-01,6.879396514524337147e-02,-2.020598690834701262e-03,-2.219073995009007150e-01,-2.194004872268481565e-01,2.669541929135206826e-01,-2.243663653653402146e-02,9.636086751037126197e-02,-2.983408259111530042e-02,-4.927087209952761282e-01,-3.553399742915918091e-01,-3.897335321206696901e-01,6.762041969090547278e-02,-1.080323935075995084e-01,-3.792332684154168469e-03,1.222656276755808985e-01,1.135896106979855658e-01,1.260191465995721405e-01,1.672302272431499537e-01,1.443027107986730173e-01,7.351554491094525190e-02,-2.703332732100577895e-01,-3.389057716061362191e-01,-1.152380539237286838e-01,-3.372892926534684643e-01,-1.850503094826582567e-02,7.597679393774729728e-02
1.963725116384201497e-01,2.397297649027715361e-01,3.901216697222989471e-01,2.856989559098516152e-01,-1.988246280157720813e-01,-1.934957270616385339e-01,6.806997436008667135e-01,3.892860322976147702e-01,-1.492708720995276073e-01,1.699197925062044812e-01,7.805880969613392395e-01,5.598473934276888553e-01,1.000000000000000000e+00,7.623501960094888341e-01,3.433168412905346911e-01,3.196495802405996400e-01,1.460150825705668343e-01,3.349832986673181301e-01,7.815424588288747421e-01,4.654066654642011747e-01,3.265607127119631026e-02,2.588078696040311266e-01,3.720755544089006661e-01,3.674726990860501252e-01,-4.271956601649813390e-01,-5.133896056750283377e-01,-3.605136202050736594e-01,-4.212046421257155115e-01,4.203918363246565426e-01,2.799545194057385111e-01,-3.650091668968855063e-02,1.218226941772510286e-01,-1.055505960195347349e-02,1.223090077604688762e-02,-2.576548726109559664e-02,-2.554013913591437479e-01,2.587051272977175173e-02,-1.752669587592382561e-01,2.103043683745482173e-01,-2.524698108856615053e-01,1.556865583382231188e-01,-3.917472813244168295e-01,-5.533997429159179804e-01,-2.900369643986492885e-01,-3.061789223017016282e-01,-6.401690453413213522e-01,-5.425912522917242242e-01,-5.118005246707109102e-01,-6.977047368769535574e-01,-6.247576993942770551e-01,-5.010285646443175533e-01,-6.570187835767564710e-01,-5.471895412898497568e-01,-4.540639148471765085e-01,-3.251291699106598765e-01,-5.113438921982058627e-01,1.431542801303229123e-03,1.096169081871919138e-01,-5.140380237859855095e-01,-3.418921479763190607e-01,-9.821479534874164030e-02,1.082607097438520183e-01,3.489608186506967247e-01,-1.124799937897983798e-01,3.385861288753826970e-01,1.472479902463303958e-01,-2.489446081979227732e-01,-4.028251851073885170e-01,-1.726002251198089366e-01,-3.007586948530671100e-01,2.753973273301384417e-01,2.673012335926244765e-01,2.028247284749160328e-01,1.869567500553666883e-01,3.320928151163613506e-01,3.901673329695494741e-01,3.626095632538716695e-01,3.283210308934699229e-01,6.107231003518353435e-02,6.446508930589581188e-02,1.901577436876268623e-01,-1.058177260159501726e-01,4.769275027455027183e-01,8.636518268723643310e-02,2.224485089808191443e-02,-5.131201925162504063e-01,4.216064787015199045e-01,2.862697465004828690e-01,-3.953912084550068595e-01,-3.639931596455618923e-01,4.594864254581736140e-02,-1.031555587012459169e-01,-1.867740970663646916e-01,-4.354652742420471734e-01,2.215649251465219571e-01,2.793243665936815945e-01,4.528081755477877390e-01,1.620154844071426403e-01,-3.267502151880526950e-01,-2.375881586067229989e-01,-1.784405544431481028e-01,-1.473758473386317935e-01,4.961540130003264798e-02,1.364805965446620750e-01,3.472210489304525804e-01,9.604122477961775373e-02,2.615157001659859093e-01,3.040464486551032186e-01,3.678859514736671638e-02,-4.885739139567431971e-02,-1.006395137777432724e-01,-1.714769092374466009e-01,-2.233457917892915090e-01,-3.003979551997881248e-01,-9.800474441138933013e-02,2.230900776046887135e-01
