0.000000000000000000e+00,7.040361137533001079e-01,1.122386194902511014e-01,1.953435735161623554e-01,1.222982963374551479e-01,2.501828604076609675e-01,2.661380195825446271e-01,2.793526270683631130e-01,2.695896078782228367e-01,8.863628515550198150e-02,5.366819547385174305e-01,4.592668631827442338e-01,2.938590295370571148e-01,1.356180681778941521e-01,6.085092089443068508e-02,2.272648791865615817e-02,7.123079965719560092e-02,-6.192296946466634838e-02,4.279027716301102569e-01,4.009273298613399983e-01,-3.671381796835023748e-01,-2.291123186699691450e-01,-1.186991640218616334e-01,1.807885129132409674e-02,5.116481294871432633e-02,6.490210297316896526e-02,4.060756743860442081e-02,-3.408109898320195452e-02,1.983195677901986864e-01,-1.051015699311565882e-02,3.712003490828726382e-01,3.172290605213012871e-01,4.923135844093059488e-01,5.184367240204803551e-01,-4.232158945719496912e-02,-2.903007072695252405e-02,-1.141472740457512014e-01,-1.670653494438846254e-01,-2.096208118688176747e-01,-2.304873033662011295e-01,-3.674630904507626972e-01,-3.364521627755855393e-01,-1.784811755805229203e-02,3.984159422883135765e-02,-6.606518934292683609e-02,-1.156352711827693669e-01,4.133743945201523440e-02,-3.633663894722632959e-02,-6.854047571959101526e-02,-5.687037159118377150e-02,-5.579832302094810820e-02,-1.638947226329387219e-01,2.102659245516388248e-02,1.103817623034446804e-01,-3.972607040047214100e-01,-4.301269192494718285e-01,5.259332159259643147e-01,6.357718906667420011e-01,4.727561536843625234e-01,3.613196086002467555e-01,5.375578011546103818e-01,3.606258377831981776e-01,4.529758373123130011e-02,1.367277875617252114e-01,-8.950114425096296344e-02,-6.671658049468057183e-02,-2.925609560852490340e-02,-6.257749985088635614e-02,3.795742570216826817e-01,2.509472640002008981e-01,1.594260223701848139e-02,6.760969270033809209e-02,-1.800664889859958720e-02,-2.280653839754637462e-03,4.364634640196641407e-02,-6.523643144382811065e-02,2.373637964645941567e-01,1.735431597650596847e-01,-7.872729156267951889e-02,1.384716323077454271e-02,-2.349716998012864669e-02,-3.705285529070880823e-01,-3.220995827957394142e-01,-2.273527777516174964e-01,-3.679261275345394044e-01,-5.099042847411230373e-01,-3.470988764679845406e-01,-3.341668000841314656e-01,-4.532191279834499320e-01,-3.780109182574737381e-01,-3.751102656106282129e-01,-4.600657983544133023e-01,-1.926658065164228995e-01,-3.091188482776590085e-01,5.361812468411453203e-02,-7.902394921974327524e-02,-4.538234306182094280e-02,-1.459147572273025439e-01,-1.907822658366530866e-01,-1.988155668358713990e-01,1.249729241027283146e-02,3.314560711224960599e-02,-1.203896417819550532e-03,5.396971894433823247e-02,-6.894386734850839471e-02,-3.566437188627181176e-01,-3.029392652307807965e-01,-9.411111006469961848e-02,8.825957701954800783e-02,-2.096835965581433370e-01,1.109687991486396075e-01,2.074311958285852409e-01,1.045898747131524531e-01,-7.337018794596750215e-02,1.383931514460883493e-02,-1.233044209838988631e-01
7.040361137533001079e-01,0.000000000000000000e+00,2.040266960499012849e-01,1.446653419097218840e-01,2.644726556981814580e-01,2.659025769975733589e-01,1.781751002200603340e-01,1.975881261595547334e-01,2.265177413835861853e-01,6.821399533509758806e-02,3.957460233747398526e-01,4.349550618586151551e-01,3.562120741236042276e-01,2.836188467080417719e-01,6.266696803317542419e-02,2.116314915444719724e-02,2.209769925505966071e-01,2.036170259520513337e-01,6.103723446000458575e-01,6.901041911919358895e-01,-2.536297398516397794e-01,-1.663653001579034896e-01,3.561461501998122725e-02,4.549849473707341663e-02,1.356086504744953014e-01,2.068378805144577559e-01,1.257671504226979264e-01,4.686092249544026450e-02,1.316328100229477993e-01,1.883572072114494123e-01,3.322189050978028302e-01,4.470725068984677253e-01,5.752819817359339227e-01,6.783399100295401940e-01,-4.628801220534360834e-03,1.042853689699230028e-02,-1.206125274290611449e-01,-7.732405375625099608e-02,-1.426044344826070676e-01,-2.668349296340594493e-02,-2.449010984181397566e-01,-1.685941566289644589e-01,-9.332002297919629596e-02,5.074572514746553825e-03,-2.324760084005914329e-01,-2.472633723540177408e-01,-7.200462095313436839e-02,-1.155426637660140199e-01,-2.875287632357972911e-01,-2.796430062564942975e-01,-3.212190275279470097e-01,-3.667599019303152685e-01,-2.241617459166407589e-01,-7.169854559267177518e-02,-4.143946457216943213e-01,-5.426794621863512136e-01,5.972848761101118287e-01,7.806491309029379710e-01,1.253276575974182905e-01,7.989351716690368255e-02,6.494134340399750072e-02,1.824350413908064350e-01,-2.127145274353396329e-02,2.408452074877020510e-01,-7.178487454049455041e-02,-4.869266580651642612e-02,-1.203770848440899183e-01,-9.938973281975457819e-02,5.650151154139551046e-01,4.772421197366810142e-01,1.553607137363482472e-02,4.853256484873598453e-02,-7.804764730072924483e-02,1.547454237809567645e-01,2.040926199736932123e-01,1.077087041554046637e-01,2.127365020766036063e-01,2.060169707015247209e-01,1.651927960847467680e-01,4.097187559841656834e-01,8.211609516903208006e-02,-4.671808732722438490e-02,-8.909775262204558399e-02,-8.291346072346797436e-02,-2.857645134657462171e-01,-3.728092067468427029e-01,-7.123550850889502628e-02,-2.039089747574156578e-02,-3.516366398889966827e-01,-4.040492985380584878e-01,-5.396893413572165787e-01,-3.801973950632398513e-01,-2.589523118892226861e-01,-1.131223139925097848e-01,-7.597104370128300588e-02,-9.866143042357690407e-02,-1.261297320035536240e-01,-2.436375565454608205e-01,-4.517295612291986617e-01,-3.997940662190118122e-01,-1.299282057077560948e-01,1.257828465950293351e-01,-2.167594310451453343e-01,-8.253518297028086814e-02,-2.078188912851711978e-01,-4.866723800733953054e-01,-2.656796913504672619e-01,-2.495691400695026346e-02,1.375926466571861760e-02,-2.387356419263598484e-01,-2.373261256509987503e-03,-1.430533450112855542e-01,-1.589472891140766286e-01,-2.532043735814584196e-01,-1.663276293443080867e-01,-9.108488803920275489e-02
1.122386194902511014e-01,2.040266960499012849e-01,0.000000000000000000e+00,8.137131179190643104e-01,4.068887361128115110e-01,4.329176986899974655e-01,7.522076666384135413e-01,6.853498205927502918e-01,3.268100041123971344e-01,3.792305108476247133e-01,1.977042778348072072e-01,4.400845709765216496e-01,4.460365595245943116e-01,3.431481498921672979e-01,1.684748657192456922e-01,3.190733607702425645e-01,-3.799603828610355061e-01,-1.033828390608666215e-01,5.585734062891423157e-01,4.474602023550536822e-01,6.597886039510404699e-02,1.738398174221234271e-01,7.694970004614675174e-01,8.263077265977918362e-01,3.918580814882482999e-01,3.748434306809941274e-01,3.156735698432580062e-01,3.570471104916355110e-01,-3.353393041572881872e-01,6.491779914550037389e-02,4.115740435537389996e-01,5.992861380823671924e-01,-1.207035652285833559e-02,1.029041058047584500e-01,-2.154880410863007079e-01,-4.389403200135614802e-01,-2.630458736332557668e-01,-2.421291543844118210e-01,-2.285048768007433631e-02,7.439357838197577233e-02,1.784026947188658424e-02,-5.689548546691403780e-02,-4.677522139451073535e-01,-5.091241849762516702e-01,-5.518130648660017901e-01,-5.527155947750581610e-01,-4.152469478792901736e-01,-6.196519216823784815e-01,-5.492953988240427687e-01,-4.116650813532611863e-01,-3.780909687363639415e-01,-3.502035793551384613e-01,-1.677167405956383472e-01,-2.355085088950208683e-01,-4.504801459116179740e-02,-3.242625153430084284e-01,-2.655321473305519708e-01,-7.617038508989197598e-02,-4.386938901079582842e-01,-1.905013043519207527e-01,-2.782287811294337776e-01,4.380801697697999340e-03,-3.333097890748362158e-01,3.374834012977595554e-02,-1.692094465843559381e-01,-2.742121306298245936e-02,-5.993034038719318168e-01,-5.786488107010224757e-01,-1.423156249117090433e-01,-2.081061312388360895e-01,2.911294651686239798e-01,3.066906504179890969e-01,5.260415195150510564e-02,1.909015567463718255e-01,-1.600366034738768539e-01,-4.723606101416108483e-02,-1.719484286561878961e-01,-1.386898091031520952e-01,-2.904529601411399709e-01,-1.133938577738432679e-01,-3.507152745731426102e-01,-1.702877736235241801e-01,-2.476228147004071525e-02,-2.706318337210287805e-01,-1.656652508719223815e-01,-5.196845697208278547e-02,1.805059818112754975e-03,-1.427143076889269835e-01,3.020728365180867098e-02,1.439652926237407760e-01,-1.634976094729539142e-01,-1.407177545683709619e-01,1.159319288398331232e-01,9.469500767542826658e-02,-1.046824821299078001e-01,-9.182103852154613333e-02,-9.038169951875535402e-02,-1.928902617807621567e-01,-8.943678994440415475e-03,-6.417066134252501219e-02,-1.064435926654925951e-01,9.452862824871527403e-02,-2.089505853102662514e-01,1.428665605605416999e-02,-9.135800143776938442e-02,-7.381438962294654960e-02,5.507629909370301280e-02,-1.350734109979940256e-01,-2.230787100257731193e-01,-1.021020313986231304e-01,-2.818859892826535152e-01,-7.209879798712286181e-02,-7.263560708085725626e-02,-3.057457408436378699e-02,-8.542327867926127749e-02,8.727699663160141952e-02
1.953435735161623554e-01,1.446653419097218840e-01,8.137131179190643104e-01,0.000000000000000000e+00,3.467425733560614010e-01,5.026134126931806057e-01,7.906271876540187371e-01,8.904658310024516910e-01,2.964284929477097874e-01,5.550276409594756544e-01,2.254504016650499543e-01,5.512071926140091893e-01,3.294234168055777956e-01,3.938467865226386033e-01,8.874458874458875102e-02,4.960335772518513764e-01,-4.344512147267767244e-01,-3.085051279395006896e-01,4.250256632417618863e-01,3.829960225899312065e-01,1.564939773786764299e-01,2.215750167164235451e-01,7.649419712508908065e-01,8.739204957479068669e-01,3.914295759836006194e-01,4.332426094572577324e-01,3.139281554800046337e-01,4.294425661358221014e-01,-3.221764940401633526e-01,-5.336698592681188866e-05,4.140603172510351482e-01,5.449820906673698007e-01,-7.359778244477302445e-02,6.278782856012732339e-02,-3.955906312686588433e-01,-4.967179303655010481e-01,-3.106963135969662559e-01,-2.479869658984960035e-01,-6.001431490916624839e-02,3.996873322471582168e-02,4.992167610006623818e-02,-1.539778809539505688e-01,-5.144859974446631679e-01,-5.381621037893699055e-01,-5.209590989141388295e-01,-5.330843920401571179e-01,-4.307375003531638824e-01,-5.935146555161058268e-01,-4.606873667787373394e-01,-3.670502811184464531e-01,-3.177250595669739996e-01,-2.779101488311060408e-01,-1.410065641392689861e-01,-2.864865373929913472e-01,3.209867241774420898e-02,-2.343909414250240908e-01,-3.689667837601122713e-01,-1.184747087575223901e-01,-3.651981327833394575e-01,-1.426185610377053437e-01,-6.085876898059638940e-02,5.727062398563486506e-02,-3.294296952745103813e-01,1.132007948541668627e-02,-3.683938734700156203e-01,-1.190303532580544860e-01,-6.869853617496837206e-01,-6.391041880527014163e-01,-2.815312557879635635e-01,-3.364144919619901364e-01,3.228781129433776487e-01,2.898643536787118835e-01,2.746830157997670607e-02,1.337031351534614665e-01,-3.446377166464186237e-01,-6.767247738966375437e-02,-2.197291468502491074e-01,-2.102423802931417118e-01,-3.510354764887034795e-01,-2.942891046589378723e-01,-3.678193935626857813e-01,-3.548402286618385082e-01,-1.623094092274657840e-01,-4.220496689677255553e-01,-2.864237527036656572e-01,-1.696787621370652588e-01,-1.158754226194400189e-01,-3.193401956998766500e-01,-1.709941013784378391e-02,2.793777409440934001e-01,2.119768073357631080e-02,-9.989514956882614150e-02,2.197307164674822400e-01,-6.041613692085048143e-02,-8.644196026357012230e-02,-1.382314808710747855e-01,1.533829960225899236e-02,-1.022087653704767535e-01,2.329939820875281398e-01,6.037375725555566008e-02,4.125738897312501707e-02,-1.164028140097755765e-01,1.695186611792848241e-02,8.364490235411192742e-02,7.750142050359599966e-02,-4.812132513365290770e-02,6.452853407168128441e-02,-7.097024319649410107e-02,-1.359571055002526951e-01,-1.357577641116437250e-01,-2.823239124906999908e-01,1.833626851755930931e-01,1.193223020634188170e-01,1.758536363322440177e-01,7.414243962467312321e-02,1.331255160116653902e-01
1.222982963374551479e-01,2.644726556981814580e-01,4.068887361128115110e-01,3.467425733560614010e-01,0.000000000000000000e+00,7.838009223070862008e-01,4.895604757823757147e-01,4.154070488370705805e-01,6.622419156864407519e-01,6.536435524832914234e-01,3.060439681179347726e-01,4.288775039318911686e-01,4.342518733381677820e-01,4.728110902875224952e-01,4.093750098101077151e-01,5.774496231349023345e-01,-2.171251518604673178e-02,6.870842476353716810e-02,2.287183447444506301e-01,3.687956954816998256e-01,2.449654527246985514e-01,2.526518683153926026e-01,4.177190950214880738e-01,3.986608025766836261e-01,6.484904991068878299e-01,7.004668041651362920e-01,8.024401269506418188e-01,7.111496190538975082e-01,1.131521367199394695e-01,1.889426744394112068e-01,4.776878910308932080e-01,6.103535091932481560e-01,2.688691535682108391e-01,3.671680024109320595e-01,-1.242885709890785978e-01,-2.319674524170535768e-01,-3.959940228975761811e-01,-2.191075784259250425e-01,-2.585190975328756080e-01,6.199988070909027982e-02,-1.784026947188658424e-02,-3.141902815579392799e-02,-4.561417552715594792e-01,-3.867882178252011194e-01,-3.119975262832405671e-01,-3.257458036283271685e-01,-3.754822648948827335e-01,-4.301080838426741271e-01,-3.774756787809724901e-01,-3.503495537578206198e-01,-4.639474617719722693e-01,-4.381429544591255998e-01,-4.222725546148316522e-01,-4.098129330181541907e-01,-1.681939042345133584e-01,-4.505539179215756196e-01,6.294165104897519710e-04,6.664908695365548419e-02,-2.572461379567978490e-01,-2.540315618633239847e-01,-1.176020015758957038e-01,7.555666475173364316e-02,-2.194889954135784416e-01,9.399966724114657002e-02,-7.018700419715648287e-02,-2.471990180474589391e-02,-3.037538965747813013e-01,-3.310197175316827445e-01,1.059774163472495534e-01,5.411569334702039796e-02,3.788224103670079224e-01,3.652923098173279648e-01,2.047738338528766466e-01,3.268413964570600072e-01,-7.372021258895805618e-02,2.364785323451023061e-02,-2.533833099460365557e-02,-2.047565680633120846e-02,-1.858301234660915680e-01,5.406389597832672589e-02,-4.043632219846868270e-01,-3.043016929891476652e-01,-2.148382195517800908e-01,-4.268652546390037106e-01,-4.885229587912691684e-01,-3.614294818065666437e-01,-1.486270558061711031e-02,-2.079130683191596773e-01,-1.348144241545256861e-01,1.377653045528317438e-02,-1.569444575245880491e-01,-1.615324486970607376e-01,5.271402515782501463e-02,8.180060210517063612e-02,-2.133612097353939363e-01,-1.539778809539505688e-01,-1.201698953693152438e-01,-2.000288809570898163e-01,-1.922027694326461644e-01,-2.208325877651475810e-01,-2.879619775921443692e-02,2.084137762165318430e-01,-7.225575971043701751e-02,9.394316102075347952e-02,-2.995614489450602533e-02,-3.680595449993564472e-01,-9.644042203868165297e-02,1.228460927518215395e-01,-9.380032585253759991e-02,-2.503978979686014017e-01,-2.261347547786996537e-01,-1.426719280236321552e-01,-1.464594144072026705e-01,-1.886836875959428672e-02,-1.091967012924228292e-01,8.043503511233750236e-02
2.501828604076609675e-01,2.659025769975733589e-01,4.329176986899974655e-01,5.026134126931806057e-01,7.838009223070862008e-01,0.000000000000000000e+00,4.879610358218045008e-01,5.032836392517320290e-01,7.712125920972912052e-01,6.444032158317872794e-01,3.372840599091505576e-01,5.092466151204367852e-01,3.323005251939262217e-01,3.199429287174029857e-01,5.383677236469114336e-01,6.429340541015667876e-01,-6.808214748751369172e-02,-1.396190225051718858e-01,2.112846061359476835e-01,2.482757754693940278e-01,1.149430699829539632e-01,2.617446609469814556e-01,3.240678828060988836e-01,4.305522855196531884e-01,6.048881019874493559e-01,6.010237043594549577e-01,7.267092346860294372e-01,7.346358017133941543e-01,1.129716307381282009e-01,2.458664130165217898e-01,6.256243152544820330e-01,6.701590650104065627e-01,2.580843135592954529e-01,2.926833862294340727e-01,-1.656197319721612604e-01,-1.834270394821518879e-01,-3.449343743034823384e-01,-2.750455973806227861e-01,-1.490932321244141379e-01,5.492247660485514299e-02,-5.801462255414394781e-02,-2.027600149427560561e-01,-3.875196594558451002e-01,-3.455794869863035301e-01,-2.844476046071405251e-01,-3.621467968821123207e-01,-2.470200816828808099e-01,-4.092604277520883738e-01,-3.064018408470910448e-01,-2.726409437794499180e-01,-2.860187914575151868e-01,-2.674282449481869550e-01,-2.214761308307356125e-01,-2.892459244888541670e-01,-1.356055112400290086e-01,-3.712113364035046215e-01,-7.000021974641264244e-02,6.203441228821939685e-02,-1.764704959048686295e-01,-8.171113392288156807e-02,-1.865647043312018000e-02,1.779208222282914198e-01,-3.564914659911034289e-01,-6.500883694502258836e-02,-2.596916016060323296e-01,6.082266778423413983e-02,-3.276481797148947384e-01,-2.879164586923832481e-01,3.409679515553337009e-02,5.390065578608000361e-03,3.771209452862824829e-01,3.665480036038411549e-01,1.756213329817390700e-01,2.591657798329299323e-01,-1.276538303369340321e-01,-3.859060929401755824e-02,-1.047405579675340405e-02,-6.950422070073991598e-02,-3.081770779377741021e-01,-9.687991486396127505e-02,-3.866673572982492479e-01,-4.471761016358550833e-01,-2.685819136145459751e-01,-4.461244580896502332e-01,-6.034927122671864819e-01,-4.274664180392969137e-01,-2.639672389491098947e-01,-3.611202672116377577e-01,-3.135122069132221245e-01,5.023402992946140316e-02,-1.016688170422760662e-01,-2.040737845668955108e-01,4.122756624569532541e-02,-1.039651670543621231e-01,-8.510935523263296609e-02,-8.205331047970641778e-02,1.530219840589673759e-02,-1.305623310699452755e-01,-2.746830157997670607e-02,-1.489394096355662611e-01,-2.198719820184649731e-02,6.790164150570242307e-02,3.916822843581364150e-02,1.547564111015887756e-01,4.663332799663474221e-02,-2.943189273863675570e-01,-1.691498011294965687e-01,-7.375317455085403373e-02,-2.013034101504007287e-02,-1.389299605398227611e-01,-6.432291421413974253e-02,1.299595980524189398e-01,2.909128579904504339e-02,1.022134742221761788e-01,1.142053498833774453e-02,2.107995944109069403e-02
2.661380195825446271e-01,1.781751002200603340e-01,7.522076666384135413e-01,7.906271876540187371e-01,4.895604757823757147e-01,4.879610358218045008e-01,0.000000000000000000e+00,8.531623078396102233e-01,4.400798621248222520e-01,5.284398946472913527e-01,3.168790358783107330e-01,5.233354994051150344e-01,4.603985572078392874e-01,3.585099937529234171e-01,5.165610314268762743e-02,3.683012660532602456e-01,-4.531061155426637788e-01,-2.874235988811768561e-01,4.334215458218358963e-01,4.138358619866959187e-01,1.033624340368357736e-01,1.827379775168027631e-01,6.702689382167265064e-01,7.177027710022634288e-01,5.181259398083183365e-01,5.124878747068739582e-01,2.827147471817522684e-01,3.509303121340829890e-01,-2.844193514969439729e-01,-1.332275411318195879e-01,5.135928852390055921e-01,5.910079767947787888e-01,1.323187327538306590e-01,2.671362961428226379e-01,-3.766139589199777871e-01,-4.783392821826469299e-01,-3.205205478591990342e-01,-3.199225236933721517e-01,-1.624271305199514182e-01,-4.969251198402757641e-02,-1.793915535757450302e-02,-1.759525222179319226e-01,-4.858922803085239384e-01,-5.104991696724836547e-01,-4.430009197956986111e-01,-4.423856298403071596e-01,-4.430040590301649317e-01,-5.628176512875570081e-01,-4.366172865085120591e-01,-3.170815165013859960e-01,-3.736238380908431522e-01,-3.836945022586791820e-01,-2.522359197486100935e-01,-2.772414918897877500e-01,-8.930494209682027229e-02,-3.726820677509582458e-01,-2.734069169892229811e-01,-2.225403313148055853e-02,-2.438588725753337849e-01,-6.585643025091901526e-02,4.744325048893576618e-02,1.877168033803276737e-01,-3.369528706729577050e-01,1.059303278302553136e-01,-2.457659575136007246e-01,-7.249120229540824412e-02,-5.270068341134330758e-01,-5.681778941387353177e-01,-1.216060951376397303e-01,-2.299850258515958312e-01,4.725364072717226915e-01,4.631328304279718200e-01,1.046934694505397972e-01,1.790085669708584848e-01,-2.376180744563630709e-01,-1.348034368338936750e-01,-1.622544726243058399e-01,-1.511698357238603907e-01,-4.109807282396115147e-01,-2.536360183205723651e-01,-5.325711272049198364e-01,-4.659832553233568264e-01,-2.888645075012007402e-01,-5.052299646208275874e-01,-3.852060436541944743e-01,-3.311609830826654499e-01,-1.417128918941826798e-01,-3.583263485366458556e-01,-6.273760080866679426e-03,1.380195825446006719e-01,-8.721735117674203619e-02,-1.534175276017190337e-01,1.867718938059764744e-01,2.495691400695026498e-04,-1.432856483617905019e-01,-2.030959130306483340e-01,-1.017818294830622611e-01,-1.675676269584898959e-01,9.159344402274061103e-02,-3.859688776295013002e-02,-5.058876342415138255e-03,1.007521605781214191e-01,-9.066109138625454145e-02,9.632270074619603273e-02,-4.224467821277103075e-02,-1.351267779839208372e-01,4.629742990874245734e-02,-2.385818194375119786e-02,-1.154139551528964164e-01,-1.799628942486085348e-01,-3.053784504110827469e-01,4.777130049066234674e-02,1.068595412322750904e-02,1.129057068143362597e-01,-1.049022285425476181e-01,8.237037316080100813e-02
2.793526270683631130e-01,1.975881261595547334e-01,6.853498205927502918e-01,8.904658310024516910e-01,4.154070488370705805e-01,5.032836392517320290e-01,8.531623078396102233e-01,0.000000000000000000e+00,3.620369236757924325e-01,6.469946538837039185e-01,3.890531754926243591e-01,6.977152651554392460e-01,4.717704340619496284e-01,5.542192880844077907e-01,2.504638218923933152e-02,5.160414881227064487e-01,-3.849658922175238085e-01,-2.475882831212780355e-01,4.305742601609171549e-01,4.694050208916053513e-01,1.623439408065948941e-01,1.910224172733237247e-01,7.220945600205933568e-01,8.090654812917321692e-01,4.993486088482462781e-01,5.734329726352931367e-01,3.147302298861399672e-01,4.228030852396334471e-01,-2.801374356849338776e-01,-4.702730192215326399e-02,4.044369939946444448e-01,6.213298425046068774e-01,2.767078220305196207e-02,2.275568279919258918e-01,-4.587347629407093064e-01,-5.147795158672605620e-01,-3.994707250689846778e-01,-2.991423611438114860e-01,-2.265585514316478810e-01,-6.165613453503228369e-02,6.069081993665025043e-02,-1.647878348385962699e-01,-5.739258324464996397e-01,-5.849288492508216697e-01,-5.571811558033458178e-01,-5.186705969882184908e-01,-5.109747636941255333e-01,-6.404258057630066725e-01,-4.761794888698441808e-01,-4.066611416140060165e-01,-4.115504992952418450e-01,-3.936380274306307547e-01,-1.927725404882765226e-01,-3.116161092955871958e-01,2.296350012086052599e-03,-3.282807354598507588e-01,-3.050959193091172805e-01,-5.119777491061029695e-02,-2.834869988604578617e-01,-1.103880407723772522e-01,8.995005477964143625e-02,1.821399533509758251e-01,-2.367014179922084238e-01,1.694668638105911451e-01,-3.922190934518708372e-01,-1.409971464358701354e-01,-6.507476086881452959e-01,-6.462773388081582970e-01,-1.910428222973545587e-01,-2.609033461100175866e-01,3.643960583772041240e-01,3.878100386439762848e-01,2.484704080063035794e-02,1.855271873400952398e-01,-3.537242308090748910e-01,-1.004052751695971440e-01,-2.427287481674718916e-01,-2.181579599998744179e-01,-3.494846946623596518e-01,-2.468097529736398565e-01,-3.972905267321510947e-01,-3.932032434570505441e-01,-2.517681738131339331e-01,-5.021488059921707103e-01,-3.085836088011577605e-01,-2.851272488690907991e-01,-1.429089402258365282e-01,-3.589636131333013291e-01,9.741044548876311507e-03,2.238164301253496302e-01,6.969100515148375554e-04,-1.408966909329490980e-01,2.777892883041541694e-01,-6.057937711309720197e-02,-2.095831410552222718e-01,-2.889681022385880982e-01,-6.690022571095811943e-02,-1.816643593293339465e-01,1.864972107901766984e-01,-2.258993121937284340e-02,1.331851614665247596e-01,-5.015868830227061120e-02,1.349086011885141691e-02,9.662877610665862593e-02,1.071954393201673822e-01,-1.267983889448719148e-01,9.659895337922894121e-02,-4.537920382735466385e-02,-1.341269318064096938e-01,-2.527680199906450764e-01,-3.922834477584296042e-01,1.323925047637883046e-01,4.080690882721339785e-02,1.586333656674483450e-01,3.836772364691146131e-02,1.748679167098311504e-01
2.695896078782228367e-01,2.265177413835861853e-01,3.268100041123971344e-01,2.964284929477097874e-01,6.622419156864407519e-01,7.712125920972912052e-01,4.400798621248222520e-01,3.620369236757924325e-01,0.000000000000000000e+00,4.922492301027471262e-01,4.650085230215759702e-01,5.935758705881983843e-01,5.135662017460421724e-01,2.751507617352432211e-01,6.723110102370436492e-01,4.736225823970566795e-01,-7.556451283789934747e-02,-2.844146426452445406e-02,1.523266436246856759e-01,5.802090102307651265e-02,-1.514492275913595642e-01,-6.283177784265529288e-03,1.089989295210469916e-01,2.789131342430835048e-01,5.659019491506801502e-01,4.358905537295675314e-01,4.720152943503197474e-01,3.512128432360484553e-01,9.034559832239309751e-02,2.397339184866378592e-01,6.474686782881126090e-01,5.711476099438390630e-01,3.841308558494925252e-01,3.109176296268392203e-01,-1.642635826827269774e-01,-1.873432344788399928e-01,-3.350222414761936385e-01,-2.969951247688738527e-01,-2.006080697161190252e-01,-5.567118402506365110e-02,-1.795846164954214286e-01,-2.447661113360895813e-01,-3.213100653274692520e-01,-3.160879487928073828e-01,-2.408891567702300118e-01,-3.684519493076418573e-01,-2.038273546612922871e-01,-3.200779157994531610e-01,-2.735309167506411732e-01,-2.073684111392595786e-01,-2.672273339423448246e-01,-2.840347952748242810e-01,-1.580730123152168098e-01,-2.449905666004288107e-01,-2.177765430122210466e-01,-3.655936763260911326e-01,-4.219131122684421920e-02,1.087980185152048890e-01,-1.106203441228821999e-01,2.195894509164994859e-02,-2.827037598611202573e-02,1.810726136324395941e-01,-3.202521433123318717e-01,-1.035476488703464780e-02,-2.543407764582528707e-01,1.136245915071150761e-02,-1.983368335797632276e-01,-2.292159134073564752e-01,1.267450219589451033e-01,7.263089822915783089e-02,3.839095398196195608e-01,4.525096609940699732e-01,1.667686917868208551e-01,2.664079937466449222e-01,-8.899572750189138626e-02,-1.085531582268347978e-01,-6.830346351738665611e-02,-7.068300324282920932e-02,-4.637245761248661724e-01,-1.899048498033269472e-01,-5.350636793711485151e-01,-5.341988202756875470e-01,-3.527196757798642945e-01,-4.179011706205325027e-01,-5.501335744265403171e-01,-4.821942621072425328e-01,-3.655826890054591494e-01,-3.765464653789526994e-01,-2.924981713959233787e-01,-1.391575550386282834e-01,-8.234055043337132340e-02,-8.783734998383294079e-02,5.004096700978499096e-02,8.651730189076091426e-02,-6.919500610581104383e-02,-3.714813105676049998e-02,-1.186473666531679544e-02,-9.051982583527180826e-02,1.408731466744519642e-02,-5.875862112265303056e-02,-9.791429262060154237e-02,1.853890610235787995e-01,-6.651253025437216249e-02,2.511010864890487748e-01,-9.003324449299793600e-03,-2.409032833253282879e-01,-1.223328279165842580e-01,-2.103914939302901563e-02,-4.158857820931787658e-02,-4.228391864359957314e-02,3.894220355424126562e-02,1.247720130968861946e-01,2.261347547786996676e-02,1.461329340227092155e-01,-3.580767793965763252e-02,-6.804761590838458163e-02
8.863628515550198150e-02,6.821399533509758806e-02,3.792305108476247133e-01,5.550276409594756544e-01,6.536435524832914234e-01,6.444032158317872794e-01,5.284398946472913527e-01,6.469946538837039185e-01,4.922492301027471262e-01,0.000000000000000000e+00,3.771790211239087198e-01,6.201290853212535481e-01,5.348580595136069871e-01,6.689096496928259583e-01,3.100182389522491144e-01,8.205393832659967357e-01,-2.820555079438328283e-01,-2.088579778935108766e-01,1.779066956731931437e-01,3.229047964363410128e-01,3.685947844758576952e-01,2.273151069380220934e-01,5.557182725420578562e-01,5.056066727567815056e-01,4.489827310712009578e-01,5.934926808748418603e-01,5.730719606716706549e-01,5.978232548210793418e-01,1.021632464707156462e-01,1.311886083459687657e-01,2.732389679452768561e-01,5.219667931778156911e-01,-1.279975765109920283e-01,9.598994189277003375e-02,-3.541323312896916820e-01,-4.575198792022577288e-01,-4.877946563950915082e-01,-1.283036518714546215e-01,-4.369484757447049117e-01,-5.427108545310140725e-02,-2.127616159523338518e-02,-1.092453594266502067e-03,-6.174732929627780864e-01,-6.139777553845718883e-01,-4.021437832170247084e-01,-4.641122715814521293e-01,-4.203890139350617838e-01,-4.867383039971872605e-01,-3.820872142119422499e-01,-4.053112707935043191e-01,-4.240163993608518367e-01,-4.153317072098797746e-01,-3.050613877299881427e-01,-4.535283425783788180e-01,-1.071687558272039764e-01,-3.422628857726754958e-01,-3.744274821142116183e-01,-1.533202113332642613e-01,-2.690072798847273350e-01,-2.096019764620199732e-01,6.936138553252403638e-03,1.391936562349905260e-01,-2.380073395301821604e-01,1.353025751140326804e-01,-2.635481511478610650e-01,-1.516752524729319540e-01,-4.681697321291229952e-01,-5.066190758721578202e-01,-2.209534482920994802e-01,-2.604481571124065420e-01,5.205714034575528171e-01,4.643241699079262430e-01,2.991768927229405683e-01,3.468257630694178695e-01,-2.949059642315625118e-01,6.974594175464371437e-02,-1.894480911884827701e-01,-1.187289867492913181e-01,-4.643257395251593755e-01,-2.975821616140688075e-01,-5.275185293314372803e-01,-4.393264458529143046e-01,-3.304216933658558064e-01,-5.534595933435672022e-01,-4.172215263585821732e-01,-2.538400685608807605e-01,-1.734960712480654588e-01,-3.175461232023958913e-01,-8.113351478108547787e-02,1.825056741662978155e-01,1.781515559615632072e-01,1.211116657092001572e-02,3.091486710050886932e-01,1.507758617983418481e-01,-1.444989624830088915e-01,-1.724428580846274761e-01,3.931263322126266058e-02,-6.183036204791099444e-02,2.430081400349710652e-01,1.169317750173442666e-01,2.176572521025022799e-01,1.165487884124577350e-01,1.809015253540271762e-01,2.993668164081507155e-01,1.910961892832813702e-01,-1.647030755080066133e-01,-1.050152409833337991e-01,1.542572728214497702e-01,-4.582340550433371129e-02,-2.344176249179875104e-01,-2.720586157859544163e-01,1.708936458755168086e-01,9.753287563294814333e-02,2.475207895802529479e-01,1.671783618846708064e-01,1.488075617879823787e-01
5.366819547385174305e-01,3.957460233747398526e-01,1.977042778348072072e-01,2.254504016650499543e-01,3.060439681179347726e-01,3.372840599091505576e-01,3.168790358783107330e-01,3.890531754926243591e-01,4.650085230215759702e-01,3.771790211239087198e-01,0.000000000000000000e+00,6.510944940966696404e-01,6.273869954073000299e-01,4.770521960514708670e-01,3.176920976050780498e-01,3.515864121375361639e-01,1.892220663069104081e-01,6.837566591011115524e-02,4.629005270774668723e-01,3.635767181815042770e-01,-2.382082505360242908e-01,-3.029078728861179792e-01,2.100461781389990346e-01,2.424022677829784367e-01,3.455151326797447076e-01,3.187829815821113799e-01,1.869571086394871684e-01,1.053338732816615358e-01,2.288407748886356619e-01,1.723125798542767262e-01,4.471227346499282440e-01,4.566612985757293464e-01,4.169703876012795796e-01,4.531045459254306462e-01,-1.769052798784488401e-01,-1.807288674583815979e-01,-4.604221014663364420e-01,-2.619612681251550224e-01,-3.004498522990183829e-01,-2.224540023669827893e-01,-2.788126787401624118e-01,-2.952826723675164300e-01,-4.006918872763687856e-01,-4.131593569592119097e-01,-2.993071709532913460e-01,-3.762246938461586976e-01,-2.235025066787213188e-01,-2.217209911191057037e-01,-3.274755218192491601e-01,-4.797597857786400355e-01,-4.415945427548038094e-01,-5.696800178308517593e-01,-2.109722523065525324e-01,-3.390828412583307694e-01,-2.366920002888095731e-01,-3.893482635324549967e-01,2.400666773400638443e-01,2.464612979478824351e-01,3.193386260826434897e-02,-1.241049257728010502e-01,2.236390633780046266e-01,5.315665721757092260e-02,1.903616084181711521e-01,2.421887998392711905e-01,-1.276271468439706402e-01,-2.219281805938803642e-01,-2.275709545470241679e-01,-2.960486455772895487e-01,2.342041569742802642e-01,1.314821267685662154e-01,2.248115674511613482e-01,2.271455882768428081e-01,1.613958919977774298e-01,1.382518858951056195e-01,-5.703518140066363151e-02,-9.747323017808877388e-02,3.090105446885722459e-02,5.369660554577160988e-02,-1.504792041412781056e-01,3.020414441734238856e-02,-2.110679989577741444e-01,-4.132048758589730308e-01,-4.282826190005305511e-01,-5.263130632963844979e-01,-3.137209660052299731e-01,-5.178999149267459190e-01,-3.174378196133090801e-01,-4.489152375301758702e-01,-1.969963804626603809e-01,-5.213483639879579190e-02,1.940046900162926274e-02,-6.378139626870590884e-02,1.507444694536790308e-01,7.274077143547774682e-02,-1.132902630364559238e-01,-1.595751360073332514e-01,1.442070136776445743e-01,-1.109248498661116467e-01,-3.998913824874666262e-02,-1.388781631711290820e-01,-2.196522356058251690e-02,7.007870060806971335e-02,-2.015388527353719622e-03,4.776973087342920726e-02,8.727856624883456593e-02,-4.322003836144517885e-01,-3.620557590825901340e-01,-2.480623075256867954e-02,6.172676731052365723e-02,-1.227503461005999136e-01,3.688443536159272118e-02,4.457712942121934245e-03,-8.773061601197931769e-02,1.058502773513650963e-01,8.052293367739342400e-02,-5.209402635073411003e-02
4.592668631827442338e-01,4.349550618586151551e-01,4.400845709765216496e-01,5.512071926140091893e-01,4.288775039318911686e-01,5.092466151204367852e-01,5.233354994051150344e-01,6.977152651554392460e-01,5.935758705881983843e-01,6.201290853212535481e-01,6.510944940966696404e-01,0.000000000000000000e+00,7.318513007418011584e-01,7.191248442154896114e-01,2.843408706352869020e-01,5.602670232837020370e-01,-1.975457464942599051e-01,8.330272579728707771e-02,4.618787062586917624e-01,4.743179228313383344e-01,-9.790487491720269164e-02,-6.076930079830732134e-02,4.146928729959912241e-01,5.133511641851018492e-01,4.743242013002709201e-01,4.891037171675315376e-01,2.725514755971608638e-01,2.449528957868334356e-01,-4.781211053872402861e-02,2.404010058107229897e-01,4.686986931366917131e-01,6.852352385347308950e-01,2.412627256717176927e-01,4.163566672631212051e-01,-3.926648647460830310e-01,-4.211942275756633824e-01,-5.221786915042897492e-01,-2.713193260691447728e-01,-4.963051210331848595e-01,-2.260766789410734168e-01,-1.617930051577622375e-01,-1.977246828588380412e-01,-5.182154079906073907e-01,-5.449852299018361768e-01,-5.288684001519389222e-01,-5.622180575044969375e-01,-3.935312934587771316e-01,-5.116575471905421280e-01,-4.640149553129973570e-01,-4.522804968780313462e-01,-4.470536714916700238e-01,-4.892669573597782651e-01,-1.546889175605636879e-01,-3.000966884215615083e-01,-2.586807681078892029e-01,-4.797597857786400355e-01,-1.080226276020329751e-01,2.371471892864206177e-01,-1.993696417191703762e-01,1.022448665668390134e-02,5.618444886030092567e-02,2.694765954374366279e-01,-1.283664365607802837e-01,3.703825785044059238e-01,-4.207814182433471939e-01,-1.773180892107650564e-01,-5.433826507067985867e-01,-5.526025823342719523e-01,4.318487893542280465e-02,-6.552994986642557418e-02,3.938797484845345531e-01,4.865954688289713670e-01,1.277746908638859313e-01,3.164662265459944890e-01,-2.086319530119385146e-01,3.972701217081202330e-03,-1.875472847191483883e-01,-1.068046046291151463e-01,-4.263880910001286995e-01,-1.257655808054647661e-01,-4.538893545420014108e-01,-3.845577917369070176e-01,-3.841449824045908290e-01,-4.573644870961767195e-01,-4.076876712844805795e-01,-3.863377376792895279e-01,-3.565856430250918807e-01,-3.835814898178930288e-01,-2.114933652279555043e-01,-9.886705028111844595e-02,-5.062172538604736011e-02,-1.348505253508879287e-01,2.463938044068573474e-01,1.293286119246960519e-01,-2.178565934911112500e-01,-2.768098471506738600e-01,-1.094964981839528645e-01,-2.239545564418660983e-01,9.906796128696056247e-02,-4.045060571529027205e-02,1.271028946881013477e-01,1.415370947640708366e-01,-2.160578121419310521e-02,1.949401818872449899e-01,6.233263956251628574e-02,-2.944821675786142845e-01,-7.326345397411387905e-02,-3.419411142398814940e-02,-1.117206458033144084e-01,-2.893275445849775029e-01,-2.544067003820448258e-01,1.133828704532112847e-01,-1.697070152472618040e-02,1.249258355857340574e-01,8.127478033206822494e-02,5.601336058188850081e-02
2.938590295370571148e-01,3.562120741236042276e-01,4.460365595245943116e-01,3.294234168055777956e-01,4.342518733381677820e-01,3.323005251939262217e-01,4.603985572078392874e-01,4.717704340619496284e-01,5.135662017460421724e-01,5.348580595136069871e-01,6.273869954073000299e-01,7.318513007418011584e-01,0.000000000000000000e+00,7.308310495402591256e-01,4.153474033822112110e-01,4.419586939528926672e-01,-1.817412705737578849e-01,9.572781581483538749e-02,5.335160367792709524e-01,4.604786076867294908e-01,7.749200280019714372e-03,-6.458190105760809596e-02,4.339018486951771725e-01,4.422270984997598298e-01,3.220462158098126304e-01,3.233882385441486096e-01,2.607510932384028979e-01,1.665269707329170845e-01,-7.264031593255668162e-02,9.035815526025822719e-02,3.286433170407064286e-01,5.364166894261165330e-01,1.633218123428420709e-01,3.353188991332573532e-01,-1.714335942037174820e-01,-3.682840002636956767e-01,-3.872386979711127664e-01,-1.408935516984828051e-01,-3.593779920828506502e-01,-6.101573070391054510e-02,-1.281152978034776346e-01,-3.012409393845216776e-02,-5.081164907125748087e-01,-5.532006065000988349e-01,-5.554702730192215832e-01,-6.234943446691090241e-01,-4.004391789018330039e-01,-4.813388207151804155e-01,-5.713453817152148728e-01,-5.110297002972854497e-01,-5.140888842846783602e-01,-5.729495305274855399e-01,-1.485297395377163376e-01,-2.684704707909928989e-01,-2.808735861672772560e-01,-4.763050582484955053e-01,-8.849031075281982295e-02,1.139934515569033385e-01,-3.064143977849561606e-01,-2.137473355747467330e-01,-1.160386628116867463e-01,1.154971448662529127e-01,-5.863619097846799189e-02,2.531431585093659176e-01,-1.289785872817054702e-01,-1.092155366992205306e-01,-4.757886541787919588e-01,-5.500629416510489644e-01,1.989960728176826815e-02,-1.036104335596721437e-01,3.539110152598187176e-01,4.228313383498299993e-01,1.003095285183755042e-01,2.873561053401517684e-01,-9.856568377235527811e-02,-3.165290112353201513e-02,-1.132023644714000021e-01,-2.503068601690791595e-02,-3.726820677509582458e-01,-6.560843072808264509e-02,-4.150868469215097112e-01,-2.378754916825982779e-01,-2.276996631601417576e-01,-3.245623122345384637e-01,-1.559916998640711594e-01,-1.825088134007640805e-01,-1.350922464047917271e-01,-1.672458554256958940e-01,1.657515798197451524e-03,-8.369826934003873897e-02,-5.763320556649055570e-02,-7.668992839406182926e-02,2.232654944765169458e-01,3.710339696561596456e-01,-1.305497741320801597e-01,-1.634505209559596883e-01,-1.502547488769388762e-01,-2.166997855902859649e-01,6.539025393267597699e-03,4.237338682588864119e-02,8.728170548330084488e-02,3.408439517939155228e-01,-1.069521486490304513e-01,2.290573820668092009e-01,-8.385366144611974826e-02,-3.024354180989423657e-01,-1.647548728767002924e-01,-4.338422032403177996e-03,-2.634445564104737417e-02,-1.632417618639518675e-01,-1.865851093552326201e-01,1.332605030937155559e-03,-3.728468775604380780e-02,3.955906312686588433e-02,-8.238920856759869918e-03,-9.631171342556403558e-02
