0.000000000000000000e+00,5.305420260065240035e-01,4.132311542070691290e-01,7.920818624603423452e-02,-2.194557397560212564e-01,-2.840475445730372139e-01,3.866973501943786751e-01,2.088207694713794249e-01,-1.759059832879038276e-01,-1.934268734081058261e-01,6.565128021806158065e-01,5.866839447696501342e-01,4.323964430939720160e-01,3.909960230573305551e-01,1.959783725814379651e-01,2.980472764645426473e-03,3.442959917780061829e-01,3.284060949997765766e-01,6.877608472228428083e-01,6.339470038875731905e-01,-2.260154609231869172e-01,-1.267393538585280810e-01,-1.822020644354082064e-01,-6.761696233075650819e-02,-4.437731802135930770e-01,-4.147817150006702924e-01,-3.278609410608159247e-01,-2.761517494079270829e-01,2.579024978774744348e-01,6.462755261629206383e-02,2.389427588364091415e-01,7.190222976897985008e-02,4.003261986683944729e-01,4.707359578175968617e-01,-5.219268063809822111e-01,-4.185173600250234327e-01,-3.322891996961437333e-01,-3.656731757451182063e-01,-2.512623441619375453e-01,-4.960453997050806585e-01,3.529603646275525919e-01,1.001206488225568625e-01,-1.661691764600741750e-01,-1.260914249966486322e-01,-2.780106349702846646e-01,-1.976629876223245097e-01,-1.428660798069618931e-01,-1.594754010456231330e-01,-9.166182581884803338e-02,-4.468474909513383067e-03,-2.545734840698869461e-01,-9.253764690111264402e-02,-3.090888779659502483e-01,-1.060324411278430606e-01,-2.601992939809642802e-02,-1.916528888690290089e-01,7.068188927119174458e-01,4.854014924706197553e-01,2.926404218240314381e-01,1.011126502524688359e-01,3.905402386165601758e-01,-2.325841190401715941e-02,6.252468832387506614e-01,3.649716251843245773e-01,-3.057062424594486072e-01,-3.036373385763438959e-01,-4.363197640645247732e-01,-1.411725278162563046e-01,4.028508869922695634e-01,4.790830689485678362e-01,2.974976540506725220e-01,2.298583493453684179e-01,4.993967558872157153e-01,3.024442557755038230e-01,2.468698333258858846e-01,1.598194736136556715e-01,3.628669735019438014e-01,3.947003887573171110e-01,-1.634076589659949064e-01,-9.031234639617498339e-02,-2.934447473077438778e-02,-1.896912283837526303e-01,-1.858885562357567422e-03,1.486214754904151281e-02,-1.439385137852451091e-01,-2.855266097680861370e-01,2.618392242727556884e-01,1.373162339693462519e-01,-1.842530944188748299e-01,-1.495062335224987826e-01,-4.286965458688949404e-01,-9.815898833728048389e-02,-3.688189820814156139e-01,-2.758612985388086969e-01,-1.420170695741543310e-01,-1.461414719156352016e-01,-1.562536306358639770e-01,-3.998614772778050774e-01,-1.553688726037803260e-02,-6.712096161580052844e-02,-2.816926582957236802e-02,1.387640198400285907e-01,9.205058313597569257e-04,5.183430895035524150e-02,-4.421064390723445925e-01,-1.703293266008311380e-01,4.844720496894409922e-02,2.132669020063452381e-01,-5.793377720184101493e-02,-1.232271325796505668e-01,-1.644309397202734779e-01,-1.925465838509316796e-01,-1.876178560257384109e-01,-2.011841458510210401e-01,-9.928504401447785233e-02,-3.159792662764198679e-01
5.305420260065240035e-01,0.000000000000000000e+00,4.780195719201036919e-01,1.630903972474194441e-01,-2.162607801957192044e-01,-2.101255641449573386e-01,4.044103847356896875e-01,2.407435542249430349e-01,1.752089012020197414e-02,-1.625407748335493119e-01,3.512310648375709388e-01,5.439876670092497202e-01,3.913535010500915901e-01,3.601322668573215813e-01,4.309531256981992131e-01,-2.121185039546003015e-01,2.029357880155502891e-01,4.064792886187943988e-01,5.507529380222530024e-01,7.454131105053845019e-01,4.264265606148621296e-02,2.071674337548594647e-01,-4.629027213012198994e-01,-5.388087045891237076e-02,-5.052549264935877193e-01,-4.305509629563429863e-01,-1.993431341883015462e-01,-1.878814960453996930e-01,2.021001832074712790e-01,2.195406407793020209e-01,4.476384110103222014e-01,2.914249966486437970e-01,4.510523258411904268e-01,6.680816837213459092e-01,-2.701103713302649978e-01,-1.892220385182537268e-01,-1.921042048348898523e-01,3.598462844631127727e-02,-4.230752044327271144e-02,-4.284552482237812265e-01,1.800035747799276220e-01,2.050449081728406009e-01,-4.452701193082800879e-01,-2.220385182537200075e-01,-3.024531927253228392e-01,-2.519728316725501349e-01,-3.244827740292238194e-01,-3.467313106036909454e-01,-1.889137137494973084e-01,-1.952544796460967957e-01,-2.064569462442468473e-01,-3.926672326734885199e-01,-1.895437687117386971e-01,-6.008177309084409279e-01,-1.129183609634031894e-02,-4.544483667724205644e-01,6.330220295813039355e-01,9.152732472407167919e-01,3.081504982349523858e-01,5.320479020510300305e-01,1.583806246927923489e-01,9.829304258456589283e-02,3.023593547522230862e-01,2.982841056347468878e-01,-3.451271281111756295e-01,-2.041869609902140503e-01,-1.285267438223334502e-01,1.693239197461906265e-01,7.591760132266857086e-01,7.538138433352696843e-01,6.141248491889718109e-01,1.536976629876223299e-01,3.954823718664819965e-01,3.775280396800572147e-01,4.177577192904061709e-01,-1.476920327092363372e-01,4.283748156754099701e-01,3.262076053442959922e-01,2.648911926359533500e-02,-3.581080477233120063e-01,1.047142410295366227e-01,-4.489655480584476277e-01,1.710755619107198755e-01,1.566200455784440629e-02,1.694356316189284672e-01,-7.007641092095268087e-01,4.063899191206041261e-01,1.751284686536485058e-01,8.768935162429063179e-02,-7.216050761874972519e-01,-1.493230260512087293e-01,-5.088118325215603699e-01,-3.456499396755887132e-01,-6.335359041958978921e-01,-2.738058000804325376e-01,-3.253496581616694555e-02,-8.834174896107958863e-03,-4.067697394879127848e-01,1.630591179230528598e-01,-2.821171634121274474e-01,3.276151749407927305e-01,-3.380535323294159844e-01,2.309441887483801858e-01,-1.831002278922203852e-01,-2.294829974529692951e-01,-4.475758523615889772e-01,1.599133115867554522e-01,-8.198757763975154933e-02,6.944456856874749173e-02,-2.219357433308012106e-01,-2.637517315340274227e-01,-1.788238974038160733e-01,-2.521962554180258165e-01,-2.906608874391170549e-01,-2.727780508512444579e-01,-1.684927834130211244e-01
4.132311542070691290e-01,4.780195719201036919e-01,0.000000000000000000e+00,5.503284329058492075e-01,5.062782072478663048e-02,8.828365878725591420e-02,7.417713034541311146e-01,4.151079136690647431e-01,1.866750078198310958e-01,8.086599043746368898e-02,3.077304615934581267e-01,2.534742392421466817e-01,4.499754233879976750e-01,1.584431833415255453e-01,3.714777246525760579e-01,-1.210554537736270586e-01,-1.505161088520488022e-01,-8.031189954868403480e-02,4.922203851825371901e-01,4.700701550560793529e-01,4.754010456231288345e-02,1.640734617275123874e-01,8.600473658340408722e-02,4.352875463604272133e-01,-2.012779838241208208e-01,-1.026051208722462971e-01,3.149827963715983586e-02,6.971714553822780380e-02,-1.127396219670226581e-02,-1.264712453639572909e-01,2.704589123732070166e-01,1.969614370615309085e-01,2.027525805442602358e-01,3.432682425488181033e-01,-1.924840252021984832e-01,-2.448590196166048616e-01,-2.551767281826712308e-01,-1.513472451852182765e-01,-4.761160016086509600e-02,-3.672594843379954344e-01,7.857366280888332388e-02,4.315206220117073777e-02,-5.863488091514366118e-01,-4.196702265516779051e-01,-4.377407390857500080e-01,-4.577684436301890369e-01,-3.421109075472540950e-01,-3.711783368336386557e-01,-3.571115778184905665e-01,-3.697618302873229568e-01,-3.479780151034451707e-01,-4.929398096429688514e-01,-1.383976048974485118e-01,-5.597122302158273888e-01,-9.124625765226327540e-03,-3.196121363778542390e-01,3.218061575584252876e-01,4.449394521649761014e-01,3.331426784038607480e-01,4.367487376558380485e-01,2.497832789668885944e-01,2.167478439608561680e-01,2.659189418651414227e-01,2.379507574064971542e-01,-9.812324053800437762e-02,-1.928593770945976130e-02,2.064435408195182831e-03,1.916752312435765770e-01,4.354126636578935505e-01,4.980383395147236492e-01,3.308995039992850273e-01,-6.787613387550828735e-03,1.063988560704231673e-01,1.911300773046159251e-01,1.519102730238169607e-01,-1.589436525313910331e-01,1.435944412172125706e-01,-6.477501228830599700e-02,-1.807051253407212232e-01,-5.154296438625497467e-01,5.758076768398945333e-02,-3.459359220697975634e-01,3.235309888734974604e-01,2.439787300594307290e-02,3.359176013226685686e-01,-5.277581661378971667e-01,4.454533267795701135e-01,2.555833593994369934e-01,2.984405022565798093e-01,-5.095848786809061837e-01,-9.486572232896912926e-02,-4.975736181241342537e-01,-4.276330488404307406e-01,-4.921131417847088851e-01,-2.571473256177666533e-01,-2.179900799857008853e-01,-2.497475311676125020e-01,-4.746548103132400831e-01,-1.766298762232449970e-01,-3.775325081549666950e-01,3.722597077617409433e-01,-2.486170070155055978e-01,4.141025068144242316e-01,1.144331739577282292e-01,-8.307341704276330341e-02,-2.858349345368425554e-01,2.240448634880915224e-01,-3.862549711783368200e-02,-1.596809508914607545e-01,-3.442423700790920305e-01,-4.630323070735957725e-01,-3.971357075830019290e-01,-3.702354886277313684e-01,-2.662049242593502729e-01,-3.515706689306939414e-01,-4.455069484784843215e-03
7.920818624603423452e-02,1.630903972474194441e-01,5.503284329058492075e-01,0.000000000000000000e+00,4.176996291165825381e-01,4.298002591715447407e-01,5.632423253943429353e-01,6.875508289020957342e-01,4.943518477143750700e-01,4.524867062871442136e-01,-9.420438804236114239e-02,9.310961168953035827e-02,2.164886724161043940e-01,6.860896376066848157e-02,-3.062692702980472637e-02,-1.240493319630010249e-01,-3.446490012958577376e-01,-3.446221904464006336e-01,4.323249474954198313e-01,4.252021984896554585e-01,4.228070959381562827e-02,4.351400866884132246e-02,3.594307162965280078e-01,7.199919567451629199e-01,1.941194870190803834e-01,3.141695339380669583e-01,3.445998480718530654e-01,3.853031860226104888e-01,-2.632467938692524267e-01,-2.535904195897940028e-01,-7.416774654810313894e-02,1.409401671209616069e-01,-1.608650967424817835e-01,1.307743867018186790e-01,1.621832968407882491e-01,1.391125608829706373e-01,-3.209928951248938733e-01,-9.138924884936770743e-02,-3.308280084007328425e-01,-3.901916975736181015e-01,-5.116850618883774654e-02,-1.860896376066848434e-01,-3.672550158630859540e-01,-3.642656061486214680e-01,-1.954510925421153733e-01,-4.176772867420349700e-01,-1.067473971133652139e-01,-1.260378032977344798e-01,-4.776040037535189131e-01,-4.978372581437955358e-01,-2.832298136645962638e-01,-4.847759059832879025e-01,9.981232405380044415e-02,-4.741364672237365352e-01,-8.828812726216542228e-02,-3.057911434827293440e-01,-9.785066356852406555e-02,4.774118593324098297e-02,3.997944501541624007e-02,2.648062916126726063e-01,1.000938379730997863e-01,2.784127977121408359e-01,-6.645515885428303349e-02,3.581482639974976206e-02,3.225077081192189166e-01,4.603154743286116402e-01,3.401090307877921437e-01,4.022923276285803595e-01,2.999463783010858364e-01,2.543098440502256641e-01,7.763081460297600878e-02,-3.311586755440368290e-02,-3.959426247821618561e-01,1.211403547969078232e-02,-1.655346530229232782e-01,-3.040082219938334829e-01,-1.284775905983287780e-01,-2.038384199472720038e-01,-4.258009741275303045e-02,-3.812234684302247545e-01,1.670852138165244138e-01,-9.517851557263505222e-03,1.288216631663613165e-01,1.233745922516644999e-02,4.007998570088028845e-01,-9.428928906564189305e-02,-3.708387327405156947e-02,-1.179498637115152654e-01,1.300192144421108975e-01,-3.774833549309620784e-01,-6.141918763126145292e-02,-5.653871933509093672e-01,-2.192770007596407389e-01,-3.713794182045667691e-01,-3.800571964788417856e-01,-1.718083917958800610e-01,-3.197551275749586641e-01,-5.629250636757674453e-01,-4.528888690290003849e-01,-5.182090352562670477e-01,5.244693686044953340e-01,-2.127128111175655700e-01,5.251307028911033070e-01,4.347602663211045937e-01,1.174002412976451193e-01,-1.938335046248715332e-01,9.772107779614817857e-02,-3.214710219402118208e-01,-2.716073104249519532e-01,-2.308771616247374814e-01,-3.370347200500469209e-01,-5.602126994056928488e-01,-4.117118727378345500e-01,-1.139550471424102956e-01,-2.282631038026721459e-01,-4.633808481165378051e-03
-2.194557397560212564e-01,-2.162607801957192044e-01,5.062782072478663048e-02,4.176996291165825381e-01,0.000000000000000000e+00,9.246570445506948621e-01,2.899861477277805299e-01,4.167835917601322437e-01,8.985924304035033394e-01,8.969256892622547994e-01,-2.325707136154430421e-01,-1.827427498994593225e-01,-1.700433442066222878e-01,-2.878993699450377863e-01,-4.802046561508557243e-01,-2.893203449662630211e-01,-6.116180347647347526e-01,-5.307252334778139735e-01,1.542249430269448940e-01,2.695830912909423852e-02,-8.058894499307386883e-02,-1.125206666964564950e-01,4.564323696322445389e-01,4.708432012154251667e-01,8.471781580946422530e-01,8.995263416595915551e-01,7.979981232405379821e-01,8.466955628044148252e-01,-6.047008356048080291e-01,-4.129362348630412627e-01,-6.286786719692568637e-01,-3.289199696143705887e-01,-4.974842486259439811e-01,-3.124581080477233375e-01,2.095848786809061948e-01,2.019929398096429740e-01,-3.481210063005495958e-01,-2.467402475535099837e-01,-3.270432101523749746e-01,-2.118414585102104675e-01,-3.802091246257652268e-01,-4.687653603825014392e-01,1.893292819160820317e-02,-1.817239376200902590e-01,-1.198936502971535839e-01,-2.364895661110862912e-01,2.410116627195138250e-01,2.044014477858706880e-01,-4.432548371240895291e-01,-5.682827650922740448e-01,-1.706421198444970644e-01,-3.748112069350730824e-01,4.271951382992984492e-01,-1.422092139952634282e-01,9.339112560882971035e-04,-6.807274677152687359e-02,-5.285401492470619411e-01,-3.323830376692434863e-01,-2.292327628580365442e-02,2.043344206622279835e-01,1.708834174896108060e-01,5.035613745028821864e-01,-2.590285535546718032e-01,7.011483980517449477e-02,4.287054828187139566e-01,4.540864203047499936e-01,3.338218865901068089e-01,1.494258009741275366e-02,8.407882389740381490e-02,-2.071004066312167602e-01,-4.269493721792751995e-01,-1.787702757049019209e-01,-6.673890701103712964e-01,-2.925957370749363365e-02,-5.223379060726573986e-01,-4.157200947316680995e-01,-4.574735242861611151e-01,-4.181554135573528619e-01,7.357790786004736461e-02,3.757987398900754922e-02,1.449126413155190085e-01,3.168238080343178664e-01,-2.376066848384646435e-01,-1.466553465302292414e-01,2.915679878457482221e-01,2.456499396755887354e-01,-4.483891147951204470e-01,-5.065105679431609609e-01,1.214442110907547195e-01,2.868760891907591939e-02,2.180615755842530909e-02,-2.836766611555476270e-01,-1.364850976361767776e-01,-7.462353098887349392e-04,-1.850037982036730755e-01,-7.410965637427946451e-02,-7.717056168729612142e-02,-2.435855042673935322e-01,-4.874212431297198500e-01,-4.008043254837124203e-01,3.017471736896197299e-01,1.066714330399034794e-01,4.328432905849233792e-01,6.647973546628536123e-01,1.941909826176325959e-01,-1.864337101747173819e-01,1.491532240046472002e-01,-3.942892890656419236e-01,-2.202913445641002665e-01,-1.076455605701773927e-01,6.445328209482104054e-02,-3.035792484025202076e-01,-1.978015103445194267e-01,1.038116090978149220e-01,-2.095044461325349661e-01,1.225702667679520914e-02
-2.840475445730372139e-01,-2.101255641449573386e-01,8.828365878725591420e-02,4.298002591715447407e-01,9.246570445506948621e-01,0.000000000000000000e+00,2.856249162160954258e-01,3.791098797980249069e-01,8.871978193842441351e-01,9.188435586934179389e-01,-2.384110103221770416e-01,-2.276151749407926972e-01,-1.390365968095089166e-01,-3.433978283211939764e-01,-3.615845212029134559e-01,-2.767952097948970236e-01,-6.730863756200008430e-01,-5.921354841592564311e-01,7.860941060815943016e-02,-1.755216944456856887e-02,-4.878234058715760074e-02,-9.296215201751642510e-02,4.423924214665534427e-01,5.310022789222038631e-01,8.320121542517538993e-01,8.933240984851870126e-01,8.437016846150409144e-01,9.260601456722820091e-01,-6.083560480807900239e-01,-4.380177845301398420e-01,-5.271862013494794663e-01,-2.780687251441082974e-01,-5.125608829706421732e-01,-3.039903480941954506e-01,2.294293757540551426e-01,2.079092005898386941e-01,-3.413244559631797848e-01,-1.806738460163546112e-01,-2.070021001832074714e-01,-7.887751910273023415e-02,-4.489298002591715631e-01,-4.460029491934403012e-01,9.106751865588274403e-03,-1.025738415478797128e-01,-9.884713347334554701e-02,-2.122525582018856827e-01,2.469368604495285890e-01,2.235131149738594225e-01,-4.370525939496849865e-01,-6.221144823271816948e-01,-1.266857321596139285e-01,-4.422047455203538813e-01,4.032038965101211181e-01,-2.375039099155458189e-01,1.559497743420170659e-03,-5.290674292863845746e-02,-5.951025514991733489e-01,-3.226462308414138058e-01,-3.967112024665981479e-02,2.340006255864873208e-01,9.210420483488984678e-02,5.341927700075964625e-01,-2.754144510478573893e-01,1.362884847401581723e-01,3.665355914026542927e-01,4.657714821931274729e-01,3.743107377452075668e-01,1.050761874972072074e-01,4.882702533625273705e-02,-1.879708655435899656e-01,-3.435944412172125539e-01,-1.765494436748737683e-01,-6.840475445730371806e-01,-1.640823986773314383e-02,-5.071719022297689339e-01,-4.092095267885070831e-01,-4.252558201885696665e-01,-4.528352473300862324e-01,1.474149872648465066e-02,-2.960811475043567675e-02,4.455963179766745524e-02,2.303588185352339335e-01,-2.009830644800929544e-01,-1.753921086733097878e-01,3.396040931230170923e-01,2.411189061173421577e-01,-3.288037892667232676e-01,-3.762723982304839176e-01,9.204164618615666427e-02,-2.223959962464810633e-02,1.724384467581214359e-02,-3.793735198176862444e-01,-2.319495956030206973e-01,-8.939630903972474452e-02,-1.346708968229143322e-01,9.875329550024576630e-03,-9.320791813753966093e-02,-1.731578712185531110e-01,-4.850931677018633370e-01,-4.119576388578577997e-01,3.495821975959604866e-01,-2.079181375396577103e-02,4.706555252692256053e-01,5.904419321685508981e-01,2.149783278966888589e-01,-2.343089503552437669e-01,1.612717279592475184e-01,-4.027391751195317227e-01,-2.276330488404307573e-01,-1.275258054426024468e-01,-2.632378569194333828e-02,-2.705214710219401852e-01,-1.274051566200455898e-01,1.766030653737879208e-01,-2.092363376379641760e-01,-4.560972340140310305e-02
3.866973501943786751e-01,4.044103847356896875e-01,7.417713034541311146e-01,5.632423253943429353e-01,2.899861477277805299e-01,2.856249162160954258e-01,0.000000000000000000e+00,6.469457973993476552e-01,4.263416595915813789e-01,3.977657625452433177e-01,4.207158496805040171e-01,3.952946959202824351e-01,5.621252066669645275e-01,1.805085124447026179e-01,2.465078868582152860e-01,-1.588900308324768806e-01,-3.261584521202913201e-01,-2.404799142052817251e-01,4.733947003887573057e-01,4.200277045444389956e-01,7.458778318959738418e-02,9.178247464140489031e-02,3.146700031279324461e-02,3.989767192457214229e-01,-1.247598194736136527e-02,7.016399302917913916e-02,2.402833013092631476e-01,2.538406541847267328e-01,-1.176594128423968932e-01,-2.154341123374592382e-01,1.028911032664551611e-01,1.114348272934447409e-01,-3.785691943339738325e-02,2.335046248715313411e-01,-1.240359265382724868e-01,-1.644175342955449259e-01,-4.598015997140176281e-01,-3.653737879261808041e-01,-1.758389561642611509e-01,-3.678269806515036544e-01,2.357120514768309624e-02,-2.018142008132624288e-01,-3.680950891460744723e-01,-3.645381831181017662e-01,-1.618124134232986344e-01,-3.713347334554716328e-01,-3.924661513025604065e-02,-1.753250815496671111e-01,-4.288529424907279175e-01,-4.868984315653067663e-01,-3.048929800259171374e-01,-5.633316948925332079e-01,-1.931721703382635602e-02,-5.399481656910496419e-01,1.352294561866035083e-01,-2.270074623530988767e-01,8.217972206086063269e-02,2.467313106036909676e-01,4.186603512221279133e-01,4.967335448411457355e-01,4.086375620000893827e-01,3.375039099155457967e-01,7.834130211358862617e-02,1.674158809598284003e-01,2.815139192993431380e-04,1.526162920595200978e-01,1.735019437865856495e-01,2.515170472317798112e-01,4.048393583270030183e-01,4.074444791992493098e-01,2.641583627507931298e-01,9.227400688145136545e-03,-1.102819607667902962e-01,2.152374994414406328e-01,4.263371911166718986e-02,-1.898923097546807159e-01,1.086464989499083961e-01,-5.245542696277760708e-02,-2.551633227579427343e-01,-5.504892980025917204e-01,-8.979400330667143548e-02,-4.138165244202153814e-01,1.695339380669377560e-01,-3.713749497296572888e-02,1.778184905491755619e-01,-5.343625720541579360e-01,2.912105098529871872e-01,7.860941060815943016e-02,2.119755127574958764e-01,-4.463559587112918559e-01,-5.664685642790115438e-02,-4.850127351534921361e-01,-4.838330577773805596e-01,-4.646364895661110883e-01,-2.410474105187899452e-01,-1.991554582421019570e-01,-2.395549398990124701e-01,-5.901604182492515838e-01,-3.544438982975110508e-01,-4.971133652084543386e-01,3.360203762455873933e-01,-2.412038071406228945e-01,5.001608650967425129e-01,3.101613119442334088e-01,-1.365387193350909301e-01,-3.425979713123910586e-01,3.651905804548907231e-01,-1.163054649448143352e-01,-1.508557129451718049e-01,-2.856472585906429940e-01,-4.190759193887126366e-01,-6.559899906162026673e-01,-3.845569507127217235e-01,-2.510076410920952794e-01,-3.086107511506323009e-01,-6.454265159301129928e-02
2.088207694713794249e-01,2.407435542249430349e-01,4.151079136690647431e-01,6.875508289020957342e-01,4.167835917601322437e-01,3.791098797980249069e-01,6.469457973993476552e-01,0.000000000000000000e+00,4.977210777961481591e-01,4.719201036686179185e-01,1.287591045176281201e-01,4.004066312167657293e-01,3.340631842352205227e-01,3.320970552750346361e-01,1.002502345949327495e-01,1.930828008400732945e-02,-1.307788551767281870e-01,-2.900040216274185623e-02,5.961571115778184771e-01,4.619330622458555080e-01,9.777023102015282643e-03,-4.985477456544081670e-02,3.577773805800080198e-01,6.042763304884043452e-01,2.400911568881540781e-01,2.811340989320345041e-01,3.532016622726663613e-01,3.447249653693194582e-01,-1.033290138075874665e-01,-7.381920550516108542e-03,-3.473792394655703802e-02,1.309441887483801803e-01,-1.563519370838732658e-02,2.397247419455739714e-01,8.503060905313016005e-02,1.093659234103400574e-01,-3.702220832030028164e-01,-2.652665445283524659e-01,-1.775995352786094161e-01,-3.592609142499664787e-01,-7.344385361276196955e-02,-1.080745341614906818e-01,-4.112873676214308105e-01,-5.141963447875240734e-01,-2.614683408552661015e-01,-5.570222083203002494e-01,-1.676124938558470057e-01,-2.522722194914875371e-01,-6.603333482282497391e-01,-6.344206622279815466e-01,-4.658474462665891935e-01,-6.217033826355065074e-01,1.079136690647482071e-02,-4.670092497430626821e-01,-1.019080387863622178e-01,-3.420706912730684945e-01,-5.592296349255999194e-02,7.364940345859957715e-02,4.504222708789490208e-03,2.128736762143080552e-01,1.090441932168550870e-01,3.581929487465927986e-01,1.822065329103177145e-01,2.231288261316412835e-01,2.700835604808078938e-01,4.233120336029312925e-01,1.684168193395594038e-01,9.394968497251887651e-02,3.761919656821127167e-01,2.270566155771035211e-01,2.247151347245185116e-01,1.114482327181732929e-01,-2.913266902006345083e-01,2.253988113856740805e-01,-1.848205907323830499e-01,-8.368559810536663202e-02,1.895124893873720850e-01,1.071540283301309210e-01,2.226641047410518950e-02,-3.688502614057821982e-01,2.386835872916573675e-01,-5.480584476518164661e-02,1.130256043612315048e-01,1.617587917243844655e-03,2.780642566691988171e-01,-2.150006702712364270e-01,-1.474596720139416525e-03,-2.169176460074176693e-01,1.247464140488851181e-01,-3.379507574064971598e-01,-1.047455203539032070e-01,-4.432771794986370972e-01,-2.836945350551856593e-01,-4.457080298494123793e-01,-3.234371509003977074e-01,-1.199740828455248265e-01,-2.982975110594753843e-01,-4.789713570758299954e-01,-5.068367666115555226e-01,-4.310961168953036382e-01,3.897940033066714105e-01,-1.799499530810134418e-01,5.083560480807900461e-01,4.368649180034854251e-01,-8.364091335627150958e-02,-3.575762992090799619e-01,7.113812055945305246e-02,-3.253809374860360260e-01,-3.072344608785021469e-01,-2.293578801555029301e-01,-3.706510567943160916e-01,-6.630903972474194719e-01,-5.589347155815720392e-01,-2.351803029625988695e-01,-2.862862505027034543e-01,-9.214888958398498309e-02
-1.759059832879038276e-01,1.752089012020197414e-02,1.866750078198310958e-01,4.943518477143750700e-01,8.985924304035033394e-01,8.871978193842441351e-01,4.263416595915813789e-01,4.977210777961481591e-01,0.000000000000000000e+00,9.169265829572367243e-01,-1.374994414406363052e-01,-8.240314580633630037e-02,-2.441127843067161102e-02,-2.142320925868001213e-01,-2.319853434022967897e-01,-2.965369319451271468e-01,-5.858528084364805766e-01,-4.940792707448947718e-01,2.530899503999284872e-01,1.538853389338218913e-01,6.099468251485768225e-03,3.283435363510434080e-02,2.965592743196747150e-01,5.076768398945440408e-01,6.919388712632378313e-01,7.724831315072165916e-01,7.363197640645248176e-01,8.147191563519370350e-01,-4.767371196210733464e-01,-3.509718932928191371e-01,-4.383976048974485007e-01,-1.771616247374770969e-01,-4.497162518432458733e-01,-1.989141605969882431e-01,1.848518700567496342e-01,1.321059922248536689e-01,-3.901246704499753970e-01,-1.908351579605880588e-01,-3.186380088475803118e-01,-2.587827874346485535e-01,-3.240940167120961446e-01,-4.279592475088252468e-01,-7.963269136243800173e-02,-1.748827025336252838e-01,-1.323115420706912626e-01,-2.152777157156262611e-01,1.838866794762947510e-01,1.406541847267527567e-01,-4.458688949461548923e-01,-6.272398230483935411e-01,-1.808525850127351564e-01,-5.002547030698422104e-01,3.682738281424549620e-01,-3.437419008892265149e-01,-4.058268912820054558e-02,-1.395057866750078202e-01,-4.361588989677823158e-01,-1.267438223334375891e-01,6.079806961883908734e-02,3.974708432012154513e-01,2.229545556101702464e-01,5.697350194378658639e-01,-2.579024978774744348e-01,1.162920595200857971e-01,3.541579159033022006e-01,4.313999731891505207e-01,3.570668930693954302e-01,1.417042763304884045e-01,2.850395460029491734e-01,8.275615532418786197e-03,-2.290093391125608835e-01,-1.464140488851154998e-01,-6.097368068278297137e-01,3.120336029313195564e-02,-3.372536753206130666e-01,-4.323875061441529999e-01,-2.912909424013584436e-01,-3.293668171053219518e-01,8.010188122793690524e-02,-1.084677599535278647e-01,1.565708923544394393e-01,1.635640555878278835e-01,-1.361633674426918073e-01,-1.338263550650163058e-01,3.332722641762366766e-01,2.564457750569730521e-02,-2.949819026766164476e-01,-4.056570892354439684e-01,1.353322311095223329e-01,-2.138120559453058622e-01,-3.606952946959202794e-02,-4.952589481210062927e-01,-2.899548684034138901e-01,-2.558514678940077558e-01,-2.329237231332945968e-01,-8.168818982081416102e-02,-9.748871710085348086e-02,-3.344027883283435254e-01,-4.801778453013986203e-01,-4.808257741632780968e-01,4.319630010277492049e-01,-3.757987398900754922e-02,4.850842307520443208e-01,5.740649716251843282e-01,1.491710979042852603e-01,-3.448902989409714515e-01,2.055453773627061165e-01,-4.685240627373877254e-01,-1.308548192501899077e-01,-1.250547388176415364e-01,-8.952142633719112341e-02,-4.115018544170874204e-01,-2.838732740515662045e-01,3.780776620939273192e-02,-3.233924661513025711e-01,3.765136958755976870e-02
-1.934268734081058261e-01,-1.625407748335493119e-01,8.086599043746368898e-02,4.524867062871442136e-01,8.969256892622547994e-01,9.188435586934179389e-01,3.977657625452433177e-01,4.719201036686179185e-01,9.169265829572367243e-01,0.000000000000000000e+00,-1.110550069261361100e-01,-1.208007507037847927e-01,-2.599758702354886333e-02,-2.252021984896554752e-01,-3.258992805755395739e-01,-1.716162473747709916e-01,-6.141829393627954436e-01,-5.928370347200500046e-01,1.757763975155279546e-01,3.909915545824210054e-02,-1.365119084856338504e-02,-2.211895080209124592e-02,4.147638411010322046e-01,5.110773493006837143e-01,7.391349032575181832e-01,8.300370883417489409e-01,7.518343089503551901e-01,8.274364359444121853e-01,-5.024219134009562104e-01,-3.667902944724965586e-01,-4.967648241655123198e-01,-2.073014880021448736e-01,-5.044818803342419056e-01,-2.951114884489923762e-01,2.419053577014164957e-01,2.086643728495464478e-01,-3.891728852942490935e-01,-2.893069395415344691e-01,-3.435765673175745216e-01,-1.907457884623977862e-01,-3.341302113588632272e-01,-5.249385584699941543e-01,8.729165735734394083e-02,-6.837213459046427577e-02,-1.250279279681844671e-02,-1.194155234818356504e-01,3.278251932615398601e-01,2.772107779614817469e-01,-3.535904195897939806e-01,-5.592698511997855615e-01,-1.136690647482014455e-01,-3.823852719066982431e-01,3.921578265338039881e-01,-1.918852495643237066e-01,-3.534563653425085855e-03,-2.930425845658876649e-02,-5.578578131283792318e-01,-3.216542294115018463e-01,4.503329013807587378e-02,2.810402609589346956e-01,2.006836766611555523e-01,5.389516957862281465e-01,-3.085437240269895964e-01,8.163009964699048659e-02,3.562715045355020482e-01,4.503463068054872620e-01,4.041556816658474216e-01,1.046069976317083039e-01,1.265338040126904595e-01,-1.080879395862192199e-01,-2.983958175074846730e-01,-1.148666160239510264e-01,-6.484382680191250747e-01,1.687742973323204734e-02,-3.801957192010366748e-01,-3.284731221234192811e-01,-3.372983600697082029e-01,-3.392108673309799372e-01,-1.686849278341302077e-02,-5.212029134456409862e-02,6.255864873318736641e-03,1.479601412038071273e-01,-1.822780285088699270e-01,-1.828321193976495951e-01,2.102998346664283480e-01,1.487555297377005092e-01,-3.631216765717860673e-01,-4.110952232003217133e-01,6.874301800795389050e-02,-6.303677554850529996e-02,-9.255105232584119601e-02,-4.010590285535546862e-01,-3.086509674248179014e-01,-1.421421868716207237e-01,-1.998570088028955583e-01,-1.031860226104830414e-01,-1.185262969748424877e-01,-3.134232986281781930e-01,-5.877787211224808628e-01,-5.130658206354171691e-01,3.068233611868269595e-01,1.727065552526922676e-02,3.995084677599535228e-01,5.623530988873497449e-01,1.569730550962956384e-01,-2.699182269091559006e-01,1.817820277939139473e-01,-4.429197015058760623e-01,-1.508423075204432806e-01,-1.050002234237454729e-01,-5.303186022610482941e-02,-3.785111041601501580e-01,-2.427007462353098777e-01,9.638053532329415862e-02,-2.460699763170829668e-01,-3.791500960722105767e-02
6.565128021806158065e-01,3.512310648375709388e-01,3.077304615934581267e-01,-9.420438804236114239e-02,-2.325707136154430421e-01,-2.384110103221770416e-01,4.207158496805040171e-01,1.287591045176281201e-01,-1.374994414406363052e-01,-1.110550069261361100e-01,0.000000000000000000e+00,6.499798918629071665e-01,6.089548237186648283e-01,4.801242236024844678e-01,3.237186648196970218e-01,8.067384601635461949e-02,2.382143974261584640e-01,2.039322579203717845e-01,3.046695562804415114e-01,1.812949640287769837e-01,-1.012377675499352009e-01,-4.198579024978774804e-02,-2.865767013718217848e-01,-1.634300013405424745e-01,-3.664149425800974358e-01,-3.752938022253005101e-01,-2.811117565574869359e-01,-2.558425309441887396e-01,3.591134545779525178e-01,1.049019169757361841e-01,3.198266231735109044e-01,9.719379775682560063e-02,3.440144778587068131e-01,2.973948791277536974e-01,-5.434291076455605163e-01,-5.401626524867062518e-01,-1.507752803968005761e-01,-2.688636668305107724e-01,-7.620537110684123816e-02,-2.970686804593592467e-01,3.701997408284552482e-01,2.524152106885919622e-01,-5.039546002949193276e-02,7.328298851601948698e-04,-5.677644220027704830e-02,-8.562938469100496441e-02,2.961705170025470332e-02,-8.903883104696366790e-02,3.127932436659368320e-04,7.511059475401045404e-02,-8.930693954153447189e-02,-7.734483220876714471e-02,-2.638232271325796630e-01,-1.372536753206130833e-01,1.792573394700388845e-01,-2.811564413065820514e-02,4.488493677108003066e-01,3.036015907770677758e-01,3.815451986237097248e-01,1.348630412440234017e-01,5.769247955672729411e-01,4.122168104026095736e-02,5.489119263595334530e-01,4.030921846373832773e-01,-4.063809821707851100e-01,-3.647884177130345518e-01,-4.701014343804459372e-01,-1.783368336386791098e-01,2.561866035122212781e-01,3.538183118101791980e-01,3.228160328879753349e-01,2.958219759596049658e-01,4.315608382858930336e-01,2.409982572947853008e-01,2.487287188882434386e-01,1.108226462308414123e-01,3.510076410920952572e-01,2.963090397247419294e-01,-3.191429465123553078e-01,-2.049376647750122959e-01,-2.045489074578846211e-01,-2.407390857500335268e-01,3.341972384825059317e-02,3.555565485499798811e-02,-1.918092854908619582e-01,-3.811564413065820500e-01,2.866481969703740251e-01,1.378390455337593357e-01,-4.367040529067429261e-02,-1.126457839939228739e-01,-2.094865722328969060e-01,-1.214531480405737530e-02,-3.708029849412395329e-01,-2.636712989856562217e-01,1.556369810983511404e-02,-1.649358773850484738e-01,-3.991688636668305062e-02,-1.509316770186335532e-01,1.042316457393091672e-01,8.431565306760802070e-02,-7.082085884087760408e-02,1.062737387729567884e-01,3.440725680325305152e-02,-1.187720630948657305e-02,-4.151704723177979117e-01,-2.668215737968631096e-01,1.843960856159792550e-01,2.969301577371643019e-01,-3.760221636355511737e-02,1.666294293757540623e-02,-4.998436033781670368e-02,-2.379865052057732744e-01,-1.731980874927387393e-01,-2.682917020420930165e-01,-1.865811698467313151e-01,-2.040529067429286414e-01
5.866839447696501342e-01,5.439876670092497202e-01,2.534742392421466817e-01,9.310961168953035827e-02,-1.827427498994593225e-01,-2.276151749407926972e-01,3.952946959202824351e-01,4.004066312167657293e-01,-8.240314580633630037e-02,-1.208007507037847927e-01,6.499798918629071665e-01,0.000000000000000000e+00,5.607221055453773806e-01,8.006255864873318417e-01,2.438402073372357981e-01,7.731355288440056039e-02,2.190267661647079811e-01,4.085213816524420061e-01,4.263595334912194668e-01,4.694535055185665162e-01,-8.473122123419277174e-02,-6.354618168818981783e-02,-2.227802850886992370e-01,-1.128155860404843891e-01,-3.090173823673980080e-01,-3.537378792618079415e-01,-1.662004557844407593e-01,-2.435944412172125761e-01,1.989365029715358113e-01,2.517762187765315574e-01,2.806336297421689885e-01,1.562223513114973927e-01,3.605746458733634086e-01,4.415791590330220284e-01,-3.391483086822467685e-01,-2.820188569641181586e-01,-1.087179945484606086e-01,-1.227847535636087395e-01,-1.121319093793288341e-01,-4.519281469234550097e-01,2.621341436167836103e-01,2.876401984002859846e-01,-2.014343804459537979e-01,-2.304615934581527303e-01,-1.136467223736538773e-01,-3.049376647750122737e-01,-1.229098708610751184e-01,-2.425890343625720647e-01,-2.306045846552571554e-01,-7.511953170382948408e-02,-1.729076366236203532e-01,-2.034094463559587007e-01,-2.052683319183162824e-01,-2.574333080119755035e-01,9.598284105634746072e-03,-2.947182626569551656e-01,3.868314044416640840e-01,4.192055051610885097e-01,1.591894186514142828e-01,1.117208096876536050e-01,4.052236471692211572e-01,1.199070557218821220e-01,4.328790383841994993e-01,4.338844452388400108e-01,-2.067518655882747136e-01,-1.076321551454488545e-01,-4.058000804325483934e-01,-1.705304079717592514e-01,3.695294695920282591e-01,4.535055185665132216e-01,5.040484382680191500e-01,3.939496849725188654e-01,3.698199204611465896e-01,4.998346664283480068e-01,1.005094061396845234e-01,1.112203404977881067e-02,4.281424549801152724e-01,4.295544930515214910e-01,-2.156530676080253839e-01,-3.221144823271817059e-01,-9.174225836721926208e-02,-2.502077840832923616e-01,-8.284105634746860569e-02,4.657044550694847823e-02,-7.681308369453505869e-02,-4.472183743688279423e-01,1.456722820501362980e-01,2.383931364225390023e-02,-8.763126145046695736e-02,-2.670584029670673432e-01,-5.614638723803565962e-02,-1.067339916886366619e-01,-1.056079360114392934e-01,-3.190178292148889705e-01,-2.878368112963045622e-01,-1.845256713883551558e-01,-7.528486527548147733e-02,-1.887975334018499596e-01,1.242638187586576765e-01,-3.676661155547611415e-02,8.645158407435542258e-02,-8.928906564189642570e-02,1.908619688100451350e-01,6.407793020242191773e-03,-2.109701059028553649e-01,-3.300415568166584768e-01,8.348898520934805445e-02,3.373251709191652653e-02,-8.569194333973814692e-02,1.000402162741856199e-01,1.681487108449886136e-02,-3.170204209303364995e-01,-2.797444032351758536e-01,-2.147906519504892975e-01,-1.037267080745341574e-01,-2.514276777335895385e-01
4.323964430939720160e-01,3.913535010500915901e-01,4.499754233879976750e-01,2.164886724161043940e-01,-1.700433442066222878e-01,-1.390365968095089166e-01,5.621252066669645275e-01,3.340631842352205227e-01,-2.441127843067161102e-02,-2.599758702354886333e-02,6.089548237186648283e-01,5.607221055453773806e-01,0.000000000000000000e+00,5.436123151168505974e-01,5.485321059922249054e-01,1.900621118012422450e-01,1.112382143974261633e-01,1.481969703740113609e-01,3.198713079226060407e-01,2.778229590240851032e-01,-1.313016667411412430e-01,-5.247330086241566022e-02,-4.672237365387193336e-02,1.774163278073193628e-01,-3.145314804057375291e-01,-2.921488895839849942e-01,-2.270923633763796412e-01,-2.222976897984717815e-01,1.588632199830198044e-01,5.124447026229947411e-02,3.759506680369989473e-01,2.533893382188658894e-01,1.485946646409580518e-01,2.580544260243978760e-01,-1.357746101255641324e-01,-2.019348496358192857e-01,-1.577773805800080364e-01,-1.622994771884355980e-01,-1.195629831538495974e-01,-3.352517985611510598e-01,1.253988113856740749e-01,6.184369274766522012e-02,-3.060503150274811457e-01,-1.795969435631618871e-01,-8.324321908932481862e-02,-2.690021895527056617e-01,-2.229992403592653827e-01,-2.896242012601099036e-01,-1.341480852585012762e-01,-1.102462129675141900e-01,-2.590911122034049718e-01,-2.876446668751955205e-01,-3.514812994325036688e-01,-3.778587068233612012e-01,-8.977166093212386733e-02,-1.796550337369855754e-01,1.862817820277939129e-01,2.814468921757004582e-01,5.326422092139952713e-02,1.349702846418517344e-01,1.853880870458912422e-01,1.540283301309263234e-02,2.621788283658787466e-01,2.143393359846284540e-01,1.554135573528754588e-02,3.536351043388891169e-02,-1.299298449439206526e-01,6.781804370168462159e-02,2.392466151302560518e-01,3.793467089682291404e-01,3.798382412082756399e-01,2.590240850797622674e-01,2.765494436748737739e-01,3.089592921935743197e-01,3.201662272666339071e-01,1.262254792439340412e-01,2.984360337816703290e-01,1.466195987309531212e-01,-2.419321685508735997e-01,-4.933911256088296948e-01,-1.342821395057866851e-01,-3.503775861298538685e-01,2.583448768935162621e-01,5.975691496492246957e-02,-1.029938781893739719e-01,-4.017739845390768116e-01,4.235667366727735583e-01,2.843916171410697524e-01,-5.582465704455069622e-02,-3.447517762187765067e-01,-1.224987711693998893e-01,-1.947271996067742039e-01,-3.407435542249430127e-01,-4.095133830823539656e-01,-1.847625005585593616e-01,-2.224540864203047585e-01,-2.868582152911211547e-01,-1.793869252424147576e-01,-6.563742794584208340e-02,-8.430224764287948258e-02,5.758076768398945333e-02,-1.979936547656284962e-01,1.726663389785066394e-01,-6.122257473524286148e-02,-1.653559140265427330e-01,-1.547209437419009015e-01,2.649984360337816480e-01,1.626256758568300764e-01,-2.449037043656999979e-01,-1.041824925153045228e-01,-1.539478975825550877e-01,-3.608248804682961941e-01,-1.390455337593279328e-01,-1.776442200277045524e-01,-6.061933062245855597e-02,-1.465481031324009087e-01
