1.000000000000000000e+00,4.764879790260501125e-01,9.635744965694204023e-02,8.829459155782579116e-02,-2.916287483365075928e-01,2.038314115181410202e-01,-5.497374271848528421e-02,-1.014399668496840379e-01,1.392743587087314494e-01,3.443106567109467941e-01,3.124751970292216630e-01,-9.799424650766203060e-02,-1.068906438014487342e-01,-4.255273370574313430e-01,-1.974675071121771708e-02,1.234610204878515277e-01,3.415709743483492655e-01,2.042728844759301721e-01,5.972443799854967317e-01,5.963837467825865435e-01,-6.205484146020767006e-02,-1.443010941198033248e-01,1.767485596347090349e-02,-7.385189140083991965e-02,-3.318091625560806168e-01,-2.552765581046944621e-01,-1.971439727784905505e-01,-2.142275418562583078e-01,1.033556726087545563e-01,-2.406011682298846988e-01,2.395445019085338245e-01,1.095251376614683331e-01,6.863501980253249313e-01,5.563945843858824070e-01,4.212703902334068995e-01,2.623815633242754242e-01,3.558017037349887057e-01,9.639410625632525986e-02,-2.305572599988843507e-01,1.265736439050434703e-01,2.690148140474463712e-01,-3.171895544629409480e-01,-3.454836678912096004e-01,-2.340045741060969575e-01,1.788985488767939891e-01,3.629274279020471838e-01,-2.169257863239008877e-01,-8.690004701607312310e-02,1.561618946680585485e-01,2.109220728510068643e-01,-1.261975153200678990e-01,-4.005450676951764766e-02,-3.625305803695941242e-01,-2.659085656910167295e-01,-5.004582074922901691e-02,2.245662966475149291e-01,9.001633609320338625e-01,6.411685486377292076e-01,5.690618301205683238e-01,5.627664576177991984e-01,6.204129445608778104e-01,4.211078261839683035e-01,5.675477531895225525e-01,4.299468479308943270e-01,4.288375873582545017e-01,4.668281682059782223e-01,6.025723370175871674e-01,5.856098940943030851e-01,7.508960944784004443e-01,7.165632047430452456e-01,3.435504307150427650e-01,2.785407485915100123e-01,4.582537114806875533e-01,4.156635242929659357e-01,-1.898333718493254441e-02,-3.880499486010725863e-02,2.776354899632637041e-01,4.240244164827196016e-01,5.110726836615161334e-02,1.507765620891074188e-01,1.680402266334100891e-01,3.513774115659539787e-01,-1.407884356397771930e-01,-2.855772219078963059e-01,4.910390552159950295e-03,4.197371881200742672e-01,-1.164851102487070578e-01,-1.537871845341025889e-01,-2.769629210528412600e-01,1.662615846807289841e-02,-4.985823458629839999e-01,-3.382017547354748133e-01,-4.639307030895138406e-01,-3.483460701734813481e-01,-9.763883687016391977e-02,-9.291013554972946120e-02,1.240714325558415487e-01,1.782451051486584614e-01,2.143837308449346168e-01,-1.040888045964188068e-02,8.424324044338547812e-02,-7.511255966658432481e-02,3.152308170437249646e-01,4.073791328323598249e-01,-6.502243224505734054e-02,1.718780132123134408e-01,-5.568934328905322112e-02,2.565181011881519368e-01,-3.076923076923077094e-02,-5.894062427782514879e-02,-6.094717465275840962e-02,-7.846743539274358969e-02,-1.300512395508769681e-02,5.756839244874052686e-02,-1.580122560543155141e-01,1.037525201412076020e-01
4.764879790260501125e-01,1.000000000000000000e+00,-1.303508674067049566e-01,1.773255026336969797e-01,-5.187546318800850820e-01,4.587971854106734360e-02,-3.135828638366709442e-01,3.589717026990413284e-01,-2.411430483946800096e-01,-1.841053797544007775e-01,1.020455976221023298e-01,2.974061471523400391e-01,-9.086374104503183724e-02,-4.205786961406975805e-02,-1.626086748639322954e-01,-3.312290320267115007e-01,2.246220784291850237e-01,6.525910637585764507e-01,3.547530062395907180e-01,6.822988469108846044e-01,-1.194447322076038487e-01,7.667923084891903329e-02,-1.711496625202209021e-01,-1.073353042896190157e-01,-3.297484241646678194e-01,-4.596530373180119367e-01,-1.867940616308999269e-01,-2.130306241981368975e-01,-5.353935404696825995e-02,1.770003745348197877e-01,-2.342834830144474925e-02,-1.607630947732470450e-02,4.603399501151495543e-01,6.492696571014192619e-01,3.045685279187817507e-01,2.607893918988915538e-01,-1.999219055056618635e-02,4.145415135988014810e-01,3.232633936042202810e-02,2.217628636772944195e-01,-6.214090478049869026e-03,4.048004207540103344e-02,-2.862513845835092940e-01,-1.119572233422849866e-01,-5.900118735506697937e-02,1.255727593653627010e-02,2.895552598235701797e-02,-2.798332921610659219e-02,-1.711082246252659533e-01,-7.758767700754648500e-02,-8.015523272956195933e-02,-4.370741658631433629e-02,8.267019420028846877e-02,-3.093051980651690402e-01,2.337447903800333182e-01,-1.048840934265154734e-01,5.630724605343894185e-01,8.320777119906923591e-01,2.921052841284893509e-02,3.829084620962793784e-01,2.605120767557315697e-01,5.561348006598187954e-01,3.100144235749747179e-01,7.233000502036035506e-01,1.047709360979846849e-01,4.847134011746049298e-01,3.309963423088876366e-01,2.950983751563882040e-01,4.743172708364876700e-01,4.160539967646566528e-01,2.596370996661062081e-01,-1.539465610531600415e-01,1.508227812796340828e-01,4.966076707918622435e-01,1.887974244754520303e-01,-9.533743993497438562e-02,2.412562057232107982e-01,1.721330156428053371e-01,4.380081122648200043e-01,2.071894747746814405e-04,5.389348867231390505e-01,6.021754894851341078e-01,-1.837053446915666022e-01,-3.325183880658862390e-01,4.254093984333288114e-01,6.313700802460774086e-02,-1.023818820773135518e-01,-5.043406194965295297e-01,2.289555259823570221e-01,-5.666711823347065913e-01,-1.916391078102463175e-01,-4.826574440787638753e-01,-8.563619121994756056e-02,-4.137972252548032248e-01,1.361234849269657085e-02,1.988859581317884567e-02,1.057256014471387867e-01,-1.840480042075401043e-02,-9.442740001115636217e-02,-1.607678760688187880e-01,2.903091107587119080e-01,-3.661595837085322436e-01,2.138864761054753705e-01,-1.180597502569946389e-01,3.195276079975137296e-01,-3.163783279809385951e-02,2.707344866880762591e-01,-3.253432571779199534e-01,3.641753460462669734e-02,1.227629513343799078e-01,-8.416673971423789882e-03,-1.870873144259656284e-01,-9.180725003785192295e-02,3.106806174246348196e-01,1.180294687183737201e-01,-3.812764465411310616e-02
9.635744965694204023e-02,-1.303508674067049566e-01,1.000000000000000000e+00,6.456374662321000546e-01,4.079369506490608810e-01,3.387101658312680619e-01,6.943524930471993706e-01,2.613440221852114664e-01,7.358892014439512297e-02,2.482783351528819182e-01,1.052442843595852995e-01,3.357632939938958727e-01,5.252061933715306274e-01,3.409605622803592584e-01,3.450772577676131103e-01,4.078732000414379000e-01,-1.099427041413988532e-01,-1.668879344006247434e-01,1.678872251751149514e-01,-4.277665771501884540e-02,-4.083385794770856558e-02,-1.595199579245989707e-01,7.507590306720111073e-01,8.100646271784778252e-01,3.156276645761779687e-01,4.078174182597678055e-01,7.056873510825649454e-02,-2.520380272374471084e-02,-8.080389516212576478e-03,-3.934846879009315512e-02,7.505040282415191832e-01,7.245224681047741644e-01,1.460303293515766432e-01,6.525352819769063284e-02,-1.891066149224234771e-01,-1.894508682035875580e-01,-1.629672720318115497e-01,-2.191522762951334247e-01,-4.778378981424666883e-01,-4.453107443680322519e-01,-1.823410816884348529e-01,-1.553474806556749965e-01,-7.842918502816979831e-02,-2.586904031429049788e-01,4.999131397971137147e-01,3.485962913084015291e-01,-4.993840097538429501e-01,-3.365633641195642789e-01,5.169010829634469451e-01,4.185864896524795209e-01,1.439807473164978480e-01,9.556216082684537358e-03,-3.653611073480544369e-01,-1.627266134880347992e-01,-5.079616540095147625e-01,-1.022304743842089719e-01,-2.948943732119946662e-02,-2.081919530795527939e-01,4.647690235797559688e-01,1.471379961590258967e-01,1.250707233303317290e-01,-1.415183800970603034e-01,-2.158388384639291224e-01,-3.122743826152092894e-01,1.328498912255257347e-01,1.436125875574751631e-01,5.452270716955270879e-02,1.296257042449935892e-01,-1.005347082214377331e-02,-8.485046498099435563e-02,7.101339559642677601e-02,3.313931898413406962e-01,-8.144140123835555758e-03,-3.515846010407286393e-02,-6.556749994023380879e-02,1.420809792093331025e-01,-1.195260142323231467e-01,7.383914127931531790e-03,-5.395277673740327407e-01,-1.730542119229573905e-01,-5.732693702236849598e-01,-2.221453673230323056e-01,2.571906700985743810e-01,2.799910749149328026e-01,-4.725497852401405741e-01,-1.663556168269728908e-01,2.997617321040091376e-01,4.464231924710532207e-01,-5.246069376598745393e-01,1.062435751340754936e-01,1.330762058825873118e-01,2.544764879790260489e-02,-3.241702459976571471e-01,-1.308831849803568370e-01,-3.199340181211102196e-01,-4.038122863358541426e-01,-4.119261449210687709e-01,-1.597526476424228348e-01,-1.082915634039636893e-01,-2.430794731012279886e-01,-3.092605726398329757e-01,-2.361705010000876570e-01,-1.456701384185068006e-03,2.485907131302345363e-01,-5.534827753827028518e-01,-3.338778697734462453e-02,-1.105084907840527819e-01,3.317597558351728093e-01,-1.215198144857318197e-01,-3.430738949230609930e-02,-4.760624437201667059e-01,-1.196742343950465831e-01,-2.283355513232235567e-01,-5.726940209898875311e-01,-5.074755556263895739e-01,-1.662249280813457852e-01
8.829459155782579116e-02,1.773255026336969797e-01,6.456374662321000546e-01,1.000000000000000000e+00,1.835714684155583254e-01,-7.006191777765381767e-03,5.751643570352780177e-01,6.888125652447625313e-01,-2.544318625536899914e-01,-1.528484568368542185e-01,3.015180613440222035e-01,4.860776641777366791e-01,4.055144275593876579e-01,3.515766322147758083e-01,6.422873718015124954e-04,-8.336985711895066042e-02,9.943501023994135227e-03,9.764202440054506327e-02,4.405868243431695364e-01,3.312083130792340402e-01,-2.178565451951963994e-01,-1.231390799193554791e-01,7.410498131310313541e-01,7.719608890022232606e-01,2.033038752400608828e-01,9.621879208536206207e-02,-1.438054331455346745e-02,-1.104112711074277386e-01,-7.772314704874530578e-02,-5.215596586154961495e-02,3.994294320617743366e-01,5.673310011236044614e-01,4.040896014790140711e-01,3.941349440986859354e-01,9.656623289690729334e-03,-7.443520946059016541e-02,-2.397166285491158511e-01,-4.827992891807249970e-02,-1.744583190558534891e-01,-2.597072253344914761e-01,-1.221413829100558568e-01,-1.270581485229781149e-01,-6.605678585374016865e-02,-1.299922702388257023e-01,-7.004598012574807415e-03,-1.839842535999171302e-02,-2.968387667444955524e-01,-2.406760751938416820e-01,-7.169074580242093542e-02,-7.679238817744982182e-02,-8.470065105308034747e-02,-1.162651706524077816e-01,-3.076110256675884114e-01,1.806851596554279529e-02,-4.384033660320825199e-01,-1.099713919148291863e-01,-1.443473133103299888e-02,-6.176158866514196155e-02,3.343400616787128854e-02,-1.375833738415319363e-01,1.135637386543840444e-01,-6.640582043047597860e-02,-3.672672505159815109e-02,6.468774155503669021e-02,-3.386272900413581782e-02,1.255711656001721188e-01,-1.096478575811425660e-01,1.424666703854521148e-02,-1.229350779749619482e-01,-2.842798970427687019e-02,-9.809784124504936087e-02,-7.036313939867239187e-02,6.202774745196790174e-02,1.960809313963773545e-02,3.355672608754552144e-02,2.083226418251798995e-01,2.402553211835300184e-01,2.363490027014319983e-01,-2.790364095657786869e-01,-1.429416124122432907e-01,-2.805632366183490323e-01,-1.916773581748200950e-01,-3.887033923292081139e-02,7.403039310218425748e-03,-7.298966443273911808e-02,-8.924128808102702037e-02,-2.991497262708285327e-03,-1.847651985432986060e-02,-3.023436317127397577e-01,-6.081807967232187410e-03,-9.037923642709719263e-02,1.484432898501063768e-02,-9.596378965487015189e-02,-2.946871837372200004e-03,-3.544390344970475559e-01,-3.561603009028679878e-01,-4.648407430133318363e-01,-3.310170612563650971e-01,-4.097729681486026454e-01,-2.893161950449840147e-01,-3.808254109921985209e-01,-1.228856712540541407e-01,-3.589477962211827244e-01,-2.178406075432906541e-01,-2.219015212488744115e-01,7.000294846560256579e-02,-1.651475428125174227e-01,-1.722844233359099309e-01,-2.182342675453625286e-02,1.809560997378256361e-02,-3.555004821139701732e-01,-2.035317836623130316e-01,-3.463363322681669576e-01,-2.990891631935866934e-01,-2.488775908645379231e-01,-8.367745380073153549e-02
-2.916287483365075928e-01,-5.187546318800850820e-01,4.079369506490608810e-01,1.835714684155583254e-01,1.000000000000000000e+00,9.714795719146697428e-02,5.829291810437567944e-01,-1.556311708595972503e-02,1.979073863047757231e-01,6.188271481962562270e-02,1.640207508227812805e-01,1.027436667755739497e-01,3.894891185681613743e-01,2.492282192064643187e-01,4.369323207611822690e-01,3.963773717218242454e-01,-2.031939054419112378e-01,-4.879519320418522765e-01,-2.042330403461657951e-01,-4.898947318091625425e-01,1.303046482161783204e-01,-1.792571460446732434e-01,4.519392137956315114e-01,3.711608188765549432e-01,7.432810843978356896e-01,6.879168692076595981e-01,5.838487835587182762e-01,4.858625058770091321e-01,2.886308760130370035e-02,-1.336164922821920509e-01,1.405605272175250442e-01,7.347576281586433444e-02,-2.407430133318458065e-01,-4.312776418650240418e-01,-4.747826502721353981e-01,-4.814621201858330091e-01,-5.843699447760361543e-02,-2.750774968323916880e-01,-6.243734510594554227e-02,-2.087402083051104196e-01,-2.052004558168445125e-01,-1.388695423503255311e-01,3.948234506610141109e-02,-2.244738582664616011e-01,9.314282526755332525e-02,-8.114814844328985255e-02,-2.251607710635991910e-01,-3.197395787678601331e-01,2.237996955908486130e-01,7.272509941110376352e-02,1.157934161559977387e-01,2.014519200886133454e-02,-4.657141263377666263e-02,2.814669014814047410e-01,-3.531815537616843081e-01,-8.306385420236037098e-02,-2.879184629728502309e-01,-6.039015371865262827e-01,-5.034704237024759284e-03,-3.772314704874530911e-01,-2.070890675676752557e-01,-5.997274661524117922e-01,-3.059439472782474745e-01,-5.421144482783351037e-01,-3.188598203826630284e-01,-4.903935803138123606e-01,-4.748033692196128586e-01,-3.960506498577564538e-01,-4.610603319812892065e-01,-4.358326227796858743e-01,-4.177274502147598767e-01,1.690984867199515559e-02,-1.917251711305373307e-01,-5.664273362605487527e-01,1.524611718955446171e-01,2.947445592840806650e-01,-2.165783455123556633e-01,-1.907450055383340393e-01,-5.186127867781239464e-01,-7.578353481181616946e-02,-6.602475117340962374e-01,-4.635928248691120190e-01,2.885384376319836686e-01,4.005865055901314253e-01,-4.439385125389476161e-01,-7.118233470662767293e-02,3.545059726350516804e-01,5.139063981703575479e-01,-1.940488807783949110e-01,4.001514076931045882e-01,2.286112727011929413e-01,4.833650758233789535e-01,2.136346612053646177e-01,4.193100590490003166e-01,-9.055295683286981867e-02,-1.700069328785789868e-01,-2.623034688299372696e-01,-4.430985982835149162e-02,-1.663380854098765738e-01,-7.815027611981927025e-02,-4.020830511040808242e-01,2.690371267601144312e-01,-3.146204049757349019e-01,-1.241702459976571672e-02,-3.681932280917052380e-01,1.094247304544621463e-01,-3.459633912135725020e-01,1.617368853046880495e-01,-1.647299763325869304e-01,-1.071360836407972000e-01,-4.189132115165472570e-01,-8.108280407047629978e-02,-1.929890269266628863e-02,-4.213692036752225145e-01,-1.565683047916550386e-01,-7.522571699511511334e-02
2.038314115181410202e-01,4.587971854106734360e-02,3.387101658312680619e-01,-7.006191777765381767e-03,9.714795719146697428e-02,1.000000000000000000e+00,-6.139183514092868416e-03,-1.308417470854019160e-01,5.325773573779375436e-01,5.875861629306153855e-01,-2.964737945158539834e-01,8.612228960307277692e-02,-2.120823339097450619e-02,1.396935189538525343e-02,5.030767637004039949e-01,5.653897951214847950e-01,-2.280024543983934782e-01,-7.645291619185745624e-02,2.125445258150116673e-02,-1.134936129859987763e-01,1.080254046171377595e-02,7.654535457291077039e-02,6.627672545003944482e-02,2.134689096255448781e-01,6.119261449210687542e-02,2.522436229470312319e-01,-5.978691359402019123e-02,-1.243280287515240445e-01,-1.342253105849915140e-01,1.802070300982556300e-02,5.005426770473906384e-01,3.530126146514833696e-01,3.476161257161982515e-02,7.002207364788945454e-02,5.681294774840822681e-02,1.565874299739419481e-02,1.134027683701360339e-01,-2.185370829315716815e-02,-1.219182557833754371e-01,-1.089609447840049761e-01,-8.054092390568097504e-02,-9.337710875056777493e-02,-9.516371952920175958e-03,4.301412872841444551e-02,6.279817354509160676e-01,5.656432037867861196e-01,-2.493429703001856790e-01,-2.241423551068221220e-01,5.980587939978803114e-01,6.156858370056339513e-01,3.593430499884451845e-01,2.912446509255791072e-01,-1.199372056514913659e-01,-5.138569914494497404e-01,-9.927882125126505364e-02,2.365625672369689805e-02,2.198774394568448198e-01,1.897393397030815443e-01,6.029468718373721670e-01,5.616731346970650351e-01,3.215198144857318030e-01,2.736462956912558142e-01,7.464239893536485371e-02,-8.455880595111922582e-02,3.187721632971814434e-01,3.695272095562160963e-01,4.839563627090820441e-01,3.368422730279148070e-01,3.536644646144283533e-01,1.882667006669907217e-01,4.358405916056387608e-01,4.306289794324602016e-01,1.445385651331989284e-02,2.629122871327367328e-01,-2.693941301628031276e-02,-7.504880905896134380e-02,-1.177505598100231921e-01,-9.232044242921690069e-02,-2.558837826423033257e-01,-3.864019953940185936e-01,-1.921252061933715338e-01,-7.714779781494791877e-02,2.804277665771501837e-01,2.504601996987783630e-01,-1.096207635729028046e-01,-1.760313652989504984e-01,5.119954737068587169e-01,4.154770537656686802e-01,-1.832431527862999898e-01,-1.673214385324610087e-01,2.072229438436835047e-01,-1.831825897090581523e-01,-6.574918917195929358e-02,-3.921921443313756694e-01,-2.638940464901305960e-01,-2.584290256516507678e-01,7.144689972826304136e-02,-1.444907521774816891e-02,2.972133015642805520e-01,9.768346229549999815e-02,2.596227557793910345e-01,-3.854999242961534289e-01,4.678752719361856660e-01,3.100877367737411294e-01,-8.313876116631736812e-02,-1.051279395006733675e-01,8.075448844121795033e-02,3.839157216967224451e-01,-8.907234897082612346e-02,-3.198272358533417181e-01,-4.502864792930057897e-02,1.446533162269202921e-01,1.560917689996732804e-01,2.778410856728478345e-02,-1.203149280016575090e-01,-1.273386511965192147e-01
-5.497374271848528421e-02,-3.135828638366709442e-01,6.943524930471993706e-01,5.751643570352780177e-01,5.829291810437567944e-01,-6.139183514092868416e-03,1.000000000000000000e+00,3.408585613081624444e-01,2.944321813067280955e-02,7.013044968084851394e-02,4.660153479587852421e-01,4.330260022790842211e-01,6.867677645052554514e-01,4.363840655356246434e-01,2.347568312760481002e-01,2.243846074157894444e-01,9.093546047860769088e-02,-1.620779510554709868e-01,1.437894954936289327e-01,-1.599056491007180003e-01,-2.498593502219318141e-01,-2.434763206336810482e-01,8.269728820852824125e-01,6.794412259241845442e-01,4.120616149622676194e-01,3.815681055710062330e-01,2.842846783383404241e-01,2.455545904421901626e-01,2.019826438970746540e-01,-1.287475396249870563e-01,4.627497230832981479e-01,5.106710548334914002e-01,7.407501852752033933e-02,-1.474232801281387117e-01,-3.147510937213620075e-01,-3.254101953159240779e-01,-2.030759668178087340e-01,-3.430133318458191694e-01,-3.789176740590808889e-01,-4.327566559618771236e-01,-1.286216321749316660e-01,-1.670999051709711747e-01,-3.238212114209213649e-02,-2.644757707846903116e-01,1.485261656400162500e-01,3.978516045231056397e-02,-4.905513630676792136e-01,-2.849827474918120163e-01,2.076484791495668836e-01,1.245495621130138925e-01,-1.566671182334706527e-03,3.903290328235940743e-02,-3.435583995409956515e-01,2.200049406720907819e-01,-4.734215747993847923e-01,-1.033301723657053667e-01,-1.902079066691104436e-01,-4.763206336810397734e-01,1.118615974308505151e-01,-2.916669987010813703e-01,-8.417311477500019623e-02,-5.019069400505223877e-01,-1.705966259990915612e-01,-3.078564655069368494e-01,-1.828478990190375297e-01,-3.099235789591119339e-01,-3.531114280932990401e-01,-2.155806485030560549e-01,-3.461387053845356720e-01,-2.812788371889169414e-01,-2.766744495533473014e-01,1.362063607168755852e-01,3.008709926766489628e-02,-2.425694682402441682e-01,-1.387229159527926803e-01,2.052466750073711765e-01,-1.396409247025635625e-01,3.330969248300648085e-04,-4.997234817394353157e-01,5.598737737969065181e-02,-6.296759078484966965e-01,-3.371817450135071725e-01,1.243041222736654267e-01,1.539401859923977267e-01,-5.100239861661181040e-01,5.064667022607559355e-02,1.239742128792165055e-01,2.827355385731020188e-01,-4.255910876650543240e-01,4.163647809768186714e-01,-2.402122895233845326e-02,3.003912693542860057e-01,-2.276932639514220313e-01,2.318593661595837185e-01,-2.056674290176828124e-01,-3.367323032297651619e-01,-4.773278932814828401e-01,-1.602291834344046206e-01,-2.430938169879431621e-01,-2.284295834694674565e-01,-6.385149295954226645e-01,9.758783638406554051e-02,-4.064228737180151096e-01,-2.002247208918710164e-02,-6.472152937707688070e-01,5.171768043414164129e-02,-4.170931316689112101e-01,1.329710173800094097e-01,-6.138386631497581153e-02,4.072548191474949925e-02,-4.459992509303604136e-01,-1.174875885535783954e-01,-3.156356334021308552e-01,-6.945915578257855216e-01,-4.951748758855357702e-01,-1.510028767461689958e-01
-1.014399668496840379e-01,3.589717026990413284e-01,2.613440221852114664e-01,6.888125652447625313e-01,-1.556311708595972503e-02,-1.308417470854019160e-01,3.408585613081624444e-01,1.000000000000000000e+00,-4.370693845675716616e-01,-4.022137398497079297e-01,3.718445441433113619e-01,6.878403684785120431e-01,4.786188430858481779e-01,6.186932719202480335e-01,2.803432970220497492e-03,-3.333662711472718532e-01,9.737905314410028436e-04,4.381037381762544758e-01,2.391078102463164157e-01,3.483221636956227441e-01,-3.664863055725999796e-01,-3.239487126361673131e-02,4.539409828749930154e-01,4.589007801480607940e-01,1.301357091059774096e-01,-7.568472137000055444e-02,-9.568966204209133908e-03,-9.671285929444015106e-02,2.698563220680696984e-02,3.124847596203651490e-01,1.791535513072858854e-01,3.685486377292033766e-01,1.267170827721951776e-01,3.052426905943947388e-01,-1.843093816987943223e-01,-2.413343002175489527e-01,-5.747691032680155576e-01,4.735235757715815924e-02,-7.801639984381100734e-02,-1.114822813154937864e-01,-3.028153862091498283e-01,1.486552606204527838e-01,1.341312784387476212e-02,5.591406418092422642e-02,-1.443887512052849376e-01,-2.338627290041358220e-01,-1.073815234801456658e-01,-1.934352811800237604e-01,-2.796627592856744671e-01,-2.409087649116655738e-01,3.422610746758680128e-02,4.466048817027787332e-02,1.053016599064459796e-01,5.187546318800850820e-02,-4.143470742455514222e-02,-2.926391954673318030e-01,-1.698284311772346455e-01,6.000844695551004609e-02,-2.813266501446342049e-01,-2.120504586059335783e-01,-5.602084644869271060e-03,1.450756640024225275e-01,-3.167767692785821571e-02,2.674322052132059313e-01,-2.378551108065248831e-01,-2.981137788969551172e-02,-2.874849588410139378e-01,-3.088557562814270296e-01,-2.747730876809919565e-01,-2.349688020463945037e-01,-7.688004526293140684e-02,-2.249711130059208475e-01,-3.734669971073161648e-02,2.165241574958761406e-01,1.224649172437424771e-01,1.329168293635298592e-01,1.011435265242371789e-01,3.208089952107356230e-02,8.428945963391214213e-02,-1.304656185004263343e-02,6.375379515336004888e-02,7.691829562750519822e-02,-1.707113770928129215e-01,-2.163089991951485658e-01,2.655850313573301369e-01,-1.364039876005068153e-01,-1.711544438157926173e-02,-3.067551737602499107e-01,1.135159256986668086e-01,-2.995099172038983570e-01,-5.870155949923897692e-02,-1.807887543928153040e-01,5.184358788419702463e-02,-7.432523966244053426e-02,-2.203794754918757814e-01,-2.456693415359115229e-01,-4.176174804166102317e-01,-4.324442779845245610e-01,-5.551610101283778187e-01,-2.903314234713799680e-01,-1.083760329590641447e-01,-2.556558742200511491e-01,-3.287013204344603756e-01,-4.863629481468495497e-01,-6.112727011929332266e-02,-3.108830256038377926e-01,-4.112551697758369540e-02,-5.345711576313462166e-01,-3.251121612252867027e-02,1.605814055415215602e-01,-2.792802556399365810e-01,-3.520101363466120459e-01,-2.688379061112926016e-01,-1.521041684928559345e-01,-1.265178621233733758e-01,-1.420857605049048178e-01
1.392743587087314494e-01,-2.411430483946800096e-01,7.358892014439512297e-02,-2.544318625536899914e-01,1.979073863047757231e-01,5.325773573779375436e-01,2.944321813067280955e-02,-4.370693845675716616e-01,1.000000000000000000e+00,7.874761931324657516e-01,-1.063392010455099651e-01,-2.063208727458183678e-01,-2.287435552120106186e-01,-2.010136346612053648e-01,4.495581286009132094e-01,5.372869335160850301e-01,-1.680705081720310079e-01,-3.023356628867868712e-01,-6.776211460765485528e-02,-2.803002653619042217e-01,-6.113364518005562354e-02,-7.036313939867239187e-02,-4.250253010224003952e-02,-4.600721975631330563e-02,-7.681948218568958363e-04,2.815832463403166730e-01,1.874267864115579732e-02,6.810158659324722086e-02,-1.397524882659037793e-01,-2.444437361043597379e-01,2.224083385794770884e-01,6.161018097203738858e-02,5.500083672672504732e-03,-7.825068332682545702e-02,-9.913219485373219071e-04,1.272494003458470579e-01,2.961725728948353953e-01,5.567021810676632716e-03,-5.109929954019874071e-02,9.829068683310887566e-02,6.162133732837141165e-02,-1.719704515933667410e-01,-2.647642422841842702e-01,-2.922471292304504864e-01,3.951900166548462656e-01,4.273378543139239039e-01,-3.555530763652591242e-01,-3.739005012391524163e-01,4.417662105841946296e-01,4.792388177449816156e-01,-1.715050721577189921e-02,-1.678234745674919703e-02,-2.983369060236355508e-01,-3.339926208671676333e-01,-1.659842695375690347e-01,-2.146004829108527287e-02,1.459761413350970927e-01,-1.748360414060196391e-02,4.545545824733642215e-01,3.670265919722047188e-01,2.380686753420618584e-01,2.993409780936974462e-02,2.048625775964427187e-02,-2.542645172086796523e-01,1.892723665022432167e-01,4.313525488289809973e-02,3.285132561419725761e-01,2.268342245137023871e-01,2.413757381125038737e-01,1.516866020129254422e-01,3.111268716779956867e-01,4.713401174604945343e-01,1.376248117364868573e-01,1.859286471324179957e-02,2.524842814908079616e-02,1.291284495055343429e-01,-1.380423782164173774e-01,-1.194734199810341957e-01,-2.387794946170580801e-01,-2.047605766242459602e-01,-1.918670162324984663e-01,-1.983010463068476115e-01,1.341918415159894518e-01,1.840113476081568777e-01,-3.300831148546884419e-01,-1.339846520412147635e-01,2.723776585995585364e-01,3.973941939134107426e-01,-2.761963199961749438e-01,1.132497669118408823e-01,-6.298719409669373270e-02,-6.966985154077250109e-02,-1.954513941461004656e-01,-2.164237502888699538e-01,-2.917865310903744458e-02,-6.364063782482927423e-02,1.383547561937699677e-01,1.720724525655635273e-01,3.255313214704077529e-01,3.425001394544541569e-03,1.224011666361195065e-02,-1.439695909601638457e-01,2.879104941468973444e-01,3.259202001769079260e-01,-1.872514722405947962e-01,8.427511574719696863e-02,-8.050586107148834103e-02,4.481364900509208216e-01,-5.944903537361840434e-02,-2.659882539505454835e-01,-6.197993449625066598e-02,6.011044792770681156e-02,7.869534381499573850e-02,-1.599550558216258078e-01,-2.640422666528540185e-01,-6.621297484241646381e-02
3.443106567109467941e-01,-1.841053797544007775e-01,2.482783351528819182e-01,-1.528484568368542185e-01,6.188271481962562270e-02,5.875861629306153855e-01,7.013044968084851394e-02,-4.022137398497079297e-01,7.874761931324657516e-01,1.000000000000000000e+00,-1.792252707408617529e-01,-2.668791686920766182e-01,-1.879686665763533049e-01,-2.008813521503876875e-01,4.540158898389500264e-01,6.570376686402792377e-01,-1.252922566918215908e-01,-2.155583357903879949e-01,8.569037923642709720e-02,-9.853772043764792710e-02,3.485564471786371799e-02,4.257584330100646491e-02,5.155192885432189481e-02,8.893528516443671705e-02,-1.630103036919570703e-01,2.095434659611599415e-01,-1.036664568209165749e-01,-8.336188829299778780e-02,-1.150092836822350917e-01,-1.657117356899807936e-01,4.261568743077082666e-01,2.120807401445544971e-01,7.968507199834248822e-02,-2.375188263513136611e-02,2.407541696881798296e-02,7.154252563969749901e-02,2.640103913490425280e-01,-3.131429846440723919e-02,-2.316203013809975397e-01,-7.842599749778865481e-02,4.989281929093386525e-02,-8.125174318067719670e-02,-2.068260963112304729e-01,-2.254683677453800661e-01,5.829674314083306275e-01,5.956426459689694308e-01,-3.719162635768872294e-01,-3.300926774458319279e-01,5.995601208074013977e-01,6.249982070141606449e-01,1.225541680944146478e-01,8.667373235901154604e-02,-3.423296065790626952e-01,-4.805265800189658099e-01,-1.740152523328737932e-01,8.131868131868132121e-02,3.169648335710699705e-01,9.318585692769884576e-02,7.024743204583668854e-01,5.655093275107778705e-01,4.369737586561371900e-01,1.907880371984795598e-01,1.404154945851827652e-01,-1.970706595797241112e-01,3.453705105626788119e-01,2.174262285937412775e-01,5.056475069528006960e-01,3.634565579453178930e-01,4.358071225366366708e-01,2.641394863294790896e-01,4.130704683279012301e-01,5.758879264317987579e-01,2.062077154172875793e-01,1.956713337423997279e-01,-7.953525807042848006e-02,9.464893337264621009e-02,-1.190829475093434509e-01,-7.848656057503047845e-02,-2.916781550574154003e-01,-1.671381555355449522e-01,-2.244627019101275711e-01,-1.279793448031301684e-01,9.671126552924957931e-02,1.753779215708149708e-01,-3.501964315597382860e-01,8.976085553315429899e-03,2.902023284909434064e-01,4.570265122839451966e-01,-3.640446573006398956e-01,8.805552677923961236e-02,-8.431495987696133176e-02,-2.351281785654519563e-01,-4.265457530142084397e-01,-4.001020009721967807e-01,-4.604547012088709007e-02,-1.682107595088015717e-01,1.240714325558415487e-01,2.445505183721282394e-01,4.017658918311565186e-01,4.084820183442373215e-02,1.216520969965494969e-01,-2.713257735737793497e-01,4.233422849811537270e-01,5.075042433998199209e-01,-2.710978651515272286e-01,2.829411342826861422e-02,7.409414370980723155e-03,5.872674098925005914e-01,-5.214321574002502013e-02,-1.340914343089832650e-01,-5.823777382878180670e-02,7.890572082015157029e-02,1.285005060204480187e-01,-2.099817513885679221e-01,-4.010773852688283569e-01,-3.195021077544645677e-02
3.124751970292216630e-01,1.020455976221023298e-01,1.052442843595852995e-01,3.015180613440222035e-01,1.640207508227812805e-01,-2.964737945158539834e-01,4.660153479587852421e-01,3.718445441433113619e-01,-1.063392010455099651e-01,-1.792252707408617529e-01,1.000000000000000000e+00,3.521201061447616909e-01,5.232841125516977110e-01,1.633800572161703546e-01,-5.540565308513097087e-02,-1.667556518898070661e-01,4.500187267409892500e-01,1.692642382997713024e-01,2.957566001800954747e-01,2.206902597040378000e-01,-3.740519089322570379e-01,-3.552470734486687931e-01,3.503813083218449420e-01,1.012869653913888862e-01,1.065623281721903848e-01,-1.164723601271824664e-02,1.459155782578552829e-01,1.467491174525257236e-01,4.004749420267911808e-01,-1.670090605551084184e-01,9.675270342420451419e-02,1.553809497246770588e-01,3.200057375546860872e-01,1.940122241790117052e-01,-1.661022081616715315e-02,-9.627776139741331396e-02,-1.334093028074173903e-01,-9.345201571452478595e-02,-2.001625640494386071e-01,-1.738957199435807108e-02,1.030815449959757435e-01,-1.851907338491819988e-01,-1.676959733522460083e-01,-2.134944098685940539e-01,-2.523870618141829114e-01,-1.673612826622253857e-01,-2.806461124082588743e-01,-1.764218377706412433e-01,-2.291276526229390487e-01,-2.301205683366669696e-01,-2.324315278629999482e-01,-1.125277912805106445e-01,-2.087178955924423596e-01,3.161010128377785833e-01,-1.400313971742543073e-01,-9.755436731506347825e-03,1.710635991999298611e-01,-2.732669795758990716e-02,-1.511750033867510223e-01,-3.093498234905051603e-01,1.410163440620293418e-02,-1.966530930997936188e-01,2.695949445768154873e-01,2.007060379794244898e-01,-1.426945788077042532e-01,-2.259719975456015995e-01,-2.746312425790308209e-01,-1.477994087131142831e-01,-1.734048402648837861e-01,1.714891345058132529e-03,-1.278566248834559216e-01,5.294328586569340550e-02,2.433998199045334654e-01,6.229390623879384192e-02,1.722382041453832460e-02,6.510052673939548118e-02,1.210432786937500477e-01,2.789200647068667549e-01,4.693000980165592390e-02,3.542398138482257264e-01,-2.218202392241551066e-02,6.802030456852792284e-02,-1.996876220226473930e-01,-3.459984540477651360e-01,-9.736311549219453521e-02,2.877798054012702389e-01,-2.491835937811282264e-01,-2.514658655340308857e-01,-1.971025348835356017e-01,2.892938823323159547e-01,-4.715202129270294473e-01,9.091314776593964475e-02,-1.542175011355577108e-01,1.996477778928830438e-01,-7.626007060379794145e-02,-1.191658232992533206e-01,-3.256906979894652054e-01,-1.704659372534644557e-01,-2.458574058283992947e-01,-1.594864888555969085e-01,-3.819314840344572026e-01,2.445823936759397299e-01,-3.658153304273681350e-01,-1.185554112312632996e-01,-3.280988771924232550e-01,2.467945397604571003e-02,-4.133796587748727047e-01,-1.989656463913171691e-01,2.624931268876156635e-03,6.927459777351002712e-02,-3.370446812071177800e-01,-2.551060252293029795e-01,-2.681589621401078705e-01,-2.567476033755946574e-01,-1.897600586505590048e-01,-6.487421208233390413e-02
-9.799424650766203060e-02,2.974061471523400391e-01,3.357632939938958727e-01,4.860776641777366791e-01,1.027436667755739497e-01,8.612228960307277692e-02,4.330260022790842211e-01,6.878403684785120431e-01,-2.063208727458183678e-01,-2.668791686920766182e-01,3.521201061447616909e-01,1.000000000000000000e+00,5.730303054450988087e-01,6.733275426531408758e-01,1.740646590537816008e-01,-3.639840942233980858e-02,1.092302911012120598e-01,4.320665556343583624e-01,1.253894763684466340e-01,1.718047000135470015e-01,-3.186414745515543379e-01,-6.173768218728335061e-02,4.623018750647467368e-01,4.476934233279410980e-01,2.711791471762465267e-01,1.470232450653045364e-01,4.944178374200128984e-02,3.406991847891049918e-02,2.108790411908613438e-01,3.010208066045629294e-01,2.858210679820542000e-01,4.018583302122098466e-01,7.016870004542230532e-02,1.824383013650598961e-01,-1.500306799799185631e-01,-1.533696180541720688e-01,-4.256006502561977545e-01,-5.899321852911410674e-02,-6.175521360437966761e-02,-1.623488911378686561e-01,-1.868084055176151004e-01,4.209771374383412118e-02,5.176549338985887011e-02,1.623090470081042791e-02,-8.921897536835898465e-03,-8.678370215716119107e-02,-2.195347799408713108e-01,-2.000159376519057564e-01,-5.678585374016845849e-02,-4.777151782227924415e-02,7.280797520101363329e-02,1.991313979711369087e-01,4.639450469762289656e-03,9.776793185060045355e-02,-1.128991385699145006e-01,-9.554462940974906004e-02,-9.426802349209890963e-02,6.190343376710309015e-02,-1.078373403246499634e-01,-1.505359035453306682e-01,8.676457697487429191e-03,1.067025795089609520e-02,2.799129804205946481e-02,2.751667476830638726e-01,-1.655906095354971463e-01,-1.587868259369347099e-02,-2.076516666799480548e-01,-1.762050857047231245e-01,-2.245137023962259504e-01,-1.000262971256444811e-01,-2.063925921793942266e-03,1.244730613838663158e-03,4.678975846488536705e-02,1.743451617273227006e-01,7.942050697670711978e-02,2.110782618396831595e-02,6.883312481572090302e-02,3.859939915052315595e-02,-3.074691805656272828e-02,-3.967997194973264807e-02,-6.416020527695655284e-02,3.822805186111929987e-02,7.059104782092454067e-02,-5.498968037039102946e-02,5.655316402234458750e-02,-7.240315884260771495e-02,1.466789917841404556e-01,-1.054020671134521803e-01,-4.238618524332810056e-02,-1.356915745603200218e-01,6.237040696794141081e-02,-1.037700515583039190e-02,3.920662368813203173e-03,-2.114129525297037820e-02,-1.513933492178597406e-01,-2.371219788188606292e-01,-3.654949836240626859e-01,-2.582154611161137647e-01,-3.144769661085832224e-01,-2.348317382400051112e-01,-2.331678473810453456e-01,-2.257584330100646242e-01,-3.203276781231821357e-01,-3.414020352381483825e-01,-1.978372606363904274e-01,-1.951565475858441645e-01,-1.005873024727266946e-01,-3.544629409749061599e-01,-8.930344492345942964e-02,7.119189729777111730e-02,-2.924320059925571424e-01,-2.177258564495692938e-01,-2.794029755596108000e-01,-2.618157766816214815e-01,-1.528388942457107880e-01,-2.201467857740519174e-01
-1.068906438014487342e-01,-9.086374104503183724e-02,5.252061933715306274e-01,4.055144275593876579e-01,3.894891185681613743e-01,-2.120823339097450619e-02,6.867677645052554514e-01,4.786188430858481779e-01,-2.287435552120106186e-01,-1.879686665763533049e-01,5.232841125516977110e-01,5.730303054450988087e-01,1.000000000000000000e+00,6.578791766609025649e-01,2.541800476535792108e-01,1.587007626166437035e-01,1.806676282383316567e-01,5.137502091816812527e-02,7.531974914135899923e-02,-6.905147064682960745e-02,-3.464813649005091811e-01,-2.134083465483030406e-01,6.107483524452342882e-01,5.142873080509048345e-01,3.901776251304895360e-01,2.786172493206575673e-01,2.123867430611448004e-01,2.275705440317478123e-01,3.243774354724318632e-01,7.263425479524102113e-02,4.473077321518220684e-01,5.339384328506880939e-01,-9.938241598865239779e-02,-1.494951748758855392e-01,-3.176692777853039051e-01,-3.324642000494067440e-01,-4.248276741387691513e-01,-1.840623480942552848e-01,-3.530588338420100336e-01,-3.013140593996286309e-01,-1.769589366398648389e-01,7.566559618771366569e-02,1.152722549386798884e-01,-5.663444604706388552e-02,1.883878268214743967e-01,4.427479699415885067e-02,-2.662783192152300416e-01,-2.563348181912358803e-01,2.050123915243567130e-01,1.170540844217421439e-01,2.109603232155806418e-01,2.465315685040123106e-01,-2.612340523870618214e-02,2.155312417821482474e-01,-1.675716596673812175e-01,-5.192168237853517221e-02,-2.012128553100271666e-01,-3.091298838942058702e-01,-8.252038027237447448e-02,-3.040951796571810806e-01,-2.146323582146642261e-01,-3.324068245025460500e-01,-1.321040091163368790e-01,-1.207197443600634273e-01,-2.923124736032640114e-01,-2.192877463363322732e-01,-4.041119141916821311e-01,-3.351959135860513861e-01,-3.614133509710014680e-01,-2.779510554709974657e-01,-1.601638390615910679e-01,1.132051414865047900e-01,-1.976699152913801161e-01,-1.438420897449178837e-01,-4.173433528038313772e-02,-4.613790850194041115e-02,-1.664894931029811398e-01,-3.706779080238108842e-02,-2.356270270701017744e-01,9.373570591844702926e-02,-3.423041063360134917e-01,-9.743961622134210410e-02,2.364350660217230116e-01,8.892094127772155743e-02,-1.900549052108152781e-01,-1.299874889432539940e-02,2.030887169393333358e-01,1.640430635354493127e-01,-1.847094167616284976e-01,1.728183346747523552e-01,1.207771199069241075e-01,9.079042784626541185e-02,-5.110886213134219203e-02,1.536086828327582476e-01,-2.194200288471499505e-01,-3.397429256747603321e-01,-4.268660998175138888e-01,-1.843253193507000676e-01,-2.263385635394337403e-01,-1.766401836017499616e-01,-3.018862211030449161e-01,-1.169664273362605415e-02,-2.563619121994756278e-01,-7.263744232562216463e-02,-5.553379180645315882e-01,-1.846488536843866879e-01,-2.519535576823466738e-01,-1.052745658982062182e-01,-4.248977998071543777e-02,1.426276406697001287e-01,-3.770545625512993215e-01,-1.930368398823801290e-01,-1.962913084015331933e-01,-4.459068125493070855e-01,-3.518268533496959893e-01,-2.190534628533178096e-01
