0.000000000000000000e+00,8.587246972608248985e-01,3.554716475266991305e-01,-3.156977523571204841e-02,3.268331918316278450e-01,1.011215872022878659e-01,3.251262344161937601e-01,2.838285893024710682e-01,1.441619375307207629e-01,3.151079136690647653e-01,4.747575852361589077e-01,2.914339335984628687e-01,5.335403726708074501e-01,1.665624022521113579e-01,1.196166048527637499e-01,-7.908753742347736371e-02,-6.328701014343804387e-02,3.929800259171544741e-01,7.678135752267750691e-01,6.847133473345546895e-01,-2.353545734840698789e-01,-6.755887215693283376e-02,-9.788194289289064987e-02,-1.781268153179319802e-01,1.319898118772063200e-01,1.909826176326019989e-02,4.142499664864381925e-01,3.529335537780955434e-01,1.567138835515438644e-01,3.203985879619286048e-01,3.066312167657178622e-01,2.448232718173287414e-01,4.750614415300057902e-01,3.992761070646588251e-01,-1.272666338978506728e-01,-2.085347870771705747e-01,-2.997318915054291710e-01,-2.456588766254077516e-01,-2.177979355645918158e-01,-1.625720541579158962e-01,-2.657848876178560416e-02,-4.576165154832655818e-02,-4.568836855981053824e-01,1.370615308995039860e-01,-5.348764466687519134e-03,1.352115822869654482e-01,-3.510612627910094097e-01,-1.394834443004602520e-01,-3.231020152821841851e-01,2.910317708566066350e-02,-3.511908485633853383e-01,-4.116180347647347970e-01,-4.554403682023325239e-01,-3.889718039233209801e-01,-5.644354081951830082e-01,-3.839403011752088868e-01,7.945886768845793480e-01,8.050985298717547867e-01,2.397202734706644633e-01,1.277358237633495763e-01,6.160328879753340647e-01,7.290763662362036157e-02,3.149872648465079084e-01,2.730238169712677007e-02,1.341793645828678605e-01,-2.913490325751820764e-01,-4.179230528620581642e-01,-4.825461370034407338e-01,7.010679655033736912e-01,5.910317708566066308e-01,1.671745833147146865e-01,-9.400330667143304286e-02,-5.671835202645337387e-02,9.873542160060770623e-02,1.310424951963894691e-01,-8.213056883685598483e-03,8.344876893516242622e-02,1.617587917243844655e-03,3.145091380311899609e-01,2.548549979891863160e-01,2.919209973635997768e-01,-1.023727601769516132e-02,-1.161848161222574782e-01,-8.390902185084231357e-02,9.207292551052326246e-02,-5.932079181375397026e-01,7.364046650878054712e-02,3.376379641628312472e-02,-1.955940837392197984e-01,-4.994190982617632835e-01,-2.432593055989990538e-01,-4.889003083247687731e-01,-4.141203807140622639e-01,-2.374100719424460382e-01,-1.594798695205326342e-02,1.676214308056660218e-01,2.261271727959247579e-01,1.577326958309129001e-01,-2.077885517672818372e-01,-1.531346351490236457e-01,3.463961749854774230e-02,-1.457929308726931550e-01,4.082845524822378142e-02,-1.054381339648777921e-01,-3.871173868358729342e-01,-5.176772867420349478e-01,7.383261092988963048e-02,4.554269627776039858e-02,2.560793601143929732e-01,-1.466195987309531212e-01,4.853210599222485683e-02,1.791098797980249235e-01,-9.440100093837973383e-02,-2.732919254658384978e-02,1.492023772286518550e-02,-1.618168818982081425e-01
8.587246972608248985e-01,0.000000000000000000e+00,3.447919924929621627e-01,9.104070780642566085e-02,3.706823361186826760e-01,2.101836543187809991e-01,2.468028062022431801e-01,3.899727423030519557e-01,1.285044014477858820e-01,3.841950042450511527e-01,4.359176013226685464e-01,4.843111845926985071e-01,4.905849233656552899e-01,3.022029581303901091e-01,1.292461682827650837e-01,7.848876178560257322e-02,1.776218776531569843e-02,5.557933777201841119e-01,7.601635461816882433e-01,7.846731310603690668e-01,-2.320970552750346305e-01,1.335627150453550134e-02,-4.804057375217837822e-02,-3.128379284150319822e-02,2.233611868269359535e-01,1.469770767237141840e-01,4.520890120201975226e-01,3.926582957236695037e-01,2.765315697752356860e-01,5.175745118191161787e-01,4.387506144153000553e-01,4.071674337548594758e-01,5.860270789579516970e-01,5.563474686089637800e-01,-1.939184056481522977e-01,-1.870012064882255742e-01,-3.740783770499128691e-01,-3.095312569819920201e-01,-1.901425443496134737e-01,-1.027659859689887822e-01,-3.200321730193485259e-02,1.738683587291657215e-02,-5.100317261718575468e-01,2.567138835515438491e-02,5.352339246615130108e-02,1.241967916350149720e-01,-3.950489298002591854e-01,-2.584253094418874630e-01,-2.684525671388355295e-01,-1.291523303096653030e-01,-3.925197730014746145e-01,-5.021091201572903673e-01,-4.620447741185933488e-01,-5.132669020063452825e-01,-5.592653827248760257e-01,-4.661736449349836997e-01,7.689128200545154446e-01,8.348496358192948330e-01,1.498190267661647090e-01,5.349658161669422485e-02,5.170919165288886399e-01,1.918763126145046558e-02,3.212163188703695549e-01,1.087224630233701306e-01,-5.612851333839760648e-02,-3.439251083605165404e-01,-4.057598641583627375e-01,-4.079851646633004258e-01,7.029045086911837048e-01,6.366191518834621865e-01,1.928638455695071141e-01,-1.054917556637919446e-01,-2.468832387506144158e-02,2.413378613879083034e-01,2.151615353679789122e-01,1.432593055989990656e-02,1.349032575182090299e-01,5.792930872693149991e-02,4.772733366102149266e-01,4.711068412350864487e-01,4.983958175074846841e-01,1.772465257607578615e-01,-3.520711381205594848e-02,4.364359444121720943e-02,1.287233567183520277e-01,-4.516198221546985914e-01,1.157692479556727272e-01,1.475132937128557920e-01,-2.701639930291791503e-01,-5.324366593681576498e-01,-3.097457437776486855e-01,-6.344742839268957546e-01,-4.334644085973457517e-01,-3.391751195317038170e-01,-8.631752982707002753e-02,2.143974261584521146e-01,1.948567853791501048e-01,5.598999061620268947e-02,-2.624782161848161488e-01,-2.992761070646588473e-01,8.330130926314849305e-02,-2.274096250949551035e-01,1.021627418562044837e-01,-1.244068099557621015e-01,-3.388176415389427820e-01,-5.763394253541266332e-01,9.012020197506591390e-02,6.220563921533580481e-02,2.603959068769828855e-01,-1.900844541757898132e-01,-3.656553018454801463e-02,1.577505697305509602e-01,-2.093078332365163885e-01,-6.490012958577237590e-02,3.346887707225523756e-02,-2.261361097457437741e-01
3.554716475266991305e-01,3.447919924929621627e-01,0.000000000000000000e+00,4.340944635595871404e-01,6.852763751731534292e-01,4.337146431922784817e-01,7.585995799633584724e-01,6.135394789758255030e-01,-1.145404173555565480e-01,2.821037579873988954e-01,-2.098842664998435900e-02,6.376513695875597743e-02,5.970776174091782518e-02,-5.678537915009607140e-02,-3.456990928995933854e-01,-3.054828187139729256e-01,-2.947852897805978700e-01,2.291433933598462785e-02,3.966173644934983811e-01,3.435542249430269535e-01,-3.058402967067340161e-01,-1.543366548996827348e-01,2.658340408418606859e-01,4.708968229143393192e-01,5.028151391929934766e-01,4.059341346798337469e-01,3.390634076589659762e-01,3.443853612761964555e-01,1.195182984047544611e-01,2.476026632110460701e-01,6.868358729165735532e-01,6.329773448322087992e-01,5.451226596362661603e-01,5.348317619196568673e-01,2.185441708744805533e-01,2.137852450958487860e-01,-3.836185709817239164e-01,-4.146431922784753477e-01,-3.066356852406273981e-01,-4.122212788775190817e-01,-2.378122346843022372e-01,-2.346798337727333539e-01,-1.339023191384780265e-01,1.966888600920505825e-01,1.740247553509987055e-01,2.513204343357611781e-01,-1.209705527503463079e-01,-1.063809821707851072e-01,-7.902944724965368928e-02,-2.591536708521381405e-01,-2.499977657625452321e-01,-5.678716654005987463e-01,-9.079941016131194698e-02,-3.596496715670941535e-01,-3.367442691809285349e-01,-4.298896286697350133e-01,1.217078511104160154e-01,2.360516555699539720e-01,-8.385986862683765530e-02,-1.712453639572813768e-01,2.174002412976451248e-01,-1.289155011394610938e-02,4.380937486036016182e-01,1.546807274677152733e-01,2.480897269761830337e-01,6.905134277671030885e-02,2.782564010903078588e-01,3.701237767549934998e-02,2.102551499173332117e-01,1.285893024710666188e-01,3.668751954957772954e-01,1.151213190937932923e-01,-5.948433799544215750e-02,9.943250368649179938e-02,4.266946691094329613e-02,-1.603154743286116513e-01,5.306001161803476363e-01,3.672728897627239864e-01,3.202958130390097802e-01,6.255864873318736641e-03,2.602618526296974766e-01,4.710219402118057119e-02,-5.351624290629608538e-01,-3.465481031324009198e-01,6.522632825416685431e-02,-4.307341704276330674e-01,-2.752223066267482920e-01,-2.146208499039277962e-01,-4.490370436569998680e-02,-5.454980115286652831e-01,2.847178158094642031e-01,-2.336342106439072419e-01,1.269091559050895823e-01,-1.243665936815764733e-01,2.422360248447204961e-02,3.968005719647884483e-02,-9.084409491040707982e-03,4.150319495956029947e-02,4.239688994146297712e-02,5.157513740560346754e-02,4.946512355333124722e-01,-2.388399839134903307e-02,4.304794673577908015e-01,8.328790383841994105e-02,-8.937843514008668444e-02,-5.870369542875016888e-01,2.350551856651324767e-01,2.236248268465972633e-01,9.580857053487644437e-02,-2.936502971535814854e-01,2.084632914786183344e-01,2.690960275258054701e-01,1.964788417713034530e-01,1.232047902051029986e-01,-2.782966173644935148e-02,-2.454756691541176983e-01
-3.156977523571204841e-02,9.104070780642566085e-02,4.340944635595871404e-01,0.000000000000000000e+00,1.535189239912417847e-01,4.657536082934894406e-01,2.995039992850440091e-01,6.382546137003440867e-01,5.258501273515349406e-02,1.313284775905983193e-01,-8.828365878725591420e-02,1.945976138343983308e-01,-1.030385629384690943e-01,5.188346217435989283e-02,-5.886321998301979191e-02,-5.352339246615130108e-02,1.067205862639081237e-01,4.154787970865543578e-02,1.803118995486840404e-01,3.039814111443764344e-01,-2.495330443719558644e-01,-1.713704812547477419e-01,4.380535323294159622e-01,7.893918405648152614e-01,3.115376022163635628e-01,3.949372179275213446e-01,-5.879172438446757937e-02,6.574913981857992418e-02,1.592787881496045277e-01,1.995486840341391399e-01,4.260735510970106166e-01,5.081862460342285726e-01,3.135394789758255696e-01,5.097323383529202001e-01,-6.513695875597658169e-02,1.161267259484338038e-01,-2.034630680548728809e-01,-2.611421421868715953e-01,1.610438357388623357e-02,5.080655972116716879e-03,-1.511238214397426192e-02,-2.329862817820278070e-02,1.578265338040127017e-02,6.204030564368381157e-02,3.700299387818937191e-01,3.357612047008355916e-01,-1.925733947003887558e-01,-1.071004066312167685e-01,1.323964430939720271e-01,-2.579963358505741877e-01,-2.580633629742168922e-01,-3.006032441127843291e-01,-2.692211448232718074e-01,-3.700835604808079271e-01,-1.905089592921935804e-01,-3.094865722328969393e-01,-4.986371151525983980e-02,-1.698020465615085505e-03,-2.113901425443496240e-01,-2.449930738638902428e-01,-9.194333973814737548e-02,4.867509718932928192e-02,1.609678716654006081e-01,2.643505071719022270e-01,-1.625452433084588200e-01,1.937620090263193207e-01,3.031368693864783803e-01,4.153849591134545771e-01,2.707448947674158737e-02,-2.683766030653737811e-02,8.625050270342732306e-02,1.215872022878591516e-02,3.491621609544662275e-01,4.417355556548550055e-01,4.345368425756289121e-01,2.649716251843245995e-01,3.746592787881495856e-01,2.971357075830018957e-01,1.230975468072746798e-01,9.137137494972966123e-02,1.344698154519862465e-01,3.186558827472183997e-01,-7.355556548549979645e-02,2.747218374368827834e-02,1.542070691273068547e-02,1.298538808704589043e-01,-1.333973814737030306e-01,2.374994414406363108e-02,-3.442557755038205269e-01,-2.764511372268644851e-01,-1.387372089905715145e-01,-3.149291746726842200e-01,-2.377764868850261448e-01,-2.591983556012332768e-01,-1.017337682648911945e-01,7.698288574109656002e-02,-8.466866258545958923e-02,-1.182224406809955775e-01,-2.819607667902944703e-01,-3.045265650833370308e-01,2.304839358327002985e-02,-2.174136467223736491e-01,3.572098842664998136e-02,-1.650341838330577904e-01,-1.113097099959783724e-02,-2.902497877474418120e-01,-1.205773269583091251e-01,-3.850484829527682507e-02,-2.874167746548103031e-01,5.697305509629563107e-03,-2.352205192367844838e-02,-2.804280798963313948e-01,-1.711157781849055037e-01,-5.495330443719558672e-02,5.290674292863845746e-02,9.219804280798962748e-02
3.268331918316278450e-01,3.706823361186826760e-01,6.852763751731534292e-01,1.535189239912417847e-01,0.000000000000000000e+00,4.960856159792662590e-01,6.615353679789087726e-01,6.198310916484204292e-01,-2.010411546539166150e-01,4.258456588766253992e-01,1.793377720184101132e-01,2.448411457169668015e-01,2.407748335493096192e-01,1.132713704812547545e-01,-5.877921265472094703e-01,-3.838062469279234779e-01,-2.682425488180883999e-01,5.168684927834130138e-02,2.391751195317038392e-01,3.205237052593949421e-01,-3.862281603288797438e-01,-1.804325483712408973e-01,-4.191429465123553549e-02,1.635193708387327471e-01,4.921265472094374371e-01,4.373162339693462686e-01,5.449841369140712155e-01,5.023861656016801458e-01,3.870414227624112136e-01,4.396800571964788462e-01,7.082622101076901933e-01,6.254077483354930633e-01,4.083203002815138927e-01,5.319808749273873261e-01,-3.661021493364315094e-02,3.775861298538808839e-03,-5.339067876133875012e-01,-4.706376513695875730e-01,-4.864113678001698027e-01,-4.777425264757138579e-01,-4.419857902497877356e-01,-3.663345100317261793e-01,-2.429375754055141112e-01,8.582152911211403390e-02,-1.293400062558648644e-01,-2.497877474417981025e-02,1.613566289825282482e-02,-2.165065463157424264e-01,-1.543098440502256585e-01,-2.937798829259573585e-01,-1.395951561731980858e-02,-4.171231958532553019e-01,2.648911926359533500e-02,-1.984047544573037114e-01,-1.660529961124268261e-01,-3.409044193216855256e-01,1.382769560748916271e-01,3.778765807229992335e-01,8.170606372045220722e-02,3.690513427767103116e-02,3.904955538674650395e-01,2.102194021180571193e-01,7.064837570937039235e-01,4.331337414540417097e-01,1.794092676169623257e-01,5.707583001921444354e-02,5.026587425711604579e-02,-1.237320702444255766e-01,2.630546494481433295e-01,2.874301800795388551e-01,4.294249072791456179e-01,1.460208230930783446e-01,-2.344742839268957602e-01,-7.589257786317529786e-02,-1.838196523526520465e-01,-4.226551677912328553e-01,3.503016220563921479e-01,2.069529469592028270e-01,4.540283301309263053e-01,8.963760668483845839e-02,2.385361276196434066e-01,-2.200321730193484926e-01,-7.265650833370570494e-01,-4.948344430046025533e-01,-1.950936145493543106e-01,-5.469860136735332778e-01,-5.433084588230037149e-01,-3.836185709817239164e-01,-1.117252781625631131e-01,-3.827159390500022296e-01,4.069976317082979467e-01,-8.024934089995085229e-02,3.153536797890879595e-01,4.339335984628446552e-02,9.506233522498770683e-02,8.992805755395683054e-02,1.057643326332722705e-01,7.259484337995442127e-02,3.079672907636623602e-01,2.248268465972563523e-01,7.416104383573886016e-01,1.783547075383171698e-01,7.087626792975557644e-01,3.458420840966978105e-01,-9.856561955404620490e-02,-5.574064971625184439e-01,4.906027972652933777e-01,4.637874793333035539e-01,2.861387908306894934e-01,-3.276017695160641785e-01,2.414897895348317725e-01,4.884221815094508257e-01,3.049510701997408257e-01,2.525626703606059231e-01,-4.490817284060950182e-02,-5.162295008713525535e-01
1.011215872022878659e-01,2.101836543187809991e-01,4.337146431922784817e-01,4.657536082934894406e-01,4.960856159792662590e-01,0.000000000000000000e+00,3.567183520264533558e-01,5.533089056704946218e-01,3.591760132266857419e-01,4.159524554269627972e-01,2.421243129719826692e-01,4.618794405469413555e-01,2.950087135260735516e-01,4.575852361588989559e-01,4.606997631708298346e-03,1.500335135618213467e-01,1.054604763394253603e-01,1.260556771973725398e-01,1.488851155100764101e-01,4.439429822601546061e-01,-4.785870682336118564e-01,-1.281111756557486853e-02,4.053398275168684783e-01,5.130300728361409934e-01,7.247508825237946040e-01,7.890120201975066028e-01,2.151928146923454965e-01,4.198936502971535867e-01,4.250100540685464168e-01,4.683587291657357321e-01,6.052236471692211683e-01,6.685195942624782006e-01,4.275347423924214518e-01,6.355333124804504186e-01,-1.455829125519460254e-02,6.932838822110014287e-02,-3.580320836498502857e-01,-3.004334420662228000e-01,-4.388578578131283603e-01,-3.841056347468608800e-01,-2.302917914115912290e-01,-2.092854908619688203e-01,-1.650878055319719429e-01,-1.536216989141606093e-01,3.210956700478126979e-01,1.613387550828902228e-01,-1.439787300594307096e-01,-2.363242325394342980e-01,5.409088877965950032e-02,-2.731757451181911489e-01,-3.290316814871084294e-01,-4.501630993341972364e-01,-8.733634210643907714e-02,-3.906430135394790004e-01,-3.950578667500782015e-01,-5.543813396487778933e-01,9.517404709772554761e-02,1.672773582376334833e-01,-2.631887036954287384e-01,-3.684257562893784588e-01,8.722909870861074444e-02,4.561419187631261113e-02,2.907413199874882559e-01,2.199428035211582200e-01,-1.659234103400509530e-01,-1.644398766700925010e-03,-8.041914294651235362e-02,-1.645962732919254712e-01,1.371777112471513349e-01,1.167031592117610261e-01,3.568926225479244208e-01,2.049823495241074323e-01,1.224317440457571848e-01,2.234550248000357342e-01,2.855846999419098253e-01,-1.961749854774565427e-01,2.069216676348362427e-01,9.868626837660306184e-02,4.229768979847178256e-01,7.811340989320345041e-02,2.251932615398364590e-01,1.956521739130434867e-01,-2.633674426918092837e-01,-9.268957504803609915e-02,-2.215023012645784065e-02,-1.140712274900576445e-01,-2.630367755485052972e-01,-1.906117342151123772e-01,-3.248938737208990624e-01,-4.487599982126100340e-01,7.596407346172751171e-05,-2.947986952053264220e-01,-1.453148040573752110e-02,-3.274319674695026494e-01,2.001876759461995725e-01,1.201483533669958498e-01,-6.039590687698288829e-02,-2.280843648062916007e-01,-2.198981187720630837e-01,-2.463336163367442766e-01,1.806872514410831632e-01,-3.321774878234058925e-01,1.038250145225434601e-01,-2.359220697975780989e-01,2.297689798471781730e-02,-3.426560614862147469e-01,-8.647839492381249882e-02,-1.973546628535680636e-01,-9.890522364716922143e-02,-1.091067518655882695e-01,3.656553018454801463e-02,2.943831270387416849e-02,-5.317931989811876953e-02,1.534429599177800640e-01,4.817015952455427213e-02,-1.912283837526252417e-01
3.251262344161937601e-01,2.468028062022431801e-01,7.585995799633584724e-01,2.995039992850440091e-01,6.615353679789087726e-01,3.567183520264533558e-01,0.000000000000000000e+00,5.738907011037133188e-01,4.994414406363108239e-02,2.634300013405424523e-01,1.572813798650520567e-01,3.466195987309531046e-02,2.753965771482193015e-01,-6.839000849010232197e-02,-3.470262299477188672e-01,-3.943920639885606927e-01,-4.103757987398900520e-01,-1.768309575941731104e-01,3.538317172349077500e-01,3.295008713526073607e-01,-4.682738281424549953e-01,-4.269404352294561833e-01,2.031949595603020631e-01,2.327539210867330954e-01,3.444211090754725202e-01,2.849769873542160048e-01,2.320076857768443579e-01,3.098663926002055424e-01,4.177577192904061848e-02,8.416819339559408752e-02,6.321640823986773849e-01,5.569909289959337206e-01,4.364940345859957826e-01,4.749318557576299171e-01,1.021091201572903173e-01,6.220117074042629500e-03,-4.541221681040261138e-01,-4.538674650341838479e-01,-4.039814111443764122e-01,-3.768264891192635857e-01,-4.445462263729388908e-01,-4.091112203404977943e-01,-8.422181509450824000e-02,1.789758255507395424e-01,4.867509718932928192e-02,1.865677644220027631e-01,-2.146208499039277753e-02,-1.273515349211314096e-01,3.139997318915054014e-02,-1.389695696858662122e-01,-3.375932794137360970e-02,-2.983779436078466407e-01,-1.060324411278430606e-01,-1.074802269985253994e-01,-2.005451539389606352e-01,-2.917735376915858714e-01,6.711649314089101169e-03,1.781625631172081003e-01,8.200992001429911749e-02,-2.777157156262567705e-02,2.847222842843737389e-01,1.670226551677912452e-01,5.155234818356494442e-01,2.631350819965145860e-01,3.294070333795075523e-01,1.016309933419723838e-01,2.416953393806693662e-01,-6.238884668662585120e-02,8.386433710174717726e-02,2.114482327181732915e-02,2.814334867509719063e-01,1.872827204075249163e-01,-8.348898520934805445e-02,1.927253228473121971e-02,2.686893963090397283e-02,-2.157781849054917489e-01,3.264980562134143782e-01,2.193753072076500277e-01,1.488806470351669020e-01,-7.127664328164796947e-02,3.463068054872872007e-03,-1.987756378747933261e-01,-5.712587693820099233e-01,-5.118548639349389529e-01,-1.538540596094552793e-01,-4.755172259707761695e-01,-3.264042182403145698e-01,-3.070065686581169850e-01,-1.297019527235354630e-01,-3.558112516198221331e-01,2.147057509272085329e-01,-2.987622324500648074e-02,7.044103847356897319e-02,6.939541534474283346e-02,9.790428526743822496e-03,-4.088207694713794083e-02,-1.444926046740247494e-01,3.489878904329952319e-02,1.271415166003842800e-01,1.445685687474864700e-01,4.367576746056570647e-01,1.230707359578176036e-01,3.536172304392510846e-01,1.695741543411233843e-01,-8.906564189642075802e-02,-3.491934402788328118e-01,2.104115465391661888e-01,2.701773984539077023e-01,1.275481478171500149e-01,-3.321819562983153729e-01,1.833593994369721591e-01,3.236963224451494536e-01,2.902319138478037241e-01,1.698958845346083268e-01,1.282720407524911843e-01,-2.049287278251932520e-01
2.838285893024710682e-01,3.899727423030519557e-01,6.135394789758255030e-01,6.382546137003440867e-01,6.198310916484204292e-01,5.533089056704946218e-01,5.738907011037133188e-01,0.000000000000000000e+00,-2.606908262210107588e-02,5.252111354394745080e-01,1.119263595334912126e-01,4.207381920550515852e-01,2.377720184101166367e-01,2.605076187497207263e-01,-3.611153313374145246e-01,-2.159837347513293704e-01,-2.411323115420706820e-01,1.336386791188167444e-01,3.698377943607846774e-01,4.721345904642745284e-01,-4.586353277626346037e-01,-2.592877250994235494e-01,1.938424415746905494e-01,5.084275436793422864e-01,3.507752803968005595e-01,3.408686715224094055e-01,4.385003798203673253e-01,4.771616247374770858e-01,1.567049466017248205e-01,4.125161982215470036e-01,6.106215648599132573e-01,6.570624245944859387e-01,3.490638545064569387e-01,6.493185575762991935e-01,-7.232673488538361728e-02,3.375932794137360970e-02,-5.726261227043210056e-01,-5.678359176013226817e-01,-3.857455650386523160e-01,-4.165869788641136662e-01,-3.298270700210018114e-01,-3.129183609634031971e-01,-2.133026498056213305e-01,4.460431654676259156e-02,7.959247508825237349e-02,1.109030787792126549e-01,-2.472228428437374392e-01,-3.622816032887975490e-01,-5.854148978953482851e-02,-1.778363644488136219e-01,-4.156128513338397390e-02,-3.612985388087046057e-01,-5.409088877965950032e-02,-3.072791456275972832e-01,-2.587023548862772970e-01,-5.262076053442960033e-01,7.520443272711023475e-02,3.393493900531748264e-01,2.577863175298270720e-02,-1.994727199606774123e-02,3.991420528173734161e-01,3.247508825237946373e-01,5.621832968407882714e-01,5.686670539344921282e-01,1.120380714062290534e-01,2.437106215648599250e-01,1.342687340810581331e-01,7.189776129407032812e-02,1.623396934626211985e-01,1.467625899280575463e-01,3.419187631261450533e-01,-4.404128870816390040e-02,9.031681487108450535e-02,3.258456588766254214e-01,2.945797399347602763e-01,-5.769694803163680219e-02,4.484918897180392161e-01,2.865767013718217848e-01,3.742213682470172942e-01,1.274721837436882665e-01,2.042361142142186947e-01,3.323204790205103176e-02,-5.478707717056168214e-01,-3.552392868314044327e-01,-1.005496224138701516e-01,-3.366459627329192461e-01,-4.483935832700299273e-01,-2.593324098485186857e-01,-1.593636891728852922e-01,-4.966709861924125113e-01,1.376558380624692823e-01,-3.887439117029357627e-01,2.031368693864784095e-02,-2.173913043478260809e-01,-7.944948389114794493e-03,4.189195227668796734e-02,-8.475356360874033990e-02,-1.656821126949372114e-01,-1.300415568166584657e-01,-1.294919344027883334e-01,5.270029938781893852e-01,-1.506635685240627354e-01,4.464095804102060083e-01,-9.920014299119709906e-04,-5.510970105902855687e-02,-6.015371553688726447e-01,2.964699048214844423e-01,2.434916662942937515e-01,3.285222753474239393e-02,-2.705214710219401852e-01,-1.008087939586219291e-02,1.238348451673443873e-01,1.080790026364001899e-01,4.558738102685553489e-02,-7.923052862058178880e-02,-2.964877787211224747e-01
1.441619375307207629e-01,1.285044014477858820e-01,-1.145404173555565480e-01,5.258501273515349406e-02,-2.010411546539166150e-01,3.591760132266857419e-01,4.994414406363108239e-02,-2.606908262210107588e-02,0.000000000000000000e+00,3.557933777201841008e-01,9.926270163993029805e-02,2.991509897671924545e-01,3.350239063407658979e-01,3.023906340765896705e-01,6.362303945663344562e-01,3.936815764779481031e-01,1.033290138075874665e-01,9.821707851110415485e-03,1.721882121631886919e-01,2.799410161311944312e-01,-1.768443630189016624e-01,-9.504446132534965369e-03,2.345145002010813606e-01,5.707583001921444354e-02,1.978551320434335792e-01,2.083962643549756577e-01,9.947271996067742761e-02,1.792215916707627643e-01,-1.404888511551007635e-01,-8.801555029268511021e-02,1.639930291791411509e-03,-1.757898029402564857e-02,1.103132400911568944e-01,1.678046382769560751e-01,2.041914294651235584e-01,3.453684257562893850e-02,2.425488180883864434e-02,1.181464766075338430e-01,-7.870771705616873282e-02,5.308548192501898709e-03,1.551677912328522368e-01,7.060190357031145836e-02,-8.423968899414630007e-02,-1.891773537691585905e-01,8.860092050583136258e-02,-8.750167567809107039e-02,-2.741454041735555403e-01,-1.218642477322489787e-01,-1.442647124536395598e-01,-4.631574243710621236e-02,-2.699450377586130045e-01,-8.575003351356182135e-02,-2.238884668662585453e-01,-1.166406005630278436e-01,-1.884266499843603448e-01,-1.445730372223960059e-01,1.292551052325841277e-01,3.098887349747531106e-02,-2.582957236695115899e-01,-2.866616023951025771e-01,-8.896733544841146576e-03,-1.788283658787255884e-02,-2.283435363510434024e-01,-1.830376692434871888e-01,1.468117431520621907e-01,-5.193261539836453722e-02,-1.594128423968899366e-01,-3.067339916886366868e-01,4.755797846195093659e-02,-2.553286563295947137e-02,1.245363957281379885e-02,1.470977255462710687e-01,1.408195182984047500e-01,1.501318200098306355e-01,2.795031055900620842e-01,7.176817552169444114e-02,-2.487868090620671269e-01,-2.647839492381250381e-01,-1.091335627150453597e-01,-4.724071674337548821e-02,-6.689306939541533881e-02,1.807364046650878076e-01,2.645203092184637561e-01,1.681933955940837500e-01,2.094240135841637374e-01,8.886009205058313654e-02,2.798561151079136944e-01,1.903570311452701114e-01,-9.875776397515527438e-02,-6.948031636802359801e-02,-3.152598418159882065e-01,-1.145448858304660561e-01,-2.959068769828857581e-01,-9.644756244693686309e-02,1.848071853076544979e-01,-8.400732829885159889e-03,-9.435184771437508944e-02,-1.956164261137673666e-01,-2.741409356986460599e-01,-2.050225657982930327e-01,-3.944278117878368128e-01,-2.241476384110103193e-01,-4.109656374279458402e-01,-2.809285490861968548e-01,-1.213905893918405671e-01,1.316636132088118416e-01,-4.727199606774207807e-01,-3.769158586174538583e-01,-3.054470709146968055e-01,1.303051968363197755e-01,-4.144957326064614006e-02,-1.918852495643237066e-01,-2.051968363197640699e-01,-1.995933687832342762e-01,-3.664149425800974132e-03,1.979981232405380112e-02
3.151079136690647653e-01,3.841950042450511527e-01,2.821037579873988954e-01,1.313284775905983193e-01,4.258456588766253992e-01,4.159524554269627972e-01,2.634300013405424523e-01,5.252111354394745080e-01,3.557933777201841008e-01,0.000000000000000000e+00,7.400688145136065377e-02,4.751105947540104624e-01,3.321819562983153729e-01,4.185977925733946892e-01,-3.097993654765628449e-02,2.353545734840698997e-02,-1.484829527682202110e-01,1.668439161714107000e-01,3.685910898610304520e-01,3.441798114303588063e-01,-1.779525447964609708e-01,3.940301175208901080e-02,-1.544304928727825189e-02,1.334599401224361992e-01,2.050538451226596448e-01,1.669958443183341412e-01,7.390544707091469823e-01,7.071897761294070328e-01,1.407569596496715744e-03,1.652442021538049199e-01,2.961347692032709200e-01,2.541355735287546547e-01,2.589168416819339624e-01,3.643236963224451563e-01,1.407971759238571818e-01,1.240269895884534568e-01,-3.361499620179632664e-01,-1.821707851110415943e-01,-2.769382009920014487e-01,-4.021716788060235026e-01,-4.093123017114258522e-03,-2.438446758121453131e-02,-3.276822020644354350e-01,-1.590330220295813057e-01,-1.431609991509897595e-01,-2.200857947182626451e-01,-3.331292729791321960e-01,-5.788998614772777884e-01,-3.959694356316189046e-01,-3.380848116537825687e-01,-1.666919880244872310e-01,-3.594843379954421603e-01,-5.389427588364091581e-02,-2.167433754859466599e-01,-3.221323562268197938e-01,-4.515393896063273349e-01,1.712900487063765131e-01,3.273560033960409288e-01,-1.147370302515751395e-01,-1.487778721122480774e-01,3.385495330443719642e-01,2.525045801867822348e-01,3.425577550382054581e-01,2.516421645292461484e-01,4.040663121676572045e-01,2.189016488672416161e-01,-1.386076232181956414e-01,-2.928012869207739510e-01,1.931140801644398719e-01,2.092318691630546401e-01,4.474105187899369840e-01,1.432727110237276003e-01,3.240091156888154356e-02,1.242236024844720482e-01,1.321059922248536689e-01,-1.279190312346396297e-01,1.335850574199025920e-01,6.944010009383796977e-02,1.401939318110728694e-01,9.321238661244916901e-02,1.903391572456320791e-01,-3.200768577684436067e-02,-3.332856696009651731e-01,-2.322311095223200395e-01,1.091112203404977915e-01,-2.603020689038830771e-01,-2.031860226104830469e-01,-1.252647571383886660e-01,4.706644622190446492e-02,-2.526296974842486276e-01,1.191161356628982482e-01,-2.333839760489744841e-01,8.058000804325483879e-02,3.159658608516913159e-02,-3.427320255596764953e-02,-3.203002815139192883e-02,-2.890209571473256051e-02,-1.843648062916126706e-01,-3.341972384825059317e-02,4.960900844541758087e-02,3.955896152643103014e-01,7.786317529827070649e-02,3.682112694937217934e-01,1.273113186469458091e-01,-1.417132132803074207e-01,-4.028553554671790438e-01,2.332097055275034747e-01,2.940748022699852804e-01,-1.190401715894365275e-02,-2.265650833370570494e-01,-1.650431207828768065e-01,1.058045489074578849e-01,6.167389070110371185e-02,-5.542249430269449023e-02,-2.476965011841458508e-01,-2.984092229322132250e-01
4.747575852361589077e-01,4.359176013226685464e-01,-2.098842664998435900e-02,-8.828365878725591420e-02,1.793377720184101132e-01,2.421243129719826692e-01,1.572813798650520567e-01,1.119263595334912126e-01,9.926270163993029805e-02,7.400688145136065377e-02,0.000000000000000000e+00,5.099066088743912095e-01,7.210063005496224475e-01,4.664462219044639979e-01,1.650252468832387465e-01,1.551811966575807611e-01,4.254792439340452925e-01,4.893203449662630322e-01,4.249028106707180563e-01,6.114661066178113114e-01,-1.759461995620894559e-01,1.751016578041914296e-01,-3.971133652084543608e-02,-1.640287769784172789e-01,1.645471200679208268e-01,2.070735957817596840e-01,8.204566781357522376e-02,1.009607221055453807e-01,5.211850395460029262e-01,4.996112426828723252e-01,2.656999865945752770e-01,3.201706957415433874e-01,2.367889539300236934e-01,2.416461861566647218e-01,-4.071004066312167713e-01,-4.506591000491532162e-01,-1.250547388176415364e-01,-1.802940256490459803e-01,-1.337191116671880009e-01,-9.857455650386523494e-02,2.158273381294964141e-02,8.290361499620180208e-02,-3.232539434291076264e-01,-2.483176191965682233e-01,1.989811877206309476e-01,1.942892890656418986e-02,-2.960185888556235989e-01,-3.063273604718709242e-01,-2.024219134009562406e-03,-3.838419947271996119e-02,-2.601099244827740353e-01,-1.651548326556146473e-01,-3.907011037133026332e-01,-2.981857991867375435e-01,-5.011081817775593361e-01,-3.766343446981545440e-01,4.766656240225211061e-01,4.976183028732293900e-01,2.088386433710174850e-01,6.108405201304794446e-02,4.229411501854417055e-01,1.388980740873139996e-01,3.235577997229545644e-01,2.185709817239376296e-01,-3.043076098127708851e-01,-4.016756780910675229e-01,-6.000044684749095136e-01,-5.584878680906206760e-01,3.562178828365878958e-01,3.840922293221323836e-01,7.759506680369990250e-02,1.107109343581035854e-01,1.652888869029000285e-01,2.514008668841324345e-01,7.823852719066982930e-02,1.059788194289289082e-01,-5.105232584119040462e-02,4.954644979668439142e-02,2.722641762366504459e-01,3.146208499039278017e-01,1.754144510478573560e-01,6.839000849010232197e-02,1.226328254166852844e-01,1.178738996380535309e-01,-1.865454220474551950e-01,-3.050404396979310984e-01,3.811609097814915980e-03,-6.754993520711381760e-02,-4.830823539925823140e-01,-1.812189999553152631e-01,-5.213727154922025431e-01,-4.211180124223602439e-01,-5.210822646230841571e-01,-3.451450020108137173e-01,-2.365834040841860719e-01,3.325439027659859992e-02,9.424907279145627870e-02,6.467223736538720014e-02,-3.093167701863354102e-01,-3.586755440368202263e-01,-1.593681576477948003e-01,-3.137360918718441471e-01,-1.551633227579427010e-01,-2.747084320121542245e-01,-1.185397023995710258e-01,-1.108583940301175186e-01,-2.033156083828589408e-02,-1.520756065954689540e-01,4.068099557620984130e-02,-1.459672013941641644e-01,-1.350864649894990832e-01,-3.576567317574511767e-02,-1.697082085884087654e-01,9.084409491040708329e-02,2.171678806023504341e-02,-1.033513561821350346e-01
2.914339335984628687e-01,4.843111845926985071e-01,6.376513695875597743e-02,1.945976138343983308e-01,2.448411457169668015e-01,4.618794405469413555e-01,3.466195987309531046e-02,4.207381920550515852e-01,2.991509897671924545e-01,4.751105947540104624e-01,5.099066088743912095e-01,0.000000000000000000e+00,5.796237544126189301e-01,8.183833057777381015e-01,2.630054962241387129e-01,4.390231913847803535e-01,2.323919746190625246e-01,5.364672237365387675e-01,3.693820099200142981e-01,6.251307028911032848e-01,-1.287725099423566721e-01,2.098261763260199364e-01,1.005406854640511216e-01,1.994414406363108350e-01,2.511774431386567530e-01,2.863309352517985351e-01,3.533401849948612505e-01,3.240269895884534401e-01,3.221234192770007776e-01,6.018142008132624232e-01,3.000178738996380767e-01,3.507127217480673909e-01,2.924661513025604287e-01,4.263997497654050672e-01,-2.054649448143348600e-01,-1.945752714598507627e-01,-2.121989365029715302e-01,-2.183877742526475763e-01,-1.724205728584833897e-01,-1.560525492649358636e-01,9.665311229277447069e-03,1.211448232718173312e-01,-4.305867107556191065e-01,-3.453907681308369670e-01,1.366861790071048632e-01,-6.009205058313597803e-02,-5.353590419589794314e-01,-5.710174717368962094e-01,-9.963805353232942086e-02,-1.977344832208767222e-01,-2.073417042763305018e-01,-2.951829840475445610e-01,-1.323472898699673828e-01,-4.353769158586174304e-01,-3.303320076857768628e-01,-5.390365968095088833e-01,2.557576299209080029e-01,4.275526162920595397e-01,-9.212207873452790685e-02,-1.199562089458867664e-01,3.597211671656463383e-01,6.480182313776308711e-02,2.854327717949863841e-01,3.710934358103579189e-01,-2.268778765807230036e-01,-2.053174851423209268e-01,-3.656061486214755019e-01,-3.626837660306537203e-01,2.108673309799365403e-01,2.495598552214129406e-01,1.538987443585504156e-01,-5.068591089861030491e-02,4.186514142723088416e-02,3.248938737208990624e-01,2.511282899146521363e-01,2.183475579784619480e-01,4.102059966933285784e-02,4.232092586800124956e-02,3.123553331248045128e-01,2.855176728182671209e-01,4.339559408373921956e-01,3.758255507395326100e-01,9.459314535948880331e-02,1.935519907055721911e-01,1.724607891326690179e-01,-2.618526296974842474e-02,6.606193306224585060e-02,1.333839760489744786e-01,-1.608650967424817835e-01,-2.982438893605612318e-01,-3.910675186558827399e-01,-6.276375173153402320e-01,-3.650922740068814343e-01,-5.494079270744894883e-01,-2.975244649001295705e-01,-4.774565440815049799e-02,-1.431118459269851151e-01,-3.847893114080164212e-01,-4.603959068769828966e-01,-5.839090218508422581e-01,3.184682068010188244e-02,-4.785960051834308726e-01,-9.611689530363287659e-03,-3.678269806515036544e-01,-1.834353635104338798e-01,-3.598507529380222669e-01,-4.918897180392332175e-02,-1.412887081639036535e-01,-2.267214799588900265e-01,-2.612851333839760759e-01,-3.303722239599624633e-01,-2.663657893560927858e-01,-3.873989007551722485e-01,-2.169444568568747456e-01,-1.818490549175566517e-01,-3.229590240850797600e-01
5.335403726708074501e-01,4.905849233656552899e-01,5.970776174091782518e-02,-1.030385629384690943e-01,2.407748335493096192e-01,2.950087135260735516e-01,2.753965771482193015e-01,2.377720184101166367e-01,3.350239063407658979e-01,3.321819562983153729e-01,7.210063005496224475e-01,5.796237544126189301e-01,0.000000000000000000e+00,6.187005674963135249e-01,2.580633629742168922e-01,2.911836990035300832e-01,5.904195897940033022e-02,3.297019527235354741e-01,5.030430314133785830e-01,5.442289646543634341e-01,-2.547566915411769717e-01,1.549533044371955715e-01,9.684078823897403210e-02,-1.621564859913311452e-01,1.757227758166138021e-01,1.181017918584387205e-01,3.159256445775057154e-01,2.566111086286250731e-01,1.901693551990705500e-01,3.755842530944188962e-01,1.723490772599311771e-01,2.054515393896063358e-01,1.720005362169891305e-01,1.888913713749497403e-01,-1.751865588274721941e-01,-3.145270119308279932e-01,-3.407658965994905809e-01,-2.652084543545287776e-01,-2.804414853210599468e-01,-2.481522856249162023e-01,-1.205996693328566932e-01,-3.684704410384735673e-02,-5.245095848786809345e-01,-2.875999821261003841e-01,2.965726797444032461e-02,-1.376692434871978066e-01,-4.524420215380490773e-01,-4.102462129675141789e-01,-2.191831627865409582e-01,-2.262388846686625918e-02,-2.305598999061620191e-01,-1.458867688457929357e-01,-2.195897940033066653e-01,-1.834130211358863116e-01,-4.138209928951249172e-01,-4.049287278251932354e-01,3.556369810983511237e-01,4.750569730550963099e-01,8.095982841056346968e-02,1.454488583046606269e-02,5.653648509763617991e-01,2.824567675052504501e-01,2.948880647035166946e-01,2.036909602752580428e-01,2.392421466553465437e-02,-2.688636668305107724e-01,-5.970776174091781963e-01,-6.687430180079538822e-01,2.361991152419679052e-01,1.720094731668081744e-01,1.111533133741453988e-01,1.353947897582555120e-02,2.442468385540015260e-02,1.981232405380043693e-01,1.681621162697171379e-01,6.338531659144733266e-02,-1.433844228964654410e-01,-1.559899906162026950e-01,1.702757049019169855e-01,7.412306179900800263e-02,1.286071763707046789e-01,2.557755038205460421e-02,5.674069440100093509e-02,7.495419813217749083e-02,4.541757898029402662e-02,-2.858572769113901235e-01,1.002502345949327495e-01,4.816569104964475712e-02,-1.722150230126457959e-01,-1.621609544662406810e-01,-3.648241655123106719e-01,-3.641047410518790106e-01,-3.880289557174136372e-01,-3.125430090710040743e-01,-1.480003574779927555e-01,-6.404665087805531953e-02,-4.317440457571830592e-02,-1.302962598865007315e-01,-2.924840252021985165e-01,-3.190803878636221391e-01,-6.945350551856650789e-02,-3.117833683363868125e-01,-1.212520666696456501e-01,-2.891862907189776122e-01,-1.987667009249743100e-01,-1.966039590687698180e-01,-5.278162563117207856e-02,-1.636578935609276642e-01,-4.197685329996871800e-02,-3.405201304794673312e-01,-2.609589347155815645e-03,-3.393806693775414107e-02,-2.251887930649269509e-01,-1.139550471424102956e-01,-3.333482282496983730e-03,-2.198534340229679473e-01
