1.000000000000000000e+00,4.125673141828545831e-01,4.510432760819020337e-01,3.135318382959573769e-01,-2.706427660691517190e-01,-8.158853971349283585e-02,6.554758868971723995e-01,2.135123378084452239e-01,-4.135423385584639511e-01,-3.369144228605714941e-01,7.087377184429610733e-01,5.786469661741543424e-01,5.662176554413860252e-01,1.318202955073876914e-01,-2.489462236555914018e-02,-2.642466061651541076e-01,5.686222155553888324e-01,2.310987774694367447e-01,5.979629490737268238e-01,4.624405610140253642e-01,7.326633165829145311e-02,-2.164104102602565013e-02,5.839330983274582110e-01,2.523333083327083393e-01,-1.085052126303157616e-01,-1.723393084827120614e-01,-6.919372984324607956e-02,-2.134103352583814617e-02,4.176359408985224619e-01,4.352508812720318199e-01,1.397479936998425043e-01,2.476411910297757549e-02,4.731298282457061521e-01,4.657031425785644885e-01,-9.022125553138828080e-02,-8.079951998799969615e-02,1.835820895522388141e-01,2.993639840996024648e-01,1.803180079501987554e-01,1.704717617940448571e-01,3.190054751368784358e-01,4.168949223730593068e-01,-3.818135453386334865e-01,-3.432085802145053433e-01,-7.108227705692642118e-02,4.264606615165379352e-03,-2.474386859671491856e-01,-2.860181504537613328e-01,7.394584864621615850e-02,-4.253806345158629015e-02,-2.566414160354008600e-01,-3.124833120828020561e-01,-3.257946448661216410e-01,-3.902902572564314054e-01,9.870846771169279610e-02,-2.487077176929423372e-01,7.659776494412360304e-01,3.439450986274656952e-01,5.394314857871447266e-01,4.744183604590114789e-01,6.422110552763818925e-01,3.727773194329858097e-01,5.164449111227780165e-01,2.130623265581639558e-01,2.269916747918697963e-01,7.133728343208579903e-02,1.301027525688142339e-01,3.579239480987024546e-02,2.924488112202804913e-01,9.245031125778144232e-02,4.003750093752344030e-01,1.671071776794419983e-01,3.745983649591239639e-01,2.435550888772219369e-01,3.208655216380409403e-01,1.829985749643741055e-01,2.477191929798245040e-01,2.417400435010875204e-01,3.837905947648690974e-01,3.109277731943298553e-02,3.660901522538063668e-01,8.776869421735543353e-02,2.128898222455561373e-01,1.913717842946073555e-01,7.234980874521862448e-02,-2.143583589589739824e-01,7.838445961149029251e-02,1.793579839495987316e-01,-4.313807845196129809e-02,-1.500952523813095241e-01,-3.413680342008550417e-01,-1.997089927248181240e-01,-2.930458261456536651e-01,-1.703757593939848602e-01,1.702242556063901513e-01,2.157023925598139935e-01,1.876486912172804222e-01,7.381084527113178362e-02,8.904222605565138837e-02,1.829670741768544273e-01,1.825155628890722248e-01,2.061426535663391513e-01,3.424990624765619218e-01,3.681212030300757276e-01,2.236015900397509970e-01,2.628890722268056868e-01,1.475571889297232486e-01,2.821150528763218812e-01,2.990039750993774836e-01,1.247116177904447620e-01,5.286732168304207613e-02,-1.027240681017025370e-01,2.953723843096077439e-02,-1.147843696092402249e-01,-2.923213080327008440e-01,3.583604590114752853e-01
4.125673141828545831e-01,1.000000000000000000e+00,6.004500112502812736e-02,3.093347333683342248e-01,-1.361374034350858742e-01,-2.707312682817070160e-01,5.347933698342458714e-02,3.223055576389409760e-01,-4.633210830270756975e-01,-4.138663466586664508e-01,1.807920198004950019e-01,3.099467486687167428e-01,2.032550813770344234e-03,-4.883822095552389081e-02,-2.784129603240080852e-01,-5.487332183304582944e-01,5.108677716942923441e-02,5.092447311182779490e-01,5.417295432385809129e-01,7.795229880747018836e-01,-1.170944273606840114e-01,-1.111332783319582962e-01,8.907972699317483201e-02,8.109652741318533475e-02,-2.299362484062101586e-01,-2.729183229580739445e-01,2.036915922898072384e-01,4.894022350558763917e-02,-5.793594839870996882e-02,1.673006825170629264e-01,-7.248181204530113574e-03,-6.152253806345158588e-02,2.428890722268056690e-01,3.802535063376584201e-01,1.568589214730368303e-02,8.152403810095251724e-02,3.456536413410335462e-02,2.110492762319058080e-01,1.818630465761643944e-01,-6.405160129003224789e-02,-5.803645091127278104e-03,1.986394659866496659e-01,-1.004470111752793771e-01,-4.279756993924847819e-02,-9.007875196879921997e-02,9.452036300907522282e-02,2.549613740343508600e-02,-5.242481062026550787e-02,-1.556678916972924209e-01,-6.917572939323482495e-02,9.586739668491712010e-03,-2.592634815870396570e-01,1.239180979524488052e-01,-3.141528538213455568e-01,4.604965124128103104e-01,-3.301927548188704487e-01,6.567464186604664578e-01,8.680777019425485186e-01,3.344123603090077279e-01,4.605160129003225133e-01,3.616395409885246881e-01,3.905077626940673396e-01,4.179689492237305681e-01,4.323513087827195456e-01,2.178954473861846597e-02,-2.793369834245856137e-02,7.413035325883146620e-02,7.249381234530863360e-02,3.937418435460886545e-01,4.492522313057826233e-01,1.777364434110852709e-01,6.509112727818194832e-02,1.250266256656416275e-01,1.638790969774244280e-02,3.033810845271131540e-01,2.086447161179029453e-01,1.998874971874296802e-01,1.817760444011100318e-01,2.617010425260631323e-01,-7.578489462236555341e-02,4.249486237155928881e-01,7.295882397059925972e-02,2.013410335258381534e-01,-5.503037575939398462e-02,3.815495387384684745e-01,-4.548233705842645858e-01,2.952463811595290033e-01,-1.381714542863571593e-01,4.108422710567763980e-01,-5.168229205730143772e-01,1.271896797419935499e-01,-4.520618015450386107e-01,1.272271806795169935e-01,-3.613260331508287848e-01,1.172339308482712034e-01,1.637275931898297399e-01,3.774649366234155701e-01,-8.148203705092628077e-03,3.963009075226880396e-01,1.530398259956498863e-01,5.528718217955448377e-01,-1.634650866271656899e-01,3.975834395859896286e-01,-9.055876396909923187e-02,4.843336083402084991e-01,-2.473261831545788686e-02,3.932948323708092553e-01,-1.089672241806045189e-01,1.397419935498387389e-01,-2.918022950573764471e-02,1.702662566564163982e-01,2.665941648541213516e-01,9.149928748218705277e-02,1.059671491787294723e-01,-2.461711542788569754e-02,1.957803945098627596e-01
4.510432760819020337e-01,6.004500112502812736e-02,1.000000000000000000e+00,5.560879021975548842e-01,-3.083372084302107297e-01,-1.351308782719568002e-01,7.297832445811145430e-01,3.236345908647716429e-01,-1.267021675541888659e-01,-2.261306532663316660e-01,3.052141303532588390e-01,1.609435235880896931e-01,3.162349058726467987e-01,8.372609315232880378e-02,-1.039525988149703761e-01,-1.269331733293332376e-01,3.123138078451961341e-01,-5.926048151203779785e-02,2.196324908122703201e-01,1.652711317782944445e-01,1.000780019500487478e-01,-1.707282682067051693e-01,6.045181129528238717e-01,5.697082427060676801e-01,-1.966129153228830806e-01,-2.616920423010575258e-01,-1.289567239180979541e-01,-1.239180979524488052e-01,3.127983199579989493e-01,1.682682067051676222e-01,-1.155178879471986803e-01,-1.709757743943598474e-01,3.017475436885921902e-01,2.390264756618915576e-01,-1.307582689567239262e-02,-1.571124278106952599e-01,2.099287482187054688e-01,2.705002625065626720e-01,-8.613065326633165264e-02,-2.382959573989349572e-02,1.123618090452261353e-01,9.785944648616215491e-02,-2.086837170929273233e-01,-2.674116852921323284e-01,-1.740748518712967874e-01,-1.668761719042975988e-01,-2.925508137703442535e-01,-2.880327008175204151e-01,-1.514587864696617381e-01,-1.824390609765244031e-01,-2.139863496587414704e-01,-1.574049351233780814e-01,-1.645391134778369513e-01,-1.368199204980124484e-01,-2.984564614115353121e-01,-2.257406435160879132e-01,1.938468461711542745e-01,-1.806345158628965691e-02,6.276756918922972439e-02,1.709892747318682987e-02,2.198109952748818763e-01,7.662191554788869152e-02,-1.957698942473561771e-02,7.620190504762619065e-04,4.190654766369159012e-01,3.497637440936023079e-02,4.552163804095102351e-02,-5.996549913747843685e-02,-6.576164404110102814e-03,1.334883372084302161e-02,6.609165229130728458e-02,-8.669316732918322388e-02,1.052021300532513248e-01,-9.892147303682592707e-02,3.519687992199804771e-02,-1.249846246156153945e-01,-6.907672691817295409e-03,9.784444611115278301e-02,1.543613590339758534e-01,3.366084152103802907e-02,1.068956723918097901e-01,-2.479411985299632623e-02,1.589589739743493477e-02,8.478961974049351036e-02,-1.657316432910822812e-01,-1.971064276606915300e-01,-3.050521263031575891e-01,-4.697967449186229993e-02,-2.315067876696917382e-01,-8.552463811595290011e-02,-1.878421960549013781e-01,-4.573614340358508890e-02,-1.947408685217130453e-01,-5.060376509412735369e-02,1.193534838370959306e-01,-3.340583514587864428e-02,1.310627765694142299e-01,-8.590864771619290130e-02,-7.064276606915173562e-02,-1.094982374559363980e-01,-6.199954998874972201e-02,5.167329183229580486e-02,5.536788419710492876e-02,1.598589964749118630e-01,9.533938348458712020e-02,1.176389409735243419e-01,-5.009375234380859798e-02,1.562289057226430578e-02,3.620070501762543969e-01,1.566279156978924447e-01,-1.757893947348683830e-02,-9.465836645916148040e-02,-2.736218405460136630e-02,4.245406135153378946e-02,1.955448886222155638e-02,2.499332483312082798e-01
3.135318382959573769e-01,3.093347333683342248e-01,5.560879021975548842e-01,1.000000000000000000e+00,-2.153423835595889846e-01,-1.758313957848946230e-01,4.279906997674942093e-01,6.571949298732467915e-01,-1.760564014100352570e-01,-2.427720693017325349e-01,7.044476111902797655e-02,2.491802295057376493e-01,1.374934373359333953e-02,3.891697292432310523e-02,-2.056506412660316641e-01,-2.500577514437861137e-01,-5.227780694517362992e-02,-8.631065776644415710e-02,3.571709292732318519e-01,3.514812870321757932e-01,-3.585689642241055713e-02,-1.818165454136353443e-01,4.058096452411310007e-01,4.232145803645090965e-01,-2.165679141978549549e-01,-1.707507687692192411e-01,6.796369909247730601e-02,4.047101177529438196e-03,2.305857646441161063e-02,1.098582464561614069e-01,-1.707102677566939286e-01,-2.953498837470937000e-01,2.670951773794345008e-01,2.003735093377334298e-01,2.944573614340358341e-03,1.095927398184954604e-01,2.810170254256356137e-01,3.795079876996925172e-01,-1.050521263031575780e-01,-3.322283057076427099e-02,-9.197779944498613025e-02,7.625140628515712782e-02,-3.596489912247806398e-02,-1.423910597764944108e-01,-3.791329783244581364e-01,-1.955058876471911788e-01,4.555013875346883984e-02,-9.035025875646891802e-02,-3.991224780619515577e-01,-2.221510537763444204e-01,-5.028725718142953299e-02,-1.604935123378084527e-01,1.968694217355433929e-01,-9.870396759918997898e-02,1.014775369384234537e-02,-3.127923198079952116e-01,1.978969474236856041e-01,1.327383184579614406e-01,4.936023400585014959e-02,1.355103877596939843e-01,2.426430660766519254e-01,2.616320408010200382e-01,3.420085502137553551e-03,5.372384309607740327e-02,1.362679066976674458e-01,1.964659116477912026e-01,-5.416485412135303712e-02,3.386184654616365697e-02,3.069976749418735357e-02,1.605940148503712528e-01,6.810770269256731513e-02,-2.454766369159228911e-01,-1.601080027000675032e-01,-2.341348533713342728e-01,-1.159723993099827516e-01,-2.992469811745293584e-01,1.493437335933398349e-02,1.423355583889597265e-01,1.674866871671791824e-01,-1.295702392559814065e-01,1.614295357383934704e-01,-8.772969324233105548e-02,2.455861396534913393e-02,4.473861846546163534e-02,1.599684992124803251e-01,-2.736458411460286344e-01,-7.523138078451961641e-02,-1.087872196804920144e-01,1.815495387384684634e-01,-1.616905422635565859e-01,2.158283957098927341e-01,-2.696452411310282793e-01,2.035280882022050541e-01,2.350408760219005466e-02,1.355583889597239931e-02,3.812645316132903112e-02,1.918397959948998643e-01,-1.537223430585764605e-01,2.002205055126378141e-01,-2.258546463661591508e-01,8.656866421660541766e-02,-1.282817070426760797e-01,1.843546088652216197e-02,-3.326033150828770768e-02,1.643141078526963172e-01,-1.850071251781294501e-01,-3.877146928673216864e-02,-2.244596114902872586e-01,2.019110477761943967e-01,2.310957773944348481e-02,1.909367734193354871e-01,1.491862296557413814e-01,9.380784519612990480e-02,9.417835445886146850e-02,2.290077251931298408e-01,1.977754443861096390e-01
-2.706427660691517190e-01,-1.361374034350858742e-01,-3.083372084302107297e-01,-2.153423835595889846e-01,1.000000000000000000e+00,6.169159228980723997e-01,-1.785719642991074885e-01,-5.453686342158554218e-02,5.787879696992425105e-01,5.748008700217505096e-01,-2.064231605790144697e-01,-6.100802520063001305e-02,-1.933233330833270813e-01,1.599729993249831284e-01,5.493647341183529598e-01,4.667531688292207437e-01,-2.437320933023325586e-01,-1.909877746943673682e-01,-2.415105377634440831e-01,-1.063811595289882311e-01,3.541153528838221209e-01,5.750663766594165116e-01,-2.234440861021525504e-01,-6.532813320333008544e-02,6.321158028950724095e-01,7.652576314407860680e-01,3.698882472061801319e-01,4.702572564314108083e-01,-8.224705617640440392e-02,2.061501537538438372e-02,2.333308332708317612e-01,2.567254181354534093e-01,7.036675916897922219e-03,5.809495237380934290e-02,1.292687317182929507e-01,7.498687467186679334e-02,-1.888547213680341896e-01,-1.335303382584564491e-01,3.267381684542113723e-02,1.956858921473036694e-01,2.073081827045676062e-01,9.665191629790745309e-02,-9.230330758268956437e-02,-1.802145053626340657e-02,-1.586214655366384174e-01,-1.056911422785569571e-01,-8.085652141303532880e-02,-6.117302932573314561e-02,-3.304072601815045140e-01,-1.796579914497862529e-01,-3.742713567839195954e-01,-1.569309232730818349e-01,-1.632715817895447341e-01,-3.560789019725493082e-02,-1.111827795694892429e-01,-3.193429835745893730e-02,-1.585659641491037330e-01,-5.776194404860121590e-02,-1.276126903172579430e-01,-6.979524488112202885e-02,5.140178504462611375e-02,-1.067276681917047991e-02,-1.594899872496812476e-01,-6.351158778969474838e-02,-2.177604440111002848e-02,1.052396309907747685e-01,1.339233480837020984e-01,2.251766294157353798e-01,-1.748893722343058607e-02,5.727743193579839381e-02,6.434260856521413496e-02,2.096737418435460909e-01,8.760219005475136655e-02,1.999954998874971801e-01,6.114302857571439487e-02,1.525613140328508088e-01,9.242931073276831888e-02,9.719642991074776972e-02,-3.482787069676742120e-01,1.359483987099677563e-02,-2.781204530113252638e-01,8.454961374034350441e-02,1.338558463961599110e-01,1.885832145803645055e-01,5.334283357083927091e-02,6.110702767569189259e-02,1.905857646441161124e-01,1.585194629865746552e-01,-7.917197929948249432e-03,9.367884197104928146e-02,-7.575489387234680960e-02,1.961029025725643249e-01,-5.634140853521338310e-02,8.864471611790294969e-02,-3.769444236105902457e-02,1.522838070951773870e-01,-7.391584789619740081e-02,1.422485562139053361e-01,-7.255681392034801259e-03,1.650551263781594447e-01,-3.810245256131403191e-02,1.327488187204680092e-01,8.465461636540913548e-02,3.782944573614340639e-02,-5.346883672091802542e-02,2.981324533113327915e-02,7.613590339758494197e-02,-2.930023250581264421e-02,-1.587189679741993556e-02,1.077626940673516789e-02,-8.097652441311033178e-02,-5.031125778144453393e-03,1.308122703067576553e-01,-3.190579764494112097e-02,-7.672841821045525701e-02,1.496437410935273424e-02
-8.158853971349283585e-02,-2.707312682817070160e-01,-1.351308782719568002e-01,-1.758313957848946230e-01,6.169159228980723997e-01,1.000000000000000000e+00,-1.617490437260931530e-02,8.859221480537013416e-02,5.564014100352508985e-01,8.258801470036750692e-01,-7.920198004950124160e-02,-4.927473186829670754e-02,8.214055351383785231e-02,2.974454361359034071e-01,4.988914722868071916e-01,5.271476786919673252e-01,-6.579164479111977715e-02,-1.155793894847371162e-01,-3.074176854421360461e-01,-3.637335933398335164e-01,2.369804245106127694e-01,3.916267906697667445e-01,-1.275976899422485433e-01,-1.088097202430060723e-01,5.074701867546688172e-01,5.698657466436660712e-01,3.008610215255381193e-01,4.129408235205880295e-01,5.664141603540088360e-02,7.695192379809495664e-02,5.658741468536713365e-02,-2.901522538063451562e-02,-2.064351608790219658e-02,-3.066226655666391687e-02,-1.453686342158553961e-02,-1.959543988599715125e-01,-9.000225005625140696e-04,-4.063601590039751105e-02,2.582764569114227859e-02,2.148668716717918037e-01,2.488697217430435871e-01,8.853821345533638421e-02,-1.042001050026250680e-01,-1.411730293257331403e-01,-2.413755343883597082e-01,-8.044401110027750434e-02,-8.165904147603690599e-02,-8.309007725193129357e-02,-3.567299182479561903e-01,-2.053626340658516458e-01,-4.270306757668941855e-01,-2.001515037875946923e-01,-2.170989274731868202e-01,-1.081092027300682573e-01,-2.350738768469211593e-01,1.134328358208955279e-02,-1.068071701792544792e-01,-2.869976749418735595e-01,-1.863886597164929049e-01,-1.686222155553888935e-01,9.337133428335708807e-02,3.597239930998274993e-02,-1.922148053701342452e-01,-1.386214655366384274e-01,1.662056551413785277e-01,2.587219680492012230e-01,-2.065371634290857350e-01,-1.607395184879621963e-01,-3.475721893047326039e-01,-3.927578189454736246e-01,7.219380484512112617e-02,5.547438685967149424e-02,1.069151728793219791e-01,1.301882547063676621e-01,3.606690167254181234e-02,-3.677491937298432712e-02,3.752493812345308877e-02,-2.228455711392784977e-02,-9.897397434935872873e-02,1.732018300457511539e-01,-9.307282682067051505e-02,2.107912697817445336e-01,3.933998349958749141e-02,9.081227030675767531e-02,1.235985899647491226e-01,1.801125028125703242e-01,4.722718067951698490e-02,1.066316657916447919e-01,-2.368109202730068336e-02,1.167104177604440102e-01,-1.961524038100952438e-01,1.950198754968874085e-02,-1.002205055126378225e-01,3.616590414760369101e-03,-1.123768094202355072e-01,8.363459086477162407e-02,-5.407785194629866066e-02,1.197149928748218739e-01,-1.011625290632265847e-02,9.396984924623115465e-02,-2.552613815345383674e-02,1.310012750318758079e-01,5.535588389709742568e-02,3.522388059701492269e-02,-1.476171904297607362e-01,1.362229055726393023e-01,-4.057001425035625802e-02,2.392559813995349689e-03,1.606225155628890622e-01,-1.499737493437335902e-02,-2.498762469061726610e-01,-6.863571589289732544e-02,8.111602790069752378e-02,-3.209480237005925274e-02,6.858471461786544432e-02,5.078526963174079256e-02
6.554758868971723995e-01,5.347933698342458714e-02,7.297832445811145430e-01,4.279906997674942093e-01,-1.785719642991074885e-01,-1.617490437260931530e-02,1.000000000000000000e+00,4.519477986949673731e-01,-1.652606315157879036e-01,-1.972864321608040206e-01,6.358688967224180866e-01,5.055111377784444748e-01,5.778039450986274250e-01,2.646246156153903573e-01,3.287632190804769955e-02,-9.019275481887047141e-02,4.420865521638041029e-01,1.880297007425185685e-02,1.602400060001500093e-01,1.630675766894172374e-01,2.327908197704942755e-02,-8.159753993849845621e-02,6.624735618390459324e-01,4.612495312382809409e-01,-1.146823670591764766e-01,-1.097682442061051478e-01,-1.165514137853446291e-01,-1.289882247056176393e-02,4.118592964824120406e-01,4.051271281782044542e-01,8.201605040126003221e-02,1.538888472211805310e-02,6.178204455111377946e-01,5.547933698342458753e-01,3.467786694667366471e-02,-1.600090002250056376e-01,2.180544513612840407e-01,3.495192379809495264e-01,-7.639690992274806788e-03,1.750993774844371020e-01,2.639915997899947575e-01,2.957578939473486934e-01,-4.460526513162829110e-01,-3.990309757743943364e-01,-1.749763744093602302e-01,-1.698132453311332890e-01,-3.124278106952673717e-01,-3.649126228155704088e-01,-6.393909847746193087e-02,-1.489912247806195189e-01,-2.624585614640366216e-01,-2.684752118802969933e-01,-2.851271281782044587e-01,-3.875991899797495144e-01,-1.460451511287782222e-01,-3.296992424810620270e-01,3.196489912247806320e-01,1.925748143703592472e-02,2.987534688367209368e-01,2.681662041551038933e-01,5.839720993024826168e-01,4.249441236030900848e-01,1.950408760219005389e-01,1.775249381234530743e-01,4.844401110027750645e-01,3.890122253056326196e-01,1.963759093977349435e-01,1.385659641491037153e-01,-7.392184804620115755e-03,-1.180379509487737219e-02,3.138978474461861512e-01,1.064426610665266670e-01,2.248526213155328801e-01,1.768394209855246313e-01,2.713372834320857963e-01,7.417085427135677866e-02,1.786829670741768572e-01,3.016125403135078153e-01,1.813335333383334635e-01,2.522463061576539489e-02,1.032025800645016145e-01,3.670591764794119919e-03,1.306877671941798491e-01,2.245931148278706990e-01,-3.440036000900022206e-02,-2.072571814295357251e-01,-4.949073726843170734e-02,2.153543838595964877e-01,-1.685202130053251313e-01,-1.678316957923948194e-01,-2.299437485937148307e-01,-6.509412735318383103e-02,-2.397284932123303069e-01,-1.710612765319133033e-01,6.602865071626790039e-02,1.006600165004125080e-01,2.243906097652441367e-02,-6.459911497787444723e-02,-1.427030675766894074e-01,-4.244806120153003792e-02,-5.147528688217205273e-02,7.020775519387985331e-02,2.011430285757143943e-01,2.104747618690467337e-01,1.854706367659191557e-01,1.529918247956199018e-01,9.548938723468086698e-02,3.814145353633840996e-02,3.034005850146253569e-01,5.770344258606464882e-02,-9.517437935948398764e-02,-2.494442361059026614e-01,-2.916822920573014163e-02,5.935648391209780161e-02,-8.727818195454886685e-02,1.638580964524113115e-01
2.135123378084452239e-01,3.223055576389409760e-01,3.236345908647716429e-01,6.571949298732467915e-01,-5.453686342158554218e-02,8.859221480537013416e-02,4.519477986949673731e-01,1.000000000000000000e+00,5.456836420910522734e-02,4.140103502587564460e-02,1.344738618465461666e-01,3.632910822770569204e-01,7.897997449936249026e-02,3.788974724368109337e-01,-4.250506262656566364e-02,-4.747168679216980103e-02,-1.492327308182704593e-01,1.159003975099377470e-01,-2.497562439060976511e-02,2.158388959723993028e-01,-1.567509187729693165e-01,-2.542128553213830466e-01,1.101957548938723441e-01,1.822530563264081471e-01,-1.258306457661441669e-01,-8.732468311707793085e-02,6.946223655591389490e-02,8.122703067576689251e-02,-2.025950648766219192e-02,1.544498612465311504e-01,-1.387354683867096650e-01,-2.543658591464786345e-01,3.363969099227480664e-01,3.421195529888247377e-01,-6.133803345083627123e-02,-1.240246006150153707e-01,1.132843321083027016e-01,2.196969924248106110e-01,-2.839570989274732039e-03,-2.190804770119253106e-02,-7.625440636015901053e-02,3.826145653641341293e-02,-1.407710192754818845e-01,-1.296182404560113910e-01,-3.867546688667216626e-01,-1.059356483912097802e-01,5.191029775744393504e-02,-1.001440036000900008e-01,-4.744093602340058724e-01,-2.181339533488337312e-01,-6.905572639315983585e-02,-2.894502362559063791e-01,1.702917572939323387e-01,-3.076141903547588430e-01,4.612915322883071739e-02,-3.494322358058951639e-01,1.488127203180079627e-01,1.252336308407710208e-01,3.095027375684392124e-02,1.520258006450161126e-01,4.374184354608865455e-01,6.400165004125103474e-01,2.731268281707042653e-02,3.219710492762318799e-01,1.746958673966849118e-01,6.062971574289357513e-01,-1.812840321008025168e-01,-4.200105002625065622e-04,-1.434050851271281846e-01,2.143703592589814647e-02,8.194404860121502765e-02,-1.302707567689192214e-01,-2.237290932273306721e-01,-1.816920423010575381e-01,2.745068626715668064e-02,-1.452936323408085262e-01,3.483687092177304573e-02,5.765394134853371599e-02,1.118607965199130000e-01,-1.368424210605265201e-01,1.853266331658291466e-01,1.224180604515112854e-02,8.772519312982825224e-02,-2.764569114227855614e-03,3.410830270756768923e-01,-2.280252006300157452e-01,9.640891022275556443e-02,-8.958673966849171888e-02,3.268941723543088429e-01,-3.868971724293107095e-01,3.016110402760068809e-01,-3.980004500112502841e-01,3.015600390009749998e-01,-3.074251856296407182e-01,-7.581189529738242838e-02,5.112427810695267111e-02,1.779614490362259049e-01,-1.276051901297532432e-01,1.870246756168904290e-01,-1.887197179929498148e-01,1.728088202205055046e-01,-4.106712667816695417e-01,6.609615240381010171e-02,-2.935423385584639555e-01,2.142053551338783390e-01,-2.329618240456011458e-01,9.244881122028050791e-02,-3.997899947498687601e-01,1.279651991299782521e-01,-1.409840246006150155e-01,-5.328883222080552096e-02,7.270681767044176458e-02,9.159828995724893230e-02,1.925133128328208321e-01,3.738243456086401961e-01,3.386034650866271561e-02
-4.135423385584639511e-01,-4.633210830270756975e-01,-1.267021675541888659e-01,-1.760564014100352570e-01,5.787879696992425105e-01,5.564014100352508985e-01,-1.652606315157879036e-01,5.456836420910522734e-02,1.000000000000000000e+00,6.709037725943148844e-01,-2.684737118427960589e-01,-2.611640291007275017e-01,-6.416560414010349933e-02,3.523243081077027106e-01,5.366309157728943457e-01,5.947243681092027057e-01,-2.418165454136353421e-01,-3.042091052276306717e-01,-4.711782794569864263e-01,-4.413965349133728289e-01,2.139743493587339673e-01,2.049696242406060243e-01,-2.236495912397809815e-01,8.109202730068251763e-03,4.383979599489987167e-01,4.217100427510687699e-01,1.909397734943373698e-02,1.852231305782644499e-01,-4.905122628065701484e-04,-1.152208805220130555e-01,5.132828320708017478e-02,7.498687467186679334e-02,-1.810245256131403357e-01,-2.196294907372684235e-01,-5.802745068626715547e-02,-1.263946598664966725e-01,-8.957323933098328139e-02,-2.156738918472961841e-01,-1.128538213455336364e-01,-1.421480537013425360e-01,9.072976824420610209e-02,-2.343553588839721036e-01,2.047701192529813308e-02,-4.966474161854046027e-02,-1.826865671641791089e-01,-9.951098777469437329e-02,-4.704417610440261160e-02,-6.550213755343883837e-02,-3.067576689417235158e-01,-1.991404785119627874e-01,-2.279426985674641859e-01,-7.675991899797494911e-02,-7.962349058726468642e-02,8.423160579014475624e-02,-3.947183679591989569e-01,9.438085952148803082e-02,-4.254931373284331908e-01,-4.651766294157353987e-01,-3.357338933473336673e-01,-3.817685442136053431e-01,-1.688127203180079527e-01,-1.528388209705242584e-01,-3.294667366684166931e-01,-1.810365259131478388e-01,-5.448736218405460241e-02,8.299857496437411386e-02,-2.075346883672091747e-01,-6.181204530113253159e-02,-3.368874221855546192e-01,-2.665761644041100831e-01,-2.087947198679966920e-01,-1.377784444611115378e-01,-1.984189604740118629e-01,-1.185689642241056080e-01,-2.677296932423310349e-01,-2.403900097502437438e-01,-2.524833120828020583e-01,-3.170344258606465071e-01,-2.630795769894247460e-01,-3.558688967224180738e-02,-2.306532663316582799e-01,9.400735018375459828e-02,-1.054526363159079055e-03,-1.040651016275406932e-01,-3.329633240831020996e-02,2.084317107927698143e-01,-1.083717092927323211e-01,-1.271221780544513624e-01,-1.352403810095252346e-01,2.514407860196504751e-01,-2.867021675541888553e-02,9.547438685967149508e-02,6.505662641566038740e-03,3.841596039900997683e-02,-1.089657241431035845e-01,-2.080537013425335646e-01,-1.649876246906172572e-01,-2.025050626265656548e-03,-1.045196129903247645e-01,-1.278871971799294960e-01,-2.156738918472961841e-01,-5.621540538513462859e-02,-1.703517587939698541e-01,-8.092252306307658183e-02,-2.695507387684691891e-01,1.274731868296707406e-02,-1.126603165079126945e-01,-1.743028575714392903e-01,1.969249231230780703e-02,-5.684092102302557709e-02,-2.773929348233705738e-01,-4.576764419110478099e-02,-2.714317857946448725e-02,3.633090827270681750e-02,1.504252606315157892e-01,-1.035070876771919252e-01
-3.369144228605714941e-01,-4.138663466586664508e-01,-2.261306532663316660e-01,-2.427720693017325349e-01,5.748008700217505096e-01,8.258801470036750692e-01,-1.972864321608040206e-01,4.140103502587564460e-02,6.709037725943148844e-01,1.000000000000000000e+00,-2.448271206780169573e-01,-2.860286507162679293e-01,-1.089357233930848268e-01,1.818165454136353443e-01,4.181684542113552894e-01,6.544948623715592939e-01,-2.899527488187204627e-01,-2.457451436285907065e-01,-4.582269556738918226e-01,-4.867501687542188371e-01,1.392049801245031082e-01,3.276636915922898075e-01,-3.093392334808370281e-01,-1.863196579914497830e-01,4.015675391884797052e-01,5.083297082427060687e-01,1.581009525238130931e-01,2.997044926123152986e-01,-1.907612690317257997e-01,-9.492837320933023015e-02,-4.135603390084752196e-02,-6.644266106652665926e-02,-1.950723768094202448e-01,-2.117167929198229825e-01,-7.520888022200554468e-02,-1.910042751068776745e-01,-1.380694517362933971e-01,-2.060571514287857231e-01,-1.256221405535138391e-01,1.754743868596714967e-02,-4.712667816695417095e-02,-1.494427360684017214e-01,7.691592289807244742e-02,2.603915097877446821e-02,-1.634170854271356776e-01,-1.252711317782944644e-01,1.023715592889822279e-01,9.906547663691592231e-02,-2.927533188329708436e-01,-1.583799594989874771e-01,-1.868626715667891791e-01,1.560039000975024358e-04,3.676591914797870154e-03,1.054091352283807043e-01,-2.146793669841746133e-01,1.482877071926798074e-01,-3.409120228005700359e-01,-4.271851796294907633e-01,-3.033705842646066131e-01,-3.185194629865746863e-01,-1.303217580439511025e-01,-4.495012375309382496e-02,-2.931703292582314435e-01,-1.866031650791269703e-01,1.641041026025650586e-03,1.713282832070801842e-01,-2.884752118802970111e-01,-1.836030900772519237e-01,-3.883957098927472984e-01,-3.228320708017700658e-01,-1.110042751068776729e-01,-7.515637890947274302e-02,-1.773299332483312118e-01,-2.328508212705317562e-02,-1.372669316732918199e-01,-2.082487062176554549e-01,-1.568409210230255757e-01,-2.458576464411610374e-01,-2.454421360534013441e-01,1.169429235730893267e-02,-1.986994674866871535e-01,1.883297082427060759e-02,-1.129423235580889473e-01,-2.132303307582689503e-02,9.398784969624240926e-02,1.823370584264606686e-01,-9.267231680792019019e-03,-9.705242631065777101e-03,-1.557638940973524351e-02,1.055261381534538384e-01,-6.285157128928223116e-04,1.021570539263481625e-01,1.431335783394584865e-02,2.291457286432160845e-02,-2.399744993624840506e-01,-8.358058951473787412e-02,-1.309682742068551675e-01,5.975849396234905742e-02,-5.603240081002024836e-02,-3.669091727293182469e-03,-1.537913447836195824e-01,1.492987324683117158e-02,-1.489942248556213877e-01,-1.712157803945098533e-01,-2.776614415360383892e-01,-3.600840021000525221e-02,-8.112352808820220973e-02,-1.306667666691667395e-01,-3.577139428485712203e-02,-1.091262281557038860e-01,-2.524278106952673739e-01,-1.966099152478811840e-02,1.768754218855471405e-01,1.000645016125403103e-01,1.882907072676816840e-01,-1.038835970899272543e-01
7.087377184429610733e-01,1.807920198004950019e-01,3.052141303532588390e-01,7.044476111902797655e-02,-2.064231605790144697e-01,-7.920198004950124160e-02,6.358688967224180866e-01,1.344738618465461666e-01,-2.684737118427960589e-01,-2.448271206780169573e-01,1.000000000000000000e+00,6.806840171004274742e-01,7.667606690167254602e-01,2.932063301582539805e-01,6.840171004275107103e-02,-2.024585614640365960e-01,6.435310882772069530e-01,2.874176854421360283e-01,3.103892597314932833e-01,2.180379509487737066e-01,-7.420535513387835347e-02,-8.327458186454661515e-02,5.400030000750019044e-01,2.382449561239030900e-01,-9.650491262281557514e-02,-1.808520213005325172e-01,-1.584609615240381020e-01,1.066376659416485434e-02,5.840861021525538543e-01,5.555043876096902311e-01,2.132948323708092619e-01,1.444506112652816365e-01,4.770434260856521447e-01,4.509412735318382714e-01,-1.355898897472436748e-01,-2.372609315232880878e-01,2.736623415585389685e-01,3.833000825020625446e-01,1.349028725718142974e-01,2.028095702392559707e-01,4.801290032250806195e-01,4.426880672016800244e-01,-4.288847221180529523e-01,-3.323108077701942276e-01,-4.387159678991974648e-02,-1.939248481212030306e-02,-1.904957623940598532e-01,-2.968724218105452395e-01,1.819215480387009753e-01,-6.726168154203854797e-03,-1.135903397584939606e-01,-1.786439660991524792e-01,-3.034020850521262913e-01,-4.301432535813395353e-01,1.821975549388734628e-01,-1.117527938198455001e-01,5.074506862671567253e-01,1.728493212330308171e-01,3.564914122853071188e-01,3.654136353408835025e-01,4.453326333158328931e-01,3.858381459536488478e-01,4.972969324233105781e-01,2.147468686717168007e-01,2.039345983649591132e-01,2.569459236480912123e-01,8.007200180004499929e-03,-4.832070801770044222e-02,-1.152028800720018105e-03,-1.133878346958673913e-02,4.573464336608415448e-01,1.681842046051151285e-01,4.621510537763444115e-01,4.403345083627090428e-01,4.508782719567989150e-01,3.239135978399459992e-01,3.091022275556888910e-01,3.137238430960774260e-01,3.765244131103277492e-01,4.014400360009000301e-02,3.466991674791869982e-01,9.634290857271431141e-02,3.016995424885622334e-01,2.334688367209180326e-01,1.050941273531838249e-01,-1.233345833645841105e-01,4.614265356633916182e-02,2.795019875496887463e-01,-7.824045601140028339e-02,-1.264456611415285259e-01,-3.704552613815345619e-01,-1.833600840021000489e-01,-3.293482337058426523e-01,-2.695882397059926605e-01,1.862971574289357113e-01,1.459371484287107223e-01,1.214745368634215922e-01,4.599864996624915964e-02,2.817070426760669155e-02,1.204335108377709435e-01,1.476156903922598018e-01,1.746943673591839774e-01,3.204680117002924877e-01,2.815105377634440909e-01,2.572099302482562244e-01,3.251346283657091663e-01,1.803600090002250023e-01,1.746298657466436588e-01,2.642376059401485011e-01,6.654466361659042151e-02,-5.107177679441986251e-02,-1.682082052051301346e-01,-2.542263556588914702e-02,4.387459686492162225e-02,-2.030615765394134797e-01,2.500442511062776485e-01
5.786469661741543424e-01,3.099467486687167428e-01,1.609435235880896931e-01,2.491802295057376493e-01,-6.100802520063001305e-02,-4.927473186829670754e-02,5.055111377784444748e-01,3.632910822770569204e-01,-2.611640291007275017e-01,-2.860286507162679293e-01,6.806840171004274742e-01,1.000000000000000000e+00,5.033945848646216303e-01,4.255096377409435249e-01,1.313312832820820453e-01,-1.579224480612015369e-01,4.690032250806270286e-01,3.889747243681092037e-01,2.840486012150303941e-01,3.679591989799744778e-01,-8.382659566489161773e-02,5.697742443561089332e-02,3.794314857871446955e-01,1.929993249831245816e-01,-8.481212030300756821e-03,-8.012600315007875618e-02,5.914797869946748776e-02,1.807125178129453114e-01,5.392454811370284151e-01,6.172399309982750104e-01,2.347708692717317969e-01,1.463766594164854218e-01,5.037920948023700829e-01,5.030780769519237472e-01,-2.722268056701417430e-02,-1.528553213830345647e-01,2.655861396534913155e-01,4.961524038100952327e-01,1.463766594164854218e-01,3.046906172654316181e-01,4.600960024000599891e-01,4.473291832295807624e-01,-4.791884797119927986e-01,-4.056866421660541566e-01,-2.316117902947573692e-01,-9.577739443486087134e-02,-2.022395559888997274e-01,-2.407425185629640807e-01,-8.841221030525762969e-02,-5.445586139653491031e-02,-2.699677491937298446e-01,-2.191344783619590397e-01,-3.434410860271506771e-01,-4.221600540013500380e-01,1.256656416410410204e-01,-1.403555088877221912e-01,4.271941798544963698e-01,2.362529063226580794e-01,2.883852096302407797e-01,4.219995499887497226e-01,5.064126603165078899e-01,4.922193054826370928e-01,3.954443861096527679e-01,3.159108977724442990e-01,1.184084602115052925e-01,3.851631290782269734e-01,5.501987549688742291e-02,8.874221855546388094e-02,4.470111752793819865e-02,3.709592739818495365e-03,4.133158328958224104e-01,3.079681992049801420e-01,3.990939773494337484e-01,4.258051451286282152e-01,2.883867096677417141e-01,4.313687842196055056e-01,3.839405985149628719e-01,4.646696167404185118e-01,3.249531238280957135e-01,2.572594314857871711e-01,2.367509187729693321e-01,3.895552388809720434e-01,3.467741693542338299e-01,4.423175579389484469e-01,1.183769594239856005e-01,1.931148278706967814e-02,5.962349058726468254e-02,4.303622590564764039e-01,7.261681542038551061e-03,-7.585689642241055797e-02,-3.071746793669841713e-01,-2.333203330083252203e-01,-2.842946073651841377e-01,-1.884557113927848304e-01,1.601170029250731375e-01,2.517092927323182905e-01,1.176689417235430857e-01,1.063091577289432266e-01,8.969774244356108761e-02,2.086852171304282577e-01,1.400975024375609446e-01,2.167524188104702487e-01,3.070546763669091961e-01,2.968184204605114895e-01,2.005985149628740638e-01,2.839315982899572322e-01,1.418675466886672176e-01,1.400435010875271911e-02,2.486717167929198280e-01,1.029760744018600460e-01,-4.595364884122103005e-02,-8.040501012525312630e-02,-3.997749943748593604e-02,2.589814745368634180e-02,-8.804170104252606599e-02,2.315517887947198816e-01
5.662176554413860252e-01,2.032550813770344234e-03,3.162349058726467987e-01,1.374934373359333953e-02,-1.933233330833270813e-01,8.214055351383785231e-02,5.778039450986274250e-01,7.897997449936249026e-02,-6.416560414010349933e-02,-1.089357233930848268e-01,7.667606690167254602e-01,5.033945848646216303e-01,1.000000000000000000e+00,4.660226505662641294e-01,1.968169204230105773e-01,-4.501612540313507799e-03,6.459191479786994261e-01,2.240366009150228654e-01,1.832220805520138052e-01,-2.640366009150228732e-02,7.903697592439810210e-03,-1.337853446336158270e-01,5.058906472661816034e-01,2.056791419785494734e-01,-4.588314707867696685e-02,-1.499752493812345211e-01,-1.650266256656416353e-01,2.819320483012075287e-02,6.183754593864846383e-01,5.779299482487062489e-01,2.415810395259881393e-01,1.246306157653941371e-01,2.677341933548338937e-01,2.505737643441086071e-01,-1.628725718142953471e-01,-2.560684017100427479e-01,2.523543088577214211e-01,2.907597689942248431e-01,5.934448361209030548e-02,1.693422335558388836e-01,4.615465386634665657e-01,3.863901597539938226e-01,-3.112877821945548851e-01,-3.335303382584564602e-01,-8.174004350108753092e-02,-1.345233630840770959e-02,-2.244056101402535086e-01,-2.772054301357533834e-01,1.726723168079201953e-01,-2.702317557938948428e-02,-1.120573014325358108e-01,-1.252501312532813271e-01,-2.932663316582914681e-01,-2.552088802220055519e-01,-8.970524263106577356e-02,-1.126288157203930163e-01,3.184909622740568769e-01,-8.186154653866346831e-02,2.537418435460886412e-01,1.296107402685067189e-01,3.571424285607140425e-01,1.410485262131553341e-01,3.046366159153978681e-01,7.192829820745517966e-02,2.348758718967974279e-01,1.473366834170854178e-01,-1.263346583664591571e-01,-1.987234680867021597e-01,-1.214955373884347156e-01,-2.734898372459311222e-01,4.254226355658891623e-01,8.262656566414160186e-02,4.625725643141078702e-01,4.471011775294382318e-01,2.678646966174154098e-01,2.018210455261381653e-01,1.963129078226955593e-01,1.637815945398634898e-01,4.574139353483837045e-01,1.132228305707642657e-01,3.628635715892897240e-01,1.732228305707642635e-01,1.939038475961898933e-01,1.095402385059626449e-01,1.588689717242931093e-02,-2.600465011625290729e-02,-5.191629790744768658e-02,2.046486162154053934e-01,-1.646531163279081889e-01,7.092777319432985728e-02,-4.375369384234605863e-01,-1.889267231680792081e-01,-3.090602265056626163e-01,-1.017445436135903380e-01,2.122493062326558100e-01,6.966024150603765397e-02,6.102152553813845054e-02,-1.784294607365183999e-02,-1.364179104477611926e-01,-2.780769519237981033e-02,-4.686117152928823311e-03,1.347663691592289881e-01,1.808475211880297140e-01,2.793639840996025026e-01,2.874521863046576239e-02,2.788149703742593410e-01,1.412585314632865685e-01,1.821285532138303409e-01,3.235130878271956778e-01,1.688772219305482714e-01,-5.564389109727743005e-02,-3.059896497412435412e-01,-2.195079876996924861e-01,-1.373434335858396416e-02,-1.595589889747243695e-01,2.068971724293107439e-01
