0.000000000000000000e+00,4.901881097470484616e-01,2.304327277625693726e-01,1.738924950169981332e-01,-3.301703924071152652e-01,-2.400083107109995950e-01,2.620910570813422269e-01,1.039364002292294947e-01,-1.773446365091360666e-01,-3.274214649226350193e-01,2.627668731406496705e-01,5.973894321546888153e-02,3.276566306459751526e-02,-1.052766165360317224e-02,-2.873702307592199690e-01,-4.805759962008178121e-01,1.105667037300023525e-01,1.236492240672710935e-01,3.103479767756724406e-01,3.932359031847831865e-01,6.594457851681206906e-02,-3.282251380742438607e-01,3.377482082883360298e-02,-4.788476422923863135e-02,-4.650801732463600603e-03,-1.447045473744774380e-01,-2.947128809171006836e-01,-3.456091363025098895e-01,-1.664174214420910125e-01,-2.005096018393155988e-01,1.938382014160172917e-01,7.130087741929591605e-02,3.125900422156721037e-01,2.839317882412571992e-01,-3.646438609188815128e-02,-2.297295137549116573e-01,-1.186627974675163039e-01,-2.876807408405234190e-01,-1.826552721643694144e-01,-2.338072417343814435e-01,-8.076686857432492650e-02,6.285317667795309315e-02,-2.771530791869202329e-02,9.322151926189927579e-03,6.673455269424574676e-02,3.920189776455572719e-03,8.230572000666683263e-02,-1.732532095554911167e-01,3.483808954106153433e-01,4.084052339213998795e-01,4.269947418770790870e-01,2.339624967750331686e-01,2.535474635207733418e-01,2.925872567575897934e-02,-1.906600394073823812e-01,-1.425492421042537650e-01,6.444248599850681547e-01,4.932977768848075817e-01,5.833913637100475169e-01,3.872448851455173591e-01,2.689679421172677665e-01,7.824397416373470721e-03,1.326859806981453838e-01,-6.703136380137400541e-02,8.437426510711455718e-02,1.450949681384692234e-02,2.925575756468769550e-01,1.053656598681702028e-01,3.173618515533495055e-01,4.565662607965040309e-01,2.793061012947813948e-01,1.778788965019669488e-01,3.747788186461303850e-01,2.088248791636319601e-01,1.257908303633196168e-01,2.091148407836726508e-02,2.111400057992323942e-01,6.289883992520360623e-02,-4.295313352618444769e-02,-8.805928916023005038e-02,2.296633020463984334e-02,4.777973876056248320e-02,-4.564018731064022338e-01,-1.857923372504788895e-01,-5.862019365783158881e-02,4.294628403909686934e-03,-2.195329106438746181e-01,-3.733723906308149543e-01,-3.142110874930648667e-01,-4.075878617956158467e-01,-2.603101904385726750e-01,-3.687238720607138309e-01,-1.733399697252670790e-01,-3.934413877974104468e-01,-1.131558098491057957e-01,-1.710933379605423799e-01,-2.186698752708401416e-01,-1.779519576975677475e-01,-2.235558427266438331e-01,-3.871124617284908975e-01,-1.209413935053163386e-01,-3.742856555758249382e-01,-1.148316510231992132e-01,-3.277274086792134056e-01,2.932425243556345262e-01,1.008541310398206325e-01,1.309462109779012673e-01,-1.855366230658760940e-01,-1.614424106541488546e-02,-5.978004013799433081e-02,-4.363328759398066858e-01,-2.307341051944226951e-01,-8.835610026735830902e-02,-1.607688777572039429e-01,2.847263287434159129e-01,2.375173805734847113e-02
4.901881097470484616e-01,0.000000000000000000e+00,-1.002993225857270326e-02,3.121745066656925194e-01,-2.682373301612597793e-01,-1.918564164853455156e-01,-1.273388144451116366e-01,1.007399729216943846e-01,-4.305519088378931825e-01,-3.621666297555418135e-01,-4.904004438467633037e-02,-8.903191632666573874e-02,-3.486320432704930750e-01,-2.535908436056613299e-02,-4.134966859898308034e-01,-3.374034507715947262e-01,4.244330337063259573e-01,4.238439778167945038e-01,5.562582621937993688e-01,7.658434344241522584e-01,2.213548742091696331e-01,-1.751345353422117945e-01,-2.206470938767868539e-01,-1.937377422720661935e-01,-2.200078084152798374e-01,-1.481795204902406349e-01,-1.140051462479651362e-01,-2.786896474568996140e-01,-9.093835689937417727e-03,1.272474879506106382e-01,1.638694122455130187e-01,1.048633641484146839e-01,6.332807444935831254e-02,1.061602003703289304e-01,-3.576824988755425427e-01,-3.891125119580629010e-01,-9.107762980348821369e-02,-2.530816983988182223e-01,3.194144145172595622e-03,-1.919454598174840168e-02,1.284940946005493356e-01,-1.313754455020559875e-01,1.743194463787903215e-02,1.750249435488105965e-01,9.047030861505654664e-02,2.972882880620289492e-01,1.886873871261607050e-01,1.158362424627102510e-01,4.691738833623675387e-01,5.816607266392535003e-01,4.287984401434739024e-01,4.841605611099822348e-01,2.596389407039902952e-01,3.536550004680482640e-01,6.427330366744370138e-02,1.958336853208642314e-01,4.749548504642810420e-01,7.516284655550710125e-01,3.107041501042263620e-01,3.333028911684996487e-01,-2.350401494101450051e-01,-5.513837105498083091e-03,-1.956053690846117077e-01,6.089878969563162353e-02,-3.426821221537527107e-01,-2.467116754073732376e-01,-5.810876528862597007e-02,-5.700828102988887702e-02,6.121318115295133477e-01,6.402740708099975420e-01,1.490745201363504469e-01,6.714095559477521735e-02,3.126631034112729024e-01,2.770777348289568676e-01,7.172554561872558632e-02,-5.901974707127347931e-03,-2.509195436415069969e-03,1.056031087538728125e-01,2.781279895157184323e-01,3.938021274506893765e-01,3.618743849731386186e-01,5.304813591208911161e-01,-1.243478717502037728e-01,1.370057238880428574e-01,-3.750482318049083164e-01,8.495875467192098851e-02,-3.841123863841329200e-01,-3.266862866419019684e-01,-4.384607832616800871e-01,-3.010007100634947697e-01,-2.209347723344650127e-01,-2.331907878964996905e-01,-2.604882771028496080e-01,-3.415496736219402751e-01,-2.410905296708364953e-01,-2.744589475991406069e-02,-1.718833121379760576e-01,9.233793542760206086e-02,5.687357445049989572e-03,-1.902353712079527248e-01,-8.561173910760315475e-02,-2.287157896659505196e-01,9.329229729513754954e-02,-9.758464253668470978e-02,-6.635098141734152577e-02,-1.538052325515024410e-01,4.148277696471829035e-02,6.635554774206657569e-02,-1.726550210165095356e-01,-3.219555742267499743e-01,-3.581299986985974626e-01,-1.698010680633531833e-01,1.019431994867451077e-02,-1.071031464260517943e-02,1.380148816522789312e-01,-9.997283036788595645e-02
2.304327277625693726e-01,-1.002993225857270326e-02,0.000000000000000000e+00,7.055405501051396078e-01,4.544520524488057656e-01,1.744724182570795146e-01,8.364662126217782268e-01,4.040535264584270148e-01,5.004943046514866989e-01,3.109552979641040937e-01,3.482165077205135462e-01,3.980762073933363787e-01,5.787611104388465932e-01,2.520908059334823204e-01,3.432529127443839645e-01,2.838769923445566001e-01,-4.070353365038847926e-01,-2.831007171412980861e-01,3.001924705871608645e-01,9.036984947110543454e-02,1.177769304708565778e-01,3.390267792113500767e-02,6.689916870058379983e-01,7.776473838384069248e-01,3.795460616590827785e-01,3.393030418572156037e-01,3.072565749368134647e-01,1.386815650621362750e-01,-2.229964679478251693e-02,-1.114343054277618789e-01,5.951268182534265039e-01,5.589660927557541514e-01,3.982588603823383755e-01,3.960167949423387124e-01,2.856076294153506168e-01,1.466954649545993139e-01,-1.859430259664055507e-01,-4.175515823456753539e-01,-5.409039953058181888e-02,-3.180559329115571487e-01,2.754886538246394401e-01,-1.207998374388397911e-01,-4.336204790531268949e-01,-5.622355812588900603e-01,-2.680775087958829905e-01,-5.213806739438662241e-01,-4.387347627451830823e-01,-5.365819689535581416e-01,-3.122338688871181822e-01,-3.537782912356246534e-01,-2.933703814479359240e-01,-4.750142126857067049e-01,-5.018779010431768661e-01,-6.493656233375724174e-01,-3.534723474790462672e-01,-4.763704111290466003e-01,-1.511567642109733212e-01,-2.001579948354867411e-01,-2.858290961645155309e-02,9.532887812250992465e-02,3.047176983896855984e-01,2.216790832646481912e-01,2.522369283246839733e-01,7.402240695542582072e-02,4.647628136779690666e-01,4.537123078433476508e-01,3.298735812999870065e-01,2.533282799339709457e-01,6.507697681905252884e-02,-1.534170949498731840e-01,7.268904013571117484e-02,1.218226941772510286e-01,1.888061115690120029e-01,4.670208612545063975e-02,1.310306879853147081e-02,1.465721741870229522e-01,2.650135049053743419e-01,5.379358842345356023e-02,-1.546180383525613544e-01,-3.673357093442985999e-01,-4.129898239453502207e-01,-3.711211925413652191e-01,-1.325718225800191219e-01,-3.061469580286262926e-01,2.887766587745354552e-01,-3.514928457107370507e-02,4.041037560304026055e-01,2.319578802207361290e-01,4.490546566237965109e-01,-4.854231498964586139e-02,-1.014751512024274632e-01,-1.251241469534623008e-01,1.319279707937870694e-01,9.926961636022822721e-02,8.369844904780714134e-02,-2.476089582158455885e-02,-1.975917203400085476e-01,-3.348554415750167323e-01,-4.879003810597983271e-01,-3.039916527584026196e-01,2.581046555963734113e-01,2.506752452687168176e-01,-6.606786928438841688e-02,8.917803871786735004e-02,-1.545404108322355197e-01,-1.586866336825810686e-01,-1.221560358821796866e-01,9.957099379208153578e-02,-1.754541780729653166e-01,-2.338894355794323698e-01,-9.388135318466901691e-02,-5.577240524305404623e-01,-5.314083230400763469e-01,-3.324900853674407353e-01,-1.809611656913757971e-01,-2.365379039199614619e-01
1.738924950169981332e-01,3.121745066656925194e-01,7.055405501051396078e-01,0.000000000000000000e+00,2.405928002758060125e-01,1.231743262958658741e-01,5.726376689825543043e-01,6.566169470009520781e-01,2.914707903623150465e-01,3.601437479023446020e-01,2.580909566221982754e-01,5.210655975378376548e-01,3.615182116445846972e-01,4.841057652132816358e-01,2.735388331670430273e-01,4.240996920013972993e-01,-2.806622997381212903e-01,-2.940005342599928406e-01,4.615298557726335571e-01,2.644655459383682961e-01,1.253341978908145971e-01,-5.951062697921637168e-02,6.130405101497983233e-01,6.655806424362256113e-01,7.162508647477447421e-02,1.900892488167510996e-01,1.742441020208270186e-01,-2.966512857628844646e-02,-9.838146620120596236e-03,-1.283799364824230738e-01,5.522079321626799375e-01,4.749822484126313693e-01,4.060946736105244814e-01,4.808910726068462704e-01,7.834671647004833039e-02,9.239958081139023824e-03,-2.980873948889127267e-01,-5.268602636139263495e-01,-2.218800015525504155e-01,-3.426866884784777745e-01,2.721506704506277408e-01,-2.923749226578749583e-01,-5.976245978780289070e-01,-5.516462742214987003e-01,-4.418352972334921858e-01,-3.800209594304879701e-01,-5.084762402708743467e-01,-5.117046318514848480e-01,-2.802924274353922329e-01,-1.587277306051065318e-01,-2.423554016196753924e-01,-1.233387139859676851e-01,-4.049622250787120459e-01,-3.296909283109849542e-01,-3.826831267451922258e-01,-2.496889191281059517e-01,-1.788926205909280864e-01,2.657829306215452742e-02,-1.281835845192459133e-01,2.884204854459815337e-01,1.407683754614841853e-01,5.620437956204379359e-01,1.561523234601782106e-01,4.369721614013137301e-01,2.954343602236585986e-01,4.524291705956085541e-01,7.033738290231032753e-02,1.696686446463267217e-01,1.675270383502782123e-01,-8.847254154784709931e-03,4.004895100105253930e-02,4.451025025742655350e-02,2.475838434298578139e-01,1.158271098132601512e-01,-1.281790181945208773e-01,1.192107564345223220e-01,2.788083718997508842e-01,2.242179598117760853e-01,-6.855651625954076178e-02,-1.254620549831160226e-01,-3.153709339732276296e-01,-1.757601218295436751e-01,-1.530152583740687633e-01,-3.351842169552203266e-01,1.427273287685307257e-01,2.283367847137713624e-01,1.658420645267346949e-01,1.668603549404208686e-01,2.513373623538490698e-01,2.212315834415932714e-01,-4.437326051567504898e-02,-2.672898177808118517e-02,2.265056884990262198e-01,1.290283545933801901e-01,-1.802533853589930457e-01,-1.477594186155360145e-01,-3.912312866304861747e-01,-3.852037379934199479e-01,-4.239444369607455743e-01,-2.475564454815075144e-01,1.538874263965533395e-01,3.220697323448762361e-01,-1.593807150407886841e-01,7.221414236430595546e-02,-1.225259081849087578e-01,-1.222427960519556489e-01,-1.225213418601837079e-01,1.739792551867740955e-01,-2.820824267276118569e-01,-2.774202091833356532e-01,-1.427273287685307257e-01,-5.780396311322887337e-01,-4.564749343020030325e-01,-4.195516325752473019e-01,-2.027151366815148348e-01,-2.155602081330809661e-01
-3.301703924071152652e-01,-2.682373301612597793e-01,4.544520524488057656e-01,2.405928002758060125e-01,0.000000000000000000e+00,6.277897390117103127e-01,4.294331592802558828e-01,3.180331012879318853e-01,6.802476774530866743e-01,6.363972611184298689e-01,1.017902276084559215e-01,2.340492569448091031e-01,4.451413163344284940e-01,2.825527581742920402e-01,5.007454525113644861e-01,4.741192130395968651e-01,-4.561004956745489114e-01,-2.769453114119304615e-01,-1.924020922899890088e-02,-1.841438940247357714e-01,2.180716867318585606e-01,1.755592035416414509e-01,4.841833927336074428e-01,5.476370411129046767e-01,3.759203998273929481e-01,4.742105395340978635e-01,4.348214224558151209e-01,4.718269180276217223e-01,8.276463564153437036e-03,6.168876387306530817e-02,2.848587521604423745e-01,4.147706905881197725e-01,-8.333542623216564933e-04,5.886677519298429834e-02,1.340558781156604429e-01,2.644130332040302289e-02,-1.674083139074268867e-01,-2.094732972745890764e-01,1.295808798851112720e-01,-8.046092481774656802e-02,1.793675183623333058e-01,-1.279187376851930180e-01,-3.166403722467915904e-01,-4.275153028957348056e-01,-3.680480560014064428e-01,-4.444015717289703793e-01,-3.794501688398567163e-01,-3.332298299728988500e-01,-5.291023290539259571e-01,-5.873366682724908694e-01,-5.472945667585259466e-01,-6.444476916086934182e-01,-4.899323955624456106e-01,-4.642376863345882843e-01,-1.697965017386281472e-01,-3.552075508745653476e-01,-3.976287075702814588e-01,-4.364744320062832750e-01,-3.078273655274447740e-01,-1.461886029101187590e-01,1.074844345405934903e-01,1.232382548420165869e-01,2.828084723588948357e-01,6.204037087689416585e-02,3.010144090376699055e-01,3.040875455776286818e-01,-1.135165495023847670e-01,-1.043245378308587656e-01,-1.822032060165894585e-01,-4.096472742466135131e-01,7.653845187892846513e-02,5.374792517620305410e-02,1.286950128884515321e-01,-1.700567822479560065e-01,7.200865775167869520e-02,2.470153360015890642e-02,-2.141834612284783390e-02,-1.136444065946861648e-01,-7.562062060919337581e-02,-2.700227631287543950e-01,-3.281064136313925905e-01,-4.870921415834644219e-01,2.299212993933637539e-01,-2.291130599170298765e-01,3.364901858265846868e-01,-1.827055017363449774e-01,5.188783279945387017e-01,2.997860676866314078e-01,5.431848745059807415e-01,2.430951462251335071e-01,2.728630171077355837e-01,6.078006525278031869e-02,3.788885108986755346e-01,2.473098639463548187e-01,3.043204281386062138e-01,2.402411932719771548e-01,-5.614981198157944359e-02,-1.659562226448609568e-01,-1.240830249161508636e-01,8.775791172837674181e-02,1.784588197420483024e-01,2.186379109977647783e-01,-7.532380950206511716e-02,1.271949752162725503e-02,-1.420652116833984457e-01,-1.074524702675181409e-01,-4.179785337074675561e-02,1.659562226448609568e-01,-1.068542817285365598e-01,-1.300238133834411280e-01,7.548819719216692814e-02,-9.835178509049313789e-02,-3.777651950163131711e-01,-2.596617723276155587e-01,-3.341156969695586176e-01,-5.261091031966556170e-02
-2.400083107109995950e-01,-1.918564164853455156e-01,1.744724182570795146e-01,1.231743262958658741e-01,6.277897390117103127e-01,0.000000000000000000e+00,2.014593973821260375e-01,2.756758731383665006e-01,5.010376972937676809e-01,6.778412243229853251e-01,1.206537150476381798e-01,3.155490206375046180e-01,3.267319498891524399e-01,2.525657037048875675e-01,2.739041391450470209e-01,4.331136170086463122e-01,-4.472052951101511686e-01,-1.851028222169963100e-01,-4.070650176145976240e-02,-1.775409884723132270e-01,1.365810556886131732e-01,8.947028350027055876e-02,2.391041784154396554e-01,3.532759955158691345e-01,2.436157072437892257e-01,3.806556785672699506e-01,2.141629127672156074e-01,5.393628607111137230e-01,-2.537894787312010014e-01,-9.581290854336524387e-02,1.427821246652313247e-01,3.082611663763245025e-01,-1.447593432711780370e-01,3.208071435583998571e-02,-3.430908082166447132e-02,-8.275321982972175250e-02,-7.457036592243183881e-02,-1.013929573573765508e-01,-2.622668605832566627e-02,6.755877430711730580e-03,-1.170052215923230998e-01,-8.590398389000636348e-02,-2.553968250344186841e-01,-2.030530447111685566e-01,-3.387459502407594858e-01,-2.510359849219957473e-01,-2.248435462991079659e-01,-2.175602583626529418e-01,-3.424264079691499152e-01,-4.538903945076246393e-01,-2.255558929562158088e-01,-3.675594592558260598e-01,-1.205030263317115324e-01,-3.948067188902004143e-01,2.573123982565772312e-03,-2.778768416558406451e-01,-2.587804716556808549e-01,-2.129026071431017741e-01,-1.792396612700319081e-01,1.441291904591211204e-01,1.425172778311784016e-01,2.131035254310039706e-01,2.818632431408094607e-01,2.000301377431853433e-01,1.063748176324062905e-01,2.233731897376418085e-01,-1.771893814684843693e-01,-9.352517985611510931e-02,-1.998246531305580831e-01,-2.950690542456545495e-01,1.120005296936681105e-01,2.851441474557580083e-02,1.915504727287671571e-01,-3.033181198614576940e-02,1.694540273842493894e-01,1.489283977451488494e-01,2.721598031000778684e-01,2.613832767489594477e-01,-2.504971586044398291e-01,-2.747991387911568606e-01,-2.582005484155994735e-01,-3.433807698366854178e-01,7.799510946621947272e-02,-2.180853857060337242e-01,3.265264652765252351e-01,8.915749025660462193e-03,3.449104886195771824e-01,3.152522095303763594e-01,3.356773800255257734e-01,4.082408462312980268e-01,4.359219067145521653e-01,8.415508152031214717e-02,3.527508681724883521e-01,3.877494640276354237e-02,7.880791526727840002e-02,-1.201331540289824612e-01,-3.652625979191257977e-01,-2.710319208929904411e-01,1.348412859683690568e-01,2.033635547924719511e-01,2.120167401464420343e-01,5.477078191461429157e-02,-1.664425362280787810e-03,2.307592199804104835e-02,-9.937920815362942528e-02,-1.379874837039286317e-01,-2.556890698168218790e-01,1.902627691563030243e-01,-8.810495240748054957e-02,-2.254052042402891476e-01,2.998088993102566713e-01,1.512343917312991837e-01,-4.334583745253876158e-02,-1.267771565039304549e-01,-2.427024422987791863e-01,-1.535403857174495179e-01
2.620910570813422269e-01,-1.273388144451116366e-01,8.364662126217782268e-01,5.726376689825543043e-01,4.294331592802558828e-01,2.014593973821260375e-01,0.000000000000000000e+00,5.069282561890823269e-01,6.687770697437607215e-01,3.535043117521216027e-01,5.016039215596739265e-01,4.908958900794312408e-01,7.540760156076978804e-01,2.717351349006482120e-01,3.789159088470258618e-01,1.558920429508503513e-01,-5.954418946594549622e-01,-4.498400644765050971e-01,1.290009566450298906e-01,-1.232336885172915369e-01,1.416702245946815930e-02,-8.614143277570897317e-02,7.356463290173954617e-01,7.093032016785809635e-01,4.927452515930765276e-01,4.022315628931319997e-01,1.978063376020859077e-01,9.041551271835593373e-02,-5.460639422451248753e-02,-2.215649251465219571e-01,5.250656979969816618e-01,5.054715986017913609e-01,4.861377797159289194e-01,5.334220722438234308e-01,4.235699983332914531e-01,2.159529120594352869e-01,-2.193685229537728210e-01,-4.427805264515775607e-01,-1.134389219820589045e-01,-3.813269283018523303e-01,9.381742463851831804e-02,-9.786318834491276875e-02,-4.911607369134841083e-01,-6.553612077015632531e-01,-2.881419396377534747e-01,-5.466415823228437665e-01,-5.635004532077290129e-01,-6.830194365611921281e-01,-2.775982958476125861e-01,-4.190950001027423100e-01,-2.285696672747489222e-01,-4.786535734915717266e-01,-4.964394082956421483e-01,-7.164677651721846896e-01,-5.172435837429707473e-01,-6.112094139350531252e-01,-1.142060645358673326e-01,-2.262545406391484604e-01,1.629013514038023802e-01,1.597094904209923061e-01,6.014877085954213332e-01,3.954505706764325224e-01,3.841489169819333194e-01,1.875686375685234053e-01,6.156889784903273322e-01,6.251778012689815922e-01,4.791558692113272455e-01,3.815689435122799900e-01,-1.178043284192068774e-01,-2.579539668804467500e-01,1.583532919776524106e-01,1.712029297539436057e-01,2.840550790088335331e-01,8.471217313676827898e-02,1.513051697645374609e-02,1.269917737660078150e-01,4.074691373527645766e-01,1.733080054521917157e-01,-1.249232286655600904e-01,-3.682215763409583120e-01,-5.404679112945759423e-01,-5.035857064903456193e-01,-2.509537910769448765e-01,-5.030423138480646372e-01,3.064209375121292878e-01,-5.411323115420706847e-02,3.330334780097217173e-01,1.337773323074323839e-01,3.544997705421825684e-01,6.573452757945975888e-02,-1.387272283093867742e-01,-1.014066563315517006e-01,2.152725296754028073e-01,1.597460210187927054e-01,8.799536061407935150e-02,-1.145165746171707549e-01,-2.861875526554319982e-01,-5.442899250894428498e-01,-5.073666233626872302e-01,-2.934297436693615868e-01,8.453408647249131824e-02,2.328300482432207330e-01,-2.486158328177191790e-01,-4.273394993938203767e-02,-3.400770338981116275e-02,1.755751856781791404e-03,-7.339225414336890407e-02,-1.993885691193157672e-02,-1.654402279509302742e-01,-2.525976679779629031e-01,-1.828561904522716386e-01,-5.130151670475742165e-01,-4.825258168584142249e-01,-5.221067195751492029e-01,-2.599859813830940891e-01,-2.560269778464756008e-01
1.039364002292294947e-01,1.007399729216943846e-01,4.040535264584270148e-01,6.566169470009520781e-01,3.180331012879318853e-01,2.756758731383665006e-01,5.069282561890823269e-01,0.000000000000000000e+00,4.780188543547897462e-01,5.715737153216177147e-01,3.005440775909897222e-01,7.112941192587028949e-01,4.353419834744708394e-01,5.257871773035396323e-01,3.463169166348926686e-01,4.476116980106806253e-01,-3.903180216854761353e-01,-2.778540100322154371e-01,2.995577514503788841e-01,8.940178862939479609e-02,-8.470304048731817914e-02,-2.713789615720942905e-01,6.151136215749710701e-01,5.607697910221489668e-01,1.281105233236451146e-01,2.880323478443522767e-01,-6.020470833742400107e-02,-3.257844375087045469e-02,-6.675738431787099636e-02,-3.550089157490256275e-02,3.291110050709036283e-01,3.294534794252823584e-01,4.481824886013118792e-01,5.947386806517971358e-01,6.338287034605892545e-02,-8.724191703444607315e-02,-5.636876725214560180e-01,-6.585485023596483467e-01,-4.127432424101974973e-01,-4.639226099285598259e-01,-1.044112980006347141e-01,-3.570158154656852267e-01,-6.562881716207484839e-01,-5.699481037194997768e-01,-4.547579962053841518e-01,-3.187637132439399279e-01,-6.139218108217329162e-01,-6.839646657792776141e-01,-1.859521586158556505e-01,-1.572254097705650111e-01,-1.841164960763854719e-01,-1.608145410044544421e-01,-2.951147174929050765e-01,-2.298619371719381188e-01,-4.025603382733356495e-01,-2.837810995253305379e-01,-1.084798933306544283e-01,-7.639689581245191763e-02,2.162383073547509069e-02,2.285240040274983953e-01,4.017064355497512729e-01,7.446785193235446743e-01,4.591781985392326959e-01,7.442675500982901537e-01,3.948843464105262768e-01,5.010970595151933438e-01,-5.495343490361630223e-02,2.802581799999543516e-02,-3.329535673270333368e-02,-4.657879535787428499e-02,8.467107621424282971e-02,6.481897947208719798e-03,8.021434328259385849e-02,1.348367196436440207e-01,5.914075467648730738e-02,-1.541134594704433262e-03,3.983912837993648370e-01,3.298827139494370786e-01,-7.842434399037419290e-02,-1.698695629342289459e-01,-2.681779679398341165e-01,-2.769179134635801343e-01,-3.310653920532251049e-01,-5.046816244243577110e-01,2.968590535378742290e-01,7.537860539876571619e-02,1.356814897177782975e-01,-1.175029509873535688e-01,2.418074426526693466e-01,3.039414231864270288e-01,1.302795275680439513e-01,-9.092237476283651643e-02,4.770233955647287805e-01,8.676701926304085377e-02,-1.527412788905657404e-01,-2.237430620403708659e-01,-4.614111313297822314e-01,-6.025516622563580338e-01,-4.261088748804193749e-01,-2.560543757948258725e-01,-1.203454881286972894e-02,1.173659612456020573e-01,-3.815050149661292633e-01,-2.747854398169817247e-01,6.545141544650665000e-02,-1.133019322403074070e-01,6.413631392569220380e-02,-6.024123893522440043e-02,-3.054802746187689766e-01,-1.263890189023011978e-01,-2.368529803259899202e-01,-4.471504992134505696e-01,-4.480409325348353455e-01,-5.682585635712312788e-01,-3.177819534280541536e-01,-9.769651749244843975e-03
-1.773446365091360666e-01,-4.305519088378931825e-01,5.004943046514866989e-01,2.914707903623150465e-01,6.802476774530866743e-01,5.010376972937676809e-01,6.687770697437607215e-01,4.780188543547897462e-01,0.000000000000000000e+00,8.188493318325346104e-01,3.038637956661012218e-01,5.209925363422368561e-01,7.973876056247988231e-01,3.724271614127295238e-01,6.886862455449794806e-01,5.078643527577176853e-01,-6.790695656740237673e-01,-4.875350750817942780e-01,-2.335058643025281488e-01,-4.719639077693731921e-01,-5.730509213701714261e-02,-9.049314023868179624e-02,7.487836452513647600e-01,7.270479395601259220e-01,5.306914100582434957e-01,5.625369586907433828e-01,1.641525243784661137e-01,2.620819244318920993e-01,-9.100456860788741498e-02,-1.348915155403446198e-01,2.456705533700618005e-01,3.994324058366762742e-01,2.302637737477425117e-01,3.160010867852845462e-01,4.528858030681136015e-01,3.036080814814983708e-01,-2.120761023678676971e-01,-2.890780362063887221e-01,-6.747886362442892527e-02,-2.429353248597567461e-01,-6.463404332072267278e-02,-1.019317836749324691e-01,-4.848866067412652137e-01,-6.210133131197358436e-01,-4.802106902228138186e-01,-6.783663516663660520e-01,-6.433106767521559188e-01,-6.634070718671016831e-01,-6.388767754441321278e-01,-8.118993856010082721e-01,-5.323170216603613225e-01,-6.699917121206240278e-01,-5.423355381071214287e-01,-6.602471751573669723e-01,-4.716396987138946617e-01,-5.600300464166908521e-01,-2.887355618520099920e-01,-4.321957857389112645e-01,-1.965277666790718469e-01,-6.803595524088504320e-02,5.849439141165645450e-01,4.636440641203317670e-01,5.299653644269605168e-01,1.986237097278698849e-01,7.336325798136482668e-01,7.224131199641999901e-01,1.941943747445712132e-01,1.369098310688167952e-01,-5.120060092833381704e-01,-6.131181376701241303e-01,-4.344629659648986675e-02,6.183031993954186262e-02,9.092694108756156635e-02,-1.571888791727646117e-01,8.196781197701312471e-02,-6.254266659664968475e-02,2.789590606156775454e-01,1.242519789309777245e-01,-1.793172887903577428e-01,-3.418967143010440690e-01,-5.893275858526126898e-01,-6.884624956334519652e-01,-4.819527431054204669e-02,-5.593770619810086719e-01,5.963642922539150737e-01,-3.452369808374183141e-02,5.750395557879307562e-01,2.853838795038231568e-01,5.931450333227547000e-01,4.663838589553618852e-01,1.973497051295808880e-01,9.104566553041286425e-02,5.376870195370203609e-01,4.261682371018450377e-01,1.515312028384274423e-01,1.070803148024265534e-03,-2.776530917443132407e-01,-5.320704401252086546e-01,-3.559335965058483264e-01,-2.378826865514887395e-02,-5.922294852153821287e-02,3.254259810177881351e-01,-3.921491179002212224e-01,-1.329325622332981072e-01,6.370707940153748361e-02,2.053590386973188908e-01,1.220350282769658637e-02,-1.089273931537093343e-01,-1.546043393783862185e-01,-8.615513174988412293e-02,-8.120066942320469661e-02,-2.086148282262796638e-01,-4.282276495528426485e-01,-4.977134128939311175e-01,-3.699750450353775921e-01,-4.428650034589910051e-02
-3.274214649226350193e-01,-3.621666297555418135e-01,3.109552979641040937e-01,3.601437479023446020e-01,6.363972611184298689e-01,6.778412243229853251e-01,3.535043117521216027e-01,5.715737153216177147e-01,8.188493318325346104e-01,0.000000000000000000e+00,1.811529513298279215e-01,6.013461525289447440e-01,5.794643244465044196e-01,5.438698232147383127e-01,6.321094822016077863e-01,7.354910739767437367e-01,-5.685873389514348730e-01,-4.314925717312535491e-01,-1.544673496366347210e-01,-3.932130715611579230e-01,-5.651968428430850788e-02,-3.434104509473982075e-02,6.144286728662134989e-01,6.594708999541084582e-01,2.626481486977983448e-01,4.682743173915326906e-01,1.211331791437684491e-01,2.994572923064278136e-01,-1.463895211980209554e-01,-1.384395498517086154e-01,1.968245777862001056e-01,3.528284956928142146e-01,6.618202740251467875e-02,2.131537550029795336e-01,1.867923623652648912e-01,1.508782184027452622e-01,-2.363780825545847009e-01,-2.682921260579603784e-01,-1.594720415352897103e-01,-1.532253093114210596e-01,-2.010324460203338423e-02,-1.709700471929660459e-01,-5.831995780715953925e-01,-5.348878624805646353e-01,-5.818981755249561516e-01,-5.957980679880088282e-01,-6.074376297121617529e-01,-5.524590800225576137e-01,-6.751653580341059335e-01,-7.086821815159741744e-01,-5.601533371842671860e-01,-4.696853117315731851e-01,-4.249033651530061406e-01,-4.527168490532867406e-01,-3.079917532175465711e-01,-3.150193269693987719e-01,-4.500135848160570218e-01,-4.406617517791542871e-01,-4.071220966736607272e-01,-2.586822956740922504e-03,3.014436435618246257e-01,5.860946279472771803e-01,3.996698547223788700e-01,4.089760245120311333e-01,4.769320690702277821e-01,5.652630545515983096e-01,-1.718650468390758579e-01,-9.581290854336524387e-02,-4.701191125804529136e-01,-5.726650669309046870e-01,-6.772087883485658488e-02,1.265556897547655268e-02,4.728200936553201422e-02,-1.342613627282877031e-01,3.427255022386407196e-02,-8.851820479509759851e-03,2.239987762249736891e-01,1.875732038932484691e-01,-2.713561299484690270e-01,-3.362481706161570272e-01,-4.743246976522241254e-01,-5.749938925406802293e-01,3.930464007086936079e-02,-4.616029169682343558e-01,5.272255695919303431e-01,8.081253182157542569e-02,5.115174125377578429e-01,3.763313690526474686e-01,5.937980177584368802e-01,6.455618748416056540e-01,3.857242990120756665e-01,1.710248430896666449e-01,5.743591734038983043e-01,3.636141546933827073e-01,-3.065602104162433450e-02,-8.712775891631981129e-02,-3.781213683448670926e-01,-4.515615688978490416e-01,-1.642438508729671398e-01,8.705013139599396266e-02,4.939621771323023797e-02,3.737148649851936844e-01,-2.660591932674108429e-01,-3.324969348545282755e-02,2.064207091958930596e-02,5.983483603469493678e-02,-6.200840660381881642e-02,5.929372655477649183e-03,-1.777830036827408866e-01,-1.803469950158565621e-02,1.100187447629963344e-01,-1.142973910303683449e-01,-2.940690291308685755e-01,-3.897654963937450256e-01,-3.756601193180650888e-01,-2.117176458769512437e-02
2.627668731406496705e-01,-4.904004438467633037e-02,3.482165077205135462e-01,2.580909566221982754e-01,1.017902276084559215e-01,1.206537150476381798e-01,5.016039215596739265e-01,3.005440775909897222e-01,3.038637956661012218e-01,1.811529513298279215e-01,0.000000000000000000e+00,5.022751712942562508e-01,6.711972218480373176e-01,4.412599403181358682e-01,1.397318197488978120e-01,-4.380246992504378128e-02,-3.681850457431579127e-01,-1.402158501697531312e-01,9.192239987762250431e-02,-1.193842767740742328e-01,-1.251013153298370373e-01,-2.111582710981325939e-01,1.931167221094593767e-01,2.287568865884759550e-01,-6.480756366027456972e-02,-8.941548760356994585e-02,-7.799967579094452264e-02,-1.474169442611572567e-01,-8.103628173310288563e-02,-3.501160988061344237e-01,1.096443061355422133e-01,5.555618976732292630e-02,-1.101169207445849146e-02,7.244702492528351523e-02,-5.479817986296459803e-02,-5.622743950190529916e-02,-1.181079890134227074e-02,-2.115966382717374139e-01,-2.309532887812250912e-01,-2.032950599215962162e-01,3.347800972170533740e-02,5.997639210117149122e-02,-2.121491635634684958e-01,-2.700090641545792036e-01,-2.590681501133589859e-01,-1.953770528483592117e-01,-1.447867412195283365e-01,-3.634862976010813096e-01,-1.603670411813995222e-01,-7.173467826817568616e-02,1.765820602800526884e-01,-7.085794392096604610e-02,-5.596030950548985979e-03,-3.413030920867875517e-01,-9.293155764185859202e-02,-1.154755028094312935e-01,-8.516423928454824877e-02,-2.283413510384963985e-01,3.142019548436147947e-01,2.495062661391039549e-01,4.795942363849320378e-01,2.546205498311601700e-01,5.111338412608535942e-01,3.324718200685405356e-01,2.361999958903077401e-01,2.276564023297388828e-01,1.655269881207062366e-01,8.823280949978196119e-02,-1.101055049327722829e-01,-7.607725308169839551e-02,4.174054599544737565e-01,3.612122678880063109e-01,3.925372555018504794e-01,2.802421978634166422e-01,3.035715508836979715e-01,1.319416697679622053e-01,4.401457570852235768e-01,1.012148706930996039e-01,-2.454742014068846401e-01,-2.643239898718917624e-01,-1.200600928333816625e-01,-1.325307256574936865e-01,-1.838607818917826764e-01,-3.574496163145649552e-01,3.699248154634020569e-01,2.274737493407368583e-01,7.477356737269657758e-03,-9.378546036544296860e-02,2.455837932002858381e-01,2.600293614679820633e-02,6.221845754117112659e-02,5.227300229001184684e-02,5.370682825367760482e-02,8.089244250426379929e-03,-1.308183538855998695e-01,-3.404994189351787104e-01,-4.000579923240081270e-01,-3.042701985666306785e-01,-1.215624136679231693e-01,1.298228950955389316e-01,1.429647776542333215e-01,1.140690747941158351e-01,-2.056786814280723852e-01,5.509955729481790659e-02,-2.975188874606439840e-02,-3.042770480537182465e-02,-1.160417270753375113e-01,3.129074017840630800e-02,-6.535552262728058781e-02,-2.865619912828861193e-01,-9.216441508805015004e-02,-2.425745852064777885e-01,-1.196080266856016927e-01,-3.985237072163912986e-01,-8.466650988951777979e-02,-1.126991773766007759e-01
5.973894321546888153e-02,-8.903191632666573874e-02,3.980762073933363787e-01,5.210655975378376548e-01,2.340492569448091031e-01,3.155490206375046180e-01,4.908958900794312408e-01,7.112941192587028949e-01,5.209925363422368561e-01,6.013461525289447440e-01,5.022751712942562508e-01,0.000000000000000000e+00,5.988529392290673492e-01,7.338837276735260540e-01,4.308213219966711693e-01,4.865852795389838392e-01,-4.806901543189440740e-01,-3.116128487245113377e-01,8.801819223770460110e-02,-1.397592176972481115e-01,-1.031098954539954177e-01,-2.018566676332053944e-01,5.607560920479738309e-01,5.715326183990921960e-01,1.173248643230766081e-01,2.168342127313699630e-01,-8.615513174988412293e-02,-7.153375998027347582e-02,-2.230215827338129508e-01,-1.870709081734929502e-01,2.276746676286390825e-01,2.390996120907146194e-01,2.909182650705839368e-01,4.170401539764697074e-01,1.844407051318640300e-01,9.796364748886388085e-02,-3.232569767733892707e-01,-4.623335289242423984e-01,-3.760391242702442183e-01,-3.011650977535965668e-01,-1.691983131996465661e-01,-2.279121165143416783e-01,-5.493083159622730305e-01,-5.050240987787364411e-01,-4.026333994689364482e-01,-3.715047638182694123e-01,-4.898136711195943405e-01,-5.865147298219818284e-01,-3.456958964722858241e-01,-2.497985109215071498e-01,-8.350209708462998093e-02,-1.130599170298797473e-01,-1.948610581544285292e-01,-3.945601373550477464e-01,-3.586916566397786443e-01,-3.162476683204372696e-01,-2.673240652162497399e-01,-2.689679421172677665e-01,1.381313229327677189e-03,3.123388943557943165e-01,5.128873099552728743e-01,7.140247814442828300e-01,5.074442508830130372e-01,6.106523223185970073e-01,5.449977054218256844e-01,6.201228797983511232e-01,1.570381904568379505e-01,2.113865873343851176e-01,-1.911303708540625368e-01,-2.003406478244887379e-01,9.779469347403701995e-02,4.866103943249716623e-02,-6.522994869734171676e-03,1.449008993376545984e-01,9.304571575998484001e-02,1.007628045453196342e-01,4.638358497587838913e-01,3.925372555018504794e-01,-3.314580959795793702e-01,-4.709090867578866191e-01,-4.220768101482000878e-01,-4.009895225679183661e-01,-2.892058932986901754e-01,-5.178783028797526722e-01,5.007089219135640867e-01,2.431088451993086708e-01,2.151675042067266452e-01,4.987568180936050727e-02,3.596094879095136920e-01,3.356545484019005099e-01,1.657735696558589322e-01,1.573327184016036842e-02,4.375475183166700477e-01,7.836041544422348015e-02,-1.132243047199815583e-01,-2.630773832219530650e-01,-4.513469516357716538e-01,-4.676441645794757185e-01,-3.400519191121238460e-01,-1.251561112265376641e-01,6.247873805049898588e-02,1.007810698442198338e-01,-3.458283198893122856e-01,-2.370356333149919170e-01,1.509170321629082091e-03,-5.377988944927840353e-02,-2.677464502533168783e-02,-1.489694946676743126e-01,-2.265193874732013835e-01,-1.715088735105219642e-01,-3.712650317702042430e-02,-2.976170634422325434e-01,-3.701850959727299162e-01,-4.877953555911221373e-01,-2.025781469397633372e-01,-8.354319400715543020e-02
3.276566306459751526e-02,-3.486320432704930750e-01,5.787611104388465932e-01,3.615182116445846972e-01,4.451413163344284940e-01,3.267319498891524399e-01,7.540760156076978804e-01,4.353419834744708394e-01,7.973876056247988231e-01,5.794643244465044196e-01,6.711972218480373176e-01,5.988529392290673492e-01,0.000000000000000000e+00,4.348214224558151209e-01,6.069307676676811703e-01,3.251428688848350124e-01,-6.640737552769589991e-01,-4.579544235129192620e-01,-9.280826687428223032e-02,-3.999301352317067293e-01,-7.121868357424501750e-02,-1.463301589765952926e-01,6.710921963793611278e-01,6.606627107073465011e-01,4.500775133622077484e-01,3.882905735075538600e-01,1.348275869941939209e-01,1.398779421400994094e-01,-2.559196692154369276e-02,-2.383826991088817404e-01,3.090831048268335435e-01,3.557372445426711383e-01,2.497619803237067504e-01,2.912516067755126503e-01,4.383192271952035535e-01,3.165079488297651289e-01,-1.588966846199333649e-01,-2.861601547070816709e-01,-6.948804650345100087e-02,-2.387388724374356341e-01,3.770186009237674885e-02,-3.824525273465771702e-02,-4.625207482379694590e-01,-5.778021822465860824e-01,-4.220813764729250961e-01,-5.966245727632428775e-01,-5.582720113975465637e-01,-6.515072296336209545e-01,-5.433583948455326107e-01,-5.897933509745678649e-01,-3.209555491119640003e-01,-5.173075122891214184e-01,-4.325017294954895952e-01,-6.532287340549648436e-01,-4.425202459422497014e-01,-5.019874928365780642e-01,-2.573101150942146975e-01,-4.612969732116560251e-01,-2.034525981246104384e-02,7.907732842605635915e-02,6.566671765729276133e-01,4.333236679459986362e-01,5.729025158166072274e-01,2.138843669589875485e-01,6.918096116569137921e-01,6.733114301957354719e-01,3.548650765201865620e-01,2.584790942238275324e-01,-4.070262038544347205e-01,-5.044715734870053314e-01,1.544856149355349206e-01,1.805501964661213044e-01,2.126605919326741145e-01,1.825844941311311614e-02,1.743262958658779171e-01,1.066236823299215181e-03,3.893042975965149699e-01,1.517047231779793670e-01,-1.808881044957749984e-01,-3.731075437967620312e-01,-5.097365458949881800e-01,-5.842315674594567021e-01,-1.048724967978647837e-01,-5.663544061608852820e-01,5.710394553287867492e-01,9.026025767770423647e-02,4.429312151675042220e-01,2.155465091589058302e-01,5.073209601154367032e-01,3.382253892221037672e-01,1.003837995931404631e-01,5.120904862907516009e-02,3.473763039711043055e-01,2.934799732413371220e-01,2.953727148398704178e-02,-1.355171020276765004e-01,-3.408144953412072242e-01,-4.619590902967882773e-01,-3.664589749970889598e-01,1.025824849482521312e-02,4.127729235209103703e-02,3.122338688871181822e-01,-3.779295827064150237e-01,-2.455541120895730206e-02,-2.045028528113719893e-02,1.287087118626266957e-01,-9.122831851941487491e-02,-2.438645719413044463e-02,-1.386359018148857758e-01,-1.912901922194392978e-01,-6.434636486304450009e-02,-3.003842562256129889e-01,-3.733495590071896908e-01,-5.550207881933107990e-01,-2.659678667729098445e-01,-1.885960606316597066e-01
