1.000000000000000000e+00,8.878990111623807913e-02,4.058069951528462949e-01,1.495585505572057661e-01,3.655571258638915660e-02,-6.002205534842199042e-02,5.114215197185317807e-01,-1.306357008965978728e-01,1.088383498215708678e-02,1.242885095287781239e-01,5.082342250604466871e-01,1.062332615659297430e-01,3.455589067305343542e-01,2.651778925954761390e-01,7.733070921872467127e-03,7.813209920797097030e-02,2.301724472532415133e-01,5.915445365066245714e-02,6.796312236152048936e-01,5.484955101612141171e-01,5.303101219437017511e-02,-1.383573560066576891e-01,1.513622488236005814e-01,6.883962839249387067e-02,-1.743080305669777175e-01,-1.180965732016100861e-01,5.984168552178250819e-03,-8.712319259159476137e-02,6.374817632406293288e-02,-4.505820922443257853e-02,9.121005322051467523e-02,-7.694028845473288580e-02,9.903673379925066744e-02,5.639411035436962816e-04,-2.236015059738943322e-01,-1.450196237805058963e-01,-1.000869884860122044e-01,-3.173390199297242420e-01,-2.276746676286390825e-01,-2.558077942596732046e-01,1.585359449666544074e-01,2.119916253604542736e-02,-3.571345399085364969e-01,-2.786942137816246778e-01,-3.193345038345711817e-01,-2.677122028178789970e-01,-1.933404720209868366e-01,-6.609755039510124483e-03,-3.213528193630433849e-01,-2.771462296998326580e-01,-3.511024249467452618e-01,-3.332115646739986503e-01,-1.456954398398133399e-01,3.796670692642965805e-02,-1.799976711743902225e-01,-3.705093050282084466e-01,5.651123658356717039e-01,3.019482224439426488e-02,3.343234647445483820e-02,-1.194984348922004946e-01,2.793426318925817942e-01,-3.323165650278888106e-01,3.996196251504033348e-01,-1.510517387422971869e-01,6.934192411224938957e-02,-3.177499891549787625e-01,-1.010778809513480925e-01,-4.819070798581699677e-02,6.221594606257234705e-01,4.425841744884003726e-01,1.310055731993269301e-01,1.471110005045788705e-01,9.956186114263143594e-02,1.211605770921187486e-01,-1.357454182639289963e-01,9.173518056389544373e-02,9.757550988723460994e-02,-7.065245930833879973e-02,1.308868487564756322e-01,7.311370833514083123e-02,2.531821575427693483e-01,1.015664776969284616e-01,-6.736470550630266341e-02,-1.464306181205464186e-01,1.386587334385110115e-01,-2.761462045850466840e-01,-1.464671487183468179e-01,-1.481292909182650719e-01,-1.849589829881572237e-02,-3.921787990109340538e-02,1.008358657409204329e-01,1.799520079271397233e-01,6.925973026719849102e-02,2.363917815287598645e-01,-8.728758028169657235e-02,-6.524136450915433982e-02,5.522969754948183797e-03,5.376162415037820386e-02,-3.580683533148092818e-02,2.027699325782154338e-01,1.100004794640961348e-01,1.561842877332535739e-01,5.414062910255736799e-02,1.258730242083705431e-01,-1.196491236081271420e-01,-4.412211265579728953e-02,-4.262892447070588259e-02,-7.982163935623953765e-02,-5.760646956887045117e-02,-2.366041156284746927e-02,4.086632312683651652e-02,4.542351520243659291e-02,2.324099463685161127e-01,2.026763229213519174e-02,-2.577758802161698171e-01,-2.436202735685142895e-01
8.878990111623807913e-02,1.000000000000000000e+00,2.816988554507076636e-01,2.833381660270006819e-01,1.185189582386772349e-02,-2.110030160574808966e-01,2.468303998502245356e-01,2.343871649744628249e-01,2.696528908260253377e-01,-7.511375856471280699e-02,1.987652657943464463e-01,8.241531180006804458e-02,3.161335102023110077e-01,2.051124571621661674e-01,-1.970254960741023298e-01,-3.355906198557497833e-01,4.545547947551194234e-02,-4.020420604170424350e-02,3.030098929425168452e-01,2.979915020696866645e-01,-1.137585647128124267e-01,-2.666482491569422963e-01,1.024888752913886009e-01,1.712714246248193406e-01,9.951163157065588682e-02,1.030779311809200682e-01,-1.369737596149674941e-01,-2.207475530207379522e-01,-1.277429341832785753e-02,-2.300080595631397162e-01,3.769797871636045850e-01,3.558103057382719925e-01,8.012301678809284622e-02,1.530243910235188631e-01,-4.225905216797681829e-02,-5.098301555518517866e-03,-1.081465516257257564e-01,-1.106534638997783010e-01,-1.646822180465719321e-01,-2.366292304144624603e-01,8.316418905497627301e-02,-6.578019082671025808e-02,-3.212203959460169234e-01,-1.901851416359771618e-01,-2.761279392861464288e-01,-1.103201221948496430e-01,2.202566731127950789e-02,-9.780839244821216971e-02,-1.296539410807120707e-01,9.365303694841650706e-02,-5.316800193612168657e-02,-8.558434115925285524e-02,-1.387180956599366743e-01,-1.359646018507314202e-01,3.192705752884205106e-01,-1.393756464203438905e-01,1.394669729148448889e-01,7.264999805931199317e-01,9.813260150369072787e-02,4.454061631684814171e-01,9.173061423917039381e-02,5.011541385742564192e-03,1.153339467429547321e-01,-2.599585834347438174e-01,-3.533810209845452688e-01,-2.518761886714049880e-01,-1.601158933215217628e-01,-4.493491845685622377e-02,1.384715141247839509e-01,1.991145896358127720e-02,4.313875462625773594e-01,3.329284525410455275e-01,1.077218834262961000e-01,2.379397656105518566e-01,-4.073389970981006192e-02,-2.858907415483037395e-01,2.674427896591010101e-01,4.594065147754852196e-01,-2.077700581521453871e-01,-3.760802211927696814e-01,5.729139316284198591e-02,-1.644721671092196358e-01,-3.767058076801015343e-01,-2.360949704216316059e-01,-2.357433634178027204e-01,-2.223229350508802715e-01,-1.267132279577797560e-01,-1.643854069394436734e-01,4.431389829424940002e-02,-3.543696302875186388e-02,1.076944854779457866e-01,-1.593441844429882848e-01,-5.642835778980750949e-02,3.637305959738714595e-02,-1.618236987686905437e-01,-3.343440132058110859e-01,-2.499834470728716854e-02,-2.007972802969937576e-01,2.831007171412980861e-01,-2.954640413343714161e-02,1.302521296196936518e-01,2.118706177552404368e-01,3.256816952023909306e-01,2.330948950772736283e-01,-6.852455198646541235e-02,-2.145487672064823673e-02,2.167794168346693640e-01,1.413802629746409023e-01,-9.819881321220396558e-03,-3.491115073666233859e-01,-1.504398512291404699e-01,-9.782209142238731947e-02,-3.044140377954697441e-02,-3.341202632942836259e-01,-4.566119240437545024e-01,-1.950048973832676016e-02
4.058069951528462949e-01,2.816988554507076636e-01,1.000000000000000000e+00,6.467856498679190880e-01,2.424238964905511273e-01,-2.583558034562511985e-01,7.608935384221978682e-01,3.919984291842945612e-01,2.793243665936815945e-01,-1.065118073741578020e-01,6.441942605864531268e-02,3.631826370068654691e-02,5.438264431298502760e-02,1.525814575251889793e-01,-8.094952156332693716e-02,-2.052334647673800111e-02,-3.917221665384290619e-02,-3.593012609905728294e-02,5.434542876647586729e-01,5.626602494583197167e-01,3.192089299046323159e-02,-2.262225763660731248e-01,5.171294256248444299e-01,6.528862597005861135e-01,2.034594476116980133e-01,1.224574133140329951e-01,1.760980298591973692e-01,1.219779492179027258e-01,5.098986504227275007e-02,-1.214162912767215580e-01,3.589976003963569751e-01,4.142409969200139819e-01,3.606917068693505923e-01,4.148757160567959623e-01,2.845299767802387803e-01,1.327407765948459828e-01,-1.045345887682110758e-01,-2.118295208327149737e-01,-2.716209767825219501e-01,-1.912490952969138625e-01,9.246122619517842256e-02,5.697631675681352759e-02,-2.811234985353513460e-01,-3.135900673304580777e-01,-3.701850959727299162e-01,-3.921947811474717493e-01,-9.810520355534042836e-02,-1.127197258378635075e-02,-2.747900061417067330e-01,-2.464787928463956779e-01,-2.494058069951528567e-01,-2.898360461107470920e-01,-2.326154309811433729e-01,-7.015016358858328083e-02,-5.594432736895219027e-02,-3.587007892892287164e-01,1.768332081399304478e-01,1.757509891800935753e-01,3.529997328700035936e-02,-8.214133231656502165e-02,1.161376198945635596e-01,7.099949998744260748e-02,4.098961389441287129e-02,-1.166307829648689787e-01,1.565404610618074954e-01,1.008815289881709321e-01,2.714063595204445622e-01,2.375059647616721004e-01,3.614314514748087070e-01,4.148163538353702995e-01,1.814497624369561801e-01,2.036923301726755731e-01,1.108680811618556611e-01,8.392219895933460128e-02,-4.930489121872923958e-02,-1.272794522236859738e-01,4.431618145661192325e-03,1.509695448972462883e-01,-3.146882684268326180e-02,-1.426086043256794000e-01,-1.300831756048667909e-01,-1.756642290103176129e-01,-1.687553797013167101e-01,-3.030829541381176440e-01,-9.366216959786660690e-02,-4.393489334207023589e-02,-1.255990447248675201e-01,-1.697508384913776480e-01,-1.522846464180607207e-01,1.766026087413154200e-02,1.098497907481694735e-01,2.034092180397224503e-01,4.893958524072522520e-02,3.094666761037377922e-01,-1.482662806600165695e-01,-1.374623563605478771e-01,-1.390217562541525009e-02,-1.421656708273495440e-01,8.609576952845847397e-02,3.337298425302918231e-02,1.476977732317478337e-02,5.549682754589727041e-02,1.176993029505307153e-01,1.455904143711371779e-01,-1.341472046101614413e-01,-2.114436663934482485e-02,-3.165147983168527246e-02,-1.209139955569660391e-01,1.587825265018071308e-01,-1.871394030443686851e-01,-1.232108568936662735e-01,-6.667975679754514773e-02,5.977090748854423097e-02,-4.631394852382137578e-02,-1.404213347823803915e-01,-4.363785391870572128e-01
1.495585505572057661e-01,2.833381660270006819e-01,6.467856498679190880e-01,1.000000000000000000e+00,3.012883885211729007e-01,-2.511866736379224085e-01,4.731785501462365540e-01,5.837429707138763746e-01,1.044341296242599637e-01,-2.333688745607766513e-01,-1.844452714565890938e-01,-2.640865409861891666e-01,-3.077680033060191112e-01,-2.207932162679884791e-01,1.909865316252234643e-02,-2.360104934142181685e-02,-3.644132615202664849e-01,-2.104459244410247787e-01,3.659886435504087765e-01,5.960126852500862160e-01,-4.371114343054277596e-02,3.020852121856941463e-02,5.446187004696464440e-01,7.202258504209010370e-01,2.581822831166992738e-01,3.015486690305007600e-01,1.827831292566708399e-01,2.202361246515323334e-01,-2.538123103548262649e-01,-3.317183764889072295e-01,2.295148964928342972e-01,4.734616622791896767e-01,3.523353326225087678e-01,3.596688501309393549e-01,1.270557023121585138e-01,-1.094022909251145537e-01,-4.016151090552502190e-01,-4.586074079486014421e-01,-2.746758480235805266e-01,9.127398176666537410e-02,-3.027770103815392577e-01,-1.056076750785978624e-01,-1.580473482210740521e-01,-3.365678133469105493e-01,-2.827080132149437652e-01,-3.250926393128594771e-01,-1.875366732954480697e-01,-1.341061076876359781e-01,-3.150147606446737081e-01,-2.053864366456691903e-01,-3.101744564361205159e-01,-2.575932272271678203e-01,-3.417231939614921998e-01,-3.906262486044170118e-02,-3.040829792529036180e-01,-2.410357337741358685e-01,-2.577918623527074987e-02,1.736596124560205734e-01,9.134704296226617282e-02,3.794844162752945838e-02,1.590245417122347904e-01,1.040414256979056568e-01,-1.390149067670649330e-01,-1.310603690960275292e-01,6.184401891371701238e-02,1.609332654473057678e-01,2.500222608330346374e-01,1.612894387758596615e-01,1.736276481829452378e-01,2.889638780882625158e-01,6.415001289986735356e-02,1.827557313083205404e-01,-5.662470975298466297e-02,-1.427638593663311251e-01,1.097584642536684751e-01,9.107762980348821369e-02,-8.951594674752105796e-02,9.965775396185748425e-02,-8.388110203680913812e-02,-2.062494720187036668e-01,-2.330629308041982928e-01,-3.897061341723194183e-01,-8.190388343086242584e-02,-1.446269198541515755e-01,-2.171287406761356845e-03,-3.118571470973015292e-02,1.351243981013221795e-01,1.270146053896330784e-01,5.677996479363636717e-02,-3.525431003974986016e-02,-1.660795134124372907e-01,9.847964218279454951e-02,-6.001748902369694050e-02,1.856439316969147463e-02,-1.849064702538191496e-01,-1.600610974248211638e-01,-2.159483457347102231e-01,-4.116929877234359880e-01,-1.082652760685770682e-01,-2.673057999173495403e-01,-2.466660121601227385e-01,-2.151035756605759464e-01,-1.701709403660822406e-01,-1.166581809132192782e-01,-1.404030694834801918e-01,-2.484765599136051425e-02,-1.809429003924755974e-01,-2.674245243602008104e-01,-1.420355305726856213e-02,-2.923475247095246865e-01,-3.950304688017278743e-01,-1.130005548084540984e-01,-1.740660153565500579e-01,-1.632986216548817371e-01,-2.107564345223281732e-01,-5.646922639609670558e-01
3.655571258638915660e-02,1.185189582386772349e-02,2.424238964905511273e-01,3.012883885211729007e-01,1.000000000000000000e+00,3.513490064818979297e-01,3.138229498914356097e-01,2.957905335522125201e-01,4.818089038765813736e-01,8.452495382304121840e-02,-1.288137373313028300e-01,2.795275680439462951e-02,-7.125064784732036693e-02,6.155177413131379671e-02,-1.017308653870302726e-01,1.239916984216498652e-01,-7.934217526010926835e-02,3.603971789245848795e-02,-2.953727148398704178e-02,2.634563881741322500e-01,-1.593167864946379852e-01,-1.306037366235225095e-01,1.516910242038042034e-01,3.909253428739077885e-01,4.136976042777329998e-01,5.208144496779599786e-01,3.361933747194564281e-01,4.420499144955695181e-01,-6.093988661815707975e-02,-1.193386135268237336e-01,4.636577630945069584e-01,6.383105511782258823e-01,2.828815335544956344e-01,2.928452541045551416e-01,3.765163052040119973e-02,-5.838731109685402904e-02,1.155850946028324916e-01,-1.188386009694307466e-02,-4.648746886337327966e-02,3.176107162508647747e-02,-7.262967791428551201e-02,-2.945964396366118621e-02,-1.186171342202658047e-01,-2.121765615118187953e-01,-3.365267164243850861e-01,-5.122480244937658300e-01,-2.556205749459461440e-01,-4.900648189794720722e-01,-2.644792449125434874e-01,-3.343851101283365490e-01,-1.055391802077221136e-01,-2.503875668110386310e-01,-5.785305110402316070e-02,-2.857902824043526135e-01,-1.651525494932521154e-01,-2.740045982889981468e-01,2.003086835514134023e-01,1.776072001808264716e-02,5.032774795714047705e-02,-9.052053818703209576e-02,1.991031738240001403e-01,7.725079853603629421e-02,1.314165424245814506e-01,-1.583373098411147359e-02,-8.421444374173781000e-02,-4.362894958549187047e-02,4.836422832536890065e-02,-9.590880136259129218e-02,-5.199902280650883779e-02,1.725910924703588367e-01,1.690750224320702044e-01,3.749660379598574456e-01,1.457593683859640388e-01,-9.080365031998520464e-02,1.756322647372422496e-01,8.181255693636141357e-02,2.996079810223544193e-01,2.177109470785796030e-01,-2.275057136138122216e-01,-1.238044791079228046e-01,-2.271038770380078009e-01,-1.116763206381895385e-01,-1.833858841203774570e-01,4.234124601302772378e-02,-5.003093685001221147e-02,-2.705889873946605850e-01,-3.427026706150154527e-03,-1.611684311706458247e-02,2.086193945510046999e-01,-1.104434129624259908e-01,1.510768535282849649e-02,2.283870142857468977e-01,1.041921144138323041e-01,2.600955731764952872e-01,-1.230236375799392268e-01,-2.272134688314089990e-01,-2.282089276214699369e-01,-2.542004479564555219e-01,1.918997965702334829e-02,5.860877784601896054e-03,-1.479740358776133746e-01,9.033331887330503518e-02,-9.955272849318133610e-02,1.717166412855117286e-02,-4.073846603453511184e-02,-5.474338396626399206e-02,-1.478827093831123485e-01,4.474769914312916319e-02,-3.673608241302863623e-03,-2.618718734945398308e-01,-2.975029053241063370e-01,6.283491137905289348e-02,2.002105075698248221e-02,-3.095397372993385909e-01,-1.285854210950503340e-01,-2.305651511795958342e-01
-6.002205534842199042e-02,-2.110030160574808966e-01,-2.583558034562511985e-01,-2.511866736379224085e-01,3.513490064818979297e-01,1.000000000000000000e+00,-7.915495594638222165e-02,-1.283365563975350995e-02,1.011212610362360702e-02,5.552628034037384586e-01,1.225533061332590573e-01,3.052382594083413170e-01,-1.055962592667852341e-02,2.287979835110014182e-01,-1.892399124178917869e-01,1.628876524296272166e-01,7.110452545611875563e-02,2.618102281107516360e-02,-2.283459173632214623e-01,-1.447456442970029011e-01,-1.695042569562249246e-01,1.215943779409985187e-01,-1.397089881252725485e-01,-2.010438618321464810e-01,3.765596852888999369e-01,2.652920507136024009e-01,9.094520638646176602e-02,3.358691656639778422e-01,1.066008507062962685e-02,2.355538609417131418e-02,2.200740201237930474e-02,1.058725219126507716e-01,1.122790755018961695e-01,1.902445038574028247e-01,3.181586752178707650e-02,3.365609638598229814e-02,2.676300089728280707e-01,-2.977472036968965147e-02,3.194144145172595622e-03,-5.529134293327001709e-02,2.505017249291648929e-01,1.199824653130558139e-01,-5.431871576683432873e-02,-1.639538892529264491e-02,-2.376749187764989613e-01,-2.586663135375545930e-01,-1.839977716335341740e-01,-3.152111126078508963e-01,-2.368073170787394210e-01,-3.357641401953017080e-01,-1.963679453136950859e-01,-1.876051681663238047e-01,-1.029181098155433072e-01,-2.995120882031284126e-01,-5.646488838760790885e-02,-1.395811310329711508e-01,1.540655130608303003e-01,4.232754703885257402e-02,-1.129183609634031860e-01,-4.196224106084855965e-02,3.294831605359951898e-02,2.284783407802478961e-01,1.493302343209532701e-01,1.432707214108116800e-01,1.521339577021340594e-01,1.719426743594017204e-01,1.718079677800127270e-02,-5.251045117571445653e-02,-7.567998283061903864e-02,-5.182550246695693391e-02,6.432809956414430042e-02,2.147770834427348632e-02,3.498101550495560375e-01,6.993554632650592073e-02,7.838781339257377967e-02,6.670715474589544725e-02,3.397277100566452601e-01,8.188105180723716237e-02,-2.821760363844754219e-02,1.891851165211911601e-01,4.383900052284418064e-02,1.453392665112594184e-01,-3.220857144814139039e-02,1.296493747559870346e-01,1.038816043325288957e-01,-5.560185301457342549e-02,-1.032057882732214799e-01,-1.222656276755808985e-01,-1.105735532170899239e-02,-9.018263015737838784e-02,7.437401395925467840e-02,7.312740730931598099e-02,1.724358374297071395e-01,5.793981127379911611e-02,3.950099203404651427e-02,3.992109390875113462e-02,-1.787921614469769882e-01,9.707778049220414096e-02,-1.282383804159465124e-01,-8.725561600862122291e-02,7.234656578133240312e-02,2.025598816408631375e-01,2.484308966663546434e-02,4.004895100105253930e-02,7.792204827061867400e-02,-8.866661034866173130e-02,-5.483471046076499739e-02,1.745226478290550776e-01,-9.179454278532109268e-02,-7.274383603241177387e-02,-1.747920609878330367e-01,-8.241074547534299466e-02,-2.260102422663582897e-02,6.841496019306421428e-02,-2.153501571957286698e-01,1.477822502391612502e-01
5.114215197185317807e-01,2.468303998502245356e-01,7.608935384221978682e-01,4.731785501462365540e-01,3.138229498914356097e-01,-7.915495594638222165e-02,1.000000000000000000e+00,3.386454910968083598e-01,4.746352077335275754e-01,1.247908052485336428e-01,2.484605777770674540e-01,1.080095618839742588e-01,2.815755646831313297e-01,2.396658363566208372e-01,-2.168319295690074311e-02,8.055225131224756641e-02,6.043302457367651093e-02,1.440835272118706212e-01,4.949416537858256637e-01,4.612604426138556257e-01,1.736801609172832980e-02,-1.920801663968729756e-01,3.560705862475998518e-01,4.060170460901986189e-01,1.093840256262143540e-01,9.579464324446504420e-02,8.130341172951832673e-03,7.888325962524173063e-03,8.947028350027055876e-02,-6.761128704145537294e-02,3.472941101260533792e-01,3.632899456379041214e-01,4.226521670635564054e-01,3.432300811207587565e-01,1.807579642411110896e-02,-1.134571872809591042e-01,4.101244551803812088e-02,-2.049617684462395062e-01,-1.566089559326832303e-01,-1.392569219774925926e-01,7.076205110173999779e-02,-2.281564148871318559e-02,-3.287183011445493075e-01,-3.439424277778665440e-01,-3.613629566039329721e-01,-4.366890492683606073e-01,-2.585384564452531952e-01,-1.361609538139085807e-01,-3.525636488587612916e-01,-3.471160234617764462e-01,-3.738061914796946827e-01,-4.411366495505594787e-01,-3.408647249131827595e-01,-2.923109941117242871e-01,-1.527093146174904048e-01,-5.168508798166163709e-01,2.292317843598811744e-01,1.237222852628718922e-01,-1.301197062026671902e-01,-2.051672530588667664e-01,1.892810093404172223e-01,4.970216146980860339e-02,2.132770457705558953e-01,-1.253684453262524784e-02,1.173202979983515581e-01,-1.352339898947233776e-01,1.219003216975768772e-01,1.589765953026217593e-02,2.756621741641913648e-01,2.265559180710017828e-01,1.993771533075031632e-01,2.128934744936516743e-01,1.495996474797312292e-01,1.236400914178209937e-01,-3.676119719901641686e-02,-1.182700935411619969e-01,1.471612300765544334e-01,1.473210514419311945e-01,5.061999273954368578e-02,-5.346481304324994521e-02,6.520026758662889055e-02,-1.771962309555719442e-02,-1.591135850443732569e-02,-8.200890889953857399e-02,7.673937016683067547e-02,-2.719954154099760713e-01,-1.188317514823431648e-01,-1.652667076113783773e-01,-7.428268746475368001e-02,-1.557870174821742171e-01,5.456986362671208818e-02,1.593076538451878854e-01,7.547449821799177838e-02,2.678765905079807941e-01,-2.409877873645228583e-02,-5.803570409302516442e-02,1.862375539111712705e-02,-3.965624707469822541e-02,1.307955222619746061e-01,6.890812326336963334e-02,-1.352773699796113588e-02,1.545700919429483398e-03,1.966031110370351775e-02,3.640045754573745240e-02,-2.382411430424051790e-01,-2.078613846466463855e-01,-1.870298112509674870e-01,-1.260922077951729392e-01,3.594382507323243270e-02,-7.036021452593557712e-02,-1.567870425969601911e-01,9.298635353855919106e-02,6.755192482002972398e-02,-7.223240766320615514e-02,-2.928452541045551416e-01,-3.784364447508955509e-01
-1.306357008965978728e-01,2.343871649744628249e-01,3.919984291842945612e-01,5.837429707138763746e-01,2.957905335522125201e-01,-1.283365563975350995e-02,3.386454910968083598e-01,1.000000000000000000e+00,2.358849194842792818e-01,-7.536490642459056644e-02,-3.850165186796928873e-01,1.075255314631189396e-01,-3.275675873138366723e-01,-2.640180461153133762e-01,9.427862343574838766e-02,1.200737918075568123e-01,-3.570614787129356982e-01,-1.535266867432743820e-01,4.193027678777321021e-02,1.371290146556191913e-01,-1.764450705383011908e-01,1.218500921256013281e-01,3.687695353079643579e-01,5.978118171917559120e-01,2.327706860217950702e-01,1.497640351698330263e-01,1.650246924009507177e-01,2.237156640920205664e-01,-2.866122208548616546e-01,-2.200078084152798374e-01,2.675181340170643476e-02,4.574658267673388790e-01,1.205669548778622313e-01,2.726712314692834593e-01,1.245579226875560830e-01,-8.785380454760279012e-02,-3.124667514480957142e-01,-1.840571338549598368e-01,-8.782640659925249060e-02,2.484834094006927174e-01,-4.006516145382646443e-01,-1.253661621638899604e-01,-1.788012940964270880e-01,-2.599585834347438174e-01,-2.542963407756815841e-01,-2.518716223466799242e-01,-7.465712609220780116e-02,-1.829657822456728367e-01,-1.281607528956206776e-01,-1.439967670420946588e-01,-1.275260337588386972e-01,-1.374851879841731128e-01,-1.710979042852674437e-01,-6.218649326809577715e-02,-2.286929580423252562e-01,-5.388491491795455862e-02,-4.237115543997680422e-01,-3.367436168488249781e-02,1.417592679268200873e-01,1.045916678272741998e-02,1.573121699403409735e-01,4.937087461100621022e-01,-2.404421115598793512e-01,9.769423433008592172e-02,1.149229775177002116e-01,4.073732445335385144e-01,1.059136188351762209e-01,-8.561630543232820467e-02,-5.944213210834062289e-02,-1.303845530367201133e-01,-2.061010664651395305e-02,2.903063775574272198e-01,-1.038679053583537459e-01,-2.068019973104347486e-01,1.798561151079136611e-01,1.874544794503971434e-01,-9.682891579468890300e-03,1.680612983431090668e-01,-1.778697638525168490e-01,-3.390336286984376168e-01,-3.291749336170542994e-01,-2.656208260938059951e-01,1.328572178753347627e-02,8.102943224601531422e-03,4.482989298818006868e-02,8.704556507126891274e-02,3.573308918717136851e-01,3.129781798173013607e-01,1.395537330846208512e-01,-3.217204085034099104e-02,-1.864864186086865327e-01,-1.310695017454776290e-01,-2.096696492377662369e-01,-3.061492411909888176e-02,-1.868836888597658896e-01,-2.020986828436330540e-01,-2.253001787716129856e-01,-3.733495590071896908e-01,-1.033884412622234766e-01,-3.325540139135914619e-01,-3.989666407147211546e-01,-2.770366379064314599e-01,-2.691505951062698188e-01,-2.366337967391875241e-01,-8.245184239786844393e-02,-6.859761318206621106e-02,-2.249896686903095633e-01,-1.598008169154933045e-01,3.043683745482192449e-02,-2.056832477527974490e-01,-2.303459675927934380e-01,-1.441154914849459567e-01,-1.817420072193594027e-01,-3.042610659171805509e-01,-2.383005052638308141e-01,-4.174237252533739562e-01
1.088383498215708678e-02,2.696528908260253377e-01,2.793243665936815945e-01,1.044341296242599637e-01,4.818089038765813736e-01,1.011212610362360702e-02,4.746352077335275754e-01,2.358849194842792818e-01,1.000000000000000000e+00,2.775891631981625141e-01,-1.963747948007826816e-02,2.769818420097308609e-01,2.830459212445974870e-01,2.179438296395571628e-01,-7.880791526727840002e-02,1.210098883761921013e-01,1.343846534958640648e-01,2.467801702782490003e-01,6.160200370328935277e-02,1.647963761646981939e-01,2.530885478859058041e-02,-2.881328069883033471e-01,1.241697850859268121e-01,2.362410928128332033e-01,2.257705102182931411e-01,1.641753560020913771e-01,1.492845710737027709e-01,1.074707355664183406e-01,2.330264002063978657e-01,1.265077433451524958e-01,6.035973506183944792e-01,5.866608522131834258e-01,1.246401165326069815e-01,1.657964012794841957e-01,-6.830536839966300233e-02,-3.719956437262122995e-02,2.078111550746708225e-01,2.538351419784515284e-01,2.542301290671683534e-02,-2.502551433940121695e-01,1.174253234670277063e-01,3.056926087184837909e-02,-1.752167291872626931e-01,-9.989520284756009394e-02,-3.322846007548134750e-01,-3.990305692608718258e-01,-8.706839669489416234e-02,-1.601615565687722620e-01,-2.185968140752393429e-01,-2.098979654740187606e-01,-1.645634936037206342e-01,-2.400174433604496949e-01,-2.381498165479041806e-01,-3.758153743587167583e-01,1.379098561836027970e-01,-3.610889771204299770e-01,1.790707072552050472e-01,2.180077581857078617e-01,-1.323161083954163264e-01,-2.291153430793924084e-02,7.795401254369402344e-02,1.553532166332944331e-01,9.705494886857889136e-02,1.543212272454330958e-01,-1.533988296509729565e-01,-1.311379966163533917e-01,-1.513302845505252459e-01,-1.894590960046941830e-01,-1.429647776542333215e-01,-7.309544303624063155e-02,2.093911034295381779e-01,3.142384854414151940e-01,9.937007550417932544e-02,4.911082241791460759e-03,-1.820616499501128971e-01,-3.197226414362004387e-01,1.501430401220121835e-01,1.925550641682781949e-01,-1.620017854329675044e-01,-8.973513033432346797e-02,-1.497594688451079903e-01,-1.192495701946852567e-02,-1.833493535225770577e-01,-6.877569984634317179e-02,-2.625020263065967474e-01,-2.261860457682727255e-01,-2.764247503932747430e-01,-2.815436004100559386e-01,-1.078337583820598161e-02,-1.804839847576080597e-02,3.138503478397859370e-01,1.360924589430328180e-01,2.076376347351189255e-01,2.677396007662292687e-01,2.911260328455737498e-02,-1.195943277114265429e-01,1.436816906360662005e-01,5.506302669701750724e-02,3.812675660804266675e-01,2.715433492621960876e-01,1.238775403035236033e-01,1.550472728767160746e-01,2.557164677651722062e-01,2.567256255294082523e-01,-1.104365634753384263e-02,-3.398943809091095614e-02,8.553867791200235604e-02,2.641322042334396381e-01,1.404213347823803915e-01,-5.413149645310726815e-02,-5.052409992031763053e-02,1.042195123621826175e-01,1.095255816926909154e-01,-1.620109180824176043e-01,-3.075648018557543620e-02,9.210048654189945116e-02
1.242885095287781239e-01,-7.511375856471280699e-02,-1.065118073741578020e-01,-2.333688745607766513e-01,8.452495382304121840e-02,5.552628034037384586e-01,1.247908052485336428e-01,-7.536490642459056644e-02,2.775891631981625141e-01,1.000000000000000000e+00,1.768834377119060108e-01,5.845238122418600080e-01,3.791350924338282580e-01,4.984668564735644236e-01,-2.657532495108324566e-01,1.625908413224989579e-01,3.476046202073568292e-01,1.961122311290922904e-01,-8.742228686108554844e-03,-8.068467472927402795e-02,-7.103146426051795692e-02,-2.852925530093221584e-01,-6.283947770377794340e-02,-2.252225512512871231e-01,8.623275927020998544e-02,-1.497686014945580901e-01,1.752486934603380564e-01,1.735865512604197747e-01,3.456000036530597619e-01,1.590793376089353894e-01,1.298228950955389316e-01,1.168819308247467381e-01,-2.568557657840721958e-03,1.101603008294728819e-01,1.576089810474692321e-01,2.759178883487941603e-01,2.486477970907945145e-01,7.073008682866464836e-02,-1.930413777514960322e-02,-5.370614330496884525e-01,4.180173474676304735e-01,8.767571788332584326e-02,-1.959843740367908649e-01,-2.534310222402845719e-04,-2.173639063994757814e-01,-1.150234366616513237e-01,-5.855626511168088993e-02,2.369237583592281871e-02,-1.962172565977684247e-01,-1.868836888597658896e-01,-2.179803602373575622e-01,-1.278959060615677545e-01,-1.923815438287262980e-01,-1.327818735173714459e-01,1.710020114660413815e-01,-4.102454627855950942e-01,1.666685693019687720e-01,1.100004794640961348e-01,-1.092653011833630561e-01,1.687485302142291074e-02,1.376724072979001734e-01,2.669313612898954191e-01,1.629287493521526797e-01,2.221585473607784744e-01,2.680272792239074553e-01,2.088568434367073234e-01,-2.584311478142145221e-02,4.631394852382137578e-02,-6.778937370573233367e-02,-1.541477069058811988e-01,2.479126188100614359e-01,1.014934165013276629e-01,4.378123651507229708e-01,2.263732650819997860e-01,-3.002655317827616632e-01,-9.549783213733678555e-02,2.271449739605332641e-01,3.997132348072668373e-02,1.411839110114637696e-01,3.091105027751838707e-01,1.169504256956224869e-01,1.303799867119950495e-01,-1.689973949117443697e-01,-2.629495261296516673e-01,-5.581190395192573567e-02,-1.681297932139848295e-01,-5.355408469162467044e-01,-5.459611999388112036e-01,-1.473941126375319932e-01,6.860902899387883933e-03,4.384196863391546239e-01,9.068492587713390674e-02,4.054508218242923734e-01,3.339878398772571644e-01,-1.002079960912260342e-02,2.490930137514868990e-03,4.406275043437164057e-02,2.172269166577242838e-01,2.145464840441198284e-01,2.400722392571502939e-01,3.023614748315596734e-01,3.160604490067102090e-01,3.394445979236921374e-01,3.326270751091922606e-01,1.531522481158202609e-01,8.692684062841761483e-02,6.509067579322767860e-02,4.189671430104409122e-01,1.501156421736618840e-01,6.805878686451029280e-02,1.263753199281260620e-01,5.693521983428807831e-02,1.080963220537502073e-01,2.246882912584562686e-01,1.659630721319485178e-02,2.484971083748678533e-01
5.082342250604466871e-01,1.987652657943464463e-01,6.441942605864531268e-02,-1.844452714565890938e-01,-1.288137373313028300e-01,1.225533061332590573e-01,2.484605777770674540e-01,-3.850165186796928873e-01,-1.963747948007826816e-02,1.768834377119060108e-01,1.000000000000000000e+00,1.818607316622107006e-01,6.806997436008667135e-01,4.401092264874231774e-01,-5.086200794997134539e-02,-1.197313174531780544e-01,4.030945982661665039e-01,1.708010931781391850e-01,4.458490966668112732e-01,2.958544620983631912e-01,1.389760930069020017e-02,-3.659703782515085768e-01,6.927342924137364077e-02,-1.299827164609156926e-01,-5.440547593661027720e-02,3.424515227551376551e-02,-2.082906191708011057e-01,-2.945393605775487589e-01,2.587074104600800561e-01,-9.553436273513718491e-02,1.814223644886058806e-01,-6.610896620691386616e-02,2.234074371730796968e-02,-1.713627511193203390e-01,-2.075326092664427635e-01,-1.265716718913031946e-01,-3.535476918370095839e-02,-3.379833740116761076e-01,-2.644883775619935595e-01,-2.637029697092849179e-01,2.774658724305861801e-01,1.132676848048695326e-02,-2.812970188749032707e-01,-2.476706035996337762e-01,-2.819271716869601874e-01,-1.857375413537782904e-01,-2.501318526264358355e-01,-1.311745272141537910e-01,-3.138366488656108011e-01,-3.272890415056086133e-01,-3.679521631821803807e-01,-4.492601412364237712e-01,-2.063293827013920612e-02,-6.070243773245447005e-02,-5.108119153677375540e-02,-2.408804787334841713e-01,4.436207302009868014e-01,2.240353068227740885e-01,-3.787195568838486737e-01,-1.554445431277954592e-01,-1.503393920851893439e-01,-4.582010050480719854e-01,3.898568228882460796e-01,-2.590087878919333786e-01,-5.109489051094890516e-02,-4.742836007296987177e-01,-2.740274299126233548e-01,-2.010666934557717167e-01,4.043823018386306645e-01,2.500039955341344378e-01,1.543942884410338945e-01,-2.554173734956814018e-02,3.672398165250725377e-01,3.628515784642993292e-01,-1.334942201744792611e-01,-2.716963211404852798e-04,2.520816732840322483e-01,5.615894463102954343e-02,2.068202626093349483e-01,2.136880149958103881e-01,5.267050085732746245e-01,2.964800485856950996e-01,-1.505585756719917678e-01,-8.218699556381553473e-02,1.221971328047051358e-01,-2.785754893387733522e-01,-1.780752484651441092e-01,-2.097838073558924987e-01,-5.574340908104997994e-02,-4.746009602980896802e-02,2.778380278956777555e-02,5.661101077880951321e-02,6.854738361009066194e-02,-1.023085054647491186e-02,-1.923130489578505353e-01,-1.501202084983869478e-01,-1.209002965827908893e-01,-3.274739776569730865e-02,-9.331056259403774922e-02,-1.446839989132147133e-02,2.163912792330401069e-01,1.916463655479932193e-01,1.455356184744365788e-01,8.721908541082082356e-02,2.399831959250118066e-02,-1.555061885115836297e-02,-2.793449150549442983e-02,2.180648372447709787e-02,-1.668055590437202695e-01,-1.379692184050284320e-01,-5.183006879168198383e-02,-9.989063652283504402e-02,6.647427218491788747e-02,-2.573352298802024721e-02,-3.140193018546127979e-01,1.612597576651468578e-02
1.062332615659297430e-01,8.241531180006804458e-02,3.631826370068654691e-02,-2.640865409861891666e-01,2.795275680439462951e-02,3.052382594083413170e-01,1.080095618839742588e-01,1.075255314631189396e-01,2.769818420097308609e-01,5.845238122418600080e-01,1.818607316622107006e-01,1.000000000000000000e+00,4.390955023984620675e-01,6.074010991143613536e-01,-8.911182700935412274e-03,2.670637847069218807e-01,4.068937804374082590e-01,1.973542714543059240e-01,5.176614024553127802e-02,-9.784948937073761899e-02,1.966601900960983085e-01,-2.001625611602117771e-01,5.208121665155974328e-02,-1.015322302614905803e-02,2.162451568418384817e-01,2.464217137873325747e-02,8.847482471020962080e-02,-2.913543490818262457e-02,4.660870478482336265e-01,3.157408062759566869e-01,1.603761738308496221e-01,1.418003648493455227e-01,-1.501887033692627105e-01,9.677183673562578248e-02,1.793766510117834057e-01,3.985282735411163069e-01,2.502277454456618977e-01,2.684154168255367123e-01,-6.678249910385877612e-03,-4.851605862247682088e-01,3.571573715321617604e-01,-1.525380774403010085e-02,-1.046578795357874236e-01,-1.897992871967104159e-02,-2.232407663206153470e-01,-5.414976175200746783e-02,2.400631066077001941e-01,2.878953581026007513e-01,-4.992134505661101340e-02,-1.097538979289434252e-01,-1.206354497487379801e-01,-2.612166058964951118e-02,4.586873186312898261e-03,4.645093826557288030e-02,3.368509254798636721e-01,-3.186449888010886022e-01,5.538723575249606540e-02,1.336905721376564216e-01,-1.095255816926909154e-01,2.973818977188924864e-02,4.459016094011493576e-03,3.588925749276808408e-01,1.935550892830641967e-01,1.753445862795640908e-01,2.190991097949948618e-01,2.372548169017943409e-01,-1.287087118626266957e-01,-1.824475043893796292e-02,5.185061725294470673e-03,-2.725981702736826606e-01,4.000168954014826639e-01,2.830915844918479585e-01,3.299146782225124142e-01,1.970620266719027291e-01,-3.049094840281376673e-01,-2.661368207877367054e-01,1.443575066953736163e-01,1.644584681350444999e-01,1.125210907123238291e-01,1.228912141629127652e-01,2.034525981246104384e-02,8.582179004495546493e-02,-1.669882120327222941e-01,-3.056492286335958375e-01,-2.522277956752338457e-01,1.226743137384728871e-02,-3.787697864558242089e-01,-4.385247118078308137e-01,-6.978485761057925951e-02,2.126605919326741145e-01,5.008459116553155566e-01,8.559347380870295507e-02,3.519289297219793111e-01,4.459221578624120719e-01,-1.308480349963126940e-02,-7.329636132414284189e-02,2.613558788006091205e-01,1.936327168033900314e-01,3.603766304633221340e-01,2.579265689320964783e-01,3.654635162070280496e-01,3.518284705780282406e-01,4.003137065086109225e-01,3.700618052051535267e-01,-1.663283781099525460e-02,-7.593569701522184801e-02,-7.825538997554733200e-02,1.247999378979837426e-01,3.740162424170470068e-01,2.126560256079490507e-01,4.188803828406649221e-01,1.774679272767124283e-01,2.213137772866441977e-01,7.983077200568963749e-02,-6.159743737856430285e-02,4.990307975771080679e-02
3.455589067305343542e-01,3.161335102023110077e-01,5.438264431298502760e-02,-3.077680033060191112e-01,-7.125064784732036693e-02,-1.055962592667852341e-02,2.815755646831313297e-01,-3.275675873138366723e-01,2.830459212445974870e-01,3.791350924338282580e-01,6.806997436008667135e-01,4.390955023984620675e-01,1.000000000000000000e+00,6.928689989931253734e-01,-6.514547168992829151e-02,-3.847813529563527679e-02,6.363835621442547330e-01,3.509334709319184009e-01,2.941512229759195018e-01,8.538798919607569482e-02,2.033909527408222506e-01,-4.229672434695848637e-01,3.984803271315032897e-02,-2.270993107132827649e-01,-5.016336026703867301e-02,-9.241556294792790949e-02,-4.492578580740612393e-02,-3.160924132797855446e-01,5.192892972197932222e-01,1.430926347465347193e-01,2.748585010125825234e-01,-8.198836043827584935e-03,-1.106032343278027519e-01,-1.135759117238104160e-01,-2.768790997034172030e-02,1.859110616933301874e-01,2.036831975232254732e-01,1.093520613531390046e-01,-1.105941016783526520e-01,-5.684046859624328762e-01,4.494656258490509759e-01,-1.126261161809999772e-01,-2.721187061775524052e-01,-1.024021151216126385e-01,-2.207840836185383515e-01,-4.652399946117367902e-02,-7.183057108740173446e-02,1.125439223359490787e-01,-1.454990878766361795e-01,-1.077127507768460002e-01,-1.773766007822114299e-01,-2.482870574375155570e-01,2.573352298802024721e-02,-1.378824582352524697e-01,2.975896654938822716e-01,-3.158503980693578850e-01,3.681759130937078406e-01,2.847034971197907050e-01,-2.970051759290758264e-01,-5.932340766548931804e-02,5.718180136944078784e-02,-1.985871791300694855e-01,4.233690800453892567e-01,-1.483210765567171685e-01,-9.541335512992335857e-03,-3.382162565726536396e-01,-2.835299516654528063e-01,-1.634538766955334621e-01,1.552755891129685983e-01,-5.310407338997098076e-02,4.650778900839975250e-01,1.564126039695060699e-01,4.013548285459223597e-01,4.581370765019212588e-01,-2.851646959170207607e-01,-2.354328533364993259e-01,2.569813397140111033e-01,2.200397726883552008e-01,1.539833192157794017e-01,1.276721561500402946e-01,4.348122898063649933e-01,1.912536616216388985e-01,-2.824386000561657784e-01,-3.730207836269860411e-01,-1.069090776252371588e-01,-3.346864875601898714e-01,-4.458582293162613452e-01,-5.126361620953950871e-01,1.522640979567979960e-02,7.666174264650482684e-02,3.963181723741920348e-01,7.877595099420305058e-02,2.533693768564964088e-01,4.037658480007488837e-01,-1.995415409976049603e-01,-2.052266152802924293e-01,1.677507882618056723e-01,7.520508505921381925e-02,3.657968579119567076e-01,3.513764044302482570e-01,4.036790878309729491e-01,3.468466103029984593e-01,4.093732947631104624e-01,3.646324451070688810e-01,-2.469696727543385650e-02,2.937288379388523427e-02,6.361118658231142142e-02,1.346540666546420240e-01,1.440424302893451580e-01,2.692990006598339203e-02,3.231884819025135358e-01,1.396267942802216500e-01,2.478167259908353737e-01,3.811739564235631234e-02,-2.549150777759258760e-02,1.435127366212393396e-01
