0.000000000000000000e+00,6.760221636355512320e-01,2.798114303588185581e-01,3.075293802225300688e-01,2.314848742124313019e-01,2.646320210912015969e-01,-1.134098932034496680e-02,-2.245140533535904259e-01,2.778140220742660316e-01,-1.170472317797935508e-01,2.211850395460029373e-01,-2.159613923767817953e-02,1.373072970195272358e-01,-1.313597569149649313e-01,1.978551320434335792e-01,1.060413780776620907e-01,4.392063988560704346e-02,2.688591983556012366e-01,4.706644622190446214e-01,2.922069797578086825e-01,1.965816166942222498e-01,-2.600563027838598829e-01,1.604763394253541364e-01,1.272353545734840607e-01,3.069618839090218487e-01,1.770409759149202400e-01,1.716251843245900077e-01,2.555833593994369934e-01,-8.289020957147325008e-02,-1.258724697260824865e-01,8.643371017471736251e-02,1.315474328611644927e-01,1.361723043925108234e-01,1.002815139192993477e-01,8.310469636712990160e-02,1.209124625765226335e-01,1.633942535412663544e-01,4.749541981321774714e-02,1.678850708253273039e-01,1.486840341391482967e-01,-1.451807498100898125e-02,-3.925063675767460625e-01,7.704544438982975640e-02,-2.451405335359041829e-02,1.772375888109388176e-01,2.606952946959202877e-01,2.515438580812368596e-01,8.836409133562715679e-02,1.315384959113454488e-01,2.096429688547298831e-01,1.303141337861387916e-01,2.520979489700165277e-01,2.654229411501854430e-01,5.201304794673577980e-02,3.599892756602171562e-01,2.779659502211895283e-01,5.889941462978685038e-01,5.841592564457750436e-01,3.074221368247017083e-01,6.309486572232897439e-02,2.484472049689441086e-03,-9.005317485142320943e-02,3.448902989409714515e-01,-1.243129719826623208e-01,-1.777559319004423655e-01,-2.956566423879529726e-01,9.995531525090486924e-02,4.943473792394655758e-02,5.525269225613298474e-01,5.828678671969257374e-01,-3.164529246168282794e-01,-3.251575137405603444e-01,-2.645918048170159409e-01,-2.567362259260914104e-01,-2.055498458376156263e-04,-2.659189418651414227e-01,-1.686447115599445934e-01,-1.027123642700746298e-01,1.624916216095446675e-01,1.783413021135886456e-01,2.818579918673756457e-01,2.445015416238437711e-01,-2.700299387818937483e-02,1.787792126547209370e-01,1.960543366548996858e-01,1.523973367889539243e-01,3.235175834487689084e-01,2.144555163322758029e-01,3.041601501407569796e-01,1.965190580454890812e-01,-5.427856472585906172e-02,-8.302873229366816710e-02,-2.467134367040529075e-01,-7.335001563966218885e-02,2.074266052996112317e-02,1.852048795746011889e-01,4.393851378524509660e-02,1.425443496134769228e-01,3.717324277224183515e-02,1.076276866705393465e-01,-2.697931096116895078e-01,9.638500379820366670e-02,3.177085660664015487e-02,-8.356048080790027047e-03,-8.621922337906072487e-02,-1.429911971044282653e-04,1.464363912596630679e-01,-3.232226641047410420e-01,-2.171276643281647989e-01,2.625809911077349179e-01,2.995084677599535450e-01,1.129317663881317241e-01,-1.531167612493855856e-01,1.751642164529246216e-03,-1.605031502748112127e-01,1.625720541579158962e-01
6.760221636355512320e-01,0.000000000000000000e+00,6.273291925465838970e-02,2.493498369006658111e-01,5.774252647571384012e-01,4.893694981902676489e-01,-1.959426247821618450e-01,-3.639751552795030820e-01,5.356137450288216417e-01,-8.677778274274990100e-02,9.205058313597569430e-02,-2.004870637651369469e-01,9.323472898699673717e-02,-1.964520309218463767e-01,2.602618526296974766e-01,2.205192367844854492e-02,1.944993073863890143e-01,4.063675767460565580e-01,2.692166763483623271e-01,3.769828857410965628e-01,2.344564100272577001e-01,-8.737655838062469149e-02,4.602529156798784715e-02,1.733768264891192568e-01,5.843290584923365172e-01,4.764109209526788402e-01,3.486036015907770791e-01,3.127932436659368043e-01,6.876982885741096153e-03,-4.782608695652174058e-02,2.575986415836274968e-01,1.162116269717145545e-01,3.409893203449662624e-02,8.804682961705169453e-02,3.474775459135797107e-01,3.038116090978149053e-01,2.577952544796460743e-01,6.261673890701104084e-02,6.607087001206488064e-02,1.456231288261316537e-01,-8.208141561285133003e-02,-3.237410071942445899e-01,3.019571920103668594e-01,1.396130300728361529e-01,5.110728808257741784e-01,5.552973770052280766e-01,4.303945663345100092e-01,1.782429956655793291e-01,1.847893114080164378e-01,1.648152285624916169e-01,-4.591804817015952139e-02,5.165110147906519511e-02,1.970552750346306892e-01,-1.066178113409893199e-02,4.148040573752178606e-01,2.637874793333035428e-01,8.234773671745833079e-01,7.960007149559855666e-01,6.177219714911300757e-02,-1.531391036239331538e-01,-3.073193619017829392e-01,-4.349970954913088272e-01,4.156083828589302587e-01,-1.394789758255507439e-01,-2.196702265516779079e-02,-1.762143080566602737e-01,4.174181151972831683e-01,3.304392510836051677e-01,7.413423298628177838e-01,8.209258680012512244e-01,-2.875240180526386080e-01,-3.685195942624782117e-01,-4.373028285446177166e-01,-4.380848116537825465e-01,-1.239778363644488124e-01,-2.564100272576969597e-01,-3.696456499396755802e-01,-3.069395415344742806e-01,3.512087224630233706e-01,2.596273291925466076e-01,4.952276687966397084e-01,4.218955270566155935e-01,1.379194780821305644e-01,3.300415568166584768e-01,3.614370615308994950e-01,1.326288037892667249e-01,4.057956119576388576e-01,1.882568479377988158e-01,2.919969614370615529e-01,6.367129898565619672e-02,-3.066267482908083611e-02,-4.866169176460074033e-03,-2.646096787166540287e-01,-1.406229054023861585e-02,3.654765628490996149e-02,1.452433084588229950e-01,1.929889628669735069e-01,1.419321685508735942e-01,-6.208499039277894788e-02,-1.012377675499352009e-01,-2.613566289825282607e-01,2.493453684257563030e-01,8.806917199159926268e-02,-8.257741632780732366e-02,-7.356897091022833457e-02,-8.124134232986281179e-02,1.909781491576924839e-01,-2.477188435586934190e-01,-1.581884802716832794e-01,1.899950846775995406e-01,2.618213503731176561e-01,-4.589123732070244516e-02,-3.404933196300102827e-01,-1.521962554180258387e-01,-1.725680325304973506e-01,1.639796237544126067e-01
2.798114303588185581e-01,6.273291925465838970e-02,0.000000000000000000e+00,4.655882747218374473e-01,-7.547254122168104394e-03,-7.197819384244157070e-02,5.297511059475401574e-01,2.564502435318825602e-01,1.597301041154653989e-01,1.458510210465168155e-01,-1.256445775056972969e-01,-8.531212297242951603e-02,4.230483935832700104e-01,1.586129853880870466e-01,-2.809777023102015200e-02,-4.187854685195942922e-02,2.913445641002725909e-03,3.845122659636265872e-02,1.001519281469234607e-01,-1.255373341078689919e-01,-2.312793243665936804e-01,-3.390142544349613596e-01,3.782027793913937397e-01,4.998614772778051107e-01,7.232673488538361728e-02,1.532686893963090477e-02,1.756646856427901138e-01,-1.300326198668394495e-02,5.571294517181286238e-02,6.000268108494570540e-02,-5.950668036998972565e-02,8.368112963045712394e-02,-2.475490415121319177e-01,-2.267929755574422390e-01,-1.754189195227668918e-01,-3.460744447919925082e-01,-1.638500379820367336e-01,-1.082756155324187813e-01,-2.592877250994235494e-01,-2.249564323696322532e-01,-3.383261092988962826e-01,-2.515840743554225156e-01,8.445417578980293771e-02,4.968944099378882172e-03,1.032083649850306095e-01,1.553867465034183826e-01,-1.822244068099557537e-02,-2.688279190312346523e-01,2.062871441976853182e-01,2.150051387461459351e-01,3.553688726037803058e-01,2.835426069082622180e-01,5.773269583091290846e-02,1.663166361320881081e-01,-2.886321998301979441e-01,-2.963001027749229133e-01,8.637562000089368808e-02,-1.344206622279816021e-01,1.176415389427588332e-01,-3.469592028240761628e-01,1.101032217704097510e-02,-3.198087492738728166e-01,-3.493453684257562947e-02,-4.150006702712364381e-01,1.477590598328790417e-01,-3.171946914518075089e-01,-9.405245989543768725e-02,-2.521605076187496963e-01,-1.004602529156798790e-01,-8.541489789534831290e-02,-3.510880736404665137e-01,-3.417087448053979237e-01,-1.169533938066937701e-01,1.313731623396934608e-03,-1.866169176460074075e-01,-1.769962911658251037e-01,-4.164797354662853612e-01,-3.675633406318423724e-01,7.551722597077617505e-02,2.564904598060682023e-02,-1.913847803744582118e-02,-1.944233433129273145e-02,-2.034541311050538370e-01,-1.766611555476116091e-01,-1.785691943339738075e-01,5.273247240716743417e-02,-1.679431609991509922e-01,-2.865811698467313207e-01,-3.220474552035390570e-01,-1.517851557263505957e-01,-1.975512757495866689e-01,-1.277715715626256687e-01,1.780240403950131972e-02,3.500379820367308659e-01,-2.103177085660664081e-01,-1.629697484248625872e-01,-2.358103579248402581e-01,-1.572501005406854724e-01,-3.716788060235041713e-01,-2.906876982885741034e-01,-2.219491487555297349e-02,1.097859600518343026e-01,-3.241252960364627289e-01,-7.035613745028822252e-02,-5.086286250502702888e-01,-3.260109924482774146e-01,-3.461995620894588455e-01,-3.027749229188078095e-01,-2.956611108628625084e-01,3.547075383171723745e-02,-2.599088431118459219e-01,-2.916618258188480306e-01,-8.921757004334421315e-02,-1.938022253005049489e-01,1.679744403235175765e-01,9.808302426381875633e-03
3.075293802225300688e-01,2.493498369006658111e-01,4.655882747218374473e-01,0.000000000000000000e+00,1.883506859108985965e-01,3.436793422404933462e-01,4.025693730729701936e-01,2.818490549175566295e-01,5.325528397158050264e-01,2.487912775369766349e-01,-1.769426694669109512e-01,-4.129451718128602788e-01,1.743062692702980476e-01,3.382635506501631157e-03,-1.867241610438357402e-01,-8.776978417266187438e-02,-2.605969882479109989e-01,-1.662853568077215238e-01,9.563430001340542108e-02,1.788238974038160733e-01,-3.275928325662451623e-01,-4.230975468072746826e-01,4.646320210912015525e-01,5.937620090263193706e-01,3.800884758032083838e-02,1.747218374368827987e-01,1.151525984181598766e-01,2.010947763528307675e-01,-2.428526743822333467e-01,-1.975825550739532532e-01,7.975780865990438062e-02,-1.019259126860002675e-02,-1.007551722597077593e-01,-1.311631440189463260e-01,1.573350015639662230e-02,-7.145091380311899276e-03,-2.804191429465123786e-01,-3.203494347379239326e-01,-2.909960230573305218e-01,-3.461638142901827808e-01,-4.836409133562715179e-01,-4.093391125608829562e-01,2.706778676437731623e-01,3.364627552616292205e-01,8.909245274587783425e-02,2.640555878278743607e-01,2.251977300147459671e-01,1.386567764422002857e-01,1.010634970284641915e-01,1.585191474149872659e-01,2.618079449483891041e-01,3.554314312525135300e-01,3.072925510523258352e-01,1.684391617141069719e-01,-2.120827561553241813e-01,-9.621967022655167345e-02,2.315116850618883781e-01,-5.856383216408239667e-02,1.448411457169667960e-01,-2.459091112203405094e-01,-1.899280575539568361e-01,-2.622681978640690192e-01,-1.007998570088028956e-01,-3.250502703427320395e-01,-7.347960141203807582e-02,-2.680772152464364066e-01,1.567004781268153124e-01,1.441217212565351347e-01,2.023638232271325887e-01,2.128692077393985471e-01,-3.700656865811698393e-01,-4.257607578533446624e-01,-4.951561731980874681e-01,-2.391885249564323634e-01,-4.595468966441753622e-01,-1.824835783547075485e-01,-4.017695160641672758e-01,-4.184860807006568484e-01,4.332633272264176105e-02,1.239108092408061114e-02,-1.065641896420751605e-01,-1.365208454354528700e-01,-3.454890745788462558e-01,-1.775727244291523399e-01,-1.752669913758434228e-01,2.041690870905759903e-01,-3.186335403726708315e-01,-3.077706778676437827e-01,-1.811564413065820667e-01,9.531256981992046809e-03,2.755529737700522785e-01,1.808659904374636807e-01,1.883774967603557005e-01,4.993833504624871633e-01,-1.787926180794494890e-01,-9.109879798024933528e-02,-8.335939943697216747e-02,-1.084052013047946683e-02,-1.743286116448456158e-01,5.358595111488449053e-02,6.898878412797712634e-02,4.451137226864471108e-01,-1.062513963984092202e-01,-9.443674873765584010e-02,-2.769069216676348089e-01,-2.320121542517538660e-01,-1.668349792215916838e-01,-2.256713883551543787e-01,-1.851110416015014082e-01,1.717726439966039687e-01,6.625407748335493396e-02,4.791545645471200626e-02,2.166048527637517429e-01,9.023191384780374080e-02,3.237454756691541258e-01,1.639260020554984543e-01
2.314848742124313019e-01,5.774252647571384012e-01,-7.547254122168104394e-03,1.883506859108985965e-01,0.000000000000000000e+00,8.463246793869252382e-01,-1.328164797354662863e-01,-1.621341436167836048e-01,6.503552437553062893e-01,4.280843648062916396e-01,8.534787077170561884e-03,-2.074176683497922224e-01,-6.065060994682514722e-02,-9.197015058760445172e-02,4.723758881093882422e-01,1.840832923723133285e-01,2.369989722507708230e-01,2.926582957236695259e-01,9.174225836721926208e-02,2.198266231735108711e-01,2.379373519817686300e-01,1.610617096385003888e-01,-1.340542472854014963e-03,1.258054426024397821e-01,7.487868090620670714e-01,7.782072478663032422e-01,5.560257384154787541e-01,5.330220295813038467e-01,6.937754144510478727e-02,6.439072344608784415e-02,4.146834085526610036e-01,2.989007551722597245e-01,-7.789892309754681277e-02,-2.742749899459314550e-02,2.020465615085571265e-01,2.626882345055632784e-01,2.154922025112828987e-01,-1.097546807274677183e-01,-8.675097189329282477e-02,-6.003396040931230360e-02,-9.441887483801778003e-02,-6.718352026453371095e-02,1.975155279503105488e-01,1.335224987711693956e-01,3.283211939764958398e-01,3.408507976227713732e-01,2.725010054068546239e-01,9.556280441485320853e-02,9.989275660217167285e-02,9.705527503463068362e-03,-1.961347692032709145e-01,-1.575539568345323826e-01,4.830868224674918221e-02,-1.848831493811162185e-01,1.184816122257473514e-01,3.241878546851959669e-02,4.396845256713883821e-01,4.130479467357791035e-01,-1.058671075561910674e-01,-1.755127574958666725e-01,-4.524286161133205253e-01,-3.677912328522275343e-01,2.817999016935520129e-01,-2.344519415523481920e-01,-8.101345010947763603e-02,-7.359578175968542121e-03,3.700924974306269433e-01,3.689798471781580713e-01,3.940301175208901219e-01,4.641538942758836606e-01,-3.917958800661334312e-02,-1.345145002010813828e-01,-2.786809062067116538e-01,-2.474373296393940769e-01,-1.475177621877653278e-01,-2.241878546851959475e-01,-2.256579829304258544e-01,-2.381697126770633277e-01,4.231511685061888350e-01,3.095044461325349716e-01,3.850172036284016386e-01,2.488672416104383556e-01,1.788373028285446253e-01,2.707493632423254026e-01,2.076098127709012919e-01,-1.094463559587112861e-01,1.342821395057866851e-01,1.078779212654720904e-01,6.182135037311765197e-02,-7.762634612806648682e-02,-1.375530631395504577e-01,1.123821439742615780e-02,-2.762366504312078197e-01,-1.005362169891415997e-01,6.616470798516466134e-02,1.008668841324456000e-01,1.721926806380982278e-01,2.629876223245006250e-01,-7.434648554448367030e-02,-1.485767907413199918e-01,-2.598105366638366331e-01,4.476518164350506979e-02,1.645113722686447066e-01,1.365342508601814220e-01,8.388667947629474542e-02,3.355824657044551018e-02,1.258411904017159022e-01,-3.894722731131864540e-02,2.600652397336788990e-02,1.092854908619688148e-01,2.535367978908798503e-01,-6.816211626971714621e-02,-3.591760132266857419e-01,-5.928772509942356606e-02,-2.832566245140533470e-02,-1.083158318066044026e-02
2.646320210912015969e-01,4.893694981902676489e-01,-7.197819384244157070e-02,3.436793422404933462e-01,8.463246793869252382e-01,0.000000000000000000e+00,2.673935385852808586e-02,-1.055989990616202634e-01,6.677822959024085625e-01,5.537915009607221606e-01,5.883194065865320066e-02,-2.000268108494570873e-01,-4.826846597256356092e-02,-7.560212699405692571e-02,3.118503954600295169e-01,1.970776174091782573e-01,1.054560078645158383e-01,1.450735064122614937e-01,2.381920550516108959e-01,3.986326466776888844e-01,1.510567943160999183e-01,1.327271102372760136e-01,1.171187273783457633e-02,1.187407837704991254e-01,5.640243085035077097e-01,7.430046025291567879e-01,4.265650833370570605e-01,5.155547611600160840e-01,-1.896867599088431292e-02,2.634612806649090644e-02,4.367129898565619284e-01,2.921488895839849942e-01,3.356271504535501826e-02,4.787524018052638497e-02,1.279592475088252301e-01,3.071495598552214101e-01,2.176728182671254230e-01,-1.583493453684257646e-01,-1.337325170919165251e-01,-7.664775012288306544e-02,-9.802493408999508884e-02,-2.788775191027302244e-02,4.115465391661825983e-02,7.670137182179721791e-02,1.306269270298047180e-01,1.796952500111711759e-01,2.196076679029447254e-01,1.059520085794718319e-01,-4.006434603869699074e-02,-1.403950131820009828e-01,-2.951114884489923762e-01,-1.876223245006479190e-01,2.015282184190535838e-03,-1.820322623888466773e-01,6.500290450869118664e-02,3.789266723267348952e-02,3.576790741319987310e-01,2.715224094016712164e-01,-1.225479243934045337e-01,-1.053174851423209213e-01,-4.398543277179498556e-01,-2.590062111801242350e-01,1.589972742303051856e-01,-2.007149559855221366e-01,-1.340229679610349112e-01,3.568524062737387509e-02,2.819697037401134865e-01,3.599490593860315557e-01,3.281513919299343107e-01,3.943875955136512124e-01,2.252111354394745104e-03,-1.281022387059296552e-01,-2.757406497162518400e-01,-1.311363331694892498e-01,-1.446892175700433547e-01,-2.042942043880423553e-01,-1.231735108807364004e-01,-1.361142142186871629e-01,3.459135796952499953e-01,2.072210554537736171e-01,2.115420706912730653e-01,5.754501988471334706e-02,-1.433039903480941984e-02,1.512131909379328953e-01,-1.756110639438759544e-02,-1.910809240806112808e-01,-9.410608159435184666e-03,1.235041780240404008e-01,6.573126591894186757e-03,-4.092229322132356212e-02,5.845658876625407785e-02,1.773090844094910301e-01,-1.482774029223825896e-01,8.856517270655525284e-03,1.302515751374055952e-01,6.187050359712230330e-02,2.796818445864426295e-01,4.403190491085392511e-01,1.638813173064033180e-01,1.040797175923857121e-01,-1.730327539210867460e-01,1.533089056704946551e-01,3.441485321059922220e-01,2.435810357924840241e-01,2.059386031547432994e-01,9.977210777961481591e-02,1.772241833862102933e-01,1.481790964743733008e-01,2.139729210420483474e-01,2.054068546405111995e-01,3.974663747263059155e-01,1.660529961124268261e-01,-1.587068233611868273e-01,4.800929442781178696e-02,-1.837883730282854552e-02,2.852674382233343769e-02
-1.134098932034496680e-02,-1.959426247821618450e-01,5.297511059475401574e-01,4.025693730729701936e-01,-1.328164797354662863e-01,2.673935385852808586e-02,0.000000000000000000e+00,6.361946467670583916e-01,2.112024665981500626e-01,3.635372447383707906e-01,5.489074578846239727e-02,1.245542696277760347e-01,4.457393091737789637e-01,2.843514008668841520e-01,-2.149693909468698427e-01,-5.226328254166853066e-02,-9.236337637964163461e-02,-8.745252245408642600e-02,8.416819339559408752e-02,2.662317351088073700e-02,-3.645515885428303182e-01,-3.021091201572903007e-01,3.622056392153358284e-01,4.146744716028419320e-01,-2.189150542919701403e-01,5.616872961258322257e-03,-8.017784530139862587e-02,-7.429733232047902591e-02,2.900933911256088280e-02,1.458733634210643837e-01,1.071138120559453066e-01,1.324724071674337478e-01,1.638500379820367336e-01,1.833549309620626511e-01,-1.519192099736360047e-01,-7.591045176281335793e-02,-1.444970731489342575e-01,-1.158496805040439698e-01,-2.987756378747933317e-01,-3.718128602707895802e-01,-2.847088788596451869e-01,4.047991420528173484e-02,-2.503507752803967867e-01,-1.290853031860225986e-01,-1.532597524464900107e-01,-2.896331382099289753e-01,-3.365431878100004215e-01,-2.596630769918226722e-01,-2.884892086330935190e-01,-3.370972786987800895e-01,-5.872469726082488184e-02,-1.246168282765092311e-01,-2.768532999687206564e-01,-6.919880244872425590e-02,-3.796058805129809421e-01,-2.748827025336252894e-01,-1.948791277536976729e-01,-5.171142589034362080e-01,-2.142454980115286733e-01,-4.060190357031145392e-01,2.054068546405111995e-01,-4.795567272889762755e-02,-7.729567898476250032e-02,3.314714687877027416e-02,1.134635149023638240e-01,-1.664775012288305933e-01,-2.180839179588006660e-01,-1.825729478528977934e-01,-4.047723312033603138e-01,-3.666204924259350295e-01,-3.976942669466911051e-02,-4.309397202734706334e-02,2.999240359265382613e-02,2.604808079002636223e-01,-2.849859243040350210e-01,5.399705080655971962e-02,2.181956298315385068e-02,3.516242906296081216e-02,-7.688011081817774928e-02,1.033826355065016328e-01,-1.560257384154787874e-01,-8.831046963671299044e-02,-3.364672237365387009e-01,-1.780910675186558878e-01,-2.841681933955940709e-01,-6.733991688636668804e-02,-4.990482148442736410e-01,-2.874167746548103031e-01,-5.245810804772331748e-01,-1.516287591045176186e-01,-1.454086420304749883e-01,-1.198400285982394176e-01,4.175789802940256534e-02,2.270119308280084125e-01,-2.279726529335537877e-01,-2.073953259752446543e-01,-6.432816479735466164e-02,9.908396264354975280e-02,-1.099870414227624160e-01,-3.801778453013986148e-02,-2.046561508557129608e-02,5.025693730729702269e-02,-2.800348541042941841e-01,-9.519192099736359380e-02,-2.636802359354752379e-01,-2.017471736896197243e-01,-2.020778408329237108e-01,-2.756155324187854749e-02,-6.263908128155860899e-02,-3.513114973859422091e-02,-1.657759506680369921e-01,-2.157379686313061484e-02,2.111577818490549263e-01,3.226685732159614156e-02,2.187720630948657152e-01,-2.187318468206801009e-02
-2.245140533535904259e-01,-3.639751552795030820e-01,2.564502435318825602e-01,2.818490549175566295e-01,-1.621341436167836048e-01,-1.055989990616202634e-01,6.361946467670583916e-01,0.000000000000000000e+00,1.907145091380312019e-02,3.311497385942178129e-01,-1.401045623128826245e-01,2.389829751105947420e-01,1.815675409982572819e-01,4.275436793422404680e-01,-2.348362303945663310e-01,-3.592028240761427904e-01,-2.341927700075964111e-02,-1.123642700746235318e-01,-2.873095312569819981e-01,-1.637204522096608328e-01,-2.559274319674694764e-01,-1.079181375396577186e-01,2.512176594128424090e-01,2.689843156530676294e-01,-3.261495151704723039e-01,-1.883194065865320121e-01,-1.048304213771839716e-01,-1.626435497564681087e-01,1.932481344117252808e-01,1.566289825282630999e-01,-1.983556012332990739e-02,8.605388980740873162e-02,1.179230528620581753e-01,1.723177979355645928e-01,-3.326153983645381840e-01,-2.734706644622190708e-01,-1.131417847088788536e-01,-1.507663434469815392e-02,-1.136645962732919235e-01,-2.746771526877876402e-01,3.597122302158273568e-03,8.925778631752982750e-02,-1.167478439608561624e-01,1.131909379328835119e-01,-1.129943250368649205e-01,-2.144823271817328791e-01,-3.182447830555431567e-01,-1.368515125787568565e-01,-1.411680593413467966e-01,-2.430492872782519242e-01,-2.421466553465302304e-02,-1.106305018097323428e-01,-1.905938603154743172e-01,2.990750256937307200e-02,-4.315697752357120498e-01,-4.149962017963269023e-01,-3.708878859645203252e-01,-5.415702220832030456e-01,-3.109879798024934305e-01,-2.733857634389382785e-01,1.205326422092139887e-01,1.793064926940435289e-01,-9.110326645515885724e-02,2.966441753429554518e-01,-1.339067876133875623e-01,-1.679923142231556366e-01,-4.432816479735466331e-01,-3.785423834845167423e-01,-5.695428750167568221e-01,-5.580142097502122089e-01,9.097814915769247834e-02,1.249698377943607858e-01,9.028106707180838519e-02,1.454175789802940322e-01,-1.613432235577997309e-01,-2.785647258590643119e-02,1.322042986728629577e-01,1.613879083068948672e-01,-2.153804906385450683e-03,1.129809196121363823e-01,-1.136109745743777710e-01,-1.149962017963269134e-01,-1.388265784887617871e-01,-2.417221502301264702e-01,-1.761562178828365854e-01,-1.793735198176862333e-01,-5.122704321015237872e-01,-4.208722463023369942e-01,-3.860807006568658384e-01,-3.179319898118772025e-01,-2.322847312212341919e-01,-2.528754636042718773e-01,6.810849457080297986e-02,6.180794494838911385e-02,-3.297957906966352271e-01,-1.704678493230260550e-01,-1.679476294740605002e-01,-1.568434693239197375e-01,-2.703606059251977278e-01,-2.104383573886232650e-01,2.788775191027302244e-02,-1.184235220519236770e-01,-4.552258814066759141e-01,-1.089280128692077382e-01,-2.526877876580723159e-01,-2.536931945127128274e-01,-2.442200277045444290e-01,-7.537870324858125803e-02,-1.073908575003351407e-01,-2.910764556057017852e-02,-3.649001295857723925e-01,-2.325841190401715941e-01,1.209348049510702017e-01,-4.451494704857231893e-02,1.483444300460252940e-01,-2.902676616470798443e-01
2.778140220742660316e-01,5.356137450288216417e-01,1.597301041154653989e-01,5.325528397158050264e-01,6.503552437553062893e-01,6.677822959024085625e-01,2.112024665981500626e-01,1.907145091380312019e-02,0.000000000000000000e+00,3.935117744313865740e-01,-8.042807989633138366e-02,-2.824791098797980182e-01,1.569060279726529339e-01,-1.162339693462621226e-01,2.660217167880602473e-01,4.079270744894767514e-02,6.120916931051432336e-02,1.916662942937575331e-01,1.932168550873586757e-02,2.507931542964386140e-01,-1.015505607936011412e-01,-1.909379328835068557e-01,2.350864649894990888e-01,4.798114303588185137e-01,3.638768488314937932e-01,5.495509182715938579e-01,4.640958041020599723e-01,4.258367219268063830e-01,1.916975736181241244e-02,7.514634255328656032e-02,3.668305107466821591e-01,1.559944590911122031e-01,-1.099244827740292196e-02,1.202779391393717368e-01,1.751686849278341340e-01,2.205192367844854562e-01,2.450511640377139172e-02,-1.283033200768577686e-01,-2.224540864203047585e-01,-3.157156262567585858e-01,-3.633361633674426772e-01,-3.423119889181822084e-01,2.733544841145716942e-01,2.269449037043657080e-01,3.837168774297332052e-01,3.709772554627105978e-01,2.539389606327360216e-01,4.649448143348675067e-02,9.381116225032395950e-02,3.383082353992582225e-02,-2.168997721077796023e-02,7.904732114929174935e-03,8.460610393672639284e-02,-3.025112828991465275e-01,-4.784396085615979372e-02,-8.053532329415970248e-02,4.691675231243576660e-01,2.190312346396174892e-01,-1.019214442110907559e-01,-4.511416953393806439e-01,-2.549577729121050851e-01,-5.200634523437150936e-01,2.077170561687296246e-01,-1.247061977746994899e-01,2.143527414093569783e-02,-3.207471290048706236e-01,2.676258992805755632e-01,2.442021538049063967e-01,3.311184592698511731e-01,3.645024353188257016e-01,-2.472273113186469473e-01,-3.276732651146163633e-01,-4.998793511774431431e-01,-2.264846507886858207e-01,-4.001653335716520155e-01,-4.617275124000178727e-02,-3.590464274543098688e-01,-4.002770454443898562e-01,1.989901246704499638e-01,2.335448411457169693e-01,2.451673443853612799e-01,1.428437374324143250e-01,-1.817328745699092751e-02,2.167523124357656761e-01,4.392063988560704346e-02,4.183833057777380793e-02,-1.084766969033468809e-01,-2.390276598596898783e-01,-1.711425890343625791e-03,-2.751731534027436199e-01,1.487376558380624769e-01,-9.513383082353991937e-02,8.502167210331114389e-02,2.689887841279771097e-01,-1.224808972697618292e-01,1.257786317529827058e-01,1.518745252245408683e-01,1.054157915903302239e-01,-2.847312212341927551e-01,-1.830153268689396207e-01,-7.408731399973189115e-03,4.534653022923276211e-01,-7.804638276956074594e-02,-2.919165288886902965e-01,-2.126904687430180019e-01,-1.908351579605880588e-01,5.431878100004468302e-02,-3.298672862951874674e-01,-1.053219536172304432e-01,2.034764734796014052e-01,7.657625452433083901e-02,-1.782385271906698210e-01,-2.330801197551275739e-01,-1.494883596228607225e-01,-6.032441127843067010e-04,1.796907815362616678e-01
-1.170472317797935508e-01,-8.677778274274990100e-02,1.458510210465168155e-01,2.487912775369766349e-01,4.280843648062916396e-01,5.537915009607221606e-01,3.635372447383707906e-01,3.311497385942178129e-01,3.935117744313865740e-01,0.000000000000000000e+00,-7.372536753206131166e-02,6.051208722463023715e-02,1.058805129809196055e-01,2.770677867643773218e-01,3.289110326645515725e-01,1.936458286786719718e-01,1.239957102640868725e-01,5.269225613298181288e-02,-9.470932570713615217e-02,9.606327360471871024e-02,-3.898744358550426670e-02,1.184637383261093052e-01,-2.596183922427275706e-02,2.627954779033915833e-01,2.582957236695115899e-01,4.529782385271906575e-01,4.220161758791724504e-01,5.124715134724519006e-01,1.186737566468564348e-01,1.895080209124625770e-01,2.568077215246436507e-01,2.427364940345859978e-01,-1.325349658161669442e-01,-1.334286607980696149e-02,-2.556414495732606609e-02,3.729389159479869209e-02,5.653067608025381247e-02,-2.080119755127574910e-01,-2.959739041065284626e-01,-2.451807498100898042e-01,-8.860985745565038568e-03,1.504803610527726820e-01,-2.424013584163725032e-01,-5.469860136735332085e-02,-1.280039322579203664e-01,-1.738996380535323405e-01,-2.781849054917556741e-01,-3.081460297600429055e-01,-2.248313150721658604e-01,-2.884847401581840387e-01,-2.721748067384601732e-01,-2.701997408284552704e-01,-3.339559408373922178e-01,-3.241521068859198329e-01,-3.838330577773805818e-01,-4.270968318512891604e-01,-1.302515751374055952e-01,-2.335001563966218330e-01,-2.568390008490102350e-01,-2.593770945976138220e-01,-2.295634300013405515e-01,-2.285401492470619800e-01,-1.583135975691496444e-01,-1.556637919478082166e-01,3.310693060458465287e-02,9.538853389338218525e-02,-8.226462308414138336e-02,-8.409669779704186457e-03,-1.972250770811921905e-01,-1.634568121899995508e-01,3.218642477322489898e-02,6.504758925778632295e-02,-2.269091559050896018e-02,1.045086911836990012e-01,-1.675275928325662411e-01,-1.679699718486080823e-02,-3.036775548505295241e-02,-2.884400554090888608e-02,2.187318468206801148e-01,1.155368872603780295e-01,5.748246123598015761e-02,4.262925063675767658e-03,4.776352830778855113e-02,4.821484427364940324e-03,-1.717905178962420010e-01,-2.621162697171455225e-01,-2.787389963805353421e-01,-1.217257250100540616e-01,-3.127753697662987720e-01,-3.657267974440323588e-01,-7.226417623665043477e-02,-6.313508199651458874e-02,8.512444702622995463e-02,9.110326645515885724e-02,2.710576880110818210e-02,-1.091469681397738978e-01,1.698422628356941744e-01,1.793779882925957414e-01,-1.236561061709638559e-01,-1.269180928549086262e-01,1.360650609946825219e-02,2.785200411099691617e-02,4.919790875374235178e-03,1.038607623218195664e-01,-5.934581527324724048e-02,-1.618883774967603550e-01,-7.714375083783904519e-02,1.839313642253898873e-01,3.256535144555163241e-01,1.057107109343581042e-01,2.524241476384110269e-02,-1.219044640064346069e-01,-1.593413467983377241e-01,-1.660083113633316898e-01,-1.583627507931542958e-02,-7.718843558693418150e-02
2.211850395460029373e-01,9.205058313597569430e-02,-1.256445775056972969e-01,-1.769426694669109512e-01,8.534787077170561884e-03,5.883194065865320066e-02,5.489074578846239727e-02,-1.401045623128826245e-01,-8.042807989633138366e-02,-7.372536753206131166e-02,0.000000000000000000e+00,4.076008758210822869e-01,4.165691049644756339e-01,2.298896286697350300e-01,2.693909468698333365e-01,2.962152017516421765e-01,3.546986013673533167e-01,3.555565485499798672e-01,4.108583940301175352e-01,2.296885472988069166e-01,1.960409312301711338e-01,-3.096206264801823135e-02,2.303320076857768572e-01,-6.439072344608784415e-02,4.602529156798784715e-02,1.502256579829304162e-01,-5.386746503418383264e-02,-1.227087894901470189e-01,3.439966039590687807e-01,3.012288306001161819e-01,3.614728093301756151e-01,4.221904464006434599e-01,2.669779704186960867e-01,3.836364448813620043e-01,1.910675186558827565e-01,2.368604495285759060e-01,3.268734081058135010e-01,1.245810804772331248e-01,2.445864426471245356e-01,-1.422762411189061257e-02,2.638098217078511110e-01,1.124759819473613587e-01,-2.594351847714375103e-01,-4.211135439474507081e-01,-1.728942311988918290e-01,-3.878457482461236117e-01,-2.063050180973233783e-01,-1.335895258948121000e-01,-4.311497385942177907e-01,-4.058358282318244581e-01,-4.164127083426426568e-01,-3.279458420840967170e-01,-3.570579561195764140e-01,-3.411769962911658238e-01,2.353947897582555071e-01,2.090888779659502150e-01,1.695339380669377491e-02,5.878725590955807129e-02,-1.096921220787345219e-01,4.825952902274453717e-04,3.473256177666562139e-01,1.579918673756646741e-01,4.774520756065954719e-01,3.086777782742750054e-01,1.702801733768264936e-01,2.923678448545511399e-01,-9.079047321149291694e-02,-7.005228115644131226e-02,-9.392734259797131530e-03,-7.170561687296125863e-02,3.722239599624648232e-01,2.502345949327494656e-01,3.103087716162473697e-01,2.936458286786719496e-01,1.670539344921578295e-01,6.700924974306268767e-02,4.335403726708074723e-01,3.384869743956387955e-01,2.943563161892845947e-01,3.980919612136377683e-01,3.121765941284239676e-01,3.711783368336386557e-01,6.646856427901157160e-02,1.277849769873542207e-01,3.580857053487644936e-01,1.077036507440010671e-01,1.130926314848742092e-01,1.467849323026051145e-01,1.201215425175387597e-01,2.433084588230037190e-02,-3.170963850037982201e-01,-2.466419411055006949e-01,-4.640198400285982516e-01,-4.463246793869252160e-01,1.138433352696724549e-01,1.504401447785870816e-01,1.062960811475043565e-01,2.267974440323517471e-01,2.030474998882881299e-01,1.559721167165646349e-01,-3.660842754367934493e-01,-3.536797890879842532e-01,6.661155547611599670e-02,-9.745296930157737458e-02,1.867375664685642922e-01,1.349166629429375819e-01,1.188703695428750123e-01,-1.237722865186112048e-01,4.060503150274811374e-02,2.177934670896822938e-02,4.176683497922158844e-02,3.376826489119263280e-02,-2.550069261361097572e-01,7.150900397694266719e-02,-4.175789802940256534e-02,1.616158005272800291e-01
-2.159613923767817953e-02,-2.004870637651369469e-01,-8.531212297242951603e-02,-4.129451718128602788e-01,-2.074176683497922224e-01,-2.000268108494570873e-01,1.245542696277760347e-01,2.389829751105947420e-01,-2.824791098797980182e-01,6.051208722463023715e-02,4.076008758210822869e-01,0.000000000000000000e+00,1.829974529693015883e-01,5.851959426247821394e-01,8.307341704276330341e-02,1.156977523571205146e-01,3.825416685285312202e-01,4.311631440189463427e-01,1.522096608427543629e-01,2.960900844541757837e-01,1.809955762098395815e-01,1.781536261673890564e-01,-8.534787077170562231e-02,-2.300460252915679793e-01,-1.825103892041646247e-01,-8.597792573394699711e-02,-2.669466910943294954e-02,-3.168148710844988919e-02,4.816524420215380631e-01,6.451494704857232421e-01,2.213548415925644663e-01,3.050851244470262347e-01,2.538942758836409408e-01,4.641807051253407090e-01,-5.050270342732025852e-02,1.674337548594664535e-02,2.275034630680548842e-01,2.019750659100049209e-02,5.190580454890746098e-02,-3.281201126055677264e-02,3.659636266142365368e-01,2.919209973635997768e-01,-4.167210331113990751e-01,-4.928325662451405464e-01,-2.916618258188480306e-01,-5.675588721569327921e-01,-4.448590196166048449e-01,-3.738058000804325709e-01,-3.739041065284418597e-01,-4.581616694222261921e-01,-3.270566155771035266e-01,-4.327986058358282428e-01,-5.952857589704634300e-01,-3.460789132669019885e-01,-3.274498413691406817e-02,-9.184950176504759478e-02,-4.139818579918673747e-01,-1.675767460565708855e-01,-1.589168416819339569e-01,9.120604137807766798e-02,4.357969525001116895e-01,4.061530899503999481e-01,2.983556012332990726e-01,6.276553912149783754e-01,-1.378524509584878703e-02,1.010500916037356395e-01,-4.957549488359622725e-01,-3.968139773895169586e-01,-4.375128468653648461e-01,-3.853791500960722094e-01,3.970105902855355362e-01,4.310737745207560700e-01,6.480271683274498873e-01,5.336788953930023949e-01,3.338352920148353609e-01,1.306135216050761938e-02,5.890388310469636401e-01,6.585727691139013906e-01,1.504178024040395134e-01,1.226417623665043144e-01,1.688502614057822149e-01,8.554001519281469179e-02,1.169221144823271857e-01,-1.686402430850350923e-02,1.128289914652129237e-02,-2.997095491308816029e-01,-1.115912239152777180e-01,5.075293802225300244e-02,-7.171455382278028867e-02,-3.257160731042494928e-01,-3.563072523347781129e-01,-3.796729076366236466e-01,-2.040260958934715652e-01,-4.138433352696724854e-01,1.953751284686536527e-01,9.649671567094150748e-02,2.435720988426650080e-01,1.532329415970329345e-01,2.109164842039411847e-01,8.454354528799321034e-03,-1.026319317217033872e-01,-3.799812324053800650e-01,-1.538629965592743232e-01,-3.504178024040394829e-02,4.363018901648867132e-02,-4.767862728450780047e-02,-5.680772152464363955e-02,1.716341212744090447e-02,1.913088163009964704e-01,2.094374190088922616e-02,3.512221278877519087e-02,1.816435050717190094e-02,-9.132222172572501684e-02,-2.514410831583180697e-02,-1.946467670584029752e-01,-1.036418070512534068e-01
1.373072970195272358e-01,9.323472898699673717e-02,4.230483935832700104e-01,1.743062692702980476e-01,-6.065060994682514722e-02,-4.826846597256356092e-02,4.457393091737789637e-01,1.815675409982572819e-01,1.569060279726529339e-01,1.058805129809196055e-01,4.165691049644756339e-01,1.829974529693015883e-01,0.000000000000000000e+00,5.592162295008713535e-01,1.151883462174359829e-01,2.268019125072612829e-01,2.994727199606774248e-01,2.794405469413289156e-01,1.928191608204120056e-01,1.390544707091469767e-01,-1.373743241431699402e-01,-3.310961168953036604e-01,4.316055230349881700e-01,4.226730416908708876e-01,-4.964475624469368714e-02,9.756914964922472344e-02,1.360159077706778741e-01,-2.028732293668170927e-01,3.849903927789445346e-01,1.895124893873720850e-01,3.768354260690826019e-01,3.062022431744045869e-01,6.552571607310424262e-02,2.622458554895214511e-01,2.048393583270030072e-01,1.331158675544036885e-01,9.348049510701997300e-02,2.867420349434737781e-02,-1.159167076276866742e-01,-3.420304749988828941e-01,-1.102864292416998043e-01,-3.017561106394387599e-02,-2.100630054962241214e-02,-1.253585951114884467e-01,1.217659412842396899e-01,-7.542338799767639435e-02,-2.253407212118503922e-01,-3.194914875552973821e-01,-1.799767639304705180e-01,-2.825148576790741384e-01,-2.738817641538942582e-01,-2.417444926046740383e-01,-3.334778140220742704e-01,-2.546360427186201147e-01,-2.399079494168640247e-01,-2.406363108271147022e-01,1.833370570624245910e-01,-1.746414048885115422e-01,-3.346351490236382231e-01,-6.159971401760578891e-01,1.699003530095178627e-01,-3.134456410027257611e-01,4.461682827650922945e-01,1.499754233879976861e-01,4.540596094552928896e-01,2.402698958845346164e-02,-1.050717190222976855e-01,-2.439474507350641308e-01,-8.003485410429420077e-02,-8.984315653067607987e-02,1.105053845122659639e-02,-3.610527726886813421e-03,6.105277268868135321e-02,1.824657044550694884e-01,-1.185486393493900559e-01,3.115376022163635628e-01,-1.009428482059073276e-02,-5.330890567049466344e-02,3.189865498905223862e-01,3.220966084275436736e-01,3.402788328343536173e-01,4.713436704052906823e-01,2.203404977881049179e-02,2.061575584253094451e-01,2.372492068457035530e-01,1.679610348987890522e-01,-9.143840207337235182e-02,-2.131998748827025336e-01,-2.623486304124402202e-01,-2.556950712721748342e-01,-2.766343446981545107e-01,-3.091380311899548650e-01,-1.160507618749720693e-01,7.916796997184860629e-02,-1.333124804504222660e-01,1.328432905849233625e-01,-8.348898520934805445e-02,-3.818311810179186166e-02,-3.684123508646499068e-01,-3.463157424371062221e-01,-1.542606908262210141e-01,7.791232852227535088e-02,-3.043522945618660214e-01,-2.929844943920639766e-01,-3.914473390231913985e-01,-3.284284373743241447e-01,-1.259797131239108192e-01,-2.018991018365431933e-01,-1.264667768890477551e-01,6.528441842799052874e-02,-3.479735466285356904e-01,-3.900084901023280759e-01,-3.153224004647213752e-01,-2.170919165288886787e-01,-5.503373698556682930e-02,4.477858706823361484e-02
