0.000000000000000000e+00,5.733947003887572835e-01,2.415657536082934931e-01,-2.617990079985700880e-01,2.274096250949551035e-01,2.975155279503105543e-01,7.548594664640957685e-02,-2.733097993654765578e-01,1.684927834130211244e-01,2.742303051968363048e-02,2.413467983377273474e-01,-1.693998838196523471e-01,2.277447607131685980e-01,-2.939943697216140239e-01,1.815228562491621733e-01,-8.428437374324143638e-02,2.125653514455516369e-01,-1.498860538898074135e-01,6.667902944724964920e-01,4.674471602841950291e-01,1.667724205728584874e-01,6.357746101255641602e-02,-4.043969793109611528e-03,7.138835515438581025e-02,3.632423253943429381e-02,8.050851244470262624e-02,3.837570937039188612e-01,2.649224719603199274e-01,-1.180526386344340622e-01,-2.459135796952500175e-01,4.691228383752625297e-01,7.569149649224719834e-02,-1.169757361812413382e-01,-2.265874257116046175e-01,-2.446802806202243163e-01,-2.107600875821082353e-01,1.330041556816658477e-01,-2.683274498413691367e-01,2.015282184190535838e-03,-2.131373162339693372e-01,3.220340497788105050e-01,1.583895616426113651e-01,-4.563474686089637467e-01,-3.023146700031279499e-01,-1.065641896420751605e-01,-1.525850127351534857e-01,-1.442200277045444512e-01,-3.171366012779838206e-01,-2.644711559944590840e-01,-1.522454086420304831e-01,-2.969212207873452858e-01,-3.646230841413825585e-01,-1.881764153894275871e-01,-5.843245900174270924e-01,4.439787300594307262e-01,2.383573886232628891e-01,7.431609991509897650e-01,4.317172349077260107e-01,6.167389070110371740e-01,4.615845212029134337e-01,3.561776665624022398e-01,2.389248849367710814e-01,1.700388757317127797e-01,-6.045399705080656272e-02,1.590777067786764420e-01,-1.925421153760221715e-01,3.744760713168595601e-01,3.641494258009741469e-01,6.761249385584700011e-01,5.296081147504356768e-01,1.799097368068278413e-01,-3.778989230975467878e-02,2.465704455069484685e-02,4.102059966933285784e-02,3.186916305464945059e-02,-3.068680459359220958e-01,-6.927029804727646844e-02,-2.071272174806738364e-01,-2.114929174672684070e-02,-1.834487689351624318e-01,4.827114705750927270e-01,1.480852585012735166e-02,7.866750078198310459e-02,-2.937351981768622222e-01,2.771973725367531949e-01,-4.030162205639215567e-01,2.664506903793735226e-01,4.791098797980249124e-02,1.777738058000804255e-01,-8.705035971223021307e-02,4.640511193529648498e-02,-6.164707985164663562e-01,-2.157200947316680884e-01,-6.007641092095268309e-01,2.639081281558603928e-02,-6.718798873944323291e-02,1.291970150587604393e-01,9.033915724563205962e-02,5.396532463470217200e-01,3.717145538227802914e-01,5.803297734483220394e-01,-2.362482684659725565e-02,4.871799454846060806e-01,3.849680504043969664e-01,4.555118638008847642e-01,6.133875508289021034e-02,4.815273247240716703e-01,3.659949059386031767e-01,1.089146074444792001e-01,3.228473122123419470e-02,-2.569373072970195238e-01,-1.378524509584878703e-02,4.865990437463693641e-01,2.140801644398766801e-01,7.096385003798204305e-02,4.882836587872559364e-01
5.733947003887572835e-01,0.000000000000000000e+00,-2.339067876133875401e-01,-1.834308950355243717e-01,3.056436838107154039e-03,1.993073863890254260e-01,-2.487421243129719906e-01,3.501050091603735703e-02,2.288306001161803313e-02,1.599311854863934845e-01,5.333124804504222466e-02,2.489878904329952125e-01,-2.816032887975334145e-02,5.135171366012779987e-02,1.078689843156530742e-02,-1.825372000536217010e-02,7.617856025738414805e-02,1.809240806112873690e-01,5.201304794673577980e-01,4.140488851155100791e-01,1.444613253496581651e-01,1.250279279681844602e-01,-2.864471155994459117e-01,-1.875329550024576741e-01,-2.567362259260914104e-01,-5.942177934670896805e-02,1.767862728450779741e-01,1.543187810000446747e-01,-2.299030340944635542e-01,-7.295232137271549788e-02,1.147906519504892919e-01,2.247642879485231820e-03,-1.180526386344340622e-01,-1.696679923142231650e-01,-2.755440368202332624e-01,-1.671433039903481022e-01,1.014790651950489217e-02,-1.378256401090307837e-01,-2.733366102149336480e-02,-1.291970150587604393e-01,8.982975110594754176e-02,1.035524375530631341e-01,-4.428213950578667735e-01,-3.004155681665847677e-01,-3.590106796550337487e-01,-2.531971937977568476e-01,-4.238795299164395403e-02,-2.472854014924706079e-01,-3.946959202824076307e-01,-1.011305241521068821e-01,-3.792081862460342512e-01,-2.912507261271727876e-01,-1.710353456365342473e-01,-4.972027347066446112e-01,3.442334331292729588e-01,2.424817909647437320e-01,5.624290629608115211e-01,8.573126591894186799e-01,4.285535546717905153e-01,5.696679923142231594e-01,1.053487644666875195e-01,3.993431341883015295e-01,4.046650878055319672e-02,2.452790562580991207e-01,-2.744760713168595823e-01,-2.166450690379373434e-01,2.413333929129987954e-01,4.824120827561553249e-01,5.085124447026230232e-01,5.053666383663255601e-01,-1.252066669645649985e-02,3.909915545824210054e-02,-1.311497385942177879e-02,2.817105321953617403e-01,8.168818982081416102e-02,-6.506546315742436914e-02,-4.768309575941730855e-02,-1.314178470887886023e-02,-1.603646275526162956e-01,-4.256669198802448539e-02,1.580857053487644548e-01,2.626703606059251905e-01,-1.657357343938513708e-02,-2.812592162295008968e-01,5.997587023548862917e-02,-2.132222172572501018e-01,1.709683185128915428e-01,-5.636534250860181228e-02,1.189642075159747930e-01,9.123732070244425230e-02,-5.818848027168327386e-02,-5.711783368336387223e-01,-4.507305956477054565e-01,-5.941597032932660616e-01,1.305286205817954293e-01,3.627061084052012746e-02,1.192859377094597634e-01,1.375083783904553492e-01,4.569507127217480869e-01,3.651950489298002589e-01,3.844273649403458504e-01,-2.876804146744716198e-02,3.873095312569819759e-01,3.070557218821216572e-01,4.308280084007328203e-01,2.000312793243665954e-01,3.273962196702265293e-01,3.134367040529067450e-01,1.317931989811877147e-01,8.402073372358014047e-02,-5.388533893382188578e-02,1.838464632021091227e-01,5.584565887662540362e-01,3.083649850306090512e-01,9.919120604137807162e-02,3.268510657312659329e-01
2.415657536082934931e-01,-2.339067876133875401e-01,0.000000000000000000e+00,1.081817775593190041e-02,3.131417847088788786e-01,3.171276643281648044e-02,1.500558559363689148e-01,-4.192367844854550940e-01,1.775727244291523399e-01,-1.227936905134277695e-01,-1.564010903078779102e-01,-3.571562625675857028e-01,-2.412976451137226891e-02,-4.515840743554224712e-01,2.937977568255954464e-01,1.345904642745431035e-02,-1.639930291791411587e-01,-2.980606818892712062e-01,1.385718754189195212e-01,6.631216765717860319e-03,1.348049510701997411e-01,7.599088431118458664e-02,6.576969480316368077e-01,4.850797622771348405e-01,6.519013360739979168e-01,3.612583225345189497e-01,4.192859377094597662e-01,2.795120425398811559e-01,-1.971401760579114260e-01,-1.947450735064122640e-01,3.343446981545198371e-01,1.805487287188882461e-01,-6.385450645694624484e-03,-1.619464676705840434e-01,2.066267482908083486e-01,-1.255596764824165601e-01,2.020778408329237108e-01,7.474864828633986935e-02,3.645024353188257016e-01,1.303811609097814961e-01,-9.205058313597569257e-04,9.369498190267661064e-02,-1.194914875552973710e-01,-1.515662004557844500e-01,1.401403101121587169e-01,-1.644666875195495703e-01,-8.780553197193798065e-02,-2.342821395057866629e-01,-1.315742437106215690e-01,-3.201394164171768031e-01,-1.802046561508557077e-01,-3.183564949282809975e-01,3.985432771794986118e-02,-1.697886411367800219e-01,2.969882479109879903e-01,1.725590955806783067e-01,-3.601590777067786853e-03,-1.413110505384512217e-01,2.699852540327986050e-01,-1.100719424460431667e-01,-1.899012467044997599e-01,-4.547298806917199343e-01,-2.309978104472943383e-01,-4.123598015997140265e-01,6.571830734170427402e-01,-1.394745073506412358e-01,5.096787166540059921e-01,-2.408507976227713520e-03,9.613476920327092279e-02,1.700254703069842277e-02,-1.259394968497251910e-01,-2.635327762634612769e-01,-1.867062871441976801e-01,-3.103847356897090903e-01,-1.374190088922650765e-01,-2.996916752312435706e-01,-1.471960319942803574e-01,-2.996916752312435706e-01,1.001966128960185831e-01,-3.191206041378077396e-01,1.165378256401090329e-01,-2.172661870503597159e-01,2.157603110058536888e-01,-3.668617900710487417e-03,3.881540730148800300e-01,-4.241655123106483627e-01,3.677018633540372616e-01,2.483131507216586875e-01,5.156351937083872849e-01,-8.608070065686580785e-02,6.961883909021851155e-03,-7.575405514098038084e-02,8.412797712140845929e-02,-5.009160373564502597e-03,5.443942982260154689e-02,-3.820546047633942288e-02,1.298494123955493962e-01,-1.229634925599892709e-01,1.482148442736493932e-01,1.242816926582957227e-01,2.229947718843558746e-01,-8.597345725903748903e-02,1.442825863532776198e-01,3.925108360516555567e-02,9.977657625452432399e-02,-6.508333705706242922e-02,2.929710889673354246e-01,1.458331471468787832e-01,2.490727914562759771e-01,1.303454131105053794e-02,-1.154207069127306806e-01,-1.809419545109254290e-01,2.955002457661200232e-02,-1.389695696858662087e-02,2.652486706287144128e-02,1.577595066803699764e-01
-2.617990079985700880e-01,-1.834308950355243717e-01,1.081817775593190041e-02,0.000000000000000000e+00,-4.055140980383395433e-02,7.772018410116626752e-02,3.323249474954197979e-01,6.403413914830867748e-01,-8.236292953215067214e-02,-5.712051476830957292e-02,7.971759238571875239e-02,6.704499754233879394e-02,-1.132758389561642626e-01,2.239242146655346655e-01,-3.265114616381428747e-01,2.014835336699584423e-01,-7.624111890611734443e-02,3.081773090844094898e-01,-7.846195093614549698e-02,1.866928817194691559e-01,-3.288171946914518196e-01,-5.771482193127485116e-01,1.056749631350819979e-01,3.932302605120872041e-01,-1.139461101925912621e-02,3.607399794450154296e-02,-1.127351534921131465e-01,-9.112560882970642540e-02,1.983958175074846952e-01,3.147861834755797950e-01,-2.237007909200589839e-01,-5.965414004200366577e-02,1.974619062513963824e-02,2.760623799097368034e-02,-7.460565708923544426e-02,-1.002502345949327495e-01,-4.799499530810134584e-01,-2.811385674069439844e-01,2.102372760176951516e-01,-7.856025738415478576e-02,-1.307699182269091431e-01,-4.431386567764422080e-01,-6.051208722463023715e-02,-1.803610527726886847e-01,1.057777380580008086e-01,-1.395147236248268363e-01,-1.877206309486572147e-02,-1.907591938871263174e-02,1.137450288216631661e-01,-3.064792886187944210e-01,-1.217748782340587199e-01,-8.386880557665668534e-02,-2.474105187899370006e-01,7.715268778765807522e-02,-1.744403235175834566e-01,-4.711693998838196729e-01,-1.541087626792975451e-01,-1.435899727423030625e-01,-3.112069350730595763e-01,-2.180973233835291902e-01,-2.312659189418651284e-01,-5.199070557218821165e-02,2.091961213637785477e-01,4.351311497385942362e-01,1.036239331516153606e-01,6.170874480539791929e-01,-1.171276643281647933e-01,9.375754055140980703e-02,-2.283390678761338961e-03,-1.034496626301443373e-01,-2.272174806738460062e-01,4.610125564144957472e-02,-1.591849501765047470e-01,-1.521158228696545822e-01,-2.045355020331560969e-01,1.213682470172929989e-01,-2.167255015863085998e-01,-1.335761204700835481e-01,-2.250949550918271702e-01,-2.214754904151213233e-01,-1.116225032396443162e-01,2.782295902408508104e-01,-2.808749273872827024e-01,-1.795790696635238270e-01,-2.138835515438580748e-01,4.966709861924125530e-02,-1.591313284775905945e-01,-2.269091559050896018e-02,-1.695786228160328993e-02,-9.665311229277447069e-03,3.473434916662943017e-01,2.641136780016979935e-01,4.660708700120648751e-01,2.813619911524196660e-01,4.560525492649358803e-02,5.143438044595379788e-01,4.226506993163233195e-01,3.266142365610616993e-01,-5.451539389606327446e-02,-4.874659278788149447e-02,-9.205058313597569257e-04,8.412350864649895121e-02,-8.804236114214218645e-02,-1.050583135975691473e-01,-2.715715626256758330e-01,-4.090039769426694893e-01,-1.739130434782608717e-02,2.723088609857455822e-01,8.036998972250770923e-02,2.744805397917690626e-01,-1.208454354528799291e-01,2.523437150900397774e-01,-9.684972518879306214e-02,-1.398766700924974349e-01,-1.225792037177711180e-01,-2.174717368961973374e-01
2.274096250949551035e-01,3.056436838107154039e-03,3.131417847088788786e-01,-4.055140980383395433e-02,0.000000000000000000e+00,7.611063943875955307e-01,-5.581572009473166618e-02,-2.399124178917735328e-01,8.508601814200813518e-01,4.435184771437508111e-01,-1.224049331963001086e-01,-4.312078287680414790e-01,-1.798695205326422131e-01,-3.995397470843201071e-01,5.344072568032530723e-01,4.786764377318021291e-01,-3.901336073997944687e-01,-1.825908217525358535e-01,5.653067608025381247e-02,-1.724965369319451380e-01,2.881585414897895325e-01,3.182939362795477733e-01,-6.087850216721032992e-02,2.308324768756423451e-01,3.834487689351624429e-01,6.497519996425220601e-01,7.614459984807184778e-01,7.921444211090754584e-01,1.072433978283211841e-03,1.220340497788104973e-02,3.826533804012690609e-01,3.228249698377943511e-01,-5.526386344340676882e-01,-6.282586353277626046e-01,-2.288395370659993822e-01,-3.669377541445104640e-01,-1.357477992761070562e-01,-7.295232137271549788e-02,4.286027078957951875e-01,2.543455918495017842e-01,-2.739487912775369627e-01,-3.512846865364850912e-01,-6.057196478841770926e-01,-5.767862728450779963e-01,-4.473926448902989517e-01,-5.911702935788015756e-01,-1.477858706823361179e-01,-4.264801823137763237e-01,-5.718620134947942635e-01,-5.418919522766879604e-01,-6.144197685329997327e-01,-5.797354662853567708e-01,-3.868358729165735643e-01,-5.034898789043299461e-01,3.854595826444434659e-01,2.862058179543321978e-01,-1.046918986549890546e-01,1.930381160909781513e-01,5.511282899146521252e-01,4.648018231377630816e-01,2.857589704633808556e-02,7.214352741409356395e-02,-2.323160105456007762e-01,-1.774476071316859471e-01,2.660664015371553837e-01,1.363242325394342924e-01,5.014477858706822833e-01,3.389516957862281354e-01,2.622145761651548113e-01,1.767103087716162535e-01,-4.127530273917511677e-02,-1.158675544036820299e-01,-4.828678671969257041e-01,-2.122480897269761746e-01,-2.265695518119665852e-01,-3.522677510165780346e-01,-4.843379954421556111e-01,-4.707940479914205500e-01,3.759327941373609427e-02,-3.569060279726529172e-01,7.865409535725456647e-02,-1.453684257562893878e-01,-1.222172572501005472e-01,-8.366772420572858582e-02,2.320568390008490023e-01,-6.011886143259305149e-01,6.033379507574064826e-01,5.345189686759909131e-01,5.004289735913133308e-01,1.625541802582778361e-01,2.932123866124491940e-01,-3.626033334822825194e-01,1.155592296349255976e-01,-2.871799454846061250e-01,2.617319808749273835e-01,3.581750748469547108e-01,4.166316636132088025e-01,3.194870190803878462e-01,4.561597926627641852e-01,3.789266723267348813e-01,4.143929576835426176e-01,-8.146029760042897139e-02,3.946467670584029586e-01,2.014701282452298903e-01,3.444121721256535040e-01,1.276643281647973568e-02,5.411591223915277471e-01,5.013762902721301540e-01,6.374815675409982729e-01,4.504758925778631906e-01,1.474060503150274870e-01,1.636355511863800752e-02,3.645605254926493344e-01,-8.606729523213726973e-02,-6.993610080879396340e-02,1.919478082130568752e-01
2.975155279503105543e-01,1.993073863890254260e-01,3.171276643281648044e-02,7.772018410116626752e-02,7.611063943875955307e-01,0.000000000000000000e+00,-1.133607399794450132e-01,-4.045757183073417362e-02,7.606282675722775277e-01,6.872469726082488517e-01,-6.166495375128468789e-04,-2.265606148621475413e-01,-4.071227490057643256e-02,-9.924929621520174605e-02,4.052549264935877416e-01,4.851959426247821616e-01,-3.932660083113633243e-01,-9.064301353947896989e-02,2.213950578667500668e-01,1.098351132758389540e-02,2.791054113231153933e-01,2.576343893829036169e-01,-2.305554314312525110e-01,1.808347111130970963e-01,2.708655435899727237e-01,6.554135573528754311e-01,5.850574199025871946e-01,7.092944278117878643e-01,9.296215201751642510e-02,1.766522185977925652e-01,3.563295947093256810e-01,3.915098976719245671e-01,-5.000402162741856005e-01,-4.773939854327717836e-01,-1.910049600071495601e-01,-2.668886009205058141e-01,-1.908262210107690149e-01,-2.404396979310961247e-01,2.541981321774878233e-01,1.081728406094999845e-01,-1.884489923589079130e-01,-3.903346887707225266e-01,-6.381339648777871743e-01,-5.613387550828902173e-01,-4.966486438178649432e-01,-5.579337772018410080e-01,-7.038741677465480684e-02,-3.884713347334554645e-01,-5.270253362527369534e-01,-5.006613342866079730e-01,-6.185799186737566124e-01,-5.716564636489566142e-01,-4.237856919433397596e-01,-5.550784217346619309e-01,3.233790607265740191e-01,2.575628937843513766e-01,1.248938737208990513e-02,2.488314938111622632e-01,4.872112248089727204e-01,4.854461772197148917e-01,1.324500647928861796e-01,2.090441932168550787e-01,-1.515081102819607617e-01,-5.771035345636534031e-02,2.288306001161803313e-02,1.017248313150721645e-01,3.767639304705304171e-01,4.220027704544438985e-01,3.609723401403100995e-01,3.033513561821350457e-01,1.565083337057062429e-01,2.142589034362571976e-01,-3.017516421645292657e-01,9.420885651727065047e-02,-2.910317708566066350e-02,-1.481031324009115802e-01,-3.298181330711827952e-01,-2.569998659457526924e-01,1.107422136824701697e-01,-3.229411501854417277e-01,1.487644666875195532e-01,-8.754189195227668474e-02,-1.136690647482014455e-01,-1.887975334018499596e-01,1.598418159882032397e-01,-6.673801331605523357e-01,5.000625586487331686e-01,3.593949684972518877e-01,3.590151481299432290e-01,1.067027123642700775e-01,3.154117699629116478e-01,-4.128021806157558538e-01,2.765539121497832820e-02,-4.102774922918807632e-01,2.721122480897269491e-01,4.031413378613878939e-01,3.413467983377273529e-01,2.859108986103042760e-01,4.264131551901336192e-01,2.473568970910228204e-01,4.246391706510567743e-01,-2.119799812324053845e-01,3.561910719871307918e-01,9.093793288350686399e-02,2.672371419634478884e-01,-8.461950936145493096e-02,4.559810536663836400e-01,4.828544617721971521e-01,5.290763662362035769e-01,4.517494079270744645e-01,4.402341480852584726e-02,-2.139952634165959156e-02,2.759015148129942974e-01,-1.950802091246257586e-01,-2.514768309575941552e-01,1.311005853702131574e-01
7.548594664640957685e-02,-2.487421243129719906e-01,1.500558559363689148e-01,3.323249474954197979e-01,-5.581572009473166618e-02,-1.133607399794450132e-01,0.000000000000000000e+00,4.810223870592966744e-01,-7.456544081504982990e-02,-2.200321730193484926e-01,6.565351445551633747e-01,9.290406184369275067e-02,5.725546271057687653e-01,1.452567138835515470e-01,-4.260646141471915449e-01,-4.258814066759015193e-01,4.231735108807364032e-01,2.989499083962643411e-01,-8.657670137182180148e-02,2.092586800125117302e-02,-4.294829974529693062e-01,-6.184101166271951389e-01,9.726529335537781318e-02,7.721524643639125773e-02,-2.726127172795924647e-01,-3.101032217704097760e-01,-3.421243129719826470e-01,-3.718262656955181322e-01,5.864605210241744526e-01,3.192233790607265642e-01,-1.954823718664819576e-01,-2.077081192189105807e-01,1.320479020510299806e-01,1.946646409580410075e-01,-2.248581259216229367e-01,3.677554850529514419e-03,-1.972250770811921905e-01,-5.733902319138478587e-01,-2.690513427767103338e-01,-4.481925018991018139e-01,3.093346440859734425e-01,-2.372670807453416131e-01,2.296304571249832560e-01,1.311408016443987579e-01,3.765539121497832875e-01,2.644398766700924996e-01,3.590017427052147325e-01,3.183833057777380460e-01,4.975244649001295816e-01,1.969301577371642964e-01,3.751820903525626694e-01,2.600160865096742269e-01,2.362929532150676859e-01,2.385093167701863304e-01,-1.078600473658340442e-01,-3.226328254166853093e-01,1.126681263684704420e-01,-3.330667143303990274e-01,-2.935609276553912128e-01,-3.192189105858170839e-01,4.325617766656240093e-01,1.391393717324277135e-01,5.109209526788507372e-01,2.336654899682738262e-01,1.587917243844675919e-01,3.113365208454354494e-01,-3.872067563340632068e-01,-3.678806023504178069e-01,-2.293802225300504982e-01,-2.216318870369543004e-01,1.768577684436301867e-01,-2.736047187095044450e-02,2.901782921488895717e-01,1.216318870369542844e-02,-5.858617453862996483e-02,-1.185486393493900559e-01,1.278966888600920615e-01,5.100764109209526831e-02,6.098127709012914066e-02,2.019750659100049122e-03,6.840341391483087397e-02,-2.568032530497341148e-02,-2.372760176951606292e-01,-4.659368157647794662e-01,-2.228070959381563132e-01,1.021940211805710645e-02,-4.398990124670449919e-01,-3.460297600428973719e-01,-2.501005406854640567e-01,-2.791098797980249291e-01,3.036328701014343739e-02,2.346262120738192014e-01,1.854059609455293023e-01,1.546807274677152733e-01,-1.169757361812413382e-01,2.557308190714509266e-02,3.436704052906743023e-02,6.653559140265427607e-02,-1.531346351490236457e-01,-2.250949550918271702e-01,-2.630591179230528515e-02,3.899638053532329673e-02,-2.284463112739621993e-01,-2.895571741364672338e-02,-3.881630099646990462e-01,-1.973099781044729550e-01,-1.134367040529067477e-01,4.710666249609008621e-02,8.195182984047545346e-03,-1.299432503686491838e-02,-1.154743286116448470e-01,-4.186067295232137608e-02,-2.437597747888645694e-01,-4.108494570802985191e-01,-4.023906340765896483e-01,-3.750033513561821241e-01
-2.733097993654765578e-01,3.501050091603735703e-02,-4.192367844854550940e-01,6.403413914830867748e-01,-2.399124178917735328e-01,-4.045757183073417362e-02,4.810223870592966744e-01,0.000000000000000000e+00,-2.230617990079985791e-01,-1.174940792707449000e-01,4.066267482908083597e-01,5.427722418338620791e-01,2.501318200098306410e-01,5.637070467849323308e-01,-5.264310290897716849e-01,-1.457839939228741111e-01,1.589570579561195851e-01,5.452254345591849294e-01,-7.410518789936994255e-02,1.613968452567138834e-01,-3.945261182358461016e-01,-5.817150006702712650e-01,-1.057509272085437185e-01,9.796684391617141441e-02,-4.877697841726618688e-01,-2.763438938290361246e-01,-5.055453773627061054e-01,-3.864292416998078572e-01,4.423298628178202740e-01,4.422136824701729529e-01,-3.664551588542830363e-01,-6.452477769337325308e-02,2.353277626346128026e-01,3.352339246615130275e-01,-1.167433754859466405e-01,1.388265784887617871e-01,-3.458286786719692585e-01,-4.827114705750927270e-01,-2.180079538853389454e-01,-3.290048706376513810e-01,6.232628803789266869e-02,-3.125876938200992106e-01,1.051387461459403899e-01,2.131015684346932240e-02,3.156530676080254033e-02,4.152553733410786763e-02,2.683408552660976887e-01,2.184056481522856363e-01,2.833862102864292409e-01,5.505607936011439052e-02,1.769471379418204593e-01,1.613745028821663152e-01,1.008043254837124036e-01,1.878636221457616606e-01,-2.533178426203137046e-01,-4.519728316725501460e-01,-3.214620849903927768e-02,-5.069931632333884303e-02,-3.934134679833772852e-01,-1.700924974306269322e-01,2.171097904285267388e-01,4.325081549667098568e-01,4.266991375843424694e-01,6.562446936860449886e-01,-1.994369721614013269e-01,4.505473881764153754e-01,-4.649135350105009223e-01,-9.313642253898744838e-02,-1.929487465927878787e-01,-1.549577729121051073e-01,8.461504088654542288e-02,1.332856696009651898e-01,1.798114303588185248e-01,1.886456052549264906e-01,-5.104785736628088960e-02,1.510165780419142900e-01,1.230260512087224672e-01,1.543947450735064231e-01,-1.482282496983779452e-01,2.201617587917243865e-02,-1.006658027615175005e-01,2.295857723758881197e-01,-2.754591357969525256e-01,-3.057241163590866395e-01,-2.284150319495956150e-01,2.308101345010947769e-01,-4.151883462174359996e-01,-3.905313016667411596e-01,-2.483578354707538238e-01,-1.506010098753295390e-01,2.557486929710889867e-01,1.733187363152955962e-01,1.181151972831672586e-01,4.590464274543098327e-02,8.963760668483845839e-03,1.845167344385361397e-01,4.235667366727735583e-02,2.998346664283479956e-02,-2.016667411412484956e-01,-3.048080790026364006e-01,-1.789981679252871105e-01,-1.680191250726127128e-01,-2.344966263014433283e-01,-1.514187407837704891e-01,-3.127887751910273240e-01,-2.100898163456812184e-01,-2.388936056124044971e-01,6.336297421689977491e-03,-1.125608829706421232e-01,1.958532552839715654e-02,-3.476473479601412120e-02,8.659904374636935576e-03,-2.028062022431744160e-01,-2.516957862281603564e-01,-2.958890030832476703e-01,-4.134098932034496743e-01
1.684927834130211244e-01,2.288306001161803313e-02,1.775727244291523399e-01,-8.236292953215067214e-02,8.508601814200813518e-01,7.606282675722775277e-01,-7.456544081504982990e-02,-2.230617990079985791e-01,0.000000000000000000e+00,5.946020823093077778e-01,-1.287099512936234758e-01,-3.275124000178739059e-01,-1.233522498771169457e-01,-2.851691317753251020e-01,5.333035435006032721e-01,4.743464855444836648e-01,-3.461950936145493651e-01,-7.595513651190848037e-02,1.107243397828321235e-01,-1.795924750882523790e-01,1.750525045801867852e-01,3.248849367710800462e-01,-9.713570758300192620e-02,1.508467759953527887e-01,2.887975334018499374e-01,6.222217257250099998e-01,6.201528218419053440e-01,7.014075695964967494e-01,-1.838777425264757209e-02,6.054783502390634342e-02,3.390053174851423434e-01,3.677197372536752940e-01,-5.545377362706108704e-01,-5.914026542740962178e-01,-1.912462576522632740e-01,-3.532776263461280819e-01,-2.012601099244827607e-01,-1.097278698780106282e-01,3.038428884221814896e-01,1.419679163501496866e-01,-3.144823271817328569e-01,-3.454756691541177038e-01,-5.102908977166092930e-01,-4.561866035122212892e-01,-3.803833951472362362e-01,-4.387550828902095912e-01,-1.460163546181688088e-01,-3.506725054738817904e-01,-4.499128647392645064e-01,-3.546360427186201481e-01,-5.059207292551052282e-01,-4.053621698914160465e-01,-3.732651146163814548e-01,-3.755708476696903442e-01,2.431163144018946287e-01,1.438982975110594809e-01,-1.704901916975736231e-01,1.709370391885249585e-01,4.171634121274409024e-01,4.060011618034764513e-01,7.603556906027972295e-02,6.774654810313239517e-02,-2.498547745654408070e-01,-1.807408731399973156e-01,1.275704901916975831e-01,1.020733723580142110e-01,3.387550828902095579e-01,2.274811206935073160e-01,1.652978238527190724e-01,1.175074846954734381e-01,6.397515527950310699e-02,7.954332186424772910e-02,-3.369051342776710478e-01,-4.541757898029402662e-02,-1.337503909915545852e-01,-2.200545153938960607e-01,-4.042986728629519022e-01,-2.968720675633406136e-01,-1.226596362661423571e-02,-2.978059788194289403e-01,4.410384735689708985e-02,-8.216184816122257262e-02,-1.565798293042584555e-01,-1.203494347379239493e-01,7.738951695786228102e-02,-5.526922561329817851e-01,4.641851736002502449e-01,4.467536529782385468e-01,3.684704410384735951e-01,7.347513293712855387e-02,2.041914294651235584e-01,-3.110996916752312713e-01,9.316323338844452462e-02,-1.849546449796684311e-01,1.406050315027481123e-01,3.583091290942401197e-01,3.042897359131328527e-01,2.811162250323964162e-01,3.091961213637785533e-01,2.739711336520845308e-01,3.021806157558425410e-01,-1.715447517762187790e-02,2.675767460565708911e-01,1.044640064346038649e-01,1.890656418964207497e-01,-9.336431475937262414e-02,4.155547611600161062e-01,3.988560704231645659e-01,5.333616336744269049e-01,4.174315206220117203e-01,3.471558157200946987e-02,-7.015505607936011216e-04,2.721479958890030693e-01,-5.713838866794762605e-02,-4.818803342419232527e-02,2.178470887885964602e-01
2.742303051968363048e-02,1.599311854863934845e-01,-1.227936905134277695e-01,-5.712051476830957292e-02,4.435184771437508111e-01,6.872469726082488517e-01,-2.200321730193484926e-01,-1.174940792707449000e-01,5.946020823093077778e-01,0.000000000000000000e+00,-1.309620626480182404e-01,-6.448456141918762485e-02,-5.834040841860672899e-02,2.396398409222932346e-01,3.453550203315608469e-01,4.935430537557531361e-01,-5.228026274632467940e-01,-4.524777693373251836e-02,1.480361052772688757e-01,-1.342732025559676412e-01,1.973591313284775994e-01,2.298851601948254941e-01,-3.939854327717949856e-01,-1.851333839760489763e-01,2.154966709861924068e-01,4.649894990839626430e-01,3.329684078823897386e-01,4.671879887394432274e-01,1.752446490012958547e-01,3.929174672684213054e-01,2.764198579024978661e-02,2.607221055453773362e-01,-5.439474507350641197e-01,-4.171544751776218862e-01,-1.632333884445238970e-02,-1.761696233075651374e-01,-3.495777291210510063e-01,-1.296930157737164191e-01,9.966486438178649709e-02,1.247374770990660880e-01,-1.523392466151302638e-01,-4.868850261405782143e-01,-2.570624245944859165e-01,-1.473032753921086624e-01,-2.494794226730416842e-01,-1.314133786138790838e-01,2.025693730729701825e-01,4.447473077438670458e-02,-1.894320568390008563e-01,7.587470396353724819e-03,-2.410027257696948089e-01,-8.344876893516242622e-02,-2.345100317261718526e-01,-9.691228383752625852e-02,1.894678046382769487e-01,3.311765494436748614e-01,-2.301130524152106838e-01,1.325126234416193760e-01,1.222842843737432378e-01,2.068814513606506145e-01,3.433576120470083898e-02,1.304213771839671243e-01,-3.752535859511149097e-01,-9.873095312569819815e-02,-1.082577416327807351e-01,1.121944680280620166e-01,1.003530095178515602e-01,2.039635372447383688e-01,7.873452790562580211e-03,7.733589525894811467e-02,2.062156485991331056e-01,4.516779123285222797e-01,-7.656284909960230090e-02,3.595111488448992088e-01,2.455069484784842826e-01,2.640421824031458087e-01,-1.450243531882568493e-01,1.059698824791098781e-01,2.081951829840475443e-01,-6.726395281290495354e-02,-1.219670226551677894e-01,-5.691943339738147339e-02,-2.835202645337146499e-01,-3.025425622235131118e-01,-1.883462174359890884e-01,-4.445283524733008584e-01,1.858036552124759933e-01,1.651012109567004671e-01,9.396755887215693659e-02,1.654586889494615576e-01,-5.162429062960811194e-02,-2.493989901246704555e-01,-1.975334018499486088e-01,-1.319987488270253362e-01,9.159033022029580695e-02,4.856919433397381414e-01,3.335895258948121112e-01,3.663300415568166435e-01,-1.470128245229903024e-03,-5.687028017337682900e-02,-1.295857723758881037e-02,-1.510121095670047819e-01,-6.952946959202824240e-02,-2.388578578131283769e-01,-9.662630144331739446e-02,-1.815094508244336213e-01,6.831404441664060134e-02,1.556146387238035722e-01,3.676705840296706773e-01,5.601412038071406085e-01,2.415389427588364168e-01,-7.694713794182045374e-03,1.908038786362214675e-02,-3.106081594351847719e-01,-3.315474328611645038e-01,-1.761294070333795092e-01
2.413467983377273474e-01,5.333124804504222466e-02,-1.564010903078779102e-01,7.971759238571875239e-02,-1.224049331963001086e-01,-6.166495375128468789e-04,6.565351445551633747e-01,4.066267482908083597e-01,-1.287099512936234758e-01,-1.309620626480182404e-01,0.000000000000000000e+00,3.341793645828678438e-01,7.854193663702577766e-01,3.590151481299432290e-01,-3.124268287233566976e-01,-4.125474775459135879e-01,4.947808213056883453e-01,4.317663881317306274e-01,1.986281782027793930e-01,2.435318825684793798e-01,-3.178962420126010824e-01,-4.531391036239331704e-01,-4.337548594664641238e-02,-3.865230796729076258e-03,-3.245498011528665239e-01,-2.854372402698958644e-01,-3.998748827025336294e-01,-3.421243129719826470e-01,6.167612493855847422e-01,3.585370213146253371e-01,-1.286027078957951639e-02,6.738460163546181741e-03,2.924482774029223964e-01,3.940256490459805860e-01,-1.812994325036864918e-01,2.095938156307252387e-01,3.601590777067786853e-02,-5.302471066624960816e-01,-4.847401581840117823e-01,-5.935073059564770492e-01,4.678225121765941519e-01,-8.120559453058670552e-02,1.458018678225121711e-01,1.724741945573975699e-01,2.942758836409133383e-01,3.021046516823808203e-01,4.718307341704276459e-01,3.844720496894409867e-01,4.071897761294070439e-01,2.063050180973233783e-01,3.605925197730014964e-01,1.622413870146119097e-01,1.702622994771884335e-01,-9.705527503463068362e-03,-8.110281960766789477e-03,-2.452343715090039844e-01,4.064167299700612301e-01,-1.289467804638277093e-01,-1.538317172349077389e-01,-1.586353277626346148e-01,6.542160060771258223e-01,3.775861298538808475e-01,7.043880423611421637e-01,4.074221368247017416e-01,-5.853702131462531306e-04,1.257473524286161215e-01,-3.196925689262254955e-01,-1.197774699495062350e-01,2.113588632199830258e-02,4.482774029223825923e-02,3.909692122078734511e-01,2.936279547790339173e-01,5.166495375128468126e-01,3.590553644041288850e-01,1.938111622503239651e-01,1.208990571517940954e-01,3.270387416774654943e-01,2.783189597390410830e-01,1.326690200634523531e-01,2.339470038875731683e-01,3.244202153804906508e-01,8.471334733455471167e-02,-8.115644130658206112e-02,-4.594619956208945699e-01,-1.131239108092408074e-01,8.689396309039724986e-02,-4.929353411680593156e-01,-5.217435989096921301e-01,-4.194870190803878796e-01,-4.160865096742482061e-01,1.022878591536708487e-01,-7.347066446221904579e-02,-1.705125340721211913e-01,-2.136511908485633771e-01,-7.355109701059028837e-03,-1.022744537289423106e-01,-2.721301219893650352e-03,1.679699718486080823e-02,6.952946959202823719e-03,-2.396219670226551746e-01,3.707493632423253943e-02,-1.730148800214486859e-01,-1.422226194199919524e-01,6.097680861521962564e-02,-2.642566691988024741e-01,-1.054738817641538984e-01,-2.060815943518477245e-01,-7.088341748961080047e-02,-9.223825908217525571e-02,-3.177085660664015487e-02,-2.418785468519594334e-02,3.746816211626971538e-02,-3.685151257875687175e-02,-3.210643907234461136e-01,-4.242370079092006030e-01,-2.781000044684748818e-01
-1.693998838196523471e-01,2.489878904329952125e-01,-3.571562625675857028e-01,6.704499754233879394e-02,-4.312078287680414790e-01,-2.265606148621475413e-01,9.290406184369275067e-02,5.427722418338620791e-01,-3.275124000178739059e-01,-6.448456141918762485e-02,3.341793645828678438e-01,0.000000000000000000e+00,3.650475892577862980e-01,6.321193976495822486e-01,-3.360605925197729937e-01,-2.544796460967871932e-01,2.042361142142186947e-01,4.795701327137047998e-01,1.003440725680325302e-01,1.504222708789490215e-01,-2.731444657938245646e-01,-1.761025961839224330e-01,5.810804772331203127e-02,9.908396264354975280e-02,-3.124849188971803859e-01,-1.805755395683453224e-01,-6.044416640600562829e-01,-4.674516287591045094e-01,1.436167835917601387e-01,2.877295678984762572e-01,-1.406944010009383850e-01,2.388980740873140052e-01,4.347826086956521618e-01,5.071361544304928692e-01,1.854238348451673346e-01,3.512355333124804746e-01,7.498100898163456707e-02,-3.025514991733321279e-01,-4.044327271102372556e-01,-3.872737834577059113e-01,1.977300147459672142e-01,7.629474060503149691e-02,1.710934358103579356e-01,2.159077706778676498e-01,1.412127440904419329e-01,2.653246347021761542e-01,3.094865722328969393e-01,2.713079226060145510e-01,2.433888913713749547e-01,2.603690960275257815e-01,3.259752446490012945e-01,1.811877206309486510e-01,1.618302873229366945e-01,5.779078600473658289e-02,-1.239823048393583205e-01,-1.451986237097278587e-01,1.053085481925019051e-01,9.528575897046337451e-02,-2.845748246123597780e-01,-2.055140980383395044e-01,1.913535010500916067e-01,4.520219848965548182e-01,1.955225881406675859e-01,3.986639260020555242e-01,-1.175611063943875906e-01,5.913579695250011092e-02,-2.525716073104249393e-01,-7.807319361901783605e-02,-2.125430090710040687e-01,-3.331694892533178243e-02,1.761428124581080612e-01,2.480852585012735256e-01,4.475266991375843606e-01,3.688636668305107502e-01,1.764600741766834957e-01,2.005183430895035590e-01,3.685732159613923642e-01,3.832700299387818976e-01,-6.872514410831583043e-02,1.751686849278341340e-01,-9.497296572679744808e-02,1.818982081415612961e-01,-7.770677867643772940e-03,-1.881719469145180790e-01,-4.362572054157915630e-02,2.737298360069708170e-01,-3.513338397604897634e-01,-4.936234863041243925e-01,-2.905759864158362626e-01,-2.341838330577773741e-01,-3.006389919120604215e-02,-8.649626882345055889e-02,-3.912507261271728209e-01,-2.619151883462174091e-01,2.015282184190535838e-03,-1.857991867375664574e-01,-3.055319719379775423e-01,-2.600160865096742269e-01,-1.384467581214531562e-01,-3.019035703114527069e-01,-2.112158720228785869e-01,-2.844318334152553529e-01,-1.525671388355154257e-01,-3.327226417623665305e-02,-9.977210777961481591e-02,9.201930381160909611e-02,-3.581125161982215421e-01,-2.706912730685017143e-01,-1.774744179811430234e-01,-2.831851289155011275e-01,-5.343402296796103540e-02,-1.159435184771437505e-01,-4.222261941999195384e-02,-3.323204790205103176e-02,-1.768890477679967710e-01,-2.493900531748514116e-01
2.277447607131685980e-01,-2.816032887975334145e-02,-2.412976451137226891e-02,-1.132758389561642626e-01,-1.798695205326422131e-01,-4.071227490057643256e-02,5.725546271057687653e-01,2.501318200098306410e-01,-1.233522498771169457e-01,-5.834040841860672899e-02,7.854193663702577766e-01,3.650475892577862980e-01,0.000000000000000000e+00,3.652799499530809957e-01,-1.471021940211805767e-01,-4.512489387372090044e-01,4.705348764466687483e-01,3.127887751910273240e-01,2.912686000268108755e-01,2.447651816435050809e-01,-2.917958800661334395e-01,-3.438491442870548198e-01,1.002189552705661513e-01,-1.386567764422002788e-02,-1.056258099110773535e-01,-2.336118682693596738e-01,-4.114616381429018199e-01,-3.788060235041780244e-01,4.859153670852138229e-01,2.573126591894186466e-01,-1.603288797533401755e-02,5.154385808123687629e-02,3.098038339514723738e-01,4.056258099110773285e-01,1.146789400777514650e-01,3.091112203404977610e-01,1.252781625631172180e-01,-6.330443719558515037e-01,-5.563519370838733158e-01,-6.599490593860315446e-01,5.320836498503060952e-01,9.221144823271817947e-02,2.402207426605299512e-01,2.792707448947674420e-01,4.472273113186469584e-01,4.450958487868090785e-01,4.789981679252870994e-01,4.058045489074578738e-01,5.361633674426917739e-01,3.432995218731846876e-01,5.389204164618616177e-01,2.885651727065552397e-01,3.663747263059117798e-01,9.251530452656508974e-02,-5.996693328566960086e-03,-2.055632512623441488e-01,3.811832521560391540e-01,-2.719156351937083715e-01,-2.042986728629518633e-01,-3.542428169265829374e-01,6.167746548103132387e-01,1.883909021850842247e-01,5.283926895750480357e-01,8.805576656687072457e-02,1.883864337101747166e-01,-7.259931185486392935e-02,-3.289959336878323648e-01,-3.156620045578444334e-01,-4.492604674024755496e-02,-3.153849591134545716e-02,6.792305286205817527e-01,4.406944010009383739e-01,7.521828499932973200e-01,4.728808257741632937e-01,2.971401760579114315e-01,9.214888958398498309e-02,5.314446579382456903e-01,3.709951293623486301e-01,3.913981857991867264e-01,2.196836319764064460e-01,4.581259216229500719e-01,1.680146565977031978e-02,4.208856517270655184e-02,-5.473837079404799688e-01,1.026855534206175397e-01,6.017248313150721367e-02,-4.808079002636400090e-01,-6.409356986460521544e-01,-3.164707985164663118e-01,-5.678046382769560418e-01,6.933285669600965095e-02,-1.273828142454980217e-01,-2.577952544796460743e-01,-2.083068948567853851e-01,-8.496805040439697754e-02,-2.429643862549711875e-01,-1.960677420796282100e-01,-2.765360382501452219e-01,-1.486080700656865761e-01,-3.326690200634523364e-01,-1.081147504356763100e-01,-3.290361499620179653e-01,-2.341793645828678661e-01,-1.072702086777782698e-01,-2.687877027570489963e-01,-1.298449439206398881e-01,-3.029402564904598028e-01,-2.203002815139193105e-01,-2.484293310693060364e-01,-1.926627641985790285e-01,-1.801689083515796153e-01,-1.747843960856159673e-01,-1.082800840073283033e-01,-1.776308146029760004e-01,-2.911836990035300832e-01,-1.893605612404486438e-01
