0.000000000000000000e+00,4.151570668930694152e-01,2.935385852808436447e-01,3.987845748246123811e-01,-5.935475222306627052e-02,-2.479333303543500566e-01,6.027078957951651494e-01,3.211626971714554024e-01,-4.183386210286429291e-02,-1.636132088118325278e-01,7.189016488672416161e-01,2.940256490459806082e-01,5.542785647258590132e-01,4.409714464453282079e-01,-2.583538138433352782e-01,4.781268153179319899e-03,4.208141561285133614e-01,-2.003664149425801039e-02,5.348406988694758279e-01,5.147683095759417737e-01,-4.411814647660753375e-01,-3.876848831493810987e-01,-1.854863934939005379e-02,1.156039143840207339e-01,-2.990705572188211980e-01,-3.899235890790473391e-01,-6.648196970374010972e-02,1.519058045489074527e-01,4.797890879842709455e-01,1.316412708342642665e-02,1.514008668841324567e-01,-5.937262612270432366e-02,2.008266678582599774e-01,2.234416193753072100e-01,-2.380133160552303506e-01,-6.710308771616246837e-01,-4.778542383484516987e-01,-5.460297600428973830e-01,-2.716519951740470895e-01,-4.849859243040350321e-01,-4.063631082711470777e-01,-4.511819116135662999e-01,-8.085705348764467282e-02,2.486885026140578103e-01,4.156217882836588107e-01,4.693283882211001234e-01,-4.492604674024755496e-02,-2.017337682648912001e-01,5.313999731891505540e-01,3.951963894722730908e-01,6.316680816837213497e-01,5.126547209437418706e-01,-1.708342642656061616e-01,3.989275660217168062e-01,-2.794762947406050357e-01,-1.179498637115152654e-01,7.958621922337906218e-01,2.495375128468653725e-01,4.176772867420349700e-01,-1.038875731712766426e-01,5.601769516064167842e-01,7.990079985700880572e-02,6.126457839939228878e-01,3.958443183341525673e-01,7.158943652531390978e-02,-1.848608070065686435e-02,-1.102864292416998043e-01,-2.528263103802672052e-01,-2.489163948344430000e-01,-1.823673980070601996e-01,3.010903078779212927e-01,4.546583850931676940e-01,6.167389070110371740e-01,4.688234505563251275e-01,3.517762187765315907e-01,2.867018186692881776e-01,-1.738728272040752365e-01,-1.763304884043076226e-01,2.190535770141650573e-01,1.118280530854819238e-01,1.568747486482863496e-01,-6.687519549577729261e-02,-4.434425130702890905e-01,-3.030966531122927798e-01,1.504312078287680376e-01,4.414942580097412916e-01,-3.454890745788462558e-01,-7.374324143169935786e-02,-3.552437553063139686e-01,2.452299030340944763e-01,-5.012332990750256734e-01,-2.912730685017203558e-01,-3.698467313106036936e-01,-2.228115644130658213e-01,2.014075695964967216e-01,1.040797175923857121e-01,-1.474596720139416395e-02,2.477188435586934190e-01,-4.633808481165378051e-03,-4.276956074891639648e-01,-2.079851646633004147e-01,2.911211403547969007e-02,-1.848295276822020661e-01,-2.247196031994280405e-02,-1.223959962464810786e-01,-1.232271325796505668e-01,-1.310737745207560534e-01,-1.410250681442423715e-01,-1.289467804638277093e-01,3.234505563251262594e-01,-5.369632244514946917e-01,-2.743330801197551017e-01,-2.689396309039724930e-01,1.594351847714375187e-02,1.576790741319987477e-01,4.412172125653514299e-02
4.151570668930694152e-01,0.000000000000000000e+00,1.785379150096072232e-01,4.895750480361052981e-01,-2.619017829214889126e-01,-3.742437106215648623e-01,3.135573528754636019e-01,3.660932123866124654e-01,-2.145448858304660755e-01,-2.051074668215737973e-01,1.999106305018097385e-01,3.748603601590776990e-01,1.301130524152106782e-01,2.795969435631618927e-01,-2.916752312435765826e-01,-1.628669735019437903e-01,1.120201975065910072e-01,2.287501675678091095e-01,3.859645203092184618e-01,5.374190088922650155e-01,-3.233969346262120514e-01,-2.955091827159390672e-01,1.195272353545734773e-01,2.441574690558112604e-01,-1.413825461370034342e-01,-2.699316323338844525e-01,-2.185575762992090776e-01,-1.772778050851244458e-01,1.212029134456410057e-01,1.885160194825506175e-01,2.478484293310693198e-01,2.681576477948076076e-01,3.511953170382948186e-01,3.757183073417042496e-01,-8.668394476965012030e-02,-3.622011707404262926e-01,-3.604629340006255678e-01,-1.964028776978417323e-01,-2.079583538138433385e-01,-2.270163993029179206e-01,-2.132356226819786538e-01,-1.851557263505965445e-01,-1.957102640868671473e-01,1.079583538138433330e-01,3.040975914920237555e-01,3.711649314089101592e-01,-2.057285848339961698e-01,-2.799320791813754150e-01,2.242816926582957282e-01,3.028464185173600498e-01,1.823986773314267840e-01,2.823539925823316254e-01,-3.245810804772331082e-01,5.068144242370078989e-02,-3.955806783144912853e-01,-1.012511729746637529e-01,4.732427722418338645e-01,8.505786675007820374e-01,2.108494570802985080e-01,1.205817954332186470e-01,2.435095401939318116e-01,3.191697573618124117e-01,2.322221725725009955e-01,4.887260378032977082e-01,2.335224987711694011e-02,1.489074578846239783e-01,-7.717503016220564338e-02,-2.876357299253764696e-02,-8.875731712766432580e-02,5.459582644443451704e-02,2.957415434112337649e-01,5.154653916618258114e-01,4.717547700969659252e-01,6.155771035345636299e-01,3.909736806827829869e-01,4.159122391527771412e-01,7.684436301890164300e-02,2.024174449260467412e-01,1.772599311854863857e-01,1.378971357075829962e-01,-1.437061530899503940e-02,2.087582108226462285e-01,-2.806515036418070763e-01,-8.177309084409490475e-03,-1.286071763707046789e-01,1.499039277894454736e-01,-1.184101166271951389e-01,5.769247955672728717e-02,-2.941775771929040495e-01,-1.298583493453684123e-01,-4.840162652486706407e-01,-2.131775325081549655e-01,-3.079494168640243279e-01,-2.546851959426247869e-01,4.346038696992716305e-02,1.273872827204075298e-01,-1.966575807676839913e-02,2.491979087537423421e-01,-1.533848697439563757e-01,-1.182805308548192519e-01,-1.595960498681799900e-01,-8.381071540283301091e-02,-8.178649626882344981e-02,5.720094731668081550e-02,-5.026140578220653077e-02,-5.430537557531614490e-02,8.372134590464275217e-02,1.481746279994637927e-01,-1.629563430001340629e-01,9.779704186960989920e-02,-3.676929264042182455e-01,-4.266812636847044371e-01,-1.648107600875821088e-01,-1.685821529112113970e-01,6.729970061218105981e-02,1.452030921846373945e-01
2.935385852808436447e-01,1.785379150096072232e-01,0.000000000000000000e+00,5.934715581572009846e-01,1.683766030653737755e-01,-1.295276822020644258e-01,7.105634746860896023e-01,2.194110550069261478e-01,5.859511148844899486e-02,-1.669422226194199887e-01,3.615398364538183196e-01,-1.179498637115152654e-01,4.219178694311631617e-01,1.331426784038607647e-01,-2.192680638098216950e-02,-1.645828678671969192e-01,6.952500111711872044e-02,-3.147593726261226771e-02,1.717994548460610449e-01,5.091380311899548761e-02,-2.949416864024308471e-01,-2.072433978283211853e-01,6.268555342061754576e-01,6.476384110103221570e-01,5.353366995844318632e-01,3.310246212967514201e-01,-2.587246972608248791e-02,9.273872827204075742e-02,2.267795701327137148e-01,-1.621386120916931128e-01,4.306179900799856908e-01,5.431967469502658741e-01,3.674739711336520998e-01,2.998882881272621481e-01,5.339291299879350694e-01,8.250145225434558915e-02,-9.962911658251039082e-02,-3.443049287278251991e-01,5.566826042271772607e-02,-3.771214084632914521e-01,-1.852316904240582651e-01,-3.962688234505563067e-01,-3.231601054560078595e-02,1.326645515885428173e-01,1.576388578578131194e-01,1.572769113901425486e-01,-8.734974753116761526e-02,-1.716073104249519754e-01,1.220832030028151383e-01,1.836006970820858730e-01,1.654944367487376500e-01,1.400911568881540725e-01,-2.995844318334152656e-01,-1.530765449751999574e-01,-2.823584610572411613e-01,-3.926717011483980557e-01,3.150498234952410770e-01,3.993520711381205457e-01,5.868448098663926055e-02,-1.673443853612761878e-01,3.827248759998212457e-01,2.337906072657401912e-01,-3.352249877116939697e-02,-1.156485991331158703e-01,7.477322489834219432e-01,5.497341257428839389e-01,5.168550873586844618e-01,2.659457527145985267e-01,2.861164484561419183e-02,-2.795477903391572344e-02,4.754457303722239847e-02,1.605567719737253651e-01,2.134947942267304277e-01,1.129943250368649205e-01,1.347245185218285124e-01,-8.651861119799812705e-02,-5.859511148844899486e-02,3.248581259216229422e-02,-1.020465615085571348e-01,1.380892801286920657e-01,-2.328969122838375205e-01,-3.202421913400956277e-01,-3.796505652620760785e-01,-4.254300907100406759e-01,-2.463380848116537847e-01,-2.566200455784440893e-01,-2.276643281647973416e-01,-1.210152374994414443e-01,-2.884713347334554867e-01,-1.937932883506859050e-01,-2.741543411233746119e-01,-2.811832521560391207e-01,-1.848786809062067105e-01,-1.073997944501541568e-01,2.573037222395996304e-01,1.669600965190580488e-01,1.089950399928504426e-01,1.479333303543500511e-01,-1.526520398587961902e-01,-3.503820546047634044e-01,-1.966754546673220305e-01,-2.070691273068501759e-01,1.054604763394253603e-01,5.651280218061575239e-02,-2.094597613834398298e-01,-2.239912417891773422e-01,-2.337950757406497271e-01,1.359980338710398140e-01,7.450288216631663352e-02,3.564725859064301616e-01,-8.666607087001206022e-02,-1.359980338710398140e-01,-1.127887751910272990e-01,-1.225613298181330718e-01,-2.113097099959783676e-01,-2.017382367398007081e-01
3.987845748246123811e-01,4.895750480361052981e-01,5.934715581572009846e-01,0.000000000000000000e+00,-2.725769694803163528e-04,-1.485321059922248554e-01,6.926091424996648760e-01,7.583493453684257979e-01,2.717279592475088310e-02,-2.249296215201751770e-01,2.800571964788417523e-01,2.192680638098216950e-02,2.460029491934402901e-01,2.736717458331471287e-01,-3.871263237856919504e-01,-2.557218821216318827e-01,-1.228517806872514440e-01,-2.589079047321149463e-01,9.831091648420393903e-02,1.944456856874748618e-01,-1.968631306135215919e-01,-3.316993610080879451e-01,4.246212967514187420e-01,5.682559542428169408e-01,2.900755172259708026e-01,1.388265784887617871e-01,-2.350462487153134605e-01,-1.840832923723133285e-01,2.211403547969078287e-01,-2.888154073014880252e-01,3.193216855087358530e-01,4.679967826980651613e-01,5.330488404307609507e-01,5.660083113633317398e-01,5.118057107109343917e-01,-7.900710487510612112e-02,-2.662585459582644254e-01,-2.233656553018454893e-01,-3.388712632378569345e-01,-3.468519594262478023e-01,-1.750614415300058013e-01,-2.238080343178873166e-01,-2.563117208096876709e-01,-4.283033200768577436e-02,2.326958309129094349e-01,8.017337682648911779e-02,-1.578041914294651127e-01,-2.471379418204566747e-01,-4.611466106617811631e-03,1.452611823584610551e-01,7.479333303543500566e-02,2.476428794852316984e-01,-2.734930068367666389e-01,8.873050627820724956e-02,-5.991509897671924989e-01,-3.976540506725054769e-01,3.459180481701595311e-01,5.034183833057777058e-01,4.755350998704142157e-02,-1.510701997408284425e-01,5.049019169757361647e-01,6.459716698690737280e-01,1.038473568970910144e-02,1.757093703918852501e-01,5.449483891147951509e-01,6.641002725769694637e-01,2.168729612583225330e-01,2.889941462978685149e-01,-3.685285312122972279e-01,-3.296483310246213216e-01,4.330220295813039244e-01,6.779704186960989754e-01,5.100004468474909070e-01,5.077215246436391771e-01,4.058090173823674096e-01,2.334286607980696204e-01,1.434291076455605773e-01,2.737566468564279210e-01,-5.794718262656955304e-02,-5.648152285624916114e-03,-2.705125340721211691e-01,-9.503999285044013867e-02,-3.458286786719692585e-01,-2.850261405782206769e-01,-2.934849635819294922e-01,1.533804012690468677e-01,-3.921131417847088518e-01,-8.073640466508780200e-02,-3.572456320657759754e-01,-6.758121453148040192e-02,-2.881674784396085487e-01,-1.549264935877384952e-01,-3.195853255283971350e-01,-2.354260690826220914e-01,-3.483176191965681873e-02,4.968944099378881651e-02,-5.775950668036999164e-02,1.338755082890209502e-01,-3.839626435497564549e-01,-3.463157424371062221e-01,-4.642924169980785498e-01,-7.948970016533357663e-02,-1.588006613342866080e-01,-2.071138120559453191e-02,1.604450601009875244e-01,1.339961571115778072e-01,6.224585548952142784e-03,-1.050761874972072074e-01,-2.962866973501943613e-01,1.438982975110594809e-01,-4.576075785334465240e-01,-3.027704544438982737e-01,-2.031368693864784025e-01,-1.463425532865632872e-01,-6.853746816211626902e-02,-1.687296125832253579e-01
-5.935475222306627052e-02,-2.619017829214889126e-01,1.683766030653737755e-01,-2.725769694803163528e-04,0.000000000000000000e+00,5.166674114124849559e-01,4.335761204700835925e-02,-1.845480137629027136e-03,3.836632557308190528e-01,3.880781089414183094e-01,-6.977970418696098631e-02,-1.998123240538004497e-01,-6.262120738192054892e-02,-3.762902721301220055e-02,3.433576120470083759e-01,2.178336833638679082e-01,-2.536842575628938112e-01,-3.745207560659546964e-01,-1.798382412082756288e-01,-1.112963045712498378e-01,4.678359176013226484e-01,4.459448590196166129e-01,2.271683274498413618e-01,2.123776754993520754e-01,2.141695339380669250e-01,3.877519102730238032e-01,5.345279056258098738e-01,3.243442513070289301e-01,-1.242950980830242608e-01,-3.761115331337414602e-01,-1.835783547075383049e-01,-3.739219804280798781e-02,1.440770365074399983e-01,1.253898744358550310e-01,2.799857008802895675e-01,2.471558157200947348e-01,2.717100853478707778e-01,2.680593413467983188e-01,-2.967112024665981562e-01,3.068278296617364398e-01,4.163367442691809361e-01,3.547075383171723328e-01,-1.741007194244604261e-01,-2.649805621341436157e-01,1.359533491219446777e-01,-2.242459448590196081e-01,-2.226238884668662599e-01,-1.437865856383216401e-01,-2.551007641092095102e-01,-3.432101523749944150e-01,-2.563117208096876709e-01,-3.252870995129362175e-01,-9.333303543500602595e-02,-1.599714017605791128e-01,-4.380892801286920962e-02,-7.670584029670673987e-02,-8.251485767907412727e-02,-2.442021538049063967e-01,6.849725188793065467e-02,-3.670405290674293164e-02,6.520845435452879424e-02,1.080387863622145755e-01,-2.223781223468430102e-01,-3.472854014924706134e-01,8.783234282139505689e-02,-1.109075472541221595e-02,2.246481076008758349e-01,2.423566736672773669e-01,-4.530586710755619279e-02,6.786272845077974403e-02,1.257428839537066134e-01,6.982885741096563070e-02,6.449349836900665489e-02,2.366951159569238849e-02,1.553822780285088745e-01,-1.799276107064658736e-01,4.702891103266454986e-01,3.930693954153447467e-01,-2.116269717145538298e-01,-3.666204924259350295e-01,5.060994682514857734e-02,-1.194646767058402947e-01,3.416327807319362031e-01,2.558157200947316912e-01,-8.727378345770588075e-02,-9.863264667768890936e-02,1.125385405960945551e-01,1.704052906742928586e-01,-1.967246078913267027e-01,6.372938915947987115e-02,-2.496849725188793057e-01,-1.573037222395996249e-01,-2.850574199025872613e-01,-6.118682693596675520e-02,-3.891013896956968532e-01,-4.227266633897850401e-01,-4.376558380624692712e-01,-4.124759819473613476e-01,-2.278788149604540070e-01,-2.865722328969123045e-01,-3.376111533133741571e-01,-1.046918986549890546e-01,-2.312346396174985441e-01,-4.447473077438670458e-02,3.013450109477635031e-01,2.628580365521247519e-01,6.384110103221769805e-02,-3.401849948612538366e-02,-3.372715492202511545e-01,-3.633182894678046448e-01,2.934894320568389933e-02,-4.128423968899414681e-02,-1.882166316636132153e-01,-1.796684391617140997e-01,-2.769516064167299452e-01,-3.817150006702712539e-01
-2.479333303543500566e-01,-3.742437106215648623e-01,-1.295276822020644258e-01,-1.485321059922248554e-01,5.166674114124849559e-01,0.000000000000000000e+00,-2.737074936324232488e-01,7.842173466195987222e-03,6.330488404307609285e-01,7.864247732248983436e-01,-7.455650386523079987e-02,-1.772197149113007714e-02,-1.849501765047589230e-01,7.680861521962553673e-02,5.206398856070423298e-01,4.858349345368425665e-01,-2.162697171455382206e-01,-1.802091246257652157e-01,-2.707046784932302663e-01,-3.404933196300102827e-01,3.226953840654184780e-01,5.199874882702533174e-01,-3.461727512400018109e-02,-4.212878144689217313e-02,1.681129630457124935e-01,4.901246704499754303e-01,5.715000670271236372e-01,4.812234684302247878e-01,-1.742883953706599875e-01,-2.186558827472183664e-01,-1.820590732383037536e-01,-1.537155368872603900e-01,-1.995799633585057520e-01,-1.795656642387953028e-01,1.987130792260601367e-02,1.861834755797846241e-01,3.436301890164886741e-01,1.968273828142454995e-01,3.776308146029760254e-02,2.663166361320881137e-01,1.364493498369006574e-01,1.887796595022118995e-01,-2.092542115376022083e-01,-3.851199785513204077e-01,-2.550650163099334455e-01,-3.915143661468341030e-01,-1.895839849859242976e-01,-2.264354975646811763e-01,-2.431654676258992731e-01,-3.026498056213414167e-01,-2.473792394655703886e-01,-3.298806917199160194e-01,-6.890835157960588375e-02,-3.037535189239912170e-01,1.426247821618481515e-01,-1.401269046874301927e-01,-3.255820188569641394e-01,-3.897761294070333782e-01,-1.475937262612270380e-02,1.517181286027078913e-01,-1.978149157692479509e-01,1.479065195048929748e-01,-3.347960141203807360e-01,-2.172706555252692240e-01,-1.493632423253943298e-01,-2.664998436033781670e-02,7.831449126413154993e-02,7.673711962107332418e-02,1.511193529648331146e-01,3.004557844407703682e-01,-8.172393762009026730e-02,-2.048348898520934713e-01,-3.935922069797578304e-01,-3.730014745967201173e-01,-2.377273336610215004e-01,-3.544617721971491386e-01,1.099646990482148479e-01,1.180660440591626142e-01,-3.656999865945752548e-01,-2.505697305509629325e-01,-8.935609276553911628e-02,8.260422717726439990e-02,3.056794316099915032e-01,2.102283390678761354e-01,6.848831493811162463e-02,-1.486214754904151281e-01,1.893158764913535075e-01,1.418427990526833216e-01,1.307386389025425588e-01,6.301890164886723988e-02,6.008311363331694799e-02,-6.385450645694625005e-02,8.646945797399348266e-02,1.620805219178694245e-01,-1.929532150676973867e-01,-3.101300326198668245e-01,-1.871933509093346437e-01,-3.448902989409714515e-01,-1.484829527682202110e-01,-7.955672728897626722e-02,9.830644800929442054e-03,1.858885562357567509e-02,-1.381384333526967378e-01,2.117610259618392388e-02,9.040171589436525601e-02,8.511104160150140263e-02,7.229992403592653410e-03,-7.446713436704052724e-02,-9.999553152509048359e-02,-1.550873586844809804e-01,2.622279815898833633e-01,4.819697037401134837e-02,8.324768756423432323e-03,-1.199606774207962884e-01,-1.375932794137360859e-01,-1.245944859019616630e-01
6.027078957951651494e-01,3.135573528754636019e-01,7.105634746860896023e-01,6.926091424996648760e-01,4.335761204700835925e-02,-2.737074936324232488e-01,0.000000000000000000e+00,5.357880155502926511e-01,3.677108003038562917e-02,-3.250502703427320395e-01,5.720362840162652729e-01,1.708744805397917690e-02,6.756602171678806057e-01,2.763170829795790762e-01,-2.496358192948746613e-01,-2.456454712006791996e-01,7.159837347513293981e-02,-1.885964520309218462e-01,2.551052325841190460e-01,1.513740560346753528e-01,-3.316725501586308411e-01,-4.320747129004870457e-01,4.858304660619330861e-01,3.789534831761919853e-01,1.524509584878680768e-01,5.004691898654988879e-04,-2.222351311497385851e-01,-7.120514768309575693e-02,3.622860717637070294e-01,-2.065999374413512724e-01,2.049331963001027879e-01,2.887171008534786809e-01,4.476250055855936494e-01,3.779078600473658178e-01,3.163367442691809028e-01,-2.881361991152419644e-01,-4.043835738862326390e-01,-5.332722641762366322e-01,-2.763215514544885565e-01,-4.616292059520085700e-01,-3.215782653380401257e-01,-4.073327673265114690e-01,2.452299030340944486e-02,3.087671477724652780e-01,3.667590151481299188e-01,2.218999955315250905e-01,-1.065060994682514861e-01,-1.836990035300951896e-01,1.249564323696322476e-01,1.578846239778363691e-01,2.563430001340542552e-01,2.849725188793064690e-01,-1.640377139282362950e-01,2.547745654408150595e-01,-4.004289735913132975e-01,-4.088163009964699279e-01,4.496000714955985522e-01,3.115376022163635628e-01,1.152777157156262555e-01,-3.002547030698422548e-01,6.444791992492961974e-01,2.700210018320747252e-01,1.691630546494481413e-01,5.792930872693149991e-02,6.501273515349211829e-01,4.404396979310961080e-01,2.938111622503239428e-01,1.303900978596005122e-01,-3.460163546181688199e-01,-4.024040395013182003e-01,3.411367800169802234e-01,5.090486616917645479e-01,5.328388221100138766e-01,3.817373430448188221e-01,2.899950846775995461e-01,1.477322489834219654e-01,1.016578041914294704e-02,2.383931364225390023e-02,6.569551811966575783e-02,1.235712051476830914e-01,-1.513606506099468285e-01,-1.576165154832655513e-01,-4.489163948344430111e-01,-4.546673220429867102e-01,-3.330354350060324431e-02,2.134679833772733237e-01,-4.802582778497698768e-01,-2.858438714866616270e-01,-3.104070780642566585e-01,3.868805576656687145e-02,-3.456678135752268011e-01,-1.525090486616917651e-01,-2.936011439295768133e-01,-1.941552348183565035e-01,1.199025872469726139e-01,4.029670673399168845e-02,-4.499307386389025248e-02,1.372983600697082196e-01,-2.479780151034451929e-01,-4.495017650475892634e-01,-4.027793913937173231e-01,-9.673354484114571328e-02,-2.152240940167121086e-01,-2.019840028598239301e-01,-6.683944769650118634e-02,-1.021001832074712873e-01,-2.486393493900531659e-01,-1.968810045131596520e-01,-1.885607042316457260e-01,2.625854595826444537e-01,-5.073193619017829503e-01,-2.868224674918450345e-01,-1.330130926314848638e-01,4.311631440189463149e-02,8.739890075517225965e-02,-1.484784842933107030e-01
3.211626971714554024e-01,3.660932123866124654e-01,2.194110550069261478e-01,7.583493453684257979e-01,-1.845480137629027136e-03,7.842173466195987222e-03,5.357880155502926511e-01,0.000000000000000000e+00,2.636712989856562217e-01,-8.361410250681441947e-02,2.967112024665981562e-01,2.406720586263908224e-01,2.722239599624647899e-01,3.984405022565798427e-01,-2.371240895482371880e-01,-1.374592251664506770e-01,-1.633361633674426938e-01,-2.829393627954778778e-01,1.275168684927834029e-01,1.344117252781625582e-01,-1.196344787524018100e-01,-2.641494258009741136e-01,1.993520711381205623e-01,2.039769426694669208e-01,8.856964118146476439e-02,8.732293668171053902e-02,-1.535189239912417847e-01,-9.020063452343715649e-02,2.643460386969926912e-01,-1.929800259171544630e-01,3.793735198176862583e-02,1.751150632289199816e-01,3.451628759104517497e-01,4.290093391125608946e-01,2.428705482818714068e-01,-2.178247464140488920e-01,-5.023772286518610741e-01,-3.806112873676214536e-01,-4.581437955225881598e-01,-3.484650788685821343e-01,-3.281379865052057587e-01,-2.056794316099914977e-01,-2.277939139371732424e-01,3.618124134232986178e-02,2.060949997765762487e-01,-6.177219714911300757e-02,-2.762858036552124918e-01,-3.593547522230662872e-01,-1.960900844541757782e-01,-9.903480941954510841e-02,-6.673667277358237560e-02,1.236829170204209322e-01,-1.209213995263416636e-01,1.830466061933062327e-01,-3.839939228741230393e-01,-5.566155771035345978e-01,1.532597524464900107e-01,2.748335493096206172e-01,-1.514812994325036855e-01,-2.308995039992850495e-01,4.119352964833102315e-01,5.410876267929755068e-01,4.035479690781536288e-02,2.564413065820635440e-01,2.863756200008936714e-01,4.011573350015639750e-01,3.004155681665847399e-02,1.430984405022565908e-01,-3.896331382099289531e-01,-3.628267572277581454e-01,5.794182045667813918e-01,6.537289423119889697e-01,4.017024889405245713e-01,4.353277626346128137e-01,2.567451628759104265e-01,8.502614057822065197e-02,2.027257696948031596e-01,2.327583895616426035e-01,2.564010903078779366e-02,2.289199696143706317e-02,-6.809508914607444174e-02,2.513829929844944022e-01,-2.073506412261495180e-01,-2.374592251664506826e-01,8.627284507797489121e-02,3.326868939630904243e-01,-4.033156083828589034e-01,-2.835292014835336660e-01,-8.614772778050851232e-02,-8.781446892175701069e-02,-2.351803029625988695e-01,-9.844497073148934796e-02,-1.268868135305420142e-01,-2.676527101300326117e-01,-1.564859913311586748e-01,-1.188927119174225805e-01,-1.560078645158407551e-01,-1.935296483310246229e-02,-4.727467715268778847e-01,-3.396934626212073649e-01,-3.367487376558380707e-01,2.855355467179051913e-03,-3.679833772733366315e-01,-2.956119576388578363e-01,1.989141605969882431e-01,1.121319093793288341e-01,-4.183833057777380793e-02,-3.854372402698958977e-01,-4.199606774207962911e-01,-1.818669288171946910e-02,-4.838866794762947676e-01,-3.200187675946199461e-01,-4.620849903927789354e-02,1.333661021493364185e-01,2.649090665355913754e-01,1.937530720765003045e-02
-4.183386210286429291e-02,-2.145448858304660755e-01,5.859511148844899486e-02,2.717279592475088310e-02,3.836632557308190528e-01,6.330488404307609285e-01,3.677108003038562917e-02,2.636712989856562217e-01,0.000000000000000000e+00,5.772912105098529922e-01,2.327628580365521116e-01,2.294293757540551426e-01,1.578175968541936647e-01,3.840922293221323836e-01,5.706421198444970866e-01,5.097770231020153364e-01,-9.516511014790651757e-02,-7.474864828633986935e-02,-5.182984047544573342e-02,-2.830421377183967024e-01,3.610527726886813421e-03,1.697082085884087654e-01,4.539523660574645847e-02,-1.546539166182581831e-02,8.798873944322802010e-02,3.654408150498235086e-01,4.426247821618481404e-01,5.222395996246480543e-01,5.019437865856383324e-02,-1.956298315384959186e-02,-1.086911836990035324e-01,-7.652263282541668654e-02,-1.522051923678448548e-01,-1.495643236963224432e-01,5.661110862862504811e-02,2.017516421645292393e-02,-1.584744626658921296e-01,-2.753608293489431813e-01,1.011528665266544502e-01,-8.056660261852630067e-03,-2.507752803968005817e-01,-1.418562044774118458e-01,-1.785691943339738075e-01,-1.068233611868269345e-01,-8.075874703963537016e-02,-2.888556235756736257e-01,-3.602573841547879741e-01,-4.912954108762679351e-01,-1.906072657402028692e-01,-2.954868403413914990e-01,-1.070914696813977385e-01,-2.217346619598730972e-01,-1.720273470664462345e-01,-2.275749586666070967e-01,1.777335895258948251e-01,-3.755172259707761917e-01,-2.091514366146834114e-01,-2.226417623665043199e-01,-1.210643907234460886e-01,-4.861253854059609247e-02,5.538674650341838396e-02,1.152866526654452856e-01,-1.175879172438446807e-01,-4.804057375217837822e-02,1.605299611242682889e-01,9.301577371643057757e-02,2.190044237901604129e-01,3.232494749541981599e-02,1.697886411367800219e-01,2.096429688547298831e-01,1.228339067876133839e-01,-7.607578533446535118e-02,-2.117654944367487468e-01,-2.007328298851601966e-01,-1.294606550784217214e-01,-4.207962822288752736e-01,5.142320925868001241e-02,-2.227087894901470105e-02,-2.059251977300147474e-01,1.168059341346798334e-02,2.384825059207292680e-02,1.529916439519192206e-01,9.313642253898744838e-02,2.837034720050046754e-02,3.228294383127038869e-01,4.726752759283256444e-02,3.702131462531838002e-02,-9.355645918048170750e-02,2.196970374011349980e-01,-2.575628937843513905e-02,-1.699361008087939620e-02,-1.876848831493811154e-01,1.781536261673890564e-01,2.536306358639796310e-02,1.416059698824791158e-02,-1.785960051834308837e-01,-5.187899369945037781e-02,-1.801376290272130032e-01,-1.635863979623754516e-01,-2.110550069261361017e-01,-3.011752089012020329e-03,-2.369632244514947167e-02,-2.140310112158720357e-01,-2.696545868894946185e-01,-1.122972429509808273e-01,-1.944948389114795062e-01,6.086062826757227505e-03,-1.576522632825416714e-01,6.042718620134947954e-02,-5.390768130836945393e-02,6.713436704052906656e-02,-1.278251932615398490e-01,5.481031324009115469e-02,1.999553152509048748e-01,1.799901693551990700e-01,1.393181107288082587e-01
-1.636132088118325278e-01,-2.051074668215737973e-01,-1.669422226194199887e-01,-2.249296215201751770e-01,3.880781089414183094e-01,7.864247732248983436e-01,-3.250502703427320395e-01,-8.361410250681441947e-02,5.772912105098529922e-01,0.000000000000000000e+00,-1.279324366593681539e-02,2.542294115018544076e-01,-1.537200053621698981e-01,2.597926627641986008e-01,7.045131596586085010e-01,8.217704097591491674e-01,-9.185843871486661094e-02,3.552437553063139426e-03,-6.656687072702087427e-02,-1.252915679878457422e-01,2.214397426158452031e-01,6.421019705974351233e-01,-3.541266365789356302e-02,-8.802895571741365006e-04,-4.744179811430358773e-02,2.807989633138209817e-01,8.174359890969211673e-01,6.397247419455739381e-01,-3.233075651280217788e-01,-9.845390768130836412e-02,-2.632736047187095307e-01,-2.100406631216765740e-01,-2.114124849188971922e-01,-1.683676661155547594e-01,-9.989275660217167285e-02,1.129496402877697842e-01,2.028062022431744160e-01,9.257786317529827225e-02,8.267125430090710436e-02,4.321864247732248865e-01,4.674918450332901654e-02,1.387595513651190826e-01,-2.568658116984673390e-01,-2.555342061754323213e-01,-3.078868582152911038e-01,-3.839715804995754711e-01,-3.570668930693954302e-01,-4.378167031592117842e-01,-1.636891728852942485e-01,-3.456544081504982491e-01,-2.334063184235220523e-01,-3.930783323651637629e-01,-3.461235980159971248e-01,-3.259841815988203106e-01,1.749676035569060206e-01,4.549801152866526921e-02,-2.488761785602573717e-01,-2.399034809419545167e-01,1.193663702578310060e-01,2.315921176102596069e-01,-2.827695607489164042e-01,6.546315742437106185e-03,-2.099334197238482413e-01,-7.311318646945796917e-02,-2.730997810447294283e-01,-2.281692658295723652e-01,8.200545153938960941e-02,2.482684659725635512e-02,2.254613700344072491e-01,4.188793064926940590e-01,-2.015192814692345624e-01,-2.506412261495151728e-01,-4.430984405022566075e-01,-3.896331382099289531e-01,-9.621073327673265729e-02,-2.025336252736940901e-01,7.872112248089727093e-02,1.230662674829080816e-01,-3.216497609365923660e-01,-1.625050270342731917e-01,-7.315340274364359741e-02,1.905044908172840723e-01,3.631038026721479794e-01,4.811609097814915637e-01,-1.740024129764511374e-02,-6.019482550605478183e-02,4.864828633987220430e-01,4.210822646230841237e-01,-3.950131820009830826e-03,1.418740783770499059e-01,-1.657446713436704078e-01,-1.588453460833817443e-01,5.742437106215648318e-02,1.943652531391036331e-01,-2.071719022297689727e-01,-3.916260780195719438e-01,-2.927655391214978309e-01,-3.108449886053890054e-01,-1.118235846105724157e-01,-4.043522945618660547e-02,5.829572366951159268e-02,1.544975199964252199e-01,-2.831270387416774392e-01,-4.376871173868358833e-02,-1.195317038294829888e-02,7.748335493096206519e-03,9.221591670762768755e-02,5.946199562089458934e-02,-1.341257428839537080e-01,-1.977121408463291541e-01,2.892309754680727485e-01,-8.094195451092542348e-02,-1.351311497385942195e-01,-1.081370928102238643e-01,-6.700924974306268767e-02,4.419321685508736074e-03
7.189016488672416161e-01,1.999106305018097385e-01,3.615398364538183196e-01,2.800571964788417523e-01,-6.977970418696098631e-02,-7.455650386523079987e-02,5.720362840162652729e-01,2.967112024665981562e-01,2.327628580365521116e-01,-1.279324366593681539e-02,0.000000000000000000e+00,4.322489834219581106e-01,8.383886679476294512e-01,6.142946512355332844e-01,9.900799857008803218e-02,2.114258903436257164e-01,5.167076276866705564e-01,1.089995084677599507e-01,4.933777201841011428e-01,2.066044059162607804e-01,-4.953706599937441335e-01,-2.628446311273961999e-01,1.320925868001251169e-01,9.893650297153581963e-02,-1.521202913445640903e-01,-2.135841637249206726e-01,5.343849144287055042e-02,3.278207247866303242e-01,6.418338621028643054e-01,1.108717994548460567e-01,1.498145582912552010e-01,1.063497028464185272e-03,2.115376022163635572e-02,3.302649805621341722e-02,-1.987979802493408943e-01,-5.974485008266678943e-01,-4.737387729567898442e-01,-7.259126860002681481e-01,-3.799544215559229332e-02,-5.599669332856695991e-01,-5.767907413199875322e-01,-6.137182179722060482e-01,-4.780374458197417242e-02,2.547298806917199232e-01,2.605031502748111905e-01,2.592028240761428126e-01,-8.028508869922695856e-02,-3.356048080790026145e-01,4.150051387461459185e-01,2.659323472898699747e-01,4.969122838375262252e-01,2.929532150676973923e-01,-1.475490415121319121e-01,1.839492381250279196e-01,-1.010992448277402977e-01,-4.110416015014075608e-01,5.368693864783948833e-01,8.881987577639752218e-02,2.885651727065552397e-01,-1.211895080209124675e-01,5.115867554403682460e-01,8.135752267751016065e-02,5.092452745877832365e-01,3.167791232852227301e-01,2.815586040484382435e-01,1.180392332097055241e-01,-2.599311854863934831e-02,-2.817596854193663569e-01,-9.857008802895571298e-02,-1.400017873899637999e-01,1.684704410384735562e-01,1.630591179230528598e-01,3.522856249162161224e-01,1.596452030921846343e-01,1.477635283077885497e-01,-1.129004870637651398e-01,-2.567317574511819300e-01,-2.787300594307162704e-01,1.170517002547030727e-01,2.072076500290450929e-01,1.841011662719513886e-01,8.762679297555744581e-03,-3.956834532374100544e-01,-3.917199159926716967e-01,3.594262478216184720e-01,2.463917065105679371e-01,-2.622503239644309314e-01,-2.363376379641628222e-01,-3.490772599311854629e-02,8.072299924035926388e-02,-3.119218910585817017e-01,-4.051253407212118685e-01,-1.571875418919522760e-01,-1.297600428973591236e-01,3.552124759819473843e-01,9.796684391617141441e-02,9.258680012511730228e-02,1.834174896107958475e-01,-2.113588632199830258e-03,-4.256222351311497176e-01,-8.043254837124089174e-02,-5.379596943563162009e-02,-1.083024263818758715e-01,-1.853880870458912422e-01,-3.399436972161401505e-01,-3.698199204611465896e-01,-2.131239108092408130e-01,-8.621922337906072487e-02,8.066490906653558945e-02,4.258277849769873669e-01,-3.320076857768443634e-01,-1.962375441261897391e-01,-5.328656329594709529e-02,1.307520443272711108e-01,2.158094642298583610e-01,1.272308860985745527e-01
2.940256490459806082e-01,3.748603601590776990e-01,-1.179498637115152654e-01,2.192680638098216950e-02,-1.998123240538004497e-01,-1.772197149113007714e-02,1.708744805397917690e-02,2.406720586263908224e-01,2.294293757540551426e-01,2.542294115018544076e-01,4.322489834219581106e-01,0.000000000000000000e+00,2.616962330756512634e-01,7.120559453058671329e-01,2.624916216095446453e-01,4.772688681353054463e-01,4.145046695562804584e-01,4.636668305107466970e-01,4.759238571875418766e-01,3.565128021806157621e-01,-2.058268912820054586e-01,2.422360248447204961e-02,2.442468385540015260e-02,9.777469949506233104e-02,-3.091916528888690174e-01,-2.723982304839358548e-01,1.937396666517717525e-01,2.432459001742705296e-01,2.726886813530541853e-01,4.712096161580052733e-01,1.554627105768801032e-01,1.177443138656776404e-02,-2.571607310424952123e-02,4.574377764868850504e-02,-4.113007730461593625e-01,-3.531837883730282734e-01,-3.062960811475043399e-01,-4.099110773493006565e-01,1.098217078511104228e-01,-9.974976540506724776e-02,-3.202511282899146439e-01,-2.423432682425488149e-01,-3.506501630993342222e-01,-6.748290808347111314e-02,-3.350462487153134383e-02,1.481835649492828089e-01,-3.113767371196210498e-01,-5.018678225121765424e-01,3.105500692613610836e-01,1.363555118638008767e-01,1.794762947406050302e-01,2.381697126770633208e-02,-3.873363421064390799e-01,-1.634657491398185669e-01,9.880691719915993265e-02,-1.121408463291478641e-01,2.299745296930157668e-01,2.347647347960141184e-01,8.279190312346396130e-02,1.704812547477545792e-01,-2.490281067071808269e-02,1.221636355511863808e-01,4.898520934804951321e-01,6.791813753965771916e-01,-1.964475624469368686e-01,-1.053308905670494594e-01,-2.980159971401760699e-01,-3.301532686893963175e-01,1.369542875016756811e-01,1.868001251172974608e-01,-5.734393851378524753e-02,-6.491800348541043597e-02,3.787926180794495140e-02,1.564368381071540304e-01,1.181286027078957968e-01,-1.574243710621564887e-02,-1.010009383797309951e-01,-2.767326511461638133e-02,1.449975423387997731e-01,2.241789177353769036e-01,2.588453460833817221e-01,3.638411010322177286e-01,-3.676661155547611415e-02,1.249474954198132176e-01,2.174270521471022011e-01,1.814468921757004249e-01,2.267304169087090704e-01,1.104651682380803496e-01,-1.001385227221949191e-02,-1.051878993699450343e-02,-3.995084677599535228e-01,-4.791545645471200765e-01,-1.354216006077125778e-01,-1.444747307743866893e-01,2.021761472809330273e-01,-1.202019750659100118e-03,9.599177800616649769e-02,2.289646543634657472e-01,1.035300951785155660e-01,7.332320479020509874e-02,1.200902631931721753e-01,9.315429643862549458e-02,-5.905089592921936026e-02,-2.828544617721971341e-02,-2.568211269493722027e-01,-2.887617856025738172e-01,-4.843826801912507612e-03,2.472764645426515917e-01,1.073014880021448680e-01,1.681531793198981217e-01,6.391706510567943256e-02,-2.533401849948612727e-01,-1.084498860538898046e-01,7.006568658116984864e-03,7.970865543589972235e-02,2.774297332320478926e-01
5.542785647258590132e-01,1.301130524152106782e-01,4.219178694311631617e-01,2.460029491934402901e-01,-6.262120738192054892e-02,-1.849501765047589230e-01,6.756602171678806057e-01,2.722239599624647899e-01,1.578175968541936647e-01,-1.537200053621698981e-01,8.383886679476294512e-01,2.616962330756512634e-01,0.000000000000000000e+00,5.291121140354796415e-01,1.184592698511997833e-01,2.700299387818937483e-02,3.647392644890298796e-01,7.317127664328164360e-02,3.643415702220831887e-01,3.333035435006032748e-02,-4.701148398051744892e-01,-3.138746145940390364e-01,2.909379328835068335e-01,8.678225121765940908e-02,4.195897940033066660e-03,-1.081058134858572800e-01,-7.980696188390902501e-03,2.162116269717145600e-01,5.131462531837883700e-01,4.787524018052638497e-02,1.074131998748827088e-01,4.812994325036865084e-02,1.952723535457348558e-02,-3.124357656731757346e-02,-4.270521471021940241e-02,-4.541445104785736819e-01,-5.111309709995978112e-01,-7.524867062871442025e-01,-9.741275302739174635e-03,-5.304973412574288671e-01,-5.628088833281200687e-01,-5.990571517940926904e-01,1.377675499352071231e-01,4.078645158407435689e-01,2.509093346440859906e-01,2.051164037713928134e-01,-9.559855221412931481e-02,-2.587827874346485535e-01,2.455918495017650471e-01,1.898744358550426836e-01,4.002457661200232164e-01,2.793467089682291626e-01,-6.728629518745252169e-02,2.126904687430180019e-01,-3.520264533714643346e-02,-4.041646186156664933e-01,3.529871754770096959e-01,7.505697305509630157e-02,1.227534742392421413e-01,-3.212878144689217397e-01,5.318781000044684459e-01,-8.166137897135707091e-02,2.910943295053398105e-01,7.587470396353725166e-02,4.523794628893158531e-01,2.136467223736538690e-01,1.757227758166138021e-01,-1.367889539300236879e-01,-1.034541311050538454e-01,-2.932794137360918985e-01,1.549041512131909271e-01,1.257384154787970776e-01,2.921399526341659780e-01,1.115241967916350135e-01,6.303677554850529996e-02,-2.097189329281916037e-01,-2.437240269895884492e-01,-3.144018946333616560e-01,1.145851021046516843e-01,3.272130121989365037e-01,9.357880155502926178e-02,-2.559542428169265735e-02,-4.084945708029849576e-01,-4.775325081549667283e-01,3.613566289825282385e-01,1.785021672103311030e-01,-3.226685732159613740e-01,-3.858215291121140367e-01,-2.590374905044908263e-02,3.918852495643236622e-02,-2.084007328298851658e-01,-1.950042450511640379e-01,-1.637249206845703409e-02,-5.699092899593368594e-02,3.263863443406765374e-01,5.539121497832789898e-02,9.003530095178514936e-02,1.466508780553197056e-01,-1.002949193440278858e-01,-3.855623575673622350e-01,-7.180392332097054742e-02,-1.482103757987398851e-01,-1.870324858125921585e-01,-3.655748692971089175e-01,-3.337503909915545686e-01,-3.454175789802940155e-01,-2.912864739264489078e-01,-2.252334778140220872e-01,7.001206488225568403e-02,4.066088743911702719e-01,-2.843201215425175121e-01,-2.283882211001385110e-01,1.074936324232539375e-01,2.740515662004557873e-01,3.500469189865498820e-01,1.677778274274989989e-01
