1.000000000000000000e+00,6.293578801555029800e-01,-2.844631127396219511e-02,3.489878904329952319e-02,-2.725412216810402799e-01,-3.698154519862371092e-01,1.494615487734036463e-01,2.462755261629205883e-01,-3.985790249787747319e-01,-5.110326645515885780e-01,4.179900799857008686e-01,5.430626927029804651e-01,3.140667590151481336e-01,4.593055989990615928e-01,4.808079002636400472e-03,-1.264444345145002147e-01,7.697439563876848911e-01,6.947540104562313079e-01,8.185799186737566790e-01,7.898833728048616498e-01,-1.027481120693507360e-01,-6.658027615174941238e-02,-2.794584208409669687e-02,6.675901514812994028e-03,-1.491040707806425558e-01,-1.573350015639662230e-02,-2.089056704946601617e-01,-2.995799633585057298e-01,7.493408999508467394e-01,6.606774207962822221e-01,3.878457482461236117e-01,2.195719201036686052e-01,6.484427364940346106e-01,6.349524107422136465e-01,-2.694892533178426253e-01,-3.116180347647348192e-01,-6.222798158988337297e-02,-1.463872380356584235e-01,-2.788819875776397672e-01,-5.931453594888064923e-02,-5.286652665445283616e-02,1.939809642968854664e-01,-3.799812324053800650e-01,-2.639260020554984321e-01,-5.692568926225479720e-01,-4.576299209079940922e-01,-4.803431788730506136e-01,-4.737923946557039967e-01,-4.574645873363420989e-01,-3.567630367755484921e-01,-2.531078242995665750e-01,-2.917601322668573194e-01,-4.526073551097010705e-01,-4.423298628178202740e-01,-5.530095178515572751e-01,-3.524733008624156838e-01,7.652397336788954174e-01,5.619375307207650216e-01,5.215157066893069682e-02,1.788685821529112097e-01,2.269851199785513085e-01,3.274409044193216656e-01,6.663166361320881359e-01,5.799186737566468519e-01,-4.056928370347200746e-02,-3.339291299879350999e-02,-1.329237231332946190e-01,-2.464855444836677179e-01,5.568121899995531754e-01,1.893516242906295999e-01,3.183162786540953415e-01,5.602573841547879574e-02,5.348049510701997633e-01,5.152732472407167696e-01,1.946914518074981115e-01,4.212878144689217313e-02,2.166316636132088191e-01,2.717637070467849303e-01,4.725278162563117390e-01,7.247061977746994677e-01,6.061441530005808875e-01,5.824076142812457668e-01,4.692077393985432665e-01,1.942311988918182242e-01,1.891371374949729622e-01,2.086062826757227873e-01,1.902363823227132544e-01,2.182135037311765391e-01,-2.509763617677286951e-01,-2.797265293355377658e-01,-4.881540730148800078e-01,-5.625139639840922579e-01,-3.450422270878948927e-01,-3.222127887751910502e-01,-4.823271817328745464e-02,-2.279279681844586514e-01,6.930157737164305276e-02,2.783413021135886303e-02,-4.265874257116046286e-01,-4.532016622726663391e-01,-3.469904821484427471e-01,-3.740783770499128691e-01,-1.455963179766745497e-01,-2.039546002949193526e-01,-1.178068725144108264e-01,-1.025246883238750684e-01,-3.184682068010188383e-01,-4.341570222083202674e-02,7.515527950310559036e-02,-2.688636668305107724e-01,-4.317797935564591794e-01,-4.800348541042941952e-01,-3.357924840252021759e-01,-1.250994235667366727e-01,2.514678940077751390e-01,-6.398856070423164510e-02
6.293578801555029800e-01,1.000000000000000000e+00,-1.811251619822154824e-01,6.081147504356763239e-02,-2.917824746414048875e-01,-3.669913758434246165e-01,-1.015952455426962775e-01,2.759998212610036417e-01,-4.586666070870011880e-01,-3.904866169176460233e-01,1.603467536529782356e-01,4.946601724831314884e-01,9.305152151570668384e-02,2.408999508467759842e-01,-2.676616470798516279e-01,-1.941954510925421040e-01,6.457750569730551504e-01,6.281067071808391633e-01,6.191697573618124562e-01,7.273917511953170711e-01,-1.909826176326019920e-01,-1.504982349524107421e-01,-2.190222976897984730e-01,-5.040439697931096280e-02,-2.428794852316904229e-01,-1.144063631082711530e-01,-1.932347289869967288e-01,-2.403682023325439121e-01,6.109343581035792115e-01,5.181732874569909830e-01,1.580052728003932261e-01,-2.630591179230528515e-02,3.821618481612225615e-01,4.278296617364493737e-01,-3.486348809151436634e-01,-3.244783055543143391e-01,-3.581080477233120063e-01,-3.795611957638858058e-01,-2.916126725948433585e-01,-2.647347960141203660e-01,4.800929442781178696e-02,1.705527503463067918e-01,-2.246659815005138672e-01,-5.313910362393314823e-02,-3.397828321193976375e-01,-1.004423790160418190e-01,-2.315295589615264382e-01,-1.508780553197193730e-01,-1.286965458688949515e-01,1.391036239331516072e-02,-6.620045578444076761e-02,4.218240314580633948e-02,-2.140444166406005599e-01,-7.303722239599624855e-02,-3.842218150945082566e-01,-7.855578890924527768e-02,6.824835783547075208e-01,7.935519907055721411e-01,1.062960811475043565e-01,2.325707136154430421e-01,3.173957728227355668e-02,2.093972027347066334e-01,4.865320166227266596e-01,4.571696679923142326e-01,-3.357656731757451274e-01,-1.736717458331471509e-01,-2.928012869207739510e-01,-2.380848116537825632e-01,7.145180749810089438e-01,4.780061664953751399e-01,3.544438982975110508e-01,2.745118191161356469e-01,4.848474015818401428e-01,5.400866884132445866e-01,3.081058134858572495e-01,2.613298181330711567e-01,4.145851021046517010e-02,1.048661691764600778e-01,2.609321238661244657e-01,5.523839313642253668e-01,4.882523794628892966e-01,5.011930828008400729e-01,2.500290450869118164e-01,2.942982260154609064e-01,-9.424013584163724519e-03,1.471066624960900848e-01,2.264310290897716682e-01,1.421377183967112157e-01,-3.505116403771392775e-01,-2.432503686491800377e-01,-2.361812413423298729e-01,-4.279056258099110943e-01,-1.463336163367442710e-01,-2.628446311273961999e-01,-2.658206354171321339e-01,-2.913847803744581966e-01,-6.892622547924392995e-02,-1.043522945618660380e-01,-2.054694132892443681e-01,-3.055498458376156301e-01,-1.663076991822690920e-01,-2.338710398141114477e-01,-1.689798471781580880e-01,-1.030117520890120181e-01,-9.826623173510880271e-02,1.106841235086464953e-02,-3.595915813932704652e-01,-7.250994235667367060e-02,-2.719066982438893623e-02,-2.632601992939809787e-01,-2.892443808928013005e-01,-2.533178426203137046e-01,-2.532776263461280486e-01,-4.455963179766745524e-02,1.223870592966620485e-01,-7.650029045086911665e-03
-2.844631127396219511e-02,-1.811251619822154824e-01,1.000000000000000000e+00,1.687519549577728983e-01,6.428213950578667291e-01,2.562759730104115508e-01,5.595111488448992754e-01,-3.914249966486438304e-01,4.342017069574154453e-01,2.784440770365074203e-01,3.694892533178426031e-01,-3.526296974842486054e-01,2.690334688770722460e-01,-2.301845480137628963e-01,5.267214799588900709e-01,2.483891147951204359e-01,-1.246347021761472773e-01,-1.358327002993878208e-01,6.935073059564770583e-03,-1.482550605478350214e-01,3.336520845435452798e-01,3.080655972116716490e-01,8.300415568166584768e-01,7.143035881853523339e-01,7.030430314133786496e-01,5.339827516868492774e-01,4.917601322668573305e-01,3.796103489878904225e-01,9.830644800929442054e-03,-1.633942535412663544e-01,6.209526788507082617e-01,6.349032575182090854e-01,3.300281513919299248e-01,1.920103668617900716e-01,7.408418606729523237e-01,5.462263729389159606e-01,3.546315742437106122e-01,1.663881317306403207e-01,2.133696769292640349e-01,3.600294919344028122e-01,-2.582555073953259894e-01,7.190669824388935816e-02,-1.487689351624290612e-01,-2.142186871620715971e-02,2.674829080834711242e-02,-2.367889539300236934e-01,-2.037490504490817311e-01,-2.350417802404039525e-01,-4.177130345413110346e-01,-3.370436569998659371e-01,-5.345502480003574419e-01,-5.772420572858483201e-01,-4.201528218419053329e-01,-3.044148532105992455e-01,-2.693060458465525442e-01,-4.130881630099647039e-01,8.668841324455963228e-04,-2.005674963135082034e-01,-4.602439787300594554e-01,-6.603020689038830993e-01,4.660172483131506949e-02,-1.203807140622905336e-01,2.430850350775280375e-02,-4.383663255730819164e-01,7.208945886768846067e-01,3.214039948165691163e-01,5.347021761472808832e-01,1.641226149515170596e-01,-2.653380401269047062e-01,-2.573618124134233187e-01,-7.319361901782921176e-02,1.674292863845569523e-01,1.197640645247776969e-01,5.660664015371554003e-02,-2.725948433799544324e-01,-1.762768667053934424e-01,1.895795165110147895e-01,7.330086241565753058e-02,7.134813888020018202e-02,1.489208633093525302e-01,1.548907457884624028e-01,1.586174538629965547e-01,9.410608159435185360e-02,1.184458644264712451e-01,5.802582778497699101e-01,9.893203449662629767e-03,2.827829661736449562e-01,1.363733857634389368e-01,1.286607980696188314e-01,2.071584968050404346e-02,-3.051298091961213710e-01,8.293936279547790835e-02,-2.963313820992894976e-01,1.547656284909960100e-01,-2.125340721211850525e-01,-2.987890432995218837e-01,-3.223245006479288355e-01,-2.944188748380177634e-01,-4.303900978596005289e-01,-3.674337548594664438e-01,-5.840698869475847710e-01,-6.337191116671879454e-02,-3.932436659368157561e-01,-4.017292997899816753e-01,-3.886321998301979774e-01,-3.434380445953795769e-01,-2.146074444791992442e-01,-3.218508423075204239e-01,4.694579739934760104e-02,-8.726931498279637267e-02,-3.302024219134009342e-01,-4.256177666562402373e-01,-4.431386567764422080e-01,-2.727244291523303055e-01,2.946557040082219969e-01,-1.107734930068367679e-01
3.489878904329952319e-02,6.081147504356763239e-02,1.687519549577728983e-01,1.000000000000000000e+00,4.656150855712945513e-02,2.731087179945484444e-01,4.939318110728808109e-01,4.876580722999240280e-01,-1.165869788641136773e-01,1.942892890656418986e-02,3.883328120112605752e-01,1.745207560659546853e-01,2.880378926672326756e-01,2.672282050136288722e-01,2.156754099825729520e-01,4.453148040573752242e-01,-8.153179319898118393e-02,-1.678806023504177958e-01,2.022074266052996117e-01,9.754680727467715529e-02,-6.983779436078466074e-02,4.736583404084185865e-04,3.744492604674024561e-01,5.165288886902900112e-01,-8.485633853165914023e-03,5.251351713660127457e-02,-2.816032887975334145e-02,-1.906698243889360517e-02,-4.665087805531972082e-02,9.747531167612494274e-02,1.627105768801108132e-01,2.873899638053532546e-01,2.077706778676437771e-01,3.193127485589168368e-01,1.217704097591491980e-01,1.079672907636623630e-01,-2.321685508735868431e-01,-1.179811430358818497e-01,-1.672058626390812708e-01,-4.046650878055319672e-02,-3.215380490638545252e-01,1.110103221770409737e-01,-1.127306850172036246e-01,-5.838062469279235028e-02,-1.208230930783323609e-01,-2.753072076500290288e-01,-2.046606193306224619e-01,-3.085750033513561807e-01,-2.845167344385361452e-01,-1.975512757495866689e-01,-2.189865498905223529e-01,-2.989141605969882209e-01,-1.807900263640019600e-01,-1.495285758970463508e-01,-3.669064748201438797e-01,-3.795790696635238382e-01,-2.151123821439742539e-02,-1.264399660395906788e-01,-3.141829393627954548e-01,-3.010054068546405004e-01,1.621386120916931128e-01,5.273738772956789722e-01,3.004155681665847399e-02,4.285267438223334252e-02,1.992716385897493059e-01,5.883060011618034268e-01,5.534206175432324765e-02,-2.164529246168282739e-02,-5.443496134769203187e-02,-1.657402028687608997e-01,2.006077125876938316e-01,-5.009607221055453752e-02,1.115107913669064754e-01,2.432235577997229614e-01,9.289959336878324259e-03,2.301264578399392097e-03,-2.019750659100049122e-03,2.744537289423119863e-02,1.144197685329996911e-01,-1.347692032709236348e-02,1.784798248357835349e-01,1.417310871799454808e-01,3.602484472049689163e-02,-6.113767371196210387e-02,4.233567183520264288e-01,2.292908530318602256e-01,-4.093123017114259216e-02,-6.601277983824120621e-02,-5.494883596228607170e-02,1.592296349255998833e-01,8.419947271996067184e-02,2.804414853210599259e-02,2.979132222172572453e-01,1.813217748782340599e-01,-1.334375977478886588e-01,-3.113231154207068974e-01,-1.925376469011126634e-01,-4.626569551811966496e-01,-2.533267795701327207e-01,-3.303945663345100314e-01,-1.977389516957862303e-01,4.295098083024263824e-02,-5.080745341614907318e-01,-5.020644354081952310e-01,-3.087224630233701417e-01,-2.684078823897403931e-01,-1.611019259126859893e-01,-2.565262076053442808e-01,-7.489163948344429445e-02,-2.352026453371464376e-01,-3.424996648643817698e-01,-3.912596630769918371e-01,-4.005674963135081867e-01,-4.043567630367755350e-01,2.798382412082756066e-01,3.802225300504937650e-02
-2.725412216810402799e-01,-2.917824746414048875e-01,6.428213950578667291e-01,4.656150855712945513e-02,1.000000000000000000e+00,4.497564681174315293e-01,2.554135573528754644e-01,-3.739130434782608758e-01,6.108807364046651145e-01,4.321149291746727017e-01,-2.941597032932660033e-02,-4.289199696143706220e-01,-9.085303186022609945e-02,-3.314089101389695591e-01,1.782429956655793291e-01,1.333973814737030306e-01,-1.964922471960320050e-01,-2.640064346038696885e-01,-2.857500335135618186e-01,-3.708208588408776207e-01,2.107332767326511591e-01,2.679967826980651502e-01,4.163680235935475205e-01,4.065016309933419669e-01,7.189597390410652489e-01,6.158630859287724801e-01,4.403503284329058354e-01,4.927163858974931698e-01,-1.312391080924080744e-01,-3.230528620581795685e-01,3.553956834532374098e-01,4.394074802269985480e-01,-8.192501899101836682e-02,-1.928102238705929616e-01,5.434961347692032207e-01,5.073193619017829503e-01,2.737655838062469371e-01,1.784440770365074425e-01,2.416685285312122899e-01,4.067563340631842328e-01,-1.552124759819473732e-01,-1.503418383305777650e-01,-1.155368872603780295e-01,-8.920863309352518311e-02,1.864247732248983380e-01,1.357522677510165747e-02,-4.010903078779212705e-02,-1.894186514142722974e-02,-1.232673488538361811e-01,-2.176147280933017625e-02,-2.575852361588989448e-01,-1.594619956208945810e-01,-1.913490325751820986e-01,8.177309084409491169e-02,-2.889315876491353394e-02,-5.224540864203047752e-02,-2.461816881898208076e-01,-1.522811564413065755e-01,-3.729880691719916208e-01,-3.236382322713258208e-01,-1.497922159167076328e-01,-1.549086196881004629e-01,-1.342061754323249367e-01,-4.088073640466508563e-01,4.258858751508110552e-01,2.072433978283211853e-01,3.997184860807006523e-01,2.619107198713079288e-01,-4.822467491845033316e-01,-2.837481567540998117e-01,-3.320479020510299639e-01,7.104875106126279372e-02,-1.529067429286384561e-01,-3.817373430448188221e-01,-3.893873720899057034e-01,-3.002055498458376381e-01,3.315608382858930159e-03,6.062826757227757907e-02,-8.733187363152955518e-02,-3.494347379239465430e-03,-8.682246749184503731e-02,-9.307833236516377395e-03,-2.662406720586263931e-01,-1.133652084543545352e-02,3.292551052325841110e-01,1.634657491398185669e-01,1.362214576165154956e-01,9.905715179409267657e-02,-3.116761249385584590e-02,2.636847044103847182e-01,-1.875284865275481383e-01,1.936279547790339117e-01,-2.703427320255596955e-01,2.140712274900576362e-01,-1.622279815898833855e-01,-3.320434335761204836e-01,-2.512444702622994575e-01,-2.033960409312301765e-01,-1.595603020689038698e-01,-1.614862147549041560e-01,-3.073104249519638675e-01,1.277313552884400683e-01,-1.809330175611063851e-01,-1.154341123374592187e-01,-4.230573305330890821e-01,-1.958577237588810804e-01,-1.601680146565976903e-01,-1.539255552080075196e-01,3.176191965682112484e-02,1.716788060235041949e-02,-1.206890388310469658e-01,-1.877876580722999122e-01,-1.260735510970105999e-01,-1.308369453505518580e-02,3.369676929264042026e-02,-8.307341704276330341e-02
-3.698154519862371092e-01,-3.669913758434246165e-01,2.562759730104115508e-01,2.731087179945484444e-01,4.497564681174315293e-01,1.000000000000000000e+00,1.887528486527548233e-01,-1.553107824299566619e-01,2.628267572277581676e-01,6.200411099691675032e-01,9.230528620581796018e-02,-3.819607667902944481e-01,8.399392287412306424e-02,-6.763930470530407635e-02,2.643460386969926912e-01,3.529156798784574556e-01,-2.999865945752714369e-01,-4.009160373564502611e-01,-2.997184860807006745e-01,-4.579203717771124782e-01,4.771437508378390674e-02,2.276911390142544456e-01,1.998882881272621703e-01,1.779838241208275551e-01,3.804906385450645967e-01,3.165378256401090162e-01,2.674695026587425861e-01,4.291567987845748000e-01,-2.548549979891863160e-01,-1.952678850708253200e-01,1.192501899101836571e-01,2.567451628759104265e-01,-2.491666294293757578e-01,-2.745028821663166307e-01,2.773537691585861720e-01,3.224496179453952283e-01,2.835470753831716983e-01,3.612538540596094694e-01,2.092318691630546401e-01,2.425666919880244965e-01,-1.537155368872603761e-02,-1.351132758389561594e-01,-3.846463202109120377e-02,-3.890254256222351603e-02,1.988292595737075064e-01,2.711917422583672022e-02,1.218776531569775168e-01,1.323204790205103065e-01,3.756200008936949608e-02,2.247642879485231820e-03,-2.345502480003574808e-01,-2.372179275213369687e-01,-5.510523258411904185e-02,-1.103266455158854326e-01,-1.276196434157022240e-02,-5.980606818892712090e-02,-3.331784262031368682e-01,-2.831851289155011275e-01,-3.205281737343044779e-01,-2.376513695875597521e-01,-1.862862505027034210e-01,9.673801331605523524e-02,-2.758702354886277130e-01,-3.291433933598462702e-01,2.083560480807900295e-01,3.326243353143572001e-01,1.706868045935922007e-01,1.527682202064435391e-01,-4.402877697841726667e-01,-3.635998033871039592e-01,-9.643862549711783305e-02,-1.719826623173510982e-01,-2.469904821484427415e-01,-2.249653693194512694e-01,-3.512980919612136432e-01,-3.100049153224004872e-01,2.021984896554805677e-02,1.274677152687787585e-01,8.045042227087895181e-02,-1.978953483176192074e-01,-1.692345502480003538e-01,-2.125072612717279485e-01,-1.517225970776173993e-01,-1.764332633272264195e-01,5.440815049823495564e-02,-3.359399436972161646e-02,-4.911747620537110920e-02,-1.365387193350909301e-01,5.235265203985879634e-02,2.025559676482416582e-01,1.102328075427856519e-01,1.257831002278922139e-01,1.267929755574422335e-01,1.241252960364627594e-01,1.181509450824433649e-01,9.559855221412931481e-02,9.457080298494123516e-02,-9.182715939050001969e-03,1.035345636534250879e-01,5.819741722150230390e-02,1.341614906832298004e-01,1.847222842843737334e-01,-3.443853612761964278e-02,-1.802582778497698740e-02,-1.427007462353098999e-01,-1.582286965458689076e-01,3.315161535367978918e-02,1.966173644934983700e-01,-1.076410920952678846e-01,2.566066401537155373e-01,4.539970508065597349e-03,5.490415121319093539e-02,1.648688502614057694e-01,7.870771705616873282e-02,1.144867956566423817e-01,-5.406854640511193130e-04
1.494615487734036463e-01,-1.015952455426962775e-01,5.595111488448992754e-01,4.939318110728808109e-01,2.554135573528754644e-01,1.887528486527548233e-01,1.000000000000000000e+00,1.854997989186290830e-01,4.969390946869833153e-02,-1.722150230126457890e-02,5.306626748290808049e-01,7.804638276956074594e-02,6.315429643862550124e-01,2.265784887617856014e-01,3.530720765002904327e-01,4.356137450288216639e-01,-3.317842620313687235e-02,-7.167880602350418240e-02,2.428392689575047947e-01,1.317619196568211304e-01,4.709772554627105617e-02,8.152732472407167585e-02,6.783368336386791375e-01,5.215067697394879520e-01,2.535367978908798503e-01,2.326377407390857466e-01,1.535367978908798448e-01,1.139595156173198037e-01,1.495687921712319512e-01,1.307118280530854826e-01,3.975914920237723083e-01,4.140354796907815271e-01,4.179632691362438202e-01,4.506859108986103202e-01,4.104115465391661721e-01,1.863711515259841855e-01,4.418427990526833243e-02,-1.188614325930559962e-02,1.603288797533401755e-02,2.254345591849501729e-01,-4.340587157603110202e-01,2.137763081460297698e-01,-1.846239778363644446e-01,-9.954421555922964016e-02,-2.944903704365700037e-01,-5.070199740828454926e-01,-3.885472988069171851e-01,-5.260109924482774257e-01,-5.742392421466553376e-01,-5.467849323026051644e-01,-4.826801912507261427e-01,-6.246972608248804182e-01,-5.032441127843066964e-01,-3.857142857142857317e-01,-5.240359265382724674e-01,-5.225926091424997200e-01,9.956655793377720831e-02,-6.921220787345279402e-02,-1.604003753518923880e-01,-5.016399302917914360e-01,5.015371553688725559e-01,3.723803565842978003e-01,2.491353501050091734e-01,-5.128468653648509540e-02,5.868090620671164714e-01,5.758032083649849975e-01,4.035747799276107051e-01,1.085303186022610472e-01,-1.938066937754144570e-01,-8.737655838062469149e-02,9.991063050180973293e-02,8.508869922695383448e-02,2.124134232986281678e-01,3.160820411993386925e-01,-1.663747263059117965e-01,5.146789400777514872e-02,1.224853657446713373e-01,-1.350373117654944319e-02,1.910675186558827565e-01,1.877831895973904042e-01,2.203941194870190912e-01,2.051744939452165017e-01,1.387238035658429902e-01,1.347513293712855886e-01,5.775280396800571703e-01,2.346306805487287095e-01,-1.167880602350417768e-01,1.492783413021135930e-01,-2.524241476384110269e-02,2.328522275347423842e-01,-2.590062111801242350e-01,5.704008221993833727e-02,-1.738683587291657215e-02,2.444211090754725424e-01,1.338755082890209606e-02,-3.016980204656151132e-01,-2.127038741677465539e-01,-3.210375798739890096e-01,-5.006255864873319084e-01,-4.829393627954778889e-01,-5.935519907055721855e-01,4.723624826846597319e-02,-6.453862996559274201e-01,-6.197774699495062212e-01,-4.931632333884445329e-01,-3.162875910451762862e-01,-3.808972697618303038e-01,-5.709325707136154726e-01,5.084230752044327506e-02,-3.244514947048572351e-01,-5.158898967782296063e-01,-6.471558157200947292e-01,-6.089012020197506203e-01,-5.761472809330175915e-01,3.459180481701595311e-01,9.489700165333571358e-02
2.462755261629205883e-01,2.759998212610036417e-01,-3.914249966486438304e-01,4.876580722999240280e-01,-3.739130434782608758e-01,-1.553107824299566619e-01,1.854997989186290830e-01,1.000000000000000000e+00,-4.596675454667322192e-01,-2.922069797578086825e-01,1.943205683900084968e-01,6.870012064882256020e-01,1.855891684168193279e-01,6.248313150721658271e-01,-2.532240046472138961e-01,5.585146789400777245e-02,1.647571383886679564e-01,7.402922382590822192e-02,3.360248447204968736e-01,3.614728093301756151e-01,-5.776933732517092190e-01,-4.754770096965905690e-01,-2.043031413378613992e-01,-1.166182581884802755e-01,-5.039590687698288773e-01,-2.549577729121050851e-01,-5.429152330309665597e-01,-3.270342732025559584e-01,2.222664104741051971e-01,3.737968631306134992e-01,-1.773627061084052103e-01,-1.665579337772018498e-01,8.536574467134366850e-02,3.130702891103266383e-01,-4.189373966665176918e-01,-4.258322534518968472e-01,-6.575941731087180386e-01,-3.331828946780464040e-01,-5.459001742705215099e-01,-2.780061664953751288e-01,-3.255060547835023632e-01,9.329281916082041159e-02,2.951427677733589605e-02,5.863532776263461616e-02,-2.073461727512400099e-01,-9.908396264354975280e-02,-1.283658787255909650e-01,-2.034049778810491926e-01,-1.306135216050761938e-01,-4.589123732070244342e-03,1.279100942848205857e-01,1.424549801152866502e-01,4.021627418562044538e-05,1.042495196389472273e-02,-1.830287322936681726e-01,-3.307565128021806161e-02,1.639170651056794381e-01,2.818713972921041977e-01,2.012779838241208208e-01,3.441440636310826862e-01,3.186067295232137275e-01,6.841771303454131647e-01,2.648420394119487264e-01,6.011796773761115542e-01,-2.579739934760266196e-01,2.374279458420840982e-01,-2.471692211448232590e-01,-1.770320389651012238e-01,1.977925733947003828e-01,1.748558916841681798e-01,3.326198668394477198e-01,-8.138433352696725076e-02,1.151168506188837704e-01,2.849546449796684366e-01,8.760891907591938921e-02,1.209794897001653380e-01,-1.768309575941731104e-01,-7.356897091022833457e-02,6.742928638455694679e-02,2.234237454756691707e-02,1.845077974887170957e-01,1.537915009607221106e-01,-8.525403279860584160e-02,-1.916975736181241452e-01,1.982215469860136581e-02,3.215961392376781580e-01,-3.369632244514946806e-01,-3.362750793154296591e-01,-1.270163993029179150e-01,7.754144510478573615e-02,5.186111979981232467e-02,-1.603020689038830993e-01,1.405156620045578397e-01,-9.574601188614326186e-02,5.628937843514008471e-02,-2.248000357477992761e-01,3.257518209035256164e-03,-2.359667545466732075e-01,-4.897895348317619219e-02,-2.308101345010947769e-01,-4.855891684168193306e-02,-6.609768086152195687e-02,-2.485365744671343691e-01,-3.390589391840564959e-01,-1.039590687698288551e-01,-7.515081102819608228e-02,-3.066937754144510309e-01,-2.845301398632646417e-01,-5.098529871754770015e-03,-9.555386746503417850e-02,-1.881764153894275871e-01,-2.448813619911524297e-01,-2.699584431833415010e-01,-3.228294383127038869e-01,7.127217480673846139e-02,2.396443093972027427e-01
-3.985790249787747319e-01,-4.586666070870011880e-01,4.342017069574154453e-01,-1.165869788641136773e-01,6.108807364046651145e-01,2.628267572277581676e-01,4.969390946869833153e-02,-4.596675454667322192e-01,1.000000000000000000e+00,3.737789892309754669e-01,-3.333750390991554458e-01,-5.072657402028687423e-01,-2.815228562491621789e-01,-4.490593860315474362e-01,3.868626837660306683e-01,9.647437329639393933e-03,-4.269359667545466475e-01,-3.164439876670092633e-01,-4.704097591492023556e-01,-4.737611153313374124e-01,3.573752178381518485e-01,2.463693641360203690e-01,2.323383529201483444e-01,2.737789892309754891e-01,5.988873497475312169e-01,5.931811072880825986e-01,4.788998614772778106e-01,4.597435095401939398e-01,-3.467581214531480494e-01,-4.189552705661557797e-01,1.932079181375396526e-01,3.203896510121095886e-01,-1.634434067652710265e-01,-2.211314178470887848e-01,5.656016801465659771e-01,4.935832700299387921e-01,2.467938692524241362e-01,6.952500111711872044e-02,2.999061620269002360e-01,3.693686044952857461e-01,5.530184548013762635e-02,-2.284418427990526912e-01,-1.357835470753831764e-01,-7.788551767281826077e-02,3.140354796907815493e-01,1.719513829929844861e-01,7.982036730863756313e-02,1.395772822735600327e-01,1.437061530899503940e-02,8.242101970597434657e-02,-2.144867956566423942e-02,-7.413199874882702399e-03,1.571562625675856917e-02,9.571026408686715559e-02,2.554582421019706007e-01,2.393315161535368094e-02,-2.836498503060905230e-01,-3.199472719960677614e-01,-4.168640243085035280e-02,-1.662987622324500758e-01,4.583761562178828575e-02,-3.393538585280843622e-01,-2.941194870190803612e-01,-5.109567004781268018e-01,3.918495017650475698e-01,4.044416640600562857e-02,4.512578756870280206e-01,2.751061262791009154e-01,-4.238705929666204963e-01,-1.344206622279816021e-01,-2.810000446847490951e-01,8.820769471379417970e-02,-2.168461504088654568e-01,-4.195629831538496002e-01,-4.091559050895929306e-01,-2.472183743688279312e-01,-2.940256490459806048e-03,-6.507440010724339918e-02,-1.765717860494213365e-01,-2.566066401537155373e-01,-1.371419634478752425e-01,-1.749631350819965125e-01,-2.671433039903480799e-01,3.086375620000893563e-02,2.222127887751910169e-01,-5.530631395504714137e-02,2.268197864068993361e-02,2.743196746950265705e-02,2.895035524375530467e-01,-1.816435050717190094e-02,-4.962241387014611899e-02,9.017382367398006637e-02,-2.495241074221368205e-01,4.986817999016935309e-03,8.726931498279637267e-02,-2.079404799142052784e-01,-1.447607131685955673e-01,-7.981143035881853309e-02,-5.143214620849904245e-02,-5.406854640511193130e-04,-1.268063809821707855e-01,-1.862907189776129291e-02,1.769069216676348241e-02,-4.571249832432190685e-02,-2.417847088788596388e-01,-1.984985924304034921e-01,9.316770186335403270e-02,3.211492917467268643e-02,1.837704991286474021e-01,6.521739130434782428e-02,1.890164886724161062e-03,5.670494660172483402e-03,-1.856204477411859191e-02,-3.146253183788372959e-02,-1.128423968899414653e-01,-1.462040305643683702e-01
-5.110326645515885780e-01,-3.904866169176460233e-01,2.784440770365074203e-01,1.942892890656418986e-02,4.321149291746727017e-01,6.200411099691675032e-01,-1.722150230126457890e-02,-2.922069797578086825e-01,3.737789892309754669e-01,1.000000000000000000e+00,-9.055811251619821922e-02,-3.368515125787568953e-01,2.932660083113633465e-02,-1.177040975914920296e-01,3.255820188569641394e-01,3.926359533491219356e-01,-4.337995442155592185e-01,-3.935341168059341421e-01,-4.287814468921756772e-01,-5.429286384556950562e-01,4.064524777693373503e-02,2.862862505027034543e-01,2.230483935832700271e-01,1.374949729657267972e-01,3.996738013316055160e-01,2.818758657670137335e-01,3.592966620492425989e-01,5.211314178470888292e-01,-3.700031279324366706e-01,-3.827740292238259179e-01,5.590062111801242552e-03,1.723803565842977892e-01,-3.572947852897805920e-01,-3.072746771526878029e-01,3.827695607489163820e-01,3.621341436167835881e-01,1.870548281871397267e-01,7.906966352383931751e-02,1.067295232137271538e-01,2.623843782117163403e-01,1.333839760489744820e-02,-1.160016086509674249e-01,1.653782564010903081e-02,-3.088609857455650379e-02,3.439117029357879884e-01,1.575271459850753064e-01,1.606327360471870858e-01,2.294651235533312350e-01,1.922248536574467093e-01,1.575450198847133387e-01,-9.827516868492783275e-02,-3.157871218553107845e-02,-7.448053979176906536e-02,4.783502390634076368e-02,1.995486840341391399e-01,1.515796058805129742e-01,-4.858125921622949983e-01,-3.672952321372715545e-01,-1.440546941328924302e-01,-2.006166495375128478e-01,-1.130702891103266411e-01,-1.344787524018052627e-01,-4.177666562402251871e-01,-4.708476696903347025e-01,2.318870369542875010e-01,1.194914875552973710e-01,1.270521471021940074e-01,3.290138075874703832e-02,-4.294070333795075856e-01,-2.255552080075070298e-01,-2.017248313150721561e-01,-9.197461906251395980e-02,-2.436212520666696524e-01,-2.986237097278698904e-01,-2.409044193216855201e-01,4.050225657982930300e-02,1.214531480405737530e-02,2.492515304526565084e-02,-3.739264489029894278e-01,-3.072121185039545788e-01,-2.969212207873452858e-01,-3.212118503954600190e-01,-3.114392957683542740e-01,-5.795611957638857614e-02,-6.279547790339157221e-02,-1.762589928057553823e-01,6.639706868045935906e-02,-8.275615532418786197e-03,1.127172795924750864e-01,3.119308280084007179e-01,7.073595781759684994e-03,2.833951472362482571e-01,2.988516019482550731e-02,2.753921086733098211e-01,-1.506546315742437192e-01,-1.268153179319898155e-02,-1.471111309709995929e-01,-1.975736181241342371e-01,1.676258992805755299e-01,9.319451271281112281e-02,8.083917958800661274e-02,2.753742347736717333e-01,-3.253943429107645363e-02,1.267706331828946827e-02,-1.307743867018186790e-01,-1.137584342463917042e-01,-2.114482327181732915e-02,1.999553152509048748e-01,-2.192725322847312308e-01,2.595826444434514713e-01,6.612449171097904699e-02,1.490057643326332670e-01,1.874703963537244777e-01,5.891684168193395826e-02,-2.443808928012869072e-02,-1.096742481790964757e-01
4.179900799857008686e-01,1.603467536529782356e-01,3.694892533178426031e-01,3.883328120112605752e-01,-2.941597032932660033e-02,9.230528620581796018e-02,5.306626748290808049e-01,1.943205683900084968e-01,-3.333750390991554458e-01,-9.055811251619821922e-02,1.000000000000000000e+00,2.865275481478171682e-01,7.153938960632736377e-01,4.151883462174359996e-01,3.544483667724205866e-01,3.374279458420840760e-01,2.549264935877385008e-01,2.010188122793690468e-01,4.248223781223468554e-01,2.717368961973278263e-01,-1.650744001072433909e-01,-1.218106260333348262e-01,4.762009026319317107e-01,3.395236605746458913e-01,-3.948344430046025338e-02,3.588185352339246653e-02,2.051476830957594047e-02,-1.778631752982706982e-01,3.510612627910094097e-01,2.915724563206577580e-01,3.286831404441664106e-01,3.022833906787613656e-01,3.564636489566110900e-01,3.662049242593503062e-01,6.170963850037981813e-02,-1.513070289110326760e-01,6.157111577818490805e-02,1.233165020778408394e-01,-1.900308324768756330e-01,-7.613387550828902561e-02,-2.759640734617275215e-01,1.571428571428571397e-01,-1.485097636176772873e-01,-7.663434469815451344e-02,-2.847490951338308429e-01,-4.377228651861119757e-01,-2.660932123866124321e-01,-4.155905089592921708e-01,-4.320568390008490134e-01,-3.997810447294338210e-01,-4.112382143974261384e-01,-5.219848965548058439e-01,-3.966263014433173972e-01,-4.172974663747263113e-01,-4.481076008758210771e-01,-3.755574422449617922e-01,2.216497609365923327e-01,-1.425443496134769098e-03,-1.841950042450511693e-01,-3.274319674695026494e-01,2.384691004960007021e-01,3.676527101300326450e-01,3.091067518655882806e-01,1.708521381652441939e-01,3.292551052325841110e-01,3.765941284239688880e-01,-1.750301622056392101e-02,-2.818579918673756457e-01,5.989990616202690160e-02,-2.133830823539925869e-01,2.730997810447294283e-01,-6.393493900531747876e-02,2.770320389651012016e-01,3.590955806783144855e-01,-2.280262746324679402e-02,6.893069395415345191e-02,8.566066401537154873e-02,-2.003664149425801039e-02,2.863488091514366229e-01,3.278698780106349964e-01,3.330264980562134269e-01,3.568747486482863329e-01,4.174270521471021844e-01,9.210420483488984678e-02,4.309039724741945410e-01,1.262344161937530851e-01,1.041154653916618322e-01,3.144018946333616144e-02,3.947897582555073837e-02,2.293668171053219601e-02,-1.868984315653067496e-01,-1.422226194199919524e-01,-4.346485544483667807e-02,-1.094776352830778912e-02,-8.617007015505608047e-02,-1.512221278877519115e-01,-7.174583314714687299e-02,-2.312167657178604840e-01,-3.229277447607131757e-01,-3.642656061486214680e-01,-2.975155279503105543e-01,-1.258009741275302740e-01,-3.412574288395370803e-01,-4.116403771392823652e-01,-2.300996469904821595e-01,-2.817150006702712206e-01,-1.230796729076366197e-01,-2.231332946065507916e-01,-7.982930425845659317e-02,-1.868760891907591815e-01,-3.592921935743330630e-01,-4.103757987398900520e-01,-4.006881451360650437e-01,-2.862326288037892463e-01,3.993431341883015295e-01,3.632870101434380276e-03
5.430626927029804651e-01,4.946601724831314884e-01,-3.526296974842486054e-01,1.745207560659546853e-01,-4.289199696143706220e-01,-3.819607667902944481e-01,7.804638276956074594e-02,6.870012064882256020e-01,-5.072657402028687423e-01,-3.368515125787568953e-01,2.865275481478171682e-01,1.000000000000000000e+00,3.503239644309397161e-01,7.391214978327896867e-01,-2.415076634344698048e-01,5.820635417132132700e-02,4.563698109835113148e-01,4.052996112426828779e-01,5.671209616158005007e-01,5.798114303588185470e-01,-4.779927610706465879e-01,-2.598373475132937371e-01,-2.053800437910541232e-01,-2.562983153849591189e-01,-4.853255283971580347e-01,-2.514723624826846748e-01,-5.138656776442199758e-01,-4.249564323696322643e-01,5.132847759059833148e-01,5.711693998838196507e-01,-7.028017337682648802e-02,-1.212163188703695438e-01,2.481522856249162023e-01,4.060369096027525715e-01,-4.817328745699092640e-01,-5.572501005406854668e-01,-4.257518209035256462e-01,-4.266052996112426610e-01,-4.451762813351802794e-01,-2.575003351356182080e-01,-1.363287010143438005e-01,1.789400777514634222e-01,-1.405648152285624841e-01,-1.034228517806872472e-01,-3.524062737387729793e-01,-1.691988024487242614e-01,-1.622503239644309259e-01,-2.371955851467894005e-01,-2.026676795209794990e-01,-3.112739621967022807e-02,-1.083158318066044026e-02,8.362303945663344951e-02,-1.962017963269136189e-01,-5.448411457169668320e-02,-3.022610483042137974e-01,3.926002055498458571e-02,3.332588587515081247e-01,4.265427409625094923e-01,2.937083873274051737e-01,3.478350239063407456e-01,3.124223602484472173e-01,5.469145180749810375e-01,4.176370704678493140e-01,7.127887751910273462e-01,-3.039501318200098501e-01,2.890656418964207552e-02,-3.781089414182939312e-01,-3.460565708923544204e-01,3.481165378256401155e-01,1.744224496179453965e-01,3.068725144108315761e-01,7.203628401626524513e-02,2.927521336967692789e-01,4.074400107243397740e-01,2.259975870235488571e-01,2.508110281960767018e-01,-4.255775503820546229e-02,7.310424951963895301e-02,6.789400777514634222e-02,3.743554224943027031e-01,2.797890879842709899e-01,3.178783681129630501e-01,4.866169176460074380e-02,4.963581929487465710e-02,-8.703695428750167495e-02,2.872246302337012613e-01,-1.321685508735868375e-01,-2.854908619688100585e-02,-1.756378747933330375e-01,3.644934983690066577e-02,-2.121676571786049459e-01,-3.110907547254121996e-01,-1.409044193216855145e-01,-1.961749854774565427e-01,-1.411099691675231360e-01,-2.316278654095357270e-01,-1.118101791858438776e-01,-2.002859823942088613e-01,-1.567585683006390007e-01,-3.177085660664015210e-01,-1.817150006702712428e-01,-1.168148710844988669e-01,-1.971178336833638578e-01,-2.069037937351981826e-01,-1.853165914473390297e-01,-3.030519683631976297e-02,-4.206622279815898646e-01,-1.536574467134367017e-01,6.334956879217122638e-02,-2.205460476339425324e-01,-2.408105813485857394e-01,-3.385361276196434122e-01,-3.286027078957951542e-01,-2.415523481835649411e-01,1.848250592072925580e-01,1.155949774342017039e-01
3.140667590151481336e-01,9.305152151570668384e-02,2.690334688770722460e-01,2.880378926672326756e-01,-9.085303186022609945e-02,8.399392287412306424e-02,6.315429643862550124e-01,1.855891684168193279e-01,-2.815228562491621789e-01,2.932660083113633465e-02,7.153938960632736377e-01,3.503239644309397161e-01,1.000000000000000000e+00,4.512400017873899882e-01,3.630323070735957947e-01,4.665355914026542705e-01,1.294695920282407653e-01,1.240135841637249187e-01,2.916082041199338781e-01,2.283345994012243585e-01,2.125206666964565144e-02,1.182849993297287600e-01,4.984762500558559406e-01,2.468519594262478245e-01,-9.263148487421242819e-03,1.951382992984494399e-02,-1.025514991733321446e-02,-9.071004066312168129e-03,2.905759864158362626e-01,2.468519594262478245e-01,1.788149604539970572e-01,1.626301443317395845e-01,3.836096340319049003e-01,4.558425309441887507e-01,1.886947584789311350e-01,-1.585370213146253260e-01,1.611019259126859893e-01,-6.586085169131775108e-02,-2.250770811921891032e-02,8.325662451405335673e-02,-6.768845792930872074e-02,2.803923320970552746e-01,-1.682068010188122742e-01,-1.138924884936771131e-01,-3.829795790696635116e-01,-5.757629920907993970e-01,-4.081728406094999873e-01,-4.899906162026900214e-01,-5.265159301130524216e-01,-5.521068859198355883e-01,-4.988203226238884791e-01,-5.689575048036105143e-01,-5.888154073014879586e-01,-4.756065954689664421e-01,-5.183252156039144243e-01,-4.570624245944859276e-01,6.315295589615264882e-02,-2.231109522320032235e-02,-4.468474909513382850e-04,-3.969167523124357833e-01,5.298404754457303190e-01,3.541176996291166001e-01,2.591894186514142606e-01,4.970731489342687659e-02,4.607489163948344513e-01,3.996559274319674837e-01,1.339023191384780265e-01,-1.712140846329147925e-01,2.056392153358058833e-02,-1.034809419545109216e-01,1.159256445775056904e-01,-1.555029268510657375e-03,2.654229411501854430e-01,4.455963179766745386e-01,7.802404039501317778e-02,2.758389561642611287e-01,1.165020778408329266e-01,-4.474283926895750163e-02,1.818133071182805316e-01,2.398811385674069485e-01,2.439161714106975187e-01,2.396532463470217589e-01,3.686938647839492211e-01,2.656016801465659882e-01,4.065820635417132234e-01,1.259350283748156829e-01,7.446266589213101916e-02,1.845882300370883522e-01,1.036149962017963305e-01,1.418651414272308897e-01,-3.315429643862549680e-01,-6.269270298047276146e-02,-7.185307654497520569e-02,1.022878591536708487e-01,-1.515706689306939477e-02,-1.605478350239063490e-01,-8.121899995531525751e-02,-2.547879708655436115e-01,-3.762455873810268692e-01,-3.834219580857053389e-01,-3.791858438714866830e-01,-3.849591134545779503e-02,-4.298717547700969810e-01,-5.077885517672818816e-01,-3.327762634612806414e-01,-2.742883953706600209e-01,-2.630635863979624012e-01,-3.003664149425800955e-01,-1.554805844765181633e-01,-2.719111667187988912e-01,-4.361857098172393643e-01,-4.987890432995218948e-01,-4.300862415657535909e-01,-4.620537110684123649e-01,3.846686625854595643e-01,3.997944501541624007e-02
