1.000000000000000000e+00,6.202287859153671201e-01,4.927566021716788258e-01,6.568747486482863218e-01,-3.911390142544349802e-01,-4.515751374056034551e-01,4.374547566915411578e-01,1.528844005540908879e-01,-2.550248000357477896e-01,-1.671075561910719820e-01,3.887260378032977304e-01,2.253809374860360204e-01,4.570847669690334958e-01,2.006702712364270003e-01,1.560748916394834318e-01,-1.669913758434246331e-01,-2.332990750256937196e-02,8.726484650788686459e-02,5.452879932079180980e-01,4.621162697171455336e-01,4.314759372626122969e-02,2.126994056928370458e-02,3.059207292551052171e-01,3.184369274766521984e-01,-2.396353724473836988e-01,-3.879619285937709328e-01,-2.254747754591358011e-01,-2.624514053353590448e-01,1.762813351803029643e-02,-1.496581616694222239e-01,-2.990571517940927015e-01,-2.806202243174404365e-01,-2.465570400822199304e-01,-5.706242459448590543e-02,-1.520398587961928616e-01,9.916886366683051734e-02,-2.604674024755351258e-01,-9.540640779302024532e-02,3.218195629831538396e-02,-3.476473479601411860e-03,2.582197595960498693e-01,3.375932794137360970e-02,-3.308637562000089627e-01,-3.671969256892622657e-01,-2.007328298851601966e-01,-2.255954242816926580e-01,-3.291478618347558061e-01,-3.598999061620268836e-01,-1.988069171991599382e-01,-1.358148263997497607e-01,-1.801957192010366915e-01,-1.720854372402698951e-01,-3.027615174940792575e-01,-2.303409446355958734e-01,-3.296885472988069221e-01,-3.407212118503954446e-01,5.229054023861655631e-01,4.637830108583940181e-01,1.538138433352696788e-01,2.698288574109656279e-01,4.971357075830019068e-01,2.916439519192099983e-01,2.752938022253005323e-01,6.934179364582868099e-02,6.788060235041780410e-02,-1.027749229188078088e-02,-2.981545198623709592e-01,-2.390276598596898783e-01,2.673443853612761933e-01,1.339514723624826709e-01,5.987756378747933084e-04,7.649582197595961031e-02,-1.471602841950042373e-01,-1.083962643549756522e-01,-3.528039680057196703e-01,-2.416998078555789020e-01,-1.541579159033021895e-01,-1.396934626212073816e-01,9.688994146297869037e-02,-7.718396711202465954e-02,-2.246302337012377748e-02,-1.836632557308190694e-01,8.198757763975154933e-02,-2.366057464587336193e-02,1.497430626927029884e-01,-4.639170651056793993e-02,2.745162875910451827e-01,2.336967692926404105e-01,4.303141337861388083e-02,1.493364314759372535e-01,-2.931721703382635380e-01,-2.119397649582197563e-01,-1.429465123553331218e-01,-2.251128289914652025e-01,-1.200902631931721753e-01,-3.463470217614728064e-01,-2.741364672237365241e-01,-3.731489342687340782e-01,-2.069350730595647878e-02,-1.720854372402698951e-01,-5.368425756289378625e-02,6.667858259975870117e-02,-1.775771929040618480e-01,-1.893426873408105837e-01,-1.213414361678359227e-01,-2.193753072076500277e-01,-1.737789892309754558e-02,1.484740158184011671e-01,-8.729165735734394083e-02,-1.397247419455739659e-01,-2.529469592028240621e-01,-2.421466553465302374e-01,-1.222664104741051916e-01,-2.382054604763394201e-01,-9.229634925599893014e-02,-1.260690826221010641e-01
6.202287859153671201e-01,1.000000000000000000e+00,3.707359578175968284e-01,6.135260735510970065e-01,-3.203092184637383322e-01,-2.321283345994012148e-01,2.030340944635595779e-01,3.125698199204611505e-02,-2.152598418159882010e-01,9.115688815407301405e-04,1.709102283390678823e-01,-8.727378345770588075e-02,5.487287188882434413e-02,-1.392823629295321559e-02,-9.584878680906206219e-03,-3.983645381831180804e-02,-8.897180392332097731e-02,3.217614728093301513e-01,3.663434469815451955e-01,3.992895124893873771e-01,-1.412484918897180357e-02,-8.702354886277313684e-02,1.606148621475490534e-01,1.539300236829170276e-01,-1.606372045220966216e-01,-2.524733008624156505e-01,-1.403816077572724308e-01,-2.335761204700835536e-01,2.311408016443987634e-01,-8.164797354662853279e-02,-1.937217927521336924e-01,-3.362393315161535390e-01,-1.685508735868448127e-01,-3.350015639662183575e-02,-9.847625005585593227e-02,1.793645828678671825e-02,-2.708968229143393636e-01,-2.214442110907547390e-01,-8.364091335627150958e-02,-6.348362303945663532e-02,3.017471736896197299e-01,-1.621162697171455239e-02,2.498771169399883682e-02,-2.389740381607757119e-02,2.064658831940658634e-01,1.888913713749497403e-01,-5.136065060994682296e-02,-2.646230841413825530e-02,5.914920237722864904e-02,1.976585191474149739e-01,-6.814424237007908614e-02,-2.201170740426292363e-02,-4.391349032575181943e-01,-4.800437910541132114e-01,-1.490504490817284033e-01,-1.320076857768443523e-01,5.731087179945484333e-01,7.737968631306135769e-01,2.691675231243576549e-01,2.991599267170114707e-01,3.452388399839134703e-01,8.661244917109790775e-02,3.513338397604897634e-01,-7.335895258948120501e-02,-6.192859377094597773e-02,-2.083158318066044012e-01,-3.278520041109968947e-02,-3.917511953170382810e-02,2.040216274185620571e-01,1.047053040797175927e-01,-1.053755753161445957e-01,-1.889673354484114609e-01,-2.281513919299343052e-01,-8.527637517315339588e-02,-4.406318423522052052e-01,-3.781402207426605155e-01,-3.977121408463291652e-01,-2.816658474462666040e-01,6.029760042897359257e-02,-3.942088565172706394e-02,-3.142231556369810830e-02,-1.688502614057822149e-01,9.409267616962330161e-02,-1.997855132043433457e-01,-1.478171500067027196e-02,-4.134545779525448106e-01,1.523660574645873400e-01,1.248849367710800351e-01,-1.351266812636847114e-01,-9.905268331918316849e-02,-6.155949774342016623e-01,-6.155905089592922375e-01,-3.468251485767907538e-01,-5.935609276553912572e-01,-1.876580722999240392e-01,-3.569998659457527257e-01,-1.169712677063318301e-01,-2.588185352339246736e-01,1.473792394655704108e-01,-7.859153670852138396e-02,3.755306313955047298e-02,1.341927700075964125e-01,-1.118906117342151063e-01,-2.685642790115733702e-01,-5.853702131462532043e-02,-2.053264220921399430e-01,-3.353590419589794203e-02,1.819026766164708042e-01,-7.785423834845167645e-02,-1.395683453237410165e-01,-3.054783502390633898e-01,-3.183341525537334293e-01,-1.981589883372804894e-01,-3.789713570758300176e-01,-1.915188346217436000e-01,-1.260109924482774035e-01
4.927566021716788258e-01,3.707359578175968284e-01,1.000000000000000000e+00,3.881406675901514780e-01,-2.630814602976004335e-01,-3.294472496536932082e-01,6.022699852540327470e-01,-2.243844675812145251e-01,-3.578399392287412439e-01,-3.189954868403414023e-01,-1.193082800840073333e-03,-1.424415746905581259e-01,1.889226506993163246e-01,-1.744001072433978283e-01,1.539836453818311801e-01,-3.424371062156486012e-01,-2.144778587068233711e-01,2.515751374056034509e-03,1.288395370659993766e-01,1.099021403994816515e-01,-8.916841681933955488e-02,8.437821171634121709e-02,6.300102774922918814e-01,5.495107019974082574e-01,4.151213190937932951e-02,-2.624692792349970771e-01,-1.192770007596407333e-01,-5.492649358773850354e-02,-1.528441842799052597e-01,-3.329415970329326346e-01,-2.610036194646767060e-01,-3.558782787434648376e-01,-3.571205147683095826e-01,-2.759238571875418655e-01,2.900665802761517309e-01,1.336163367442691763e-01,-4.060503150274811374e-02,-9.347602663211046492e-02,6.825595424281692691e-02,-4.144957326064614006e-02,2.687028017337682595e-01,-7.731802135931006847e-02,-2.355779972295455466e-02,-4.143169936100808692e-02,7.174136467223736491e-02,3.204343357612046694e-02,6.666517717503016305e-02,-1.282452299030340968e-03,9.623307565128021157e-02,1.820814156128513217e-01,-4.096697797041869843e-02,4.665087805531972082e-02,-4.238884668662585287e-01,-3.556771973725367797e-01,-3.877742526475713714e-02,-1.272442915233031047e-01,3.981992046114661288e-01,3.010411546539166205e-01,8.933821886590107009e-02,1.464319227847535598e-01,3.239912417891773755e-01,-1.050180973233835330e-01,1.473568970910228426e-01,-3.410474105187899507e-01,4.251441083158318257e-01,-3.811609097814915980e-03,4.064077930202422001e-02,-1.012332990750256928e-01,-1.859421779346709103e-01,-2.654765628490995955e-01,-9.330622458554894971e-02,-1.248089726976183006e-01,-8.422628356941776195e-02,-1.180928549086196905e-01,-2.129272979132222077e-01,-4.393404531033558158e-02,-1.373787926180794483e-01,-1.638634434067652579e-01,4.840252021984896291e-02,-9.472273113186469029e-02,-3.818311810179186166e-02,-8.014209750212251959e-02,1.041512131909379385e-01,-6.854640511193529906e-02,3.261941999195674402e-01,-6.375173153402743931e-02,2.934760266321104760e-01,4.321238661244917179e-01,2.001876759461995725e-02,1.688636668305107391e-02,-3.304660619330622717e-01,-2.601456722820501555e-01,-2.010947763528307675e-01,-1.002457661200232414e-01,1.922784753563608687e-02,-3.061575584253094506e-01,-1.294964028776978381e-02,-2.059386031547432994e-01,-4.825952902274453717e-04,-4.885383618570982023e-02,-2.225792037177711236e-01,2.429509808302426216e-02,-1.100406631216765685e-01,-1.061843692747665158e-01,1.528218419053577019e-03,-1.522632825416685154e-01,1.727065552526922676e-02,5.361723043925108179e-02,-1.253898744358550310e-01,-1.393493900531748431e-01,-1.239823048393583205e-01,-1.326064614147191567e-01,-2.853478707717055918e-01,-2.625273694088207654e-01,-4.888511551007641148e-02,-1.399526341659591659e-02
6.568747486482863218e-01,6.135260735510970065e-01,3.881406675901514780e-01,1.000000000000000000e+00,-4.163367442691809361e-01,-3.737655838062469149e-01,5.561776665624023064e-01,4.243174404575718039e-01,-1.525313910362393333e-01,-2.931766388131730808e-02,4.153983645381831291e-01,2.567943160999150987e-01,2.827695607489164042e-01,3.514812994325036688e-01,-7.630814602976004890e-02,3.606059251977300137e-03,-2.297868537468162053e-01,-1.338308235399258278e-02,4.714330399034809549e-01,5.115956923901872067e-01,4.622190446400643166e-02,-7.056615577103535208e-02,3.059922248536574574e-01,4.041020599669332691e-01,-1.719156351937083937e-01,-2.169891416059698819e-01,-2.813530542026006498e-01,-3.586174538629965380e-01,1.862281603288797605e-01,7.949863711515259279e-02,-1.351266812636847114e-01,-1.211895080209124675e-01,-1.460297600428973608e-01,1.008981634568121843e-01,-9.903034094463560033e-02,2.175030162205639217e-01,-2.958666607087001021e-01,-1.369498190267661730e-01,-1.886143259305599063e-02,-7.189776129407032985e-03,3.025336252736940956e-01,1.549309620626480311e-01,-3.837034720050047087e-01,-3.920997363599803553e-01,-2.060100987532955119e-01,-1.730863756200008985e-01,-3.820501362884847207e-01,-3.716296527994995547e-01,-2.586934179364582809e-01,-5.192367844854550718e-03,-2.131373162339693372e-01,-3.683810715402832670e-02,-3.111488448992358880e-01,-3.458286786719692585e-01,-2.533848697439564090e-01,-2.111086286250502819e-01,2.088833281201125935e-01,3.950668036998972177e-01,3.255373341078690030e-01,4.870190803878636232e-01,4.553778095535993553e-01,3.930336476160686265e-01,3.010858394030117499e-02,1.730461593458152703e-01,1.402252111354394815e-01,1.571696679923142159e-01,-2.822467491845033205e-01,-1.452164976093659188e-01,1.980383395147236325e-01,8.167031592117610095e-02,9.960677420796282266e-02,9.266723267348854487e-02,-2.457661200232360774e-02,1.270208677778274231e-01,-3.138701461191295561e-01,-3.196612896018589112e-01,-1.286071763707046789e-01,1.203807140622905475e-02,-1.717413646722373566e-01,-3.617945395236605854e-01,-2.307788551767281926e-01,-3.406586532016622759e-01,-9.285937709459761435e-02,-1.060815943518477189e-01,-1.424460431654676340e-01,-1.324411278430671635e-01,3.310246212967514479e-02,1.231064837570937098e-01,-9.294427811787836502e-02,8.771169399883819995e-02,-3.806068188927119178e-01,-4.052906742928638617e-01,-2.051923678448545618e-01,-3.841771303454131203e-01,-2.036060592519773060e-01,-3.245944859019616602e-01,-1.174091782474641354e-01,-2.225568613432235554e-01,1.525671388355154257e-01,-6.938647839492381730e-02,6.384556950712722001e-02,1.837973099781044783e-01,-4.273202555967648558e-02,-1.021984896554805899e-01,1.560078645158407551e-01,-8.034764734796014107e-02,4.043076098127709045e-02,1.440412887081639060e-01,7.872559095580677901e-02,-5.235265203985879634e-02,-1.398543277179498667e-01,-1.408016443987667073e-02,-1.943786585638321556e-03,-1.939496849725188821e-01,-8.488314938111622687e-02,-6.259886500737298076e-02
-3.911390142544349802e-01,-3.203092184637383322e-01,-2.630814602976004335e-01,-4.163367442691809361e-01,1.000000000000000000e+00,7.555118638008847531e-01,-3.465525716073104001e-01,-6.647750122883060164e-02,7.227490057643326526e-01,5.000759640734617761e-01,-1.927029804727646567e-01,-9.038384199472719593e-02,-2.162473747709906524e-01,-1.045131596586085232e-01,2.411546539166182501e-01,3.578712185531078283e-01,-6.912730685017203294e-03,-8.066490906653558945e-02,-3.711113097099959512e-01,-2.933240984851869793e-01,1.915769247955672605e-01,2.672147995889003202e-01,-1.168818982081415575e-01,-1.708387327405156697e-01,4.869565217391304546e-01,5.458108047723312373e-01,4.055498458376156079e-01,3.451137226864471330e-01,-2.001429911971044362e-01,-3.818311810179186166e-02,1.196746950265874243e-01,5.670494660172483402e-03,7.198266231735109266e-02,-2.143080566602618628e-02,2.671522409401670961e-01,3.089503552437553036e-02,3.390187229098708399e-01,1.974306269270298120e-01,2.274543098440502120e-01,2.123910809240805997e-01,-1.108047723312033661e-01,-1.645247776933732586e-01,-4.173555565485499372e-03,2.722641762366504251e-02,-1.075115063228919976e-01,-1.763796416283122670e-01,-2.642656061486214902e-02,-2.147102194021180410e-02,3.522498771169400161e-02,-1.816390365968095222e-01,1.253764690111265068e-01,-1.702622994771884335e-01,1.888377496760355601e-01,-2.382590821752535865e-02,1.380669377541444975e-01,-1.421779346708968161e-01,-1.114214218687162028e-01,-1.741007194244604261e-01,-6.857768443630188338e-02,-2.007551722597077648e-01,-1.427811787836811286e-01,-1.293087269314982801e-01,-7.233120336029312536e-02,-3.229813664596273282e-02,2.227400688145136087e-01,2.022878591536708404e-01,2.287814468921756939e-01,1.278207247866303131e-01,-2.918763126145046960e-01,-1.581482639974976512e-01,-2.095133830823539822e-01,-2.900040216274185623e-01,-1.523839313642254001e-01,-2.637249206845703742e-01,7.416327807319361698e-02,7.537423477367174995e-02,-1.693105143214621022e-02,-1.449394521649760847e-01,1.313284775905983366e-02,1.804504222708789574e-01,1.454086420304749883e-01,2.242682872335671762e-01,2.510880736404665359e-01,2.224138701461191303e-01,1.483578354707538183e-01,6.399749765405067514e-02,5.128021806157558732e-02,-7.807766209392734413e-02,-6.357299253764690794e-02,-2.708432012154251556e-01,1.205058313597569125e-01,8.328790383841994105e-02,9.148755529737701009e-02,1.049734125742883967e-01,1.863085928772509892e-01,1.522588140667590073e-01,-3.026944903704365669e-02,-4.059162607801956868e-02,-9.868179990169355376e-02,-3.504178024040394829e-02,4.622190446400643166e-02,4.705750927208543488e-02,9.861924125296037125e-02,1.558201885696411937e-01,1.031189954868403369e-01,2.595022118950802148e-01,4.464453282094821285e-02,7.306850172036284674e-02,1.467536529782385302e-01,-8.246123598015997480e-02,-1.645203092184637506e-01,-1.352339246615130164e-01,-1.208141561285133447e-01,-5.559676482416551352e-02,-7.974887171008535058e-02,1.801510344519415552e-01
-4.515751374056034551e-01,-2.321283345994012148e-01,-3.294472496536932082e-01,-3.737655838062469149e-01,7.555118638008847531e-01,1.000000000000000000e+00,-3.438670181866929076e-01,4.088654542204745584e-02,6.067608025380937242e-01,5.327137048125474283e-01,-1.862505027034273286e-01,4.841592564457750797e-02,-1.730148800214486859e-01,5.666919880244872254e-02,1.136601277983824154e-01,4.246078913266901900e-01,-1.175208901202019762e-02,4.139595156173198065e-02,-3.704678493230260661e-01,-2.616426113767371109e-01,1.555610170248893920e-01,1.782876804146744654e-01,-1.474730774386701915e-01,-7.208543724026988953e-02,4.635551186380088562e-01,5.691228383752625630e-01,3.399436972161401505e-01,3.057241163590866395e-01,-1.109120157290316849e-01,3.037222395996246396e-02,2.174538629965592773e-01,2.271102372760177013e-01,1.639617498547745744e-01,2.139952634165959156e-01,2.214933643147593834e-01,2.210331113990794960e-01,2.575182090352562403e-01,1.025023459493275002e-01,1.465972563564055531e-01,3.710174717368962261e-02,-1.635685240627373915e-01,-1.489163948344429944e-01,-6.395728137986504691e-02,-3.841101032217704436e-02,-1.744671343670405328e-01,-2.061530899503999370e-01,-1.230394566334510054e-01,-1.235399258233165071e-01,-8.478037445819741613e-02,-2.162965279949952968e-01,3.732963939407480530e-02,-2.191206041378077618e-01,2.353813843335269551e-01,1.057643326332722705e-01,1.545377362706108482e-01,-9.382009920014298954e-02,-2.068635774610125544e-01,-1.419545109254211623e-01,-1.145448858304660561e-01,-1.672818267125430192e-01,-1.766834979221591773e-01,-1.360203762455873891e-02,-6.288931587649135291e-02,1.046516823808034263e-01,1.373787926180794483e-01,2.325394342910764578e-01,6.095446624067205749e-02,3.970239957102640604e-02,-3.477054381339648725e-01,-2.511997855132043211e-01,-2.832253451896867835e-01,-3.118950802091246532e-01,-1.651816435050717236e-01,-2.640555878278743607e-01,1.086509674248179042e-01,1.196746950265874243e-01,1.077215246436391272e-01,1.747173689619732628e-02,6.988694758478930860e-03,2.571696679923142215e-01,1.476518164350507090e-01,2.791813753965771694e-01,3.776754993520711062e-02,1.549041512131909271e-01,3.866571339201930330e-02,4.527011930828008651e-02,-6.115554761160016395e-02,-1.360427186201349503e-01,-4.653916618258188698e-02,-1.285267438223334502e-01,2.027927968184458640e-01,5.101657804191429141e-02,1.329594709325707114e-01,2.105545377362706000e-02,1.225881406675901480e-01,2.704946601724831368e-01,9.386925242414763393e-02,-2.103757987398900686e-02,-7.382367398007060044e-02,1.781580946422985784e-02,7.260824880468295939e-02,-7.325617766656240815e-02,7.240716743375485986e-02,1.342240493319629968e-01,5.506501630993342056e-02,1.448322087671477798e-01,5.880959828410563250e-02,-1.286563295947093233e-01,1.541445104785736653e-01,7.382367398007060044e-02,-1.031770856606640113e-01,1.626524867062871527e-02,-1.946020823093078458e-02,-1.211403547969078232e-02,-1.042137718396711210e-01,1.443183341525537400e-01
4.374547566915411578e-01,2.030340944635595779e-01,6.022699852540327470e-01,5.561776665624023064e-01,-3.465525716073104001e-01,-3.438670181866929076e-01,1.000000000000000000e+00,3.838062469279234779e-01,-1.292461682827650837e-01,-1.115063228919969673e-01,4.477501228830599866e-01,3.015103445194154963e-01,5.765449751999642825e-01,1.935519907055721911e-01,1.368961973278519928e-01,-8.394476965011841985e-02,-4.649001295857723565e-02,-9.680057196478841774e-02,3.760757853344653401e-01,3.963492559989275632e-01,-2.600205549845837488e-02,-7.200500469189866082e-02,6.282050136288485076e-01,4.211492917467268282e-01,-2.992984494392064015e-02,-2.586487331873631446e-01,-2.306894856785379200e-01,-2.849323026051208685e-01,1.620447741185933321e-01,6.333169489253318019e-02,-6.108852048795745948e-02,-7.624558738102685251e-02,-1.731042495196389586e-01,8.587515081102820025e-02,2.455695071272174790e-01,3.846686625854595643e-01,-2.449260467402475661e-01,-2.188346217435989116e-01,-9.283703472005004620e-02,-7.503016220563921146e-02,1.642924169980785609e-01,8.592877250994236313e-03,-3.868671522409401486e-01,-3.456141918763125931e-01,-2.251396398409223065e-01,-2.096474373296393912e-01,-3.433754859466464082e-01,-3.885338933821886331e-01,-3.030117520890120431e-01,-1.696188390902185206e-01,-4.522141293176638599e-01,-2.137226864471155896e-01,-4.718262656955181100e-01,-2.774207962822288764e-01,-4.549622413870146320e-01,-3.803699897225076842e-01,-1.851289155011394752e-02,-8.469994190982617355e-02,-6.636578935609276086e-02,4.321462084990392721e-02,4.796639706868046082e-01,3.917601322668572972e-01,-4.279905268331918311e-02,1.501496939094686955e-01,5.428079896331382548e-01,3.038339514723624735e-01,-2.483846463202109001e-01,-2.396800571964788351e-01,-3.620358371687742993e-02,-1.558201885696411937e-01,2.670181866928817427e-01,3.063184235220519080e-01,1.766209392734259809e-01,1.806157558425309506e-01,-1.554493051521515790e-01,2.866526654452835124e-02,2.431252513517136726e-01,2.224272755708476823e-01,-2.574288395370660093e-02,-1.848429331069306181e-01,-1.639394074802270063e-01,-1.796952500111711759e-01,-1.791366906474820275e-01,-1.539836453818311732e-02,-1.071316859555833528e-01,4.811653782564010579e-02,-1.565708923544394393e-01,1.193842441574690522e-01,-1.695205326422092040e-01,1.267706331828946827e-02,-1.303096653112292835e-01,-2.146789400777514567e-01,-1.462531837883730354e-02,2.319138478037445668e-03,-7.846641941105500506e-02,-1.169891416059698763e-01,-1.269002189552705662e-01,-1.548684034139148347e-01,3.647616068635774894e-02,-7.311318646945796917e-02,-2.222306626748290770e-01,9.299789981679253137e-02,-1.701059028553554564e-01,-1.981679252870995056e-01,9.057598641583627930e-02,-8.974931855757629917e-02,7.083426426560614220e-02,2.225747352428616155e-01,3.219089324813441400e-02,-1.960766790294472470e-02,1.054426024397873002e-01,1.559676482416551269e-01,6.805487287188882739e-02,-5.268778765807229786e-02,1.979087537423477317e-01,7.448053979176906536e-02
1.528844005540908879e-01,3.125698199204611505e-02,-2.243844675812145251e-01,4.243174404575718039e-01,-6.647750122883060164e-02,4.088654542204745584e-02,3.838062469279234779e-01,1.000000000000000000e+00,3.737655838062469149e-01,5.826846597256356564e-01,5.535591402654274074e-01,6.669198802448724761e-01,4.897448500826667717e-01,6.157960588051297757e-01,1.508199651458957125e-01,6.368470441038474039e-01,2.750793154296438461e-02,-1.737566468564278876e-01,3.112337459225166247e-01,4.144153000580901858e-01,-8.011975512757495491e-03,-1.454220474552035403e-01,1.312837928415031830e-01,1.985343402296796053e-02,5.853702131462531306e-04,7.621877653156977628e-02,-1.227490057643326332e-01,-4.731712766432816242e-01,2.889405245989543625e-01,4.749899459314536054e-01,7.069574154341123906e-02,1.864694579739934743e-01,1.651995174047097836e-01,4.464185173600250245e-01,-1.379686313061352088e-01,2.894856785379150144e-01,-4.059564770543813150e-01,-2.026676795209794990e-01,-2.296259886500737202e-01,-2.170695741543411106e-01,-1.041601501407569616e-02,9.218016890835158128e-02,-6.894588676884578771e-01,-6.417310871799455363e-01,-4.816524420215380631e-01,-4.842173466195987541e-01,-7.221546986013673841e-01,-6.784396085615979066e-01,-5.720318155413557371e-01,-5.926359533491218912e-01,-5.567228205013629028e-01,-5.625273694088207543e-01,-1.652888869029000285e-01,-1.158988337280486142e-01,-4.852942490727914504e-01,-4.532195361723043714e-01,-3.229366817105321918e-01,-2.201170740426292571e-01,-1.156709415076634384e-01,1.302113588632199809e-02,3.500156396621832977e-01,7.930113052415210806e-01,-1.830555431431252489e-01,6.952991643951919043e-01,2.367308637562000051e-01,3.686223691853970363e-01,-5.564055587827874128e-01,-4.695115956923902045e-01,7.069127306850171710e-03,-9.539300236829170720e-02,4.181464766075338457e-01,4.293936279547790336e-01,2.479333303543500566e-01,3.515930113052415096e-01,-2.426381875865767090e-02,-5.637874793333035733e-02,3.482461235980159886e-01,3.884489923589078963e-01,-2.112471513472451989e-01,-2.986907368515125949e-01,-1.552080075070378373e-01,-2.251083605165556945e-01,-8.880200187675946211e-02,1.962017963269136189e-01,-2.133786138790830789e-01,9.611242682872335463e-02,-2.886143259305599118e-01,-3.018901648867241549e-01,-1.208007507037847927e-01,1.546986013673533160e-02,8.741677465481031972e-02,-6.919880244872425590e-02,1.586710755619107072e-01,1.929040618436927632e-02,-1.306716117788998544e-01,6.975289333750391008e-03,-1.252156039143840216e-01,-1.059520085794718319e-01,2.428392689575047947e-01,8.356941775771929704e-02,6.756334063184235572e-02,2.233120336029313091e-01,-4.262478216184815982e-02,-6.090531301666741310e-02,1.630099646990482154e-01,5.591849501765047692e-02,-4.697707672371419924e-02,5.233477814022074320e-02,4.462219044640064469e-02,1.908932481344117332e-02,7.750569730550962988e-02,3.258099110773493012e-01,3.777782742749899447e-01,3.994369721614013380e-02,2.253407212118503922e-01,1.639662183296840825e-01
-2.550248000357477896e-01,-2.152598418159882010e-01,-3.578399392287412439e-01,-1.525313910362393333e-01,7.227490057643326526e-01,6.067608025380937242e-01,-1.292461682827650837e-01,3.737655838062469149e-01,1.000000000000000000e+00,7.325751820903525502e-01,1.465927878814960450e-01,5.663345100317261627e-02,5.071272174806738114e-02,9.819473613655659017e-02,3.187184413959515683e-01,6.214710219402117541e-01,-2.552392868314044480e-02,-1.803297734483221004e-01,-1.754501988471334761e-01,-1.333973814737030306e-01,1.267304169087090648e-01,1.332499218016890974e-01,-1.644666875195495703e-01,-2.764243263774073811e-01,3.131775325081549433e-01,4.182224406809955664e-01,2.588766254077483620e-01,1.054202600652397320e-01,1.963001027749229285e-02,1.057151794092676123e-01,5.389427588364091581e-02,1.719469145180749919e-02,4.363018901648867132e-02,9.093793288350686399e-02,1.051074668215737917e-01,4.787077170561686995e-02,9.307386389025425200e-02,6.173198087492738628e-02,1.552705661557710337e-01,1.571562625675856917e-02,-9.030787792126546837e-03,-9.552258814066759418e-02,-2.338308235399258195e-01,-2.398722016175879046e-01,-1.523347781402207557e-01,-3.039992850440144667e-01,-2.705661557710353216e-01,-2.935564591804816770e-01,-1.221904464006434571e-01,-3.308905670494660112e-01,-1.116090978149157642e-01,-3.202868760891907640e-01,9.830644800929443409e-05,-1.764824165512310639e-01,-4.213771839671120664e-03,-3.042673935385852846e-01,-2.223870592966620541e-01,-1.963671298985656122e-01,1.449573260646141483e-02,-9.127306850172035857e-02,7.945395236605747036e-02,1.769203270923633831e-01,-1.302471066624960871e-01,1.836006970820858730e-01,2.514634255328656587e-01,2.625139639840922134e-01,3.320523705259394859e-02,-3.055543143125251382e-02,-1.995442155592296318e-01,-1.181777559319004411e-01,-8.462844631127396100e-02,-5.955136511908485503e-02,9.987041422762410470e-03,-4.842486259439653107e-02,-3.772286518611198125e-02,-3.096653112292774464e-03,8.391795880066132973e-02,1.818222440680995408e-02,-1.546315742437106289e-01,-4.254434961347691724e-02,-4.052459895437687115e-02,5.716519951740470923e-02,3.778989230975467878e-02,1.236516376960543340e-01,-5.634300013405424412e-02,3.083694535055185593e-02,-1.179230528620581718e-02,-2.249072791456276088e-01,-2.796818445864426503e-02,-2.443093972027347016e-01,4.262478216184815982e-02,-1.043835738862326258e-02,1.112784306716117777e-01,1.069440100093837914e-01,9.092899593368783395e-02,1.971491130077304699e-01,4.346485544483667807e-02,4.472496536931944849e-02,8.272934447473077879e-02,-2.560436123151168652e-03,1.713123910809240813e-01,2.399124178917735328e-01,1.397783636444881461e-01,1.744537289423119808e-01,1.649135350105009057e-01,2.690915590508959343e-01,4.260690826221010669e-02,-2.687787658072299940e-02,2.535457348406988665e-01,1.839671120246659866e-02,-1.321372715492202532e-01,5.751374056034675580e-02,1.379865052057732688e-02,-1.322936681710532303e-01,-8.663479154564547591e-02,2.501407569596496572e-01
-1.671075561910719820e-01,9.115688815407301405e-04,-3.189954868403414023e-01,-2.931766388131730808e-02,5.000759640734617761e-01,5.327137048125474283e-01,-1.115063228919969673e-01,5.826846597256356564e-01,7.325751820903525502e-01,1.000000000000000000e+00,1.484069886947584904e-01,2.019169757361812534e-01,8.199651458957057937e-02,1.929442781178783706e-01,2.739041065284418264e-01,8.864158362750793607e-01,-8.301085839403012090e-02,-1.081549667098619244e-01,-1.109120157290316849e-01,-1.204253988113856803e-02,-1.943339738147370141e-02,1.760132266857321673e-02,-8.715760311005853189e-02,-2.725680325304973284e-01,2.972295455561017041e-01,4.193574333080119509e-01,1.075293802225300438e-01,-1.251038920416461808e-01,9.482550605478350103e-02,1.883149381116225041e-01,3.355377809553599516e-02,-1.702488940524599006e-03,1.240403950131819949e-01,1.914428705482818793e-01,2.682872335671835154e-02,1.400464721390589362e-01,-6.500290450869118664e-02,-1.894633361633674346e-03,-4.479199249296215296e-02,-1.795522588140667508e-01,2.219491487555297349e-02,-1.085750033513561835e-01,-3.943831270387416765e-01,-3.899950846775995239e-01,-2.345681218999955409e-01,-3.838241208275615657e-01,-4.421645292461682808e-01,-4.033513561821350235e-01,-2.202511282899146383e-01,-4.705393449215782842e-01,-2.217346619598730972e-01,-5.069976317082979245e-01,-1.049466017248313204e-01,-2.446668751954957644e-01,-2.290093391125608835e-01,-3.484918897180392383e-01,-1.305598999061620136e-01,-1.033647616068635727e-01,-1.256088297064212045e-01,-1.073327673265114662e-01,1.682738281424549787e-01,3.934402788328343337e-01,-8.789936994503776135e-02,3.123106483757093765e-01,2.984851870056749457e-01,2.983600697082086084e-01,-1.817194691451807509e-01,-2.515125787568702753e-01,-1.739130434782608647e-01,-1.687608919075919423e-01,-2.480003574779927802e-03,-7.775593190044237379e-02,-1.208320300281513909e-01,-6.481969703740113331e-02,-1.156396621832968402e-01,-1.727869878010634963e-01,8.848920863309352181e-02,3.238303766924349042e-02,-2.260958934715581459e-01,-7.280039322579204275e-02,2.760623799097368034e-02,3.917958800661334312e-02,2.138880200187675829e-01,2.040216274185620571e-01,7.807319361901783605e-02,-6.756334063184235572e-02,-8.534787077170562231e-02,-2.745654408150497994e-01,-1.054426024397873002e-01,-3.510791366906474975e-01,-4.145851021046517010e-02,-1.752848652754814829e-01,5.056973055096295605e-02,-4.455516332275794023e-02,1.492023772286518550e-02,1.726618705035971174e-02,-9.318110728808257082e-02,-1.320970552750346250e-01,1.015773716430582174e-01,5.383171723490772637e-02,1.228562491621609520e-01,2.370079092005898391e-01,4.424683855400152188e-02,8.329237231332945607e-03,1.346798337727333761e-01,1.948210375798739846e-01,-1.099110773493006815e-01,-6.680369989722507312e-03,7.567362259260913826e-02,-1.132534965816166944e-01,-1.389427588364091359e-01,1.062156485991331244e-02,7.002100183207471407e-02,-2.546583850931676829e-01,2.416551231064837518e-02,2.425756289378435127e-01
3.887260378032977304e-01,1.709102283390678823e-01,-1.193082800840073333e-03,4.153983645381831291e-01,-1.927029804727646567e-01,-1.862505027034273286e-01,4.477501228830599866e-01,5.535591402654274074e-01,1.465927878814960450e-01,1.484069886947584904e-01,1.000000000000000000e+00,6.098351132758389470e-01,7.229277447607131979e-01,6.547298806917198899e-01,3.429107645560570128e-01,1.964788417713034530e-01,1.348228249698378012e-01,-1.776710308771616287e-01,3.345010947763528142e-01,3.248491889718039261e-01,2.967961034898788930e-02,-3.587738504848295151e-02,8.100004468474909791e-02,-1.691317753250815362e-02,-3.646945797399347433e-01,-2.595737074936323996e-01,-2.820635417132132949e-01,-3.302783859868627103e-01,3.854551141695339300e-01,3.004602529156799040e-01,-1.633182894678046337e-01,1.262880378926672376e-01,-6.332275794271415015e-02,2.033424192323160240e-01,-3.445417578980293771e-01,-1.116225032396443023e-02,-3.812949640287769948e-01,-5.986415836275079533e-02,-2.579024978774744348e-01,6.209839581750748599e-02,2.214665534653022794e-01,2.997184860807006745e-01,-5.136511908485633660e-01,-4.814424237007909335e-01,-4.492828097770231177e-01,-4.210107690245319390e-01,-5.468206801018812291e-01,-4.780151034451941561e-01,-5.261629205952008670e-01,-2.990214039948165814e-01,-3.460521024174449400e-01,-2.387863622145761644e-01,-1.367800169802046439e-01,-1.462129675141874141e-01,-3.525716073104249726e-01,-3.364493498369006685e-01,-2.240716743375485986e-01,-1.033379507574064965e-01,8.348451673443853249e-02,3.063094865722328919e-01,5.007551722597077815e-01,5.414272308860985650e-01,-1.303811609097814961e-01,2.585191474149872715e-01,1.893158764913535075e-01,2.265069931632333888e-01,-4.433799544215559219e-01,-3.911926359533491326e-01,2.425800974127530207e-01,6.832744984136913946e-02,3.073774520756065720e-01,4.354841592564457908e-01,4.842486259439653107e-02,2.060860628267572325e-01,-2.907681308369453599e-01,-2.329326600831136407e-01,9.379775682559542138e-02,2.048751061262790996e-01,-9.089324813441172768e-02,-1.648956611108628734e-01,-1.815586040484382657e-01,-2.074221368247017305e-01,-9.651905804548907434e-04,2.341078689843156535e-01,-2.381652442021537919e-01,7.822959024085079927e-02,-1.154877340363733851e-01,4.995754948835961877e-03,1.695562804414853242e-01,8.677778274274990100e-02,-1.423924214665534538e-01,-4.228964654363465830e-02,1.301666741141248480e-02,-1.376737119621073389e-02,-1.113901425443496185e-01,1.052459895437687087e-01,-3.416015014075696188e-01,-3.395862192233790600e-01,1.236382322713257959e-01,-5.978819428928906776e-02,1.807721524643638999e-01,1.559274319674694986e-01,3.031860226104830455e-02,-6.803253049734125923e-02,2.149381116225032307e-01,1.054426024397873002e-01,-1.528218419053577019e-02,9.197908753742348176e-02,-6.809062067116493366e-02,-5.035077528039680339e-02,-1.609053130166674117e-01,2.046561508557129608e-02,1.716475266991375759e-01,-6.684838464632021637e-02,1.442915233030966637e-01,2.609499977657625536e-01
2.253809374860360204e-01,-8.727378345770588075e-02,-1.424415746905581259e-01,2.567943160999150987e-01,-9.038384199472719593e-02,4.841592564457750797e-02,3.015103445194154963e-01,6.669198802448724761e-01,5.663345100317261627e-02,2.019169757361812534e-01,6.098351132758389470e-01,1.000000000000000000e+00,6.839983913490326195e-01,8.980249340899950639e-01,2.768801108181777604e-01,3.689128200545153669e-01,1.378390455337593357e-01,-1.755395683453237488e-01,4.025693730729701936e-01,4.909692122078734289e-01,7.145538227802851472e-02,-6.275526162920595785e-02,2.278520041109969030e-01,2.723267348853836145e-01,-5.593636891728853006e-02,3.061352160507618825e-02,-2.016667411412484956e-01,-3.525135171366012843e-01,1.509763617677286618e-01,4.756334063184235461e-01,1.038294829974529682e-01,3.571026408686714948e-01,1.145359488806470399e-01,4.490147012824522998e-01,-1.943563161892845892e-01,2.777648688502614149e-01,-2.861879440546941100e-01,2.672147995889002925e-02,-4.401984002859823941e-01,-5.517225970776173938e-02,-5.394789758255507522e-02,2.814111443764243381e-01,-6.698065150364180820e-01,-5.973501943786585500e-01,-6.744447919924929646e-01,-5.438491442870547754e-01,-7.287278251932615136e-01,-6.216229500871353064e-01,-7.530407971759238706e-01,-5.161758791724384565e-01,-4.637517315340274338e-01,-3.524643639125966121e-01,4.170874480539792095e-02,2.001966128960185887e-01,-3.728406094999776599e-01,-2.093972027347066334e-01,-4.314357209884266409e-01,-3.958979400330667198e-01,-3.580142097502122533e-01,-1.252960364627552642e-02,2.197059743509540142e-01,5.942937575405513595e-01,-1.939720273470664502e-01,5.789311408016444283e-01,2.566334510031726412e-01,4.723982304839358104e-01,-7.279860583582823397e-01,-5.036284016265248908e-01,1.033558246570445531e-02,-1.440502256579829221e-01,4.689843156530675850e-01,4.693194512712811073e-01,1.677063318289467864e-01,2.637562000089369585e-01,-1.363733857634389368e-01,-6.569998659457526591e-02,3.938647839492381286e-01,4.678001698020465837e-01,3.391572456320657725e-03,-3.284329058492336390e-02,4.409491040707806675e-02,1.840564815228562523e-02,-4.191876312614504357e-02,3.670226551677912563e-01,-7.455203539032127791e-02,4.648822556861343380e-01,-3.217435989096921189e-01,-2.080253809374860430e-01,-4.602082309307833213e-02,1.660664015371553781e-01,2.049242593502837440e-01,1.466240672058626293e-01,3.306582063541713135e-01,1.808525850127351564e-01,-1.199606774207962884e-01,9.096027525805443215e-02,-4.221725725010054275e-01,-3.475892577863175514e-01,1.322623888466866182e-01,2.132669020063452381e-01,-4.376871173868358833e-02,3.497475311676125076e-02,-2.425086018142008082e-01,-2.236248268465972633e-01,7.328298851601948698e-04,-8.926225479243933558e-02,-1.467536529782385302e-01,-8.903436257205415982e-02,-1.179453952366057434e-01,4.965369319451271024e-02,8.029849412395548627e-03,2.926582957236695259e-01,4.470485723222664132e-01,2.090575986415836307e-01,3.971535814826399613e-01,2.457661200232360513e-03
4.570847669690334958e-01,5.487287188882434413e-02,1.889226506993163246e-01,2.827695607489164042e-01,-2.162473747709906524e-01,-1.730148800214486859e-01,5.765449751999642825e-01,4.897448500826667717e-01,5.071272174806738114e-02,8.199651458957057937e-02,7.229277447607131979e-01,6.839983913490326195e-01,1.000000000000000000e+00,6.108717994548460428e-01,4.546137003440725577e-01,1.805978819428928905e-01,1.650922740068814509e-01,-1.328388221100138544e-01,5.308816300996469506e-01,4.105053845122659806e-01,-6.676795209794897379e-02,2.090352562670360487e-02,3.403190491085392733e-01,1.854193663702578265e-01,-1.665445283524732978e-01,-1.999821261003619510e-01,-3.034094463559587340e-01,-2.783591760132266835e-01,1.285848339961571107e-01,2.296974842486259327e-01,-1.141918763126145014e-01,1.365253139103624058e-01,-1.146074444791992525e-01,2.217838151838777416e-01,-1.168014656597703149e-01,1.899414629786853881e-01,-2.255775503820545980e-01,3.749944144063631357e-02,-2.887707225523928889e-01,5.664685642790115438e-02,1.542115376022163697e-01,1.656284909960230589e-01,-5.847982483578354485e-01,-5.609678716654006303e-01,-5.378167031592117064e-01,-5.342597971312390559e-01,-6.038339514723625179e-01,-5.546851959426247758e-01,-5.720854372402699450e-01,-4.550650163099334011e-01,-4.928236292953215303e-01,-3.299075025693730678e-01,-2.348809151436614673e-01,-8.650967424817909007e-03,-4.509361454935430502e-01,-3.038696992716385936e-01,-1.638857857813128260e-01,-2.453416149068322893e-01,-2.573037222395996304e-01,-2.019303811609097707e-02,4.331739577282273657e-01,4.914652129228294641e-01,-4.649448143348675067e-02,2.538674650341838368e-01,3.885115510076410650e-01,3.708387327405156531e-01,-5.995889003083247903e-01,-4.948791277536976896e-01,1.044416640600562968e-01,-1.413602037624558661e-01,2.184771437508378489e-01,3.702488940524599204e-01,3.430001340542472577e-02,6.019035703114526681e-02,-3.131998748827025114e-01,-1.947718843558693402e-01,2.423164573930917387e-01,2.660395906876982797e-01,1.172617185754502023e-01,1.336744269180928646e-01,7.322936681710531803e-02,4.411725278162562797e-02,2.757495866660708561e-02,2.331650207784083384e-01,-5.424728540149247047e-02,3.547969078153626055e-01,-2.003217301934849537e-01,-5.952902274453728687e-02,-4.912194468028061728e-02,8.949461548773403330e-02,3.900084901023280481e-02,1.446043165467625902e-01,2.591179230528620758e-01,2.289378435140086709e-01,-3.825461370034407421e-02,2.028687608919075777e-02,-4.783144912641315583e-01,-4.053845122659636147e-01,-9.245274587783189682e-03,4.022967961034899093e-02,-1.148576790741319964e-01,8.689843156530675794e-02,-2.658385093167701663e-01,-2.536976629876223077e-01,-1.212475981947361420e-01,-1.049242593502837523e-01,-4.240582689128200716e-02,2.098395817507484745e-02,-1.858081236873855013e-01,-7.558425309441887952e-02,-1.529380222530050404e-01,5.471200679208186590e-02,2.156932838822110121e-01,-1.401760579114348301e-02,2.584342463917065347e-01,1.225032396443093974e-01
