1.000000000000000000e+00,5.660997209220559601e-01,1.539402101403551659e-01,-2.257172365946840120e-01,4.830026149823104381e-02,-3.097121635917864935e-01,1.363965983255323311e-01,-2.635183284204313803e-01,-3.090262408609036754e-02,-2.929643477141664065e-01,4.843210934581492766e-01,3.201705232162085218e-02,3.014779515867260784e-01,2.367673419160003512e-01,-4.528816602783244938e-02,-2.239671133797312141e-01,2.876982818969766043e-01,2.482883324072591713e-01,5.070240371183083461e-01,4.596168878257348434e-01,-4.290862630238989617e-02,-3.760802890607096473e-03,-1.354328533443834304e-01,-2.492112673403463763e-01,-1.243764695541345333e-02,-8.820934926808748910e-02,-6.551111445962787272e-02,-2.430913297483275615e-01,9.409698350960134239e-02,-1.879349801757343452e-01,-1.932151725480224513e-01,-3.185757921073367194e-01,2.135307283965732009e-02,-1.766353057143484895e-01,-2.302863923603589991e-01,-1.556510929244794283e-01,1.342838935297238356e-01,8.625046696112685651e-03,3.216302672430301074e-02,-2.846218321200192358e-01,3.243676796976289189e-01,-6.351456133907185109e-02,-3.720604993266342086e-01,-3.436629843446377119e-01,-1.869743744290517373e-01,-1.851379222662761503e-01,-1.276130202888723641e-01,8.138465353838813393e-03,-1.539763113367174363e-01,-9.028438325030058165e-03,-1.001431490916625117e-01,-9.028595286753372806e-02,-9.739161008196541014e-02,-4.565074760868814696e-02,-1.153700058703684556e-01,1.141001855287569616e-01,4.740620752223362877e-01,3.717936643970001231e-01,2.165961908528986068e-01,7.965493534746616311e-02,1.943813981522465872e-02,-3.361209735393926867e-01,2.073998034839224236e-01,-7.080386376978109464e-02,-2.528637666418667163e-01,-3.977315891746638910e-01,-1.248269497000461525e-01,-3.579888808315204174e-01,3.071960671670606602e-01,2.969982640033401178e-01,2.083619788478381640e-01,2.194277803414859118e-01,2.736203849329302829e-01,1.876634363944008621e-01,-1.500742428951276075e-01,-8.174566550201067816e-02,-1.649479357963767046e-01,-2.795770823327023424e-01,1.276036025854735134e-01,-9.775262204558796131e-02,1.782488722300179795e-01,1.619499668810763793e-01,-6.451754675104928727e-02,-6.910710754075510831e-02,-1.324741248599116683e-01,-1.963857993589683271e-01,-2.445699091819469040e-01,-2.463985132585567728e-01,4.809307202345636419e-03,-2.390181730283253148e-01,-2.476196754659408805e-01,-1.108636347940191308e-01,-2.811121679867147338e-01,4.334968874490266466e-02,-2.978819585055988289e-02,-6.096707256968315891e-02,-1.581326577700761793e-01,-1.425071182141522952e-01,-1.062913397938778648e-01,1.432621041032933751e-01,-1.224960681088309855e-01,3.129549927954569100e-01,5.902545605228708830e-02,3.821468596668016748e-01,4.040665643276230429e-02,-6.331835918492915993e-02,-1.383554806324929498e-01,-6.503552043798599414e-02,-3.800200283158949172e-02,7.320380851925449572e-02,-1.051047091656228671e-01,1.087587780843763362e-02,-6.678093480123936665e-02,-2.309063911674499175e-02,-2.871442070136776548e-01,-2.811749526760404239e-01
5.660997209220559601e-01,1.000000000000000000e+00,-1.775346963889385954e-01,-5.056521916565426267e-02,-2.524117168787219367e-01,-4.071257483150159118e-01,-2.895990883663109861e-01,-2.418560409858452054e-01,-2.953533051430078382e-01,-2.718639832490448716e-01,-1.806629435345896619e-03,-1.913363407199520153e-02,-2.038603166231882646e-01,2.840803141745854021e-01,-3.992635355942100173e-01,-4.062577499850886231e-01,4.793297106567592225e-01,6.562318513007417975e-01,1.407083368649721111e-01,5.655503548904564637e-01,-8.012739013464176274e-02,-3.805850905198258222e-02,-3.840821977152651390e-01,-2.458978053611846348e-01,-5.188683687595942867e-02,-9.233430335678341483e-02,-4.512806507005201473e-02,-1.993147051160104044e-01,3.017494953680595615e-01,2.870139287833268771e-01,-3.438089587473198983e-02,-9.415035049552815394e-02,3.073279150146445149e-01,2.009078666076490605e-01,-2.669981698263061420e-01,-1.723031621508778755e-01,9.843226630753824924e-02,2.658021214946523214e-01,4.387708013523822226e-02,-1.766447234177473402e-02,3.738012048381881836e-01,2.751601794386420718e-01,-4.554762375647074535e-01,-3.470109779029286190e-01,-8.507325403627072347e-03,-2.470420563241447834e-02,-3.071740925257966659e-02,9.455531174167867980e-02,1.059020747200587614e-02,1.026482581957563894e-01,-6.766619892073119646e-02,-3.795648393182838448e-02,-1.067339718536237773e-04,1.210096405890459526e-01,-1.260590992280622435e-01,2.933661697258506673e-01,7.402424744701756598e-01,7.517634649614345355e-01,1.873997406992330972e-01,2.465429180440057988e-01,-2.746500538378711109e-01,-1.669146661895030415e-01,3.811925323890515971e-01,2.845182373826318778e-01,-5.348564898963739100e-01,-4.606748098408722236e-01,-4.027951743687784025e-02,-2.042652778693387905e-01,5.723169747825295195e-01,6.155018537179522964e-01,1.149195257244568363e-01,1.202954647479665545e-01,2.748384079058480700e-01,2.624745329603923039e-01,-4.851059020747200412e-02,-7.851696285343856552e-02,-1.883948780250448152e-01,-2.209000813061726687e-01,3.008532439279357207e-01,2.001513111012748480e-01,3.616162662573104702e-01,5.347199331970905467e-01,-5.514065340026181108e-03,8.548606336858693977e-02,-3.336864972107901894e-01,-1.223124228925534240e-01,-2.085675987053797198e-01,-1.249383925235992010e-01,-2.707856562098766573e-01,-3.000103594737387191e-01,-5.038785241830927575e-01,-4.317216503583435894e-01,-5.292388298189603102e-01,-3.359122144473848381e-01,-8.361037077498281733e-02,-2.242386571610646973e-01,-1.241849762516912675e-01,-2.356215213358070493e-01,-2.348100292262728928e-01,-2.651083506776037435e-01,-3.819035689956647439e-01,-3.662230928365808880e-02,-9.483941246087729260e-02,1.205089326916738146e-01,-1.324333148118499726e-01,-2.475176503457866828e-01,-2.740724346960750069e-01,-3.084140901399784473e-01,1.652179099604770413e-02,9.953256798797045779e-02,-2.604732709881368291e-01,-1.591733139956490184e-01,-2.521417427146215862e-01,-1.135947687796853844e-01,-5.240606625668264851e-01,-3.316899440902341678e-01
1.539402101403551659e-01,-1.775346963889385954e-01,1.000000000000000000e+00,2.396946780558093237e-01,4.092415923452906723e-01,-1.538381850202009786e-02,7.372554928755074011e-01,5.712778881741898546e-02,2.564927216848899016e-01,9.281460623012471878e-02,1.444063550662535445e-01,-2.045587962919362401e-01,1.676194243271835749e-01,-9.164995024313371541e-02,2.927194874257963431e-01,-7.765367337521071611e-02,-2.799129804205946481e-01,-3.313289321266116305e-01,1.936295514975718002e-01,-2.307808217887985860e-02,-1.405121347108294061e-01,-6.427582569714549235e-03,4.051448913667912710e-01,2.130880963368272929e-01,5.320892547143453166e-01,4.246850563021701275e-01,-6.439197737239796271e-02,-3.468445984762155709e-01,-1.082062728183105227e-01,-3.599697377797450581e-01,4.126821933203368986e-01,1.944426132243391170e-01,-6.259790487491720401e-02,-9.912603712458679939e-02,3.241400851988234244e-01,-8.643568179463756440e-02,1.658331999158685066e-01,-2.258914641075627228e-01,1.866588813651902934e-01,-3.707184765922982295e-01,4.590502560045707503e-02,-2.142244992136217718e-01,-1.973558228090497857e-01,-2.682271801198559680e-01,-1.594181742840191096e-01,-3.248746660639336703e-01,-6.052130127547096505e-02,-5.759239551842887384e-02,-2.449905666004288107e-01,-3.080703439659204790e-01,-1.521084668292790043e-01,-3.476199893893874848e-01,-2.464204878998207393e-01,-2.687875334720875031e-01,-1.226687260044765498e-01,-2.829847213458526189e-01,-2.596209688305409768e-01,-1.812437019108520120e-01,-1.355647011919673406e-01,-3.015674197690151326e-01,9.861905075828208966e-02,-3.028136958521295274e-01,-2.665382719769956998e-01,-3.499885417941980825e-01,4.008158870377869776e-01,-4.395713061412843958e-02,1.235194585448392557e-01,-1.935055517361536082e-01,-1.009938816320252175e-01,-1.300474966174748614e-01,3.758401376240390057e-01,4.240509309399809745e-01,1.979334419508458620e-01,8.941167606867389539e-02,-3.140819779688525104e-01,-2.790779440525633509e-02,1.529874524798382762e-01,4.613262009926259039e-02,-3.276089392840662029e-01,-3.760316309264822854e-01,-2.199441844111894862e-01,-2.185017061739324140e-01,2.759073172416174474e-02,-2.897262273621954431e-01,2.139874870114173988e-01,-4.226979208850129531e-03,-4.280189233053627307e-02,-3.120179313072714011e-01,1.078405520029885462e-01,-2.254362751099516782e-01,7.570577838888208067e-02,1.592031367230787031e-01,1.677810949021971421e-01,4.565922354174710707e-01,-2.167955322415075770e-02,-2.730820062219627142e-02,-7.399646522199096466e-02,-1.314240509309399785e-01,5.316921415543605228e-02,2.117131116405953362e-01,1.081089565498557503e-01,3.964335157228558448e-01,1.077620711413314752e-01,2.158427745809906872e-01,1.712311135806422191e-01,3.307732876260794930e-01,2.034051276255772200e-01,2.699459109901459208e-01,-4.228391864359957314e-02,6.644189747888079589e-02,-1.381734050334485452e-02,6.666007427428746746e-02,2.709080863540617168e-01,8.040521238490781764e-02,-4.446254736320000983e-02,7.308451760953574294e-02
-2.257172365946840120e-01,-5.056521916565426267e-02,2.396946780558093237e-01,1.000000000000000000e+00,-1.681468157175191325e-01,-1.608543740523436100e-02,8.534950666930361807e-02,6.007443124919557009e-01,-5.802090102307651265e-02,2.464895510580789872e-01,-3.297750110658014822e-01,-1.166461046809125074e-01,-3.431952384091615516e-01,-3.276968378491221245e-01,-1.613943223805442695e-01,-8.076465473129722239e-02,-9.739474931643168909e-02,-1.405372485865596932e-01,-1.839905320688496951e-02,9.566973997720916445e-02,-1.044360522243045764e-01,-1.400600849476846543e-01,4.101095906752179332e-02,4.789090532382773158e-01,-1.301055724551010949e-02,3.129173219818615070e-01,-2.918373625407708061e-01,-2.872760548612615095e-01,-1.236999645266505243e-01,-1.277166150262596944e-01,3.090026966024065347e-01,4.815836810035504789e-01,-1.422544098396165066e-02,2.740755739305412719e-01,1.162254472624305868e-01,8.289305569943714036e-02,-3.318170830861186336e-03,7.940693582462981029e-03,-3.064834609432143947e-02,-3.442170592279366476e-02,-9.668842156151801100e-04,-6.198418453675886425e-02,-4.346897965462142438e-02,-6.285532210115241103e-02,-5.401052899239991434e-02,-3.472150281432370006e-02,-1.269820341611494485e-01,-1.555553462732578163e-01,-1.498497876307883503e-01,-1.857485033699682042e-01,-2.215059535581652972e-01,-1.688531434724328262e-01,-2.520946541976273880e-01,-2.257313631497822881e-01,-3.302867062838056311e-01,-1.892095093690452645e-01,-2.044347965305180759e-01,-6.729263001924350174e-02,-2.774251371060653115e-01,-1.012340330686958695e-01,-1.929546160873209515e-01,1.788029471133169568e-01,-1.873526521822388435e-01,-1.783273530916750504e-01,1.547564111015887756e-01,3.967647049590486974e-01,-8.202819660397615148e-03,5.324298616539370477e-02,-3.991222700432272424e-02,-1.422858021842793481e-02,2.177686949260553353e-02,2.355744328188127956e-01,7.991706142540079549e-02,-1.373415078998835304e-02,-1.025964608270627104e-01,6.971768864444716218e-02,-2.656577167092032815e-02,7.730835758391958745e-02,4.415333276827113074e-02,-1.162819534828236773e-01,-1.191700491918040866e-01,-7.538871570778749726e-03,-2.066134252501184987e-01,-1.470040715871027692e-01,-7.312061880589799945e-02,1.827960533544290000e-01,-3.243927935733591922e-02,-1.291951944598790196e-02,-1.085829809542644964e-01,5.663649862344568436e-02,2.276101949778527034e-01,1.303488631262380293e-01,3.363862388517935842e-01,1.758818894424405699e-01,-1.522371754423966217e-01,-1.679411958599775767e-01,4.693469450539791699e-02,-3.865496360057635999e-02,1.251832528119692645e-01,1.598027305061387737e-01,2.355995466945430550e-02,1.334206040514960001e-01,1.185374934468480523e-02,1.097319407689240946e-02,1.148426144800328980e-01,1.318572652872870288e-01,1.228837635654169425e-01,1.682974989719007164e-01,1.640846463181488690e-01,-1.519546443404311553e-01,-3.301846811636514195e-02,1.727505030623232296e-01,8.844950070475814108e-02,1.113203934088633079e-01,4.870836197884783475e-02,5.359144119115112626e-02
4.830026149823104381e-02,-2.524117168787219367e-01,4.092415923452906723e-01,-1.681468157175191325e-01,1.000000000000000000e+00,3.404578259545626984e-01,4.258041933894000652e-01,-1.011869445517016158e-01,3.635673004781054263e-01,2.395628302082254135e-01,3.205786236968252711e-01,-9.362766795689203558e-03,3.143974710327139821e-01,1.029904347525812391e-01,5.651736467545024345e-01,3.254726902297605529e-01,-8.491786193018970030e-02,-2.293665966617380592e-01,8.889370238173718852e-02,-1.474482732640818305e-01,-1.824287629218738771e-01,1.005543888067455816e-01,4.859974446631444289e-01,1.769256849024796741e-01,4.897315640607881604e-01,4.239912854851216051e-01,1.936719311628666285e-01,1.683304609337966939e-01,-4.090422509566817369e-03,-1.040970149019460056e-01,2.577876559022316827e-01,1.181764814832255012e-01,-2.594263362936314460e-02,-9.882624023305676408e-02,3.195787775193141278e-01,2.272020944972358986e-02,-9.768041965286344830e-02,-3.186213110070977850e-01,-1.077008560692389594e-01,-4.509526006987936153e-01,-2.600416262490229391e-01,-2.159055592703163495e-01,-1.448615440638645890e-01,-1.662365915447858999e-01,-2.156732559198114019e-01,-2.855557543737384241e-01,-5.831128021120769722e-03,1.024599041277794026e-01,-2.826551017268928989e-01,-2.697057595534753105e-01,-2.021243199633337428e-01,-3.801801292736753379e-01,2.095282044520623346e-02,-1.907508734919902416e-01,1.726108071285736151e-02,-2.626770135834675113e-01,-1.762758633679590847e-01,-1.519216823785351778e-01,-1.754533839377929172e-01,-3.315376912186194236e-01,1.188561257451757752e-01,-2.561489755108319333e-01,-8.585178418390891630e-02,-1.512891266335791296e-01,3.615173803716225653e-01,-6.030312448006429349e-02,-8.488489996829373663e-02,-1.803301846811636577e-01,-5.739305412981990373e-02,-9.813403903324136035e-02,1.885110297002972890e-01,8.903339831548678918e-02,-1.498042687310272535e-02,-1.747297903933146823e-02,-1.638507733504107611e-01,-1.750358657537772755e-01,1.524066941035759071e-01,4.481414162342371027e-02,-1.460026557923584656e-01,-3.095599107201717909e-02,-1.512483165855174616e-02,-9.078823038213901242e-02,1.849323024087345946e-02,-1.403771476287792586e-01,3.291659995793425608e-01,5.231848161507334644e-02,-1.211210834125990010e-01,-3.321325761499800411e-01,1.289283595302449514e-01,4.391789018329990413e-03,3.883233034792135663e-02,1.755538394407139824e-01,2.234444308410950819e-01,3.892839092258961742e-01,5.950261969116211330e-02,1.246809752973639801e-01,-1.175470649727357458e-01,-3.605410784526085453e-03,-8.299508081959133809e-02,1.032619785339147223e-01,2.246232133831843891e-01,2.088705348313760202e-01,2.059369202226345175e-01,3.000919795698621106e-01,1.234755092623112949e-01,1.292705360870698150e-01,-7.690339633776907546e-02,3.597876621807006431e-02,-2.790465517079005267e-02,3.328357646704274697e-01,1.289346379991775093e-01,3.368084658875086790e-02,1.363997375599986239e-01,1.032321558064850237e-01,-5.042238399743838306e-02,1.291324097705533538e-02
-3.097121635917864935e-01,-4.071257483150159118e-01,-1.538381850202009786e-02,-1.608543740523436100e-02,3.404578259545626984e-01,1.000000000000000000e+00,2.310131251393035268e-01,3.825408335923201619e-01,2.499364305020577715e-01,2.805910550653117896e-01,2.088108893765166507e-01,-2.329625897428653017e-02,6.067669338155197434e-02,-1.735996659854527890e-01,2.648132626377731613e-01,2.797858414247101910e-01,-1.230109025613014030e-02,-1.539292228197231827e-01,-5.691118163924545337e-02,-2.589711472960203875e-01,4.312680309779657467e-02,2.791956653450489712e-01,3.893121623360927541e-02,-4.225409591616988321e-03,4.734436460324785434e-02,2.021415857528983118e-01,-4.491145789187848958e-02,2.262587545401178457e-01,1.832637992899051604e-01,1.736279190956493412e-01,5.484556536043120462e-02,-9.389450288652609333e-03,2.071737786023500338e-02,8.971618181190335606e-02,5.158076151549682853e-02,-1.004084144040634230e-01,-2.218167377703273158e-01,-6.994842237771896343e-02,-4.334341027597009982e-02,1.098292570373788635e-01,-1.818307387560469390e-01,-1.486066507821402760e-01,2.910917943550285769e-01,2.394592354708380832e-01,-8.722206002844146155e-02,-4.487535669551623307e-02,5.212541869539694117e-02,-5.715604192761553071e-02,-1.881468785022084589e-01,-2.064815774025346162e-01,-7.264659440148925340e-02,-8.056531334268825228e-02,-2.502754678244163353e-02,-8.532282317634021229e-02,7.867392457675270734e-02,-1.990007816693820930e-01,-4.093075162690826274e-01,-4.750101240311537798e-01,-2.464864118236126944e-01,-1.773322157658633325e-01,3.211342681973574087e-01,1.703442798439172567e-01,-5.864560868186684262e-02,-3.123538293951636825e-03,3.185632351694715481e-01,4.041701590650104148e-01,-9.704629429067428148e-02,2.847128699195414225e-02,-2.239011894559392868e-01,-3.550552662227788869e-01,-1.445240763587391508e-01,8.023726334096167867e-02,-1.415810440465987974e-01,-1.632417618639518675e-01,6.142540080176048245e-02,9.603860002699741993e-02,3.184015645944580086e-01,3.184345265563539584e-01,-1.486239165717048172e-01,2.172099111910569535e-01,-1.415245378262056930e-01,-2.362682036358613458e-01,-6.180995702388015350e-02,1.602767549105475198e-01,-1.568957993903606629e-01,-2.497449371996144918e-01,1.075799955422870602e-01,-2.754992167610006634e-02,1.836718997705219514e-01,1.387117837444160895e-01,2.414903201705232150e-01,5.157762228103054958e-02,3.583859939915052251e-01,8.821248850255376805e-02,1.563589902966262546e-01,2.775334406951520672e-01,2.946642431776587065e-02,1.816031442572414167e-01,1.165315226228931800e-01,5.302480936998703320e-02,2.458993749784177674e-01,-1.729828064128281773e-01,6.765678121733234573e-02,-7.951366979648342992e-02,1.900021660717817265e-02,-1.491199156173775575e-01,1.233530791181262493e-01,9.226994905022460614e-02,9.284599857478754992e-02,2.151882441947706726e-01,8.603542940018646390e-02,3.247538055369817572e-03,1.152962338604107961e-01,3.676985330357339377e-02,2.427444443398033003e-01,3.699242502723286141e-01
1.363965983255323311e-01,-2.895990883663109861e-01,7.372554928755074011e-01,8.534950666930361807e-02,4.258041933894000652e-01,2.310131251393035268e-01,1.000000000000000000e+00,2.767878725094098380e-01,6.015730703910544541e-01,2.840426433609899992e-01,4.554997818232046081e-01,5.104709165622871303e-02,3.910905386612420487e-01,-1.635541156933470247e-03,4.708992964975561302e-01,1.284166643122408302e-01,-2.136311838994942591e-01,-3.210965973837620058e-01,1.581452147079413229e-01,-2.283447758429629215e-01,-3.053894377317147302e-01,-1.059805555817158462e-01,2.152573073530288927e-01,1.945540560478921724e-02,2.426094572577531250e-01,1.845885562346765985e-01,-1.771030516498246776e-01,-2.357549388006240920e-01,-6.514853287877218901e-02,-3.036047829376328222e-01,1.069364524766990288e-01,-7.229813937573183191e-02,-2.254190093203871370e-01,-2.398767536548537249e-01,1.712797717148696053e-01,-1.178248872230018007e-01,-7.067044630496406576e-02,-4.582591689190673723e-01,1.080838426741254944e-02,-3.247616536231474615e-01,-1.918668713447538587e-01,-4.174036019576266021e-01,-1.814634483234918438e-02,-9.727231917224665736e-02,-8.984802965948723852e-02,-2.450062627727602471e-01,-9.853900027939187234e-02,-1.725872628700765021e-01,-2.323378820840749648e-01,-2.443846943484361822e-01,-1.334535660133919777e-01,-3.152215200801132822e-01,-8.760661625056113955e-02,-3.250033746770512599e-01,-1.858159969109932919e-01,-3.993906745900944744e-01,-3.958810104567900279e-01,-3.899745408084784315e-01,-1.032117507824541897e-01,-2.999773975118427694e-01,4.947386430345095953e-01,-6.430878765904146643e-02,-2.238038731874844867e-01,-2.818530273207575654e-01,5.767935231314491595e-01,2.168269245861704220e-01,-5.086815529165057692e-02,-2.576620865235803581e-01,-3.301878203981177262e-01,-4.089904535879880232e-01,2.244113150567102755e-01,3.032830114048388204e-01,2.032434570505636529e-01,1.731790085669708545e-01,-1.727489334450900693e-01,7.012421950783082059e-02,3.174346803788428151e-01,2.089443068413336657e-01,-2.987122860219306730e-01,-2.942247503523790497e-01,-2.820162675130042929e-01,-4.412696319875435425e-01,-8.085255329635315791e-02,-4.143679622287309017e-01,2.849640086768440717e-01,-2.183164913404217200e-01,-1.472457926410065676e-01,-3.971571092673340519e-01,1.872302220380538118e-01,-1.625935099466644107e-01,4.118675619763364354e-03,2.097542293336346897e-01,1.769162671990808233e-01,5.333292523285271258e-01,6.686569413182901368e-04,-4.573864617374407207e-03,-1.494369782984721340e-01,-1.975645819010576065e-01,7.463843867034584967e-02,2.493399759534639937e-01,1.933831215919685764e-01,3.685382782554646464e-01,7.750769897252855756e-02,1.830628882840630578e-01,2.105876960844328405e-01,3.247020081682880921e-01,2.110114927373810678e-01,1.999833620573286952e-01,1.792958069245233765e-01,1.298795475735287086e-01,-6.903961399973002067e-02,-1.206407805392576901e-02,1.770528238983641311e-01,-6.891561423831184252e-02,4.814173015768374864e-02,2.522688817105060710e-02
-2.635183284204313803e-01,-2.418560409858452054e-01,5.712778881741898546e-02,6.007443124919557009e-01,-1.011869445517016158e-01,3.825408335923201619e-01,2.767878725094098380e-01,1.000000000000000000e+00,2.879400029508804026e-01,4.592762808861430845e-01,6.166398262119799495e-02,3.091235571293584616e-01,-2.947584202116471791e-02,-1.388546189126319552e-01,8.787816003189462266e-02,2.366841522026438549e-01,-2.778065540937187106e-02,-9.200468373782369480e-02,1.074654134842677328e-01,2.413757381125038876e-02,-2.269540949743995562e-01,-1.651896568502805029e-01,-8.260581574577223474e-02,2.860925634674728046e-01,-3.044555154779955419e-01,4.611535430969804054e-03,-3.723163469356362554e-01,-1.024112459935520164e-01,3.163249609950117419e-02,9.283658087138869919e-02,-1.016484120182452322e-02,1.259476564045091951e-01,-2.478739534577097947e-01,8.120885640827628371e-02,-1.628619144935316010e-01,-1.481216390570995467e-01,-1.300333700623765854e-01,-2.851209704001582065e-02,-5.881041849134670263e-02,8.664287126941223882e-02,-4.873661508904438694e-02,-8.879952534774869510e-02,1.161359790801415187e-01,4.994678997579650448e-02,-1.834458748889495894e-01,-1.800052739139033631e-01,-2.370608603385978286e-01,-3.815582532043735875e-01,-3.076638131025368206e-01,-2.564440635506625155e-01,-2.119611111634316925e-01,-8.411421790682124811e-02,-3.211750782454191044e-02,-1.566509391019905995e-01,-2.379225801995925316e-01,-2.501357718906667693e-01,-5.343950224298302798e-01,-5.088055526779239335e-01,-3.925251688123334026e-01,-8.921076506283177887e-02,1.650625178543960181e-01,5.940985531268344610e-01,-2.403837400211584485e-01,-1.046322543784472675e-01,2.408703213634323104e-01,7.010051828761038051e-01,-3.536834207610132230e-01,-1.648882903415173073e-01,-3.305692373857710975e-01,-4.107688299131374010e-01,-1.403520337530489714e-01,2.813837117680482169e-01,1.309484569092980999e-01,8.038166812641069081e-02,1.127942639907832112e-01,2.239498475901666730e-01,7.019485228332218718e-02,2.359746852132638961e-01,5.806014145390505157e-03,7.793149562547676927e-03,-1.875880947672100563e-01,-9.291192249857949115e-02,-1.842291138882871937e-01,-1.034205098744620105e-01,-9.933950506829404559e-02,-8.902084137762165950e-02,-3.037209346128852926e-03,-5.087286414335000229e-02,5.371230171810302371e-03,3.079008253047411658e-01,3.067345997005170299e-01,3.347098876467984319e-01,4.583753205943198461e-01,2.327491217991580486e-01,1.073775149192117938e-02,8.506069709840557991e-02,6.279567664629304158e-02,-1.787794028548198196e-03,2.897372146828274264e-01,2.683323444744764585e-01,2.198139061808387362e-01,9.268589761700711527e-02,-2.749969392463953808e-03,-1.353480940137937946e-02,1.255646697996226635e-01,1.357091059774163423e-02,1.807790952098421167e-01,1.110096091967012893e-01,3.108140348894518623e-01,6.433704076923801862e-02,3.373892242637710481e-02,1.309076468612364319e-01,1.657170482406160328e-01,9.143805191665960175e-02,3.064552078330178286e-01,2.865226385893536176e-01
-3.090262408609036754e-02,-2.953533051430078382e-01,2.564927216848899016e-01,-5.802090102307651265e-02,3.635673004781054263e-01,2.499364305020577715e-01,6.015730703910544541e-01,2.879400029508804026e-01,1.000000000000000000e+00,5.115979017356827585e-01,4.384035109198270996e-01,2.211465112117758924e-01,3.355920125318239688e-01,1.403520337530489714e-01,5.332397841462380716e-01,3.446377166464186237e-01,-1.527896807084624387e-01,-1.285061324945298844e-01,-8.191361454595681713e-02,-3.185412605282075815e-01,-4.332190651987606334e-01,-8.598834088319222413e-02,4.858907106912908197e-02,-3.193543222549748845e-02,2.072208671193442875e-02,1.514680629981572787e-03,1.918072258898944867e-03,1.994826541599565572e-01,1.534928692289098430e-02,-3.145983820385560986e-02,-6.844629868560253572e-02,-2.836329732631400757e-01,-3.362167201906143266e-01,-2.975397819487739515e-01,-1.041127110742774350e-02,1.475126275706406184e-02,-1.360936621995360307e-01,-4.438987408530555845e-01,-5.494602086335226288e-02,-2.732358287108105910e-01,-3.703998442939704927e-01,-3.195866256054798460e-01,7.677625734188460449e-02,-2.705235301319420388e-02,-1.199768324496388316e-01,-2.398783232720868575e-01,-1.489723715974622387e-02,-1.862554897362729001e-01,-1.733956157451443936e-01,-2.425011536686663693e-01,-2.214368903999070770e-01,-3.174676423407387649e-01,1.594527058631482197e-01,-1.601778690248595871e-01,3.819035689956647162e-02,-2.763986074355907485e-01,-3.264223086558111775e-01,-3.096603662230928422e-01,-9.070817990324879510e-03,-8.394312962840881631e-02,5.326496080665769073e-01,3.065070052017115354e-01,-7.407808531811432839e-02,8.383953489102147216e-02,2.819613309098443210e-01,1.965035206514539334e-01,-3.077407243469607590e-01,-2.121635917865069554e-01,-3.938263814986077693e-01,-4.185415744516542413e-01,2.537914104266533397e-02,8.880894305114754930e-03,6.658473264709667550e-02,1.374309760821726123e-01,-4.569940574291553315e-02,1.077542230551657709e-01,1.566807618294202842e-01,1.085201962649388341e-01,-1.877073856769288229e-01,-8.142860282091608781e-02,-1.785329729492166062e-01,-3.202898141259272746e-01,-3.301846811636514195e-02,-3.571004774775622947e-01,2.769369861465583171e-01,-2.805455361655506685e-01,-2.311041629388257412e-01,-3.988334604723292043e-01,2.081657766936954868e-01,2.370341768456344367e-01,3.369811237831542294e-02,3.968180719449754812e-01,1.710553164505303758e-01,5.007596947408404775e-01,6.986366304712932768e-03,1.578877974817061158e-01,-3.149123054851844100e-02,-7.947599898288802700e-02,1.541317034427984456e-01,2.517053891238082430e-01,3.565244279529993787e-01,3.289007342669416634e-01,2.845951486270558162e-01,2.732138540695466244e-01,2.071455254921534817e-01,1.742385001993413951e-01,5.898621562145855285e-02,1.633814577977014404e-01,2.298892792003741914e-01,3.408455214111486553e-01,1.695265092654505146e-01,1.282926645508226382e-01,1.868864758639958157e-01,-7.811671045898746502e-02,1.223500937061488131e-01,2.806318651133734438e-02
-2.929643477141664065e-01,-2.718639832490448716e-01,9.281460623012471878e-02,2.464895510580789872e-01,2.395628302082254135e-01,2.805910550653117896e-01,2.840426433609899992e-01,4.592762808861430845e-01,5.115979017356827585e-01,1.000000000000000000e+00,-3.227289993062291973e-02,1.794825913752672308e-01,4.500249569140069711e-02,-1.594605539493139101e-01,4.495587805957639294e-01,4.640934361746544279e-01,-1.658488960881999430e-01,-1.147013489290501648e-01,-9.466361533076544238e-03,-2.414181177777987020e-01,-2.956672285896361219e-01,3.462261692863578127e-02,1.074826792738322878e-01,2.569165183378381290e-01,1.102342182835293859e-02,7.024508003478271978e-02,1.566321036951928980e-01,3.192758413933178274e-01,-1.012151976618981680e-01,9.377678159404047309e-02,-1.619217137708798410e-02,1.398544650901431263e-01,-3.502616551927646982e-01,-1.017331713488348749e-01,2.864661323689605132e-01,9.296842871897259553e-02,-1.551723596683712673e-02,-1.850139225048579583e-01,7.015718146972679814e-02,-4.836932465648927093e-02,-2.865885625131455172e-01,-2.676040420782987983e-02,1.531946419546129368e-01,4.432128181221726970e-02,3.950098728923964742e-02,-1.696285343856047262e-02,2.422390275907317092e-02,-1.090460180380412453e-01,-3.525203343912553661e-02,-3.132171188733915562e-02,-8.825800740231487529e-02,-1.391245930767323058e-01,-2.208765370476755557e-02,-9.080078732000414210e-02,-5.489736272912487669e-02,-1.238506477810321221e-01,-4.127638134164602346e-01,-3.559577961318353134e-01,-2.875287632357972911e-01,-2.476636247484688413e-01,4.972076509422412166e-02,2.576605169063472256e-01,-4.094252375615682338e-01,-2.757283808770393252e-01,4.831689944090233890e-01,6.184433164128595450e-01,-2.091499266988752215e-01,-7.639013150253179396e-02,-2.805737892757472207e-01,-3.198079416353528104e-01,1.588358462905235802e-01,1.870826780181384930e-01,2.587200085387177453e-02,3.571507052290228551e-02,1.430360792217209853e-01,1.231411807916521495e-01,2.268803229644418828e-01,1.778690248595977408e-01,-1.723125798542767331e-02,1.120769489152375342e-01,8.588945499750430881e-03,-5.732713020602795556e-02,7.656592863264363724e-02,-1.552602582334272063e-01,3.230193784943603541e-01,1.225902451428194789e-01,4.304675261890635041e-02,-8.732094591412938034e-02,-1.083020194695321625e-01,2.824118110557559680e-01,2.837867957519879351e-03,2.815877620083566679e-01,1.870905261043042112e-01,2.346059789859644695e-01,-1.044172168175068888e-01,-2.079899795635836365e-02,-9.219146818856753522e-02,-1.815576253574803234e-01,-6.650468216820645817e-02,5.388495961374858978e-02,3.801926862115404676e-02,-8.308454900188040615e-02,-2.129593877237097033e-01,-1.899126978894926654e-01,-5.290394884303513401e-02,1.477684751796426998e-01,1.088529551183648435e-02,-1.188404295728443666e-01,2.535387020521175927e-01,2.146891059146316671e-01,-2.768176952368395574e-02,-6.623470800410612147e-02,3.526615999422380576e-02,-1.282958037852889310e-01,-1.621257640111882156e-02,1.320032396899692151e-01
4.843210934581492766e-01,-1.806629435345896619e-03,1.444063550662535445e-01,-3.297750110658014822e-01,3.205786236968252711e-01,2.088108893765166507e-01,4.554997818232046081e-01,6.166398262119799495e-02,4.384035109198270996e-01,-3.227289993062291973e-02,1.000000000000000000e+00,4.169562610461812757e-01,7.698674301284889054e-01,4.599104062483322930e-01,4.056550169675622874e-01,2.615343322377405300e-01,2.567061896285971478e-01,5.179893831090350009e-02,4.653428514922350878e-01,1.641427221557751059e-01,-1.207836157074735767e-01,-6.931429701552979661e-02,1.182675192827477156e-01,-4.047258035655425246e-02,-9.756112874314469552e-02,-1.363604971291700885e-01,-4.788588254868168109e-02,4.713403589400688709e-02,2.961804934248734034e-01,-1.685298023224056710e-02,-1.010032993354240682e-01,-4.295508697249088570e-01,5.855457088234462815e-02,-9.483156437471158828e-02,-2.579085164291835541e-01,-1.902454567429186783e-01,-1.473729316368910247e-01,-2.617148382195517708e-01,-7.009125754593484303e-02,-2.201121334551356390e-01,-2.531792597057281810e-03,-2.522296412796775633e-01,-1.428728390294742856e-01,-2.317728198801440320e-01,-2.779384019413025930e-01,-3.655089169955014761e-01,-3.468257630694178695e-01,-3.614137856342352628e-01,-3.093103415801022882e-01,-2.572790999186938543e-01,-1.442980514771667888e-01,-1.569020778592932208e-01,1.657798329299416951e-01,-7.406709799748233125e-02,-4.664117608280044652e-02,-2.075551955900034329e-01,-1.501119137087229827e-01,-2.359432928686010511e-01,-2.358977739688399716e-02,-1.196095420170837087e-01,5.317203946645571166e-01,1.085892594231970543e-01,3.145151923251995885e-01,1.305450652803807343e-01,1.383931514460883493e-02,-9.768041965286344830e-02,-4.394739898728295957e-01,-4.744372137410571288e-01,-2.132764504048042797e-01,-3.028341008761603614e-01,1.677889429883628603e-01,1.949354730355455645e-01,2.795315634329412213e-01,2.798282210900049916e-01,7.088391424867132584e-02,1.172268630571748765e-01,2.826394055545614625e-01,2.462007414871809352e-01,5.038314356660984761e-02,-4.028422628857726562e-02,1.328100229478039462e-01,-1.183836709580001756e-01,8.875871529968701323e-02,-4.235298180185780026e-02,1.035649146599110365e-01,-2.934509290564403239e-01,-1.846874421203645311e-01,-2.201937535512590027e-01,2.979243381708936433e-01,9.586908136581813455e-02,-1.201353637901861199e-01,1.146872223739518887e-01,-8.382226910145691712e-02,1.942008921704353186e-01,-9.114453349406213822e-02,5.935193643678052938e-02,-2.052604151951505085e-01,-1.926799330715211755e-01,8.713416146338553991e-02,1.630345723891771792e-01,1.146369946224913561e-01,3.718784237275897797e-01,1.872867282584468884e-01,3.450944752612628008e-01,1.337047047706946268e-01,-8.938970142740991845e-03,-1.180980006215684268e-02,-2.268096901889505180e-03,1.036810663351635103e-01,9.169232990842852982e-02,-5.215053257112720747e-02,-4.261824711425871853e-02,-1.027863845122728437e-01,-9.951530219840590274e-02,8.521608920448658919e-02,-1.370071794292243850e-01
3.201705232162085218e-02,-1.913363407199520153e-02,-2.045587962919362401e-01,-1.166461046809125074e-01,-9.362766795689203558e-03,-2.329625897428653017e-02,5.104709165622871303e-02,3.091235571293584616e-01,2.211465112117758924e-01,1.794825913752672308e-01,4.169562610461812757e-01,1.000000000000000000e+00,5.163334369280707659e-01,6.907650000470885177e-01,3.375697302455822890e-01,5.022759449880551674e-01,1.037862306897839870e-01,5.029681461878706544e-02,3.439298192742717974e-01,1.858159969109932919e-01,-1.500711036606613147e-01,-8.272353703825785498e-02,1.530988953033913247e-01,2.671410049945220355e-01,-2.349214720498259412e-01,-2.697371518981381278e-01,7.892506333405535646e-02,2.972399850572439162e-01,7.902551883697642165e-02,2.778756172519769585e-01,-1.518039610860495436e-01,-1.864485526559493123e-01,-6.110990773789903852e-02,-5.532900746823879445e-02,-1.988234149220371172e-01,-1.571186850374667624e-03,-2.548744463175209862e-01,-1.299690157558177905e-01,-1.972569369233618808e-01,3.347679634844246549e-02,-4.630841722937444754e-02,-1.096063713902727631e-02,-1.577276965239256812e-01,-1.798592995112212045e-01,-1.946529419335800704e-01,-1.985016433892430876e-01,-2.661191841757469256e-01,-2.195062612031430105e-01,-1.811008667426361463e-01,-7.207368411139260245e-02,-1.224850807881989884e-01,3.887627963044931745e-02,2.779242753862043447e-01,1.778643160078983154e-01,-1.793334777381187795e-01,-8.958119472985318077e-02,-2.327648179714894849e-01,-2.144819164398569789e-01,-1.781719609855940412e-01,-1.187729360318192859e-02,9.592715720344437147e-02,3.665197504936446027e-01,7.718749705696768826e-02,3.613101908968478770e-02,-2.018684723543316684e-02,1.692125858188222309e-01,-5.355675265029870014e-01,-3.586387023660410067e-01,-1.107223692430363976e-01,-1.212576401118823227e-01,-1.448599744466314530e-02,2.726896019136773250e-02,1.756323203023710533e-01,3.316412859560067816e-01,1.247155068764931041e-01,2.145839415600111766e-01,-1.129480864796310741e-01,8.166718464035360378e-03,2.153091047217225718e-01,-6.043026347594875579e-03,1.547532718671224827e-01,1.784592009392589607e-01,6.649683408204075385e-02,6.947125873884394710e-03,2.184153772261096527e-01,1.873730572062696775e-01,-1.697227114195932196e-01,4.555029210576708350e-03,3.617967722391217389e-02,2.840034029301614638e-01,-1.457907574658843797e-01,1.259947449215034487e-01,-3.337163199382198880e-02,-1.589394410279109174e-02,-1.017896775692279654e-01,6.831759007248491833e-02,-7.242370875438315647e-02,-1.782033533302568862e-01,-1.054892653877425451e-01,-6.554093718705755744e-02,-1.134582120804020766e-01,9.186655742130724056e-02,-2.074939805179109031e-01,-2.886369130023952456e-02,-1.009750462252275161e-01,-1.501385972016864023e-01,-5.180207754536978598e-02,-1.727771865552866215e-01,1.944614486311368184e-01,1.093332579917061370e-01,-2.905518460268279035e-02,-2.371095184728252148e-01,-3.535374463583310645e-01,-1.085076393270737044e-01,6.704149126194086650e-02,-1.352586258315047196e-01
3.014779515867260784e-01,-2.038603166231882646e-01,1.676194243271835749e-01,-3.431952384091615516e-01,3.143974710327139821e-01,6.067669338155197434e-02,3.910905386612420487e-01,-2.947584202116471791e-02,3.355920125318239688e-01,4.500249569140069711e-02,7.698674301284889054e-01,5.163334369280707659e-01,1.000000000000000000e+00,4.501207035652285970e-01,6.539009697095266027e-01,5.200832524980458782e-01,2.787797167782664690e-02,-1.631460152127302277e-01,5.848487987719315218e-01,1.252695817597920536e-01,-4.914471556966118308e-03,-1.191417960816075344e-01,4.942677578645671699e-01,2.260390081274780416e-01,-4.980709404204690383e-02,-1.962319768701204503e-01,1.336937174500626158e-01,1.961001290225365679e-01,3.328373342876606023e-02,-1.451456447830632157e-01,-7.875083582117664571e-02,-2.407573089226461294e-01,-5.782469886893381802e-03,-2.103852154613576053e-01,-1.892487497998738069e-02,-3.105801619217137682e-02,-1.165880288432862705e-01,-2.815218380845647128e-01,-9.407971772003678734e-02,-1.684952707432765540e-01,-6.580463288222533624e-02,-1.557028902931731074e-01,-1.275314001927490004e-01,-2.402361960012431297e-01,-2.997623599509023906e-01,-3.632219846868142699e-01,-3.704453631937315583e-01,-3.496196817444098270e-01,-3.560237200556272130e-01,-3.322047785427045818e-01,-2.721559320544091887e-01,-2.398359436067920569e-01,1.100427249810861097e-01,-2.814637622469384759e-02,-3.863926742824495136e-02,-2.473967898188347836e-01,-2.460641847878976274e-01,-2.906868331088780510e-01,-2.509221501244706665e-01,-3.447617164078367602e-01,3.108956549855751983e-01,-5.578576608308297852e-02,3.214419131750531622e-02,-1.271860844014578718e-01,2.265522729627153231e-01,-5.620328426709862712e-02,-4.717939783204467830e-01,-4.914675607206426822e-01,-2.560704946491748624e-01,-3.068287767345055372e-01,1.762381925543636818e-01,1.329889593123820823e-01,8.438419207092158481e-02,1.347469306135005984e-01,5.216622874345862304e-02,8.215062674816119015e-02,2.043924168652232476e-01,1.532621354956380244e-01,-4.360082750220531378e-02,-1.008149452674470814e-01,1.180618994252061738e-01,-1.047280010296689073e-01,3.332218905097802941e-01,6.710584556849966131e-02,4.778856628022690178e-01,5.859695054763944949e-02,1.766290272454159455e-02,3.141588892132764210e-02,3.283042797183478578e-01,1.703489886956166821e-01,-8.265604349723275693e-03,2.664692088187374797e-01,-1.533516036779270994e-03,2.096161030171182493e-01,-6.039887113128592638e-02,2.132325011222763189e-02,-1.017347409660680213e-01,-1.262835544924014730e-01,6.343765009464791271e-02,1.421900555330577187e-01,6.583131637518874202e-02,2.775334406951520672e-01,7.459605900505102138e-02,1.878047019453835953e-01,-3.406383319363739948e-02,3.889511503724701717e-03,5.054481414162342173e-02,-2.341084103230586105e-02,-1.805059818112755149e-02,-1.842730631708151606e-03,3.274378510056537295e-02,-1.409045390191148057e-02,-1.092563467472822125e-01,-1.764249770051075361e-02,8.430414159203136748e-02,-9.530715839635345993e-03
