1.000000000000000000e+00,6.322736012843728215e-01,2.610329120540631487e-01,-8.340489480463718353e-02,-1.581990777904306866e-01,-4.507439281647283164e-02,1.930386245262941669e-01,-1.920772117161685388e-01,-2.422246905744208090e-01,-1.331930106222114496e-01,3.968348050105475200e-01,2.453516157335673131e-01,3.084594993186103307e-01,9.254298355330707604e-02,4.111206526406183115e-02,-2.201728676237235671e-01,1.790608023596617360e-01,3.234734071349898432e-01,4.450734594059775340e-01,6.930339574738177966e-01,-2.572012619709896156e-02,-1.400442436574756977e-01,-5.207497153097989662e-02,-1.423404334758339995e-01,-1.701467321298560653e-01,-2.724765247260440004e-01,-3.006701887356021397e-01,-1.697360315119383067e-01,4.151856553475087308e-01,2.879291354751992715e-01,1.324602833834263582e-01,1.447766348684824678e-01,2.491925999215935106e-01,1.846799335411727361e-01,-2.097513394440607137e-01,-1.561922452256053195e-01,-2.770315679429499744e-01,-1.836251796815203396e-01,-1.422750947411652589e-01,5.416581104037933997e-02,-2.466770586368473017e-01,4.599846920678776069e-02,2.072638004741725326e-02,2.299363414042227549e-01,-2.029374428286071785e-01,-9.412978139526201327e-02,3.889521533780125606e-02,1.040285996975750041e-02,6.815763436444079171e-02,1.782394011238262466e-01,6.039165904381428585e-02,3.406948307726772153e-04,8.232680568260309500e-03,-3.274310676349244664e-01,3.528245001586797769e-01,3.022849888924150977e-02,6.315548752030167856e-01,6.226688072880691704e-01,5.791438758937405007e-01,2.201121959415311691e-01,2.799718110030429141e-01,-6.612746653723373946e-02,2.230384378441951088e-01,4.901385181174977013e-01,-3.807801444919446943e-01,-4.953656168909963409e-01,-1.721628987996340898e-01,-2.334319637089999344e-01,5.123210185375324244e-01,3.932178393413855444e-01,2.365308865532884108e-01,-4.010631545541097909e-01,2.131582877517874675e-01,3.795760449530494740e-01,3.296759198760431109e-01,3.959433979875669474e-01,3.737282282001979095e-01,4.104345959265965904e-01,-1.133160341254877135e-01,-2.543636940653760670e-01,4.093005021748464395e-02,-3.096729329624582361e-01,-1.784214161704034129e-02,-4.028599697574999222e-02,-2.258059999626635672e-01,-5.624684973957847500e-01,3.825116209606661127e-02,3.974928594097112272e-02,1.219174118393787226e-01,-4.189192973285791877e-01,6.626281105904754942e-02,-3.851998431870368167e-01,-1.068101629734724695e-01,-3.211538820542498285e-01,-1.594125114342785643e-01,2.940243060092967865e-03,3.423889708215879235e-01,4.542768868893161671e-01,3.526051486922918698e-01,3.682117721731663074e-01,4.301715608490301879e-01,-2.544477010099501640e-02,2.293156234248698022e-01,-1.143287845128530683e-01,-3.602964511732969968e-03,3.307540089980771925e-02,1.024464689080964025e-01,1.783560774357347001e-01,-2.557404745458957684e-01,2.499719976851419723e-01,-1.005563126551794889e-01,2.903840050777530823e-01,2.361575223551813651e-01,3.526144827972445550e-01,2.719491477962178091e-02,1.652743293445591566e-01
6.322736012843728215e-01,1.000000000000000000e+00,6.197845688576922481e-03,-2.737132936322735910e-01,-1.720648906976310066e-01,-1.305887953404148150e-01,-1.685319319730431142e-01,-4.144902645285343801e-01,-2.579433233147273574e-01,-1.654330091287546378e-01,2.238925084473649685e-01,2.331939440327067126e-01,-1.385694550749528575e-01,1.595665241659977307e-01,1.533126738477047502e-02,-2.272667873877573796e-01,1.681772359848414111e-01,3.020703044785035818e-01,2.701336643829223005e-01,4.725250620717979522e-01,-1.411223327795097793e-01,-5.292904213414975634e-02,-2.326665671028805005e-01,-2.830894020572367054e-01,-2.233744656224914693e-01,-2.053969794836373042e-01,-3.297272574532827960e-01,-1.317088879347359520e-01,3.648188250228685536e-01,2.198508410028562343e-01,1.601732409879216557e-01,1.126953161461347469e-01,1.138900815800772820e-01,1.622220770250340782e-01,-2.628997330445983494e-01,-1.318535665615024055e-01,-1.794341665577687817e-01,-1.325582914854294692e-01,-4.989079097205369184e-02,2.780163160154572669e-02,-1.677898706293053654e-01,2.129109339705415743e-02,1.048500009334105004e-01,3.567961618160434556e-01,-9.707002445535498070e-02,2.333059532921388096e-02,1.054753859652397957e-01,1.739177105307372073e-01,1.316902197248305817e-01,2.529962476898090507e-01,5.038083148206918410e-02,7.868183769858308474e-02,5.701738010342188162e-02,-2.226510724886590631e-01,3.212985606810163097e-01,1.762465697164298795e-01,5.903494688894281861e-01,5.633972408385760078e-01,4.540855377377863156e-01,3.031297253906322653e-01,2.922041555435249405e-02,-2.381036832378143342e-01,2.772509194093378260e-01,4.850560979707655984e-01,-6.341870927996714480e-01,-6.530186495416954173e-01,-2.382110254447701025e-01,-2.432094386469281500e-01,5.435669348666156697e-01,3.611505217764668374e-01,1.367539716616573697e-01,-2.561885115836242677e-01,2.596701327309724472e-01,2.579293221572983574e-01,1.469748165848376864e-01,3.370825321559915433e-01,3.310340321466574420e-01,2.939402990647226876e-01,-1.067354901338510645e-02,-1.377667220490227107e-01,1.693626673138312888e-01,-1.148188250228685536e-01,-3.967928015382604645e-02,2.347107360875165805e-01,-3.353137192674594536e-01,-4.059402243918830422e-01,-4.653984729404297277e-02,1.252450202550077496e-01,1.732083185543338288e-01,-1.454720256874568185e-01,3.152593947766348798e-02,-2.646545447757014391e-01,-1.376780480519722849e-01,-1.358999010584875100e-01,-9.138555453917523996e-02,-3.167061810442996922e-02,3.775272089159370514e-01,4.031353258536038986e-01,3.614398790299997999e-01,3.193850691657176832e-01,2.288209158623779604e-01,6.638882147590867422e-02,2.333199544495678235e-01,2.502473537812459001e-02,4.750592715664495036e-02,8.013795807120055459e-02,2.341460227378796763e-02,1.926792614856161490e-01,-1.761532286669031389e-01,1.597765415274329248e-01,1.279285754289021249e-01,3.097522728545559767e-01,2.207282468684077792e-01,3.911083316220807515e-01,2.156178244068176347e-02,9.771874474956596113e-02
2.610329120540631487e-01,6.197845688576922481e-03,1.000000000000000000e+00,4.623322194634756355e-01,1.759198760430862318e-01,7.116321615920249977e-02,6.365812907200328885e-01,2.822446655590195586e-01,8.494035506935239399e-02,5.717605988761737673e-02,1.666184404577445155e-01,-2.519088244628222562e-01,4.668079227882838134e-01,-5.671868874493624785e-02,3.226006683219145854e-01,1.516605372710810862e-01,-6.114772154498104850e-02,-2.663346836671831586e-01,4.223075774264005711e-01,3.015475946011537123e-01,2.338566654843466930e-01,7.336606492803404711e-03,5.988715067112214685e-01,6.106931506337857085e-01,2.379450034536188252e-01,6.620213937685515138e-02,2.361528553027050087e-02,-1.314662012059663598e-01,1.423310993708813144e-01,1.078089122034088087e-03,2.568418989303115629e-01,2.716551234902085388e-01,2.401945227472137567e-01,1.213013609125020986e-01,2.466677245318946443e-01,2.385843896428771482e-01,-2.439001624134261650e-02,-9.170758116004255889e-02,1.263744469542815441e-01,7.422480258368024941e-02,-5.750742061343738082e-02,1.159669199320477184e-01,-3.415909048481340915e-01,-2.203175462504900484e-01,-2.665680362910000656e-01,-3.726454720256874298e-01,-3.094489144435940142e-01,-4.468702746093677347e-01,-4.403457352474471342e-01,-5.034956223047771795e-01,-3.360137771389101746e-01,-4.994306195978867602e-01,-1.873074840853510559e-01,-3.396354098605484650e-01,1.358905669535348248e-01,-9.149289674613100831e-02,2.939776354845333867e-02,-8.889801556928705883e-02,8.282151324509492984e-02,-3.118851158362424547e-01,3.449231803162394749e-01,1.102637818059626212e-01,-2.352194448074374292e-02,-4.754326357645565632e-02,4.421332163458845943e-01,2.447355648066906753e-01,2.212882931655683616e-01,1.355498721227621495e-01,2.862910000560046075e-01,2.790150652453936009e-01,1.745570967199955303e-01,-1.125506375193682657e-01,-1.309854948009035458e-01,2.164112233277951103e-02,2.306410663281497908e-01,1.021431104971344261e-01,2.961711501484122835e-02,1.812076464987772417e-01,-4.493391453693505455e-01,-1.966975936677431980e-01,-3.123611551888289539e-01,-2.258106670151399098e-01,5.179494838239961235e-02,-2.620736647562865174e-01,1.295620437956204463e-01,-3.011882315604756388e-01,2.145630705471652244e-01,2.441195138798140651e-01,1.611626561129053392e-01,-3.596710661414677102e-01,1.158549106726156075e-01,-2.539716616573636787e-01,5.788545186402076215e-02,-2.090699497825153630e-01,1.168163234827412390e-02,-1.946160882632964276e-03,1.645135997909160375e-01,7.280135157839714988e-02,-1.505544458341889491e-01,-6.837231877835234228e-03,1.053307073384733145e-01,-2.651912558104803086e-01,1.136800642186420740e-01,1.389848227453469552e-02,8.266750051337577732e-02,2.242892079078537271e-01,1.135307185393992502e-01,2.745346948681091082e-01,-1.462840928183396505e-01,2.677861369873242858e-01,-2.857216196538913677e-01,-1.471661657363675380e-01,-1.254597046689192863e-01,3.260402859969757650e-02,-2.688222226370713501e-03,1.153695372150764509e-01
-8.340489480463718353e-02,-2.737132936322735910e-01,4.623322194634756355e-01,1.000000000000000000e+00,4.152136576623667308e-01,5.235172774282673691e-01,5.149859055015214571e-01,6.862293949633169188e-01,3.292138816808856117e-01,3.502576212966938551e-01,-1.607799578098456084e-01,-2.225670655440849799e-01,1.852819833106203505e-03,-2.216989937834860924e-01,3.079974611234528870e-01,2.630117423040304603e-01,-3.888961487482965329e-01,-6.555341908264415984e-01,2.059150223085108311e-01,3.794780368510463492e-02,1.478848918177236016e-01,-9.812477831500737713e-02,4.282020647040155059e-01,6.407863050012134742e-01,2.541863460712752154e-01,3.891995071592584954e-01,2.375809733604644647e-01,7.781376593798421115e-02,1.209700001866820945e-02,-4.650297757947990385e-01,9.780741874661638691e-02,-9.995426288573189266e-02,1.996658390426941931e-01,-4.390762969738831734e-02,1.948914443594003676e-01,3.032837381223514317e-01,-3.084828345809920158e-01,-2.793977635484533595e-01,-2.333526238169021986e-05,-6.118972501726809704e-02,-1.635101835085033817e-01,-7.192394571284559113e-02,-6.865934250564713626e-01,-6.236115518882894282e-01,-4.961076782347340619e-01,-4.774067989620475183e-01,-6.336923852371796340e-01,-6.005236432878451325e-01,-4.647730879086004463e-01,-3.947953030783878381e-01,-4.597000018668209731e-01,-2.213162954804263893e-01,-3.884994492878077743e-01,-1.801015550618851116e-02,-1.936546754531708048e-01,-1.769279593779752580e-01,-4.246504377695222709e-01,-6.378460619411205346e-02,-1.673558347490059217e-01,4.646050740194522521e-02,-7.297403252002165885e-02,3.939879029999813209e-01,-5.353389213508317201e-01,-3.378432617096346902e-01,4.332144790636026088e-01,5.735807493419455838e-01,1.786641028991730051e-01,2.781936640095581392e-01,-5.277502940243060381e-02,1.694140048910709913e-03,1.597252039501932119e-01,9.346239289114566251e-02,-8.140739634476450159e-02,-1.345044523680624382e-01,8.770325013534452374e-02,8.763791140067578311e-02,-1.714955102955177668e-01,-4.619915246327029740e-02,-6.903644034573525046e-01,-3.447645005320439937e-01,-6.886749304609180999e-01,-1.857206862433961325e-01,-4.065702764761887078e-01,-4.325097541396755729e-01,-1.853799914126234571e-01,1.867987753654302141e-01,-1.739550469505479202e-01,2.020133664382922356e-01,-4.043720947598334892e-01,1.684432579759926885e-01,6.352791830791344740e-02,1.448606418130565510e-01,1.167276494856908237e-01,1.474415218324714727e-01,-6.019097578733175608e-02,9.306102637818058909e-03,6.930572927361995650e-02,2.380850150279089639e-01,-3.472287042395504758e-02,5.077286389008157930e-02,1.613960087367222462e-01,1.792288162488099024e-01,3.074000784064815917e-01,4.823538745869658806e-01,3.590036776373513594e-01,5.399359680400246386e-01,3.424496425037802938e-01,4.915292997554464582e-01,-1.289039893964567807e-01,4.761980323706759832e-01,-3.695792185487333792e-01,-1.182304403830716638e-01,-9.305635932570426039e-02,-2.423133645714712486e-02,1.974676573263389745e-01,2.216989937834860924e-01
-1.581990777904306866e-01,-1.720648906976310066e-01,1.759198760430862318e-01,4.152136576623667308e-01,1.000000000000000000e+00,6.757005245766983803e-01,1.533733455298971482e-01,2.656766292680194930e-01,4.629249351279705604e-01,6.056013963821008650e-01,-1.896176750611383854e-01,5.312972539063229305e-02,-4.554576511658296745e-02,-1.334170291410756715e-01,4.148589616741650832e-01,1.020871058674183707e-01,-2.372402785296917893e-01,-4.212434894617955172e-01,-7.952190714432393059e-02,-1.456073702092706423e-01,2.168592603655235540e-01,2.420193402654619574e-01,2.427333992943416785e-01,2.986166856460134023e-01,4.781955308305486652e-01,6.264304515839975718e-01,5.669582018780219279e-01,4.311703100789665011e-01,4.711389474863255517e-02,-2.309024212668247256e-01,3.981835831762092215e-01,9.613661396008736648e-02,4.472436388074747804e-02,-9.228629566710848386e-02,1.684665932383743736e-01,1.220574234136688613e-01,1.817723598484141390e-01,1.670618104429966166e-01,3.532585360389792206e-01,-1.759058748856572041e-01,5.093154367427707441e-02,1.049060055631265559e-01,-4.268952900106408599e-01,-2.498833236880915465e-01,-1.061287733119271187e-01,-9.040547351914425545e-02,-5.027675621184685140e-01,-2.969458808594843680e-01,-2.473584482983926802e-01,-1.798495342281628551e-01,-3.199731177777362934e-01,-1.868361117852409270e-01,-4.329344559150223315e-01,-8.285418261242930016e-02,-2.536122986166856608e-01,-8.348890174921126672e-02,-2.588207291802789300e-01,-1.038652528609031733e-01,-1.493223439804357289e-01,-1.189164970970933537e-02,-7.021580450650587168e-02,1.402635951238635770e-01,-3.506029831799428731e-01,-2.771669124647637705e-01,3.034610861164522833e-01,3.661349338211958848e-01,1.452013366438292263e-01,2.582606828831183199e-01,-1.205919689360987201e-01,-1.300847536729702880e-01,1.490283196744264238e-01,3.084361640562286455e-01,-8.676983964007690953e-02,-2.426167229824332250e-01,-4.708589243377452743e-02,-1.547827953777512200e-01,-1.925065805439916400e-01,3.860585808426830051e-02,-3.978895588701999442e-01,-1.050600182948457084e-01,-4.970970933597177455e-01,-1.510864898164915038e-01,-1.891463027610282566e-01,-3.027563611925252474e-01,-3.280004480370377062e-01,4.819198387066664369e-02,-2.064517333432897006e-01,-1.688772938562921322e-01,-1.881942240558552859e-01,1.358438964287714545e-01,-1.728256202512740980e-01,1.321895943397987661e-01,7.441615173521011484e-02,1.640282263333768809e-01,3.091455560326320309e-02,2.587413892881811409e-02,5.120223271790468045e-02,2.031474601900423727e-01,-8.645714712416226189e-02,-2.163645528030317192e-02,3.147926895290010380e-02,3.065740101181697597e-01,3.402747960498067603e-01,5.734034013478447322e-01,2.525062071797935515e-01,3.653228666903130528e-01,2.003705639666212290e-01,2.828933858532305390e-01,-8.908469766834058168e-02,2.474704575578247912e-01,6.319189052961711461e-02,-2.463223626486456264e-01,-1.134513786473015096e-01,-1.953348143446524965e-01,2.679074803517090819e-01,1.272098493475460612e-01
-4.507439281647283164e-02,-1.305887953404148150e-01,7.116321615920249977e-02,5.235172774282673691e-01,6.757005245766983803e-01,1.000000000000000000e+00,8.524371348031437035e-02,4.125627718558067536e-01,5.886693299979465221e-01,7.328952526742210649e-01,-2.362181940373737632e-01,6.725222618403121910e-02,-1.109218362051262868e-01,-1.714068362984673410e-01,3.836690499747978933e-01,2.475264621875408466e-01,-3.016876061754438232e-01,-4.108219612821326638e-01,-7.661900050404166218e-02,2.338659995892993990e-02,9.053148393600538024e-02,-2.438068213638994175e-02,1.634448447738346410e-01,2.530569193720014209e-01,3.938852278455018951e-01,6.162936136053913661e-01,5.273069240390538814e-01,4.790356002762894971e-01,-1.904157410345921897e-02,-2.248072507327272263e-01,2.347200701924692379e-01,-9.958089868762484698e-02,2.149644370601302978e-02,-1.031138574122127394e-01,6.198312393824555872e-02,8.011928986129519814e-02,-8.817928948793100907e-02,-8.064199973864506765e-02,1.101424384415778356e-02,-2.476804749192599853e-01,-1.180624264939234974e-01,-6.952041368753150707e-02,-5.425541844792503010e-01,-4.161330670002053589e-01,-2.718044691694513348e-01,-2.168825956279052392e-01,-4.319823772098493331e-01,-3.993643474527227566e-01,-2.520208337222543671e-01,-1.699833852931842415e-01,-2.283962140870312019e-01,-4.490637892732465830e-02,-2.191367819739765133e-01,3.385946571583250964e-02,-2.438441577837101304e-01,-1.937293482927922028e-01,-2.260906901637201871e-01,-1.182771109078350480e-01,-8.102003098922844204e-02,1.525799466089196588e-01,-2.029981145107995488e-01,1.737403625366363558e-01,-5.568446991617973518e-01,-3.540379338025276823e-01,1.700907275001400099e-01,3.227266787387757518e-01,6.907237664980305294e-03,1.462327552410999376e-01,-8.088001941493829991e-03,-3.117591054193813438e-02,7.083185543338249568e-02,1.218240707898519543e-01,-5.811413743536132659e-02,-1.267571452573412749e-01,-1.002062837194541423e-01,1.047753280937890885e-02,-2.145164000224018541e-01,-2.952377396531446693e-02,-3.399761046913211682e-01,-6.366326282972725736e-02,-3.920510762223010648e-01,-4.106539473929844697e-02,-3.672596934679933645e-01,-4.260598876173763427e-01,-3.503042918214572254e-01,4.971344297795284722e-02,-3.097429387496032915e-01,-8.962607575559579376e-02,-2.419306662684115317e-01,1.608686318068960341e-01,1.757658633113670654e-01,2.087572572666007154e-01,2.295023055239233112e-01,2.695456157709037459e-01,-1.022457856516138658e-01,5.229432299736778283e-02,2.948643754550376098e-02,1.948354397296843121e-01,-2.007765975320626589e-02,2.402131909571191340e-02,1.608032930722272935e-01,2.907947056956708409e-01,3.505376444452741325e-01,5.504508372692142881e-01,2.413286164989639215e-01,3.352717157951723981e-01,2.159585192375902962e-01,2.641925065805439954e-01,-9.894151249836653783e-02,3.477747493792820443e-01,-1.490329867269027664e-01,-1.037765788638527475e-01,-2.887505367110347956e-02,-5.885619877909907538e-02,3.175835869098512232e-01,8.514103832583493070e-02
1.930386245262941669e-01,-1.685319319730431142e-01,6.365812907200328885e-01,5.149859055015214571e-01,1.533733455298971482e-01,8.524371348031437035e-02,1.000000000000000000e+00,6.136333936938787037e-01,-3.147926895290010380e-02,6.155842216289880015e-03,9.578191797188567724e-02,-1.590064778688371483e-01,4.804030466518565690e-01,3.430283570108462465e-02,2.996154348759497710e-01,1.701840685496667782e-01,-5.902421266824724178e-02,-3.199264472529729231e-01,4.715309798943379538e-01,1.576763679130808171e-01,1.071368566468161310e-01,-1.854639983571975403e-01,5.810246980417047569e-01,5.425355162693449307e-01,-4.287621110011761300e-02,-1.565749435286650226e-01,-1.529719790169320748e-01,-2.130229432299736714e-01,1.062967872010752851e-01,-1.315175387832060727e-01,1.481882502286855641e-01,2.711557488752403683e-02,2.570892527115574699e-01,-1.124106259450781270e-01,3.655235499467956312e-02,5.478652901973229961e-02,-2.050982881251516843e-01,-2.491925999215935106e-01,4.679653518024156494e-02,1.485989508466033227e-02,-1.348451471988351136e-01,-1.371226688072880728e-01,-3.369658558440831175e-01,-3.462019526947561210e-01,-4.155590195456157487e-01,-5.170487426960628241e-01,-3.286071648589616867e-01,-5.500214684413911037e-01,-4.466835925103141980e-01,-3.887374689641010517e-01,-3.533658782459350167e-01,-4.135335187708850668e-01,-1.450379898071574025e-01,-7.355274702708756995e-02,-1.608499635969906916e-01,-2.665633692385236952e-01,-5.518789553269737302e-02,-1.098997517128082607e-01,-6.540874045587768970e-02,-3.120204603580562508e-01,3.190257061250396653e-01,4.121007336606492544e-01,-6.295387085332387889e-02,-7.235798159314503486e-02,4.122780816547501059e-01,2.783756790561353056e-01,7.842981686486083515e-02,-9.683200477906173109e-02,3.589896764799223317e-02,3.427016633375025434e-02,1.668004555043216819e-01,-6.579610581141374925e-02,-2.000065338734668685e-01,-1.743144099912259382e-01,1.583017529449101124e-01,-6.145574700841936050e-02,-2.017193421322829305e-01,-1.341170870125263648e-01,-3.515830641999738715e-01,-1.952274721376967281e-01,-4.055995295611103946e-01,-2.405305505255101173e-01,-7.573692758601377473e-02,-3.782972725745328280e-01,1.751124759646797424e-01,-2.870517296096477544e-01,1.141887729385629158e-01,9.292101480389045043e-02,-7.098586816510164647e-03,-2.821186551421583921e-01,1.500084006944574222e-01,2.385330520656374353e-02,4.080403980062351915e-02,-7.336139787555771841e-02,-5.799279407097653743e-02,-1.831538073814101830e-01,-5.252767562118468292e-02,-8.861799242070678151e-02,-5.607930255567793870e-02,6.146508111337203525e-03,1.407443015289263910e-01,-1.495043590270128953e-01,-5.237366288946553039e-02,-2.028767711464147736e-02,5.466051860287116787e-02,1.796861873914910313e-01,7.008979408964474689e-02,2.209242630724139733e-01,-1.805775944144716039e-01,2.482731905837549102e-01,-2.167565852110441005e-01,-7.831314055295237817e-03,-1.640515615957585938e-01,9.679466835925102861e-03,1.170636772639871565e-01,2.900106408796460436e-02
-1.920772117161685388e-01,-4.144902645285343801e-01,2.822446655590195586e-01,6.862293949633169188e-01,2.656766292680194930e-01,4.125627718558067536e-01,6.136333936938787037e-01,1.000000000000000000e+00,3.616498963914350218e-01,3.317760934903952186e-01,-2.382623630220098154e-01,-8.489835159706535239e-02,1.493130098754830437e-01,1.611999925327160452e-02,2.329372561465081204e-01,2.550310825694924177e-01,-4.583745589635410123e-01,-5.428622099426886338e-01,1.546987884331771368e-01,-2.078705172960964784e-02,-8.051598932178392898e-02,-1.693066626841152333e-01,2.903793380252767675e-01,4.510612877331192649e-01,3.269736964922433792e-02,1.154255418447925063e-01,6.442399238337036260e-02,5.784344839173371361e-02,-1.426531259917486472e-01,-3.060839696081542605e-01,-1.002622883491701977e-01,-2.679308156140907671e-01,7.723038437844195747e-02,-1.070901861220527607e-01,4.429032800044803431e-02,1.078789179905538798e-01,-3.356544140982321012e-01,-4.231709821345231437e-01,-1.103944592753000886e-01,-2.202008699385815949e-01,-2.835561073048705194e-01,-2.829307222730412241e-01,-4.666305747941829618e-01,-6.088496649056321930e-01,-4.783682117721731464e-01,-4.874222935762689835e-01,-4.765247260440196309e-01,-6.089710082700169336e-01,-3.545419754699721815e-01,-3.167715197789683912e-01,-1.640468945432822512e-01,-2.104560643679877496e-01,-2.711557488752403423e-03,6.892303097056023953e-02,-3.502016166669777997e-01,-4.774488024343345738e-01,-4.065609423712360226e-01,-3.422069557750107571e-01,-6.470401553195063993e-02,2.713424309742938634e-02,2.503686971456307031e-01,7.342626990497881367e-01,-4.437106800828868325e-01,-2.300250154012731807e-01,4.292008139339518746e-01,5.690350402299922949e-01,5.861351205032949707e-02,9.973957847182034209e-02,-2.145070659174491690e-01,-1.765172587600574994e-01,1.564209307969458840e-01,1.029831799428752720e-01,-2.094199787182406958e-01,-1.718968768084828402e-01,1.393255175761196341e-01,-1.213526984897418254e-01,-3.112317284895551595e-01,-2.942109881083502798e-01,-4.872962831594078170e-01,-1.960208710586741898e-01,-4.956269718296712479e-01,-2.821606586144454476e-01,-3.443491328616499203e-01,-5.611943920697444188e-01,1.063481247783150119e-01,-7.682435081300054147e-02,-1.747111094517146690e-01,-1.042666193738682329e-01,-1.293846958015195947e-01,-6.208579909272499836e-02,2.940476412716784838e-01,1.337437228144193191e-01,2.171159482517221462e-01,3.380812813859278981e-02,-2.078005115089514021e-01,-8.818862359288368036e-02,-1.363339369387869260e-01,-1.279285754289021249e-01,-2.388130752142177127e-01,-2.704930274236003740e-01,2.359988425709858562e-01,-1.153368678477420806e-01,-9.464782422013552285e-03,7.965258461366139797e-02,1.762185674015718517e-01,2.131769559616928378e-01,8.864599473556480924e-02,1.447392984486717549e-01,-1.603039184572591369e-01,2.099706909104485930e-01,-3.917617189687681023e-01,-1.855340041443425958e-01,-3.313420576100957748e-01,-2.518761550954878858e-01,1.414536935053297695e-01,1.934026546194485274e-02
-2.422246905744208090e-01,-2.579433233147273574e-01,8.494035506935239399e-02,3.292138816808856117e-01,4.629249351279705604e-01,5.886693299979465221e-01,-3.147926895290010380e-02,3.616498963914350218e-01,1.000000000000000000e+00,5.353855918755950904e-01,-3.435930703604831438e-01,2.193981369126514480e-02,-1.366932999794649717e-01,-1.381634215095114415e-01,2.057190061045046370e-01,6.771426437918867669e-02,-3.441344484477383281e-01,-3.450211884182425859e-01,-1.670198069707095889e-01,-9.153023316594172121e-02,3.424216401889222661e-02,1.864720816920865387e-01,2.213349636903317319e-01,2.136716635241846796e-01,3.348330128623966395e-01,3.753943659342505734e-01,4.050254821065207844e-01,5.166193738682397507e-01,-1.762885731887169349e-01,-9.933821195885526867e-02,1.608359624395616638e-01,7.316538167155151040e-02,8.892135083166875786e-02,8.094535814960703013e-02,1.037065730767076782e-01,1.575690257061250488e-01,-5.199096458640580648e-03,-1.762745720312879072e-02,1.762279015065245508e-02,-2.421360165773703832e-01,-3.100789665278996451e-02,-6.759758806728022318e-02,-2.803731775160079875e-01,-3.612765321933280038e-01,-8.120671308828196402e-04,4.555043216905930656e-03,-3.068400321093210370e-01,-3.670496761065581426e-01,9.735471465641160060e-03,-4.775328093789086431e-02,8.474900591782254244e-02,3.828383146340097465e-02,-1.016017324098792210e-02,2.815632758974741939e-02,-1.466341217540650110e-01,-1.719435473332462105e-01,-2.711464147702876692e-01,-4.276186831444732661e-01,-4.086937853529225284e-02,3.791513431777027154e-02,1.431851699740511845e-02,1.926605932757107786e-01,-3.520777717624656855e-01,-2.238085015027908853e-01,2.400171747531129329e-01,3.881167509847480712e-01,2.620549965463811817e-02,2.371516045326413635e-01,-1.008783392760468217e-01,-1.587637911400675839e-01,1.618720480893087177e-01,1.644249257938656394e-01,9.985625478372878172e-02,-1.151828551160229280e-01,-1.426344577818433046e-01,-2.030027815632758914e-01,-2.176386581290720157e-01,-5.578527824966864057e-02,-3.309873616218940717e-01,-1.376080422648272295e-01,-2.429807530755875855e-01,-1.030811880448783829e-01,-2.450389232176526655e-01,-3.951173296992551154e-01,-1.369966583904269342e-01,2.300856870834655683e-03,-3.052298990049844285e-01,-1.429798196650923225e-01,-1.172316911531353228e-01,-5.011014243844157806e-02,1.674258405361509772e-01,2.784363507383277175e-02,3.636100584314970185e-01,1.121166016390688358e-01,-1.537140403606698236e-01,-5.921556181977710026e-02,-1.429144809304235819e-01,-1.609993092762335154e-01,-3.231373793566935104e-01,-2.681361659230496186e-01,1.132320271809136164e-01,2.725091940933783985e-02,8.023129912072730907e-02,1.870881326189631766e-01,5.914555603263203093e-02,1.044299662105400706e-01,-3.829316556835365287e-02,3.123658222413052896e-02,-6.199245804319823694e-02,-6.386394608620979407e-02,-2.761261597625403463e-01,-2.943976702074038165e-01,-1.935006627214516384e-01,-1.439692347900759783e-01,9.820878525958146033e-02,-8.323688091548901713e-02
-1.331930106222114496e-01,-1.654330091287546378e-01,5.717605988761737673e-02,3.502576212966938551e-01,6.056013963821008650e-01,7.328952526742210649e-01,6.155842216289880015e-03,3.317760934903952186e-01,5.353855918755950904e-01,1.000000000000000000e+00,-9.506319189052961360e-02,2.954197546997218704e-01,-1.322175966546567868e-02,1.688399574364814193e-01,3.791933466499897154e-01,3.700739261112251932e-01,-1.648729628315940832e-01,-2.581860100434969496e-01,-6.278585696417569861e-02,-7.389344185786024533e-02,2.818199637836728000e-01,2.210269382268934268e-01,1.455653667369835938e-02,1.728116190938450980e-01,3.736302200981947985e-01,5.713358971008269949e-01,5.616937666847126032e-01,6.104644650624451163e-01,6.732223197117628843e-02,-2.432001045419754717e-02,4.126934493251442349e-01,1.432645098661489425e-01,-5.727406798962047380e-02,-5.553792446842272489e-04,-5.653667369835906759e-02,-1.278865719566150694e-01,8.351223701159295187e-02,1.077155711538820559e-01,1.237235611477215391e-01,-1.154815464745085618e-01,-6.818563667929882118e-03,9.702802098306793910e-02,-4.516026658203745048e-01,-2.797524595366550071e-01,-9.418111897250172615e-02,-3.314540668695278858e-02,-3.603057852782496906e-01,-3.777605615397539585e-01,-1.464661078649168446e-01,-1.327963111617226910e-01,-2.019386935986708098e-01,-5.669068643007822011e-02,-2.600901674538428354e-01,-1.546801202232717942e-01,-1.693159967890678907e-01,-1.784494184852614407e-01,-3.285558272817219461e-01,-2.182967125282356813e-01,-1.272378516624040889e-01,6.244982918587936582e-02,-7.321205219631489458e-02,2.452022700543244893e-01,-3.145079993279444319e-01,-8.215879179345492167e-02,8.790393339182706045e-02,2.687895532697369694e-01,-6.041499430619597794e-02,1.156308921537513718e-01,-2.191834524987398836e-01,-1.623247521795135040e-01,8.203278137659379687e-02,2.252739559803610403e-01,-8.011928986129519814e-02,-7.835514402523942323e-02,-1.335617077678421527e-01,2.202848768831556885e-03,-2.333759590792838789e-01,1.163496182351074319e-02,-2.185020628371945328e-01,-6.154908805794612192e-02,-2.515634625795732382e-01,-2.148710960106035503e-02,-1.094143782552691041e-01,-2.550824201467321029e-01,-2.632870984001344228e-01,3.944126047753281072e-02,-1.964549069389736335e-01,-7.183527171579517923e-02,-1.330763343103029961e-01,3.814848694158717163e-02,-1.682472417719864735e-02,4.712789590606156903e-02,6.379394029906472474e-02,8.522037821793268519e-02,8.496369033173409302e-02,2.141523699292474936e-01,8.351223701159295187e-02,1.712294883043664895e-01,-1.269624955663001542e-01,-3.154927474004518007e-02,1.595151865887580178e-01,1.350738327701756780e-01,3.070640506281852589e-01,3.821662590774170809e-01,2.228984262699049701e-01,2.701009950155879302e-01,1.939206974443220544e-01,2.022420520096328000e-01,2.239718483394627369e-02,1.277045569100379030e-01,-2.033668116564302519e-01,-1.797235238113017441e-01,-4.017865476879421693e-02,-1.913911550021468455e-01,2.000625385031829240e-01,2.223523811301734154e-01
3.968348050105475200e-01,2.238925084473649685e-01,1.666184404577445155e-01,-1.607799578098456084e-01,-1.896176750611383854e-01,-2.362181940373737632e-01,9.578191797188567724e-02,-2.382623630220098154e-01,-3.435930703604831438e-01,-9.506319189052961360e-02,1.000000000000000000e+00,2.159165157653032685e-01,4.730291037392424514e-01,1.785100901674538387e-01,3.962934269232923357e-01,2.273461272798551480e-01,4.289627942576586528e-01,3.493335449063789122e-01,3.644687960871432209e-01,4.643717213956354006e-02,2.957464483730655180e-01,9.495118263109750267e-02,-1.753878320607836841e-02,-3.520357682901786855e-02,-2.536449679840200311e-01,-2.046409169824705554e-01,-2.435734687400825105e-01,-2.451836018444191467e-01,4.466929266152668832e-01,4.669339332051449798e-01,2.719864842160285012e-01,2.895159333171541949e-01,-3.938058879534041268e-02,-8.648514943902028962e-02,-2.842048275990814998e-01,-4.579778595030522537e-01,1.253336942520581754e-01,1.971689659678533546e-01,1.874708309220228797e-01,2.633010995575634228e-01,1.911624694308062811e-01,2.407452349394216540e-01,-3.700972613736068506e-02,2.429107472884425023e-01,-1.706134373774898794e-01,1.196165549685440643e-02,5.796479175611850797e-03,-6.065301398248922060e-02,-2.067037541770119780e-01,-1.041406089570071081e-01,-2.702223383799727263e-01,-2.714031026564862614e-01,-2.107407545690443695e-01,-3.280564526667537617e-01,1.399322343980435590e-01,5.444116713648328165e-02,2.105074019452274625e-01,2.325498907909720470e-01,4.025332760841562885e-02,-1.834945022121828861e-01,1.713788339836093133e-01,5.956559075550245386e-02,4.968124031586610978e-01,3.623406201579330577e-01,-1.781553941792521634e-01,-3.209345305878619214e-01,-2.825246887075998359e-01,-4.017118748483207713e-01,-5.049284074150129503e-02,-8.147740213190957093e-02,-5.418447925028468948e-02,-2.331659417178486710e-02,1.173857038848544754e-01,8.565441409823211505e-02,1.023297925961879490e-01,2.712584240297197802e-01,1.584744338865346214e-01,1.081309388242761432e-01,1.754625049004051029e-01,4.578378479287621011e-02,2.462383557040715432e-01,-4.645584034946888957e-02,4.658885134504452408e-01,2.709317303563761326e-01,1.511564956036365592e-01,-2.637818059626262368e-01,4.353799914126234571e-01,6.502137510034163015e-02,2.433774525360763163e-01,-2.223570481826497580e-01,-1.231028431683685864e-01,-6.349991599305541967e-02,-2.880598129445367528e-01,-1.712574906192245172e-01,2.921621520712379128e-01,3.643381186178057396e-01,1.970849590232792714e-01,2.644398603617899024e-01,2.271174417085145836e-01,4.319637089999440183e-01,8.345623238187689641e-02,-4.385629212014859751e-02,1.557862116601639035e-01,-1.436752104840666733e-01,6.507271267758134303e-02,1.818283644781302014e-02,2.651772546530513086e-01,4.905538857878918163e-02,2.632217596654656822e-01,-6.277185580674669169e-03,3.081654750126010256e-02,1.074168797953964222e-01,6.027498273190583927e-02,-5.217764668545932759e-03,-2.473537812459163376e-01,3.210418727948177176e-01
2.453516157335673131e-01,2.331939440327067126e-01,-2.519088244628222562e-01,-2.225670655440849799e-01,5.312972539063229305e-02,6.725222618403121910e-02,-1.590064778688371483e-01,-8.489835159706535239e-02,2.193981369126514480e-02,2.954197546997218704e-01,2.159165157653032685e-01,1.000000000000000000e+00,2.533556107304870686e-01,4.596626654470102880e-01,1.061334403644034613e-01,-1.294173651688539615e-02,2.625357029514439611e-01,4.167817872944163393e-01,-1.860660481266451227e-01,1.658903802714357667e-01,9.430246233688652224e-02,1.241715981854499967e-01,-4.848180782944723211e-01,-4.473696492243358636e-01,-1.382334272966565247e-01,-1.803349076857020325e-02,1.129660051897623529e-01,1.918205238299699467e-01,2.720518229506972419e-01,4.162684115220191550e-01,1.479315623424869719e-01,-6.440532417346500789e-03,-9.003210932103720976e-02,1.948027703623499488e-02,-3.729955009614128181e-01,-3.882894319263725524e-01,1.344531147908226976e-01,2.705303638434110591e-01,1.668284578191797096e-01,1.946254223682491180e-01,1.179270819721097013e-01,3.181949707842515185e-01,-3.206265051244236441e-02,3.610665148318927820e-01,-2.345660574607500923e-02,1.232988593723747806e-01,-1.834151623200851178e-03,1.430078219799503503e-01,8.753523624619635735e-02,1.927819366400955747e-01,4.450501241435958488e-02,9.711202792764202230e-02,-1.725175947878357929e-01,-3.348703492822073247e-01,2.108060933037131102e-01,8.626579797263241034e-02,1.021244422872290836e-01,3.389586872514794291e-01,3.707459816678178588e-01,3.920744114846827499e-01,3.273377265853977258e-01,2.156318255642466486e-01,2.985373457539156616e-01,6.228274870722646517e-01,-5.319226389381521702e-01,-2.374829652584613537e-01,-3.244814904698788416e-01,-1.039119233856665436e-01,-2.892312431160976027e-01,-3.855545391752384643e-01,1.034452181380327435e-01,-7.618029757126588974e-02,2.051636268598204180e-02,8.595310545671774882e-02,2.746747064423992191e-01,6.234248697892359053e-02,3.202998114510799410e-02,9.989825825601583720e-02,2.516007989993839650e-02,-5.599529561110384857e-02,7.998394533948140206e-02,-1.871301360912502043e-01,1.005469785502268176e-01,1.118599137528702436e-01,-3.588216625907741930e-01,-2.774142662460096775e-01,3.753243601471054763e-02,-2.255493120764649750e-01,2.143950566580170580e-01,-7.198928444751433176e-02,-1.191405156159575790e-01,-2.232157858382959603e-01,-3.059766274011985199e-01,-2.754401030485186808e-01,2.141850392965818639e-01,2.610422461590158338e-01,1.022084492318031538e-03,2.418699945862191336e-01,1.238215692497246501e-01,1.427464670412754155e-01,4.851681072301977093e-01,1.406696286893049930e-01,2.683555173894375256e-01,-9.264099165531017310e-03,1.688539585939104193e-01,8.007728638900815654e-02,1.594311796441839069e-01,1.004116340284130215e-01,2.168825956279052392e-01,-1.171523512610375822e-01,-2.035301584931021035e-01,-5.409580525323427064e-02,-6.754158343756416771e-02,-2.361061847779416523e-02,-9.671066141467694888e-02,3.067373569548416112e-01
3.084594993186103307e-01,-1.385694550749528575e-01,4.668079227882838134e-01,1.852819833106203505e-03,-4.554576511658296745e-02,-1.109218362051262868e-01,4.804030466518565690e-01,1.493130098754830437e-01,-1.366932999794649717e-01,-1.322175966546567868e-02,4.730291037392424514e-01,2.533556107304870686e-01,1.000000000000000000e+00,2.603048518677544276e-01,3.145033322754681171e-01,1.394981985177441430e-01,3.488388373438870982e-01,2.668200571247222874e-01,1.955168293912296629e-01,1.229581645416021052e-01,2.086779173745029470e-01,-3.102656486269531749e-02,2.765508615378871049e-01,1.471148281591278251e-01,-1.495790318666343106e-02,-2.246765732633897727e-01,-1.152948643754550390e-01,-2.180633599044187743e-01,2.933662516101330775e-01,4.770054324490824449e-01,1.705154292754867684e-01,1.973463139619541784e-01,1.239242444042040758e-01,4.587712584240297500e-03,1.110291784120820587e-02,-1.979576978363544737e-01,5.399779715123116663e-02,9.693001288106482816e-02,3.321541247409785791e-02,1.700067205555659267e-01,1.356105438049545475e-01,1.487062930535590910e-01,1.169563350570313777e-02,1.215627158511770334e-01,-8.347490059178225286e-02,-1.707767842141617032e-01,-3.605764743218772828e-02,-2.279481770493027304e-01,-2.264080497321111773e-01,-3.103776578863852720e-01,-1.258704052868370449e-01,-4.395009987492299319e-01,-9.234230029682453933e-02,-3.904362760654880860e-01,7.507420613437378043e-02,-1.366886329269886291e-01,1.212593574402150570e-01,-5.418447925028468601e-03,1.797561931786361145e-01,-2.207749173931711772e-01,6.028571695260142027e-01,1.553101723075774321e-01,3.465706498403868241e-01,2.558151473855171942e-01,2.061670431422330807e-01,4.892004405697537861e-02,6.074635503201598202e-02,-7.522821886609293296e-02,-1.127886571956615014e-01,-1.398248921910877907e-01,3.997797151231168716e-02,-1.337670580768010042e-01,-1.030625198349730265e-01,3.583829596579984206e-02,2.240371870741314497e-01,8.214479063602590780e-02,-4.169077977112774919e-02,5.911288666529766755e-02,-7.345940597756081200e-03,7.069651091156868572e-02,7.739839826759012387e-02,-1.404596113278697711e-01,2.781936640095581392e-01,-1.421164149569697777e-01,2.264827225717326031e-01,-4.161377340526816737e-01,3.167155151492523357e-01,-8.053932458416562801e-02,2.888345436556088441e-01,-5.504648384266432881e-01,-5.460451397315511067e-03,-2.884938488248361965e-01,-1.438945619504545803e-01,-4.323324061455747214e-01,1.882642298430003414e-01,1.841245542964884963e-01,-2.940243060092967778e-02,-1.519592286295667026e-02,-1.721395635372524047e-01,3.040584688334235786e-02,2.069137715384471721e-01,-2.458883267683461826e-01,-7.327272387850729089e-03,-3.090568820355816260e-01,7.635297851289040219e-03,-1.916291746784400812e-02,1.318722347714077758e-01,-2.899172998301192961e-02,1.481882502286855641e-01,-2.621016670711445382e-02,-3.006281852633150842e-01,-1.973369798570015210e-01,-1.663150820467825253e-01,-1.336877181847032636e-01,-8.039931300987548934e-02,2.445348815502081385e-01
