1.000000000000000000e+00,6.377260616134194926e-01,5.046633591254574558e-01,5.930057604186406844e-02,-4.559246921726344687e-02,-1.705271136946361621e-01,3.991492937037231514e-01,-1.988063627168718817e-01,-3.178504482989298885e-01,-5.192208023489174318e-01,5.703362413211290338e-01,1.246355502078819316e-01,5.245314380041508073e-01,-1.796163830598485403e-02,-1.128589987419775370e-01,-4.360269321832283551e-01,4.333099689718235004e-01,1.682348186826609915e-01,5.618383110078106757e-01,6.163282639518343764e-01,-2.418074426526693466e-01,-3.143115466370159927e-01,4.668838715127548999e-02,5.919555057318791336e-02,-9.116895629798921208e-02,-2.959640538917643893e-01,1.018952530771320697e-01,-1.392843199258428921e-01,3.012746895469977648e-01,3.714020215119558099e-02,-1.954455477192349466e-01,-2.107746998212284006e-01,1.634356113966332624e-01,3.640502387046250232e-02,-5.511325626899305635e-02,-2.433143298119359033e-01,-1.238684076540735035e-01,-8.513912449856046727e-03,-1.379326878072280327e-01,1.593875645278762868e-02,-1.459785519727664349e-01,7.573934505204468759e-02,7.009993401660771783e-02,3.278392836349771494e-02,8.698848601220579091e-04,-7.162280331241195966e-03,1.513576824988755454e-01,8.196781197701312471e-02,5.554934028023534968e-03,-2.183388167282740086e-02,1.668306738297080372e-02,-1.560244663678768129e-01,-3.424058595078871559e-02,-7.713664041791003234e-02,7.157485690279892510e-02,2.698538091139275341e-01,7.846566922913589259e-01,5.482534949507864575e-01,3.472941101260533792e-01,3.360792166013301663e-01,4.040512432960645384e-02,-2.945758911753491582e-01,3.648721771551340087e-02,-3.198367995543267006e-01,-2.141583464424905714e-01,-3.257136594754662662e-01,-1.758514483240446735e-01,-3.544586736196571053e-01,7.594186155360066470e-01,2.898862756827226272e-01,-6.276413334581462146e-03,-1.350102399831959177e-01,2.382913726143807143e-01,1.195851950619764431e-01,2.549904221338892274e-01,-7.140590288797207807e-02,1.990529442520246051e-01,9.394528173081972966e-02,1.853996333241245686e-01,1.453210012123592187e-01,1.469466128144770733e-01,-5.412693012838221823e-02,2.076513337092940614e-01,-1.157175180198589531e-01,-1.767395984830669176e-02,-4.394105788044905259e-01,-1.414578904949667648e-01,2.380653395404907363e-02,-5.714983709636543147e-02,-1.472251586227051323e-01,-2.530406014762927591e-01,1.852261129845726717e-01,-7.381692234279856046e-02,6.483952793334991915e-02,2.222453075305544090e-01,-1.276401918769649591e-01,-1.226674642513853053e-01,1.717234907725993243e-01,-1.320055983141129041e-01,3.643698814353785176e-02,-2.144117774647308350e-02,1.414989874174922280e-01,1.056259403774980621e-01,3.034756580644719648e-01,-1.750660404713360319e-01,-6.832820002328825193e-02,7.674393649155572539e-02,1.364623312457618753e-01,1.009271922354214313e-01,-5.914532100121235730e-02,-2.211242748105545983e-02,-4.186178191689745448e-02,1.911942994002132357e-01,-1.698102007128032831e-01,-2.487162919616702772e-01,-2.744589475991406069e-02
6.377260616134194926e-01,1.000000000000000000e+00,1.547139311717874166e-01,-3.710367155339517470e-02,-2.425860010182903995e-02,3.906262486044170118e-02,6.809988378703574208e-02,-6.874373557326782236e-02,-1.660064522168364920e-01,-2.727442926648842580e-01,3.049140503528627311e-01,1.549924769800154756e-01,1.632757900312565014e-01,-3.943021400080824052e-03,-1.294530227928098742e-01,-2.168479117055451266e-01,3.775505777542358388e-01,3.977200340647824572e-01,3.766327464845007356e-01,7.358563799547477302e-01,-2.612622691437456110e-02,1.629949610606658966e-02,-1.985232505839187866e-01,-2.517118009813031909e-01,-8.061161353367321536e-02,-1.916600645221683552e-01,2.239713782766233896e-01,9.469415898572795809e-02,2.349716545392692424e-01,1.310740680702026650e-01,-1.247268767023829300e-01,-1.525951564993641429e-01,2.029251876188671311e-01,1.797054263919869999e-01,-1.278730744379425188e-01,-1.644812997586697356e-01,-6.929169454027384045e-02,7.589460009269639873e-02,-1.080164113710618302e-02,1.866005767268127669e-01,-3.795300795225450829e-02,1.481064592946398084e-01,2.865597081205235874e-02,5.357440483665115022e-02,-3.152362273938386777e-02,-2.156446851404943826e-02,1.868243266383402268e-01,2.664838614668404992e-01,-1.103201221948496430e-01,-2.238184063983341895e-02,-4.121336380594033122e-02,-1.776962435129649243e-01,1.832077974561004963e-01,-6.822774087933715370e-02,3.145215975743683168e-01,4.378717273721486336e-01,6.941064729936139432e-01,7.616926452490816457e-01,2.464376959238702425e-01,3.975328147510553967e-01,-1.445812566069010763e-01,-1.447593432711780370e-01,1.510471724175721231e-01,-8.744511848471080455e-04,-4.074691373527645766e-01,-4.483560089408638039e-01,-4.083184737516238894e-01,-4.092500039955341284e-01,7.106000379004951961e-01,3.264260061325741091e-01,-7.009993401660771783e-02,-2.325743340586179098e-01,2.053042428006182918e-01,8.487656082687007608e-02,2.221311494124281749e-01,4.200333798337400892e-02,2.366429293886376239e-01,2.389443570500628944e-01,3.869731888243768680e-02,2.376657861270488614e-01,1.527435620529282636e-03,6.358607179632365033e-03,2.343688996755626253e-01,5.627995223624338017e-03,-2.737625830785704872e-01,-4.226019374915808147e-01,4.032749680928059827e-02,1.244095171339919433e-02,1.608236736539045419e-01,-9.127398176666537410e-02,-8.306372991102516090e-02,7.815949715632128370e-02,7.138763758907187840e-02,-1.028130843468671590e-01,3.667192555064168191e-01,1.083337709394528170e-01,1.412615385317896044e-01,2.168707433291703623e-01,-1.057948943923249230e-01,-4.271111831575678808e-02,1.268296692382685394e-02,7.299955021701458324e-02,2.268161985803296421e-01,2.691414624568196912e-01,-1.033747422880483269e-01,-7.454525113644406425e-03,1.114936676491875417e-01,2.179757939126324984e-01,2.778859743052907727e-01,1.794679775062844040e-01,-6.153350883241359703e-02,-1.201925162504081102e-01,1.092607348586380062e-01,9.774218073969893894e-03,-2.472915986474546191e-01,1.301608031251926534e-01
5.046633591254574558e-01,1.547139311717874166e-01,1.000000000000000000e+00,5.743683060533483209e-01,1.145576715396962042e-01,-2.657372673742947750e-02,7.160020000502296256e-01,2.300742712716529262e-02,-1.175714458582293176e-01,-2.158615855649342885e-01,5.630620860341241096e-01,-2.012607622565863383e-02,6.525300863720321365e-01,2.486569297402446144e-01,1.311882261883289269e-01,-2.012813107178490768e-01,-8.100888378475258611e-02,-2.203228848213082958e-01,5.710714196018621402e-01,3.107863439492772883e-01,-2.212498487404934711e-01,-2.363232866578841018e-01,4.905716810239526549e-01,5.139010340442340397e-01,2.283002541159709353e-01,2.085212185694161266e-02,1.021258524757471045e-02,4.772494286386187723e-02,2.869706773457780802e-02,-9.549783213733678555e-02,8.739260575037272050e-02,-4.217685832292591974e-02,1.589971437638844909e-01,2.387959514964987581e-02,1.740066531351243950e-01,1.518531287315434859e-02,-2.863884709433341946e-01,-1.293845279219341116e-01,-2.738539095730714856e-01,-1.997926888574827198e-01,-3.403669955181523044e-01,-1.818105020902351376e-01,-4.656966270842418515e-02,-2.309989520284755904e-01,-2.158433202660340888e-01,-2.913064026722132493e-01,-3.893933409286534642e-02,-2.017425095150791325e-01,-3.019094086837797453e-01,-3.409240871346084223e-01,-6.257006454499998427e-02,-3.673859389162741351e-01,-8.427837228788850887e-02,-6.664550936210726986e-03,-9.248862414352872208e-02,-9.336079216601329833e-02,2.630910821961282009e-01,1.477046227188354155e-01,2.659176372009342537e-01,-1.684905328672637870e-01,3.364445225793341598e-01,-3.162157040473619340e-01,-1.498736269632342244e-01,-6.283787949012418217e-01,2.643285561966168262e-01,-6.104947841155827781e-02,2.485701695704686520e-01,-1.249825908869857394e-01,4.271317316188306124e-01,2.105874805075013401e-01,2.398005429360098098e-02,-1.385194605343969751e-02,9.733121151444442884e-03,2.691848425417076723e-03,7.073465315338969828e-02,-2.013543719134498755e-01,2.012539127694987773e-01,9.085844621668580368e-02,-2.192064184260335280e-02,-2.423120215347874043e-02,-3.122224530753055574e-02,-2.880369141690772850e-01,4.140971576911749163e-02,-1.784451207678731666e-01,2.807262282842719614e-01,-3.177819534280541536e-01,-1.832488943786259594e-01,-5.495343490361630223e-02,1.885663795209468682e-02,-2.191356403927952612e-01,-1.638831112196881545e-01,1.403528399115046288e-01,-2.494354881058656603e-02,2.519355508928306508e-01,1.977789396537356081e-01,-6.268878898785129605e-02,-1.372477390984705170e-01,-1.134708862551342679e-01,-1.667781610953699700e-01,-1.175303489357038683e-01,-5.854256613750573324e-02,-2.550269527316896268e-01,-1.324530981371678240e-01,-1.667553294717447343e-01,-1.567505119991597917e-01,-1.892353460931667231e-01,-1.183979506334633947e-01,-1.268867482973316807e-01,1.470584877702408103e-02,-1.335672813700800599e-01,-8.983558947827456620e-02,-1.426405685987547634e-01,-1.128955293397779364e-01,3.386158099860955145e-02,3.582281746801860463e-03,-6.079376422695546844e-02
5.930057604186406844e-02,-3.710367155339517470e-02,5.743683060533483209e-01,1.000000000000000000e+00,-1.294484564680848104e-01,1.020002785458082317e-01,4.729502339099840302e-01,5.517878302879752894e-01,-7.225523928683140473e-02,3.657397788528935628e-02,1.462068682090189586e-01,1.034295381847489259e-01,2.374420362155214015e-01,2.521045049076575117e-01,9.248405781880367216e-02,3.736395206272303399e-02,-3.665457351668648944e-01,-3.908477153535819260e-01,2.780138313975921704e-01,1.995050103998045610e-01,-1.584583174463285726e-01,-1.804588699716202782e-01,6.364063937678799965e-01,6.105472968499209285e-01,1.767236163465292498e-01,1.371929432017699180e-01,-1.766870857487288504e-01,-9.434711830662413645e-02,-2.243914801513280100e-01,-1.351791939980227786e-01,4.073389970981006192e-02,4.470660222060371392e-02,1.793538193881581422e-01,9.397267967917002918e-02,2.908680354986084016e-01,3.019733372299304164e-01,-7.689005888275732281e-02,-1.772578763393601320e-01,-1.215030514464975203e-01,-9.968971823493284756e-02,-8.001342499469164815e-02,-4.618152510679492118e-02,-1.595725006792408085e-01,-2.435152480998381275e-01,-3.307137850493961917e-01,-3.409332197840584944e-01,-1.826415731901942785e-01,-3.392665112594152044e-01,-2.817993145946587896e-01,-3.910988632134597132e-01,-7.684896196023187354e-02,-2.047791154572375094e-01,-1.297954971471886321e-01,-8.890862555908937703e-02,-3.621072675341161506e-01,-3.080967786862227054e-01,-1.344029187947642645e-01,-6.033713175445045568e-02,-1.780250188931685462e-01,-4.071083976994855913e-01,1.909705494886857757e-01,3.771555906655189860e-02,-3.140101692051626703e-01,-2.756347762158410375e-01,3.865051405400592444e-01,3.796419544783088407e-01,2.276746676286390825e-01,1.478279134864117494e-01,2.528145684024028089e-02,2.111925185335704856e-03,2.462230786617928824e-01,1.377865654160264353e-01,9.687229587957688071e-02,1.893540705360180210e-01,-2.890255234720506827e-02,1.265123096698775595e-01,4.119509850704013154e-02,1.141238706908164341e-01,-1.786688706794006265e-01,-1.971213888933283642e-01,-7.721426793823589485e-02,-8.706383037016911242e-02,9.842027996136888668e-02,-2.478829376993486183e-02,2.787353107041500855e-01,1.018313245309813708e-01,-1.411428140889383065e-01,-1.778469322288915855e-01,-1.235715965469452449e-01,-2.329487726860720309e-01,3.363326476235704854e-02,8.792458258084107428e-03,1.839064451390331756e-01,5.775715828479710545e-02,-3.762879889677594319e-02,9.232880277815196102e-02,-3.346431074753018764e-02,-2.272089025066839629e-01,-2.512460358593480714e-01,-2.662783768542132390e-01,-3.325677128877665978e-01,-2.548625650415878297e-01,-2.670318204338464896e-01,-3.399925568906981832e-01,-1.948427928555283295e-01,-2.843884207137621911e-01,-1.692622417457972650e-01,-2.853747468543730292e-01,-1.461246743639680323e-01,-1.921486612677487382e-01,-1.721298936731287810e-01,-2.728995477055359831e-01,-1.004979577112667249e-01,1.321882513031149287e-01,-6.924831445538586275e-03,-2.626664139966985445e-01
-4.559246921726344687e-02,-2.425860010182903995e-02,1.145576715396962042e-01,-1.294484564680848104e-01,1.000000000000000000e+00,3.826694277710170899e-01,6.947434752927585111e-02,-1.870663418487678864e-01,5.690165734755895377e-01,3.111379509531061460e-01,1.144389470968448924e-01,1.783446616239220683e-01,3.415816378950156107e-01,3.781076693706919567e-01,3.813132293276771945e-01,3.891536088805883087e-01,1.893997337832685202e-01,3.114530273591346043e-01,7.644712538442746674e-02,4.405361778492154073e-02,5.041838950293272559e-01,3.311338869241008398e-01,-1.833584861720271575e-01,-9.203199167102370237e-02,5.827840425216158637e-01,4.125742883953706364e-01,6.672016877136184299e-01,6.595576601238843928e-01,3.393441387797410669e-01,3.256771288776658668e-01,5.545047934993800887e-01,4.732470450171122889e-01,-5.226843596528679692e-02,8.694053960259276459e-02,-9.762117313448510914e-02,-1.105575710805522527e-01,-7.838324706784872975e-02,3.173481525791743696e-01,-6.166821541180258007e-03,2.612508533319329862e-01,-5.735075538426764180e-02,-1.677964515090561715e-01,-3.689704535958665543e-01,-4.444335360020457149e-01,-2.027973305265657333e-01,-3.219053446547744390e-01,-1.734906584411937402e-01,-2.088522771119822596e-01,-1.655635187185066359e-01,-2.681779679398341165e-01,-4.068115865923573327e-01,-3.895326138327674936e-01,-2.436202735685142895e-01,-2.615522307637863086e-01,2.180123245104328977e-01,3.258004196452422563e-01,3.103045966907844871e-02,6.436234699958218002e-03,6.253810027192463483e-02,-9.483114872747945567e-02,7.858416535575094009e-02,-3.705344198141962558e-02,2.476980015479840758e-01,6.416827819876755323e-02,-3.726805924349698568e-02,-1.232473874914666867e-01,8.794513104210380239e-02,1.197039195048277410e-01,5.813616323697626959e-02,3.100648646427193178e-01,3.277228423544883418e-01,3.608880588325277805e-01,2.857080885593017427e-01,1.557870174821742171e-01,1.671754313464493269e-01,-1.757601218295436751e-01,-3.363783108708209846e-02,1.316676902844592101e-01,2.389717549984131939e-01,1.693900988380986627e-01,7.947916500186077982e-02,-7.521421770866391909e-02,-6.909077625237163012e-02,6.488519118060043223e-02,-1.651616821427022153e-01,-1.402386817933783669e-01,2.029936824897428937e-01,4.833203573605729941e-01,7.823255835192208241e-02,1.521887535988346862e-01,-3.650251490334232018e-01,1.632209941345559023e-01,-2.791417136046795422e-01,-1.268273860759060179e-01,2.903520408046777468e-01,-3.899869631429099537e-02,-1.509923765208715241e-01,-8.920087034149259964e-02,-7.668457427013007643e-02,-8.808212078385529997e-02,1.024614773430383013e-01,-3.500087901750957142e-03,2.437481306608156872e-01,2.460586909716910575e-01,7.577815881220761191e-03,4.624088732822057013e-02,2.016283513969528984e-01,4.058572247248218301e-01,3.864275130197333818e-01,1.315307005427076847e-01,-1.817694051677097022e-01,-3.945532878679601507e-02,-7.719371947697316501e-03,-9.126484911721527427e-02,-2.726849304434586507e-01,2.995280703396660527e-02
-1.705271136946361621e-01,3.906262486044170118e-02,-2.657372673742947750e-02,1.020002785458082317e-01,3.826694277710170899e-01,1.000000000000000000e+00,-1.332750365876768650e-01,-3.639132489628735256e-02,5.256182232887127714e-01,6.266024945831972781e-01,-1.157905792154597518e-01,1.240442111559879323e-02,1.194778864309377700e-02,1.155713956286573418e-01,4.375840489144704470e-01,6.027251825959099030e-01,-8.690857532951740128e-02,1.747053008180570743e-01,-8.016868003534335929e-02,6.029831799428752616e-03,2.182041101488850221e-01,4.971517549527499358e-01,-2.983431090735155222e-01,-2.676574069211783979e-01,2.593832265193874997e-01,5.522718607088306086e-01,1.008860953128959820e-01,3.937199336056385057e-01,8.415964784503721097e-02,7.760240553986515188e-02,4.746306414088025116e-01,4.404014712698264278e-01,-4.302619472178525334e-02,6.646970586019283755e-02,-8.353862768243038028e-02,8.311852580772575994e-02,9.129681339029062370e-02,1.907422332524332798e-01,6.472080349049862125e-02,2.335332622508784484e-01,9.867142782124664613e-02,-1.109457086821815097e-01,-5.311708741543736956e-01,-3.942861578715446957e-01,-3.604177273858475972e-01,-3.416090358433659380e-01,-3.437415094899643475e-01,-2.757945975812177708e-01,-3.750117012071079170e-01,-2.957905335522125201e-01,-4.956905310407339060e-01,-4.053868932781417023e-01,-3.507645169170915400e-01,-3.516640828879263880e-01,1.977378427312101450e-01,2.002173570569123762e-01,-1.459739856480413989e-01,-2.002561708170753213e-02,-2.514012908999997964e-01,-1.411291151147631429e-01,-1.639424734411138174e-01,1.638922438691382544e-01,-2.985691421474055349e-02,3.362618695903321631e-01,-1.534901561454739827e-01,-6.507012733196496307e-04,-1.537960999020523412e-01,5.638726086728205328e-02,-2.735456826541305883e-02,2.799316877821132477e-01,4.556895264492943909e-01,4.564292710547525056e-01,1.854087659735746685e-01,1.867238674943891286e-01,-1.433574815805876423e-01,2.960097171390149162e-01,5.484840943494014714e-02,2.464331295991451787e-01,-1.453689476219722360e-02,1.485859233907700916e-01,-1.975163759820451961e-02,1.367545760281650979e-01,1.141581181262543060e-05,1.179458844856834249e-01,-1.394715392395699527e-01,1.116169584167638895e-01,5.221021532504240836e-01,3.578149222925690043e-01,1.540746457102804001e-01,4.157866978394434559e-02,5.122274760325030984e-02,2.802878611106671691e-01,1.317590167789602085e-01,-1.842740342793997010e-02,1.900024886469751650e-01,1.916783298210685549e-01,4.550114272276244154e-02,-7.282602987746267242e-02,1.732303779318658810e-01,3.110352086467925090e-02,2.790869177079789432e-01,6.280751343070259396e-02,4.100217128740676342e-01,2.434832838267627642e-01,2.218617362536502158e-01,2.514195561988999961e-01,3.134987408359570793e-01,4.445294288212717770e-01,2.827217121891189011e-01,1.063428533593309411e-01,-2.781005915673681050e-01,-4.583905075241615640e-02,9.262789704764275156e-03,-2.984093207820287617e-03,-8.787663617122803972e-02,2.165419679489667681e-01
3.991492937037231514e-01,6.809988378703574208e-02,7.160020000502296256e-01,4.729502339099840302e-01,6.947434752927585111e-02,-1.332750365876768650e-01,1.000000000000000000e+00,2.521912650774334463e-01,-1.408482861441725728e-02,-1.414578904949667648e-01,6.109719650493505849e-01,-2.983408259111530042e-02,6.610325830100756139e-01,8.353406135770533036e-02,-3.592099344960718310e-02,-1.491841119297516727e-01,-1.060688738758279320e-01,-4.118071458415622499e-01,5.975698019813282524e-01,2.236060722986193683e-01,-4.756512149848512311e-02,-1.453392665112594184e-01,4.328624691487685805e-01,3.808337652315468835e-01,8.735150882784727122e-02,-1.507731929340691279e-01,5.775259196007205553e-02,6.130062627143603726e-02,-1.078725721422227474e-01,-3.141334599727390597e-01,1.419442040781846055e-02,-1.104845098849514540e-01,9.436994993024938605e-02,-6.919580172104779214e-02,3.268689396309039652e-01,1.833310882236768580e-01,-2.538534072773517281e-01,-1.372660043973707167e-01,-1.038405074100034464e-01,-1.961030984796421905e-01,-1.630292084961037780e-01,-2.900301149115616997e-02,-1.589012509446584287e-01,-2.793243665936815945e-01,-3.587875494590046510e-01,-3.489836502743219326e-01,-1.318549095981862429e-01,-2.647532243960464826e-01,-3.016125975766514866e-01,-3.805552194233188246e-01,-2.004639385920650996e-01,-3.821671320512615710e-01,-1.991579697207007393e-01,2.037722408553639328e-02,-1.595314037567153453e-01,-5.825488767982757443e-02,1.902810344552032240e-01,2.331793720846870449e-02,2.971741299439026873e-01,-1.099593825415706855e-01,4.905990789723029821e-01,-6.841039386833916436e-02,-1.702257362627828674e-01,-5.984967659005134832e-01,4.066700305258807990e-01,1.846187917961409908e-01,4.586165405980515697e-01,1.257908303633196168e-01,2.605111087264748715e-01,9.918742251517732866e-02,1.938633162020050871e-02,6.264769206532584678e-02,-1.842740342793997010e-02,-1.824475043893796292e-02,1.636958919059611217e-01,-3.497142622303299753e-01,2.173776053736509450e-01,1.020322428188835812e-01,-1.305489407268219104e-01,-2.591275123347846487e-01,-2.044914369995593506e-01,-3.643128023763154144e-01,-1.395354677857206516e-01,-2.410129021505106328e-01,7.091273981766665901e-02,-2.205146704597603924e-01,-3.300653669384390754e-01,-1.312749863581048893e-01,-1.356358264705277983e-01,-7.279863192911237291e-02,-9.180824175949624244e-02,2.686756973348645716e-01,1.817168924333716074e-02,3.785551691937468766e-01,2.356429042738516222e-01,-1.341198066618111417e-01,-1.382934274605069902e-01,-6.477103306247417036e-02,-1.414419083584290970e-02,1.515631671115028056e-01,-1.010139524051973936e-01,6.366598247901203433e-02,-8.603640730703282502e-02,-2.129962167999652906e-02,1.258022461751322424e-03,-2.380196762932402371e-02,-1.229734080079636638e-01,-8.952964572169620772e-02,-4.978892163958455880e-02,-3.432118158218585569e-01,3.328165775852818392e-02,2.169232560635084295e-02,1.546317373267365181e-01,1.537276050311765785e-01,8.513227501147288545e-02,-1.239916984216498652e-01
-1.988063627168718817e-01,-6.874373557326782236e-02,2.300742712716529262e-02,5.517878302879752894e-01,-1.870663418487678864e-01,-3.639132489628735256e-02,2.521912650774334463e-01,1.000000000000000000e+00,5.179810451860663439e-02,1.588053581254323665e-01,2.006671400423298141e-02,1.408140387087346845e-01,-8.876250316788777961e-02,-2.376772019388614932e-03,2.258275892773562929e-02,1.537778346031521415e-01,-3.974460545812794621e-01,-3.507325526440161489e-01,2.387434387621606979e-01,1.134800189045843677e-01,1.000504578882118051e-01,-3.404423398761156211e-02,3.995145996817271450e-01,2.113728883602099540e-01,-2.423554016196753924e-01,-9.375806241709266908e-02,-1.203980008630353704e-01,-7.089904084349150926e-02,-3.807744030101212762e-01,-2.011694357620853399e-02,-1.759427748185456719e-01,-8.854331958108536960e-02,3.310357109425122318e-02,4.614499450899451488e-02,7.882161424145354978e-02,1.779199934244923842e-01,-2.083499813922267407e-01,-2.714657217418702251e-01,-1.463278758142327711e-02,-9.583574016699049347e-02,1.347750742598558329e-02,-2.821760363844754219e-02,-1.795319060524351029e-01,-9.380829198906821820e-02,-2.788312035233761477e-01,-9.074428809855955569e-02,-2.058567680923493459e-01,-2.192680638098216950e-01,-2.344419608711634240e-01,-2.082677875471758422e-01,-1.019043857265821695e-01,-7.406350387795126999e-02,-5.673658470874838947e-03,-4.311752121628625173e-02,-2.553511617871681572e-01,-3.638927005016107663e-01,-2.069937829488868453e-01,-1.684129053469379245e-01,-1.369783259396925579e-01,-2.046192940918607484e-01,2.242955873321019478e-01,4.453650662459559539e-01,6.207918463705709884e-03,5.636442924365680368e-02,2.441499672366201079e-01,3.709065752792878312e-01,4.613129553481936512e-02,1.684494359447383516e-01,-1.713353531709700395e-01,-1.390834016379406679e-01,1.560792622645774119e-01,-1.431314485066976540e-02,8.281029888878486955e-03,2.510770818445212105e-01,5.038939334092865444e-03,9.205938961937400189e-02,1.698444481482411575e-02,-1.698901113954916567e-02,-1.297178696268627696e-01,-2.618216439225642400e-01,-9.097717065953711546e-02,-9.858010132674564774e-02,-1.550495560390786030e-02,-7.988100157766518661e-02,2.579745153417094955e-02,-5.110402316039900500e-02,-8.476696903346887801e-02,-3.072611412615385285e-01,2.892766713319284456e-03,-2.121856941612688952e-01,2.385014235517330383e-01,-2.076422010598439616e-01,1.933267730468116730e-01,-4.294856720145939777e-02,-6.904054668039608100e-02,2.421316517081479325e-01,6.595371116626216890e-02,-1.343709545216889012e-01,-7.787181869864311101e-02,-1.445447260091006769e-01,-1.339371536728091450e-01,-1.868608572361406261e-01,-2.316154058663573712e-01,-3.878111094114235491e-01,-2.112495975926335923e-01,-2.926899990639034166e-01,-2.159255141110849874e-01,-2.559584829755998658e-01,-1.128498660925274372e-01,-2.046101614424106485e-01,-1.057127005472740244e-01,-1.176764713269054657e-01,7.112050759265643382e-03,4.288007233058364204e-02,5.213601254826034231e-02,-2.228297970953608542e-01
-3.178504482989298885e-01,-1.660064522168364920e-01,-1.175714458582293176e-01,-7.225523928683140473e-02,5.690165734755895377e-01,5.256182232887127714e-01,-1.408482861441725728e-02,5.179810451860663439e-02,1.000000000000000000e+00,7.281621227930381579e-01,-1.733171381016418156e-01,-6.874830189799287228e-02,5.687585761286242242e-02,8.438339775656465702e-02,5.060195575687973513e-01,6.202690021895527206e-01,-6.423677306964330203e-02,1.323480726684916620e-01,-2.240307404980490247e-01,-2.087335526691309617e-01,4.212229074246157112e-01,3.635228281988817089e-01,-2.806166364908707633e-01,-3.442803358075202658e-01,1.858334341730043526e-01,4.468308564826970475e-01,2.046649573391112475e-01,4.499496562699062951e-01,1.487777090292221882e-01,8.069380737872412779e-02,4.184602809659603295e-01,3.859160846505277354e-01,-1.278365438401420917e-01,5.399907303608081355e-02,-5.970469578003100193e-03,-4.884825874622421987e-02,4.831399875339335154e-02,7.588546744324628501e-02,2.609951391473301907e-01,1.468963832425015104e-01,2.165100036758914048e-01,-1.429373797058830220e-01,-4.321546888163858013e-01,-3.509152056330182012e-01,-2.256472194507168072e-01,-2.698583754386525424e-01,-3.510202311016943355e-01,-3.209509827872389365e-01,-1.141056053919162344e-01,-1.871850662916191843e-01,-3.782629244113436817e-01,-2.534881012993476790e-01,-2.859683690686296020e-01,-2.989458639372221671e-01,-4.239147558500327290e-02,4.365178120911712700e-02,-1.014431869293521138e-01,3.595752404740758246e-02,8.847482471020962080e-02,-9.669877554002498377e-02,1.595588017050656449e-01,3.106447878828006992e-01,2.307523704933228947e-01,3.288918214841011767e-01,7.741975255086315510e-02,6.006315227094744663e-02,1.356814897177782975e-01,1.700339506243307430e-01,-2.809819424688748124e-01,-8.648390713008774489e-02,2.303551002422435379e-01,3.653493580889017878e-01,1.793857836612335055e-01,1.235533312480450452e-01,-5.664297505188486265e-02,4.874323327754806479e-02,3.698951343526891977e-02,1.730385922934137566e-01,-1.266995289836046201e-01,1.085187070908173561e-02,-1.013838247079264510e-01,-7.540143702239097967e-02,-1.873677192806212088e-01,1.601798218676724894e-01,-3.172065965126977805e-01,9.820109637456649054e-02,2.824705643292411694e-01,3.519654603197797105e-01,-1.561911372203411523e-02,1.016852021397797595e-01,-2.024320245485617120e-01,1.170234868912232995e-01,-2.543694019712823828e-01,-3.647808506606330103e-02,-7.175979305416345724e-03,-1.355855968985522353e-01,-1.898426672815984040e-01,-8.082166447102552553e-02,-4.288920498003374188e-02,2.230877944423261677e-02,8.438796408128970694e-02,5.003093685001221147e-02,1.651342841943519157e-01,1.374988869583482765e-01,6.162483532691460236e-02,1.331791437684508028e-01,1.225076428860085581e-01,2.732557210340899045e-01,7.167531604675003720e-02,-6.338287034605892545e-02,-2.054549315165449253e-01,-1.626684688428248204e-01,-7.461602916968233801e-02,-1.518736771928062002e-01,-1.386222028407106122e-01,1.206171844498377804e-01
-5.192208023489174318e-01,-2.727442926648842580e-01,-2.158615855649342885e-01,3.657397788528935628e-02,3.111379509531061460e-01,6.266024945831972781e-01,-1.414578904949667648e-01,1.588053581254323665e-01,7.281621227930381579e-01,1.000000000000000000e+00,-3.006308377607656568e-01,-8.024174123094415800e-02,-1.574948229293429702e-01,5.651055163485840804e-02,4.845943619588619633e-01,8.393521298480098869e-01,-2.083545477169518045e-01,6.012708081709814550e-02,-2.065051862033064622e-01,-2.760000821938450311e-01,4.316158624988298831e-01,6.205886449203061872e-01,-2.663834023228893733e-01,-3.278141688489893402e-01,4.857884558744626075e-02,4.840144387187805819e-01,5.456073097726198834e-02,4.754982431065620241e-01,-6.472765297758619092e-03,2.473806419795930925e-02,3.065853252022310849e-01,3.774272869866595048e-01,-1.699289251556545810e-01,-1.307567085018116956e-02,-8.160250599900910340e-02,2.728150706981225665e-02,2.788540351470014111e-01,5.232323186198740289e-02,2.724018183105055280e-01,2.508852962060690861e-01,3.488329615583953269e-01,1.681549079999726179e-02,-5.189011596181639652e-01,-3.818292240216078492e-01,-3.695503768359479357e-01,-3.568605604250335017e-01,-5.416140588005634582e-01,-4.372461408848167252e-01,-3.106630531817008989e-01,-2.891191331289141853e-01,-5.587880060914771629e-01,-3.135626693821077504e-01,-3.906924603129302564e-01,-2.845117114813385806e-01,-1.703033637831087022e-01,-2.128135638109632938e-02,-4.611234528721041004e-01,-2.179849265620825982e-01,-2.408256828367835722e-01,-3.644178278449915487e-01,1.047674713291886356e-01,4.826354086518154785e-01,6.210429942304487166e-02,4.454472600910068247e-01,-1.368755836333789173e-02,1.753126220064887553e-01,-2.261472320081097873e-02,1.391610291582665304e-01,-5.117091981762098563e-01,-4.859254456162141050e-02,2.466888437837480019e-01,4.218484939119475641e-01,-1.024203804205128382e-01,-2.865597081205235874e-02,-3.555774231772944050e-01,1.526453860713396782e-01,-7.120041827534481782e-02,6.926429659192354094e-02,-1.943770277335732100e-01,1.242930758535031738e-01,-3.079757710810088894e-02,1.919705746034717775e-01,-1.160097628022621619e-01,3.389194705803113550e-01,-1.989250871597231796e-01,3.966606467285708204e-01,4.534291957103945281e-01,3.859206509752527992e-01,5.679823009253657379e-02,2.855665324928251536e-01,8.207968693277684774e-03,1.853539700768740695e-01,-6.621399167559002819e-02,7.815493083159623378e-02,9.385395523631871739e-02,1.063748176324062905e-01,3.996219083127658389e-02,-2.724954279673690374e-02,9.415989899289707588e-02,9.768966800536087181e-02,1.221743011810798862e-01,1.945482649107626097e-02,1.239871320969248153e-01,5.234149716088760257e-02,4.099874654386297113e-02,7.700878332560863460e-02,1.158910383594108501e-01,2.992792056421508251e-01,7.029171965505982833e-02,2.292523328211439060e-02,-2.623604702401201583e-01,-9.296352191493394146e-02,-2.002082244074622763e-01,-9.825589227126708958e-02,-8.337880631705361922e-02,1.247816725990835429e-01
5.703362413211290338e-01,3.049140503528627311e-01,5.630620860341241096e-01,1.462068682090189586e-01,1.144389470968448924e-01,-1.157905792154597518e-01,6.109719650493505849e-01,2.006671400423298141e-02,-1.733171381016418156e-01,-3.006308377607656568e-01,1.000000000000000000e+00,2.268983924253805406e-01,7.907618684487509597e-01,2.405517033532805493e-01,5.814986221115141934e-02,-1.597779852918680688e-01,1.283571048587978103e-01,5.491005481872832626e-03,6.133053569838512464e-01,4.000762576229083267e-01,-7.607268675697334559e-02,-4.541438255298649307e-02,3.195262894730233061e-01,1.759153768701953724e-01,1.423300585174513411e-01,-1.316174607124836471e-01,8.224179146051613376e-02,5.091452068430942120e-04,2.026831724084394715e-01,8.342903588902918222e-02,5.904029553253620222e-02,-1.152197886248284842e-01,2.190945434702697980e-01,9.737915792405744952e-02,5.880284664683359946e-02,-1.387180956599366743e-01,-2.914068618161643198e-01,-5.570231215852453066e-02,-2.010027649096210178e-01,-1.768765882248184151e-02,-1.911988657249382995e-01,3.149165846630851140e-02,-1.775227231734130273e-01,-2.936626262303391188e-01,-2.789681932651276730e-01,-2.334693337047277495e-01,-8.572133090100436670e-02,-1.178773896148076761e-01,-3.071972127153878018e-01,-2.169164065764208615e-01,-9.300918516218444065e-02,-2.530862647235432861e-01,1.201171718924447934e-02,2.259645790191077905e-02,1.592391589743121505e-01,1.747760788512953481e-02,3.405998780791298364e-01,1.819383591825365354e-01,3.552121171992904114e-01,9.603209213016765389e-02,4.361228250024544173e-01,-1.002011466041384663e-01,9.841571363664383676e-02,-4.066426325775304718e-01,7.900426723045556043e-02,-6.117276917913463258e-02,4.975010787942163101e-03,-2.393827242236677144e-01,4.785302827239953372e-01,2.765297758619508772e-01,1.807123009938605904e-02,-4.980262061375970856e-02,1.336631741893061220e-01,1.378824582352524697e-01,9.163015509521928170e-02,-1.736048165593199744e-01,3.193299375098461179e-01,1.234939690266193962e-01,9.805954030808992916e-02,3.331818835632858328e-02,8.070750635289927755e-02,-1.144343807721198425e-01,1.504718155022158055e-01,-1.576181136969193319e-01,1.162426453632397216e-01,-3.857562632851510021e-01,-1.503165604615641082e-01,-1.349371787875951190e-01,1.098132601503690742e-01,-2.341953793360107283e-01,-1.297224359515878334e-01,4.897611583852562456e-02,2.591389281465972857e-03,5.769322973864640658e-02,2.502003474973115704e-01,-4.925009532202863360e-02,-1.247497083260081935e-01,-1.332978682113021007e-01,-2.053088091253433278e-01,-1.496635760258819281e-01,-8.122806737155499612e-02,-1.482206174127660703e-01,-9.427177394866080931e-03,-5.851516818915543372e-02,-4.671578509962578951e-02,-9.218724671167541351e-02,-9.866686149652159621e-02,-1.005116566854418747e-01,1.761071625086474690e-01,-4.646463723974803006e-02,-1.550746708250663741e-01,-2.281678306989445015e-01,-1.232291221925664731e-01,-2.145145197710444651e-01,-1.400057992324008072e-01,-1.768149428410302482e-01
1.246355502078819316e-01,1.549924769800154756e-01,-2.012607622565863383e-02,1.034295381847489259e-01,1.783446616239220683e-01,1.240442111559879323e-02,-2.983408259111530042e-02,1.408140387087346845e-01,-6.874830189799287228e-02,-8.024174123094415800e-02,2.268983924253805406e-01,1.000000000000000000e+00,2.195968391900253169e-01,6.183785437533819707e-01,2.553009322151926219e-01,1.971122562438782644e-01,2.842651299461858572e-01,3.726189470511816482e-01,7.577587564984508695e-02,3.687878006068645576e-01,2.404649431835046147e-01,1.583989552249029098e-01,8.763918728552543003e-02,2.227065063277844925e-01,2.540908561630543239e-01,3.226108418247946794e-03,4.828911228364182739e-01,2.187840333889663758e-01,4.060307450643737548e-01,6.289267538682478120e-01,3.437049788921639482e-01,3.594222685957866315e-01,2.108203630684788998e-01,2.333734408855016873e-01,-2.345835169376399854e-01,-2.147884992545474880e-01,3.787994675665370264e-02,1.357362856144788965e-01,-1.196262919845018924e-01,1.958656495939395670e-01,1.057537974697994737e-01,3.274351638968102107e-01,-9.431972035827383694e-02,-9.887234610914885646e-02,-4.632308117327147562e-02,-9.858466765147069766e-02,-3.008523045099305987e-02,-1.637278561790364573e-01,2.306222302386589512e-02,-2.174255517832639553e-02,-1.532116103372459237e-01,-4.873866695282301487e-02,-2.328391808926708328e-01,-2.962015027774670406e-01,-1.483895714275929312e-01,4.816787636219174717e-02,8.594051448780677671e-02,-6.509524211795272852e-02,-2.637760309048857166e-01,-1.114343054277618789e-01,-3.178139177011294891e-01,-1.296356757818118710e-01,2.800412795755144457e-01,2.776804896926635124e-01,-2.617394500775133692e-01,-1.612437755286091623e-01,-3.092109619191349412e-01,-2.427846361438300848e-01,8.819627890198156184e-02,1.533029368317469221e-01,3.147773117589711123e-01,1.281653192203457137e-01,4.070033722308094570e-01,3.225080995184810839e-01,1.863448625422099714e-01,2.553739934107934206e-01,-2.434079394687994544e-02,9.516905675713316359e-02,2.372365516028941412e-01,1.656868094860829976e-01,2.856213283895257526e-01,2.711780432841920940e-01,4.016653386272258097e-01,3.495681398391283778e-01,-1.779268429115799660e-02,-1.157129516951338893e-01,8.999997716837637718e-02,2.610134044462303904e-01,-1.442981444739479813e-01,-2.862697465004828690e-01,-3.339878398772571644e-01,-2.367342558831386223e-01,-1.272977175225861735e-01,-4.552511592756895986e-01,5.436894533880987784e-02,1.827831292566708399e-01,-6.515917066410344127e-02,2.315354951836690045e-02,-3.493215583039756544e-01,-3.201381769861800231e-01,-2.292774476071316736e-01,-6.545141544650665000e-02,6.199014130491861674e-02,8.784010557342764036e-02,-1.206491487229131299e-01,-8.648847345481279481e-02,7.475301891143384947e-02,1.217222350332999165e-01,1.695681855023756235e-01,2.371771893814684784e-01,-2.270353821671320382e-01,-3.341704928662592167e-01,-9.524211795273397618e-02,-8.948398247444570852e-02,-2.452824157684325435e-01,-2.085600323295790648e-01
5.245314380041508073e-01,1.632757900312565014e-01,6.525300863720321365e-01,2.374420362155214015e-01,3.415816378950156107e-01,1.194778864309377700e-02,6.610325830100756139e-01,-8.876250316788777961e-02,5.687585761286242242e-02,-1.574948229293429702e-01,7.907618684487509597e-01,2.195968391900253169e-01,1.000000000000000000e+00,3.935920765133371080e-01,3.428967394158300985e-01,8.276463564153437036e-03,1.904728200936553206e-01,-4.064257321530906353e-02,5.117776930470856467e-01,3.584724730529761927e-01,9.602752580544260397e-02,4.247823575477922831e-02,2.744247001637027394e-01,2.703743701325832527e-01,3.763724659751728763e-01,1.626958667911751200e-01,2.118843167294155727e-01,1.576592106194447673e-01,2.491957560578005326e-01,5.401733833498101323e-02,2.411316265933619307e-01,1.280100641796940164e-01,2.507026432170670893e-01,1.830799403637990985e-01,1.542481660498322971e-01,-3.364696373653219830e-02,-2.329122420882716316e-01,-4.224991951852671845e-02,-1.803995077501946431e-01,1.153933089643803811e-01,-2.063225332143044655e-01,-6.932365881334918989e-02,-2.828815335544956344e-01,-4.004643952245375838e-01,-3.323941925482146731e-01,-3.747788186461303850e-01,-1.652027790652276784e-01,-3.038546630166510942e-01,-2.466020836139720396e-01,-3.329695494635709907e-01,-2.736255933368189619e-01,-3.783040213338690894e-01,-2.243229852804522473e-01,-1.768195091657553120e-01,3.426798389913902204e-02,1.985666306688067470e-02,2.647806223443967544e-01,1.251972081490630995e-01,2.947996410868766182e-01,-2.663308895885512992e-02,5.194354196109948196e-01,-8.783097292397754052e-02,2.809431287087118742e-02,-3.811853722353757967e-01,1.843402459879129318e-01,4.657422903314923507e-02,1.709380829198906826e-01,-5.831881622597828024e-02,3.922952402914228198e-01,3.143298119359161924e-01,1.379920500286536955e-01,1.586638020589558051e-01,2.447801200486770246e-01,2.102176082047722550e-01,1.157563317800218775e-03,-2.057517426236731839e-01,1.802625180084431455e-01,1.108132852651550621e-01,1.183248894378625959e-01,7.326668021343001741e-03,1.218409594761512282e-01,-1.181833333713860346e-01,1.097173673311430259e-01,-9.353887883029025907e-02,1.921166969946733749e-01,-1.998383521047332190e-01,-5.437351166353492776e-02,1.095849439141165643e-01,-1.474237937482448212e-02,-1.703033637831087022e-01,-4.379082579699490330e-01,1.052058385027934556e-01,-2.199941094411046738e-01,4.457417880357725931e-02,2.739680676911977475e-01,-9.813260150369072787e-02,-2.201447981570313350e-01,-1.802214210859176824e-01,-3.350746251618191285e-01,-2.160807691517366846e-01,-1.248227695216089922e-01,-1.482754133094666693e-01,-3.755802086353766944e-03,8.486514501505745475e-03,-8.805928916023005038e-02,-6.752909319640447439e-02,-2.866510346150245858e-02,-1.554833568879583671e-03,2.167200546132437011e-01,3.218117349979109088e-02,-2.554470546063942193e-01,-2.302135441757669765e-01,-1.359737345001815201e-01,-9.828329021961738909e-02,-1.418460280965960219e-01,-1.655726513679567358e-01
