1.000000000000000000e+00,7.629652799499531124e-01,3.299343134188301718e-01,8.543724026989588105e-02,6.681263684704411010e-02,-1.051432146208498980e-01,2.757674605657089439e-01,5.516332275794271628e-02,1.091782474641404821e-01,-6.876982885741096153e-03,5.729791322221725602e-01,2.793869252424147631e-01,2.117565574869297029e-01,-8.519594262478216717e-02,-1.810179185843871497e-02,3.069842262835694325e-03,-5.726350596541400495e-02,-1.234639617498547830e-02,7.031368693864783470e-01,6.358371687742973011e-01,-1.299075025693730845e-01,-2.433933598462844627e-01,2.108673309799365472e-02,9.609902140399481651e-02,-1.200232360695294709e-01,-3.580186782251217892e-01,-4.144063631082711696e-02,-9.126413155190134241e-02,-2.807095938156307230e-02,-2.359354752223066093e-03,-2.845212029134456255e-01,-3.260288663479154470e-01,6.242012601099244939e-02,-7.541445104785736431e-02,-3.816077572724429351e-02,-8.009741275302739716e-02,-3.598954376871174032e-01,-2.658563832164082541e-01,-2.151883462174359885e-01,-3.213369676929264118e-01,-2.003261986683944895e-01,-2.818401179677376134e-01,-2.453728942311989014e-01,9.167523124357657149e-02,-2.472451852182850074e-01,-1.415880959828410557e-01,-9.509808302426381310e-02,2.028687608919075777e-02,-3.077974887171008311e-01,-1.058358282318244831e-01,-2.785468519594262449e-01,-2.530586710755619029e-01,-1.052593949684972469e-01,-2.504356763036775790e-01,-4.213324992180168815e-02,2.673041690870905929e-02,7.614013137316233415e-01,7.020465615085571542e-01,6.595379596943563572e-01,6.551141695339380844e-01,5.732383037669243064e-01,2.733008624156575417e-01,3.641985790249787636e-01,3.074400107243397962e-01,4.032351758344877163e-02,-3.149023638232271161e-01,-6.301443317395773180e-02,-1.631216765717860562e-01,3.838107154028330137e-01,9.122391527771571418e-02,-1.783323651637696017e-01,-1.137271549220251060e-01,-2.354439429822601654e-02,2.173421511238214365e-01,-2.882613164127083294e-02,-1.853970239957102584e-01,4.960007149559855083e-02,4.079270744894767514e-02,-1.571651995174047078e-01,-5.237499441440636450e-02,-3.692390187229098730e-01,-3.363555118638008601e-01,-1.279860583582823064e-01,-3.216542294115018463e-01,-2.291389248849367843e-01,-5.504848295276821846e-01,-1.400151928146923519e-01,-4.533401849948612283e-01,-2.131909379328834897e-02,-2.259573707493632289e-01,-1.236292953215067658e-01,-1.769516064167299674e-01,-1.544394298226015594e-01,-1.885696411814647561e-02,-2.280262746324679402e-02,-1.294517181286027052e-02,5.409535725456901534e-02,1.058045489074578849e-01,1.125966307699182295e-01,2.375977478886455996e-01,7.511506322891997600e-02,1.248134411725278226e-01,6.957415434112337871e-03,3.019348496358192913e-02,7.416774654810313894e-02,-7.168327449841369048e-02,-2.282496983779436217e-02,-3.854059609455293134e-02,6.879663970686804297e-02,8.118772063094865932e-02,5.290674292863845746e-02,5.002904508691183999e-02,1.298226015460923199e-01,-1.981768622369185426e-02,-1.735376915858617419e-01,1.982215469860136581e-02
7.629652799499531124e-01,1.000000000000000000e+00,5.356539613030072422e-01,2.417668349792215787e-01,3.088028955717413426e-01,1.340631842352205116e-01,3.331382099289512677e-01,-1.572679744403235047e-01,3.074846954734349325e-01,4.620403056436837852e-02,4.851423209258680092e-01,1.019795343849144303e-01,-8.606729523213726973e-02,-3.190848563385316750e-01,4.063184235220518997e-02,-1.458063362974216896e-02,1.187631261450466935e-01,7.825193261539836742e-02,7.931542964386254502e-01,7.947227311318646459e-01,-1.286920773939854434e-01,-2.798561151079136944e-01,3.008177309084409529e-02,1.726395281290495631e-01,-3.458599579963358289e-03,-2.148398051744939419e-01,1.267527592832566330e-01,1.528665266544528278e-01,3.334822824969838062e-02,3.801778453013986148e-02,-3.426694669109432989e-01,-4.615532418785468494e-01,1.836409133562715013e-01,-2.020465615085571265e-01,-7.019080387863621540e-02,-4.840252021984896291e-02,-6.094552929085303439e-02,-1.325349658161669407e-02,1.114973859421779373e-01,-3.315921176102596402e-01,-2.893337503909915523e-02,-1.234103400509406201e-01,-9.293534116805933498e-02,1.777961481746279937e-01,-2.970686804593592467e-01,-3.137226864471155952e-01,6.244693686044952563e-02,6.077572724429152612e-02,-5.048795746011885965e-01,-3.875552973770052256e-01,-4.826801912507261427e-01,-3.992761070646588251e-01,-2.408820769471379519e-01,-4.793288350685910859e-01,2.073461727512400099e-01,8.980740873139997360e-02,7.785334465346976929e-01,7.770052281156440976e-01,4.487153134635148977e-01,5.063362974216899515e-01,2.117208096876536105e-01,-1.891952276687966505e-02,2.920773939854327539e-01,3.434157022208320087e-01,-4.881808838643370702e-02,-3.112337459225166247e-01,8.828812726216542228e-02,1.014343804459538062e-03,5.252736940882076766e-01,2.670852138165244472e-01,-2.681621162697171434e-01,-2.401492470619777386e-01,2.115063228919969729e-01,3.069216676348362483e-01,-4.635149023638232557e-02,-1.120291344564100233e-01,2.636400196612895819e-01,2.689396309039724930e-01,-5.762545243308458964e-02,-5.018097323383529512e-02,-2.285624916216095481e-01,-6.567317574511818967e-02,1.953259752446490083e-01,3.543500603244112857e-03,-1.595603020689038698e-01,-4.318557576299209000e-01,1.633987220161758902e-01,-1.031904910853925494e-01,-1.649045980606818895e-01,-4.263997497654050672e-01,8.322534518968675854e-02,-7.732695830912909851e-02,-2.600384288842217950e-01,-2.746816211626971760e-01,5.930559899906161919e-02,8.485187005674962868e-02,2.674114124849188978e-01,3.591492023772286379e-01,4.578354707538317414e-01,5.337369855668260277e-01,4.204477411859332547e-01,3.313374145404173743e-01,4.017069574154341072e-01,3.038250145225434573e-01,1.814290182760623926e-01,1.472496536931945099e-01,1.419411055006926103e-01,1.773403637338576422e-01,9.269404352294562111e-02,-5.477009696590553339e-02,5.301845480137629130e-02,2.381384333526967156e-01,3.690826221010768959e-01,1.007417668349792211e-01,-1.732114929174672635e-01,1.150364180705125278e-01
3.299343134188301718e-01,5.356539613030072422e-01,1.000000000000000000e+00,4.364001966128960297e-01,7.207739398543276943e-01,4.515974797801510232e-01,8.155860404843826572e-01,-2.350954019393181049e-01,7.401894633361634224e-01,4.845837615621788053e-01,9.484337995442156111e-02,-1.640868671522409394e-01,-3.614459984807185111e-01,-3.703248581259216410e-01,4.814558291255194855e-01,3.056258099110773507e-01,8.949908396264355526e-02,1.061307475758523633e-01,6.210107690245318945e-01,6.296840788238974307e-01,-8.386433710174717726e-02,-1.797488717100853561e-01,5.616381429018275639e-01,5.307833236516377173e-01,4.778542383484516987e-01,2.431609991509897650e-01,4.419545109254211512e-01,5.980919612136378349e-01,-1.138299298449439168e-01,4.882255686134322203e-02,-3.083873274051566193e-01,-3.126145046695562590e-01,3.073908575003351240e-01,-2.224004647213905783e-01,9.345815273247240484e-02,-6.639706868045935906e-02,1.494258009741275262e-01,1.148889583984985946e-01,1.765941284239689046e-01,-1.946333616336744232e-01,1.181598820322623949e-01,-1.355869341793645710e-01,-4.266276419857902291e-01,-3.833057777380580178e-02,-3.498681799901693368e-01,-4.354216006077125667e-01,-3.161088520487957410e-01,-3.140980383395147180e-01,-6.278609410608159136e-01,-6.374681621162696654e-01,-5.339559408373921734e-01,-6.673577907860047675e-01,-4.928012869207739621e-01,-5.687608919075919367e-01,-6.616917646007418330e-02,-2.478886456052549203e-01,2.472451852182850074e-01,3.213637785423834603e-01,1.392332097055274942e-01,4.179364582867867162e-02,-1.030340944635595862e-01,-3.112516198221547126e-01,-6.278207247866303062e-03,2.305733053308905815e-03,1.556995397470843090e-01,-2.728406094999776821e-01,1.913535010500916067e-01,-1.571115778184905415e-02,5.517360025023460013e-01,4.930425845658876760e-01,-1.899995531525090486e-01,-2.291478618347558005e-01,1.551186380088475925e-01,2.817552169444568766e-01,3.806693775414451281e-02,-1.357075830019214419e-02,3.001921444211090861e-01,3.059922248536574574e-01,-4.598507529380222586e-02,-9.789534831761920186e-02,-2.610840520130479625e-01,-9.939228741230618502e-02,3.595156173198087446e-01,1.377943607846641993e-01,-2.047902051029983420e-02,-4.590643013539478789e-01,4.679744403235175931e-01,-4.491710979042852492e-02,-1.045980606818892739e-01,-3.228830600116180394e-01,2.458420840966978049e-01,-3.775414451047857251e-02,-4.367398007060190324e-01,-4.142231556369810885e-01,1.552348183564949413e-01,1.726574020286875955e-01,2.464006434603869811e-01,2.970508065597211589e-01,3.215291121140354536e-01,3.281960766790294470e-01,4.488493677108003066e-01,2.535770141650654508e-01,5.610751150632289352e-01,4.087850216721032881e-01,2.299119710442825981e-01,3.741945573975601902e-01,4.747531167612493719e-01,4.298270700210018447e-01,5.669154117699629070e-02,-1.367353322311095319e-03,-1.242638187586576765e-01,-1.282005451539389683e-02,2.590240850797622674e-01,1.013852272219491479e-01,-1.671790517896241945e-01,1.964743732963939449e-01
8.543724026989588105e-02,2.417668349792215787e-01,4.364001966128960297e-01,1.000000000000000000e+00,5.008266678582599940e-02,2.427543679342240579e-01,3.864113678001698249e-01,3.072836141025068191e-01,5.132937128558023171e-02,2.587202287859153849e-01,7.826980651503641362e-02,1.213503731176549388e-01,-1.082443362080521970e-01,5.233924661513025822e-02,2.531703829482997437e-01,3.027883283435363615e-01,-4.148085258501273825e-02,1.573796863130613455e-01,2.344787524018052682e-01,2.289691228383752553e-01,1.535099870414227685e-01,5.092720854372402572e-02,1.106751865588274653e-01,6.580499575494883624e-01,-1.110684123508646481e-01,3.178873050627820801e-02,2.381697126770633277e-01,1.851333839760489763e-01,-2.653380401269046784e-02,2.785736628088833489e-01,6.778676437731802167e-03,-2.016175879172438581e-02,1.237052593949685003e-01,-1.059788194289289082e-01,1.310156843469323894e-02,-1.333482282496983862e-01,-3.131954064077930450e-02,7.417221502301264702e-02,1.424862594396532345e-01,-1.195317038294829888e-02,-2.702176147280933027e-01,-1.006523973367889485e-01,-4.744179811430359051e-01,-3.264846507886858262e-01,-4.753206130747575919e-01,-4.910719871307922535e-01,-2.350551856651324767e-01,-3.156262567585683132e-01,-6.361991152419679274e-01,-6.310201528218418732e-01,-6.520398587961928616e-01,-5.802135931006747738e-01,-4.641226149515170207e-01,-5.603110058537020821e-01,6.923901872290987025e-02,-6.990928995933687329e-02,9.685419366370258409e-02,2.177577192904061876e-01,7.917243844675812825e-02,1.138254613700344087e-01,-5.339827516868492913e-02,-2.249430269449036873e-02,-5.424728540149246700e-03,2.073417042763305018e-01,-2.165422941150185396e-02,3.333035435006032748e-02,4.975199964252200596e-02,2.661870503597122198e-02,2.949506233522498633e-01,3.168461504088654346e-01,2.384825059207292680e-02,6.137450288216631661e-02,-1.124134232986281762e-01,1.123017114258903493e-01,9.349836900665803308e-02,-4.220474552035390070e-02,4.915322400464721027e-03,1.006881451360650548e-01,-4.183833057777380793e-02,2.157826533804012639e-02,-2.482997452969301633e-01,7.767549935207113121e-02,9.615711157781849094e-02,1.900084901023280648e-01,-4.455516332275794023e-02,-7.060190357031145142e-03,3.122793690513427922e-01,2.184726752759283130e-01,7.784083292372313834e-02,1.209124625765226335e-01,1.561955404620403165e-01,-4.580633629742168755e-02,-1.554269627776040108e-01,-2.228696545868894818e-01,1.766834979221591773e-01,1.419902587246972547e-01,1.422538987443585368e-01,3.026095893471558163e-01,1.697260824880468255e-01,2.509272085437240229e-01,3.469323919746190588e-01,3.437776486885026350e-01,3.652754814781715154e-01,3.311542070691272932e-01,7.080745341614906596e-02,2.657402028687608775e-01,4.092408061128736674e-01,3.727512400017873873e-01,9.533491219446803278e-02,1.365968095089146184e-01,-8.887349747531167465e-02,6.199115241967916023e-02,9.715358148263997240e-02,-1.328388221100138544e-01,-4.185754501988471210e-01,1.142276241118906077e-01
6.681263684704411010e-02,3.088028955717413426e-01,7.207739398543276943e-01,5.008266678582599940e-02,1.000000000000000000e+00,5.267393538585281032e-01,6.137360918718441916e-01,-3.809419545109254401e-01,9.634612806649091032e-01,5.810536663836632920e-01,-1.348585727691139005e-02,-3.963537244738370990e-01,-3.846686625854595643e-01,-5.049510701997408368e-01,3.969435631618928317e-01,1.627016399302917971e-01,2.047276464542651664e-01,1.298538808704589181e-02,3.637159837347513358e-01,4.342597971312391336e-01,-8.683587291657357543e-02,-1.844228964654363589e-01,5.899235890790472947e-01,3.217123195853255346e-01,7.736091871844139600e-01,4.251441083158318257e-01,4.534072121185039328e-01,7.191206041378077618e-01,-2.599356539613030259e-01,-1.850216721033111356e-01,-3.319093793288350747e-01,-3.746056570892354332e-01,3.760668483846463239e-01,-7.842173466195986875e-02,1.050136288484740110e-01,1.141427230886098571e-01,3.603333482282496947e-01,9.592921935743330131e-02,1.205058313597569125e-01,-1.025470306984226226e-01,2.800616649537512881e-01,-7.214352741409356395e-02,-7.157603110058537166e-02,3.505518566513249334e-02,-1.025514991733321446e-02,-2.049421332499218040e-01,-1.101747173689619774e-01,-1.652844184279905204e-01,-2.239957102640868780e-01,-2.444434514500201105e-01,-1.602171678806023625e-01,-2.200723892935341208e-01,-1.553599356539613063e-01,-1.049555386746503366e-01,-2.149827963715983670e-01,-2.176683497922159150e-01,1.095848786809062031e-01,-1.957638857857812997e-02,-1.075427856472585958e-01,-2.078823897403816179e-01,-3.438670181866929076e-01,-4.368425756289378570e-01,-2.011886143259305482e-01,-2.750122883060011625e-01,6.556593234728987085e-02,-9.613030072836141471e-02,2.574109656374279353e-01,1.464095804102059917e-01,5.196121363778541946e-01,4.885875150811028189e-01,-2.687028017337682595e-01,-3.467983377273336498e-01,2.691496492247196226e-01,2.225836721926806316e-01,-1.371821797220608603e-03,9.561195763885785293e-02,3.161758791724384454e-01,2.573037222395996304e-01,-1.559676482416551269e-01,-1.779614817462799869e-01,-1.352830778855176608e-01,-1.417132132803074207e-01,4.901916975736181348e-01,1.566736672773582362e-01,-1.386076232181956414e-01,-2.351132758389561650e-01,4.702533625273694340e-01,3.694981902676616747e-02,-4.205058313597568875e-01,-2.683229813664596008e-01,1.294651235533312572e-01,6.317082979579069502e-02,-4.416953393806694050e-01,-4.278564725859064222e-01,-2.054157915903302364e-02,-7.089682291433933858e-02,7.591938871263237409e-02,6.241118906117341936e-02,2.112292774476071389e-01,1.625363063586398038e-01,2.003708834174895981e-01,-2.211895080209124592e-02,3.325260288663479114e-01,1.479780151034451874e-01,7.459672013941641422e-02,1.457839939228741111e-01,2.097680861521962481e-01,2.456946244246838440e-01,-5.908217525358595151e-02,-4.704410384735689676e-02,-4.493945216497609307e-02,1.077349300683676583e-02,1.017695160641673008e-01,4.753563608740336843e-02,7.992761070646588195e-02,1.778363644488136219e-01
-1.051432146208498980e-01,1.340631842352205116e-01,4.515974797801510232e-01,2.427543679342240579e-01,5.267393538585281032e-01,1.000000000000000000e+00,3.562670360605925124e-01,-1.702042093033647729e-01,4.649403458599579708e-01,6.559765851914741708e-01,-1.361097457437776548e-02,-2.227400688145136087e-01,-2.979176906921667811e-01,-3.134813888020018813e-01,5.263416595915814122e-01,4.392108673309799149e-01,2.063139550471424222e-01,1.402877697841726501e-01,1.895705795611957734e-01,1.310514321462084852e-01,1.142454980115286678e-01,2.522900933911256111e-02,3.036373385763438959e-01,3.097368068278296693e-01,4.703695428750167551e-01,5.416819339559408863e-01,4.316859555833594264e-01,7.286384556950712410e-01,1.778006166495375157e-02,6.813977389516957806e-02,-2.013003261986683889e-01,-1.105366638366325621e-01,1.335761204700835481e-01,-6.391706510567943256e-02,8.104472943384423422e-02,1.399973189150542988e-02,3.249206845703561108e-01,3.011796773761115098e-01,2.192770007596407389e-01,4.748648286339872404e-02,1.857008802895571686e-01,4.775905983287903611e-02,-1.173064033245453386e-01,-3.767371196210732992e-02,-4.057375217838152248e-03,-2.826444434514500115e-01,-2.428884221815094391e-01,-2.591670762768666925e-01,-3.225702667679520852e-01,-3.738058000804325709e-01,-4.002055498458376159e-01,-3.501765047589257551e-01,-2.948210375798739902e-01,-3.567943160999150765e-01,-5.968541936637025702e-02,-2.015729031681487149e-01,-5.317038294829974643e-02,5.973010411546539333e-02,-5.815720094731668260e-02,-2.066893069395415450e-01,-2.894409937888198781e-01,-2.314133786138790894e-01,-4.025649045980606716e-02,-4.036820233254390100e-02,1.387014611912954117e-02,-1.116448456141918705e-01,2.770365074400107375e-01,1.951293623486304030e-01,2.663568524062737142e-01,4.495375128468653836e-01,3.094418874838017822e-02,1.936637025783100388e-02,2.494660172483131599e-01,2.632378569194334106e-01,2.190446400643460481e-02,1.515885428303320182e-01,2.530542026006524226e-01,2.638053532329415751e-01,8.749273872827204729e-03,6.771080030385628890e-02,1.384780374458197474e-02,3.602931319540640664e-02,4.474373296393940880e-01,3.298851601948254997e-01,4.874212431297197945e-02,-1.182984047544572981e-01,5.217391304347825942e-01,2.845658876625407618e-01,-2.051029983466642979e-03,-2.147102194021180410e-02,2.032351758344876913e-01,1.102372760176951669e-02,-2.783144912641315472e-01,-3.235980159971401648e-01,2.636310827114705657e-01,2.212833459940122538e-01,2.068993252602886745e-01,1.324947495419813159e-01,1.298136645962733038e-01,4.504669556280441189e-02,2.941462978685374652e-01,1.809955762098395815e-01,3.684659725635640593e-01,3.142052817373430229e-01,-2.040886545422047338e-01,1.596764824165512187e-01,2.012779838241208208e-01,4.185977925733946892e-01,-7.730461593458152949e-04,-4.835783547075383354e-02,-2.670941507663434633e-01,-3.870146119129540957e-02,1.601992939809643024e-01,5.794271415166003802e-02,-2.293757540551409901e-01,-1.202019750659099988e-02
2.757674605657089439e-01,3.331382099289512677e-01,8.155860404843826572e-01,3.864113678001698249e-01,6.137360918718441916e-01,3.562670360605925124e-01,1.000000000000000000e+00,3.418383305777738385e-02,6.557308190714509211e-01,5.729925376469011677e-01,2.511729746637472727e-02,-1.307028911032664595e-02,-1.099066088743911734e-01,-1.205594530586710789e-01,4.974395638768488448e-01,3.740828455248224049e-01,6.888600920505831560e-02,7.419008892265069322e-02,5.419277000759640250e-01,4.831761919656821225e-01,-6.552124759819473454e-02,-1.504669556280441578e-01,6.501765047589257440e-01,5.048885115510076682e-01,5.170874480539792151e-01,2.922516645069038188e-01,3.161267259484337733e-01,4.388444523883998638e-01,-1.889405245989543847e-01,1.161803476473479693e-03,-2.558335939943697235e-01,-1.949327494526118254e-01,4.247732248983421832e-01,4.419321685508736074e-03,1.424460431654676340e-01,-8.045935922069798185e-02,-5.944859019616605122e-02,-8.190714509138030675e-02,-9.548237186648196595e-02,-1.662764198579025077e-01,3.963537244738370852e-02,-1.962732919254658315e-01,-5.046069976317082428e-01,-1.360069708208588302e-01,-1.729299789981679214e-01,-2.934268734081058039e-01,-5.002278922203852174e-01,-4.130658206354171358e-01,-3.845390768130836912e-01,-3.939273425979712973e-01,-2.845926985119978658e-01,-4.517181286027078801e-01,-3.900531748514232122e-01,-2.946020823093078445e-01,-3.999463783010858142e-01,-4.262165422941150417e-01,1.984762500558559239e-01,2.326556146387238067e-01,8.171053219536172918e-02,-6.209839581750748599e-02,3.998391349032575509e-02,-2.234237454756691499e-01,1.487689351624290612e-01,-8.688055766566871174e-02,1.868269359667545371e-01,-3.294561866035122244e-01,1.418562044774118458e-01,-1.226462308414138225e-01,4.362795477903391728e-01,3.996648643817864999e-01,-1.535680772152464291e-01,-1.991241789177353727e-01,5.234818356494928132e-02,2.427364940345859978e-01,-5.951114884489923373e-02,3.574333080119754952e-02,9.417757719290406615e-02,7.014611912954109296e-02,-1.192546583850931652e-01,-1.471155994459091010e-01,-3.281379865052057587e-01,-2.575986415836274968e-01,1.520264533714643096e-01,2.163188703695428580e-02,-5.193261539836453722e-02,-3.923946557040082217e-01,1.802716832744984121e-01,-1.973770052281156318e-01,-1.553420617543232463e-01,-2.467313106036909676e-01,1.604897448500826607e-01,-2.225300504937664965e-03,-3.646141471915635424e-01,-3.260378032977344631e-01,1.546449796684391531e-01,9.914652129228294919e-02,1.577952544796460965e-01,3.716877429733232013e-02,1.215335805889449922e-01,1.153670852138165281e-01,1.371955851467893950e-01,-5.131596586085169359e-02,2.464140488851155053e-01,7.819831091648420107e-02,1.005853702131462579e-01,1.149425800974127471e-01,3.531212297242951048e-01,1.964207515974797924e-01,-2.984941239554939757e-02,1.920550516108852218e-02,-2.282184190535770096e-01,-1.448813619911524242e-01,1.587425711604629475e-01,4.276777335895259186e-02,-2.320300281513919261e-01,9.482103757987399295e-02
5.516332275794271628e-02,-1.572679744403235047e-01,-2.350954019393181049e-01,3.072836141025068191e-01,-3.809419545109254401e-01,-1.702042093033647729e-01,3.418383305777738385e-02,1.000000000000000000e+00,-3.431744045757182948e-01,2.891103266455158707e-02,1.934804951070199786e-01,6.710442825863532912e-01,3.474686089637606945e-01,7.732874569909290452e-01,4.838017784530140170e-02,2.292104204834889969e-01,-9.937441351266812495e-02,1.255373341078689919e-01,9.281022387059295956e-03,-1.048125474775459115e-01,6.899325260288663442e-03,-4.057375217838152248e-03,-2.967514187407837567e-01,-1.498279637159837321e-02,-4.170606372045220778e-01,-1.106617811340989271e-01,-3.067384601635461672e-01,-3.883998391349032797e-01,-1.073774520756065956e-02,1.633272264176236777e-01,1.102015282184190537e-01,3.023682917020421024e-01,6.134322355779972535e-02,4.490861968810045401e-01,-1.466598150051387495e-01,-1.921578265338040048e-01,-3.867465034183832917e-01,-3.147638411010322268e-01,-3.487689351624290723e-01,-1.370034407256803290e-02,-2.491353501050091734e-01,-1.567094150766343563e-01,-3.581393270476786461e-01,-1.275258054426024468e-01,-1.048080790026364034e-01,5.724116359086643679e-02,-2.636981098351132702e-01,-2.869475847893114273e-01,7.014611912954109296e-02,1.425175387640198466e-01,1.370302515751374017e-01,1.532776263461280708e-01,-1.260914249966486322e-01,-7.830108583940301181e-02,-2.544260243978729852e-01,-1.497743420170695727e-01,-8.797533401849948198e-02,-1.830287322936681796e-02,1.784440770365074425e-01,2.783591760132266835e-01,3.350819965145895862e-01,6.011930828008400507e-01,2.896510121095670076e-01,4.013360739979445202e-01,-2.516779123285222686e-01,-1.655569953974708394e-02,-2.616247374770990786e-01,-1.339961571115778072e-01,-2.266589213101568301e-01,-1.125206666964564950e-01,2.493006836766611667e-01,2.866705393449215933e-01,-1.891907591938871147e-01,2.849099602305733142e-02,-1.841458510210465180e-02,1.386031547432861055e-01,-2.230037088341748908e-01,-2.112605567719737232e-01,-4.557844407703650486e-03,6.539166182581884756e-02,-5.171366012779838456e-02,1.359399436972161535e-01,-4.020957147325617820e-01,-1.908709057598641512e-01,3.909021850842307744e-02,9.546002949193439779e-02,-3.235577997229545644e-01,-2.108226462308414040e-01,1.812949640287769837e-01,8.120559453058670552e-02,-3.896956968586621356e-02,-1.609053130166674117e-01,1.807051253407212232e-01,-6.921667634836230210e-02,-5.934134679833772547e-02,-1.130077304615934586e-01,-1.814111443764243325e-01,-2.167433754859466599e-01,-2.208186246034228584e-01,-1.975780865990437452e-01,-8.537468162116269854e-02,-6.710308771616246837e-02,-1.766879663970686853e-01,-1.471960319942803574e-01,-1.525671388355154257e-01,-1.545153938960632800e-01,-8.200545153938960941e-02,-8.517806872514410710e-02,-8.699673801331606060e-02,2.066222798158988405e-02,-9.035703114527011970e-02,-2.071808391795880167e-01,-1.065597211671656525e-01,-1.712274900576433168e-01,-2.894812100630054785e-01,-1.238348451673443873e-01
1.091782474641404821e-01,3.074846954734349325e-01,7.401894633361634224e-01,5.132937128558023171e-02,9.634612806649091032e-01,4.649403458599579708e-01,6.557308190714509211e-01,-3.431744045757182948e-01,1.000000000000000000e+00,6.139371732427721939e-01,3.710621564859913069e-02,-3.517940926761696230e-01,-3.365074400107243568e-01,-4.467894007775146115e-01,4.039590687698288440e-01,2.310737745207560589e-01,2.874525224540864232e-01,9.224719603199428575e-02,3.696813977389517003e-01,4.421466553465302485e-01,-7.060637204522096644e-02,-1.424505116403771421e-01,6.240180526386344129e-01,3.710398141114437665e-01,7.626301443317395901e-01,3.983153849591134499e-01,4.708923544394298388e-01,6.780508512444702873e-01,-2.094552929085303217e-01,-1.479243934045310349e-01,-3.493140891013896687e-01,-3.768220206443541054e-01,3.918852495643236900e-01,-4.880915143661468392e-02,1.455963179766745497e-01,1.480495107019973999e-01,2.921086733097993382e-01,-1.101479065195049012e-02,7.171902229768979675e-02,-9.728316725501585938e-02,2.468251485767907483e-01,-1.057956119576388548e-01,-1.418338621028643054e-01,5.071719022297689443e-03,-2.757049019169757493e-03,-2.067116493140891131e-01,-1.552616292059520176e-01,-1.721301219893650314e-01,-2.118369900353009594e-01,-2.376156217882836597e-01,-1.409356986460520988e-01,-2.216810402609589448e-01,-1.440859734572590423e-01,-1.167255015863085943e-01,-2.427409625094955059e-01,-2.572411635908664618e-01,1.487644666875195532e-01,-2.931766388131730808e-02,-1.050449081728406092e-01,-1.867509718932928164e-01,-2.994950623352249930e-01,-4.231467000312792992e-01,-1.503865230796729013e-01,-2.542294115018544076e-01,1.212252558201885738e-01,-1.248089726976183006e-01,2.510478573662808799e-01,1.114214218687162028e-01,5.359712230215827322e-01,4.203539032128334463e-01,-2.754591357969525256e-01,-3.043746369364135895e-01,2.982841056347468878e-01,2.795209794897001720e-01,4.973859421779346784e-02,7.618302873229367000e-02,2.927431967469502627e-01,2.373162339693462575e-01,-1.564144957326064622e-01,-1.042361142142186892e-01,-1.595379596943563294e-01,-1.751552795031055820e-01,4.424862594396532511e-01,1.600607712587693854e-01,-1.820948210375798737e-01,-2.933911256088296837e-01,4.438893605612404536e-01,-2.899146521292282966e-02,-4.564323696322445389e-01,-3.012511729746637501e-01,5.080655972116716879e-02,-3.945216497609366213e-02,-5.109164842039412013e-01,-4.839447696501184004e-01,-4.009115688815407391e-02,-7.035166897537870057e-02,4.533267795701326902e-02,5.918941865141427033e-02,1.403056436838107102e-01,1.325975244649001406e-01,1.517449394521649675e-01,-9.529916439519192650e-02,2.969301577371643019e-01,1.149738594217793453e-01,9.380222530050494334e-02,1.091156888154072996e-01,1.956253630635864105e-01,2.076232181956298439e-01,2.290540238616560129e-02,-9.470932570713615217e-02,-1.069574154341123434e-01,-5.872916573573439686e-02,5.015863085928772697e-02,2.706555252692256081e-02,1.071763707046784891e-01,1.442155592296349154e-01
-6.876982885741096153e-03,4.620403056436837852e-02,4.845837615621788053e-01,2.587202287859153849e-01,5.810536663836632920e-01,6.559765851914741708e-01,5.729925376469011677e-01,2.891103266455158707e-02,6.139371732427721939e-01,1.000000000000000000e+00,7.477099066088743751e-02,-8.543277179498637297e-02,-6.111086286250502764e-02,-1.092899593368783229e-01,3.751686849278341174e-01,4.145806336297421790e-01,3.064926940435229730e-01,1.510031726171857658e-01,1.534787077170561564e-01,1.240716743375485931e-01,1.087894901470128212e-01,1.150274811206935116e-01,5.276866705393449264e-01,4.409044193216855034e-01,6.137807766209393279e-01,5.896867599088431167e-01,4.219312748558916581e-01,5.198400285982394120e-01,-1.267706331828946653e-01,-8.369006658027615397e-02,-2.680459359220698223e-01,-1.873050627820724845e-01,2.577148219312748734e-01,1.428124581080477198e-02,1.322713257965056621e-01,2.349077259931185366e-02,1.042629250636757654e-01,-1.303900978596005122e-01,-4.246391706510568159e-02,1.546092318691630503e-02,9.827516868492783275e-02,-1.249385584699941841e-02,-3.332677957013271408e-01,-1.677599535278609388e-01,-2.345055632512623583e-02,-2.440636310827114797e-01,-3.700388757317127908e-01,-3.155636981098350891e-01,-1.970642119844497053e-01,-2.291210509852987243e-01,-2.293802225300504982e-01,-2.044729433844229005e-01,-1.762277134813887980e-01,-1.146565977032038969e-01,-3.653022923276285638e-01,-3.344966263014433339e-01,-4.246838554001518967e-02,-3.984539076813083808e-02,-1.426158452120291353e-01,-2.565887662540775049e-01,-1.863934939005317537e-01,-2.294964028776978471e-01,-7.163858974931855417e-02,-1.722686447115599484e-01,1.060369096027525826e-01,-9.244380892801286331e-02,1.095044461325349605e-01,-1.989811877206309337e-02,2.864694579739934799e-01,3.267929755574422446e-01,-1.374592251664506770e-01,6.774207962822288882e-03,1.646320210912015636e-01,2.413870146119129478e-01,9.011126502524688386e-02,1.912015729031681377e-01,7.551722597077617505e-02,1.297198266231735231e-01,-2.070423164573930996e-01,3.056883685598105194e-02,-1.654989052236471581e-01,-1.599311854863934845e-01,1.633897850663568463e-01,1.612359801599713982e-01,-2.401894633361633669e-01,-1.853970239957102584e-01,2.580901738236739962e-01,-5.846552571607310095e-02,-1.569194333973814859e-01,1.715000670271236288e-02,-3.635998033871040008e-02,7.948523169042405467e-02,-4.604674024755350814e-01,-2.662183296840788249e-01,6.920773939854327206e-02,-6.448009294427811677e-02,-4.026095893471558218e-02,3.095759417310871633e-02,-1.173108717994548467e-01,4.292863845569507009e-02,1.194423343312927231e-02,4.295544930515215326e-02,1.463112739621967029e-01,1.637427945842084009e-01,-5.996693328566959913e-02,9.867733142678403180e-02,1.358684480986639131e-01,2.663434469815452177e-01,1.410027257696948033e-01,-8.642030474998882439e-02,-2.923455024800035718e-01,-1.216721033111399092e-01,-2.949193440278832790e-02,-9.335537780955359410e-02,-1.120648822556861296e-01,5.221859779257339434e-02
5.729791322221725602e-01,4.851423209258680092e-01,9.484337995442156111e-02,7.826980651503641362e-02,-1.348585727691139005e-02,-1.361097457437776548e-02,2.511729746637472727e-02,1.934804951070199786e-01,3.710621564859913069e-02,7.477099066088743751e-02,1.000000000000000000e+00,3.264042182403145698e-01,3.477009696590553367e-01,-4.323249474954198035e-02,-1.115331337414540366e-02,1.587515081102819636e-01,4.341838330577773575e-01,3.008758210822646273e-01,3.341480852585012595e-01,4.063273604718709575e-01,5.540908887796594691e-03,-7.976227713481389217e-03,-3.949104070780642406e-01,-1.316591447339023058e-01,-2.644622190446400678e-01,-4.306448009294427948e-01,6.179007104875106071e-02,-1.629831538495911392e-01,4.638053532329415862e-01,3.465346977076723678e-01,-5.263818758657670127e-01,-5.160909781491577197e-01,-1.809732338352920212e-03,8.264891192635953621e-02,-1.164305822422807141e-01,-3.193172170338263310e-02,-1.143348675097189265e-01,-3.324590017427052069e-01,-1.488136199115241975e-01,-2.122078734527905741e-01,-1.268510657312659218e-01,-1.283971580499575493e-01,-5.338040126904687599e-02,2.268153179319898072e-01,-2.557933777201841230e-01,-2.545690155949774103e-01,2.457303722239599642e-01,1.141025068144242427e-01,-3.404441664060056105e-01,-1.447473077438670153e-01,-2.748424862594396334e-01,-1.580052728003932261e-01,-9.032575182090352151e-02,-3.184458644264712701e-01,4.459984807185307654e-02,1.429911971044282653e-04,5.218419053577013633e-01,4.497743420170695616e-01,5.903704365699986578e-01,5.037982036730863644e-01,4.514991733321417344e-01,3.176147280933017680e-01,4.345323741007194318e-01,5.563564055587827406e-01,-2.962062648018231603e-01,-1.732472407167433837e-01,5.292908530318602561e-02,3.928683140444166194e-02,1.728450779748871846e-01,5.739756021269940695e-02,-3.453862996559274312e-01,-6.885026140578220932e-02,1.671611778899861345e-01,3.897984717815809463e-01,1.790875374234773554e-01,-7.357790786004736461e-02,2.539881138567406937e-02,8.883328120112606030e-02,8.145582912551946331e-02,2.583806246927923267e-01,-9.799812324053799872e-02,1.278877519102730211e-02,-1.036954287501675731e-01,6.019035703114527375e-03,-3.270789579516510948e-01,-4.168372134590464517e-01,-7.130792260601456767e-02,-2.916573573439384948e-01,-1.479377988292595869e-01,-2.105634746860896300e-01,-3.945663345100317021e-02,-3.127351534921131160e-01,-1.584968050404396978e-01,-2.901023280754278511e-01,1.494972965726797387e-01,1.501899101836543238e-01,2.162786540953572645e-01,3.769113901425443225e-01,1.519013360739979446e-01,2.401403101121587225e-01,2.799901693551990478e-01,2.682738281424549842e-01,2.050940613968452453e-01,2.513606506099468341e-01,1.024755350998704101e-01,-3.467536529782385291e-03,-4.316546762589927935e-03,1.753474239242146793e-01,2.522141293176639043e-01,5.569953974708431732e-02,1.116001608650967480e-01,5.172706555252692268e-02,1.383529201483533755e-01,-4.338442289646543548e-02,-1.079896331382099312e-01,7.280933017561105891e-02
2.793869252424147631e-01,1.019795343849144303e-01,-1.640868671522409394e-01,1.213503731176549388e-01,-3.963537244738370990e-01,-2.227400688145136087e-01,-1.307028911032664595e-02,6.710442825863532912e-01,-3.517940926761696230e-01,-8.543277179498637297e-02,3.264042182403145698e-01,1.000000000000000000e+00,4.405692837034719811e-01,7.255998927566021939e-01,8.656329594709326336e-02,2.340631842352205172e-01,-1.410250681442423715e-02,3.490504490817283867e-01,2.436614683408552529e-01,4.876446668751954761e-02,1.812547477545913555e-01,1.806604405916260869e-01,-3.322891996961437333e-01,-1.217435989096921217e-01,-4.962375441261897557e-01,-2.148710844988605262e-01,-1.954689664417534334e-01,-3.407212118503954446e-01,2.370391885249564234e-01,3.042271772643996841e-01,1.232852227534742343e-02,1.664819697037401014e-01,8.284552482237812765e-03,2.155860404843826794e-01,-8.486974395638768875e-02,-2.739353858528084107e-01,-2.919299343134188485e-01,-1.952142633719111675e-01,-4.329505339827516841e-01,-1.941462978685374596e-01,-3.318646945797399384e-01,-5.353232941597033112e-02,-2.233879976763930575e-01,1.156083828589302420e-01,-1.135796952500111728e-01,-1.862907189776129291e-02,-2.010769024531927351e-01,-1.585995799633584946e-01,-1.316412708342642665e-02,1.310246212967514090e-01,1.441842799052683310e-01,1.497028464185173602e-01,-1.162339693462621226e-01,-1.477099066088743973e-01,-1.232539434291076430e-01,-1.532731578712185627e-01,1.201438848920863278e-01,3.123776754993520810e-01,3.405290674292864028e-01,4.654542204745520384e-01,4.380848116537825465e-01,5.345859957996336176e-01,4.111041601501407294e-01,5.171812860270789125e-01,-1.751016578041914296e-01,-2.426873408105813534e-01,-3.563340631842352169e-01,-2.842128781446892072e-01,-3.423834845167344487e-01,-3.713883551543857853e-01,1.963001027749229077e-01,3.614951517047231833e-01,-1.230573305330890516e-01,6.993610080879396340e-02,-7.069127306850171710e-03,9.369051342776710256e-02,-2.073729836006970861e-01,-2.424326377407390876e-01,-2.935341168059341435e-02,2.052102417444925941e-01,-1.321551454488583133e-01,2.044595379596943485e-01,-5.672862951874525494e-01,-1.144197685329996911e-01,4.251307028911032598e-02,-3.316948925331784231e-02,-4.741990258724697038e-01,-1.813485857276911362e-01,1.549398990124670472e-01,-8.314044416640600788e-02,-3.798203673086375585e-04,-3.843335269672460558e-02,1.476696903346887690e-01,4.524777693373251836e-02,-5.482818713972921129e-03,-1.586353277626346148e-01,-9.487465927878814542e-02,-6.477054381339648892e-02,2.417444926046740175e-02,8.204566781357522376e-02,2.257026676795209630e-02,1.187273783457705803e-02,-1.433442066222798128e-01,-3.272711023727601504e-02,-1.171500067027123615e-01,-2.103847356897091125e-01,-2.207113812055945257e-01,-6.553018454801376458e-02,6.613789713570758511e-02,2.179007104875106127e-01,6.187944054694132640e-02,-6.302337012377676184e-02,1.314312525135171439e-01,-3.108717994548460678e-02,-2.977746994950623560e-01,-1.341883015326869044e-01
2.117565574869297029e-01,-8.606729523213726973e-02,-3.614459984807185111e-01,-1.082443362080521970e-01,-3.846686625854595643e-01,-2.979176906921667811e-01,-1.099066088743911734e-01,3.474686089637606945e-01,-3.365074400107243568e-01,-6.111086286250502764e-02,3.477009696590553367e-01,4.405692837034719811e-01,1.000000000000000000e+00,4.308369453505518365e-01,-8.906117342151123606e-02,-1.694445685687474834e-02,-9.060726574020286361e-02,-1.538495911345457746e-02,-9.257339470038876417e-02,-2.588364091335627060e-01,1.555967648241655121e-01,2.172170338263550715e-01,-1.388489208633093552e-01,-2.022833906787613323e-01,-2.902810670718083963e-01,-2.472228428437374392e-01,-2.179185843871486727e-01,-4.073417042763304852e-01,1.505518566513248946e-01,6.025291567987845626e-02,8.031636802359354288e-02,1.324768756423432559e-01,6.763483623039456827e-02,1.731712766432816353e-01,1.376513695875597743e-01,3.574779927610706497e-04,-2.652442021538048977e-01,-4.194780821305688634e-01,-4.123017114258903382e-01,-1.363063586397962323e-01,-2.550605478350239097e-01,4.021627418562045107e-03,3.395594083739220115e-02,7.828768041467447369e-02,1.599803387103981289e-01,1.592341034005094191e-01,4.552929085303186046e-02,4.530586710755619279e-02,2.273336610214933551e-01,3.590508959292193492e-01,2.671701148398051839e-01,2.763394253541266443e-01,1.287322936681710439e-01,2.794226730416908833e-01,-3.061575584253094506e-01,-1.520443272711023697e-01,6.577595066803700041e-03,7.681308369453505869e-02,1.917422583672192815e-01,1.517628133518030276e-01,5.344876893516242733e-01,2.621296751418740745e-01,1.169980785557889064e-01,-1.467894007775146295e-02,8.187139729210420047e-02,-5.256713883551544092e-02,-9.466017248313150778e-02,-2.364180705125340787e-01,-3.152911211403547909e-01,-3.593100674739711509e-01,1.356092765539121392e-01,2.429867286295187556e-01,-1.786809062067116483e-01,-4.659278788149604639e-02,1.144421109075472592e-01,-1.975512757495866828e-02,-1.580544260243978705e-01,-1.940479914205281708e-01,-8.319406586532016035e-02,3.986773314267840623e-02,-1.864649894990839663e-01,-2.601099244827740353e-01,-6.048080790026364451e-01,-2.553107824299566397e-01,-1.634568121899995438e-02,-1.430537557531614545e-01,-4.798203673086375853e-01,-2.892086330935251803e-01,1.026140578220653271e-01,4.619956208945887044e-02,-3.061664953751284668e-01,-3.301756110639438718e-02,1.558827472183743623e-01,2.555297377005227855e-01,-1.310916484203941135e-01,-2.148308682246749257e-01,-2.536306358639796033e-01,-2.733947003887572946e-01,-2.858170606372045230e-01,-2.810626033334822638e-01,-3.392823629295321775e-01,-2.810268555342061991e-01,-4.873810268555341940e-01,-3.973010411546539222e-01,-1.433218642477322446e-01,-5.097636176772867289e-01,-4.693462621207382113e-01,-2.831493811162250074e-01,-2.900487063765137125e-02,1.864068993252602779e-01,1.136199115241967872e-01,-1.102104651682380837e-01,-1.502926851065731206e-01,1.731087179945484458e-02,-5.872022878591536682e-02,7.124089548237186320e-02
