1.000000000000000000e+00,4.501002985411977630e-01,-2.929564996280006883e-01,1.742651836923047870e-01,-3.605410784526085627e-02,4.631940455000643775e-02,2.149245484996028799e-01,3.791174984068385045e-01,9.837419046991201232e-02,2.244552643392382432e-02,5.043180170083723102e-01,5.015868830227060426e-01,2.428370517565586473e-01,1.390053021670135391e-01,5.308131559038013064e-02,-6.609344245312337440e-02,2.951021663857051891e-01,1.645979111533861228e-01,3.926193458463219099e-01,6.413503103133270100e-01,-9.018549736461266286e-02,-6.817004605256962724e-02,-2.799851828133191334e-01,-3.471020157024508057e-01,-3.901911479866519705e-02,-7.155728004168902812e-02,6.907885443055856653e-03,5.067666198920731113e-02,3.217213050425523080e-01,6.747627523552106321e-02,-1.104696608685006021e-01,-1.580730123152168098e-01,-1.547328668430916418e-02,4.034073250897036306e-02,-4.387959152281124542e-01,-2.615986865442992970e-01,-8.401533202113332932e-02,1.218964743257709184e-02,-6.790948959186812739e-02,-1.253245183629519977e-01,9.045704114594614945e-03,-3.090576332055664909e-03,-2.335904366361219175e-01,-1.014647668019676707e-01,-1.563856737895896742e-01,-7.026705467604670019e-02,-4.271713299994663038e-02,-2.768804799261652058e-02,2.030880649444826436e-01,1.183177470342082309e-02,3.242829203670392901e-02,1.339793877864943750e-01,-1.104806481891325992e-01,1.735839698131213735e-02,-9.488022250893897447e-02,-5.652505579989263590e-02,5.790961516124677466e-01,2.798031072142747044e-01,2.727194246411070444e-01,2.834430495779299286e-01,3.597798140945349110e-01,1.829279012020128825e-01,3.893043142499270082e-01,2.193524387142951337e-01,-3.544305585639885847e-01,-3.164615176942950914e-01,-3.921343341212811806e-01,-3.343112048695804916e-01,2.961506706974437186e-01,5.487695770509403576e-02,6.998609319131436635e-02,1.367937114855171388e-01,1.117112280999155577e-01,1.145490960574354344e-01,8.090905951674624841e-02,1.901591277950958822e-02,-1.578344304957793043e-01,-9.558184141215322893e-02,-1.677748164332645842e-01,7.082583841104508893e-02,1.893633318578931413e-01,-4.369186530172752131e-02,-1.494024467193430239e-01,-1.529748955419731396e-02,-1.826814712964096588e-01,-1.582739233210589402e-01,-1.504839129929775310e-01,-2.196836279504879863e-01,-1.132949718881553491e-01,-2.672916882489036472e-01,-3.265886880825241700e-01,-1.984561244894819942e-01,-3.514655516105842370e-01,-2.554928755073787583e-01,-4.973489164932239776e-02,-1.671218556642777020e-01,-6.637440393785570825e-02,-1.256870999438076952e-01,-1.284417781879710826e-02,4.165764136757610370e-02,-2.924824752235919909e-02,1.136842369619744525e-01,-1.212435135567840466e-01,-4.463991411054499953e-02,-1.521021883603464464e-01,-1.022307400117407339e-01,-1.000897821057357001e-01,-4.353019472671394025e-02,-3.392413725988780576e-02,-1.367607495236211612e-02,-8.181629827750204476e-02,-2.861255254293688099e-01,-3.825157197165899442e-02,-6.224944984915978252e-02,-8.012739013464176274e-02,-9.081805310956869715e-02
4.501002985411977630e-01,1.000000000000000000e+00,-2.370231895250024257e-01,2.136311838994942591e-01,-1.363714844498020717e-01,-1.075077931495625472e-01,-6.850437452322875875e-02,1.404760335144671635e-01,-8.165933655418788906e-02,-8.662246624538140483e-02,9.806183664051684734e-02,3.820448345466474493e-01,-1.264593516225133440e-01,1.143952735685875577e-01,-1.161281309939758144e-01,-4.698963110855786801e-02,3.734182182333016242e-01,3.095442145478403684e-01,1.874044495509325226e-01,5.576959902558161764e-01,-8.250692986008431595e-02,1.700052425215586860e-02,-2.783590593597844998e-01,-3.197357392426282696e-01,-1.419561825653196108e-01,-1.990321740140449380e-01,-5.290237922580199453e-02,-8.566970858486448737e-03,2.040675060979629529e-01,1.631130532508342501e-01,-7.206740564246003067e-02,-1.004696294761559389e-01,-7.723301595672879549e-02,4.741499737873922093e-02,-2.495251907869746877e-01,-1.411384119868528964e-01,-1.174842802834100836e-01,-1.145082860093737526e-01,-3.962498705065782556e-02,3.122753485335066220e-02,-7.115074917830538359e-02,4.042235260509371986e-02,-6.533374771228288302e-02,-1.741019435000580595e-02,-1.461910098603354524e-01,-1.570213687690119875e-01,-2.549529271791780780e-02,3.275320280396422368e-02,7.291342933112331115e-02,-7.260892358789385048e-02,1.096942699553286882e-01,9.324625096923863654e-02,2.780733890233527683e-02,4.225880476786930684e-02,1.415669174915005213e-01,3.989967006645759456e-02,4.076845320500142589e-01,6.434457493195708810e-01,2.294607736957265665e-01,2.891250639619022400e-01,2.014933338356108550e-01,-7.367783292366323136e-03,1.807210193722158798e-01,2.435025694634106452e-01,-3.734307751711667400e-01,-3.979277913288065682e-01,-3.663910418805270131e-01,-3.288096964674194767e-01,3.047882743314215270e-01,2.711953263077265808e-01,-1.367340660306577693e-01,1.570354953241102636e-01,1.005214268448496179e-01,2.303099366188561259e-01,2.151066240986473088e-01,4.187895739744906115e-02,-3.095285183755089407e-03,4.254133586983478016e-02,-1.511541395515289717e-02,2.124900721710003826e-01,1.965019510342208009e-01,-1.095247512941494028e-01,-2.555007235935444765e-01,-1.543122094246097142e-01,-4.028501109719384021e-01,-3.397844601615450100e-01,-2.071502343438529070e-01,-3.070453839126790485e-01,-1.734819446929671827e-01,-7.521134896044250062e-02,-2.084953963126552068e-01,-4.027575035551830274e-01,-2.334334749128077757e-01,-2.856734756662240304e-01,2.307965179611300155e-02,3.992321432495471445e-02,3.038276685847389191e-01,1.262490229132723629e-01,2.112171125949225958e-01,4.034230212620350253e-02,-1.258205174086247241e-02,-4.048670691165252161e-02,8.747633802021038962e-02,8.410009135172297201e-02,-6.213172855667416922e-02,-2.025716608747790692e-01,4.575434234607548417e-02,-3.958574661982928837e-03,-2.243924796499125601e-02,8.081959133445718035e-02,1.201149587661552859e-01,-3.093401643075319521e-02,-5.347999836759807779e-02,-5.328850506515481200e-02,2.705549224766048630e-02,-8.874615836182188355e-02
-2.929564996280006883e-01,-2.370231895250024257e-01,1.000000000000000000e+00,6.095765486628430818e-02,2.409958907420836349e-01,1.486867012610304795e-01,3.737085974214328088e-01,-2.707260107550172878e-01,1.657735544610091372e-01,-4.319586625605480006e-03,-2.378535170413343114e-01,-4.646537895268859630e-01,1.585894163849203842e-01,-1.309233430335678405e-01,2.283447758429629215e-01,1.551629419649724340e-01,-1.370526983289855061e-01,-3.578413368116051263e-02,1.489252830804679850e-01,-2.738055997664409769e-01,-3.193857145996377433e-02,-2.092613695224282769e-02,6.565677493886340477e-01,5.517392928560441723e-01,3.102003145512935434e-01,3.023192664236898919e-01,2.061503881663417637e-01,1.240484195524079458e-01,1.295405102511701552e-02,3.933460786252664099e-02,3.682651648568979752e-01,4.252328527165365468e-01,2.316911997840206683e-01,-1.423344603185067170e-01,5.168969295147685106e-01,3.876970262031900760e-01,2.292237614935221934e-01,1.340029320449915018e-01,2.780043258650945481e-01,3.616853294155687459e-01,1.682739547134035896e-01,3.562701499612304645e-01,-1.611180697475113610e-01,-8.115078057065004680e-02,-2.384562500588606471e-02,-6.171734960712480650e-02,-1.682237269619430708e-01,-2.167892537725750191e-01,-3.764538579621973247e-01,-4.261934584632191547e-01,-4.687991486396127505e-01,-4.983785853981648195e-01,-4.568763361366697251e-01,-3.632282631557468555e-01,-2.900558469811551632e-01,-2.358663816241771405e-01,-1.222166762413317842e-01,-2.248633648198550272e-01,-5.221033498770989434e-01,-6.355835365987649865e-01,-4.130086737048303536e-01,-3.183497672257643019e-01,-2.755776976226577135e-01,-4.797268238167440302e-01,6.944912713585664754e-01,3.781914242392850345e-01,3.729316368910277624e-01,2.196302609645611748e-01,-1.452837710995796491e-02,-1.203786544613230647e-01,2.412580168200182673e-01,-5.605260101271703627e-02,-9.033775023622739320e-02,-1.689473205064213057e-01,-8.407026862429327341e-02,-2.318701361485988044e-01,1.939560318820652274e-01,-1.177448367441115834e-01,1.756762695848990141e-01,-2.974424656803191860e-02,-1.433500026683492967e-01,2.119736681012968083e-01,4.198616225447262540e-01,2.586619327010915015e-01,4.539631265519590286e-01,3.312174893030585543e-01,4.640918665574212953e-01,4.864793171537188932e-01,5.247073448668807677e-02,-7.091530659333414310e-02,-1.812954992795456910e-01,2.277137897152400337e-01,-1.041817742325356483e-01,1.566823314466534167e-01,1.073728060675123719e-01,1.338663753457081940e-01,-1.762884203058242283e-01,-1.540861845430373245e-01,-4.513120430451830201e-01,-3.932691673808424992e-01,-3.388866391041880366e-01,-2.244254416118085516e-01,-2.835482139325504192e-01,-2.158412049637575270e-01,-1.063384283108721046e-01,1.542619816731491920e-02,-3.912741838775195963e-02,-1.802705392263042813e-02,-5.119306605891087159e-02,3.147082552448759746e-03,-1.256007709959849061e-01,-1.845289107798172290e-01,-2.738071693836741094e-01,-1.552068912475003948e-01,3.815896455490364048e-02,1.112356340782736791e-01
1.742651836923047870e-01,2.136311838994942591e-01,6.095765486628430818e-02,1.000000000000000000e+00,-2.680184210278481749e-01,-2.521417427146215862e-01,2.355273443018185697e-01,4.649771306769131529e-01,-1.806189942520616820e-01,-2.379649598648873599e-01,-6.043026347594875145e-04,2.553971288561571185e-01,-3.404028893514027959e-02,8.829724783314341074e-02,-1.202813381928682923e-01,-4.622208828155165844e-02,1.379285447450784574e-01,1.400129964306904007e-01,1.455882768428091167e-01,2.825028488552781547e-01,1.424741562522563280e-02,7.518309585024596231e-02,-9.404989499260710262e-02,4.220857701640878118e-02,-2.870359034245908991e-01,-1.966228115611727001e-01,-2.873498268712191828e-01,-2.667690057102675150e-01,7.464785637374470040e-02,9.094990095715259348e-02,1.767153561932387207e-01,1.150513735720407188e-01,5.191038113445654856e-02,2.149418142891674488e-01,-1.549620309591303036e-01,-7.688770016543765295e-02,-2.015576881421696498e-01,-5.846981155175499240e-02,-4.008488489996829551e-02,3.751385187208247153e-04,-2.144583721813598520e-01,1.228931812688157932e-01,3.228545686848804941e-02,-1.530376802312987880e-02,-1.753607765210375702e-01,-2.198390200565689956e-01,-1.734395650276723544e-01,-1.572207101576209576e-01,-2.544553585162722120e-01,-2.675381181545068432e-01,-1.928337555603690523e-01,-1.889772060185403169e-01,-1.281969178996009984e-01,-1.080210579847998287e-01,-8.187123488066200272e-02,-1.855020734643649805e-01,-2.107995944109069403e-02,9.607313160612653002e-02,-1.509610766318525699e-01,7.940693582462980682e-02,-1.445680256412671116e-01,1.300255219762108949e-01,1.926093002960298228e-01,1.528038072635607147e-01,-1.827191421100050617e-01,-3.246125399859989963e-02,-1.209845267133156932e-01,-8.885603156814178560e-03,1.429497502738981962e-01,1.355788277470655889e-01,-1.824993956973652298e-01,3.160110375483834305e-02,6.198889338845828961e-02,-9.919353066561188703e-02,1.104005977102423819e-01,-2.743204342189113909e-01,9.487237442277325628e-02,6.824695729699355173e-03,1.080100706641678315e-01,9.337338996512310751e-02,1.289456253198095204e-01,4.619540478858825266e-02,-1.102703194798916320e-01,-2.787640206059350222e-03,-1.439166344895133898e-01,-7.841179849881807495e-02,-7.586274011219623636e-02,7.043657333722598557e-02,-1.316657719848437769e-01,-1.537408687517461958e-01,5.911178500010987047e-02,-9.802730506138772337e-02,2.139388288771899935e-03,-2.818373311484261290e-01,-7.804921691796239125e-02,1.863763502632248201e-02,5.239853209396356376e-02,6.351456133907185109e-02,6.018697280481181966e-02,5.944297423630273691e-02,3.332297385959460262e-02,-3.723759923904956803e-02,1.443875196594558430e-01,9.377050312510791519e-02,2.228087358616727687e-01,-6.318808095457841001e-02,1.630110281306800524e-01,5.271088592335872874e-02,-1.128758840869065611e-01,-2.429673299869093972e-01,-3.565071621634348376e-02,-1.717443784158795006e-01,-3.084925710016355252e-02,3.678554947590480240e-02,1.328680987854301797e-02,9.926259382387010721e-02
-3.605410784526085627e-02,-1.363714844498020717e-01,2.409958907420836349e-01,-2.680184210278481749e-01,1.000000000000000000e+00,8.616853294155687459e-01,7.746531930723374315e-02,-1.987920225773742722e-01,7.826064435926655127e-01,4.538485444939396873e-01,-1.515795058217103142e-01,-2.333785383096478039e-01,2.421464201739763622e-01,4.434796530518067548e-02,6.844221768079635781e-01,4.243177658696150600e-01,-3.795491431459524501e-02,-5.472627445071245184e-02,2.467124367051850772e-02,-2.505941001227440790e-01,1.314036459069091445e-01,2.149983205095605254e-01,4.473660253210652304e-01,4.603090890255502332e-01,8.349939883659970308e-01,7.916286034487629575e-01,9.070441282188925758e-01,8.178992870798527104e-01,2.729737026328759586e-01,1.636686977513663599e-01,6.073837933881444107e-01,5.516906347218167861e-01,2.723442861223861894e-02,-1.173006350671325360e-01,2.390715400142521263e-01,2.942985223623367230e-01,7.686729514140681896e-02,-1.273932738762325323e-01,1.146448427086570604e-01,3.246878816131897882e-01,2.764519744215175878e-01,1.216720190614316854e-01,-2.520224518049028473e-01,-2.328087672540174458e-01,8.038951621257639513e-02,1.394604911646245976e-02,-2.315844658121670452e-01,-3.068209286483398190e-01,5.423655387397229022e-02,6.494448263846377967e-02,-4.608396196503520420e-02,-6.742290824959425166e-02,-3.233772512235166263e-01,-2.200399310624111260e-01,-2.082426879381193974e-01,-2.139890566286505313e-01,-1.889505225255769250e-02,-1.475691337910337297e-01,6.365425727282145174e-02,-1.273477549764714389e-01,3.583750066708732418e-02,-1.669335015963007152e-01,-2.494875199733792848e-01,-5.302292582930726583e-01,4.214579232708311474e-01,3.553409365592106739e-01,3.092287214839788967e-01,2.500007848086165940e-01,-3.172777186555286733e-01,-1.936593742250014849e-01,3.197624227355916893e-01,-1.076804510452081115e-01,1.636059130620406976e-01,7.450031235382939543e-02,-7.601970183551039206e-02,-2.689696090711319112e-02,2.485096484371321079e-01,1.677230190645709051e-01,2.147393336660921928e-02,2.388392366637471786e-01,-1.128554790628757271e-01,1.857500729872013367e-01,4.974462327616787638e-01,3.583530320296092753e-01,1.717804796122417710e-01,3.184329569391208259e-01,5.109779029285917984e-01,3.943741779129741332e-01,8.285852412030801639e-02,-7.961098606493820229e-03,-5.523734182182332697e-01,-2.436187211386631191e-01,-3.680516969131907290e-01,-2.206285375248391856e-01,-1.450812904765043931e-01,-6.811353983217652286e-02,-3.989951310473427992e-01,-3.515973994581681472e-01,-6.761550028410071578e-01,-5.667699474806073834e-01,-4.292338070438143083e-01,-4.292777563263422413e-01,-5.322540645238251766e-01,-5.225302857645134358e-01,-9.157303899870977704e-02,-2.833677079507391228e-01,-2.620695717142417780e-01,-4.134874069609384972e-01,6.021051706330894301e-03,2.328354507469808377e-01,-1.667310209732254800e-01,-3.339140917095956840e-01,-3.920589924940903748e-01,-4.245500692201200077e-01,-1.744033100088212551e-01,3.171129088460488132e-01
4.631940455000643775e-02,-1.075077931495625472e-01,1.486867012610304795e-01,-2.521417427146215862e-01,8.616853294155687459e-01,1.000000000000000000e+00,8.752656577167092222e-02,-1.024614737450125351e-01,7.171157341570684185e-01,6.073131606126529469e-01,-8.515644374962721974e-02,-1.122386194902511014e-01,2.586666415527909546e-01,6.426954722821293098e-02,6.320001004555029223e-01,4.645674605790631739e-01,-6.159962831463919319e-02,-1.185688857915108835e-01,2.654065779519006532e-02,-2.236877215122320406e-01,7.315828961949338849e-02,2.072177278848779947e-01,4.226822247126815757e-01,4.800658611391026009e-01,8.122831966196722986e-01,8.156233420917975430e-01,8.263155746839575544e-01,8.367786431600789943e-01,2.463168931624334090e-01,5.536353904736791148e-02,5.768296243278113744e-01,4.719540792782271899e-01,-6.984011878863220779e-02,-1.594009084944545407e-01,1.347500698479668635e-01,2.316394024153269893e-01,1.122888472417116340e-01,-6.579207594436020656e-02,1.095498651698796760e-01,2.682899648091816580e-01,2.076823345858878900e-01,5.384885841738633327e-02,-2.088987879415725724e-01,-1.653387704874289266e-01,1.183051900963431047e-01,7.704152265428552970e-02,-2.234899497408562030e-01,-2.928607529767791040e-01,8.010070664167835697e-02,1.117645950858423692e-01,-1.670857544679154455e-02,-2.012563216334064750e-02,-2.868648151461784535e-01,-2.381219215882015017e-01,-1.523297828591519687e-01,-2.564581901057608193e-01,3.464302195266662221e-02,-1.355960935366301578e-01,6.092626252162147704e-02,-1.174010905700535873e-01,-9.982765602780106426e-03,-1.641270259834436696e-01,-1.591544785888513169e-01,-4.494096669586154502e-01,3.057739939538344220e-01,3.025107597261331716e-01,2.798611830519009414e-01,2.705376566870402733e-01,-2.696194306056525214e-01,-2.174814549723904367e-01,4.019020621631209100e-01,-3.599446239040147988e-02,2.999177520569833999e-01,6.816847643533648082e-02,2.909913388521075117e-02,1.337455148187562948e-01,1.753231057074421950e-01,2.405046005481103477e-01,-1.024504864243805519e-01,8.697406050560510526e-02,-2.009078666076490605e-01,1.379050004865813306e-01,3.668101296817757873e-01,2.881974201771155819e-01,3.964539207468866649e-02,2.898502271236136352e-01,4.673566704023556784e-01,2.895174682701876501e-01,-7.174563410966601495e-02,1.561769146975818499e-02,-4.540306200929841163e-01,-1.901136088953347958e-01,-2.879086106062175854e-01,-1.909690502873969131e-01,-2.681408511720331789e-01,-2.316582378221246907e-01,-3.499571494495352098e-01,-3.472919393876608973e-01,-5.602010993599101374e-01,-5.578388254240320698e-01,-4.163048698944275539e-01,-4.576501574326085064e-01,-5.545755911963308193e-01,-5.687445259598994385e-01,-8.226363918894738503e-02,-1.420943088818360789e-01,-3.570486801088686435e-01,-4.394457367626330435e-01,8.020116214459942217e-02,2.388784770945757141e-01,-1.871423234729978624e-01,-3.561430109653460074e-01,-4.119020935554655871e-01,-3.972057674015614381e-01,-1.702767863028921691e-01,2.682679901679176360e-01
2.149245484996028799e-01,-6.850437452322875875e-02,3.737085974214328088e-01,2.355273443018185697e-01,7.746531930723374315e-02,8.752656577167092222e-02,1.000000000000000000e+00,2.958367472508154350e-01,1.794825913752672308e-01,1.841788861368266750e-01,3.116082612094214777e-01,8.917309424923637595e-02,5.609702118041494101e-01,6.709328863063453163e-02,2.761286332714903979e-01,1.372630270382264595e-01,-1.101227754599763270e-01,-2.456968943553425044e-01,3.491880370052958815e-01,7.004730826340688221e-02,-1.272017805737892839e-02,7.222750660024046532e-02,3.487893542280779413e-01,1.416783603150535698e-01,4.141121146197287994e-02,9.237668302207822923e-02,1.390209983393449721e-02,8.422879996484057552e-02,1.058738216098622231e-01,-3.171097696115825204e-02,2.296287227396726915e-01,2.861710443291298755e-01,1.437690904695980709e-01,-9.793940649633180173e-02,5.043808016976979863e-02,-3.541684324860539662e-02,5.457716081356400739e-02,-6.257436061642007719e-02,1.017159055592703198e-01,4.104235141218462446e-02,6.646858097184420167e-02,8.335295354874759644e-02,-2.346891686993209936e-01,-2.217523834637685209e-01,-1.739999183799038895e-01,-2.777971363903198321e-01,-2.049810233276513072e-01,-3.890296312341272600e-01,-1.929828691975175037e-01,-3.639157555038628478e-01,-4.502933614608741753e-01,-4.168134258779653822e-01,-4.168181347296648354e-01,-3.747304182402079187e-01,-3.696652634288602468e-01,-3.420713924702322162e-01,-6.833799509651576620e-02,-2.110805558956392880e-01,-3.567410351311728900e-01,-2.722312736815999945e-01,5.370916248363673956e-02,2.225497490182044291e-01,9.744968591959164705e-02,-1.707790638174974673e-01,2.929047022593070371e-01,2.217288392052713941e-01,-5.650622039309494138e-02,-4.722036484182966926e-02,2.997968915300315085e-04,-2.082411183208862648e-01,3.225437844727184755e-01,1.031678014999262288e-01,9.399338877221401212e-02,-1.290193973297671659e-01,1.979287330991464505e-02,-1.806864877930867697e-01,2.603257269682215380e-01,-2.898298220995828081e-02,5.143321749558153050e-02,1.119921895846478881e-02,5.584070268624292954e-02,5.014142251270604922e-02,1.611573101783398965e-01,1.507585960087773069e-01,2.977987687922423188e-01,2.688267739029160386e-01,1.843609617358711039e-01,1.697227114195932196e-01,2.019657886227864407e-01,-6.084778165996439919e-02,-8.404986360026243941e-02,2.418372055790475039e-01,-1.103126991451864464e-02,1.818307387560469390e-01,6.622058144900784538e-02,1.157310178339910067e-01,-2.414793328498912317e-01,-2.714150727203664126e-01,-2.374862266087791884e-01,-1.073524010434815379e-01,-1.012826912029232557e-01,1.686851944284866733e-01,-2.451224144480127209e-01,-7.673544729382292262e-02,4.719839020056568885e-02,5.594586704086341317e-02,3.593010808384267118e-02,3.663486622152321848e-02,-1.202860470445677177e-01,-4.028893514027669098e-02,-1.602500714175841001e-01,-2.953344697362101368e-01,-8.310966287761066551e-02,-2.369023289980505195e-02,1.015008679983299272e-01,7.768506571987354725e-02
3.791174984068385045e-01,1.404760335144671635e-01,-2.707260107550172878e-01,4.649771306769131529e-01,-1.987920225773742722e-01,-1.024614737450125351e-01,2.958367472508154350e-01,1.000000000000000000e+00,5.548282995708666426e-02,1.516485689799685344e-01,4.855249898759688709e-01,6.615716891278892176e-01,3.034164288696558631e-01,3.835438190042976259e-01,-8.798646362098139218e-02,1.446245318616602160e-01,9.988573186542729077e-02,-9.942740363334996723e-02,3.084941406188687063e-01,3.740413562748587939e-01,-7.514856427111685222e-02,-1.815639038264128813e-01,-2.291358629284662718e-01,-1.263180860715305831e-01,-3.954964542346703360e-01,-2.563169245547780584e-01,-2.437584170724127197e-01,-1.532056292752449478e-01,1.238584958671978264e-01,-1.064514407516583064e-02,-1.236748506509202650e-01,-1.920112761302028917e-02,-5.525052660658172181e-03,2.117758963299209984e-01,-3.625800112384593987e-01,-3.909210200000627911e-01,-4.126916110237357493e-01,-3.069151056823283263e-01,-2.589303372479587195e-01,-1.678250441847251029e-01,-2.887766089361448185e-01,-1.286725119212428770e-01,1.828133191439935620e-02,-1.119560883882856350e-01,-1.553575745018819787e-01,-1.457169854559267064e-01,-7.150548267299536298e-02,-1.941710694430056339e-01,-8.218515832729030718e-03,-9.993438999965469083e-02,-3.287249371368298340e-02,-8.234212005060445594e-02,1.046228366750484168e-01,-1.100835350291477915e-01,-2.134679437072475438e-03,1.097947254582497430e-02,5.783725580679895117e-02,-6.372489004831281834e-02,9.115552081469413537e-02,3.288975950324753983e-01,3.858762702127458977e-01,7.604779798398362267e-01,4.630621976524804673e-01,3.954148341385470000e-01,-3.627809222443015291e-01,3.486119874807329638e-03,-4.086796693758260046e-01,-2.139184238531591786e-01,-3.978979686013768557e-02,2.062163120901337049e-02,-3.882762149622193126e-02,9.639019428722112037e-02,1.979930874057052315e-01,7.535732336312467305e-02,1.272661348803480752e-01,-1.118148228373029018e-01,1.572552417367500677e-01,9.803201391308714874e-02,-1.508355072532012453e-01,2.301529748955419633e-02,1.238255339053018489e-01,4.444371195640230837e-02,-1.450907081799032439e-01,-1.833438497687953916e-01,-9.571682849420340422e-02,-2.931260182891800084e-02,-2.384452627382286638e-01,-2.691312796461454715e-01,4.990127107603539725e-02,3.367927697151772842e-02,6.367152306238600679e-02,-1.461235163193103648e-01,-3.932675977636093667e-02,-1.468172871363589149e-01,-3.919177269431076832e-02,-4.796279379310561253e-02,-1.185767338776765878e-01,-1.065079469720513899e-01,1.134597816976352092e-01,1.890823703731608074e-01,2.140094616526813653e-01,1.383711768048243862e-01,1.345711334833887274e-01,1.098167000995137338e-01,5.419417420867746887e-02,5.450966727253891975e-02,2.092409644983974082e-01,1.749401191025556634e-01,-2.047110491635509844e-01,-6.136732496413424554e-02,-1.797039074051401952e-01,-1.155850434313088343e-01,1.458817952654065664e-01,9.252579665922668062e-02,2.661286018791457486e-02,-2.762369368605771883e-02
9.837419046991201232e-02,-8.165933655418788906e-02,1.657735544610091372e-01,-1.806189942520616820e-01,7.826064435926655127e-01,7.171157341570684185e-01,1.794825913752672308e-01,5.548282995708666426e-02,1.000000000000000000e+00,5.128740005462267826e-01,8.642155523953928831e-02,1.677920822228291375e-03,3.999965468420870751e-01,2.253452373104294915e-01,6.877623222800888225e-01,5.329070252928120865e-01,-9.067678755858597089e-03,-2.210303595365234186e-01,2.024963192475882912e-01,-5.246445601775551193e-02,3.292586069960979495e-02,1.215244750415163805e-01,2.839060866617066914e-01,3.263532454975529573e-01,6.002483134462830439e-01,5.727705941629074315e-01,7.173888475556350341e-01,7.247613396997008017e-01,2.661615638410417262e-01,1.456651880872330551e-01,4.295571481938414427e-01,4.578102583903889133e-01,-5.562723474253568334e-02,-6.475141971878738134e-02,5.145519213684551091e-02,9.902872085613202702e-02,-7.652668820181510179e-02,-2.068818297969857167e-01,5.556288043597688159e-02,2.179884413386951325e-01,2.361332165538111982e-01,7.415813579700454572e-02,-2.014368276152177506e-01,-2.759716715481762561e-01,-3.116945901572442529e-02,-1.141880840938128833e-01,-2.513208329016886067e-01,-4.184003089006714804e-01,2.134679437072475438e-03,-5.622525890836260754e-02,-8.191518416318996354e-02,-1.741239181413220538e-01,-3.127634994930136303e-01,-2.506788594533337355e-01,-1.277903870362173400e-01,-8.814028610982925505e-02,1.557217256999708123e-02,-5.757983858056374415e-02,5.140653400261812472e-02,-4.454259784209022716e-02,1.857155414080722267e-01,7.361975708603700486e-02,-5.975218883123161601e-02,-3.277784579452454605e-01,2.248256940062596243e-01,1.851065299216133053e-01,8.442814135344954563e-02,7.162477358271411576e-02,-2.488549642284232644e-01,-1.437643816178986456e-01,2.236814430432994549e-01,-1.984624029584145660e-02,7.890308869279137605e-02,6.463369842630176110e-02,-6.606205010846055714e-02,-2.369337213427133784e-02,1.830362047910996381e-01,1.026702328370203698e-01,-2.061535274008080218e-02,1.948318782981582065e-01,-3.318484754307814838e-02,1.744488289085823485e-01,3.994063707624258552e-01,2.725703110039585653e-01,2.191907681392815666e-01,2.928529048906133858e-01,3.950899233712866776e-01,2.753061538413242304e-01,2.020709529774069313e-01,6.586898718878414494e-02,-4.215599483909853729e-01,-2.923898678068366230e-01,-4.098506038317495936e-01,-2.410037388282493531e-01,-7.810415352112233707e-03,-1.079111847784799266e-02,-3.815582532043735875e-01,-3.858134855234202631e-01,-5.372893966077432193e-01,-4.067725844375590372e-01,-4.035266159994223556e-01,-3.834355154152108702e-01,-4.490125537986306425e-01,-5.250008632894782590e-01,-4.661606220707018716e-02,-1.335869834782089927e-01,-1.248803166859729641e-01,-3.761603395395998750e-01,-8.873517104118990029e-02,4.987772681753827736e-02,-2.936078907797544657e-01,-2.377263780454498265e-01,-2.993464113841198815e-01,-3.798897500855441534e-01,-1.088199931564688694e-01,3.179730590898103837e-01
2.244552643392382432e-02,-8.662246624538140483e-02,-4.319586625605480006e-03,-2.379649598648873599e-01,4.538485444939396873e-01,6.073131606126529469e-01,1.841788861368266750e-01,1.516485689799685344e-01,5.128740005462267826e-01,1.000000000000000000e+00,4.521910286957422226e-02,5.818728044978951214e-02,3.519646898907232702e-01,2.116550358029690992e-01,5.258876970262031936e-01,5.057667737145619125e-01,-2.090949900957152496e-01,-2.878850663477204308e-01,1.186238223946708414e-01,-1.309233430335678405e-01,9.345501006124646778e-03,8.559436695767369541e-02,2.885270397960753019e-01,3.634668449751843333e-01,4.065952176902140613e-01,3.522252463514247145e-01,4.455907882303821177e-01,4.888839707548917057e-01,-4.903955121504070119e-02,-1.403410464324169882e-01,2.637223786607397757e-01,2.331713488348731156e-01,-6.824538767976041920e-02,-9.045233229424672061e-02,4.098270595732524287e-03,-1.033279024577066565e-02,-2.202016016374247140e-02,-1.933642861851708750e-01,-1.294337762793165147e-01,1.528587438667206588e-01,1.920630734988965638e-01,-7.896430376488389191e-02,-1.683257520820972686e-01,-2.707213019033178347e-01,-1.886522952512800083e-02,-7.604167647677437247e-02,-3.250080835287506575e-01,-3.798269653962184633e-01,2.470891448411390370e-02,-2.349560036289550374e-02,-8.893765166426514934e-02,-9.687677562949499610e-02,-1.353983217652543203e-01,-2.772775930861500204e-01,-1.372614574209933269e-01,-7.968946692659528708e-02,-6.776351518918596883e-02,-2.581078578177925520e-01,9.872892396460199171e-03,-9.242848039077190825e-02,8.065007267327789497e-02,1.219231578187343207e-01,-3.783405378764334581e-02,-2.236720253399006042e-01,1.834866849370112574e-01,2.519565278811108922e-01,2.363058744494567556e-02,5.030780193941905565e-02,-2.556357106755946518e-01,-2.814653318641716084e-01,2.614354463520525695e-01,1.278249186153464501e-01,2.149371054374680234e-01,1.338224260631802331e-01,7.005201711510630758e-02,1.838539753695663803e-01,6.343294124294850123e-02,1.765238628907954410e-01,-2.562666968033175396e-01,-1.829545846949762883e-02,-4.089794662673560538e-02,5.654232158945719788e-02,2.320914521784717688e-01,2.013520682846281218e-01,1.378971524004156401e-01,4.092792631588860752e-01,3.837258946033420548e-01,1.492611811683602907e-01,1.262584406166712137e-01,2.561426970418993476e-01,-1.046714948092758168e-01,7.998298534919275060e-02,5.789376202719204861e-02,1.425385105588151402e-01,-2.313239093514655453e-01,-3.089822915783757007e-01,-2.927006520189986416e-01,-3.694549347196192657e-01,-3.078537367877469677e-01,-3.093746958866610552e-01,-1.207773372385410049e-01,-1.985440230545379159e-01,-3.498253016019513550e-01,-3.321843735186737478e-01,1.101651551252711553e-01,7.040204175809687548e-02,-1.775802152886996887e-01,-1.480541455160744591e-01,-1.226498905976788553e-02,1.015887665633858489e-01,-1.635588245450464440e-01,-1.673180578184204070e-01,-1.458504029207437491e-01,-1.439935457339373281e-01,2.344851184590125703e-02,8.528829159721110220e-02
5.043180170083723102e-01,9.806183664051684734e-02,-2.378535170413343114e-01,-6.043026347594875145e-04,-1.515795058217103142e-01,-8.515644374962721974e-02,3.116082612094214777e-01,4.855249898759688709e-01,8.642155523953928831e-02,4.521910286957422226e-02,1.000000000000000000e+00,5.763163594925740929e-01,6.015479565153242225e-01,3.304938957585802917e-01,1.298089147980373559e-01,6.440296469302995985e-02,2.008796134974525083e-01,-1.257655808054647661e-01,4.268778115768688819e-01,4.862721276789442326e-01,-8.142860282091608781e-02,-3.730305227767156673e-01,-3.043817434680378686e-01,-3.362653783248417128e-01,-2.865194993548872970e-01,-2.891533170720987922e-01,-1.681986130862127837e-01,-7.144426760090284712e-02,1.257718592743973518e-01,-6.398073765731489282e-02,-2.397951335587303612e-01,-1.831868880454812221e-01,-2.251615920941519092e-02,1.822482569400625876e-02,-3.516743107025920856e-01,-3.847288800153194632e-01,-1.116500130278230418e-01,-9.342832656828305160e-02,-7.552841164153709097e-02,-1.295985860887963748e-01,-6.640736589975168580e-02,-1.872396397414526417e-02,-2.230740011740736939e-01,-2.032403178160973600e-01,-3.861195608838828286e-01,-2.531714116195624698e-01,9.207374689608192539e-03,-6.103142687624196067e-02,-2.654850588135577311e-02,-1.853529598272165291e-01,-1.336921478328294832e-01,-6.402311732260970722e-02,-1.695500535239476483e-02,-7.617823317605768030e-02,9.880426559179278367e-02,-3.615299373094876811e-02,2.873325610816546138e-01,7.416912311763652899e-02,1.194274664180392936e-01,1.801324129097878202e-01,3.279526854581241713e-01,4.270959883722755257e-01,5.433999164963632111e-01,3.932173700121488480e-01,-3.160675437687765488e-01,-2.350015225287161447e-01,-3.407403570565282203e-01,-2.987578049216917941e-01,1.467215404851373028e-01,5.915416466540469181e-02,1.458362763656454730e-01,7.370451641662664755e-02,1.045349381099924951e-01,1.971093929034465619e-01,1.186599235910330841e-01,8.876185453415329565e-03,5.720470006184291689e-02,2.760485827926002084e-02,-2.226596222245243173e-01,-1.564908381442101483e-03,2.492348115988435031e-01,6.720630107142072651e-02,7.957959372027537809e-03,1.975991134801867097e-02,1.441206847298217852e-01,-2.588298817450376474e-02,-1.611808544368370233e-01,-2.816693821044800039e-01,1.564468888616822040e-01,-1.434174962093743844e-01,-3.660347387686038734e-02,-1.819343334934342762e-02,-1.326609093106554949e-01,-3.544509635880194187e-02,1.118509240336651445e-01,-3.241259586437251344e-02,7.821873557914167663e-02,5.157762228103054958e-02,1.999896405262612531e-01,2.265711083695129968e-01,2.112265302983214466e-01,2.933049546537581098e-01,1.209013369999591830e-01,4.844780551814634184e-02,-9.404204690644139830e-02,1.634693563627573898e-01,1.345617157799899044e-01,8.739000907238761440e-02,-2.321008698818706195e-01,-3.266844347337458099e-02,4.723920024862737072e-02,-1.957830663414419636e-01,7.960313797877249797e-02,8.047113630869975887e-02,7.884187362069885324e-03,1.814477521511604187e-03
5.015868830227060426e-01,3.820448345466474493e-01,-4.646537895268859630e-01,2.553971288561571185e-01,-2.333785383096478039e-01,-1.122386194902511014e-01,8.917309424923637595e-02,6.615716891278892176e-01,1.677920822228291375e-03,5.818728044978951214e-02,5.763163594925740929e-01,1.000000000000000000e+00,2.833378852233094380e-01,5.584070268624293787e-01,-4.320371434222050611e-02,1.425965863964413771e-01,1.947078785367400422e-01,4.246913347711027409e-02,3.686952399787787882e-01,5.922762275191572057e-01,-1.528461869288555430e-01,-2.629673927715986959e-01,-4.210874936038097593e-01,-3.119504377662463135e-01,-3.668415220264386600e-01,-3.705238440553886292e-01,-2.368662278016882838e-01,-1.823235985672533865e-01,9.328078254836776051e-02,7.884030400346571377e-02,-2.110209104407799185e-01,-2.653265274730104428e-01,-1.604352862510948219e-01,1.056242524697927204e-01,-5.457198107669464227e-01,-4.165246163070673857e-01,-2.860486141849448716e-01,-2.520491352978662669e-01,-3.026535948943490650e-01,-1.561094211565567658e-01,-2.024523699650603303e-01,-1.664500594884931461e-01,-7.387717431227221188e-02,-1.172174453537760258e-01,-1.705357731463605364e-01,-2.641116437345588652e-01,3.941308872418372057e-03,-1.055693158666327625e-01,5.255078496557829409e-02,-1.369993313430586945e-01,6.188686826830409188e-02,4.659094833133992086e-02,2.013426505812292711e-01,-2.951822168645953925e-02,1.896129009979626301e-01,4.279247462713742928e-02,2.423473311798184926e-01,1.660325413044774767e-01,2.292064957039576245e-01,4.181554486123014169e-01,3.206147248931875415e-01,5.127955196845697117e-01,5.976882677390291665e-01,5.429918160157464202e-01,-5.757983858056374693e-01,-4.655939902495377369e-01,-5.327045446697368236e-01,-3.928720542208576916e-01,2.905832383714907277e-02,1.018885634549158842e-01,-2.554238123491205451e-02,1.165393707090588843e-01,1.611102216613456706e-01,2.450407943518893572e-01,1.134330982046718034e-01,7.891093677895708036e-02,5.834267255587052836e-02,6.017284624971354356e-02,-1.877701703662544852e-01,6.550012713899588945e-02,3.244492997937523104e-01,4.096857940222697197e-02,-2.286225980932289903e-01,-4.557383636426420859e-02,-1.254469485071370571e-01,-1.510458359624421987e-01,-2.438306194651372327e-01,-3.667238007339529982e-01,4.583910167666512686e-02,-5.022304260882941296e-02,5.805857183667190863e-02,-2.380685546022746901e-01,-6.079755390850387353e-02,-1.906268737305720495e-01,-5.868170987822909218e-02,-1.680918791143591606e-01,8.875557606522073428e-02,7.183667190918822942e-02,2.625671403771476231e-01,3.084140901399784473e-01,3.125311961425086826e-01,1.766384449488147823e-01,1.812389930591525866e-01,1.777874047634743770e-01,6.536514005694571416e-02,4.279090500990428286e-02,1.659367946532558646e-01,1.262411748271066725e-01,-2.943503197310303743e-01,-7.498375446163697833e-02,5.620171464986548071e-02,-8.111467937428779029e-02,1.758143959014154822e-01,7.771802768176952481e-02,-1.249132786478689278e-01,-8.557239231640971500e-02
2.428370517565586473e-01,-1.264593516225133440e-01,1.585894163849203842e-01,-3.404028893514027959e-02,2.421464201739763622e-01,2.586666415527909546e-01,5.609702118041494101e-01,3.034164288696558631e-01,3.999965468420870751e-01,3.519646898907232702e-01,6.015479565153242225e-01,2.833378852233094380e-01,1.000000000000000000e+00,2.919629319194221306e-01,5.484964636523737003e-01,4.020637327381345050e-01,-4.198098251760325889e-02,-2.434931517600117945e-01,4.151088215627736777e-01,1.473336912060624893e-01,-5.467290746478564029e-02,-3.316758175351358640e-02,1.395578074330793561e-01,8.439988824325299344e-02,1.052161519891759156e-01,4.185227390448565538e-02,1.875158923744855710e-01,2.446468204263708146e-01,1.702061535274008164e-01,-3.851055881512734091e-02,1.162003333867003135e-01,1.097429280895560744e-01,8.136581813159042553e-02,-2.055570728522142579e-02,5.493660315995341041e-04,-5.471371751284731522e-02,8.590515116983572785e-02,-1.523078082178879744e-01,1.442933426254673634e-01,6.527410225742349970e-02,1.635054575591196324e-01,9.887803760175044310e-02,-1.980747075018285952e-01,-1.557248649344371016e-01,-2.062320082624651274e-01,-1.562585347937052171e-01,-1.380698102960611906e-01,-2.483354209242534250e-01,-1.218792085362063599e-01,-2.324697299316588750e-01,-3.257363859249283733e-01,-3.698567567313035265e-01,-3.092616834458749020e-01,-3.689887584013762378e-01,-1.631993821986570392e-01,-1.616705750135771780e-01,1.430674715663838303e-01,-1.874593861540924666e-01,-6.788751495060414698e-02,-1.635368499037824774e-01,2.550078637823380290e-01,2.594545894038279843e-01,1.956841804557540587e-01,-1.078892101372159323e-01,1.625071809988416216e-01,6.222433597342951622e-02,-8.305315665721757501e-02,-8.210824708286637574e-02,-5.760495245629401045e-02,-1.197602252714653065e-01,2.068582855384885899e-01,3.065619418048714725e-02,1.307098750898605943e-01,7.545150039711316300e-03,3.331355615619575189e-02,2.369651136873762026e-02,2.236374937607714941e-01,5.769285102134993209e-02,-1.266257310492263366e-01,3.553613415832414940e-02,1.341002483134462742e-01,1.696096989788070386e-01,2.845731739857918496e-01,2.980451986978455703e-01,3.975652097479508429e-01,3.489839867649874861e-01,3.809382543972826829e-01,1.304587363325579452e-01,3.443975652097479578e-01,-1.151785125679251863e-02,-2.272366260763650225e-01,1.020722086711934457e-01,-1.810836009530715773e-01,1.227770295935633194e-01,1.288310432617901791e-01,-5.383944071398748948e-02,-2.530442726236780127e-01,-2.043264929414312925e-01,-2.992412470294993909e-01,-2.166793805662551031e-01,-6.008023883295819656e-02,6.709171901340138522e-02,-2.125936669083877129e-01,-2.294136851787323128e-01,-1.528885665941503436e-01,-2.433063673092679749e-02,-3.358980878922866037e-02,-6.161375486973746929e-02,-1.736985518711406939e-01,-6.900665203783405699e-02,-9.268432799977396885e-02,-3.019865075702639068e-01,-2.319580347136547260e-01,-1.264985920533418795e-01,-8.865512056229968296e-02,2.074563097043155210e-02
