0.000000000000000000e+00,1.823447620830660199e-01,3.573491571706138847e-01,-2.286975243670503199e-01,-2.135418926046087906e-01,-2.153136265979282704e-01,3.859708805472283344e-01,-1.661480082833130534e-01,8.394959690768490079e-02,-2.014137341348755383e-01,5.499202034754298030e-01,-7.043327572153638971e-02,4.788133948569484599e-01,-1.688193082474674089e-01,1.660018858921114560e-01,-2.951443986036178871e-02,-1.412889364801399039e-01,-1.710202767649415811e-01,7.088922324533264430e-01,4.647856453015943301e-01,-1.306265682471477729e-01,2.068773416683980515e-02,-1.143179394916310661e-02,-1.497275045720326270e-01,-8.820541155143166168e-02,-2.348209658233426089e-01,-1.535723499905248812e-01,-1.139960135985150363e-01,5.912705570231215763e-02,-3.318119861457707875e-02,-6.702223115192390557e-02,-1.646730853971218322e-01,-1.071488096733022935e-02,-1.925778957919034584e-01,-4.933685549180458901e-02,-2.253732399672137843e-01,-4.886652404512441955e-02,-1.205304242800618320e-01,1.596957914468171702e-01,-1.957377925016381692e-01,-4.914506985335247852e-02,1.200098632614061134e-01,-1.729061688763872950e-01,-2.043818452061581525e-01,-3.001970369118859283e-01,-2.354282870117742621e-01,-2.772466888437837285e-01,-2.125327348403727168e-01,-1.111146626970083706e-01,-2.280719378797184393e-01,-3.244145400911895016e-02,-2.719634511369006802e-01,2.224233941948313698e-01,-1.068634143779866597e-01,-1.303160581658443506e-01,-1.688284408969175088e-01,3.974049576587539989e-01,1.589103835941085285e-01,2.657349842119322569e-01,-7.020952581000892978e-02,4.016973029003011453e-01,-2.380196762932402371e-02,6.306322761530540333e-02,-2.724337825835808635e-01,9.519645470548347699e-02,-2.915986474546164442e-01,-6.499934929872668021e-02,-3.440291879476425341e-01,4.472418257079515680e-01,3.570614787129356982e-01,-3.257844375087045469e-02,1.383116927594071899e-01,1.388733507005883716e-01,-3.226336734484199636e-02,1.961715933505179255e-01,1.044546780855227022e-02,2.501364189511608993e-01,-2.379534645847270202e-01,2.403028386557653356e-02,-1.186171342202658047e-01,-2.303642328916936377e-01,-1.600428321259209641e-01,-4.688930543917769339e-02,-1.150028882003885887e-02,1.188911137037688137e-01,-3.951400605951291278e-01,6.872318711200509382e-04,-1.167814716807956399e-01,3.444607056341597584e-02,-1.988931228866478440e-01,-2.631961076648043907e-01,3.489334207023463974e-01,-3.106995837795012982e-01,3.045167801017834019e-01,7.163421912422457405e-02,3.943706348789581539e-02,3.118046343629634620e-01,9.275803730230668120e-02,-1.868334592877903266e-01,3.320973814410864144e-01,-1.329942076170862776e-02,8.873967154426253001e-02,-1.659470899954108569e-01,-1.344714136656399994e-01,-2.451865229492064813e-01,-2.064732219302311267e-01,1.721344599978538170e-01,9.911207815721400152e-03,-1.091054798179862950e-01,1.000504578882118051e-01,9.229683850507661158e-02,1.390012077928897694e-01,1.081876485482512057e-01,1.065574706214083012e-01,1.342430974293875034e-01,2.047517175088872099e-01
1.823447620830660199e-01,0.000000000000000000e+00,-2.997563865759185833e-02,-2.673879937624004111e-01,-6.501761459762687989e-02,-1.526134217982643426e-01,-1.168545328763964386e-01,-2.705935537193856488e-01,-6.338287034605892545e-02,-3.345723294420636096e-01,1.905550139387062192e-01,4.201132905164284836e-01,1.190189707960702253e-01,3.937473315539887775e-01,-1.097995611761939244e-01,1.641296927548408779e-01,3.259374093869937261e-01,4.254787220683624582e-01,1.387409272835619101e-01,2.276518360050138190e-01,-3.297959537796611440e-01,-1.350924338282468162e-01,-3.500795682083340243e-01,-7.600419188609759680e-02,-2.099892919685197590e-01,-2.684154168255367123e-01,-8.422814271591295976e-02,-1.513051697645374609e-02,2.858222466774279491e-01,3.143754751831667194e-01,-2.289349732527529158e-01,-1.667005335750441353e-01,9.500466906703136649e-02,-1.383824707926454775e-02,-2.468851957469251623e-01,-3.061743559769765644e-01,-4.509177171116169336e-01,-4.820965823342595602e-01,-2.722876601923792661e-01,-3.027770103815392577e-01,-1.813401706435549821e-01,6.088965704618152369e-02,1.806597882595225024e-01,9.472155693407825761e-02,1.671982629700745904e-01,1.715910673555728627e-01,1.532253093114210596e-01,9.679010203452598216e-02,2.877218377630488266e-01,2.191402067175202972e-01,1.519147741153316633e-01,4.816331003746669726e-02,7.489914130263546077e-02,2.246403448488432444e-02,2.160122742808609220e-01,1.342248321304873038e-01,4.758681154092910814e-01,6.089079862736278548e-01,3.831214939187970736e-01,3.271246538155067607e-01,2.248229978378452412e-02,1.278365438401420917e-01,4.596896269084383424e-01,4.157250524556552751e-01,-2.745023276840286020e-01,-4.511186353995191856e-01,-2.667761062492436941e-01,-2.656299587432561227e-01,1.138498912073134250e-01,9.197262944959805342e-02,-9.205938961937400189e-02,-1.318069631885732292e-02,3.394719958720424646e-01,3.162248366968120061e-01,-7.007025290589490030e-03,3.245971930801914984e-02,5.093963547029720096e-02,1.026212987084150485e-01,6.960677094630229877e-02,7.190819860772759697e-02,1.566820171282840568e-01,1.962766188191940875e-01,1.319416697679622053e-01,2.291450241901052398e-01,9.347495028413956020e-02,1.564217366189561975e-01,-4.140514944439244172e-02,8.791316676902843907e-02,-2.109893170833057330e-01,-5.364289970752689901e-02,-2.575749619282676206e-01,2.681117562313208719e-02,-3.266269244204763056e-01,-1.290968494642559528e-01,-2.171447228126733853e-01,-7.589003376797133493e-02,1.808059106507240998e-01,-3.701691138361922623e-02,1.337134037612816850e-01,-8.997257922002607766e-02,3.235903184783179287e-01,6.983052085782975871e-02,-7.834215014532328047e-02,-1.998977143261588818e-01,-2.004913365404153991e-01,-3.334079166371758385e-01,6.146501396153784824e-02,2.463303872928315416e-02,-1.818607316622107006e-01,1.140553758199406853e-01,-3.720435901358253306e-01,-2.075189102922676276e-01,2.716963211404852798e-04,-1.996967960382566576e-01,-1.509330142994458890e-01,2.416065243647671501e-01
3.573491571706138847e-01,-2.997563865759185833e-02,0.000000000000000000e+00,7.837868074312367983e-02,2.446476966316505630e-01,-4.690757073807790001e-02,5.876974079257698547e-01,-2.096468176141410011e-01,1.624173209829470610e-01,1.135873275356230443e-02,1.900846824920260636e-01,-5.133530750772279383e-01,4.034827358677957609e-01,-3.166266732726164546e-01,3.955236318720333211e-01,-1.384441161764336514e-01,-2.211356906223672369e-01,-2.415928253905920142e-01,5.440205119306649184e-01,3.470566612403507833e-01,3.071195851950619948e-01,7.909559372495655882e-02,6.700236763936994189e-01,4.256157118101139281e-01,2.912424741260625227e-01,-7.320503482964184350e-02,2.883428579256556712e-01,1.679014769777323057e-01,-2.733333485544157671e-01,-4.121085232734155168e-01,2.363826488793097647e-01,2.435472123729134630e-01,1.467959240985504121e-01,-2.276427033555637192e-01,2.318848190251353303e-01,-1.127311416496761393e-01,4.246156866953279541e-01,3.205308809125343439e-01,2.185465845032637799e-01,1.981351129822895019e-01,3.911627917596103843e-01,-1.663032633239647506e-01,-1.349645767359454185e-01,-1.978109039268109437e-01,-4.258988239430670508e-01,-5.128233814091220921e-01,-1.167175431346449271e-01,3.985259903787537888e-02,-4.327483110306423186e-01,-3.822401932468623698e-01,-4.624545365294562005e-02,-3.135398377584825425e-01,-9.434711830662413645e-02,-8.310939315827566010e-02,-7.158855587697407485e-02,8.133765916495619419e-02,-6.029146850719994954e-02,-1.879522088454276263e-01,-2.462733082337684176e-01,-3.494265837726518442e-01,-5.190312998728278254e-02,-5.621625200632892616e-01,-2.839089566176319357e-01,-5.008276463564153014e-01,5.555550481861416534e-01,5.636899556838185360e-02,3.007312969047167828e-01,-1.898289683074232403e-01,1.848105774345931152e-01,2.718104792586115148e-02,2.367342558831386223e-01,2.221083177888029114e-01,1.976419499119840828e-01,-8.217786291436543489e-02,1.169230277472721874e-01,-6.567059903330906001e-02,2.919365554842701660e-01,-2.431339599852964245e-02,-2.293436593156449044e-02,-1.086442810207562254e-01,-3.378189863215743105e-01,-3.385769962259326249e-01,-2.678263609360052588e-01,-4.133185993255538149e-01,1.503987543066150068e-01,-3.693585911974958114e-01,2.707762067083876456e-01,-7.097666836381735789e-02,2.820413298050864492e-01,-8.447472425106566929e-02,2.357890266650532196e-01,4.418170319345919861e-01,2.391909385852156178e-01,5.308512314236202290e-01,4.123231405354929047e-01,2.122861533052199934e-01,1.305443744020968466e-01,2.149894175424496845e-01,-8.043809319412131842e-02,4.021722006717063924e-01,-4.267458771795638872e-02,4.252846532675478436e-02,1.167632063818954402e-01,1.316813892586343460e-01,-5.772062768699670610e-02,1.888928717387879652e-01,5.115881905709961097e-02,4.965193189783304734e-02,2.087929148905566246e-01,9.273520567868143161e-02,2.770686021795067955e-01,1.977195774323099453e-01,1.164184488651541505e-02,3.680686044626691605e-02,8.042439421994616866e-02,7.517312078613846982e-02
-2.286975243670503199e-01,-2.673879937624004111e-01,7.837868074312367983e-02,0.000000000000000000e+00,4.369287813164257628e-02,4.830943242866830162e-02,-6.375274264878798280e-02,6.055106406781906037e-01,-1.620063517576925405e-01,3.357047779738760451e-01,-4.400315989670973704e-01,-6.864327642931672413e-02,-3.058912438440234971e-01,1.633853818246576994e-01,-3.771578738278815179e-01,-1.966487742842856767e-02,-1.488233722764726874e-01,-3.342800846596604147e-01,-1.811757829534531572e-01,1.057104173849114908e-03,4.872953430337291503e-02,-2.479674147067620349e-01,2.387754030352360335e-01,3.830256010995710114e-01,1.207039446196137289e-01,2.290034681236286784e-01,-2.940484806696058717e-02,-6.211799839722002142e-02,-2.617759806753137686e-01,-2.748721999867576593e-01,1.566934329400966608e-02,2.403599177148284527e-01,1.697188742183022847e-01,2.990919863284237645e-01,7.865722655135175267e-02,2.420174935900216706e-01,3.173367367673617101e-02,4.375224035306822523e-02,-2.816714575023573919e-01,-1.241743514106518620e-01,-8.596334611143202631e-02,-4.520684309423296243e-01,-2.230763786305135499e-01,-2.502414444198370336e-01,-2.958361967994629915e-01,-2.814020443435794050e-01,-2.113865873343851176e-01,-1.789930797348791847e-01,-3.175947341143270930e-01,-1.952537620807828500e-01,-2.386338469687594999e-01,1.499809355942729149e-02,-2.645568724328692944e-01,1.363253415040103778e-01,-4.578083011217176646e-01,-1.354120765590003383e-01,-7.359317243127110053e-02,-1.994182502300285986e-01,-4.424517510713739110e-01,-1.177175682494309150e-01,-2.605111087264748715e-01,1.291470790362315157e-01,4.255129695038003396e-02,-7.870060663623971650e-03,1.356038621974524350e-01,6.288262947242967416e-01,1.267543248803052192e-01,2.412549173609382924e-01,-1.842991490653874964e-01,1.395217688115454879e-01,6.068873875827932030e-02,9.864859619762139653e-02,-1.212884341844201602e-01,-1.619561221857170052e-01,-2.641733011559651012e-01,-1.929842986924329151e-01,-2.914890556612152461e-01,2.813084346867158678e-02,-2.004182753448146004e-01,1.333435314585525999e-01,1.100826733091470333e-01,1.062332615659297430e-01,-3.730938448225868953e-01,-2.167520188863190644e-01,-3.195719527202737775e-01,3.026080563667123968e-01,-1.827557313083205404e-01,-3.105123644657742377e-01,-2.944526004077728243e-01,2.667532746256184306e-01,4.658952622097815022e-01,-2.365584523812241935e-02,3.079415236455709803e-01,6.679848124039644564e-02,1.649790291537002185e-01,2.653011833630524730e-01,-1.660110185415615558e-01,4.066312167657178817e-03,-1.420104157866978467e-01,-1.246629481562322311e-01,-2.706848802138866472e-01,-1.531773629018080320e-02,-1.054158894401457519e-01,8.437883143183960710e-02,1.484740484350063547e-02,3.076766768115181128e-01,-1.952103819958948784e-03,-3.026902502117633231e-01,2.787124790805248775e-01,4.805371824406549225e-02,-9.249319046825377200e-02,-1.381336060951302291e-01,-2.158524529154841887e-01,-2.882949115160426262e-02,-7.559550582320560645e-03,-7.537403907404066628e-02
-2.135418926046087906e-01,-6.501761459762687989e-02,2.446476966316505630e-01,4.369287813164257628e-02,0.000000000000000000e+00,6.275614227754577890e-01,6.673683585660826825e-03,-1.404259011071054275e-01,2.929639785474064673e-01,3.062862309327403151e-02,-3.601163499539942747e-01,-4.183552554972841953e-01,-2.165876311962172673e-01,-1.511202336131729218e-01,1.722029548687295797e-01,2.774270586704232280e-02,-1.085529545262552270e-01,-4.886195772039936963e-02,-8.990865067387536491e-02,-8.355689298133057996e-02,4.429266488427791582e-01,3.757605784620161593e-01,3.821579994018114435e-01,5.482078317035359305e-01,5.442305628680171870e-01,4.727310503231816341e-01,7.150248065590688595e-01,6.445527170773694969e-01,-2.628581996351506689e-01,-2.309030592092495560e-01,5.115311115119329788e-01,7.013440976828184681e-01,1.229939564692263988e-02,8.669395806744005506e-02,4.208530351218865984e-01,1.149138448682501118e-01,4.274605069990342066e-01,3.679612958316304527e-01,2.326473952542187085e-01,2.556479728942964158e-01,3.446091111877239155e-01,-3.689818694076792138e-02,-4.451938290687665334e-02,-1.241378208128514626e-01,-1.408688346054352836e-01,-2.526296322510382941e-01,-4.260152652235558307e-02,6.912730685017202947e-02,-1.788241257200523238e-01,-2.344419608711634240e-01,-1.459146234266157360e-01,-2.261677804693725258e-01,-9.268497610670588249e-02,1.116900196123646882e-01,2.324944233759295223e-02,4.461527572610270859e-02,-1.922673857106000361e-01,-1.332841692371269648e-01,-3.915006997892641061e-01,-2.875026541762464305e-01,-4.453696325706810177e-01,-4.418398635582171941e-01,-3.171883312137975808e-01,-2.687807228035407059e-01,2.773014847404843275e-01,1.653945647036797750e-01,2.316382374899826346e-01,1.423026605691010416e-01,6.435549751249459993e-02,-1.497868667934582898e-01,9.489964359835520447e-02,2.225238533387824680e-01,-5.191226263673288932e-02,-1.277908805928915925e-01,-5.671603624748566830e-02,-7.116617083990694169e-03,-4.673633356088851935e-03,-6.635554774206657569e-02,2.499834470728716854e-02,-2.141377979812278398e-02,1.746847523567943497e-02,1.388916159994885713e-01,8.631038679053583407e-02,-3.491640201009614530e-02,-3.263780597229611058e-02,-6.420937512129300251e-02,3.592624472304098981e-01,2.745342919571039375e-01,1.032423188710218792e-01,-1.487411784314217889e-01,2.976992572872834697e-01,1.846918529917417895e-01,3.736600690884930853e-01,6.541945117343130056e-02,1.075118324889437899e-01,1.605291457091388013e-02,4.089828739991187290e-02,-1.270146053896330784e-01,-3.481822602850756596e-03,-1.252520040457636985e-01,-8.787206984650298980e-02,-4.309012326793595221e-02,1.873174897086456459e-01,1.541614058800563347e-01,6.218192694337072723e-02,5.351047629050044441e-02,7.389911618784947289e-02,2.033224578699465157e-01,1.133338965133827564e-01,1.140508094952156354e-01,1.879887394432280256e-01,-1.189824401982698260e-01,-1.001235190838126038e-01,-1.843767765857133312e-01,-4.188917986524775400e-02,5.377532312455335362e-02
-2.153136265979282704e-01,-1.526134217982643426e-01,-4.690757073807790001e-02,4.830943242866830162e-02,6.275614227754577890e-01,0.000000000000000000e+00,-2.087244200196808619e-01,-1.470653372573283713e-01,1.857421076785033542e-01,1.174687035519156840e-02,-1.900846824920260636e-01,-1.422250330487752068e-01,-2.875711490471221654e-01,2.917196550598302740e-02,1.292041580952946363e-02,-1.434853386728890401e-01,-1.551066350981417374e-01,-3.682740890752964329e-03,-3.133891490425558812e-01,-2.303870645153188734e-01,3.011422661299713033e-01,1.223432551959067471e-01,5.718636769416583776e-02,1.276356255522398953e-01,2.544470294916082453e-01,2.817445186979581906e-01,3.307411829977465190e-01,4.454929233382573517e-01,-9.010043631232747541e-02,-4.903091173522623053e-02,4.463194281134914565e-01,5.924829162376223923e-01,2.046786563132864112e-01,4.093869937372856538e-01,3.566870400854815770e-01,2.957996662016625922e-01,1.728468066549616600e-01,1.576044147227441683e-01,1.981944752037151647e-01,1.223067245981063478e-01,1.959067465164650301e-01,-2.379717298836272199e-01,-7.025518905725942898e-02,-8.738347310092262066e-02,9.666681126694962045e-02,5.725029624031653663e-02,-2.740023151266356150e-02,5.856311459876846134e-03,4.599887211779291052e-02,1.602095029783853070e-02,-1.376769736226252372e-01,-1.593807150407886841e-01,-2.522666094353967839e-02,5.644205676398265925e-02,5.874805075013299349e-02,-8.332857674507807011e-02,-1.221925664799800859e-01,2.918566448015817716e-02,-1.371153156814440555e-01,4.080239458068581765e-02,-2.338940019041574059e-01,-9.410510309619647684e-02,1.594788910223772851e-02,1.407820744356593490e-01,1.891600017352033924e-02,-7.088534186931635950e-02,2.681688352903839889e-01,3.747833849708554488e-01,-2.262842217498612848e-02,-7.850653783542509145e-02,1.081693832493510060e-01,2.856464431755135341e-02,-5.427761884430887251e-02,-7.544253394491642895e-02,-6.408608435371664080e-02,-3.244373717148147773e-03,-6.873916924854277244e-02,-7.431465173782902944e-02,-1.284255997296735730e-01,-4.763361636936087190e-02,1.529924267504434998e-01,2.267659690083540791e-01,1.532161766619709597e-01,1.922445540869748004e-01,5.199902280650883779e-02,2.271404076358082003e-01,1.591523988045361881e-01,3.070099934016607968e-01,6.526419613277958942e-02,-1.246903461045825307e-01,2.857217875334768786e-01,-1.401793195719527318e-01,2.717077369522978847e-01,-1.961076648043672266e-01,-1.769222514720689490e-02,-6.589891526956156986e-02,-4.934598814125468885e-02,-2.289212742785777799e-01,2.256563521001669070e-01,-2.686072024639888367e-01,6.708159337334955452e-02,-4.659249433204943475e-02,7.482151378230959826e-02,5.946039740724082256e-02,-4.801490448390256620e-03,-4.761991739518572214e-02,-3.020395489384436472e-02,-5.674800052056101773e-02,9.861663192454604709e-02,9.631520426312076277e-02,9.970570037147050840e-03,-9.685403058067668103e-02,1.447410779722778373e-01,-2.851418642933954972e-01,-2.408348154862336721e-01,-1.012194370178246539e-01
3.859708805472283344e-01,-1.168545328763964386e-01,5.876974079257698547e-01,-6.375274264878798280e-02,6.673683585660826825e-03,-2.087244200196808619e-01,0.000000000000000000e+00,1.436086294404654018e-01,4.492327432880734439e-01,1.167769053560705900e-01,4.086746470801778108e-01,-1.740112194598494588e-01,5.552034411823127957e-01,-2.954115286000333351e-01,4.520729972670546326e-01,-8.227375573359148320e-02,-7.308402722442801196e-03,-6.819577660626180426e-02,5.232483007564117106e-01,4.372598398589919166e-01,3.268803554427165969e-02,1.370582366223809315e-02,4.509679466835925243e-01,8.802275856242965102e-02,1.726299062305217819e-02,-1.928427426259563537e-01,9.271237405505618201e-02,-8.477381852055645636e-03,1.695316549045752241e-01,-7.788551767281826077e-02,2.095828890679903023e-01,8.037416464797060567e-02,5.186659938948238319e-02,-1.184344812312637940e-01,2.049138220366264820e-02,-2.286883917176002201e-01,2.234827815310430066e-01,9.283109849790747992e-02,1.194984348922004946e-01,-1.524924141930505093e-02,1.606273216907273815e-01,9.751386450344642562e-03,-3.685686170200621614e-01,-3.389012052814111553e-01,-5.645050446472400507e-01,-5.175495274995490780e-01,-3.745002728379023260e-01,-3.489242880528963253e-01,-5.354084234992203539e-01,-4.213096675943916458e-01,-2.410996623202865952e-01,-6.338949151691024575e-01,-9.000910981782647702e-02,-2.295788250389849960e-01,-2.317980588553593679e-01,-3.698700195667014579e-01,1.004979577112667249e-01,-6.732360858377721413e-02,-2.071444716648135065e-01,-5.121749632981650313e-01,4.052864341341905763e-01,-2.837856658500556017e-01,-2.845048619942509849e-02,-4.066015356550050086e-01,3.633264762357045763e-01,-2.972905712243914880e-02,5.271136946361666686e-02,-3.883682010278797225e-01,1.220236124651532389e-01,-1.262291975369244368e-01,9.072602279965935601e-02,2.875026541762464305e-01,-2.873359833237821084e-02,-1.126352488304500771e-01,1.084159647845037155e-01,-7.418222832080258178e-02,3.732445335385135010e-01,1.412432732328894047e-01,2.166972229896184654e-01,1.715271388094221638e-01,-6.792408028512131671e-03,-3.336385160357908247e-02,-1.686572037197281090e-02,-2.155282438600056028e-01,5.757907162052015165e-02,-5.125311366267188973e-01,-1.042469103105329170e-01,-2.273550248978855604e-01,2.520268773873316492e-01,-1.994639134772790978e-01,2.019913742125943948e-02,4.334332597393998343e-01,1.044706602220603769e-01,5.652995851493987089e-01,1.597871179413181686e-01,1.368299203861284181e-02,4.597147416944261100e-02,7.030541862923497809e-02,1.310306879853147081e-02,5.226729438410553374e-01,-1.606958165616031442e-01,5.521371541294416152e-02,7.355664183347070118e-02,-2.096627997506786759e-02,-1.522663811191605210e-01,7.831931852169803088e-02,-1.189870065229948759e-01,-2.930438892300948200e-02,-1.433072520086120794e-01,-1.734038982714177779e-01,3.400245211637735188e-01,4.080810248659212935e-01,5.969784629294343226e-02,2.581320535447237385e-01,1.627049994406252198e-01,-6.824372301587482842e-03
-1.661480082833130534e-01,-2.705935537193856488e-01,-2.096468176141410011e-01,6.055106406781906037e-01,-1.404259011071054275e-01,-1.470653372573283713e-01,1.436086294404654018e-01,0.000000000000000000e+00,6.686240978654714451e-02,5.994100308455234671e-01,-2.521456018301829749e-01,1.975003938455075492e-01,-5.922751484626326279e-02,1.877649895317005657e-01,-1.643762742899935736e-01,2.259896938050955650e-01,-1.214254239261716578e-01,-3.213025897910677942e-01,-3.146426051795821188e-02,1.081008883784752572e-01,-1.716412969275483980e-01,-3.135307051090324149e-01,2.578831888472084971e-02,1.803926582631070613e-02,-1.539787528910543379e-01,1.331311973588377752e-02,-1.188728484048686140e-01,-1.506270705428675027e-01,-7.993123114964074960e-02,-1.032149209226715797e-01,-2.054184009187445259e-01,-7.211368322035484335e-02,-2.889227811657370526e-01,2.677007870060663791e-02,-2.601640680473710776e-01,-1.032834157935473285e-01,-1.264803453968021962e-01,-1.474306432353323926e-01,-3.476137528568069013e-01,-2.459764971266401590e-01,-2.606480984682263968e-01,-2.306290797257465330e-01,-2.185283192043635803e-01,-1.429602113295082855e-01,-3.187271826461395285e-01,-2.254919644100650822e-01,-1.690202265353696054e-01,-3.080008858669966432e-01,-2.814111769930295326e-01,-3.270630084317185937e-02,-1.765866266047777522e-01,-4.084349150321126692e-02,-4.909027395665187948e-02,9.529234752470952530e-02,-3.442529378591699940e-01,-2.569904723634611754e-01,-1.475311023792834908e-01,-9.247492516935357232e-02,-2.633787606538063875e-01,-1.994365155289287983e-01,1.935048597110886337e-01,3.911034295381847214e-01,2.994367438451650543e-02,-8.581265739550536509e-02,-5.783021948039791110e-02,4.953343577121799846e-01,-2.991970117970999543e-01,-2.037242944457509086e-01,-2.518624896972298521e-01,-8.418019630629993214e-03,-1.503005783250264266e-02,-5.331184116496076771e-03,-1.931441200578096762e-01,-1.922262887880745730e-01,-1.424990125322782020e-01,-2.996262463212546190e-01,-3.605090538803485956e-01,-8.756155976519958140e-02,-1.524467509458000102e-02,1.534079623004230564e-01,1.854909598186255948e-01,1.078040772713469986e-01,-2.280125756582927765e-01,-1.675727015975287115e-01,-3.048501218067120599e-01,7.427812114002863009e-02,-3.690252494925671534e-01,-3.097589208861409871e-01,-1.281972834934210770e-01,3.099324412256928563e-01,3.156905767039811517e-01,-7.132370904292116565e-02,2.696254928776750104e-01,1.226309336535849059e-01,1.535426688798120429e-02,1.980483528125135673e-01,-1.483302092061672683e-01,-7.439227925815489195e-02,1.023153549518366900e-01,1.032605841699220789e-01,-1.818789969611109003e-01,5.998552475062159106e-02,-7.393564678564987225e-02,-1.033793086127733768e-01,7.847000723762469210e-02,1.966647564208233445e-01,-5.231866553726235297e-02,-3.626186959033217971e-01,1.997082118500692963e-02,-2.170351310192721872e-01,1.708033763405017100e-02,1.782350698305208703e-01,1.432227750011986524e-02,3.271748833874823514e-01,1.395400341104456876e-01,-3.486160611339553933e-02
8.394959690768490079e-02,-6.338287034605892545e-02,1.624173209829470610e-01,-1.620063517576925405e-01,2.929639785474064673e-01,1.857421076785033542e-01,4.492327432880734439e-01,6.686240978654714451e-02,0.000000000000000000e+00,1.311653945647036912e-01,1.598601791369189673e-01,-4.398512291404578500e-02,2.416476212872926133e-01,-1.648466057366737569e-01,5.689937418519642742e-01,9.995456506898575677e-02,2.130875432944662889e-02,-5.048071983542965283e-03,1.752441271356129926e-01,2.441408345871700081e-01,2.317478292833838327e-01,2.853199509576724302e-01,1.584720164205037085e-01,7.284886150108792202e-02,5.770692871282155634e-02,-5.529134293327001709e-02,2.525565710554374399e-01,3.492530634330999195e-01,8.268015863412095379e-02,4.199420533392390908e-02,3.059414734159990323e-01,2.011306220019224156e-01,-7.020039316055882994e-02,-4.693953501115324944e-02,3.023135284219466770e-02,-1.459283224007908997e-01,1.432159255141110810e-01,8.495647150955845314e-03,1.909659831639607397e-01,-3.682740890752964329e-03,1.853448374274239696e-01,-1.728353908431490369e-03,-3.957291164846605813e-01,-4.265335430798490313e-01,-4.115696969558595986e-01,-3.950852646984284733e-01,-3.998251097630305950e-01,-3.647100726273947435e-01,-2.402868565192276540e-01,-3.561162494948503232e-01,-2.296107893120603594e-01,-4.564566690031028329e-01,8.926936521236834843e-02,-1.837100931758560152e-01,3.603058524300838811e-02,-2.451910892739315451e-01,6.708159337334955452e-02,1.600382658011959280e-01,-1.060186443038523829e-01,-3.596962480792896821e-01,2.159711773583354866e-01,-2.221311494124281749e-01,-5.117251803127476073e-02,-1.681069615903595660e-01,3.590729447543203334e-02,-1.260602435220975759e-01,-2.175008961412272790e-01,-2.449216761151535859e-01,8.615056542515907301e-02,-1.546819668987120810e-01,1.517503864252298662e-01,1.152380539237286838e-01,-1.262017995885741373e-01,-9.053423716120724551e-02,1.585542102655546071e-01,2.419923788040338752e-02,3.217455232893977057e-01,1.762624175492991940e-01,1.849338682021694491e-01,-2.509081278296943496e-01,6.809988378703574208e-02,7.792661459534372392e-02,2.163912792330401069e-01,-1.806666377466100912e-02,1.256264426732178197e-01,-2.759818168949448314e-01,1.617643365472648809e-01,4.503081127608227902e-02,3.305448310345693863e-01,-2.412686163351134283e-01,-1.510311902810344484e-02,3.082109368043489672e-01,2.148227466899853624e-02,1.738285664708474343e-01,-2.508533319329937505e-01,-1.670384416046978293e-01,9.027395665187938623e-02,-3.139964702309875344e-01,3.246999353865051563e-01,1.883266474728817474e-01,7.172097929400053640e-02,-1.097584642536684751e-01,3.272525109078082139e-01,-2.039800086303537319e-01,-6.139423592829956755e-03,-1.361015915924829178e-01,3.118114838500510300e-02,1.287452424604270951e-01,-1.376358767000997740e-01,1.036989513435268989e-01,1.927833804045307187e-01,1.136718045430364643e-01,4.511757144585822749e-02,2.920849610378342676e-02,-3.099392907127804589e-02,-7.340366995518152367e-03
-2.014137341348755383e-01,-3.345723294420636096e-01,1.135873275356230443e-02,3.357047779738760451e-01,3.062862309327403151e-02,1.174687035519156840e-02,1.167769053560705900e-01,5.994100308455234671e-01,1.311653945647036912e-01,0.000000000000000000e+00,-1.285762884456002342e-01,-1.488096733022975515e-01,3.131813812675660752e-02,-1.330398708643367768e-02,-1.899819401857124126e-02,3.720801207336257299e-01,-1.301882010735429529e-01,-4.212914022954914461e-01,-1.122060143062953569e-01,-1.771574171954090060e-01,3.419948902826326631e-02,-1.327270776206708469e-01,2.485108073490430169e-01,1.872672601366701106e-01,1.651571158179771515e-01,2.358392562370287826e-01,9.068492587713390674e-02,6.251526864829938523e-02,-1.456178123194874774e-01,-4.527122827285616768e-01,-8.972143136014831821e-02,4.527282648650993863e-02,-3.211656000493163243e-01,-8.672135601579035458e-02,7.635579888992645448e-02,1.006075495046679230e-01,1.557824511574491533e-01,1.844133071835137305e-01,-3.189806136683798199e-02,6.431440058996915066e-02,1.314713383212820497e-01,-2.517711632027288537e-01,-2.700090641545792036e-01,-1.785318809376491289e-01,-3.034665254150218372e-01,-3.095762678971389903e-01,-1.933907015929623718e-01,-2.424056311916509276e-01,-3.714727995451940767e-01,-5.144649751477776978e-02,-1.869293521070163888e-01,-1.883380632846943722e-02,-2.636344748384091830e-01,1.581067104424996872e-01,-4.011173796602197639e-01,-3.673379925066611040e-02,-2.155647744578060299e-01,-1.710476747132918807e-01,-4.766854875350750587e-01,-2.273002290011849613e-01,6.986705145563015806e-02,5.694891880846322807e-02,-2.677304681167791967e-01,-3.476502834546073006e-01,-2.374260540789837129e-02,3.998114107888554036e-01,-9.398181232862012902e-02,-1.044523949231601773e-01,-3.154942247408040190e-01,-9.617821452136925131e-02,-5.524567968601951096e-02,2.612645523061081221e-01,-1.681252268892597657e-01,-3.333394217663000481e-01,-2.503966994604887586e-01,-6.180748831591661302e-02,-2.798083970145369137e-01,9.840429782483120762e-04,-3.384719707572564351e-01,9.890887670694925582e-02,-2.344647924947886874e-01,-1.664197046044535444e-02,-3.033888978946959747e-01,-3.143686256960791237e-02,-4.949918833578011990e-01,3.576117208423042898e-02,-1.772944069371605313e-01,2.167063556390685652e-01,4.156497080976919584e-02,5.968437563500452736e-01,4.495660849930021019e-01,-1.756893437963054014e-02,4.588174588859537661e-01,2.576069262013429562e-01,2.336885172915301456e-01,1.015847429958286613e-01,-2.844569155846379815e-01,6.081659585058072498e-02,7.502699839493685852e-02,2.358666541853790821e-01,-4.113505133690572024e-01,1.983497302443668620e-01,-9.706408151802899120e-02,1.193842767740742328e-01,7.731472708218699308e-02,3.892266700761891074e-01,-2.979504051471612569e-01,-1.454123277068602171e-01,1.363755710759859130e-01,-1.983816945174422253e-01,2.372228526287189776e-01,2.385105562011831382e-01,2.299829447771519278e-02,2.278527542929160432e-01,-7.270730543461137452e-02,-2.909593619931094000e-01
5.499202034754298030e-01,1.905550139387062192e-01,1.900846824920260636e-01,-4.400315989670973704e-01,-3.601163499539942747e-01,-1.900846824920260636e-01,4.086746470801778108e-01,-2.521456018301829749e-01,1.598601791369189673e-01,-1.285762884456002342e-01,0.000000000000000000e+00,2.061398802253024687e-01,6.276116523474334352e-01,4.869757003029756559e-02,4.030306697200157773e-01,1.246218512337067819e-01,1.316699734468217316e-02,4.498058170410672296e-02,4.507898600193155358e-01,4.017292671733764808e-01,-2.881784702355538741e-01,-1.470836025562285709e-01,-2.664884277915655630e-01,-4.551278685081132092e-01,-4.615526873962588206e-01,-5.618063467347353956e-01,-3.282388370484189966e-01,-3.269830977490302271e-01,3.244761854749776964e-01,1.408551356312601477e-01,-2.854752059983241552e-01,-3.976561055186317306e-01,7.478498318450919891e-02,-1.415400843400176634e-01,-2.538534072773517281e-01,-2.146286778891707270e-01,-3.013523170673236273e-01,-3.470520949156257196e-01,9.525125060218407602e-02,-2.118660514305153730e-01,-1.522298505213601216e-01,9.665311229277447069e-02,-1.185623383235652056e-01,-4.962453394948274782e-02,-4.857427926272121083e-02,2.088865245474201549e-02,-1.742304030466518550e-01,-2.817901819452086620e-01,-3.195285726353858102e-02,-6.566146638385896017e-02,-6.123213140056028847e-02,-3.219601405514750381e-01,1.191605268625467728e-01,-2.459810634513652228e-01,9.766683638173560833e-02,-2.239302813540979264e-01,2.866989810246375892e-01,1.950848080659559891e-01,3.412254645664616892e-01,3.328165775852818392e-02,4.895168600124660818e-01,6.589891526956156986e-02,2.351908381260716663e-01,3.342321382500473836e-02,6.322761530540721431e-02,-4.780553849525901455e-01,-1.394989371879202522e-01,-2.826440846687930386e-01,2.204461755888846575e-01,9.526038325163417586e-02,-1.143978501743194431e-01,9.600469418181735437e-02,9.636543383509631189e-02,-8.956845948185913203e-03,2.817582176721333265e-01,5.186203306475733327e-02,1.818287673891353373e-01,-4.937795241433003829e-02,5.686215863868727266e-02,-5.219537476968599821e-02,-2.129163061172769100e-01,-2.002949845772382387e-01,5.511782259371810627e-02,1.162015484407142585e-01,3.260470011803949242e-01,-1.339691179458844805e-01,5.056976316756813666e-02,1.715339882965097318e-02,3.233757012162405964e-01,-1.404624317049058269e-01,-2.675797794008525354e-01,1.242474126062526746e-01,-3.204715186911086811e-01,2.328894104646463681e-01,-1.071191285625894690e-01,-2.446020333844000638e-01,1.272931511978611374e-01,1.033130969042601530e-02,3.604428421718353787e-02,2.989184659888718398e-01,1.758423156745945737e-01,1.115301982469879410e-01,-1.815799026916201098e-02,-2.252590818490875224e-01,-2.270171168682318386e-01,-2.012265148211484778e-01,-1.122973408007963692e-01,2.683857357148239017e-02,-3.259374093869937261e-01,-9.015066588430302452e-02,-1.827671471201331582e-02,2.144871218226941656e-01,1.779610903470178473e-01,1.486567014240083688e-02,-1.224802449376582586e-01,4.523172956398448241e-02
-7.043327572153638971e-02,4.201132905164284836e-01,-5.133530750772279383e-01,-6.864327642931672413e-02,-4.183552554972841953e-01,-1.422250330487752068e-01,-1.740112194598494588e-01,1.975003938455075492e-01,-4.398512291404578500e-02,-1.488096733022975515e-01,2.061398802253024687e-01,0.000000000000000000e+00,6.933279146279928973e-02,6.717817114128437073e-01,-1.159001710088609499e-01,1.281607528956206776e-01,4.235380340602161175e-01,4.656349817004536429e-01,-1.299644511620154930e-01,1.278639417884923912e-01,-4.418581288571173937e-01,-3.927792707122781390e-01,-6.204333898796544622e-01,-4.571964136085609476e-01,-6.472377160156990161e-01,-4.750553096082321680e-01,-5.253031468826843131e-01,-3.728883602099596350e-01,4.949142558374753920e-01,6.457810584284080502e-01,-2.561913655365773979e-01,-2.995897157234542196e-01,1.278045795670667562e-01,2.048658756270134718e-01,-5.754002954412097415e-01,-3.131243022085029581e-01,-6.532743973022153705e-01,-6.576672016877136429e-01,-4.368945338809878676e-01,-4.145515070013173764e-01,-3.616415024121610311e-01,-1.052766165360317224e-02,5.198760699469621299e-03,3.506252440129774967e-02,1.692165784985467658e-01,3.116630782964868729e-01,2.540474760781663566e-02,-1.952080988335323508e-01,2.669267949651703553e-01,2.566662633079826450e-01,5.631419967168125457e-02,2.306678934859094504e-02,1.082926740169273677e-01,-1.421063086059238811e-01,1.821529764446138955e-01,-1.765774939553276524e-01,2.707214108116870466e-01,4.913936194744616959e-01,4.368488706337373961e-01,3.473900029452794413e-01,3.771715728020566538e-01,5.187367719280621126e-01,7.154540410832235242e-01,7.423907906362945397e-01,-4.230220393662854628e-01,-4.047293425177344584e-01,-3.558331373618972004e-01,-1.236948873145215927e-01,-1.805593291155714042e-01,8.562543808177830451e-02,-1.297521170623006440e-02,-1.967469502658742708e-01,6.464774229489782253e-02,2.533876421553966085e-01,-9.742253800894542723e-03,-2.625636716903848988e-04,3.349399185824301559e-03,1.568920680656363531e-01,1.676868597156549456e-01,1.390514373648653323e-01,4.301135416642883902e-01,3.213619520124934570e-01,9.613255127411875212e-02,1.470836025562285709e-01,1.706960677094630230e-01,3.867745536988371757e-01,-2.939594373374673775e-01,-2.176515848571539402e-01,-9.147946637929263436e-02,-7.802250741456977223e-02,-3.202112381817808218e-01,-3.264671030550995723e-01,-3.884184305998552578e-01,-4.153597464776512815e-01,-4.508674875396413984e-01,-1.632438257581811381e-01,-1.255054350680039933e-02,-1.490790864610755107e-01,3.600569877325686119e-01,-1.544034210904839943e-01,4.332643057245729734e-01,-6.776654208210708408e-02,-1.301174230403046722e-02,-3.172933566824737706e-01,-5.937820356218991708e-02,-3.190331264027178593e-01,-7.863896125245153912e-02,-2.676437079470032621e-01,-2.698720744128277338e-01,1.340216306802225529e-03,-3.097954514839413864e-01,-3.119484735918025275e-02,1.260100139501220406e-01,8.421444374173781000e-02,-9.420556224014758895e-02,5.005833479836251793e-02
4.788133948569484599e-01,1.190189707960702253e-01,4.034827358677957609e-01,-3.058912438440234971e-01,-2.165876311962172673e-01,-2.875711490471221654e-01,5.552034411823127957e-01,-5.922751484626326279e-02,2.416476212872926133e-01,3.131813812675660752e-02,6.276116523474334352e-01,6.933279146279928973e-02,0.000000000000000000e+00,2.313985054419175069e-02,5.583816031909477617e-01,1.099639488662957354e-01,-1.833310882236768580e-01,-1.284758293016491359e-01,6.758137761450629943e-01,4.656760786229791060e-01,-2.961489900431289388e-02,-1.820022877286872620e-01,1.245122594403055838e-01,-2.353506594914484273e-01,-2.473692261677804816e-01,-5.312302363757993584e-01,-1.463507074378580294e-03,-9.614168392356885195e-02,4.817700901164184701e-02,-1.157951455401848018e-01,-2.378941023633013574e-01,-3.422711529284981902e-01,-2.067243697901088861e-01,-3.960304939165139038e-01,-2.233457917892915090e-01,-4.074234741055140496e-01,-2.921306242850848015e-02,-1.563532417480804348e-01,-2.682944092203228686e-02,-1.026075997342398988e-01,1.461931692348437950e-01,-1.636799097694234192e-02,-1.727417811862854979e-01,-1.681115279150846298e-01,-2.906671172107062051e-01,-3.263803428853235822e-01,-1.426542675729299270e-01,-1.659744879437611564e-01,-2.133820712392320296e-01,-2.117381943382139753e-01,4.375680667779327515e-02,-2.827125795396688290e-01,2.450997627794305467e-01,5.191226263673288932e-02,2.808518022142108758e-02,-8.077143489904997642e-02,3.167887778003557198e-02,-1.038610558712661780e-02,1.372203411501202175e-01,-2.816394932292820008e-01,5.507101776528634529e-01,-1.945459817484000709e-01,-1.253227820790019792e-02,-2.105737815333261764e-01,1.958839148928397667e-01,-3.052565247072415167e-01,-2.481683329946642591e-01,-5.382578101276516147e-01,2.418394069257447099e-01,7.131457639347106581e-02,1.463940875227459915e-01,1.158042781896349016e-01,2.179346969901070630e-01,2.151880526679893907e-02,2.865665576076111276e-01,4.292116925310909825e-02,2.641276379087146298e-01,-9.924221841187792770e-02,9.740655587240774904e-02,-4.307642429376080245e-02,-1.774724936014374921e-01,-1.982995006723913267e-01,-1.950962238777686347e-02,-2.754703885257392404e-01,3.190559580263431227e-01,-2.139391628556881475e-01,-4.308555694321090229e-02,-1.761710910547981679e-01,3.126220064887474392e-01,-6.764325131453073625e-02,-5.362463440862669933e-02,2.722328642956786671e-01,-2.678834399950683759e-02,4.181680361835571347e-01,-2.466956932708355699e-02,-7.130087741929591605e-02,8.167100086988486607e-02,-4.986654915991040743e-02,-1.236332419307334222e-02,3.500202059869083615e-01,6.562950211078361074e-02,4.196224106084855965e-02,-7.988785106475276496e-03,-1.580290829221738524e-01,-3.711280420284527454e-02,-1.670133268187100686e-02,6.581215509978560751e-02,1.020801892284966053e-02,-1.430698031229094835e-01,-4.435499521677484930e-02,2.017173947290913649e-02,1.089136941795341845e-01,1.739792551867740955e-01,1.477274543424606512e-01,-2.920164661669585274e-03,6.954284240015159990e-02
