1.000000000000000000e+00,7.654363465749139950e-01,4.844809866392600362e-01,5.439340453103356232e-01,1.675275928325662411e-01,2.181777559319004467e-01,4.785155726350596717e-01,3.340765896599490747e-01,1.128423968899414653e-01,1.601277983824120899e-01,2.985298717547700820e-01,2.869207739398543233e-01,3.946869833325886145e-01,1.989901246704499638e-01,-4.551588542830332235e-02,-2.025291567987845820e-01,-2.733008624156575417e-01,-8.062916126725948318e-02,5.010813709281022321e-01,5.960409312301711005e-01,-4.443942982260154495e-01,-1.464229858349345437e-01,4.178515572635059794e-01,3.395281290495553717e-01,2.036730863756200036e-02,6.921220787345279402e-02,-1.809732338352920212e-03,2.914786183475579634e-02,-2.426694669109432934e-01,-2.257652263282541594e-01,3.192725322847312502e-02,1.921667634836230487e-01,5.279592475088252801e-01,3.708253273157871011e-01,4.463693641360203523e-01,3.165556995397471041e-01,-3.346172751240001908e-01,-2.991465212922829187e-01,-4.038473568970910033e-01,-3.816881898208141499e-01,-1.698422628356941744e-01,-3.808213056883685832e-01,1.092810223870592928e-01,5.624469368604495534e-02,2.178247464140488920e-01,-4.980562134143616537e-02,-3.079047321149291916e-01,-5.444389829751106191e-01,4.022074266052996089e-02,1.925957370749363240e-01,6.737119621073327236e-02,1.428839537065999254e-01,9.225166450690379383e-02,-2.301622056392153282e-01,-3.937709459761383202e-01,-1.036239331516153606e-01,5.156888154073014929e-01,6.399928504401447560e-01,5.924169980785557454e-01,5.907323830376692841e-01,4.395996246481075898e-01,2.766566870727020788e-01,-1.507261271727959318e-01,1.105813485857276846e-01,1.883015326868939521e-01,1.456275973010411617e-01,4.128602707895795421e-01,3.348183564949283042e-01,4.629920907994101720e-01,5.851825372000536429e-01,2.461325349658161632e-01,6.358192948746592410e-02,3.607310424951963856e-01,2.499262701639930195e-01,1.817820277939139473e-01,-3.748156754099826043e-02,2.852674382233343769e-02,5.859064301353947984e-02,-4.832208767147772727e-02,-2.206577595066803732e-01,-1.419991956745162986e-01,-8.127262165422940998e-02,-3.295723669511595455e-01,-4.399392287412305924e-01,1.431744045757183115e-01,-4.078823897403816012e-02,-1.567049466017248205e-01,-2.372179275213369687e-01,-3.304794673577907682e-01,-4.672550158630859318e-01,-3.844318334152553862e-01,-2.911702935788015312e-01,-1.858528084364806376e-01,-2.535948880647035386e-01,-2.678046382769560529e-01,-4.712587693820099455e-01,-4.654810313240091424e-01,-2.295098083024263713e-01,-1.449528575897046367e-01,2.014388489208632921e-02,-2.367666115554761253e-01,-1.859198355601233421e-01,-4.136735332231109563e-01,-3.945842084096697899e-01,-2.770052281156441532e-01,-2.218955270566155824e-01,-1.261405782206533044e-01,-4.082577416327807240e-01,-2.013584163724920773e-01,-1.481120693507305963e-01,4.942133249921801946e-02,-1.378077662093927375e-02,1.754323249474954230e-02,-3.434469815451986208e-02,-4.010903078779212705e-02,1.703203896510121218e-01
7.654363465749139950e-01,1.000000000000000000e+00,5.467089682291433883e-01,5.067742079628222429e-01,-2.519773001474596638e-02,3.932704767862728323e-02,5.041601501407569907e-01,2.920014299119710333e-01,5.764332633272264278e-02,-4.788864560525492309e-02,1.881898208141561391e-01,6.313061352160508066e-02,2.845435452879931937e-01,-6.033781670315921386e-02,-2.453326779570132732e-01,-4.610393672639528373e-01,-3.983511327583895700e-01,-1.342195808570534887e-01,6.308280084007328314e-01,7.501005406854640567e-01,-6.439251083605165293e-01,-3.493364314759372369e-01,3.560570177398453828e-01,3.422717726439966079e-01,-1.984762500558559239e-01,-1.538406541847267550e-01,-1.609410608159435319e-01,-8.632646677688904369e-02,-3.454041735555654635e-01,-4.432101523749943928e-01,-1.729299789981679214e-01,4.997542338799767364e-02,4.319138478037445883e-01,3.450511640377139089e-01,4.268912820054515667e-01,3.267080745341615078e-01,-3.671343670405290416e-01,-4.235265203985879578e-01,-5.821752535859511246e-01,-5.779391393717324688e-01,-2.332141740024129828e-01,-5.722060860628267465e-01,-1.093167701863353991e-01,-1.325170919165288841e-01,-8.634880915143661184e-02,-2.744760713168595823e-01,-3.691004960007149283e-01,-5.830912909424013080e-01,-1.689128200545153835e-01,1.876759461995620830e-04,-1.292506367576745918e-01,-2.885294249072791611e-02,1.433039903480941984e-02,-1.288127262165423004e-01,-4.554537736270610759e-01,-2.471155994459091065e-01,3.706376513695875397e-01,5.921220787345279346e-01,3.750971893292819326e-01,4.932794137360918540e-01,3.046963671298985599e-01,2.340363733857634410e-01,-2.569015594977434036e-01,6.868939630903972415e-02,1.081683721345904625e-01,-4.245051164037713762e-04,3.147817150006702591e-01,2.388399839134903169e-01,6.766969033468877015e-01,6.196925689262254844e-01,2.631708297957907061e-01,1.184905491755663814e-01,1.771437508378390369e-01,2.610080879395862419e-01,3.721345904642745644e-02,8.965101210956701039e-02,7.422583672192679949e-02,6.627641985790250212e-02,-1.802672147995889040e-01,-3.302113588632200059e-01,-1.765136958755976482e-01,-2.361723043925108290e-01,-5.018678225121765424e-01,-5.719201036686178963e-01,1.422628356941775807e-01,-1.595558335939943617e-01,-1.988069171991599382e-01,-2.832700299387819198e-01,-2.343134188301532750e-01,-4.367710800303856167e-01,-2.659278788149604389e-01,-2.059922248536574518e-01,-1.346887707225523922e-01,-2.099244827740292252e-01,-3.556548549979892115e-01,-5.785557889092453054e-01,-3.954868403413914768e-01,-2.523169042405826734e-01,-7.480226998525403397e-03,8.614325930559900424e-02,-5.015863085928772697e-02,-5.550739532597524784e-02,-1.852763751731534014e-01,-2.952142633719111453e-01,-1.499352071138120579e-01,-1.930247106662495993e-01,4.100272576969480470e-02,-2.391751195317038392e-01,-2.401403101121587225e-01,-8.218865901067964885e-02,2.378658563832164174e-01,1.268153179319898016e-01,1.604048438268019239e-01,3.970686804593592106e-02,-1.035658429777916861e-01,3.466910943295053449e-01
4.844809866392600362e-01,5.467089682291433883e-01,1.000000000000000000e+00,7.231735108807364476e-01,2.048661691764600834e-01,3.229590240850797600e-01,8.548460610393672221e-01,6.441932168550873472e-01,3.936279547790338951e-02,3.208677778274274806e-01,1.949148755529737653e-01,4.583940301175208898e-01,4.617856025738415471e-01,4.056481522856248967e-01,-1.499620179632691341e-01,-1.508601814200813129e-01,-3.579605880512981009e-01,-1.487957460118861375e-01,5.546539166182581360e-01,6.572679744403234769e-01,-5.699539747084320096e-01,-1.605657089235443813e-01,7.908843111845926810e-01,8.295902408507975778e-01,-8.918629071897761496e-02,1.367353322311095319e-03,-5.845212029134456283e-02,7.849769873542160326e-02,-2.376156217882836597e-01,-3.304347826086956319e-01,1.591313284775905945e-01,4.209213995263416663e-01,4.993386657133920270e-01,5.717949863711515590e-01,7.114571696679923285e-01,5.506144153000580577e-01,-4.299209079941015976e-01,-4.978864113678001524e-01,-6.299655927431967450e-01,-5.751061262791009598e-01,-2.792305286205817860e-01,-4.844586442647124680e-01,-1.357701416506546244e-01,-2.210643907234460803e-01,-2.671790517896242001e-01,-4.958666607087001132e-01,-2.817909647437329412e-01,-4.758434246391706757e-01,-3.239599624648107357e-01,-3.981098351132758562e-01,-4.481790964743733174e-01,-4.470977255462710853e-01,-1.594754010456231330e-01,-4.426471245363957502e-02,-4.476384110103222014e-01,-4.124893873720898996e-01,1.008981634568121843e-01,3.803655212475982039e-01,1.517091916528888751e-01,9.141605969882479754e-02,1.421958085705348762e-01,4.469726082488046925e-01,-1.441083158318066104e-01,1.708476696903346859e-01,3.650475892577862980e-01,1.454533267795701246e-01,5.100630054962241866e-01,3.543411233745922262e-01,5.387863622145762088e-01,5.448947674158809429e-01,5.149247061977747508e-01,3.526386344340676771e-01,4.762411189061173666e-01,5.288931587649134958e-01,-1.754770096965905385e-02,-2.485901961660485215e-01,3.820188569641181364e-01,4.030474998882881410e-01,-5.328209482103758027e-02,-3.413914830868224580e-03,-1.678314491264131514e-01,-9.129541087626792673e-02,-5.503373698556682792e-01,-5.668617900710487545e-01,3.136243799991063064e-01,-3.465302292327628320e-01,-3.518566513249027916e-01,-4.121899995531524974e-01,-1.102283390678761299e-01,-3.018276062379909863e-01,1.015684346932392047e-02,9.998212610036194548e-02,9.179588006613342843e-02,7.471736896197328504e-02,-3.364895661110862690e-01,-5.321149291746727350e-01,-2.993967558872157042e-01,-2.809196121363778387e-01,1.009964699048214870e-01,1.334778140220742593e-01,2.118995486840341280e-01,2.356897091022834012e-01,1.973457259037490474e-01,1.660664015371553781e-01,-1.910496447562446964e-01,-1.812904955538674756e-01,1.133920193038116114e-01,-3.081460297600429124e-02,-5.426069082622100859e-02,1.277939139371732369e-01,1.856293846910049561e-01,2.649805621341436070e-03,-5.360829348943205869e-02,1.118101791858438776e-01,-1.610438357388623357e-02,2.273336610214933551e-01
5.439340453103356232e-01,5.067742079628222429e-01,7.231735108807364476e-01,1.000000000000000000e+00,1.912015729031681377e-01,4.719781938424415513e-01,7.006792081862460719e-01,8.562580991107734407e-01,1.226149515170472382e-01,5.145270119308280599e-01,1.429375754055141057e-01,4.957996335850574088e-01,4.739398543277179576e-01,5.735332231109522283e-01,-2.625586487331873498e-01,-6.700031279324367151e-02,-4.506412261495151839e-01,-2.186871620715849784e-01,3.700612181062603590e-01,5.004736583404084671e-01,-6.465078868582152527e-01,-2.093882657848876172e-01,6.572858483399616203e-01,7.175611063943876378e-01,-7.763528307788551686e-02,9.399436972161401282e-02,5.639215335805889545e-03,2.643281647973546589e-01,-3.310290897716609559e-01,-3.191340095625362916e-01,8.305107466821573525e-02,3.557710353456365326e-01,4.394164171768175642e-01,5.342195808570534554e-01,6.354216006077125778e-01,5.831583180660440124e-01,-5.132043433576120028e-01,-4.881496045399705275e-01,-6.523079672907636795e-01,-5.722418338621028111e-01,-2.394253541266365692e-01,-5.423522051923678200e-01,-1.499218016890835059e-01,-2.477545913579695114e-01,-1.031502748112069351e-01,-3.822199383350462498e-01,-3.138701461191295561e-01,-5.326734885383618279e-01,-1.088922650699316319e-01,-9.607667902944724836e-02,-1.921399526341659725e-01,-2.439385137852450869e-01,3.089056704946601881e-02,2.636847044103847459e-02,-3.353813843335269884e-01,-2.510299834666428476e-01,1.482997452969301577e-01,3.938111622503239762e-01,4.676705840296706551e-01,3.597166986907368580e-01,3.344340676527101097e-01,5.437597747888646138e-01,-2.445104785736628150e-01,3.146342553286563537e-01,2.237856919433397485e-01,2.897180392332097121e-01,5.003306671433039865e-01,5.216095446624067211e-01,4.388846686625854643e-01,4.963850037982036612e-01,6.155279503105589578e-01,4.662049242593502840e-01,4.713123910809240980e-01,5.592072925510522818e-01,1.554448366772420709e-01,-3.249787747441797991e-01,2.708074534161490909e-01,3.899638053532329396e-01,-1.178917735376915910e-01,-1.290540238616560142e-01,-2.746369364136020397e-01,-1.613566289825282551e-01,-6.211984449707315115e-01,-7.246078913266902344e-01,2.189999553152508979e-02,-2.574913981857991918e-01,-4.844809866392600362e-01,-5.489029894097144924e-01,-6.598150051387460802e-02,-1.416774654810313283e-01,5.439921354841592560e-02,7.008356048080789658e-02,1.936994503775861243e-01,5.081102819607667687e-02,-3.185397023995710231e-01,-5.478841771303454289e-01,-2.915143661468340697e-01,-1.765449751999642602e-01,1.632512623441619293e-01,2.074757585236158830e-01,1.339738147370302390e-01,1.658340408418606804e-01,6.613342866079806965e-04,7.980249340899950306e-02,-2.550024576612002214e-01,-2.317753250815496602e-01,7.130792260601456767e-02,-9.065641896420752188e-02,-1.816122257473524182e-01,-1.303454131105053794e-02,1.685910898610304409e-01,1.354394745073506448e-02,1.408239867733142581e-01,2.068903883104696549e-03,-5.722328969122838366e-02,3.102774922918807854e-01
1.675275928325662411e-01,-2.519773001474596638e-02,2.048661691764600834e-01,1.912015729031681377e-01,1.000000000000000000e+00,8.507261271727959429e-01,2.831672550158630813e-02,-3.365208454354529088e-02,3.956074891639483337e-01,7.279369051342776675e-01,-4.977881049197908914e-02,3.212744090441932432e-01,1.392466151302560462e-01,3.414451047857366417e-01,4.741722150230126553e-01,5.816211626971714566e-01,1.997631708297957775e-01,2.787166540059877740e-01,-2.386657133920193075e-01,-7.280933017561105891e-02,2.083292372313329532e-01,2.676080253809374754e-01,2.862147549041512140e-01,2.887573171276643369e-01,6.595603020689039253e-01,7.456365342508601834e-01,7.500067027123642482e-01,5.671030877161624684e-01,3.295455561017024970e-01,3.315787121855310882e-01,6.594128423968899089e-01,6.360293131954064538e-01,2.993297287635729997e-01,2.387416774654810281e-01,2.400732829885160180e-01,1.878323428213950486e-01,-1.098976719245721434e-01,-6.705393449215782398e-02,1.248089726976183006e-01,1.726842128781446994e-01,-2.226864471155994563e-01,-1.309397202734706722e-01,6.600518343089503137e-01,6.386389025425621702e-01,2.943071629652799226e-01,2.302739175119531689e-01,2.236829170204209238e-01,1.123598015997140237e-01,1.089369498190267682e-01,8.164350507171902471e-02,8.711291836096340946e-02,6.096787166540059560e-02,4.446132534965815952e-02,-2.098127709012913844e-01,1.564010903078779102e-01,1.706376513695875563e-01,3.792662764198578840e-01,3.441976853299968941e-01,2.428660798069618709e-01,-3.411680593413467938e-02,-7.622324500647928436e-02,-2.753921086733097934e-02,1.891639483444300385e-01,1.124625765226328206e-01,3.987220161758791431e-02,2.565932347289869853e-01,4.617364493498368749e-01,4.341034005094061565e-01,-2.840832923723133341e-01,-9.416864024308503611e-02,-5.813485857276911445e-02,-2.111711872737834506e-01,-1.210197059743509523e-01,-1.025783100227892208e-01,2.744581974172214944e-01,-3.166093212386612565e-01,-7.742079628222887921e-02,-1.666741141248491778e-02,2.978819428928906610e-01,3.794718262656955332e-01,1.734885383618570975e-01,2.799678269806514797e-01,3.133786138790830567e-01,8.549533044371955548e-02,3.910362393315161555e-02,1.367844854551141798e-01,5.001653335716520488e-01,3.945305867107556375e-01,-1.131417847088788536e-02,-3.063452343715090120e-01,-2.947808213056883897e-01,-2.256892622547924387e-01,-2.855891684168193612e-01,-2.937128558023146541e-01,1.419008892265069821e-01,-7.122749005764332855e-03,5.100764109209526831e-02,4.383127038741677778e-02,-3.317395772822735456e-01,-2.837168774297332274e-01,-2.637427945842084065e-01,-4.942177934670896611e-01,-1.303543500603244198e-01,-1.749765405067250645e-01,-1.060190357031145225e-01,-1.467536529782385302e-01,-8.411904017158944313e-02,-1.674695026587425806e-01,-1.051566200455784500e-01,-5.587381026855534061e-02,-3.964118146476607318e-01,-3.352383931364225633e-01,-3.288842218150945240e-01,-1.714687877027570584e-01,1.647973546628535638e-02,-2.535278609410608341e-01
2.181777559319004467e-01,3.932704767862728323e-02,3.229590240850797600e-01,4.719781938424415513e-01,8.507261271727959429e-01,1.000000000000000000e+00,1.750346306805487251e-01,2.952366057464587135e-01,3.032575182090352373e-01,9.311586755440368623e-01,-6.605299611242683444e-02,4.659010679655033460e-01,2.018365431878099969e-01,5.691541176996290918e-01,2.604495285758970380e-01,5.592296349255998500e-01,-7.060190357031145142e-04,1.685464051119353046e-01,-2.107824299566558035e-01,-5.514544885830466314e-02,1.309263148487421324e-03,2.735153492113141516e-01,4.013047946735778804e-01,4.637070467849322974e-01,5.740917824746414322e-01,6.792394655704008244e-01,6.585012735153492613e-01,6.447607131685955117e-01,2.026006523973367945e-01,2.297868537468162053e-01,6.339023191384780542e-01,6.572903168148710451e-01,3.198310916484203847e-01,3.314580633629742312e-01,3.656240225211135342e-01,3.443406765271013192e-01,-2.401581840117967825e-01,-1.275034630680548786e-01,-1.048125474775459115e-01,-8.977166093212387427e-03,-2.635908664372849652e-01,-2.192948746592787990e-01,4.490415121319094038e-01,3.866973501943786751e-01,2.074712900487063749e-01,1.044103847356897125e-01,1.317485142320925784e-01,-4.658385093167701635e-02,8.692524241476383418e-02,6.829170204209303319e-02,5.960945529290852946e-03,-5.714285714285714107e-02,9.255998927566021217e-02,-9.172438446758121589e-02,4.154341123374592076e-02,8.730059430716297086e-02,3.427588364091335715e-01,3.823539925823316588e-01,3.725322847312212415e-01,9.936547656284909491e-02,5.532865632959470953e-02,1.999061620269002304e-01,7.498100898163456533e-03,2.022431744045757318e-01,1.255015863085928718e-01,3.321774878234058925e-01,5.322713257965056011e-01,5.268510657312659440e-01,-1.944635595871129219e-01,4.779033915724563431e-02,2.420170695741543365e-01,7.044550694847848127e-02,-2.596183922427275359e-03,1.111309709995978307e-01,2.638098217078511110e-01,-4.540327986058358412e-01,-6.696903346887707331e-02,4.741051878993699648e-02,1.555520800750703758e-01,2.816658474462666040e-01,6.747397113365208310e-03,2.000893694981902560e-01,2.557308190714509266e-02,-1.615711157781848928e-01,-4.934089995084677688e-02,4.253541266365789414e-02,1.786228160328879877e-01,6.331382099289512011e-02,4.112337459225166164e-02,-2.351847714375083775e-01,-1.258411904017159022e-01,-7.654497519996425470e-02,-1.029536619151883436e-01,-1.530765449751999574e-01,9.663523839313642450e-02,-1.603959068769828800e-01,9.198802448724249792e-02,8.403860762321820055e-02,-8.847580320836498369e-02,-5.621788283658787216e-02,-7.280486170070155083e-02,-2.154877340363733906e-01,-3.406765271013003499e-02,3.349568792171232073e-02,-2.062513963984092258e-01,-1.953081013450109482e-01,7.393985432771794930e-02,-9.295321506769739506e-02,-6.976183028732294011e-02,-1.380758747039635389e-03,-2.113767371196210720e-01,-1.552124759819473732e-01,-1.574779927610706343e-01,-1.563430001340542497e-01,-8.514678940077750890e-02,-8.153626167389070589e-02
4.785155726350596717e-01,5.041601501407569907e-01,8.548460610393672221e-01,7.006792081862460719e-01,2.831672550158630813e-02,1.750346306805487251e-01,1.000000000000000000e+00,6.533491219446803111e-01,6.721926806380981723e-02,1.875240180526386302e-01,2.938558469994190792e-01,3.327002993878189208e-01,4.773939854327717836e-01,2.746101255641449357e-01,-2.369587559765851947e-01,-3.284418427990526967e-01,-3.659859689887841050e-01,-2.027972652933553721e-01,7.032664551588543311e-01,7.194557397560212841e-01,-6.583493453684257091e-01,-2.607042316457393039e-01,7.348049510701997189e-01,7.455382278028508392e-01,-2.734170427633048628e-01,-1.905089592921935804e-01,-1.979668439161714200e-01,-7.399794450154162546e-03,-2.928504401447785677e-01,-3.882747218374368869e-01,-2.744984136914071365e-02,2.745386299655927509e-01,5.075740649716251607e-01,5.115867554403682460e-01,5.637070467849323308e-01,4.753518923991241762e-01,-4.483578354707538072e-01,-5.840654184726752352e-01,-6.854729880691720068e-01,-6.699450377586130267e-01,-1.682604227177264267e-01,-4.969435631618928650e-01,-3.430180079538853177e-01,-4.301934849635819513e-01,-3.884579293087269125e-01,-6.554269627776040386e-01,-3.916975736181241285e-01,-5.754636042718620503e-01,-4.067205862639081126e-01,-4.064301353947897821e-01,-4.425577550382054359e-01,-4.242370079092006030e-01,-2.008400732829885293e-01,-6.760802538093749203e-02,-5.543589972742303251e-01,-5.122972429509807801e-01,1.972384825059207356e-02,2.428571428571428548e-01,1.282407614281245722e-01,8.224228070959381520e-02,3.117297466374726045e-01,5.241699807855578763e-01,-8.736315295589615337e-02,2.766120023236069425e-01,3.124581080477233375e-01,1.287456990928995959e-01,3.218195629831538396e-01,1.928638455695071141e-01,5.684078823897403820e-01,4.449975423387997897e-01,5.825014522543455753e-01,4.353769158586174304e-01,6.509406139684525971e-01,6.078868582152910927e-01,-7.713034541311050707e-02,-1.121319093793288341e-01,4.832834353635104274e-01,4.929800259171544519e-01,-6.882345055632513309e-02,-1.243844675812145334e-01,-1.265650833370570716e-01,-1.544975199964252199e-01,-5.990169355199070900e-01,-5.558067831449126084e-01,2.791947808213056659e-01,-4.196076679029447365e-01,-5.281558604048438577e-01,-5.009607221055454307e-01,-1.433442066222798128e-01,-3.790651950489298261e-01,-1.955851467894007684e-02,5.436346574913981933e-02,5.062335224987711546e-02,1.965235265203985754e-02,-2.929621520175164084e-01,-4.871665400598775841e-01,-2.859957996335850683e-01,-2.438938290361499506e-01,2.099423566736672853e-01,2.692166763483623271e-01,3.130881630099647261e-01,3.315340274364359519e-01,1.516287591045176186e-01,1.702712364270074497e-01,-1.667545466732204273e-01,-1.647794807632155245e-01,5.209348049510702239e-02,-4.788864560525492309e-02,-3.316948925331784231e-02,1.163903659680950858e-01,2.289423119889181790e-01,8.400732829885160236e-02,8.784127977121408692e-02,2.986594575271460106e-01,1.786943116314401725e-02,2.882211001385227012e-01
3.340765896599490747e-01,2.920014299119710333e-01,6.441932168550873472e-01,8.562580991107734407e-01,-3.365208454354529088e-02,2.952366057464587135e-01,6.533491219446803111e-01,1.000000000000000000e+00,6.394387595513650879e-02,4.500290450869118275e-01,8.027615174940792853e-02,4.851557263505965611e-01,3.603735645024352952e-01,6.111399079494168607e-01,-3.461906251396398293e-01,-6.021716788060234998e-02,-4.891416059698824870e-01,-3.465525716073104001e-01,2.797756825595424379e-01,3.762009026319317329e-01,-5.786406899325260422e-01,-1.883238750614415202e-01,5.121006300549622026e-01,6.756512802180615340e-01,-2.357656731757451218e-01,-3.752178381518387479e-02,-1.501050091603735592e-01,1.558291255194602098e-01,-3.843067161177889934e-01,-3.553331248045042412e-01,-2.870101434380446098e-02,2.122168104026095903e-01,2.792618079449483703e-01,4.615130256043612489e-01,5.639974976540507168e-01,5.198579024978774443e-01,-5.078019571920103781e-01,-4.643058224228071018e-01,-5.875240180526386524e-01,-5.511819116135663332e-01,-1.762411189061173500e-01,-3.757317127664328016e-01,-2.891639483444300440e-01,-3.914696813977389667e-01,-1.279905268331918422e-01,-4.029581303900978684e-01,-2.406675901514812865e-01,-4.225836721926806150e-01,-3.505518566513249334e-02,-9.147861834755798005e-02,-1.914741498726484636e-01,-2.547254122168103874e-01,-2.895571741364672338e-02,7.095491308816301301e-02,-2.630859287725099693e-01,-2.694356316189284728e-01,-1.074712900487063832e-01,1.413199874882702656e-01,3.424951963894722895e-01,3.217257250100540866e-01,2.723490772599311827e-01,6.266142365610617437e-01,-2.985700880289557380e-01,3.403547969078153379e-01,2.152955896152643211e-01,2.789534831761919520e-01,3.757093703918852334e-01,3.988381965235265336e-01,3.651682380803431549e-01,3.474149872648464865e-01,6.186424773224897811e-01,5.842441574690557804e-01,4.931453594888064451e-01,5.346887707225523867e-01,-7.015505607936011433e-03,-3.478350239063407456e-01,3.163054649448143185e-01,4.655346530229232949e-01,-2.421689977210778055e-01,-1.654050672505473774e-01,-4.129719826623173273e-01,-1.838732740515661990e-01,-6.943384422896465846e-01,-6.897135707583001984e-01,-3.186022610483042316e-03,-2.553286563295947276e-01,-6.429688547298807455e-01,-6.820814156128512940e-01,-8.335046248715313744e-02,1.507216586978864063e-02,2.400464721390589418e-01,2.226462308414138280e-01,3.240806112873676481e-01,2.032530497341257514e-01,-3.783055543143125088e-01,-4.411501854417087531e-01,-2.293087269314982857e-01,-1.551588542830331929e-01,3.090844094910407125e-01,3.655704008221993817e-01,2.807498100898163651e-01,4.124357656731757471e-01,1.667679520979489793e-01,3.203762455873810366e-01,-2.330533089056704976e-01,-2.067608025380937575e-01,1.496626301443317320e-01,1.020465615085571348e-01,-3.464408597345725732e-02,4.871978193842441823e-02,2.114482327181732846e-01,9.908843111845927476e-02,1.325081549667098679e-01,5.500692613610974613e-02,-6.725948433799544546e-02,1.618258188480271587e-01
1.128423968899414653e-01,5.764332633272264278e-02,3.936279547790338951e-02,1.226149515170472382e-01,3.956074891639483337e-01,3.032575182090352373e-01,6.721926806380981723e-02,6.394387595513650879e-02,1.000000000000000000e+00,3.021046516823808203e-01,1.545198623709727881e-01,-2.864292416998078482e-03,2.971312391080924153e-01,-1.097010590285535554e-02,5.122391527771571473e-01,3.364091335627150681e-01,1.094329505339827480e-01,5.339827516868492913e-02,-2.075785334465347076e-01,2.636847044103847459e-02,1.229500871352607327e-01,1.864605210241744582e-01,5.778184905491755979e-02,1.056973055096295661e-01,3.691764600741767044e-01,4.723267348853836256e-01,4.173555565485499996e-01,6.743643594441217637e-01,2.570847669690334847e-01,1.734572590374905132e-01,1.025202198489655464e-01,2.050404396979310928e-01,1.135037311765494383e-01,6.303230707359577800e-02,1.268510657312659218e-01,1.041601501407569547e-01,-1.260556771973725398e-02,-1.090486616917645951e-01,1.787211224808972765e-01,1.567183520264533725e-01,-2.596273291925466076e-01,-1.083068948567853795e-01,1.518074981008981639e-01,2.045220966084275449e-01,1.141829393627954714e-01,-1.021940211805710645e-02,-1.262254792439340412e-01,-2.972116716564636718e-01,-1.076053442959917783e-01,-1.086733097993654827e-02,-1.021672103311139918e-01,-5.720541579159033052e-02,-4.649001295857723703e-01,-5.086509674248178570e-01,-1.104741051878993657e-01,-1.101210956700478111e-01,1.795835381384333629e-01,3.422851780687251582e-03,3.004960007149559686e-01,1.696277760400375367e-01,2.651101479065194888e-01,1.293712855802314765e-01,1.113767371196210665e-01,2.120604137807766132e-01,6.516376960543367181e-02,3.904821484427364875e-01,3.942088565172706671e-01,3.542428169265829374e-01,-1.794852316904240463e-01,-1.238616560168014635e-01,-1.421600607712587561e-01,-1.289557174136467255e-01,-7.641985790249787580e-02,-1.695250011171187399e-01,2.618168818982081203e-01,-1.185709817239376240e-01,-2.465704455069484685e-02,1.365610617096384982e-01,4.724071674337548821e-02,2.297421689977210690e-01,3.534563653425085855e-02,1.007417668349792211e-01,1.741677465481031306e-01,5.270566155771035100e-02,-2.043612315116850597e-01,9.920014299119710166e-02,2.339023191384780320e-01,2.699137584342463647e-01,-3.674784396085615801e-01,-1.779927610706465990e-01,-4.404039501318199878e-01,-3.628580365521247852e-01,-5.094061396845256384e-01,-4.921354841592564533e-01,1.683274498413691311e-01,2.760176951606416879e-02,-1.330309665311229239e-01,2.414495732606461442e-01,-1.849546449796684311e-01,-5.187899369945037781e-02,-7.539657714821931811e-02,-2.853836185709817119e-01,-6.807274677152687359e-02,-9.508914607444479694e-02,-6.541847267527592380e-02,-1.604405916260780163e-01,-9.407033379507574733e-02,6.069976317082979855e-02,-6.675007819831091371e-02,2.281513919299343052e-01,-2.143259305598999021e-01,-2.191652888869028981e-01,-1.170695741543411189e-01,7.652710130032619462e-02,8.159435184771438032e-02,-1.163367442691809334e-01
1.601277983824120899e-01,-4.788864560525492309e-02,3.208677778274274806e-01,5.145270119308280599e-01,7.279369051342776675e-01,9.311586755440368623e-01,1.875240180526386302e-01,4.500290450869118275e-01,3.021046516823808203e-01,1.000000000000000000e+00,-1.109343581035792531e-01,5.121542517538764105e-01,1.706242459448590321e-01,6.759819473613655205e-01,2.081013450109477636e-01,5.701639930291791947e-01,-6.364895661110862857e-02,7.105321953617230180e-02,-2.397649582197595997e-01,-9.226506993163233195e-02,-1.301219893650297152e-02,2.353590419589793870e-01,4.079136690647481855e-01,5.072389293534116383e-01,4.860851691317753520e-01,6.097010590285535381e-01,5.706823361186826871e-01,5.873318736315296107e-01,1.073148934268734062e-01,1.695562804414853242e-01,5.688368559810537128e-01,6.056749631350819563e-01,2.482148442736493987e-01,3.135126681263684656e-01,3.819116135662898315e-01,3.466955628044148807e-01,-2.659636266142365590e-01,-1.385540015192814611e-01,-8.833728048617006667e-02,-9.267616962330756103e-03,-2.157692479556727327e-01,-1.372715492202511156e-01,3.456097234014031128e-01,2.648509763617677426e-01,1.805621341436167704e-01,6.194199919567451584e-02,1.163009964699048271e-01,-5.391214978327896895e-02,1.015594977434201712e-01,4.063631082711470499e-02,-2.156485991331158827e-02,-9.517404709772554761e-02,6.564189642075159321e-03,-9.275660217167880361e-02,2.901380758747039781e-02,-2.989409714464453475e-03,2.273381294964028909e-01,2.703740113499262798e-01,3.496939094686983274e-01,1.124491710979042824e-01,5.589168416819339374e-02,2.597435095401939287e-01,-6.212520666696456223e-02,2.055587827874346407e-01,1.717324277224183404e-01,3.631752982707002197e-01,4.995531525090486369e-01,5.076276866705393687e-01,-1.992895124893873660e-01,1.205147683095759460e-02,2.721122480897269491e-01,1.735019437865856495e-01,7.061084052013047452e-02,1.834174896107958475e-01,1.818133071182805316e-01,-4.852540327986058499e-01,-1.310603690960275222e-02,1.119889181822244090e-01,7.692479556727288559e-02,2.680727467715268708e-01,-1.072121185039545954e-01,1.668171053219536237e-01,-5.099423566736673019e-02,-2.083203002815139093e-01,-6.828723356718352511e-02,7.328298851601948698e-04,4.569909289959336873e-02,-5.005585593636891623e-02,1.137673711962107308e-02,-1.438848920863309289e-01,-1.337414540417355621e-02,5.674963135081996686e-03,1.318200098306447979e-02,-5.896152643102908764e-02,7.511059475401045404e-02,-1.268868135305420142e-01,1.192010366861790127e-01,1.161937530720764944e-01,-1.317753250815496650e-02,2.931319540640779306e-02,-1.354394745073506448e-02,-7.658519147414986905e-02,1.496939094686983336e-02,1.448634880915143641e-01,-1.931006747397113477e-01,-1.605254926493587808e-01,1.099378881987577578e-01,1.541623843782117219e-02,6.175432324947495791e-03,4.676705840296706967e-02,-1.853210599222485377e-01,-1.386433710174717338e-01,-1.508825237946288811e-01,-1.345591849501764914e-01,-7.095044461325349106e-02,-1.101255641449573192e-01
2.985298717547700820e-01,1.881898208141561391e-01,1.949148755529737653e-01,1.429375754055141057e-01,-4.977881049197908914e-02,-6.605299611242683444e-02,2.938558469994190792e-01,8.027615174940792853e-02,1.545198623709727881e-01,-1.109343581035792531e-01,1.000000000000000000e+00,3.179722060860628030e-01,7.880021448679566110e-01,4.650341838330578070e-02,2.934670896822914599e-01,2.143527414093569783e-02,4.072165869788640924e-01,4.573394700388757061e-01,2.236650431207828638e-01,4.136601277983824043e-01,2.238705929666204991e-02,1.274721837436882665e-01,2.611466106617811311e-01,2.887930649269404570e-01,1.734304481880334370e-01,1.584699941909826215e-01,-3.201215425175387569e-02,9.533938066937754086e-02,3.096965905536440689e-01,2.861343223557799575e-01,1.705884981455829119e-01,2.075695964967156637e-01,5.971088967335448361e-01,4.083962643549756688e-01,1.490191697573618190e-01,1.609991509897671855e-02,-2.842754367934224313e-01,-3.413691407122749211e-01,-7.156262567585683354e-02,6.714777246525760468e-02,1.921488895839849886e-01,7.500335135618213522e-02,-7.386389025425621827e-03,-3.845122659636265872e-02,-1.976406452477769485e-02,-2.027034273202555914e-01,-2.096072210554537629e-01,-3.966173644934983811e-01,-4.211090754725412000e-02,-2.065016309933419836e-01,-6.116448456141918705e-02,-2.202332543902766060e-01,-1.308101345010947714e-01,-2.482595290227445350e-01,-4.101523749944144259e-01,-2.369498190267661786e-01,3.986192412529603879e-01,1.574422449617945419e-01,1.830868224674918332e-01,-6.669198802448723928e-02,6.492381250279279925e-01,4.335895258948120889e-01,5.831225702667679478e-01,6.095357254569016003e-01,3.872335671835202553e-01,4.155592296349255865e-01,2.123910809240805997e-01,1.383707940479914078e-01,3.330354350060324431e-02,3.578801555029268444e-01,1.186469457973993447e-01,-9.014254434961348206e-02,3.733812949640287759e-01,4.005183430895035701e-01,9.798918629071898256e-02,2.797175923857187496e-01,1.716475266991375759e-01,2.013405424728540172e-01,5.349032575182089966e-01,2.363778542383484504e-01,4.973546628535680525e-01,3.957817596854193432e-01,5.251351713660127457e-02,8.806470351668975460e-02,3.033111399079493897e-01,1.018722909870861115e-01,-2.087269314982796442e-01,-4.818356494928281025e-02,-3.661423656106170821e-01,-1.387729567898476346e-01,-4.682470172929978913e-01,-4.391617141069752983e-01,-3.997542338799767725e-01,-4.280754278564725679e-01,-6.838107154028330581e-02,-1.583984985924304090e-01,-1.624960900844541756e-01,-1.885607042316457260e-01,-3.578131283792841399e-01,-2.649716251843245995e-01,-6.834979221591670762e-02,-4.654810313240091008e-02,-1.903123463961749751e-01,-8.280084007328299134e-02,-1.631216765717860562e-01,-2.127664328164797225e-01,-1.683363867911881750e-01,-8.238974038160776225e-02,-6.340319049108539273e-02,-1.488672416104383500e-01,-2.342508601814200786e-01,-3.353545734840698844e-01,-2.894990839626435664e-01,-4.851423209258679675e-02,-1.447249653693194471e-01,2.435318825684793659e-02
2.869207739398543233e-01,6.313061352160508066e-02,4.583940301175208898e-01,4.957996335850574088e-01,3.212744090441932432e-01,4.659010679655033460e-01,3.327002993878189208e-01,4.851557263505965611e-01,-2.864292416998078482e-03,5.121542517538764105e-01,3.179722060860628030e-01,1.000000000000000000e+00,4.369766298762232659e-01,8.293042584565887276e-01,1.959694356316189212e-01,3.190937932883506911e-01,1.835292014835336605e-01,2.974216899772108014e-01,3.355824657044550585e-03,7.672818267125429414e-02,-6.407793020242191773e-03,4.168550873586844840e-01,5.803521158228696075e-01,5.516242906296081605e-01,3.672862951874525383e-01,4.061754323249475163e-01,3.241476384110102971e-01,2.868760891907591870e-01,2.111935296483310187e-01,3.442513070289110466e-01,5.447919924929621738e-01,5.315250904866168913e-01,4.487108449886053618e-01,4.701684615040886417e-01,3.507350641226149590e-01,2.429733232047902036e-01,-4.673265114616381166e-01,-2.572769113901425264e-01,-1.836811296304571295e-01,-4.174896107958353531e-02,-2.282407614281245778e-01,7.243397828321194130e-03,2.741007194244604039e-01,1.892041646186156667e-01,2.598239420885651851e-01,1.405380043791054079e-01,2.133964877787211112e-01,-1.754323249474954230e-02,3.632110460699763399e-01,1.663300415568166601e-01,1.704678493230260550e-01,9.931632333884445052e-02,2.249698377943607774e-01,9.556727288976273049e-02,-4.268734081058134927e-02,1.104428258635327814e-01,3.250502703427320395e-01,3.683006389919120660e-01,3.173510880736404860e-01,5.030609053130166708e-02,2.308950355243755415e-01,3.917690692166763688e-01,2.874927387282720237e-01,3.916260780195719438e-01,3.528263103802672385e-01,3.683274498413691145e-01,3.992001429911971044e-01,4.058402967067339939e-01,-1.548639349390053266e-01,1.702310201528218492e-01,1.846463202109120127e-01,2.273560033960409302e-02,3.537110684123508375e-01,3.478797086554358819e-01,1.114482327181732929e-01,-3.875642343268242418e-01,1.108181777559319042e-01,2.073104249519638898e-01,3.194914875552973821e-01,4.659368157647794662e-01,1.420662227981589754e-01,3.757049019169757531e-01,-6.468117431520621630e-02,-1.186692881719469128e-01,-7.875687028017337721e-02,3.501496939094687205e-02,-2.575405514098038084e-01,-1.395460029491934484e-01,-1.146968139773895112e-01,-5.081996514589570690e-02,-1.468251485767907427e-01,-6.283569417757718656e-02,-5.985075293802225027e-02,-6.689306939541533881e-02,9.383797309978104961e-03,-1.416774654810313283e-01,-1.455426962777603972e-01,-3.334822824969838062e-02,-2.485812592162295054e-01,-1.514098038339514729e-01,-1.414138254613700463e-01,-4.855444836677241804e-02,-1.625809911077349401e-01,5.518119665758076942e-02,-3.726439966039590823e-01,-2.999240359265382683e-01,-4.460878502167210657e-02,-2.168550873586844868e-02,1.567630367755485088e-01,-2.372760176951606379e-03,-2.562938469100495831e-01,-3.983064480092944337e-01,-4.302381697126770876e-01,-3.053353590419589647e-01,-2.129228294383126996e-01,-1.404620403056436873e-01
3.946869833325886145e-01,2.845435452879931937e-01,4.617856025738415471e-01,4.739398543277179576e-01,1.392466151302560462e-01,2.018365431878099969e-01,4.773939854327717836e-01,3.603735645024352952e-01,2.971312391080924153e-01,1.706242459448590321e-01,7.880021448679566110e-01,4.369766298762232659e-01,1.000000000000000000e+00,2.525135171366012510e-01,2.556146387238035778e-01,1.054917556637919446e-01,1.761651548326556016e-01,1.799410161311944256e-01,2.065999374413512724e-01,4.497609365923410096e-01,-1.282809777023102005e-01,-5.791143482729344677e-03,4.614951517047231611e-01,5.675812145314803603e-01,2.109075472541221685e-01,3.139952634165958933e-01,1.507842173466195923e-01,2.964922471960320105e-01,2.571071093435810528e-01,1.055275034630680508e-01,1.815407301488002056e-01,3.307520443272711219e-01,5.798784574824612514e-01,4.684123508646498846e-01,4.459403905447070771e-01,3.608963760668483789e-01,-2.385584699941909748e-01,-3.202958130390097802e-01,-1.446132534965816063e-01,-4.062290540238616687e-02,9.635819294874659047e-02,-3.553778095535993498e-02,-2.904508691183699232e-04,-6.526207605344296059e-02,-2.565798293042584680e-02,-2.975825550739532588e-01,-2.878010634970284420e-01,-4.843067161177889712e-01,-1.342329862817820407e-01,-2.752089012020197401e-01,-2.124312971982662279e-01,-3.710755619107198866e-01,-1.847803744581974217e-01,-2.601903570311452918e-01,-3.707806425666919647e-01,-2.773403637338576200e-01,3.128334599401224603e-01,2.077259931185486408e-01,2.888154073014880252e-01,-4.712006792081862433e-02,5.494213324992179848e-01,4.743330801197551128e-01,3.724965369319451214e-01,4.666294293757540790e-01,4.239912417891773533e-01,4.609365923410340127e-01,4.965726797444032226e-01,4.063094865722328697e-01,1.664283480048259489e-01,4.719513829929845028e-01,3.015773716430582008e-01,1.272845077974887051e-01,4.634746860896375997e-01,5.218731846820680031e-01,2.019303811609097776e-01,8.707717056168728931e-02,2.129138924884936834e-01,3.407614281245811005e-01,4.280307431073774316e-01,1.879351177443138732e-01,3.472228428437374448e-01,2.398319853434023041e-01,-9.997765762545243740e-02,-1.383529201483533755e-01,3.214576165154832688e-01,1.323115420706912765e-02,-2.733768264891192623e-01,-1.767281826712543136e-01,-2.960275258054426151e-01,-1.161222574735242818e-01,-3.596988247910988257e-01,-3.149470485723222524e-01,-3.039501318200098501e-01,-3.195495777291210704e-01,-1.606193306224585615e-01,-3.132088118325215831e-01,-2.198400285982394231e-01,-2.664194110550069383e-01,-3.202868760891907640e-01,-2.034988158541489733e-01,-6.504758925778632295e-02,-1.202466598150051316e-02,-9.674248179096474332e-02,2.345055632512623583e-02,-2.467894007775146281e-01,-2.354126636578935672e-01,-1.721435274140935834e-01,3.216855087358684584e-02,-4.436301890164886380e-02,-1.632333884445238970e-01,-2.324143169936100928e-01,-3.436882791903123624e-01,-2.882211001385227012e-01,-3.202109120157290573e-02,-1.947852897805978922e-01,7.609812770901291934e-02
