0.000000000000000000e+00,8.018078079586473672e-01,3.996150588256782710e-01,2.209576039580902762e-01,-1.905047843667306839e-01,6.741493507827822640e-02,-1.796780284436367003e-01,-3.443899276009214638e-01,5.556075609204797622e-02,1.730568575923139563e-01,2.005963620090915611e-01,8.259339846434499144e-02,-1.961852923246930891e-01,-1.869476174059165885e-01,2.206219790907990724e-02,1.523759729125617191e-01,5.083255515549477410e-01,5.062387411555997474e-01,6.255659388706109603e-01,6.513154439951688301e-01,-1.098817550212448230e-01,1.340901255510983103e-02,-2.876487765674480279e-01,1.647370139432725589e-01,-2.444148140706730032e-01,-1.806049923628219034e-01,-7.417994515844005335e-03,1.163887677544413191e-01,1.836415983049802525e-01,1.868608572361406261e-01,4.737447744121427440e-01,3.912221539810360471e-01,6.793298461833516821e-01,3.706508610946850357e-01,-1.947651653352024947e-01,-1.670521405788729929e-01,-1.678923443282822059e-01,-3.920874725164330554e-02,1.477434364789983329e-02,1.219779492179027258e-01,-2.340241421588213407e-03,-8.999084451892627734e-02,-6.558954676943941076e-01,-4.483012130441632048e-01,-9.392245010719446618e-02,4.618609143151997110e-02,-5.064442257682270077e-01,-3.730664468742365680e-01,-1.728787709280369955e-01,-4.063503877951272769e-01,-4.300998426901131988e-01,-4.582786325683978479e-01,-4.627444981494969189e-01,-4.727630145962569697e-01,-3.584587740788010568e-01,1.056076750785978624e-01,8.860793307594483359e-01,7.835333764089965625e-01,4.328122395767930453e-01,2.987129813762446351e-01,-7.228720355990675417e-02,-3.403852608170525040e-01,2.899456379041482901e-01,1.372660043973707167e-01,-2.080760019087237456e-01,-2.414284377004901894e-01,4.244467326805010932e-01,3.466593909892713987e-01,8.618367127941569672e-01,7.491352522551936177e-01,1.811392523556527578e-01,2.826851815913185018e-01,-1.378002643902015711e-01,-1.161102219462132601e-01,-1.553486503085693970e-01,1.215783958044608370e-02,3.985328398658413707e-01,2.945804575000742220e-01,4.068367013783451280e-02,5.202756233604040048e-01,2.997038738415804815e-01,6.332464970581452857e-01,1.353116174150492401e-01,5.449109452520497499e-01,3.245971930801914984e-02,9.875362166629755856e-02,3.406592403005554992e-01,3.854822838016480069e-01,-1.234939690266193962e-01,-2.358735036724666709e-02,-6.901109388591950555e-01,-5.927157987985999243e-01,-5.831676137985200015e-01,-5.460114295107868498e-01,-3.599793602122427494e-01,-3.620433389879654240e-01,-3.853224624362712181e-01,1.384258508775334517e-01,4.493948478158127369e-02,-2.282043612967449009e-01,5.819552545840192548e-02,-2.431339599852964245e-02,3.433259739399848187e-01,2.415197641949911878e-01,-3.507371189687412127e-01,-4.097386007411145115e-01,-1.473119187924810947e-01,7.664804367232967708e-02,-1.303685709001824221e-03,-4.327346120564671828e-01,-3.882312112861281972e-01,-1.387774578813623094e-01,-5.407373244533538736e-01,-1.981670772553648652e-01,-5.586464500250005738e-01,-4.383648904424540249e-01
8.018078079586473672e-01,0.000000000000000000e+00,1.264301158248266610e-01,5.854256613750573324e-02,-4.444837655740212501e-01,-1.963999095867704492e-01,-1.969798328268518028e-01,-3.229555993415359483e-01,-2.983705070218658495e-01,-1.249232286655600904e-01,2.824477327056159059e-01,1.975095264949576490e-01,-2.750069065661466319e-02,1.386541671137859755e-01,-3.619063492462139542e-01,2.060097399706385321e-02,6.643568674099120663e-01,7.152531227953213833e-01,4.572420768558114745e-01,6.688546972640865285e-01,-1.997607245844073842e-01,-8.157054172593375396e-02,-3.863179212263321838e-01,2.139323133686005674e-03,-4.344972134003365349e-01,-4.124235996794440307e-01,-1.512161264323989840e-01,-7.383518764169876014e-02,3.556778823212455309e-01,2.993294352141263603e-01,4.676167666311254467e-01,3.345905947409638093e-01,5.833046035402715823e-01,3.771304758795312462e-01,-2.789910248887529365e-01,-2.269714536209813394e-01,-1.094388215229149530e-01,4.760621842101057238e-02,1.183203231131375460e-01,5.686672496341232258e-02,1.207724394904894916e-01,-1.382911442981444791e-02,-5.617058875907842141e-01,-3.689202240238910191e-01,7.437401395925467840e-02,1.907376669277082437e-01,-3.976058759466561954e-01,-3.011194345063460398e-01,-3.595752404740758246e-02,-1.723947405071816763e-01,-3.316087846955060314e-01,-3.943637853918705583e-01,-2.898543114096472917e-01,-3.775962410014863657e-01,-1.535677836657998174e-01,6.901999821913335810e-03,9.111027902527232269e-01,9.671178956549136840e-01,3.615912728401854959e-01,3.657374956905310448e-01,-1.384441161764336514e-01,-3.639063994757859022e-01,3.260789654534703152e-01,2.965302781576706348e-01,-2.680820751206080543e-01,-2.842559972967357851e-01,1.135667790743603162e-01,1.597597199929678691e-01,6.737360983951651283e-01,7.345549774081083783e-01,3.544541072949320415e-01,3.354627627634483855e-01,-1.440058996915447587e-01,-8.008191986556739694e-02,-7.134654066654641524e-02,-2.108500441791917243e-02,3.833087132325240787e-01,2.734246750489167654e-01,3.705823662238093008e-01,5.334586028416238301e-01,5.895376367899650694e-01,7.164129692754840351e-01,-5.192139528618298916e-02,5.734322094847130735e-01,1.089730564009598474e-01,2.008703414925945563e-01,1.350467705809963170e-01,3.389560011781117543e-01,-8.540625449497589450e-02,-1.300694766306916272e-01,-5.138553707969835127e-01,-5.447922208091984242e-01,-4.312551228455508978e-01,-5.432807673252068037e-01,-3.535454086746470659e-01,-3.666827249086164198e-01,-2.680364118733575274e-01,1.498918922621344241e-01,2.556982024662720065e-01,-9.357540942809065843e-02,1.540152834888547373e-01,-5.722746461669128704e-02,4.354652742420471734e-01,3.088821865389313470e-01,-4.488354730369940593e-01,-5.390706159287105281e-01,-1.479420716045380113e-01,1.620360328684053788e-02,-4.184808294272230472e-02,-3.428419435191294995e-01,-4.011950071805456264e-01,-1.114251727783117790e-01,-4.567900107080314909e-01,-9.927418268495327713e-02,-5.508426010698899145e-01,-3.235035583085419941e-01
3.996150588256782710e-01,1.264301158248266610e-01,0.000000000000000000e+00,6.547447538636814723e-01,7.615488060202425802e-02,8.363908682638147851e-02,2.996719095685051459e-01,8.807298813440520013e-02,2.677624323898545322e-01,2.808221211034980236e-01,-7.751107904536415349e-02,-2.253778062919388481e-01,-1.250876163556619014e-01,-3.333805186888255112e-01,3.147590464600709126e-01,8.515054031037308513e-02,-1.890755247277899620e-01,-1.279461356335433175e-01,6.395708568023398266e-01,4.703885257392309005e-01,-8.618709602295948624e-02,1.540655130608303003e-01,2.110623782789065594e-01,6.177118603435246547e-01,6.986248513090510814e-02,1.101694334789229818e-01,1.828424914780964750e-01,3.393030418572156037e-01,-1.358253289466173838e-02,8.252490359346924265e-02,4.529360326400891368e-01,5.679343545157526929e-01,5.655781309576267679e-01,3.974140903082040710e-01,2.574425385112411591e-01,1.961350627527175261e-01,1.029957373358691697e-01,1.909408683779729651e-02,-2.072403644840395409e-01,-1.417227373290196879e-01,-1.110187698777823223e-01,-2.054184009187445259e-01,-3.849754217571674242e-01,-3.884412622234805212e-01,-2.266929078127532804e-01,-1.116763206381895385e-01,-3.105945583108251640e-01,-2.541182541114046511e-01,-2.646984284993458836e-01,-4.012726347008714889e-01,-2.785161271173476893e-01,-3.638516035790853032e-01,-3.536276025196979922e-01,-3.463306156090678045e-01,-4.352232590316195138e-01,-2.097427104333670356e-01,2.173547737500256816e-01,6.076179995388011901e-02,1.214939187970474205e-01,-1.321517207053145293e-01,2.825870056097299146e-02,-5.143964802769019663e-03,-7.086707657041614594e-02,-2.780960252426430968e-01,1.008449983903705327e-01,1.549285484338647767e-01,5.964190881506156172e-01,4.244467326805010932e-01,4.765758957416738606e-01,3.220240690976257647e-01,1.454305930057604168e-01,1.523805392372867828e-01,2.127975816744256121e-01,7.427812114002863009e-02,2.692076741653329219e-02,7.883074689090364962e-02,2.150579124133254472e-01,1.283160079362723749e-01,-2.244006128007781098e-01,-4.024073663950464286e-02,-3.891193614451504690e-02,9.892714200584945550e-02,1.450196237805058963e-01,1.697645374655527839e-01,6.228695241204687538e-02,-2.435106817751130637e-01,1.895412898497450815e-01,2.165374016242417043e-01,-7.303151449008993268e-02,-8.207740377041432278e-02,-3.750117012071079170e-01,-2.525246067823621043e-01,-1.330558530008744411e-01,-7.414569772300218242e-02,-2.056056202324715865e-01,-2.697898805677768075e-01,-2.234005876859921080e-01,-2.186059467246894428e-01,-2.817079881001577912e-01,-2.583740687551513981e-01,-4.118596585759003170e-02,7.469365669000820052e-02,3.806716607038076322e-02,-4.556050494418809743e-02,-1.391381975346412947e-01,-1.370422544858432568e-01,-6.491715545367578166e-02,1.958976138670149303e-01,2.371064113482302185e-02,-3.957336828093856451e-01,-1.059729810566018837e-01,-7.513659018833805658e-02,-4.699889723257889840e-02,-7.479411583395929874e-02,-7.879421629310325026e-02,-4.253782629244113322e-01
2.209576039580902762e-01,5.854256613750573324e-02,6.547447538636814723e-01,0.000000000000000000e+00,-1.295808798851112720e-01,-4.904461070940138029e-02,4.419951185988689191e-01,4.894437988168652831e-01,1.055391802077221136e-01,1.038907369819789955e-01,7.723938272422366420e-03,-2.850528209612570099e-02,5.331184116496076771e-03,-9.166896885538221643e-03,5.674343419583596781e-02,4.210836345205016401e-02,-3.727148398704077104e-01,-1.668420896415206689e-01,6.388219795474315843e-01,4.840509693165810368e-01,-3.401980415033254435e-01,-2.038247535897020346e-01,1.382249325896312553e-01,4.328579028240435167e-01,-6.368881410263728393e-02,8.819856206434408680e-03,-1.581295420661249507e-01,-8.276463564153437036e-03,-1.494854893616049674e-01,-3.934117066866976015e-02,3.640114249444620920e-01,5.846014397621858150e-01,5.605917043578719783e-01,5.522535954099303535e-01,2.091673535180107180e-01,1.218318268267011284e-01,-3.785711513302845305e-02,-7.619141119982465737e-02,-2.719908490852510075e-01,-1.968565420592754689e-01,-2.945987227989744217e-01,-3.555774231772944050e-01,-1.904819527431054205e-01,-2.224416594937315694e-01,-2.086513588240800632e-01,-7.568911548006913848e-02,-2.004319743189897363e-01,-2.008931731162198198e-01,-1.674037475827018506e-01,-2.426430800773535512e-01,-2.742648787983260061e-01,-1.468004904232754759e-01,-2.885620415124580673e-01,-3.027952756804394574e-01,-4.364059371354074846e-01,-2.453600432887584060e-01,8.895428880633989011e-02,-2.431567916089217001e-03,7.945176705351048030e-02,5.146019648895291954e-02,3.740847372879227417e-01,4.714707446990678008e-01,-1.473073524677560309e-01,-6.090792234508172337e-02,6.183945258899196246e-02,3.689932852194918178e-01,4.833477553089232659e-01,4.690094956722657416e-01,2.951010185187299406e-01,9.809607090589032852e-02,1.498416626901588888e-01,2.929297311119685547e-03,2.365561692188616616e-01,6.180520515355408633e-03,1.879042624358145952e-03,6.264312574060079686e-02,2.643787857685923615e-01,1.709335165951656188e-01,-3.065213966560804137e-01,-8.862094710141121823e-02,-1.147083602556228515e-01,-5.678224795599889733e-03,-2.823290082627645803e-01,-5.217025998369821845e-03,-9.868056047069674597e-02,-1.897970040343479048e-01,5.286662450426837107e-02,7.798141049204432296e-02,6.688980773489745790e-02,-1.769382336086066099e-01,-2.553739934107934206e-01,-2.475427465073323785e-01,-4.227275114215197499e-02,-1.471064341798538344e-01,-1.728513729796866960e-01,-2.556753708426467431e-01,-2.889227811657370526e-01,-3.773542257910587061e-01,-2.386475459429346357e-01,-3.762583078570466144e-01,3.140033197180751301e-02,-8.650902191607551250e-03,2.894821559445556747e-02,-1.460059499211167344e-01,3.344147912390493804e-02,-1.540472477619301006e-01,-5.604935283762834536e-02,4.116770055868983202e-02,-1.555061885115836297e-02,-3.275127914171360732e-01,-2.306153807515713972e-01,-1.339143220491838815e-01,1.065026747247077021e-01,-1.682530839815611912e-01,-1.090369849471105462e-01,-4.782243389674170064e-01
-1.905047843667306839e-01,-4.444837655740212501e-01,7.615488060202425802e-02,-1.295808798851112720e-01,0.000000000000000000e+00,5.898207489229181366e-01,-1.941076145747952508e-01,-9.584030649171554339e-02,6.111728833372527259e-01,3.107726449751020970e-01,-4.461048108514140687e-01,-2.862743128252079328e-01,-3.787012915849484740e-01,-3.708928763051126953e-01,5.524499473731075971e-01,8.639714696031178254e-02,-2.551137129014655613e-01,-2.240216078485989248e-01,-1.612620408275093620e-01,-2.636162095395089833e-01,2.995440524762037482e-01,2.259759948309204014e-01,2.805070446974695653e-01,1.401564879483274684e-01,8.950932557666972933e-01,8.321784337049560332e-01,7.221300078312469228e-01,6.130724744228736034e-01,-1.996648317651813220e-01,-9.637228332218389371e-03,-3.583948455326503857e-01,-1.985552148569941222e-01,-1.761391267817228323e-01,-1.238684076540735035e-01,3.449698508410028452e-01,3.882449102603033331e-01,1.232976170634422358e-01,6.742178456536579954e-03,-5.943756578361557297e-02,-8.003169029359184783e-02,2.269235072113683083e-02,7.335572354556849084e-02,2.240124751991488250e-01,8.532177748756248140e-03,-1.617620533849023490e-02,-2.032996262463212522e-01,1.147768551264986142e-01,3.044140377954697441e-02,-4.708565740235485381e-02,-8.654326935151339384e-02,8.325551554947727140e-02,1.055049327722842357e-02,1.257040701935436822e-01,1.851667507631470089e-01,-1.620360328684053788e-02,3.477484594361959086e-02,-2.998728278564073424e-01,-4.159625013413578709e-01,-2.760137811680202224e-01,-3.249647822205580239e-01,-3.381340627276027688e-01,-1.232199895431163733e-01,-2.246426280112057694e-01,-2.080668692592736457e-01,4.203530225644936530e-02,-2.524492624243987807e-02,1.532435746103212593e-01,4.005351732577758922e-02,-4.520433161563418289e-02,-1.305763386751722099e-01,-3.411067401236104191e-01,-1.542299007509320974e-01,7.978054243371408838e-02,8.284911264894780081e-02,6.635098141734152577e-02,8.265732701049570419e-02,-8.412768357196184765e-02,2.603033409514850932e-02,-1.331289141964752676e-01,-4.855601396382101115e-02,-3.035852498578731629e-01,-2.405380043791054134e-01,4.430408069609054200e-01,-1.880344026904785248e-01,1.898449504439609151e-02,-1.959752413873407650e-01,5.761103589359550109e-02,-1.619150252631915421e-01,-6.874373557326782236e-02,1.511247999378979856e-01,3.644612079298795160e-02,2.982038361694015066e-02,4.775690713693722667e-02,1.310329711476772296e-01,3.461114320222654084e-01,2.583238391831758074e-01,1.917194267435940180e-01,-6.101294781375787846e-02,-1.994502145031039619e-01,-8.454321912194141808e-02,-1.300283797081661918e-01,-7.304521346426508244e-02,-2.247019902326314045e-01,-1.313754455020559875e-01,1.869613163800917244e-01,3.111151193294808825e-01,-1.571888791727646117e-01,6.144218233791259864e-02,-4.448285230907625398e-02,2.051352887857914309e-01,2.917036729232925785e-01,4.689843808862779323e-02,3.781601821050300377e-02,-1.069684398466628217e-01,1.965186340296217471e-01,1.690156602106445694e-01
6.741493507827822640e-02,-1.963999095867704492e-01,8.363908682638147851e-02,-4.904461070940138029e-02,5.898207489229181366e-01,0.000000000000000000e+00,-2.238937507562975271e-01,-1.792487939194820079e-01,4.409539965615574819e-01,6.201365787725262591e-01,-2.160122742808609220e-01,9.646132665432237407e-02,-4.229992077426601993e-01,-3.887426396553337882e-01,6.049809470100847575e-01,5.082890209571473417e-01,-3.317434912748950387e-03,-2.101628123080716559e-01,-9.848877483224464935e-02,-1.457730673601391747e-01,2.163364833363395079e-01,4.000123290767576556e-01,-4.557420391836324719e-02,-2.971535814826399904e-02,4.228850496245339374e-01,4.274513743495841345e-01,4.505752427572382035e-01,5.121201674014643768e-01,-1.913038911936144615e-01,-1.985871791300694855e-01,-3.022222019274456786e-02,1.157335001563966279e-02,-1.244209329458045715e-01,1.346837477653548346e-02,-6.062937653685366440e-02,7.011819931550791751e-02,2.014434152455883698e-02,-4.939621771323023797e-02,2.734657719714422286e-01,2.847993899390167116e-01,-1.988109290415969455e-01,-1.262109322380242371e-01,1.011098452244234419e-01,-1.256538406215681192e-01,-2.071399053400884427e-01,-2.981330581361632537e-01,-5.915673681302498557e-03,-4.330017420528826239e-02,-4.197799488114998256e-01,-2.246517606606558692e-01,-2.402366269472520910e-01,-6.455184947567176035e-02,-3.321613099872371411e-01,-1.172700684263760090e-01,-6.958393932267704918e-02,3.088182579927806204e-01,-5.504704456047983252e-03,-1.059455831082515703e-01,9.463479676430229526e-02,8.646564183118754521e-02,-2.732922516318903039e-01,8.043809319412131842e-02,4.601713741669311020e-02,4.741443278255846883e-02,-1.219231533212021268e-01,-1.704723177979355631e-01,1.857695056268536538e-01,2.266700761891280447e-01,7.862526227827638936e-02,1.323024094212411628e-01,-1.977926386279107440e-01,4.908799079428935582e-04,-1.342841943519129388e-01,-2.314441686891680061e-02,1.821529764446138955e-01,3.258689145161179912e-01,-2.357821771779656725e-02,1.165074921972926308e-01,-2.659404688245595172e-01,1.234985353513444462e-01,-4.396754256385434489e-01,-1.327088123217706472e-01,4.614978914995582215e-01,2.078294203735710222e-01,-2.962882629472429752e-01,-6.052435106817750932e-02,5.020194571096534553e-01,2.330172675569477658e-01,-3.436456166707382853e-01,4.243143092634746316e-01,6.552904296683249863e-02,-1.497069561107699023e-02,-2.933886467468361237e-01,-1.437547518316669992e-01,1.216811381107744672e-01,2.847331782305035155e-02,1.173773770574146856e-02,2.582462116628500004e-01,1.873083570591955460e-01,1.768149428410302482e-01,7.277123398076207339e-02,1.697508384913776480e-01,8.626015721856028495e-02,1.674631098041275135e-01,-2.774727219176737272e-02,4.056951201970825788e-02,7.171412980691295805e-03,2.271358413110831642e-01,-2.778380278956777555e-02,1.906668888944699353e-02,2.455152983294101032e-01,9.533344444723497457e-02,-2.170807942665226864e-01,-5.438721063771007752e-02,-9.221007833530066311e-02,-5.420912397343312372e-02
-1.796780284436367003e-01,-1.969798328268518028e-01,2.996719095685051459e-01,4.419951185988689191e-01,-1.941076145747952508e-01,-2.238937507562975271e-01,0.000000000000000000e+00,4.282596138259179841e-01,-2.140076577265639102e-01,-2.814888045133553396e-01,4.764069417268469997e-01,2.238206895606967284e-01,5.537148193219464387e-01,3.190285600779928510e-01,-9.442474582694998508e-02,-8.988581905025011531e-02,-3.230377931865868746e-01,-1.824771855000924814e-01,3.179646064170561504e-01,2.397320480651340545e-04,-1.990757758756498408e-01,-7.494937087461100989e-02,-6.510894109212787828e-02,-3.951012468349661411e-02,-9.308681268251028929e-02,-2.254600001369897466e-01,-2.950827532198297409e-01,-2.759863832196698952e-01,1.768377744646555116e-01,-6.110427430825888379e-02,3.939140024064531620e-02,7.104059690996805676e-02,9.260734858638001998e-02,8.480806595599432729e-02,-8.250207196984399305e-02,-2.553602944366182848e-01,-1.663945898184657490e-01,-1.971259552180534280e-01,-1.931623853567098759e-01,-9.443387847640009880e-02,-2.906442855870809416e-01,-2.101171490608211567e-01,6.491715545367578166e-02,1.842740342793997010e-02,-1.633990807988328353e-01,1.478804262207498305e-02,2.433622762215489552e-02,-2.911032012219485002e-03,8.582179004495546493e-02,1.838973124895830757e-01,1.503804890077148071e-01,2.207840836185383515e-01,1.138407585578633252e-01,6.022297363632420075e-02,8.915520709424208656e-02,-6.582128774923570735e-02,-2.186013803999643790e-01,-2.497391487000815147e-01,1.684037726974878246e-01,9.201829269684855261e-02,4.922703538216713359e-01,4.006653135124398357e-01,7.379865704389836079e-02,5.868868852870734454e-02,3.760368411078816864e-03,1.113886421805113797e-01,7.576674300039498711e-02,5.578450600357542921e-02,-7.867549185025195235e-02,-6.977115863640410975e-02,3.144941996260179895e-01,1.334987864992043249e-01,4.705848777024080332e-01,2.013406729392747396e-01,2.165374016242417043e-01,3.862882401156193107e-02,2.076924306318195246e-01,1.886691218272605053e-01,-1.284666966521990361e-01,-1.657553043569587325e-01,-7.760240553986515188e-02,-1.791072378530054465e-01,-3.875964921493462167e-01,-2.417206824828934120e-01,-1.764496368630262269e-01,-4.431389829424940002e-02,-1.565221957629072957e-01,-1.051145120082924433e-01,2.060713853544267060e-01,1.573783816488541834e-02,7.516398813668836998e-02,7.949286397603592957e-02,1.086168830724059259e-01,1.602117861407478250e-01,1.549742116811152759e-01,1.737486557881590642e-03,-1.586569525718682303e-02,-3.310379941048747776e-01,-4.682766005538951774e-03,6.658843030304413546e-02,3.132201950277290203e-01,2.886351027080588660e-01,1.170874154373739984e-01,2.734543561596295899e-02,6.225498813897152595e-02,-8.144040147126982432e-03,7.932390996120906868e-02,1.190920319916710240e-01,-9.519645470548347699e-02,-8.019607798369365881e-02,7.380778969334846062e-02,7.584437052072083574e-02,4.118117121662872582e-01,8.593594816308172679e-02,1.768309249775679159e-02,-1.398140135939487105e-01
-3.443899276009214638e-01,-3.229555993415359483e-01,8.807298813440520013e-02,4.894437988168652831e-01,-9.584030649171554339e-02,-1.792487939194820079e-01,4.282596138259179841e-01,0.000000000000000000e+00,7.033281657758527761e-02,4.026356826312989939e-02,-8.034448353725779160e-03,8.431946921041395815e-02,3.714271362979435498e-01,4.430819038834308832e-01,-1.010185187299224435e-01,-3.601346152528944744e-01,-4.368123400359369968e-01,-2.103043683745482173e-01,2.224553584679067331e-01,1.413711303251908025e-01,-2.815983963067565377e-01,-3.880622572713013363e-01,2.629951893769021387e-01,4.415864325359769582e-02,2.098454527396806726e-02,4.915876882752763521e-02,-3.870165689092648353e-01,-4.450682551388276953e-01,-1.847329499142672526e-01,1.396085289813214503e-01,-2.545246570119341079e-01,5.473425131681389222e-02,3.311727006842637294e-02,3.280196534616166004e-01,1.042697419341581666e-01,-4.690757073807790001e-02,-1.264529474484518967e-01,-3.600021918358680129e-01,-4.304423170444919844e-01,-4.543698586037548948e-01,-2.168890086280705620e-01,-1.999844744959348164e-01,1.924728703232272964e-01,1.237314179123219920e-01,-6.793092977220889506e-02,-1.265625392418530948e-01,2.043430314459952161e-03,8.872597257008738025e-02,-2.261472320081097873e-02,3.953752263184692056e-02,-1.865115333946743004e-02,4.630938219909632586e-02,1.759747390916210352e-01,7.751107904536415349e-02,5.741011760569329075e-02,-4.655071246081522451e-01,-4.478993764683588119e-01,-3.452346976750557683e-01,-3.091561660224343422e-01,-1.475356687040085546e-01,3.459698759557888192e-01,6.418631518143149695e-01,-5.500366447559185135e-02,1.291973086082070510e-01,8.699533549929336362e-02,3.152111126078508963e-01,-9.021459443045373727e-02,3.054186292349807957e-02,-3.152750411540015674e-01,-3.874869003559450187e-01,-1.760204023388715344e-01,-3.015121384327003606e-01,4.138437266689345972e-01,2.364876743479858989e-01,1.294301911691846108e-01,2.043430314459952161e-03,5.482557781131489755e-02,-7.098351785090492756e-03,4.915648566516510679e-03,-1.619652548351671051e-01,7.413656507355206871e-02,-1.406679163175330871e-01,-3.924093984095490817e-01,-4.600549328864423360e-01,5.470228704373854278e-02,-3.530796435526919463e-01,-3.907929194568813269e-01,-5.581852512277705181e-01,2.047471511841621461e-01,-3.529426538109404765e-01,2.723378897643548013e-01,7.138307126434681460e-02,5.206272303642328625e-01,1.833265218989517942e-01,4.438695948985019873e-02,5.856311459876846134e-03,2.537757797570258655e-01,-3.406044444038549002e-01,-1.110598668003077716e-01,-1.459785519727664349e-01,-5.520001643876901176e-02,-1.447502106217279372e-01,-2.344693588195137235e-01,-3.100785636168945092e-01,3.466319930409211270e-01,3.020281331266310154e-01,-8.397699485603520031e-02,-1.853722353757742691e-01,1.034158392105737762e-01,2.383142042380059777e-01,1.668420896415206689e-01,1.081054547032003071e-01,5.047272876716082379e-01,6.658843030304413546e-02,3.704042795595323123e-01,-5.365203235697699885e-02
5.556075609204797622e-02,-2.983705070218658495e-01,2.677624323898545322e-01,1.055391802077221136e-01,6.111728833372527259e-01,4.409539965615574819e-01,-2.140076577265639102e-01,7.033281657758527761e-02,0.000000000000000000e+00,4.837632908589028502e-01,-5.707837411441839537e-01,-3.460794677491900728e-01,-4.294879551769564818e-01,-4.917497928030156173e-01,8.021776802613764801e-01,3.912655340659240005e-02,-3.366911041144868832e-01,-2.152953612990280707e-01,3.407163193596186163e-02,-9.574897999721454500e-02,5.334152227567359045e-02,-1.946852546525141073e-02,3.139234090353867357e-01,2.991878791476498267e-01,4.366114217480347448e-01,5.508060704720895151e-01,3.502028589759103583e-01,2.462550429348682179e-01,-4.662605681877855512e-01,9.867142782124664613e-02,3.221542093522896874e-03,1.534079623004230564e-01,7.285342782581297194e-02,3.320403023820232835e-02,3.547874489998606995e-01,3.484950535287416051e-01,2.806212028155958271e-01,7.876910150711548047e-04,-1.445355933596505771e-01,-1.333343988091025001e-01,3.296658135249971866e-02,5.278899698394252243e-02,4.704456047982940453e-02,-5.120448230435011017e-02,1.555061885115836297e-02,-2.345880832623650492e-01,-4.119053218231508162e-02,7.290137423542600650e-03,-2.271952035325087993e-01,-3.461616615942409436e-01,-1.532161766619709597e-01,-1.629835452488532788e-01,-6.667519047282009781e-02,-4.233211336357762394e-02,-2.709405943984894427e-01,-9.016208169611565626e-03,-1.760934635344723331e-01,-2.910780864359607256e-01,-2.500268271577596457e-01,-3.165718773759158555e-01,-2.227476032503099279e-01,-1.095347143421410152e-01,-1.989890157058738784e-01,-3.324581210943653997e-01,8.981732417937436652e-02,4.880716182369877060e-02,3.270607252693560896e-01,1.593807150407886841e-01,1.080552251312247580e-01,-8.626928986801038479e-02,-3.267639141622278309e-01,-7.876681834475295074e-02,7.372331268593503538e-03,1.676548954425796101e-01,-1.146170337611218532e-01,9.151143065236798380e-02,-1.099776478404708852e-01,-1.235396322738698954e-01,-1.913495544408649607e-01,7.783300493848018843e-03,-3.010189753623949693e-01,-1.199550673647055005e-01,2.681642689656589806e-01,-8.603184098230777510e-02,-1.571888791727646117e-01,-3.869480740383891004e-01,-6.400389050866574225e-02,-1.974775622218822857e-01,-2.102906694003730814e-01,3.403053501343641235e-02,-7.434204968617932896e-02,5.341001714654933924e-02,6.125496302418553807e-02,1.759747390916210352e-01,2.292957129060318733e-01,1.530837532449444982e-01,1.662393347778140518e-01,1.454534246293856803e-01,-1.679517065497078687e-01,-6.815924600846140491e-02,-1.629835452488532788e-01,-7.331234346068051660e-03,-1.725819598209087369e-01,-8.719625378719557396e-02,1.357043213414035610e-01,2.534607033509974072e-01,-2.812627714394653686e-02,2.203023363600455781e-02,3.251451520471975581e-02,6.207690147469457215e-02,1.228044539931368168e-01,-1.532001945254332772e-03,-1.812305788501537840e-01,-1.883586117459570830e-01,1.580245165974487886e-01,4.977522266540940210e-02
1.730568575923139563e-01,-1.249232286655600904e-01,2.808221211034980236e-01,1.038907369819789955e-01,3.107726449751020970e-01,6.201365787725262591e-01,-2.814888045133553396e-01,4.026356826312989939e-02,4.837632908589028502e-01,0.000000000000000000e+00,-2.737762820527456231e-01,-2.236973987931203667e-01,-2.623924345131955493e-01,-4.565616944717789671e-01,5.678658596448769025e-01,1.289324617741541557e-01,-3.166974513058547214e-02,-2.682738607590601787e-01,8.541082081970095830e-02,1.424670482592028664e-01,1.392934525752929920e-01,1.299918491103657925e-01,3.083113959483000932e-01,3.121927719645927191e-01,1.933267730468116730e-01,2.944799983561230960e-01,2.076239357609437619e-01,2.427526718707547493e-01,-4.401274917863233771e-01,-1.736687451054706732e-01,-2.797102210329483266e-02,1.346586329793670600e-01,8.014128208699304590e-02,1.307452926899990708e-01,1.421382728789992445e-01,1.627232647395254195e-01,1.613967474068983554e-02,-1.865503471548372316e-01,2.213525910468071289e-02,-1.371495631168819299e-02,-3.100762804545319565e-02,-5.132777307192646493e-02,-2.831281150896483578e-01,-3.782583580866186179e-01,-2.418028763279443105e-01,-3.834548356237257316e-01,-3.778428225366390336e-01,-3.149782300468733087e-01,-3.504494405110630817e-01,-3.622944868478432112e-01,-1.656457125635575345e-01,-2.497345823753564509e-01,-3.195856516944489689e-01,-1.829612159209477729e-01,-3.745779003582281885e-01,-1.632575247323563017e-01,-2.732717031706275584e-02,-7.856590005685074041e-02,-2.017562084892542962e-01,-2.742968430714013417e-01,-2.180808193813086604e-01,3.376112185465845322e-02,-2.256449362883542614e-02,-1.679471402249828327e-01,1.488918671473484501e-01,6.929626086499889037e-02,2.054960284390703884e-01,1.773332206973234418e-02,1.353116174150492401e-01,-5.445570550858583325e-02,-4.652970736707999766e-01,-2.741096237576742811e-01,-2.401589994269262562e-01,-6.681218021457159539e-02,-2.648240024292847564e-02,5.330955800259824101e-02,-1.147768551264986142e-01,-1.607917093808292064e-01,-2.327341554239946708e-01,1.457342535999762469e-02,-2.266335455913276453e-01,-4.221795524545136902e-02,4.374105285749185223e-01,3.879777802638879197e-02,7.138307126434681460e-02,-1.900253202706004008e-01,3.431570199251579578e-01,8.112075874051631261e-03,-2.783106425047204291e-01,-2.856921064227640333e-02,1.924705871608647749e-03,3.669270232814066113e-02,2.865597081205235874e-02,2.865140448732730882e-02,-1.895869530969955807e-01,-4.237321028610307322e-02,-3.804433444675551362e-02,1.458415622310149373e-01,-1.997652909091324203e-01,-8.879446744096312905e-02,-3.838292742511797973e-01,-1.670978038261234921e-01,-3.060738968330254939e-01,-1.734084645961428139e-01,9.602295948071755405e-02,2.515656785901015935e-01,-1.548669030500766063e-02,-1.034295381847489259e-01,1.993954186064033629e-01,-3.038204155812132198e-02,3.423145330133861575e-02,-1.338960567502836818e-01,-2.241448986161752865e-01,-2.478829376993486183e-02,2.173502074253006455e-01,-5.384838432015415927e-02
2.005963620090915611e-01,2.824477327056159059e-01,-7.751107904536415349e-02,7.723938272422366420e-03,-4.461048108514140687e-01,-2.160122742808609220e-01,4.764069417268469997e-01,-8.034448353725779160e-03,-5.707837411441839537e-01,-2.737762820527456231e-01,0.000000000000000000e+00,5.514681875572217118e-01,6.475345271228273303e-01,4.741603099621223283e-01,-3.917381486749667019e-01,3.982520108952507937e-02,3.052884889803168522e-01,2.785983209623986157e-01,3.646233124576188089e-01,1.903951925733294581e-01,-1.619150252631915421e-01,5.819552545840192548e-02,-3.997337832685295966e-01,-3.870028699350896995e-01,-3.686964741123635592e-01,-4.511460333478694573e-01,-4.436298628504368735e-01,-3.626369612022219968e-01,4.383557577930039528e-01,-4.124532807901568066e-02,1.555975150060846281e-02,-1.800433344216407217e-01,5.407213423168161920e-02,2.111240236626947195e-02,-5.527604574544109362e-01,-5.118370552685113095e-01,-3.157134083276064151e-01,-1.480653623721143730e-01,2.707602245718499639e-02,1.387957231802625091e-01,-2.410768306966613317e-01,-1.812077472265285205e-01,-1.559696704711762139e-01,-2.740479783738861141e-02,-1.598647454616440033e-01,9.724673450703100186e-02,-4.735963688585786285e-02,-4.668382082655044008e-02,1.501019431994867481e-01,1.614629591154115862e-01,9.041094639363088381e-02,1.161832831418140588e-01,-2.091605040309231500e-02,-5.008116642198776752e-02,2.678035293123799954e-01,1.973862357273812873e-01,2.299623963158892170e-01,2.435472123729134630e-01,3.552943110443412822e-01,3.845644525319129037e-01,2.789225300178771461e-01,1.643854069394436734e-01,5.462854089942897895e-01,4.503286612220854801e-01,-2.561457022893269264e-01,-2.619221030665153660e-01,-2.158798508638344882e-01,-8.048375644137181761e-02,8.190844975558747576e-02,2.016603156700282340e-01,2.482687921386153573e-01,9.459369984177684598e-02,1.218637910997764778e-01,2.451431428643184932e-02,1.399373043615250722e-01,3.917678297856795611e-02,2.379260666363767207e-01,2.026375091611889723e-01,7.199495877750354544e-02,2.881602049366536744e-01,2.593238642979618369e-01,2.509720563758450762e-01,-2.285240040274983953e-01,1.749838466262851333e-01,-1.940459691910070839e-02,2.315240793718563728e-01,1.025939007600647490e-01,1.384258508775334517e-01,2.318300231284347312e-01,4.128185867681608695e-02,-7.292648902141378453e-02,-1.967104196680738437e-01,-2.207338540465628163e-01,-2.510131532983704838e-01,-1.434899049976141039e-01,-1.724130058060818760e-01,-1.792350949453068443e-01,-4.156040448504414592e-02,2.878085979328248167e-01,1.170782827879238985e-01,3.891262109322380369e-01,2.415243305197162516e-01,3.474950284139555756e-01,2.162816874396389089e-01,-6.945608223037565143e-02,-2.216653842904730554e-01,2.187383701417158766e-01,8.727388130752142259e-02,9.115982364853911224e-02,-9.552523008568708507e-02,-4.245997045587902863e-02,3.339581587665443885e-02,2.491615086223626652e-02,2.647258264476961553e-01,-2.157474274468080266e-01,-2.117381943382139753e-01
8.259339846434499144e-02,1.975095264949576490e-01,-2.253778062919388481e-01,-2.850528209612570099e-02,-2.862743128252079328e-01,9.646132665432237407e-02,2.238206895606967284e-01,8.431946921041395815e-02,-3.460794677491900728e-01,-2.236973987931203667e-01,5.514681875572217118e-01,0.000000000000000000e+00,2.913748975430889843e-01,5.316914351730294142e-01,-2.214690323272958949e-01,3.643675982730160134e-01,3.455406414316341546e-01,3.621666297555418135e-01,9.028765562605453598e-02,-7.226208877391898308e-03,-1.016395388925292603e-01,1.398733758153743456e-01,-6.843025738089312249e-01,-7.180614125012272364e-01,-2.946535186956750207e-01,-4.416480779197651252e-01,-4.246065540458778820e-01,-3.130466746881770956e-01,4.755850032763380142e-01,2.127701837260753126e-01,-3.796899008879218388e-03,-2.498259088698574493e-01,-9.173061423917039381e-02,4.262892447070588259e-02,-7.662041740774311327e-01,-6.479500626728068591e-01,-1.936783800506405306e-01,-1.153522120418549318e-01,1.999570765475845169e-01,3.142065211683398585e-01,-2.838130637984058735e-01,-1.697691037902778477e-01,2.126514592832240147e-01,2.732237567610145690e-01,-1.314439403729317501e-01,1.696366803732513862e-01,2.726073029231327882e-01,2.327935176454203059e-01,-7.480781480813444850e-02,2.556936361415469428e-01,-1.261196057435232387e-01,2.443280539008970409e-01,-1.863539951916600712e-01,-7.923714979143312021e-02,3.798657043898363006e-01,4.993207591971488002e-01,2.027425346298651343e-01,1.911258045293375007e-01,5.260337588386923002e-01,7.668114952658627859e-01,1.362659792825847149e-01,2.719680174616257440e-01,6.020950297838529863e-01,7.600852989458639630e-01,-5.683498900657322217e-01,-4.248942325035560130e-01,-2.206607928509620176e-01,2.309167581834246918e-01,9.938605764071699669e-03,3.183116470961599442e-01,2.056741151033473491e-01,2.891465310772645125e-01,2.469902212156012966e-01,3.681485151453575133e-01,3.871626913004664328e-01,5.188874606439888293e-01,2.411224939439118309e-01,3.766281801597757273e-01,1.422022014251499433e-01,3.281703421775432616e-01,1.207815721399395914e-01,2.019799584007817561e-01,-1.392569219774925926e-01,3.247547312832057553e-01,-4.345657082712122699e-01,1.402523807675535306e-01,1.641936213009915768e-01,1.173339969725267079e-01,-1.547595944190379158e-01,3.745733340335031247e-01,4.203986858117441522e-02,-2.601823333462712773e-01,-3.953364125583062605e-01,-3.801077196002639602e-01,5.055149786866793699e-02,-8.138332241220669339e-02,3.380678510190895242e-02,2.649358773850484794e-01,7.067323608583777617e-01,4.358534118436764304e-01,6.931475448013534324e-01,5.104717241757212864e-01,6.402055759391217515e-01,5.100379233268415025e-01,-2.050713602396407320e-01,-2.365744345177618613e-01,2.061398802253024687e-01,3.787332558580238095e-01,-8.724191703444607315e-02,3.479767756724484046e-02,2.549538915360888280e-01,3.059369070912739685e-01,-3.304420887282557423e-02,2.750046234037841208e-01,-1.964592718081960843e-01,-2.200717369614305363e-01
-1.961852923246930891e-01,-2.750069065661466319e-02,-1.250876163556619014e-01,5.331184116496076771e-03,-3.787012915849484740e-01,-4.229992077426601993e-01,5.537148193219464387e-01,3.714271362979435498e-01,-4.294879551769564818e-01,-2.623924345131955493e-01,6.475345271228273303e-01,2.913748975430889843e-01,0.000000000000000000e+00,6.410001164412805208e-01,-3.465771971442205279e-01,-2.513921582505496688e-01,-1.500037672178981601e-03,7.620511017399980713e-02,1.802807833073433452e-01,1.049044610709401332e-01,-2.788266371986510839e-01,-1.984821536613933235e-01,7.532380950206511716e-02,-1.759793054163460713e-01,-2.969047167851247560e-01,-3.782537917618935541e-01,-4.679592409855041768e-01,-5.749299639945295581e-01,1.940025891061191166e-01,4.812221311494124104e-02,-1.900390192447755644e-01,-1.970939909449780647e-01,-9.015523220902807444e-02,-3.809456401873106274e-02,-1.549011504855144772e-01,-2.747991387911568606e-01,-1.823493284077910559e-01,-3.564039279525285098e-01,-1.648146414635983936e-01,-2.489217765742975375e-01,-2.448691633808154980e-02,-8.422585955355043133e-03,-4.200790430809905884e-02,3.802150282313026403e-02,-1.444853637876750418e-01,2.614449221327476425e-02,-2.504857427926272112e-02,-8.820084522670661176e-02,1.807785127023738003e-01,1.877604232069755297e-01,1.578692615567970914e-01,1.258501925847452796e-01,2.476843025738089399e-01,7.008623504243256808e-02,2.966124720027215056e-01,-2.414786672724657524e-01,-1.878060864542260289e-01,-8.112304190287883410e-02,-1.290694515159056532e-01,-5.139626794280221372e-02,3.639337974241362295e-01,2.827628091116443643e-01,2.848678848098925021e-01,2.526889944724639014e-01,1.292247065565573505e-01,6.342396726858437472e-02,-3.601894111495950734e-01,-3.331567687772980513e-01,-1.920162378507222767e-01,-1.612894387758596615e-01,5.900376493473580286e-02,-1.275945286297144321e-01,2.310354826262759897e-01,1.102470609992488443e-01,3.847128580854770538e-03,-9.336992481546339817e-02,-3.693928386329337066e-02,-1.136170086463358653e-01,3.120055526508656585e-01,-7.077803323827766872e-05,3.384993687056067624e-01,5.744208187876864713e-02,-3.442209735860946029e-01,-2.294783658950338978e-01,2.996034146976294110e-01,1.119274684980672979e-01,-3.460155392030393462e-01,-2.300993860576407146e-01,3.819662137633593746e-01,-2.007698823486434581e-01,2.162999527385391085e-01,2.064047270593553640e-01,3.518010726296779134e-01,2.407800195895330730e-01,-1.922194393009870120e-02,2.540931393254168558e-02,1.870663418487678864e-01,-1.305580733762720103e-01,8.374867861978269046e-02,1.579240574534976904e-01,1.697736701150028837e-01,1.005938505304927733e-01,-1.415332348529300954e-02,-3.424515227551376551e-02,1.619378568868168056e-01,1.378550602869021702e-01,1.511430652367981853e-01,-2.314510181762555741e-01,3.788907940610380942e-02,2.063179668895794294e-01,1.155211660566817927e-01,-1.139526335136270552e-02,2.186242120235896425e-01,4.056928370347200330e-01,2.020438869469324550e-01,7.422789156805308097e-02
