1.000000000000000000e+00,6.902363823227132267e-01,2.836894010627364349e-01,4.013951149111106287e-01,-4.192735780980079152e-01,-3.320242286414029631e-01,2.284358531411952442e-01,-5.866480068225055078e-02,-4.006210229384881139e-01,-4.189411996238875391e-01,1.222190636548511899e-01,2.026765213968642620e-01,6.797577135859701747e-02,-1.154140517373335312e-01,-4.239093831317924388e-01,-4.576414248540377483e-01,3.396689335461721693e-01,2.864796308849577033e-01,7.241346132820187798e-01,7.202072992062277246e-01,-3.735496709015765915e-01,-4.414336008396929634e-01,2.134482079989503955e-01,1.050622116288731922e-01,-6.732850801425728504e-02,-2.164833482757866790e-03,-3.954691565896218952e-01,-2.881415232555596950e-01,3.826332247272091203e-01,8.293280269401499816e-02,1.556537141107782463e-01,1.508036124292055635e-01,5.110625177669414487e-01,4.446261835516389094e-01,1.084909579934836277e-01,3.616802606546981168e-03,-1.336992412149307918e-01,1.473398788567929774e-02,-1.582558876910629686e-01,-6.743784303863899210e-02,-6.883295794974962634e-02,-9.515208501891496418e-02,2.620104524283308756e-01,1.945988497955435104e-01,3.669283418250202100e-01,2.078021473398788677e-01,9.003520587785091012e-02,1.025343858651680540e-01,5.194288338326299298e-02,1.540661695567558109e-01,1.147974021998206945e-01,1.922240930659727676e-01,8.619098642058997672e-02,-2.036080558045964550e-01,-1.207408541252104756e-01,-2.194835013448208083e-01,9.025562528700443732e-01,6.894229297413133617e-01,4.805755395683453113e-01,4.524720649012704543e-01,2.800813452581399909e-01,1.770221512759397320e-01,3.339179112636941893e-01,3.091688351446502114e-01,-2.431785878288250935e-01,-2.227854190811484614e-01,1.228925674050425354e-02,-6.978198596138286691e-02,6.794690691216024314e-01,4.993636701580984605e-01,-1.718484179221971830e-01,-1.133104458682294285e-01,1.001071483238940782e-02,-1.003170715707069616e-01,-2.360674378430386300e-01,-6.392162865452319376e-02,-1.192888850014213603e-01,-8.279285386280640924e-02,3.028623909383131863e-01,3.261944851413701718e-01,3.895388248671579623e-01,3.574555553125888241e-01,-4.704030088998709808e-02,-1.446283702521265584e-02,-6.923968424044958658e-02,1.322822592989438273e-01,-3.801884935820340483e-01,-2.347597909514333725e-01,-3.019658437383831440e-01,-2.156961361002383559e-01,-1.895082110603310555e-01,-9.690144540902233261e-02,-2.399247775032253838e-02,1.103277864030963729e-01,-2.952920338501235364e-01,-8.256543701209245745e-02,-2.607159257396514662e-01,-5.064835669458354200e-02,-2.814764601692505974e-01,-3.725875226870175583e-01,-4.686099145000109378e-01,1.579672432266952461e-02,-4.779121383744068807e-01,-4.172749338523102369e-01,-1.911482364260567168e-01,1.790033019177363419e-02,-3.184972994248977951e-01,-3.671645054776846995e-01,-1.161925171109313148e-01,-2.958255887691063069e-01,-3.111499857864468144e-01,-2.912422645470250093e-01,-3.930156786424963133e-01,8.059740657322166102e-02,-1.554350440620148321e-01,-1.959895913056788619e-01
6.902363823227132267e-01,1.000000000000000000e+00,1.510878834925980241e-01,2.299315562747370478e-01,-4.860729045942577264e-01,-3.569001333887297234e-01,-2.507664385209157909e-01,-7.390172968008572318e-02,-4.799501432288819647e-01,-4.282040628895060208e-01,-1.582034068793597426e-01,3.015897312545100517e-01,-1.345957884148608064e-01,1.346701362314403905e-01,-2.597231637182654818e-01,-4.096127353436399554e-01,1.310883208326955318e-01,3.233474011064704223e-01,6.197152915965100650e-01,7.218473245719533304e-01,-3.071701908989525887e-01,-3.325577835603857335e-01,1.975640156567755046e-01,1.424722835713192470e-01,-6.351927576479850235e-02,-7.691500295204566073e-02,-2.608033937591567875e-01,-1.977564452996873057e-01,1.148761234173755197e-01,2.679057969429927133e-01,1.518094946535173129e-01,7.584789311408016155e-02,4.518379217598565423e-01,3.820078283877457181e-01,5.339485250705210823e-02,1.547746605147492897e-02,-1.526798014475957144e-01,4.540027552426144364e-02,5.803940434278716948e-02,-3.182523889702827680e-02,2.783232380660820987e-02,1.335592923837221890e-01,1.519144562769237372e-01,2.044390019898974509e-01,4.919507555050184888e-01,2.486016050381579245e-01,1.809538387527060421e-01,2.045002296035512007e-02,2.092409962607421625e-01,1.190264809429052439e-01,2.731844919201417143e-01,1.880518685355666852e-01,2.760709365638188695e-01,-4.781045680173186541e-01,1.358334608908617902e-01,-3.258883470731013809e-01,6.679320373488443208e-01,8.768668955413176924e-01,5.937416632043909237e-01,5.309614922044127994e-01,2.517548271413264649e-01,2.043865211781942248e-01,7.535807220485010727e-02,4.856749251055083039e-01,-2.037654982397061054e-01,-2.925018040279023235e-01,1.422667337254816255e-01,8.930484791498108366e-02,8.462355951105376972e-01,7.274015438105442266e-01,-1.712580087905359594e-01,-3.248605978439133013e-01,-1.358946885045155262e-01,-7.938597450307231795e-02,-2.253832192604579010e-01,-8.125341671951193112e-02,-3.015022632350047166e-02,-1.837134547681004149e-01,2.923618551966937207e-01,3.012660995823401855e-01,3.637532527169753394e-01,3.854278279504056437e-01,1.152128752924711924e-01,3.284249196387570846e-01,8.858761015503706371e-02,5.635564496730882666e-02,-8.638778946447704665e-02,-7.227045111631059948e-02,-8.305525792132251173e-02,-5.631453499814130792e-01,-9.007019308565306082e-02,-3.536856836719074471e-01,1.457042268920425987e-01,-1.673700553235223445e-02,-2.156217882836587996e-01,6.420152631694036639e-03,-2.727865124313922918e-01,-9.035446414904550749e-02,-3.798692353108394926e-01,-4.943430058384902792e-01,-2.385996370077190509e-01,-5.968380310948809275e-02,-3.086965078393212325e-01,-5.924427631147362039e-01,-1.793006931840545881e-01,-1.567077037458179389e-01,-3.476853775338392127e-01,-4.120181058800376217e-01,-1.857514596225754988e-01,-1.076993724169600514e-01,-3.016640790710896081e-01,-3.410115676455796052e-01,-3.976689772801819123e-01,9.195075550501848050e-02,-8.345323741007194818e-02,-2.458026284139861461e-01
2.836894010627364349e-01,1.510878834925980241e-01,1.000000000000000000e+00,3.270166845247206577e-01,1.563534582668212047e-01,1.726706173055476690e-01,4.173317880649887179e-01,-1.544772692484310539e-01,8.846078152675428130e-02,3.880518685355666825e-02,1.252629507336380232e-01,-5.647810019461634023e-02,2.296166714045177193e-01,-2.630644420633705960e-01,2.184732457195338040e-01,-9.574249415057620172e-02,1.224989613172683678e-01,1.706194922481467646e-01,1.567295707506942692e-01,2.472196103299731107e-01,2.017187465832804838e-01,1.862762677396077038e-01,3.565109007019308662e-01,4.159322997529028565e-01,4.794165883098991943e-01,3.178019286698300916e-01,2.439001989897443823e-01,3.583958365222715270e-01,1.198005729155277588e-01,-9.763180337189214519e-02,3.473704926636198564e-01,3.287616715138527712e-01,1.909426865802190953e-01,7.201679385974503467e-02,2.654523189958671314e-01,1.566071155233867696e-01,4.357088189630666242e-01,3.711705407710305660e-01,1.610067569045067759e-01,-1.242045876976230652e-02,2.069493341497015138e-01,3.378889593492379606e-01,-2.315628348385121715e-01,-2.039229406748157836e-01,-1.575299031291683971e-01,-2.527344689597865734e-01,-6.724103999475192217e-02,-4.630556952614200278e-02,-3.333712361417856540e-01,-2.195622225623756196e-01,-1.915418425138308844e-01,-2.937613435087795821e-01,-2.622028820712427044e-01,-3.517045330301108441e-01,1.201373247906234315e-01,-1.272834619842120318e-01,3.234173755220747237e-01,1.468894185563403287e-01,7.206927467144824684e-02,-1.951367781155015080e-01,-6.615206315191007880e-02,-3.599090332597144060e-01,5.247643830224574257e-02,7.427784216395880157e-02,3.809232249458791714e-02,-3.119634383678467349e-01,2.360936782488902430e-01,5.120377861844262884e-02,3.320898296560320095e-01,4.331153921847324395e-01,4.911198093197174930e-01,3.687914106404845960e-01,4.134350877960245585e-01,4.090223262119787595e-01,1.291465307996763658e-02,6.034418665675362475e-02,2.216089742188012413e-01,1.920360368240362214e-01,7.225295751240952413e-02,-3.526273206358924994e-02,3.527410290612494892e-01,-1.080230040891299176e-01,2.572215783604119843e-01,1.007937722770112232e-01,2.060396667468456788e-01,-2.462968227241914554e-01,2.098795128031313573e-01,8.580612713476635026e-03,4.528219369792919197e-02,-1.326627451837921745e-01,-4.525114255100479155e-01,-3.434388051868535463e-01,-4.868776103737071370e-01,-4.217051890402571668e-01,-4.272375412739717188e-02,-5.440073473136384369e-02,1.272528481773851361e-01,4.199339616452734542e-02,-1.807220485010168076e-01,-1.293695742494150591e-01,-3.572412586648006649e-01,-4.054273906103080805e-01,2.302464411449563764e-01,-3.945245019789639374e-02,1.448076796921125842e-01,7.858126872362292126e-02,9.943364457370273968e-02,-9.315344077321728589e-03,9.183704707966150460e-02,-1.309921060112396451e-01,8.149395377315168942e-02,-3.862631475366818945e-01,-3.160919288885001288e-01,-2.738492488683825221e-01,-2.652467691500295238e-02,-5.668802344142923055e-02
4.013951149111106287e-01,2.299315562747370478e-01,3.270166845247206577e-01,1.000000000000000000e+00,-6.607771533533052244e-02,1.435568870131858077e-01,2.167282587304016905e-01,4.602654654391987732e-01,-3.740482386127572112e-01,1.742013076468915955e-01,-1.495878069580809655e-01,2.265640375237803761e-01,-1.438017974678008348e-01,-6.570597625243269901e-02,-2.293411471430758242e-01,9.466663751066016486e-02,2.616474601473836037e-01,2.890643108613413226e-01,4.150138855480964839e-01,4.155168266602523586e-01,-8.011633246594214441e-02,-2.060746539546478295e-01,3.618814370995604990e-01,5.266886794515754922e-01,1.655769609236622808e-01,3.974678008353195735e-01,-2.750606809385318652e-01,2.509894819706544669e-02,4.145415582427675050e-01,2.575189696267302097e-01,3.601714373182305362e-01,5.453937154227985751e-01,2.386696114233233523e-01,3.878944261004570460e-01,-1.245544597756445375e-02,2.511206839999125320e-02,-1.047735671645054767e-01,-8.427543679342240635e-02,-3.641468588047495070e-01,-1.833723294920294733e-01,-1.573680872930834640e-01,-3.576129977476984884e-02,-3.631672169862893568e-02,-7.681878813058974631e-02,1.806520740854125340e-01,9.420743040825697856e-02,-1.210513655944545214e-01,-1.938728652336489389e-01,-1.514246353676936829e-01,9.444359406092148190e-02,-2.562025759331744146e-01,-2.349391003914193948e-02,-3.276027202554065987e-01,-2.678314491264131569e-01,-4.801688132776453788e-01,-1.732172924274562043e-01,3.913013054601910956e-01,2.110953182742559830e-01,-3.496534079727099675e-02,1.138527475891627089e-01,-9.129037195775294156e-02,2.843366644070761673e-01,4.412105573899542943e-01,3.584351971310489327e-01,-1.760031488487021900e-01,3.170497037020839071e-01,-2.617480483698148008e-01,5.299249961732741682e-02,3.091119809319717304e-01,1.533270647919354468e-01,5.321991646804137555e-02,3.381601102097046008e-01,1.418206468260042319e-01,3.271216461481271098e-01,-8.632656185082329681e-02,2.345629879075463164e-01,-1.319892414336008325e-02,2.264415822964728486e-01,1.584045833242220813e-01,1.961732741466401253e-01,2.271894338632437504e-01,4.445868229428615037e-01,-1.082854081476460235e-02,-9.655157333100085337e-02,-2.698519603769871655e-01,4.367584351971310341e-01,-1.646979073276333416e-01,1.954822767925477323e-01,-5.161050490914259603e-01,-7.849380070411755839e-02,-3.737595941483894957e-01,-2.184032713039295026e-01,-2.687017559204915584e-01,-1.610286239093831340e-01,-1.971091819553475732e-01,-2.789355142026196666e-02,-2.729395814655266594e-01,3.992040410225011771e-02,-1.204697032647438215e-01,-1.268286282827841005e-01,-4.237388204937569958e-01,-2.285233211607006210e-01,-3.343902385690232237e-01,-1.744855787102840561e-01,-2.123461109531827318e-01,-9.296975793225602247e-02,-1.050971988366753429e-01,-2.465286129758807038e-02,-4.965559467319761305e-02,-2.340950340031925925e-01,-3.356454046489252274e-01,-2.872843366644070584e-01,-4.056548074610220600e-01,-9.847586976011896143e-02,-2.574315016072248330e-01,-2.282915309090113865e-02
-4.192735780980079152e-01,-4.860729045942577264e-01,1.563534582668212047e-01,-6.607771533533052244e-02,1.000000000000000000e+00,6.163171590387264143e-01,1.401587544554022402e-01,-1.472961448470403063e-02,6.983709081367125426e-01,6.807767160132076611e-01,1.236972731844919182e-01,-9.800354245478996862e-02,4.510725765891845929e-02,-7.331569394939975448e-02,6.320351621438411449e-01,3.921147580415910161e-01,1.881218429511709866e-01,1.473836128665456657e-02,-2.677133673000808844e-01,-3.270254313266711677e-01,4.447748791847980776e-01,1.803678030220200734e-01,-2.753493254028995668e-02,6.384728083794362352e-02,2.378823992477750449e-01,2.440445212219282400e-01,5.382956856399379042e-01,5.250399072838993764e-01,6.836063064442063353e-02,1.122039754214865237e-01,-4.671666921781723880e-02,-1.462902626227285605e-02,-4.637029586057597741e-01,-4.124160853687870443e-01,-2.814327261594979368e-01,-1.366119262644595600e-01,1.829743500032800507e-01,5.197787059106514368e-02,-1.903741444534342089e-02,-3.958802562812971382e-02,-5.398088823773807693e-02,-1.062736436990225361e-03,-3.036189893070346257e-01,-3.192145371848417734e-01,-4.717106557914762521e-01,-3.905971879031728822e-01,-3.533095711880343548e-01,-1.314731801185191618e-01,-3.807963963175963751e-01,-3.852135313026174845e-01,-5.093175307778093908e-01,-4.573309133847937025e-01,-4.635848767794275016e-01,1.797205396776803410e-01,-1.607968336576938995e-01,-6.052786949771489858e-03,-3.982025321991646827e-01,-5.680566792766394979e-01,-5.965231462246616267e-01,-5.871640681375871473e-01,-3.533795456036386562e-01,-2.584023966237344316e-01,9.480658634186875378e-02,-1.712536353895607044e-01,9.049878638122936525e-02,-1.226301633465264225e-02,-1.731123308040497799e-01,-9.075681703877019890e-02,-4.858892217532964630e-01,-2.637904266252651397e-01,3.093175307778093797e-01,5.125844613063348376e-01,3.916424307362620372e-01,4.392294067481576914e-01,2.547549802103605820e-01,1.817672913341059626e-01,1.746736349522206092e-02,1.093393977826856989e-01,-1.051671732522796304e-01,-3.262557127550239772e-02,-1.380507751853228549e-01,-8.136712514486890702e-02,-7.139139752028164643e-02,-1.450176029389254606e-01,-1.569788546062845791e-01,-3.385887035052808497e-02,1.970523277426690922e-01,2.795302967352561452e-01,2.290787430845597078e-02,3.449170147164942746e-01,-3.427696748376374836e-01,-2.623603245063523687e-02,-4.527563359646629149e-01,-2.487240602654654520e-01,5.095012136187706542e-01,2.415254422601736117e-01,1.876932496555946683e-01,1.799085959196168871e-01,2.188143709956047456e-01,3.162581181255603169e-01,5.930331722463973686e-03,-1.779099516739192366e-01,2.945573024862784273e-01,4.409700203363145499e-01,-9.818285189477598054e-03,-4.741203997288491456e-02,1.764842229559817066e-01,3.426340994074041912e-01,3.410902888631344165e-01,2.501978963941308698e-01,1.967768034812271694e-01,1.505630753755658191e-01,7.160132076709453675e-02,-1.750147602282915438e-01,6.067656513087402170e-02,6.560101462902625938e-05
-3.320242286414029631e-01,-3.569001333887297234e-01,1.726706173055476690e-01,1.435568870131858077e-01,6.163171590387264143e-01,1.000000000000000000e+00,1.091688351446502420e-01,2.999453324878091354e-01,3.377227701121777170e-01,8.074391550589316013e-01,1.219304191904834744e-01,6.435022195009949819e-02,5.848986464323981810e-02,2.917058450504034575e-02,4.843541580109772537e-01,4.759178675296844574e-01,1.801272659683803012e-01,2.149614047363932468e-01,-2.556908880190680300e-01,-2.733156939493997517e-01,3.220878616255931637e-01,2.114670573571537926e-01,2.718068706129321555e-02,2.994030307668758550e-01,3.412214908923924539e-01,4.779689925870853617e-01,4.163127856377512037e-01,7.076250246003804589e-01,7.365681922547068217e-02,2.414248540377424423e-01,1.603551201591917885e-01,2.184994861253854170e-01,-3.697797992608952145e-01,-2.001312020292580485e-01,-6.124073385668365316e-02,2.367015809844525698e-01,4.621810150663663297e-02,-4.311736021517132561e-02,-2.255275414926417588e-01,-2.219151122870700321e-01,-2.656797358465811110e-01,-1.098467122958168424e-01,-2.381535501082416850e-01,-1.051540530493538239e-01,-2.532286632699918827e-01,-2.165620694933415025e-01,-3.296232315059806350e-02,-7.172814939537731915e-02,-2.080164439876669991e-01,-2.917714460650324693e-01,-3.357766066781832648e-01,-4.535260545363101747e-01,-3.079267892676740281e-01,-9.547571669108481651e-02,-4.398766700924974099e-02,7.003564321794843173e-02,-2.551354660952089293e-01,-3.995101790907699124e-01,-5.434213115829524821e-01,-5.360739979445015013e-01,-3.467319761212306894e-01,-2.467297894207430287e-01,8.291530909011392281e-02,-6.534298397148542714e-02,1.252585773326627405e-01,9.921497452493932556e-02,-1.250399072838993264e-01,1.428396492532417739e-01,-3.841551682666025092e-01,-2.152150619929588116e-01,4.621241608536878487e-01,3.904091316612363638e-01,2.259605081891933320e-01,3.644529968730182978e-01,2.660645951324047132e-01,1.971441691631497239e-01,1.211344602129846293e-01,1.162493713236098097e-01,2.531324484485359891e-02,-3.060943342590365449e-02,8.077671601320766948e-02,1.871815617414882655e-03,-1.653582908748988528e-02,-2.007872121755483186e-01,6.787518313616583421e-02,-5.192101637838665573e-02,2.038792066650630952e-01,1.418643808357569203e-01,6.885919835560123936e-02,-5.663554262972600624e-03,-2.902407557236885149e-01,-2.954538496862084695e-01,-3.503487787277776433e-01,-4.309593055039251386e-01,3.670158098445255868e-01,1.609499026918282949e-01,2.098926330060571499e-01,2.739061030810610031e-01,2.886007303579628536e-01,2.685618070892829556e-01,1.430539459010299330e-02,-3.658306181802278290e-01,2.888062802038005028e-01,2.045002296035512146e-01,4.766569722945047938e-02,-2.342699700422033182e-01,1.348713126763027292e-01,1.526929216505215348e-01,1.501607224858411138e-01,2.059040913166123588e-01,1.353086527738295575e-01,1.084909579934836277e-01,-1.404299053158688908e-02,-3.366162996654348261e-01,-1.432769893507686298e-01,-1.517482670398635491e-01
2.284358531411952442e-01,-2.507664385209157909e-01,4.173317880649887179e-01,2.167282587304016905e-01,1.401587544554022402e-01,1.091688351446502420e-01,1.000000000000000000e+00,1.562266296385384223e-01,2.030657540836631469e-01,1.400931534407732215e-01,4.416960048982090936e-01,1.378058647307078312e-02,5.132317246506745700e-01,-1.550720517810675603e-01,3.924252695108351036e-02,5.956572128315584802e-02,2.025890533773589131e-01,-1.807789027136953164e-01,1.373728980341562544e-01,5.612822811659486794e-02,-4.956375325271697441e-02,-5.442697513721545671e-02,1.264568891998862910e-01,-3.388073735540442916e-02,-8.451160044608689581e-02,-3.485600577288928970e-02,-1.209551507729986208e-01,3.210076315847018320e-03,2.759353611335855216e-01,-1.786359362358137803e-01,-6.135444228204062905e-02,-1.814086724541339596e-02,-5.309308783975858620e-03,-2.679145437449432718e-02,-1.190964553585095453e-01,-1.550151975683890515e-01,3.307603157595503940e-02,-9.811725088014694451e-02,-9.123351774507446055e-02,-2.038967002689641705e-01,1.078743084559707910e-01,-1.308827709868579381e-01,-1.311495484463492955e-01,-2.527913231724650545e-01,-3.116704205025037644e-01,-2.597975115348450936e-01,-2.907611904397454650e-01,-1.933393103146661962e-01,-3.882574183814043178e-01,-2.263759812818438300e-01,-3.073626205418643620e-01,-1.846493625768078628e-01,-2.178478493800704019e-01,1.195075550501847744e-01,-2.641927795149898173e-01,3.924690035205877919e-02,1.525617196212634696e-01,-2.591677417944064366e-01,-9.990159847805646365e-02,-1.668146333996632369e-01,5.322428986901663744e-02,-5.925083641293651948e-02,2.790054886182239402e-01,-1.465439198792941322e-01,-7.663073188865321406e-02,1.961032997310358308e-02,-2.693665128687323662e-01,-3.187990640921912755e-01,-3.274802650280991129e-02,-1.437361964531718161e-01,1.347401106470446641e-01,3.204478362598675023e-01,3.907808707441342011e-01,2.084625308871443927e-01,-1.379808007697185673e-02,1.373728980341562544e-01,-2.025759331744330857e-02,3.587500820012683167e-02,-2.545319367606218783e-03,-8.182195884629682447e-02,1.076162777984299435e-01,-1.059325184229516076e-01,1.307253285517482599e-01,-1.579103890140167443e-01,-9.960858061271347930e-02,-4.194091535282412631e-02,-1.251011348975530901e-01,-2.237257002908311643e-01,-1.458572959261769941e-01,2.101156764557958467e-01,-1.390697776125603968e-01,2.089917124051518527e-01,-2.258336795609105496e-01,7.493822571122434051e-02,-1.359515427171940349e-01,-7.464083444490608732e-02,-7.767160132076709328e-03,-1.243314163259058441e-01,-1.489580372176422911e-02,1.315125407272965952e-01,-1.223109050753318355e-01,1.097854846821630787e-01,-7.542367321947912595e-02,1.630884957687345482e-01,8.353195862762678031e-03,1.536200826572784450e-01,1.037108307275152463e-01,3.172902407557236931e-02,9.017078130808423020e-02,-2.197721458091885238e-01,-5.271697535588550781e-02,-8.522009140408037808e-02,5.005357416194703563e-02,-1.469244057641424794e-01,-1.438236644726771651e-01,-1.081542061183879584e-02
-5.866480068225055078e-02,-7.390172968008572318e-02,-1.544772692484310539e-01,4.602654654391987732e-01,-1.472961448470403063e-02,2.999453324878091354e-01,1.562266296385384223e-01,1.000000000000000000e+00,-6.421464651986617811e-02,3.606962454352627412e-01,-2.053093087839758524e-01,5.298244079508429571e-01,-9.779799260895234714e-02,4.256150095121471466e-01,-1.266143316349959413e-01,2.313397913887734747e-01,-4.062889506024359998e-02,4.806367671819990889e-03,-9.140408038310992005e-04,1.472524108372876180e-02,-2.751350287551114215e-01,-2.447223983730948405e-01,-1.130086812009359065e-01,1.353655069865080662e-01,-2.226104830421377079e-01,1.455249174520565902e-01,-3.398657365900592531e-01,-3.530646607334193138e-02,1.332356607115523506e-01,3.234436159279263645e-01,-8.899870984671228932e-03,2.082263672344799033e-01,-5.740526120137325050e-02,2.465810937875839159e-01,-3.534582668211935230e-01,-9.938991056395005130e-02,-4.669174083225820504e-01,-4.893135947169316435e-01,-4.399160307012748294e-01,-4.234020686186613092e-01,-2.643545953510747504e-01,-1.616146596400691027e-01,-1.473048916489908267e-01,-2.026546543919879317e-01,-7.919354486016050299e-02,3.841158076578250757e-02,-1.641730992106011366e-01,-2.851501169884760878e-01,1.161137958933764792e-02,7.111149985786446859e-02,-1.378014913297325728e-01,-8.229428615162581728e-02,-1.233736415123220555e-02,-1.354004941943102169e-01,-2.757997857033522293e-01,-7.765410771686602487e-02,-7.289147405479871888e-02,-2.195578491614003647e-01,-2.574621154140517218e-02,1.354442282040628776e-01,2.269401500076534406e-01,4.946841311145612208e-01,3.753296450985108557e-01,3.788283658787255925e-01,-3.376659158994992360e-01,5.478471933699241569e-01,-5.519581902866764755e-01,2.327961339135378727e-02,-1.018258949071745578e-01,-2.449673088277098676e-01,1.122695764361155424e-01,1.979007675318711634e-01,1.529378321051365515e-02,3.521200061227613420e-01,-1.077343596247622021e-01,2.658196846777896583e-01,-1.753733791082635321e-03,1.189958671360783760e-01,-6.896853337998294642e-02,-1.477815923552950883e-01,7.290896765869979423e-02,2.631475366819006623e-01,-1.163849467538431298e-01,-2.309636789049003824e-01,-1.488793160000874694e-01,2.830989919310751834e-01,-2.074522752618573884e-01,-1.200411099691675171e-01,-1.486650193522993102e-01,-3.771183660973956298e-02,-4.882027508692134143e-02,-1.929457042268920564e-01,-1.627211300868120214e-01,-2.602042378255450261e-01,-9.198136931184536236e-02,-4.892086330935251776e-02,-2.363036014957031472e-01,-5.882224311736021505e-02,2.155124532592770648e-01,1.459403905447070882e-01,5.597953248343574134e-04,-2.189105858170606322e-01,-4.090879272266077782e-02,4.045395902123286036e-03,-2.369071308302901635e-02,-1.770265246769150147e-01,9.488968096039884781e-02,-3.832411274627714470e-02,-8.396492532417834664e-02,-2.136406376418622036e-02,-2.423432682425488149e-01,6.000743478165795897e-02,6.960267652139685846e-02,5.693730729701952653e-02,-3.168485272572215683e-01,3.385449694955282307e-02
-4.006210229384881139e-01,-4.799501432288819647e-01,8.846078152675428130e-02,-3.740482386127572112e-01,6.983709081367125426e-01,3.377227701121777170e-01,2.030657540836631469e-01,-6.421464651986617811e-02,1.000000000000000000e+00,4.695633159126194611e-01,3.585795193632327904e-01,3.496534079727099675e-02,4.350571822177516368e-01,1.266012114320701487e-01,6.054536310161596768e-01,3.693380857623931313e-01,6.892479937023025978e-03,-7.373554044302552124e-02,-4.365878725590955911e-01,-4.794384553147755246e-01,2.524983053071220840e-01,1.653670376768494044e-01,-1.957971616627670608e-01,-2.448404801994270852e-01,5.218779383787802706e-02,-1.351818241455467889e-02,4.808510638297872064e-01,3.472130502285101783e-01,-1.459141501388554751e-01,-4.714963591436881207e-02,-2.430386389976164907e-01,-3.435175264044084131e-01,-5.510266558789442826e-01,-5.981806651942883635e-01,-2.901882749119852889e-01,-2.528175635783166952e-01,2.106142441669764387e-01,4.282434234982834126e-02,5.668802344142923055e-02,-9.492466816820099851e-02,-8.135400494194310050e-02,-5.234523627298769133e-02,-3.846581093787583838e-01,-4.281384618748769744e-01,-6.034549867704620540e-01,-5.187203428746364198e-01,-3.773763967549364495e-01,-2.004067262906999713e-01,-3.573855808969845227e-01,-3.339966324812490561e-01,-3.724344536528831906e-01,-3.482451728586735684e-01,-2.760228291530908984e-01,1.717128424919638630e-01,5.441822833526491904e-02,-5.965756270363647973e-02,-3.836391069515208696e-01,-5.507992390282303585e-01,-3.360302639347488851e-01,-4.517460803393759106e-01,6.253963394633836603e-02,-2.020073910476481993e-01,-1.753296450985108654e-02,-2.859460759659749329e-01,1.575299031291683971e-01,-3.750628676390194843e-02,-2.079683365769390557e-01,-3.137390391638057441e-01,-4.941287091907021756e-01,-2.877435437668102725e-01,3.645229712886225992e-01,3.499770396448798615e-01,3.794056548074610236e-01,4.047145262513393571e-01,1.847980582099669755e-01,2.432310686405283195e-01,7.216548949290416126e-02,-1.563490848658459151e-02,-2.632218844984802186e-01,-1.351205965318930391e-01,-1.087796024578513432e-01,-2.380617086877610256e-01,-2.136100238350353286e-01,-1.681922547068727958e-01,7.720802081738864509e-02,-1.985480308762108959e-01,3.350025147055607500e-02,-3.402943298856355575e-02,3.231987054733113096e-01,2.859154621591480372e-01,-1.944282871575080396e-01,-8.746801950536835235e-03,-4.017274933852310048e-01,-2.308937044892961088e-01,3.115348450722704721e-01,4.310861341322078794e-02,1.751415888565743262e-01,5.697229450482167723e-02,2.283002777109619241e-01,3.152872231090507738e-01,1.162931053333624842e-01,-1.487393671688788666e-01,3.877501038682731882e-01,3.971572893660755277e-01,1.120509063873521283e-01,-2.920557171284249298e-02,1.247687564234326862e-01,1.630403883580066049e-01,3.336598806061533695e-01,3.537425378845859281e-01,2.341300212109947432e-01,1.926833001683759261e-01,2.263497408759922169e-01,-2.767488137149854560e-02,1.685596203887953504e-01,-4.810741072795259022e-05
-4.189411996238875391e-01,-4.282040628895060208e-01,3.880518685355666825e-02,1.742013076468915955e-01,6.807767160132076611e-01,8.074391550589316013e-01,1.400931534407732215e-01,3.606962454352627412e-01,4.695633159126194611e-01,1.000000000000000000e+00,1.965931206402659059e-01,9.351205965318930280e-02,1.505805689794668945e-01,1.533270647919354468e-01,4.503553388292405590e-01,6.300277710961929012e-01,2.153375172202663390e-01,1.201373247906234315e-01,-1.973934530187400338e-01,-2.255144212897159384e-01,2.490170781308084225e-01,2.235332706479193632e-01,-5.399838184163915228e-02,1.960508189193326256e-01,8.865321116966609627e-02,2.641752859110887419e-01,2.828103474667074679e-01,5.955303842032756423e-01,1.663423060943342580e-01,3.171459185235398492e-01,7.369180643327283287e-03,1.099473005182480118e-01,-4.463230631300430518e-01,-2.868863571756576358e-01,-3.203078874286588995e-01,-1.804465242395749194e-02,7.773282893442085006e-02,-9.246244341912487896e-02,-2.538628064114058502e-01,-2.234851632371913921e-01,-2.087205615446852125e-01,-5.203909820471890046e-02,-3.993833504624871300e-01,-2.915571494172443101e-01,-3.548358881284030542e-01,-3.051190658415516843e-01,-3.297544335352387002e-01,-3.208589359515426898e-01,-2.917452056591808840e-01,-3.039776081870066426e-01,-5.082110603310664443e-01,-4.160853687870372242e-01,-4.795477903391572316e-01,-1.732741466401346853e-02,-2.414554678445693381e-01,1.841201810588003612e-02,-3.915462159148061505e-01,-5.506417965931206249e-01,-5.949618420764908322e-01,-5.515383437930506672e-01,-3.096630294548555762e-01,-7.489011830049638330e-02,2.726290699962826136e-01,-2.398810434934726954e-02,7.622400559795325381e-02,2.267870809735190452e-01,-3.840589534451466225e-01,-7.026306006866239739e-02,-4.263584876779427657e-01,-3.183573505936891923e-01,3.190221075419300001e-01,5.135903435306465870e-01,2.829284292930397404e-01,4.363342153025300263e-01,1.413526929216505079e-01,3.192320307887428488e-01,7.924165227088846020e-02,1.627954779033915778e-01,-9.768865758457064008e-02,-6.342306094334258793e-02,-1.410071942446043114e-01,7.382738186350615295e-02,-7.126456889199886402e-02,-2.533992259080273812e-01,-1.805471124620060819e-01,1.037414445343421282e-01,1.107607530996479461e-01,1.978395399182173997e-01,-4.167413789333274804e-02,8.570116551135990857e-02,-3.821740176248059062e-01,-2.226629638538409339e-01,-3.794318952133126088e-01,-3.586188799720102516e-01,3.250836412936520259e-01,1.291246637948000320e-01,6.208042684393518668e-02,2.310336533205046838e-01,2.827316262491526566e-01,3.447945594891867471e-01,6.191861100785025357e-02,-3.046073779274452997e-01,2.069580809516520514e-01,3.009074807023682241e-01,-2.094859067153571897e-02,-2.151494609783297929e-01,1.635127156633355838e-01,2.600380485884848381e-01,9.668714876123417346e-02,1.802890818044652343e-01,5.561654020248846253e-02,1.709606175242177062e-01,5.684983927751415672e-02,-2.853862806411405773e-01,-6.159935273665566313e-02,-8.586298134744484167e-02
1.222190636548511899e-01,-1.582034068793597426e-01,1.252629507336380232e-01,-1.495878069580809655e-01,1.236972731844919182e-01,1.219304191904834744e-01,4.416960048982090936e-01,-2.053093087839758524e-01,3.585795193632327904e-01,1.965931206402659059e-01,1.000000000000000000e+00,1.804902582493275731e-02,7.804508976405502008e-01,1.334630775622663024e-01,2.269401500076534406e-01,3.012398591764885863e-02,4.802956419059281612e-01,1.602239181299337512e-01,1.120246659815005152e-01,-8.054055236054318001e-02,-1.475935361133585422e-01,1.318274255975158959e-01,5.694605409897006421e-02,-1.045505237147667937e-01,-5.943014585292252794e-02,-6.903850779558723394e-02,-4.466991756139161718e-02,1.730948372001487046e-01,4.431129868141960859e-01,-5.577398263759812680e-02,-3.354398548030876337e-02,-1.879818941199623838e-01,-1.905447070914696728e-01,-2.980822636723448049e-01,-2.692702980472764726e-02,-2.398373094837200070e-02,1.210950996042072098e-01,3.906321751109750190e-02,-1.667971397957621615e-01,-2.536747501694692764e-01,-1.167829262425925524e-01,-1.812118694102468897e-01,-1.879600271150860535e-01,-1.907196431304804263e-01,-3.816929435175264174e-01,-3.750891080448711112e-01,-1.546740722923181099e-01,1.212744090441932217e-02,-3.193544860160503762e-01,-2.122149089239246944e-01,-1.860051168791410636e-01,-4.711464870656666137e-02,-1.289541011567645612e-01,1.591218210841661151e-01,-1.422229997157289406e-02,1.293302136406376535e-01,8.114408169513022406e-02,-2.020817388642277557e-01,-2.664407076162778054e-01,-3.517876276486409659e-01,7.706807198618005617e-02,-1.925127375303404831e-01,2.996304476175898346e-01,-1.031029279919529473e-01,3.730948372001487157e-02,-2.950777372023353773e-01,-3.031641556056067222e-01,-5.409547134329011353e-01,-1.043231068640528281e-01,-9.068246922219064254e-02,1.375128468653648572e-01,1.218823117797555311e-01,3.077256128228116339e-01,4.818175854453215362e-02,8.475651090070193683e-02,1.315431545341234632e-01,8.976405501738426995e-02,1.007631584701843344e-02,-3.892326867988891797e-04,1.406879359734097279e-01,7.668758610133169507e-02,-9.373510310292798575e-02,-1.103846406157748539e-01,-1.771533533051977971e-01,-8.069362139467757544e-02,-9.509085740526120045e-02,-1.997900767531871069e-01,-3.786490564387395841e-01,-3.630797489667840494e-02,2.044127615840458240e-02,-1.062430298921956673e-01,1.516126916096302291e-01,-6.138942948984277281e-02,1.613216417747261044e-01,-1.290065819684677872e-01,-2.393562353764404904e-01,-2.633662067306640972e-02,1.920797708337888821e-02,-2.802912685049528674e-02,1.123220572478187684e-01,-1.314338195097417561e-01,8.841267411602632409e-02,-1.189827469331525694e-01,1.182392687673569365e-01,4.738142616605803270e-02,-1.317705713848374253e-02,-6.467385362226936441e-02,-2.799413964269313951e-02,1.447595722813846192e-03,3.962301283593186452e-02,4.683912444512475237e-02,2.545319367606219130e-02,-8.048369814786468512e-02,-3.135072489121165096e-01,5.192538977936191763e-02,-1.202466598150051386e-01
2.026765213968642620e-01,3.015897312545100517e-01,-5.647810019461634023e-02,2.265640375237803761e-01,-9.800354245478996862e-02,6.435022195009949819e-02,1.378058647307078312e-02,5.298244079508429571e-01,3.496534079727099675e-02,9.351205965318930280e-02,1.804902582493275731e-02,1.000000000000000000e+00,1.472917714460650340e-01,6.200301764667293103e-01,-9.976164964684787473e-02,7.706369858520478733e-02,1.036583499158120342e-01,2.235682578557215139e-01,1.646541733178806532e-01,1.901117403949180995e-01,-4.374800463580503229e-01,-1.328551748267039756e-01,-4.692221906365485334e-02,2.925805252454571209e-03,-1.580240974393737341e-01,3.223196518772823704e-02,-1.409634602348516230e-01,2.513393540486759392e-02,1.946207168004198407e-01,3.282718506046226614e-01,-4.215958540158754736e-02,-1.049616234064420150e-03,8.528131901773414181e-03,1.337036146159060468e-01,-2.022654217051890468e-01,-1.596291355972972448e-01,-2.885963569569875986e-01,-3.415363757626118102e-01,-1.539524611313988212e-01,-2.883120858935951381e-01,-1.494915921366250511e-01,-8.501016815726750164e-02,-1.934530187400231860e-01,-2.466379480002623970e-01,-6.218976186831689373e-02,-1.795412302376943325e-01,-2.091229144344099178e-01,-1.831580328442413141e-01,-8.190942686580218735e-02,-6.509807351687040000e-02,-1.191708031750891017e-01,-5.470687279963263455e-02,4.845290940499880072e-02,-2.762196321969779822e-01,4.569329338960442799e-02,-7.454899302442544173e-02,1.327720802081738816e-01,1.290678095821215232e-01,2.208305088452034715e-01,2.957075069427740344e-01,4.716319345739213853e-01,5.083378889593492822e-01,2.957599877544772604e-01,4.787693249655594618e-01,-2.904200651636745234e-01,1.230368896372263932e-01,-3.508342262360324426e-01,-1.087533620519997440e-01,6.308193566727166024e-02,4.844416260304826305e-02,8.720998884782751870e-02,8.174761102971725424e-02,9.788546062845772389e-02,3.755220747414226845e-01,-7.100216483348276153e-02,2.828759484813365144e-01,6.687804771380463642e-02,1.396864271500732578e-02,6.276705079705233170e-02,1.083947431720277271e-01,1.788939668933546279e-01,3.424897771752203335e-01,-5.356104174411231017e-02,1.761168572740591867e-02,-5.782948109597428610e-02,2.495375128468653725e-01,-2.472064901270472903e-01,-1.794756292230653139e-01,-2.638910148476963230e-02,-1.647722551442128980e-01,-3.109794231484113713e-01,-3.545297500601342633e-01,-2.986070717893770099e-01,-3.296975793225601636e-01,-1.487131267630272813e-01,-2.014388489208632921e-02,-3.128949727755789278e-01,-3.179462509020139493e-02,4.165664428943167963e-02,3.900636329841901395e-02,-6.759528547374865637e-02,-2.327480265028099016e-01,-4.316546762589927935e-03,-9.394939975071614491e-02,-3.680654260785900384e-02,-1.587675756051693532e-01,-2.304344973868929086e-02,-3.804421508385996686e-02,-1.609717696967046530e-01,2.739498370908136776e-02,-2.726465636001836890e-01,-1.320111084384771871e-01,-1.912444512475126313e-01,1.116616737005532295e-01,-1.745861669327152324e-02,6.784019592836369739e-02
6.797577135859701747e-02,-1.345957884148608064e-01,2.296166714045177193e-01,-1.438017974678008348e-01,4.510725765891845929e-02,5.848986464323981810e-02,5.132317246506745700e-01,-9.779799260895234714e-02,4.350571822177516368e-01,1.505805689794668945e-01,7.804508976405502008e-01,1.472917714460650340e-01,1.000000000000000000e+00,2.413286392162865557e-01,2.108460344186656732e-01,1.176226192298440859e-01,1.735015634908486648e-01,3.243314163259058275e-02,-5.540224355470031031e-02,-1.215018258949071700e-01,-1.054645645185978836e-01,2.067918917145918634e-01,7.210863528022566638e-02,-9.988410487415538830e-02,-3.316787299643567805e-02,-8.257418381404299512e-02,-3.105114692440576413e-04,1.434781657956309686e-01,2.431173602151713298e-01,-8.078546281515820715e-02,-3.545953510747632681e-02,-1.731385712099013929e-01,-2.581487393671688668e-01,-3.626948896809604195e-01,-8.869694517941877077e-02,-1.193020052043471668e-01,2.628676390194835122e-01,1.079399094705998097e-01,-4.504603004526469730e-03,-1.849861144519035216e-01,7.729986223786927679e-02,3.437055826463449038e-02,-2.646519866173930313e-01,-2.842360761846449702e-01,-3.700334565174607793e-01,-4.262710196584373890e-01,-2.496905818809997679e-01,-9.703702083925565269e-02,-3.336904944129802653e-01,-1.978482867201679374e-01,-1.240733856683650105e-01,-3.434869125975815313e-02,-7.101965843738383688e-02,4.675602982659465140e-02,1.115523386761715224e-01,1.099516739192232806e-01,-1.250792678926767373e-03,-2.156917626992630732e-01,-1.020358181539874481e-01,-2.737180468391244292e-01,1.598827928538628096e-01,-1.457567077037458247e-01,2.085893595154271751e-01,-1.530996479412214950e-01,6.013426340994073790e-03,-1.859788764732894506e-01,-2.736568192254706933e-01,-4.878310117863156048e-01,-7.278651243139226679e-02,-6.669436487284336953e-03,2.389582558876910678e-01,2.024403577441997726e-01,4.802038004854475295e-01,2.633793269335898968e-01,3.503531521287529121e-02,1.805033784522533935e-01,6.636198639872296912e-02,-4.850101681572675100e-02,-9.373072970195271691e-02,1.688570116551136105e-02,8.409175395246112905e-02,-1.243357897268811130e-02,5.470249939865736571e-02,-4.206337058013163988e-02,1.279744593383044249e-01,-1.365375784478799898e-02,-2.001924296429118122e-01,-3.059062780171000195e-01,8.133651133804202515e-02,4.693096586560539102e-02,-1.684502853644136433e-01,-8.125779012048719302e-03,-1.900636329841901562e-01,-4.850976361767728867e-02,-1.964837856158841989e-01,-2.688854387614528219e-01,-6.091272878353851811e-02,-1.094312392031663445e-01,-3.586188799720102516e-02,1.005357416194703757e-01,-3.807482889068684179e-02,-5.209595241739738841e-02,4.700531368218495432e-02,1.196868644901707829e-01,9.989285167610592597e-02,4.027027618027159001e-02,-4.916140036299228300e-02,-2.511644180096652204e-02,1.276464542651593037e-01,1.015984780564606060e-01,4.544400953401412507e-02,-2.910935689138658550e-02,-4.955937985174170557e-02,-1.100260217358028508e-01,4.596881765104633699e-02,-1.177144606503247315e-01
