1.000000000000000000e+00,6.761294070333795370e-01,2.948701908038786623e-01,3.218061575584252876e-01,-1.693909468698333309e-01,1.508914607444479250e-01,4.033022029581304069e-01,-6.612449171097904699e-02,2.157871218553107928e-01,-2.096161580052727930e-02,3.724205728584834008e-01,1.573662808883328212e-01,6.991822690915590333e-02,-1.500826667858259911e-01,2.375575316144599713e-01,1.432593055989990483e-01,1.225568613432235637e-01,1.573528754636042692e-01,6.655972116716564191e-01,6.197417221502301565e-01,-1.140265427409625082e-01,2.052504580186782224e-01,1.683274498413691311e-01,2.680325304973412703e-01,1.644666875195495703e-01,7.461012556414495234e-02,8.667500781983109026e-02,3.115420706912730778e-02,1.294383127038741810e-01,-1.125876938200991995e-01,1.127128111175655784e-01,-3.770052281156441309e-02,4.664104741051878777e-01,2.441440636310827084e-01,-2.662406720586263931e-01,-3.610795835381384600e-01,9.052683319183162103e-02,-3.941194870190804084e-02,-1.813485857276911362e-01,-1.467491845033290221e-01,1.086241565753608279e-01,-1.166048527637517374e-01,-6.957683542606908356e-01,-6.555744224496179440e-01,-5.689396309039724819e-01,-4.696054336654899575e-01,-6.313910362393315712e-01,-5.568434693239197042e-01,-4.585102104651682109e-01,-2.223379060726574097e-01,-3.573930917377898808e-01,-1.723580142097502210e-01,-9.333303543500602595e-02,-1.072836141025068080e-01,1.096116895303632897e-02,-3.976495821975959549e-02,8.314893426873407600e-01,6.990571517940926682e-01,8.990571517940926238e-02,2.996872067563340902e-01,3.808972697618303038e-01,3.049734125742883939e-02,-4.970731489342687659e-02,-5.651280218061575239e-02,9.874882702533625822e-02,-1.381384333526967378e-01,8.343536351043388810e-02,-1.822199383350462387e-01,6.891594798695205304e-01,4.972384825059207314e-01,4.037713928236293104e-02,-1.250100540685464001e-01,-2.450511640377139311e-01,-2.127083426426560619e-01,-5.077125876938201055e-01,-2.243174404575718102e-03,-3.802493408999508273e-01,-5.909692122078734622e-01,2.003574779927610738e-01,2.606327360471871191e-01,1.577907860047365884e-01,2.636400196612895958e-02,9.183609634031904279e-02,5.050270342732025852e-02,1.359533491219446777e-01,-2.307297019527235482e-01,1.810760087582108102e-01,1.738638902542562203e-01,-5.901961660485276207e-02,-2.804951070199740992e-01,-4.716966799231422369e-01,-2.404977881049197852e-01,-1.705795611957638958e-01,-8.757317127664328293e-02,-1.038965101210956726e-01,-9.748871710085348086e-02,-5.097234014031011284e-01,-4.448902989409714293e-01,-4.166271951382993222e-01,-5.505518566513248890e-01,-2.476652218597792665e-01,-1.623843782117163348e-01,-2.662630144331739612e-01,-3.538987443585504544e-01,3.480941954510925578e-03,-7.608025380937485926e-02,-6.204030564368381157e-02,1.007819831091648355e-01,3.977836364448813361e-02,-3.632467938692524045e-01,-6.081639036596809822e-01,-5.518923991241788674e-01,-6.048885115510076460e-01,-5.019303811609098220e-01,-1.873542160060771289e-01,-1.820635417132132894e-01
6.761294070333795370e-01,1.000000000000000000e+00,2.499039277894454514e-01,5.204879574601188885e-01,-4.950623352249877152e-01,-2.231332946065507916e-01,2.629742168997721286e-01,3.505920729255105339e-01,-2.053532329415970192e-01,-3.087582108226462063e-01,-7.658965994905938234e-03,2.641583627507931298e-01,3.052549264935877638e-01,3.498726484650788726e-01,4.637383261092988679e-02,-1.292863845569507120e-01,2.546002949193440501e-01,2.719066982438893554e-01,4.280888332812011199e-01,7.957549488359623169e-01,-2.349524107422136798e-01,-1.198176862236918494e-01,3.725456901559497935e-01,1.397292104204835017e-01,-2.723535457348407185e-01,-2.909468698333259051e-01,-1.539791769069216720e-01,1.816613789713570626e-01,-3.690066580276151614e-02,-3.643594441217212765e-02,3.622145761651548446e-01,2.042450511640377109e-01,5.650118414585102444e-01,4.247553509987041509e-01,-1.701595245542696366e-01,-8.767147772465257172e-02,-3.035345636534250713e-01,-2.570579561195763807e-01,8.154966709861924401e-02,1.038696992716385964e-01,-3.323606952946959181e-01,9.889181822244068332e-02,-4.312748558916841835e-01,-3.548103132400911575e-01,-3.359086643728495525e-01,-1.518521828499933002e-01,-2.342285178068725104e-01,-2.014522543455918580e-01,-1.662853568077215238e-01,-2.072925510523258505e-02,-3.225077081192189166e-01,-1.323160105456007984e-01,1.354573484069886979e-01,1.371777112471513349e-01,-3.533491219446802667e-01,-2.545868894946154981e-01,5.322177040975915041e-01,8.600205549845837405e-01,1.459180481701595200e-01,3.547656284909960211e-01,8.805576656687072457e-02,1.562134143616783488e-01,9.209973635998033870e-02,-1.639483444300460224e-01,4.795567272889762755e-02,4.814334867509718896e-02,1.544751776218776518e-02,-7.596407346172751041e-02,4.791054113231154044e-01,3.863890254256222567e-01,-3.688100451315965977e-01,-3.207471290048706236e-01,-1.921757004334420649e-01,-1.335224987711693956e-01,-2.951070199740828404e-01,-2.404620403056436928e-01,-2.879172438446758187e-01,-3.248670628714419584e-01,-1.303051968363197755e-01,4.535948880647035220e-02,1.499173332141739978e-01,2.255283971580499536e-01,-1.544483667724205755e-01,-1.450913803118995468e-02,-1.198534340229679557e-01,1.020689038831047030e-01,-1.721524643639125995e-01,-1.727825193261539882e-01,7.524911747620537106e-02,-3.226015460923186695e-01,-2.832387506144152800e-01,-2.732785200411099735e-01,1.506188837749675991e-01,1.506322891996961510e-01,-3.689440993788820067e-01,-3.381250279279681692e-01,-5.888154073014879586e-01,-5.154162384378211392e-01,-5.753563608740337454e-01,-4.800884758032083477e-01,-2.299924035926538199e-02,-2.729836006970821072e-01,-8.364091335627150958e-02,-2.227936905134277612e-01,-7.082532731578712430e-03,-1.941462978685374596e-01,1.124268287233567108e-02,-1.146655346530229269e-01,-1.270387416774654832e-01,-2.696367129898565862e-01,-3.748112069350730824e-01,-4.312391080924080633e-01,-3.574511819116135691e-01,-2.883372804861700778e-01,-3.763260199293980701e-01,-2.572366951159569259e-01
2.948701908038786623e-01,2.499039277894454514e-01,1.000000000000000000e+00,5.665445283524732645e-01,-6.961437061530899306e-02,-1.459314535948880720e-01,5.099870414227624105e-01,2.985790249787747541e-01,5.070378479824835805e-02,-1.293131954064077882e-01,1.989856561955404557e-01,2.400241297645113736e-01,2.080253809374860430e-01,1.385137852450958607e-01,-1.074042629250636788e-01,-1.268555342061754299e-01,-2.843514008668841520e-01,-3.684704410384735951e-01,3.598373475132937149e-01,3.754412618973144711e-01,-1.716654005987756360e-01,-1.282318244783055561e-01,4.715358148263997240e-01,4.526475713838866710e-01,7.967290763662362649e-03,-8.697886411367800052e-02,-1.538495911345457746e-02,1.891639483444300385e-01,-1.801242236024844789e-01,-3.501675678091067390e-01,-1.360874033692300866e-01,-1.342285178068725049e-01,2.176594128423968780e-02,-5.918941865141427033e-02,-1.010188122793690552e-01,-1.422270878949014605e-01,-2.699003530095178682e-01,-4.751597479780150790e-01,-1.703069842262835698e-01,-3.343849144287054931e-01,-1.472630591179230619e-01,-4.003753518923991450e-01,-1.878189373966665243e-01,-2.228339067876133894e-01,-8.754189195227668474e-02,-1.905759864158362848e-01,-1.739487912775369849e-01,-2.921354841592564422e-01,4.173108717994548217e-02,-7.538764019840028807e-02,1.723043925108360547e-02,-3.654318781000044647e-02,2.134947942267304277e-01,2.205639215335805925e-01,2.814245498011528832e-02,-1.944501541623843699e-01,1.667232673488538430e-01,2.202109120157290378e-01,3.408105813485857172e-01,2.079985700880289667e-01,3.275079315429643700e-01,8.298404754457303079e-02,-2.328477590598328761e-01,-3.270342732025559584e-01,1.015863085928772475e-01,-7.512400017873899216e-02,1.762366504312078141e-02,-2.515393896063273793e-01,2.009651905804548944e-01,5.387640198400286268e-02,-1.197774699495062350e-01,-1.999285044014477986e-01,-2.395191920997363499e-01,-3.182135037311765724e-01,-2.483980517449394521e-01,-2.201304794673577814e-01,7.288976272398230150e-02,-7.493632423253943249e-03,5.862639081281558612e-02,-2.083917958800661219e-01,-2.953304437195585219e-01,-3.527280039322578942e-01,-2.198936502971535756e-01,-3.567183520264533558e-01,-5.317931989811876953e-02,-1.284239688994146325e-02,-2.654720943741901151e-01,-2.218016890835158017e-01,-4.373743241431699708e-02,-2.133741454041735430e-01,-1.314759372626122802e-01,-1.689440993788819956e-01,-9.148308682246748813e-02,1.670852138165244138e-01,-2.140756959649671443e-01,-2.815451986237097470e-01,-4.023951025514991842e-01,-3.812055945305867222e-01,-1.130658206354171330e-01,-2.761606863577460991e-01,-3.611242682872335408e-01,1.102953661915188344e-01,-3.960900844541758170e-01,-5.512980919612135988e-01,-3.472764645426515973e-01,-3.523124357656731709e-01,-1.904910853925555203e-01,9.926717011483980613e-02,-2.793109611689530425e-01,-1.513293712855802442e-01,-3.899012467044997710e-01,-2.371240895482371880e-01,-1.469413289244380916e-01,-1.419098261763260260e-01,-7.503016220563921146e-02,-2.032664551588542756e-01
3.218061575584252876e-01,5.204879574601188885e-01,5.665445283524732645e-01,1.000000000000000000e+00,-3.293757540551409679e-01,-4.206220117074042641e-01,3.327673265114616252e-01,7.462621207381920918e-01,-3.518387774252647593e-01,-3.660574645873363453e-01,-2.639840922293221204e-01,3.000983064480092777e-01,2.010143438044595388e-01,2.989856561955404612e-01,-1.833817418115197273e-01,-3.188793064926940257e-01,-8.621922337906072487e-02,-2.201215425175387652e-01,3.410563474686089669e-01,7.266946691094329225e-01,-2.447204968944099446e-01,-2.946065507842173248e-01,5.824791098797980071e-01,3.706153089950399715e-01,-2.980830242638187744e-01,-2.096965905536440355e-01,-7.700522811564412817e-02,3.545287993207917876e-01,-2.178470887885964602e-01,-1.725054738817641542e-01,3.326556146387237844e-01,2.990392778944546137e-01,3.430403503284328859e-01,3.841369140712274644e-01,-2.348004825952902386e-01,-6.434603869699272172e-02,-5.157871218553108372e-01,-4.898833728048617164e-01,1.578801555029268611e-01,2.983153849591134443e-02,-3.433799544215559441e-01,-2.219044640064346194e-02,-2.211805710710934292e-01,-1.366683051074668309e-01,-1.340587157603110036e-01,-4.237901604182492399e-02,-3.425086018142008137e-02,-1.075293802225300438e-01,4.394298226015461162e-02,-3.457259037490504477e-02,-2.461861566647303157e-01,-1.432503686491800321e-01,1.375932794137360859e-01,3.343044818803342366e-01,-2.841369140712274866e-01,-2.973993476026632332e-01,1.306805487287188983e-01,4.529558961526430894e-01,3.175477009696590636e-01,4.198176862236918661e-01,1.542070691273068547e-02,2.776218776531569898e-01,-7.085660664015371035e-02,-3.244693686044952674e-01,-4.277671030877161495e-02,3.288350685910898519e-02,-1.124893873720899107e-01,-6.409580410205996392e-02,3.600339604093122925e-01,1.473122123419277063e-01,-3.359265382724875848e-01,-2.485499798918629211e-01,-6.932838822110014287e-02,-2.512578756870280094e-01,-1.285133383976048982e-02,-4.590419589794003108e-01,9.657714821931275007e-02,9.057598641583627930e-02,-1.933732517091916459e-01,-1.173064033245453386e-01,-2.059922248536574518e-01,-1.758657670137182272e-01,-3.270968318512891826e-01,-2.976361767728674113e-01,-4.584387148666160261e-01,9.729210420483488941e-02,-2.118146476607533912e-01,-4.266991375843424694e-01,1.518477143750837921e-01,-2.346574913981857857e-01,7.613834398319853369e-02,-1.678761338755082877e-01,2.809642968854729750e-01,3.762947406050314858e-01,-3.166048527637517207e-01,-3.014522543455918635e-01,-4.446579382456767315e-01,-3.884132445596317762e-01,-3.740515662004557651e-01,-2.542785647258590798e-01,4.384020733723580088e-02,-6.071763707046785169e-02,-8.177309084409491126e-04,-2.304705304079717465e-01,-1.683229813664596231e-01,-2.272711023727601864e-01,1.241074221368246994e-01,-7.754591357969524423e-02,-2.271459850752937937e-01,-1.556414495732606484e-01,-2.419813217748782441e-01,-2.148353366995844338e-01,-1.329371285580231536e-02,5.051610885204879664e-02,-1.113767371196210665e-01,-5.860851691317753298e-02
-1.693909468698333309e-01,-4.950623352249877152e-01,-6.961437061530899306e-02,-3.293757540551409679e-01,1.000000000000000000e+00,6.000446847490951141e-01,1.514544885830466092e-01,-3.195674516287591027e-01,7.381607757272442560e-01,7.434916662942937515e-01,2.534921131417847140e-01,-1.566468564279011599e-01,-3.681308369453505369e-01,-4.943697216140131578e-01,1.132669020063452325e-01,4.833817418115197162e-01,-4.760802538093748537e-01,-2.979668439161713978e-01,1.290048706376513768e-02,-4.904642745430984330e-01,9.814111443764243770e-02,4.291702042093033520e-01,-1.576924795567272997e-01,2.864158362750793274e-01,7.112918360963402797e-01,7.110728808257741340e-01,3.664730327539210686e-01,-7.860047365834041400e-02,-6.692434871978193700e-02,-7.220608606282676034e-02,-2.825148576790741384e-01,-1.300817730908440939e-01,-3.456320657759506809e-01,-2.374100719424460382e-01,4.897448500826667717e-02,-5.708923544394298166e-02,4.084052013047946850e-01,2.119933866571339087e-01,-3.259350283748156940e-01,-3.210554537736270420e-01,3.692032709236337529e-01,-2.178917735376915965e-01,-1.727512400017873831e-02,-1.729210420483489052e-01,-1.447115599445909229e-01,-3.386299655927432206e-01,-2.480316368023593454e-01,-2.819071450913803178e-01,-2.760355690602797063e-01,-3.981321774878234243e-01,-9.033915724563205962e-02,-1.891550113946110223e-01,-3.636132088118325112e-01,-3.002189552705661346e-01,3.628759104517628176e-01,4.255775503820546229e-02,-1.523392466151302638e-01,-3.860002681084945819e-01,-1.257205415791590453e-01,-1.191206041378077701e-01,1.690960275258054368e-01,1.584521202913445614e-02,-3.884758032083650003e-01,2.305330890567049429e-01,-1.454309844050225564e-01,-9.461995620894589343e-02,1.540506725054738846e-01,6.682157379686312626e-02,-1.905670494660172409e-01,-1.157066893069395447e-01,6.299521873184682486e-01,5.454354528799321145e-01,-1.399079494168640192e-01,-1.249609008445417557e-01,-9.398543277179498279e-02,2.006926136109745684e-01,6.989141605969882709e-02,2.284284373743241531e-02,1.719156351937083937e-01,4.843826801912506919e-02,-3.086509674248179014e-01,-2.991733321417400226e-01,2.543321864247732322e-01,2.618392242727556884e-01,1.687608919075919423e-01,-2.366861790071048688e-01,2.360069708208588357e-01,4.351177443138656842e-01,-2.324053800437910489e-01,2.108583940301175241e-01,1.340542472854014801e-04,1.470038875731712880e-01,-3.640019661289601860e-01,-3.694981902676616747e-01,4.107243397828321263e-01,3.377407390857500302e-01,2.337459225166450827e-01,1.756468117431520537e-01,3.472585906430135649e-01,1.022833906787613406e-01,-2.417266187050359783e-01,2.490638545064569331e-01,-1.857098172393762125e-01,5.055632512623441793e-02,-1.654318781000044813e-01,-3.679789087984271234e-02,-1.563474686089637578e-01,1.400598775637874882e-01,2.538451226596362686e-01,-4.063631082711470499e-02,-3.150274811206935088e-02,-9.133562715045355843e-03,-1.519326153983645289e-01,-2.087269314982796442e-01,3.133920193038116087e-01,3.685151257875687175e-02
1.508914607444479250e-01,-2.231332946065507916e-01,-1.459314535948880720e-01,-4.206220117074042641e-01,6.000446847490951141e-01,1.000000000000000000e+00,9.141159122391527558e-02,-6.598418159882032397e-01,7.491219446802805937e-01,7.946735779078600848e-01,4.761964341570222303e-01,-1.067786764377317982e-01,-4.808704589123732331e-01,-5.925957370749362907e-01,1.675097189329281810e-01,8.296974842486259938e-01,-2.924169980785558121e-01,6.141025068144242288e-02,2.462978685374681564e-01,-2.956745162875910604e-01,2.172125653514455634e-01,7.755172259707762139e-01,-2.760936592341033946e-01,4.063988560704231423e-01,5.529693015773716747e-01,6.355824657044550907e-01,3.276196434157022108e-01,-4.841011662719513775e-01,2.424639170651056719e-01,1.207560659546896703e-01,-2.307609812770901325e-01,-1.376513695875597743e-01,-1.442468385540015274e-01,-2.393091737789892204e-01,-1.123821439742615780e-01,-1.909111220340497794e-01,6.969480316368024120e-01,3.931587649135350193e-01,-5.926493587738504987e-01,-4.540730148800214416e-01,7.282988516019482939e-01,-3.159792662764198679e-01,-2.717145538227802581e-01,-4.190580454890746043e-01,-3.088654542204745668e-01,-4.297734483220876922e-01,-5.567317574511818634e-01,-4.543545287993208115e-01,-5.503418383305778150e-01,-4.224228070959381576e-01,-1.002636400196612876e-01,-1.504446132534965896e-01,-3.207247866303230555e-01,-5.069440100093838275e-01,5.923812502792796808e-01,3.969480316368023676e-01,3.001921444211090861e-01,-1.345636534250860272e-01,-3.450332901380758766e-01,-1.437731802135930881e-01,1.372268644711560071e-01,-1.622190446400643415e-01,-1.928191608204120056e-01,4.391840564815228665e-01,-2.085124447026230066e-01,-1.360069708208588302e-01,1.009249743062692745e-01,-7.015058760445060104e-02,6.498949908396264852e-02,2.405648152285624897e-01,7.325304973412574139e-01,4.835560123329907256e-01,-4.114661066178113558e-01,-1.737253675320613033e-01,-3.623575673622592697e-01,3.878949014701282283e-01,-2.842843737432414475e-01,-4.247776933732517191e-01,4.508333705706242256e-01,2.239688994146297740e-01,-1.128334599401224353e-01,-1.475490415121319121e-01,4.958398498592430648e-01,5.303051968363197144e-01,4.676437731802136066e-01,-3.630769918226909310e-01,3.094150766343446990e-01,7.757227758166137521e-01,-3.885607042316457371e-01,-2.688234505563251095e-02,-2.388891371374949613e-01,5.028821663166361394e-02,-3.738951695786228435e-01,-6.494794226730417064e-01,5.604450601009874910e-01,4.944546226372938946e-01,2.487912775369766349e-01,2.151660038428884203e-01,3.517091916528888862e-01,-6.324679386925242952e-02,-3.507797488717100953e-01,1.670271236427007533e-01,-1.933106930604584772e-01,-3.426873408105813451e-02,4.791098797980249124e-02,2.266902006345234422e-01,-1.228651861119799821e-01,3.691853970239957206e-01,2.732740515662004377e-01,-9.064301353947896989e-02,-2.345413110505384646e-01,-2.394432280262746293e-01,-4.726439966039590601e-01,-4.327092363376379702e-01,2.781491576924795539e-01,5.813932704767862947e-02
4.033022029581304069e-01,2.629742168997721286e-01,5.099870414227624105e-01,3.327673265114616252e-01,1.514544885830466092e-01,9.141159122391527558e-02,1.000000000000000000e+00,2.085660664015371590e-01,1.808570534876446645e-01,2.335224987711694011e-02,2.599222485365744739e-01,1.725814379552258748e-01,8.757317127664328293e-02,-1.100406631216765685e-01,-1.198444970731489360e-02,6.817552169444568433e-02,-3.698869475847892940e-01,-4.247374770990660631e-01,5.627552616292059717e-01,3.548728718888243261e-01,1.610885204879574512e-02,2.183564949282809642e-01,3.452343715090039900e-01,4.442200277045444401e-01,1.782876804146744654e-01,8.260869565217390798e-02,1.580052728003932261e-01,2.736940882076947107e-02,-1.777738058000804255e-01,-2.314938111622503181e-01,-1.421421868716207099e-02,7.047678627284507946e-02,2.034809419545109133e-01,1.650207784083292384e-01,-2.862505027034273342e-01,-2.043925108360516441e-01,-1.509808302426381976e-01,-1.676795209794897101e-01,-1.195272353545734773e-01,-2.372983600697081974e-01,1.271727959247508782e-02,-1.674248179096474443e-01,-2.888600920505831615e-01,-3.018454801376290186e-01,-2.627865409535725671e-01,-3.678493230260512226e-01,-3.216452924616828302e-01,-3.977210777961481813e-01,-1.890790473211493017e-01,-1.737164305822422872e-01,-1.688457929308727068e-01,-2.354439429822601515e-01,-1.714196344787524140e-01,-6.545422047455203007e-02,5.035971223021582649e-02,-7.557084766969034140e-02,2.007149559855221366e-01,8.011975512757496531e-02,3.193350909334644050e-01,2.009160373564502500e-01,4.754323249474954327e-01,1.829438312703874081e-01,-1.850529514276777199e-01,-1.582421019705974319e-01,-3.224898342195808842e-02,-1.974216899772107681e-01,1.096295634300013394e-01,-1.525358595111488413e-01,3.138388667947629718e-01,2.493721792752133792e-01,1.343938513785244981e-01,1.345279056258099071e-01,-3.182358461057241406e-01,-3.630099646990482265e-01,-1.682604227177264267e-01,-1.436212520666696468e-01,4.880915143661468392e-02,-3.322311095223200172e-02,-3.174851423209258672e-02,-3.415880959828410668e-01,-5.000580901738236328e-01,-5.792886187944055187e-01,-2.023816971267706211e-01,-1.035390321283345960e-01,-1.734527905625809774e-01,-3.463380848116537902e-01,7.189776129407032985e-03,1.274945261182358347e-01,-1.165110147906519567e-01,-1.923857187541891944e-01,-7.598641583627507856e-02,7.604003753518924491e-02,-1.525582018856964095e-01,5.182537200053621840e-02,1.053487644666875195e-01,6.116448456141918705e-02,-2.149157692479556625e-01,-3.048304213771839688e-01,-1.337280486170070171e-01,-1.580454890745788543e-01,-1.036015907770677924e-01,6.265695518119665519e-02,-1.571160462934000634e-01,-1.441083158318066104e-01,-3.007283614102506612e-03,-6.408686715224093389e-02,-1.784038607623218142e-01,8.914607444479199713e-03,2.465168238080343299e-01,-1.684346932391974638e-01,-3.929666204924259221e-01,-3.027302381697126732e-01,-2.947763528307788539e-01,-2.250949550918271702e-01,1.439295768354260756e-02,1.056660261852629679e-01
-6.612449171097904699e-02,3.505920729255105339e-01,2.985790249787747541e-01,7.462621207381920918e-01,-3.195674516287591027e-01,-6.598418159882032397e-01,2.085660664015371590e-01,1.000000000000000000e+00,-5.365119084856339038e-01,-4.721390589391840642e-01,-3.548237186648197095e-01,3.276062379909736588e-01,3.507484695473435110e-01,5.833593994369721258e-01,-3.144555163322758085e-01,-5.302426381875865458e-01,1.311050538451226551e-02,-1.802627463246793960e-01,-3.956834532374100405e-02,4.401581840117967936e-01,-3.425622235131149940e-01,-5.407346172751239521e-01,5.461727512400017526e-01,1.247955672728897625e-01,-4.463157424371061999e-01,-4.351356182135037165e-01,-3.370928102238706092e-01,3.340497788104919707e-01,-2.719603199428035079e-01,-1.024844720496894401e-01,3.039814111443764344e-01,3.395549398990124756e-01,2.557263505965414185e-01,4.398409222932213036e-01,-2.663657893560927512e-02,1.409178247464140388e-01,-7.012243621252066683e-01,-5.417623665043120873e-01,3.545868894946154759e-01,1.615130256043612322e-01,-5.902319138478037130e-01,8.400285982394209428e-02,1.413244559631797737e-01,2.196881004513159541e-01,1.908262210107690149e-01,2.232181956298315284e-01,3.453237410071942626e-01,2.188122793690513435e-01,3.745520353903212807e-01,2.308905670494660056e-01,-7.593279413736091221e-02,-1.602395102551499098e-02,2.518209035256266937e-01,5.418964207515974962e-01,-4.912507261271727987e-01,-4.157781849054917322e-01,-2.024665981500513856e-01,1.945708029849412268e-01,4.056749631350820007e-01,2.540640779302024144e-01,-6.355065016309933978e-02,4.305286205817954182e-01,6.531122927744760498e-02,-3.137092810223870432e-01,-5.643683810715402829e-03,1.920505831359756999e-01,-5.868448098663926055e-02,8.438714866616023325e-02,3.637338576343893820e-02,-1.266946691094329447e-01,-5.297332320479020140e-01,-2.986996738013316111e-01,4.447026229947718956e-02,-1.683140444166406069e-01,2.394879127753697656e-01,-5.641047410518790217e-01,1.670941507663434578e-01,2.797801510344519182e-01,-4.403816077572724197e-01,-2.764511372268644851e-01,-2.022744537289423161e-01,-9.384244157469055769e-02,-5.381920550516109403e-01,-4.432861164484561689e-01,-5.493945216497609918e-01,2.505920729255105006e-01,-3.672282050136288500e-01,-6.674650341838330725e-01,3.264176236650431218e-01,-1.354037267080745455e-01,2.015818401179677311e-01,-1.524867062871441969e-01,4.106394387595513895e-01,4.926627641985790174e-01,-5.010813709281022321e-01,-4.775771929040618646e-01,-3.686581169846731565e-01,-3.178604942133250177e-01,-4.151123821439742789e-01,-1.179811430358818497e-01,1.924482774029223908e-01,-1.331516153536797809e-01,7.801063497028463967e-02,-5.182984047544573342e-02,-2.256937307297019468e-01,-3.275347423924214740e-01,1.880200187675946100e-01,-2.841324455963179507e-01,-2.272889762723982188e-01,-1.234148085258501282e-01,4.412618973144465800e-02,-4.433620805219178757e-02,2.615621788283658544e-01,2.537825640109031000e-01,-1.970820858840877654e-01,-1.663345100317261682e-01
2.157871218553107928e-01,-2.053532329415970192e-01,5.070378479824835805e-02,-3.518387774252647593e-01,7.381607757272442560e-01,7.491219446802805937e-01,1.808570534876446645e-01,-5.365119084856339038e-01,1.000000000000000000e+00,8.041244023414808595e-01,6.185218284999329796e-01,6.734885383618570420e-02,-2.540015192814692457e-01,-5.145716966799231962e-01,2.599937441351266587e-01,6.805889449930738744e-01,-3.582912551946020874e-01,-5.733500156396621750e-02,1.820054515393896011e-01,-3.449528575897046201e-01,5.029268510657312896e-02,4.463514902363823200e-01,-1.050046918986549949e-01,4.160060771258769496e-01,7.704812547477546403e-01,6.698377943607846108e-01,2.542517538764019758e-01,-1.813083694535055079e-01,1.654318781000044813e-01,5.680325304973412454e-02,-3.289333750390991407e-01,-2.359131328477590550e-01,-1.509852987175477057e-01,-2.633048840430761151e-01,2.354886277313552809e-02,-4.325483712408954851e-02,6.337548594664641488e-01,2.245676750525045784e-01,-6.227400688145136032e-01,-5.716654005987756859e-01,5.020554984583761593e-01,-4.633138209928951423e-01,-3.427320255596764675e-01,-5.267616962330756714e-01,-3.959068769828857359e-01,-6.131373162339693872e-01,-5.947584789311407549e-01,-5.577237588810939339e-01,-5.231288261316412447e-01,-4.398498592430403753e-01,-9.435184771437508944e-02,-9.144287054828187378e-02,-2.493677108003038434e-01,-3.295276822020644092e-01,5.301085839403011368e-01,1.668662585459582681e-01,2.250413333929129900e-01,-7.076276866705392965e-02,-2.819339559408373663e-01,-1.427945842084096806e-01,3.432950533982751518e-01,-1.372715492202511260e-02,-3.639974976540506502e-01,2.592072925510523485e-01,4.377318021359310335e-02,-5.534653022923276267e-02,1.953795969435631608e-01,-4.890298940971446462e-02,1.845926985119978464e-02,6.331828946780464207e-03,6.401984002859824052e-01,2.972697618302873046e-01,-2.932883506859109146e-01,-4.882255686134322203e-02,-4.998078555788909028e-01,4.609142499664864445e-01,-2.599267170114839542e-01,-3.573171276643281602e-01,4.922114482327181739e-01,3.077170561687296302e-01,-8.593324098485187468e-02,-9.178247464140489031e-02,4.011618034764734553e-01,3.217525358595111351e-01,5.333571651995173690e-01,-2.757361812413423041e-01,1.534742392421466484e-01,5.599535278609411026e-01,-4.258277849769873669e-01,3.653871933509093145e-02,-2.796729076366236133e-01,-3.523392466151302471e-02,-5.060056302783859650e-01,-4.826489119263595584e-01,3.107198713079226127e-01,1.837481567540998340e-01,2.599311854863934831e-02,2.928191608204119833e-02,3.049019169757361536e-01,-2.186603512221278744e-01,-5.113141784708878923e-01,2.864337101747173597e-01,-3.045623128826131509e-01,-2.523034988158541214e-01,-1.971357075830019179e-01,-3.097546807274677294e-02,-2.253451896867599002e-01,4.288842218150945018e-01,9.242146655346530904e-02,-1.305062782072478611e-01,-3.419991956745163098e-01,-2.539523660574645736e-01,-5.362706108405200789e-01,-4.438893605612404536e-01,2.579605880512980676e-01,-2.055855936368917170e-01
-2.096161580052727930e-02,-3.087582108226462063e-01,-1.293131954064077882e-01,-3.660574645873363453e-01,7.434916662942937515e-01,7.946735779078600848e-01,2.335224987711694011e-02,-4.721390589391840642e-01,8.041244023414808595e-01,1.000000000000000000e+00,4.238125027927968080e-01,-6.327360471870950576e-02,-3.399124178917735106e-01,-4.424549801152866668e-01,2.581661378971357168e-01,8.512444702622994352e-01,-2.737253675320612811e-01,-4.615934581527324915e-02,7.228205013628848097e-02,-3.879217123195853323e-01,1.212833459940122482e-01,6.028106707180839186e-01,-1.509093346440859851e-01,4.377675499352071120e-01,6.437463693641359841e-01,6.668260422717726676e-01,3.725546271057688097e-01,-2.553867465034183604e-01,1.991286473926448808e-01,8.362750793154295759e-02,-1.572947852897806087e-01,-1.989811877206309337e-02,-2.036194646767058303e-01,-2.530005809017382146e-01,2.702980472764645453e-02,1.849948612538540637e-03,5.933777201841011761e-01,3.768979847178158260e-01,-4.956387684883149514e-01,-4.016354618168819224e-01,5.395772822735600549e-01,-2.345547164752669889e-01,-2.523973367889539299e-01,-3.999955315250904864e-01,-3.111890611734214884e-01,-4.943116314401894695e-01,-4.597032932660082838e-01,-4.018991018365432044e-01,-5.170740426292506076e-01,-4.844541757898029322e-01,-1.779570132713704789e-01,-1.925421153760221715e-01,-2.428303320076857785e-01,-2.728093301756110423e-01,4.747843960856159562e-01,1.760981277090129249e-01,1.103802672147995850e-01,-1.684257562893784477e-01,-4.145091380311899387e-01,-2.247687564234326918e-01,6.996291165825103964e-02,-1.003038562938469158e-01,-2.992761070646588473e-01,3.068903883104696639e-01,-1.271862013494794164e-01,-6.303230707359577800e-02,6.036015907770678202e-02,-6.020376245587381187e-02,-4.691451807498100979e-02,5.872022878591536682e-02,6.758568300638991833e-01,5.664864381786496317e-01,-2.591670762768666925e-01,-8.560704231645739626e-02,-2.791456275973010492e-01,3.678761338755082710e-01,-2.311229277447607033e-01,-2.710487510612628048e-01,3.642522007238929160e-01,3.130524152106886060e-01,-6.993610080879396340e-02,-3.071182805308548050e-02,5.008087939586218784e-01,5.601680146565977125e-01,4.445685687474864589e-01,-1.097591492023772264e-01,3.263059117923052810e-01,6.119710442825863073e-01,-2.901514812994325232e-01,1.806202243174404587e-01,-1.633495687921712458e-01,6.413602037624559216e-02,-2.643862549711783472e-01,-4.506010098753295279e-01,4.275392108673309877e-01,3.732338352920148150e-01,2.250145225434559138e-01,2.222932213235622734e-01,3.251664506903793606e-01,-7.321596139237677991e-02,-3.376871173868358778e-01,1.962062648018231270e-01,-1.736985566826042271e-01,-5.574869297108896865e-02,-1.131328477590598375e-01,9.946825148576790912e-03,-1.770633182894678082e-01,3.024531927253228392e-01,1.325304973412574361e-01,-4.440323517583448509e-02,-1.369587559765851892e-01,-1.709951293623486190e-01,-3.879663970686804686e-01,-3.063943875955136287e-01,2.166808168372134635e-01,-1.361097457437776548e-01
3.724205728584834008e-01,-7.658965994905938234e-03,1.989856561955404557e-01,-2.639840922293221204e-01,2.534921131417847140e-01,4.761964341570222303e-01,2.599222485365744739e-01,-3.548237186648197095e-01,6.185218284999329796e-01,4.238125027927968080e-01,1.000000000000000000e+00,3.295991778006166495e-01,-4.493945216497609307e-02,-2.876089190759194003e-01,6.059251977300147800e-03,3.606774207962822332e-01,-1.229858349345368390e-01,7.983824120827560933e-02,1.848965548058447705e-01,-1.536797890879842698e-01,-1.280933017561106391e-01,2.515662004557844278e-01,-9.830197953438490899e-02,2.401581840117967825e-01,3.707672371419634683e-01,1.489074578846239783e-01,4.341123374592251866e-02,-3.363331694892532919e-01,3.144197685329996883e-01,1.532731578712185627e-01,-3.421421868716207348e-01,-3.197864068993252484e-01,2.089905715179409332e-02,-2.317529827070020920e-01,-1.765628490996022926e-01,-2.923812502792796919e-01,4.509003976942669301e-01,8.259529022744536986e-02,-6.344608785021672581e-01,-5.691049644756244197e-01,3.341793645828678438e-01,-4.740381607757272464e-01,-3.127172795924750837e-01,-3.799276107064658570e-01,-2.603199428035211649e-01,-3.721524643639125829e-01,-4.477635283077885386e-01,-3.749139818579918515e-01,-2.271638589749318538e-01,-4.684749095133830532e-02,1.558023146700031336e-01,2.150989767192457158e-01,-1.291389248849367753e-03,-1.430358818535233840e-02,4.274274989945931469e-01,2.441306582063541841e-01,3.838196523526520298e-01,7.124536395728138516e-02,-4.041288708163903731e-02,2.573841547879708504e-03,5.363465749139818550e-01,4.897448500826667717e-02,7.386389025425622867e-02,3.542383484516734571e-01,-6.617811340989320466e-03,-9.220697975780865752e-02,4.781268153179319791e-04,-2.719111667187988912e-01,1.705125340721211913e-01,2.131015684346932240e-02,3.188435586934179611e-01,-4.334420662227981614e-04,-4.179230528620581642e-01,-1.581303900978595911e-01,-5.550158630859287623e-01,4.111979981232405379e-01,-4.562446936860449775e-01,-6.062335224987711602e-01,4.543143125251351555e-01,1.838241208275615546e-01,-2.732919254658384978e-02,-4.579293087269314944e-02,1.974172215023012600e-01,3.102908977166093235e-02,3.910273023816971394e-01,-2.291255194602082323e-01,6.528441842799053048e-03,2.661155547611600003e-01,-2.376469011126502440e-01,-1.419455739756021184e-01,-4.393851378524509799e-01,-2.888511551007640898e-01,-3.633853165914473493e-01,-4.157469055811251479e-01,-9.660395906876982630e-02,-1.358461057241163727e-01,-2.167299700612181079e-01,-1.280039322579203664e-01,6.019035703114526681e-02,-4.693730729701952598e-01,-6.175521694445685883e-01,1.624335314357209792e-01,-4.717234907725992854e-01,-4.727020867777827484e-01,-2.884802716832745029e-01,-1.601903570311452585e-01,-2.031145270119308344e-01,4.212654720943742048e-01,-1.867196925689262321e-01,-3.899280575539568194e-01,-4.607087001206487953e-01,-4.184324590017426959e-01,-5.686179007104874561e-01,-5.097368068278296249e-01,6.908709057598641512e-02,-3.273113186469457925e-01
1.573662808883328212e-01,2.641583627507931298e-01,2.400241297645113736e-01,3.000983064480092777e-01,-1.566468564279011599e-01,-1.067786764377317982e-01,1.725814379552258748e-01,3.276062379909736588e-01,6.734885383618570420e-02,-6.327360471870950576e-02,3.295991778006166495e-01,1.000000000000000000e+00,3.028330130926314978e-01,3.644175342955449093e-01,-2.436033781670315923e-01,-6.239331516153536622e-02,5.000223423745475682e-02,1.476830957594173210e-01,-3.734751329371285844e-02,7.029357880155502614e-02,-4.228115644130658324e-01,-2.771839671120246429e-01,2.900799857008802829e-01,3.093748603601590985e-01,-2.345770588498145570e-01,-2.771348138880200263e-01,-5.267840386076232395e-01,-9.752893337503909521e-02,1.908262210107690149e-01,4.803476473479601494e-01,2.050583135975691390e-02,2.370749363242325436e-01,2.473434916662942962e-01,3.242950980830242580e-01,-4.180258277849770165e-02,9.420885651727065047e-02,-1.161714106975289401e-01,-2.912730685017203558e-01,-3.046606193306224397e-01,-4.566781357522677331e-01,-8.846686625854595365e-02,-3.527726886813530305e-01,-4.301353947897582769e-02,-6.418964207515974463e-02,5.619107198713078899e-02,5.387640198400286268e-02,-7.750569730550962988e-02,2.472407167433754785e-02,7.744313865677644737e-02,2.395594083739219782e-01,2.188078108941418354e-01,3.733410786898431755e-01,2.785155726350596606e-01,3.987979802493408776e-01,-4.659278788149604639e-02,-1.460744447919924867e-02,7.827874346485544366e-02,1.973770052281156318e-01,1.155681665847446277e-01,8.958398498592430592e-02,3.186335403726708315e-01,4.169042405826891007e-01,1.689575048036105198e-01,2.232852227534742329e-01,-1.673443853612761878e-02,2.872469726082488295e-01,-1.681487108449886136e-02,2.180615755842530909e-02,-7.053040797175923193e-02,-2.692479556727289114e-01,-2.205683900084901006e-01,-3.941865141427230990e-01,-3.730863756200009096e-01,-9.567004781268152735e-02,-3.695920282407614277e-01,6.801465659770319916e-02,-2.522632825416685209e-01,-2.301532686893963120e-01,9.836006970820858342e-02,7.989633138209928376e-02,-5.646364895661110800e-02,7.553956834532374320e-02,-3.275660217167880583e-01,-3.425130702891103218e-01,-6.073104249519638981e-02,8.692971088967335613e-02,-5.181911613566290153e-01,-4.219759596049867945e-01,-1.729210420483489052e-01,-2.634880915143661406e-01,-2.549264935877385008e-01,-3.816881898208141499e-01,-2.264623084141382386e-02,-5.998480718530765227e-02,-4.895705795611957623e-01,-5.664640958041020635e-01,-3.589302471066624922e-01,-1.779525447964609708e-01,-1.924661513025604231e-01,-4.597524464900129559e-01,-3.555476116001608511e-01,-9.887841279771214520e-02,-2.426024397873005889e-01,-4.537334107868984390e-01,-3.176728182671254563e-01,-3.829751105947540313e-01,6.850172036284016275e-02,4.518521828499932891e-02,-5.287144197685329505e-01,-2.693864783949238006e-01,-1.428482059073238331e-01,-2.254792439340453092e-01,-2.906742928638455514e-01,-1.641583627507931520e-01,-1.035926538272487624e-01,-3.737432414316993468e-01
6.991822690915590333e-02,3.052549264935877638e-01,2.080253809374860430e-01,2.010143438044595388e-01,-3.681308369453505369e-01,-4.808704589123732331e-01,8.757317127664328293e-02,3.507484695473435110e-01,-2.540015192814692457e-01,-3.399124178917735106e-01,-4.493945216497609307e-02,3.028330130926314978e-01,1.000000000000000000e+00,5.706510567943160472e-01,3.822244068099557857e-01,-3.011930828008400618e-01,5.048438268019125319e-01,1.809374860360159210e-01,4.752223066267483031e-02,2.213637785423834825e-01,-2.900353009517851466e-01,-5.543679342240492858e-01,4.699629116582510480e-01,-4.018946333616336963e-02,-2.131775325081549655e-01,-2.723267348853836145e-01,-3.437284954644979629e-01,3.207426605299611433e-01,-3.530542026006523726e-02,-2.201170740426292363e-02,1.840475445730372361e-01,1.464006434603869755e-01,1.931811072880825764e-01,1.633719111667187862e-01,2.894365253139103422e-01,1.472094374190088817e-01,-5.319853434022967509e-01,-3.996648643817864999e-01,4.679118816747843690e-01,2.096340319049108669e-01,-4.985119978551320608e-01,1.452924616828276394e-01,-1.534921131417847119e-02,7.461906251396398237e-02,1.781134098932034560e-01,3.351803029625988889e-02,2.056928370347200496e-01,5.181643505071718836e-02,1.822422807095938069e-01,1.201126055677197435e-01,-2.172215023012645796e-01,-1.619598730953125676e-01,9.083068948567853129e-02,1.966397068680459381e-01,-5.304213771839670910e-01,-5.105992224853657113e-01,3.413021135886321750e-02,2.611823584610572513e-01,1.592564457750569873e-02,-1.021850842307520379e-01,1.569328388221100101e-02,8.016443987667008775e-02,2.164037713928236295e-01,-4.823539925823316366e-01,5.046114661066177787e-01,3.226194199919567573e-01,1.744135126681263803e-01,1.782474641404888441e-02,-1.617543232494749461e-01,-5.769694803163680219e-02,-4.052281156441306376e-01,-3.588408776084722196e-01,1.841279771214084648e-01,-1.674337548594664535e-02,8.389114795120425350e-02,-4.053398275168684783e-01,1.916394834443004569e-01,1.451896867599088425e-01,-3.643326332722641725e-01,2.953661915188346334e-03,2.641002725769694970e-01,2.863979623754412396e-01,-3.805934134679833658e-01,-4.170517002547030616e-01,6.121363778542383144e-02,1.997140176057911332e-01,-7.718396711202465954e-02,-5.001876759461996169e-01,4.366906474820144157e-01,-2.335984628446311218e-01,-2.541266365789355830e-01,-3.363108271147057238e-01,-1.269851199785513307e-01,1.785245095848786712e-01,-4.936324232539434087e-01,-4.987801063497028231e-01,-2.558782787434648598e-01,-4.486036015907770569e-01,-5.048259529022744996e-01,-2.353635104338889228e-01,1.355869341793645710e-01,-4.169578622816033087e-01,-7.731355288440056039e-02,-1.771035345636534364e-01,-1.753787032485812636e-01,-4.735019437865856107e-01,-8.172393762009026730e-02,-4.201975065910004692e-01,-2.564547120067920960e-01,-1.431386567764421913e-01,8.585280843648063209e-02,-1.631261450466955643e-01,-1.820903525626703726e-02,-3.503284329058492432e-03,-4.257741632780732144e-01,-2.568881540730149071e-01
