1.000000000000000000e+00,6.220393094939867806e-01,3.495992767203789930e-01,2.655682485269142412e-01,1.242210774480535240e-01,2.547802692835325275e-02,7.132199441844111476e-01,3.799070158751087223e-01,-1.957092943314843181e-01,-2.025449773818156773e-01,3.273216993304012834e-01,4.147085691683226050e-01,4.415992516065032625e-01,3.580343997312815385e-01,-3.831812374234419005e-01,-1.319498727040424035e-01,5.011473901974264344e-02,3.432517446295546559e-01,5.868202380167572008e-01,5.532210115241297244e-01,-4.753632879086105989e-01,-3.854116635117360024e-01,3.800043321435634947e-01,1.064938204169531277e-01,2.814276610505762055e-01,2.671676884874854552e-01,-2.202816521163149244e-01,3.782306646701135561e-02,-8.801000787947850512e-02,1.372159385212322162e-02,1.884623715660699028e-01,2.135056145208429346e-01,7.723427165051530707e-01,6.783571758191047074e-01,2.921214632599694050e-01,2.251458959218205144e-02,-1.117159369516149831e-01,-4.118361696316736320e-01,-4.215254168118562350e-01,-2.471896003440600953e-01,-1.388640366160308059e-01,2.910713893309977429e-01,-4.892277169289497296e-01,-4.512178660111945128e-01,-1.706016970701524638e-01,-2.244615428081707942e-01,-5.277759465576724596e-01,-3.110997052258835938e-01,-2.790355643872685087e-01,-2.141679929932286675e-01,-4.063723320431079644e-01,-1.810961578909367209e-01,-3.040348580595135797e-01,-2.849608694423778066e-01,-4.376752085236494394e-01,-3.036832637992898931e-01,7.968962388831859478e-01,7.081736247798612327e-01,3.823320745003123688e-01,3.510888434746302633e-01,2.966341128052513154e-01,1.736137925405510651e-01,6.247076587903273998e-02,2.409032833253282879e-01,-7.283023961776681531e-04,2.089160537311371135e-01,5.322446468204263814e-01,5.793943788867647049e-01,7.956028742830772993e-01,7.819377866513471664e-01,-2.488753692524540984e-01,-1.896097617634963650e-01,1.880840938128827966e-01,6.831915968971806474e-02,-1.799063880282154304e-01,2.234616966306596508e-01,-6.375628239297564948e-02,8.019488367566685039e-02,1.428948136707382521e-01,4.328737494074694769e-01,-2.731856009593500723e-01,2.720272234412915990e-01,-3.154161526170228269e-01,-6.789693265400299771e-02,-4.894506025760558265e-01,-2.130818178678947350e-01,-2.057046168721295698e-01,-1.026655239853209445e-01,-5.512699773033348238e-01,-1.021098794847888347e-01,-1.266304399009257620e-01,-4.301536027424352621e-02,-2.590653243300088809e-02,-1.669162358067361740e-01,-2.340016763512050013e-01,-2.884093185035896956e-01,-5.595120373945610126e-01,-5.755111458519724943e-01,-4.642174359360726199e-01,-4.363426034927122554e-01,-3.860410800222257577e-01,-3.871492297888237122e-01,-4.523370030984243950e-01,-2.324085148595663453e-01,-4.515898652954490333e-01,-3.976656652508719358e-01,-3.171270354011470616e-01,-3.877912032371785833e-01,-4.806638853049295668e-02,-2.415185732807197672e-01,-5.375656492407761000e-01,-3.801801292736753379e-01,-2.650377179021123908e-01,-2.830286706283805520e-01,-2.653076920662127414e-01,1.006203127305375367e-01
6.220393094939867806e-01,1.000000000000000000e+00,4.960696784482135913e-01,5.534847072192975448e-01,1.673180578184204070e-01,9.382857896273415210e-02,4.209258230287962199e-01,6.759949018832267509e-01,-2.306301385344169952e-01,8.398393967647049818e-02,-1.040263821264546390e-01,5.408006303582808538e-01,3.568681741270574026e-02,5.724645188024448661e-01,-3.762011495876615430e-01,-3.726742196647925276e-02,-1.010048689526572008e-01,3.662482067123111196e-01,6.406141598309835761e-01,7.972760862536062421e-01,-3.731513833036675942e-01,-1.576335194899371739e-01,4.608380500331189511e-01,4.084238217668239579e-01,1.241582927587278617e-01,2.276745492844114982e-01,-7.173621640626716423e-02,2.780545536165550669e-01,-2.049967194999827436e-01,-7.201403865653321912e-03,1.783697327569698787e-01,3.095850245959020364e-01,5.687649309839302170e-01,6.343372605156506472e-01,6.556134221108840532e-02,-1.016013235012509786e-01,-1.340782736721823076e-01,-4.176641584183281020e-01,-3.054067035212792991e-01,-2.045383912679054061e-01,-1.984686814273471378e-01,2.458114764133618457e-01,-6.295624848924341599e-01,-5.157605266379741149e-01,-4.496984765295135023e-01,-4.212271895375593878e-01,-5.856006454266062811e-01,-4.535016590854154539e-01,-4.680661373917356372e-01,-3.479998367598077791e-01,-4.262044457838511380e-01,-2.116346307789382375e-01,-2.935953338418892944e-01,-3.134870930374918929e-01,-2.576777826959117945e-01,-2.660736652759858045e-01,5.735663901001102349e-01,8.778100072516316077e-01,9.404361652367453084e-02,3.121215260446587592e-01,-1.072064266407993793e-01,1.642180637829658840e-01,-2.048946943798285458e-01,3.261805876019073791e-01,-3.102301372787232281e-01,1.114804943666437564e-01,2.341759038640837121e-01,3.214937105437468134e-01,7.750644327874204320e-01,7.802551569774195395e-01,-3.703088064944482505e-01,6.743860442192567417e-02,7.609190422823490507e-02,-1.836609124498899542e-02,-1.371405968940414277e-01,1.821258267958775490e-01,-7.304213794424091466e-02,8.562575930233652655e-02,2.989163362622390685e-01,4.078587595628929696e-01,-2.789617923773108910e-01,2.221855978201155990e-01,-2.540864984664839565e-01,-1.432887875962567670e-01,-4.526524961622858667e-01,-5.416121224678149826e-02,-8.542798753096070286e-02,1.272268944495195397e-01,-3.843710072861631910e-01,9.261683445874889509e-02,-3.026849872390119031e-02,-8.291346072346797436e-02,4.425064903672590311e-02,-2.634445564104737417e-02,4.350665046821682036e-02,-1.713127336767655828e-01,-2.877516488829033880e-01,-3.590201193536944335e-01,-3.231669225142756452e-01,-3.997234334435204595e-01,-2.033250771466870166e-01,-1.989003261664610556e-01,-2.072930695120688005e-01,2.574329224075417102e-02,-1.730157683747241271e-01,-2.291421413973988297e-01,-1.433186103236864795e-01,-1.290994478086573694e-01,-9.016509234058182887e-02,-1.874609557713255992e-01,-4.191725605793771292e-01,-3.187971081372096838e-01,-2.348351431020031521e-01,-1.245915071150749120e-01,-5.684368809822036572e-02,2.341303849643225909e-01
3.495992767203789930e-01,4.960696784482135913e-01,1.000000000000000000e+00,8.135404600234187322e-01,5.523953928594972640e-02,-1.627096616219168845e-01,6.899440902341554827e-01,6.118367974785668961e-01,-1.076741725762755536e-01,7.339059296999833615e-02,-3.085082671739669546e-01,1.850657198735516373e-01,-1.778062401702720785e-01,2.474219036945650430e-01,-3.678036973903544005e-01,-5.582500651391152091e-02,-4.079419492762494936e-01,-9.186498780407409415e-02,7.457832233031652658e-01,7.398265259033931507e-01,-6.264970224361086915e-02,-1.372850016794904260e-01,9.069028626679097593e-01,7.391045019761480761e-01,-1.364593830148579934e-01,-1.823204593327870937e-01,-1.476083742218622652e-01,-3.897673513337037571e-02,-4.811912766952650689e-01,-2.163497609472953831e-01,6.685784604566330502e-01,5.436730298949298268e-01,4.654825474259847162e-01,5.299577145117391197e-01,-3.799729397989006635e-02,-2.245164794113307660e-01,-1.830377744083327707e-01,-3.913008673704830298e-01,-2.459197800024486014e-01,-2.898376701857485194e-01,-1.765866475801211033e-01,5.415493377784893342e-02,-2.892851649196827024e-01,-4.234827295015837212e-01,-3.947995441831554930e-01,-4.699528173059717706e-01,-2.591642102156967997e-01,-1.774311016515512651e-01,-4.366392611497760257e-01,-5.255251154453475237e-01,-4.169955014770098112e-01,-4.724139771275376876e-01,1.965160775893190839e-02,-1.225321693051932420e-01,4.556598827809850427e-03,-2.138132594985386881e-01,4.757980718821908095e-02,3.060894870176958382e-01,-1.577261269066925209e-01,-9.508270313201422352e-02,-2.721135523891143881e-01,-6.506220393094939991e-02,-5.056569005082420798e-01,-9.969737779745031780e-02,-2.708766940093988440e-01,-1.054374680190488800e-01,1.145977541916628172e-02,-5.057306725181997045e-03,4.517797889806591805e-01,3.950993410746855283e-01,-2.116095169032079781e-01,1.543247663624748404e-02,-1.741867028306477161e-01,-1.213298425046068219e-01,-3.437555917613930867e-01,-3.215046978643788106e-02,-2.022545981936844928e-01,-5.114597754191662488e-02,-2.938480422164251038e-02,-1.619217137708798410e-02,-4.874352140487021035e-01,-2.309362138948795884e-01,-4.136584952393509429e-01,-3.438638953504798423e-01,-3.710355392733927782e-01,-3.289305569943713481e-01,-1.445947091342305313e-01,-1.513424936195059411e-01,-1.089738156453167323e-01,-1.835824315882328764e-02,2.108027336453732470e-01,2.368097215812951795e-01,2.977077309927201321e-01,1.479819431233499460e-01,1.094666754565231659e-01,2.148962953894063485e-02,-1.883179667806208768e-01,-2.312956562412689931e-01,-6.294792951790775803e-02,-1.358299665043682380e-01,1.308731152821072941e-01,6.476240703941936461e-02,6.962037237599238981e-02,2.513946049116462245e-01,1.257812769777962025e-01,-9.072387607558020936e-04,1.174403310008821227e-01,1.660859082904042883e-01,-1.843829363771350843e-02,-2.329924124702950072e-01,-3.438309333885838370e-01,4.226194400233559273e-02,1.033404593955717932e-01,1.063101752006755663e-01,7.051034534718363112e-02,1.903914311456008368e-01
2.655682485269142412e-01,5.534847072192975448e-01,8.135404600234187322e-01,1.000000000000000000e+00,2.302314557571990411e-02,-1.081152350187883221e-01,4.940213279589639184e-01,7.192755274698712231e-01,-1.152365884055514267e-01,2.441084417154032737e-01,-3.776263620353540462e-01,2.782177938088017943e-01,-2.471566383821641177e-01,3.574410844171540536e-01,-4.003936600020718828e-01,4.343130884102602493e-03,-4.292165412542497394e-01,1.010362612973200389e-02,6.089722460280836414e-01,6.870575641424082614e-01,-6.173304577945622033e-03,4.843053972858178680e-02,8.267158270784086271e-01,8.928124087659983221e-01,-1.807633990375107080e-01,-1.495845223183874251e-01,-6.603536661549715137e-02,5.054324452439028226e-02,-5.296029810170491681e-01,-1.227283714593359332e-01,4.966567152934085461e-01,4.431845650119761726e-01,3.144272937601436668e-01,4.221877952842419957e-01,-1.046463809335455505e-02,-6.302327114509854999e-02,-2.175316827238509554e-01,-3.590311066743264168e-01,-1.914509227779713774e-01,-1.620786754941939967e-01,-2.797827021902438704e-01,7.639484035423121933e-02,-2.284248263218531527e-01,-3.487454049455499527e-01,-4.208332156120408452e-01,-4.287550737877061091e-01,-2.694781650546697604e-01,-1.729106040201036643e-01,-5.214362625530137851e-01,-4.951373258117275356e-01,-4.162640598463658859e-01,-4.860759255248014998e-01,3.153361021381326235e-02,-5.687037159118377150e-02,6.506063431371625350e-02,-4.850745097300572517e-02,-2.484861041786350089e-02,3.271459022002894401e-01,-2.090494711959541563e-01,-4.082574423401109237e-02,-3.383262857519565014e-01,6.428995225224376497e-02,-5.673428577707040343e-01,4.663332799663474394e-03,-3.973768556799738838e-01,-3.425689611331380474e-02,-4.348153659248655406e-02,-1.417835246696740568e-02,3.759798335577885786e-01,3.372149967508923374e-01,-1.615544233383247041e-01,7.001748553597719749e-02,-2.190432241193662477e-01,-1.250341391748208408e-01,-3.315957670562456605e-01,-6.918401878517904668e-02,-1.588091627975601883e-01,2.786855397442779617e-02,-6.373116851724539011e-02,7.897843031998216801e-02,-5.177005735381370322e-01,-2.570640623577534201e-01,-4.795039381696379333e-01,-4.076609877915171598e-01,-4.069311157781063670e-01,-2.166636843939236945e-01,-1.203959202508876197e-01,4.079121265488198228e-02,-8.407654709322584519e-02,1.294918521169427517e-01,2.578143393951951023e-01,1.859211612656137547e-01,4.243397405108790266e-01,2.114038970456664501e-01,1.900790773162056579e-01,1.470511601040970229e-01,-1.386678344618881287e-01,-2.130347293509004813e-01,-4.452219281805938622e-02,-1.704086341504760516e-01,1.450012399976141897e-01,1.405749194001550684e-01,4.744795934063519155e-02,2.158678884567209466e-01,1.353182712863641168e-01,-2.962652527554630530e-02,1.279504879939977746e-01,1.692926362977124344e-01,-1.278186401464138922e-01,-1.838445576661675296e-01,-3.361037077498281178e-01,-1.928431732637678891e-02,7.331211210834126524e-02,1.333421231898389292e-01,3.510919827090965700e-02,2.713836803757035954e-01
1.242210774480535240e-01,1.673180578184204070e-01,5.523953928594972640e-02,2.302314557571990411e-02,1.000000000000000000e+00,4.163802115216183597e-01,2.181375549758435839e-01,9.602290385466599743e-02,6.509218362010240622e-01,5.606358833334903480e-01,4.288869216352900193e-01,2.885191917099096393e-01,4.923434071367356335e-01,3.078866987496429175e-01,4.845659537465193956e-01,5.537797952591281270e-01,3.689165560086517526e-01,3.280970902435731973e-01,1.233091298355982850e-02,6.805860322901657183e-03,9.750933137445103038e-02,6.832700777588376906e-02,1.114632285770791875e-01,8.489745690615886631e-02,4.921581923032249395e-01,4.401599126037124554e-01,3.730634847386116171e-01,4.927232545071558723e-01,4.347054927185456386e-01,3.453110824394363121e-01,2.629846585611632648e-01,2.979808443912867477e-01,1.368863189022724858e-01,3.324135376347123749e-01,3.906384888980973247e-01,2.994186137768443667e-01,1.926579584302572090e-01,-1.239997614181805573e-04,1.520111505608242319e-01,2.115687068551463101e-01,1.479489811614539685e-01,3.352231524820357134e-01,-7.330897287387497241e-02,-2.241570370649413266e-02,-1.903506210975391411e-01,-9.233430335678341483e-02,-3.917136767027992739e-02,-1.838241526421366956e-01,-1.240107487388125568e-01,-1.354626760718131151e-01,-1.296284088162260872e-01,-7.860643103572761969e-03,-1.204806795814772624e-01,-4.809778087515578782e-02,-1.471249321140546684e-01,3.960929087832640999e-02,1.920379596231663044e-01,1.033263328404735171e-01,-2.166024693218311648e-01,-2.407494608364804112e-01,-1.437769385557637883e-03,-9.107076148410449268e-02,2.691406973495443222e-01,6.012889696718558274e-02,4.421454784036364660e-02,-1.389111251330250613e-03,-1.678077783951605409e-02,-8.017604826886915934e-03,1.028695742256293399e-01,5.681857422249010636e-02,3.405912434193797411e-01,5.494256770543934909e-01,2.508672135213106946e-01,3.675761028915488504e-01,2.742780545536165349e-01,1.398152246593145909e-01,3.226615057652040819e-01,2.688974066784073913e-01,1.569899764243491702e-01,3.079981415731959382e-01,2.958163422267846010e-01,2.632624808114293335e-01,3.616413801330407574e-01,1.160527893667850224e-01,5.896581059742771191e-02,3.564961748428028265e-01,1.576209625520720581e-02,2.381941239809260147e-01,-2.173605944454385513e-02,2.786572866340814025e-01,8.712945261168611455e-02,-2.252400729558090044e-03,6.858599461935212249e-02,6.384418095803157112e-02,-1.048928108391487674e-01,-8.649375763226380132e-02,2.807103459750305216e-02,3.696919469218236387e-02,6.765992045179862469e-02,-8.369826934003873897e-02,-1.282549937372272353e-01,2.902222264078681627e-02,-2.173417590386408360e-01,-1.034393452812597120e-01,-2.069744372137410637e-01,-2.464644371823487001e-01,-2.360076471751598737e-02,-1.318368602632561948e-01,-9.005678875149505935e-02,-1.543624371760702330e-01,1.140358312221981529e-01,-1.241786977827586957e-01,5.007706820614724746e-02,-1.298544336977984492e-01,-1.896097617634963373e-02,-1.186473666531679544e-01
2.547802692835325275e-02,9.382857896273415210e-02,-1.627096616219168845e-01,-1.081152350187883221e-01,4.163802115216183597e-01,1.000000000000000000e+00,-1.781625432821951904e-01,6.484088790107644072e-03,4.959080078732000518e-01,5.586942668160942427e-01,5.072532012343469732e-02,-8.978053611846215087e-02,4.037055523640005472e-02,1.018289180000565008e-01,4.778903716539684710e-01,5.031549306386144949e-01,9.219931627473323954e-03,2.972886431914713024e-01,-7.154786233829019126e-02,-2.515625539555924051e-02,1.486882708782636398e-01,2.500745568185742118e-01,-7.660673868070531911e-02,-1.483837651350341791e-01,6.356871313361524001e-01,7.198594250805998573e-01,7.368662278016883116e-01,8.423664805100627984e-01,9.683910481589959318e-02,1.320079485416686405e-01,-1.152256010849194295e-01,1.272174767461206960e-02,-2.698799870663539865e-02,8.251320832901688773e-02,1.592737694985700836e-01,6.524427952999381497e-02,-6.349572593227414963e-02,2.213788145622808470e-02,4.214108347538369354e-02,2.288988507262618988e-01,7.769605304050554223e-04,9.383014857996728464e-02,-2.149480927581000067e-01,-6.235775343824655204e-02,-1.929671730251860673e-01,-2.162241915686440585e-01,-1.564170661342524915e-01,-1.823644086153150823e-01,-1.709721267371738795e-01,-3.005973963189336601e-02,-8.243472746735980294e-02,2.937538651824365965e-02,-2.041255819355891898e-01,6.415967402189301505e-02,-1.816674985638002393e-01,6.412985129446333032e-02,1.069772625247607106e-01,1.454862517226549190e-01,2.834414799606967822e-02,-8.921704353176435065e-03,-2.541681185626073342e-02,-1.052538228027713185e-01,3.085553556909612083e-02,6.606518934292683609e-03,9.345501006124646778e-03,-3.627385425790066731e-03,4.877742513710606187e-02,1.165990161639182676e-01,6.106281922090479181e-02,1.827065851721399181e-01,1.716125305682956181e-01,3.930070413029078669e-01,1.807414243962467484e-02,6.364170033495632206e-02,3.212221667624132887e-02,-8.686261768205204986e-03,7.959999874430621902e-02,5.753431968080263692e-02,-9.591303064834609537e-02,1.694323322314620350e-01,2.763625062392284851e-02,8.894863898489714649e-02,1.260229980317000009e-01,1.031505357103616738e-01,-3.296353151320519093e-02,1.737519188570675055e-01,1.484920687241209347e-01,1.719060489908930678e-01,-3.553299492385787045e-02,2.189333509130463318e-01,7.495236211697416107e-02,4.916198135922573986e-02,-9.471227346499282163e-02,1.119168479574570996e-01,3.697861239558121460e-02,5.768657255241736725e-02,-6.759242691077353704e-02,-8.964240980194569663e-02,-5.569472828356077099e-02,-1.397697057595534698e-01,-3.857334350445300319e-02,1.031803584377913585e-01,-1.513738859641687862e-01,-2.478111687683841324e-01,-1.070321991279206686e-01,-6.955601806943358112e-02,-1.139903123224370457e-01,-2.691893554837717084e-01,-1.168893953520494522e-02,-4.525677368316962518e-02,-1.188718219175071977e-01,-3.881035570665737622e-02,-4.979767633864806003e-02,-1.579772656639951700e-01,-1.307522547551553949e-01,-1.351770057353813836e-01
7.132199441844111476e-01,4.209258230287962199e-01,6.899440902341554827e-01,4.940213279589639184e-01,2.181375549758435839e-01,-1.781625432821951904e-01,1.000000000000000000e+00,4.880269597455964559e-01,-9.714518017636218639e-02,-1.538209192306364270e-01,2.221510662409864612e-01,4.201881029292196534e-01,3.847665508289148661e-01,3.966187305563665388e-01,-3.837824008237351037e-01,-2.015074603907091380e-02,-6.421147139058669406e-02,1.199595666600742766e-01,6.227833080624959328e-01,5.219762108812144863e-01,-3.452121965537484072e-01,-4.588697500227594261e-01,7.092943314843241920e-01,4.066470150589077126e-01,1.876289048152717520e-01,6.301228382446656673e-02,-2.877594969690691062e-01,-1.717365303297137824e-01,-1.789677569227968168e-01,1.567733692461756312e-02,6.433437241994167666e-01,5.429462971159852991e-01,7.330818806525840614e-01,6.671202860470445417e-01,3.155118992682444667e-01,1.858897689209509235e-02,-4.101252868475493280e-02,-4.177081077008560905e-01,-4.042188171992378010e-01,-3.390781324066313163e-01,-1.609972092205594618e-01,2.911655663649862502e-01,-2.708657066887668607e-01,-3.411720017956421103e-01,-1.673667159526477932e-01,-2.359715459787976033e-01,-2.953062166260135846e-01,-1.415386643813039691e-01,-2.907919974634985416e-01,-3.183450583740649042e-01,-3.978822724290454471e-01,-3.148966093128529598e-01,-1.871140703628013380e-01,-2.789869062530411226e-01,-3.194155373270674003e-01,-2.734508662717509697e-01,4.235831850045048141e-01,3.725910299514360591e-01,1.778596071561988901e-01,1.110551280964623966e-01,1.724130353571977914e-01,6.865662739484348909e-02,-1.725495920564810992e-01,7.578112001607288650e-02,2.950566474859440610e-02,1.471123751761895249e-01,4.100028567033643379e-01,3.489698602098892377e-01,5.541612122467814983e-01,4.895400707583448807e-01,-1.361611557405611184e-01,-6.837095705841172988e-02,8.416758489274805966e-02,1.331930095526904778e-01,-2.460783113429959035e-01,2.107289616354155737e-01,-1.038992431305701819e-01,5.725963666500287486e-02,7.191986162254472570e-02,3.083246219576893932e-01,-3.782385127562792326e-01,1.115746714006322360e-01,-3.222235825571576062e-01,-1.519405177853328792e-01,-4.201975206326185042e-01,-2.628245576033828579e-01,-2.671739669564179853e-01,-2.356827364078995790e-01,-4.188821813912459446e-01,-1.218368288709115455e-01,-2.608546879757902073e-02,8.318971335650088327e-04,8.132186884906246471e-02,-1.391889473832911006e-01,-2.326015777792427575e-01,-2.482224084834672162e-01,-5.125145581998373778e-01,-4.889498946786836608e-01,-3.272573450238424608e-01,-3.486119874807329655e-01,-2.470671701998750636e-01,-3.150300267776700025e-01,-3.033253910701336209e-01,-9.992811153072211905e-02,-3.468885477587435595e-01,-3.873234573017024229e-01,-2.550643700027311334e-01,-2.317492756216469052e-01,-7.315358076779396312e-02,-2.625577226737487724e-01,-4.703907405140182463e-01,-2.828199115363727589e-01,-1.591073900718570633e-01,-2.553610276597949036e-01,-1.698765339084410964e-01,3.397122577688205247e-02
3.799070158751087223e-01,6.759949018832267509e-01,6.118367974785668961e-01,7.192755274698712231e-01,9.602290385466599743e-02,6.484088790107644072e-03,4.880269597455964559e-01,1.000000000000000000e+00,-2.882931668283372217e-01,1.691278264882325744e-01,-1.750813846535383966e-01,5.604946177825075315e-01,-8.945719496843500262e-02,7.016126247453295939e-01,-3.933994456111932769e-01,8.414561025148407925e-02,-3.119096277181846455e-01,1.079237417163450563e-01,5.262110381762303835e-01,6.345789815695545011e-01,-1.952760799751372678e-01,-9.196387368976201293e-02,6.237972807951053245e-01,6.853749344684805234e-01,5.611538570204269855e-02,1.036983321247280654e-01,-1.173131920049976656e-01,1.447328354507469717e-01,-3.959877444286436510e-01,-1.224144480127076218e-02,2.969966943861069852e-01,4.731328618203164971e-01,3.535531425306624453e-01,5.076958332940929575e-01,2.728465636369914807e-02,-6.289927138368037185e-02,-1.816643593293339465e-01,-4.085745050212055141e-01,-3.540036226765740923e-01,-2.968177580215288769e-01,-2.977532498924811977e-01,1.008887172774047269e-01,-3.906180838740664907e-01,-4.000797365554435991e-01,-4.925647231666085979e-01,-4.190124596215966668e-01,-4.622805282703759677e-01,-2.960141139981604108e-01,-5.813987800934864447e-01,-4.764714376752084979e-01,-5.465297332592473634e-01,-4.116383978602977667e-01,-2.278833083764193190e-01,-1.801465394648860963e-01,-2.532185001365567234e-01,-1.413220572031304578e-01,1.965411914650493364e-01,4.712775742507432364e-01,-4.016022652715908747e-02,2.090698762199849903e-01,-1.879412586446669031e-01,3.342154582183588518e-01,-4.508034870616451362e-01,3.520478796040797387e-01,-3.082728245889957419e-01,2.276682708154789403e-01,1.346841459241749361e-01,2.094732678489023558e-01,4.966127660108806130e-01,4.889985528129110470e-01,-4.319335486848177030e-01,3.449390831551817777e-02,-1.742541963716728037e-01,-2.203303102505423106e-01,-3.197326000081620045e-01,7.738055997664410046e-02,-3.342688252042856911e-01,-1.115966460418962164e-01,1.264436554501819077e-01,2.047283149531155255e-01,-5.063993294595180439e-01,1.582802017899915051e-02,-3.656564610154167672e-01,-2.349199024325927809e-01,-5.638379024890990410e-01,-5.930013906808685731e-02,-1.388483404436993973e-01,6.916204414391506627e-02,-3.691865301727520476e-01,7.985741597054142604e-02,1.983854917139906138e-01,2.619063315219950436e-02,1.569695714003183085e-01,5.810252111919986945e-02,2.515939463002552293e-02,-5.376723832126297647e-02,-3.556014930199121737e-01,-3.869954072999758354e-01,-2.630082028196604194e-01,-3.693999981164592938e-01,3.784033225657591065e-02,-1.250215822369556973e-01,-1.106376099124467549e-01,6.710113671680023595e-02,-7.324932741901560296e-02,-1.727238195693598100e-01,-1.502830019871354283e-01,-8.103305927816442655e-02,-6.122135056145208698e-02,-2.492944570537028726e-01,-4.287833268979026613e-01,-2.452150218647680679e-01,-1.050937218449908839e-01,-1.759713576247296241e-01,-1.318148856219922282e-01,3.094437590449193309e-01
-1.957092943314843181e-01,-2.306301385344169952e-01,-1.076741725762755536e-01,-1.152365884055514267e-01,6.509218362010240622e-01,4.959080078732000518e-01,-9.714518017636218639e-02,-2.882931668283372217e-01,1.000000000000000000e+00,6.856040985845192060e-01,2.705721882661694111e-01,-1.750908023569372474e-01,2.500306075360462787e-01,-1.520205682642230827e-01,7.852072993479809471e-01,5.391211399188193809e-01,2.750612935529541669e-01,2.525011850610110464e-01,-1.807602598030444430e-01,-2.471691953200292613e-01,4.344826070714395416e-01,3.459404989499260674e-01,-8.009913702444522443e-02,-4.368715645002809594e-02,2.310759098286291890e-01,1.765034578667646070e-01,5.556146778046705537e-01,4.107986526405670857e-01,4.013417088108893749e-01,2.272586007176289891e-01,1.952478268649407156e-01,1.561062819220904729e-01,-1.206878690562519368e-01,2.921528556046322500e-02,2.759873677205076925e-01,2.864488665793959443e-01,1.471688813965826292e-01,1.794527686478375461e-01,3.270532947835340654e-01,3.867081673463109159e-01,2.327820837610540261e-01,1.283020822542214889e-01,2.276996631601417576e-01,1.762523191094619579e-01,-3.091988987565492258e-02,6.485658407340786150e-03,2.670735114534969479e-01,8.475619135517613312e-02,-2.811498388003101645e-02,-1.164844341058989402e-01,-5.449397110020750418e-02,-1.532228950648094890e-01,1.491811306894700595e-01,1.708701016170196818e-01,1.988171364531045593e-01,1.655553776656024656e-01,-1.094808020116214420e-01,-2.419580661059994031e-01,-3.676938241840344568e-01,-4.697707417069273417e-01,8.736489519665734116e-03,-1.701292422829768780e-01,2.766905562409550656e-01,-2.202769432646154990e-01,2.269195633952704461e-02,-2.158694580739540791e-01,-2.552103444054132919e-01,-2.336139808946190444e-01,-2.493007355226354582e-01,-2.627350894210937482e-01,6.507915579706732290e-01,5.892343093213289196e-01,1.902956844943791970e-01,2.748258509679829542e-01,3.645718555073159672e-01,-1.923251995768312031e-02,4.688415283049075510e-01,3.422205061073806398e-01,-7.042087716489456306e-02,8.561163274723826433e-02,4.059171430454969198e-01,-2.738825110108648875e-02,3.803904579829162635e-01,7.399803483922411107e-02,2.959011015573742021e-01,1.921431239777867672e-01,2.080213719082464607e-01,1.880966507507479124e-01,3.252686399894521574e-01,2.840175294852597121e-01,1.339024765420704643e-01,1.299627372868852326e-01,1.410819057664597920e-01,1.615214613764287543e-01,1.009358057943989806e-01,1.822686619640934425e-01,2.246655930484791897e-01,2.617446609469814556e-01,2.712785160210831048e-01,1.813127650691102599e-01,6.184291898577613106e-03,2.943126489174349714e-01,-3.531952698015061731e-02,-7.268269559785150991e-02,6.820771686616501628e-02,-2.169838863094845569e-02,2.370341768456344367e-01,2.476542070450699767e-02,1.732072616771674137e-02,7.730364873222016209e-02,2.413631811746387579e-01,1.955821553355998610e-01,1.662978066168784019e-01,1.260010233904360066e-01,5.095919309117278445e-02,-1.594919462939767552e-01
-2.025449773818156773e-01,8.398393967647049818e-02,7.339059296999833615e-02,2.441084417154032737e-01,5.606358833334903480e-01,5.586942668160942427e-01,-1.538209192306364270e-01,1.691278264882325744e-01,6.856040985845192060e-01,1.000000000000000000e+00,-2.104856709642786636e-02,3.126206643247977229e-02,-1.781986444785574678e-02,1.730785530640497893e-01,5.760071448976452624e-01,7.296161658018075480e-01,3.813228106194023470e-02,2.433032280748016751e-01,-5.074101629576611289e-02,3.027948604453318052e-02,3.960552379696687386e-01,4.973787392206536762e-01,1.147186147186147198e-01,3.294610876191731985e-01,1.697823568744525891e-01,2.262618937745841385e-01,6.548286134943133163e-01,6.501621414601834736e-01,1.452665053100150871e-01,1.759886234142941930e-01,1.396896552806632663e-01,2.136092092582302926e-01,-1.599330087364895236e-01,5.917613930666867916e-02,1.668361853278459428e-01,2.168802915720972335e-01,-1.153558793152701795e-01,5.671027063340333685e-02,1.182329877036185917e-01,3.864915601681374047e-01,2.001418933978759904e-02,-5.128253424119993964e-02,-7.330112478770926506e-04,3.047725781590901115e-02,-2.214133461414099502e-01,-1.687307133282477667e-01,-2.194324891931853563e-03,-1.431993194139677128e-01,-2.425906218509554235e-01,-2.098578240710220477e-01,-1.513911517537333273e-01,-2.027097871912955374e-01,1.996710082279335233e-02,1.729639710060304758e-01,4.646537895268859630e-02,1.951567890654185011e-01,-1.385799358968322070e-01,-2.635230372721308195e-02,-3.938059764745769353e-01,-3.067926755381432669e-01,-1.163007888896213787e-01,1.181027094732678556e-01,-3.970189829508176393e-02,6.443278742045964458e-02,-7.579838580563744155e-02,4.928127226894449264e-02,-2.369447086633453547e-01,-2.083855231063352909e-01,-1.330266301259774853e-01,-1.266100348768949280e-01,3.251995768311939372e-01,6.250529745816185700e-01,4.164194519524468813e-02,1.288027901515936303e-02,2.382898706321476545e-01,-8.060769300798306669e-02,2.569133791033718639e-01,2.298830007314416335e-01,-1.204304518300167298e-01,1.180085324392793622e-01,1.135382625592922939e-01,-7.177859607156198557e-03,8.289305569943714036e-02,-1.143623116066915836e-02,8.127164109760193211e-02,3.366938838294893377e-01,6.637440393785570825e-02,3.860818900702874812e-01,1.599361479709558165e-01,4.172230959758153612e-01,3.313336409783110281e-01,1.383680375703580934e-01,2.408514859566346089e-01,3.399696749950557040e-01,1.587950362424619122e-01,2.961914807455053866e-01,1.720253399006118344e-01,1.713095944422992900e-01,2.389177175254042496e-01,2.875538771115275852e-02,1.967515201742902897e-01,4.312743094468982630e-01,1.612781707052918234e-02,4.722036484182966926e-02,1.635164448797516157e-01,3.622676574090642060e-02,1.823581301463824966e-01,4.140493299304031510e-02,-1.152083352953548745e-01,-2.407635873915786942e-02,5.872565916075705994e-02,1.388106696301039944e-01,1.977623536724334441e-01,5.189782419659141888e-02,-7.926567027364706669e-03,-3.581709564305648325e-02
3.273216993304012834e-01,-1.040263821264546390e-01,-3.085082671739669546e-01,-3.776263620353540462e-01,4.288869216352900193e-01,5.072532012343469732e-02,2.221510662409864612e-01,-1.750813846535383966e-01,2.705721882661694111e-01,-2.104856709642786636e-02,1.000000000000000000e+00,2.867408153847602614e-01,9.014044935002150094e-01,1.938383105895796210e-01,2.546499910531817568e-01,1.889097124775152292e-01,6.958395725618350403e-01,2.538071065989847552e-01,-2.001764249770051074e-01,-2.892066840580256315e-01,-1.863418186840956892e-01,-2.143924482575678969e-01,-2.341821823330162700e-01,-3.347397103742281166e-01,3.465604977570169720e-01,2.237552150532571005e-01,-3.716382722909191555e-02,-1.374513811062034498e-02,6.421445366332966254e-01,2.692898109866928014e-01,-1.876791325667322846e-02,4.575120311160920522e-02,2.230959758153376604e-01,9.252893589369295957e-02,4.491867813115093533e-01,3.829112632593415499e-01,1.043905333245434830e-01,5.864403906463369620e-02,-6.614994867351647878e-02,3.568995664717201921e-02,2.108890625931960361e-01,2.023848764240352427e-01,3.627071502343438836e-02,1.044140775830405959e-01,2.142810054340148485e-01,2.365570132067593978e-01,-3.910073489478855385e-02,-5.769755987304935746e-02,1.496849778213084903e-01,1.402908186809564695e-01,3.726114349754668792e-02,1.593632376808591378e-01,-2.147754348624544285e-01,-1.146291465363256518e-01,-3.416209123243205692e-01,-1.504792041412781126e-02,4.617358710904758690e-01,2.137661709815444344e-02,9.569328423570627740e-02,-4.613418971649573680e-02,4.860288370078073017e-01,1.156274230966036626e-01,6.449886830597491016e-01,1.926563888130240487e-01,4.314155749978810239e-01,2.719487425796345281e-01,2.068174754904268942e-01,2.012139419681116537e-01,6.437628120006655408e-02,8.337806742447786967e-03,9.403733805474197294e-02,3.106272504387080219e-02,4.620921742023990086e-01,2.841069976675487663e-01,3.654524107751083717e-01,1.874468292162273231e-01,2.190557810572313913e-01,1.207585018317433173e-01,2.911200474652251291e-01,3.318249311722843431e-01,3.977598422848603876e-01,3.598959657697873848e-01,3.469968513478303151e-01,1.979977962574046568e-01,1.196676178547099456e-01,2.106237972807951109e-01,-8.984018157332153420e-02,1.485627014996123152e-01,-2.864127653830336739e-01,1.386756825480538365e-02,-1.966887354849646274e-01,-1.936421084354369437e-01,-2.833080624958797533e-01,-2.482082819283689401e-01,-2.892427852543878464e-01,-2.400980696847266893e-01,-1.257985427673607437e-01,-7.500415948566782620e-02,-1.138176544267914814e-01,-1.104728001029668949e-01,-4.200641031678015169e-01,-3.261994230087050806e-01,-4.722099268872292921e-01,-4.324311173477236037e-01,-4.569124373330319400e-01,-3.924859283815048672e-01,-2.376557452699584738e-01,-3.481081403488945347e-01,-1.282597025889266606e-01,-7.247707574030996802e-02,6.374529507234365233e-02,-1.754816370479894694e-01,-1.957438259106134282e-01,-3.973077925217156636e-01,-2.535230058797861563e-01,-1.567247111119482450e-01
4.147085691683226050e-01,5.408006303582808538e-01,1.850657198735516373e-01,2.782177938088017943e-01,2.885191917099096393e-01,-8.978053611846215087e-02,4.201881029292196534e-01,5.604946177825075315e-01,-1.750908023569372474e-01,3.126206643247977229e-02,2.867408153847602614e-01,1.000000000000000000e+00,4.232394388304467903e-01,8.171474404251779511e-01,-2.387215153712615723e-01,2.081751943970943375e-01,2.031414319304094551e-01,4.258732565476582854e-01,2.459809950745411311e-01,2.972949216604038880e-01,-4.246175627611450398e-01,-3.842328809696467506e-01,2.137175128473170482e-01,2.365664309101582485e-01,2.403162464801333609e-01,2.775067572021886475e-01,-2.382255163255888319e-01,1.545602089474460740e-02,1.098936113439376722e-01,4.168134258779653822e-01,2.457596790446681667e-01,3.406540281087054312e-01,4.779249032330975533e-01,4.223683012660532365e-01,2.026218886262396157e-01,9.863160769614721934e-02,1.785141375424189047e-01,-2.879839522334083357e-01,-3.577094889640212161e-01,-2.081893209521925858e-01,-1.314946837064313589e-01,4.171195012384280032e-01,-3.130224863364819976e-01,-3.355355063114309200e-01,-2.592426910773538706e-01,-2.221196738963236439e-01,-3.484550257574187682e-01,-2.713067691312796570e-01,-3.901110975077617393e-01,-2.229280267713915353e-01,-4.532505203281128048e-01,-1.744033100088212551e-01,-4.036867169572028180e-01,-3.674976220298917795e-01,-3.985980178873579916e-01,-1.953592696884937641e-01,4.349848845860448399e-01,4.997802535873601681e-01,8.246768942925578050e-02,3.301360230294240194e-01,9.347384546804415884e-02,4.472483040285795686e-01,1.499612304543414092e-02,6.479536900131533939e-01,-1.496504462421793802e-01,3.351807728167409128e-01,2.527758680768107946e-01,2.837193022109628093e-01,3.587187528449312102e-01,3.613918109929712408e-01,-2.348100292262728928e-01,8.370140857450501792e-02,1.570464826447422468e-01,1.750594100122744023e-01,1.396174528879387533e-01,4.774932584939836633e-01,-9.427748949141262491e-02,6.545303862200163580e-02,3.959485039978151155e-01,5.674056424600296689e-01,-1.297147377640488486e-01,5.396579490125538170e-01,2.325387930899170882e-02,-2.221008384895259338e-03,-3.110133762780608047e-01,2.016738398174221236e-01,-1.794339332410398447e-01,7.772901500240150807e-02,-3.979277913288065682e-01,4.255389280769991678e-02,-4.254604472153420552e-02,-1.763888758087452657e-01,-1.000521112921402972e-01,-1.696897494576972421e-01,-5.516890651045835980e-02,-1.082109816700099481e-01,-2.062241601762994092e-01,-2.007022467501075325e-01,-2.361285077021117729e-01,-3.011530408194657560e-01,-3.969907298406210594e-01,-3.852029044197282093e-01,-3.116600585781151289e-01,-1.622434853036738567e-01,-3.215125459505445149e-01,-3.555826576131144723e-01,-2.877218261554737033e-01,-1.904683423900247752e-01,-5.134217969605931950e-03,-1.190554671337847557e-02,-2.334946899849002777e-01,-4.297800338409475396e-01,-2.552087747881801594e-01,-3.715283990845992257e-01,-1.033938263814986047e-01,1.937818043691865166e-01
4.415992516065032625e-01,3.568681741270574026e-02,-1.778062401702720785e-01,-2.471566383821641177e-01,4.923434071367356335e-01,4.037055523640005472e-02,3.847665508289148661e-01,-8.945719496843500262e-02,2.500306075360462787e-01,-1.781986444785574678e-02,9.014044935002150094e-01,4.232394388304467903e-01,1.000000000000000000e+00,3.238512756279253724e-01,1.548992462698046413e-01,2.357706349729555007e-01,6.160009919980913295e-01,3.219567476275235762e-01,-8.190262722532483386e-02,-1.740171841694684307e-01,-2.612753453942721626e-01,-3.282101026843594060e-01,-9.448310934895416680e-02,-2.361112419125472039e-01,4.515945741471484864e-01,3.215564952330724480e-01,-1.093207010538410073e-01,6.088545247355979344e-03,5.485325648487360262e-01,3.136911432778002884e-01,1.363463705740718124e-01,1.321005559584239875e-01,3.286605828302709975e-01,2.064360585027735229e-01,4.701709941013784144e-01,3.888475556350828310e-01,1.635556853105801511e-01,-3.143158509365905767e-02,-1.608025766836499171e-01,-3.542626095200424475e-03,1.681499549519853975e-01,3.588176387306191706e-01,-4.847448901110974762e-02,2.676354344229616225e-02,1.588970613626161099e-01,1.352664739176704378e-01,-9.490376676743608741e-02,-1.677292975335034630e-02,3.627856310960009267e-02,7.650471356055112138e-02,-7.694577600306388987e-02,1.184668606713566857e-01,-2.490056474828048483e-01,-1.281969178996009984e-01,-3.421184809872264698e-01,-4.015708729269280158e-02,5.272375678467049465e-01,9.844325362817023251e-02,1.124332520271606600e-01,-3.211907744177504992e-02,4.690471481624490790e-01,1.047782287811294399e-01,5.625853479370520605e-01,1.928981098669278471e-01,3.362481125352771438e-01,2.357784830591211911e-01,2.799867524305522659e-01,2.547237630631394301e-01,1.640752286147500183e-01,9.533227227208372623e-02,9.981980794163534954e-02,5.767244599731909116e-02,4.214893156154940201e-01,3.694753397436500997e-01,3.165352897042527092e-01,2.617321040091163398e-01,2.207964865687853384e-01,1.804023870738881707e-01,2.812895347340597652e-01,4.360490850701148058e-01,2.793432093649642622e-01,3.977519941986947249e-01,2.157485975470021800e-01,1.420503595993081181e-01,9.679829476783792172e-03,2.052808202191813425e-01,-1.391073272871677646e-01,8.729426242116597456e-02,-3.277737490935460629e-01,8.385993991505232004e-02,-2.528967286037626661e-01,-1.948868149013181783e-01,-2.395895137011888332e-01,-3.035451374827734528e-01,-3.089006714822523647e-01,-3.165305808525533116e-01,-2.307180370994729168e-01,-1.899801914305177530e-01,-2.135134626070086528e-01,-2.019689278572527336e-01,-5.102543093841135358e-01,-3.825251374199887811e-01,-5.152645275923013468e-01,-3.803637744899528994e-01,-4.963679057225104940e-01,-4.800611522874032033e-01,-2.725185136352649140e-01,-4.249000938631105617e-01,-1.043104828456532657e-01,-6.856558959532128850e-02,-9.229506292595487937e-02,-2.839406182408357737e-01,-2.456089957902865828e-01,-3.816539998555952273e-01,-2.979510216638570630e-01,-1.064561496033577248e-01
