0.000000000000000000e+00,8.718798873944322292e-01,4.558067831449126306e-01,8.158541489789535028e-02,-3.377809553599356307e-01,-2.700031279324366373e-01,-1.193619017829214840e-01,-1.554805844765181633e-01,-2.258545958264444320e-01,-3.594307162965280078e-01,3.059251977300147529e-01,4.241699807855578985e-01,9.799365476562849064e-02,1.442110907547254073e-01,-2.599579963358505941e-01,-2.143884892086330984e-01,4.182179722060860860e-01,4.206622279815898646e-01,6.277179498637115440e-01,6.739130434782608647e-01,-1.073685151257875725e-01,-1.528084364806291673e-01,-1.191474149872648464e-01,-4.468474909513383067e-03,-2.395951561731980983e-01,-9.300683676661156141e-02,1.261048304213771842e-01,1.236918539702399622e-01,2.140891013896956963e-01,1.766611555476116091e-01,-1.775414451047857278e-01,-2.178604942133249844e-01,9.810089816345680946e-02,-7.737164305822423482e-02,-2.301219893650297277e-01,-3.245810804772331082e-01,-4.194021180571070873e-01,-2.306760802538093680e-01,-2.986371151525984424e-01,-3.501988471334733233e-01,-1.564144957326064622e-01,-2.271593905000223457e-01,3.845524822378122431e-01,3.707180839179587961e-01,4.041244023414808373e-01,3.275704901916975942e-01,-4.977881049197908914e-02,-1.009607221055453807e-01,3.711559944590910876e-01,2.293757540551409901e-01,7.719290406184368958e-02,-2.658742571160463072e-03,-2.487510612627910067e-01,-2.611823584610572374e-02,-3.640466508780552946e-02,1.946020823093078458e-02,8.750301622056392281e-01,8.120648822556861823e-01,3.703784798248357935e-01,4.241476384110103026e-02,-7.194244604316546443e-02,-2.081102819607667798e-01,2.648465078868582068e-01,1.038160775727244300e-01,-3.077215246436391105e-01,-4.612493855846999669e-01,1.812368738549532954e-01,-1.626658921310156769e-01,8.112560882970641929e-01,7.178515572635059128e-01,-2.485767907413199973e-01,-8.356048080790026700e-02,-6.662942937575405677e-02,2.846418517360024911e-03,-9.505786675007819875e-02,-1.485410429420438716e-01,-5.404486348809151020e-01,-2.801912507261271612e-01,4.402207426605299623e-01,3.033915724563206462e-01,5.705393449215783175e-01,4.633138209928951423e-01,2.680146565977031825e-01,5.169623307565127668e-01,5.020331560838285634e-02,-1.425443496134769228e-02,-5.340274364359444415e-02,-7.738058000804325098e-02,-1.159658608516913186e-01,-3.464721390589391992e-01,-4.310022789222038297e-01,-3.941731087179945470e-01,-1.492068457035613804e-01,-4.627284507797488899e-01,-3.087403369230081740e-01,-1.825774163278073292e-01,-1.895839849859242976e-01,-1.596764824165512187e-01,-3.252870995129362175e-01,-3.896197327852004011e-01,-2.993252602886634639e-01,-2.743062692702980532e-01,-2.656910496447562609e-01,-1.327092363376379536e-01,-4.805531971937977431e-01,-5.425532865632959334e-01,-1.945752714598507627e-01,-2.076276866705393520e-01,-1.838285893024710627e-01,-2.391125608829706428e-01,-2.980874927387282547e-01,-2.868358729165735865e-01,-3.042539881138567326e-01,-4.610348987890433015e-01,-1.835292014835336605e-01,-1.738862326288037885e-01
8.718798873944322292e-01,0.000000000000000000e+00,3.750569730550962766e-01,-3.433129272979132396e-02,-3.314759372626122635e-01,-2.683676661155547372e-01,-1.912909424013584103e-01,-2.318378837302828566e-01,-1.804191429465123453e-01,-3.657402028687609108e-01,3.392689575048036255e-01,3.581884802716832628e-01,1.121676571786049403e-01,1.600473658340408334e-01,-2.508914607444479028e-01,-1.771482193127485727e-01,3.949238125027927926e-01,4.762902721301219833e-01,5.893650297153582018e-01,6.911792305286206251e-01,-1.345725903749050434e-01,-2.108628625050270322e-01,-2.150721658697886396e-01,-1.950310559006211142e-01,-3.184637383261093024e-01,-1.370302515751374017e-01,7.068680459359220902e-02,1.828812726216542395e-01,2.158988337280486058e-01,2.302068903883104645e-01,-2.297466374726306049e-01,-2.992627016399302953e-01,5.425175387640198549e-02,-1.176951606416729995e-01,-3.453237410071942626e-01,-3.817686223691854064e-01,-4.886232628803789391e-01,-2.977568255954242682e-01,-3.294249072791456401e-01,-3.531927253228472896e-01,-1.645292461682827667e-01,-1.174270521471021955e-01,3.344742839268957657e-01,2.998927566021716840e-01,3.214576165154832688e-01,2.180437016846150378e-01,-4.686089637606685038e-02,-5.158407435542249758e-02,2.797533401849948698e-01,1.857545019884713211e-01,3.503284329058492432e-03,-5.022565798293042449e-02,-1.739845390768130773e-01,5.191474149872648408e-02,-6.664730327539210297e-02,1.321328030743107451e-02,8.521828499932972978e-01,8.830421377183966802e-01,2.939496849725188876e-01,4.128870816390365663e-03,-1.132088118325215581e-01,-1.720139416417176825e-01,3.488270253362527606e-01,1.512846865364851079e-01,-3.615800527280039200e-01,-5.797488717100853783e-01,5.974350954019393145e-02,-2.951293623486304085e-01,7.303051968363197810e-01,6.897761294070333671e-01,-3.050315027481120822e-01,-1.163903659680950858e-01,-2.848205907323830485e-02,-6.011886143259305426e-02,-7.640198400285982960e-02,-1.311050538451226551e-02,-5.973635998033871575e-01,-3.698646052102417259e-01,4.820367308637562020e-01,3.540864203047500158e-01,6.343625720541579138e-01,4.403011752089012187e-01,2.954644979668439309e-01,6.087984270968318512e-01,8.882881272621653834e-02,-3.180660440591626115e-02,-5.570847669690334736e-02,-1.362348630412440198e-01,-1.261182358461057362e-01,-3.194959560302069179e-01,-4.171634121274409024e-01,-3.038696992716385936e-01,-1.700746235309888721e-01,-4.493766477501228707e-01,-2.866526654452835055e-01,-1.957460118861432674e-01,-1.687072702086777898e-01,-1.892175700433442187e-01,-2.368470441038473540e-01,-3.473524286161133179e-01,-2.351177443138656731e-01,-1.448590196166048560e-01,-1.665936815764779422e-01,-9.802940256490459692e-02,-4.058626390812815621e-01,-4.551186380088475536e-01,-1.876089190759193948e-01,-1.836364448813619932e-01,-2.262522900933911230e-01,-1.945216497609365824e-01,-2.842620313686938793e-01,-2.226506993163233361e-01,-2.487108449886053785e-01,-3.903257518209035104e-01,-1.031234639617498589e-01,-6.805040439697930543e-02
4.558067831449126306e-01,3.750569730550962766e-01,0.000000000000000000e+00,7.071495598552214323e-01,-2.440055409088877914e-01,-8.119665758076768936e-02,5.440100093837972883e-01,3.199606774207962578e-01,-3.251709191652888548e-02,-3.585459582644443532e-01,1.432146208499039397e-01,-1.222440680995576234e-01,3.641360203762455949e-01,1.350685910898610231e-01,-2.127932436659368265e-01,-2.352830778855176663e-01,2.390589391840564903e-01,-4.387148666160239213e-02,5.740113499262701202e-01,4.451181911613566466e-01,3.358952589481210144e-02,8.347111130970998744e-03,4.390455337593279217e-01,4.975468072746771497e-01,-1.211939764958219756e-01,-5.764332633272264104e-03,9.983466642834799842e-02,1.022476428794852343e-01,1.796773761115331436e-01,-5.749586666070870267e-02,7.255015863085928496e-02,3.334554716475267022e-01,-1.085213816524420172e-01,-2.163724920684570452e-01,-3.033915724563206462e-01,-3.440993788819876054e-01,-3.672818267125430025e-01,-9.073685151257875059e-02,-2.999016935519907001e-01,-1.340899950846775879e-01,-1.691898654989052175e-01,-3.563251262344162007e-01,2.659010679655033904e-01,1.781402207426605322e-01,2.690468743018007980e-01,1.635283077885517633e-01,5.352339246615130108e-02,3.976942669466910531e-03,2.444568568747486348e-01,-2.944278117878368004e-02,-7.064658831940658079e-02,-2.200947316680816890e-01,-2.447964609678716652e-01,-7.423477367174582953e-02,-1.835202645337146582e-02,1.726439966039590712e-01,3.606595468966442009e-01,3.207203181554135751e-01,1.438804236114214208e-01,-1.089369498190267682e-01,-2.205907323830376687e-01,-5.666249609008445765e-01,-1.354171321328030697e-01,-3.780463827695607626e-01,-2.188078108941418354e-01,-3.920684570356137710e-01,2.857500335135618186e-01,1.018722909870861115e-01,3.818803342419232472e-01,4.393896063273604602e-01,1.492738728272040849e-01,1.655704008221993706e-01,6.586978864113678112e-02,6.957862281603288679e-02,-1.645158407435542147e-01,-1.377183967112024787e-01,-7.960141203807140353e-02,9.137137494972966123e-02,1.985030609053130279e-01,6.819339559408374440e-02,1.438089280128692082e-01,-5.482371866481969974e-02,1.019661289601858922e-01,2.029447249653693330e-01,-1.157245632065775909e-01,-3.207873452790562796e-01,4.208856517270655184e-02,-7.058402967067339828e-02,1.016309933419723838e-01,-3.147549041512132106e-01,-1.383216408239867634e-01,1.237052593949685003e-01,2.050225657982930327e-01,-5.085571294517181318e-02,-1.984762500558559239e-01,1.392108673309799260e-01,-2.378971357075830018e-01,-7.427052147102193580e-02,-2.309933419723848302e-01,-2.716251843245900410e-01,-2.083203002815139093e-01,-7.343491666294293951e-02,-5.764332633272264538e-04,-5.113275838956164027e-02,-1.597166986907368469e-01,-3.452656508333705743e-01,-3.813843335269672535e-02,1.942222619419992080e-01,-1.250994235667366727e-01,-3.915903302202958236e-01,-1.321551454488583133e-01,-1.921220787345279124e-01,-3.565396130300728106e-01,-2.327807319361901717e-01,-8.691183699003529606e-02,-1.057062424594485961e-01
8.158541489789535028e-02,-3.433129272979132396e-02,7.071495598552214323e-01,0.000000000000000000e+00,-3.093972027347066320e-02,1.712453639572813768e-01,7.061173421511238724e-01,7.276866705393448820e-01,-1.890164886724161062e-03,-1.491889718039233204e-01,4.195897940033066487e-02,-2.332231109522319989e-01,3.455114169533938240e-01,1.667545466732204273e-01,-8.814960453997050527e-02,-1.550605478350239042e-01,-1.188078108941418298e-01,-3.736494034585995938e-01,3.553956834532374098e-01,2.354752223066267358e-01,-3.580142097502122395e-02,1.291791411591223793e-01,6.376200902631932177e-01,7.060547835023905927e-01,4.492604674024755496e-02,1.075785334465347021e-01,1.422494302694490287e-01,1.368247017292997976e-02,-4.756691541176995969e-02,-2.432682425488180977e-01,2.259394968497251965e-01,6.152196255418025395e-01,-8.427543679342241328e-03,1.279324366593681539e-02,-1.753652978238527116e-01,-1.896599490593860182e-01,-1.908396264354975669e-01,7.176817552169444114e-02,-2.108137092810223878e-01,3.684704410384735673e-02,-1.603512221278877437e-01,-3.976406452477769249e-01,-2.737834577058849764e-02,-5.614191876312614460e-02,-9.580410205996692935e-03,-1.550560793601143961e-02,-1.148844899235890726e-01,-1.320076857768443523e-01,-3.927789445462263884e-02,-2.418383305777738190e-01,-1.595513651190848536e-01,-2.016578041914294517e-01,-1.864068993252602779e-01,-1.497922159167076328e-01,-2.719960677420796280e-02,1.536708521381652537e-01,-2.003217301934849537e-02,-5.079762277134813875e-02,8.666160239510255214e-02,8.320300281513919038e-02,-4.932749452611823876e-02,-2.143348675097189460e-01,-3.577550382054604516e-01,-3.285490861968810017e-01,-1.730550962956342864e-01,2.381697126770633208e-02,2.672505473881764404e-01,3.018812279369051388e-01,6.485544483667723958e-02,1.047231779793556528e-01,3.604629340006255678e-01,3.389651012109566874e-01,1.450064792886187892e-01,1.638232271325796574e-01,-1.801912507261271834e-01,-1.094955091827159444e-01,2.367978908798427096e-01,3.152911211403547909e-01,-2.262835694177577073e-02,-1.590285535546717977e-01,-2.113454577952544877e-01,-2.676348362303945794e-01,-7.353322311095222830e-02,-1.996559274319674726e-01,-1.640198400285982350e-01,-2.008847580320836379e-01,1.268778765807229980e-01,-3.059564770543813511e-02,2.045667813575226812e-01,-1.092452745877831866e-01,7.828321193976495174e-02,2.612136377854238356e-01,2.173778989230975567e-01,8.246570445506948288e-02,-2.099602305733053176e-01,4.922025112828991300e-02,-2.540238616560168139e-01,-7.366280888332811527e-02,-1.799142052817373494e-01,-1.311229277447607255e-01,-1.604852763751731526e-01,-3.858528084364806071e-02,7.796148174627999528e-02,-3.665936815764779533e-02,2.125653514455516299e-02,-1.939094686983332538e-01,6.838554001519281389e-02,3.057375217838151915e-01,-8.172840609499977538e-02,-2.522141293176639043e-01,-2.587246972608248791e-02,-1.485231690424058393e-01,-2.350909334644085968e-01,-6.946691094329505989e-02,-8.333258858751507736e-02,-5.536440412887081580e-02
-3.377809553599356307e-01,-3.314759372626122635e-01,-2.440055409088877914e-01,-3.093972027347066320e-02,0.000000000000000000e+00,6.194244604316546665e-01,-3.328120112605567615e-02,4.544438982975110633e-03,6.222127887751910391e-01,4.111756557486929697e-01,-2.339380669377541522e-01,-1.644085973457259098e-01,-8.964207515974798035e-02,-4.215559229634925631e-02,5.998212610036194326e-01,3.731534027436436141e-01,-2.799276107064658792e-01,-3.976227713481388926e-01,-4.232137271549220037e-01,-3.938022253005049600e-01,1.543679342240493191e-01,4.815541355735287743e-01,-1.611242682872335574e-01,-1.131507216586978837e-01,6.695473434916663358e-01,6.490459806068188398e-01,5.313284775905983137e-01,4.146610661781134355e-01,-1.127306850172036246e-01,-1.098797980249340868e-02,1.290495553867465096e-02,-6.853746816211626902e-02,-3.433218642477322557e-01,-1.709906608874391110e-01,-5.256267036060592590e-02,-1.652129228294383079e-01,2.608874391170293849e-01,4.239644309397202493e-01,4.732248983421958322e-01,4.865811698467313318e-01,3.036328701014343601e-01,2.535144555163322821e-01,-5.886009205058313487e-01,-3.270342732025559584e-01,-4.907949416864024195e-01,-4.532195361723043714e-01,-4.751508110281960628e-01,-3.741990258724697260e-01,-3.079762277134813764e-01,-4.877072255239287002e-01,-4.806380982170785354e-01,-2.951070199740828404e-01,-2.506859108986103091e-01,-5.116895303632870151e-01,8.492336565530184123e-02,-1.476562849099602170e-01,-4.351713660127798367e-01,-2.099825729478528857e-01,-1.348317619196568173e-01,2.358237633495687824e-01,-3.925912686000267993e-01,-5.478350239063407845e-02,-3.588006613342866191e-01,-4.907279145627597289e-02,1.174896107958353780e-01,1.742124312971982669e-01,-6.182581884802716699e-02,-8.629965592743196745e-02,-1.361499620179632830e-01,-2.143482729344474702e-01,2.257786317529827114e-01,2.573305330890566789e-01,1.612181062603333381e-01,3.303990348094195534e-02,-4.410384735689709505e-03,-2.667902944724965253e-01,1.747978015103445193e-01,1.942490727914562842e-01,-2.673890701103713297e-01,-1.303990348094195562e-01,-2.491219446802806214e-01,2.143527414093569783e-02,8.145136065060994135e-02,-1.733410786898431644e-01,3.513472451852182599e-01,2.271772643996604057e-01,5.936771080030385228e-01,5.173600250234594577e-01,5.342329862817820629e-01,3.570713615443049105e-01,-1.314491264131552040e-01,-8.716654005987756193e-02,-2.748156754099825849e-01,2.079672907636623547e-01,2.950265874257115839e-01,1.438670181866928688e-01,1.764243263774074033e-01,1.567362259260914326e-01,3.084811653782564278e-01,2.689128200545153891e-01,3.740024129764511485e-01,5.180883864337101352e-01,5.086643728495464645e-01,5.248625943965324891e-01,4.807453416149068404e-01,2.065731265918941961e-01,4.214129317663881102e-01,3.091112203404977610e-01,3.229903034094463443e-01,8.660351222127887771e-02,1.337816703159211695e-01,1.242236024844720482e-01,-1.261495151704723205e-01,1.633227579427141626e-02,-8.822110013852271782e-02,2.959292193574333263e-01
-2.700031279324366373e-01,-2.683676661155547372e-01,-8.119665758076768936e-02,1.712453639572813768e-01,6.194244604316546665e-01,0.000000000000000000e+00,2.842843737432414197e-02,2.493408999508467672e-01,5.176147280933017791e-01,3.207292551052325913e-01,-3.497073148934268794e-01,-2.526967246078913321e-01,-3.413914830868224753e-02,-7.377452075606595258e-03,3.934224049331963013e-01,3.715492202511282982e-01,-2.120336029313195370e-01,-1.874033692300817733e-01,-2.251262344161937545e-01,-2.781849054917556741e-01,1.872782519326154083e-01,5.335984628446310829e-01,-1.542517538764019876e-02,1.674829080834711048e-01,5.405380043791053746e-01,7.878814960453996985e-01,3.236292953215067492e-01,3.813217748782340433e-01,-6.023057330533088810e-02,8.263103802672147613e-02,1.803342419232316085e-01,2.325573081907145179e-01,-1.649850306090531182e-01,-6.546315742437106011e-02,-8.049957549488359621e-02,-2.264623084141382525e-01,2.039546002949193526e-01,3.929710889673354579e-01,3.515259841815988051e-01,3.437106215648599306e-01,3.951070199740828182e-01,1.817418115197283190e-01,-3.738415478797086355e-01,-1.259484337995442071e-01,-4.642030474998882772e-01,-4.878323428213950375e-01,-4.467581214531480271e-01,-2.725546271057687764e-01,-3.923633763796416374e-01,-6.230260512087224534e-01,-4.708700120648822707e-01,-3.316457393091737926e-01,-2.771705616872961464e-01,-4.443049287278251769e-01,6.760355690602797007e-02,9.066535591402654845e-03,-3.251530452656508086e-01,-2.217301934849635892e-01,-1.212744090441932182e-01,1.340363733857634354e-01,-3.124357656731757693e-01,-1.052370525939496787e-01,-2.946154877340363964e-01,-1.695294695920282479e-01,6.046740247553510084e-02,1.927431967469502572e-01,4.829527682202064409e-02,9.817239376200902201e-03,-1.799410161311944256e-01,-1.960945529290853140e-01,5.191474149872648408e-02,9.217123195853255124e-02,8.025380937486036037e-02,-8.008400732829884516e-02,1.948701908038786429e-02,-2.500737298360069527e-01,7.566021716788060014e-02,1.191920997363599827e-01,1.183699003530095176e-02,6.826042271772643499e-02,-1.314670003127932363e-01,6.337191116671879454e-02,-5.652620760534429398e-03,-1.038875731712766426e-01,3.808659904374637195e-01,2.017158943652531400e-01,6.143438044595379566e-01,3.815362616738907087e-01,6.185977925733947558e-01,2.453416149068322893e-01,-2.006389919120604159e-01,6.634344698154519271e-02,-2.145136065060994635e-01,9.018276062379909641e-02,3.173198087492738462e-01,1.914294651235533273e-02,2.804414853210599468e-01,2.137271549220251254e-01,1.616738907011037174e-01,1.363644488136199207e-01,1.051298091961213599e-01,2.858751508110282114e-01,4.175566379194780575e-01,2.569149649224719556e-01,2.843156530676080318e-01,5.995352786094106101e-02,2.662138612091692891e-01,3.781625631172080837e-01,1.605969882479109934e-01,2.262433531435721068e-01,2.580991107734930123e-01,1.332320479020510373e-01,-1.901202019750659056e-01,-4.311631440189463149e-02,-3.997497654050672505e-02,3.347870771705616644e-01
-1.193619017829214840e-01,-1.912909424013584103e-01,5.440100093837972883e-01,7.061173421511238724e-01,-3.328120112605567615e-02,2.842843737432414197e-02,0.000000000000000000e+00,6.240582689128200133e-01,1.620447741185933321e-01,-6.111979981232405074e-02,2.905804548907457985e-01,-1.051298091961213599e-01,5.717860494213324873e-01,2.217525358595111573e-01,2.956789847625005546e-02,-8.680459359220697724e-02,-1.414182939362795544e-01,-3.816971267706331661e-01,2.081728406094999761e-01,-5.049376647750123022e-03,-4.725412216810402632e-02,5.027927968184458390e-02,6.294740605031502456e-01,5.223468430224764703e-01,-1.388444523883998472e-01,-3.447428392689574905e-02,9.582197595960498249e-02,-6.221010769024531983e-02,-2.689128200545154099e-02,-3.483667724205728455e-01,2.143929576835426065e-01,5.572501005406854668e-01,-1.531346351490236457e-01,-8.167031592117610095e-02,-2.567987845748246345e-01,-1.763483623039456549e-01,-2.381071540283301313e-01,-1.790741319987488311e-01,-1.059028553554671737e-01,-6.244693686044952563e-02,-3.648375709370391684e-01,-3.653916618258188365e-01,-1.182224406809955775e-01,-2.632691362437999949e-01,-3.261986683944769622e-02,-1.141025068144242427e-01,6.091424996648643619e-02,-8.464185173600249912e-02,-6.488225568613432623e-03,-7.405603467536529816e-02,-4.796460967871665065e-02,-1.380580008043254814e-01,-3.765583806246927678e-02,-7.843067161177889879e-02,-3.329460655078421427e-02,-1.964341570222083097e-02,-1.461772197149112940e-01,-1.290450869118369981e-01,1.054113231154207020e-01,1.275034630680548786e-01,1.337459225166450771e-01,-1.454667322042986766e-01,-2.144018946333616227e-01,-2.722731131864694620e-01,-1.227356003396040951e-01,3.964430939720273162e-02,1.958890030832476925e-01,2.711023727601769573e-01,-1.060637204522096588e-01,2.739175119531703922e-03,3.532597524464899941e-01,4.199562089458867553e-01,2.122168104026095903e-01,1.021582733812949617e-01,7.940479914205281209e-03,1.032664551588542839e-01,3.196344787524018072e-01,3.121140354796907990e-01,-1.827114705750927104e-01,-3.649894990839626652e-01,-4.097457437776486633e-01,-5.408642030474999363e-01,-1.825595424281692691e-01,-3.309129094240135793e-01,-3.630680548728719148e-01,-5.239197461906250908e-01,8.874391170293578421e-03,-1.051789624201260043e-01,7.151794092676169723e-02,-1.667456097234014112e-01,2.401403101121587225e-01,2.615889896778229584e-01,1.930291791411591351e-01,2.396845256713883432e-01,-2.011260556771973795e-01,-2.230215827338129578e-02,-3.903704365699986467e-01,-2.399571026408686691e-01,-1.364806291612672695e-01,-5.567272889762724108e-02,-6.697350194378658139e-02,1.091469681397738978e-01,1.145895705795611924e-01,1.169802046561508602e-01,8.058000804325483879e-02,3.522498771169400161e-02,4.977434201706957412e-02,2.937575405514097904e-01,-8.608963760668483789e-02,-3.347379239465570477e-01,-1.429822601546092420e-01,-1.529335537780955323e-01,-2.744626658921310303e-01,3.885338933821886470e-02,-1.406854640511193411e-01,-1.096563742794584156e-01
-1.554805844765181633e-01,-2.318378837302828566e-01,3.199606774207962578e-01,7.276866705393448820e-01,4.544438982975110633e-03,2.493408999508467672e-01,6.240582689128200133e-01,0.000000000000000000e+00,9.707314893426872981e-02,1.908217525358595068e-01,8.451673443853613410e-02,-1.035345636534250845e-02,3.196568211269493753e-01,3.812636847044104105e-01,2.498324321908932527e-02,-2.576522632825416562e-02,-8.062469279234997510e-02,-3.048661691764600890e-01,2.338531659144733876e-01,1.108941418293936249e-01,-7.860047365834041400e-02,2.307967290763662457e-02,7.135350105009160560e-01,5.906206711649314434e-01,4.355869341793645877e-02,1.055855936368917253e-01,-1.250145225434559082e-01,-2.376781804370168560e-01,9.473166808168371729e-04,-2.397202734706644633e-01,4.006613342866079952e-01,7.539836453818311579e-01,1.907234460878502180e-01,3.038965101210956976e-01,-1.658295723669511723e-01,-1.592653827248760035e-01,-1.049019169757361841e-01,-5.639215335805889545e-02,-2.581348585727691325e-01,-1.514053353590419648e-01,-5.433665489968273615e-02,-2.649224719603199274e-01,-2.078198310916484215e-01,-2.282452299030340859e-01,-2.763304884043076282e-01,-2.057553956834532460e-01,-6.542294115018544576e-02,-1.197953438491442812e-01,-2.403101121587202238e-01,-2.204745520353903199e-01,-2.818267125430090614e-02,-5.365297823852718806e-02,1.505876044506010147e-01,2.502792796818445811e-02,4.107868984315653227e-02,1.741722150230126387e-01,-1.490504490817284033e-01,-2.975646811743152265e-01,-1.514366146834085491e-02,2.000089369498190411e-02,2.219580857053487510e-01,1.510299834666428420e-01,-1.569641181464765944e-01,-3.253496581616694555e-02,-2.757317127664328238e-01,1.498681799901693534e-01,-4.985030609053130168e-02,1.561240448634881040e-01,-1.900129585772376006e-01,-1.398275168684927905e-01,3.134367040529067450e-01,1.835247330086241524e-01,1.091514366146834059e-01,-7.234460878502167562e-03,-2.502792796818445811e-02,-7.662540774833549728e-02,3.490772599311854907e-01,3.424013584163724810e-01,-1.400017873899637999e-01,-3.380624692792350006e-01,-2.488404307609812793e-01,-4.237990973680682560e-01,-5.643236963224451674e-02,-2.415255373341078649e-01,-1.722686447115599484e-01,-2.375664685642790153e-01,1.626524867062871440e-03,-9.449930738638902261e-02,8.182671254300906416e-02,-3.526967246078913099e-02,2.455695071272174790e-01,2.726171857545020005e-01,1.828321193976495951e-01,7.827874346485544366e-02,-2.887796595022119051e-01,-1.770141650654631638e-01,-3.687608919075919256e-01,-2.427230886098574458e-01,-2.039009785960051724e-01,-4.577058849814558128e-02,-1.165244202153804948e-01,7.131685955583359424e-03,8.332365163769606120e-02,-2.100630054962241214e-02,4.404128870816390040e-02,-4.830868224674918221e-02,-4.430492872782519631e-02,2.482371866481969669e-01,-1.224138701461191248e-01,-2.538987443585504211e-01,-1.467000312793243777e-01,-5.066803699897225177e-02,-1.297198266231735023e-02,1.518209035256267159e-01,-2.452745877831895988e-02,-4.224496179453952199e-02
-2.258545958264444320e-01,-1.804191429465123453e-01,-3.251709191652888548e-02,-1.890164886724161062e-03,6.222127887751910391e-01,5.176147280933017791e-01,1.620447741185933321e-01,9.707314893426872981e-02,0.000000000000000000e+00,3.628044148532105773e-01,-1.850082666785826113e-01,-7.683542606908262684e-02,3.565396130300728383e-02,4.226730416908709015e-02,4.785513204343357363e-01,3.291836096340319262e-01,-1.579516511014790736e-01,-2.613834398319853647e-01,-2.019214442110907615e-01,-2.391617141069752872e-01,-5.876491353501050313e-02,2.658876625407748384e-01,-6.949819026766164420e-02,-1.371598373475133026e-01,4.172706555252692073e-01,5.230439251083605079e-01,3.456141918763125931e-01,3.440412887081639171e-01,-7.302828544617721851e-02,-1.869163054649448236e-02,1.542204745520353859e-01,5.107466821573796584e-02,-2.618168818982081203e-01,-1.823316502077840795e-01,-3.065239733678895573e-01,-3.833236516376960501e-01,1.902319138478037464e-01,3.067205862639081348e-01,3.288484740158184039e-01,2.859332409848518441e-01,2.669779704186960867e-01,1.456544081504982380e-01,-5.694401000938379420e-01,-4.611823584610572624e-01,-5.223021582733813339e-01,-6.338978506635685184e-01,-3.459091112203405149e-01,-2.909468698333259051e-01,-3.442066222798159103e-01,-4.662764198579025243e-01,-3.546986013673533167e-01,-4.058581706063720262e-01,-1.435408195182984181e-01,-3.054515393896063413e-01,6.834979221591670762e-02,-2.161848161222574768e-02,-2.608248804682961608e-01,-4.085973457259037267e-02,-1.311229277447607255e-01,5.862639081281558612e-02,-3.244604316546762512e-01,-1.357835470753831764e-01,-2.891996961437061642e-01,-1.042629250636757654e-01,-1.059832879038384162e-01,-1.433173957728227366e-01,-2.487868090620671269e-01,-3.248179096474373417e-01,-1.482684659725635734e-01,-1.493721792752133737e-01,1.434291076455605773e-01,2.078957951651101421e-01,5.965414004200366577e-02,-1.885204879574601255e-01,-1.412708342642655934e-01,-2.368425756289378459e-01,1.116850618883774987e-01,1.009160373564502444e-01,-5.143214620849903725e-03,-8.154073014880021397e-02,-1.361678359176013153e-01,-1.069127306850172071e-01,-9.424013584163724519e-03,-1.094642298583493462e-01,1.777291210509852892e-01,-5.388980740873140080e-02,3.919120604137807939e-01,3.481254747754591317e-01,4.005853702131462746e-01,1.852406273738773090e-01,5.947093257071361244e-02,1.066848384646320175e-01,-5.787121855310782548e-02,2.459716698690736780e-01,2.766879663970686631e-01,2.633272264176236485e-02,1.173153402743643547e-01,1.183252156039143882e-01,2.841771303454130870e-01,2.825059207292551222e-01,2.993610080879395841e-01,5.309531256981991909e-01,5.288082577416327590e-01,5.147370302515751339e-01,4.114661066178113558e-01,2.363152955896152541e-01,2.844809866392600251e-01,4.116939988381965176e-01,2.435631618928459641e-01,8.308682246749184153e-02,1.346217435989096878e-01,2.199651458957057881e-01,-1.618079449483891263e-01,7.652263282541668654e-02,7.469502658742571688e-02,3.596005183430894814e-01
-3.594307162965280078e-01,-3.657402028687609108e-01,-3.585459582644443532e-01,-1.491889718039233204e-01,4.111756557486929697e-01,3.207292551052325913e-01,-6.111979981232405074e-02,1.908217525358595068e-01,3.628044148532105773e-01,0.000000000000000000e+00,-7.708119218910586268e-02,8.741230617990079776e-02,6.067742079628223040e-02,1.244470262299477159e-01,6.911166718798873454e-01,5.527369408820769214e-01,-1.943071629652799448e-01,-2.107734930068367596e-01,-2.287993207918137539e-01,-2.046293400062558776e-01,2.516153536797890999e-01,1.920282407614281317e-01,6.533804012690468122e-02,-1.389695696858662174e-03,4.273202555967648419e-01,3.812994325036864751e-01,-9.148755529737701009e-02,-7.466821573796862677e-02,7.449841369140712544e-02,6.138343983198534665e-02,5.114303588185352689e-01,2.445596317976674594e-01,1.645828678671969192e-01,2.728272040752491301e-01,3.852719066982438628e-02,1.546539166182581970e-01,2.494347379239465479e-01,6.536038250145224937e-02,3.180705125340721473e-01,2.761606863577460991e-01,2.723356718352026307e-01,1.515438580812368818e-01,-5.371509003976943086e-01,-5.517449394521649619e-01,-5.367710800303856500e-01,-4.696679923142231816e-01,-2.488895839849859237e-01,-3.479914205281737227e-01,-5.578712185531078394e-01,-3.418159882032262287e-01,-2.959739041065284626e-01,-2.495732606461414649e-01,-3.655212475981947651e-02,-2.816524420215380520e-01,2.348675097189329153e-01,-2.022878591536708681e-02,-4.123598015997140265e-01,-2.843960856159792883e-01,1.426337191116671885e-02,1.464587336342106361e-01,4.232986281782027960e-02,2.348675097189329153e-01,-1.084096697797041903e-01,1.595111488448992254e-01,7.797041869609902531e-02,3.168550873586845062e-01,-1.881853523392466032e-01,8.499039277894453875e-03,-2.158318066044059291e-01,-1.669556280441485407e-01,3.696590553644041321e-01,2.415746905581125092e-01,1.571651995174047078e-01,1.727959247508825333e-02,2.055498458376156263e-03,-5.767013718217971902e-02,3.741900889226507099e-01,2.301353947897582519e-01,-2.754546673220429898e-01,-1.681889271191742141e-01,-1.300594307162965257e-01,-1.542606908262210141e-01,2.286473926448903127e-01,-3.332141740024129745e-02,1.674114124849188923e-01,2.353054202600652345e-01,1.347200500469189766e-01,4.283435363510433858e-01,1.577550382054604683e-01,4.887528486527548122e-01,2.477411859332409871e-01,-1.625899280575539563e-01,-2.979042852674382291e-01,-6.702712364270074817e-04,2.824210197059743299e-01,1.299119710442825926e-01,5.682112694937217767e-02,-5.451539389606327446e-02,3.068054872871888925e-02,2.124357656731757360e-01,3.745922516645068812e-01,1.624737477099066074e-01,2.621564859913311785e-01,3.444657938245676565e-01,3.477903391572456093e-01,1.483935832700299384e-01,3.036328701014343601e-01,6.094552929085303439e-02,4.354707538317172388e-01,1.212252558201885738e-01,-6.519504892980025612e-02,6.308146029760042239e-02,1.699271638589749389e-01,3.932257920371776821e-02,-2.609589347155815697e-01,1.435050717190222980e-01
3.059251977300147529e-01,3.392689575048036255e-01,1.432146208499039397e-01,4.195897940033066487e-02,-2.339380669377541522e-01,-3.497073148934268794e-01,2.905804548907457985e-01,8.451673443853613410e-02,-1.850082666785826113e-01,-7.708119218910586268e-02,0.000000000000000000e+00,4.226283569417757513e-01,6.432816479735465887e-01,4.156575360829348753e-01,4.460431654676259156e-02,-3.407658965994905809e-02,1.784574824612359667e-01,1.274006881451360540e-01,3.665847446266589094e-01,3.558246570445506851e-01,-1.160194825506054850e-01,-1.603601590777067876e-01,2.111488448992358824e-01,4.457303722239599336e-02,-3.698288574109656612e-01,-3.197059743509539920e-01,-1.901648867241610419e-01,-2.374815675409982507e-01,3.417847088788596444e-01,1.851736002502345907e-02,-1.634121274409044283e-02,-1.860226104830421320e-02,-8.941418293936279071e-02,-1.188793064926940424e-01,-1.984539076813083558e-01,-1.608070065686581229e-01,-2.521247598194736317e-01,-3.424102953661914972e-01,-1.788328343536351173e-01,-2.680727467715268708e-01,-2.690915590508959343e-01,-2.573796863130613510e-01,-7.696054336654899186e-02,-1.804057375217838211e-01,4.305375575316144898e-02,6.492247196031994405e-02,-8.544170874480540301e-02,-1.903168148710845109e-01,2.874569909289959382e-02,2.467357790786004756e-01,8.738549533044372153e-02,1.620537110684123483e-01,9.883819652352651697e-02,1.049242593502837523e-01,-5.586934179364582559e-02,-1.362884847401581723e-01,2.760713168595558265e-01,2.016309933419723754e-01,1.079136690647481966e-01,2.344608785021672082e-02,1.324590017427052235e-01,3.441619375307207462e-02,3.061307475758523466e-01,8.106260333348228042e-02,-6.907815362616738508e-02,-1.060815943518477189e-01,-1.208856517270655573e-01,-1.750480361052772771e-01,2.508244336208051983e-01,2.695294695920282257e-01,8.528531212297242592e-02,1.475981947361365565e-01,1.998659457527146022e-01,4.325036864918003349e-02,7.473971133652083931e-02,8.415031949595602745e-02,-1.158407435542249397e-01,-1.413333929129987898e-01,2.442468385540015260e-02,-1.282050136288484798e-01,1.826891282005451422e-01,-1.116761249385584687e-01,1.447741185933240915e-01,1.646230841413825474e-01,1.727065552526922676e-02,-1.392287412306179861e-01,-7.161624737477098601e-02,-1.133830823539925814e-01,-1.793556459180481732e-01,-1.210509852987175505e-01,-1.425086018142008026e-01,-6.332275794271415015e-02,-1.915635193708387363e-01,-1.012601099244827690e-01,-2.945350551856651400e-01,-2.587693820099200015e-01,-2.706510567943161139e-01,-3.344519415523481976e-01,-1.572456320657759643e-01,-1.016354618168818918e-01,-1.463157424371062110e-01,-9.659502211895079626e-02,-1.560882970642119838e-01,-9.038831046963671789e-02,-1.668662585459582681e-01,-9.771214084632914854e-02,-1.436748737655837993e-01,-2.210465168238080480e-01,-9.158586174538629887e-02,-2.107064658831940551e-01,-3.386210286429241489e-01,-1.953483176191965764e-01,-1.457571830734170348e-01,-9.662183296840788638e-02,-1.071227490057643367e-01,-1.585727691139014184e-01
4.241699807855578985e-01,3.581884802716832628e-01,-1.222440680995576234e-01,-2.332231109522319989e-01,-1.644085973457259098e-01,-2.526967246078913321e-01,-1.051298091961213599e-01,-1.035345636534250845e-02,-7.683542606908262684e-02,8.741230617990079776e-02,4.226283569417757513e-01,0.000000000000000000e+00,1.353501050091603652e-01,5.021091201572903673e-01,3.687385495330443991e-02,4.923365655301845806e-02,3.223602484472049556e-01,4.467268421287814428e-01,2.040171589436525212e-01,2.110773493006836699e-01,-1.946869833325885757e-01,-2.984851870056749457e-01,7.770677867643772940e-03,-5.700880289557173908e-02,-2.342463917065105705e-01,-2.245095848786809178e-01,-1.001429911971044306e-01,-1.918405648152285703e-01,1.970552750346306892e-01,1.697439563876848856e-01,-8.475803208364984798e-02,-1.540953572545690209e-01,1.485321059922248554e-01,1.550024576612002436e-01,-4.258903436257205355e-02,-8.673309799365476469e-02,-2.422092139952634060e-01,-3.613745028821663263e-01,-1.629697484248625872e-01,-3.724741945573975532e-01,-4.716028419500424562e-02,1.150274811206935116e-01,-2.025559676482416652e-02,-1.618883774967603550e-01,-7.494526118235846079e-02,-2.580097412753027536e-02,-4.359444121721256504e-02,-1.659323472898699692e-01,2.610036194646767060e-02,2.585057419902587195e-01,2.128960185888556234e-01,1.531793198981187820e-01,2.032530497341257514e-01,2.034273202555967608e-01,2.604048438268019017e-01,-1.917780061664953739e-01,4.327405156620045545e-01,2.839671120246659575e-01,1.417981143035881852e-01,-2.887975334018499582e-02,2.699897225077081409e-01,2.777514634255328629e-01,2.268376603065373753e-01,3.558425309441887729e-01,-1.768264891192636024e-01,-2.191965682112694824e-01,-3.213235622681978598e-01,-3.914071227490057425e-01,2.874123061799008227e-01,1.912060413780776735e-01,-1.983824120827561432e-01,-6.749184503329014317e-02,-3.552884400554091188e-02,-1.816435050717190303e-01,2.300192144421109031e-01,1.221815094508244270e-01,-2.826042271772644110e-01,-2.675320613074757548e-01,1.093837973099781036e-01,6.814424237007908614e-02,3.429375754055141168e-01,1.411904017158943647e-01,2.350462487153134605e-01,2.687072702086777953e-01,1.397292104204834844e-02,-1.993386657133920312e-02,-1.230841413825461417e-01,1.510344519415523536e-02,-1.708208588408776096e-01,-1.337414540417355621e-02,-7.974440323517582863e-02,-3.491085392555520750e-01,-2.426381875865767090e-01,-3.086554358997274372e-01,-2.469368604495285890e-01,-2.797935564591804702e-01,-2.329996872067563451e-01,-4.124536395728137794e-01,-3.426024397873005944e-01,-2.438223334375977380e-01,-2.121631887036954378e-01,-1.615487734036373524e-01,-3.448277402922382828e-01,-1.506948478484293197e-01,-3.539523660574646069e-01,-2.231735108807363921e-01,-2.673890701103713297e-01,-3.854148978953483295e-01,-1.354841592564457742e-01,-1.212252558201885738e-01,-4.290361499620179431e-01,-2.917690692166763355e-01,-2.543455918495017565e-02,-1.153000580901738237e-01,-1.434693239197461778e-01,-9.292640421824031882e-02
9.799365476562849064e-02,1.121676571786049403e-01,3.641360203762455949e-01,3.455114169533938240e-01,-8.964207515974798035e-02,-3.413914830868224753e-02,5.717860494213324873e-01,3.196568211269493753e-01,3.565396130300728383e-02,6.067742079628223040e-02,6.432816479735465887e-01,1.353501050091603652e-01,0.000000000000000000e+00,4.361633674426917961e-01,1.963269136243800117e-01,4.520756065954689706e-02,7.349747531167612202e-02,-8.246123598015997480e-02,3.156888154073014818e-01,1.406854640511193411e-01,6.466330041556817010e-02,9.512936234863041129e-02,4.476920327092363538e-01,3.680548728718888163e-01,-9.697484248625944103e-02,-3.905893918405647924e-02,-6.555252692256133273e-02,-8.823003708834174785e-02,2.117252781625631186e-01,-2.034496626301443220e-02,6.955628044148531863e-02,1.786943116314402002e-01,-1.327807319361901661e-01,-1.714241029536619221e-01,-1.454980115286652609e-01,-1.855221412931766511e-01,-1.850976361767728562e-01,-1.541623843782117254e-01,-1.405335359041958998e-01,-1.332543902765986055e-01,-5.422494302694490231e-02,-1.619151883462174313e-01,-1.683587291657357432e-01,-2.635819294874659491e-01,-1.293400062558648644e-01,-1.558067831449126417e-01,-1.490102328075427751e-01,-2.654497519996425470e-01,-1.208633093525179891e-01,-8.741677465481031972e-02,-7.288529424907279342e-02,-9.087537423477366760e-02,2.828097770231020186e-02,-2.610483042137718562e-02,5.339380669377541411e-02,-8.602707895795165538e-02,6.637919478082129898e-02,2.473300862415657442e-02,3.013539478975825470e-02,-1.650207784083292453e-02,9.036596809508914974e-02,-1.549443674873765553e-01,5.931900442379015731e-02,-1.823316502077840795e-01,6.465436346574914006e-02,1.046963671298985731e-02,2.531837883730283026e-02,-2.028687608919075777e-02,1.266902006345234366e-01,1.713794182045667858e-01,1.867599088431118326e-01,2.166584744626658954e-01,2.521202913445640958e-01,2.118503954600295044e-02,-2.092139952634165800e-02,1.318200098306448109e-03,-5.609723401403100829e-02,-1.389695696858662087e-02,-3.215514544885830772e-02,-1.246078913266902011e-01,3.857634389382903761e-02,-3.306582063541713135e-01,1.826846597256356342e-01,3.054649448143348725e-02,7.405156620045579008e-02,-1.812860270789579398e-01,1.337146431922784651e-01,-4.186960990214040092e-03,7.835023906340765620e-02,-5.732606461414719440e-02,-8.728272040752491079e-02,1.652799499530810123e-01,-7.961928593770946361e-02,2.564010903078779366e-02,-1.378211716341212756e-01,-1.090799410161311933e-01,-2.855489521426337052e-01,-2.757049019169757198e-01,-1.860449528575897071e-01,-1.102864292416998043e-01,-1.646945797399347600e-01,1.105053845122659639e-01,3.099781044729433763e-02,6.344340676527100709e-02,1.202019750659100118e-03,-1.211358863219983012e-01,5.024800035747799265e-02,1.549667098619241234e-01,-5.324187854685195898e-02,-2.608606282675722809e-01,-2.808704589123732220e-01,-2.470262299477188339e-01,-3.309799365476562838e-01,-7.561553241878546383e-02,-6.289378435140086099e-02,4.537736270610840533e-02
