1.000000000000000000e+00,4.496402877697841527e-01,3.316636132088118250e-01,1.714017605791143539e-01,3.214978327896688692e-01,2.340363733857634410e-01,6.059788194289289498e-01,2.457169667992314122e-01,3.150230126457839730e-01,3.645605254926493344e-01,6.845301398632647194e-01,3.742258367219268300e-01,7.510478573662808799e-01,-5.071719022297689443e-03,3.167880602350418018e-01,-1.353501050091603791e-02,-2.425086018142008082e-01,-1.892845971669868954e-01,5.602350417802404170e-01,3.739175119531703562e-01,1.771794986371151570e-01,1.220966084275436764e-01,-2.078332365163769735e-01,-3.148755529737700676e-01,-3.935743330801197426e-01,-3.486304124402341276e-01,1.563295947093256977e-01,-2.248089726976183061e-02,-1.138522722194914849e-01,-1.048885115510076460e-01,-1.188301532686893980e-01,-3.142723088609857274e-01,-2.753965771482193015e-01,-3.311542070691272932e-01,-1.252021984896554696e-01,-2.957013271370481089e-01,-2.609499977657625536e-01,-3.018142008132624343e-01,6.082934894320568553e-02,-1.799812324053800539e-01,-3.329728763572992745e-01,-2.899057151794092735e-01,-2.554448366772420487e-01,-2.339335984628446441e-01,-4.644443451450019911e-01,-4.192635953349121980e-01,-3.996603959068769640e-01,-1.121140354796907879e-01,-3.430537557531614379e-01,-2.855981053666383773e-01,-3.939541534474284012e-01,-2.653246347021761542e-01,-2.689753787032485577e-01,-7.108896733544840807e-02,-2.716251843245900410e-01,-2.291478618347558005e-01,4.365163769605433508e-01,2.761383439831985309e-01,2.561821350373117423e-01,1.005362169891415997e-01,6.410340050940613876e-01,2.635908664372849652e-01,5.397917690692166648e-02,-3.170606372045221000e-01,5.596317976674560629e-02,-2.979802493408999498e-01,-2.750212252558201786e-01,-3.871173868358729342e-01,2.051298091961213654e-01,-3.041690870905760027e-02,3.288306001161803716e-01,3.705661557710353549e-01,1.431833415255373276e-01,1.594083739219804285e-01,3.328298851601948494e-01,1.033602931319540646e-01,3.568747486482863329e-01,1.900040216274185567e-01,-1.810402609589347178e-01,-7.844407703650743691e-02,-1.739666651771750172e-01,7.877474417981143728e-02,-1.264891192635953232e-01,-2.028106707180839241e-01,-1.192635953349121952e-01,-2.963537244738370657e-01,-1.824120827561553360e-01,-1.152509048661691793e-01,1.373028285446177277e-01,-7.968631306135215420e-02,2.690021895527056495e-03,1.106483757093703890e-01,-1.905983287903838530e-01,9.288171946914518251e-02,-6.986013673533222890e-02,1.537646901112650344e-01,-4.152106885919835261e-02,1.282631038026721404e-01,1.031636802359354732e-01,3.269627776040037737e-01,1.970150587604450540e-02,3.164082398677331431e-01,2.346574913981857857e-01,3.029223825908217704e-01,7.958800661334286541e-02,-1.083247687564234396e-01,2.530944188748380230e-01,3.597613834398319943e-01,-1.637472630591179368e-01,-8.392689575048035977e-02,6.280888332812011032e-02,-3.251709191652888548e-02,-2.375932794137360915e-01,2.529737700522811661e-01,1.309799365476562727e-01,5.289780597881942742e-02
4.496402877697841527e-01,1.000000000000000000e+00,3.638321640823986569e-01,3.557486929710889645e-01,5.585146789400777800e-01,3.609231869163054829e-01,1.880959828410563583e-01,-3.283882211001384888e-02,3.573975602126994167e-01,3.922069797578086603e-01,3.353724473837079167e-01,-2.283390678761338961e-03,1.493006836766611611e-01,8.810491979087536896e-02,4.035300951785155688e-01,9.087090575986415952e-02,2.329862817820278070e-02,1.210912015729031649e-01,5.055364404128870337e-01,4.496983779436078410e-01,2.021403994816569072e-01,2.439966039590687752e-01,2.059296662049242554e-01,1.109879798024934056e-01,-3.990348094195451251e-03,-8.293042584565887831e-02,2.855266097680861370e-01,-1.227266633897850651e-01,9.363689172885293621e-02,1.654274096250949455e-01,1.282362929532150642e-01,8.764466687519549548e-02,2.111935296483310187e-01,1.556414495732606484e-01,2.152553733410786929e-01,6.157558425309441787e-03,-2.300058090173823788e-01,-2.346708968229143377e-01,-2.404039501318199976e-02,-4.052415210688591896e-01,-1.583761562178828408e-01,-1.617096385003798098e-01,-3.642387952991644195e-01,-2.695920282407614499e-01,-4.727557084766969009e-01,-4.367040529067429122e-01,-3.132669020063452159e-01,-3.139639840922293090e-01,-5.456901559497743248e-01,-4.602931319540640720e-01,-4.969971848608070175e-01,-4.613610974574377521e-01,-4.435184771437508111e-01,-3.067742079628222873e-01,-4.373028285446177166e-01,-4.321283345994011982e-01,7.812055945305866889e-01,6.939139371732427897e-01,-6.803699897225076731e-02,-1.707627686670539213e-01,1.598150051387461357e-01,6.971267706331829572e-02,3.506948478484293585e-01,1.943250368649180049e-01,7.332767326511461549e-03,-9.874882702533625822e-02,-1.675365297823852850e-01,-2.230260512087224589e-01,4.449171097904285332e-01,2.954198132177487945e-01,2.328879753340185044e-01,2.464274543098440573e-01,-3.078779212654720893e-03,6.452030921846374500e-02,3.332454533267795727e-01,1.954108762679297451e-01,1.098663926002055452e-01,-1.028911032664551611e-01,-3.688279190312346301e-02,-1.208230930783323609e-01,-7.084320121542517223e-02,5.004691898654989313e-02,-3.054023861656016692e-01,-2.485991331158675655e-01,-5.979266276419857584e-02,-1.762143080566602737e-01,5.100764109209526831e-02,1.387997676393047108e-01,-1.350060324411278545e-01,-2.337414540417355469e-01,-1.855757629920908036e-02,8.378837302828544276e-02,3.324545332677956988e-02,-3.481835649492828061e-02,-1.872425041333392881e-01,-6.602618526296974433e-02,-3.323428213950578858e-01,-1.603512221278877437e-01,-5.927878814960454296e-02,1.840341391483086841e-01,-2.589928057553956761e-02,-4.886277313552884333e-02,3.621609544662406921e-01,1.712319585325528526e-01,1.903346887707225432e-01,-1.896107958353813738e-01,7.525358595111487914e-02,1.798158988337280606e-01,-3.450466955628044285e-01,-2.831806604405916472e-01,-1.832208767147772421e-01,-2.058626390812815510e-01,-3.040573752178381550e-01,-4.448366772420572768e-02,-1.085392555520800772e-01,2.257116046293400069e-01
3.316636132088118250e-01,3.638321640823986569e-01,1.000000000000000000e+00,5.848697439563876888e-01,5.916350149693909710e-01,4.667679520979489682e-01,5.840609499977658103e-01,-5.889003083247687509e-02,3.969033468877072313e-01,3.993341972384825134e-01,-6.106617811340989133e-02,-2.611019259126859948e-01,2.020554984583761426e-01,-4.759819473613655788e-02,2.992358907904731913e-01,1.925912686000268159e-02,-2.963403190491085137e-01,-2.234371509003977019e-01,1.747709906608874431e-01,1.415702220832029956e-01,4.728897627239823098e-01,4.148710844988605650e-01,6.108628625050270822e-01,5.160105456007864078e-01,3.723401403101121443e-01,7.227311318646946481e-02,3.325126234416193594e-01,1.118727378345770601e-01,-3.515438580812368929e-01,-3.451137226864471330e-01,1.670718083917958896e-01,1.233835292014835300e-01,-1.416506546315742529e-03,-1.253094418874838023e-01,3.504356763036775568e-01,2.150900397694266997e-01,-4.040529067429286525e-01,-4.401313731623396897e-01,9.675141874078377335e-02,-4.030921846373832773e-01,-3.215603914384020934e-01,-3.528352473300862546e-01,-2.639438759551365199e-01,-8.357835470753831320e-02,-2.691988024487242392e-01,-4.140980383395147513e-01,-4.367263952812904804e-01,-1.959783725814379651e-01,-4.939139371732427786e-01,-4.442379016041824724e-01,-5.533446534697707975e-01,-4.090441932168550898e-01,-6.242548818088385909e-01,-4.005585593636891706e-01,-3.722016175879172550e-01,-4.634970284641851679e-01,3.869609902140399571e-01,3.875552973770052256e-01,1.350417802404039469e-01,2.555520800750703952e-02,1.929442781178783706e-01,4.921578265338039798e-02,-1.260288663479154636e-01,5.137852450958487610e-02,4.635238393136422719e-01,2.208945886768845790e-01,4.195897940033066487e-01,1.017739845390768089e-01,4.973948791277537085e-01,2.502748112069350661e-01,1.251485767907413171e-01,2.474686089637606612e-01,-1.472988069171991543e-01,-5.648599133115867615e-02,8.221100138522721701e-02,-2.295276822020644314e-01,1.042897359131328416e-01,-1.590464274543098577e-01,-4.487108449886053618e-01,-4.518655882747218411e-01,-3.726484650788685626e-01,-2.815139192993431072e-01,-3.480584476518164272e-01,-4.160239510255149820e-01,-5.591402654274096190e-02,-3.193038116090978207e-01,1.597747888645605352e-01,1.778855176728182663e-01,9.061173421511238557e-02,-2.225926091424996756e-01,1.560033960409312193e-01,1.329460655078421871e-01,1.149738594217793453e-01,1.115063228919969673e-01,-1.134143616783591796e-01,4.854104294204387993e-02,-3.022029581303901091e-01,-4.095804102059966839e-02,-1.171812860270789597e-01,2.560123329907502687e-01,-3.569864605210242015e-02,-1.221815094508244270e-01,4.991375843424639136e-01,2.295813039009785839e-01,3.603020689038831104e-01,1.508601814200813129e-01,2.966128960185888674e-01,5.317619196568211803e-01,-3.358014209750212475e-01,-3.678940077751463589e-01,-2.403637338576343763e-01,-2.918360963403190608e-02,-2.748469547343491692e-01,-1.002278922203851813e-01,-6.206264801823137972e-02,3.024755350998704073e-01
1.714017605791143539e-01,3.557486929710889645e-01,5.848697439563876888e-01,1.000000000000000000e+00,5.011037133026498003e-01,4.215559229634925353e-01,5.056794316099915143e-01,3.705929666204924033e-01,3.479333303543500344e-01,4.459225166450690447e-01,-1.357880155502926844e-01,-2.018901648867241494e-01,-2.069797578086599033e-02,-5.662004557844407815e-02,9.726529335537781318e-02,-1.239733678895393043e-01,-3.923723133294606535e-01,-3.282854461772197197e-01,2.617230439251083673e-01,2.438893605612404425e-01,3.832610929889628815e-01,2.039590687698288607e-01,3.978730059430716226e-01,4.536306358639796144e-01,8.275615532418785503e-02,-1.467894007775146226e-01,2.875731712766432802e-01,-6.208499039277894788e-02,-3.600697082085884126e-01,-3.270923633763796468e-01,3.612761964341570237e-02,1.342955449305152094e-01,7.140622905402385645e-02,4.725859064301354134e-02,4.739845390768130939e-01,3.697350194378658528e-01,-5.140444166406005211e-01,-5.111667187988739869e-01,3.002725769694803426e-01,-4.117386835872916540e-01,-4.776486885026140494e-01,-5.407971759238572318e-01,-4.889315876491353574e-01,-4.212565351445551887e-01,-3.039099155458241941e-01,-4.279860583582822953e-01,-4.246659815005138783e-01,-1.925287099512936195e-01,-4.106751865588274542e-01,-4.224362125206667096e-01,-4.961660485276375154e-01,-3.613968452567138945e-01,-4.419500424505116154e-01,-2.476428794852316984e-01,-2.739934760266320990e-01,-4.846954734349166460e-01,2.650073729836007197e-01,2.432950533982751740e-01,2.623441619375307260e-02,6.484650788685820955e-02,1.710979042852674437e-01,3.035881853523392238e-01,-8.855623575673622627e-02,-3.732070244425577527e-02,2.916841681933955988e-01,5.940345859957996133e-01,3.160462934000625723e-01,3.460923186916305405e-01,5.620492425935028624e-01,2.828053085481925244e-01,-6.599490593860316001e-02,-2.118057107109343543e-03,-2.886545422047455123e-01,-8.240314580633630037e-02,7.662093927342597532e-02,-8.466866258545958923e-02,1.950042450511640241e-02,-1.124491710979042824e-01,-2.735823763349568560e-01,-4.925778631752982806e-01,-3.710442825863533023e-01,-3.083113633316948987e-01,-3.148666160239510514e-01,-5.105321953617230069e-01,-6.183922427275570510e-02,-2.797131239108092138e-01,-1.078064256669198778e-01,2.395325975244649019e-01,7.509272085437240785e-02,-3.166361320881182911e-02,3.225523928683140529e-01,1.199517404709772583e-01,3.426247821618481626e-01,6.445328209482104054e-02,-2.426605299611242772e-01,1.306850172036284063e-01,-3.093391125608829784e-01,1.350819965145895647e-02,-1.326198668394477087e-01,-7.088788596452030855e-02,1.700790920058983802e-01,-2.026587425711604551e-01,4.530363287010143458e-01,2.864068993252603113e-01,5.528441842799052264e-01,3.000714955985522292e-01,3.514991733321417566e-01,3.659412842396889687e-01,-5.003038562938468825e-01,-4.673443853612762044e-01,-9.966486438178649709e-02,-1.588274721837436843e-01,-3.723133294606550958e-01,-1.341927700075964125e-01,1.515125787568702698e-01,4.163858974931855528e-01
3.214978327896688692e-01,5.585146789400777800e-01,5.916350149693909710e-01,5.011037133026498003e-01,1.000000000000000000e+00,6.996425220072389761e-01,5.506367576746056258e-01,2.256579829304258544e-01,7.048348898520935268e-01,6.913713749497296668e-01,1.728272040752491245e-01,3.766030653737879180e-02,2.249028106707180730e-01,3.021984896554805733e-01,5.751552795031056320e-01,2.970508065597211589e-01,-2.009875329550024625e-01,-5.334912194468027780e-02,3.976048974485008047e-01,4.024353188256847846e-01,4.414048885115510190e-01,4.820367308637562020e-01,3.930738638902542825e-01,2.199696143706152962e-01,1.665624022521113579e-01,-4.535055185665132216e-02,6.614057822065328995e-01,4.219357433308011940e-01,-2.080477233120336111e-01,-5.685687474864828395e-02,1.693954153447428390e-01,1.288663479154564528e-01,1.044774118593324030e-01,7.700075964073462009e-02,2.664149425800974025e-01,1.343134188301532694e-01,-3.933866571339201812e-01,-4.096519058045489103e-01,7.473971133652083931e-02,-3.772107779614817247e-01,-3.139952634165958933e-01,-3.532999687206756501e-01,-5.274185620447741085e-01,-3.731265918941865101e-01,-5.277268868135305269e-01,-6.090084454175789253e-01,-6.460297600428973608e-01,-4.575405514098038195e-01,-5.254256222351311179e-01,-5.214129317663881436e-01,-5.273157871218553394e-01,-5.310782429956655282e-01,-5.343804459537959684e-01,-3.028285446177219620e-01,-4.863532776263461144e-01,-5.855042673935385578e-01,4.786183475579784408e-01,4.368068278296617368e-01,3.735645024353188154e-02,-2.641315519013360744e-02,2.480182313776308212e-01,2.677688904776799883e-01,1.535144555163322766e-01,1.759596049868180079e-01,2.068591089861030463e-01,1.664775012288305933e-01,1.705616872961258357e-01,-7.574064971625184273e-02,4.398230483935832713e-01,2.111354394745073582e-01,3.174315206220116869e-01,3.545645471200679077e-01,-9.400330667143304286e-02,6.096787166540059560e-02,3.316725501586308411e-01,3.413021135886321750e-02,2.409982572947853008e-01,3.763349568792171557e-02,-2.005317485142320832e-01,-3.363197640645247954e-01,-2.370302515751374073e-01,-3.752178381518387479e-02,-3.688100451315965977e-01,-3.638768488314937932e-01,-6.537825640109030945e-02,-2.058671075561910591e-01,1.109209526788507150e-01,2.721926806380982056e-01,5.297823852719067000e-02,-2.349434737923946637e-01,7.446266589213101916e-02,-7.152240940167120531e-02,1.053174851423209213e-01,-1.042093033647616129e-01,-1.866928817194691559e-01,-1.156441306582063622e-02,-4.086956521739130710e-01,-2.112739621967022752e-01,-1.815541355735287576e-01,1.065239733678895462e-01,1.464944814334867562e-01,6.479288618794405187e-03,6.398051744939452501e-01,3.422315563698110075e-01,3.485321059922248388e-01,4.428258635327762816e-02,2.081728406094999761e-01,5.309129094240135904e-01,-4.219759596049867945e-01,-3.937262612270431839e-01,-3.896510121095669854e-01,-9.372626122704320883e-02,-3.395638768488314918e-01,7.323830376692434807e-02,-1.715447517762187790e-02,1.745788462397783736e-01
2.340363733857634410e-01,3.609231869163054829e-01,4.667679520979489682e-01,4.215559229634925353e-01,6.996425220072389761e-01,1.000000000000000000e+00,4.185218284999329685e-01,6.698690736851511951e-02,6.593279413736091721e-01,7.229590240850797267e-01,1.029268510657312674e-01,-1.129317663881317241e-01,9.666651771750302269e-02,-4.751329371285580028e-02,4.115465391661825567e-01,3.514053353590419482e-01,6.558827472183743901e-02,6.891282005451539183e-02,2.316993610080879396e-01,9.563876848831494304e-02,2.156485991331158758e-01,4.762366504312078308e-01,3.731668081683721105e-01,2.700075964073461732e-01,3.050985298717547867e-01,2.443138656776442097e-01,4.248045042227087675e-01,2.779212654720943920e-01,-1.357880155502926844e-01,-3.896063273604719046e-02,2.776442200277045580e-01,1.614549354305375439e-01,3.081907145091380279e-02,-9.920014299119711207e-03,1.007953885338933875e-01,6.316189284597166498e-02,-2.247196031994280405e-02,3.345994012243621446e-02,-1.405782206532910361e-01,-1.047589257786317590e-01,2.403145806336297319e-02,-2.089458867688457830e-02,-3.445641002725769453e-01,-3.487510612627909845e-01,-4.253809374860360037e-01,-3.782653380401269083e-01,-4.875597658519147393e-01,-4.214397426158452142e-01,-4.864113678001698027e-01,-4.460431654676259017e-01,-5.149827963715983836e-01,-4.873944322802627460e-01,-5.113052415210688206e-01,-3.477322489834219765e-01,-4.533401849948612283e-01,-5.083739219804280784e-01,3.499575494883596094e-01,1.127709012913892528e-01,-9.812324053800437762e-02,-2.108494570802985080e-01,7.014165065463157100e-02,-1.219893650297153645e-02,1.443719558514678925e-01,-9.391393717324277024e-02,3.673131060369095868e-01,1.783368336386791098e-01,9.032575182090352151e-02,-1.644220027704544340e-01,3.398230483935832935e-01,2.144018946333616227e-01,1.007194244604316460e-02,1.315965860851691337e-02,-1.633987220161758902e-01,-1.498860538898074135e-01,6.213861209169310729e-02,-5.806336297421690190e-02,4.903704365699986661e-02,-1.023593547522230612e-01,-1.527190669824388947e-01,-1.108405201304794724e-01,-3.322757942714151674e-02,-2.752580544260244122e-02,-1.656463648956611190e-01,-7.774252647571383568e-02,8.570534876446668504e-02,-1.631574243710621486e-01,2.348809151436614673e-01,2.252826310380267316e-01,-7.489610795835381640e-02,-5.239733678895393265e-02,1.266633897850663604e-01,1.461548773403637258e-01,1.211403547969078093e-01,-2.944278117878368004e-02,-6.989141605969882709e-02,-8.853836185709816620e-02,-7.211671656463648772e-02,-1.653425086018142087e-01,-2.734259797131239136e-02,2.786004736583403973e-01,-8.409669779704187498e-02,1.094731668081683762e-01,3.929710889673354579e-01,2.013628848474015853e-01,-5.393449215782653711e-02,-1.097680861521962564e-01,2.115376022163635572e-02,3.358148263997497440e-01,-7.535636087403368988e-02,-9.586219223379061072e-02,-6.873408105813486046e-02,-1.804370168461504054e-02,-2.259573707493632289e-01,-3.558246570445507129e-02,-2.080477233120336111e-01,-6.212520666696456223e-02
6.059788194289289498e-01,1.880959828410563583e-01,5.840609499977658103e-01,5.056794316099915143e-01,5.506367576746056258e-01,4.185218284999329685e-01,1.000000000000000000e+00,3.653469770767237002e-01,5.129719826623173606e-01,5.533357165199517258e-01,2.963313820992894976e-01,6.309486572232897439e-02,6.332812011260556817e-01,7.459225166450690614e-02,3.264220921399526576e-01,3.619911524196791491e-02,-5.141025068144242649e-01,-5.183207471290048884e-01,4.461012556414495900e-01,3.284954644979668492e-01,5.082532731578711660e-01,3.393851378524509466e-01,9.156798784574825267e-02,-8.360516555699540331e-03,-1.567540998257294649e-01,-3.343178873050627886e-01,3.934849635819294700e-01,1.612493855846999502e-01,-5.373921980428080225e-01,-4.014477858706823610e-01,-1.373966665177175084e-01,-2.201126055677197491e-01,-2.832030028151392154e-01,-4.137316233969346446e-01,1.294159703293266128e-01,-1.097636176772867483e-01,-4.550248000357478007e-01,-5.827025336252736887e-01,3.483042137718396769e-01,-2.084766969033468864e-01,-6.316993610080879895e-01,-6.544885830466061760e-01,-3.820948210375798570e-01,-4.520041109969167303e-01,-4.806470351668975516e-01,-6.422807095938156685e-01,-6.530988873497475256e-01,-8.604048438268019350e-02,-4.176594128423968821e-01,-4.276241118906117245e-01,-4.898208141561284923e-01,-4.111041601501407294e-01,-4.155056079360114341e-01,-8.567406944010010073e-02,-4.333258858751508069e-01,-4.282943831270387691e-01,1.912998793511774542e-01,6.967692926404217557e-02,1.980964296885472931e-01,7.260378032977345131e-02,4.690245319272532409e-01,3.146297868537468179e-01,-1.599088431118459164e-01,-3.604450601009875355e-01,3.020242191340095639e-01,1.759685419366370240e-01,2.364314759372626029e-01,-1.080164439876670074e-01,4.454175789802940488e-01,1.311497385942177879e-02,2.347468608963760583e-01,3.067205862639081348e-01,-5.876938200992001121e-02,3.527860941060816102e-02,1.882657848876178597e-01,-7.061084052013047452e-02,2.910138969569686096e-01,4.108315831806604729e-02,-2.599803387103981622e-01,-3.860494213324991986e-01,-3.883640913356271596e-01,-1.017427052147102245e-01,-1.034988158541489817e-01,-2.659949059386031434e-01,-7.302381697126771043e-02,-3.154653916618258003e-01,-2.873408105813485824e-01,1.059296662049242638e-01,2.834666428348004974e-01,-4.810313240091156767e-02,2.615845212029134226e-01,2.260824880468296216e-01,1.044729433844228950e-01,1.908440949104070750e-01,-2.978238527190669657e-02,3.789311408016444171e-01,-4.974306269270298286e-02,2.828410563474685890e-01,-7.927968184458644707e-02,2.043880423611421360e-01,1.032619866839447759e-01,1.692211448232718296e-01,4.665132490281067024e-01,5.163144018946334013e-01,4.161267259484338066e-01,3.449573260646141559e-01,5.405290674292864139e-01,6.084722284284374005e-01,-3.547477545913579888e-01,-2.036328701014343823e-01,7.020867777827427547e-02,-1.261137673711962004e-01,-3.815854148978953253e-01,2.987488270253362277e-01,4.051744939452164851e-01,3.498324321908932721e-01
2.457169667992314122e-01,-3.283882211001384888e-02,-5.889003083247687509e-02,3.705929666204924033e-01,2.256579829304258544e-01,6.698690736851511951e-02,3.653469770767237002e-01,1.000000000000000000e+00,1.795075740649716145e-01,3.767907413199874656e-01,1.866750078198310958e-01,4.822601546092318836e-01,1.210241744492604743e-01,3.651861119799812427e-01,7.346172751240001401e-03,-2.531837883730283026e-02,-3.867286295187452594e-01,-2.448634880915143697e-01,3.757495866660708894e-01,3.463648956611108387e-01,2.116493140891013980e-01,-1.868492783413021052e-01,-2.777693373251708953e-01,-2.151391929934313441e-01,-4.342374547566915655e-01,-4.479154564547119799e-01,1.401313731623397008e-01,6.614236561061709319e-02,-2.057553956834532460e-01,-7.241610438357388990e-02,-4.990839626435497611e-02,-5.517672818267125440e-02,7.209884266499844152e-02,1.702310201528218492e-01,-4.265606148621475802e-02,-5.414451047857365973e-02,-2.976495821975959633e-01,-3.242995665579337938e-01,3.636534250860181672e-01,-1.430537557531614545e-01,-4.169399883819652208e-01,-4.188256847937799066e-01,-3.414987264846507942e-01,-3.570177398453907580e-01,-2.796818445864426295e-01,-3.328075427856472812e-01,-3.175923857187541999e-01,-5.623575673622592530e-02,-4.893873720899057089e-02,-1.534116805934134797e-01,-1.736672773582376428e-01,-9.027213012198936903e-02,1.617587917243844655e-03,1.129898565619553985e-01,2.610483042137718562e-02,-1.167076276866705342e-01,-6.896644175342955818e-02,-1.543411233745922428e-01,1.783547075383171698e-01,3.666160239510254937e-01,5.031994280352115601e-01,7.154609231869163422e-01,6.150408865454220358e-02,-5.293802225300504871e-02,-2.537557531614459960e-01,2.720586263908127966e-01,-4.321908932481344223e-02,2.202377228651861141e-01,2.781178783681129488e-02,1.479512042539881181e-02,1.485231690424058393e-01,-7.082532731578712430e-03,-1.261897314446579384e-02,1.641985790249787802e-01,2.381652442021537919e-01,4.999329728763572678e-02,2.555029268510657370e-01,3.724875999821261052e-01,-1.536395728137986416e-01,-1.594932749452611931e-01,-1.505697305509629547e-01,8.631306135216050557e-02,7.810894141829393365e-03,-2.369051342776710423e-01,-1.570534876446668671e-01,-2.407614281245810672e-01,-2.500379820367308881e-01,3.737879261807944969e-02,4.478484293310693309e-01,-3.043478260869565341e-02,3.671745833147146976e-02,-2.994548460610393925e-01,-6.666070870012065497e-02,-2.861432593055989737e-01,-1.636042718620134839e-01,2.639483444300460002e-01,-9.076366236203584070e-02,1.786451584074355559e-01,3.669064748201438658e-02,-2.413825461370034398e-01,4.218016890835157851e-01,-8.007060190357030705e-02,3.507171902229768712e-01,2.039724741945573849e-01,3.992850440144778412e-01,1.721256535144555233e-01,2.942356673667277378e-01,2.256937307297019468e-01,-2.818401179677376134e-01,-1.790830689485678473e-01,1.027436435944412141e-01,-1.876312614504669490e-02,-1.620581795433218564e-01,4.067116493140890965e-01,3.481522856249162357e-01,9.466464095804101586e-02
3.150230126457839730e-01,3.573975602126994167e-01,3.969033468877072313e-01,3.479333303543500344e-01,7.048348898520935268e-01,6.593279413736091721e-01,5.129719826623173606e-01,1.795075740649716145e-01,1.000000000000000000e+00,6.316904240582689178e-01,2.598596898878413053e-01,4.914428705482818543e-02,3.505741990258724461e-01,2.253362527369408841e-01,5.341927700075964625e-01,3.801286920773939704e-01,-1.053577014165065495e-01,-3.257518209035255990e-02,2.299611242682872425e-01,1.842441574690558137e-01,2.229545556101702464e-01,3.176594128423969043e-01,2.145582912551945998e-01,3.145806336297421457e-02,8.238974038160776225e-02,1.590777067786764299e-03,4.898967782295902684e-01,3.124804504222709056e-01,-1.723535457348406852e-01,-2.081504982349524080e-01,4.425577550382054498e-02,-2.315563698109835214e-02,6.720139416417177103e-02,-4.229411501854417332e-02,8.021806157558425410e-02,-6.569998659457526591e-02,-2.491174762053711134e-01,-2.425443496134769283e-01,-3.406765271013003499e-02,-1.598462844631127477e-01,-1.471692211448232812e-01,-1.796952500111711759e-01,-5.422494302694490509e-01,-5.663255730819071188e-01,-6.089726976183028606e-01,-5.765271013003262501e-01,-6.456186603512221733e-01,-5.153581482639975064e-01,-4.514276777335895496e-01,-3.653380401269046840e-01,-3.856517270655525076e-01,-3.418427990526833327e-01,-4.034005094061396957e-01,-2.920952678850708417e-01,-3.773135528844005493e-01,-4.681665847446266349e-01,3.025023459493275113e-01,2.379016041824925098e-01,1.139818579918673719e-01,-2.807542785647258732e-02,3.330801197551275794e-01,2.152017516421645404e-01,6.417176817552169843e-02,-1.306492694043522862e-01,2.795611957638857725e-01,2.266499843603378139e-01,7.529380222530050390e-03,-2.390857500335135666e-01,1.809553599356539533e-01,1.451762813351802905e-01,2.173064033245453441e-01,2.574779927610706398e-01,-7.424817909647436764e-02,-8.494570802984940591e-03,2.139014254434961348e-01,8.495017650475893134e-02,1.493006836766611611e-01,3.679789087984271234e-02,-1.574467134367040499e-01,-2.095223200321730261e-01,-1.041824925153045228e-01,7.748335493096206519e-03,-1.967067339916886426e-01,-1.541936637025783097e-01,6.847937798829259459e-02,-7.762187765315697874e-02,2.116895303632869985e-01,4.431475937262612241e-01,2.199696143706152962e-01,-1.178649626882345008e-01,3.526073551097010789e-02,3.675320613074757603e-02,5.424728540149247047e-02,-3.980964296885473180e-02,-2.974440323517583695e-01,-1.033647616068635727e-01,-2.613164127083426602e-01,-2.767907413199874878e-01,-1.156441306582063483e-01,2.434916662942937515e-01,-1.689083515796058893e-02,2.163322757942714170e-01,2.965101210956700428e-01,1.638723803565843018e-01,5.883640913356271568e-02,-1.187720630948657236e-01,4.268734081058134927e-02,2.872425041333392937e-01,-2.415076634344698048e-01,-2.955225881406675636e-01,-2.846284463112739860e-01,-5.565485499798918795e-02,-3.912909424013584214e-01,-2.459001742705214585e-02,-1.408105813485857338e-01,-1.228383752625229058e-01
3.645605254926493344e-01,3.922069797578086603e-01,3.993341972384825134e-01,4.459225166450690447e-01,6.913713749497296668e-01,7.229590240850797267e-01,5.533357165199517258e-01,3.767907413199874656e-01,6.316904240582689178e-01,1.000000000000000000e+00,3.557218821216318605e-01,1.108271147057509204e-01,2.998882881272621481e-01,2.827606237990973881e-01,5.400956253630635473e-01,4.802046561508557243e-01,-1.119263595334912126e-01,-4.609678716654005970e-02,5.263371911166718764e-01,3.906206711649314323e-01,3.597881942892890428e-01,3.371732427722418102e-01,2.737387729567898331e-01,1.371821797220608707e-01,7.242057285848339798e-02,-6.475713838866795080e-02,4.899682738281424532e-01,3.396889941462978846e-01,-1.736270610840520146e-01,-3.875508289020956898e-02,2.888377496760355934e-01,1.343312927297913295e-01,1.156173198087492721e-01,3.587291657357343649e-02,1.553107824299566619e-01,-1.546092318691630503e-02,-2.241431699361008112e-01,-2.081281558604048398e-01,7.484248625943965005e-02,-2.139639840922293312e-01,-2.262344161937530629e-01,-2.886992269538406486e-01,-4.762277134813888146e-01,-4.350015639662183076e-01,-5.324232539434291533e-01,-5.838107154028330248e-01,-6.447339023191385188e-01,-4.331963001027749338e-01,-5.846105724116359426e-01,-6.016265248670629173e-01,-6.317842620313687263e-01,-6.317753250815496546e-01,-5.417757719290405838e-01,-3.020733723580142360e-01,-5.469368604495286057e-01,-5.593100674739711620e-01,4.105545377362705972e-01,1.293310693060458483e-01,-9.158139327047679079e-02,-1.061039367263952871e-01,2.460431654676258906e-01,2.532105992224853441e-01,2.060726574020286805e-01,-1.877653156977523649e-02,2.803476473479601383e-01,2.178515572635059683e-01,-1.023727601769516132e-02,-1.468296170517002508e-01,3.205371106841234941e-01,1.551677912328522368e-01,1.676348362303945738e-01,1.660485276375173180e-01,-2.655614638723803322e-01,-5.156173198087492943e-02,2.235175834487689306e-01,3.588632199830198155e-02,2.380535323294159789e-01,8.279190312346396130e-02,-1.962241387014611871e-01,-2.768756423432682245e-01,-2.031994280352115712e-01,1.479065195048929852e-02,-1.320836498503061007e-01,-2.037579873989007473e-01,-2.002770454443898382e-02,-1.308369453505518476e-01,1.335493096206264718e-01,2.594664640958040946e-01,1.179766745609723416e-01,-1.017203628401626564e-01,6.716564636489566475e-02,6.773314267840385705e-02,2.575182090352562750e-02,-1.081236873854953262e-01,-1.440725680325304903e-01,9.810089816345680946e-02,-2.325975244649001183e-01,-8.274274989945931691e-02,-7.835917601322668624e-02,1.442736494034586037e-01,4.794673577907859752e-03,7.660753384869743721e-02,4.923142231556369985e-01,3.036820233254390322e-01,1.741990258724697149e-01,-2.583672192680638163e-02,1.418427990526833216e-01,3.753340184994861106e-01,-2.477635283077885553e-01,-1.973323204790205232e-01,-7.391304347826087306e-02,-1.116090978149157642e-01,-3.499932972876357296e-01,1.678269806515036433e-01,-4.195897940033066660e-03,6.487331873631529966e-02
6.845301398632647194e-01,3.353724473837079167e-01,-6.106617811340989133e-02,-1.357880155502926844e-01,1.728272040752491245e-01,1.029268510657312674e-01,2.963313820992894976e-01,1.866750078198310958e-01,2.598596898878413053e-01,3.557218821216318605e-01,1.000000000000000000e+00,5.108583940301175685e-01,6.906742928638455181e-01,2.245498011528665183e-01,3.811117565574869137e-01,2.178873050627820607e-01,1.504401447785870816e-01,1.434335761204700854e-01,5.167478439608561569e-01,3.445775056973054973e-01,-2.276241118906117272e-02,-4.638276956074891683e-02,-3.382992984494392341e-01,-4.507484695473434888e-01,-4.226685732159614073e-01,-3.045355020331561025e-01,9.757808659904373960e-02,-3.543053755753161616e-02,2.261405782206532822e-01,1.622771348138880299e-01,-1.368693864783949304e-02,-2.536127619643415709e-01,-4.164618615666473150e-02,-1.263371911166718820e-01,-2.216855087358684528e-01,-2.972429509808302561e-01,-8.877072255239286391e-02,-3.706599937441350939e-02,-1.197327852004110987e-01,-3.100674739711336420e-02,-3.900978596005183398e-03,-4.709772554627105617e-03,-2.148442736494034500e-01,-1.886634791545645506e-01,-3.504401447785870927e-01,-3.182179722060860527e-01,-2.735108807364046712e-01,-2.870771705616873004e-01,-3.677554850529514141e-01,-3.470575092720854515e-01,-3.958309129094240153e-01,-3.435944412172125539e-01,-2.826176326019929630e-01,-1.960141203807140575e-01,-3.745833147146878650e-01,-2.541936637025782875e-01,4.261897314446579377e-01,1.842218150945082455e-01,8.511551007641092459e-02,-1.495151704723178022e-02,5.545600786451584385e-01,2.406809955762098385e-01,4.167657178604942114e-01,-8.185799186737566235e-02,-6.023951025514991814e-02,-2.636802359354752379e-01,-3.930247106662496104e-01,-3.641494258009741469e-01,-4.006434603869699074e-02,-1.743152062201170846e-02,4.181196657580767417e-01,4.054560078645158550e-01,2.108449886053889721e-01,2.063362974216899903e-01,2.748827025336252894e-01,1.714732561776665665e-01,3.047767996782698163e-01,2.545198623709727936e-01,1.619688100451315838e-01,7.247866303230707241e-02,1.284999329728763462e-01,2.776397515527950222e-01,-3.231601054560078595e-02,4.379552258814066457e-02,-5.390768130836945393e-02,-9.527682202064435835e-02,2.236471692211448176e-02,6.301890164886723988e-02,-1.042495196389472273e-02,-9.065195048929799992e-02,-1.924169980785557788e-01,-5.943965324634702119e-02,-2.617453862996559355e-01,-1.062245855489521440e-01,-3.134635149023638073e-02,-8.105813485857276193e-03,-4.075695964967156887e-02,1.301666741141248480e-02,7.896688860092050677e-02,1.114482327181732929e-01,1.113990794941686381e-02,2.537512846865364602e-01,8.056660261852630067e-03,4.073461727512400071e-02,-1.503865230796729013e-01,-2.663702578310022662e-01,-6.561508557129451524e-02,9.281469234550247804e-02,4.742392421466553459e-02,-3.896510121095670114e-03,8.153626167389070589e-02,-9.268063809821708299e-02,-1.771482193127485727e-01,2.103668617900710525e-01,-6.362661423656106041e-02,-1.848697439563876943e-01
3.742258367219268300e-01,-2.283390678761338961e-03,-2.611019259126859948e-01,-2.018901648867241494e-01,3.766030653737879180e-02,-1.129317663881317241e-01,6.309486572232897439e-02,4.822601546092318836e-01,4.914428705482818543e-02,1.108271147057509204e-01,5.108583940301175685e-01,1.000000000000000000e+00,3.276330488404307628e-01,5.255418025827784945e-01,2.151749407927074365e-01,1.279056258099110777e-01,-7.408284552482237439e-02,9.982572947852898226e-02,3.908217525358594902e-01,3.712855802314670162e-01,-1.208364985030608990e-01,-1.603601590777067876e-01,-4.350105009160373792e-01,-5.859153670852138562e-01,-5.649358773850484683e-01,-3.262299477188435604e-01,-1.464229858349345437e-01,1.012064882255686166e-01,2.078600473658340497e-01,1.296662049242593429e-01,-3.611868269359667233e-02,-2.795656642387953084e-01,-1.977746994950623297e-02,4.757585236158898973e-02,-3.416015014075696188e-01,-2.739309173778989304e-01,-1.172125653514455579e-01,-5.300504937664775318e-02,-1.209482103757987398e-01,-7.564681174315206202e-02,-6.422985834934537286e-02,2.736494034585995952e-02,-1.783055543143125254e-01,-8.186246034228518431e-02,-2.735645024353188237e-01,-1.601412038071406141e-01,-2.197506591000491505e-01,-2.080030385629384748e-01,1.344161937530720663e-01,7.648241655123105831e-02,7.857813128379284584e-02,1.732517091916528917e-01,2.062916126725948540e-01,1.578756870280173252e-01,1.476384110103221847e-01,1.303588185352339279e-01,-9.924482774029224491e-03,4.369721614013137578e-02,3.910809240806112919e-01,3.979802493408999275e-01,5.271727959247508588e-01,4.552660976808615145e-01,3.187631261450467046e-01,4.748648286339872404e-02,-2.629965592743196967e-01,-3.274409044193216656e-01,-2.215648599133115959e-01,-3.886232628803789474e-02,-3.248313150721658937e-01,-1.391304347826086973e-01,3.424683855400151855e-01,2.670941507663434633e-01,2.738772956789847779e-01,4.069574154341123462e-01,3.819160820411993118e-01,3.852853121229724565e-01,3.272666338978506562e-01,4.868403413914830780e-01,5.335805889449930783e-02,1.151972831672550129e-01,6.605746458733634252e-02,2.459940122436212462e-01,6.093212386612448933e-02,-1.814200813262433626e-02,-1.126591894186514120e-01,1.262791009428482041e-02,-1.147414987264846475e-01,-1.099736359980338779e-01,7.452522454086420167e-02,-1.035524375530631341e-01,-3.581840117967737824e-01,-4.513383082353992770e-01,-3.982036730863756091e-01,-3.045176281335180146e-01,-1.950131820009830541e-01,-1.156485991331158703e-01,-1.424281692658295739e-01,-1.039769426694669152e-01,1.307028911032664664e-01,-1.423834845167344376e-01,2.745207560659546631e-01,8.032530497341257292e-02,-3.922874123061798751e-02,-1.608785021672103355e-01,-3.721345904642745644e-02,-2.350909334644085968e-01,-1.076768398945439908e-01,-9.638500379820366670e-02,-6.298762232450064169e-02,-6.749184503329014317e-02,-9.793556459180481621e-02,1.168997721077796176e-01,-7.966397068680459992e-02,3.045310335582465666e-01,2.023325439027659836e-02,-2.863532776263461033e-01
7.510478573662808799e-01,1.493006836766611611e-01,2.020554984583761426e-01,-2.069797578086599033e-02,2.249028106707180730e-01,9.666651771750302269e-02,6.332812011260556817e-01,1.210241744492604743e-01,3.505741990258724461e-01,2.998882881272621481e-01,6.906742928638455181e-01,3.276330488404307628e-01,1.000000000000000000e+00,1.139192993431341894e-01,4.435586934179364671e-01,1.880110818177755938e-01,-1.478931140801644506e-01,-1.847490951338308374e-01,4.149604539970507822e-01,2.670181866928817427e-01,1.852361588989677732e-01,1.863354037267080654e-01,-2.271102372760177013e-01,-3.903034094463559422e-01,-3.448232718173287470e-01,-2.897716609321238646e-01,1.289199696143706053e-01,8.818982081415613350e-02,-4.992627016399302925e-02,-9.480316368023593288e-02,-1.508333705706242367e-01,-3.413155190133607131e-01,-2.474328611644845688e-01,-3.815988203226238773e-01,-1.046338084811653801e-01,-2.744001072433978061e-01,-2.096295634300013311e-01,-2.774297332320478926e-01,3.409446355958711296e-03,2.149336431475937399e-03,-2.438268019125072739e-01,-2.473122123419277119e-01,-2.079315429643862623e-01,-2.386344340676527231e-01,-4.336565530184547934e-01,-4.645783993922874000e-01,-4.841458510210465138e-01,-1.371553688726037668e-01,-3.895303632870101285e-01,-3.239152777157155993e-01,-3.976451137226864607e-01,-3.489968273828142342e-01,-2.599982126100361945e-01,-6.321104606997632325e-02,-2.901648867241610197e-01,-2.516600384288842363e-01,1.551633227579427010e-01,8.810045131596586088e-02,1.157871218553107873e-01,-3.653871933509093145e-02,5.844988605388981018e-01,1.763349568792171307e-01,-7.440010724339782971e-03,-4.304660619330622495e-01,1.977925733947003828e-01,-2.044729433844229005e-01,-2.179007104875106127e-01,-4.514276777335895496e-01,9.180928549086196655e-02,-1.001519281469234607e-01,4.049242593502837551e-01,4.424996648643818031e-01,2.419902587246972603e-01,1.875865767013718266e-01,3.556101702488940752e-01,7.582108226462308531e-02,4.275079315429644033e-01,2.700388757317127575e-01,3.874167746548103260e-03,-6.666964564993967460e-03,-5.444836677242056999e-02,1.940301175208901108e-01,-2.685553420617543124e-02,-3.947450735064122335e-02,8.114303588185352301e-02,-6.399749765405067514e-02,-2.192814692345502470e-01,-2.084543545287993044e-02,1.951963894722731074e-01,8.276062379909736311e-02,-8.579471826265694726e-03,2.125653514455516369e-01,-2.058671075561910591e-01,2.500513874614593846e-01,-3.560927655391214752e-02,1.073506412261495124e-01,3.073417042763304866e-02,1.434737923946557137e-01,5.855936368917288859e-02,3.371598373475133137e-01,-1.065731265918941871e-02,4.793690513427766864e-01,5.336252736940882285e-02,2.727601769516064256e-01,-3.254390276598596865e-02,-4.337995442155592046e-02,1.264220921399526465e-01,2.284239688994146311e-01,-5.884534608338173878e-02,-5.288886902900040432e-02,2.967067339916886273e-02,3.739219804280798781e-02,-1.988560704231645826e-01,3.120916931051432308e-01,1.296438625497117747e-01,-5.382724875999821135e-02
