1.000000000000000000e+00,7.760654880803479205e-01,-1.852819833106203505e-03,4.299802116975003363e-01,8.826796348498142097e-02,-1.272705210297384558e-02,2.148010902234584740e-01,3.244581552074971564e-01,1.802602348460806136e-01,3.337875931076968866e-02,3.110777157578359930e-01,3.523017902813299074e-01,1.543814288647861466e-01,-1.708607911587357864e-02,4.810330987361621791e-02,-9.820878525958146033e-02,3.623172848955513725e-01,2.317191554501838724e-01,6.283206078369145686e-01,6.960442063210559027e-01,-2.683461832844848405e-01,-3.338575988948419559e-01,-1.495650307092052933e-01,-2.673521011070248421e-01,-2.327832434147889540e-01,-3.192590587488565723e-01,-3.030830548658688950e-01,-2.934922620269942439e-01,1.223421136147254812e-01,2.034368174435753282e-02,-8.150073739429125608e-02,-5.821214553736442365e-02,2.327505740474545837e-01,1.386907984393376536e-01,-3.495435622678141341e-01,-2.135689883697052260e-01,-4.019218922097559932e-01,1.325909608527638291e-02,-2.443155300838202593e-01,-1.462047529262419099e-01,-1.982937256146508065e-01,7.567158885134504798e-02,-2.332406145574700829e-01,-1.353305206563742702e-01,-3.377032501353445237e-01,-2.137743386786641053e-01,-1.402355928090055492e-01,1.166109731737823701e-01,-1.985504135008493987e-01,-1.726762745720312742e-01,-2.643465193122631618e-01,-1.603879254018332201e-01,2.249519293594937075e-02,1.416263744469542785e-01,-6.334123620885993844e-02,2.758881400862471245e-01,6.679812197808352447e-01,4.970550898874306900e-01,1.893843224373214784e-01,2.111514551869621281e-01,1.054333824929527541e-01,1.215253794313663205e-01,-1.037485765489947094e-02,2.094526480855750661e-01,-4.952909440513749151e-01,-4.230589728750910328e-01,-1.753551626934493346e-01,-1.222207702503406990e-01,6.961562155804880137e-01,4.217988687064797571e-01,-4.465389138835477167e-01,-1.494343532398678398e-01,9.314970037523101487e-02,-3.105456717755334523e-02,-7.882651632534955904e-03,-1.292773535945638229e-02,7.354807997461124125e-02,5.898220919596020018e-02,-2.570145798719360858e-02,5.123490208523904382e-02,-2.302583680250900877e-01,3.562827860436462712e-02,-1.513898482274534663e-01,-6.908637780723206334e-02,-5.811367073011368678e-01,6.062034461515485029e-02,-2.465650493774151908e-01,6.454066869527881611e-02,-3.728928258069333923e-01,2.266554035133571121e-01,-2.570472492392704700e-01,-3.499822652005898926e-02,-1.589318050292157503e-01,-1.043552933709186586e-01,-1.540594022439188415e-01,-4.662852129109339855e-02,1.138714133701719394e-01,3.126411783374092312e-01,2.219556816696846846e-01,4.326404316090129987e-01,2.023633953740175753e-02,4.023139246177683814e-01,2.767982153191330674e-01,3.092855676069221627e-01,-1.562902533276084027e-01,1.269298261989657839e-01,-1.583717587320551956e-01,1.432271734463382296e-01,8.065133384359773894e-02,-1.141374353613232029e-01,-1.755838482647898990e-01,1.410849963596990664e-01,-1.357458883267683436e-01,-1.031418597270707810e-03,-1.566076128959993929e-01,-1.325722926428584691e-01
7.760654880803479205e-01,1.000000000000000000e+00,-5.350775664121567438e-02,3.460899434353240101e-01,-2.803965127783896935e-02,-8.795060391659044463e-02,1.308968208038531200e-01,2.196688259562790402e-01,-1.131760225511975644e-02,-1.223794500345361941e-01,2.505507121922078695e-01,3.713013609125020986e-01,1.934166557768775552e-01,7.514421192151884976e-02,-1.206666417757201321e-01,-2.354154610114436164e-01,4.530681202979446320e-01,3.942492579386562834e-01,4.866662310751022069e-01,6.520665708365225299e-01,-1.549554763193757290e-01,-3.531138574122127394e-01,-1.975329960610077151e-01,-2.818806354658651703e-01,-1.662824126794481550e-01,-1.744264192506580491e-01,-1.976543394253925112e-01,-1.921565516082662795e-01,1.171756865234192674e-01,4.782328672503593364e-02,-7.023913976888756204e-03,9.425112475964679548e-02,2.509940821774599984e-01,1.178010715552485627e-01,-3.107930255567793454e-01,-1.849692907947056986e-01,-3.665596355965426434e-01,7.573226053353744602e-02,-2.103860585808426942e-01,1.244236190191722567e-02,-2.013926484589392829e-01,3.273003901655870129e-02,-3.242761401609199901e-01,-2.771575783598110854e-01,-5.040276662870797342e-01,-4.269606287453096005e-01,-3.092949017118748478e-01,-9.828812515167920094e-02,-3.932038381839565444e-01,-3.982582560158306473e-01,-4.413678197397651326e-01,-3.212845595235873097e-01,-9.360240446543581505e-02,7.244665559019546064e-02,-4.401963895682042827e-02,2.758414695614837542e-01,7.938282898052905212e-01,7.843215039109899811e-01,2.296469841506897924e-01,2.960964773087908508e-01,1.216653910056564730e-01,2.152117908413762326e-01,9.489517800138144721e-02,2.603141859727070573e-01,-4.277073571415236919e-01,-3.775038736535553663e-01,-1.309668265909981755e-01,-1.217727332126122414e-01,4.556583344223122389e-01,4.210661414676946657e-01,-2.994287527768962343e-01,2.813765937984206641e-02,1.417943883361024449e-01,8.894001904157410043e-02,-4.710922769615621258e-02,1.509324770847723408e-02,8.609311703100790136e-02,2.258853398547613217e-02,-4.314223309126887645e-02,2.995780984561390373e-02,-1.268178169395336730e-01,7.380476786080983342e-02,-7.038381839565403808e-02,3.386879982078518786e-02,-5.643026490189855249e-01,2.493606138107416770e-02,-1.921565516082662795e-01,1.332350140944984773e-01,-1.337203875520376339e-01,3.049965463811675215e-01,-3.781712621576717170e-01,-2.627083838930684978e-01,-2.989060428995463647e-01,-3.203138126085089965e-01,-9.921686859447047258e-02,-6.590344801836951760e-02,3.009222095693244170e-01,3.318180969626822741e-01,3.012255679802863795e-01,4.268766218007355451e-01,1.908497769148916334e-01,4.232923254989078843e-01,4.136688632926988629e-01,4.335131704220882010e-01,-1.968376052420333366e-01,-2.607948923777698991e-02,-1.208299886123919559e-02,2.540043310246980490e-01,-7.307670767450109850e-02,-1.653956727089439527e-01,-1.793921630854817262e-01,2.416226408049731988e-01,-2.045102395131330741e-01,-6.906770959732670689e-02,-2.375949745178934924e-01,-1.177497339780088532e-02
-1.852819833106203505e-03,-5.350775664121567438e-02,1.000000000000000000e+00,5.365756902570611997e-01,-6.764425859204360736e-02,-2.513767804805197015e-01,5.736274198667089541e-01,5.656700953945525967e-01,1.564255978494222266e-01,-2.551384247764482138e-01,-3.292885545205070374e-01,-3.471773666623107490e-01,2.018920230739074395e-01,-3.778445684843280417e-02,1.110571807269400968e-01,-5.698517744133515528e-01,-2.741706647749547199e-01,-1.508764724550562819e-01,4.906098904176078301e-01,2.922508260682883385e-01,-2.203128791980137058e-01,-3.284064816024791500e-01,6.730029682453749773e-01,7.523895308678850702e-01,2.507513954486904062e-01,-9.002744226856086718e-02,-4.609087684581925637e-01,-5.028188996957081436e-01,-1.520712378889988170e-01,-4.256351858420296015e-03,2.573832770175668028e-01,2.331099370881326294e-01,2.397604868669143408e-01,4.067196221554315039e-01,2.658726454720257149e-01,2.362041928799447355e-01,-1.875641719715496480e-01,-4.818731681819030110e-01,-4.039193906696286751e-01,-4.682080385311852555e-01,-2.277941643175835917e-01,-5.882352941176470507e-02,2.409179158810461630e-01,-5.608863666063060999e-02,3.190117049676106653e-01,2.408012395691377094e-01,1.835411727369462564e-01,-1.360399126327776487e-01,5.825414900965146525e-02,-1.806149308342823012e-03,-5.528590363470047009e-02,-2.337819926447252949e-01,3.477327459069949889e-01,-1.393208505236432915e-01,-3.715907181660350611e-01,-6.942707263800473871e-01,-1.639675546511845106e-01,-3.478074187466164147e-01,-4.236890249593966429e-01,-4.553969794836373319e-01,-2.011779640450277185e-01,-2.556284652864636575e-01,-1.181604345959265945e-01,-3.276504191013123735e-01,4.115453544159650701e-01,4.570351149028319404e-01,1.066281479268952892e-01,-1.447252972912427445e-02,2.180680269568951168e-01,-7.460750088673996638e-02,6.029831799428752616e-03,-4.293594937181473559e-01,-5.679802863703399887e-03,1.378693972035021642e-01,-2.081178710773423923e-01,2.035208243881494183e-01,-2.613362704650251112e-01,-5.010034162824126280e-01,-3.462346220620904913e-01,-1.618020423021636345e-01,-2.218856758825396291e-01,-3.462906266918065468e-01,-2.814092631657550414e-01,-6.031278585696417949e-01,-1.491589971437638773e-02,-6.002529542442175403e-01,-3.993410121903410714e-01,-4.050954878936658954e-01,-3.235200776597531996e-02,-6.090036776373513039e-01,3.231187111467881401e-01,4.686654096738663428e-02,5.588281964642410893e-01,3.194830772677207942e-01,-3.845417887878731511e-01,-2.739093098362798129e-01,-2.341180204230216277e-01,-5.253934325237552549e-01,-1.145294677693356050e-01,-2.418839957436481336e-01,-1.079115873578882501e-01,-3.406808296152482041e-01,-1.688866279612447896e-01,-4.324257471951014620e-01,-2.198181716355218640e-03,8.639180838949353514e-02,2.479604980678402903e-02,-3.941465827841768022e-01,1.069221722329045943e-02,-2.799484757406612290e-01,-1.244376201766012602e-01,-5.493120764649877391e-02,4.175238486381540604e-01,2.781143241174603986e-01,4.283560774357346723e-01,1.488416375753728871e-01
4.299802116975003363e-01,3.460899434353240101e-01,5.365756902570611997e-01,1.000000000000000000e+00,2.218950099874922866e-01,2.227584146956148453e-02,6.299727444135382326e-01,6.140394272593201475e-01,3.703352810499001002e-01,-4.858401627867903541e-03,-2.034508186010043629e-01,-4.510706218380719501e-02,1.970429555509922159e-01,-7.616629641383687588e-02,9.920286743704145871e-02,-4.240763903149327163e-01,-1.003509623462206235e-01,-8.456699087124536218e-02,6.414956969776167695e-01,5.118869826572329806e-01,-3.587236544887710821e-01,-3.770091660910635523e-01,2.844708495902327772e-01,2.582560158306420051e-01,5.499187932869117196e-02,-1.881428864786155730e-01,-4.300688856945507621e-01,-4.679280153826049782e-01,-1.337623910243246894e-01,-1.523092575652920666e-01,3.647768215505815120e-02,5.312039128567961482e-02,1.606072768682210994e-01,4.296955214964436887e-01,-6.888102749827318405e-02,-9.634663132152257448e-02,-4.095478559560923881e-01,-2.902439935034629714e-01,-3.662936136053913661e-01,-3.314307316071462006e-01,-3.311647096159949233e-01,1.242836074448821181e-02,2.816099464222375851e-02,-6.265984654731457382e-02,-1.136240595889260185e-01,-4.807064050628185453e-02,-5.276569529747792558e-02,-1.809882950323893347e-02,-1.443099296208486537e-01,-8.572908693785352696e-02,-1.702494072843355188e-01,-1.600052270987734893e-01,1.415890380271435656e-01,2.896839472063023752e-02,-4.000877405865551628e-01,-2.253952993447458364e-01,1.406742957417813078e-01,8.354023932645098871e-04,-2.589327384397110410e-01,-1.580824014785222331e-01,-1.854033266750051423e-01,-1.670804786529019731e-02,-2.452069371068008319e-01,-9.575858270950399209e-02,-1.845679242817406251e-01,1.128866652976646123e-01,-9.734538055145891544e-02,1.416917131816230156e-02,5.392405772210502324e-01,1.666277745626971729e-01,-2.696809602927175420e-01,-2.857122855489387381e-01,-7.578359811077715891e-02,-6.286986390874979569e-02,-2.063817275561446452e-01,-1.011816976870087981e-01,-1.923338996023671310e-01,-3.753010248847237773e-01,-2.754821065208057362e-01,-2.671420837455896341e-02,-3.582569492411372680e-01,-2.214843093695745557e-01,-3.383333022196501338e-01,-4.123714227042769020e-01,-4.371441372486792321e-01,-2.430694270726380113e-01,-3.448158381092836788e-01,-2.402085239046427845e-01,-3.865626225101275182e-01,-3.072880691470494807e-01,1.778193664009558028e-01,5.823548079974611574e-02,3.612578639834226335e-01,1.734743405454851062e-01,-3.884807810779024595e-01,-1.516278679037467159e-01,-2.293249575298224596e-01,-1.389148169582018755e-01,9.775608116937667402e-02,1.826124292941549709e-01,-1.700393899229002970e-01,1.134793809621595373e-01,-3.716840592155618017e-02,-9.683200477906173109e-02,4.960143371852072935e-02,3.491141934399910607e-01,-1.785567606922172368e-01,-1.461674165064311970e-01,1.687419493344783084e-01,-3.044551682939122816e-01,-1.561362405958892641e-01,5.380178094722497251e-02,2.664513599790915843e-01,1.485662814792689523e-01,3.487781656616946724e-01,2.338053279071069801e-01
8.826796348498142097e-02,-2.803965127783896935e-02,-6.764425859204360736e-02,2.218950099874922866e-01,1.000000000000000000e+00,7.964885097168032946e-01,-4.199413818208971860e-02,-1.569529747792484248e-02,8.824369481210446731e-01,7.555491253943659169e-01,1.465454477570145905e-03,-1.537700449903858790e-01,-1.030251834151623136e-01,-3.372878824649504503e-01,6.202466070528497299e-01,2.889838893348516818e-02,-2.005805813280564509e-01,-2.086312468497395767e-01,2.846902010566206660e-04,-3.710773423936378906e-02,3.484421378833983673e-02,6.653350010267515546e-02,-1.358578975862004615e-02,-1.012143670543431545e-01,6.312328485821494528e-01,4.057302070304478758e-01,1.036645696044206366e-01,1.108098269456941759e-01,-4.444434073216719377e-02,5.166427091306214497e-02,-2.192114548135979182e-02,-2.385563873280191205e-01,-1.724755913155487652e-01,4.919073310060298118e-03,-1.269531614613474690e-01,-1.890576287639778308e-01,-9.199693841357552138e-02,1.107491552635017813e-02,1.157662366755651817e-01,1.115565553419082673e-01,6.190845109862415374e-02,1.172130229432299803e-01,8.569641757051915665e-02,1.277605615397539585e-01,-4.765993988836410289e-02,-4.807997461123452582e-02,-8.223813168555267616e-02,1.052046969216121897e-01,-4.823398734295368528e-02,6.376127093173035443e-02,-4.572311311068381900e-02,6.279985812160471248e-02,-3.158101069688427631e-01,-1.251096757331939535e-01,-1.580030615864244647e-01,2.453002781563275864e-02,-2.217876677805365182e-01,-1.656150241753318320e-01,-1.539333918270577028e-01,-6.953441484496052094e-02,-8.713386973323128393e-02,5.628465286463681105e-02,-1.569156383594377258e-01,-5.001213433643848100e-02,-1.246849739578471811e-01,-1.134980491720648937e-01,-6.352325125543711870e-02,-4.341292213489648250e-02,-3.780312505833815454e-03,-1.407909720536897613e-01,-6.908637780723206334e-02,-9.416245076259636970e-02,-9.360707151791214375e-02,-2.343793753616965625e-02,2.771575783598110854e-01,-1.974769914312916597e-01,1.136613960087367176e-01,1.219734164690947781e-01,8.434297235238112644e-02,-9.410177908040398553e-02,-1.558422162898799590e-01,-1.805495920996135761e-01,6.818563667929881944e-02,2.627083838930684839e-02,-1.494483543972968398e-01,-2.033574775514775945e-01,1.085743088095282582e-01,-1.516605372710810862e-01,-1.491496630388112199e-01,-2.115994922246905718e-01,3.186663430843616335e-02,-1.913491515298598082e-03,3.679504172344914142e-02,-7.079918606604812537e-03,-7.751974163197490608e-02,1.261130920156066371e-01,-1.210960106035432193e-01,-2.814232643231840553e-02,-9.806410663281497908e-02,-4.830866018257509026e-02,-2.263567121548714645e-01,4.444900778464352942e-02,-1.826264304515839987e-01,-5.217764668545932932e-02,-1.484122687475498015e-03,8.143073160714618675e-02,-1.589131368193104077e-01,-1.126299774114660202e-01,2.173913043478260809e-02,-1.678738775738794486e-02,-1.502837567905613569e-01,-9.250564713349636314e-02,-7.015979987678981622e-02,8.872533462766254986e-02,2.905193495995668784e-01,5.478652901973229961e-02
-1.272705210297384558e-02,-8.795060391659044463e-02,-2.513767804805197015e-01,2.227584146956148453e-02,7.964885097168032946e-01,1.000000000000000000e+00,-2.224783915470345541e-01,-2.063863946086209877e-01,6.408656448933112149e-01,7.574859521720461730e-01,7.610095767916814913e-02,-1.688072880691470629e-02,-2.795097728078854357e-02,-2.069604420632105701e-01,5.194942781936640053e-01,2.750760729553642925e-01,-1.278399014318516991e-01,-2.519274926727276265e-01,-1.810909701868687882e-01,-8.574308809528254083e-02,2.431347658073067242e-01,1.107864916833124908e-01,-7.020647040155320040e-02,-8.955140291597438185e-02,5.417887878731308948e-01,5.239326450986614425e-01,1.425084473649821659e-01,3.351783747456456575e-01,-1.033705452984113315e-01,-6.020497694476076344e-04,-3.262736386207926859e-02,-1.726109358373625613e-01,-3.144286594358466913e-01,-1.825704258218679432e-01,-6.110105102021767126e-02,-1.408003061586424465e-01,-2.732559224895924829e-02,2.030354509306102617e-01,2.592034274833386331e-01,3.232773909309836213e-01,1.453506823230720502e-01,2.024007317938282813e-01,-1.173296992551384199e-01,-4.700188548920043730e-02,-2.548070640506281959e-01,-2.363068680344241890e-01,-3.093975768663542736e-01,-4.464035693617338790e-02,-2.005432449082457380e-01,-5.824481490469878703e-02,-1.081962775589448700e-01,2.926241902663953565e-03,-5.071919278660369512e-01,-1.044486344204454270e-01,-6.341590904848133647e-02,1.771006403195997669e-01,-2.147824220135531315e-01,-8.065600089607408152e-02,8.718054025799466117e-03,1.345837922601601788e-01,1.450053204398230218e-02,2.035161573356730758e-01,-1.468021356432131774e-01,-1.887356021431104910e-02,-2.986913584856348142e-03,-8.109470382884985395e-02,2.309257565292064177e-02,2.800231485802826339e-02,-1.526686206059700845e-01,1.445852857169526058e-02,4.809397576866353968e-02,1.200552579013198368e-01,-9.396643455859017557e-02,-1.960115369537215047e-01,1.490096514645210535e-01,-2.567905613530718778e-01,1.281759292101480319e-01,3.212892265760636246e-01,2.166119065842776470e-01,-1.002809565590755542e-01,-1.527852969178785381e-01,-1.827057703436817393e-01,2.024053988463046239e-01,2.573366064928034325e-01,-1.690219724830585857e-01,4.752459536655029987e-02,3.151893889894897827e-01,4.982545223738495815e-02,-1.121212686915451645e-01,9.031679952209382967e-02,-1.647702876771146296e-01,-8.351690406406929446e-02,-2.115434875949745164e-01,-1.577930442249892706e-01,1.431571676591931463e-01,2.491272611869247977e-01,1.852819833106203505e-03,6.650083073534078515e-02,-2.149877723225119830e-01,-9.407844381802228650e-02,-1.893609871749397933e-01,2.039501932159725264e-03,-9.511919652024566907e-02,1.038372505460451456e-01,-7.695969533481435143e-02,-1.975563313233894003e-02,4.610114436126720033e-02,6.247316444826105791e-02,-1.766572703343476380e-01,1.309481583810928329e-01,-4.196613586723169087e-02,-1.374260272182500353e-01,-2.934222562398491885e-01,-1.788601191031791993e-01,4.214348386133253549e-02,2.274254671719528817e-02
2.148010902234584740e-01,1.308968208038531200e-01,5.736274198667089541e-01,6.299727444135382326e-01,-4.199413818208971860e-02,-2.224783915470345541e-01,1.000000000000000000e+00,6.501997498459872737e-01,1.190938450911942087e-01,-1.674725110609143752e-01,1.772919894711296185e-01,2.977579479903672086e-03,4.291448093042358192e-01,2.541303414415591599e-01,-5.096421304161143778e-02,-2.808538839210708016e-01,-2.271734463382306390e-01,-1.927586013777138896e-01,5.779771127746560211e-01,3.410168573935445369e-01,-4.027806298654021955e-01,-3.725474639236843744e-01,3.105970093527731790e-01,2.501166763119084258e-01,-1.080889353519890947e-02,-1.916058394160583822e-01,-2.132142923815035507e-01,-4.011891649709709573e-01,-3.819515746635054887e-02,-1.026938226893423234e-01,9.576791681445666338e-02,2.023680624264939110e-01,3.007635297851288803e-01,5.166053727108107507e-01,1.528553027050236213e-01,1.495743648141579785e-01,-3.003341609573058069e-01,-3.780499187932869209e-01,-3.876500457371142572e-01,-4.104672652939309607e-01,-3.483207945190135990e-01,-1.716355218698079055e-01,1.899023652621949915e-02,-1.823044038307166659e-01,-6.028431683685851056e-02,-9.566990871245356631e-02,3.077921108144940007e-02,-1.926045886459947232e-01,-1.758358690985121486e-01,-2.418093229040267356e-01,-1.796581850766330035e-01,-3.968114697481658348e-01,2.256613213358971137e-01,-1.803209065282730117e-01,-3.469906845632572123e-01,-4.294341665577687817e-01,4.310489667145817050e-02,-2.542936882782310115e-01,-1.948867773069240528e-01,-2.645798719360800688e-01,-4.034200160546605463e-02,-1.141701047286575732e-01,-9.925420501428118547e-02,-1.677432001045419674e-01,1.158829129874736248e-02,1.193645341348218147e-01,7.768308846864674377e-02,-7.573692758601377473e-02,2.051402915974387120e-01,8.312020460358057056e-03,-4.191013123751563541e-02,-2.418933298486008188e-01,-3.696305561259730955e-03,-5.599996266358019115e-02,-5.362910000560046353e-02,1.206433065133384434e-02,-2.359195026788881225e-02,-3.493755483786659677e-01,-2.946216887262680384e-01,-7.145724046521179096e-02,-1.666371086676498581e-01,-2.044355666735116761e-01,-3.308753523624619608e-01,-4.698368398454272343e-01,-1.148608284951555952e-01,-2.509847480725073132e-01,-4.004517706797094956e-01,-2.614902831967442776e-01,-7.211062781189911397e-02,-2.231317788937218771e-01,2.053083054865868784e-01,1.005189762353687899e-01,4.141075662254746215e-01,2.653639367521048453e-01,-4.000084006944574222e-01,-2.228610898500942850e-01,-4.131088169955383083e-01,-3.389820225138611698e-01,-1.602339126701140537e-01,-7.918121231355125522e-02,-1.087236544887710682e-01,-2.364795489760486771e-02,-1.294640356936173353e-01,-2.462850262288349135e-01,9.914219575484906066e-02,1.633981742490712430e-01,-2.071237888998823939e-01,-1.863974088524651407e-01,7.236731569809770614e-02,-3.278651035152239102e-01,-1.373700225885339798e-01,-1.531819963783672689e-01,2.944163384173091869e-01,1.398808968208038461e-01,2.215823174715776389e-01,1.123219519480277012e-01
3.244581552074971564e-01,2.196688259562790402e-01,5.656700953945525967e-01,6.140394272593201475e-01,-1.569529747792484248e-02,-2.063863946086209877e-01,6.501997498459872737e-01,1.000000000000000000e+00,2.416319749099258840e-01,-1.225241286613026614e-01,7.897586200459237593e-02,8.463699665839043151e-02,3.871273358597643877e-01,3.791186738103683451e-01,-7.765975320626504995e-03,-3.860399126327776487e-01,-1.708467900013067864e-01,-2.236778240334534318e-01,6.878255269102245828e-01,4.272266507364608779e-01,-4.245104261952321600e-01,-5.289683947206302861e-01,2.146610786491683354e-01,3.271977150111075594e-01,-6.251050086807176387e-02,-5.080226632068250980e-01,-6.368426456587077400e-01,-7.006225848003434509e-01,-6.075102208449231767e-02,-2.198181716355218640e-02,-2.099800250154012782e-01,-1.333516904064069308e-01,1.006776560195642850e-01,2.923768364851494495e-01,2.291056060634345803e-02,-5.684003210932103700e-02,-5.508942072544663615e-01,-5.317872944163384297e-01,-5.978820915862378405e-01,-5.856357458883267864e-01,-3.594423805701271180e-01,-1.748371198685758077e-01,1.188791606772826581e-01,-1.636315268728881500e-01,9.940821774600033713e-04,1.126019750966079924e-01,1.461674165064311970e-01,-5.610730487053596643e-02,1.093023689958369932e-01,5.007747307110721469e-02,6.384994492878078021e-02,-1.574616834991692527e-01,4.479903672036888440e-01,1.104177945376817876e-01,-2.664233576642335843e-01,-4.175191815856777455e-01,2.072171299494091675e-03,-1.151735210110702429e-01,-2.291382754307689507e-01,-9.211828177796031747e-02,-6.106371460040696530e-02,6.775160079899938959e-02,-2.148244254858401592e-02,1.306774693374652312e-03,-1.075335561073048757e-01,8.999010584875016816e-02,-2.649952396064741422e-01,-2.785483599977598423e-01,4.319917113148020182e-01,7.425747195101461973e-02,-3.625413034144155944e-01,-5.938077547743947360e-01,-5.573860772490525639e-02,1.040285996975750041e-02,-2.560111635895234161e-01,-8.513170422088225942e-02,-1.700253887654712692e-01,-4.149102992514047683e-01,-2.390090914182239068e-01,-3.904129408031064008e-01,-2.767795471092276971e-01,-4.527600948345062992e-01,-3.952900106408796521e-01,-6.670291410756622463e-01,-3.233987342953684174e-01,-5.221078275804132973e-01,-6.180297571265891410e-01,-4.970224205200963197e-01,-2.234724737244945525e-01,-3.832723505143091902e-01,3.691311815110049355e-01,8.107603561894449751e-02,6.143147833554239989e-01,4.081477402131909460e-01,-5.552952377396531691e-01,-3.359904418765284340e-01,-3.489135101835085240e-01,-4.420585435062631685e-01,-5.907088319301061902e-02,-8.335355722739747064e-02,-4.620848656822297562e-02,-2.152911307334739663e-02,-1.938786939720350266e-01,-2.983273283924804398e-01,-1.694420072059290294e-01,-3.426549928127391870e-02,-3.511816976870087981e-01,-4.113073347396717927e-01,-9.894151249836653436e-03,-3.293865626225101484e-01,-7.055183228480220448e-02,2.123508876733810197e-03,5.144818638340769024e-01,2.219930180894953975e-01,3.013655795545764904e-01,1.156915638359437698e-01
1.802602348460806136e-01,-1.131760225511975644e-02,1.564255978494222266e-01,3.703352810499001002e-01,8.824369481210446731e-01,6.408656448933112149e-01,1.190938450911942087e-01,2.416319749099258840e-01,1.000000000000000000e+00,7.296609853081188479e-01,-7.571825937610841828e-02,-1.130406780293837649e-01,2.914107566225474649e-02,-2.472557731439132267e-01,6.485429462168872394e-01,-1.117479044934381188e-01,-2.599314876696473542e-01,-2.935015961319469291e-01,2.389110833162207959e-01,6.557675434502585610e-02,-2.346920678776112101e-01,-1.731756491869994585e-01,5.373177516007990318e-02,4.163477514141168678e-02,5.816407489685814225e-01,1.469001437452162606e-01,-6.957175126477121996e-02,-1.591838258629379999e-01,-9.989359120353949462e-02,-9.450781264584538419e-03,-1.898136912651445796e-01,-3.430003546959882188e-01,-5.535590942184553942e-02,1.895476692739933300e-01,6.543207571825937832e-03,-5.327907106987510993e-02,-2.700683256482536154e-01,-2.626477122108760720e-01,-1.735210110702484765e-01,-2.181940373737562278e-01,-1.606072768682210994e-01,-8.926204566244143324e-02,2.703250135344522076e-01,2.360641813056545968e-01,1.125599716243209369e-01,1.266451359979091640e-01,1.044533014729217557e-01,2.136856646816136795e-01,1.953861519218922094e-01,2.645565366736983837e-01,1.866774320010454180e-01,2.005385778557694232e-01,-6.563742602721825414e-02,-4.598913510183508246e-02,-3.139386189258311921e-01,-1.526266171336830568e-01,-2.055416581104037854e-01,-2.477644818638340685e-01,-1.081776093490395274e-01,-4.611047846621987162e-02,3.652901973229787103e-02,1.568549666772453277e-01,-6.236115518882894004e-02,-4.200347228704239845e-05,-1.445386151921892147e-02,9.231896503444285418e-02,-1.793548266656710272e-02,5.828681837698582863e-02,1.975983347956764558e-01,-1.752898239587805940e-01,-1.958528571695260234e-01,-3.593770418354583773e-01,2.448802434334571704e-02,-2.298523344596486648e-02,2.706983777325592255e-01,-4.785595609237030396e-02,1.188044878376612462e-01,1.544327664420258768e-02,-1.506991244609554373e-02,-2.766675378497955862e-01,-2.677721358298952858e-01,-2.784830212630911017e-01,-1.917411839378722060e-01,-2.873037504433699763e-01,-1.810816360819161031e-01,-3.863666063061212963e-01,-1.862060597009352891e-01,-4.030279836466481025e-01,-3.213732335206376800e-01,-3.853818582336139831e-01,2.307484085351055592e-01,1.301407583026863435e-01,2.577379730057684504e-01,2.142037075064872065e-01,-2.796451173296992665e-01,-5.890286930386245262e-02,-3.063499915993055378e-01,-2.373242854742658725e-01,-1.229161610693150636e-01,-1.138527451602665830e-01,-2.607435548005301862e-01,-8.974741911998058291e-03,-2.984346705994362359e-01,-2.406798962047529133e-01,-5.817014206507738205e-02,7.211529486437545655e-02,-3.922797617936416015e-01,-3.849244870909328542e-01,-2.176713274964063582e-02,-1.459807344073776880e-01,-1.691013123751563541e-01,-1.474321877275188153e-01,1.192245225605316761e-01,1.738757070584501518e-01,4.687540836709168102e-01,-2.160845296544514418e-03
3.337875931076968866e-02,-1.223794500345361941e-01,-2.551384247764482138e-01,-4.858401627867903541e-03,7.555491253943659169e-01,7.574859521720461730e-01,-1.674725110609143752e-01,-1.225241286613026614e-01,7.296609853081188479e-01,1.000000000000000000e+00,5.473052439001624414e-02,8.147740213190957093e-02,-1.201112625310358922e-01,-1.682145724046521240e-01,5.891407022980565955e-01,3.838370638639460597e-01,-1.182304403830716638e-01,-9.645397352847835670e-02,-8.843131032165325867e-02,-9.451714675079807282e-02,-9.857748240521216343e-02,1.301594265125917138e-01,-2.462943603337875986e-01,-2.204202214049694741e-01,3.731541807456082993e-01,2.441008456699087226e-01,2.367782403345343178e-01,1.416543767618123062e-01,6.183844531147908614e-03,8.296619187186141109e-02,-3.230300371497377143e-01,-4.610861164522934152e-01,-3.045718446058207629e-01,-1.806429331491403167e-01,-1.842038941885862646e-01,-9.892284428846118138e-02,-1.686206059700935331e-02,3.421882875651054146e-02,1.379860735154106177e-01,7.029047734612728360e-02,1.502464203707506440e-01,1.010510202176713307e-01,-4.746392368435790876e-03,9.869882576959695952e-02,-1.508158007728638839e-01,-1.322736012843728493e-01,-1.251843485728153516e-01,1.660117236358205628e-01,8.816995538297832391e-02,1.603225866671644795e-01,2.295069725763996538e-01,3.077407732372542948e-01,-4.118673810368324029e-01,-5.188828943192637377e-02,-7.373009502118842151e-02,1.979436966789254460e-01,-2.053549760113502765e-01,-1.147348180782944704e-01,1.937013459779341751e-01,2.939683013795806876e-01,1.386487949670505981e-01,3.295825788265163148e-01,-7.743106763492448030e-02,8.577575746261691114e-02,-8.258349356880169412e-02,-5.595795919129314955e-02,2.577613082681501702e-02,1.468021356432131774e-01,-5.453450818601004307e-02,-1.103991263277764312e-01,-1.732643231840498843e-01,-1.590718166035058889e-01,7.196594918513263273e-02,-3.272070491160602307e-02,3.537532436014710346e-01,-1.298373998917243810e-01,2.594087777922974847e-01,3.126785147572199164e-01,2.605055351242369643e-01,-7.093919764033826403e-02,-7.492486045513095660e-02,-9.223495808986875710e-02,1.262904400097074609e-01,1.760318853025183428e-01,-8.238747736479548611e-02,-6.186178057386076956e-02,2.103533892135083239e-01,-8.620045923796366971e-02,-1.769979651651203134e-01,-9.440047043888961931e-02,3.989396456773759703e-02,5.294304329157877020e-02,-7.764108499635970218e-02,-1.663804207814512798e-02,-6.594545149065655920e-02,1.690219724830585857e-01,-2.005899154330091361e-01,-2.123042171486176286e-02,-2.072591334216961900e-01,-1.519032239998506506e-01,-8.894001904157410043e-02,9.612727985513469520e-02,-1.651576530326507031e-01,-8.206078369145182461e-02,-2.821233221946347486e-02,-1.371506711221461006e-01,-2.256426531259917434e-01,-9.062482498553213472e-02,-2.817032874717643326e-02,2.736292866876995078e-02,-2.219743498795900549e-01,-2.417299830119289950e-01,-3.084361640562286455e-01,-1.532986726902757224e-01,1.485522803218399523e-01,-1.900470438889614866e-01
3.110777157578359930e-01,2.505507121922078695e-01,-3.292885545205070374e-01,-2.034508186010043629e-01,1.465454477570145905e-03,7.610095767916814913e-02,1.772919894711296185e-01,7.897586200459237593e-02,-7.571825937610841828e-02,5.473052439001624414e-02,1.000000000000000000e+00,4.617768402187913956e-01,4.268206171710194896e-01,4.021225754662385299e-01,2.501540127317191525e-02,2.838547986633561671e-01,2.092706330389978997e-01,-1.740343868426456539e-02,1.508764724550562819e-01,2.259926820617171039e-01,1.443099296208486537e-01,-7.170926129893404055e-02,-3.038017809472249864e-01,-4.072610002426867437e-01,-1.985130770810386858e-01,-8.313887281348592007e-02,9.900685123303526458e-02,1.264444527414266273e-01,3.659389176171896629e-01,2.481518472193701419e-01,8.218679410831295634e-03,1.052513674463755738e-01,1.570929863535385496e-01,3.192730599062856139e-02,-1.752431534340172237e-01,-1.877135176507924719e-01,-2.015699964530401067e-01,2.132236264864562081e-01,4.022065824108126547e-02,1.375147012153004611e-01,4.504639050161479696e-02,1.589598073440737919e-02,-1.563555920622771434e-01,-2.067550917542516908e-01,-3.540379338025276823e-01,-3.303153060653014061e-01,-1.478895588701999442e-01,-1.523512610375790943e-01,-2.234631396195418951e-01,-2.899593033024063238e-01,-2.517268094162450898e-01,-3.382586293800287636e-01,-1.431665017641458315e-01,-1.022831220714245648e-01,3.404614781488603248e-02,1.407116321615920207e-01,2.639824892191087735e-01,1.913024810050964197e-01,1.994604887337353138e-01,1.940373737562305079e-01,2.043935632012246484e-01,1.371226688072880728e-01,2.842141617040341850e-01,3.183069800436836294e-01,-2.979819665092314218e-01,-4.298822035954972254e-01,-1.859447047622603544e-01,-2.780443183303152876e-01,-3.442884611794574945e-02,1.414256911904717418e-01,8.851998431870368444e-02,2.476011350271622447e-01,1.202372729478970309e-01,9.959023279257751826e-02,2.131162842795004397e-01,1.590998189183639305e-02,3.356684152556611567e-01,3.602404465435809500e-01,2.573786099650904324e-01,-1.259544122314111281e-01,2.804571844605820985e-01,1.230281703287471745e-01,2.343373718894095348e-01,1.907331006029831799e-01,-6.125506375193682379e-02,1.770866391621707392e-01,5.409113820075792979e-03,2.048649355013347773e-01,1.120185935370657249e-01,3.619719230123023546e-01,-2.536216327216383459e-01,-8.131872234771407582e-02,-2.386543954300222037e-01,-7.507420613437378043e-02,-7.793977635484533378e-04,9.511452946776932996e-03,5.005413780872552260e-02,1.206899770381018172e-02,-9.998226520058992040e-02,-9.371441372486792598e-03,2.559878283271417240e-02,2.233651315175387841e-01,5.500588048612018582e-02,2.468264043160901255e-01,-2.659799876789814554e-01,-3.064526667537849636e-01,-2.442921948214385741e-01,1.302621016670711396e-01,-2.239298448671756814e-01,-6.356525472772415856e-03,-1.665624358280284600e-01,-1.841292213489648388e-01,-1.765079246551048142e-01,-6.459200627251852900e-02,-3.574682173726361212e-01,-9.225362629977411355e-02
3.523017902813299074e-01,3.713013609125020986e-01,-3.471773666623107490e-01,-4.510706218380719501e-02,-1.537700449903858790e-01,-1.688072880691470629e-02,2.977579479903672086e-03,8.463699665839043151e-02,-1.130406780293837649e-01,8.147740213190957093e-02,4.617768402187913956e-01,1.000000000000000000e+00,2.341040192655926278e-01,5.649280340508148202e-01,-8.808594843840424071e-02,2.726212033528104817e-01,3.836130453450818378e-01,1.207366475628652014e-01,2.216803255735807499e-01,3.400041070061791681e-01,-9.192226557395410946e-02,-1.694046707861183165e-01,-4.459228629566711066e-01,-3.783206078369145131e-01,-3.948979782328672639e-01,-3.623732895252674280e-01,-1.473108443631340192e-01,-1.355872085425728624e-01,2.222310377657886471e-01,2.162572105960759439e-01,-3.404334758340022971e-01,-1.828691171803535631e-01,-8.056732689902365574e-02,-8.646181417663860447e-02,-2.112727985513469242e-01,-4.722123695558833045e-02,-1.702354061269064911e-01,2.303050385498534580e-01,-5.218698079041200755e-02,1.333236880915489031e-01,8.244348199451154158e-02,1.128306606679485569e-01,-3.056172643605204464e-01,-1.921378833983609369e-01,-4.089318050292157225e-01,-3.738495715645826500e-01,-3.062986540220657972e-01,-7.984860081766759210e-02,-1.528319674426419361e-01,-1.556415330333974223e-01,-6.613680064218642463e-02,-1.676405249500625277e-02,-2.139330184628595866e-01,-4.334291634775141316e-02,-4.175611850579647594e-02,2.937116134933820955e-01,3.986222861089850356e-01,4.062762521701793750e-01,5.941297813952619578e-01,6.737450295891127539e-01,4.257891985737487506e-01,5.838762671047472708e-01,1.497470457557824874e-01,5.447196968282711493e-01,-3.404754793062892970e-01,-1.777680288237160899e-01,-4.644183919203987571e-02,1.026891556368659808e-01,2.100920342748333891e-01,3.660182575092874591e-01,-2.127382530289170515e-01,7.172792950883939700e-02,1.427371329363227304e-01,7.365075512909066702e-02,1.035992308697518960e-01,-8.231280452517407420e-02,1.488369705228965723e-01,2.187260813560587547e-01,3.189557003378946098e-01,-6.389661545354416439e-02,2.909440513749136578e-02,9.480183695185469273e-02,8.904269419605354008e-02,2.154264752552877693e-01,-3.506636548621352434e-01,3.285511602292456312e-01,-3.285604943341982609e-02,2.892825806933373434e-01,-1.645929396830138058e-01,3.918597270707711577e-01,-2.836401142494446304e-01,-2.203502156178244187e-01,-3.024856721488976552e-01,-2.533229413631526983e-01,-1.206433065133384330e-01,1.810022961898183624e-01,-7.136856646816136518e-02,6.532006645882726392e-02,-8.963540986054847892e-02,5.235499467956017394e-02,1.896083409561857003e-01,3.441717848675490687e-01,1.514971904344092346e-01,2.647105494054174946e-01,-2.855909421845539420e-01,-1.687746187018126787e-01,-1.843859092351634310e-01,1.906070901861220412e-01,-2.390930983627979900e-02,-7.823846771333096972e-02,-1.910644613288031701e-01,-1.591184871282692592e-01,-2.671607519554949906e-01,-2.927315324733511526e-01,-2.664560270315679547e-01,-2.773069240390538814e-01
1.543814288647861466e-01,1.934166557768775552e-01,2.018920230739074395e-01,1.970429555509922159e-01,-1.030251834151623136e-01,-2.795097728078854357e-02,4.291448093042358192e-01,3.871273358597643877e-01,2.914107566225474649e-02,-1.201112625310358922e-01,4.268206171710194896e-01,2.341040192655926278e-01,1.000000000000000000e+00,5.381578210465398637e-01,1.025491440625758421e-01,-3.907256333190210068e-02,-1.032118655142158364e-01,-3.246635055164560080e-01,3.923217652659286570e-01,1.212033528104990016e-01,-3.236600892340433383e-02,-2.862443295312412372e-01,6.058767524782048691e-02,1.454253551626934482e-01,6.993111430544925178e-02,-1.974769914312916597e-01,-2.005852483805327935e-01,-1.621147348180782821e-01,3.453618832490152647e-03,-7.241398622286109032e-02,-3.331342057610095497e-02,7.604028599697575108e-02,3.076754345025855542e-01,3.578415815707431946e-01,3.853538559187559276e-01,2.955224298542012962e-01,-2.403858718987436360e-01,-1.543114230776410911e-01,-1.742117348367465124e-01,-1.366279612447962311e-01,-3.134999159930554335e-01,-1.798915377004499105e-01,1.349851587731252522e-01,-1.938553587096533415e-01,-1.323249388616125621e-01,-1.603739242444041924e-01,2.228050852203782017e-02,-1.802275654787462433e-01,-1.305701271305094446e-01,-1.925299158063733251e-01,-9.695801519592286977e-02,-3.530531857300203691e-01,7.043982302537009355e-02,-3.325228218866093099e-01,-2.930862284615528002e-01,-3.055799279407097613e-01,1.624134261765639298e-01,-5.071219220788918819e-02,4.471502977579479982e-02,-2.819833106203446099e-02,3.324948195717512545e-01,1.525846136613960013e-01,2.961058114137435360e-01,3.954860268448858601e-02,1.574010118169768824e-01,1.198685758022663139e-01,1.040099314876696407e-01,8.596710661414676963e-03,1.542600855004013782e-01,7.249799316743517352e-02,6.938040211324135453e-02,-2.282188660929303572e-02,2.192114548135979182e-02,-1.002482871917411839e-01,9.954822932029048013e-03,-3.930591595571900770e-02,5.211230795079059563e-02,-3.441951201299307123e-02,-1.341590904848134203e-01,-4.402057236731569678e-01,-3.418149233669983550e-02,-2.630584128287938306e-01,-9.971157615696231435e-02,-2.187774189332984953e-01,1.277838968021356367e-02,-1.123452872104094002e-01,-1.858840330800679563e-01,-8.590176787947803594e-02,1.829017865476879542e-02,-2.003565628091922429e-02,9.852147777549610103e-03,5.693337315884779842e-02,1.765452610749155271e-01,2.998067840274796225e-01,-1.146228088188623595e-01,-1.178337409225829330e-01,-9.644930647600201412e-02,-2.788797207235798048e-01,-1.248156514271846484e-01,5.969160117236358039e-03,-1.237375623051505530e-01,-1.568923030970560129e-01,-2.975245953665502929e-01,-1.980137024660705292e-01,-2.736386207926521652e-01,-1.992878077921108049e-01,-3.049312076464987808e-01,-2.503033584109619625e-01,-3.002081505404446959e-01,-3.362144603953926697e-02,2.251852819833106145e-01,-1.592351634401777127e-01,1.493830156626280992e-01,3.906322922694942940e-02,9.207627830567327587e-02,9.366774320010454180e-02
