1.000000000000000000e+00,7.833918203425199733e-01,5.132320674720141501e-02,-1.101785661283730816e-01,-1.178591243159074764e-01,-5.317256826084673649e-02,-7.290137423542600650e-03,-1.513622488236005814e-01,4.706739210345465413e-02,-8.934014324560661871e-03,4.662240375899851519e-01,-9.379002669016801852e-02,-9.838146620120596236e-03,-2.693697786930722149e-01,3.168801042948567182e-02,3.864138140455582460e-01,5.240337086091203522e-01,5.463858681382408600e-01,4.983435657059880342e-01,2.703150079111575899e-01,8.059334823477301568e-02,5.135973734500181437e-02,-2.039663096561785682e-01,-4.783932929822438673e-01,-1.797419569897874270e-01,-1.902125395843274613e-01,-2.336291550701045105e-01,-1.309279456790010676e-01,1.349234798134199831e-01,-2.173091105027751824e-01,1.125530549853991785e-01,1.310603690960275292e-01,6.730648486605828040e-01,4.903479311124251949e-01,-1.235190838126071743e-03,6.013164714182319542e-02,-2.108386283673790995e-01,-1.987606994696213825e-01,-2.053773039962190905e-01,-2.164049782072152428e-01,-2.594654203644383705e-01,-3.185308306829623404e-01,4.490752050850592425e-02,1.446839989132147133e-02,-1.361061579172079539e-01,-2.378370233042382403e-02,-4.006721629995273898e-02,-1.503028614873889446e-01,-1.515586007867777418e-01,4.561530084088869647e-02,-2.342593078821614272e-01,-2.191265077433451613e-01,-2.209165070355648131e-01,-1.508964837016454619e-01,-2.945850238247992303e-01,-1.082698423933021181e-01,7.976433198094016186e-01,6.262600202288185480e-01,4.587078670925525681e-01,1.167723390313455401e-01,5.523723198527816791e-01,-1.768743050624559110e-01,-2.673925600871254749e-01,-1.302886602174940511e-01,-1.199687663388806502e-01,-3.545226021658078319e-01,2.049343704978892067e-01,2.998499962327820789e-01,5.562810938174246322e-01,4.313236177164266882e-01,2.889638780882625158e-01,2.074869460191922643e-01,-1.458643938546401730e-01,-6.536922160145573757e-02,-1.664630846893415117e-01,-1.811346860309277218e-01,-9.121918586996477507e-02,9.442017950222493516e-02,4.805577309019176124e-01,3.938614896721150394e-01,-1.668306738297080372e-02,-7.477356737269657758e-03,-2.377890768946251954e-01,1.159001710088609499e-01,-7.574847770149478743e-02,-1.883175148234316476e-01,2.149597364317368600e-02,2.634792197977574579e-01,-2.237065314425704665e-01,-1.221469032327295867e-01,-2.774750050800362522e-01,-1.480060001506887102e-01,-1.565221957629072957e-01,-3.046674688177100077e-01,-5.849233656553018412e-02,-9.686316323012678087e-02,-7.719600263933569517e-02,-8.467564253896787962e-02,-1.226857295502855050e-01,-6.008141756984764631e-02,-3.615387601058474287e-02,2.533168641221583348e-02,2.672898177808118517e-02,2.368575466507149840e-01,-1.490151579149248118e-01,6.252440129774948507e-02,4.146337008463683027e-01,-5.634616394475660400e-02,1.182883588400621966e-01,1.675087730513780127e-01,-1.044752265467854269e-01,-1.672667578409503530e-01,-2.142633719111667057e-01,-2.706620485902613837e-01,2.513990077376372298e-02,-4.271111831575678808e-02
7.833918203425199733e-01,1.000000000000000000e+00,9.292470815477101151e-04,6.324359744194488686e-04,-1.411747783620136698e-01,-4.135035354769183574e-02,-8.951138042279600804e-02,2.527689051551523097e-02,-1.142151971853174464e-01,2.585681375559660197e-02,2.802330652139665701e-01,5.929144339241396167e-02,8.165730189570971631e-02,-1.425629410784289008e-01,5.774117614825943247e-03,3.298142190785613437e-01,4.618357995292119433e-01,6.183146152072311885e-01,3.641301493873133621e-01,1.848471080323935145e-01,-2.835002705547399679e-02,2.081102493441615991e-02,-1.357591172381041600e-01,-3.782674907360686900e-01,-1.112973156860103813e-01,-1.436451600382658012e-01,-1.746687702202566750e-01,-1.109731066305318231e-01,2.504400795453767120e-02,-2.454376708090842407e-01,-8.188561813196221228e-02,-6.185086840080458552e-03,5.937295228875610897e-01,4.907589003376797154e-01,-8.640171328503683246e-02,-5.820465810785202532e-02,-2.934023457210112595e-01,-2.448897118420782226e-01,-1.299644511620154930e-01,-1.765272643833520894e-01,-3.186815193988890016e-01,-3.007175979305416469e-01,5.481644516186479771e-02,2.413074300952763526e-02,-2.213183436113692337e-01,-4.495775008048147336e-02,-1.574948229293429702e-01,-1.686549205573655841e-01,-1.875138416718228063e-01,1.568190068700355544e-01,-2.738995728203219571e-01,-1.872946580850204101e-01,-1.059181851599012708e-01,-8.326693136128989620e-03,-2.718401603693243462e-01,8.551127996365205652e-02,8.455303672010027194e-01,8.044562762991764870e-01,4.619864882451385490e-01,2.280947695033437028e-01,4.861697439890043104e-01,-6.337830402133387553e-02,-3.737422629335440116e-01,-3.700321240944406953e-02,-2.338346396827317708e-01,-3.719979268885748036e-01,3.783884983412825337e-02,2.558991207541742030e-01,5.355591122151469596e-01,3.729203244830349706e-01,2.351132106057458038e-01,1.612163775802588628e-01,-2.816029626314816015e-01,-1.149823397391258745e-01,-3.755961907719143622e-01,-3.430748260801070315e-01,-1.428414868866569598e-01,3.621323823201039183e-02,5.199240163565751471e-01,4.795303078387813667e-01,-1.271493119690220511e-02,1.032331862215717794e-01,-3.853133297868211460e-01,1.035870763877631655e-02,5.483014413603994747e-02,-6.990814837815562122e-02,-4.030923151038039859e-02,2.092586800125117164e-01,-2.405608360027306492e-01,6.291710522410380590e-02,-1.845320316263650562e-01,-1.367317444045398345e-01,-1.493758975682037693e-01,-3.282479696978691242e-01,1.017262990623052227e-01,-8.375324494450774038e-02,-1.488736018484482504e-01,-1.633397185774072002e-01,-1.672576251915002532e-01,-5.535527147942071596e-02,-4.019050706752909374e-02,-3.765619684512624965e-02,-6.463632648308519253e-03,2.179483959642821989e-01,-2.929731111968565394e-01,-7.796999468023169469e-03,4.347529275849393304e-01,-1.158453751121603509e-01,1.894819276283194465e-01,1.190509350691455748e-01,-2.427800698191050488e-01,-1.732258116071408172e-01,-2.269440556726310398e-01,-1.992492962152017655e-01,2.096171365034281767e-02,-5.555618976732292630e-02
5.132320674720141501e-02,9.292470815477101151e-04,1.000000000000000000e+00,6.290409119863741294e-01,4.473422848519026940e-01,2.231859704239147479e-01,8.063467347353472370e-01,4.794663792926306400e-01,4.191908929219683722e-01,4.818408681496567092e-01,4.470660222060371392e-02,-1.441839863558217194e-01,3.798953855005490765e-02,3.338508501355056945e-01,1.104160150140756913e-01,2.626481486977983448e-01,1.596683934984668429e-01,4.767927961661137803e-02,8.575329517407971613e-02,-1.245579226875560830e-01,1.331791437684508028e-01,2.792558717228058041e-01,7.404592352775982711e-01,4.098573251839657816e-01,3.786373630387978029e-01,4.195014030032717667e-01,5.425022089595857300e-02,6.034626440390055552e-02,-5.939190253636506683e-02,-2.317934925306343319e-01,4.969759514508355347e-02,-7.875311937057780098e-02,-2.840938927689964921e-02,6.920265120813536355e-03,4.334058617910495625e-01,9.758007621195965986e-02,-2.678377767478178767e-02,6.483496160862486923e-02,-7.875311937057780098e-02,-1.586112893246177311e-02,7.956820833399925325e-03,2.192977449205345264e-02,-3.890303181130119747e-01,-4.210082901625383234e-01,-3.519334960467043749e-01,-5.321663329444347168e-01,-2.913201016463883852e-01,-4.022635271662073908e-01,-6.703022222019274778e-01,-5.824141702188867509e-01,-3.018180821892787469e-01,-1.958268358337766565e-02,-3.734317528522405616e-01,-2.476523383007335766e-01,-3.097726198603161230e-01,-1.913449881161398969e-01,6.936018941114958924e-02,-1.703901239528846645e-01,-2.398393566961727341e-01,-5.304927749327038172e-02,-1.464534497441716543e-01,5.093506914557215104e-02,-1.980848834103139666e-01,-3.309831982081741786e-01,3.740436403653972786e-01,2.795983460771845897e-01,-1.247040450787576804e-01,-1.931304210836345125e-01,-6.677108329204614612e-02,-7.073008682866464836e-02,-7.335800670793102447e-03,1.601250259709718626e-01,1.368185045743157968e-01,1.299050889405898301e-01,6.389429871526454419e-02,2.620385443470041320e-02,-4.613129553481936512e-02,-7.023692375835922930e-02,3.547349362655226324e-02,-1.492069435533769084e-01,-2.462733082337684176e-01,-1.994136839053035626e-01,-4.173392482459604980e-02,7.867549185025195235e-02,6.051065209400235956e-02,-4.453764820577685996e-02,-6.452445152732146083e-02,3.387071364805965129e-02,-3.671210920822212675e-01,-3.200240188680537612e-01,-3.349011048222672038e-01,-2.726894967681836590e-01,-4.978435531485950888e-02,-1.618373977428656796e-01,4.939621771323023797e-02,-1.570473231062880504e-01,-3.406638066252805630e-01,-3.857242990120756665e-01,-5.662448143674840839e-01,-3.675320613074757325e-01,1.796848779307242848e-03,-1.891714175470160242e-01,-2.179278475030194812e-02,-9.831068816796768861e-02,-2.495838936594297897e-01,-1.941989410692962492e-01,4.335497010198886142e-02,3.175650530036142755e-02,3.010349574989326302e-02,-1.442387822525223184e-01,4.384356684756923056e-02,-5.070013173846831256e-01,-2.502962403165376326e-01,-2.328665788410211324e-01,-7.593569701522184801e-02,-2.211242748105545983e-02
-1.101785661283730816e-01,6.324359744194488686e-04,6.290409119863741294e-01,1.000000000000000000e+00,4.260586453084438396e-01,4.567854443833064271e-01,5.855238373566459265e-01,7.711221058063102429e-01,2.609631748742548552e-01,5.438972211630885845e-01,-2.403485019030158348e-02,2.119482452755662716e-01,2.850733694225197623e-01,4.411914454472600777e-01,7.612291632894889470e-02,2.828860998792206982e-01,-1.513805141225007811e-01,-1.566546191799337295e-01,1.044112980006347141e-01,5.872978545123279381e-02,9.463023043957724534e-02,1.188956800284938636e-01,6.962206813413122086e-01,5.934464107546080225e-01,5.551669105845123964e-01,6.009306169789652152e-01,3.380518688825518425e-01,3.288050613143252421e-01,-2.721004408786522055e-01,-2.283641826621216619e-01,-1.711344348830678430e-01,-1.839886389840840741e-01,-1.402341154686533309e-01,-5.327302740479783472e-02,2.259257652589448662e-01,9.583117384226544355e-02,-1.824863181495425812e-01,-7.102233161106785708e-02,6.074353465497991933e-02,1.563578080728054709e-01,-1.060049453296772332e-01,2.376520871528736978e-01,-6.038165342051969864e-01,-5.413400793170605185e-01,-4.685026336277851589e-01,-5.856379954747722438e-01,-4.006150839404642450e-01,-5.743865713522485761e-01,-6.980517775560572957e-01,-5.485822703309900517e-01,-3.228688391717600137e-01,6.833504951037583548e-03,-4.279262721209893261e-01,-2.714794207160453610e-01,-2.180899520307587602e-01,-1.574080627595670079e-01,-1.161444693816511380e-02,-1.617917344956151804e-01,-3.358737319887029060e-01,-3.413327731975003901e-03,-2.662875095036633111e-01,2.851418642933954972e-01,-1.145942021374966036e-01,-1.610337245912568660e-01,4.061083725846996173e-01,4.319309389048583414e-01,-3.635913230697574439e-01,-3.399194956950973845e-01,-1.204345314608357698e-01,3.247341828219429960e-02,-6.940585265840010232e-02,1.478416124605869131e-01,3.032267933669566956e-02,9.446127642475039832e-02,1.563852060211557704e-01,1.093200970800636551e-01,7.527814625481461797e-02,3.910828810769220037e-02,-9.733121151444442884e-03,-1.760706319108470697e-01,-3.213436867135932573e-01,-1.858288678482792888e-01,-9.507773026263216520e-02,1.525951564993641429e-01,6.965243419355281185e-02,-4.154670551086899616e-02,6.371621205098758345e-02,1.510837030153725224e-01,-3.412893931126124158e-01,-2.793745961656571297e-01,-3.512348483637716678e-01,-3.347869467041409974e-01,2.281039021527938027e-01,1.314074097751313508e-01,1.267406259061300555e-01,-1.690841550815203043e-01,-3.047998922347364692e-01,-4.584521529079497171e-01,-6.378265207573706741e-01,-6.016064330382726588e-01,-4.134807038532931078e-03,-8.967120178817276910e-02,-1.749336170543095703e-01,-2.716757726792225491e-01,-3.915965926084901683e-01,-2.056512834797220857e-01,8.371671434670734102e-02,2.231311745272141489e-01,1.129229272881282359e-01,-2.597759304457417651e-01,-3.660594215836470572e-02,-5.599980821436154610e-01,-3.806259974565571330e-02,-3.377048282034480486e-01,-1.469694444381023368e-01,5.334608860039864037e-02
-1.178591243159074764e-01,-1.411747783620136698e-01,4.473422848519026940e-01,4.260586453084438396e-01,1.000000000000000000e+00,6.016612289349732023e-01,5.320156442285080001e-01,3.239145275337965146e-01,4.455888161574834139e-01,5.299242675044349982e-01,9.421012856487263887e-02,2.102221745294973188e-01,1.556134971426222924e-01,2.780686272942927695e-01,4.253508649760610605e-01,4.851240556269678095e-01,7.591286539159659841e-02,-1.639516060905639172e-01,-5.926861176878871207e-02,-5.478448088878944133e-02,-5.914988732593740722e-02,-1.539993013523170695e-02,5.479977807661836620e-01,3.970487843302000774e-01,6.296162689017303915e-01,4.408352721187061563e-01,7.216368447609414760e-01,7.026363675800076924e-01,-2.493190468253768943e-01,-6.658843030304413546e-02,-2.827399774880191008e-01,-1.184801444785143071e-01,-3.583035190381493873e-01,-2.199849767916545740e-01,2.460358593480658218e-01,2.609882896602426158e-02,-2.575703956035425568e-01,-5.620917420300509948e-02,-2.199256145702289389e-01,7.093785460365442837e-03,-1.920208041754473405e-01,-9.191783355289744051e-02,-5.503996675715600029e-01,-5.012294829322198053e-01,-3.481662781485379554e-01,-5.236912342547415111e-01,-3.492347981341997198e-01,-4.046836792704839869e-01,-4.815440570425284506e-01,-3.708243814342369604e-01,-2.570680998837870379e-01,-1.509558459230711247e-01,-5.053894047567404346e-01,-5.581532869546952380e-01,-2.536798869377998034e-01,-2.522460609741340454e-01,-9.083104826833550416e-02,-2.105646488838760766e-01,-3.291475356687040277e-01,2.094458993262387769e-01,-7.343335106589435335e-02,3.802127450689400945e-01,1.438506446508930614e-01,-2.168250800819198632e-01,4.697903372002493194e-01,4.369310644787882669e-01,-7.572564607786953783e-02,-2.703241405606076619e-01,-1.077173171015710501e-01,-9.514165880878286408e-02,-2.683925852019114489e-01,-4.171109320097080020e-02,-6.427330366744370138e-02,-4.076129765816036143e-02,-7.848827253652489178e-02,5.362920073335174925e-02,-2.550406517058647626e-01,-2.222498738552794728e-01,-1.189915728477199258e-01,-2.187383701417158766e-01,-2.612645523061081221e-01,-2.117929902349145743e-01,1.569240323387117164e-01,3.076173145900924499e-01,9.784948937073761899e-02,-1.635429200276719217e-02,-3.227249999429209620e-02,8.198151095118827447e-02,-4.389767779556107419e-01,-3.684270609535855723e-01,-2.740091646137231551e-01,-3.676462194256019944e-01,-1.111100963722833207e-01,-3.407163193596186163e-02,-1.945551143978501707e-01,-2.164004118824902068e-01,-2.179712275879074623e-01,-2.437846612586160866e-01,-4.296660418412334703e-01,-2.853108183082223581e-01,5.402190465970606315e-02,2.828838167168581681e-03,4.971129411925870323e-02,2.281564148871318559e-02,-1.739609898878738958e-01,1.295443492873108726e-01,3.244602033384400008e-02,2.834523241451269437e-01,-3.359673416455664224e-02,-2.277157645511645179e-01,-2.077677749897828563e-04,-3.013203527942482363e-01,-6.894922018589508261e-02,-3.869891709609145636e-01,1.721390263225788808e-01,2.580955229469233392e-01
-5.317256826084673649e-02,-4.135035354769183574e-02,2.231859704239147479e-01,4.567854443833064271e-01,6.016612289349732023e-01,1.000000000000000000e+00,2.305925491279461337e-01,3.037450712232498962e-01,4.535798844263211893e-01,5.220153930806481490e-01,-3.221313777286644031e-02,7.215021381815525658e-02,3.613903545522832994e-01,3.480384210562365577e-01,6.745352052220489059e-01,4.919370121167426779e-01,-1.447502106217279372e-01,-2.915986474546164442e-01,-1.001098201096374540e-01,-8.552497893782720628e-02,6.676195064259604628e-02,-3.474744799526928440e-02,4.185150768626609286e-01,2.244188780996783095e-01,6.336802979070250696e-01,5.262849066985700874e-01,6.861656342967517030e-01,7.476009671475767338e-01,-3.173435862544493058e-01,-1.175257826109788184e-01,-4.161725522787101950e-01,-4.612604426138556257e-01,-1.778332332547164496e-01,-1.798332834842884254e-01,-1.703764249787095009e-01,-3.624360429143197448e-01,-4.057750308797709593e-01,-2.052722785275429285e-01,-2.262613901262360439e-03,2.186242120235896425e-01,-3.217226916657724423e-01,2.065143188527565898e-01,-4.693839342997198627e-01,-3.568696930744836293e-01,-4.250814518172830736e-01,-4.434243782378096133e-01,-2.841098749055341322e-01,-3.549290050663372886e-01,-3.807881019842964121e-01,-2.625705211774724823e-01,-3.952450860638052621e-01,-1.695179559304000882e-01,-4.754023502873359619e-01,-6.012548260344438011e-01,-1.997150613371568573e-01,7.265250953791077548e-02,8.882186538931342856e-02,-8.970544922361064696e-03,-6.739210345465297680e-02,4.545662105669320274e-01,9.161645612104413194e-02,6.157255090881277315e-01,1.586775010331309688e-01,4.652856578589873587e-02,2.637988625285109801e-01,3.592213503078844350e-01,-1.738057348472221986e-01,-2.470815477101022950e-01,7.751336220772667672e-03,-2.363757993922221620e-02,-1.123521366974969682e-01,-4.154213918614394624e-02,-1.959387107895403657e-01,-1.592117610259618510e-01,-1.705362463440862619e-01,-7.984447097986478725e-02,-2.453965738865588053e-01,-1.808744055215998625e-01,-1.028222169963172589e-01,-8.506834646532218658e-02,-2.671140142788974159e-01,-1.657872686300340959e-01,3.241565427442241742e-01,4.398626449522705095e-01,1.131306950631180176e-02,-1.755980173018043683e-02,4.772425791515311766e-01,5.955377874786810244e-01,-1.652301770135779779e-01,-8.772594745530139237e-02,-3.435360248773370873e-01,-4.595161065688864177e-01,-2.169483708494962249e-01,-1.227176938233608544e-01,-1.267999881275557184e-01,-2.395471119137695115e-01,-2.825116612517665771e-01,-2.285011724038731595e-01,-4.166839806479158415e-01,-2.752009753669612535e-01,-6.519113493717879071e-02,-1.152837171709791830e-01,-1.451429145480822580e-01,-1.395491667598957874e-01,-2.330629308041982928e-01,9.072602279965935601e-02,3.421204642125715290e-01,3.314489633301292981e-01,2.824500158679784170e-02,-2.477938943672101380e-01,-3.146996842386452498e-01,-3.388692410083358197e-01,-2.649176120861482797e-01,-3.686645098392882236e-01,8.006365456666719727e-02,1.780021872695433105e-01
-7.290137423542600650e-03,-8.951138042279600804e-02,8.063467347353472370e-01,5.855238373566459265e-01,5.320156442285080001e-01,2.305925491279461337e-01,1.000000000000000000e+00,5.725509088127783697e-01,5.839210573781533631e-01,4.661966396416348246e-01,2.988043078707456335e-01,1.902764681304781602e-01,2.485884348693688517e-01,2.793426318925817942e-01,1.680202014205836314e-01,2.630545515983278015e-01,1.314119760998563868e-01,-2.845048619942509849e-02,2.614061083725847112e-01,1.015208144496779624e-01,1.699060935320293453e-01,2.570224366365365110e-01,6.193146403220172180e-01,3.788108833783496721e-01,3.212112632965667958e-01,3.203893248460577547e-01,1.788926205909280864e-01,2.068248289340599844e-01,-3.259214272504560445e-02,-2.154460500149547042e-01,1.526773503444150415e-01,1.143887175248693433e-01,-1.050734150857669941e-01,6.860902899387883933e-03,4.789549509234249935e-01,2.320081097927116920e-01,-3.540499875567651444e-02,-4.375680667779327515e-02,-1.473667146891816937e-01,-1.381244734456801293e-01,-1.688855199559806397e-02,-6.984878615672995839e-02,-6.042457687293516511e-01,-5.937751861348116167e-01,-3.708015498106116969e-01,-5.254812335469611906e-01,-4.273372162314578726e-01,-5.713180011370148081e-01,-7.183262593352801595e-01,-5.454771695179558844e-01,-2.797581674425613230e-01,-9.375349609236761916e-02,-5.629616268901730392e-01,-3.777332307432378355e-01,-3.988205183235195572e-01,-4.367073145672608070e-01,-1.032742831440972286e-01,-1.987835310932466459e-01,-2.801417387194655717e-01,-4.346912822011511635e-02,-2.434992659633004528e-02,2.122633216815947299e-01,4.998070727803666236e-02,-1.772807079629853677e-01,6.535803410587937012e-01,4.104007178262467637e-01,-1.686229562842902485e-01,-2.812148250298523444e-01,-1.039957624506551576e-01,5.651968428430850788e-02,-4.276363105009486389e-03,2.648034539680220179e-01,2.687533248551904341e-01,1.998794490272586821e-01,2.378895360385763214e-01,2.641093726098143746e-01,2.033315905193966155e-01,1.991899339937761026e-01,-4.912223822972722892e-02,-2.368621129754400201e-01,-2.824386000561657784e-01,-2.021717440392338527e-01,-6.607243560911346680e-02,5.340088449709923940e-02,-7.003600547045701896e-02,-3.196587128900497676e-01,-2.697761815936016716e-01,-1.823812926808664192e-01,-5.086588932598763435e-01,-5.237323311772670298e-01,-4.596074330633874161e-01,-3.900577411761482760e-01,8.276463564153437036e-03,7.947459867713572990e-02,3.755573770117514448e-02,-2.438851204025671848e-01,-3.916879191029911667e-01,-4.983116014329126986e-01,-6.486624093299147020e-01,-6.179904061517527136e-01,-1.066465139535467850e-02,7.389454986312442297e-02,2.316268216781700029e-02,-5.461552687396258737e-02,-2.695615643315242838e-01,-1.844361388071389940e-01,-6.189881481041761141e-02,7.282146355273762250e-02,8.296783709179911259e-02,-1.502480655906883455e-01,1.441839863558217194e-01,-5.024486916338081199e-01,-3.678402882264166646e-02,-2.641230715839895660e-01,-2.335903413099415724e-02,8.845655941130942113e-02
-1.513622488236005814e-01,2.527689051551523097e-02,4.794663792926306400e-01,7.711221058063102429e-01,3.239145275337965146e-01,3.037450712232498962e-01,5.725509088127783697e-01,1.000000000000000000e+00,1.810707574847770229e-01,5.086725922340515904e-01,-5.929372655477649183e-03,2.744840623851284023e-01,2.780275303717673063e-01,6.286025448127692261e-01,1.541362910940685671e-02,8.835610026735830902e-02,-2.423782332433006281e-01,-9.414620001872192612e-02,5.044647239999178190e-02,1.713513353075077350e-02,1.698901113954916567e-02,4.232298071412752410e-02,5.023938957371075764e-01,3.328599576701697926e-01,2.602645271913221481e-01,3.023158115843092020e-01,2.414193050510400895e-01,2.198799513229784397e-01,-1.933587373198870363e-01,-4.426823504699889389e-02,-1.822397366143898578e-01,-9.782665774711236939e-02,-1.254620549831160226e-01,-8.024174123094415800e-02,1.025025742655637506e-01,2.950074088618663895e-02,-1.465721741870229522e-01,-3.978410416699963009e-02,6.667975679754514773e-02,9.902303482507551768e-02,3.212181127836543498e-02,1.982264394767905002e-01,-5.523038249819058887e-01,-5.175175632264736869e-01,-2.989823945350225665e-01,-3.526778069768875534e-01,-2.924114532556753576e-01,-4.350314733931673894e-01,-5.060149912440723430e-01,-3.188778713620661898e-01,-2.576206251755180920e-01,1.489557956934991489e-01,-2.870642870026416382e-01,-1.170554511642986489e-01,-1.644812997586697356e-01,-2.465198897689211410e-01,-6.741493507827822640e-02,-2.057517426236731839e-01,-3.234898593343668582e-01,-1.133338965133827564e-01,-2.549630241855389001e-01,3.634862976010813096e-01,4.947612839591861850e-03,5.943299945889052305e-02,2.750320213521343926e-01,3.648059654466208057e-01,-4.521551911121055589e-01,-3.306361575290703847e-01,-5.260634399494051178e-02,8.135592446385639387e-02,-1.663717581948405133e-01,-7.997917755925376335e-03,8.650673875371299448e-02,5.861562733310653889e-02,6.562950211078361074e-02,4.896241686435047480e-02,1.104571119366011545e-01,9.116667313562669059e-03,-1.002696414750142151e-01,-1.852215466598476079e-01,-1.291973086082070510e-01,-1.733262707510919154e-01,-1.631296676400548762e-01,1.054204557648708018e-01,-9.896367260364986873e-02,-1.289370280988791917e-01,-2.342638742068864632e-01,-7.098123468854240781e-02,-3.098959106278924569e-01,-3.084666509889517627e-01,-3.895645781058428292e-01,-3.846101157791634306e-01,2.875528837482219657e-01,2.347296393288415828e-01,2.378438727913258222e-01,-4.541894887771154299e-02,-1.736276481829452378e-01,-4.011447776085700911e-01,-4.791467365618771179e-01,-6.083143640593713375e-01,7.642886008552726707e-02,-5.212231357408519256e-02,-1.317727157531353444e-01,-2.237567610145460295e-01,-3.104712675432488300e-01,-2.261312498715721264e-01,5.588039882280148446e-02,1.701755066908073044e-01,1.840571338549598368e-01,-1.868973878339410255e-01,2.034982613718609376e-02,-3.289877143033272389e-01,1.365856220133382370e-01,-1.541796711789565621e-01,-1.371975095264949540e-01,4.473400016895401343e-02
4.706739210345465413e-02,-1.142151971853174464e-01,4.191908929219683722e-01,2.609631748742548552e-01,4.455888161574834139e-01,4.535798844263211893e-01,5.839210573781533631e-01,1.810707574847770229e-01,1.000000000000000000e+00,3.681439488206325050e-01,3.365267164243850861e-01,1.189185116521191132e-01,3.308507747911477170e-01,6.800855729253474369e-02,5.006952229393888398e-01,3.398418681747715220e-01,3.599405464520798181e-02,-1.448187054926036998e-01,1.893403715618428851e-01,1.475493676781836905e-01,2.169346718753210612e-01,2.470084865145014963e-01,3.631346905972524519e-01,1.460379141941920977e-01,2.253138777457881492e-01,1.262291975369244368e-01,1.437501855069419632e-01,2.176013552851784050e-01,-5.439177696243512744e-02,-2.717899307973488110e-01,1.817328745699093029e-01,1.590222585498722585e-02,-3.143229624488286245e-02,-2.515359974793887621e-02,9.325120037261210026e-02,-2.100281057286826694e-02,-1.438415120014429616e-01,-1.591569651292612242e-01,-1.069821388208379714e-01,-1.101876987778231815e-01,-2.390311172198388567e-01,-3.549632525017751283e-02,-4.617992689314115440e-01,-3.545363011399829678e-01,-2.997997666608065437e-01,-2.715616145610962873e-01,-3.681485151453575133e-01,-3.591117585144832369e-01,-4.755119420807371600e-01,-2.162405905171134457e-01,-3.993091150690998847e-01,-2.954389265483836624e-01,-6.539730449851480776e-01,-5.945377623638949949e-01,-3.870074362598147633e-01,-1.620611476543931395e-01,-6.132345789506129380e-02,-2.296633020463984334e-02,-3.507165705074784950e-02,2.866944146999125809e-01,2.396475710577206375e-01,4.118802070371630486e-01,2.962425996999924482e-01,7.989470055184033637e-02,5.604684135902956443e-01,4.160949247583843325e-01,2.509423752651322378e-02,-1.112653514129350318e-01,-1.176970197881681973e-02,1.729563984483628580e-01,2.487254246111203770e-01,3.897517974195698898e-01,2.409444072796348701e-01,1.980346538383384036e-01,2.270445148165821381e-01,2.249531380925091639e-01,1.868014950147149911e-01,2.621321540038676901e-01,-1.718422152154506222e-01,-2.298847687955633545e-01,-4.644477372719406083e-01,-3.314124327323288988e-01,1.818698643116608005e-01,1.769473662580567097e-01,-3.143298119359161924e-01,-4.154784709205025517e-01,1.369874585891426577e-01,9.877645328992280815e-02,-3.443944939256465276e-01,-2.669267949651703553e-01,-5.007774167844397661e-01,-4.360041005596030916e-01,-3.046309382199096083e-01,-8.663459584601439223e-02,-1.327179449712207471e-01,-1.794497122073842044e-01,-3.912221539810360471e-01,-2.263139028605741232e-01,-4.462007036706401308e-01,-3.602076764484952731e-01,-2.458897369568642244e-01,5.275246638614211614e-02,-1.125165243875987792e-01,-6.672085372007059700e-02,-1.971487868416786637e-01,-1.117356828596152013e-01,1.979752916169127408e-01,-7.187166800992718374e-02,-8.286281162312295057e-02,-2.194370178246485559e-01,-5.395797611355536427e-02,-3.273529700517592844e-01,-2.299030340944635542e-01,-3.602213754226704090e-01,5.627310274915579835e-02,1.595953323028660442e-01
-8.934014324560661871e-03,2.585681375559660197e-02,4.818408681496567092e-01,5.438972211630885845e-01,5.299242675044349982e-01,5.220153930806481490e-01,4.661966396416348246e-01,5.086725922340515904e-01,3.681439488206325050e-01,1.000000000000000000e+00,-1.321882513031149287e-01,6.907251095347143044e-02,4.407667772478304213e-01,4.899506608613458103e-01,2.777489845635392474e-01,5.492261221172221042e-01,-1.235898618458454445e-01,-2.208799764377644137e-01,-1.152745845215290832e-01,-1.626913004664500839e-01,-2.630545515983278015e-01,-1.504033206313400428e-01,6.584526095404222845e-01,4.570274595937340867e-01,4.445111635223715774e-01,4.603928409160960578e-01,4.164739297105635174e-01,3.056857592313962368e-01,-5.009418044745416188e-01,-2.952928041571820095e-01,-4.773567372696574385e-01,-4.730552593786602200e-01,-2.394238211461931776e-01,-2.307523704933228947e-01,-1.794086152848587412e-01,-2.434284879300621651e-01,-1.974592969229820860e-01,1.481749541655155711e-01,6.272531958565169541e-02,2.728127875357600485e-01,-1.406313857197326878e-01,9.581290854336524387e-02,-6.045699777848302370e-01,-4.687355161887627464e-01,-4.826993371979661496e-01,-5.532444878752662554e-01,-3.333120238179497763e-01,-3.740756046384726696e-01,-4.387986912913338089e-01,-2.038064882908018349e-01,-3.615045126704095058e-01,-5.503106242394215086e-02,-3.203573605729824192e-01,-4.350269070684423811e-01,1.770135779665699474e-02,3.687078899241761493e-02,1.189687412240946623e-01,-8.989038537497516523e-02,-1.814314971380559804e-01,2.718218950704241466e-01,-4.997842411567413566e-03,4.555753683311681290e-01,-2.409877873645228583e-02,-1.919979725518220770e-01,3.188139428159154631e-01,3.940076120633166368e-01,-2.949274981791780159e-01,-3.904047818552520699e-01,6.591718056846176954e-02,7.279863192911237291e-02,-2.500131281835845098e-01,-1.312841190075549891e-01,-1.982675363993159634e-01,-2.550086874327894271e-01,-1.686640532068156839e-01,-9.703668356967869169e-02,-1.764770348113765541e-01,-2.128889081689266105e-01,-2.673788611129503390e-01,-4.603243460452203228e-01,-4.160538278358588693e-01,-4.581507754760964501e-01,5.499909815086680143e-02,2.776302601206879772e-01,-1.089091278548091346e-01,8.918717136731744988e-02,1.399236053873499086e-01,2.131857192760548692e-01,-2.550223864069645630e-01,-5.956770603827950435e-03,-3.162385356709871975e-01,-3.994461048108514101e-01,-1.307635579888992705e-01,-3.561504969302881768e-02,-1.212199393135443976e-01,-1.917879216144697807e-01,-3.063113457187280897e-01,-3.105945583108251640e-01,-3.872357524960672315e-01,-2.633696280043562599e-01,-4.592581092219211181e-02,-1.885549637091342434e-01,-3.598149725221409523e-01,-4.678816134651783698e-01,-3.322846007548134750e-01,-1.428095226135816243e-01,-3.230446426736744564e-02,1.232291221925664731e-01,-7.741061990141305527e-02,-2.858176803527029408e-01,-2.538488409526266643e-01,-2.503419035637881040e-01,-1.006440801024683224e-01,-4.356798915041245057e-01,-2.070120482477870449e-01,-8.433316818458910791e-02
4.662240375899851519e-01,2.802330652139665701e-01,4.470660222060371392e-02,-2.403485019030158348e-02,9.421012856487263887e-02,-3.221313777286644031e-02,2.988043078707456335e-01,-5.929372655477649183e-03,3.365267164243850861e-01,-1.321882513031149287e-01,1.000000000000000000e+00,2.897766838893214292e-01,-8.772594745530139237e-02,-1.784953503398487296e-01,3.701234505889417631e-02,2.076604663587441613e-01,5.231158773393852490e-01,5.520663760962033484e-01,5.400889063423967018e-01,3.847927687681654274e-01,3.510110984522442079e-01,3.244350885524522332e-01,-2.257248469710426420e-01,-4.001082218959836623e-01,-1.985826128053444217e-01,-2.602736598407722757e-01,-1.626365045697494571e-01,8.728529711933405086e-03,5.315909760290783437e-01,9.561199025546303354e-02,3.692261677804693498e-01,4.676487309042007823e-01,4.633015897659530369e-01,3.855325133736235421e-01,1.699928537018053076e-01,6.808618481286059232e-02,-1.424350839861275031e-01,-2.860505629136804728e-01,-4.811833173892495208e-01,-4.775028596608590359e-01,-2.990052261586478299e-01,-3.912586845788364465e-01,-2.361315010194320052e-01,-3.817470301765569229e-01,-1.178636906406325263e-01,-1.386678660879611114e-01,-3.668745105470685441e-01,-5.203258529323795401e-01,-2.308026000652984300e-01,-1.247268767023829300e-01,-9.949336627175568715e-02,-4.684935009783350868e-01,-5.580939247332695752e-01,-3.275356230407612812e-01,-5.892773562806371546e-01,-6.002137039971323640e-01,2.232635979442406104e-01,2.056832477527974490e-01,2.497528476742566506e-01,-2.409421241172723591e-02,4.983526983554381617e-01,-4.457874512830230923e-02,3.097269566130656515e-01,2.541159709490421140e-03,3.540111737966021854e-01,-1.219779492179027258e-01,2.317706609070090684e-01,6.608613458328861656e-02,2.883017610031302080e-01,3.423122498510236533e-01,3.612350995116315744e-01,4.683199806387831621e-01,2.527163924208142287e-01,2.950599215962044775e-01,1.333709294069028994e-01,3.643310676752156141e-01,3.999986301025824642e-01,5.270246513040282021e-01,3.131151695590528306e-01,2.573420793672900331e-01,1.556089308178972563e-01,1.505083461000162048e-01,4.635047912162177514e-02,1.907741975255086431e-01,-1.286356506670258970e-01,-6.413197591720339874e-01,-2.939411720385671778e-01,-1.087219085410820879e-01,-3.526869396263376255e-01,-4.935626237188605048e-01,-4.118710743877129210e-01,-2.730776343698129160e-01,-4.284810805750829260e-02,-1.663169622981399143e-01,-1.116763206381895385e-01,-3.022062197909080039e-01,-2.393918568731178143e-01,-3.711029272424650194e-01,-2.697944468925018713e-01,-4.329674946174447148e-01,2.329967190956850481e-02,3.174851423209258949e-01,2.662098819833375041e-01,3.909025112502825250e-01,2.278367721563783616e-02,1.216948370849496169e-01,2.021443460908835532e-01,-1.306539661954980724e-01,1.783400952991970045e-01,7.763436981294050132e-02,-9.107534664112569220e-03,-2.674701876074513374e-01,-1.419053903180216847e-01,-2.383781327841566766e-01,3.984004164488149091e-01,2.323231861987401503e-01
-9.379002669016801852e-02,5.929144339241396167e-02,-1.441839863558217194e-01,2.119482452755662716e-01,2.102221745294973188e-01,7.215021381815525658e-02,1.902764681304781602e-01,2.744840623851284023e-01,1.189185116521191132e-01,6.907251095347143044e-02,2.897766838893214292e-01,1.000000000000000000e+00,2.808312537529481512e-01,2.671528280390603541e-02,-2.726780809563710342e-02,2.726620988198333873e-01,-7.928281303868361940e-02,-9.294753977839626327e-03,2.962015027774670406e-01,4.328670354734936443e-01,-6.147871293571299800e-02,-6.784416960243293271e-02,-5.044190607526673198e-02,1.294849870658852098e-01,1.039774971517549579e-01,-1.877444410704378480e-02,3.325037843416158712e-01,3.455406414316341546e-01,-1.445812566069010763e-01,-3.086607197897664120e-02,-8.778074335200199141e-02,1.154252732374557305e-01,-8.690857532951740128e-02,7.469365669000820052e-02,-2.013520887510873714e-02,5.976634116381918105e-02,-7.328722867469274205e-02,-1.590702049594852896e-01,4.056494569498320796e-02,-4.303076104651030326e-02,-1.700659148974061063e-01,-1.555061885115836297e-02,-5.096132551274118461e-01,-3.959939633187135044e-01,-2.002584539794378393e-01,-1.850251946966704752e-01,-4.894255335179650834e-01,-4.217297694690962384e-01,-2.794019941140074570e-01,-7.367993260104706288e-02,6.060197858850336489e-02,-1.281082401612825862e-02,-2.695387327078990758e-01,-5.367943030532730531e-02,-1.760341013130466703e-01,-2.963658904675688377e-01,-1.722212201676297794e-01,-8.705698088308153754e-03,-1.203980008630353704e-01,-3.228619896846724596e-02,4.322711300968745674e-02,1.556089308178972563e-01,1.760432339624967701e-01,6.996294427485622025e-02,3.154028982463029651e-01,2.334145378080271505e-01,-3.095990995207641983e-01,-2.629860567274520666e-01,-5.894896903803520383e-02,2.236380365716947316e-01,-5.772519401172175602e-02,9.187217030564694131e-02,2.126925562057494501e-01,2.658491423300585188e-01,2.181264826285591596e-01,3.247501649584806915e-01,2.043133503352823899e-01,2.682236311870845880e-01,-1.207541741915892919e-01,-1.086671126443814750e-01,-2.054366662176447256e-01,-1.013746920584763511e-01,-3.040030685702152166e-02,1.438826089239683970e-01,-2.013064255038368375e-02,-2.608992463281041285e-01,-3.064848660582800144e-01,-1.864635869850612693e-01,-2.995531851256538203e-01,-2.596480733534403673e-01,-2.009297037140202191e-01,-2.330081349074976660e-01,2.808084221293228877e-01,3.891399099064131728e-01,1.151695590528529212e-01,-1.508645194285701263e-01,-2.260992855984967631e-01,-3.113662671893586142e-01,-3.092429261922103323e-01,-4.441960871163431190e-01,2.978385301913975131e-02,3.975967432972060678e-01,-3.851694905579820458e-03,9.063469630515834374e-02,-7.366166730214686320e-02,2.111925185335704856e-03,-4.334127112781371166e-02,2.235444269148311944e-02,1.845936770101532301e-02,9.489964359835520447e-02,1.818287673891353373e-01,-1.555176043233962579e-01,2.483235880353159564e-01,-7.750194639591405366e-02,4.599887211779291052e-02,1.832306290797257597e-01
-9.838146620120596236e-03,8.165730189570971631e-02,3.798953855005490765e-02,2.850733694225197623e-01,1.556134971426222924e-01,3.613903545522832994e-01,2.485884348693688517e-01,2.780275303717673063e-01,3.308507747911477170e-01,4.407667772478304213e-01,-8.772594745530139237e-02,2.808312537529481512e-01,1.000000000000000000e+00,3.294443467758322863e-01,4.145286753776921129e-01,1.799154773293393239e-01,-2.792604380475308679e-01,-3.532440312427937434e-01,3.240492341131855081e-02,3.329535673270333368e-02,-1.061602003703289304e-01,-1.749701476521099974e-01,3.310151624812495141e-01,2.469856548908762606e-01,3.617282625819369657e-01,3.071378504939621945e-01,3.602990029429962715e-01,2.288573457324270810e-01,-4.504839162627372051e-01,-3.283301635429200505e-01,-3.510247974264193993e-01,-4.294970878264066094e-01,-6.402672213229099185e-02,-1.604903319489758839e-01,-2.477893280424850742e-01,-1.301699357746427532e-01,-7.602702350972284639e-02,1.117151343983524732e-02,2.182726050197607570e-01,2.446111660338501637e-01,1.243707033738290224e-01,2.505108575786149649e-01,-3.639840269961117647e-01,-6.952001077652635030e-02,-2.922744635139238878e-01,-1.886462902036352418e-01,-7.414113139827713250e-02,-1.364075353490612763e-01,-1.745546121021304131e-01,6.677564961677119604e-02,-2.144825554979691296e-01,2.410334506117733575e-02,-1.649287995817246555e-01,-2.234919141804931064e-01,1.676137985200541469e-01,1.977469753806602448e-01,6.855651625954076178e-02,1.659562226448609568e-01,1.593419012806257529e-02,3.572258664030374953e-01,1.046989764583128868e-01,3.511846187917961326e-01,4.239604190972832976e-02,1.744358876592791152e-01,1.898974631782990030e-01,1.195030012169255446e-01,-4.005511553943135739e-01,-2.654153414811787348e-01,-1.645452283048204345e-01,5.289858877734372050e-02,-1.126535141293502768e-01,6.379840589603848200e-02,-1.220350282769658637e-02,-1.013107635123256522e-01,6.288514095102845647e-02,4.667468817710034024e-02,8.025315704275677586e-03,5.459726157506238770e-02,-2.144049279776432670e-01,-1.999662091970346167e-01,-4.233827790195643925e-01,-1.890892237019651256e-01,-1.540609467361052365e-01,-2.121035003162179966e-01,-1.227313927975360180e-01,-5.975035902728150980e-03,2.361543326430572409e-01,1.662941306745146508e-01,-5.949692800504122192e-02,1.942400379918217124e-01,-2.556662381931966155e-01,-3.018911433848795456e-01,-8.441992835436507026e-02,3.296201502777466874e-02,-3.428624919803922172e-02,-9.124658381831507459e-02,-8.261166376324519112e-02,-5.290315510206877042e-02,-2.581868494414243376e-01,-2.734749046208923007e-01,-2.644130332040302289e-02,-1.700567822479560065e-01,-4.458353976926361373e-01,-4.291500471473027600e-01,-3.736418037895928856e-01,-4.492510085869736436e-01,-1.070049704444632210e-01,-6.374360999933788297e-02,7.752021169481425333e-02,-5.136430366972686429e-02,-1.471064341798538344e-01,-1.757053259328430761e-01,-6.327327855265771350e-02,-2.377160156990243967e-01,-5.583313736189721155e-01,-1.597094904209923061e-01
