0.000000000000000000e+00,4.228562491621609687e-01,-1.487331873631529688e-01,-2.921176102596184099e-01,-6.281335180302963228e-02,-2.760266321104606901e-01,-2.207426605299611308e-02,-2.710755619107198533e-01,-1.598641583627507801e-01,-1.735198176862236819e-01,6.771929040618437368e-01,4.331873631529559177e-01,4.746235309888734988e-01,2.683810715402832892e-01,4.641404888511550808e-02,2.500826667858260244e-01,2.153894275883641019e-01,4.000625586487331908e-01,6.182939362795477622e-01,4.980159971401760810e-01,-1.524107422136824763e-01,-1.369632244514946973e-01,1.087224630233701306e-01,-1.689530363287010048e-02,-1.701908038786362209e-01,-2.716475266991376092e-01,-2.574288395370660232e-01,-2.490236382322713327e-01,4.187005674963135138e-01,1.310603690960275292e-01,6.195093614549354588e-02,2.291880781089414287e-02,-1.664685642790115772e-01,-4.531480405737521588e-02,-2.692926404218240477e-01,-3.715670941507663305e-01,-6.723267348853835534e-02,-9.984360337816702846e-02,-3.404084186067295181e-02,-1.281826712543009117e-01,3.784798248357835408e-03,3.319183162786541047e-02,1.301532686893963064e-01,1.981232405380043693e-01,-1.059698824791098781e-01,1.693239197461906265e-01,2.191518834621743461e-01,1.423566736672773614e-01,7.729567898476250032e-02,5.583806246927923433e-02,-2.636668305107466859e-01,-2.154698601367353306e-01,-2.396398409222932346e-01,-1.918048170159524501e-01,7.258590643013539123e-02,-5.002904508691183999e-02,3.986192412529603879e-01,3.852272219491487681e-01,3.113543947450734817e-01,1.232271325796505668e-01,4.915322400464721027e-03,-8.393583270029938981e-02,5.204611466106617845e-01,2.836990035300951951e-01,-2.475892577863175181e-01,-3.912283837526252528e-01,-4.641092095267885242e-01,-4.261048304213772009e-01,4.431922784753563604e-01,3.571607310424951831e-01,1.079717592385718711e-01,2.639528129049555361e-01,3.964475624469368520e-01,2.354216006077125833e-01,1.315742437106215690e-01,2.763483623039456605e-01,2.634970284641851568e-01,2.785200411099691409e-01,1.858081236873855013e-01,1.133473345547164751e-01,7.383707940479913856e-02,8.405201304794673867e-02,-2.703874167746548110e-02,-2.363823227132579724e-02,1.612404486348809063e-01,-6.771973725367531893e-02,8.546405111935297116e-02,2.936681710532195247e-02,8.829259573707493036e-02,-1.104249519638947213e-01,-4.435229456186603469e-01,-2.639706868045935684e-01,-2.962152017516421765e-01,-1.923633763796416263e-01,-1.376737119621073389e-02,-2.439251083605165626e-01,1.638947227311318700e-01,-1.374770990660887371e-01,2.086777782742749998e-01,2.078332365163769735e-01,-4.569015594977433870e-02,-5.469860136735332085e-02,-3.358505741990258642e-02,2.159747978015103542e-01,-1.387595513651190826e-01,5.953349121944680189e-02,-2.205773269583091167e-01,1.331605523034988178e-02,-7.109790428526743811e-02,-4.911747620537110920e-02,1.143169936100808803e-01,1.841860672952321254e-01,-1.632423253943429131e-01,1.091380311899548677e-01,-8.622816032887975490e-02,6.240672058626391128e-02
4.228562491621609687e-01,0.000000000000000000e+00,-8.528978059788194788e-02,9.400330667143304286e-02,-8.660798069618838579e-02,-3.900531748514231983e-02,-1.786540953572545720e-01,-2.539881138567406937e-02,5.479690781536261657e-02,-2.061799007998570132e-01,1.371777112471513349e-01,1.552660976808615256e-01,-7.440010724339782278e-02,-1.672773582376334833e-01,-1.697886411367800219e-01,7.737164305822423482e-02,3.838956164261137505e-01,2.886813530542026163e-01,8.408776084722284494e-02,1.755842530944188851e-01,-4.860360159077706937e-02,-1.970642119844497053e-01,3.793735198176862410e-03,3.000580901738236772e-02,-2.095267885070825273e-02,-9.061173421511238557e-02,-1.264086867152240945e-01,-1.240091156888154106e-01,2.111756557486929586e-01,6.282228875284864844e-02,-5.549845837615622127e-03,5.815273247240716759e-02,-1.496894409937888082e-01,-1.084856338531659109e-01,-2.402296796103489951e-01,-1.495062335224987826e-01,-6.780016980204656152e-02,-1.261003619464676727e-02,2.887617856025738172e-01,1.842084096697796936e-01,1.116939988381965287e-01,6.065060994682514722e-02,-1.831583180660440457e-01,-1.217301934849635836e-01,-8.706376513695875119e-02,1.534787077170561564e-01,1.046516823808034263e-01,1.314938111622503125e-01,1.798069618839090167e-01,9.875776397515527438e-02,-1.067429286384556919e-01,-8.164797354662853279e-02,1.274051566200455898e-01,3.846463202109120377e-02,2.426471245363957252e-01,1.105053845122659639e-01,7.451539389606327557e-01,6.369810983511328129e-01,-7.284060949997765710e-02,1.871397292104204704e-02,-4.542204745520354164e-02,-7.065552526922561083e-02,2.177711247151347118e-01,1.981902676616470738e-01,-1.164886724161043885e-01,-2.341436167835917737e-01,-3.970865543589972568e-01,-4.096653112292774623e-01,5.022163635551186722e-01,2.975468072746771386e-01,-1.097144644532820901e-01,-3.157200947316680661e-01,9.339112560882970038e-02,-4.548460610393672415e-02,1.661959873095312512e-01,1.057151794092676123e-01,4.600294919344027900e-02,3.536797890879842671e-02,1.480673846016354600e-01,8.568300638991911689e-02,-1.859466464095804183e-01,9.550918271593905606e-02,-2.500692613610974724e-01,-1.205371106841235107e-01,-1.584119040171589332e-01,-1.887751910273023914e-01,1.030028151391929880e-01,-7.464587336342105861e-02,4.164797354662853612e-01,3.647616068635774894e-02,-1.630054962241387073e-01,-5.402833013092631781e-02,-1.181956298315385012e-01,1.207337235801421021e-01,-2.283524733008624186e-01,-3.639438759551364977e-01,-1.577014165065463158e-01,-2.301130524152106838e-01,2.568077215246436507e-01,-2.618526296974842474e-02,-6.367576746056570480e-03,1.417132132803074207e-01,3.553331248045041996e-02,-7.290763662362036157e-02,-1.321596139237678214e-01,1.026006523973367890e-01,-6.613342866079807182e-03,-1.749407927074489444e-02,-1.377094597613834348e-01,-2.182403145806336431e-01,3.296393940748022777e-02,1.739577282273559872e-02,-2.184190535770141536e-02,-5.588274721837437065e-02,-1.879261807944948293e-01,-2.108673309799365403e-01
-1.487331873631529688e-01,-8.528978059788194788e-02,0.000000000000000000e+00,2.401045623128826023e-01,2.941060815943518647e-01,4.020376245587380937e-01,6.188569641181465020e-01,-1.692032709236337695e-01,2.495151704723178043e-01,-4.163278073193619339e-02,2.821841905357701588e-02,-3.319630010277492271e-01,1.342776710308771562e-02,-3.956253630635864216e-01,2.875195495777291277e-01,1.590777067786764299e-03,-2.523794628893158767e-02,-2.222127887751910169e-01,7.663881317306403540e-02,2.106885919835560159e-02,-9.493274945261181985e-02,-1.642924169980785609e-01,4.478260869565217628e-01,5.865632959470932217e-01,5.087135260735511366e-01,4.679029447249653528e-01,3.912551946020823013e-01,3.087582108226462063e-01,-2.895214263371911345e-01,-6.028374815675410225e-01,6.886366683051074744e-02,7.128558023146699951e-02,8.338621028642924371e-02,-5.968988784127977204e-02,5.620849903927789271e-01,4.149425800974127498e-01,-1.138478037445819768e-01,-3.507305956477054648e-02,-1.072433978283211841e-03,1.567540998257294788e-02,-2.807900263640019656e-01,-3.857187541891952259e-02,-1.830734170427633090e-01,-2.222619419991956613e-01,-2.213995263416596027e-01,-4.657357343938513528e-01,-1.196925689262254844e-01,-2.222083203002815088e-01,-4.040931230171142530e-01,-3.627016399302918082e-01,-2.584119040171589665e-01,-3.729523213727155007e-01,-1.351624290629608038e-01,-1.515796058805129742e-01,6.447115599445908674e-02,1.219714911300773114e-01,-1.157379686313061290e-01,-1.047097725546271008e-01,1.984002859823941981e-03,-1.600071495598552329e-01,1.821082264623084257e-01,-3.349658161669422096e-01,-3.169891416059698597e-01,-5.612985388087046168e-01,6.871933509093346437e-01,4.038786362214576431e-01,4.828455248223781360e-01,1.620537110684123483e-01,-8.572769113901425320e-02,-1.582644443451450000e-01,2.059609455292908398e-01,2.207605344295991701e-01,1.862907189776129291e-01,5.082890209571473000e-02,2.037445819741722230e-01,1.490593860315474195e-01,7.939586219223379593e-02,-9.075025693730730258e-02,7.313552884400553733e-02,4.081058134858572828e-02,-2.458465525716073130e-01,-2.467536529782385357e-01,-2.043254837124089673e-01,-1.097814915769247945e-01,1.564413065820635385e-01,-3.100853478707716882e-01,2.701014343804459261e-01,4.273202555967648419e-01,2.396711202466598190e-01,-6.554805844765181078e-02,-1.541489789534831734e-01,8.205013628848474572e-02,-9.369498190267661064e-02,1.042361142142186892e-01,3.846463202109120377e-02,1.915501139461101843e-01,-2.989722507708119092e-01,-5.670047812681532073e-02,-2.224630233701237747e-01,2.365610617096385038e-02,8.561151079136690434e-02,5.596317976674560629e-02,2.951651101479065287e-01,1.819831091648420329e-01,3.955762098395817494e-01,5.026319317217033955e-01,1.118369900353009538e-01,3.284195004245051286e-01,2.128960185888556234e-01,-2.057822065329103223e-01,-3.734706644622190486e-01,-2.377183967112024565e-01,-1.422494302694490287e-01,-1.405380043791054079e-01,9.294427811787836502e-02,2.817373430448187957e-02
-2.921176102596184099e-01,9.400330667143304286e-02,2.401045623128826023e-01,0.000000000000000000e+00,-1.005406854640511277e-03,1.967782295902408551e-01,1.519728316725501571e-01,5.305464944814335393e-01,3.451450020108137035e-02,2.108137092810223878e-01,-2.845212029134456255e-01,-6.853299968720676094e-02,-2.733589525894812300e-01,-9.580410205996692935e-03,-9.986594575271459662e-02,1.841547879708655411e-01,1.500916037356450350e-01,-1.976808615219625420e-01,-8.025827784976986845e-02,1.950578667500781904e-01,-1.337682648911926453e-01,-3.454041735555654635e-01,9.677822959024084959e-02,4.002278922203851841e-01,-2.920595200857947077e-02,1.510255149917333339e-01,-4.531480405737521588e-02,5.817954332186424382e-03,-2.294383127038741588e-01,-8.946780463827695706e-02,-2.644041288708163795e-01,2.817373430448187957e-02,5.603020689038831076e-02,5.581125161982215810e-02,5.590508959292193880e-02,1.640421824031458031e-01,-3.057107109343580875e-01,-2.214933643147593834e-01,1.469234550248000280e-02,1.341748961079583524e-01,-1.809955762098395815e-01,-8.236292953215067214e-02,-9.781938424415746736e-02,-4.329505339827516980e-02,-1.773805800080432427e-01,-1.556235756736225884e-01,1.185754501988471321e-01,1.073774520756065956e-02,1.204119933866571318e-01,4.486348809151436204e-03,1.267840386076232173e-01,1.174315206220117036e-01,1.377005228115644186e-01,6.406452477769337961e-02,-1.755663791947808042e-02,1.821797220608606382e-01,-2.974216899772107875e-02,-4.562312882613164117e-02,-3.876044506010098978e-01,-5.627597301041154659e-02,-2.957102640868671251e-01,1.308592877250994158e-01,-2.319049108539255610e-01,4.114571696679922980e-02,2.541400420036641350e-01,4.954287501675678218e-01,3.123017114258903534e-02,2.113588632199830258e-02,8.093301756110639344e-02,5.257160731042494900e-02,-5.316591447339023141e-02,-8.862773135528843882e-02,-1.799097368068278413e-01,-1.337057062424594489e-01,-1.364225389874435847e-02,1.306135216050761938e-02,-1.776218776531569843e-01,-2.953974708432012264e-01,-1.580499575494883485e-02,8.750167567809107039e-02,2.512623441619375383e-02,4.079717592385718669e-03,-1.650207784083292384e-01,-1.515617319808749142e-01,-4.608785021672102966e-02,1.908798427096831951e-01,-1.323606952946959070e-01,6.530229232762857494e-02,-1.623486304124402424e-01,9.048661691764600667e-02,9.701059028553554731e-02,-3.300415568166584906e-02,8.591983556012333656e-02,-8.528531212297242592e-02,2.131462531837883829e-03,-8.265784887617856624e-02,-2.116448456141918899e-01,-3.498369006658027386e-02,-4.443898297511059137e-02,1.672103311139908066e-02,-2.203360293131954029e-01,5.640555878278743357e-02,2.317797935564591683e-02,-8.214397426158452642e-02,1.199651458957057965e-01,1.985656195540461966e-01,-8.374368827919030644e-02,1.738638902542562203e-01,2.468385540015192656e-02,-1.622771348138880299e-01,-2.776263461280665049e-02,7.159390500022341786e-02,1.116895303632870068e-01,7.117833683363868069e-02,2.811609097814915526e-01,-2.332097055275034747e-01
-6.281335180302963228e-02,-8.660798069618838579e-02,2.941060815943518647e-01,-1.005406854640511277e-03,0.000000000000000000e+00,6.226149515170472659e-01,4.654229411501854541e-01,-8.303766924348719713e-02,4.834711113097099888e-01,2.950355243755306556e-01,-1.149425800974127471e-01,-2.582465704455069733e-01,1.097725546271057645e-01,-2.448322087671477854e-01,4.220251128289914666e-01,9.276107064658832557e-02,-2.637159837347513025e-01,-3.099870414227623994e-01,9.890075517225971335e-02,-1.867822512176594077e-02,-1.962420126010992472e-01,-2.290853031860226041e-01,5.466866258545958202e-01,4.410563474686089447e-01,5.602976004289735856e-01,4.101300326198668578e-01,6.024174449260467634e-01,3.706331828946780593e-01,-3.300370883417489409e-01,-1.579203717771124615e-01,1.870280173376826505e-01,1.311273962196702336e-01,1.512042539881138514e-01,-8.436927476652218705e-02,3.378167031592117509e-01,1.953036328701014401e-01,-1.664953751284686465e-02,3.213727154922025459e-02,-8.791277536976629947e-02,-8.615219625541802040e-02,-2.402341480852585032e-01,-1.678403860762321953e-01,-2.536887260378032916e-01,-2.751284686536484836e-01,-2.791903123463961717e-02,-1.885026140578220655e-01,8.559810536663836622e-02,-2.177175030162205593e-01,-1.613655659323472991e-01,-1.821573796863130701e-01,-3.090486616917645923e-01,-3.560972340140310388e-01,-1.269985254032798550e-01,-3.793422404933196046e-01,-2.500424505116403684e-01,-2.132266857321596099e-01,-1.967380133160552269e-01,-2.734527905625809829e-01,-7.431073774520756403e-03,-1.433173957728227366e-01,1.663032307073595839e-01,-2.337369855668260388e-01,-3.322400464721390612e-01,-3.918316278654095375e-01,3.310961168953036604e-01,8.187139729210420047e-02,3.120604137807766465e-01,2.620760534429599289e-02,1.621609544662406810e-01,3.335269672460788870e-02,1.702265516779123411e-01,1.792662764198579006e-01,-1.074221368247017284e-02,4.669556280441485192e-03,2.580276151749407720e-01,4.418427990526833243e-02,-1.105768801108181765e-01,-1.585370213146253260e-01,-1.822959024085079871e-01,-9.275660217167880361e-02,-3.311408016443987412e-01,-2.324679386925242452e-01,1.888422181509450959e-01,3.163233388444523786e-02,1.579293087269315055e-01,-2.782474641404888427e-01,2.278832834353635151e-01,3.263282541668528491e-01,1.294115018544170770e-01,-1.765896599490593966e-01,-7.225077081192189665e-02,-2.458197417221502368e-01,3.869699271638589542e-03,-1.808213056883685721e-01,1.957192010366861842e-02,-1.023638232271325832e-01,-2.801465659770320249e-01,5.496670986192412484e-02,-4.668215737968631207e-02,9.796684391617141441e-02,2.306805487287188761e-01,-6.102149336431476195e-02,3.363331694892532919e-01,2.124804504222708723e-01,5.408865454220475044e-01,3.719781938424415735e-01,1.148174627999463820e-01,1.883328120112605641e-01,2.598373475132937371e-01,-4.081504982349524330e-02,-2.485276375173153529e-01,-1.676661155547611581e-01,-2.035032843290584814e-01,7.884623977836364983e-02,7.916796997184860629e-02,5.874257116046293498e-02
-2.760266321104606901e-01,-3.900531748514231983e-02,4.020376245587380937e-01,1.967782295902408551e-01,6.226149515170472659e-01,0.000000000000000000e+00,4.031770856606640141e-01,8.011081817775593528e-02,5.291702042093033853e-01,5.688591983556012810e-01,-1.940301175208901108e-01,-2.995486840341391455e-01,-1.599490593860315446e-01,-1.334554716475266911e-01,2.909647437329639375e-01,7.523124357656731098e-02,-2.309799365476562782e-01,-4.593145359488806645e-01,-4.653916618258188698e-02,-7.182179722060860749e-02,1.292729791322221600e-01,8.597792573394699711e-02,5.268912820054515445e-01,4.269895884534608554e-01,5.660798069618838690e-01,3.513874614594039159e-01,6.438670181866928965e-01,5.851333839760489708e-01,-3.985343402296795956e-01,-4.334688770722552320e-01,2.673309799365476414e-01,7.933330354350059954e-02,1.997810447294338376e-01,3.055096295634299880e-02,4.407793020242191107e-01,4.170606372045220778e-01,-1.724161043835738816e-01,-1.701773984539076690e-01,1.229724295098083044e-02,9.861924125296036778e-03,-1.891639483444300385e-01,-1.976048974485008214e-01,-3.875195495777291055e-01,-3.761651548326556127e-01,-1.710844988605388917e-01,-2.871397292104204690e-01,-1.613700344072568071e-01,-3.442736494034586148e-01,-2.813530542026006498e-01,-2.737521783815183851e-01,-3.311631440189463094e-01,-3.484606103936726540e-01,-9.817686223691854397e-02,-2.760668483846463461e-01,5.359041958979400555e-02,7.796595022118950336e-02,-2.366504312078287764e-01,-1.639840922293221426e-01,-1.380177845301398531e-01,-1.398096429688547304e-01,6.717458331471469479e-02,-2.611376737119621219e-02,-3.995799633585057631e-01,-4.076455605701774232e-01,2.860047365834040844e-01,3.192099736359980122e-01,2.847625005585593394e-01,1.758791724384467514e-02,-1.227043210152375073e-02,-7.623218195629831960e-03,3.069842262835694169e-01,6.807721524643639555e-02,1.843335269672460863e-01,2.605657089235444146e-01,1.802180615755842596e-01,6.962330756512802310e-02,5.052951427677733476e-02,-3.289691228383752331e-02,-1.155905089592921958e-01,-1.433039903480941846e-01,-3.411323115420706875e-01,-1.953081013450109482e-01,-8.376156217882836652e-02,-5.544036820233254337e-02,-1.252960364627552503e-01,-3.231690424058268896e-01,2.386165601680146631e-01,2.583850931677018625e-01,2.300773046159345914e-01,2.598865007372983676e-02,1.090441932168550870e-01,-1.625184324590017437e-01,1.552214129317663893e-01,-6.166048527637517374e-02,-7.533848697439564368e-02,1.586487331873631668e-01,-4.334688770722552320e-01,-1.994280352115822968e-02,-1.773090844094910301e-01,-2.719692568926225240e-01,1.206577595066803676e-01,-9.423119889181821862e-02,2.105456007864515977e-01,8.346217435989096434e-02,4.377496760355690797e-01,4.244112784306716124e-01,1.998525403279860502e-01,2.097591492023772319e-01,2.278296617364493626e-01,-3.914115912239152784e-01,-4.402475535099870663e-01,-4.155011394611018982e-01,-2.332097055275034747e-01,-2.389740381607757119e-02,7.129451718128602955e-02,-1.418740783770499059e-01
-2.207426605299611308e-02,-1.786540953572545720e-01,6.188569641181465020e-01,1.519728316725501571e-01,4.654229411501854541e-01,4.031770856606640141e-01,0.000000000000000000e+00,1.459716698690736725e-01,3.696769292640421645e-01,2.263282541668528575e-02,8.741677465481031972e-02,-1.194646767058402947e-01,2.373966665177175139e-01,-1.379865052057732688e-01,5.424147638411009886e-01,1.669824388936056170e-01,-1.649180034854104415e-01,-2.679878457482461340e-01,2.514008668841324345e-01,2.432682425488180977e-01,-2.577997229545556102e-01,-3.448858304660619156e-01,4.881049197908753912e-01,3.513159658608516756e-01,3.684659725635640593e-01,1.257384154787970776e-01,3.455605701773984406e-01,1.122614951517047210e-01,-9.511595692390187318e-02,-2.752982707002100127e-01,4.070780642566692101e-03,8.192501899101836682e-02,1.387014611912954221e-01,2.812458108047723171e-02,3.168461504088654346e-01,1.652218597792573518e-01,-2.295902408507976278e-01,-1.907591938871263104e-01,-2.256937307297019468e-01,-1.964162831225702566e-01,-4.304973412574288338e-01,-2.155771035345636633e-01,-1.719022297689798418e-01,-1.578935609276553853e-01,-2.893829036149961897e-01,-3.499307386389025609e-01,1.747709906608874431e-01,-1.326690200634523531e-01,-3.566111086286250509e-01,-2.766120023236069425e-01,-2.441574690558112604e-01,-3.327315787121855051e-01,-1.749407927074489444e-01,-2.752893337503909965e-01,-2.969525001117118701e-01,-2.986952053264220752e-01,-1.710979042852674437e-01,-1.544260243978730074e-01,1.928146923455024628e-02,-6.798337727333661484e-02,3.425264757138388738e-01,-7.080298494123955788e-02,-1.430716296527994869e-01,-2.807810894141829494e-01,5.174315206220116981e-01,2.347468608963760583e-01,3.354618168818981894e-01,1.229277447607131715e-02,9.803833951472362349e-03,-1.501362884847401713e-01,2.143125251351713778e-01,2.504088654542204750e-01,1.461638142901827697e-01,-6.293400062558648922e-02,2.868314044416640507e-01,2.724161043835738871e-01,2.624782161848161072e-02,-1.567719737253675250e-01,-1.191563519370838764e-01,3.625720541579158934e-02,-2.829304258456588617e-01,-1.575852361588989670e-01,-4.872871888824344133e-02,-3.380714062290540167e-01,2.408463291478618318e-01,-3.941284239688994107e-01,1.294338442289646451e-01,1.120067920818624552e-01,1.433442066222798128e-01,-4.734349166629429617e-01,-1.061754323249474996e-01,-2.790115733500156403e-02,-3.075651280218061681e-02,-6.555252692256132753e-03,-4.324143169936101039e-02,-8.066490906653558945e-02,-2.656195540462040205e-01,-9.184503329013807282e-02,-1.398856070423164510e-01,1.563519370838732658e-01,7.830108583940301181e-02,8.853836185709816620e-02,2.165244202153804864e-01,9.793109611689530813e-02,2.968631306135215975e-01,3.831225702667679367e-01,1.100138522722194853e-02,2.827025336252736998e-01,1.662004557844407593e-01,-8.109388265784887861e-02,-1.966441753429554462e-01,-4.639617498547745494e-02,4.939899012467045131e-02,4.405022565798293044e-02,2.139684525671388393e-01,2.736940882076947107e-02
-2.710755619107198533e-01,-2.539881138567406937e-02,-1.692032709236337695e-01,5.305464944814335393e-01,-8.303766924348719713e-02,8.011081817775593528e-02,1.459716698690736725e-01,0.000000000000000000e+00,1.673443853612761878e-02,1.694490370436569915e-01,-2.309397202734706778e-01,1.756780910675186658e-01,-1.265293355377809514e-01,2.925331784262031332e-01,-1.276151749407927194e-01,2.451405335359041829e-02,3.519817686223691844e-02,-2.333169489253317797e-01,-1.711515259841815961e-01,1.455471647526699053e-01,4.796460967871665065e-02,-1.611734215112382018e-01,-2.118459269851199755e-01,-1.008981634568121843e-01,-2.843022476428794798e-01,-2.486214754904151336e-01,-2.055900621118012528e-01,-2.139639840922293312e-01,-5.153045265650833123e-02,6.143706153089950606e-02,-2.444077036507439904e-01,6.127619643415702089e-02,1.982304839358327020e-01,3.213548415925644441e-01,1.660038428884221678e-02,1.017605791143482707e-01,-4.854640511193529795e-01,-4.158854283033200927e-01,-2.805129809196121315e-01,-2.771348138880200263e-01,-2.475132937128557975e-01,-3.289825282631038128e-01,-1.074221368247017284e-02,-5.025693730729702269e-02,-1.454131105053845241e-01,4.253094418874837912e-02,-3.314267840386075914e-02,-1.177934670896822883e-01,1.347155815720094685e-01,3.118548639349389903e-02,2.547209437419009070e-01,1.607980696188390790e-01,9.659949059386031822e-02,1.018812279369051277e-01,-1.866884132445596201e-01,-1.991018365431878046e-01,-1.052325841190401672e-02,-1.818669288171946910e-02,-2.114571696679923007e-01,1.710576880110818154e-01,6.313061352160508066e-02,6.699137584342463869e-01,-2.090352562670360487e-02,2.338844452388399719e-01,-1.408686715224093944e-01,3.238974038160775670e-01,1.291478618347557950e-01,2.913758434246391804e-01,5.366191518834621810e-02,-6.569998659457526591e-02,-2.322355779972295475e-01,-2.587515081102819692e-01,-3.745430984405022645e-01,-2.008266678582599774e-01,-1.168506188837749663e-02,6.384556950712722001e-02,-1.350239063407658868e-01,-2.050940613968452453e-01,-6.416729970061217647e-02,-7.604003753518924491e-02,1.283167255015863206e-01,1.146297868537468206e-01,-2.352964833102462183e-01,-3.100227892220385195e-01,-1.505965414004200309e-01,1.992939809642968983e-03,-5.585638321640824522e-01,-4.864113678001698027e-01,-2.862415657536083180e-01,-2.315742437106215745e-01,3.258411904017158855e-01,3.476920327092363622e-02,2.454309844050225620e-01,2.901380758747039781e-02,-2.624871531346351650e-01,-1.715894365253139153e-01,-1.774744179811430234e-01,-2.199919567451628644e-01,-2.224406809955762135e-02,-1.805755395683453224e-01,-1.470351668975378723e-01,6.275079315429643589e-02,-2.956834532374100766e-01,-3.725233477814022254e-01,-1.729389159479869653e-01,-4.224496179453952199e-02,-2.576835426069082891e-01,-1.867733142678403846e-01,-8.121006300549622747e-02,-1.768622369185396948e-01,-2.128781446892175772e-02,1.282452299030340968e-03,2.538361857098172525e-01,1.492917467268421207e-02,1.639572813798650386e-01,-3.440591626078019494e-01
-1.598641583627507801e-01,5.479690781536261657e-02,2.495151704723178043e-01,3.451450020108137035e-02,4.834711113097099888e-01,5.291702042093033853e-01,3.696769292640421645e-01,1.673443853612761878e-02,0.000000000000000000e+00,4.447026229947718678e-01,-1.023727601769516132e-01,-4.830421377183966893e-03,1.221993833504624871e-01,-4.840252021984896291e-02,2.739711336520845308e-01,-1.529469592028240843e-01,-3.002412976451137028e-01,-3.311988918182224295e-01,-1.511104160150140707e-01,-3.073863890254256437e-01,-3.168148710844988919e-02,-4.593592206979757626e-03,1.537244738370794062e-01,1.002949193440278858e-01,2.158273381294963933e-01,-4.022967961034899093e-02,5.231109522320032124e-01,4.305509629563429863e-01,-3.546494481433487000e-01,-2.851691317753251020e-01,-1.554850529514276714e-01,-3.165735734393851364e-01,-2.119889181822244006e-01,-3.485052951427677903e-01,8.169712677063317718e-02,1.256401090307877888e-01,-1.598820322623888401e-01,-1.722999240359265327e-01,-1.984449707314893396e-01,-2.090397247419455706e-01,-2.222127887751910169e-01,-2.390276598596898783e-01,-3.232539434291076264e-01,-3.831717234907726088e-01,-1.985700880289557047e-01,-2.377675499352071009e-01,-1.228026274632467996e-01,-1.803074310737745323e-01,-2.149872648465078750e-01,1.998301979534384751e-02,2.566245140533535835e-02,-5.157960588051298256e-02,1.966843916171410744e-01,-8.128155860404844002e-02,-1.524196791635014890e-02,-1.214665534653022877e-01,-1.703918852495643343e-01,-1.255730819071450843e-01,6.941328924438089354e-02,9.157245632065776075e-02,3.609857455650386515e-01,-2.636400196612896218e-04,-2.800482595290227361e-01,-3.612851333839760537e-01,3.915411769962911515e-01,2.608070065686581285e-01,7.498100898163456707e-02,-8.329684078823897109e-02,1.775682559542428041e-01,-2.158273381294964141e-02,1.098663926002055452e-01,-5.310335582465704196e-02,8.824791098797980793e-02,4.497073148934268433e-02,2.932302605120872263e-01,1.607087001206488341e-01,-3.488985209348049316e-02,-7.751910273023816800e-02,2.463023370123776715e-02,-1.727959247508825125e-01,-4.890075517225970780e-01,-3.409401671209615903e-01,-1.105768801108181765e-01,-2.765047589257786376e-01,-6.270610840520129958e-02,-3.937173242772241677e-01,2.590821752535859418e-02,-1.391304347826086973e-01,3.170025470306984117e-01,-4.592251664506903641e-02,1.666919880244872310e-01,-1.539568345323741039e-01,2.827159390500022518e-01,-3.980517449394521678e-02,-1.309084409491040601e-01,-3.237410071942446038e-02,-1.977076723714196460e-01,5.362169891416059854e-03,-7.784083292372313834e-02,-1.291299879351177349e-01,6.625854595826444204e-02,3.534563653425085855e-02,3.009071004066312185e-02,-2.149113007730461544e-01,2.158675544036820215e-01,3.190133607399794347e-01,7.569596496715670642e-02,8.553107824299566175e-02,7.271996067742080017e-02,-2.184682068010188050e-01,-1.966486438178649543e-01,-2.126413155190133575e-01,-6.545422047455203007e-02,-2.235801420975021270e-01,8.953036328701013957e-02,-1.377854238348451554e-01
-1.735198176862236819e-01,-2.061799007998570132e-01,-4.163278073193619339e-02,2.108137092810223878e-01,2.950355243755306556e-01,5.688591983556012810e-01,2.263282541668528575e-02,1.694490370436569915e-01,4.447026229947718678e-01,0.000000000000000000e+00,-1.245900174270521410e-01,9.951740470977255004e-02,4.456856874748648528e-02,3.427364940345860034e-01,2.269851199785513085e-01,1.441664060056302710e-01,-2.756914964922472233e-01,-2.078153626167389134e-01,-8.686715224094017362e-02,-1.251753876401983934e-01,2.407658965994906031e-01,3.704186960990213939e-01,1.351892399124178801e-01,1.520711381205594459e-01,7.775146342553286224e-03,-3.398722016175879240e-02,4.138075874703963652e-01,4.371553688726037556e-01,-2.980249340899950861e-01,-5.608829706421198519e-02,-9.415076634344697604e-02,-1.362884847401581723e-01,-1.915858617453863044e-01,-1.793690513427766975e-01,1.173198087492738767e-01,1.170561687296125808e-01,-1.053398275168684894e-01,-1.653022923276285805e-01,-1.608695652173912916e-01,-7.391304347826087306e-02,-2.886634791545645423e-02,-5.503820546047633738e-02,-3.441932168550873583e-01,-3.172661870503596937e-01,-1.830644800929442650e-01,-2.881272621654229482e-01,-2.210018320747129117e-01,-2.044014477858706880e-01,-1.592341034005094191e-01,-7.965503373698556988e-02,-1.751731534027436421e-01,-8.053532329415970248e-02,-1.208409669779704210e-01,-2.046159345815273256e-01,-1.392019303811609099e-01,4.200366414942580118e-02,-4.712632378569194258e-01,-1.698869475847893107e-01,-6.613342866079806315e-02,2.356450243531882649e-01,-1.084364806291612665e-01,3.268868135305420530e-01,-2.241521068859198274e-01,-1.263908128155860344e-01,8.659457527145984768e-02,3.753116761249385425e-01,-7.742526475713838729e-02,-8.231377630814602775e-02,2.920595200857947077e-02,1.970239957102640771e-01,1.456365342508601779e-01,6.727735823763349166e-02,1.090620671164931471e-01,3.448188033424192112e-01,-6.331828946780464207e-03,2.958577237588810860e-02,-6.757227758166138576e-02,2.195808570534876422e-02,-7.577639751552794900e-02,-1.260020554984583874e-01,-8.611197998123240605e-02,-1.305509629563429974e-01,1.083247687564234396e-01,8.344876893516242622e-02,-1.171366012779838234e-01,-9.780597881942892924e-02,7.106215648599133183e-02,5.679431609991510144e-02,-9.227847535636087006e-02,2.143303990348094101e-01,1.596139237678180500e-01,-3.026542740962509526e-01,2.407212118503954668e-01,-3.045891237320702549e-01,4.784842933106930873e-02,1.111845926985119970e-01,-8.651414272308860509e-02,7.384154787970866052e-02,-1.482193127485589290e-01,-1.516600384288842307e-01,-1.185933240984851818e-02,-2.539613030072835897e-01,7.561553241878546383e-02,1.196076679029447198e-01,8.680459359220697724e-02,2.063631082711470666e-01,1.512846865364851079e-01,3.261539836453818397e-01,1.870146119129540985e-01,-2.182492515304526592e-01,-1.759596049868180079e-01,-2.937486036015907742e-01,-2.315697752357120387e-01,-2.066222798158988405e-02,8.291702042093034020e-02,-1.737879261807944997e-01
6.771929040618437368e-01,1.371777112471513349e-01,2.821841905357701588e-02,-2.845212029134456255e-01,-1.149425800974127471e-01,-1.940301175208901108e-01,8.741677465481031972e-02,-2.309397202734706778e-01,-1.023727601769516132e-01,-1.245900174270521410e-01,0.000000000000000000e+00,4.941954510925420929e-01,5.885472988069172517e-01,2.952723535457348336e-01,1.347245185218285124e-01,7.319361901782921696e-03,2.024219134009562406e-03,1.730282854461772102e-01,5.498324321908932832e-01,2.580499575494883402e-01,-6.670092497430626932e-02,-1.377183967112024718e-02,5.666026185262969944e-02,-1.074757585236158913e-01,-1.601054560078645217e-01,-2.403145806336297319e-01,-3.018633540372671065e-01,-2.835872916573573543e-01,2.827293444747307483e-01,-1.397023995710263977e-01,3.745028821663166224e-02,-1.667187988739443280e-02,-1.801063497028464189e-01,-5.212029134456409862e-02,-2.074131998748827144e-01,-2.949819026766164476e-01,-4.712900487063765437e-02,-1.180571071093435842e-01,-8.037892667232673927e-02,-1.867643773180213684e-01,-1.366146834085526507e-01,-8.008400732829884516e-02,3.339291299879350999e-02,3.487644666875195504e-02,-3.363823227132579641e-01,-1.891594798695205304e-01,9.571473256177666367e-03,-3.858974931855757573e-02,-2.187675946199562071e-01,-7.008356048080789658e-02,-1.843648062916126706e-01,-2.437150900397694331e-01,-1.984047544573037114e-01,-9.675141874078377335e-02,3.884445238839984160e-02,-1.098083024263818708e-01,2.353992582331650152e-01,1.353188256847937809e-01,3.392778944546226416e-01,4.946154877340364076e-02,2.675767460565708911e-01,2.412082756155324234e-02,5.092720854372402295e-01,1.912641315519013341e-01,1.219446802806202317e-02,-9.294427811787836502e-02,-4.434871978193842268e-01,-3.811430358818534980e-01,6.563295947093257532e-02,1.458063362974216896e-02,2.951740470977255448e-01,3.662183296840788027e-01,4.668036998972250884e-01,2.310022789222038464e-01,1.413155190133607297e-01,2.602573841547879963e-01,3.032887975334018771e-01,4.254747754591358122e-01,8.719335090933463817e-02,-1.019661289601858922e-01,4.580186782251217774e-03,-1.432190893248134478e-01,-6.349702846418517344e-02,-1.109790428526743755e-01,2.304124402341480859e-01,-1.828723356718351956e-01,7.091469681397738478e-02,-4.001519281469234635e-02,1.245989543768711710e-01,-1.509406139684525694e-01,-3.514321462084990522e-01,-1.578265338040127017e-02,-2.466732204298672793e-01,-2.067563340631842217e-02,-2.550605478350239166e-02,-1.192010366861790127e-01,2.168863666830510850e-01,-1.363823227132579530e-01,1.414361678359176144e-01,3.537200053621699092e-01,7.393985432771794930e-02,2.086152196255418034e-01,-7.277358237633495264e-02,1.505831359756915067e-01,-1.612493855846999502e-01,1.157915903302202953e-01,-2.979802493408999498e-01,-1.215246436391259621e-01,-1.240001787389963805e-01,-3.045712498324321810e-02,1.554627105768801032e-01,1.627865409535725338e-01,-6.825595424281692691e-02,5.980159971401760588e-02,1.291836096340319082e-02,1.540104562312882563e-01
4.331873631529559177e-01,1.552660976808615256e-01,-3.319630010277492271e-01,-6.853299968720676094e-02,-2.582465704455069733e-01,-2.995486840341391455e-01,-1.194646767058402947e-01,1.756780910675186658e-01,-4.830421377183966893e-03,9.951740470977255004e-02,4.941954510925420929e-01,0.000000000000000000e+00,5.869297108896733839e-01,7.610483042137717868e-01,1.057464587336342104e-01,1.831538495911345377e-01,5.254926493587738431e-03,6.459180481701595755e-02,2.426828723356718454e-01,2.054336654899682757e-01,-2.962152017516421487e-02,-3.280754278564725762e-02,-1.694758478931140677e-01,-2.332454533267795671e-01,-4.098306448009294556e-01,-4.278207247866303020e-01,-4.097814915769247834e-01,-3.591626078019571899e-01,3.001876759461995503e-01,2.020599669332856785e-01,-1.248804682961705131e-01,-1.147057509272085378e-02,-2.279190312346396075e-01,-5.067697394879127487e-02,-3.884043076098127600e-01,-3.904106528441843027e-01,-1.591179230528620703e-01,-2.509808302426381754e-01,-1.549264935877384952e-01,-2.394030117520890011e-01,-1.201126055677197331e-02,-1.159747978015103487e-01,-1.243442513070289052e-01,-8.664372849546449207e-02,-4.361142142186871795e-01,-4.291523303096653197e-02,-9.399436972161401282e-02,-7.389963805353233495e-02,-9.502658742571160055e-02,-8.391795880066133320e-03,-1.126055677197372595e-02,-9.115688815407301405e-04,-1.831091648420394014e-01,-1.225747352428616099e-01,-1.261048304213771842e-01,-2.045489074578846211e-01,1.441887483801778391e-01,1.003083247687564239e-01,2.035077528039680173e-01,2.291076455605701723e-01,1.188614325930559962e-01,3.235488627731355482e-01,4.760355690602797174e-01,4.072210554537736282e-01,-2.345547164752669889e-01,-3.415702220832030067e-02,-4.982662317351088110e-01,-1.532597524464900107e-01,2.225211135439474630e-01,4.477411859332409635e-03,1.920773939854327761e-01,1.855400151928146835e-01,1.835426069082622125e-01,2.223557799722954420e-01,1.062737387729567884e-01,1.415657536082934875e-01,1.774967603556905915e-01,3.606595468966442009e-01,1.684391617141069719e-01,-1.910138969569685763e-01,2.213280307431073901e-01,2.489923589079047206e-01,-2.284731221234192686e-02,-6.338531659144733266e-02,1.881496045399705108e-01,5.739309173778989193e-02,-1.773984539076813027e-01,-3.128781446892175966e-01,-4.989052236471692298e-02,-2.423209258680012468e-01,-1.432727110237276003e-01,-1.764019840028598352e-01,-5.301398632646677628e-02,-1.298583493453684123e-01,-1.458510210465168155e-01,-2.096876536038250194e-01,1.425264757138388627e-01,-5.809017382367397814e-02,2.278073193619017944e-01,1.997765762545243295e-01,-8.840430760981277114e-02,5.285758970463380613e-02,-3.124134232986282012e-01,-1.457795254479646030e-01,-3.780508512444702429e-01,-1.337995442155592296e-01,-1.868984315653067496e-01,-8.741677465481031972e-02,-7.762634612806648682e-02,6.747843960856159118e-02,3.049644756244693777e-01,1.519460208230930809e-01,2.790562580991107905e-02,-3.354484114571696513e-02,2.118191161356628993e-01,-6.376513695875597916e-03
4.746235309888734988e-01,-7.440010724339782278e-02,1.342776710308771562e-02,-2.733589525894812300e-01,1.097725546271057645e-01,-1.599490593860315446e-01,2.373966665177175139e-01,-1.265293355377809514e-01,1.221993833504624871e-01,4.456856874748648528e-02,5.885472988069172517e-01,5.869297108896733839e-01,0.000000000000000000e+00,4.784262031368693990e-01,4.922695384065418622e-01,1.263997497654050783e-01,-3.464721390589391992e-01,-5.728584833996157311e-02,5.309039724741945188e-01,2.968675990884311333e-01,-1.250368649180034764e-01,-7.295678984762500596e-02,1.643594441217212654e-01,2.962152017516421487e-02,-1.096385003798203694e-01,-2.203717771124715230e-01,-9.666651771750302269e-02,-2.251351713660127707e-01,7.298806917199160416e-02,-5.277715715626257048e-02,-4.808525850127351453e-02,1.372715492202511260e-02,-3.144823271817328569e-01,-2.291746726842128767e-01,-1.313910362393315157e-01,-2.936324232539434531e-01,-9.852987175477009862e-02,-1.109477635283077912e-01,-3.216229500871352620e-01,-3.045355020331561025e-01,-2.454399213548416059e-01,-1.725412216810402743e-01,-4.616828276509227225e-02,-4.712453639572813935e-02,-3.742034943473792619e-01,-2.031324009115688944e-01,7.039188524956432880e-02,-5.853702131462532043e-02,-2.739264489029893945e-01,-7.481120693507306574e-02,-1.110952232003217244e-01,-8.441395951561732336e-02,-2.804504222708789629e-01,-1.955091827159390616e-01,-2.457527145985075323e-01,-1.862549711783368367e-01,-1.157826533804012653e-01,-3.989901246704499749e-02,4.648599133115867699e-01,1.679476294740605002e-01,3.429241699807855648e-01,4.413065820635417302e-02,2.970597435095401750e-01,1.073774520756065956e-02,1.346664283480048241e-01,-6.956074891639484059e-02,-2.383037669243487089e-01,-1.641762366504312121e-01,-1.094776352830778912e-03,-8.363644488136198762e-02,2.726261227043210167e-01,5.170204209303365106e-01,2.628535680772152716e-01,2.967782295902408607e-01,4.280262746324679513e-01,4.369587559765851781e-01,2.185039546002949251e-01,3.665266544528352211e-01,-1.540417355556548684e-01,-8.414585102104651937e-02,-9.059832879038384745e-02,-1.032128334599401176e-01,5.186558827472183969e-02,6.236650431207828998e-02,3.435318825684793853e-01,-1.197551275749586669e-01,5.846999419098261597e-02,5.377809553599356696e-02,-9.345368425756289676e-02,-2.903436257205415649e-01,-2.559050895929219083e-01,-2.155100764109209588e-01,-1.536574467134367017e-01,-3.091424996648644008e-01,-4.860360159077706937e-02,-1.669332856696009726e-01,3.977836364448813361e-02,-7.477992761070646754e-02,-2.876804146744716198e-02,3.545198623709727714e-01,6.860449528575897349e-02,5.478350239063407845e-03,-1.100049153224004622e-01,2.596139237678180556e-01,-1.301979534384914428e-01,2.862058179543321840e-02,-1.883774967603557005e-01,-4.249519638947226938e-03,2.497877474417981025e-02,8.715313463514902381e-02,3.324545332677957162e-03,-7.757272442915233088e-03,-1.248670628714419750e-01,-7.958353813843336080e-03,2.332320479020510429e-01,1.299924035926538213e-01
