1.000000000000000000e+00,6.054470709146968499e-01,-2.788328343536350916e-03,2.839581750748469413e-01,-3.606059251977300484e-02,6.953840654184727244e-02,1.492604674024755329e-01,2.455873810268555460e-02,-2.756244693686045188e-01,6.314401894633361878e-02,1.572009473166808280e-01,2.283614102506814347e-01,1.129272979132222160e-01,-1.988560704231645826e-01,1.498011528665266490e-01,1.698154519862370981e-01,2.450958487868090674e-02,-4.817909647437329523e-02,6.718307341704276014e-01,5.527905625809911294e-01,2.695607489163948101e-01,1.391527771571562655e-01,-5.776844363018901474e-02,-3.215469860136735414e-01,-1.516689753787032469e-01,-1.209124625765226335e-01,6.477948076321551896e-02,7.356897091022833457e-02,-1.572188212163188603e-01,-2.592832566245140691e-01,-1.233433129272979156e-01,-1.205192367844854506e-01,2.950176504758925677e-01,1.338040126904687377e-01,-5.083783904553376004e-02,-3.154743286116448719e-02,-2.703784798248357601e-01,-9.603199428035211205e-02,-2.896912283837526150e-02,2.408954823718664762e-02,-1.844586442647124513e-01,-1.646633004155681826e-02,-1.832208767147772421e-01,-1.185441708744805339e-01,-5.096295634300013200e-01,-5.238125027927967858e-01,-1.658161669422226203e-01,-4.778587068233611929e-02,-6.174627999463783157e-01,-4.613610974574377521e-01,-5.941909826176325904e-01,-5.525626703606059120e-01,-2.720854372402699006e-01,5.409088877965950032e-02,-1.128692077393985416e-01,1.366727735823763390e-01,6.019929398096429685e-01,5.657267974440323144e-01,4.173957728227356001e-01,2.324411278430671690e-01,5.254479646096786860e-01,3.025157513740560078e-01,2.217882836587872497e-01,1.151972831672550164e-02,-2.991643951919209857e-02,-1.935162429062960709e-01,9.060279726529335553e-02,-1.579293087269315055e-01,5.734974753116761637e-01,2.501452254345592000e-02,2.670137182179722068e-01,3.211895080209124509e-01,4.593636891728852811e-01,1.098932034496626353e-01,3.355020331560838454e-01,1.540283301309263164e-01,1.255730819071450843e-01,7.818043701684615487e-02,-1.620358371687742882e-01,8.155860404843827405e-02,-1.383573886232628836e-01,-1.240493319630010249e-01,-2.186871620715849784e-01,2.580320836498503079e-01,-2.280084007328298801e-01,-4.172929978998167755e-01,1.215693283882210984e-01,2.209392734259797153e-01,3.366995844318334402e-02,4.181911613566289820e-01,3.853702131462531932e-01,4.093212386612449238e-01,5.509629563430001181e-02,5.509808302426382198e-01,1.928504401447785899e-01,2.550918271593904940e-01,1.617766656240225143e-01,6.042629250636757376e-01,5.132266857321595710e-01,5.928370347200500046e-01,-1.677018633540372505e-02,4.111086286250502653e-01,4.991688636668304979e-01,7.142186871620715971e-01,2.246123598015997147e-01,5.992001429911970600e-01,5.681978640689933080e-01,3.996291165825103797e-01,3.327852004110997131e-01,-1.709727869878010509e-01,-2.387506144153000651e-02,3.686938647839492489e-02,1.479824835783546955e-01,3.541579159033022006e-01,-2.110013852272219492e-01,4.465257607578533294e-01
6.054470709146968499e-01,1.000000000000000000e+00,-2.246525760757853429e-01,3.846329147861834996e-01,-6.116001608650967203e-02,1.031055900621117988e-01,-7.125876938200992328e-02,2.725680325304973284e-01,-1.321283345994012370e-01,1.694847848429331116e-01,1.326645515885428173e-01,5.405022565798293099e-01,-8.289914652129228012e-02,1.221591670762768728e-01,1.478841771303454067e-01,2.206756334063184333e-01,3.625720541579158934e-02,2.006121810626033397e-01,2.902631931721703640e-01,5.130970999597836979e-01,3.156083828589302531e-02,4.706197774699494990e-02,-3.407658965994905809e-01,-3.474998882881272788e-01,-2.699182269091559006e-01,-1.799544215559229499e-01,8.869922695384065137e-03,2.428616113320523559e-02,3.824120827561552916e-02,5.161535367978908884e-02,-1.751552795031055820e-01,-1.013003261986683973e-01,1.411769962911658127e-01,1.778899861477277813e-02,-3.990303409446355754e-01,-3.193753072076500055e-01,-3.077974887171008311e-01,-2.224540864203047585e-01,-1.456856874748648223e-01,-2.515617319808749475e-01,-9.782832119397649739e-02,-9.528129049555386643e-02,-2.312748558916841723e-01,-1.683319183162786670e-01,-5.390589391840564515e-01,-3.270298047276464781e-01,-2.365744671343670280e-01,-2.034541311050538370e-01,-3.899816792528709719e-01,-3.366995844318333986e-01,-2.997631708297958109e-01,-2.966084275436793316e-01,-1.312078287680414623e-01,-2.037624558738102692e-03,-1.807319361901782995e-01,-1.318155413557352829e-01,5.717905178962420232e-01,8.349568792171232490e-01,3.423745475669154326e-01,3.382724875999821301e-01,5.381429018276062681e-01,3.094061396845256828e-01,3.966218329684078614e-01,4.752803968005719915e-01,-3.658072299924036153e-01,-1.805085124447026179e-01,-3.047365834040841603e-01,-2.852674382233343908e-01,3.049555386746503616e-01,2.158273381294963968e-03,2.567898476250055628e-01,4.029179141159122124e-01,4.349702846418517233e-01,3.394164171768175309e-01,2.639215335805889517e-01,2.954600294919343950e-01,7.965056526207604792e-02,1.598686268376603159e-01,-7.145091380311899276e-03,-8.241655123106483849e-02,-1.005138746145940454e-01,1.246883238750614437e-01,-2.511685061888377368e-01,-7.208543724026988953e-02,-1.224808972697618292e-01,-1.210867330979936568e-01,-2.307743867018186568e-01,-1.693283882211001345e-01,-1.567630367755485088e-01,7.768443630189016125e-02,1.626569551811966607e-01,2.628803789266723201e-02,8.713079226060145566e-02,3.360159077706778574e-01,-8.119218910585816740e-02,-3.485857276911390190e-02,8.114303588185352301e-02,3.032709236337637893e-01,3.326198668394477198e-01,2.181598820322623866e-01,-2.693149827963715881e-02,3.177577192904061931e-01,3.155949774342017289e-01,3.452879932079181424e-01,1.325617766656240204e-01,2.315295589615264382e-01,2.456454712006791996e-01,2.178738996380535364e-01,-1.278877519102730211e-02,-2.490236382322713327e-01,-1.235980159971401815e-01,9.189865498905223917e-02,-1.510344519415523536e-02,1.341078689843156480e-01,-4.153894275883640574e-02,1.899280575539568361e-01
-2.788328343536350916e-03,-2.246525760757853429e-01,1.000000000000000000e+00,5.044282586353278086e-01,1.554984583761562233e-01,-4.351490236382322685e-01,6.737611153313374235e-01,4.397113365208454305e-01,-2.702533625273694229e-01,-4.804638276956074705e-01,1.592832566245140635e-01,-2.467938692524241501e-02,5.482282496983779119e-01,3.149470485723222524e-01,-5.525269225613298474e-01,-5.625050270342731862e-01,5.168238080343178636e-02,-9.084409491040707982e-03,4.220519236784485706e-01,3.073953259752446598e-01,-1.468966441753429553e-01,-3.690513427767103116e-01,7.217078511104160210e-01,4.154922025112828821e-01,4.917824746414048986e-01,4.524330845882300611e-01,-4.354081951829840702e-01,-4.855132043433575961e-01,-2.027391751195317116e-01,1.592430403503284353e-01,3.535814826399749644e-01,4.009830644800929655e-01,1.674292863845569523e-01,1.989499083962643633e-01,1.081415612851333863e-01,1.093793288350685955e-01,-3.355243755306314135e-01,-3.337637964162831206e-01,-2.461638142901827475e-01,-1.867062871441976801e-01,-2.570624245944859165e-01,-2.345815273247240651e-01,1.754233879976763999e-01,2.164529246168282739e-02,3.447875240180526407e-02,-7.772465257607578948e-02,1.072746771526877918e-01,1.723088609857455766e-01,7.349747531167612202e-02,-7.439117029357880662e-02,2.404441664060056327e-01,7.172795924750882679e-02,5.585683006389918770e-01,5.024353188256848179e-01,3.206264801823137667e-01,2.113186469457974115e-01,6.901112650252469449e-02,-2.028017337682648802e-01,-2.135931006747397113e-03,-4.542115376022163864e-01,1.400241297645113681e-01,3.664596273291925721e-02,-1.588319406586531923e-01,-2.540104562312882619e-01,3.055587827874346463e-01,-1.210063005496224073e-02,-6.160686357746101433e-02,-1.692256132981813377e-01,2.181330711828053104e-01,4.111667187988739536e-01,2.717503016220563783e-01,8.355601233299074504e-02,-1.500692613610974668e-01,-1.904017158943652546e-02,-2.502256579829304495e-01,-2.768354260690826241e-01,4.691004960007149477e-02,1.800259171544751902e-01,8.306448009294427337e-02,1.344430046025291703e-01,1.412127440904419329e-01,-1.439429822601546172e-01,-2.797578086599043501e-01,-2.593726261227043417e-01,2.704812547477545848e-01,-1.292238259082175156e-01,-1.420930336476160794e-01,-1.267170114839805128e-01,4.946557040082220080e-01,7.589704633808480594e-02,2.607087001206488397e-01,1.210018320747129061e-01,-4.114124849188971478e-02,-8.896733544841146576e-03,-4.329996872067563563e-01,-4.388802001876759284e-01,-4.744001072433978172e-01,-2.452477769337325086e-01,3.088163009964698877e-02,3.599803387103981539e-02,-1.676839894543992182e-01,3.193619017829214812e-02,-1.886053889807408623e-01,-1.148040573752178439e-01,-2.213771839671120345e-01,-8.374368827919030644e-02,-2.125921622950087131e-01,-4.453192725322847045e-01,-4.092050583135975472e-01,-4.830153268689396096e-01,-4.761338755082890062e-01,1.875552973770052145e-01,-1.695786228160328993e-02,4.244783055543143169e-01,2.792618079449483703e-01,-3.228070959381563187e-01
2.839581750748469413e-01,3.846329147861834996e-01,5.044282586353278086e-01,1.000000000000000000e+00,1.694311631440189592e-01,-2.654854997989186116e-01,2.964967156709414908e-01,4.756021269940569063e-01,-2.690915590508959343e-01,-3.474417981143035905e-01,-1.066759015148129874e-01,2.519326153983645344e-01,1.341078689843156480e-01,3.177085660664015210e-01,-4.348541042942044021e-01,-2.836364448813619710e-01,-3.109611689530363335e-02,5.934134679833772547e-02,4.309129094240135571e-01,6.486348809151436523e-01,1.081773090844094926e-01,2.289199696143706317e-02,4.572411635908664174e-01,3.303766924348719991e-01,3.524241476384110117e-01,3.907234460878502014e-01,-2.410965637427945896e-01,-2.580946422985834765e-01,-1.769918226909155956e-01,1.409178247464140388e-01,3.306135216050761771e-01,4.254837124089548284e-01,2.312927297913222324e-01,2.658429777916797021e-01,-1.164037713928236240e-01,-4.013137316233969520e-02,-3.337459225166450882e-01,-2.963403190491085137e-01,-2.148263997497654176e-01,-1.808972697618302927e-01,-1.344251307028911102e-01,-1.091201572903168111e-02,1.161356628982528234e-02,1.106930604584655253e-01,-2.177711247151347118e-01,-1.259216229500871309e-01,6.529782385271906686e-02,1.215693283882210984e-01,-1.256401090307877888e-01,-1.206756334063184277e-01,3.166808168372134413e-02,-7.643773180213593588e-02,3.064703516689754048e-01,3.659010679655033682e-01,2.190759193887126255e-01,1.887483801778453152e-01,3.613298181330711900e-01,3.188569641181464576e-01,2.761874972072032031e-01,-1.578890924527458772e-01,2.228339067876133894e-01,6.052996112426829028e-02,1.033692300817730947e-01,1.379194780821305644e-01,2.020197506591000364e-02,-1.066356852406273731e-01,-1.572858483399615648e-01,-1.274051566200455898e-01,3.857187541891952121e-01,4.436569998659457559e-01,4.017471736896197076e-01,4.153670852138165448e-01,1.720452209660842668e-01,3.870190803878636454e-01,4.359890969212208006e-02,7.171455382278028867e-02,1.637383261092988929e-01,3.887483801778452985e-01,-1.097368068278296582e-01,1.004155681665847427e-01,-5.567719737253675610e-02,-9.031681487108450535e-02,-3.203494347379239326e-01,-2.028464185173600165e-01,5.123106483757093599e-02,-1.959604986817999051e-01,-1.066133428660798049e-01,-1.166718798873944349e-02,1.555878278743464960e-01,1.047321149291746689e-01,2.757361812413423041e-01,3.842888422181509750e-02,2.404933196300102771e-01,2.216542294115018408e-01,-3.158139327047678746e-01,-2.528799320791813576e-01,-2.810179185843871275e-01,1.296170517002546985e-01,2.224362125206666985e-01,1.663613208811832445e-01,-7.882389740381608514e-03,1.395906876982885847e-01,1.339916886366682991e-01,1.952812904955538720e-01,-5.733053308905670248e-02,9.522320032173019200e-02,-3.434022967961034706e-02,-8.199204611466107129e-02,-1.511819116135662833e-01,-4.501139461101925643e-01,-4.415166003842888598e-01,2.171723490772599352e-01,6.476607533848698084e-02,4.261003619464676651e-01,1.192993431341883015e-01,-5.964967156709415075e-02
-3.606059251977300484e-02,-6.116001608650967203e-02,1.554984583761562233e-01,1.694311631440189592e-01,1.000000000000000000e+00,7.317127664328164360e-02,-5.295142767773358856e-03,-6.737119621073327236e-02,4.309218463738326288e-01,-2.309307833236516339e-01,-2.851691317753251020e-01,3.003261986683944743e-02,1.213816524420215370e-01,2.735242861611332232e-01,-1.371285580231466905e-01,-1.763751731534027312e-01,-7.927074489476741703e-02,1.100138522722194853e-02,-4.648554448366772757e-02,7.882389740381608514e-03,4.594932749452612097e-01,2.690424058268912622e-01,9.644756244693686309e-02,9.944144063631082942e-02,6.552348183564948858e-01,6.806425666919879713e-01,3.253675320613074740e-01,1.437240269895884437e-01,-8.261763260199293801e-02,1.707493632423253971e-01,4.708700120648822707e-01,4.686804593592207024e-01,1.220608606282675701e-01,2.864292416998078655e-02,1.034317887305062772e-01,1.319630010277492160e-01,-6.181688189820814389e-02,-5.088699226953840443e-02,2.802180615755842444e-02,1.019795343849144303e-01,2.686402430850350909e-01,2.040752491174762095e-01,3.166718798873944252e-01,3.164216452924616951e-01,4.313597569149649202e-01,3.682961705170025302e-01,1.685106573126591845e-01,1.682157379686313181e-01,2.667679520979489571e-01,2.999106305018097163e-01,-3.273604718709504507e-02,7.350194378658564398e-02,-1.383082353992582392e-01,-1.388667947629474153e-01,-8.221546986013673897e-02,1.238661244917109786e-02,4.368827919031234575e-02,-1.235667366727735833e-01,2.938022253005049406e-02,-5.639215335805889545e-03,-1.416774654810313283e-01,-2.478439608561597840e-01,8.665266544528352211e-02,5.931006747397113421e-02,-4.562312882613164117e-02,-1.676795209794897101e-01,1.672326734885383748e-01,1.979310961168952998e-01,-1.411278430671611683e-01,7.187095044461325188e-02,2.563474686089637355e-01,2.058805129809196111e-01,3.079806961883909122e-01,3.132579650565261997e-01,-3.423745475669154326e-02,2.091246257652263352e-01,8.738996380535322961e-02,8.832834353635103664e-02,-2.450869118369900235e-01,-1.552795031055900499e-01,-5.674963135081996686e-04,9.585772375888108876e-02,-1.206488225568613402e-03,1.262165422941150250e-01,1.858170606372045175e-01,2.865945752714598727e-01,2.071942446043165409e-01,7.413646722373654074e-02,6.888154073014879364e-02,6.317082979579069502e-02,-1.226596362661423606e-01,1.005272800393225835e-01,5.672728897627239697e-02,9.115688815407300971e-02,-2.042048348898520826e-01,-2.041780240403950064e-01,-4.561821350373117534e-01,-2.210777961481746323e-01,-5.125340721211850414e-02,1.798114303588185456e-02,-1.261495151704723205e-01,5.417132132803074290e-02,-7.319361901782921176e-02,-1.504535502033156093e-02,-2.845882300370883300e-01,-2.192367844854551107e-01,-1.415523481835649355e-01,-9.247508825237946151e-02,-1.573439385137852531e-01,-2.857455650386522827e-01,-1.637651369587559691e-01,7.748335493096206172e-02,2.798248357835470546e-01,-1.130434782608695649e-01,-2.061352160507618769e-01,-2.691853970239956872e-01
6.953840654184727244e-02,1.031055900621117988e-01,-4.351490236382322685e-01,-2.654854997989186116e-01,7.317127664328164360e-02,1.000000000000000000e+00,-4.922025112828991578e-01,-3.686268376603065167e-01,3.626122704321015355e-01,7.792215916707627699e-01,-3.213056883685598275e-01,1.059922248536574428e-02,-5.562580991107735073e-01,-4.392823629295321552e-01,4.481925018991018139e-01,7.643013539478975549e-01,5.433665489968273615e-02,7.656284909960230090e-02,-2.275794271415166048e-01,-2.109879798024933972e-01,5.672282050136288195e-02,1.257607578533446457e-01,-3.886902900040216102e-01,-2.352696724607891421e-01,-2.366236203583717002e-01,-1.986103043031413329e-01,6.785870682336119231e-01,8.127262165422941553e-01,-8.981634568121900711e-03,-2.025336252736940901e-01,-2.293980964296885583e-01,-2.825595424281692747e-01,3.673086375620000701e-03,-1.831091648420394014e-01,5.924304035032842974e-02,2.527816256311720897e-02,1.938200992001429812e-01,9.367710800303856444e-02,9.340006255864873042e-02,1.597032932660083157e-02,3.132534965816167194e-01,9.116582510389203975e-02,-2.693551990705572163e-01,-2.199874882702533563e-01,-5.905089592921936026e-02,-1.409401671209616069e-01,-2.581661378971357168e-01,-3.672147995889002980e-01,-2.837392198042807956e-01,-1.554448366772420709e-01,-4.046427454309843852e-01,-3.232092586800124900e-01,-4.874167746548103142e-01,-3.553286563295947054e-01,-3.875865767013718099e-01,-3.706421198444970755e-01,5.758970463380848337e-02,1.438848920863309427e-02,-1.027302381697126760e-01,5.720094731668081550e-02,-4.695026587425711606e-02,-1.499530810134501180e-01,1.115733500156396579e-01,4.991286473926448593e-03,5.540908887796594908e-04,-7.989633138209929070e-03,1.361365565932347310e-01,2.948746592787881635e-02,-8.876625407748335583e-02,-2.925376469011126690e-01,-1.293623486304124326e-01,-1.747084320121542467e-01,1.188659010679655043e-01,-6.215201751642164540e-02,-1.386389025425622257e-01,3.187810000446847369e-02,2.812904955538674673e-02,-1.470530407971759324e-01,-1.115778184905491799e-01,-2.882032262388846688e-01,-2.027347066446222035e-01,1.170740426292506261e-03,6.018142008132624371e-02,6.218329684078823666e-02,-1.518700567496313603e-01,-2.071540283301309127e-01,3.936726395281290453e-02,-7.242504133339290606e-02,-4.594128423968899533e-01,-2.556950712721748342e-01,-1.411412484918897203e-01,-6.233969346262120681e-02,3.690960275258054618e-02,1.420528173734304442e-02,3.193842441574690771e-01,2.248536574467134286e-01,2.552526922561330069e-01,6.310380267214799055e-02,1.067652710130032601e-01,-4.434067652710130258e-02,8.748827025336253227e-02,-4.231645739309173454e-02,1.764868850261405719e-01,1.525492649358773933e-01,3.132624335314357356e-01,2.029804727646454254e-01,2.535591402654274185e-01,4.356450243531882482e-01,3.587783189597390510e-01,2.558916841681934118e-01,2.205996693328566849e-01,-4.153000580901738265e-02,9.063407658965995373e-02,-2.291255194602082323e-01,-2.449171097904285221e-01,3.812100630054962025e-01
1.492604674024755329e-01,-7.125876938200992328e-02,6.737611153313374235e-01,2.964967156709414908e-01,-5.295142767773358856e-03,-4.922025112828991578e-01,1.000000000000000000e+00,6.993163233388444144e-01,-1.462934000625586428e-01,-3.895169578622815765e-01,4.479824835783546844e-01,7.777827427498994195e-02,7.294695920282407986e-01,3.802984941239554995e-01,-2.458823003708834054e-01,-4.611912954108762785e-01,-2.715045355020331494e-02,-1.658251038920416365e-02,4.833504624871531319e-01,1.958934715581572006e-01,-2.607533848697439760e-01,-4.237856919433397596e-01,3.804593592206979569e-01,-6.877876580722999678e-02,1.383841994727199598e-01,1.468474909513383109e-01,-5.943875955136511680e-01,-6.218553107824299486e-01,-1.954198132177487890e-01,1.813843335269672563e-01,1.095982841056347412e-01,1.215067697394879159e-01,4.739264489029894334e-02,1.215782653380401285e-01,-1.884400554090888691e-01,-2.358595111488449025e-01,-4.346530229232762887e-01,-4.123910809240806108e-01,-2.142499664864381814e-01,-2.241431699361008112e-01,-4.280039322579203831e-01,-3.836319764064524684e-01,-8.329684078823897109e-02,-2.528620581795433253e-01,-2.581080477233120285e-01,-2.773761115331337401e-01,-1.520622011707404297e-01,-7.142857142857142461e-02,-4.144510478573662504e-02,-3.090531301666741282e-01,1.220295813039009719e-01,-6.355958711291835594e-02,4.141605969882479199e-01,4.108405201304794474e-01,1.437731802135930881e-01,-2.382590821752535865e-02,7.023548862773135171e-02,4.636936413602037871e-02,-2.395102551499173234e-03,-1.469011126502524633e-01,4.677867643773180317e-01,5.499932972876356851e-01,-7.807319361901783605e-02,-1.190401715894365275e-02,3.047053040797175968e-02,-1.403101121587202243e-03,-2.723937620090263190e-01,-3.998346664283480290e-01,1.457482461235980187e-01,1.025202198489655464e-01,2.553644041288707922e-01,1.975736181241342371e-01,-2.503909915545824427e-01,-7.891326690200635083e-03,-9.661736449349836442e-02,-1.026095893471558190e-01,-1.539121497832789676e-01,2.370079092005898322e-02,2.670047812681531907e-01,3.590643013539479012e-01,2.680861521962554228e-01,-4.347826086956521792e-03,-3.195629831538495669e-01,-2.658697886411368061e-01,2.981232405380043748e-01,-6.255864873318736641e-02,-2.040126904687430132e-01,-2.487331873631529466e-01,5.576790741319987976e-01,3.075204432727110179e-02,3.690334688770722793e-01,-8.516913177532508747e-03,-4.599401224362124896e-02,-1.160909781491576906e-02,-3.794852316904240852e-01,-3.018678225121765868e-01,-3.130032619866839338e-01,-1.146610661781134050e-01,8.064703516689754326e-02,7.472183743688279312e-02,-2.355556548549979923e-01,1.679297555744224402e-01,-1.889271191742258327e-01,-1.596720139416417106e-01,-2.830063899191205823e-01,-1.981723937620090137e-01,-1.233835292014835300e-01,-4.335224987711693845e-01,-3.930962062648018507e-01,-4.425532865632959556e-01,-1.951695786228160312e-01,1.049555386746503366e-01,-6.559274319674694709e-02,2.677733589525894686e-01,2.750927208543724189e-01,-2.821439742615844959e-01
2.455873810268555460e-02,2.725680325304973284e-01,4.397113365208454305e-01,4.756021269940569063e-01,-6.737119621073327236e-02,-3.686268376603065167e-01,6.993163233388444144e-01,1.000000000000000000e+00,-1.426292506367576873e-01,-3.016265248670628729e-01,3.019884713347334437e-01,4.622145761651548224e-01,4.950131820009830430e-01,5.552169444568568757e-01,-3.582286965458689187e-01,-3.915545824210197035e-01,-8.230037088341748963e-02,1.616068635774610129e-01,3.227936905134277668e-01,2.649090665355913754e-01,-3.535904195897939806e-01,-4.654408150498234864e-01,1.427186201349479322e-01,-1.479735466285356793e-01,2.572947852897805934e-02,7.479780151034451374e-02,-5.513829929844944466e-01,-6.227981589883372360e-01,-1.073729836006970806e-01,4.210197059743509551e-01,8.869922695384065137e-03,1.231288261316412641e-01,-8.402967067339917051e-02,3.098887349747531106e-02,-4.779033915724563153e-01,-4.572769113901425375e-01,-5.052191786943116547e-01,-6.188882434425130308e-01,-3.262567585683006643e-01,-4.847401581840117823e-01,-2.912283837526252195e-01,-4.198489655480584504e-01,-1.138746145940390531e-01,-2.423566736672773669e-01,-3.759998212610036195e-01,-2.232137271549220203e-01,-1.306805487287188983e-01,-1.279726529335537821e-01,-4.213771839671120664e-03,-2.777335895258948306e-01,2.671656463648956481e-01,8.415925644577505749e-02,5.409401671209616014e-01,4.237499441440636394e-01,1.967469502658742708e-01,-1.814602976004289769e-01,9.432503686491799932e-02,2.775414451047857334e-01,3.296840788238974279e-02,2.881719469145180637e-02,5.269136243799991126e-01,6.190714509138031119e-01,-1.173421511238214449e-02,3.128647392644890446e-01,-3.166763483623039610e-01,-8.780553197193798065e-02,-5.840252021984896347e-01,-5.530988873497475478e-01,7.596407346172751041e-02,5.659323472898699497e-02,2.883551543858081101e-01,3.134322355779972091e-01,-1.559319004423790067e-01,1.987845748246123700e-01,-9.289065641896421255e-02,3.064926940435229452e-02,-1.624290629608114711e-01,1.768577684436301867e-01,2.857545019884713544e-01,1.937664775012288287e-01,1.450020108137092811e-01,3.646275526162920562e-03,-4.368291702042093050e-01,-5.545466732204298310e-01,1.758478931140801671e-01,-7.875687028017337721e-02,-4.950444613253496828e-01,-5.048170159524554279e-01,3.846865364850976521e-01,-1.260467402475535237e-01,2.508780553197194063e-01,-2.778318959739041194e-01,5.535099870414227768e-02,-6.175432324947495444e-02,-5.339693462621207809e-01,-5.411501854417087864e-01,-3.021269940569283885e-01,-2.012198936502971602e-01,6.681710532195361818e-02,-1.287903838419947322e-01,-3.260199293980964308e-01,1.866526654452835277e-01,-1.408463291478618262e-01,-2.782698065150364108e-01,-1.661066178113409786e-01,-3.080700656865811848e-01,-3.319406586532016590e-01,-4.069886947584789305e-01,-5.214308056660261759e-01,-5.537155368872603844e-01,-2.640153715536887047e-01,2.349568792171231879e-01,-1.289959336878323537e-01,2.722284284373743257e-01,4.719156351937083826e-01,-3.224451494704857479e-01
-2.756244693686045188e-01,-1.321283345994012370e-01,-2.702533625273694229e-01,-2.690915590508959343e-01,4.309218463738326288e-01,3.626122704321015355e-01,-1.462934000625586428e-01,-1.426292506367576873e-01,1.000000000000000000e+00,2.724250413333929033e-01,-2.630010277492291770e-01,-5.164216452924616507e-02,-1.120604137807766215e-01,6.882791903123464117e-02,3.621386120916931239e-01,2.800974127530274083e-01,2.696724607891326855e-02,1.483935832700299384e-01,-3.526922561329818295e-01,-3.614370615308994950e-01,1.385227221949148727e-04,-1.794986371151525983e-02,-2.331516153536797864e-01,-8.041020599669332358e-02,8.200098306448008745e-02,1.462710576880110747e-01,3.193529648331024373e-01,3.204119933866571568e-01,5.777738058000804477e-02,1.558067831449126417e-01,-2.310201528218418926e-02,-2.741856204477411893e-02,-1.816390365968095222e-01,-2.094910407078064141e-01,-3.916618258188480500e-02,-8.973144465793823910e-02,8.597345725903748903e-02,3.917958800661334312e-02,8.125027927968184183e-02,-2.436212520666696316e-02,1.962866973501943835e-01,2.270432101523749829e-02,-4.227177264399660517e-02,-7.519549577729120471e-02,2.391885249564323634e-01,2.152732472407167530e-01,-1.716117788998614835e-01,-2.218553107824299542e-01,2.417847088788596388e-01,1.499530810134501180e-01,3.168595558335939727e-02,5.397023995710264338e-02,-2.314446579382456737e-01,-2.534831761919656978e-01,-2.896778229590241116e-01,-3.647616068635774478e-01,-1.204611466106617762e-01,-1.823584610572411557e-01,-2.424058268912820113e-01,-1.475490415121319052e-02,-1.613164127083426547e-01,-7.967737611153313804e-02,2.615398364538183001e-02,1.242236024844720482e-01,-4.077036507440010699e-02,4.019840028598239273e-02,-1.013539478975825497e-01,2.176147280933017538e-03,-3.738147370302515871e-01,-2.804817015952455472e-01,-1.148621475490415184e-01,-2.196836319764064460e-01,6.211180124223602411e-02,3.264220921399526437e-02,-1.983645381831181109e-01,-3.943875955136511707e-02,-9.364136020376245817e-02,-1.399794450154162317e-01,4.438536127619643196e-02,-2.806693775414451086e-01,-6.523973367889538896e-03,1.896733544841145702e-01,8.218865901067964885e-02,-7.026229947718844182e-02,2.356807721524643573e-01,3.094508244336208191e-01,5.758076768398945333e-02,-2.330086241565753613e-01,-2.487108449886053785e-01,-3.113320523705259135e-01,-3.614728093301756151e-01,-1.925287099512936195e-01,-6.313508199651458874e-02,-1.667858259975870117e-01,-6.832744984136913946e-02,-5.257160731042494900e-02,-1.703427320255596900e-01,-2.894812100630054785e-01,-2.778810491979087360e-01,-2.778229590240851032e-01,-1.240359265382724868e-01,-6.289825282631038295e-02,-2.509808302426381754e-01,-2.887975334018499374e-01,-1.865141427230886106e-01,-3.498771169399884085e-01,-1.728361410250681407e-01,-1.085481925018991073e-01,-9.260467402475534848e-02,5.227221949148755376e-02,1.476071316859555727e-01,-4.984136914071227165e-02,1.459359220697975801e-01,-3.990750256937307117e-01,-1.204030564368381018e-01,-1.848295276822020661e-01
6.314401894633361878e-02,1.694847848429331116e-01,-4.804638276956074705e-01,-3.474417981143035905e-01,-2.309307833236516339e-01,7.792215916707627699e-01,-3.895169578622815765e-01,-3.016265248670628729e-01,2.724250413333929033e-01,1.000000000000000000e+00,8.734081058134858522e-02,7.015505607936011216e-04,-4.621341436167835659e-01,-3.995531525090486591e-01,5.228205013628848263e-01,8.226864471155994618e-01,1.089861030430314126e-01,1.268734081058134899e-01,-2.157603110058536888e-01,-2.078242995665579296e-01,-1.398141114437642385e-01,-4.601188614325930903e-02,-4.973904106528441726e-01,-3.448590196166048671e-01,-4.958398498592430648e-01,-4.938245676750525059e-01,4.179007104875105960e-01,5.706197774699495184e-01,6.186603512221278828e-02,-2.620045578444076817e-01,-4.545868894946155092e-01,-4.739309173778989415e-01,-4.711113097099960123e-02,-1.515796058805129742e-01,-6.669198802448723928e-02,-1.307520443272711108e-01,1.621609544662406741e-02,-3.190937932883507189e-02,-4.262031368693864480e-02,-7.665221859779257352e-02,3.222664104741052027e-02,-1.135439474507350666e-01,-3.240046472139058720e-01,-3.174449260467402389e-01,-2.188346217435989116e-01,-2.378613879083068816e-01,-3.643460386969927245e-01,-4.436659368157647720e-01,-3.360963403190491139e-01,-3.447160284195004420e-01,-3.793064926940435400e-01,-3.504580186782251250e-01,-3.821082264623084090e-01,-2.374279458420840982e-01,-3.981634568121900086e-01,-4.059832879038384190e-01,9.612583225345189275e-02,1.669600965190580488e-01,-1.627910094284820697e-01,5.149917333214173998e-02,9.675588721569328143e-02,1.215425175387640187e-02,1.543098440502256585e-01,9.901693551990706221e-02,-3.977836364448813361e-02,-1.214978327896688859e-02,1.067965503373698557e-03,-1.440055409088877858e-01,-9.030340944635595335e-02,-3.873631529558961284e-01,-1.845792930872693083e-01,-2.612181062603333714e-01,8.563832164082398057e-02,-1.450332901380758654e-01,-6.355065016309933978e-02,-8.479377988292595425e-02,-1.479288618794405430e-01,-2.722865186111980140e-01,-1.263237856919433369e-02,-2.146208499039277962e-01,-8.264891192635953621e-02,4.303141337861388083e-02,-5.871576031100585527e-03,-5.317038294829974643e-02,-6.759908843111846199e-02,-1.948389114795120447e-01,-1.058894499307386355e-01,-1.367308637561999995e-01,-4.201617587917244045e-01,-2.985254032798606016e-01,-1.106841235086464953e-01,-9.462442468385540151e-02,-4.179364582867867162e-02,-5.259394968497251716e-03,2.117431520622011787e-01,1.810804772331203460e-01,3.012556414495732859e-01,4.433620805219178757e-02,1.066714330399034794e-01,-6.399302917914115318e-02,5.923857187541892166e-02,7.050359712230215570e-02,1.305777738058000736e-01,9.516064167299700949e-02,2.313597569149649091e-01,1.290272130121989380e-01,2.619911524196791852e-01,2.944769650118414517e-01,2.321149291746726906e-01,2.389561642611376657e-01,3.152330309665311026e-01,-7.976227713481389217e-03,-4.808525850127351453e-02,-2.204656150855713037e-01,-1.841145716966799128e-01,3.003753518923991117e-01
1.572009473166808280e-01,1.326645515885428173e-01,1.592832566245140635e-01,-1.066759015148129874e-01,-2.851691317753251020e-01,-3.213056883685598275e-01,4.479824835783546844e-01,3.019884713347334437e-01,-2.630010277492291770e-01,8.734081058134858522e-02,1.000000000000000000e+00,9.216229500871352120e-02,4.800750703784798512e-01,1.817462799946378271e-01,6.875195495777290666e-02,-2.806202243174404573e-02,9.933419723848251059e-02,1.196478841771303481e-01,2.585593636891728719e-01,1.138746145940390531e-01,-2.485008266678582489e-01,-3.850663568524062552e-01,-1.027391751195317060e-01,-3.089905715179409040e-01,-3.005630278385986731e-01,-3.409937888198757983e-01,-3.925331784262031110e-01,-4.197640645247777136e-01,6.623620358371687389e-02,-2.715492202511282996e-02,-1.640600563027838632e-01,-1.202421913400956305e-01,1.572456320657759574e-02,1.869431163144018859e-01,-9.653693194512712183e-02,-1.075293802225300438e-01,-3.824612359801599637e-01,-4.010188122793690302e-01,-2.618436927476652243e-01,-1.640332454533267870e-01,-5.047142410295366588e-01,-4.498145582912552176e-01,-1.961615800527279907e-01,-2.851736002502345824e-01,-3.860985745565038707e-01,-3.325885875150810800e-01,-2.433173957728227421e-01,-1.839045533759327833e-01,-1.405156620045578397e-01,-3.619107198713079065e-01,1.230171142589034372e-02,-1.567943160999150931e-01,1.335314357209884395e-01,1.644890298940971385e-01,-1.621654229411501891e-01,-1.182984047544572981e-01,3.905893918405647924e-02,2.245453326779570102e-01,1.053219536172304328e-02,3.518030296259886530e-02,4.879619285937709661e-01,4.919790875374234762e-01,1.495598552214129351e-01,8.772956789847624615e-02,-2.437106215648598972e-02,5.983287903838419713e-02,-1.334822824969837674e-01,-2.859198355601233477e-01,4.101166271951382780e-02,-1.620224317440457640e-01,1.937083873274051682e-01,8.768935162429063179e-02,-1.987845748246123700e-01,-3.069842262835694325e-03,5.109701059028553399e-02,-4.189642075159748236e-02,2.859377094597613869e-02,-2.044327271102372792e-02,2.507708119218910459e-01,3.123017114258903604e-01,2.679118816747844134e-01,7.652263282541668654e-02,-2.666517717503016360e-01,-2.138299298449439223e-01,2.677644220027704525e-01,-9.669332856696009892e-02,-3.152777157156262389e-01,-2.409222932213235524e-01,2.672997006121810570e-01,-1.489342687340810580e-02,1.275302739175119549e-01,-5.897940033066714077e-02,-2.640287769784172567e-01,-7.549935207113811497e-02,-3.055364404128870781e-01,-1.951963894722731074e-01,-6.322891996961436945e-02,-1.469234550248000280e-02,-5.899280575539568583e-02,-4.061843692747665185e-02,-2.310916484203941190e-01,1.240984851870056693e-01,-1.391885249564323579e-01,-9.659949059386031822e-02,-2.226104830421377079e-01,-1.510880736404665026e-01,7.595960498681800233e-02,-3.095401939318110918e-01,-3.280530854819250219e-01,-1.447696501184145834e-01,1.206354171321327995e-01,-1.478618347557978385e-01,-4.051387461459403649e-01,1.170338263550650126e-01,5.952455426962777879e-02,-2.092497430626927002e-01
2.283614102506814347e-01,5.405022565798293099e-01,-2.467938692524241501e-02,2.519326153983645344e-01,3.003261986683944743e-02,1.059922248536574428e-02,7.777827427498994195e-02,4.622145761651548224e-01,-5.164216452924616507e-02,7.015505607936011216e-04,9.216229500871352120e-02,1.000000000000000000e+00,1.545019884713347280e-01,3.949104070780642406e-01,-7.405156620045579008e-02,-6.924348719781937833e-02,-5.176728182671254397e-02,3.461906251396398293e-01,4.320121542517538910e-02,3.274140935698646171e-01,-8.408329237231332298e-02,-2.246838554001519273e-01,-1.425309441887483708e-01,-2.437374324143170012e-01,-5.914026542740962594e-02,-1.265025246883238683e-02,-1.528575897046338117e-01,-1.715894365253139153e-01,4.427811787836811314e-02,4.823093078332365002e-01,-5.081996514589570690e-02,3.392019303811608794e-02,-1.096563742794584156e-01,-2.066222798158988405e-02,-4.742347736717458240e-01,-3.874480539791769207e-01,-3.246793869252423970e-01,-4.043120782876803987e-01,-1.341212744090441999e-01,-4.085124447026229899e-01,4.106528441842798721e-02,-1.479377988292595869e-01,1.509450824433620879e-02,6.903793735198176726e-03,-2.782564010903078588e-01,-1.389472273113186440e-01,-4.785736628088833183e-03,-6.952946959202824240e-02,-1.095938156307252331e-01,-8.640689932526028627e-02,3.918852495643236622e-02,1.318378837302828510e-01,1.072478663032307017e-01,9.058939184056481742e-02,1.124715134724518437e-02,-1.516511014790651868e-01,2.962688234505563289e-01,3.532240046472139294e-01,2.624692792349970771e-01,1.894767415880959927e-01,4.823316502077840684e-01,2.398766700924974404e-01,3.144733902319138408e-01,4.852272219491487459e-01,-4.580052728003932150e-01,-1.794450154162384459e-01,-4.948925331784261861e-01,-4.222932213235622845e-01,7.066893069395414895e-02,-4.270521471021940241e-02,9.191652888869028537e-02,2.965905536440412993e-01,1.988828812726216588e-01,5.127038741677465428e-01,1.267795701327137092e-01,3.880110818177756049e-01,5.396130300728361334e-02,2.563698109835113037e-01,-8.682246749184503731e-03,-2.822288752848652743e-02,-1.219983019795343876e-01,7.068680459359220902e-02,-3.122257473524286397e-01,-3.438223334375977713e-01,-1.941820456678135798e-01,-1.014433173957728224e-01,-3.548460610393672776e-01,-3.326734885383618723e-01,-1.414719156351936999e-02,-6.237097278698779806e-02,2.726663389785066380e-02,-1.820858840877608575e-01,-1.511685061888377521e-02,5.935922069797577860e-02,-3.208990571517941204e-01,-3.361097457437776659e-01,-1.794986371151525983e-01,-4.645873363421064439e-02,7.849323026051208130e-02,-3.909468698333258552e-02,-2.326600831136333147e-01,2.529201483533670136e-01,-1.574869297108896782e-01,-8.068278296617364953e-02,-9.932972876357298864e-02,-1.367353322311095354e-01,-2.063541713213280226e-01,-1.303275392108673436e-01,-3.231735108807364254e-01,-4.071227490057643394e-01,-1.865364850976361788e-01,1.968586621386120838e-01,2.702086777782742796e-02,5.371106841235086249e-02,1.138612091693105149e-01,-5.742437106215648318e-02
1.129272979132222160e-01,-8.289914652129228012e-02,5.482282496983779119e-01,1.341078689843156480e-01,1.213816524420215370e-01,-5.562580991107735073e-01,7.294695920282407986e-01,4.950131820009830430e-01,-1.120604137807766215e-01,-4.621341436167835659e-01,4.800750703784798512e-01,1.545019884713347280e-01,1.000000000000000000e+00,4.288842218150945018e-01,-2.396130300728361306e-01,-5.386299655927432317e-01,7.429286384556950396e-02,1.256937307297019413e-01,3.879395862192233646e-01,2.196344787524018016e-01,-1.077706778676437716e-01,-4.295410876267929945e-01,3.463112739621966862e-01,1.139461101925912621e-03,2.436614683408552529e-01,2.107556191071986995e-01,-5.072165869788640702e-01,-6.007238929353411194e-01,-1.080164439876670074e-01,2.142276241118906133e-01,1.756110639438759613e-01,2.822467491845033205e-01,3.942088565172706394e-02,1.111265025246883226e-01,-6.799678269806515296e-02,-1.013494794226730417e-01,-3.144018946333616560e-01,-3.279234997095491488e-01,-1.415523481835649355e-01,-1.024531927253228419e-01,-3.942446043165467873e-01,-2.723937620090263190e-01,7.686670539344921116e-02,-1.358327002993878208e-01,-5.322847312212342086e-02,-1.202600652397336767e-01,-7.776933732517092579e-02,-1.678359176013226664e-02,8.203673086375619372e-02,-1.524420215380490606e-01,1.830466061933062327e-01,5.559229634925599850e-02,3.396130300728361640e-01,3.235175834487689084e-01,4.822378122346843154e-02,-1.455829125519460254e-02,9.476741588095982660e-02,2.126547209437418956e-02,9.258680012511730228e-02,-1.343849144287054820e-01,4.050493766477501478e-01,4.487555297377004981e-01,-6.447115599445908674e-02,-1.384601635461816804e-01,4.842933106930604609e-02,3.269136243799990876e-02,-1.897359131328477666e-01,-2.726261227043210167e-01,8.832834353635103664e-02,1.041467447160284165e-01,2.309486572232896939e-01,2.747039635372447441e-01,-9.142946512355333566e-02,1.716385897493185597e-01,-7.658965994905938234e-03,-5.108807364046651089e-02,1.920103668617900716e-02,1.355288440055409105e-01,2.944635595871128997e-01,4.153670852138165448e-01,2.696322445149470504e-01,1.363242325394342924e-01,-1.662183296840788194e-01,-2.046472139058939099e-01,3.543277179498637297e-01,7.132579650565261387e-02,-1.814781715000670370e-01,-2.057509272085437102e-01,4.962017963269136356e-01,7.977121408463291874e-02,1.288350685910898685e-01,2.522007238929353454e-02,-1.341972384825059206e-01,-2.769113901425443447e-02,-3.796282228875285103e-01,-3.060190357031145059e-01,-3.118503954600295169e-01,-1.066312167657178650e-01,-7.332767326511462069e-02,-1.177443138656776404e-02,-3.142365610617096627e-01,9.326600831136333536e-02,-3.409580410205996781e-01,-1.780955359935653959e-01,-4.244827740292238527e-01,-2.522096608427543685e-01,-2.172617185754502078e-01,-4.831806604405916028e-01,-3.870950444613253660e-01,-4.340453103355824682e-01,-2.416551231064837657e-01,1.067071808391795856e-02,-1.944501541623843699e-01,2.554895214263371850e-01,2.132132803074310856e-01,-4.003038562938469047e-01
