1.000000000000000000e+00,7.894499307386388942e-01,-7.972652933553778243e-02,-1.904329952187318598e-01,-1.447339023191384910e-01,-1.953974708432012208e-01,-2.889047767996782423e-01,-4.162563117208096797e-01,-3.832923723133294658e-01,-1.927074489476741648e-01,-1.100585370213146182e-02,-2.993431341883015517e-01,-2.014611912954108741e-01,-1.869207739398543178e-01,-2.644711559944590840e-01,-3.842888422181509611e-01,4.395906876982885736e-01,1.074757585236158913e-01,5.097546807274677683e-01,6.449886053889807291e-01,-4.834443004602528848e-02,-4.450154162384378081e-02,-3.252826310380267372e-01,-4.494704857232226791e-01,-3.967022655167791179e-01,-1.595290227445372855e-01,2.376558380624692879e-01,1.142857142857142821e-01,-7.002100183207471580e-03,-9.074131998748827255e-02,1.027749229188078088e-02,-5.978819428928906776e-02,5.871576031100585180e-02,-6.779123285222753148e-02,-3.035524375530631591e-01,-4.775414451047857445e-01,1.499083962643549817e-01,7.067786764377317899e-02,2.206041378077662207e-01,2.183654318781000081e-01,4.367442691809285682e-01,2.737477099066088493e-01,-2.008311363331694854e-01,-6.174985477456543942e-02,1.644175342955449259e-01,4.559050895929219194e-01,-8.085705348764467282e-02,-1.640377139282362950e-01,4.150051387461459185e-01,4.863890254256222345e-01,3.223021582733812673e-01,2.445775056973055195e-01,2.225300504937664965e-03,-1.948835962286071810e-01,3.556906027972652762e-01,3.605791143482729444e-01,8.820724786630322889e-01,7.560480807900263889e-01,7.087716162473747250e-01,4.227221949148755598e-01,2.477411859332409871e-01,-1.636132088118325278e-01,-6.864918003485410980e-02,-4.018365431878099803e-01,-4.098306448009294556e-01,-4.229813664596273060e-01,-2.813351803029625828e-02,8.678671969256893104e-02,7.712274900576433501e-01,7.096295634300013866e-01,-3.317127664328164971e-01,-3.229188078108941595e-01,-2.283256624514053423e-01,3.814737030251574845e-02,-2.064971625184324477e-01,6.361320881183252229e-02,-5.110103221770410098e-01,-5.583180660440592025e-01,1.793020242191340208e-01,-1.335090933464408713e-01,3.066535591402654304e-01,-8.464185173600249912e-02,-2.417444926046740088e-03,-1.055006926136109746e-01,-4.556950712721748176e-02,-3.676750525045802132e-01,2.195272353545734967e-01,6.552124759819473454e-02,2.183877742526475763e-01,2.975557442244961687e-02,-3.526073551097010372e-01,-3.893873720899057034e-01,-3.546717905178962682e-01,-2.849188971803923165e-01,2.585906430135394563e-01,8.312703874167746976e-02,-2.728450779748871693e-02,3.481076008758210993e-01,-3.815809464229858450e-01,-1.377094597613834348e-01,1.103713302649805689e-01,-1.264578399392287354e-02,1.769918226909155956e-01,2.384378211716341178e-02,-5.853702131462532043e-02,6.092765539121498125e-02,1.152017516421645349e-01,2.994637830108584087e-01,2.085347870771705747e-01,2.853702131462531599e-01,-2.178292148889584001e-01,-1.888824344251307033e-02,-4.475624469368604669e-02,8.377943607846641272e-02,-1.083247687564234396e-01,-1.470485723222664243e-01
7.894499307386388942e-01,1.000000000000000000e+00,-1.037624558738102637e-01,-1.488940524598954263e-01,-6.615577103534563130e-02,-2.063809821707850989e-01,-4.816211626971714788e-01,-2.485946646409580296e-01,-2.995799633585057298e-01,-6.687519549577729261e-02,-1.129272979132222160e-01,-1.454890745788462447e-01,-4.026900218955270505e-01,-2.059073238303766804e-02,-3.778006166495375129e-01,-3.885070825327315847e-01,2.766343446981545107e-01,2.262656955181196750e-01,1.279279681844586458e-01,5.833638679118816617e-01,-9.642522007238929493e-02,-1.430805666026185342e-02,-4.200053621698914275e-01,-4.417623665043120540e-01,-4.476428794852316817e-01,-2.892220385182537323e-01,1.173778989230975511e-01,9.630457124983243800e-02,-1.431207828768041590e-01,6.698243889360561316e-03,-1.477411859332409816e-01,-1.444791992492962251e-01,-1.105500692613611002e-01,-1.682782966173644867e-01,-3.524598954376871318e-01,-3.838419947271995980e-01,2.071719022297689727e-01,1.046516823808034263e-01,9.267170114839805295e-02,2.608561597926627451e-01,3.974440323517583473e-01,3.845033290138075710e-01,-3.297913222217257467e-01,-2.069127306850171988e-01,2.066669645649939560e-02,3.522588140667590184e-01,-3.429554493051521769e-02,-2.886947584789311683e-01,4.628133518030296267e-01,5.219357433308011718e-01,4.781044729433844287e-01,3.305062782072478722e-01,8.121899995531525751e-02,-2.615353679789088059e-01,4.009562536306358616e-01,1.227221949148755570e-01,7.358103579248402859e-01,8.814156128513338517e-01,5.618481612225747490e-01,5.504133339291299443e-01,2.315116850618883781e-01,-1.121587202287859138e-02,-2.065507842173466280e-01,-2.106528441842799027e-01,-3.740605031502748368e-01,-3.431878100004468468e-01,-1.347870771705616810e-01,2.467491845033289999e-02,7.561731980874927261e-01,6.870592966620492348e-01,-2.211135439474507247e-01,-2.770141650654631693e-01,-1.109075472541221630e-01,1.677957013271370590e-01,-3.230975468072747048e-01,-2.021091201572903021e-02,-5.121765941284239787e-01,-5.623665043120782414e-01,1.675901514812994375e-01,-2.678850708253273094e-01,2.601322668573216035e-01,-7.675946199562089234e-02,1.137673711962107342e-01,-2.319898118772062978e-01,2.284284373743241531e-02,-4.629384691004960195e-01,2.448813619911524297e-01,-8.598686268376602715e-02,3.937530720765002878e-01,-2.570981723937620367e-01,-1.828410563474686112e-01,-4.948165691049644654e-01,-1.419813217748782386e-01,-4.132088118325215609e-01,1.433352696724607966e-01,2.499754233879976639e-01,7.930649269404352331e-02,3.534697707672371236e-01,-1.067384601635461838e-01,-6.334510031726171830e-02,3.259618392242727425e-01,-1.862460342285178205e-01,2.217257250100540811e-01,-2.857142857142857054e-02,3.140891013896957018e-02,-1.459403905447070882e-02,9.446355958711292675e-03,-3.708834174896107733e-04,2.021984896554805677e-02,1.849725188793064912e-01,-9.894543992135483579e-02,1.335716519951740400e-01,-1.347736717458331568e-01,6.597256356405559186e-02,1.214978327896688859e-02,6.517717503016220992e-02
-7.972652933553778243e-02,-1.037624558738102637e-01,1.000000000000000000e+00,7.605701773984538949e-01,3.205415791590330299e-01,-1.682917020420930387e-01,4.712811117565575136e-01,1.253049734125742942e-01,-1.091380311899548677e-01,-3.972742303051968182e-01,-3.833817418115197384e-01,-3.235712051476831164e-01,-9.512936234863041129e-02,-1.806961883909021793e-01,-1.127887751910272990e-01,-3.166942222619419933e-01,-3.755216944456856720e-01,-3.016578041914294572e-01,-3.705706242459448629e-02,2.703427320255596782e-03,-1.013316055230349816e-01,7.494079270744895271e-02,7.949819026766165031e-01,7.568836855981053713e-01,4.491845033290138289e-01,2.355020331560838398e-01,1.871933509093346437e-01,2.442915233030966415e-02,-4.965190580454890701e-01,-4.018454801376290519e-01,1.950846775995352667e-01,1.984628446311273997e-01,3.267036060592519719e-01,1.706823361186826926e-01,3.444121721256535040e-01,1.117744313865677713e-01,9.562983153849591300e-02,3.775861298538808839e-03,-6.430135394789758194e-03,5.363957281379864994e-02,3.884445238839984160e-02,9.815005138746145386e-02,-1.949014701282452411e-01,-1.184548013762902752e-01,5.809017382367398193e-05,-2.262031368693864786e-01,-2.655838062469279004e-01,-3.409312301711425741e-01,-1.258724697260824865e-01,-4.117788998614772544e-01,-4.174225836721927041e-01,-5.202690021895527428e-01,-4.345949327494526004e-01,-2.327137048125474672e-01,-3.085750033513561807e-01,-4.700567496313508009e-01,-1.203092184637383211e-01,-2.081907145091380362e-01,-2.231198891818222396e-01,-2.172125653514455634e-01,-2.349345368425756198e-01,2.248536574467134216e-02,-3.696411814647660998e-01,-1.135350105009160365e-01,5.926314848742124664e-01,4.172751240001787432e-01,3.580320836498502857e-01,-8.987890432995218615e-02,9.646096787166540121e-02,1.305956477054381337e-01,6.367576746056570480e-02,1.328835068591089907e-01,-7.252334778140220872e-02,-6.805487287188882739e-02,-3.553107824299566730e-01,-1.565351445551633192e-01,-4.353635104338889061e-02,-1.404307609812771029e-01,-2.689128200545153891e-01,-2.056258099110773452e-01,-2.715849680504043850e-01,-1.001563966218329688e-01,-3.593100674739711092e-02,-6.231288261316412364e-02,4.414093569864604993e-01,2.878368112963045622e-01,1.015326868939630950e-01,1.535814826399749811e-01,2.503686491800348468e-02,-7.751910273023816800e-02,7.273336610214933828e-02,2.673175745118190894e-01,6.806827829661736551e-02,4.682872335671835473e-01,4.501094776352830562e-02,-5.592296349255999194e-02,1.746548103132400942e-01,-2.913892488493676977e-02,3.672639528129049286e-02,6.984226283569417576e-03,-1.045846552571607357e-01,-1.763260199293980868e-01,-1.522543455918494992e-01,-1.411189061173421522e-01,5.624469368604495534e-02,6.665177175030162493e-02,6.339425354126636269e-02,-4.003753518923991103e-03,1.501407569596496794e-02,2.535859511148844808e-02,7.582555073953259339e-02,6.608874391170294071e-02,5.921176102596183849e-02,-7.864515840743553643e-03,-1.747486482863398749e-01,5.256713883551544092e-02
-1.904329952187318598e-01,-1.488940524598954263e-01,7.605701773984538949e-01,1.000000000000000000e+00,3.112963045712498489e-01,-6.809508914607444174e-02,4.734483220876714582e-01,4.903972474194557285e-01,1.586174538629965547e-01,-1.832834353635104385e-01,-1.711828053085481804e-01,4.000178738996380823e-02,4.497519996425219935e-02,1.322891996961436945e-01,-1.850618883774967638e-01,-1.632736047187094974e-01,-3.865007372983600420e-01,-2.558335939943697235e-01,-1.332990750256937418e-01,-3.703472005004691814e-02,-8.695652173913043237e-02,1.335895258948121000e-01,7.134858572769113838e-01,7.380043791054112789e-01,3.149068322981366519e-01,1.290987086107511506e-01,3.808034317887305092e-02,6.179900799857009075e-03,-4.371777112471513238e-01,-3.043031413378614047e-01,2.097457437776486799e-01,2.449707314893426746e-01,2.922293221323562507e-01,2.787032485812592220e-01,9.721614013137316879e-02,2.362482684659725565e-02,-6.557486929710890089e-02,-1.483578354707538183e-01,-1.995397470843201237e-01,-5.767013718217971902e-02,-4.875106126279100949e-02,7.473524286161133123e-02,-7.653603825014522466e-02,6.215648599133116216e-03,-1.562580991107734851e-01,-2.370883417489610678e-01,-5.998033871039814419e-02,-2.049421332499218040e-01,-1.482639974976540376e-01,-3.750480361052772604e-01,-3.834621743598909949e-01,-3.937843514008668722e-01,-3.691764600741767044e-01,-1.262746324679386856e-01,-3.958666607087001355e-01,-4.477769337325170906e-01,-2.703069842262835754e-01,-2.366548996827382845e-01,-2.752535859511148764e-01,-1.918718441395951546e-01,-1.148532105992224883e-01,2.523303096653112254e-01,-2.845524822378122098e-01,1.897805978819429029e-01,3.864381786496268734e-01,4.640600563027838521e-01,1.089146074444792001e-01,-7.154475177621877346e-02,-1.158094642298583554e-01,-5.901514812994324705e-02,1.019080387863622178e-01,1.480539791769069080e-01,-8.665266544528352211e-02,-9.365923410340050090e-03,-1.928415031949595737e-01,5.391661825818847703e-02,2.645783993922874028e-02,-3.588632199830198155e-02,-3.155234818356494886e-01,-1.429509808302426299e-01,-3.966888600920505659e-01,-7.745207560659546353e-02,-1.546717905178962293e-01,-1.833593994369721591e-01,2.369542875016756867e-01,2.553465302292327599e-01,-1.218955270566155769e-01,4.668662585459582709e-02,-1.058537021314625293e-01,6.045846552571607080e-03,1.187944054694132917e-01,1.658608516913177566e-01,1.357299253764690239e-01,3.066982438893605667e-01,-1.612672594843379825e-02,-1.448232718173287359e-01,8.037445819741721731e-02,-1.290674292863845662e-01,9.314982796371598650e-02,-5.048036105277269037e-02,-1.018320747129004833e-01,-1.297868537468161998e-01,-2.916886366683051346e-01,-1.050046918986549949e-01,-5.941731087179945303e-02,-2.933106930604584620e-02,-3.804906385450645967e-02,-2.025470306984226421e-01,9.846731310603691611e-02,4.338889137137495050e-02,7.835023906340765620e-02,-2.122972429509808329e-02,-1.156709415076634384e-01,-1.322087671477724657e-01,-2.564547120067920960e-01,3.330354350060324431e-02
-1.447339023191384910e-01,-6.615577103534563130e-02,3.205415791590330299e-01,3.112963045712498489e-01,1.000000000000000000e+00,4.380669377541445142e-01,8.177755931900441977e-02,1.410250681442423715e-02,2.356048080790026367e-01,9.728763572992538133e-02,-1.255462710576880081e-01,-3.708834174896107733e-04,-5.471200679208186590e-02,-3.970686804593592106e-02,3.044461325349658298e-01,-6.461861566647303379e-02,-2.270789579516510892e-01,-8.317172349077260607e-02,-2.413021135886322110e-01,-1.126457839939228739e-01,2.358773850484829626e-01,3.550739532597524395e-01,2.815988203226238995e-01,2.878680906206711465e-01,5.325394342910764189e-01,3.793824567675052606e-01,4.953483176191965653e-01,3.697886411367800052e-01,-1.564100272576969541e-01,-1.127440904419321627e-01,3.020286876089190997e-01,2.685240627373877143e-01,2.071048751061262683e-01,2.304213771839671021e-01,1.060726574020286889e-01,-1.824031458063362851e-02,1.443496134769203243e-01,-1.935788015550292673e-01,9.777023102015282296e-02,1.773493006836766583e-01,-7.104875106126278851e-03,-9.030787792126546837e-03,-1.862147549041512085e-01,-1.244917109790428522e-01,-1.308682246749184597e-01,-1.811251619822154824e-01,1.255641449573260612e-03,-1.103668617900710469e-01,-1.687072702086777898e-01,-1.258188480271683340e-01,-2.504222708789490270e-01,-3.946557040082219747e-01,-3.112069350730595763e-01,-4.364091335627150459e-01,1.531793198981187647e-02,-2.262388846686625987e-01,-1.394655704008221919e-01,-1.836900665802761456e-01,-1.668126368470441157e-01,-1.387238035658429902e-01,-2.611466106617811311e-01,1.111309709995978411e-02,-4.633138209928951423e-01,-7.269314982796371005e-02,2.403369230081773000e-01,1.643415702220832053e-01,2.419232316010545489e-02,-1.414182939362795544e-01,-2.223066267482907976e-02,1.046472139058939183e-01,2.426203136869386490e-01,1.553867465034183826e-01,-7.750122883060012180e-02,-1.137941820456678105e-01,1.507708119218910681e-01,-1.672997006121810723e-02,-9.789981679252870994e-02,-5.392108673309799205e-02,-1.169578622816032920e-01,7.531614459984807552e-02,-2.017650475892577844e-01,3.520264533714643346e-02,1.279234997095491377e-01,7.549488359622860689e-02,2.170919165288886787e-01,1.733410786898431644e-01,4.295321506769739228e-01,4.768488314938111872e-01,5.018544170874480320e-02,-1.910987979802493408e-01,-4.209303364761606513e-03,-4.026542740962509720e-02,-9.222485365744671759e-02,1.169712677063318301e-01,3.677554850529514419e-02,2.857589704633808556e-02,1.593100674739711398e-01,2.763751731534027506e-02,-1.135216050761874984e-01,-1.312301711425890305e-01,1.618705035971222950e-01,-1.819339559408373885e-01,2.049376647750122959e-01,1.043388891371374999e-01,2.887573171276643369e-01,2.151570668930694041e-02,-2.437508378390455255e-01,-1.519147414987264966e-01,-1.388131730640332351e-01,-6.853746816211626902e-02,-1.767728674203494429e-02,8.244783055543143668e-02,-5.700880289557173908e-02,-2.056258099110773452e-01,-4.513159658608516950e-02,2.369766298762232548e-01
-1.953974708432012208e-01,-2.063809821707850989e-01,-1.682917020420930387e-01,-6.809508914607444174e-02,4.380669377541445142e-01,1.000000000000000000e+00,5.715626256758568613e-02,2.062648018231377778e-02,3.069842262835694169e-01,6.440457571830734418e-01,2.384154787970865497e-01,4.703069842262835865e-02,3.626882345055632562e-01,2.211895080209124592e-02,3.944144063631082608e-01,4.010411546539165983e-01,9.515170472317797945e-02,2.538719335090933726e-01,-1.225345189686759956e-01,-9.865498905223647752e-02,3.702757049019169688e-01,2.090263193172170464e-01,1.680146565977031978e-02,3.305777738058000847e-02,4.142812458108047768e-01,6.171991599267170336e-01,3.491174762053710912e-01,4.939139371732427786e-01,2.352249877116940058e-01,1.741856204477411907e-01,5.708342642656061283e-01,5.201349479422673339e-01,2.207918137539657821e-01,2.989633138209928931e-01,5.124000178738996603e-02,-6.792081862460342670e-04,-2.233835292014835217e-01,-1.955538674650341702e-01,-1.320881183252156123e-02,-1.018767594619956196e-01,-1.265784887617855958e-01,-3.306403324545332811e-01,1.332856696009651898e-01,1.139773895169578638e-01,1.178113409893203484e-01,1.068814513606506089e-01,1.738058000804325598e-01,1.372447383707940394e-01,8.315384959113454599e-02,-1.023593547522230612e-01,-3.100361946467670715e-01,-3.692122078734527690e-01,-2.685374681621162662e-01,-2.082488046829616968e-01,-1.727244291523302999e-01,-5.400151928146923463e-02,-1.589481210063005412e-01,-3.401179677376111599e-01,-2.307386389025425644e-01,-2.995442155592296096e-01,-4.915411769962911848e-01,-2.744537289423120141e-01,9.245274587783189335e-02,-9.260914249966487044e-02,-1.097636176772867483e-01,-1.244157469055811316e-01,-1.056302783859868616e-01,-1.068188927119174264e-01,-2.544841145716966735e-01,-1.565083337057062429e-01,2.858885562357567633e-01,2.925063675767460292e-01,2.114705750927208527e-01,6.063720452209660911e-02,3.704991286473926504e-01,1.729880691719916097e-01,-7.274677152687787640e-02,4.012690468743018019e-02,4.618615666473032538e-02,3.151972831672550379e-01,-2.813351803029625828e-02,2.894365253139103422e-01,-8.816300996469903992e-03,2.440457571830734196e-01,-1.820456678135752224e-02,1.165869788641136773e-01,1.722820501362884726e-01,1.634389382903614907e-01,-3.430895035524375580e-01,-1.421824031458063242e-01,-1.916931051432146094e-01,-2.584655257160731190e-01,-2.152687787658072172e-01,-1.472407167433754938e-01,-5.731265918941864934e-02,-6.036015907770678202e-02,-8.613432235577997420e-02,4.080611287367621326e-02,-1.345591849501764914e-01,-2.194065865320166120e-01,3.422851780687251582e-03,8.776978417266187438e-02,3.769918226909155790e-01,3.384601635461816915e-01,2.498100898163456707e-01,3.764243263774073867e-02,-6.088297064211984494e-02,1.370749363242325380e-01,3.319630010277492549e-02,-1.915322400464721520e-01,-1.233924661513025600e-01,-1.060190357031145225e-01,-1.368559810536663923e-01,-2.215693283882211040e-01,-3.018007953885339101e-02,4.795120425398811254e-02
-2.889047767996782423e-01,-4.816211626971714788e-01,4.712811117565575136e-01,4.734483220876714582e-01,8.177755931900441977e-02,5.715626256758568613e-02,1.000000000000000000e+00,5.369766298762232992e-01,2.792707448947674420e-01,-4.376424326377407331e-02,2.633451003172617155e-01,1.033781670315921108e-01,6.099110773493007231e-01,8.917288529424907684e-02,2.524867062871442025e-01,2.821752535859511357e-01,-4.160775727244291344e-01,-4.631261450466955809e-01,1.597658519147414913e-01,-1.455516332275794134e-01,-1.867956566423879528e-01,-1.897850663568524110e-01,6.298181330711828396e-01,4.787836811296304340e-01,2.109254211537602286e-01,7.343491666294293951e-02,-2.539344921578265413e-01,-2.722820501362884782e-01,-1.315563698109835089e-01,-2.669020063452343661e-01,2.715358148263997684e-01,2.367308637562000051e-01,2.564457750569730798e-01,2.486036015907770735e-01,2.093927342597971461e-02,3.476920327092363622e-02,-2.985611510791366663e-01,-9.684525671388355406e-02,-2.475669154117699500e-01,-1.438893605612404369e-01,-2.588721569328388261e-01,-2.968586621386121172e-01,-8.643817864962688446e-02,-8.935609276553911628e-02,-1.838062469279234945e-01,-3.698065150364180931e-01,-3.210777961481746101e-01,-1.921131417847088685e-01,-3.460208230930783557e-01,-6.011260556771973462e-01,-5.933464408597345363e-01,-4.355422494302694236e-01,-4.339559408373921956e-01,3.078779212654720807e-02,-5.528933375039098985e-01,-2.352696724607891421e-01,-3.301488002144867817e-01,-4.919433397381473561e-01,-2.383171723490772609e-01,-2.967424817909647405e-01,3.547969078153626141e-03,1.265382724875999954e-01,2.604674024755351258e-01,2.391527771571562710e-01,3.738058000804325709e-01,3.591536708521381738e-01,1.140488851155100763e-01,-6.502077840832923283e-02,-3.687206756334063251e-01,-3.837213459046427411e-01,1.835828231824478407e-01,7.695607489163948378e-02,-2.264176236650431231e-02,-3.561195763885785515e-01,-6.040037535189239637e-02,-1.295857723758881037e-02,1.826846597256356342e-01,1.569417757719290540e-01,-4.205192367844854395e-01,-1.205639215335805869e-01,-4.583448768935162176e-01,-6.677688904776798995e-02,-2.728763572992537467e-01,1.277536976629876087e-01,5.456007864515840557e-03,4.369632244514947139e-01,-2.980204656150855502e-01,1.881674784396085778e-02,-4.176683497922158983e-01,2.441306582063541841e-01,1.665132490281067135e-01,4.217838151838777527e-01,1.091290942401358377e-01,5.511685061888377257e-01,1.024397873005943038e-01,-1.763170829795790706e-01,-5.618213503731176589e-02,-1.043299521873184699e-01,6.069529469592028353e-02,6.596362661423656182e-02,-3.283524733008624241e-01,2.019840028598239301e-01,-2.700835604808078938e-01,8.706376513695875119e-02,4.611466106617811631e-03,5.607936011439295515e-02,1.646230841413825474e-01,1.000178738996380517e-01,1.726663389785066394e-01,-5.439027659859689556e-02,4.906385450645694285e-02,-1.960811475043567620e-01,8.564279011573350253e-02,-4.957326064614147459e-02,-5.672728897627239697e-02,4.934089995084677688e-02
-4.162563117208096797e-01,-2.485946646409580296e-01,1.253049734125742942e-01,4.903972474194557285e-01,1.410250681442423715e-02,2.062648018231377778e-02,5.369766298762232992e-01,1.000000000000000000e+00,5.836096340319049114e-01,2.716519951740470895e-01,3.640734617275124263e-01,6.440725680325305458e-01,4.573796863130613621e-01,6.919478082130569030e-01,9.151883462174359440e-02,3.583046606193306394e-01,-4.589570579561195740e-01,-2.208499039277894427e-01,-3.275392108673309544e-01,-1.961124268287233463e-01,-1.577952544796460965e-01,-1.211582286965458694e-01,2.783189597390410830e-01,3.127128111175655478e-01,-1.298181330711828119e-01,-2.903212833459939968e-01,-5.144108315831806832e-01,-3.069574154341123129e-01,-1.391974619062514018e-01,-4.937664775012288315e-02,-1.364225389874435847e-02,9.632244514947048419e-02,-1.098663926002055452e-01,1.036686179007104830e-01,-3.403726708074534257e-01,-1.423164573930917332e-01,-3.294070333795075523e-01,-1.334554716475266911e-01,-5.075651280218062000e-01,-1.894722731131864568e-01,-3.441395951561732058e-01,-1.878725590955806768e-01,-7.335448411457169693e-02,-1.535412663657893528e-01,-4.328343536351043630e-01,-3.603869699271638471e-01,-1.451315965860851820e-01,-2.480495107019974055e-01,-2.108807364046650923e-01,-2.917422583672192871e-01,-1.931989811877206364e-01,9.491040707806425517e-03,-7.544126189731444054e-02,2.110058537021314573e-01,-4.493051521515706859e-01,-2.722865186111980140e-01,-4.644175342955449426e-01,-2.450779748871710073e-01,-2.794226730416908833e-01,3.547969078153626141e-03,2.254926493587738612e-01,5.479601412038070940e-01,2.524911747620537383e-01,6.701997408284552371e-01,9.206845703561374050e-02,3.973859421779346590e-01,-3.321551454488583244e-01,-1.913579695250011148e-01,-4.893203449662630322e-01,-5.247866303230707130e-01,2.362393315161535334e-01,1.051789624201260043e-01,6.351937083873274159e-02,1.403101121587202243e-03,8.204119933866571915e-03,7.036507440010723868e-02,1.763260199293980868e-01,2.014924706197774584e-01,-3.251887930649269287e-01,-7.184860807006568373e-02,-5.429152330309665597e-01,-1.441708744805397791e-01,-2.389874435855042778e-01,-2.427007462353098777e-01,-1.950444613253496662e-01,1.461995620894588621e-01,-4.119040171589436472e-01,-2.714911300773046321e-01,-1.647928861879440487e-01,8.290361499620180208e-02,3.909647437329639152e-01,1.702444255775503734e-01,3.315340274364359519e-01,1.495687921712319512e-01,-1.462665892131015666e-01,-1.241878546851959420e-01,-1.359041958979400333e-01,-2.738951695786228102e-01,3.735421600607712334e-01,8.900308324768756163e-02,-8.360963403190491139e-02,1.118906117342151063e-01,-3.634210643907234695e-01,-4.819250189910183335e-02,-1.008579471826265700e-01,-2.336923008177309025e-01,-1.014880021448679587e-01,-2.170159524554269581e-01,-3.574779927610706280e-03,-2.138835515438580748e-01,-3.034988158541489928e-02,-1.525090486616917651e-01,-2.215157066893069515e-01,-1.883194065865320121e-01,-3.746369364136020036e-02,2.093257071361544208e-01
-3.832923723133294658e-01,-2.995799633585057298e-01,-1.091380311899548677e-01,1.586174538629965547e-01,2.356048080790026367e-01,3.069842262835694169e-01,2.792707448947674420e-01,5.836096340319049114e-01,1.000000000000000000e+00,6.574333080119755257e-01,4.954466240672058541e-01,5.079002636400196113e-01,4.354841592564457908e-01,5.496090084454176017e-01,4.472451852182849907e-01,5.449841369140712155e-01,-5.242370079092005808e-01,-2.283524733008624186e-01,-3.572411635908664396e-01,-3.152911211403547909e-01,1.438893605612404369e-01,5.347870771705617171e-02,5.378256401090308197e-02,5.750480361052772577e-02,1.107779614817462760e-01,-1.067473971133652139e-01,-3.706868045935922118e-01,-6.654899682738281419e-02,-9.581750748469547441e-02,-7.524018052638634102e-02,-4.084632914786183455e-02,-2.091246257652263144e-02,-3.260065239733678788e-01,-1.678850708253273039e-01,-2.993118548639349119e-01,-1.375173153402743653e-01,-1.191831627865409526e-01,-4.136020376245587438e-02,-3.181375396577147963e-01,-4.916662942937575359e-02,-1.156754099825729465e-01,-2.579695250011171392e-01,-1.609723401403101162e-01,-2.322981366459627439e-01,-4.874123061799007783e-01,-3.889583984985924281e-01,-1.229500871352607327e-01,-1.793020242191340208e-01,-2.596005183430895036e-01,-3.800884758032083838e-02,-7.928861879440546323e-02,1.171589436525313915e-01,6.298315384959113361e-02,2.006479288618794321e-01,-2.452745877831895849e-01,-1.536082934894320573e-01,-5.151213190937933284e-01,-2.577461012556414577e-01,-2.938960632736047351e-01,4.184726752759283103e-02,2.549935207113812052e-01,4.427811787836811175e-01,9.205505161088520238e-02,3.431341883015326943e-01,2.622547924393404603e-02,2.729076366236203310e-01,-4.677242057285848076e-01,-3.820724786630322889e-01,-4.551543858081236738e-01,-5.128423968899414875e-01,5.040663121676571823e-01,3.621341436167835881e-01,1.643773180213592977e-01,1.841145716966799128e-01,1.533044371955851470e-01,8.764466687519549548e-02,1.096876536038250138e-01,1.344027883283435421e-01,-3.158943652531391311e-01,-6.075338486974395796e-02,-5.981187720630948279e-01,-3.752089012020197734e-01,-1.268331918316278617e-01,-1.458286786719692474e-01,-1.591313284775905945e-01,-1.140533535904195844e-01,-2.085169131775325146e-01,-1.952634165959158119e-01,-5.441708744805397874e-02,-1.249609008445417557e-01,3.944188748380177967e-01,5.622681978640690220e-02,2.956298315384959241e-01,5.197730014745967353e-02,-1.004647213905893871e-01,-9.828857410965637087e-02,3.575226775101657956e-02,-1.933687832342821378e-01,3.049778810491979297e-01,7.113812055945305246e-02,-1.493140891013896854e-01,-4.455963179766745524e-02,-1.920237722865186236e-01,-7.050359712230215570e-02,1.584744626658921296e-01,-1.225166450690379355e-01,-1.315027481120693564e-01,-4.363465749139818634e-02,-4.614594039054470409e-02,-1.892980025917154474e-01,-8.078108941418293831e-02,-2.107600875821082353e-01,-8.663479154564547591e-02,-3.889360561240448599e-01,7.505250458018677961e-02,2.265427409625095090e-01
-1.927074489476741648e-01,-6.687519549577729261e-02,-3.972742303051968182e-01,-1.832834353635104385e-01,9.728763572992538133e-02,6.440457571830734418e-01,-4.376424326377407331e-02,2.716519951740470895e-01,6.574333080119755257e-01,1.000000000000000000e+00,3.905804548907457763e-01,2.795388533893382044e-01,2.863219983019795190e-01,4.106170963850038214e-01,3.054738817641539095e-01,5.533848697439563979e-01,-1.760489744850082805e-01,1.681397738951695697e-01,-3.302068903883104700e-01,-1.633897850663568463e-01,2.608114750435676088e-01,6.523079672907636239e-02,-2.019125072612717176e-01,-1.467447160284195140e-01,8.601814200813262534e-02,1.674292863845569523e-01,-1.565306760802538111e-01,1.542740962509495384e-01,9.520085794718262384e-02,1.387148666160239463e-01,1.513606506099468285e-01,1.421511238214397399e-01,-3.495285758970463341e-01,-1.928638455695071141e-01,-3.020242191340095639e-01,-1.755350998704142407e-01,-1.826221010769024655e-01,2.596630769918226861e-02,-2.323919746190625246e-01,-3.846910049600071185e-02,-5.087805531971938133e-02,-2.000268108494570873e-01,-1.015773716430582174e-01,-1.811340989320344985e-01,-2.063631082711470666e-01,-4.810760087582108269e-02,3.041690870905760027e-02,-8.693417936458286421e-02,1.148844899235890726e-01,1.072746771526877918e-01,4.808972697618302955e-02,8.888243442513070469e-02,6.711202466598149841e-02,8.689843156530675794e-02,-1.404888511551007635e-01,-6.535591402654274129e-02,-2.374681621162697265e-01,-1.123017114258903493e-01,-1.939050002234237458e-01,1.144376424326377407e-02,-9.747084320121542078e-02,8.970016533357165478e-02,1.244514947048572379e-01,3.619464676705839989e-02,-2.700165333571651893e-01,-1.033781670315921108e-01,-5.102328075427856602e-01,-3.540506725054738957e-01,-2.328477590598328761e-01,-2.526028866347915236e-01,5.034273202555967774e-01,3.876044506010098978e-01,3.112784306716117610e-01,3.183252156039143577e-01,2.182135037311765391e-01,1.503284329058492408e-01,-1.052549264935877388e-01,-4.414853210599222789e-03,-6.689306939541533881e-02,1.080164439876670074e-01,-2.080879395862192116e-01,-6.398409222932213702e-02,-6.033781670315921386e-02,-8.136199115241968260e-02,-1.515527950310558980e-01,-2.302739175119531689e-01,-9.453058671075562081e-02,-2.710442825863532690e-01,-1.079538853389338249e-01,-3.502703427320255636e-01,1.547254122168104096e-01,-2.119218910585816962e-01,1.816211626971714621e-01,-2.443630189016488541e-01,-1.812055945305867111e-01,3.052415210688591909e-02,-7.904732114929174935e-02,-9.893203449662629767e-03,1.794628893158764782e-01,1.147951204253988035e-02,3.793735198176862583e-02,-6.002055498458375854e-02,1.852227534742392490e-01,1.535457348406988609e-01,2.057196478841771259e-01,-1.172259707761740960e-01,-1.802582778497698601e-01,-4.188748380177845232e-02,-7.023995710264087367e-02,-2.384244157469055936e-01,-1.411993386657133809e-01,-1.505607936011439385e-01,-4.315653067608025278e-02,-2.878770275704902182e-01,1.327896688860092100e-01,1.922025112828991411e-01
-1.100585370213146182e-02,-1.129272979132222160e-01,-3.833817418115197384e-01,-1.711828053085481804e-01,-1.255462710576880081e-01,2.384154787970865497e-01,2.633451003172617155e-01,3.640734617275124263e-01,4.954466240672058541e-01,3.905804548907457763e-01,1.000000000000000000e+00,5.204209303364761841e-01,7.911211403547968590e-01,4.161848161222574949e-01,3.216810402609589503e-01,5.307475758523615417e-01,5.463157424371062332e-02,9.575941731087179651e-03,2.226685732159613962e-01,4.602529156798784195e-03,1.231332946065507861e-01,-6.232628803789266869e-02,-1.951517047231779711e-01,-3.669556280441485518e-01,-1.549756468117431396e-01,-1.287948523169042403e-01,-3.674382233343759796e-01,-5.603467536529782404e-03,3.397783636444881572e-01,5.359935653961302865e-02,1.584699941909826215e-01,1.314938111622503125e-01,-1.747531167612493830e-01,-2.933553778095536121e-02,-5.419634478752402007e-01,-3.377764868850261504e-01,-3.588140667590151711e-01,-4.994414406363108239e-02,-3.212475981947361392e-01,-1.325528397158050042e-01,-7.170561687296125863e-02,-3.258367219268064052e-01,1.781491576924795484e-01,6.107511506322892136e-02,-1.451494704857232143e-01,1.222217257250100553e-01,8.199651458957057937e-02,2.516198221546986011e-02,1.700522811564413039e-01,1.889628669735019528e-01,9.607667902944724836e-02,2.651727065552527129e-01,2.343938513785245037e-01,3.338844452388399775e-01,-3.102015282184190648e-01,1.955449305152151540e-01,-1.585057419902587139e-01,-9.779704186960989920e-02,2.008043254837124092e-01,8.461950936145493096e-02,3.309173778989231152e-01,2.114929174672684070e-02,5.601099244827740797e-01,1.668305107466821480e-01,-4.069395415344742584e-01,-2.311542070691273154e-01,-4.304794673577908015e-01,-1.399481656910496474e-01,-3.784485455114169339e-01,-4.366191518834621754e-01,1.572143527414093522e-01,1.083471111309709939e-01,2.267348853836185785e-01,7.162071584968050797e-02,2.504848295276821957e-01,3.404754457303722504e-01,1.344608785021672026e-01,1.738638902542562203e-01,-1.783591760132266779e-01,3.366102149336431398e-02,-3.344698154519862299e-01,-1.975244649001295927e-01,-1.960319942803521176e-01,-2.324500647928861782e-02,-5.073774520756065831e-01,-1.954555610170248814e-01,-3.032709236337637893e-01,-2.255730819071450899e-01,-3.867375664685642755e-01,2.075517225970776036e-01,-8.791277536976629947e-02,-2.098529871754770126e-01,-7.598641583627507856e-02,-1.530095178515572529e-01,-2.186290718977612901e-01,-9.543768711738682964e-02,-3.829795790696635116e-01,-1.786183475579784519e-01,1.373609187184413917e-02,-1.684793779882926001e-01,-3.855400151928146668e-01,4.056794316099915365e-01,-1.911524196791634933e-01,2.140712274900576362e-01,-1.329505339827516952e-01,-1.152374994414406412e-01,4.329952187318467788e-03,1.581303900978595911e-01,3.446087850216721093e-02,-3.028911032664551861e-01,-3.620090263193171953e-01,-4.362214576165154845e-01,-2.138522722194914905e-01,-3.816792528709951338e-01,-1.174762053711068434e-02,1.769069216676348241e-02
-2.993431341883015517e-01,-1.454890745788462447e-01,-3.235712051476831164e-01,4.000178738996380823e-02,-3.708834174896107733e-04,4.703069842262835865e-02,1.033781670315921108e-01,6.440725680325305458e-01,5.079002636400196113e-01,2.795388533893382044e-01,5.204209303364761841e-01,1.000000000000000000e+00,4.387818937396666397e-01,8.061709638500379471e-01,2.505786675007820041e-01,4.418115197283167261e-01,-1.422538987443585368e-01,1.153313374145404219e-01,-1.667858259975870117e-01,-7.322936681710531803e-02,1.483533669958443137e-02,-6.067742079628223040e-02,-1.549220251128289871e-01,-1.160820411993386675e-01,-2.269493721792752161e-01,-3.398364538183117900e-01,-4.548281871397292231e-01,-1.717458331471468924e-01,2.362169891416059653e-01,2.815407301488002112e-01,-5.872916573573439686e-02,4.472049689440994041e-02,-2.678627284507797413e-01,4.975646811743152098e-02,-4.655123106483757267e-01,-2.618347557978462081e-01,-2.886679476294740643e-01,-1.375798739890075617e-01,-5.242236024844720843e-01,-1.385718754189195212e-01,-3.214352741409357006e-01,-1.383841994727199598e-01,1.765136958755976482e-01,6.520845435452879424e-02,-4.269180928549086151e-01,-1.103087716162473725e-01,1.702980472764645536e-01,1.304258456588766324e-01,-1.664283480048259489e-01,1.842754367934223980e-01,2.005540908887796514e-01,4.054917556637919751e-01,3.345502480003574863e-01,4.285893024710666355e-01,-1.241967916350149720e-01,1.964788417713034530e-01,-4.498771169399883862e-01,-8.747933330354350223e-02,-1.175655748692971091e-02,2.078689843156530659e-01,3.293444747307743836e-01,4.055766566870727119e-01,2.917065105679431669e-01,6.128781446892175300e-01,-3.076008758210822536e-01,-4.245051164037713762e-04,-5.983958175074847174e-01,-3.072836141025068191e-01,-5.240448634880915391e-01,-5.987935117744314084e-01,1.950668036998972343e-01,1.058581706063720512e-01,1.905178962420125965e-01,1.127664328164797308e-01,2.986415836275079227e-01,1.565977032038965155e-01,3.343134188301532528e-01,4.042986728629519022e-01,-1.330354350060324320e-01,1.393583270029938870e-01,-4.714285714285714191e-01,-2.788730506278207510e-01,-1.706019035703114639e-01,-1.834085526609768035e-01,-5.528575897046338339e-01,-1.443406765271013081e-01,-3.469770767237141951e-01,-1.658519147414987127e-01,-1.290004021627418618e-01,2.106707180839179627e-01,3.697305509629563169e-01,1.303007283614102466e-02,2.130881630099646928e-01,-8.020018767594619402e-02,-2.587515081102819692e-01,-3.455918495017650666e-02,-1.152553733410786874e-01,-2.424996648643817920e-01,3.803655212475982039e-01,1.525358595111488413e-01,3.043478260869565341e-02,3.091827159390500013e-01,-2.324679386925242452e-01,1.441530005809017398e-02,-2.299030340944635542e-01,-3.651056794316099863e-01,-2.783278966888600992e-01,-2.732248983421958211e-01,-1.057732695830912867e-01,-2.648554448366772229e-01,-7.678627284507796857e-02,-1.419947271996067628e-01,-2.332677957013271353e-01,-2.661334286607980881e-01,-6.707180839179587885e-03,1.089012020197506619e-01
-2.014611912954108741e-01,-4.026900218955270505e-01,-9.512936234863041129e-02,4.497519996425219935e-02,-5.471200679208186590e-02,3.626882345055632562e-01,6.099110773493007231e-01,4.573796863130613621e-01,4.354841592564457908e-01,2.863219983019795190e-01,7.911211403547968590e-01,4.387818937396666397e-01,1.000000000000000000e+00,3.117923052862058286e-01,4.733678895393002573e-01,5.824388936056124066e-01,-1.286920773939854296e-02,-6.547656284909959823e-02,2.118101791858438832e-01,-1.290584923365655223e-01,9.929398096429688236e-02,-1.007819831091648355e-01,1.400554090888779524e-01,-2.403592653827248821e-02,1.111488448992358907e-01,1.136243799991063091e-01,-3.106885919835560284e-01,-7.142857142857142461e-02,3.572724429152330239e-01,5.365297823852718806e-02,3.945886768845792703e-01,3.152866526654453105e-01,6.851512578756870087e-02,2.041422762411189140e-01,-2.806738460163546445e-01,-1.402833013092631420e-01,-4.928951248938737151e-01,-1.203181554135573511e-01,-3.300594307162965091e-01,-2.477009696590553589e-01,-2.335135618213503850e-01,-4.451181911613566466e-01,2.247285401492470636e-01,9.424907279145627870e-02,-1.046650878055319783e-01,-1.044729433844228915e-02,-1.970150587604450540e-02,2.639528129049555430e-02,-1.586755440368202430e-02,-1.630144331739577235e-01,-2.860628267572277728e-01,-7.424371062156485956e-02,-9.496402877697841804e-02,2.958532552839716057e-01,-5.640868671522409894e-01,8.350685910898610065e-02,-3.125072612717279541e-01,-4.002368291702042002e-01,-2.680638098217078338e-02,-2.043478260869565355e-01,4.851870056749631177e-02,-7.267527592832566385e-02,6.726082488046829511e-01,2.087448053979177043e-01,-1.320568390008489967e-01,-6.471692211448232257e-02,-2.377943607846642049e-01,-1.212788775191027263e-01,-5.026453371464318920e-01,-5.426024397873006055e-01,2.203181554135573428e-01,1.754948835962286124e-01,1.965145895705795731e-01,-1.318066044059162667e-01,2.401894633361633669e-01,2.648956611108628789e-01,2.142901827606238097e-01,2.475132937128557975e-01,-2.239286831404441735e-01,1.087626792975557449e-01,-3.180749810089816276e-01,-4.777693373251708925e-02,-2.265918941865141534e-01,1.908262210107690149e-01,-2.947048572322266136e-01,1.347602663211046048e-01,-3.063050180973233561e-01,-8.011975512757496531e-02,-5.465168238080343466e-01,3.489476741588096176e-01,-5.820635417132132700e-02,-1.130524152106885880e-02,-8.916841681933955488e-02,1.249474954198132176e-01,-1.345815273247240595e-01,-1.556101702488940641e-01,-3.203941194870190690e-01,-1.828544617721971355e-01,1.040260958934715631e-02,-1.421913400956253681e-01,-4.262076053442959700e-01,4.641404888511551086e-01,-2.630189016488672649e-01,2.229992403592653827e-01,-1.426292506367576873e-01,-9.782385271906698931e-02,7.357343938513785653e-02,2.216586978864113766e-01,1.394655704008221919e-01,-3.007864515840743547e-01,-2.280754278564725845e-01,-4.041512131909379413e-01,-1.954064077930202370e-01,-2.896688860092050399e-01,-4.714687877027570750e-02,1.437955225881406597e-02
