1.000000000000000000e+00,7.927440231460332054e-01,2.329891883660727969e-01,1.296665143901324924e-01,1.780934977919902407e-01,1.984391655245926478e-01,1.791502969392416711e-01,-3.238921882137962577e-03,1.959235571798385867e-01,-1.572300898431551741e-01,6.483005938784833777e-01,4.274158672148621885e-01,5.903913506928581967e-01,8.236942287193543821e-02,1.224196741282168460e-01,-2.490772042028323308e-01,2.727714329221866962e-01,2.564900258870108085e-01,3.230729404598751131e-01,4.214466270747677656e-01,-1.174508908177249872e-01,-1.298370641084208854e-01,-3.621440536013400407e-02,9.208923404903304744e-02,2.053296786965128767e-02,1.195629663468859433e-01,1.853692705954012587e-01,1.649368052383127781e-01,2.643733820618242580e-01,1.082655702756205318e-01,2.636317953403380376e-01,1.994243947007766082e-01,4.458504644434292674e-02,-1.130211664382518716e-01,-4.406319476168722438e-01,-6.021212121212121682e-01,-2.461748134612456174e-01,-3.694228719354347712e-01,-2.587254454088624978e-01,-2.540033500837520775e-01,-2.835328155931171046e-01,-1.213141464900258926e-01,-3.089234049033043883e-01,-2.414907872696817337e-01,-2.103837368661489182e-01,-2.762326785442363319e-01,-3.483021166438252103e-02,-2.246276838739150183e-01,-1.485427135678391852e-01,4.835541343079031301e-02,1.233729252322217085e-01,7.499314755596162008e-02,9.186081924775392482e-02,-2.064930714176945459e-01,1.360073092736409361e-01,2.323587635145423977e-02,8.048195523069895385e-01,7.094670321303486737e-01,2.693254149535556641e-01,2.134094716004263648e-01,4.252048119384802538e-01,3.321988731536470452e-01,3.084498248819856903e-01,1.272392264352063262e-01,-1.868143749048271629e-01,-2.462052687680828522e-01,-3.560362418151362673e-01,-5.027196589005634708e-01,5.336531140551240560e-01,5.660347190497944103e-01,7.398964519567534370e-02,-4.265113446017968629e-02,2.162631338510735343e-02,5.335617481346124902e-02,1.068874676412364805e-01,5.058626465661641286e-03,-2.168539668037155477e-01,-8.137505710370031287e-02,2.356342317648850437e-01,1.283234353586112410e-02,2.270808588396528160e-01,2.478909700015227702e-01,-2.462570427897061154e-01,-2.604492157758489523e-01,2.769910156844830329e-01,-1.248941678087406720e-01,-2.105527638190954690e-02,-1.335800213187147978e-01,7.727272727272727071e-02,-1.300928886858535027e-01,-3.871082686158063280e-01,4.545911375057103826e-02,-2.185015989036089568e-01,2.444997715851987274e-01,-1.040216232678544267e-01,-2.539241662859753057e-01,-1.604218059996954382e-01,-8.052992233896756613e-02,4.674585046444342668e-02,6.662707476777827986e-02,-1.727272727272727293e-01,2.549718288411755851e-01,1.757134155626617900e-01,2.463179534033805296e-01,3.755900715699710818e-02,1.458489416780874015e-01,1.519262981574539262e-01,2.289584285061672109e-01,-2.420389827927516280e-01,-1.467321455763666849e-01,-4.019643672910004351e-01,-2.622597837673214527e-01,-3.702893254149535740e-01,-3.050038069133546581e-01,-3.725673823663773199e-01,-4.846200700472057254e-02
7.927440231460332054e-01,1.000000000000000000e+00,1.383356174813461237e-01,6.326176336226586872e-02,6.909852291761839349e-02,6.111923252626770553e-02,4.841784680980661115e-02,-1.252931323283082085e-02,5.843459722856707977e-02,-1.719795949444190564e-01,4.022369422871935329e-01,4.299680219278209092e-01,3.925445408862494046e-01,5.680980660880158295e-02,2.206182427287954953e-02,-1.168585350997411315e-01,3.200472057255976943e-01,3.823085122582610129e-01,3.250723313537383641e-01,5.576458047814831787e-01,-7.344297243794731256e-02,-1.707217907720420258e-01,-5.575453022689203647e-02,8.506471752702908506e-02,-4.063651591289782483e-02,1.790467488959951101e-02,1.515912897822445649e-01,1.247510278666057598e-01,2.870915181970458141e-01,1.989569057408253350e-01,2.403776458047814923e-01,2.194731231917161629e-01,4.447997563575453034e-02,-4.973351606517435741e-02,-4.657773717070199382e-01,-5.511420740063955881e-01,-2.663773412517130845e-01,-3.337475255063194757e-01,-3.682610019795949374e-01,-2.202969392416628536e-01,-2.426526572255215397e-01,-1.585457590985229204e-01,-2.376488503121668983e-01,-1.992035937262068013e-01,-1.264550022841480215e-01,-1.413446017968630897e-01,-6.846505253540428881e-02,-1.107385411908024947e-01,-1.845043398812243052e-01,1.955230698949292009e-02,-8.402619156387999833e-03,5.654636820465966385e-02,4.299375666209837021e-02,-1.903487132632861178e-01,1.153357697578803048e-01,1.233257195066240347e-01,8.180843611999391030e-01,8.689005634231764530e-01,1.324790619765494060e-01,3.174813461245621915e-01,2.085792599360438426e-01,3.540490330440079214e-01,2.974006395614435805e-01,2.461900411146642209e-01,-2.805055580934978088e-01,-2.739774630729404636e-01,-2.964275925079944973e-01,-3.977600121821227575e-01,6.444297243794731012e-01,6.708344754073397587e-01,-5.600730927364093448e-02,-1.445104309425917404e-03,-3.575453022689203258e-02,1.146946855489569018e-02,-1.640779655855032632e-02,-1.563880006091061380e-03,-3.692310035023602666e-01,-2.232221714633775000e-01,1.868067610781178611e-01,1.391107050403532774e-01,1.719567534642911510e-01,4.195949444190650302e-01,-1.734932236942287320e-01,-1.839454850007613829e-01,1.804933759707628982e-01,2.142530835998172553e-02,-1.030105070808588347e-01,-1.052474493680523870e-01,-3.498705649459418060e-02,4.409167047358002189e-02,-3.346124562204964015e-01,-1.272727272727272770e-02,-1.931338510735495784e-01,2.031566925536774648e-01,-5.948073701842546135e-02,-1.646170245165219925e-01,-9.404903304400791253e-02,6.001218212273488721e-03,5.945485000761382977e-02,8.622506471752702795e-02,-1.743779503578498646e-01,1.461474036850921310e-01,1.413141464900258826e-01,2.032404446474798121e-01,4.386477843764276241e-02,1.786081924775392016e-01,1.164321608040201073e-01,2.271204507385412019e-01,-2.415821531901933827e-01,-1.056007309273640921e-01,-2.716659052839957567e-01,-2.360758337140246577e-01,-3.811877569666514143e-01,-2.232556723008984334e-01,-2.853022689203593698e-01,5.389066544845439247e-03
2.329891883660727969e-01,1.383356174813461237e-01,1.000000000000000000e+00,7.499649763971372174e-01,6.015212425765189552e-01,5.927318410232983448e-01,6.261306532663316604e-01,8.154103852596314428e-02,5.945485000761382421e-01,1.175118014313994153e-01,3.524684026191564068e-01,-1.159966499162479042e-01,2.791975026648393365e-01,-1.988137657986904228e-01,3.067153951576062285e-02,-5.083280036546368175e-01,-2.289401553220648811e-01,-8.907872696817420444e-02,-3.185320542104461833e-02,1.718699558398050775e-01,1.500441601949139558e-01,-7.207552916095630313e-02,6.418562509517283798e-01,7.712364854575909368e-01,6.915928125475864219e-01,7.231094868280797394e-01,2.520953251104005033e-01,1.526633165829145711e-01,-1.349352824729709022e-01,-2.553464291152733323e-01,6.152489721333942452e-01,3.932739454850007754e-01,-2.073245012943505244e-02,1.405314451043094270e-01,2.267351911070503989e-01,1.157255976853966833e-01,2.729709151819704679e-02,-1.158413278513781008e-01,9.337901629358916211e-02,-4.645957058017359184e-03,-1.868950814679457839e-01,-1.746155017511801522e-01,-3.999558398050860331e-01,-3.985807827013856941e-01,2.315516978833561876e-02,-2.187863560225369319e-01,-1.030500989797472206e-01,-2.060697426526572340e-01,1.338830516217451028e-01,7.846200700472057143e-02,7.587939698492462970e-02,9.557636668189431473e-02,-2.661032434901781582e-02,-6.432769910156845017e-02,1.554225673823663723e-01,-6.131414649002588785e-02,7.774630729404598262e-02,1.556266179381757264e-01,-9.256890513171919799e-02,-3.794883508451347975e-02,1.230729404598751298e-01,-6.763057712806457011e-02,-4.262951119232526453e-01,-4.202756205268767808e-01,4.105025125628140592e-01,-1.470214709913202356e-01,1.081909547738693494e-01,-8.579107659509670192e-02,5.481193848028018817e-02,1.554697731079640599e-01,4.302512562814070352e-01,2.394183036394091635e-01,2.377356479366529718e-01,2.038328003654636955e-01,-2.900563423176488395e-02,-2.867961017207248386e-01,1.499634536317953348e-01,-2.055733211512106133e-03,-9.623115577889447547e-02,-1.177386934673366886e-01,-2.157027562052687697e-01,-5.140398964519567876e-02,-5.303654636820466228e-01,-6.208679762448606754e-01,1.664687071722247558e-01,-2.797411298918836553e-01,-8.142378559463986365e-02,-1.841145119537079267e-01,2.114816506776305907e-02,-2.441297396071265280e-02,-3.051499923861732966e-01,-1.435906806761078069e-01,-1.013248058474189167e-01,1.391777067153951442e-01,-5.761382670930409455e-02,-1.543353129282777625e-01,-1.514313994213491721e-01,-1.879823359220344214e-01,-3.462220191868433106e-01,-2.230668493985076828e-01,-2.302817115882442589e-01,1.083828232069438124e-01,-2.963362265874828760e-01,-1.408040201005025249e-01,-1.659357393025734650e-01,-6.602558245774325929e-02,2.611999390893863376e-02,9.321303487132633070e-02,-2.014283538906654347e-01,-6.449368052383128158e-02,-2.194990102025277945e-01,-3.585868737627531666e-01,-2.087756966651438950e-01,-2.984787574234810670e-01,-2.159905588548804711e-01,-2.290878635602253688e-01
1.296665143901324924e-01,6.326176336226586872e-02,7.499649763971372174e-01,1.000000000000000000e+00,4.441129891883660585e-01,5.359844677935130530e-01,6.386310339576670714e-01,3.941053753616567956e-01,4.437886401705496975e-01,1.826815897670168998e-01,2.518349322369423104e-01,6.390741586721486456e-02,1.601081163392721052e-01,1.985990558854880406e-02,-9.349626922491244274e-02,-3.810232983097304738e-01,-1.363179534033805429e-01,3.692705954012486750e-03,2.162174508908177098e-02,1.983340947160042722e-01,8.324958123953098144e-02,-1.004705344906349912e-01,6.093178011268463035e-01,8.072788183340947610e-01,5.633653114055123812e-01,6.645774326176335789e-01,7.069438099588853941e-02,7.341556266179381784e-02,-1.108816811329374208e-01,-2.416567686919445790e-01,5.193117100654789375e-01,4.782488198568600746e-01,1.084361199939089422e-02,2.233470382214100824e-01,3.007522460788792373e-01,2.363057712806456434e-01,3.022841480127912150e-02,-3.309882747068676467e-02,4.965737779808131712e-03,1.808131566925536698e-02,-9.680523831277600133e-02,-1.275270290848180277e-01,-5.144190650220801242e-01,-4.790482716613370107e-01,-1.517892492766864665e-01,-3.260712654179990788e-01,-2.294776914877417473e-01,-2.879275163697274098e-01,-6.256129130500989732e-02,-1.437597076290543507e-01,-1.156981879092431886e-01,-5.573930257347342598e-02,-1.334688594487589419e-01,-6.996954469316278569e-02,-5.343535861123800690e-02,-1.247708238160499528e-01,-3.922795797167656640e-02,2.538297548347799582e-02,-2.109502055733211423e-01,3.861732906959037485e-03,6.581696360590832962e-02,1.166270747677782826e-01,-3.154164763209989508e-01,-2.874280493375970802e-01,4.229328460484239605e-01,1.898522917618394867e-01,1.264428201614131164e-01,1.053007461550175133e-01,-7.029846200700472225e-02,5.268920359372620404e-02,3.243261763362265682e-01,3.287284909395462029e-01,3.509182275011420993e-01,2.810065478909700154e-01,-4.548956905740825230e-02,-2.177006243337901714e-01,1.671356783919598077e-01,5.259479214253083568e-02,-1.573305923557179742e-01,2.680067001675042111e-04,-2.489782244556113799e-01,1.331536470229937597e-01,-4.819293436881376680e-01,-4.839104613978985614e-01,8.663468859448758552e-02,-6.054667275772803586e-02,-1.638099588853357824e-01,-9.701081163392721862e-02,-3.141921729861428536e-02,3.622506471752703211e-02,-1.841480127912288600e-01,-1.139530988274706919e-01,-2.116247906197654960e-01,1.716628597533120248e-01,-7.472057255976853607e-02,-5.197350388305162217e-02,-2.075574843916552503e-01,-1.944632252169940512e-01,-4.154895690574082479e-01,-2.102710522308512131e-01,-1.153540429419826346e-01,1.151591289782244593e-01,-3.162037460027409819e-01,-1.804294198264047577e-01,-1.853403380539059009e-01,-8.268006700167504497e-02,4.653114055124105142e-02,1.764428201614131123e-02,-2.273793208466575247e-02,-3.888685853509973867e-02,-1.633104918532054251e-01,-2.324668798538145342e-01,-1.711923252626770253e-01,-2.275315973808436087e-01,-2.267763057712806340e-01,-3.451469468554895781e-01
1.780934977919902407e-01,6.909852291761839349e-02,6.015212425765189552e-01,4.441129891883660585e-01,1.000000000000000000e+00,5.823663773412517397e-01,1.797365615958580742e-01,-3.052794274402314545e-01,5.768950814679457695e-01,3.720587787421958392e-01,1.557682351149687894e-01,-2.148423937871173917e-01,8.568448302116643545e-02,-2.907187452413583229e-01,3.118471143596771578e-01,-2.858976701690269517e-01,-2.167306228110248145e-01,-9.292218669103091688e-02,-3.131079640627379423e-01,-1.914740368509212642e-01,3.117664077965585645e-01,1.715760621288259513e-01,4.183630272574996312e-01,6.128353890665448889e-01,7.636302725749961606e-01,7.633607431094868723e-01,6.240414192172986096e-01,4.409791381148164824e-01,-1.953875437795035697e-01,-2.506806761078118062e-01,4.952413583066849201e-01,3.482244556113902600e-01,-2.730805542865844537e-01,-1.561108573168874802e-01,1.375848941678087523e-01,7.719963453631795147e-02,2.240444647479823345e-02,2.648088929495964836e-03,1.598903608953860245e-01,1.061397898583828214e-01,-7.933302878026496363e-02,-7.031216689508146267e-02,-3.475955535252017725e-01,-2.800959342165372234e-01,-2.345820009136592027e-02,-2.259509669559920941e-01,-7.890970001522765176e-02,-1.998477234658139201e-01,1.880615197198111767e-03,1.534186081924775354e-02,1.522308512258260978e-02,6.159585807827013676e-02,-9.208162022232374566e-03,-7.915791076595096731e-02,2.526191563880005875e-01,1.097335160651743552e-01,5.356327089995431556e-02,9.447236180904522440e-02,-2.389843155169788236e-01,-2.533531292827775339e-01,-1.818181818181818094e-02,-2.940124866758032640e-01,-3.957575757575757525e-01,-5.779077204202832663e-01,3.729663468859448772e-01,-1.431597380843611933e-01,7.246840261915639403e-02,-7.881833409471600271e-02,1.733516065174356691e-01,1.703608953860210051e-01,3.040947160042637432e-01,7.109943657682350759e-02,1.216689508146794607e-01,8.636972742500380329e-02,6.577432617633623135e-02,-1.200807065631186166e-01,1.385838282320694392e-01,6.512867367138724245e-03,8.201614131262371932e-03,-3.803715547434140254e-02,-8.900258870108115894e-02,-9.544388609715243055e-02,-3.626389523374448087e-01,-3.621425308359981776e-01,2.760529922338967324e-01,-2.802070960864930793e-01,3.184559159433531517e-01,7.865082990711131858e-03,3.294822597837673284e-01,-5.902238465052535299e-03,-3.527668646261611363e-01,-9.375970762905436184e-02,7.255976853966803440e-03,8.259479214253083457e-02,2.520633470382213984e-02,6.648393482564336765e-02,-6.688289934521089719e-02,-4.619460941068981308e-02,-2.994913963758185083e-01,-1.129541647632099910e-01,-1.699345210902999947e-01,1.879990863407948742e-01,-1.271569971067458560e-01,1.372772955687528475e-02,4.195066240292370796e-02,5.534338358458961576e-02,8.293741434444952543e-02,1.595416476320998811e-01,-2.178011268463529715e-02,-4.293284604842393520e-02,-1.624470839043703485e-01,-3.805314451043094182e-01,-2.687041266940764506e-01,-4.126511344601797027e-01,-3.070717222476016528e-01,-1.449185320542104582e-01
1.984391655245926478e-01,6.111923252626770553e-02,5.927318410232983448e-01,5.359844677935130530e-01,5.823663773412517397e-01,1.000000000000000000e+00,4.152611542561291391e-01,8.194761687223998947e-02,7.390954773869347072e-01,2.562616110857316998e-01,2.154225673823663700e-01,-5.246078879244708143e-02,2.326298157453936255e-01,-1.303410994365768183e-01,2.263468859448758974e-01,-3.707674737322978475e-01,-1.907583371402466754e-01,-1.477219430485762208e-01,-1.340490330440079203e-01,4.943048576214405243e-02,1.234505862646566136e-02,-1.104294198264047511e-01,2.410263438404141867e-01,4.263468859448759085e-01,5.023191716156539810e-01,6.142622201918683800e-01,2.431917161565402830e-01,1.346033196284452671e-01,-5.454545454545454974e-03,-7.726206791533424267e-02,4.700380691335465100e-01,2.357773717070199559e-01,-9.349626922491244274e-02,4.538906654484543834e-02,6.088777219430485665e-02,6.548195523069895441e-02,-3.021014161717679170e-02,-3.967717374752550291e-02,2.870717222476016489e-02,-1.630105070808588463e-01,-1.232358763514542349e-01,-9.935130196436729733e-02,-5.130409623876960312e-01,-4.734033805390589489e-01,-1.866590528399573734e-01,-3.556342317648850115e-01,-2.815425612913050046e-01,-3.069453327242271934e-01,-2.073854119080249803e-02,-3.322369422871935402e-02,-6.066697121973503581e-02,-3.587026039287345702e-02,-7.906502208009745514e-02,-7.754987056494594411e-02,4.501294350540582107e-03,-7.309578194000304618e-02,-2.086340794883508390e-02,4.028323435358611287e-02,-4.130196436729099974e-02,-7.365920511649154401e-02,1.864656616415410473e-01,3.888533576975788247e-02,-1.556205268768082739e-01,-2.477402162326785562e-01,1.803045530683721753e-01,-1.153540429419826346e-01,-1.051682655702756153e-01,-1.502329830973047065e-01,7.802345058626465601e-02,1.059098522917618357e-01,4.565676869194457144e-01,1.643490178163544979e-01,2.925369270595400972e-01,2.805710370031977985e-01,-2.433226739759403179e-02,-3.103578498553373199e-01,1.998385868737627413e-01,2.484087102177554365e-02,9.149078726968173925e-02,6.806761078117861720e-03,4.150449215775849077e-02,4.877112836911831617e-02,-3.171113141464900198e-01,-4.286904218059996996e-01,2.315273336378864122e-01,-1.978407187452413674e-01,-7.473732297852900622e-03,-1.944617024516522019e-01,1.049763971372011523e-01,-1.471554743414039967e-01,-2.098705649459418343e-01,9.318562509517283599e-02,-2.936043855641845557e-02,2.309395462159281320e-01,-4.982488198568600993e-03,-2.878026496116948413e-03,-1.074295721029389361e-01,-1.669681742043551131e-01,-2.563849550784224052e-01,-8.947312319171615846e-02,-1.054256129130500957e-01,2.823404903304400637e-01,-1.534125171311100932e-01,1.935739302573473430e-02,-3.115273336378864000e-02,-1.078544236333181111e-01,4.205877874219582369e-03,1.013841936957514817e-01,-1.093101873001370433e-01,-1.309989340642606914e-01,-1.656799147251408477e-01,-1.923755139333028774e-01,-1.220526876808283867e-01,-2.404964215014466222e-01,-2.983508451347647306e-01,-2.387178315821531782e-01
1.791502969392416711e-01,4.841784680980661115e-02,6.261306532663316604e-01,6.386310339576670714e-01,1.797365615958580742e-01,4.152611542561291391e-01,1.000000000000000000e+00,4.893178011268463634e-01,3.461367443276990863e-01,1.470382214100806988e-02,5.073488655398202818e-01,2.581452718136135194e-01,4.900563423176488298e-01,1.675285518501598847e-01,5.087711283691183362e-02,-3.714451043094258997e-01,-1.704735800213187102e-01,-6.503121668950814782e-02,3.558687376275315728e-01,3.364595705801736170e-01,-8.280341099436576424e-02,-1.215303791685701240e-01,5.223176488503121773e-01,4.326039287345819773e-01,2.532404446474798010e-01,2.757316887467641253e-01,-2.151210598446779212e-02,-8.990102025277904585e-02,1.133226739759403134e-01,1.465357088472666290e-02,5.301477082381604866e-01,3.555382975483478147e-01,2.694335312928277659e-01,4.386081924775392382e-01,1.711664382518653937e-01,1.386782396832648145e-01,-2.350236028627988513e-02,-1.278437642759250870e-01,-1.002664839348256370e-01,-1.740612151667428054e-01,-2.240886249428963028e-01,-8.885488046292065734e-02,-4.035906806761078158e-01,-2.999512715090604797e-01,-1.182457743261763339e-01,-2.029100045682960263e-01,-2.563849550784224052e-01,-2.270306075833714021e-01,-4.596771737475255359e-02,-8.807674737322979119e-02,-1.229237094563727789e-01,-6.889294959646719008e-02,-2.137444799756357539e-01,-2.708725445408862731e-01,-1.263712501903456742e-01,-2.894396223541952362e-01,-4.318562509517283321e-02,-5.581696360590832767e-02,1.163910461397898582e-01,1.400776610324349081e-01,2.652291761839500328e-01,2.774859144205877870e-01,-9.025734734277447713e-02,1.561443581544084101e-02,2.241266940764428117e-01,1.736531140551240970e-01,1.118166590528399534e-01,1.303334856098675165e-01,-1.096649916247906253e-01,7.150906045378407037e-03,3.934688594487589230e-01,2.706639256890513434e-01,4.800822293284605080e-01,4.177478300593878702e-01,1.139135069285823060e-01,-1.195431703974417503e-01,2.473701842546063567e-01,1.501553220648698117e-01,-9.985076899649764082e-02,-3.947464595705801882e-02,-7.879853814527180977e-02,1.119491396375818515e-01,-3.822095325110400621e-01,-4.765676869194457321e-01,9.329830973047054110e-02,-8.613978985838281754e-02,-2.450129435054058114e-01,-2.819856860057864956e-01,4.818029541647632363e-02,-1.534597228567077809e-01,-9.227044312471448240e-02,-4.198264047510278513e-02,-1.540581696360590891e-01,2.715851987208771079e-01,-1.143688137657986881e-01,-1.461230394396223486e-01,-1.700502512562813984e-01,-2.215806304248515435e-01,-1.982640475102786792e-01,-1.222932846048424005e-01,-5.249581239530988486e-02,1.259798994974874464e-01,-2.211649154865235334e-01,-9.827166133698797545e-02,3.373077508755900622e-02,5.569666514390132772e-02,7.024821075072330834e-02,1.051484696208314362e-01,-8.093650068524439745e-02,-1.919400030455306883e-01,-1.708420892340490327e-01,-1.659631490787269736e-01,-1.686051469468554942e-01,-2.065920511649154967e-01,-1.998187909243185623e-01,-1.094533272422719694e-01
-3.238921882137962577e-03,-1.252931323283082085e-02,8.154103852596314428e-02,3.941053753616567956e-01,-3.052794274402314545e-01,8.194761687223998947e-02,4.893178011268463634e-01,1.000000000000000000e+00,-3.274859144205877898e-02,-7.258870108116338704e-02,2.798705649459418132e-01,5.514968783310492118e-01,2.688564032282625416e-01,5.942119689355870316e-01,-6.742043551088777731e-02,-2.437185929648241073e-02,1.488305162174508867e-01,2.171250190345667685e-01,4.238739150296939040e-01,3.590954773869346472e-01,-2.878742195827622696e-01,-1.663012029846200612e-01,-9.453327242271965594e-03,2.798994974874371988e-02,-3.127988426983401848e-01,-1.474950510126389613e-01,-4.592127303182579334e-01,-3.467245317496573942e-01,2.092127303182579612e-01,1.932099893406425961e-01,3.676412364854576148e-02,1.541068981269986260e-01,3.897654941373534521e-01,4.324623115577889698e-01,7.103852596314907952e-02,1.753997259022384569e-01,-1.955230698949292009e-02,-6.963605908329526493e-03,-1.384269834018577727e-01,-7.019948225978377143e-02,6.575300746155017528e-02,1.263544997715851936e-01,-3.385229176183949806e-01,-2.804476930105070931e-01,-2.828871630881681365e-01,-1.417785899192934296e-01,-2.456920968478757406e-01,-2.666057560529922488e-01,-1.718547281863864740e-01,-2.650662402923709693e-01,-1.797091518197045934e-01,-2.259631490787269714e-01,-1.696238769605603880e-01,-2.217176793056190032e-01,-2.950966955992081475e-01,-3.358306684939850739e-01,-1.501218212273488783e-01,-1.499984772346581452e-01,1.178468098066088043e-01,3.122658748286888941e-01,2.683386630120298544e-01,5.922201918684331101e-01,3.686691030912136458e-01,4.850921273031825742e-01,-7.597228567077812800e-02,3.828003654636820685e-01,-2.928125475864169422e-02,2.354271356783919633e-01,-3.094426678848789525e-01,-2.009029998477234735e-01,2.957788944723618307e-01,3.087026039287346091e-01,4.634871326328612873e-01,4.170976092584132711e-01,8.310339576671234296e-02,5.938784833257194917e-02,1.223283082077051970e-01,5.566164154103852429e-02,-3.093954621592812440e-02,1.332145576366682016e-01,1.017252931323283094e-01,2.440886249428962929e-01,-2.632252169940612133e-02,-8.577737170701994762e-02,-1.023907415867214912e-02,2.965539820313689567e-01,-2.994441906502208206e-01,-1.401400944114511993e-01,-6.057255976853966745e-02,-9.802192782092279677e-02,7.358611238008222477e-02,-1.684315516978833471e-01,-2.135221562357240699e-01,4.744784528704126814e-02,-8.483021166438252381e-02,-4.587939698492462387e-02,-1.168311253235876368e-01,-1.395979899497487575e-01,-1.176762600883203835e-01,-1.400928886858535116e-01,-4.417542256738236917e-02,-1.784924623115577980e-01,-2.306228110248210728e-01,-2.622262829298004916e-01,-1.056540277143292184e-01,-2.404553068372163871e-01,1.085503273945485070e-01,-1.501659814222628397e-01,1.297761534947464712e-01,-1.659052839957362441e-02,1.098066088015836779e-02,2.204218059996954360e-01,-7.652048119384802227e-02,-1.228110248210750703e-02,7.406121516674279981e-02,-2.004081011116186917e-01
1.959235571798385867e-01,5.843459722856707977e-02,5.945485000761382421e-01,4.437886401705496975e-01,5.768950814679457695e-01,7.390954773869347072e-01,3.461367443276990863e-01,-3.274859144205877898e-02,1.000000000000000000e+00,3.012440992843002929e-01,3.604385564184559021e-01,-1.871326328612760853e-02,3.161017207248362770e-01,-3.273945485000761407e-02,4.127622963301355030e-01,-3.525414953555657260e-01,-2.571265417999086256e-01,-3.042363331810568061e-01,-4.951576062128826283e-02,3.029084818029541618e-02,8.579259936043855811e-03,4.457134155626617938e-02,2.069392416628597631e-01,3.756464138876199343e-01,4.786325567230089728e-01,5.683615044921577208e-01,1.208055428658443703e-01,7.427897061062890827e-02,-2.964215014466270795e-02,-1.636805238312775967e-01,3.522689203593726281e-01,7.109791381148164446e-02,-2.350723313537383952e-01,-9.055428658443734347e-02,-9.435358611238008064e-02,-1.483127760012181995e-01,-2.125658596010354673e-01,-2.080797929039135130e-01,1.124151058321912616e-01,-1.444358154408405537e-01,-1.654164763209989286e-01,-1.198157453936348343e-01,-4.181620222323739755e-01,-3.914907872696817281e-01,-1.559037612303943998e-01,-3.076823511496878383e-01,-1.383432313080554255e-01,-2.703730775087558880e-01,1.120496421501446654e-01,8.371859296482411783e-02,1.024821075072331333e-01,1.680539058931018737e-01,-2.792447083904370242e-02,-5.988883813004416273e-02,2.373686614892644986e-02,-1.208740673062281140e-01,-4.704126694076442988e-02,5.462311557788944449e-02,1.003959189888838088e-02,-1.584437338206182502e-02,2.795051012638952170e-01,7.159890360895386496e-02,-2.028034109943657737e-01,-2.155992081620222434e-01,5.373077508755901011e-02,-2.300715699710674522e-01,-3.251636972742500409e-01,-3.405908329526419753e-01,-3.247906197654941429e-02,4.236028627988427248e-02,4.715090604537840457e-01,1.881041571493832776e-01,2.738008222932846181e-01,3.159631490787269681e-01,-4.578650829907111169e-02,-1.619278209227957843e-01,6.381909547738692789e-02,-1.151971981117709716e-02,-5.995127150906045740e-03,-5.881528856403227951e-02,-5.594335312928278015e-02,-7.712045073854119359e-02,-3.576975788031064307e-01,-4.300350236028627759e-01,1.660042637429572088e-01,-2.770732450129435032e-01,9.320846657530074131e-02,-1.434962692249124316e-01,8.242728795492614002e-03,-1.687817877265113398e-01,-2.808999543170397351e-01,-5.283538906654484252e-02,-1.332937414344449456e-01,4.371707019948226081e-02,-9.697274250038069587e-02,-1.267930561900411091e-01,-1.604172377036698627e-01,-2.076610324349017767e-01,-1.803654636820465895e-01,-7.700319780721791296e-02,-1.467473732297852884e-01,1.575788031064412897e-01,-7.822750114207401018e-02,5.837825491091822722e-02,-7.339728947769148804e-02,-1.570641084208923288e-01,4.196893558702603777e-02,3.621135982945028475e-02,-1.346946855489569161e-01,-2.071052230851225806e-01,-2.569026952946550924e-01,-1.835480432465357026e-01,-9.131262372468403055e-02,-2.578924927668646006e-01,-1.886965128673671332e-01,-1.607111314146489889e-01
-1.572300898431551741e-01,-1.719795949444190564e-01,1.175118014313994153e-01,1.826815897670168998e-01,3.720587787421958392e-01,2.562616110857316998e-01,1.470382214100806988e-02,-7.258870108116338704e-02,3.012440992843002929e-01,1.000000000000000000e+00,-1.108329526419978700e-01,-9.372011573016597596e-02,-4.319019339119841566e-02,6.186995583980508390e-02,4.241419217298614264e-01,3.424516522003959174e-01,-1.168600578650829946e-01,-1.916384955078422325e-01,-2.360590832952642049e-01,-2.770458352367899946e-01,1.343901324805847342e-01,3.032038982792751858e-01,1.099619308664534778e-01,1.024546977310796386e-01,2.147160042637429600e-01,1.698294502817115914e-01,3.062448606669712081e-01,3.813369879701538068e-01,-1.260408101111618606e-01,-1.635754530226891934e-01,-1.403075985990558799e-02,-4.720572559768539816e-03,-1.833500837520938009e-01,-1.368433074463225319e-01,1.005436272270443104e-01,1.095858078270138536e-01,-4.157453936348408374e-02,4.368204659661946432e-02,7.317953403380539346e-02,1.814024668798538131e-01,1.632419674128216813e-01,1.070488807674737364e-01,-3.955915943353129349e-01,-3.103410994365768394e-01,-2.603837368661489071e-01,-2.927881833409471390e-01,-2.986249428962997055e-01,-3.475879396984924430e-01,-1.834703822141008078e-01,-2.905679914725141089e-01,-2.013415562661793889e-01,-1.513476473275468248e-01,-1.328841175574843880e-01,-6.046901172529313417e-02,4.507385411908025196e-04,-3.339424394700776788e-02,-3.313506928582305444e-01,-2.460255824577432526e-01,-3.938297548347799437e-01,-3.308634079488350643e-01,-1.614511953707933600e-01,-1.846368204659661894e-01,-2.403136896604233241e-01,-1.855672300898431604e-01,1.810765950966956028e-01,1.381787726511344572e-01,-2.419521851682655822e-02,-4.309425917466118416e-02,-2.099847723465813887e-01,-1.847921425308360066e-01,1.078574691640018235e-01,1.835663164306380324e-01,2.953921120755291785e-01,2.334490634993147684e-01,1.306730622811024811e-01,2.942439470077660990e-02,1.743672910004568366e-01,-3.837216384955078469e-02,4.103548043246535437e-02,9.954469316278360957e-02,-4.273640931932388976e-02,2.952032891731384140e-02,5.085274859144205822e-02,1.510537536165676986e-01,-3.253997259022384930e-02,1.141099436576823445e-01,3.320938023450586418e-01,2.594137353433835780e-01,2.118730013704888115e-01,1.788518349322369416e-01,-1.120435510887772129e-01,-5.601492310035023625e-02,1.782701385716460932e-02,2.207857469164001968e-02,-4.434444952032891990e-02,2.978331049185320434e-01,-5.807217907720420291e-02,9.018120907568143163e-02,-1.919826404751028004e-01,2.839500532967869501e-02,-1.022171463377493511e-01,-4.301659814222628248e-02,-4.765646413887619781e-02,9.253844982488199089e-03,1.224546977310796425e-01,1.022871935434749441e-01,4.126998629511192257e-02,2.658900563423176322e-02,-6.378559463986599454e-02,-1.622780569514237770e-01,-1.243337901629358866e-01,-8.836911831886706814e-02,-3.895081467945789300e-02,-1.049428962996802189e-01,-6.412973960712654853e-02,1.510095934216537095e-01
6.483005938784833777e-01,4.022369422871935329e-01,3.524684026191564068e-01,2.518349322369423104e-01,1.557682351149687894e-01,2.154225673823663700e-01,5.073488655398202818e-01,2.798705649459418132e-01,3.604385564184559021e-01,-1.108329526419978700e-01,1.000000000000000000e+00,5.881300441601948759e-01,7.982427287954926287e-01,3.278011268463529859e-01,1.944967260545150123e-01,-2.654088624942896324e-01,2.321379625399725977e-01,1.704035328155931173e-01,6.439865996649916102e-01,4.730698949291914368e-01,-9.733820618242729206e-02,-3.659052839957362829e-02,5.897061062890208288e-02,9.255063194761686818e-02,-2.974265265722552190e-02,5.671539515760621458e-02,1.843764275925079826e-02,1.454240901477082439e-02,3.495766712349626659e-01,2.382335922034414522e-01,3.653951576062128836e-01,2.091061367443277086e-01,1.156159585807827045e-01,1.612958733059235705e-01,-2.627866605756052909e-01,-3.659159433531292693e-01,-2.251210598446779232e-01,-3.534384041419217359e-01,-1.919217298614283584e-01,-2.831521242576519048e-01,-2.434627683873915038e-01,1.305466727577280286e-02,-4.118029541647632019e-01,-2.646200700472057243e-01,-2.790665448454393016e-01,-3.508877721943048367e-01,-1.743931780112684682e-01,-3.876808283843459768e-01,-1.613750571037003145e-01,-1.099314755596162568e-01,-4.775392112075529244e-02,-3.886858535099740886e-02,-2.075072331353738364e-01,-3.901355261154256238e-01,-3.668341708542713353e-02,-2.898827470686767271e-01,3.737307750875590306e-01,2.940063956144358115e-01,2.660057865082990913e-01,2.668311253235876590e-01,5.299634536317953115e-01,4.568326480889294827e-01,3.626846352977006194e-01,2.819658900563423165e-01,-1.539150296939241769e-01,-3.526419978681285400e-02,-3.421790772042028195e-01,-2.883371402466879951e-01,8.183493223694228436e-02,1.196269224912440976e-01,4.064885031216689537e-01,2.433653114055124023e-01,4.063042485153037786e-01,3.284056646870717189e-01,7.390437033653114718e-02,7.051621745089081683e-02,-1.127531597380843631e-01,-1.053601340033500852e-02,1.118166590528399534e-01,8.426983401857773837e-02,1.676473275468250423e-01,2.282884117557484327e-01,-1.491746611847114268e-01,-2.485061671996345312e-01,1.943657682351149774e-01,-6.155322064869803850e-02,-6.785137810263439095e-02,-1.390467488959951370e-01,1.949748743718593066e-02,-2.244677935130196533e-01,-2.887376275315973739e-01,4.502664839348256148e-02,-2.187026039287345847e-01,3.225993604385564151e-01,-4.836607278818334105e-02,-2.064032282625247461e-01,-1.355078422415105788e-01,-1.647510278666057537e-01,1.640018273184102324e-03,9.637581848637125082e-02,-4.176945332724227300e-02,2.698066088015836916e-01,1.689553829754834868e-01,2.074310948682807909e-01,1.659707629054362754e-01,1.786736713872392190e-01,3.399055885488046491e-01,1.671448149840109587e-01,-1.463225216994061204e-02,-1.874539363484087062e-01,-3.712151667428049140e-01,-1.610537536165676797e-01,-2.738404141921729762e-01,-2.668235114968783295e-01,-2.688350845134764855e-01,-8.886097152428810986e-02
4.274158672148621885e-01,4.299680219278209092e-01,-1.159966499162479042e-01,6.390741586721486456e-02,-2.148423937871173917e-01,-5.246078879244708143e-02,2.581452718136135194e-01,5.514968783310492118e-01,-1.871326328612760853e-02,-9.372011573016597596e-02,5.881300441601948759e-01,1.000000000000000000e+00,5.943977463072940282e-01,6.994091670473580047e-01,1.355657073245012945e-01,9.572102938937110395e-02,4.034627683873914794e-01,2.817298614283538782e-01,6.686310339576670980e-01,5.383675955535252022e-01,-2.188015836759555355e-01,-1.222476016445865760e-01,-1.544236333181056853e-01,-1.502862798842698466e-01,-3.356540277143292283e-01,-2.661321760316734952e-01,-2.544845439317801050e-01,-1.520740063956144417e-01,4.966301202984619856e-01,3.691990254301811825e-01,1.121227348865539847e-01,1.736957514846962092e-01,1.667032130348713170e-01,2.287650373077508847e-01,-3.989584285061671953e-01,-3.719993908938632465e-01,-3.108222932846048669e-01,-2.697517892492766745e-01,-3.505162174508908435e-01,-1.767534642911527398e-01,-1.588396528095020396e-02,1.348591442058778844e-01,-3.027836150449215724e-01,-1.729739607126541678e-01,-3.064397746307294113e-01,-1.395248972133394105e-01,-1.205421044617024512e-01,-2.318029541647632086e-01,-1.859113750571037005e-01,-1.683371402466879718e-01,-8.330896908786356025e-02,2.257804172377036664e-02,-1.153007461550175083e-01,-2.247814831734429586e-01,-1.018197045835236847e-01,-1.533333333333333215e-01,2.731155778894472363e-01,2.359707629054362821e-01,1.434003350083752071e-01,3.738571646109334345e-01,2.785335769757880109e-01,6.981665905283995777e-01,6.145911375057103720e-01,6.951134460179686503e-01,-4.412699862951119378e-01,1.278879244708390484e-01,-4.821303487132632681e-01,-2.092035937262067824e-01,2.035023602862798958e-02,5.739302573473428065e-02,1.306882899345210847e-01,2.385579412212578132e-01,4.068052383127759852e-01,3.080980660880158206e-01,-1.575148469620831285e-02,1.023404903304400843e-01,-2.874219582762296277e-01,-1.184345972285670845e-01,5.616719963453632031e-02,1.186356022536927124e-01,1.787696056037764714e-01,4.712334399269072494e-01,5.524897213339424740e-02,8.248972133394244510e-02,-1.015989036089538604e-02,3.435297700624334039e-01,-1.059068067610781233e-01,7.032739454850008010e-02,-4.411298918836607103e-02,9.773107964062737255e-03,-1.237718897517892519e-01,-5.422415105832191495e-02,-2.935830668493984996e-01,1.735922034414496828e-01,-1.142348104157149408e-01,-1.880676107811786180e-01,-2.333653114055124211e-01,-2.644982488198568404e-01,1.112623724684026205e-01,6.515912897822445649e-02,4.563270899954317145e-02,3.602710522308512353e-02,1.301477082381604922e-01,9.555504796710827253e-02,1.098797015379929937e-01,9.897822445561138549e-02,2.642728795492614857e-01,1.146017968631034001e-01,3.470077661032434924e-02,-1.190102025277904735e-01,-3.135114968783310752e-01,7.554438860971524235e-03,-2.623252626770214979e-01,-9.469316278361504524e-02,-2.095888533576975854e-01,2.468402619156387801e-03
5.903913506928581967e-01,3.925445408862494046e-01,2.791975026648393365e-01,1.601081163392721052e-01,8.568448302116643545e-02,2.326298157453936255e-01,4.900563423176488298e-01,2.688564032282625416e-01,3.161017207248362770e-01,-4.319019339119841566e-02,7.982427287954926287e-01,5.943977463072940282e-01,1.000000000000000000e+00,4.214253083599817096e-01,2.946703213034871371e-01,-1.257332115121059801e-01,1.868631033957666998e-01,1.028658443733820593e-01,4.178848789401553021e-01,3.510156844830211731e-01,-4.989036089538602392e-02,6.980356327089995774e-03,-9.291914116034718368e-03,-1.137201157301659729e-02,-8.738845743870869709e-02,-3.091213643977462817e-04,2.445713415562661766e-02,5.602253692705953803e-02,3.905390589310187566e-01,2.217389980204050592e-01,2.951743566316430423e-01,1.509075681437490601e-01,8.558854880462921089e-02,9.057408253388152253e-02,-3.122948073701842797e-01,-4.021623267854423367e-01,-1.826039287345820050e-01,-2.395005329678696615e-01,-2.329480737018425340e-01,-1.905512410537536228e-01,-2.170580173595249018e-01,3.068524440383737020e-02,-3.464595705801735703e-01,-2.383919597989949679e-01,-2.536485457590985093e-01,-2.643474950510126265e-01,-1.064687071722247580e-01,-2.603182579564489174e-01,-1.495690574082533808e-01,1.855489569057408236e-02,-1.217907720420283169e-02,6.342013095781939835e-02,-1.651362874980965567e-01,-2.861687223998781726e-01,6.083295264199786723e-02,-8.741434444952032867e-02,3.059205116491548471e-01,3.051895842850616547e-01,2.787726511344602032e-01,2.720405055580935039e-01,5.644754073397288963e-01,5.099862951119232823e-01,3.220146185472818612e-01,3.125567230089842941e-01,-1.962083142987665618e-01,-1.297731079640627450e-01,-3.804796710826861550e-01,-2.548835084513476623e-01,7.543474950510126176e-02,1.524866758032587255e-01,2.089599512715090701e-01,2.056646870717222519e-01,2.663910461397898666e-01,2.780341099436576813e-01,5.392112075529160997e-02,1.005299223389675700e-01,-1.337109791381148050e-01,1.463377493528247213e-03,3.610476625552002522e-02,2.565859601035480261e-02,3.447693010507080907e-02,2.300776610324349047e-01,-8.151362874980964957e-02,-1.641723770366986523e-01,7.853205421044616441e-02,-3.395766712349627026e-04,3.149078726968174147e-02,-2.659814222628292812e-02,4.983249581239530823e-02,-5.781483173442972245e-02,-3.043094259174661254e-01,7.557332115121059846e-02,-2.152124257651895911e-01,3.461900411146642265e-01,-1.084361199939089387e-01,-1.651987208771128479e-01,-1.822978529008679738e-01,-1.979503578498553462e-01,8.093345515456068506e-02,1.283051621745089077e-01,-9.403228262524744585e-02,2.770656311862341736e-01,1.428490939546215865e-01,2.715669255367748058e-01,2.451241053753616672e-01,2.265296177858991955e-01,3.878955382975483590e-01,2.217192020709608524e-01,-9.147251408557940944e-02,-2.940216232678544150e-01,-4.016202223237398949e-01,-2.417603167351911053e-01,-3.735754530226891856e-01,-3.268311253235876568e-01,-2.871965890056342174e-01,7.369727425003806676e-02
