0.000000000000000000e+00,5.111662569965688130e-01,3.198691567074453124e-01,8.769137558115078224e-02,-2.013504986673949823e-02,-9.896593616680636474e-02,1.209672609237511381e-01,-1.662789712100807005e-01,-5.249113951071891770e-02,6.350985248737242572e-02,1.287933724481947761e-01,6.522073527149668815e-02,1.369867744051935510e-01,-6.942573983908284507e-02,-9.950745411224018455e-02,-4.078603291801261577e-01,-4.474664808239862956e-02,1.294934217341759015e-02,3.919585369911693373e-01,2.416598388317025004e-01,-1.811479552596303999e-01,-1.733469576109170074e-01,-1.076867295141406833e-01,-8.627715045409026229e-02,-1.099862187606930192e-01,-1.468047301984937991e-01,1.429403325704993455e-01,-2.309220873397813123e-02,4.938172777186555090e-02,-1.594338704563505182e-01,-1.210975391541018742e-01,-2.074547400870823677e-01,1.340767040549491543e-02,-8.565244279529993232e-02,-1.558520039303215587e-01,-1.596551864862234826e-01,-2.073354491773636010e-01,-2.146247516080728446e-01,-7.722987672226250266e-02,-3.083199131059899956e-01,1.164671683163343852e-01,-7.057626927097558622e-02,-1.398623131763088168e-01,-5.002997968915300075e-02,-1.402531478673610665e-01,-9.106919186687134279e-03,-9.700391462537945320e-02,-1.467152620162047172e-01,-6.448772402361960254e-02,1.831162552699898693e-01,2.081045616216029570e-01,2.360421787542889838e-01,3.255182091295216740e-01,1.828525595748220767e-01,4.517044473534683607e-02,-2.059510467777327936e-01,3.668713447538683448e-01,3.841795139837199113e-01,3.802130912355712877e-01,3.234604409368731504e-01,3.039265544704268240e-01,-2.625655707599144906e-02,4.183657773215423981e-02,1.275470963650804195e-02,-1.411274246662208853e-01,-2.777830098352215837e-01,-1.000756555506374240e-01,-4.897990576018132480e-02,1.169364838690436920e-01,-1.699299008943679079e-01,3.178584770317910424e-01,8.563517700573537728e-02,3.153722033344948383e-01,3.238606933313242231e-01,4.774932584939836633e-02,5.696140939070597903e-03,-4.268103180358438081e-02,6.307035966209280364e-02,-1.392077827900888021e-01,-1.715811382236327731e-01,-1.443812411905232851e-01,-2.951837864818285251e-01,-3.832377436438350049e-01,-3.387563608738373144e-01,-2.520538441495656645e-01,-3.564600736464405561e-01,-2.219124844215489556e-01,-2.527790073112770597e-01,6.431349651074089180e-02,-1.441960263570125911e-01,-4.993454696137799576e-01,-2.280999155545928581e-01,-3.323036644283924868e-01,-6.449243287531902791e-02,-1.697760784055200312e-01,-1.699000781669382232e-01,-2.579304910704475762e-01,-2.687514322757252327e-01,-2.367249622507055506e-01,-6.787024916103959193e-02,-7.025920658988099587e-02,1.420644861544063942e-01,-3.033756188215941743e-02,9.124655861421633596e-02,-1.270683631089722376e-01,-1.105811036920536505e-01,1.299643069041183686e-02,1.598859202194952700e-01,-7.415342694530512035e-02,-3.867065977290777556e-02,-2.978207434335062853e-01,-2.328966658190733674e-01,-2.456702108623791125e-01,-1.588123020320264811e-01,-1.802485645850402940e-01,-9.762234381523721138e-02
5.111662569965688130e-01,0.000000000000000000e+00,-6.403881349494112973e-02,-1.121946702077231406e-01,-8.847618419772154685e-02,-1.518086699377489690e-01,-8.656125117328887508e-02,8.810261529623386600e-03,-1.804745894666126560e-02,-1.088451070321991287e-01,-3.863926742824495136e-02,-8.089336334441482590e-02,-1.088843474630276677e-02,-2.226815968657883116e-02,1.015181337878944823e-01,-2.509158716555380808e-01,1.705750135771890719e-01,8.350520642036232677e-02,5.933498457066259668e-01,6.701308119002100661e-01,-1.058141761550028398e-01,1.733736411038803993e-01,-2.975837312313019400e-01,-3.467959403419881848e-01,-2.233863550034688450e-01,-1.524930230513986962e-01,1.018603103447193320e-01,1.090868280861029271e-01,1.943908158556454380e-01,1.209813874788494142e-01,-3.704610593660630224e-02,-3.976358425234422511e-01,2.858398550929370230e-01,2.837585426417914003e-01,-3.043817434680378686e-01,-1.311697729391710643e-01,-2.926598419709369736e-01,-1.513079620403768311e-01,-3.958103776812986474e-02,-1.942322845150981359e-01,3.630336306188373108e-01,2.345997005170319116e-01,-1.033043581992095367e-01,-5.805229336773934379e-02,1.271688186118933028e-01,1.011728179966033536e-01,1.042225842805973371e-03,-8.272981550719041288e-02,1.389158339847244850e-01,1.081011084636900460e-01,1.631585721505953435e-01,6.860796926061610811e-03,2.015592577594027823e-01,2.721104131546481231e-01,3.050959193091172805e-01,-2.145823719427780371e-02,3.950569614093907278e-01,4.022316817820806301e-01,1.659022630741267545e-01,7.663656140813501771e-02,2.398689055686880137e-02,-7.372021258895805618e-02,3.597076117018103703e-01,3.877252793133866282e-01,-4.231201479207280514e-01,-4.486075925524801722e-01,-1.915953275634203756e-01,-6.280195511522559948e-02,2.861396519844670583e-01,-1.150921836201024007e-01,1.235163193103729767e-01,7.741195232130693160e-02,3.660896753717638452e-01,4.338657474988149576e-01,-3.010682814888761272e-02,-1.157435747718561433e-02,3.578727291562679852e-02,1.583210118380531661e-01,-2.170560887022090768e-01,-9.712006630063192703e-02,7.336390947703492864e-03,-4.972390432869040755e-02,-1.155238283592163219e-02,-2.133203996873322406e-01,-1.532888189886014441e-01,-4.363488819616448411e-01,-1.359100169832584692e-01,-2.147236374937607634e-02,1.059350366819547390e-01,-1.030610675280725988e-02,-6.253151006595532024e-01,-3.203306241739889426e-01,-4.634436146401338386e-01,-2.477954725960527238e-01,-7.294482167578614229e-02,-1.268643128686638422e-01,-3.097922140706767524e-01,-2.423018122800573715e-01,9.684538328483216453e-04,-8.504657054330730381e-02,8.035812386791356399e-02,1.180634690424393063e-01,-1.612781707052918234e-02,2.991768927229405683e-01,-3.023129879547573617e-01,-2.581816298277502253e-01,-1.751865490081588594e-01,1.065864278337084747e-01,-4.608553158226835061e-02,1.208919192965603358e-02,-1.208416915450998136e-01,-3.565919214940244664e-01,-3.388081582425309657e-01,-2.737475239288147399e-01,-4.275229242596900181e-01,-2.917384766550829012e-01
3.198691567074453124e-01,-6.403881349494112973e-02,0.000000000000000000e+00,4.587206363856110025e-01,1.986099469783298710e-01,-1.138710214127182929e-01,5.974010277853643025e-01,3.360864419602635489e-02,2.377907323520086491e-01,2.861255254293687891e-02,4.263551290382327358e-02,-1.126231757123707794e-01,2.624949379844231379e-01,-2.682601420817519178e-01,-4.197941290037011247e-02,-2.103035953652342416e-01,-2.000838175602497604e-01,-1.680965879660585860e-01,1.089377144489544758e-01,-2.220537499725316888e-02,-2.233314184003089009e-01,-4.499653114591475878e-01,5.767370169110560552e-01,4.330369895997162044e-01,2.722783621985942482e-01,1.347171078860709137e-01,1.060433402710415085e-01,1.220220437044222325e-02,-1.860137686823691294e-01,-2.724918301423014944e-01,-1.789991492674596410e-02,2.323190466772772911e-01,-1.012591469444261288e-01,-2.551773824435173421e-01,2.274548028717716941e-01,-1.935024125016873431e-01,3.951668346157106299e-02,-6.332306803662858530e-02,-8.317715641863575315e-02,-2.864692716034267783e-01,-6.009122615359018676e-02,-2.769589607878222837e-01,-2.618043064018408250e-01,-2.965666192642262278e-01,-2.966655051499141327e-01,-2.889414187456246785e-01,-4.299903625501885207e-01,-3.191345758423350665e-01,-3.156374686468957913e-01,-1.086818668399524151e-01,-1.922953768494015114e-01,-9.635252347362571745e-02,-1.029229412115561515e-01,-2.712769464038499584e-02,-2.818090780382295768e-01,-3.078898379841091826e-01,-8.646079567036782376e-02,-6.329952377813145847e-02,-1.370432806255866484e-02,1.379536586208087237e-02,1.499094330856477475e-01,-2.221322308341887666e-02,-3.175053131543341678e-01,-2.750220531221256315e-01,5.002589868434683673e-01,2.105264810123403385e-01,8.440930594665184417e-02,-3.246046918998333197e-01,1.771014820325915451e-01,1.130030230827910320e-01,1.902093555465564079e-01,1.168454460695214914e-01,-7.954820137561253654e-03,6.241112042417336359e-02,-8.731780667966310486e-03,2.188517308169229958e-02,-4.669611268596040449e-02,-6.543420321520393435e-02,-6.912594294755280977e-02,1.224929288743646996e-02,-4.373848293355182548e-01,-3.682557471534991245e-01,-4.382277137897152564e-01,-2.098154444057272194e-01,2.145619669187471823e-01,-4.086184543037334888e-02,-3.903795020546289851e-02,-1.606299187880043666e-01,2.923255135002778352e-02,-2.164015583159890621e-01,-2.077451192752135523e-01,1.508574818944652118e-01,-2.121730094899057784e-01,3.083717104746836468e-01,-9.131091292077514465e-02,-1.262757064062357826e-01,-2.670232837020364292e-01,-3.240568954854669004e-01,-5.154120716122166934e-01,-1.900241407130457139e-01,-3.882102910384273575e-01,1.757971301118509133e-03,-3.466829279012020315e-01,-3.740052550784965790e-01,-8.469026743138417801e-02,-3.774458560535427776e-02,-1.448081770779377775e-01,-1.879349801757343452e-01,5.138142012688785842e-02,-1.233970284006542101e-01,-1.589519979657760540e-01,-1.299407626456212383e-01,-3.088363171756935421e-01,-2.114164539835315659e-01,-6.315668860991559275e-02,8.375791479489812230e-02
8.769137558115078224e-02,-1.121946702077231406e-01,4.587206363856110025e-01,0.000000000000000000e+00,1.599094644779923968e-01,1.670449444198537636e-01,3.483812537474611504e-01,4.240383740021158587e-01,1.420346634269767094e-01,3.477486980025051300e-01,-3.636881610050572977e-01,5.020891605373113686e-02,-7.980718821908089344e-02,-1.599942238085820256e-01,-3.919365623499053708e-01,-1.049901271076035397e-01,-1.579411644676329274e-01,-4.208442029326728284e-01,-5.458343928249657223e-02,-1.068925031941710679e-01,-2.290762174736068746e-01,-2.753956220236133401e-01,5.099027151238898492e-01,6.684497518435154051e-01,3.738137617760532994e-01,1.739622475663084866e-01,1.781970748613243283e-01,1.032808139407124159e-03,-5.339382638149861027e-01,-4.957934258151807105e-01,-2.318811234692307877e-01,4.132739390172312510e-01,-3.637854772735120701e-01,-2.293069512068786897e-01,3.690578215596344580e-01,1.889787756357734494e-01,7.806491309029379988e-02,2.482459527419643430e-01,1.648412018245230815e-02,-2.423065211317567968e-01,5.096233232563907034e-02,-1.098606493820416946e-01,-3.372997560814819940e-01,-5.295464747966560637e-01,-3.823807326345397550e-01,-4.620717691783681746e-01,-4.596561282565633788e-01,-4.158402631934176585e-01,-4.009650006749354012e-01,-4.655625979048749197e-01,-1.722686305717487654e-01,-2.875711429010921472e-01,-7.477185613516287854e-02,-8.106916047452668306e-02,-2.037096333688066807e-01,-3.739361919202383033e-01,-1.682896508857349982e-01,-1.655773523068664599e-01,-8.993592822454316016e-02,4.483140741298826532e-02,1.764249770051075274e-03,1.276475518680014742e-01,-6.006579835441329118e-01,-5.102197778049845089e-01,4.876894920404710176e-01,6.599565529949866782e-01,1.298968133630932775e-01,1.196205293377157128e-02,7.463059058418014535e-02,6.449714172701845327e-02,9.287425168498410211e-02,3.743851024489167761e-02,-2.320945914129380339e-01,-2.664896138427683137e-02,1.821478014371415433e-01,-1.131395797820743399e-01,1.396959337495958181e-03,3.725957388031354844e-02,-9.800062156842431760e-02,-1.075015146806299754e-01,-4.585244342314683252e-01,-2.990152221479270289e-01,-4.202869888149076139e-01,-3.256908670251672522e-01,1.036999017419612118e-01,3.291204806795814952e-01,-1.204571353229801356e-01,-1.956935981591529095e-01,1.597791862476416469e-01,-4.446882583213257467e-02,1.857202502597716520e-01,2.352856232479147783e-02,2.738260047904718109e-01,3.427196443875196730e-01,-7.048209223698709280e-02,-2.106583288599242210e-01,-2.632138226772019474e-01,-4.042282349026366517e-01,-4.472530128802790217e-01,-3.674991916471249120e-01,-2.985443369779845479e-01,6.595845537107321299e-02,-2.502864551450483255e-01,-2.984909699920577641e-01,1.322088595475107431e-01,-2.625812669322458853e-02,-8.268743584189559848e-02,-1.323642516535917524e-01,1.476460450354576404e-01,7.893918988915363255e-02,9.783738137617760400e-02,-4.545140622007917131e-01,-4.128893827951115592e-01,-2.022090792939233717e-01,-9.892355650151153645e-02,-1.623894597063560152e-01
-2.013504986673949823e-02,-8.847618419772154685e-02,1.986099469783298710e-01,1.599094644779923968e-01,0.000000000000000000e+00,1.722168332030551141e-01,1.938210448000150798e-01,7.826739371336906281e-02,3.773375524644559942e-01,2.329892732358287144e-01,6.234205726591513647e-02,2.128714891586537539e-02,5.163098926695736113e-02,9.980097253483764808e-02,2.499066077746280867e-01,4.585479784899654243e-02,1.815325114817500640e-01,4.143789495493628919e-03,-1.050482029452297766e-01,-1.433735469268464235e-01,6.350671325290614330e-03,-7.367940254089637431e-02,2.247079727137740179e-01,1.405121347108294061e-01,2.906946811950437692e-01,1.124442393477926433e-01,3.052152102188360194e-01,1.039416227958649963e-01,9.297627680513829984e-02,-1.259272513804783611e-01,2.040863415047606544e-01,3.251901591277950865e-01,-1.833626851755930723e-02,2.334491710851391635e-02,2.139341200254905873e-01,4.134214830371465282e-02,5.275483520588669477e-03,1.742447786682739530e-01,8.859547510744029963e-02,-1.317913413634951014e-01,1.303096226954095042e-02,-9.848563329346506079e-02,-2.078173216679380653e-01,-2.167201906143167989e-01,-9.227936675362345686e-02,-3.437822752543564508e-01,-2.214635738928704967e-01,-8.993749784177630657e-02,-2.501436199768324320e-01,-3.648967662745762897e-01,-3.660959538406964309e-01,-2.404104235141218404e-01,-2.892427852543878464e-01,-7.132811592565037329e-02,-2.757016973840759055e-01,-2.910949335894948420e-01,-6.506691278264882528e-02,-2.109204549378588534e-01,-4.180110438268523909e-01,-2.626142288941418768e-01,-7.722045901886366581e-02,-3.202019155608713374e-03,-7.168912788927292445e-02,-1.195498965622243392e-01,2.383196933595773392e-01,2.302079114987019282e-01,1.094808020116214489e-02,-2.209895494884617506e-01,-2.086021302845088386e-03,-1.550593472275850759e-01,2.496837221275219898e-01,1.924335031659179518e-01,4.299966410191211064e-02,-1.194949599590643813e-02,9.890629071194698141e-02,7.779336930896031677e-02,8.994377631070886447e-02,-5.437781942495503035e-02,8.484565953746518729e-02,3.756878847524242754e-02,4.823590719167224206e-02,2.155555346273257677e-01,1.789991492674596410e-02,-3.974270834314344407e-03,7.244725301288028330e-02,1.339778181692612424e-01,-2.085362063607168748e-01,-8.765841361925480468e-02,-1.577543800168890731e-01,-4.137416849527074114e-01,1.200427563734307729e-01,2.262995645881795137e-01,7.416912311763652899e-02,7.276274607674172723e-02,1.955272187324398961e-02,1.522528716147280269e-02,1.712452401357404935e-03,6.276585391886334298e-02,-1.524851749652329780e-01,2.186947690936088262e-01,1.952870672957692511e-01,2.158380657292912480e-02,1.155206891247500395e-01,3.980392341523596167e-02,2.058584393609774188e-01,2.127945779142298433e-01,-1.090758407654709300e-01,-3.797688895585922542e-02,2.134820702623458355e-01,5.692530819434372946e-02,1.814854229647558104e-01,-5.613422110884040001e-02,-1.626719908083214816e-01,-1.448301517192017440e-01,2.929533603935344233e-02,-1.393349217859732661e-02
-9.896593616680636474e-02,-1.518086699377489690e-01,-1.138710214127182929e-01,1.670449444198537636e-01,1.722168332030551141e-01,0.000000000000000000e+00,9.011643420635444268e-02,2.022624462798501832e-01,-3.045371355741189126e-02,3.402208137523583531e-01,6.610599939098851796e-02,2.375662770876693919e-01,-1.812123095661891808e-02,2.930977651789834493e-01,-1.482173857083211588e-01,2.753422550376865077e-02,2.146090554357414359e-01,-7.026391544158042124e-02,-1.405733497829219358e-01,-1.173037743015988149e-01,1.413283356720630192e-02,1.590179218895679952e-02,-7.049621879208536890e-02,1.231631554329161299e-01,-6.840391902030770743e-02,-5.629432206662083465e-02,-6.242367736203849153e-03,5.056051031395483730e-02,-2.057454269201912378e-02,-6.042555462424933216e-02,-1.512781393129471463e-01,1.952572445683395663e-01,-1.516878094107970872e-02,1.688908142860282013e-03,9.696153496008463879e-02,1.652728465636369992e-01,-9.914016367968507548e-02,8.892509472640001966e-02,9.702588926664343361e-02,1.695940028064756022e-01,-1.937535512589899991e-02,7.661301714963789089e-02,-2.380811115401398337e-01,-2.832751005339838035e-01,-2.248602255853887344e-01,-3.464490549334639513e-01,-2.325105399797205430e-01,-1.922639845047386664e-01,-2.637992899051637141e-01,-3.284863553173922868e-01,-1.217567783920213281e-01,-2.181642384688070035e-01,-6.019168165651124502e-02,-2.309236569570144726e-01,-1.175376472693368951e-01,-2.492191154265120945e-01,2.380795419229066873e-02,-5.092152227757738847e-02,-1.006422873718015171e-01,-1.013391974233163462e-01,2.314965672471111235e-01,9.918725219667931525e-02,-1.086379175574244405e-01,-1.663809963302348982e-01,1.499423950475436973e-01,2.195313750788732698e-01,2.075410690349051568e-01,1.097727508169857730e-01,3.937384829335518338e-02,-7.128102740865611964e-02,9.897849310467149442e-02,1.374733557474674128e-01,1.375251531161610918e-01,7.377200995765172565e-05,1.115982156591293628e-01,1.592878960536683597e-01,2.738542579006683630e-01,6.704620011364029186e-02,1.355929543021638650e-01,-6.229810798338716871e-02,9.087612894719493406e-02,1.005685153618438576e-01,9.328706101730031841e-02,2.684045468672009542e-03,-9.451921054531642330e-02,3.095191006721100813e-01,-9.573252466653481285e-02,-5.306875865251500096e-02,2.788268052952606879e-02,-9.268589761700711874e-03,2.190024140713045797e-01,7.758147098248621698e-02,3.692132136657154673e-01,8.947759999246583662e-02,-8.001908654555500364e-03,2.357486603316915064e-01,2.248900483128184469e-01,2.244505554875388109e-01,-1.588766563385852759e-01,1.157749671165189675e-02,8.506226671563872632e-02,1.240029006526468525e-01,8.155417219956741237e-02,9.950117564330762665e-02,2.959717343328656103e-01,1.709580001820756034e-01,-8.345654828613494752e-03,-9.635880194255829617e-03,-4.138923682070889953e-02,9.912132827288738096e-03,9.441247657346280020e-02,-4.731454187581816268e-02,-6.354124483203525686e-02,-9.262311292768145299e-03,1.075501728148573755e-01,-2.192284389528769556e-02
1.209672609237511381e-01,-8.656125117328887508e-02,5.974010277853643025e-01,3.483812537474611504e-01,1.938210448000150798e-01,9.011643420635444268e-02,0.000000000000000000e+00,3.241557813711548053e-01,3.708785775500786364e-01,-8.420368608911031616e-02,2.048036565803063314e-01,1.259539348734417530e-01,4.537700636322826164e-01,-8.997359903813856308e-02,-1.264766174120778852e-01,-2.727633739236349775e-01,-8.536834207610131953e-02,-1.450263538733444491e-01,1.180995702388015628e-01,-4.514219162515029082e-02,-2.738699540729997439e-01,-3.872606726123767329e-01,4.555091995266034588e-01,1.582346828902303770e-01,3.010839776612075219e-02,3.437304778856627857e-02,4.439819305664120808e-02,-8.336551048661273999e-02,-1.288294736445570465e-01,-2.049794537104181746e-01,3.258525376001808211e-03,2.345196500381417082e-01,-1.212058427431886472e-02,-7.943832816929263796e-02,3.299335424063487912e-03,-1.990761232965728988e-01,-2.184656049775701714e-01,1.664736037469902452e-01,1.048818235185167667e-02,-2.361033938263814858e-01,-7.414871809360568979e-03,-1.794464901789049605e-01,-3.974678934794960705e-01,-4.880944532866215435e-01,-2.955918869624453160e-01,-4.954261353826255876e-01,-4.822382113897704659e-01,-3.879544434294253108e-01,-4.658780909687363914e-01,-3.617041648223663919e-01,-3.968981224238657401e-01,-2.841022888158493687e-01,-2.588518563863016486e-01,-2.388188316397163447e-01,-4.293797814464964668e-01,-4.553851997651852668e-01,-1.682425623687407723e-01,-1.063651118038355103e-01,-1.729357178958339236e-01,-2.228118750961390615e-01,4.001409516275361011e-01,2.570279611613912052e-01,-1.094321438773940558e-01,-1.749809291506173314e-01,5.148360220876536664e-01,2.745417502487843553e-01,1.586113910261843507e-01,-1.627755855457088119e-01,2.751601794386420718e-01,1.346260700865486992e-02,1.888139658262935894e-01,1.506189000750277063e-01,-5.585012038964178027e-02,2.773513650961076729e-02,9.004737104809620862e-02,5.792044552015545439e-02,1.260496815246633928e-01,-2.305139868591645283e-02,-1.161940549177677556e-01,3.694251119921895810e-02,-3.796495986488734875e-01,-2.916144768936647091e-01,-3.755874292495032241e-01,-2.540268530116245871e-01,1.639072795708038655e-01,-1.533468948262276810e-01,-2.082897764551136510e-01,-2.568553032657456270e-01,5.590976584450116013e-03,-2.691045961531821074e-01,-8.983233348715581601e-02,1.962822046215809690e-01,-4.275166457907574741e-02,2.425969003198879814e-01,-1.203362747960282364e-01,-3.478114826918307645e-02,-1.801402609959535384e-01,-1.961456479222976612e-01,-4.209823292491892688e-01,-1.935981591529089829e-01,-7.057940850544186517e-02,2.485080788198989754e-01,-2.162194827169446332e-01,-1.934663113053250727e-01,-5.876176035711930951e-02,3.157598987910808369e-02,-1.598623759609981432e-01,-1.625997884155969686e-01,1.039761543749941203e-01,-3.626286693726867710e-02,-6.631161924853005984e-02,-2.943142185346681594e-01,-3.097451255536824988e-01,-2.590417800715117402e-01,1.178782542089286184e-03,-7.989037793243738972e-02
-1.662789712100807005e-01,8.810261529623386600e-03,3.360864419602635489e-02,4.240383740021158587e-01,7.826739371336906281e-02,2.022624462798501832e-01,3.241557813711548053e-01,0.000000000000000000e+00,2.979478824293907424e-01,3.038041243262418201e-01,-9.666801653748717527e-02,4.073360770242568374e-01,6.126059099228062244e-02,1.984906560686111043e-01,-3.421310379250915856e-01,-1.579505821710317642e-02,2.722815014330605410e-02,-2.047455807426800944e-01,1.476115134563285303e-01,1.942244364289324454e-01,-2.771190617456026906e-01,-1.109436852729093481e-01,1.796285657779493894e-01,3.726930550715902291e-01,1.040342302126203572e-02,2.440613531984090478e-01,-3.440600975046224919e-02,1.620268781255003177e-01,-1.498058383482603895e-01,-8.033928846111587641e-02,-1.142131979695431426e-01,2.730521834945330295e-01,-2.721873243990720337e-02,2.615406107066730601e-01,6.003001108149766396e-02,1.638115329195822256e-01,-3.196902203428672040e-01,2.793055385513688593e-01,-8.239548703653126749e-02,-3.098848214874320717e-01,3.487846453763784882e-02,-9.793940649633180173e-02,-3.842611340798433028e-01,-4.336036214208803252e-01,-1.305780272422767119e-01,-1.965615964890801703e-01,-3.443850082718828420e-01,-3.976688044853382009e-01,-2.896179237731086875e-01,-3.800576991294902784e-01,-2.865508916995501698e-01,-4.124043710700708298e-01,-1.714257461175517638e-01,-1.609611080241972192e-01,-2.037849749959974865e-01,-4.142957598360064164e-01,-1.531318572652872745e-01,5.025443495349224410e-02,-1.976979993658746493e-01,-1.009373754116321131e-01,1.487714605916201360e-01,6.082392347802064725e-01,-1.225337389224263746e-01,2.959827216534975658e-02,5.582029766221209555e-02,4.417248209851545870e-01,-6.674797283934340297e-02,4.667570766192956355e-02,1.520237074986893755e-01,7.264973363595553235e-02,-1.180022539703467904e-01,-4.504173612222923256e-02,-1.868158430885044352e-01,2.749969392463953721e-02,1.854502760956713014e-01,-2.224022049982891103e-01,-1.680432209801317744e-02,-3.897987436783666160e-02,-2.695660636197256821e-01,-1.804039566911213033e-01,-2.911561486615873995e-01,-1.651692518262496412e-01,-2.623097231509124438e-01,-3.415094695007675485e-01,-1.217771834160521621e-01,9.695525649115206007e-03,-2.677296114569501229e-01,6.578893670989392761e-02,1.144517797889806621e-01,1.772254817940097094e-02,8.547036719625551726e-02,-3.120854248482964888e-01,2.547049276563417286e-01,-1.110802419721926559e-01,-1.668534511174105117e-01,-2.947191797808186298e-01,-3.512724886909078248e-01,-3.538199774602965308e-01,-2.493023051398685908e-01,-3.586120188730775871e-01,-8.347224445846635962e-03,4.355687821967734602e-02,-2.264125770289657225e-01,-1.759933322659936183e-01,-3.792352196993241387e-02,-2.131524506433861155e-01,-7.046796568188881671e-02,-1.214507030315587210e-01,1.697949138123177326e-01,5.506688139030416207e-02,-4.923889260364967303e-03,-5.101224615365297366e-01,-4.004611535430969704e-01,-1.867907292127741758e-01,-2.903336692314212319e-01,-2.638369607187591170e-01
-5.249113951071891770e-02,-1.804745894666126560e-02,2.377907323520086491e-01,1.420346634269767094e-01,3.773375524644559942e-01,-3.045371355741189126e-02,3.708785775500786364e-01,2.979478824293907424e-01,0.000000000000000000e+00,3.080216858316930928e-01,-3.000009417703398962e-02,1.163463077893824860e-01,1.310143808330900550e-01,-1.343529566879820558e-01,1.196409343617465398e-01,-6.941946137015027329e-02,2.831903412033941539e-02,-1.575189374319178603e-01,5.177068520070695484e-02,1.958803826098967638e-01,-1.533672998502585150e-01,-1.198544023054537860e-01,1.887009533855074084e-01,1.683963848575886213e-01,2.373951888092569740e-01,3.470941676162850875e-01,3.513807922799945804e-01,3.602255853887471049e-01,1.242885709890785978e-01,1.817616755977887258e-02,-2.815265469362641243e-02,5.526622277891313217e-02,-3.366828965088573388e-03,-1.120549742739735538e-02,1.883838907044128319e-01,2.128400968139909297e-02,-1.128240867182129029e-02,3.215141155677776474e-01,1.812060310972566368e-01,-4.583298016945587805e-01,4.822178063657396596e-02,-5.086501605718429797e-02,-2.371095184728252148e-01,-1.650531001509971674e-01,2.285833576624004410e-02,-6.758143959014155377e-02,-1.930550715902420167e-01,-4.236082988802350457e-02,-2.010899422066934894e-01,-5.004410624425127685e-02,-1.093834857431666696e-01,5.041610552850581475e-03,-2.490982548995602109e-03,9.168605143949595804e-02,-2.963751259617829550e-02,-1.460277696680887527e-01,-2.625561530565156398e-01,-1.156337015655362344e-01,-9.434027418073828719e-02,-1.294384851310159401e-01,1.435838756360873769e-01,2.039058355229493857e-01,-7.096239511032839675e-02,3.124793987738150314e-02,1.804651717632138330e-01,8.518783609429005088e-02,-6.175345080348706300e-02,-2.077733723854101044e-01,2.584563128435499735e-01,6.012418811548615738e-02,-1.577151395860605307e-02,8.457725499059799701e-02,-1.563197498657977191e-01,6.756260418334385232e-02,1.562459778558400736e-01,-2.208263092962150231e-01,1.120392781016421313e-01,9.780284979704849391e-02,-2.401530062878866334e-01,1.070384775968532265e-01,-2.652794389560161892e-01,-2.438102144411063987e-01,-3.028654932208231787e-01,-3.543316726783006798e-01,-2.018527761820002736e-02,-1.086504744952895840e-01,-8.505912748117244737e-02,1.341206533374771359e-01,1.351173602805219864e-01,-3.520651453936443197e-03,-3.055259944309980658e-02,-1.244047226643310716e-01,-6.728635155031094384e-02,5.670870101617019737e-02,5.383630147952120359e-02,-3.242122875915479097e-01,-2.472774989091160169e-01,-3.281065079469720480e-01,-2.508609350523781090e-01,-2.148115360588166989e-01,-2.016487259416918643e-02,3.321310065327469363e-02,-1.202546546999048865e-01,-1.866416155756257245e-01,3.205943198691567353e-02,7.312689727483055735e-02,-2.195392231650389603e-01,-1.558457254613889731e-01,2.631510379878762573e-01,2.574470489626399794e-01,1.030924598727354403e-02,-3.635390473679088741e-01,-3.015674197690151326e-01,-2.361504823433757394e-01,-2.854427419329522153e-01,-4.007138619176327521e-01
6.350985248737242572e-02,-1.088451070321991287e-01,2.861255254293687891e-02,3.477486980025051300e-01,2.329892732358287144e-01,3.402208137523583531e-01,-8.420368608911031616e-02,3.038041243262418201e-01,3.080216858316930928e-01,0.000000000000000000e+00,-1.619829288429723568e-01,2.561819374727278831e-01,-3.098738341668000676e-02,8.218201909282402129e-02,-6.326185296453606943e-02,2.373245560337655935e-01,-5.396187085817252815e-02,-2.549592056481106428e-01,-1.476381969492919499e-01,-4.896577920508304871e-02,-1.346449054933464007e-01,-1.107835843151289135e-01,3.210338126944363435e-02,4.130259394943949225e-01,2.030990522651146268e-01,1.614115881701088384e-01,2.254331358754854131e-01,1.474969313983092167e-01,-6.252256324772641205e-02,-1.211273618815315693e-02,-3.385852725954248688e-01,7.711529466424317525e-02,-2.191578061773855890e-01,-1.372520397175944762e-01,2.054252250046303685e-01,2.714653004718269313e-01,6.570888623100371029e-02,1.435619009948234104e-01,1.984184536758865913e-01,-2.747819016854549656e-01,-1.821069913890798614e-02,-1.181136967938998389e-02,-1.941616517396067831e-01,-1.737613365604663562e-01,-8.231229732317477121e-02,-1.311101274843116671e-01,-1.973542531918166532e-01,-8.488960881999316199e-02,-1.378171019215254089e-01,-1.442258490844422758e-01,5.879629193624842654e-02,-3.746362412062194391e-02,9.839773472840912527e-02,7.983073247757802374e-03,4.263708252105641305e-02,-1.049461778250755789e-01,-1.233012817494325841e-01,-1.902203428671884189e-01,-1.315967088265855567e-02,-6.251314554432756132e-02,3.631152507149606329e-02,1.351487526251848315e-01,-3.740805967056873294e-01,-2.331650703659405577e-01,1.206423501564908435e-01,2.692442920869316803e-01,-1.651017582852245535e-01,-1.052946328508330004e-01,4.845722322154519257e-02,1.156792204652973277e-01,-4.370599185682579740e-02,-2.792349057758775153e-03,-1.616172080276503664e-01,5.566176632166480037e-02,2.269132849263378604e-01,-2.183478836850845650e-01,1.434269139127732351e-01,1.861613127022844205e-01,-1.734913623963660334e-01,-1.914054038782102563e-01,-8.833177941227252084e-02,-1.719327324838564874e-01,-2.176651001886679981e-01,-2.516284778793843602e-01,5.128724309289936500e-02,2.579869972908406806e-01,2.641665803377188631e-03,1.212890324565451400e-01,2.668882966199862539e-01,1.111571532166165943e-01,1.270306922953768625e-01,-2.181171499518127499e-01,3.118562607322578062e-01,1.222166762413317842e-01,1.139400845709765270e-01,-2.285770791934678692e-01,-3.903951982269603799e-02,-2.056324144794050568e-01,-1.388043911611714365e-01,-1.081858677942796887e-01,3.763000354733495034e-02,-9.256032823835578724e-03,1.111069254651560617e-01,-9.154321627128009231e-02,6.670716279128172110e-02,4.400421913112268629e-02,-4.642142967016063548e-02,1.185845819638423060e-02,1.650044420167697812e-01,1.253794549661119695e-01,1.118289493924011641e-01,-2.414259658639644202e-01,-1.955225098807404915e-01,8.189948799085855491e-02,-1.090475876552743917e-01,-1.440327861647658636e-01
1.287933724481947761e-01,-3.863926742824495136e-02,4.263551290382327358e-02,-3.636881610050572977e-01,6.234205726591513647e-02,6.610599939098851796e-02,2.048036565803063314e-01,-9.666801653748717527e-02,-3.000009417703398962e-02,-1.619829288429723568e-01,0.000000000000000000e+00,4.554840856508731717e-01,6.281623863204719438e-01,5.578451038929647110e-01,3.242122875915479097e-01,1.642918357929235296e-01,2.814920153571350281e-01,4.830575515854703683e-01,1.487118151367607388e-01,-5.658313163751887281e-02,3.405912434193797411e-02,7.931432840787445981e-02,-6.862366543294752021e-03,-1.734427042621386472e-01,-2.262775899469155472e-01,-1.109374068039767763e-01,-4.030981104947747307e-01,-2.466480823986262616e-01,5.024658686732653701e-01,1.820394978480547599e-01,2.678693073906996958e-01,9.811991247814308426e-02,1.259146944426132175e-01,9.197956986209343544e-02,-3.926428901048190645e-01,-4.283469733070893182e-01,-3.205817629312915917e-01,-3.531356243466468037e-01,-1.465221990965283327e-01,3.448276403316287153e-01,-7.206426640799375172e-02,-4.872562776841239673e-02,-1.110253053690327119e-01,1.264515035363476259e-01,2.454881352633346905e-02,8.240490473993012863e-03,-1.330376174466094685e-01,-1.046463809335455505e-02,-6.385045942696414289e-02,8.306728321231585110e-02,-2.428401909910249401e-01,-7.042087716489456306e-02,-2.181642384688070035e-01,-5.227578802633190413e-01,-3.669121548019300127e-01,-2.623175712370781065e-01,1.898577612863327213e-01,1.050576206486286274e-01,-1.817632452150218514e-01,-1.305466348976138669e-01,4.383203212064705756e-01,2.468474237872352317e-01,4.194488132124100099e-01,1.622638903277046907e-01,-1.019387912063764168e-01,-2.395173113084643202e-01,-1.372520397175944762e-01,-2.251066554909919581e-01,-8.615315069267208414e-02,-1.911260120107110549e-01,1.911150246900790717e-01,2.941305733183905979e-01,3.231088466766494083e-01,1.501856857186806560e-01,-1.928117809191050580e-01,4.496262741367890170e-01,1.079629821471735918e-01,6.756260418334385232e-02,2.305092780074650960e-01,2.325858816069113419e-02,8.314262483950664306e-02,-3.484707219297501768e-02,2.885898244854009920e-02,3.515660071135052744e-01,2.116628838891347966e-02,-2.068598551557217224e-01,7.408593340428003271e-04,-1.289487645542757854e-01,-1.326640485451217877e-01,-3.081849260239398203e-01,-1.793319081208856469e-01,1.549149424421360499e-01,-7.332937789790582028e-02,-1.190633152199504635e-01,-7.966592266809816025e-02,2.044347965305180759e-01,1.612373606572301277e-01,3.235530483536284696e-01,-5.744328188128042939e-02,1.774530762928152317e-01,1.403598818392146896e-01,-2.507934415113530560e-02,6.574655704459909933e-02,1.089361448317213432e-01,-1.973322785505526519e-02,1.186881767012296363e-01,2.779949081616956905e-02,-8.959218205048516404e-02,-2.894201520017328777e-01,-3.680281526546936299e-01,-3.948654681069474481e-01,2.263152607605109501e-01,1.031473964758953948e-01,-1.242273559169860819e-01,1.859415662896446164e-01,3.976703741025713335e-01
6.522073527149668815e-02,-8.089336334441482590e-02,-1.126231757123707794e-01,5.020891605373113686e-02,2.128714891586537539e-02,2.375662770876693919e-01,1.259539348734417530e-01,4.073360770242568374e-01,1.163463077893824860e-01,2.561819374727278831e-01,4.554840856508731717e-01,0.000000000000000000e+00,3.277910148831106318e-01,6.558708393371192047e-01,-4.322882821795077241e-02,2.188894016305183710e-01,9.248027775946557338e-02,1.589425802623772033e-01,3.732235856963921072e-02,-2.507149606496959782e-02,-1.167779525284964037e-01,-4.418943396463338724e-02,4.877428590263978292e-02,2.728732471299548656e-01,7.017758649375763040e-03,8.451290068403918831e-02,-1.716203786544613363e-01,-1.411384119868528964e-01,1.171483821955178056e-01,-2.504167333753990615e-02,2.821073053125264934e-02,1.587667831322653600e-01,-1.733124260317878973e-01,-2.618906353496636141e-02,-7.740724346960750624e-02,-7.262305014299212658e-02,-2.077027396099187240e-01,4.292746170918759763e-02,-8.294799230259708445e-02,4.737104809621126011e-02,5.958580940451861652e-02,-4.687818828500481955e-02,-4.262625216214773749e-01,-2.445134029615537996e-01,-2.958304687818828493e-01,-1.662930977651789766e-01,-3.452592850707426608e-01,-3.089838611956088332e-01,-3.138936239008755513e-01,-1.304100781983305590e-01,-1.759886234142941930e-01,-7.179429224389340114e-02,-2.544506496645727867e-02,-4.050004865813423005e-01,-2.503147082552448777e-01,-4.123086244188492455e-01,-1.582174171006658263e-03,1.553873972293116634e-01,-5.986677088925095036e-02,9.148357081642070898e-02,4.191992440723404934e-01,5.184320151687809020e-01,-1.389111251330250613e-03,-4.977256246291778853e-03,-1.325227829941390441e-02,1.771470009323526384e-01,-2.928733099146442198e-01,-1.380933545545583174e-01,-6.479066014961591680e-02,-2.382223770911225669e-01,1.441599251606503207e-01,7.718906667420083467e-02,1.689692951476852792e-02,1.268784394237621183e-01,-6.219922209769925686e-02,1.194400233559044233e-01,6.250372784092871059e-02,7.574344920247748358e-02,1.940674747056182758e-02,-1.150576520409732906e-01,-1.108228247459574489e-01,-1.421696505090268570e-01,-2.174861638240898620e-01,4.821864140210768007e-02,-1.844143287217979155e-01,-5.379078257976009636e-02,-2.037253295411380893e-01,-5.780900269660240592e-03,1.497979902620946990e-01,-2.747458004890927438e-02,1.405042866246637157e-01,-9.031891482942969174e-02,3.542406348787784376e-01,-5.826419169421345051e-02,-2.293524701066397900e-02,-1.071138192240440185e-01,-6.567121541740830737e-02,-2.252243767834775923e-02,-1.818464349283783754e-01,-1.572646594401489184e-01,1.991357687514322683e-01,6.047421275847671834e-02,8.210510784840008291e-02,-3.763314278180122929e-02,1.500020405024030945e-01,8.262936000426936156e-02,4.779641436639261304e-02,-7.217256999708050735e-02,-1.342195392231650408e-01,-1.265425413358698403e-01,-1.922828199115363679e-01,-2.253279715208649225e-01,-1.695830154858436190e-01,-7.212862071455254653e-02,1.113643426913912826e-02,1.380556837409629423e-01
1.369867744051935510e-01,-1.088843474630276677e-02,2.624949379844231379e-01,-7.980718821908089344e-02,5.163098926695736113e-02,-1.812123095661891808e-02,4.537700636322826164e-01,6.126059099228062244e-02,1.310143808330900550e-01,-3.098738341668000676e-02,6.281623863204719438e-01,3.277910148831106318e-01,0.000000000000000000e+00,3.264866629623700001e-01,2.639845047386744081e-01,4.037369447086633367e-02,-2.312517069587410531e-02,1.746638664695227550e-01,1.450797208592712606e-01,-2.358820777965085422e-02,-2.647740222069446259e-01,-8.362292771284794701e-02,3.669686610223231171e-01,1.817773717701201552e-02,-1.145381087368034373e-01,-1.256933784127402809e-01,-1.701151157278786019e-01,-2.324571729937937314e-01,2.139011580635946097e-01,2.171565442051301420e-02,5.584541153794235491e-02,6.628493575556664887e-03,-5.999547950236855387e-02,-1.499094330856477475e-01,-2.560547984768434260e-01,-3.172839971244612034e-01,-2.933881443671146338e-01,-1.585737202125889478e-01,-5.982282160672298260e-02,7.186963387108419310e-02,-2.078644101849323050e-02,-1.397587184389214865e-01,-1.904071273179322454e-01,-1.226451817459794230e-01,-1.397273260942586554e-02,-1.524302383620730339e-01,-2.201592219721298649e-01,-1.338522487906099179e-01,-1.445413421483037197e-01,-2.656263243645404573e-02,-3.393167142260688496e-01,-1.839560004897205781e-01,-2.777108074424970985e-01,-3.803151163557255132e-01,-3.641355019165026241e-01,-2.687592803618909509e-01,-7.870060806971611311e-02,-8.142232435198352991e-02,-3.172745794210623527e-01,-2.402738668148385326e-01,3.197388784770945902e-01,1.590147826551017163e-01,1.743797657503241283e-01,1.893429268338622795e-02,1.832779258450034365e-01,-9.783267252447817863e-02,-2.826551017268928989e-01,-4.277834807203915179e-01,7.163262166887982008e-02,-4.153207198892477914e-03,7.557550015853134462e-02,1.257514542503665178e-01,8.722362964567460797e-02,1.557468395757010682e-01,-1.304037997293979942e-02,3.132029923182932385e-01,1.441379505193863542e-01,1.451582017209283315e-01,1.113329503467284411e-02,-3.664114469045578332e-02,-1.329811112262163642e-01,-2.524839192714464775e-01,-1.025164103481724931e-01,2.520962238148605206e-02,3.561759729272419572e-01,-2.843549971903851503e-01,-4.118832581486678995e-02,-1.525495292717917728e-01,-5.521756464468574599e-02,-2.964379106511086381e-01,-2.434790252049135184e-01,2.339891194133398578e-01,-5.787335700316120768e-02,1.454046316265315553e-01,5.083990218145402820e-03,7.531023484613041941e-02,1.077589319068651963e-01,7.631635949257413454e-02,-1.826689143585445152e-01,6.973495443401171723e-02,1.078939189889153577e-01,1.095953840696407833e-01,-4.469171147923867160e-02,6.418007904592386292e-02,-3.502757817478629326e-02,8.409381288279040023e-02,-1.741804243617151374e-02,-7.609190422823490507e-02,-5.022461222606255243e-02,-1.024661825967119605e-01,-1.334143255825634422e-01,6.725025035394868733e-02,-7.268583483231778886e-02,-6.205952616394965621e-02,1.409327921293113406e-01,1.653937070905888984e-01
