0.000000000000000000e+00,8.694266946691093789e-01,7.343804459537959239e-01,6.340676527101299920e-01,3.454801376290272397e-01,3.739845390768130606e-01,6.030609053130167041e-01,5.097725546271058006e-01,2.109075472541221685e-01,2.381026855534206232e-01,3.649448143348675289e-01,6.189686759908843428e-01,3.721837436882791672e-01,3.208096876536038478e-01,-2.257473524286161271e-01,-3.841637249206845683e-01,-1.699048214844273708e-01,-1.769024531927253230e-01,8.733768264891192956e-01,8.419857902497877022e-01,-6.094776352830778565e-01,-5.773224898342196321e-01,8.174359890969211673e-01,6.987801063497028897e-01,-1.429465123553331184e-02,1.008534787077170619e-02,5.826891282005451644e-02,2.183833057777380682e-01,-2.776978417266187105e-01,-4.245542696277760375e-01,1.093033647616068610e-01,4.911747620537110781e-01,6.945171812860271299e-01,7.140533535904195483e-01,7.069931632333884552e-01,7.316010545600786230e-01,-7.440368202332543479e-01,-7.533401849948612172e-01,-7.628535680772152716e-01,-6.969033468877072757e-01,-5.516198221546986247e-01,-4.766969033468876904e-01,-2.389382903614996334e-01,-3.505518566513248779e-01,4.306939541534474114e-01,1.093033647616068610e-01,-6.469368604495285835e-01,-5.762768667053934646e-01,3.131060369096027446e-02,2.088475803208365011e-01,3.077930202421913508e-01,3.296840788238974279e-02,-1.971848608070065623e-01,2.910451762813351939e-01,-3.846641941105500839e-01,-6.078287680414674599e-01,6.733947003887573723e-01,7.226149515170472437e-01,6.740694401000938418e-01,4.596139237678180667e-01,7.480048259529022969e-01,6.030787792126547364e-01,3.305822422807095928e-01,4.328701014343804276e-01,6.785870682336119231e-01,5.652844184279904871e-01,6.296170517002547262e-01,4.419768532999687194e-01,5.529067429286385060e-01,5.412440234148084839e-01,5.188346217435989283e-02,-3.666383663255731035e-02,1.659234103400509530e-01,3.907368515125787534e-01,3.216765717860494145e-01,1.000625586487331881e-01,-1.196925689262254844e-01,-4.294561866035122022e-01,-2.420975021225255930e-01,-3.035390321283346071e-01,-3.538227802850886783e-01,-1.054113231154206985e-02,-6.087179945484606503e-01,-7.648465078868582623e-01,-1.595245542696277800e-03,5.601680146565977264e-02,1.990258724697260839e-02,-2.791947808213056659e-01,-4.925197730014745923e-01,-2.067608025380937575e-01,-5.764913535010500745e-01,-4.690960275258054257e-01,-2.147817150006702813e-01,-2.379596943563161981e-01,-8.106662496090084602e-01,-8.283926895750480801e-01,-4.348898520934805223e-01,-6.720765002904508512e-01,-4.861521962554180010e-01,-5.559274319674695208e-01,-4.893382188659010645e-01,-2.653693194512712905e-01,-2.976048974485008269e-01,-3.123642700746235290e-01,-5.318557576299208778e-01,-6.067205862639081237e-01,-4.310514321462085019e-01,-4.391483086822467463e-01,-4.698735421600607753e-01,3.877116939988382027e-01,9.365923410340050090e-03,-2.027481120693507277e-01,-2.130926314848742009e-01,-4.838777425264756959e-01,-5.417266187050360227e-01,2.885517672818266877e-01
8.694266946691093789e-01,0.000000000000000000e+00,6.073417042763304963e-01,5.404977881049197741e-01,2.403235175834487758e-01,3.338710398141114255e-01,4.309129094240135571e-01,4.568479377988292622e-01,7.484695473434917201e-02,1.836766611555476214e-01,1.300013405424728652e-01,5.093659234103400379e-01,1.887885964520309157e-01,2.364672237365387231e-01,-4.243487197819384438e-01,-4.586174538629965713e-01,-2.655614638723803322e-01,-2.446490012958577320e-01,8.641404888511551308e-01,8.831851289155011608e-01,-6.654854997989185783e-01,-5.905178962420125632e-01,6.425756289378434793e-01,4.759774788864560291e-01,-1.155949774342017039e-01,-1.498547745654408014e-01,6.500737298360069472e-02,1.986415836275079450e-01,-3.716832744984137071e-01,-5.096787166540059921e-01,-1.292953215067697281e-01,2.767460565708923514e-01,6.093525179856115193e-01,6.523034988158541436e-01,7.059162607801957590e-01,7.447785870682336329e-01,-7.744045757183073420e-01,-7.832700299387819198e-01,-7.531837883730282401e-01,-7.051387461459404093e-01,-5.619822154698601580e-01,-4.961392376781804114e-01,-1.022744537289423106e-01,-2.307833236516377007e-01,4.581929487465927764e-01,1.736091871844139545e-01,-5.240403950131820032e-01,-4.796371598373475043e-01,8.056213414361677871e-02,2.418919522766879715e-01,3.917735376915858492e-01,1.083381741811519777e-01,-8.341748961079584190e-02,2.462174359890969277e-01,-1.707225523928683208e-01,-5.360963403190490695e-01,7.006077125876938316e-01,8.433620805219178562e-01,7.318781000044685126e-01,4.252647571383886826e-01,7.228473122123418859e-01,6.690290004021627324e-01,2.271147057509272094e-01,4.202421913400956055e-01,5.652218597792573185e-01,4.779704186960990198e-01,7.171946914518074756e-01,5.221278877519103245e-01,6.967112024665981229e-01,7.189597390410652489e-01,-1.072433978283211971e-02,-1.839358327002993954e-01,1.037937351981768619e-01,4.298896286697350133e-01,2.778318959739041194e-01,5.722328969122838366e-02,-2.641315519013360744e-02,-3.091559050895928973e-01,-3.071182805308548258e-01,-3.707493632423253804e-01,-4.270119308280084236e-01,-1.138478037445819768e-01,-6.997899816792528815e-01,-8.392957683542606739e-01,-9.112560882970642540e-02,-2.853568077215246426e-02,-4.735242861611332205e-02,-3.520577326958309050e-01,-4.161490683229813747e-01,-2.557710353456365548e-01,-4.727423030519683489e-01,-3.397917690692166537e-01,-7.132579650565261387e-02,-1.593681576477948003e-01,-7.458733634210643615e-01,-7.230081773090843988e-01,-1.524733008624156450e-01,-5.115107913669064699e-01,-3.144197685329996883e-01,-4.791858438714866608e-01,-4.428213950578667735e-01,-1.895482371866482052e-01,-2.887260378032977526e-01,-4.159569239018722775e-01,-4.059073238303766984e-01,-4.944635595871129108e-01,-4.422628356941775696e-01,-4.725233477814022032e-01,-4.916171410697529054e-01,5.883417489610796025e-01,1.918137539657714941e-01,4.244604316546762846e-02,-1.117074042629250669e-01,-2.694981902676616414e-01,-3.557889092452745650e-01,4.023325439027659600e-01
7.343804459537959239e-01,6.073417042763304963e-01,0.000000000000000000e+00,8.041244023414808595e-01,4.395460029491934373e-01,3.757763975155279379e-01,7.948121006300549185e-01,6.012154251753876189e-01,4.603467536529782245e-01,5.160016086509674471e-01,2.906340765896599510e-01,5.704946601724831812e-01,4.283167255015862818e-01,3.317842620313686819e-01,9.328388221100138156e-02,1.469681397738951782e-02,-2.425086018142008082e-01,-3.090263193172170242e-01,7.314938111622503181e-01,7.204656150855712760e-01,-1.105009160373564558e-01,-7.852450958487867949e-02,7.095759417310871786e-01,8.234594932749452756e-01,1.420885651727065435e-01,2.426515930113052333e-01,1.702846418517360016e-01,3.744001072433978394e-01,-2.598820322623888734e-01,-3.276687966397068830e-01,1.602841950042450392e-01,4.206845703561374328e-01,3.106394387595513562e-01,3.391170293578801287e-01,4.020197506591000614e-01,4.814022074266052775e-01,-4.686849278341302383e-01,-5.174181151972832016e-01,-3.983600697082085862e-01,-2.896152643102908875e-01,-1.887215693283882112e-01,-2.340721211850395334e-01,-5.095535993565396549e-01,-4.756021269940569063e-01,1.289289065641896492e-01,-7.111130970999597622e-02,-6.535680772152464568e-01,-5.800840073282989007e-01,-2.801555029268510411e-01,1.266544528352473165e-01,4.437195585146789210e-03,-1.280352115822869785e-01,-2.811117565574869359e-01,1.910853925555207888e-01,-3.166629429375754090e-01,-3.600026810849457082e-01,2.687296125832253635e-01,3.694713794182045707e-01,3.970865543589972568e-01,5.742839268957504739e-01,3.653469770767237002e-01,2.691094329505339666e-01,-1.223021582733812944e-02,3.941194870190804257e-03,4.198891818222440508e-01,4.829929844943920414e-01,3.626614236561061522e-01,3.112828991465212969e-01,4.612493855846999669e-01,4.402609589347155628e-01,6.507440010724339918e-02,1.044729433844228915e-02,-1.629205952008579497e-02,1.449081728406095004e-01,4.150676973948791426e-01,3.556906027972652623e-02,-3.196970374011349758e-01,-3.939496849725188654e-01,-2.930202421913400967e-01,-3.469234550248000426e-01,-3.897314446579382419e-01,-8.961526431029090412e-02,-2.640734617275123930e-01,-4.774073908575003355e-01,-1.260199293980964197e-01,-8.519594262478216717e-02,4.297153581482640039e-01,1.684659725635640481e-01,-2.891594798695205082e-01,4.724518521828499629e-02,-5.482282496983779119e-01,-4.057017739845390492e-01,-5.635685240627373860e-01,-4.388667947629474320e-01,-6.402296796103489340e-01,-6.833951472362482793e-01,-4.944769650118414628e-01,-5.539568345323740983e-01,-3.818892711917422633e-01,-4.223602484472049889e-01,-3.103757987398900742e-01,-4.601188614325930626e-01,-7.958353813843336080e-03,3.630635863979624067e-02,-4.499843603378166912e-01,-4.831225702667679700e-01,-9.830644800929442054e-03,-3.327226417623665305e-02,-3.969703740113499357e-01,7.869878010634970278e-02,-3.566334510031726190e-01,-4.663255730819071410e-01,-5.319630010277491827e-01,-5.341212744090442222e-01,-7.677376111533134040e-01,1.999285044014477986e-01
6.340676527101299920e-01,5.404977881049197741e-01,8.041244023414808595e-01,0.000000000000000000e+00,1.724473837079404936e-01,1.703963537244738424e-01,8.127217480673846195e-01,8.696009651905804994e-01,3.302068903883104700e-01,6.348943205683900137e-01,3.036328701014343739e-02,4.552169444568568979e-01,2.165691049644756228e-01,2.871710085347870534e-01,-1.545153938960632800e-01,-4.691004960007149477e-02,-4.255462710576879970e-01,-4.636936413602037454e-01,6.433039903480941568e-01,7.115956923901872733e-01,-1.439608561597926495e-01,-6.144153000580901934e-03,5.608114750435676532e-01,7.974976540506725220e-01,-1.812681531793199075e-01,-1.854417087448053921e-03,-1.248938737208990513e-01,8.407435542249430682e-02,-4.197819384244157459e-01,-4.834889852093480767e-01,-8.955717413646722969e-02,2.579695250011171392e-01,3.103936726395281065e-01,4.278922203851825423e-01,4.314759372626122969e-01,5.736583404084185656e-01,-6.063094865722329363e-01,-6.523034988158541436e-01,-3.979713123910809114e-01,-2.820903525626703434e-01,-3.303364761606863431e-01,-3.642030474998882994e-01,-5.182581884802717198e-01,-3.551409803833951440e-01,2.005853702131462635e-01,1.089548237186648144e-01,-6.682559542428169186e-01,-5.549845837615622335e-01,-1.609455292908530399e-01,2.228339067876133894e-01,-4.665981500513874392e-02,-9.706421198444971365e-02,-1.967692926404218112e-01,1.734215112382143931e-02,-2.736270610840519923e-01,-3.786853746816211674e-01,1.262612270432101613e-01,2.529290853031860298e-01,4.245498011528665017e-01,7.679878457482460785e-01,3.307297019527235538e-01,2.991420528173734383e-01,-1.286116448456141870e-01,-8.403413914830867859e-02,2.477635283077885553e-01,6.335224987711693956e-01,4.386969927163859029e-01,6.132534965816166528e-01,4.434693239197461945e-01,4.478886456052549314e-01,1.532105992224853663e-01,5.182090352562670338e-02,-2.091022833906787670e-01,7.238482505920729171e-02,4.258277849769873669e-01,-6.327360471870950055e-03,-1.513472451852182765e-01,-2.810402609589346956e-01,-4.523705259394968370e-01,-5.128826131641270880e-01,-5.683542606908261741e-01,-3.250994235667366561e-01,-4.029134456410027321e-01,-5.710308771616247059e-01,-3.699673801331605505e-01,-2.743464855444836537e-01,4.215246436391259510e-01,1.421824031458063242e-01,-1.409714464453282190e-01,1.301934849635819347e-01,-2.817775593190044447e-01,-3.605120872246302399e-01,-4.697350194378658306e-01,-4.916484203941194897e-01,-6.580991107734930345e-01,-7.095625363063586821e-01,-3.731310603690960459e-01,-5.893516242906295943e-01,-2.309218463738326177e-01,-3.052817373430448122e-01,-1.224138701461191248e-01,-4.911434827293444938e-01,2.004468474909513465e-01,1.677867643773180151e-01,-1.408731399973189025e-01,-2.958041020599669335e-01,1.302694490370436553e-01,9.636266142365611242e-02,-4.654497519996425026e-01,1.781446892175700403e-01,-3.153894275883640796e-01,-3.461861566647303490e-01,-5.553331248045042523e-01,-3.074981008981634845e-01,-6.386031547432861055e-01,2.961213637785423680e-01
3.454801376290272397e-01,2.403235175834487758e-01,4.395460029491934373e-01,1.724473837079404936e-01,0.000000000000000000e+00,7.849814558291254851e-01,2.470083560480808016e-01,-4.251307028911032598e-02,6.494123955493990019e-01,2.685955583359399546e-01,3.108047723312033495e-01,4.132222172572501129e-01,2.779480763215514405e-01,1.555744224496179440e-01,2.938200992001430145e-01,3.906340765896599426e-02,2.644845614191876360e-01,1.865454220474551950e-01,3.012958577237588864e-01,2.338844452388399719e-01,5.290674292863845572e-03,-1.256490459806068327e-01,5.151704723177978895e-01,4.905089592921935693e-01,6.408820769471379464e-01,6.953170382948299366e-01,6.676884579293087540e-01,8.125653514455516424e-01,3.149023638232271161e-01,2.184235220519236687e-01,5.519907055721882116e-01,6.130747575852361075e-01,3.737700522811564507e-01,3.116537825640108839e-01,9.659502211895079626e-02,6.680816837213458814e-02,-3.243219089324813481e-02,-7.801063497028463967e-02,-1.977210777961481702e-01,-2.997095491308816029e-01,-5.742437106215648318e-02,-2.078913266902006340e-01,2.727110237276017535e-02,-9.630903972474194608e-02,2.605791143482729111e-01,3.694535055185665245e-02,-1.631663613208811925e-01,-3.026542740962509526e-01,-2.913266902006345083e-01,-4.024353188256847846e-01,1.138120559453058636e-02,-3.022253005049376773e-01,-4.672818267125430358e-01,8.135752267751016065e-02,-3.057017739845390714e-01,-3.665758076768398932e-01,3.922248536574466926e-01,2.934089995084677716e-01,-5.817954332186424382e-03,-1.075383171723490738e-01,2.518789936994503820e-01,7.483354930962062002e-02,3.183073417042763253e-01,1.751061262791009376e-01,3.875016756780910732e-01,1.083605165556995459e-01,1.894052459895437801e-01,-5.918048170159524723e-02,1.823673980070601996e-01,8.610304303141337601e-02,2.872871888824344300e-01,2.811162250323964162e-01,4.750659100049153261e-01,1.850127351534921194e-01,-2.105545377362706000e-02,-9.629116582510388600e-02,-3.692926404218240255e-01,-3.526788507082532775e-01,3.091380311899548650e-01,2.512668126368470256e-01,2.689262254792439411e-01,3.923231601054559814e-01,-4.343804459537959489e-02,-5.012735153492112877e-02,2.550069261361097572e-01,2.905223647169221102e-01,-1.235265203985879551e-01,-2.037401134992627150e-01,-5.005764332633272362e-01,-3.158049957549488584e-01,-5.764779480763215780e-01,-4.034988158541489844e-01,-2.592698511997855171e-01,-1.820635417132132894e-01,-9.892309754680728151e-02,-1.086062826757227817e-01,-2.669690334688770705e-01,-1.044059162607801905e-01,-4.233388444523883964e-01,-5.016443987667009718e-01,-3.656106170963849822e-01,-2.016667411412484956e-01,-3.080968765360382333e-01,-1.830197953438491565e-01,-5.487242504133339471e-01,-4.471960319942803741e-01,-1.742347736717458351e-01,-3.360918718441395781e-01,-7.326511461638142431e-02,-6.494928280977702029e-02,-7.078064256669199146e-03,-2.587246972608248652e-01,1.085839403011752127e-03,-4.900040216274185734e-01,-4.998972250770811754e-01,-7.185307654497519701e-03
3.739845390768130606e-01,3.338710398141114255e-01,3.757763975155279379e-01,1.703963537244738424e-01,7.849814558291254851e-01,0.000000000000000000e+00,1.549533044371955715e-01,-7.014165065463157100e-02,6.744805397917690293e-01,2.736538719335090963e-01,2.947852897805978700e-01,3.368112963045712394e-01,3.345636534250860383e-01,1.907636623620358463e-01,1.214486795656642415e-01,-2.224853657446713290e-02,1.183341525537334044e-01,7.107556191071986995e-02,2.927878814960453990e-01,2.479824835783547010e-01,-9.206398856070423242e-02,-1.823986773314267840e-01,4.268153179319897905e-01,4.057375217838151693e-01,2.859689887841279643e-01,4.374145404173555574e-01,3.785245095848786545e-01,7.995620894588676419e-01,1.854417087448053947e-01,6.728182671254301361e-02,4.242727557084767231e-01,4.542338799767639546e-01,3.182045667813575007e-01,2.564234326824255117e-01,2.203360293131954029e-01,1.993207918137539780e-01,-1.575986415836275190e-01,-2.045265650833370530e-01,-2.781312837928415216e-01,-2.925197730014745812e-01,-4.568568747486483062e-02,-1.895750480361052814e-01,-6.305911792305286812e-02,-2.062379909736806738e-01,1.878502167210331086e-01,-2.278028508869922586e-02,-2.410295366191518851e-01,-2.890164886724160831e-01,-1.787702757049019209e-01,-1.432056839000848958e-01,2.755708476696903109e-01,5.496224138701460982e-03,-1.303364761606863598e-01,2.176281335180302867e-01,-9.773001474596719473e-02,-1.916707627686670412e-01,4.384110103221770527e-01,3.684615040886545234e-01,2.021672103311139834e-01,-4.022967961034899093e-02,3.936905134277671192e-01,2.800840073282988563e-01,2.959113454577952385e-01,2.530676080253809190e-01,4.986907368515126060e-01,1.930962062648018118e-01,2.344385361276196400e-01,-4.801376290272130198e-02,2.266410474105187978e-01,1.675946199562089456e-01,2.897940033066714327e-01,3.276196434157022108e-01,3.273962196702265293e-01,2.510880736404665359e-01,4.077036507440010699e-02,-1.360650609946825185e-01,-3.288752848652755079e-01,-3.154564547120067841e-01,9.953974708432011820e-02,1.026229947718843571e-01,7.849769873542160326e-02,2.000714955985522236e-01,-1.985834934536842566e-01,-1.689038831046963673e-01,1.479422673041690950e-01,1.785379150096072232e-01,-2.094284820590732454e-01,-2.709549130881629964e-01,-3.946065507842173581e-01,-1.754770096965905524e-01,-4.908217525358595235e-01,-2.136109745743777766e-01,-2.090531301666741226e-01,2.498324321908932527e-02,-2.164305822422807057e-01,-1.834443004602529237e-01,-6.320657759506680129e-02,-8.503954600294919008e-02,-3.253005049376647695e-01,-3.541534474283926648e-01,-2.138433352696724743e-01,7.181732874569909941e-02,-2.796997184860807173e-01,-1.657133920193038235e-01,-4.995844318334152767e-01,-3.507886858215291115e-01,-1.347870771705616810e-01,-2.540059877563787261e-01,-1.065239733678895462e-01,3.899191206041378172e-02,7.126770633182895331e-02,-3.949684972518879150e-02,-6.122704321015237650e-02,-2.828857410965637253e-01,-3.751195317038295007e-01,-1.733768264891192646e-03
6.030609053130167041e-01,4.309129094240135571e-01,7.948121006300549185e-01,8.127217480673846195e-01,2.470083560480808016e-01,1.549533044371955715e-01,0.000000000000000000e+00,7.894186514142722544e-01,5.156977523571205646e-01,6.822422807095938069e-01,3.586397962375441062e-01,5.168997721077795982e-01,5.545600786451584385e-01,4.299789981679252859e-01,1.253407212118503866e-01,1.574333080119755257e-01,-1.899772107779614805e-01,-2.056749631350819896e-01,5.111845926985120192e-01,5.397962375441262006e-01,-1.912954108762679462e-02,9.956208945886768635e-02,5.346396174985477145e-01,7.991286473926448863e-01,-3.765136958755976870e-02,1.316278654095357215e-01,-7.338129496402877316e-02,1.026051208722462971e-01,-2.108986103043031524e-01,-2.437687117386835856e-01,1.071227490057643367e-01,3.790383841994727221e-01,3.253183788373028018e-01,3.859689887841279976e-01,3.246659815005139005e-01,4.515036418070512703e-01,-4.753206130747575919e-01,-5.077662093927343134e-01,-3.457482461235980020e-01,-2.286920773939854212e-01,-2.517360025023459569e-01,-1.668886009205058363e-01,-4.976004289735913022e-01,-3.195004245051163982e-01,1.804548907457884654e-01,4.901916975736181348e-02,-6.205639215335806425e-01,-4.242280709593815868e-01,-1.866347915456454676e-01,1.613566289825282551e-01,-1.368961973278519928e-01,-7.326958309129094626e-02,-3.357656731757451274e-01,8.976272398230483729e-02,-2.680101881227937022e-01,-3.132356226819786316e-01,6.306805487287188428e-02,1.824567675052504445e-01,2.140578220653291119e-01,6.331918316278654091e-01,2.877385048482952734e-01,2.418874838017784634e-01,5.758523615889896835e-02,5.583806246927923433e-02,3.362974216899772273e-01,5.602171678806023847e-01,3.177130345413110568e-01,4.560212699405692960e-01,2.325841190401715941e-01,2.255060547835023854e-01,3.609187184413959609e-02,2.059520085794718236e-01,-1.587425711604629475e-01,7.539210867330979615e-02,1.886143259305599063e-01,2.702131462531837669e-01,-1.117833683363867875e-01,-3.208945886768845845e-01,-2.489163948344430000e-01,-2.799097368068278469e-01,-3.191295410876268113e-01,-1.201126055677197331e-02,-2.646364895661110772e-01,-4.419142946512355508e-01,-2.038518253720005280e-01,-1.188703695428750123e-01,5.045444389829750742e-01,2.647079851646633175e-01,-2.027213012198936515e-01,1.492113141784708885e-01,-3.341123374592251394e-01,-4.126815317931989968e-01,-6.084320121542518001e-01,-6.468028062022431746e-01,-5.819339559408374107e-01,-6.865007372983600309e-01,-5.126502524688323348e-01,-5.444345145002010833e-01,-1.365074400107243457e-01,-2.810045131596586310e-01,-1.072568032530497317e-01,-6.277715715626256410e-01,2.144555163322758029e-01,2.672013941641717683e-01,-2.146476607533848724e-01,-3.585146789400777689e-01,2.068546405111935382e-01,1.329281916082041270e-01,-4.362706108405201566e-01,4.376871173868358833e-02,-3.374815675409982840e-01,-4.740515662004557984e-01,-4.522543455918495159e-01,-4.224272755708476934e-01,-7.525492649358773711e-01,2.398587961928593804e-01
5.097725546271058006e-01,4.568479377988292622e-01,6.012154251753876189e-01,8.696009651905804994e-01,-4.251307028911032598e-02,-7.014165065463157100e-02,7.894186514142722544e-01,0.000000000000000000e+00,1.824165512310648440e-01,6.303454131105054037e-01,2.374994414406363108e-02,4.466821573796863065e-01,1.812949640287769837e-01,4.078555788909245527e-01,-1.854595826444434548e-01,5.196389472273112847e-02,-3.758478931140801782e-01,-3.916662942937575442e-01,5.002457661200232497e-01,6.078645158407435245e-01,-1.383797309978104517e-01,4.421555922963492369e-02,3.723312033602931281e-01,6.158898967782295841e-01,-2.818758657670137335e-01,-1.378479824835783518e-01,-2.209750212252558077e-01,-1.164484561419187603e-01,-4.161892845971669752e-01,-4.156351937083873072e-01,-1.803342419232316085e-01,1.726171857545019950e-01,2.678493230260511893e-01,4.250994235667366894e-01,3.519996425220072167e-01,4.884936771080030660e-01,-5.546360427186201036e-01,-5.913043478260869845e-01,-3.443317395772822476e-01,-2.396487778721122508e-01,-3.317574511819116334e-01,-2.443808928012869142e-01,-3.890745788462398047e-01,-1.810357924840252097e-01,2.423253943429107549e-01,1.645203092184637506e-01,-4.733634210643907214e-01,-3.522230662674828983e-01,1.521068859198355591e-02,2.718486080700656671e-01,-6.860896376066848157e-02,-3.614996201796327052e-02,-1.898833728048616998e-01,-9.551365119084856414e-02,-1.044818803342419250e-01,-2.936234863041243814e-01,1.172527816256311792e-02,1.511729746637472671e-01,3.649492828097770092e-01,7.353501050091604263e-01,2.806604405916260925e-01,3.424683855400151855e-01,-4.415300058090174118e-02,8.999508467759953848e-03,1.807498100898163595e-01,6.376960543366548828e-01,4.564770543813396753e-01,6.883283435363510838e-01,3.522141293176638821e-01,3.886456052549264739e-01,1.039456633451003170e-01,1.350373117654944319e-02,-2.408239867733142636e-01,1.084409491040707746e-01,3.209437419008892012e-01,1.571830734170427679e-01,1.265472094374190011e-02,-1.934849635819294866e-01,-4.055811251619821922e-01,-4.754233879976764165e-01,-4.995754948835962050e-01,-2.729657267974440193e-01,-3.615219625541802317e-01,-5.302694490370436498e-01,-3.749720720318155398e-01,-2.418383305777738190e-01,4.307207650029045154e-01,1.473568970910228426e-01,-6.609321238661244879e-02,1.298672862951874563e-01,-8.727825193261540271e-02,-3.799231422315563766e-01,-3.975736181241342204e-01,-6.139327047678627691e-01,-5.424147638411009886e-01,-6.064122614951517054e-01,-2.772152464363912827e-01,-4.722284284373743368e-01,1.674337548594664535e-02,-2.105634746860896300e-01,1.338755082890209606e-02,-6.073997944501541291e-01,3.323606952946959181e-01,2.368023593547522176e-01,-7.372983600697082624e-04,-2.361901782921488890e-01,2.310737745207560589e-01,1.780419142946512434e-01,-4.734527905625809940e-01,1.646677688904776837e-01,-2.028374815675410003e-01,-3.222932213235622512e-01,-3.906608874391170327e-01,-2.051655569953974578e-01,-5.443764243263774505e-01,3.345636534250860383e-01
2.109075472541221685e-01,7.484695473434917201e-02,4.603467536529782245e-01,3.302068903883104700e-01,6.494123955493990019e-01,6.744805397917690293e-01,5.156977523571205646e-01,1.824165512310648440e-01,0.000000000000000000e+00,6.414361678359176144e-01,3.886813530542025941e-01,2.698690736851512839e-01,5.723803565842977559e-01,2.729746637472630355e-01,4.181688189820814139e-01,3.729344474730774128e-01,1.439966039590687696e-01,8.948121006300549518e-02,8.888690290004021277e-02,6.886366683051074744e-02,2.820948210375798793e-01,2.578041914294651460e-01,2.869565217391304435e-01,5.058447651816434520e-01,2.712721748067384864e-01,4.638857857813128427e-01,1.878546851959426167e-01,5.575584253094418852e-01,2.439921354841592671e-01,2.082711470575092649e-01,4.185084230752044165e-01,3.621028642924170038e-01,1.109701059028553594e-01,6.756334063184235572e-02,-4.931408910138969370e-02,1.081817775593190041e-02,-4.955538674650342146e-02,-1.175387640198400224e-01,-5.959604986817999134e-02,2.886634791545645336e-03,8.492783413021136318e-02,-1.451360650609946797e-02,-2.360605925197729882e-01,-2.192501899101836627e-01,1.657357343938513708e-02,-1.102194021180571137e-01,-2.283614102506814347e-01,-2.696367129898565862e-01,-3.601009875329549970e-01,-2.280352115822869563e-01,-5.442155592296349376e-02,-7.436882791903123846e-02,-2.754412618973144378e-01,1.007194244604316460e-02,-8.650520577326958893e-02,-9.974082845524821772e-02,-2.221725725010054164e-02,-2.737387729567898609e-02,-1.086509674248179042e-01,9.768532999687207230e-02,1.597971312391081034e-01,1.148666160239510264e-01,1.597747888645605352e-01,1.765047589257786459e-02,3.133920193038116087e-01,2.624335314357210125e-01,-1.489342687340810580e-02,-3.148040573752178273e-02,-2.047008356048080763e-02,-1.120827561553241897e-01,2.724384467581214553e-01,5.461280664909066163e-01,1.429018276062379855e-01,9.490147012824523554e-02,-4.093569864605210024e-02,5.153938960632736127e-02,-2.898565619554046013e-01,-3.565932347289870186e-01,1.492247196031994405e-01,1.380177845301398531e-01,1.205371106841235107e-01,1.872380356584297800e-01,-5.268331918316278284e-03,-1.998301979534384751e-02,3.458599579963358289e-02,1.595692390187228998e-02,1.755395683453237488e-01,1.410876267929755679e-01,-1.682961705170025468e-01,-1.653335716519951741e-04,-2.871933509093346215e-01,-2.549309620626480366e-01,-4.508333705706242256e-01,-3.276330488404307628e-01,-1.664864381786496372e-01,-2.135662898252826403e-01,-2.420304749988828885e-01,-1.256445775056972969e-01,-1.441217212565351347e-01,-2.290406184369274678e-01,4.082398677331426640e-02,-2.589034362572054104e-01,1.003440725680325302e-01,2.316502077840832952e-01,-2.914115912239153006e-01,-2.412574288395370747e-01,2.559229634925599961e-01,1.372804861700701595e-01,-1.340050940613968511e-01,-2.515036418070512592e-01,-2.449528575897046423e-01,-3.030296259886500754e-01,-1.802984941239554884e-01,-2.915456454712006540e-01,-5.459269851199785029e-01,-2.352652039858796340e-02
2.381026855534206232e-01,1.836766611555476214e-01,5.160016086509674471e-01,6.348943205683900137e-01,2.685955583359399546e-01,2.736538719335090963e-01,6.822422807095938069e-01,6.303454131105054037e-01,6.414361678359176144e-01,0.000000000000000000e+00,1.735555654854998020e-01,3.711649314089101592e-01,3.590508959292193492e-01,3.890432995218731649e-01,2.017024889405245880e-01,4.397917690692166870e-01,-1.373117654944367438e-01,-1.506993163233388555e-01,1.670271236427007533e-01,2.533312480450422011e-01,2.158943652531390978e-01,3.460431654676259239e-01,2.097546807274677239e-01,5.960453997050806363e-01,-5.163322757942714197e-02,1.149962017963269134e-01,-6.628982528263104024e-02,2.609991509897671702e-01,-1.497430626927029884e-01,-1.026185262969748491e-01,6.010992448277403116e-02,1.751865588274721941e-01,1.112739621967022696e-01,1.604003753518923880e-01,3.581929487465927708e-02,2.079851646633004147e-01,-2.560033960409312526e-01,-3.498771169399884085e-01,-1.173778989230975511e-01,-1.253854059609455299e-02,-4.047544573037222676e-02,-1.354260690826221136e-01,-3.757049019169757531e-01,-8.923544394298225935e-02,8.338621028642924371e-02,6.420304749988828275e-02,-3.784306716117789016e-01,-2.404262925063675727e-01,-2.380714062290540112e-01,5.691496492247195838e-02,-1.935385852808436391e-01,-1.272353545734840607e-01,-2.645918048170159409e-01,-1.318066044059162667e-01,-8.689396309039724986e-02,-1.619330622458554914e-01,-1.764019840028598352e-01,-1.397604897448500860e-01,9.870861075115063346e-03,5.679476294740605224e-01,3.999285044014477819e-02,1.533491219446802833e-01,-4.342017069574154176e-02,-1.387416774654810225e-01,9.920907994101613170e-02,4.313374145404173521e-01,1.716117788998614835e-01,3.603378167031592305e-01,1.598150051387461357e-01,1.514366146834085491e-01,2.861477277805085095e-01,4.064569462442468306e-01,-2.404307609812770807e-01,-7.622324500647928436e-02,1.718352026453371373e-01,5.362616738907011182e-02,-1.730819071450913904e-01,-2.418293936279547751e-01,-1.540193931811073003e-01,-1.477545913579695336e-01,-2.044595379596943485e-01,-9.777469949506233104e-02,-1.911836990035301054e-01,-2.394208856517270612e-01,-2.222530050493766451e-01,-2.510344519415523279e-01,5.097323383529202001e-01,2.785647258590642772e-01,3.883104696367129828e-03,2.252870995129362397e-01,-6.105724116359086823e-02,-2.902140399481656918e-01,-6.005809017382367498e-01,-6.834219580857053833e-01,-2.622190446400643471e-01,-3.673354484114571550e-01,-2.521113543947450797e-01,-2.380714062290540112e-01,4.366146834085526951e-02,-1.760668483846463128e-01,2.815586040484382435e-01,-5.878993699450377752e-01,4.951427677733589716e-01,4.838956164261137838e-01,5.879619285937709439e-02,-9.390500022342374020e-02,5.005004691898654601e-01,3.993654765628490977e-01,-3.420930336476160627e-01,-9.614370615308995283e-02,-2.448188033424192334e-01,-3.527816256311721022e-01,-3.074400107243397962e-01,-2.130747575852361686e-01,-6.469323919746190477e-01,2.633987220161758680e-01
3.649448143348675289e-01,1.300013405424728652e-01,2.906340765896599510e-01,3.036328701014343739e-02,3.108047723312033495e-01,2.947852897805978700e-01,3.586397962375441062e-01,2.374994414406363108e-02,3.886813530542025941e-01,1.735555654854998020e-01,0.000000000000000000e+00,6.020778408329237052e-01,8.420528173734304067e-01,5.569909289959337206e-01,5.214576165154832799e-01,2.238169712677063328e-01,5.416998078555789187e-01,5.310335582465703919e-01,1.558469994190982699e-01,4.254434961347691724e-02,-1.131551901336074056e-01,-1.414316993610080786e-01,4.183073417042763031e-01,3.891326690200634375e-01,3.283122570266767681e-01,4.453684257562893767e-01,1.862907189776129291e-01,2.980517449394521901e-01,4.039992850440145000e-01,3.990303409446355754e-01,6.273291925465838137e-01,6.058805129809196055e-01,3.098261763260199420e-01,2.457437776486885161e-01,2.141740024129764469e-02,6.754099825729478757e-02,-7.080745341614906596e-02,-6.547209437419009015e-02,-2.167299700612181079e-01,-1.976808615219625420e-01,-1.093435810357924927e-02,4.260243978730059167e-02,-2.065954689664417643e-01,-3.098932034496626464e-01,3.225792037177711152e-02,-2.775905983287904055e-01,-3.600920505831359808e-01,-3.255194602082309152e-01,-5.472988069171991904e-02,-5.835828231824478213e-02,3.118995486840341405e-02,9.601412038071406585e-02,-2.961794539523660563e-01,2.685285312122972501e-01,-3.052683319183162602e-01,-2.790517896242012408e-01,1.416059698824791158e-01,1.071227490057643367e-01,-1.360963403190491028e-01,-5.928325662451405104e-02,2.033558246570445482e-01,2.216184816122257484e-01,6.152777157156262833e-01,4.827338129496402952e-01,5.200053621698914608e-01,2.168014656597703205e-01,-1.656687072702086871e-01,-2.959873095312569591e-01,-2.963805353232941697e-01,-3.174583314714687909e-01,-2.727557084766969037e-02,3.976629876223244930e-01,4.234907725993118377e-01,2.365297823852719195e-01,-2.005317485142320832e-01,3.680012511729746638e-01,-2.271727959247508699e-01,-2.438670181866928743e-01,4.310335582465704696e-01,4.645873363421064162e-01,3.604405916260779996e-01,6.097368068278297137e-01,3.194959560302068884e-03,-5.084230752044327506e-02,4.763215514544885676e-01,5.096161580052728235e-01,8.332812011260556928e-02,9.662183296840788638e-02,-2.815809464229858117e-01,-2.625675856830063729e-02,-4.223245006479288688e-01,-3.712945171812860323e-01,-3.022297689798471576e-01,-2.126189731444657893e-01,-1.559184950176504825e-01,-2.771124715134724581e-01,-5.672013941641718127e-01,-3.366772420572858304e-01,-3.014299119710442953e-01,-3.622011707404262926e-01,-3.085124447026230121e-01,-2.017873899638053525e-01,-2.652531391036239139e-01,-1.231824478305554305e-01,-5.614325930559900257e-01,-5.239420885651726589e-01,-6.668305107466820925e-02,-1.988203226238884624e-01,-1.186871620715849729e-01,-2.130434782608695565e-01,-1.310156843469323928e-01,-4.506367576746056480e-01,6.743822333437597683e-02,-6.192412529603645854e-01,-4.964118146476607651e-01,-1.064390723446087886e-02
6.189686759908843428e-01,5.093659234103400379e-01,5.704946601724831812e-01,4.552169444568568979e-01,4.132222172572501129e-01,3.368112963045712394e-01,5.168997721077795982e-01,4.466821573796863065e-01,2.698690736851512839e-01,3.711649314089101592e-01,6.020778408329237052e-01,0.000000000000000000e+00,5.349792215916707727e-01,7.768175521694445917e-01,1.859600518343089426e-01,1.074668215737968613e-01,2.227936905134277612e-01,1.926448902989409684e-01,5.518611197998123385e-01,5.085079762277134874e-01,-2.943026944903704423e-01,-2.498190267661647146e-01,6.678046382769560196e-01,6.587336342106439036e-01,2.918182224406810077e-01,4.284284373743241225e-01,3.663791947808213156e-01,4.277045444389829809e-01,2.978238527190669657e-02,6.468564279011573825e-02,4.058179543321864258e-01,6.633763796416283220e-01,5.764466687519549382e-01,5.854327717949863175e-01,3.673309799365476747e-01,4.385763438938290459e-01,-3.609499977657625314e-01,-3.710889673354484386e-01,-4.742839268957504961e-01,-4.710621564859913124e-01,-1.681933955940837500e-01,-1.591894186514142828e-01,-2.580052728003932039e-01,-2.964296885472987864e-01,3.125206666964565061e-01,-8.933821886590107009e-02,-5.661602395102551810e-01,-5.006926136109746128e-01,5.750033513561821075e-02,1.013360739979445035e-01,2.124893873720899162e-01,1.340587157603110036e-01,-3.829482997452969273e-01,3.148934268734080999e-01,-2.371106841235086360e-01,-4.275749586666071078e-01,2.804012690468742908e-01,2.968407882389740293e-01,1.920148353366995797e-01,3.600116180347647243e-01,3.970418696099021205e-01,5.068903883104696195e-01,5.019750659100049583e-01,4.246749184503328944e-01,6.250368649180034764e-01,6.393449215782653905e-01,3.188569641181464576e-01,1.886053889807408623e-01,1.256043612315116964e-01,1.244783055543143141e-01,-2.244514947048572434e-02,7.397560212699405557e-02,3.013450109477635031e-01,2.796326913624380128e-01,2.086018142008132514e-01,3.311184592698511731e-01,-2.046650878055319700e-01,-2.642030474998882661e-01,1.407793020242191218e-01,1.279860583582823064e-01,2.718620134947942121e-02,4.183207471290048551e-01,-3.025872469726082481e-01,-4.172393762009026230e-01,3.633004155681665570e-01,5.139103623933151122e-01,1.790696635238393231e-01,2.510836051655570070e-02,-3.879038384199472445e-01,5.405067250547387903e-02,-5.144957326064614200e-01,-5.575271459850752453e-01,-4.049600071495598752e-01,-4.994503775861298678e-01,-3.612270432101523654e-01,-4.929129987935117474e-01,-5.749229188078108788e-01,-4.505429197015058951e-01,-2.453684257562893656e-01,-4.946020823093078556e-01,-5.056704946601724426e-01,-5.616604852763751321e-01,-2.554046204030564482e-01,-2.116314401894633379e-01,-6.283167255015863484e-01,-7.662272666338978411e-01,-7.975780865990438062e-02,-3.129407033379507652e-01,-3.991018365431878157e-01,1.044103847356897125e-01,-2.758836409133562720e-02,-3.726439966039590823e-01,3.420617543232494506e-02,-8.058090173823674318e-01,-7.320344966263014896e-01,3.250726127172796076e-01
3.721837436882791672e-01,1.887885964520309157e-01,4.283167255015862818e-01,2.165691049644756228e-01,2.779480763215514405e-01,3.345636534250860383e-01,5.545600786451584385e-01,1.812949640287769837e-01,5.723803565842977559e-01,3.590508959292193492e-01,8.420528173734304067e-01,5.349792215916707727e-01,0.000000000000000000e+00,5.501988471334733344e-01,4.063318289467804378e-01,2.557665668707270190e-01,2.977612940703338040e-01,3.033647616068635977e-01,1.699226953840654308e-01,9.095133830823540211e-02,-3.320076857768443444e-03,2.055498458376156263e-04,3.776084722284284156e-01,4.548684034139148236e-01,1.371017471736896143e-01,3.115822869654586991e-01,2.673041690870905929e-02,2.490191697573618246e-01,2.588900308324768584e-01,2.557799722954555710e-01,4.621028642924169816e-01,4.752535859511148875e-01,2.287144197685329894e-01,1.679386925242414841e-01,4.787524018052638497e-02,1.379284150319496083e-01,-1.646230841413825474e-01,-1.657223289691228396e-01,-2.121899995531525140e-01,-1.161490683229813720e-01,2.526922561329818240e-02,4.406363108271146856e-02,-4.087090575986415675e-01,-4.653916618258188698e-01,-6.195093614549354588e-02,-3.192278475356361001e-01,-4.870324858125921752e-01,-3.943071629652799559e-01,-1.767326511461638217e-01,1.349926270163992990e-02,7.509272085437240785e-02,2.473032753921086679e-01,-2.290853031860226041e-01,2.819026766164707820e-01,-1.662853568077215238e-01,-1.503239644309397327e-01,4.220027704544439262e-02,9.496402877697841804e-02,-2.134590464274543214e-02,1.472049689440993736e-01,3.163858974931855750e-01,2.942580097412753060e-01,4.284016265248670741e-01,3.585370213146253371e-01,4.456499396755887465e-01,3.220251128289914888e-01,-1.014567228205013605e-01,-1.582778497698735520e-01,-2.172572501005406720e-01,-2.388131730640332406e-01,-8.724250413333929643e-02,4.193708387327405029e-01,2.128781446892175633e-01,2.059073238303766873e-01,-1.444702622994771812e-01,3.740158184011797005e-01,-1.713392019303811575e-01,-2.840252021984896458e-01,2.106394387595513784e-01,2.404933196300102771e-01,1.241565753608293438e-01,3.993788819875776497e-01,-9.160373564502435895e-02,-1.464095804102059917e-01,2.096027525805442548e-01,3.007060190357030982e-01,1.882523794628893077e-01,1.915411769962911681e-01,-1.827114705750927104e-01,1.529737700522811605e-01,-2.759506680369989695e-01,-2.075695964967156637e-01,-3.530005809017382479e-01,-2.344027883283435476e-01,-2.625452433084587978e-01,-3.779480763215514738e-01,-4.647169221144823448e-01,-3.378211716341212867e-01,-1.045489074578846295e-01,-2.073282988516019498e-01,-1.586666070870011991e-01,-2.063765136958755908e-01,-9.733232047902050377e-02,3.634657491398185503e-02,-4.339872201617587799e-01,-4.186558827472183775e-01,1.037401134992626955e-01,-3.440278832834353651e-02,-1.169846731310603682e-01,-1.632423253943429131e-01,-2.299387818937396744e-01,-3.756021269940569285e-01,6.586532016622726610e-03,-4.665132490281067024e-01,-5.101032217704097871e-01,8.899414629786853159e-02
