0.000000000000000000e+00,7.439742615845211793e-01,2.166271951382993111e-01,-8.684034139148308351e-02,-8.395370659993743601e-02,-1.104606997631708276e-01,3.309039724741945632e-01,1.958219759596049880e-01,7.868537468162116466e-02,-1.938603154743286094e-01,4.065373787926180871e-01,3.475401045623128793e-01,4.331248045042226935e-01,3.505473881764153976e-01,1.157066893069395447e-01,-1.892354439429822510e-01,3.040529067429286192e-01,1.729433844228964734e-01,3.500647928861879699e-01,4.501094776352830840e-01,-3.136735332231109785e-01,-2.564993967558872323e-01,-1.470351668975378723e-01,-1.713168595558335894e-01,-1.039635372447383771e-01,-3.208454354528799124e-01,1.275079315429643867e-01,-4.249653693194512805e-01,2.210956700478126924e-01,1.790071048751061197e-02,-7.779167969971848007e-02,-9.138031189954869127e-03,3.001117118727378297e-01,1.843111845926985182e-01,5.391661825818847703e-02,-2.684704410384735618e-01,-4.906251396398409459e-01,-5.597569149649225251e-01,-2.877385048482952734e-01,-4.131105053845122721e-01,-5.100406631216766185e-01,-4.656016801465659993e-01,-3.479601412038071384e-01,2.788328343536350916e-03,-1.018231377630814671e-01,-2.539344921578265413e-01,-3.458599579963358428e-01,-5.262791009428482436e-01,1.712185531078243006e-01,5.449751999642522132e-02,4.001921444211090639e-01,2.767013718217972151e-01,1.567853791500960770e-01,-1.558425309441887618e-01,2.532508154966710001e-01,-1.083024263818758715e-01,7.772599311854864190e-01,5.789981679252871327e-01,3.993788819875776497e-01,1.524241476384110006e-01,5.745833147146879316e-01,2.633674426918092837e-01,3.284329058492336806e-01,2.287546360427186176e-01,1.096965905536440439e-01,3.556906027972652623e-02,6.513249028106707361e-02,-2.967514187407837567e-01,3.124893873720899218e-01,3.011528665266544613e-01,2.353545734840698789e-01,2.017739845390768005e-01,4.041422762411189251e-01,3.293266008311363513e-01,3.357612047008355916e-01,3.430939720273470939e-01,4.093212386612449238e-01,3.951070199740828182e-01,1.991152419679163496e-02,9.819473613655659017e-02,1.358639796237544051e-01,1.119531703829483027e-01,-2.443362080521917917e-02,-2.168550873586844729e-01,5.582018856964118120e-02,4.524777693373251836e-02,-3.609634031904911111e-02,-9.596049868179989950e-02,1.845524822378122320e-01,-3.508467759953527998e-01,-3.914518074981008788e-01,-5.429331069306045920e-01,-3.758925778631753145e-01,-3.077349300683676625e-01,-2.788775191027302314e-01,-1.866481969703740196e-01,3.273604718709504507e-02,1.424058268912820058e-01,-1.054560078645158487e-02,-4.043522945618660547e-02,1.701148398051744934e-02,-2.831672550158630813e-02,-4.545332677957013290e-02,-2.986907368515125949e-01,-9.910183654318781288e-02,-7.007462353098888042e-02,-2.323606952946959125e-01,-3.325617766656240315e-01,8.729165735734394083e-02,1.827784976987354149e-01,-2.810804772331203516e-01,-9.199249296215201988e-02,-5.316591447339023141e-02,4.792886187944054438e-02,2.078287680414674446e-02,-4.144063631082711696e-02
7.439742615845211793e-01,0.000000000000000000e+00,4.083247687564234285e-01,3.050002234237454979e-01,-2.457348406988694722e-01,3.339291299879350999e-02,3.535457348406988443e-01,3.178873050627820662e-01,-7.664775012288306544e-02,-1.131149738594217774e-01,3.802716832744983955e-01,3.279815898833727816e-01,3.371374949729657455e-01,3.365655301845479896e-01,6.922561329818133213e-02,-1.422136824701729363e-01,2.312301711425890360e-01,3.190803878636221391e-01,5.397962375441262006e-01,6.710398141114437554e-01,-3.371911166718798980e-01,-4.158943652531391089e-01,1.100227892220385223e-01,2.293936279547790225e-01,1.130524152106885836e-03,-2.856427901157335136e-01,1.639885607042316507e-01,-2.552482237812234711e-01,2.440546941328924357e-01,6.356852406273738598e-02,1.471602841950042373e-01,1.657491398185799159e-01,4.109298896286697200e-01,3.548415925644577418e-01,3.663568524062737475e-01,3.268689396309040068e-02,-5.856427901157335025e-01,-5.513427767103087351e-01,-3.310871799454845887e-01,-4.974440323517583251e-01,-6.213593100674740244e-01,-4.907681308369453710e-01,-2.415568166584744492e-01,1.347245185218285124e-01,-4.602529156798784715e-02,-3.092363376379641537e-01,-2.779033915724563042e-01,-4.552660976808615145e-01,2.214174002412976350e-01,-4.055587827874346241e-02,2.343849144287054875e-01,9.029894097144644527e-02,-7.176817552169444114e-02,-3.688547298806917341e-01,2.284865275481478275e-01,-3.285401492470619855e-01,7.326690200634523586e-01,6.465168238080343244e-01,1.730908440949104066e-01,-1.535814826399749776e-02,3.554448366772420820e-01,2.206264801823137889e-01,2.343402296796103512e-01,2.128111175655748588e-01,1.412574288395370692e-01,1.263327226417623739e-01,2.553197193797756559e-01,-9.401224362125207290e-02,3.006926136109746017e-01,4.525984181598820544e-01,2.526475713838866599e-01,4.056392153358058805e-01,4.791545645471200765e-01,5.464721390589392103e-01,4.414361678359176033e-01,3.171276643281648044e-01,4.860002681084945597e-01,4.358818535233924818e-01,-1.080030385629384727e-02,1.441306582063541786e-01,2.756557486929711032e-01,1.361231511685061790e-01,-1.864113678001698138e-01,-8.392242727557085169e-02,-5.769247955672728717e-02,-5.973010411546539333e-02,-6.868939630903972415e-02,-9.386478394923812585e-02,-5.367532061307475622e-02,-4.184279905268332156e-01,-2.653514455516332027e-01,-6.070959381563072466e-01,-3.189329281916081782e-01,-3.227802850886992148e-01,-3.726663389785066505e-01,-2.208454354528799346e-01,2.850886992269538196e-03,1.108226462308414123e-01,3.334375977478886560e-02,-8.364985030609052574e-02,-8.583493453684257202e-02,-4.817462799946378021e-02,1.733321417400241274e-02,-2.230573305330890432e-01,-1.099066088743911734e-01,-8.095982841056346968e-02,-2.360784664194110483e-01,-2.393583270029938648e-01,2.599758702354886333e-02,-4.321015237499441219e-03,-2.473300862415657442e-01,-7.023548862773135171e-02,-7.571830734170427457e-02,1.866035122212788833e-01,1.031770856606640113e-01,-1.080790026364001899e-01
2.166271951382993111e-01,4.083247687564234285e-01,0.000000000000000000e+00,4.803163680235935651e-01,1.248134411725278226e-01,1.296036462755261742e-01,7.754189195227668696e-01,5.657089235443942821e-01,3.003306671433039754e-01,1.383663255730818997e-01,3.323606952946959181e-01,2.644488136199115158e-01,4.990482148442736410e-01,3.262701639930291608e-01,4.561776665624022731e-01,1.645605254926493510e-01,4.961347692032708895e-02,1.845703561374502921e-01,6.421019705974351233e-01,5.904329952187318264e-01,-2.260824880468296216e-01,-2.331426784038607702e-01,7.391036239331516544e-01,5.611421421868716397e-01,2.474328611644845688e-01,5.178068725144108209e-02,2.133696769292640349e-01,-1.592832566245140635e-01,5.372447383707940755e-02,-1.363108271147057404e-01,3.677644220027704303e-01,3.337548594664641044e-01,5.463559587112918337e-01,5.223602484472049667e-01,4.336118682693596571e-01,2.771303454131104904e-01,-3.707136154430492603e-01,-5.339425354126636769e-01,-1.344876893516242788e-01,-3.224406809955762121e-01,-2.971446445328209673e-01,-3.520845435452880090e-01,-4.776799678269806615e-02,2.711470575092720936e-01,1.324455963179766715e-01,-1.767281826712543136e-01,-3.244291523303096669e-01,-2.861477277805085095e-01,-8.008847580320836712e-02,-3.369676929264042164e-01,-2.774297332320478926e-01,-3.341927700075963958e-01,-4.557576299209080140e-01,-4.619062513963984040e-01,-1.562893784351400972e-01,-5.071182805308548369e-01,3.022744537289422939e-01,8.123240538004379563e-02,-2.799767639304705513e-01,-4.962196702265516679e-01,1.791903123463961800e-01,6.144153000580901414e-02,2.968095089146074450e-01,1.266857321596139285e-01,6.882747218374368758e-01,3.011171187273783412e-01,1.380580008043254814e-01,-1.193976495821975903e-02,3.506859108986103146e-02,1.199070557218821220e-01,4.456320657759506587e-01,5.324143169936100817e-01,4.425979713123910919e-01,3.490996023057330588e-01,1.168684927834130194e-01,3.024531927253228392e-01,1.306984226283569306e-01,7.878814960453997540e-02,-2.848205907323830485e-02,1.103043031413378644e-01,1.241342329862817756e-01,-7.511059475401045404e-02,-9.007998570088028567e-02,-1.242236024844720413e-02,1.721167165646364794e-01,-2.571830734170427735e-01,-1.817060637204521989e-01,-6.619151883462173758e-02,-1.308146029760042794e-01,-4.684793779882925890e-01,-2.798918629071897590e-01,-3.858706823361187088e-01,-2.051298091961213654e-01,-7.034273202555967053e-02,-2.636221457616515496e-01,-1.840922293221323447e-01,-3.173957728227355668e-02,1.124715134724518506e-01,-1.364985030609053018e-01,-1.336967692926404327e-01,-2.210688591983555884e-01,-5.299164395191920812e-02,-4.281692658295723625e-02,-3.343536351043389088e-01,-1.441932168550873472e-01,-5.971669869073684828e-02,-3.737923946557040189e-01,-3.288752848652755079e-01,-4.505116403771392691e-02,-6.722373653871933918e-02,-2.646320210912015969e-01,-2.293176638813173018e-01,-2.415031949595602967e-01,3.645828678671969580e-02,2.377407390857500247e-01,-1.028285446177219647e-01
-8.684034139148308351e-02,3.050002234237454979e-01,4.803163680235935651e-01,0.000000000000000000e+00,5.893918405648151948e-03,2.553509987041422957e-01,1.738415478797086522e-01,4.596005183430895147e-01,-1.362527369408820799e-01,2.444970731489342630e-01,-3.009964699048214842e-02,7.083873274051566415e-02,-7.503463068054873342e-02,5.048929800259171347e-02,2.466598150051387342e-02,1.429331069306045976e-01,-1.658563832164082485e-01,6.535591402654274129e-02,4.487555297377004981e-01,5.315787121855310993e-01,-2.290897716609321122e-01,-1.675990884311184537e-01,4.611421421868716064e-01,6.711023727601769240e-01,2.469457973993476052e-01,1.545734840698869406e-01,2.615487734036373579e-01,8.662585459582644587e-02,-9.301577371643057757e-02,-1.029715358148264037e-01,2.790964743732963771e-01,3.216631663613208625e-01,2.288752848652754746e-01,3.628088833281201131e-01,4.455605701773984739e-01,4.536663836632557345e-01,-1.848831493811162185e-01,-1.442513070289110355e-01,-3.268510657312659329e-01,-1.620760534429599165e-01,-3.607712587693819861e-01,-2.124268287233567198e-01,7.575405514098038084e-02,1.908530318602260911e-01,1.451181911613566300e-01,-1.054828187139729145e-01,-4.137360918718441249e-02,-6.599937441351266462e-03,4.162384378211716335e-02,-1.529648331024621166e-01,-2.583091290942401419e-01,-2.640153715536887047e-01,-3.585280843648062654e-01,-3.367755485052951192e-01,-2.613164127083426533e-02,-2.212475981947361336e-01,1.288037892667232565e-01,2.252290093391125514e-01,-3.070601903570311375e-01,-1.466464095804101975e-01,-1.567004781268153124e-01,3.771750301622056600e-01,1.321685508735868375e-01,2.361454935430537527e-01,9.101389695696858462e-02,4.518745252245408572e-01,2.598909692122078896e-01,3.202064435408195076e-01,1.861253854059609358e-01,3.709057598641583575e-01,2.086107511506322953e-01,4.374145404173555574e-01,2.288395370659993822e-01,2.967469502658742764e-01,9.830197953438490899e-02,2.563787479333303754e-01,7.960588051298092549e-02,1.402654274096250819e-01,-2.692122078734527912e-01,4.402788328343536228e-02,1.831985343402296740e-01,-3.539032128334599573e-03,-3.577326958309128835e-01,3.386210286429242045e-02,-1.510299834666428420e-01,-3.169489253317842731e-02,-2.042986728629518633e-01,-4.870190803878636510e-02,-3.864783949238125293e-01,-2.601099244827740145e-02,6.346128066490906716e-02,-1.786049421332499276e-01,4.455069484784843215e-03,-8.289467804638277204e-02,-2.647482014388489180e-01,-1.724741945573975699e-01,-6.953840654184727244e-02,1.562268197864069008e-01,4.579293087269314944e-02,-1.098976719245721434e-01,1.246704499754233836e-01,-5.822422807095938013e-02,2.167657178604942003e-01,1.665266544528352377e-01,-5.726797444032351997e-02,2.891103266455158707e-02,-8.050851244470262624e-02,2.088431118459269931e-01,-1.425086018142008026e-01,-2.327807319361901717e-01,-3.442513070289110466e-02,-1.236024844720496896e-01,-9.115688815407300971e-02,2.342419232316010624e-01,4.401894633361633918e-02,-2.257607578533446513e-01
-8.395370659993743601e-02,-2.457348406988694722e-01,1.248134411725278226e-01,5.893918405648151948e-03,0.000000000000000000e+00,3.827561553241878300e-01,4.335314357209884423e-02,-1.302694490370436553e-01,2.160686357746101349e-01,1.447830555431431354e-01,-2.247196031994280405e-02,-1.013226685732159654e-01,-3.001921444211090584e-02,-1.147459672013941695e-01,2.046025291567987736e-01,8.091514366146834725e-02,9.164395191920997330e-02,7.171902229768979675e-02,2.029581303900978434e-02,5.989543768711738658e-02,7.967290763662362649e-03,4.561866035122212615e-02,2.317261718575450158e-01,2.625094955091827331e-01,4.461638142901827586e-01,4.140354796907815271e-01,4.213771839671120317e-02,1.482371866481969613e-01,1.267885070825327254e-01,6.899325260288663442e-02,3.667411412484918865e-01,2.955851467894007878e-01,1.513383082353992604e-01,1.852808436480629095e-01,9.285044014477858432e-02,2.156083828589302476e-01,4.431386567764421941e-02,-8.503507752803968200e-02,1.099825729478528941e-01,-1.089995084677599507e-01,1.647437329639394044e-01,-2.533625273694088340e-02,7.265740202868760378e-02,5.163769605433665699e-02,1.092005898386880502e-01,-1.349926270163993025e-01,-1.950936145493542898e-02,-4.121721256535144234e-02,-1.564055587827874461e-01,-1.720541579159033108e-01,-2.691496492247196226e-01,-2.193261539836453833e-01,-1.697082085884087654e-01,-1.604495285758970602e-01,-6.842575628937842824e-02,-7.021314625318378355e-02,-1.176281335180302950e-01,-3.435184771437508333e-01,-4.111309709995978334e-01,-3.944367487376558290e-01,-3.291299879351177182e-01,-2.878368112963045622e-01,-8.700567496313507676e-02,-1.271013003261986796e-01,4.936324232539434503e-02,1.460967871665400653e-01,-1.500692613610974668e-01,1.328701014343804387e-01,-6.711649314089102036e-02,-9.819473613655659017e-02,1.925242414763841114e-01,1.701773984539076690e-01,1.600294919344028011e-01,6.489566111086286782e-02,2.918807810894141763e-02,1.483980517449394465e-01,1.214218687162071653e-01,-8.443183341525536956e-02,1.981589883372804894e-01,1.253585951114884467e-01,1.313240091156888112e-01,-7.290763662362036157e-02,2.214933643147593834e-01,1.730729701952723465e-01,-9.548684034139148791e-02,-1.129541087626792922e-01,6.948031636802359801e-02,6.979310961168952443e-02,-2.378345770588498054e-01,1.550560793601143874e-03,4.985924304035033172e-02,1.360650609946825219e-02,8.363644488136198762e-02,-9.777916796997185300e-02,2.783681129630456996e-01,3.193663702578309893e-01,1.833951472362482793e-01,2.411993386657133864e-01,1.995889003083247681e-01,3.006702712364270336e-01,3.454577952544796160e-02,-9.007998570088028567e-02,-1.683408552660976831e-01,4.371509003976942892e-02,7.439117029357880662e-02,6.071316859555833667e-02,7.456990928995933798e-02,1.785155726350596550e-01,1.257965056526207659e-01,2.570177398453907802e-01,1.189105858170606406e-01,1.966218329684078781e-01,4.817462799946378021e-02,2.297198266231735009e-01,1.944233433129272937e-01,2.641717681755216818e-01
-1.104606997631708276e-01,3.339291299879350999e-02,1.296036462755261742e-01,2.553509987041422957e-01,3.827561553241878300e-01,0.000000000000000000e+00,2.068903883104696376e-02,-1.558604048438268046e-02,3.055989990616202537e-02,3.765941284239688880e-01,-4.066312167657178817e-02,1.802582778497698740e-02,-6.239778363644488124e-02,-4.152106885919835261e-02,1.237767549935207129e-02,2.482684659725635512e-02,5.913132847759059590e-02,1.081102819607667881e-01,5.481478171500066970e-02,2.259126860002681203e-01,7.693820099200142371e-02,-1.371374949729657344e-01,2.602484472049689246e-01,4.129898565619554152e-01,5.372223959962464379e-01,3.826444434514500448e-01,1.801689083515796153e-01,2.588944993073863943e-01,9.595156173198086946e-02,3.135796952500111701e-01,3.926806380982170719e-01,3.402028687608918966e-01,2.192591268600026788e-01,3.582331650207783991e-01,3.280218061575584376e-01,2.622413870146119153e-01,-2.533625273694088340e-02,-9.983019795343849034e-02,-6.197774699495062212e-03,-5.746458733634210447e-02,-1.272398230483935966e-01,-1.363197640645247843e-01,-3.995263416595915690e-02,1.956745162875910340e-02,-6.795209794897001665e-02,-4.231556369810983709e-01,-5.834934536842575903e-02,-2.037892667232673594e-01,-1.823942088565172759e-01,-3.596273291925465854e-01,-3.062648018231377556e-01,-4.120782876804146566e-01,-2.730997810447294283e-01,-2.766254077483354945e-01,-8.322981366459626662e-02,-3.090531301666741282e-01,-3.476920327092363622e-02,-1.541757898029402496e-01,-4.761472809330175582e-01,-3.697305509629563169e-01,-2.690781536261673823e-01,-7.208543724026988953e-02,-2.173242772241833765e-01,-5.069484784842932801e-02,2.879485231690424168e-02,1.908306894856785507e-01,-2.287278251932615414e-01,4.755350998704142157e-02,7.805978819428928406e-02,4.026095893471558392e-03,1.079181375396577186e-01,2.923231601054560036e-01,1.959426247821618450e-01,2.933553778095536191e-01,1.464051119352964836e-01,1.063362974216899709e-01,2.433084588230036982e-01,9.540193931811072336e-02,3.405067250547388347e-01,2.372223959962464768e-01,1.938871263237856857e-01,-2.041914294651235584e-01,1.279011573350015696e-01,2.626301443317395901e-01,5.364404128870816496e-02,-1.501318200098306355e-01,-2.947406050315027476e-02,-8.344430046025291814e-02,-2.631216765717860340e-01,-8.228696545868895151e-02,2.537423477367174440e-01,-1.885383618570981856e-01,2.046114661066178175e-01,-8.734081058134858522e-02,2.179185843871486727e-01,1.699763170829795833e-01,2.779793556459180248e-01,2.337637964162831150e-01,1.775325081549667117e-01,2.289065641896420866e-01,-1.377452075606595550e-01,-8.261316412708342993e-02,-2.255418025827785056e-01,1.417400241297645143e-02,1.189552705661557769e-01,1.988650073729835988e-01,1.102506814424236981e-01,2.416059698824791213e-01,1.728942311988918290e-01,3.171634121274409246e-01,2.278922203851825243e-02,-2.326288037892667096e-02,8.516019482550606090e-02,2.155860404843826794e-01,3.902274453728942216e-01,1.693149827963716103e-01
3.309039724741945632e-01,3.535457348406988443e-01,7.754189195227668696e-01,1.738415478797086522e-01,4.335314357209884423e-02,2.068903883104696376e-02,0.000000000000000000e+00,6.302962598865007315e-01,4.044908172840609439e-01,1.077662093927342635e-01,4.894409937888198892e-01,5.785513204343357696e-01,7.728763572992537467e-01,5.349524107422136687e-01,5.112069350730595874e-01,1.710800303856293836e-01,1.117833683363867875e-01,1.886545422047455067e-01,4.492425935028374617e-01,3.965279949953081085e-01,-5.449751999642522132e-02,-3.321953617230439249e-01,5.539210867330980337e-01,2.662004557844407926e-01,6.528888690290003682e-02,-1.911568881540730014e-01,1.343804459537959739e-01,-1.853121229724295216e-01,2.112739621967022752e-01,1.194870190803878560e-02,2.635595871129183809e-01,2.221591670762768644e-01,4.787970865543589860e-01,3.749273872827204035e-01,1.966665177175030144e-01,-9.379775682559542138e-02,-3.763304884043076060e-01,-6.128870816390366016e-01,-8.274721837436882499e-02,-3.284195004245051286e-01,-2.762187765315697874e-01,-3.618839090218508581e-01,-1.146253183788372987e-01,3.192770007596407167e-01,1.072255239286831335e-01,-1.794182045667813696e-01,-4.086554358997274150e-01,-4.099334197238482247e-01,-6.202690021895527345e-02,-3.231467000312793214e-01,-1.188703695428750123e-01,-1.767996782698065261e-01,-3.402967067339917051e-01,-3.643281647973546367e-01,-2.371017471736896198e-01,-4.140042003664149428e-01,2.332722641762366433e-01,2.469726082488046814e-02,-8.413244559631798125e-02,-4.349747531167612591e-01,5.042942043880423997e-01,1.573215961392376849e-01,4.482237812234684537e-01,2.233433129272979212e-01,7.914562759730103814e-01,1.408686715224093944e-01,-8.132624335314357633e-02,-3.160820411993386925e-01,-1.344206622279816021e-01,-1.041154653916618201e-03,5.221144823271817170e-01,4.911345457795254221e-01,4.598552214129317806e-01,3.297153581482639706e-01,1.730372223959962541e-01,1.795075740649716145e-01,1.696858662138611973e-01,2.394923812502792737e-01,8.250592072925511111e-02,1.530184548013762968e-01,3.029625988650073900e-03,-5.140980383395147429e-02,-3.443853612761964278e-02,1.034362572054157853e-01,2.314893426873408100e-01,-6.625854595826444204e-02,-2.253809374860360204e-01,-5.112828991465213219e-02,4.282586353277626628e-02,-5.216944456856874579e-01,-4.463559587112918559e-01,-4.781268153179319969e-01,-3.746592787881495856e-01,-3.066714330399034766e-02,-2.117654944367487468e-01,-1.820188569641181531e-01,-4.641404888511550808e-02,7.843960856159792883e-02,-2.453192725322847212e-01,-8.405201304794673867e-02,-2.825908217525358590e-01,-4.445685687474865144e-02,-2.642924169980785387e-01,-4.638500379820367225e-01,-1.598328790383841957e-01,-7.670137182179721791e-02,-3.431431252513517105e-01,-4.202555967648241575e-01,4.330845882300370792e-02,-5.030609053130166708e-02,-4.097591492023772153e-01,-2.769784172661870492e-01,-2.342642656061486306e-01,-4.825952902274453782e-02,3.030877161624737637e-01,-3.512221278877519087e-02
1.958219759596049880e-01,3.178873050627820662e-01,5.657089235443942821e-01,4.596005183430895147e-01,-1.302694490370436553e-01,-1.558604048438268046e-02,6.302962598865007315e-01,0.000000000000000000e+00,3.823718664819696911e-01,2.759864158362750897e-01,2.811340989320345041e-01,4.871039814111443600e-01,4.249340899950846961e-01,5.148219312748558707e-01,2.992671701148398311e-01,9.206398856070423242e-02,-2.277268868135305380e-01,2.202064435408195020e-02,3.582286965458689187e-01,3.267929755574422446e-01,-1.439206398856070490e-01,-3.474105187899370062e-01,4.391572456320657625e-01,2.017158943652531400e-01,-1.437999910630501921e-01,-2.757853344653469763e-01,1.674292863845569523e-01,-1.700299387818937358e-01,-8.891818222440681097e-02,-1.192770007596407333e-01,-5.438133964877787420e-03,6.355065016309933978e-02,2.431475937262612408e-01,2.486706287144197780e-01,1.924482774029223908e-01,3.469323919746190865e-02,-3.599892756602171562e-01,-4.249877116939988486e-01,-3.579337772018409969e-01,-2.982126100361946475e-01,-4.144331739577282181e-01,-2.619643415702220812e-01,-1.648956611108628734e-01,2.424505116403771476e-01,1.113990794941686381e-02,-7.992761070646588195e-02,-3.195272353545735022e-01,-1.539478975825550877e-01,-5.503820546047633738e-02,-9.318557576299209277e-02,1.651101479065195110e-01,6.645962732919254157e-02,-5.977478886456052271e-02,-1.728763572992537689e-01,-2.432637740739085688e-02,-2.738236739800706254e-01,1.801733768264891233e-01,1.710666249609008316e-01,6.570892354439429595e-02,-9.375307207650028507e-02,5.174583314714688020e-01,6.081415612851334140e-01,3.258411904017158855e-01,3.921444211090754917e-01,5.142767773358952743e-01,2.909245274587783370e-01,-1.139461101925912621e-03,-2.070870012064882359e-01,-1.771660932123866050e-01,1.627865409535725338e-02,3.575852361588989781e-01,3.277581661378971556e-01,2.414361678359175922e-01,1.527950310559006153e-01,1.317038294829974421e-01,2.250502703427320339e-01,5.268331918316278978e-02,1.987711693998838181e-01,-2.468787702757049007e-01,-1.409356986460521058e-02,-1.238571875418919555e-01,-1.484472049689440909e-01,-3.422315563698110075e-01,-1.488940524598954263e-01,2.657893560927655496e-01,4.928727825193261747e-02,-3.949238125027927926e-01,-2.348138880200187628e-01,1.187273783457705872e-01,-3.601277983824121010e-01,-2.225345189686759872e-01,-3.239912417891773755e-01,-1.070646588319406657e-02,1.078377049912864760e-01,-5.414808525850127729e-01,-4.749586666070870211e-01,-3.688726037803297664e-01,-1.921578265338040048e-01,-2.681621162697171434e-01,-1.989811877206309476e-01,8.474462665892130986e-02,-1.475937262612270380e-02,-1.361231511685061790e-01,-3.963001027749228911e-01,-1.113320523705259441e-01,-1.828097770231020269e-01,-5.361678359176013098e-01,-4.181286027078958134e-01,-1.541132311542070810e-01,-3.624737477099065908e-01,-4.690200634523437051e-01,-3.159703293266008517e-01,-1.222440680995576234e-01,-9.549130881630099946e-03,1.896376066848384778e-01,-2.706108405201304579e-01
7.868537468162116466e-02,-7.664775012288306544e-02,3.003306671433039754e-01,-1.362527369408820799e-01,2.160686357746101349e-01,3.055989990616202537e-02,4.044908172840609439e-01,3.823718664819696911e-01,0.000000000000000000e+00,3.300773046159345969e-01,3.245453326779569880e-01,3.240850797622771284e-01,4.143080566602618253e-01,3.930068367666115781e-01,4.487510612627910178e-01,3.140131373162339812e-01,-3.705259394968497128e-02,-6.251396398409223357e-03,1.312033602931319543e-01,-1.194557397560212647e-01,6.083828589302470863e-02,-3.899638053532329673e-02,3.135975691496492024e-01,-3.201662272666339071e-02,5.582465704455069622e-02,2.206532910317708651e-02,2.727869878010634741e-01,-9.745743777648688266e-02,5.827784976987353954e-02,1.630993341972384880e-01,9.409267616962330161e-02,4.318781000044684404e-02,2.457080298494123960e-01,1.363465749139818606e-01,-1.060815943518477189e-01,-1.418874838017784579e-01,-6.544528352473301391e-02,-2.450913803118995593e-01,-1.075204432727110276e-01,-1.867018186692881720e-01,1.137629027213012262e-01,-9.291299879351178070e-02,-2.880781089414182761e-01,-8.629965592743196745e-02,-1.211626971714553774e-01,-1.635238393136422552e-01,-2.957370749363242290e-01,-2.156217882836587996e-01,-1.397202734706644578e-01,-2.719513829929844778e-02,1.028553554671790549e-01,8.043254837124089174e-02,-1.380133160552303451e-01,-1.665043120782876696e-01,-5.727244291523302805e-02,-2.469994190982617577e-01,-8.499932972876357573e-02,-1.139729210420483557e-01,-1.644398766700925010e-03,-1.863085928772509892e-01,3.442959917780061829e-01,9.007998570088028567e-02,2.260556771973725454e-01,2.067965503373698499e-01,4.402967067339916829e-01,-1.081058134858572800e-01,-3.853344653469770731e-01,-4.464051119352964725e-01,-3.060503150274811457e-01,-1.792394655704008244e-01,2.440457571830734196e-01,5.220519236784485623e-02,1.149113007730461627e-01,-7.639751552795030765e-02,8.150498234952410770e-03,-1.504088654542204764e-02,-5.304079717592385945e-02,-6.067742079628223040e-02,1.355333124804504186e-01,2.620313686938647788e-02,-9.852987175477010209e-03,-1.376469011126502662e-01,8.973144465793823910e-02,-3.266455158854283253e-02,2.419411055006926159e-01,-6.513249028106707361e-02,1.264578399392287398e-03,-1.534474283926895721e-01,1.698109835113275901e-01,-3.136154430492872902e-01,-2.344161937530720927e-02,-3.998391349032575509e-02,8.687162071584968170e-02,1.579114348272934454e-01,-2.040305643683810663e-02,-8.592430403503284464e-02,-1.285535546717905264e-01,-1.658965994905938490e-01,-2.744537289423119863e-02,1.953393806693775325e-01,2.086330935251798704e-02,1.278832834353635095e-01,-1.664283480048259489e-01,-2.278028508869922586e-01,-9.629563430001340796e-03,-9.334197238482505599e-02,-3.208945886768845845e-01,-3.290853031860226374e-01,1.331203360293131965e-01,-8.097770231020152976e-02,-3.055453773627060943e-01,-1.733857634389383007e-01,-6.653559140265427607e-02,-3.844675812145315064e-02,2.775548505295142854e-01,4.459537959694356152e-02
-1.938603154743286094e-01,-1.131149738594217774e-01,1.383663255730818997e-01,2.444970731489342630e-01,1.447830555431431354e-01,3.765941284239688880e-01,1.077662093927342635e-01,2.759864158362750897e-01,3.300773046159345969e-01,0.000000000000000000e+00,9.525447964609679019e-02,2.187720630948657152e-01,1.519862370972787091e-01,1.967022655167791345e-01,4.624022521113543838e-01,6.063497028464185368e-01,-3.514455516332275903e-02,1.932168550873586757e-02,7.635729925376469329e-02,4.169087090575986088e-03,-5.575316144599848367e-02,-5.108807364046651089e-02,2.441753429554492927e-01,3.342553286563296200e-01,1.913535010500916067e-01,2.627061084052013107e-01,4.137226864471155729e-01,2.828991465212922843e-02,1.767683989454399140e-01,2.587961928593771055e-01,2.477679967826980634e-01,1.845837615621788164e-01,1.397962375441261784e-01,1.809553599356539533e-01,1.882925957370749359e-01,8.464632021091202108e-02,-3.686938647839492489e-02,-1.087716162473747750e-01,-8.681799901693551536e-02,1.007551722597077593e-01,-1.288842218150945129e-01,-2.254926493587738612e-01,3.932257920371777364e-04,1.604897448500826607e-01,1.057330533089056723e-01,-2.300773046159345914e-01,-7.309084409491040102e-02,-1.149738594217793453e-01,-8.023593547522230029e-02,-1.418830153268689498e-01,-1.558514678940077780e-01,-1.493945216497609418e-01,-1.425666919880244909e-01,-1.222664104741051916e-01,-1.839894543992135478e-01,-8.175968541936637357e-02,-2.550918271593904940e-01,-3.465525716073104001e-01,-2.493051521515706748e-01,-1.939273425979713139e-01,3.064480092944277950e-02,1.848742124312972024e-01,3.690960275258054618e-02,8.423522051923677811e-02,1.829885160194825444e-01,1.561151079136690600e-01,-2.311273962196702392e-01,-5.595424281692658319e-02,-2.115644130658206334e-01,-2.284016265248670630e-01,1.709638500379820347e-01,2.779525447964609763e-01,7.074489476741588345e-02,6.154430492872782488e-02,1.474775459135796996e-01,1.109835113275838975e-01,4.508691183699003319e-02,2.429733232047902036e-01,1.401403101121587169e-01,3.129719826623173495e-01,-1.356360874033692432e-01,-1.885696411814647699e-01,1.533446534697707753e-01,1.819116135662898412e-02,-4.292863845569507009e-02,1.949014701282452411e-01,-1.373072970195272358e-01,-2.202332543902766060e-01,-3.190714509138031230e-01,-9.685866213861209217e-02,1.114214218687162028e-01,-9.117029357880156171e-02,-8.356048080790027047e-03,-1.879351177443138732e-01,8.163009964699048659e-02,1.008936949819026763e-01,-1.651593011305241554e-01,9.298896286697350133e-02,9.541981321774878344e-02,1.797041869609902198e-01,-1.315429643862549847e-01,-4.371062156485991390e-02,-2.788194289289065431e-01,-1.099959783725814322e-01,1.836051655569954089e-01,1.080164439876670074e-01,-1.420081326243353113e-02,-2.542115376022163753e-02,3.226864471155994618e-01,1.350954019393180994e-01,-4.733008624156575389e-02,-1.040573752178381578e-01,2.117565574869297029e-01,1.280307431073774427e-01,3.998078555788909250e-01,2.005049376647750070e-01
4.065373787926180871e-01,3.802716832744983955e-01,3.323606952946959181e-01,-3.009964699048214842e-02,-2.247196031994280405e-02,-4.066312167657178817e-02,4.894409937888198892e-01,2.811340989320345041e-01,3.245453326779569880e-01,9.525447964609679019e-02,0.000000000000000000e+00,5.995308101345010465e-01,6.478484293310693420e-01,5.755261629205952190e-01,1.409714464453282190e-01,4.077930202421913702e-02,4.075830019214441990e-01,4.327986058358282428e-01,3.356852406273738709e-01,2.651190848563385050e-01,-9.301577371643057757e-02,-2.134009562536306470e-01,1.664372849546449928e-01,1.023012645783993868e-01,1.351177443138656675e-01,-1.221010769024531983e-01,3.710130032619866625e-01,-2.566870727020867937e-01,3.325707136154430477e-01,8.511104160150140263e-02,1.666741141248491986e-01,4.973412574288395456e-03,3.344295991778006294e-01,1.625497117833683280e-01,2.228026274632468051e-01,-6.876982885741096674e-02,-1.749720720318155287e-01,-3.335359041958979587e-01,-1.120023236069529471e-01,-2.735689709102283595e-01,-1.880468296170517140e-01,-2.268421287814468834e-01,-1.617587917243844542e-01,2.027034273202555914e-01,1.056392153358058916e-01,-1.955538674650341702e-01,-4.507976227713481610e-01,-4.767415880959828267e-01,1.724563206577595098e-01,-4.686983332588587348e-02,1.646722373653871918e-01,1.110281960766790338e-01,-3.009562536306358838e-01,-3.423611421421868806e-01,-6.389919120604137335e-04,-2.957504803610527810e-01,1.885830466061932942e-01,1.705125340721211913e-01,6.240225211135439626e-02,-3.277536976629876198e-01,4.336073997944501768e-01,7.713928236292953711e-02,4.617498547745654269e-01,4.778765807229992668e-01,2.996469904821484342e-01,-1.997765762545243295e-01,-5.822869654586889515e-02,-3.990750256937307117e-01,-5.685240627373877587e-02,2.210375798739890041e-01,6.567317574511819522e-01,4.147146878770275880e-01,4.214486795656642304e-01,3.565574869297108984e-01,2.020957147325617709e-01,1.471021940211805767e-02,2.809151436614683583e-01,2.536976629876223077e-01,2.392823629295321441e-01,1.916975736181241452e-01,3.007417668349792184e-01,3.016399302917914249e-01,-6.185262969748425016e-02,-3.090397247419455692e-02,2.100808793958622023e-01,1.197685329996872050e-01,2.929978998167925147e-02,-2.788060235041780466e-01,-6.763930470530407635e-02,-4.693730729701952598e-01,-3.964252200723892838e-01,-5.511059475401045571e-01,-3.250994235667366561e-01,-2.512712811117565614e-01,3.057777380580008197e-02,-1.728808257741632770e-01,8.248804682961704757e-03,6.196434157022208400e-02,-1.034139148308682310e-01,2.007238929353411805e-01,-1.944010009383797255e-01,-1.102998346664283424e-01,-1.222172572501005472e-01,-1.937396666517717525e-01,-1.602663211046070069e-01,-6.232181956298315367e-02,-1.066312167657178650e-01,-1.884892086330935135e-01,-4.186067295232137608e-02,2.438446758121453131e-02,-3.253183788373028018e-01,-1.733857634389383007e-01,-2.949640287769784153e-01,3.780329773448322123e-03,3.125072612717279541e-01,-4.253988113856740916e-02
3.475401045623128793e-01,3.279815898833727816e-01,2.644488136199115158e-01,7.083873274051566415e-02,-1.013226685732159654e-01,1.802582778497698740e-02,5.785513204343357696e-01,4.871039814111443600e-01,3.240850797622771284e-01,2.187720630948657152e-01,5.995308101345010465e-01,0.000000000000000000e+00,6.142544349613476840e-01,8.006032441127842736e-01,2.540998257294785345e-01,2.399705080655972211e-01,1.409446355958711428e-01,1.441842799052683310e-01,2.913311586755440441e-01,2.128602707895795032e-01,-2.097948970016533243e-02,-2.910943295053398105e-01,1.954555610170248814e-01,6.579829304258456857e-02,-1.972116716564636385e-01,-3.979713123910809114e-01,1.949461548773403774e-01,-1.007328298851601911e-01,3.164976093659234158e-01,2.493140891013896909e-01,2.337906072657401982e-02,5.895258948121006454e-02,3.399168863666830465e-01,2.109790428526743811e-01,1.064837570937039180e-01,-2.256490459806068105e-01,-3.017292997899816975e-01,-4.170427633048840454e-01,-5.685240627373877587e-02,-1.977657625452433066e-01,-2.422762411189061105e-01,-2.347915456454711947e-01,-3.126055677197372429e-01,1.810000446847490896e-01,-1.375575316144599936e-01,-3.348094195451092325e-01,-4.471960319942803741e-01,-4.245587381026855733e-01,-9.208186246034227862e-02,-2.032173019348496312e-01,1.770454443898297481e-01,2.004379105411323025e-01,-1.487957460118861375e-01,-1.541087626792975451e-01,-6.103043031413378505e-02,-1.139684525671388338e-01,1.228205013628848458e-01,1.004781268153179252e-01,1.425711604629339990e-01,-9.244380892801286331e-02,6.082711470575092871e-01,4.281469234550248082e-01,5.637249206845703631e-01,5.474775459135796662e-01,4.863085928772509781e-01,4.200366414942580118e-02,-2.735019437865856551e-01,-4.560480807900263445e-01,-2.905581125161982303e-01,-1.142633719111667140e-01,3.660664015371553615e-01,3.259618392242727425e-01,3.094999776576254358e-01,2.431967469502658852e-01,2.079092005898386941e-01,1.597926627641985814e-02,2.247240716743375555e-01,3.641896420751597474e-01,1.627418562044774253e-01,1.108852048795745948e-01,-1.367800169802046648e-02,-1.148844899235890865e-02,-5.778631752982706787e-02,1.950265874257116061e-01,8.633540372670807372e-02,3.477635283077885608e-01,-2.092363376379641760e-01,-4.642745430984405314e-02,8.679565664238794720e-02,-2.690111265025246778e-01,-4.261495151704723372e-01,-4.752133696769292870e-01,-2.416059698824791213e-01,-9.267616962330756103e-03,-1.235443942982260151e-01,-1.181375396577148268e-01,-2.059430716296528074e-01,-1.039680057196478852e-01,-3.212833459940122594e-01,-1.057822065329103167e-01,-1.091961213637785422e-01,-2.979579069663523816e-02,-3.016846150408865612e-01,-3.718262656955181322e-01,-1.587961928593770999e-01,-1.190088922650699294e-01,-2.357343938513785375e-01,-1.813128379284150438e-01,1.414897895348317669e-01,-9.598730953125697574e-02,-4.499307386389025387e-01,-2.789177353769158318e-01,-2.429375754055141112e-01,-2.064658831940658634e-01,1.920327092363376398e-01,2.429062960811475061e-02
4.331248045042226935e-01,3.371374949729657455e-01,4.990482148442736410e-01,-7.503463068054873342e-02,-3.001921444211090584e-02,-6.239778363644488124e-02,7.728763572992537467e-01,4.249340899950846961e-01,4.143080566602618253e-01,1.519862370972787091e-01,6.478484293310693420e-01,6.142544349613476840e-01,0.000000000000000000e+00,6.366057464587335790e-01,3.751374056034675331e-01,2.477501228830600033e-01,2.082622101076902488e-01,8.288127262165423392e-02,2.906787613387550873e-01,1.935653961303007153e-01,-7.621430805666026820e-02,-2.950668036998972399e-01,3.608204119933866583e-01,7.090575986415836862e-02,-5.741543411233746008e-02,-3.052996112426829001e-01,1.368693864783949166e-01,-2.349166629429375874e-01,2.042271772643996508e-01,2.752580544260243775e-03,1.049778810491979048e-01,-1.309263148487421237e-02,4.010366861790071180e-01,2.112828991465212913e-01,1.324545332677956877e-01,-1.841994727199606774e-01,-3.390857500335135444e-01,-5.196210733276732663e-01,-1.185039546002949161e-02,-1.974753116761249483e-01,-2.187273783457705789e-01,-3.189463336163367302e-01,-2.693775414451047845e-01,1.681799901693551980e-01,3.038562938469100468e-04,-2.656374279458421084e-01,-5.540998257294785789e-01,-4.883104696367129849e-01,-2.390634076589659950e-03,-1.455426962777603972e-01,7.494079270744895271e-02,1.300281513919299414e-01,-3.172259707761740932e-01,-2.601858885562357560e-01,-1.519192099736360047e-01,-2.418651414272308953e-01,1.052906742928638451e-01,-1.329371285580231536e-02,1.177934670896822883e-01,-2.150766343446981477e-01,6.150587604450601376e-01,2.185039546002949251e-01,3.869743956387685091e-01,2.017203628401626481e-01,6.965056526207605847e-01,6.657133920193038235e-02,-1.018320747129004833e-01,-3.714598507529380256e-01,-1.630501809732338436e-01,-6.972608248804683384e-02,5.200813262433531259e-01,4.243576567317574599e-01,3.509272085437240007e-01,2.028062022431744160e-01,8.129496402877697814e-02,6.605746458733634252e-02,2.079360114392957704e-01,2.319808749273872817e-01,6.362214576165155233e-02,1.386433710174717338e-01,-1.071138120559453066e-01,8.351579605880513762e-03,-2.852227534742392268e-02,-3.166361320881182911e-02,1.941731087179945359e-01,1.360248447204968902e-01,-1.509987041422762299e-01,-2.113588632199830258e-03,6.875642343268242862e-02,-3.792171231958532673e-01,-6.036284016265248686e-01,-5.266231735108807266e-01,-4.418964207515974629e-01,-1.072970195272353600e-01,-1.741230617990079943e-01,-1.752759283256624390e-01,-1.148442736494034583e-01,4.561866035122212615e-02,-2.846954734349166904e-01,-1.014254434961347623e-01,-3.082934894320568664e-01,1.117118727378345767e-03,-2.685955583359399546e-01,-4.868090620671164936e-01,-1.128647392644890335e-01,-2.398677331426784035e-02,-2.724920684570356078e-01,-3.973591313284776105e-01,1.735287546360427258e-01,-2.414763841101032205e-02,-4.479199249296215157e-01,-3.468877072255239224e-01,-3.240716743375485764e-01,-1.903212833459940190e-01,3.374011349926270276e-01,5.725010054068546683e-02
