1.000000000000000000e+00,6.830242638187586923e-01,4.659680950891460505e-01,2.827248759998212679e-01,1.520666696456499378e-01,-2.188480271683274636e-01,6.167255015863085665e-01,2.191429465123553300e-01,3.896956968586621356e-02,2.578756870280173377e-02,5.911345457795253999e-01,5.898431565306760938e-01,3.508601814200813518e-01,2.923901872290987081e-01,-1.252826310380267261e-01,-3.995263416595915551e-01,-2.366817105321953607e-01,-9.601858885562357393e-02,3.697171455382278205e-01,6.296840788238974307e-01,-5.175611063943875712e-01,-4.860538898074087122e-01,-8.999061620269002693e-02,-1.412038071406229028e-03,-5.133696769292640516e-01,-5.641628312257026545e-01,-6.372492068457036307e-02,-2.870816390365968362e-01,-3.573975602126994167e-01,-1.343000134054247174e-01,-2.561687296125832458e-01,-1.397336788953930098e-01,-1.751508110281960739e-01,3.508065597211671438e-01,-2.553509987041422957e-01,-1.506859108986103035e-01,-5.035390321283346182e-01,-3.848831493811162296e-01,-4.334912194468028002e-01,-3.409044193216855256e-01,-1.602529156798784549e-01,-4.506591000491532162e-01,8.999508467759953848e-03,-2.667232673488538208e-01,-5.457437776486885328e-01,-8.700120648822556868e-02,2.705304079717592569e-01,1.017516421645292407e-01,2.450422270878949149e-01,2.805263863443406835e-01,1.777201841011662731e-01,1.985432771794986284e-01,-2.810670718083917857e-02,2.802984941239555217e-01,-9.890075517225971335e-02,3.108271147057509176e-02,7.478216184816122158e-01,6.120470083560480834e-01,6.139461101925912656e-01,4.555073953259752284e-01,5.274409044193216767e-01,5.496224138701460982e-04,2.651637696054336413e-01,6.695115956923901324e-02,-6.112426828723356298e-01,-5.013137316233969853e-01,-3.750390991554582443e-01,-3.164261137673711755e-01,8.539702399571026670e-02,3.176191965682112484e-02,-3.111265025246883198e-01,1.957951651101479118e-01,4.986460521024174697e-01,3.637249206845703520e-01,-3.497564681174314960e-01,1.712766432816479820e-02,5.691719915992671242e-01,5.083337057062424502e-02,-5.467849323026051644e-01,-4.943205683900084857e-01,-5.748916394834443500e-01,-2.119933866571339087e-01,-5.818892711917422744e-01,-5.522275347423923897e-01,-4.310022789222038297e-01,-2.819116135662897982e-01,-5.603020689038831215e-01,-4.552303498815853944e-01,-3.824835783547075319e-01,-2.218374368827918941e-01,-3.447160284195004420e-01,-1.028687608919075930e-01,-9.639840922293221870e-02,1.989409714464453194e-01,-2.755931900442378790e-01,-3.075651280218061681e-02,-1.449171097904285166e-01,-3.310380267214799721e-01,-8.807364046650877423e-03,5.714732561776665609e-02,-2.076857768443630126e-01,2.809464229858349427e-01,-3.395683453237410276e-01,1.573439385137852531e-01,2.952232003217302170e-01,1.360293131954063983e-01,-1.908619688100451350e-01,-5.843871486661602471e-02,2.653067608025380664e-01,-6.321551454488583133e-02,-1.031681487108449952e-01,-1.999821261003619510e-01,-3.349702846418517455e-01,-3.575003351356181858e-01,1.142767773358952521e-01,4.710666249609008621e-02
6.830242638187586923e-01,1.000000000000000000e+00,1.415389427588364113e-01,1.312793243665936749e-01,-2.288306001161803313e-02,-2.371509003976942642e-01,3.507305956477054232e-01,1.531033558246570336e-01,-1.260378032977344798e-01,-2.982796371598373519e-01,5.297823852719066862e-01,5.528844005540909379e-01,1.566468564279011599e-01,3.584119040171589443e-01,-1.866437284954645115e-01,-5.174002412976450582e-01,-9.488359622860717546e-02,2.420304749988828885e-01,3.210509852987175616e-01,7.314759372626122857e-01,-5.294159703293266350e-01,-4.400911568881540892e-01,-1.531212297242950937e-01,-1.398007060190357143e-01,-4.398722016175879435e-01,-4.947852897805978811e-01,-3.436123151168506418e-01,-3.577639751552795233e-01,-2.755574422449618144e-01,3.052862058179543411e-02,-8.272487599982125683e-02,-4.493498369006657805e-02,-8.602707895795165538e-02,4.525358595111488302e-01,-1.326153983645381729e-01,-2.034496626301443220e-02,-3.906698243889360489e-01,-3.451092542115375972e-01,-4.075338486974395824e-01,-4.402073372358014103e-01,3.751731534027436671e-02,-2.672907636623620409e-01,1.894186514142723043e-01,-2.056615577103534653e-01,-3.068322981366459756e-01,-3.077438670181866995e-02,3.277447607131686036e-01,-2.158273381294963968e-03,2.307297019527235482e-01,2.957236695115956771e-01,1.802180615755842596e-01,1.108003038562938442e-01,1.427677733589525766e-01,1.162071584968050464e-01,5.768354260690826407e-02,-1.655257160731042620e-01,6.861119799812324116e-01,8.218106260333347679e-01,5.179409267616962298e-01,5.499620179632691563e-01,3.270834264265606306e-01,3.889807408731400101e-02,4.022521113543947591e-01,2.037177711247151468e-01,-6.022878591536708903e-01,-4.649805621341436268e-01,-2.775905983287904055e-01,-2.104741051878993574e-01,-1.585414897895348271e-02,-2.855802314670003242e-02,-2.254122168104026047e-01,5.384959113454577950e-02,2.707136154430492825e-01,2.492470619777469865e-01,-3.045801867822512388e-01,-1.230930783323651578e-01,4.705438133964877645e-01,-1.299879351177443167e-02,-4.394879127753697490e-01,-2.969167523124357499e-01,-4.855310782429956840e-01,-2.240269895884534623e-01,-5.346351490236381787e-01,-4.124223602484471951e-01,-2.776397515527950222e-01,-3.075070378479825006e-01,-5.423790160418249240e-01,-4.634344698154519993e-01,-3.096697797041869649e-01,-2.788060235041780466e-01,-7.100406631216765567e-03,-2.734706644622190291e-02,-6.226819786406899426e-02,-1.396398409222932187e-02,-2.422136824701729418e-01,-1.825327315787121929e-01,-6.258992805755395072e-02,-3.575494883596228579e-01,2.923767818043701561e-01,-7.017292997899816920e-02,-5.804548907457884876e-02,3.804012690468742963e-02,-4.166406005630278464e-02,1.837034720050046976e-01,2.132445596317976699e-01,-4.192323160105455859e-02,4.106975289333750223e-02,-8.241655123106483849e-02,7.324724071674337811e-02,-3.082800840073282936e-02,1.319093793288350636e-01,7.672818267125429414e-02,-1.706331828946780482e-01,-2.451315965860851598e-01,1.055096295634300047e-01,1.117118727378345854e-02
4.659680950891460505e-01,1.415389427588364113e-01,1.000000000000000000e+00,6.314625318378837004e-01,3.620224317440457473e-01,6.963224451494705314e-02,8.038071406229053695e-01,5.490191697573617580e-01,3.455561017024889603e-01,1.948523169042405689e-01,2.294383127038741588e-01,1.964609678716653929e-01,3.881361991152419422e-01,2.745967201394164392e-01,2.799678269806514797e-01,1.565753608293489474e-02,-2.750569730550962988e-01,-2.048214844273649471e-01,4.367889539300237045e-01,3.960275258054425929e-01,-2.624022521113543727e-01,-3.935073059564770381e-01,4.231243576567317310e-01,6.062782072478662965e-01,-9.935653961303007875e-02,-8.926672326734885754e-02,9.508467759953527498e-02,-1.237767549935207129e-01,-1.637025783100228005e-01,3.980517449394521678e-02,-3.946110192591268523e-02,3.187363152955895867e-02,2.181643505071718947e-01,3.109388265784887584e-01,5.503373698556682930e-02,4.686536485097635846e-02,-4.862505027034273453e-01,-4.364046650878055100e-01,-2.077259931185486408e-01,-3.313955047142410071e-01,-1.384154787970865441e-01,-3.462710576880110858e-01,-4.361544304928727800e-01,-3.739711336520845641e-01,-5.946199562089459212e-01,-2.666607087001206522e-01,-1.141963447875240234e-01,-1.692300817730908458e-01,-2.636176772867420137e-01,-1.458644264712453675e-01,-2.068412350864649862e-01,-1.394387595513651157e-01,-2.344430046025291481e-01,-6.296081147504356545e-02,-1.108539255552080105e-01,1.061039367263952871e-01,2.528531212297243091e-01,1.583448768935162565e-01,1.253183788373028185e-01,9.806068188927119511e-02,3.129585772375887975e-01,8.121453148040573555e-02,1.804817015952455556e-02,1.014611912954108824e-01,-1.237588810938826528e-01,-1.679789087984270846e-01,-5.316591447339023141e-02,-6.220563921533580481e-02,1.071093435810357986e-02,6.670092497430626932e-02,4.897895348317619219e-02,3.195629831538495669e-01,3.295589615264310490e-01,4.171455382278028701e-01,-1.520934804951070141e-01,2.028642924169980766e-01,2.310648375709370428e-01,-3.056883685598105194e-02,-3.659368157647794884e-01,-3.771124715134724359e-01,-2.983868805576656569e-01,-1.534742392421466484e-01,-1.438089280128692082e-01,-3.665043120782876529e-01,-2.275928325662451290e-01,-3.504401447785870927e-01,-1.141248491889718109e-01,-1.749363242325394363e-01,-1.236561061709638559e-01,-9.970954913088163341e-02,-5.236427007462353123e-01,-2.363778542383484504e-01,-3.625363063586398149e-01,-1.217033826355065074e-01,8.214397426158452642e-02,4.655704008221994011e-02,-1.234014031011215901e-01,-1.404352294561866110e-01,-3.548996827382814301e-01,9.694356316189284284e-02,-1.637696054336654772e-01,6.759908843111846199e-02,-2.097323383529201557e-01,1.728182671254300806e-01,1.522185977925734068e-01,9.184950176504759478e-02,-3.678001698020465920e-02,1.289333750390991573e-01,2.422136824701729418e-01,-1.963894722731131942e-02,-1.845033290138075877e-01,-3.990482148442736632e-01,-4.929174672684212832e-01,-3.034183833057777502e-01,-1.928146923455024697e-01,-1.101210956700478111e-01
2.827248759998212679e-01,1.312793243665936749e-01,6.314625318378837004e-01,1.000000000000000000e+00,-7.856025738415478576e-02,4.619732785200411085e-01,5.127351534921131826e-01,8.068054872871889271e-01,-4.474283926895750163e-02,1.629205952008579428e-01,-8.141561285133384201e-03,8.816300996469903992e-03,-3.363867911881674583e-02,3.905625809911077440e-01,-5.259394968497251716e-02,7.515974797801509844e-02,-4.495285758970463119e-01,-3.755261629205952079e-01,2.306448009294427837e-01,4.029804727646454365e-01,-1.628625050270342822e-01,-1.807274677152687914e-01,2.825997587023548752e-01,6.312659189418651229e-01,-2.614504669556280345e-02,5.674963135081996686e-03,-1.876759461995620992e-02,-1.766700924974306253e-01,-3.390678761338755121e-01,-3.201751642164529232e-01,-1.718441395951561812e-01,-1.133071182805308608e-01,1.878100004468474804e-01,3.119531703829482860e-01,1.359399436972161535e-01,7.912328522275346998e-02,-3.865811698467312985e-01,-1.625765226328254043e-01,2.350417802404039525e-02,-4.857679074131998620e-02,-2.718977612940703392e-01,-1.089816345681219045e-01,-2.839224272755708212e-01,-2.381160909781491475e-01,-3.877965950221189395e-01,-3.270342732025559584e-01,-1.145806336297421624e-01,5.154385808123687629e-02,-2.096608427543679432e-01,-4.496179453952366123e-02,-7.964162831225703176e-02,1.262388846686625932e-01,-6.806827829661736551e-02,1.904106528441842916e-01,4.261137673711962170e-02,1.555967648241655121e-01,2.013494794226730333e-01,1.228741230617990121e-01,-6.019482550605478183e-02,1.349658161669422263e-01,-9.884266499843603893e-02,-5.894365253139103450e-02,-4.207962822288752736e-01,-1.847982483578354818e-01,-2.172751240001787321e-01,4.186960990214040092e-03,-1.661915188346217431e-01,5.631172080968765287e-02,-1.473971133652084431e-01,-5.275481478171500233e-02,7.774699495062335763e-02,2.552035390321283348e-01,3.203762455873810366e-01,3.176683497922159205e-01,-1.536708521381652433e-02,1.478394923812502704e-01,4.882747218374368647e-01,3.292372313329460787e-01,-4.383618570981723805e-01,-3.219223379060726642e-01,-2.805263863443406835e-01,-7.695607489163948378e-02,-1.166852853121229661e-01,-8.126815317931990190e-02,-2.771080030385629223e-01,2.931319540640779306e-02,-6.270610840520129958e-02,2.507261271727959095e-02,-1.021940211805710645e-02,1.023816971267706294e-01,-2.958934715581572061e-01,-1.417802404039501252e-01,-1.163367442691809334e-01,-2.047231779793556583e-01,9.298896286697350827e-03,1.103802672147995850e-01,-1.077438670181866953e-01,-2.012154251753876452e-02,-2.688189820814156361e-01,1.357924840252021925e-01,-7.119174225836721881e-02,-9.111220340497787687e-03,-1.524464900129585687e-01,6.025738415478797128e-02,1.283837526252289973e-01,1.401715894365253012e-01,1.045176281335180243e-02,3.624826846597256624e-02,6.967246078913266749e-02,-2.496179453952366012e-01,-2.241521068859198274e-01,-2.353009517851557264e-01,-4.519147414987264577e-01,-3.113097099959783454e-01,2.348630412440234211e-02,-2.798605835828231747e-01
1.520666696456499378e-01,-2.288306001161803313e-02,3.620224317440457473e-01,-7.856025738415478576e-02,1.000000000000000000e+00,-1.930828008400732876e-01,3.014343804459537757e-01,6.804146744716028927e-02,5.666651771750301769e-01,3.288395370659993877e-01,2.606416729970061352e-01,3.679655033736985437e-01,3.270610840520130624e-01,1.798739890075517212e-01,4.852585012735153303e-01,1.411680593413467966e-01,1.514812994325036855e-01,3.743688279190312412e-02,3.189239912417891620e-01,-4.871531346351490321e-02,-2.838822110013852415e-02,-3.093525179856115165e-02,2.946065507842173317e-02,1.375977478886455940e-01,-6.321998301979533941e-02,6.621386120916930573e-02,3.499352071138120412e-01,2.408150498234952475e-01,2.588587515081102741e-01,3.017650475892577622e-01,-9.694803163680236480e-02,-9.701505876044505539e-02,2.288976272398230427e-01,-1.967782295902408551e-01,-8.294383127038741643e-02,-6.019482550605478183e-02,-2.460431654676258906e-01,-4.223066267482907810e-01,-1.920193038116090878e-01,-2.569060279726529394e-01,-1.272800393225791971e-01,-1.592475088252379434e-01,-2.608561597926627451e-01,-1.976674560972340178e-01,-1.256624514053353570e-01,7.656731757451182285e-02,-1.261807944948389049e-01,-1.908440949104070750e-01,-4.248625943965324975e-02,-2.268778765807230036e-01,-1.293802225300504927e-01,-2.142142186871620613e-01,-1.997899816792528815e-01,-2.036909602752580428e-01,-6.360427186201349226e-02,2.239599624648107648e-02,8.320300281513919038e-03,-2.237812234684302334e-02,6.571786049421332598e-02,-5.852808436480629040e-02,1.896420751597479859e-01,2.030206890388310537e-01,2.971669869073685355e-01,2.932928191608203949e-01,4.439429822601546199e-02,3.392912998793511797e-02,4.791992492962152128e-02,-5.031055900621118210e-02,3.357969525001117117e-01,4.754457303722239847e-02,5.128021806157558732e-02,7.866303230707359651e-02,2.912328522275347553e-01,3.387059296662049412e-01,1.187229098708610792e-01,-1.326600831136333092e-01,-1.350507171902229631e-01,-9.928951248938737428e-02,2.065597211671656441e-01,1.053130166674114132e-01,2.135662898252826403e-01,-4.588676884579293014e-02,9.681397738951695586e-02,-3.170204209303364995e-01,9.616604852763752098e-02,-2.527905625809910850e-01,-4.901916975736181174e-03,-3.474641404888511587e-01,5.670941507663434383e-02,-2.857321596139237863e-01,-3.192189105858170839e-01,-3.826846597256356453e-01,-9.255998927566021217e-02,-1.493140891013896854e-01,4.114124849188971478e-02,-5.063675767460566052e-02,-1.599803387103981289e-01,-9.881138567406944073e-02,-8.007060190357030705e-02,2.204611466106617679e-01,-6.477501228830599700e-02,7.543679342240493246e-02,-1.676973948791277425e-01,-1.041869609902140448e-01,-3.074668215737968446e-01,-3.440859734572590534e-01,-2.050538451226596448e-01,2.490281067071808269e-02,2.789266723267349035e-01,1.626524867062871527e-02,-1.896644175342955541e-01,-3.549667098619241346e-01,-1.591760132266857308e-01,-2.365029715358148155e-01,-4.749854774565440696e-01,7.469055811251619492e-02
-2.188480271683274636e-01,-2.371509003976942642e-01,6.963224451494705314e-02,4.619732785200411085e-01,-1.930828008400732876e-01,1.000000000000000000e+00,-3.467089682291434050e-02,3.770811921891058516e-01,-2.796818445864426503e-02,1.365208454354528700e-01,-3.396085615979266281e-01,-2.855712945171812733e-01,-1.284016265248670574e-01,6.924348719781937833e-02,1.961660485276375127e-03,2.228473122123419414e-01,-2.383082353992582447e-01,-3.852942490727914726e-01,-1.741275302739175024e-01,-1.636623620358371722e-01,1.577907860047365884e-01,2.912373207024442356e-01,1.807006568658116874e-01,2.640868671522409450e-01,3.237007909200589895e-01,4.041244023414808373e-01,1.834174896107958475e-01,2.525224540864203226e-01,-8.045489074578845989e-02,-2.625318378837303013e-01,9.125072612717279041e-02,8.940524598954377455e-02,2.686670539344921393e-01,9.422226194199920246e-02,2.515706689306939636e-01,4.175342955449305032e-02,-1.131417847088788536e-02,2.247642879485231560e-01,3.942624782161848196e-01,3.663479154564547313e-01,-1.075606595468966420e-01,3.044327271102372778e-01,-1.436972161401313675e-01,-6.921667634836230210e-02,1.105053845122659639e-02,-3.337816703159211529e-01,-1.928638455695071141e-01,-2.697171455382278010e-02,-2.660038428884221595e-01,-1.180749810089816304e-01,-5.460923186916305516e-02,-2.716832744984136808e-02,2.913445641002725909e-03,1.083203002815139177e-01,1.047723312033602971e-01,2.811564413065820514e-02,-2.556057017739845616e-01,-2.161267259484337955e-01,-3.104651682380803468e-01,-4.638276956074891683e-02,-2.937530720765003101e-01,-3.798650520577327022e-02,-5.497207203181554425e-01,-2.894007775146342776e-01,8.303320076857768905e-02,3.725993118548639460e-01,1.979087537423477455e-02,8.163009964699048659e-02,-2.695696858662138817e-01,-1.809419545109254290e-01,1.739577282273560010e-01,8.201885696411814752e-02,6.308592877250994435e-02,-1.125742883953706613e-01,8.799320791813754206e-02,-5.121765941284239787e-02,1.243263774073908590e-01,3.217659412842396871e-01,-1.505116403771392941e-01,-1.475803208364984964e-01,1.358192948746592688e-01,2.033736985566826083e-01,2.630144331739577290e-01,2.833370570624245688e-01,7.979355645918048690e-02,3.009339112560883156e-01,2.561285133383975898e-01,2.651548326556146251e-01,2.252647571383886715e-01,1.645203092184637506e-01,1.013405424728540116e-01,-2.167657178604942211e-02,1.211850395460029560e-02,-3.598015997140175948e-01,3.830376692434871860e-02,2.288171946914518140e-01,-5.969435631618928706e-02,9.459314535948880331e-02,-1.778050851244470376e-01,1.790562580991107711e-01,8.738102685553419957e-02,-1.566245140533535918e-01,2.194914875552973765e-02,-8.411904017158944313e-02,-6.519058045489074804e-02,9.194780821305688356e-02,-1.314178470887886023e-02,9.508020912462576690e-02,-1.258501273515349184e-01,-2.549041512131909326e-01,-2.387818937396666563e-01,-1.583806246927923489e-01,-1.398587961928593748e-01,-1.584699941909826215e-01,2.084096697797041889e-02,-1.410250681442423715e-01
6.167255015863085665e-01,3.507305956477054232e-01,8.038071406229053695e-01,5.127351534921131826e-01,3.014343804459537757e-01,-3.467089682291434050e-02,1.000000000000000000e+00,4.850752938022253047e-01,3.327494526118235929e-01,2.299968720675633349e-01,4.245006479288618850e-01,3.206220117074042864e-01,5.059966933285670043e-01,3.525582018856964206e-01,1.613253496581616708e-01,-1.712811117565574970e-01,-4.438402073372357814e-01,-2.878725590955806823e-01,5.251887930649269398e-01,5.717324277224183904e-01,-3.681799901693552091e-01,-3.460476339425354042e-01,2.198623709727869913e-01,2.522320032173019366e-01,-4.118503954600294947e-01,-4.547790339157245509e-01,-4.859019616604852432e-02,-2.878323428213950819e-01,-2.515974797801510121e-01,-1.550650163099334122e-01,-4.746414048885115589e-02,3.215067697394879270e-02,-2.347736717458331554e-02,3.468474909513383220e-01,-3.170517002547030838e-01,-2.743062692702980532e-01,-5.122704321015237872e-01,-3.268376603065373809e-01,-2.155905089592921875e-01,-2.712319585325528304e-01,-2.837883730282854677e-01,-2.990079985700880294e-01,-3.336252736940882313e-01,-1.827248759998212624e-01,-5.333839760489744730e-01,-1.734438536127619612e-01,-2.781178783681129488e-02,-5.567719737253675263e-03,-2.170338263550650182e-02,1.509003976942669550e-02,-1.558961526431029143e-01,-4.337548594664641238e-02,-2.629786853746816089e-01,1.594396532463470129e-01,-9.061620269002189365e-02,1.826131641270834216e-01,2.909513383082353855e-01,2.147593726261227132e-01,3.295366191518834809e-01,2.527771571562625885e-01,3.779525447964609541e-01,9.409267616962330161e-02,1.152464363912596573e-01,4.437195585146789384e-02,-4.602484472049689357e-01,-4.417713034541311257e-01,-3.818222440680995589e-01,-3.925689262254792311e-01,-8.876178560257384775e-02,-8.718888243442513009e-02,-1.673846016354618160e-01,2.133562715045355107e-01,3.140176057911434615e-01,3.762723982304839176e-01,-2.526743822333437639e-01,2.118950802091246199e-01,3.348943205683900248e-01,-7.113812055945305246e-02,-6.237901604182493065e-01,-4.678001698020465837e-01,-5.203315608382859114e-01,-2.199115241967916357e-01,-2.904151213190938052e-01,-3.458957057956119630e-01,-2.772197149113007630e-01,-2.806515036418070763e-01,-3.023236069529469661e-01,-2.857589704633808347e-01,-1.774878234058715754e-01,-7.897135707583001485e-02,-5.235354573484070073e-01,-6.014567228205013223e-03,-3.526565083337057094e-01,5.888556235756736007e-02,-1.014343804459537889e-02,-4.906385450645694458e-03,-1.532552839715805026e-01,-1.230483935832700354e-01,-2.240582689128200466e-01,2.731176549443674606e-01,-2.645515885428303404e-01,1.058090173823673930e-01,-3.293355377809553675e-01,2.350149693909468762e-01,1.187765315697752316e-01,1.071808391795880111e-01,-1.073014880021448680e-01,1.689172885294249193e-01,1.769784172661870436e-01,-1.330979936547656284e-01,-2.385674069440100187e-01,-4.071763707046784919e-01,-4.297064211984449877e-01,-3.961571115778184660e-01,-1.681174315206220016e-01,-4.009562536306358893e-02
2.191429465123553300e-01,1.531033558246570336e-01,5.490191697573617580e-01,8.068054872871889271e-01,6.804146744716028927e-02,3.770811921891058516e-01,4.850752938022253047e-01,1.000000000000000000e+00,-7.694713794182045374e-03,1.811430358818535147e-01,3.232047902051030097e-02,2.720407524911747643e-01,-4.102953661915188094e-02,5.639885607042316451e-01,-6.380535323294159178e-02,-1.258099110773492901e-01,-4.988739443228026316e-01,-4.347468608963760417e-01,2.712230215827338142e-01,4.083515796058805325e-01,-1.259529022744537152e-01,-1.143125251351713723e-01,8.363197640645247954e-02,4.907234460878502347e-01,-1.403190491085392622e-01,-5.506054783502390554e-02,1.164350507171902221e-01,-1.815317931989811895e-01,-3.670539344921578406e-01,-2.825774163278073070e-01,-2.007730461593458249e-01,-1.300236829170204333e-01,3.024174449260467190e-01,3.757942714151660257e-01,1.283167255015863206e-01,1.094776352830778912e-02,-4.667009249743062638e-01,-1.860002681084945708e-01,9.245274587783189335e-02,-8.858304660619330251e-02,-3.822690915590509220e-01,1.091201572903168111e-02,-2.066624960900844410e-01,-1.417981143035881852e-01,-3.541534474283926648e-01,-4.639394074802269952e-01,1.497832789668885993e-02,-3.080119755127574965e-02,-2.913535010500916123e-01,-1.920148353366995797e-01,-1.173332141740024148e-01,-3.530095178515572571e-03,-3.002368291702042086e-02,2.314670003127932384e-03,1.149872648465078834e-01,-4.487242504133339555e-02,9.037043656999865782e-02,9.731891505429196565e-02,-1.009428482059073276e-02,2.007328298851601966e-01,-2.745430984405022520e-02,1.814245498011528568e-01,-4.518834621743598734e-01,-7.994548460610394203e-02,-2.788953930023683192e-01,1.394164171768175475e-01,-1.154073014880021425e-01,8.827919031234639224e-02,-6.626301443317396400e-02,-2.975557442244961687e-02,1.029089771660932073e-01,2.284329058492336473e-01,2.863309352517985351e-01,4.000357477992760868e-01,-1.816658474462665984e-01,6.629876223245007028e-02,5.062290540238616465e-01,3.610393672639528040e-01,-4.962732919254658204e-01,-4.895705795611957623e-01,-2.825952902274453948e-01,-1.284999329728763462e-01,-9.196121363778542168e-02,-1.628178202779391459e-01,-2.181777559319004467e-01,-3.056883685598105194e-02,-1.327583895616425980e-01,-1.489298002591715464e-01,1.545645471200679175e-02,-1.727691139014254362e-01,-2.697037401134992352e-01,-3.110237276017694952e-01,-1.754278564725859080e-01,-2.670941507663434633e-01,1.270476786272844993e-01,1.624379999106305150e-01,-3.522945618660350969e-02,-1.085839403011752170e-02,-2.318021359310067364e-01,8.529424907279145596e-02,-7.551722597077617245e-04,1.366906474820143817e-02,-1.057107109343581042e-01,-2.998346664283480043e-03,7.307297019527235482e-02,-2.958130390097859705e-02,-6.990035300951785713e-02,3.217301934849636086e-02,3.622145761651548307e-02,-3.164886724161043996e-01,-2.517940926761696452e-01,-2.497475311676125020e-01,-4.957504803610527921e-01,-3.733232047902050876e-01,-2.118146476607533912e-01,-2.272934447473077546e-01
3.896956968586621356e-02,-1.260378032977344798e-01,3.455561017024889603e-01,-4.474283926895750163e-02,5.666651771750301769e-01,-2.796818445864426503e-02,3.327494526118235929e-01,-7.694713794182045374e-03,1.000000000000000000e+00,3.662987622324500592e-01,1.090129138924884888e-01,9.546002949193439779e-02,4.453728942311989125e-01,5.406854640511193563e-03,6.233477814022074792e-01,1.117967737611153256e-01,2.083649850306090387e-02,-1.559676482416551269e-01,1.481433486750971806e-01,-1.345055632512623389e-01,-1.340899950846775879e-01,-2.297734483220876811e-01,2.798203673086375742e-01,1.548281871397292064e-01,9.120604137807766798e-02,1.419187631261450422e-01,2.947137941820456852e-01,3.076410920952679096e-01,7.084320121542517223e-02,1.541623843782117219e-02,1.409133562715045307e-01,1.956298315384959186e-01,2.667232673488538486e-02,-2.590821752535859557e-01,-1.184816122257473514e-01,-8.350239063407659257e-02,-2.872156932838821897e-01,-3.580231467000312695e-01,-2.620000893694982014e-01,-2.993878189373966880e-01,-2.985522141293176501e-01,-3.584163724920684801e-01,-2.911434827293444827e-01,-1.791590330220295679e-01,-3.300326198668394606e-01,-6.514142723088610365e-02,-2.233701237767549974e-01,-2.699092899593368844e-01,-1.707314893426873370e-01,-9.192546583850931541e-02,-2.556414495732606262e-01,-2.625809911077349179e-01,-1.214174002412976433e-01,-6.227713481388801736e-02,-6.306358639796237620e-02,-4.292863845569507009e-02,-1.329684078823897275e-01,-1.012064882255686166e-01,-1.085169131775325091e-01,-1.952455426962777518e-01,2.745520353903213029e-01,3.589704633808480927e-01,2.139416417176817631e-01,2.318423522051923646e-01,1.783904553375932900e-01,1.806515036418070430e-01,-5.980159971401760588e-02,-2.593458152732472377e-01,1.820903525626703656e-01,1.530005809017382333e-02,3.499039277894454569e-01,2.544483667724205533e-01,2.128826131641270714e-01,2.132311542070691179e-01,1.269583091290942267e-01,-4.696813977389516920e-02,-2.783904553375932678e-01,-3.059296662049242332e-01,1.705884981455829119e-01,-2.220832030028151508e-02,1.975468072746771608e-01,-6.081147504356763239e-02,3.531435720988426730e-02,-3.347870771705616644e-01,1.149425800974127471e-01,-3.157245632065776020e-01,1.046069976317082900e-02,-2.811921891058581924e-01,2.777380580008043109e-01,-1.667053934492157830e-01,-2.694758478931140733e-01,-2.260467402475535015e-01,-2.359399436972161312e-01,-6.470351668975378445e-02,1.528218419053576915e-01,-6.416729970061217647e-02,-8.498145582912551566e-02,-6.156664730327539303e-02,-3.674426918092854599e-02,2.149291746726842145e-01,1.163412127440904414e-01,1.498413691407122772e-01,6.282675722775817040e-02,3.276732651146163633e-02,-2.170114839805174500e-01,-5.918048170159524723e-02,-7.520443272711023822e-03,1.662049242593502951e-01,2.119889181822244006e-01,1.896912283837526303e-01,-6.754993520711381760e-02,-1.931453594888064840e-01,1.514410831583180572e-01,1.593681576477948003e-01,-1.380669377541444975e-01,2.147146878770275769e-01
2.578756870280173377e-02,-2.982796371598373519e-01,1.948523169042405689e-01,1.629205952008579428e-01,3.288395370659993877e-01,1.365208454354528700e-01,2.299968720675633349e-01,1.811430358818535147e-01,3.662987622324500592e-01,1.000000000000000000e+00,1.981187720630948612e-01,1.425935028374815672e-01,3.216006077125876939e-01,1.570177398453907747e-01,1.143035881853523422e-01,4.340855266097680687e-01,6.414495732606460832e-02,-4.247508825237946151e-01,1.885115510076410816e-01,-3.863443406765271204e-02,8.601814200813262881e-03,-6.912730685017203294e-03,2.538540596094552779e-02,1.007104875106126229e-01,-8.744358550426739596e-02,5.611510791366906142e-02,4.473613655659323673e-01,2.269672460789132762e-01,5.433665489968273615e-02,-2.698869475847893162e-01,-1.515840743554224823e-01,-1.042450511640377192e-01,-3.427320255596764953e-02,-2.193082800840073232e-01,-2.179051789624201207e-01,-1.860404843826801990e-01,-6.900665802761517253e-02,-7.288976272398230150e-02,-1.681710532195361818e-01,-4.068993252602886440e-02,-2.153224004647213974e-01,-2.425443496134769283e-01,-3.952902274453728992e-01,-1.223736538719335104e-01,-1.809955762098395815e-01,-2.808883328120112544e-02,-3.433129272979132396e-01,-1.315742437106215690e-01,-1.008087939586219256e-01,-1.222261941999195634e-01,-2.344966263014433283e-01,3.559587112918360940e-02,-3.395951561731980761e-01,1.560078645158407551e-01,-3.566066401537155151e-01,1.171991599267170059e-01,-1.401224362125206568e-01,-2.217346619598730972e-01,-7.104875106126279372e-02,-1.948478484293310609e-01,-4.972072031815541471e-02,3.195719201036686385e-01,-2.492515304526565084e-02,6.750525045801868129e-02,1.294204388042361209e-01,1.102462129675141900e-01,-2.779659502211895283e-01,-2.860538898074087566e-01,1.785021672103311030e-01,1.697439563876848856e-01,-3.707940479914205445e-02,2.356092765539121447e-01,9.082622101076902321e-02,-8.790383841994726943e-02,-5.081996514589570690e-02,3.591313284775905779e-02,-2.479109879798024885e-02,-1.055140980383395127e-01,9.024531927253227892e-02,3.624826846597256624e-02,-6.965905536440412937e-02,1.412618973144465773e-01,-1.203181554135573511e-01,-3.597122302158273222e-02,-2.722284284373743257e-01,2.276598596898878335e-01,-7.098619241252959733e-02,7.914562759730103814e-02,-2.169444568568747456e-01,2.760847222842843784e-01,-4.123687385495330426e-01,2.770901291389248761e-02,-3.763796416283122365e-02,2.840788238974037982e-01,-1.371330264980562263e-01,-6.052549264935877527e-02,-3.456856874748648334e-01,5.384512265963626275e-03,-4.417936458286786938e-01,2.546405111935296506e-01,-3.044863488091514303e-01,2.909245274587783370e-01,-3.073819205505161078e-01,7.910094284820590183e-02,-1.761562178828365854e-01,1.492694043522945491e-01,-2.633316948925331635e-01,1.947897582555074003e-01,1.472407167433754938e-01,-7.643773180213593588e-02,-2.383573886232628891e-01,-3.604718709504446394e-01,-6.721926806380981723e-02,-1.353679789087984253e-01,-1.399347602663210954e-01,1.390365968095089166e-01
5.911345457795253999e-01,5.297823852719066862e-01,2.294383127038741588e-01,-8.141561285133384201e-03,2.606416729970061352e-01,-3.396085615979266281e-01,4.245006479288618850e-01,3.232047902051030097e-02,1.090129138924884888e-01,1.981187720630948612e-01,1.000000000000000000e+00,5.929800259171544852e-01,6.391214978327897089e-01,4.292729791322221766e-01,8.373921980428080183e-03,-1.893292819160820317e-01,1.146968139773895112e-01,3.882211001385227345e-02,2.503463068054873064e-01,4.994861253854059879e-01,-5.160239510255150153e-01,-3.950533982751686657e-01,-2.427856472585906422e-01,-2.297555744224496210e-01,-4.563519370838732825e-01,-4.354081951829840702e-01,5.004691898654989313e-02,-1.522811564413065755e-01,-4.072568032530497067e-02,-5.252245408642030461e-02,-2.062648018231377500e-01,-1.919120604137807828e-01,-2.971178336833638634e-01,1.091469681397738978e-01,-3.962732919254658426e-01,-2.731221234192769964e-01,-3.579561195763885650e-01,-3.348272934447473204e-01,-3.662853568077215072e-01,-3.353366995844318521e-01,1.339604093123017148e-01,-3.236784485455114213e-01,-9.781491576924795928e-02,-3.531525090486616891e-01,-2.702265516779123189e-01,1.551946020823093131e-01,6.860896376066848157e-02,-1.548192501899101903e-01,3.622011707404262926e-01,2.210018320747129117e-01,6.769739487912775078e-02,9.551811966575807222e-02,-1.631306135216050723e-01,-4.635149023638232557e-02,-1.549890522364716916e-01,6.224585548952142784e-03,4.736315295589615393e-01,4.454220474552035292e-01,5.436346574913981655e-01,3.659815005138746247e-01,4.671120246659815067e-01,2.390142544349613540e-01,5.304794673577908348e-01,3.915769247955672716e-01,-3.516198221546986136e-01,-4.070557218821216350e-01,-4.219402118057107298e-01,-3.736181241342330095e-01,3.842888422181509750e-02,2.993878189373966542e-04,-3.701282452299030079e-01,3.687832342821394799e-02,3.248179096474373417e-01,9.353858528084364743e-02,-2.161177889986147793e-01,-7.281826712543008895e-02,3.508959292193574164e-01,-2.509495509182715911e-01,-3.162920595200858220e-01,-3.062558648733187394e-01,-4.855444836677241804e-01,4.160150140756959519e-03,-5.052638634434067910e-01,-4.449886053889807180e-01,-2.470262299477188339e-01,-1.019750659100049084e-01,-3.204343357612047249e-01,-2.889092452745877782e-01,-3.702488940524599204e-01,-3.592653827248760284e-02,-3.261048304213771676e-01,-5.971223021582734020e-02,-9.266723267348854487e-02,2.599222485365744739e-01,-3.882076947137941825e-01,-1.970329326600831210e-01,-2.314491264131551818e-01,-2.732517091916528695e-01,3.864783949238125016e-02,1.030832476875642306e-01,-2.500201081370928002e-01,2.014075695964967216e-01,-2.722954555610170302e-01,2.219759596049868111e-01,8.271147057509272912e-03,-1.760132266857321673e-02,-6.816658474462665429e-02,-2.371866481969703636e-02,1.208588408776084672e-01,-1.165065463157424347e-01,-1.705170025470307063e-02,-2.064837570937039235e-01,-2.313016667411412486e-01,-2.368649180034854140e-01,-1.329862817820277876e-01,-6.305464944814334616e-02
5.898431565306760938e-01,5.528844005540909379e-01,1.964609678716653929e-01,8.816300996469903992e-03,3.679655033736985437e-01,-2.855712945171812733e-01,3.206220117074042864e-01,2.720407524911747643e-01,9.546002949193439779e-02,1.425935028374815672e-01,5.929800259171544852e-01,1.000000000000000000e+00,2.921310156843469064e-01,4.705840296706734205e-01,-5.632065775950668290e-02,-3.288440055409088680e-01,-5.380043791054112991e-03,2.093480495107019959e-02,3.114795120425398745e-01,4.024263818758657685e-01,-3.785155726350596384e-01,-3.139058939184056207e-01,-3.215291121140354536e-01,-1.575092720854372463e-01,-5.070333795075741001e-01,-4.072299924035926444e-01,1.216318870369542809e-01,-1.344072568032530501e-01,-6.446221904464007058e-02,6.280888332812011032e-02,-2.078377049912864816e-01,-1.595781759685419299e-01,-1.140488851155100763e-01,2.053487644666875112e-01,-2.633763796416282998e-01,-1.540596094552929007e-01,-3.991509897671924323e-01,-4.012958577237588642e-01,-4.005764332633272029e-01,-4.063854506456946458e-01,-1.995889003083247681e-01,-2.072299924035926610e-01,6.997631708297957775e-02,-1.132445596317976644e-01,-2.821797220608606160e-01,-6.470798516466330641e-02,3.049778810491979297e-01,-4.528352473300862463e-02,1.847625005585593616e-01,1.946691094329505434e-01,2.110639438759551456e-01,1.562759730104115452e-01,1.297868537468161998e-01,1.805710710934358212e-02,6.005183430895035673e-02,-7.200053621698913886e-02,3.885875150811028411e-01,4.517181286027078801e-01,5.431475937262612019e-01,4.661244917109790276e-01,4.454175789802940488e-01,3.875597658519147615e-01,4.152553733410787040e-01,4.903078779212654559e-01,-5.279369051342777119e-01,-2.001027749229188080e-01,-3.024665981500513912e-01,-1.911658251038920453e-01,2.471245363957281505e-01,1.027570490191697522e-01,-2.269180928549086318e-01,1.215425175387640222e-01,2.420617543232494728e-01,2.116939988381965343e-01,-4.661647079851646835e-01,-2.642030474998882661e-01,3.216497609365923660e-01,-2.908977166093212191e-03,-2.565083337057062485e-01,-4.197059743509540253e-01,-2.895482371866481830e-01,-1.567540998257294649e-01,-4.078153626167388968e-01,-5.728986996738013593e-01,-2.474060503150274926e-01,-2.255909558067831500e-01,-5.489119263595334530e-01,-6.235265203985879134e-01,-2.247687564234326918e-01,-3.823763349568792269e-01,-1.894499307386389164e-01,-3.522990303409446189e-01,6.769739487912775598e-03,-2.730238169712677007e-02,-1.776397515527950444e-01,-7.242950980830242802e-02,-1.423924214665534538e-01,-2.477322489834219710e-01,1.947003887573171277e-01,3.856740694401000757e-02,-6.257205415791590453e-02,6.465883194065864814e-02,-1.841950042450511693e-01,-6.133428660798069532e-02,-5.808570534876447006e-02,-3.473703025157513502e-01,-3.859019616604852931e-01,-2.546494481433486667e-01,1.090665355914026552e-01,-4.090888779659502400e-02,-2.730238169712677007e-02,-9.543768711738682964e-02,-3.165691049644756005e-01,-4.120738192055051763e-01,-2.109298896286697367e-01,2.477769337325171073e-02
3.508601814200813518e-01,1.566468564279011599e-01,3.881361991152419422e-01,-3.363867911881674583e-02,3.270610840520130624e-01,-1.284016265248670574e-01,5.059966933285670043e-01,-4.102953661915188094e-02,4.453728942311989125e-01,3.216006077125876939e-01,6.391214978327897089e-01,2.921310156843469064e-01,1.000000000000000000e+00,3.374681621162697320e-01,3.453997050806559832e-01,1.926806380982170885e-01,1.159033022029581361e-01,-1.810626033334822652e-02,3.283211939764958398e-01,2.492068457035613860e-01,-2.049555386746503283e-01,-2.005585593636891595e-01,1.537334107868984223e-01,-1.078868582152911204e-01,-9.733678895393002573e-02,-1.468653648509763709e-01,1.269806515036417949e-01,7.903838419947271932e-02,2.319540640779302054e-01,1.965682112694937256e-02,1.022387059296662043e-01,8.607623218195629977e-02,-1.371509003976942587e-01,-1.140801644398766780e-02,-3.241476384110102971e-01,-3.699450377586129823e-01,-1.859153670852138063e-01,-1.496715670941507759e-01,-1.936547656284909880e-01,-1.682514857679074105e-01,9.161714106975289706e-02,-2.327047678627284510e-01,-4.610393672639528373e-01,-3.022029581303901091e-01,-2.293623486304124381e-01,7.702310201528218825e-02,-2.129541087626792839e-01,-2.864247732248983436e-01,1.003932257920371746e-01,9.777023102015282296e-02,-2.781715000670271221e-01,-1.864918003485410425e-01,-4.003574779927610572e-01,-8.372581437955226025e-02,-3.408820769471379575e-01,7.784530139863264642e-02,4.386701818669288405e-02,3.567630367755485199e-02,2.115510076410920814e-01,6.229054023861656068e-03,3.610572411635908918e-01,2.535323294159703145e-01,4.063720452209660938e-01,2.698377943607846441e-01,-4.142276241118906382e-02,-2.549354305375575169e-01,-3.460074176683498037e-01,-5.818624603422851704e-01,-3.049734125742883939e-02,-1.178247464140488865e-01,-8.311363331694893164e-02,1.230886098574556498e-01,1.303632870101434360e-01,-5.107913669064748086e-02,-1.123955493989901300e-01,-7.587470396353724819e-03,-9.202824076142812615e-02,-4.475222306626748248e-01,-1.379865052057732688e-01,-1.955583359399437060e-01,-2.313642253898744450e-01,3.837973099781044617e-02,-2.043925108360516441e-01,-2.435318825684793798e-01,-1.534965816166942165e-01,-1.091201572903168215e-01,-1.385361276196434288e-01,-7.776040037535189575e-02,-2.268778765807230036e-01,1.246704499754233871e-02,-4.430626927029804873e-01,1.021046516823807988e-02,-3.797131239108092471e-01,2.304347826086956541e-01,-1.491666294293757522e-01,-1.231020152821841879e-01,-1.230394566334510054e-01,-1.225836721926806400e-01,-1.932079181375396526e-01,1.633004155681665737e-01,-2.892131015684347162e-01,2.053889807408731394e-01,-2.088118325215603810e-01,2.211358863219982929e-01,-2.639617498547745522e-01,2.039411948701908006e-02,-2.718888243442513231e-01,1.217570043344206598e-01,1.409669779704186832e-01,4.537736270610840533e-02,-1.300192144421108975e-01,-4.281647973546628405e-01,-2.320925868001251224e-01,-1.767728674203494221e-01,-2.561776665624022620e-01,-7.407837704991286631e-02
