0.000000000000000000e+00,6.992755525823708407e-01,9.869425944487190960e-02,1.340924087134608422e-01,-1.009956871062971939e-01,1.567847594345976592e-02,3.083250949224752291e-01,2.410494327483110322e-01,-4.067111274484062622e-01,-1.131763583103685168e-02,5.624684638198675923e-01,4.802563534700642900e-01,2.190808444960946622e-01,5.203943478032553305e-01,-1.219642502437275761e-01,1.546591352750868176e-01,3.572760959750130860e-01,-1.620611476543931395e-01,6.774211224482806770e-01,4.614248303039574228e-01,-8.927164837473086992e-04,1.398551105164741459e-01,7.353381020984545158e-02,3.231816324154259540e-02,-5.351709746135177026e-01,-6.398037393633173586e-01,2.541867489822803861e-01,-3.838429732253549886e-01,3.548194132729360906e-01,1.241012902150510633e-01,3.468603092771736507e-01,-2.041375468333679610e-02,1.309599099520764309e-01,3.751989205208349776e-01,-2.365607355435866976e-01,-2.479628483820369989e-01,-1.285351915230747710e-01,1.139686156501647368e-01,-5.080378730972695545e-01,-2.358894858090043456e-01,-4.283007107484434473e-01,9.426949078629828782e-02,-3.248323588035316178e-01,-4.038297765468995548e-01,-4.905945126475779183e-01,9.351148088193995955e-02,-2.863839046186091308e-01,-1.912079983743883993e-01,9.769880065481097164e-02,2.256289541518166075e-01,-3.206244905693978603e-02,4.218599097237601958e-02,9.201144320976097340e-04,-1.263935852270262616e-01,-1.411245487900381068e-01,3.919984291842945612e-01,5.642401978131871276e-01,5.023482324898570495e-01,4.111747098671427597e-02,3.203710595471575551e-01,7.380778969334846062e-02,5.227756861473689676e-02,-1.586546694095057053e-01,8.930589581016874778e-02,-4.928662591982903990e-02,-1.999525102228594808e-01,-1.161010892967631603e-01,-2.274828819901869581e-01,6.021087287580281222e-01,4.976357853736052550e-01,-9.956871062971901082e-03,1.590428070111349901e-01,-8.109564395452853458e-02,-2.097244451344668359e-01,2.191173750938950615e-01,3.572852286244631581e-01,-2.276153054072134196e-01,1.570199251579377508e-01,-4.651235533312480519e-01,-2.457573135398377628e-01,-3.216952937174221150e-01,2.582507779875750087e-01,-1.179230528620581753e-01,6.261116146752543354e-02,-7.567541650589398872e-02,1.114754023502873420e-01,-5.938893442529378230e-01,-1.002605088255641153e-01,-4.737950039841183347e-01,4.859254456162141050e-02,-1.537778346031521415e-01,-1.603579085319494224e-01,-1.280625769140320870e-02,1.130279527568043979e-01,3.294831605359951898e-02,3.504425910239754999e-02,-3.965967181824200938e-01,-8.939265597994469625e-02,-1.372979686704460522e-01,-3.358098034425522349e-01,-3.169919792506204481e-01,1.080460924817746582e-01,-2.379899951825274196e-01,-2.288025498357264542e-01,-2.362776234106336026e-01,-1.547230638212375164e-01,-2.019434278029813568e-01,6.665235884919484821e-02,2.564836103189805927e-01,8.655468516332601170e-03,-3.083068296235750294e-01,-4.607992438166255145e-01,-6.028621723376614838e-01,-1.579834196749233532e-01,1.517001568532543032e-01,-1.697417058419275482e-01
6.992755525823708407e-01,0.000000000000000000e+00,-3.860142606321163156e-02,4.013456958964722876e-01,-2.147337033578468890e-01,-5.556532241677302614e-02,2.008041297840813463e-02,4.266385685485251655e-01,-3.267136845902522402e-01,-9.715084168780493967e-02,3.687512700090641582e-01,5.326183990922146450e-01,-1.312818358451924494e-03,2.300263248620399159e-01,-2.212315834415932714e-01,1.444853637876750418e-01,2.083910783147522039e-01,1.422638468089381172e-02,7.524138734077796542e-01,7.757295274538857921e-01,-1.945026016635121105e-02,-3.273369879152215889e-02,-5.956085655119192773e-02,-5.345568039379984537e-02,-2.483098890611407927e-01,-1.947834306341026944e-01,1.159960638280870121e-01,-6.592631321791186938e-02,3.270378936457308261e-01,1.371929432017699180e-01,2.011488873008226153e-01,2.226836747041592290e-01,9.547956683843658587e-02,4.520136350456290253e-01,-3.042473669430054151e-01,-4.236247942299920521e-01,-3.760802211927696814e-01,-1.677142576640052729e-01,-2.720273796830514068e-01,-8.714830737758253593e-03,-3.391340878423887428e-01,-8.492679039884563907e-02,-3.476594161040574282e-01,-3.968569986917479531e-01,-5.800579466607609369e-01,-6.655418286760626280e-03,-3.779661133042154231e-01,-3.073889983538399262e-01,-1.633602670386699249e-02,5.866129058035703808e-02,-2.427800698191050488e-01,-1.075985926587197383e-01,5.235519613506275233e-02,1.027194746900036287e-02,-2.780663441319302515e-02,2.426202484537282877e-01,8.460189639465831579e-01,8.278221599172581602e-01,1.432684382484491689e-02,3.016765261228021577e-01,-7.793574724479382376e-02,-6.169333019779035809e-02,1.123567030222220181e-01,3.065898915269561487e-01,-3.182933817972597446e-01,-3.795643269579829782e-01,-3.653173938158264522e-01,-3.865964670345602427e-01,8.220640244389699758e-01,8.538547771747692083e-01,-2.939571541751048386e-02,-1.783834753840849927e-02,-3.222067220866277615e-01,-1.767144836970791499e-01,-1.088315003344832860e-01,2.112358986184584564e-01,-2.249714033914093636e-01,6.244677377742363644e-02,-1.619561221857170052e-01,-1.752760914086883559e-01,-1.525494932521136437e-01,7.194929553025304625e-02,-9.829013970670496397e-03,1.864544543356111694e-01,-4.053960259275917744e-01,-8.573274671281699150e-03,-1.275123347846635335e-01,5.173874229718097850e-02,-1.897513407870974056e-01,2.315697426191068720e-01,-2.895803319261442410e-01,-4.391229003468123393e-01,1.255054350680039933e-02,2.106217279429391936e-02,1.045345887682110758e-01,1.863676941658352071e-01,-3.454949781843836276e-01,-1.428825838091824230e-01,-1.994730461267291977e-01,-3.718518044973732062e-01,4.518149999200893330e-02,3.191472845208441211e-01,-3.075648018557543620e-02,3.867905358353748713e-02,-3.048729534303372679e-01,-2.544241978679829819e-01,-2.528077189153152271e-01,2.395334129395943756e-01,2.259303315836699022e-01,-1.748217420985458473e-02,-4.079805657219701676e-01,-5.526965289082602650e-01,-2.686163351134389088e-01,-1.703581596798093012e-01,-1.061442182337912592e-02,-3.574359173403898193e-01
9.869425944487190960e-02,-3.860142606321163156e-02,0.000000000000000000e+00,5.295178646039055970e-01,4.988595603999187444e-01,4.498674624248554244e-01,8.052599494507852729e-01,3.383030167424296297e-01,2.220672208662774760e-01,3.050510400946142564e-01,1.705750601042491793e-02,-4.388443545385842803e-01,4.265883389765496303e-01,-4.113116996088942573e-02,5.740532296473198626e-01,2.342456089079862636e-01,-2.852286244631714318e-01,-5.210473322389375106e-01,3.391843174143642781e-01,2.654176246435412806e-02,6.803138891615999329e-02,2.658171780569831832e-01,8.989426675099145836e-01,8.805723431410378277e-01,-2.337524458376808445e-01,-1.616867090269390461e-01,3.892723333234396343e-01,1.722646002525177536e-02,-4.140446449568367937e-01,-4.679227103877037774e-01,4.268577521353276172e-01,2.558260595585734043e-01,4.448262399284000357e-01,2.403188207923029895e-01,6.607997004490980819e-01,6.002867651927331627e-01,1.332887355618520009e-01,6.168419754834025825e-02,-8.479893330654422745e-02,-8.470760681204322906e-02,-1.312110578119541904e-01,1.400651614538264700e-01,-3.684795736879236533e-02,-4.246910310532912847e-02,-1.236857546650714929e-01,-2.065188851774816259e-01,-1.033473443396980274e-01,-2.218297719805748525e-01,-6.540552388301988929e-01,-7.519755062341748619e-01,-5.836927411419008394e-01,-7.209792940005342876e-01,-4.577763368486423290e-01,-6.718776042320697695e-01,-3.850713145763934864e-01,-3.182979481219848084e-01,-2.300537228103902154e-01,-4.085056930653509499e-01,-4.227754578311327394e-01,-6.543337846384269518e-01,2.910963517348609253e-01,3.412574288395370803e-01,-3.109415989899289579e-01,-4.945717814830966064e-01,7.229199820086805728e-01,7.044446321711276271e-01,6.405937135407510086e-01,3.156312144825554888e-01,1.351198317765971157e-01,-3.915851767966775643e-02,1.852443782834728714e-01,3.676325204514268585e-01,1.936920790248156943e-01,6.193991173294306762e-02,3.649109909152969400e-01,2.166332944434677665e-01,5.013208094267207482e-01,3.434538310322862165e-01,-3.584953046766014562e-01,-2.083865119900271401e-01,-5.102388416147437544e-01,-1.813721349166303176e-01,-2.248070157013075665e-01,-5.197002664450477427e-01,4.371730796892159265e-01,-3.200879474142044878e-01,-3.387231186171342223e-01,-1.470128245229903111e-02,-4.658792800732438483e-02,-4.396069307676676585e-01,1.092242042608376068e-01,2.016329177216779345e-01,2.330355328558479655e-01,4.781512777718162077e-01,-2.841327065291593956e-01,-3.986241663603423691e-01,-3.195217231482982423e-01,-2.622371794725438243e-01,-2.689633757925427582e-01,-1.864224900625358061e-01,-5.095538929059861832e-01,-2.398530556703478978e-01,-4.803294146656651442e-01,-5.665827223971378057e-01,-1.514855395911769431e-01,-3.054642924822312949e-02,-1.515905650598531051e-01,-1.810068289386263241e-01,-1.365125608177374383e-01,-2.348118331738924813e-01,-2.252271175760121869e-01,-2.378758370644011577e-01,-3.854457532038476075e-01,-3.206770033037359413e-01,1.471794953754546331e-01,-5.601738856455298898e-02
1.340924087134608422e-01,4.013456958964722876e-01,5.295178646039055970e-01,0.000000000000000000e+00,2.545337896613841799e-01,3.479562272111856869e-01,3.587875494590046510e-01,6.370319802552119048e-01,1.248684327688594914e-01,3.005897408382402491e-01,4.454678085522695979e-02,7.190363228300254705e-02,2.023133001057104141e-01,-2.439764468970681832e-01,2.966946658477724319e-01,3.912906488519117820e-01,-2.333734408855016873e-01,-3.568285961519581662e-01,6.191502526319153654e-01,6.345342006306093907e-01,-5.084602581343367241e-03,-3.044597010427202433e-02,4.387621606935334095e-01,4.831559696704711970e-01,9.361194002589105778e-02,2.560909063926262719e-01,2.415425958186164512e-01,3.563628310300030466e-01,-1.043199715061337157e-01,-1.805456301413962406e-01,1.326951133475954836e-01,3.470520949156257196e-01,1.526362534218895783e-01,2.607120270143770679e-01,2.517528979038286541e-01,1.883312137976067835e-01,-2.141903107155659070e-01,-2.804705140996691659e-01,9.205025696992390205e-02,2.326702268778439719e-01,-5.246022160373890741e-02,-8.189018445668726220e-02,-1.304302162839706125e-01,-7.221870868903100538e-02,-3.673585409679238634e-01,-2.308117327147485576e-01,-2.326656605531189081e-01,-2.819226053622351236e-01,-5.480388776887090696e-01,-5.424268646016223716e-01,-5.599432862469149175e-01,-4.980239229752345120e-01,-3.051514992385653269e-01,-2.530862647235432861e-01,-1.954318487450598107e-01,-1.250921826803869374e-01,2.130258979106781358e-01,1.363344741534604776e-01,-2.905255611442296715e-01,-3.264442714314743088e-01,3.722239599624647954e-02,2.466523131859476026e-01,1.472251586227051323e-01,-7.283287936455024904e-04,1.665407122096673742e-01,2.407160910433823742e-01,8.889036026018917735e-02,-2.245033551070917469e-02,5.145905490777166191e-01,4.376342784864459823e-01,-2.628148195502626877e-02,1.605748089563893005e-02,-1.384167182280833519e-01,-1.085620871757053268e-01,-1.446497514777768389e-01,1.142471614583927958e-01,3.099141759267926566e-01,2.388301989319366603e-01,-1.137357330891871771e-01,-1.288594005785533292e-01,-2.514606531214254037e-01,-2.950964521940048768e-01,-6.062024388740356456e-02,-2.006968211530426593e-01,-1.212793015349700604e-01,-8.090842464080148788e-02,4.345542924593996659e-02,1.455310521497115150e-01,4.575685690736525091e-02,1.380514122500793306e-01,-4.366091385856722684e-02,-1.280694264011196515e-01,5.781195418149771142e-02,4.243782378096253582e-01,-1.358321784337049587e-01,-2.970622549881389574e-02,-3.557646424910214655e-01,-2.190443138982942628e-01,-2.754703885257392404e-01,-2.048841409259136714e-01,1.154595206728936153e-02,2.495016998143788911e-01,-2.263549997830995864e-01,-4.413124530524738937e-02,-3.062428508478523548e-01,-2.077700581521453871e-01,-2.854067111274484203e-01,2.017744737881544959e-01,-2.215009966003712305e-01,-2.368758119496151837e-01,-3.195080241741231064e-01,-3.061606570028014285e-01,3.554655482215306889e-02,-4.688131437090886089e-01,-3.276109673987246534e-02,-4.471778971618008414e-01
-1.009956871062971939e-01,-2.147337033578468890e-01,4.988595603999187444e-01,2.545337896613841799e-01,0.000000000000000000e+00,8.147350732552643970e-01,5.258237079013400317e-01,1.711755318055932784e-01,6.330729767185934165e-01,6.904351479146736414e-01,7.127804579567066645e-02,-1.912034320496633355e-01,3.141014956996636687e-01,5.899463228528570302e-02,5.211888883054140997e-01,4.108116870515012842e-01,-4.648495738477450567e-01,-6.181319622182291917e-01,4.224078686907661861e-02,-6.958393932267704918e-02,-1.200258453979437777e-02,1.128589987419775370e-01,5.654913707878508333e-01,5.549933902449605272e-01,2.599494507852936898e-01,2.645477397834192224e-01,6.347625168668619144e-01,3.812812650546018034e-01,-3.645593839114680823e-01,-4.329355303443693792e-01,1.979341946943873054e-01,5.123644657742545960e-02,1.399418706862501083e-01,1.212062403393692478e-01,4.507441967720650644e-01,5.309379915933961636e-01,-9.273063935395638169e-02,-3.314946265773797696e-01,-1.909522841897855761e-01,-1.659059930728853938e-01,-2.292728812824066376e-01,-1.184984097774145068e-01,-1.166764462121194779e-01,-5.043733975054168206e-02,-6.724141473872631558e-02,8.463682877880494143e-03,-9.806867295754002900e-02,-6.875743454744297212e-02,-3.556139537750948043e-01,-3.995785282278778716e-01,-1.812123135512535566e-01,-3.073616004054896544e-01,-1.871439693690937489e-01,-3.971857740719516028e-01,-3.485133188276418048e-01,-1.102013977519983312e-01,-2.478441239391857009e-01,-3.338143195377052952e-01,-1.124434631919979666e-01,-3.136494295518837405e-01,4.116336255020103252e-01,3.752948133400610398e-01,-1.459511540244161354e-01,-2.832148752594243479e-01,5.756697085999876728e-01,4.584658518821249085e-01,4.942749703759683477e-01,3.766875423812013346e-01,-1.449967921568806606e-01,-1.876508314135743039e-01,2.615385317896111728e-01,2.165100036758914048e-01,1.058177260159501726e-01,4.337323540088906110e-02,2.274189534440362592e-01,1.978109039268109437e-01,3.581299986985974626e-01,2.378530054407759220e-01,-3.112703743701326076e-01,-4.436663934482372729e-01,-3.190650906757932503e-01,-4.069668416330090577e-01,-2.045644981951601493e-01,-5.526782636093600098e-01,3.864914415658840530e-01,-2.644929438867186233e-01,-1.820068540534122981e-01,-4.762448371991077206e-02,6.899031710842053189e-02,-3.914367712431134350e-01,1.276287760651523186e-03,3.421204642125715290e-01,2.028932233457917955e-01,5.519978812253275580e-01,-2.835801812374283415e-01,-3.118000680382383982e-01,-2.223503329992305710e-01,-2.967951249917235579e-01,-2.179620949384573625e-01,-1.739838215114991593e-01,-4.647947779510444577e-01,-7.984903730458983717e-02,-5.162663902518099812e-01,-4.820463527622839695e-01,1.160074796398996404e-02,2.315971405674571715e-01,-4.855487238263974659e-01,-3.425679640356264488e-01,3.006239882736781027e-02,-2.401544331022011924e-01,-6.764781763925578617e-02,-3.389811159640995775e-02,-1.938016708182168923e-01,-4.130354871926007476e-01,3.797652452458851746e-01,-1.990803422003749046e-01
1.567847594345976592e-02,-5.556532241677302614e-02,4.498674624248554244e-01,3.479562272111856869e-01,8.147350732552643970e-01,0.000000000000000000e+00,4.887360184844825040e-01,3.324763863932655994e-01,5.045355020331561136e-01,7.852366155314403073e-01,1.808287422743493633e-01,-4.443262273710070487e-02,3.081378756087481685e-01,8.440166305546485670e-02,4.489633301292954570e-01,5.233670251992630362e-01,-3.766281801597757273e-01,-5.580528278107440565e-01,1.510745703659224226e-01,1.027582884501665600e-01,-7.438314660870477824e-02,1.486567014240083688e-02,4.712287294886401412e-01,5.189057259428889735e-01,1.700476495985059067e-01,2.499400669879837111e-01,6.449317220295487374e-01,5.242620248453728760e-01,-2.120669697184175972e-01,-3.674955307096753332e-01,2.897447196162460936e-01,2.613741440995093757e-01,2.419900956416713711e-01,3.544449746454819694e-01,3.242935324859756996e-01,3.614268851500836988e-01,-3.136905264744091482e-01,-4.266431348732502293e-01,-3.719979268885748036e-01,-3.280379187605168001e-01,-3.853133297868211460e-01,-2.493464447737271938e-01,-2.221311494124281749e-01,-1.687142827787912469e-01,-1.342202658057622400e-01,4.695780031005344912e-02,-2.033270241946715517e-01,-1.189687412240946623e-01,-3.794364698656815804e-01,-3.963318713483671707e-01,-3.104986654915991018e-01,-4.012178388041708899e-01,-2.202178593526321337e-01,-3.519654603197797105e-01,-4.948046640440741939e-01,-1.558874766261253153e-01,-1.366929306443769206e-02,-1.582619654831514122e-01,-1.376495756742749377e-01,-2.531410606202438851e-01,3.740938699373728693e-01,4.984029279274136970e-01,-2.593900760064750399e-02,3.840050777530942816e-02,4.082454125560230906e-01,3.912358529552111830e-01,3.785688681679220124e-01,3.429195710394553065e-01,-2.659884152341725552e-03,4.081152723013591749e-02,2.641322042334396381e-01,2.581777167919742100e-01,-3.024505181636981746e-02,-7.560235531029317613e-02,1.470927352056786708e-01,1.201651183020578106e-01,1.392477893280424928e-01,6.472993613994872109e-02,-3.223528444778293589e-01,-4.109304114943526098e-01,-3.624451755637698724e-01,-2.612417206824829141e-01,-2.529310096828915611e-01,-5.402258960841482827e-01,1.936418494528401313e-01,-1.882627189267310486e-01,-2.966490026005219049e-01,-5.784848477929811078e-02,-1.947469000363022951e-01,-4.079075045263693688e-01,-7.061136238581333657e-02,2.862286495779574613e-01,2.297523453785368930e-01,5.804780485354654740e-01,-2.102678377767478179e-01,-2.594014918182876994e-01,-3.187363152955896006e-01,-3.916331232062905676e-01,-2.966216046521716332e-01,-2.548808303404880293e-01,-4.581325101771962505e-01,-2.163296338492519053e-02,-4.588539894837541655e-01,-3.700161419579030553e-01,1.398870747895495092e-01,3.042793312160807506e-01,-5.398149268588937622e-01,-2.384329286808572756e-01,1.957103945532878697e-01,-2.077563591779702235e-01,-1.991442707465256035e-01,-2.118797504046905367e-01,-3.147910107331462481e-01,-4.633974825851790991e-01,4.630230439577249779e-01,-2.276883666028142184e-01
3.083250949224752291e-01,2.008041297840813463e-02,8.052599494507852729e-01,3.587875494590046510e-01,5.258237079013400317e-01,4.887360184844825040e-01,0.000000000000000000e+00,3.455315087821840270e-01,9.355257780446540883e-02,2.504149647593889583e-01,3.176860606088280914e-01,-2.325378034608175104e-01,6.082184712401452753e-01,2.632646025356801256e-01,4.760188041252177427e-01,2.867811748696885155e-01,-1.733673676736173785e-01,-6.128532908360712073e-01,3.380016393105763073e-01,-3.477941226834464078e-02,-2.291153430793924084e-02,1.724130058060818760e-01,7.699987899239478795e-01,6.762658422928429225e-01,-3.094301455059373374e-01,-3.183573103434104712e-01,5.249789378272057272e-01,-5.160631888015452390e-02,-1.738650970686478336e-01,-3.794501688398567163e-01,5.898527131959935277e-01,1.773902997563865658e-01,4.875624730301446053e-01,3.626004306044215975e-01,5.264675596875720842e-01,5.508517337193399310e-01,-4.735963688585786285e-02,5.251273433807698111e-05,-4.410042261335330172e-01,-3.006628020338410479e-01,-4.366251207222099362e-01,-7.478498318450919891e-02,-2.120304391206171979e-01,-2.286244631714495212e-01,-2.336930836162552094e-01,-4.183438396854715496e-02,-2.592005735303854475e-01,-2.161766619709627468e-01,-4.644386046224905362e-01,-5.408743141951053435e-01,-4.510775384769937224e-01,-5.672083088844697141e-01,-4.679592409855041768e-01,-6.933712947128809478e-01,-5.717198377128193121e-01,-1.936601147517403310e-01,-7.342878474116930343e-02,-2.982426499295644517e-01,-1.882992495245314479e-01,-4.088618663939048714e-01,5.254538355986109188e-01,3.846283810780636303e-01,-3.495087776177027150e-01,-3.936514387347627708e-01,6.550872282180603134e-01,6.258262193799387640e-01,7.103945532878679359e-01,4.329218313701942433e-01,8.706839669489416234e-02,-7.751336220772667672e-03,1.144161154732196428e-01,3.978752891054341823e-01,-2.220832030028151508e-02,-1.325078940338684230e-01,3.991081967811976883e-01,2.962289007258173124e-01,2.445015742404489656e-01,2.684291157997118482e-01,-5.306229151873677052e-01,-3.351705179810451907e-01,-6.883803017884010389e-01,-1.761436931064478684e-01,-3.421204642125715290e-01,-5.797702682030827503e-01,3.302891168499665353e-01,-3.046035402715593365e-01,-6.084239558527725356e-01,-1.139914472737899864e-01,-2.873108685377943061e-01,-4.873158914949918818e-01,-7.827365527444753168e-02,1.862352707488087733e-01,1.208500670108153402e-01,4.970330305098986656e-01,-2.559584829755998658e-01,-4.495797839671772378e-01,-4.274924712721095976e-01,-4.148209201600953633e-01,-4.208530351218865984e-01,-3.560020913767240613e-01,-6.715442625271410559e-01,-1.228501172403873160e-01,-5.176773845918505312e-01,-5.266182484034986899e-01,2.487048761498576385e-02,1.734860921164686764e-01,-2.740685268351488180e-01,-1.817146092710090755e-01,1.270009064154579148e-01,-1.415492169894677632e-01,-2.934114783704613316e-01,-3.649338225389222035e-01,-6.085289813214487253e-01,-3.571071419601862251e-01,3.017313220195027568e-01,-1.842260878697866977e-01
2.410494327483110322e-01,4.266385685485251655e-01,3.383030167424296297e-01,6.370319802552119048e-01,1.711755318055932784e-01,3.324763863932655994e-01,3.455315087821840270e-01,0.000000000000000000e+00,-1.016121409441789608e-01,2.948453043341270896e-01,1.843356796631878958e-01,3.063341773423533532e-01,1.617095406505642818e-01,2.109527864855053336e-01,4.527510964887245838e-03,3.605318855039738590e-01,-2.557712636618728053e-01,-4.082591115301982265e-01,5.000787691015071701e-01,5.501165554386069356e-01,1.767395984830669176e-02,5.166796426394270128e-03,2.378895360385763214e-01,3.178413156494797609e-01,-2.801668535054533185e-02,4.537328563046103685e-02,3.697969583711006591e-01,2.170442636687222870e-01,-1.583373098411147359e-02,-8.901365102776553906e-02,1.303891193614451494e-01,3.038546630166510942e-01,1.172929000500012586e-01,4.717355915331206684e-01,-7.071638785448949860e-02,-5.136430366972686429e-02,-4.093915600620106621e-01,-3.618241554011630279e-01,-2.090851596729598194e-01,-7.271872124642400105e-03,-3.223254465294790316e-01,-2.013543719134498755e-01,-3.544997705421825684e-01,-3.981401359394870498e-01,-5.074533835324631648e-01,-6.228695241204687538e-02,-4.797038281783332359e-01,-4.006333492393644446e-01,-4.024461801552093876e-01,-3.492484971083748557e-01,-3.946331985506485451e-01,-4.059850818171232834e-01,-5.335750441221126690e-03,-1.602894136610736875e-01,-3.171426679665471093e-01,-1.762395859256739306e-01,3.742993545500001296e-01,2.940964270792189028e-01,-1.074433376180680272e-01,2.137268287559733124e-02,1.555084716739461581e-01,4.795211751893312391e-01,-1.554673747514206950e-01,1.629196167027025799e-01,-1.637004582306861578e-01,1.422341656982253066e-01,-2.075166271299050749e-02,-2.622211973360061635e-02,4.551096032092130095e-01,4.351684631349189147e-01,-1.729381331494626584e-01,-7.255661671868471330e-02,-3.892905986223398340e-01,-2.223001034272550358e-01,-1.257542997655192174e-01,-1.271721435926473050e-03,-1.119503001216925475e-01,2.566959444186954487e-02,-2.270262495176819384e-01,-2.429261922103066462e-01,-3.319923559724102802e-01,-3.855918755950492050e-01,-1.336951384623814854e-01,-2.396521373824456735e-01,-4.036653888567977577e-01,-4.244512990052261570e-01,-2.665477900129911704e-01,-1.706047412149620246e-01,-2.206014306295363547e-01,-1.397546513725230477e-01,1.471498142647418086e-02,-3.319238611015344897e-01,4.352506569799698410e-01,3.487005381413688654e-01,-1.569240323387117164e-01,-8.329661247200272067e-02,-4.943754295199194737e-01,-4.386617015495822836e-01,-3.618835176225886907e-01,-4.121313548970407803e-01,-9.223290995892591271e-02,2.716438084061472136e-01,-2.974755073757560098e-01,-1.905869782117815825e-01,-1.623214281637209988e-01,-1.582117359111758492e-01,-3.578194886172940681e-01,-5.135973734500181437e-02,1.843196975266502002e-02,-2.270308158424070022e-01,-5.117365961245602390e-01,-5.774505752427572247e-01,-2.647806223443967544e-01,-3.434492647075611527e-01,9.338134062727602514e-04,-2.700318957782044671e-01
-4.067111274484062622e-01,-3.267136845902522402e-01,2.220672208662774760e-01,1.248684327688594914e-01,6.330729767185934165e-01,5.045355020331561136e-01,9.355257780446540883e-02,-1.016121409441789608e-01,0.000000000000000000e+00,6.208489254296341020e-01,1.016532378667044101e-01,-8.754786079102443164e-02,3.212660591932673948e-01,-2.269120913995557043e-01,3.861946304587557943e-01,1.026806609298406975e-01,-5.301160531428871225e-01,-2.022767695079100148e-01,-2.850916347214199620e-01,-1.745500457774053771e-01,-1.244528972188799210e-01,-1.435218692706894394e-01,2.782649792574699577e-01,3.194669272515976433e-01,5.271479420716045361e-01,5.730806024808842158e-01,2.543465703476571194e-01,4.111541614058800698e-01,-4.753749523389856901e-01,-5.067227715764550666e-01,-1.136444065946861648e-01,3.275653041514741542e-02,1.244437645694298211e-01,-7.716403836626034574e-02,4.470317747705992439e-01,3.196084833180741769e-01,-6.943781693147545175e-02,-2.681688352903839889e-01,2.179666612631823985e-01,7.418679464552763170e-02,-4.338008488797664069e-05,-1.997835562080326199e-01,8.860724812723606847e-02,1.732440769060410168e-01,1.959889403615159287e-01,-2.201493644817563988e-01,2.284829071049729599e-01,1.183979506334633947e-01,-3.055076725671192484e-01,-3.439058971800661446e-01,-8.359798990385602924e-02,-1.297817981730134684e-01,-1.192792513053980846e-01,-1.034341045094739758e-01,7.714805622972266581e-03,-1.728148423818862967e-01,-3.219418752525748384e-01,-3.034391274666715099e-01,6.338743667078397537e-02,-2.861647210318067347e-01,3.908294500546817263e-01,2.528579484872907623e-01,1.462479651315443940e-01,-1.334211589788784624e-01,3.285447808049973828e-01,3.304717698389685321e-01,2.987540782987700427e-01,2.240718374205744878e-01,-2.360493071743810789e-01,-1.964547054834710482e-01,4.073686782088134506e-01,2.863062770982832683e-01,2.041626616193557286e-01,3.552166835240154197e-01,-1.097516147665809037e-02,-9.281055003664474834e-03,5.394541872056147769e-01,9.562112290491313338e-02,7.097666836381735789e-02,-2.107883987954035365e-01,-1.070232357433634207e-01,-5.107959332311998724e-01,-2.304509930614695723e-01,-4.317756838642066164e-01,2.314281865526303106e-01,-3.169828466011703760e-01,2.814796718639052675e-01,-5.026838573571482116e-02,5.205450365191819362e-01,-9.203655799574875229e-02,-1.298434435568016597e-02,3.610433138731794500e-01,5.390774654157980822e-02,2.114733475041610522e-01,-1.718079677800127270e-02,-4.539155092936123653e-02,1.895686877980953811e-01,4.254216430092993412e-02,4.549201007331234170e-02,1.849886640988700759e-01,-5.427305251958382259e-02,-1.709015523220902832e-01,-1.930253956149583783e-01,-3.126265728134725030e-01,1.741367933897883247e-02,-1.396610417156595244e-02,-2.083910783147522039e-01,-1.706001748902369608e-01,-1.144298144473947926e-01,-3.356248672911876763e-04,2.808951822990988223e-01,2.508213676599184150e-01,1.754176474751648895e-01,-2.202452573009824333e-01,1.572299760952900749e-01,-1.542732808358200820e-02
-1.131763583103685168e-02,-9.715084168780493967e-02,3.050510400946142564e-01,3.005897408382402491e-01,6.904351479146736414e-01,7.852366155314403073e-01,2.504149647593889583e-01,2.948453043341270896e-01,6.208489254296341020e-01,0.000000000000000000e+00,1.734130309208678777e-01,8.769854950695109286e-02,2.570954978321373097e-01,5.559272036512332565e-02,2.473737924925055176e-01,3.669247401190440794e-01,-4.275746651171604684e-01,-4.361547892755297529e-01,3.169714307893577165e-02,5.156065563290402470e-02,-1.098086938256440243e-01,-3.891650246924009682e-02,3.368828897529390076e-01,4.370589215710896647e-01,3.047131320649605346e-01,3.410017146549342293e-01,5.765190449988469856e-01,4.650459258109221894e-01,-3.657922915872316438e-01,-4.564475363536527053e-01,6.460664537237235938e-02,1.571386496007890488e-01,1.937697065451415568e-01,2.524835098598366412e-01,2.266837751633031806e-01,2.267111731116534801e-01,-2.510770818445212105e-01,-3.206130747575852147e-01,-1.512252590818490838e-01,-1.031144617787204676e-01,-2.795115859074086551e-01,-1.659242583717855934e-01,-1.620200507318677041e-01,-1.243661370491039725e-01,-3.685252369351741525e-02,-2.966056225156339654e-02,-3.939140024064531620e-02,-4.997842411567413566e-03,-3.011742304030466388e-01,-2.667943715481438938e-01,-1.072926489021413798e-01,-1.955505731879111087e-01,-5.547856224699707073e-02,-1.059821137060519836e-01,-2.281404327505942020e-01,-6.025037158467450027e-02,-1.004203301909408624e-01,-1.381701366929306563e-01,3.984803271315032897e-02,-7.567998283061903864e-02,3.562441065871517210e-01,5.741080255440205171e-01,-4.160606773229464511e-02,-1.046373310745246990e-02,1.836050677071798531e-01,3.172020301879727722e-01,2.038749831616775698e-01,2.358712205101041459e-01,-2.722214484838660423e-02,3.214920922671574144e-02,2.162725547901887813e-01,2.054731968154451249e-01,3.303735938573799762e-03,4.769754491551157771e-02,1.873334718451833206e-02,-1.934066837295000604e-02,2.833518650011758178e-01,1.042925735577834162e-01,-2.244691076716538447e-01,-3.088228243175056842e-01,-3.182888154725346808e-01,-3.488694921561957263e-01,-3.176769279593779638e-01,-4.571096534387850130e-01,7.783985442556776158e-02,-1.850160620472203754e-01,-1.698102007128032831e-01,-7.041501042263619004e-02,1.462365493197317727e-02,-1.819292265330864355e-01,3.193459196463838135e-02,3.107452470267518252e-01,2.622234804983686884e-01,4.431595314037566902e-01,-6.295363582190420526e-02,-6.305409496585530349e-02,-9.605949007851795340e-02,-1.300512113317914276e-01,-4.859254456162141050e-02,-1.975620392292957300e-02,-2.430129523800826086e-01,-6.774827678320688440e-02,-3.867699873741121119e-01,-3.641666799851137615e-01,1.241926167095520617e-01,1.248958307172097909e-01,-4.253736965996862684e-01,-2.090075321526339569e-01,5.203327024194671219e-03,-4.657422903314923507e-02,7.194472920552799633e-02,-3.396660646728570654e-02,-1.597186230704424059e-01,-3.577235957980680059e-01,3.902677921135005445e-01,-1.607117986981408328e-02
5.624684638198675923e-01,3.687512700090641582e-01,1.705750601042491793e-02,4.454678085522695979e-02,7.127804579567066645e-02,1.808287422743493633e-01,3.176860606088280914e-01,1.843356796631878958e-01,1.016532378667044101e-01,1.734130309208678777e-01,0.000000000000000000e+00,6.534342186675921038e-01,6.592060531200555351e-01,4.503606254951608157e-01,6.406325273009139121e-02,2.305925491279461337e-01,1.601113269967967268e-01,-1.443186929352107024e-02,1.894316980563438835e-01,1.910984065809872012e-01,-3.692855300018950127e-01,-3.556687496717954033e-01,3.063775574272413135e-02,2.332706985791880780e-02,-2.058476354428992461e-01,-2.767215615004030016e-01,1.475037044309331913e-01,-2.232133683722650475e-01,3.388418430599855480e-01,-1.309690426015265308e-01,3.089187171367317464e-01,8.533319329937509579e-02,3.418556173785186614e-01,3.528513273164394781e-01,-8.445417578980294465e-03,-2.212452824157684350e-01,-4.922566548474961445e-01,-1.883723107201322466e-01,-5.456369908833327287e-01,-3.853452940598964815e-01,-6.545712335241296032e-01,-4.706077093260332966e-01,-4.716305660644445341e-01,-4.477075908299066875e-01,-4.236019626063668442e-01,-1.539467886179790024e-01,-3.478557680672345609e-01,-2.301587482790663775e-01,-8.359342357913097932e-02,4.398055658932073508e-02,-1.212519035866197609e-01,-5.247392057791405717e-02,-1.955871037857115080e-01,-1.725134649500330020e-01,-3.580615038277217277e-01,4.807198354296569193e-02,4.498354981517800888e-01,3.712718812572918248e-01,4.346935653635137231e-01,3.469014061996990583e-01,6.671149275438423842e-01,4.097933966378151105e-01,1.301334051768423539e-01,3.629703029071506548e-01,2.937745011861028419e-02,8.273495453082155282e-02,7.658868145090401425e-02,-4.603540271559331681e-02,2.544698611152335088e-01,2.935849987100132563e-01,1.538919927212783756e-01,2.793791624903821935e-01,-9.606862272796805324e-02,-4.064257321530906353e-02,7.045154102043658939e-02,2.102769704261979178e-01,-1.258501925847452796e-01,-5.689868923648767202e-02,-2.373644086951955390e-01,-1.798150181853882257e-01,-4.841468621358070434e-01,-1.328092714657217455e-01,-4.465614433239191161e-01,-3.034528264408467013e-01,-2.195557422674998815e-01,-2.851875275406460242e-01,-3.417962551570929985e-01,-2.265513517462767468e-01,-1.613122703994849250e-01,-1.855526052024137479e-02,-3.327321005778683949e-01,-1.272474879506106382e-01,-1.476406941726846889e-01,7.112279075501895531e-02,1.373710298660468510e-01,9.997739669261100637e-02,-2.373004801490448401e-01,-1.618373977428656796e-01,-3.127635625552239729e-01,-2.844614819093630453e-01,-1.161239209203884098e-01,1.249323613150101903e-01,-9.356627677864055859e-02,-1.233706782590430345e-01,1.328115546280842635e-02,1.697531216537401591e-02,-1.201057560806321617e-01,2.374329035660713016e-01,4.735895193714910745e-01,2.059343956126752084e-01,-1.774587946272623284e-01,-3.804912908771681535e-01,-4.864619887714075053e-01,-1.532618399092214589e-01,1.664128551173659487e-01,-1.066442307911842496e-01
4.802563534700642900e-01,5.326183990922146450e-01,-4.388443545385842803e-01,7.190363228300254705e-02,-1.912034320496633355e-01,-4.443262273710070487e-02,-2.325378034608175104e-01,3.063341773423533532e-01,-8.754786079102443164e-02,8.769854950695109286e-02,6.534342186675921038e-01,0.000000000000000000e+00,2.118386534821650735e-01,4.133231656502788787e-01,-2.375287963852973361e-01,2.153547235204537058e-01,2.017973054117797593e-01,1.938929973127178907e-01,2.131765866266047693e-01,4.502145031039592182e-01,-1.692394101221720293e-01,-3.309740655587240510e-01,-4.422782307318220418e-01,-3.587555851859293155e-01,-2.698469596268399454e-02,-8.060704720894816544e-02,-6.468198973033569173e-03,-9.970341720910799732e-02,4.658039357152805038e-01,2.413736418037895903e-01,-8.076230224959987658e-02,-4.691213706280294993e-02,-9.775816287623662060e-02,1.893997337832685202e-01,-5.067867001226058488e-01,-6.047206665007568427e-01,-4.757037277191892843e-01,-2.200991349097808358e-01,-2.573238140683898334e-01,-4.722721346883140825e-02,-3.448511263981515751e-01,-3.102429513069963063e-01,-4.931425218441559122e-01,-4.832427298402471316e-01,-5.138005749002828582e-01,-1.524946973554130447e-01,-3.492119665105744564e-01,-2.522551936235841730e-01,1.193797104493491829e-01,3.610478801979045138e-01,1.290009566450298906e-01,2.681094730689583261e-01,2.459125685804894601e-01,2.764886789394254141e-01,-4.997842411567413566e-03,2.699907988556790039e-01,5.681809360509053608e-01,6.459454461185097918e-01,4.459723874343876071e-01,6.846770124363853460e-01,1.812123135512535566e-01,2.286061978725493216e-01,2.112906945151590554e-01,6.277532084139099133e-01,-5.187778688505875202e-01,-3.801670818216895675e-01,-4.972841783697763973e-01,-4.128710995024988950e-01,3.978204932087335277e-01,4.184465819917851936e-01,-1.096602882720798880e-02,-7.430551908837892960e-02,-2.307295388696976313e-01,-3.715390112537073075e-02,-1.575267872024183335e-01,9.074885442328460561e-02,-3.595683909869882844e-01,-1.400377635054761705e-01,-1.962378050590311493e-02,-5.766583179029610012e-02,-4.385726582174438032e-02,-9.172148158972029397e-02,-1.186171342202658047e-01,1.123612693469470680e-01,-5.557285685256935226e-01,-9.994543241953565693e-02,-5.347394569270004505e-02,-2.329350737118968673e-01,-7.347901431314485254e-02,3.394856948462176005e-01,-1.569012007150864529e-01,-3.458694168118377488e-01,-4.737561902239554278e-03,-1.272794522236859738e-01,1.805958597133718035e-01,3.819936117117096464e-01,-1.553806145816447326e-01,4.135491987241688566e-02,-1.055757108055225130e-01,-1.589103835941085285e-01,2.747854398169817247e-01,2.930370397430072660e-01,7.510005959053765723e-02,1.259369527545212419e-01,-1.761482594311729322e-01,-2.431271104982088704e-01,-1.152426202484537338e-01,2.493236131501019304e-01,2.580498596996728122e-01,1.781483096607449079e-01,-1.672667578409503530e-01,-2.616572562324624429e-01,-1.755044076449408519e-01,-8.996801289530102774e-02,-8.706383037016911242e-02,-1.807511147540235008e-01
2.190808444960946622e-01,-1.312818358451924494e-03,4.265883389765496303e-01,2.023133001057104141e-01,3.141014956996636687e-01,3.081378756087481685e-01,6.082184712401452753e-01,1.617095406505642818e-01,3.212660591932673948e-01,2.570954978321373097e-01,6.592060531200555351e-01,2.118386534821650735e-01,0.000000000000000000e+00,3.674772654107751335e-01,4.919735427145430773e-01,3.679156325843799813e-01,-6.594001219208701914e-02,-1.647324476185474951e-01,4.587558135021655575e-02,-8.176689368911091438e-02,-2.429535901586569457e-01,-1.734769594670185766e-01,4.428079243999278325e-01,4.251590793376089361e-01,-1.933130740726365371e-01,-1.542162017767569615e-01,2.694108756155976780e-01,-1.631068360164296405e-01,8.607522106719575281e-04,-2.819500033105854508e-01,3.127772615293991643e-01,1.166262166401439287e-01,4.060444440385488907e-01,2.118066892090897380e-01,4.290130574055512902e-01,2.472596343743792557e-01,-1.850480263202957110e-01,-5.481187883713974779e-02,-2.654655710531543256e-01,-2.027516672793152341e-01,-3.662580567091867634e-01,-2.412777489845635281e-01,-3.625684663313462064e-01,-2.742283482005256068e-01,-3.034665254150218372e-01,-3.493672215512261814e-01,-2.840550790088335331e-01,-2.941146923781191025e-01,-4.930009657776793230e-01,-3.811442753128503336e-01,-3.694818819650722008e-01,-3.373623538490692630e-01,-4.701556431782533130e-01,-4.010991143613195642e-01,-5.386322487551057359e-01,-2.694885031359234850e-01,-1.520357817205455001e-02,-1.680612983431090668e-01,2.633833269785314513e-01,-7.514115651306312038e-02,7.037368518387447924e-01,4.527031500791115493e-01,-3.869960204480021003e-03,-5.688042393758747234e-02,4.366342533716600083e-01,5.221569491471247382e-01,4.510410078791933230e-01,2.032676619732459167e-01,4.493491845685622377e-02,1.444556826769622000e-02,1.949706499478297272e-01,4.000077627520325918e-01,1.363070762051101781e-01,5.868868852870734454e-02,2.048384776786631722e-01,2.615704960626865083e-01,2.999093584542077418e-01,1.562573489288543727e-01,-1.826370068654692147e-01,-2.149140731844863608e-02,-5.461758172008885914e-01,-2.546662130784106415e-01,-4.204420658966321334e-01,-5.242848564689980284e-01,1.097538979289434252e-01,-3.870439668576151626e-01,-2.458121094365383619e-01,-2.223640319734057347e-01,-3.013089369824356253e-02,-1.913815187139402962e-01,-2.395197139654192120e-01,4.276134788773233719e-02,-1.233113160376173856e-01,2.330035685827726299e-01,-4.039142535543130408e-02,-9.797734646303903061e-02,-1.949478183242044915e-01,-1.596135976017662439e-01,-4.047658731155348577e-01,-2.627394751922993432e-01,-2.283230857395961988e-01,-1.271493119690220511e-02,-2.463600684035443800e-01,-3.240469509508229762e-01,-1.253615958391649243e-01,-3.800323752423005741e-02,-5.593062839477704051e-02,1.563578080728054709e-01,1.906600394073823812e-01,1.098132601503690742e-01,-1.409099315279607467e-01,-2.874295929806456318e-01,-4.512282271929203836e-01,-2.835025537171024790e-01,-4.911082241791460759e-03,-1.255259835292667214e-01
