0.000000000000000000e+00,5.897522540520424572e-01,-1.537732682784270777e-01,-5.981908221439351525e-01,-9.223747628365096263e-02,-2.352136697496969020e-01,-2.140921347339773406e-02,-4.939461949957647535e-01,-1.114982339739125916e-01,-1.357225866403037606e-01,1.842260878697866977e-01,-3.666005310635655490e-01,1.392660546269426924e-01,-5.619205048528616020e-01,2.147656676309222246e-01,1.578281646342716282e-01,1.809976962891762242e-01,-9.720107125978050266e-02,5.481667347810105229e-01,2.910324231887101987e-01,-8.150889634214558395e-04,7.941523645571008094e-02,-2.845893390016644431e-01,-6.261321631365170948e-01,-1.840023379582592378e-01,-2.639038879971871698e-01,2.074549817461169010e-01,2.429079269114064465e-01,-1.589240825682836922e-01,-3.386135268237330243e-01,-1.994273828794786985e-01,-3.139508069837370074e-01,4.988481445881060711e-02,-2.082997518202512055e-01,-5.180723716805673423e-02,-1.929203701462822163e-01,1.878334844025763284e-01,1.165622880939932299e-01,1.297589665493882327e-01,1.719015774368762572e-01,4.625915262712076981e-02,1.050825477352170939e-01,1.866028598891752988e-02,1.023998319592501170e-02,-5.320453253392208592e-02,-2.523967496900607066e-01,-7.999059337106639855e-02,-8.471673946149332890e-02,-1.853037405048985342e-01,-6.495596921383870424e-03,-1.657553043569587325e-01,3.510818764854824886e-02,-2.967129311466726316e-01,1.405537581994068252e-01,-1.346951635771674594e-01,1.004066312167657127e-01,6.364474906904055151e-01,5.569112466294815489e-01,3.271840160369324235e-01,3.509380372566434092e-01,7.231003518353200377e-02,-2.741552870049248081e-01,-7.539687069766592975e-02,-4.692583603697809969e-02,8.519163723289854828e-02,-3.440497364089052656e-02,7.231460150825705369e-02,-1.841575929989109350e-01,5.226501122174300740e-01,2.841053085808091239e-01,5.705394427713938316e-02,2.030119477886430934e-01,1.256858048946434825e-01,1.227542244211612676e-01,-1.210190210256422011e-01,1.031692576754210666e-01,2.075394587535303332e-03,-4.517693366728388338e-02,-3.076766768115181128e-01,1.086351483713061256e-01,-2.673057999173495403e-01,-4.764274901881097174e-02,1.781574423101950078e-01,4.757128603686394119e-01,1.571249506266139129e-01,1.316083280630335473e-01,1.076670875295954871e-01,1.317133535317097093e-01,-1.187175933642169029e-01,1.515403354878775422e-01,-4.490044270518209202e-01,-2.413302617189016022e-03,-2.494834345154786914e-01,1.411976099856389055e-01,1.051282109824675931e-01,1.457182714634385756e-01,1.704266545506850639e-01,3.154028982463029651e-01,-1.487023646712588680e-02,2.073042930301902675e-01,-1.933861352682373358e-01,3.159873878111094103e-01,-2.970165917408884582e-02,5.614067933212934375e-02,9.402290925114557829e-02,2.632326382626047900e-01,1.833379377107644155e-03,1.957651904499884687e-01,-1.662895643497896148e-01,1.706915013847379592e-01,1.230875661260899256e-01,4.739616748365826221e-02,2.722282979709536033e-01,1.674220128816020503e-01,-1.977287100817600451e-01,-1.039820634764800078e-01
5.897522540520424572e-01,0.000000000000000000e+00,-4.583060305167481197e-01,-4.856172186972732008e-01,-1.837785880467317778e-01,-1.828790220758968743e-01,-5.049464712584106341e-01,-4.364881309804584109e-01,-2.694108756155976780e-01,-2.037882229919016353e-01,2.294190036736082350e-01,-1.860389187856316129e-01,-1.609697960451061671e-01,-5.655644319834516320e-01,3.956720374255974677e-03,-6.272075326092664549e-02,4.868181620999614267e-01,2.927904582078545426e-01,4.713109233336910120e-01,2.089390372817582220e-01,-1.508485372920324516e-02,1.589240825682836922e-01,-6.583749820200963665e-01,-6.813527280365488936e-01,-4.022772261403825267e-01,-3.401569445807999803e-01,1.092470358844628564e-01,2.139300302062380477e-01,-1.216240590517113362e-02,-4.736420321058291277e-02,-4.443787401053451158e-01,-3.546550255828342935e-01,-1.551431656959421368e-01,-1.265945035149284581e-01,-3.435634228256874145e-01,-3.048501218067120599e-01,2.331793720846870449e-02,-9.239273132430265989e-02,1.223569541700818969e-01,2.185054875807383168e-01,-1.206582813723632297e-01,-5.254241544878981290e-02,3.065396619549806134e-01,3.688471628282902204e-01,1.796049672480359016e-01,3.125580779425967126e-01,2.636299085136841192e-01,2.217704097591491896e-01,1.958245526714141316e-01,3.516458175890261884e-01,9.109589510238841337e-02,3.058912438440234971e-01,-1.435424177319521641e-02,4.828660080504305202e-02,3.093068547383610034e-01,1.497731678192831262e-01,8.036115062250421825e-01,7.850722278413384547e-01,5.616876222918840700e-01,7.547016020950297888e-01,-2.080760019087237456e-01,-1.837968533456319775e-01,1.415903139119932264e-01,3.021331585953072052e-01,-3.332983248437746404e-01,-3.535591076488222573e-01,9.588140341424099267e-02,-2.502117633091242160e-02,5.983232455609616141e-01,2.703150079111575899e-01,-1.562162520063289373e-01,2.120372886077047728e-02,3.329079040797828376e-02,1.822260376402147219e-01,3.415839210573781703e-02,1.483347755308923321e-01,-1.671503165604615662e-02,6.614321364235175270e-03,-1.741824566370388239e-02,1.403391409373294652e-01,1.834726442901534194e-01,1.692028795243716299e-01,2.173547737500256816e-01,3.351659516563201269e-01,-9.606405640324300332e-02,-2.217178970248111225e-02,1.808789718463248986e-01,1.021418346122847792e-01,-1.540472477619301006e-01,-1.513736646354132227e-03,-5.598884903502142629e-01,-4.031950574101176299e-01,-4.792334967316530525e-01,-3.235309562568923214e-01,2.487984858067211758e-01,-5.468173858247581294e-03,3.313941674334286991e-01,3.216678957690718432e-01,3.936651377089379067e-01,2.686528657112393081e-01,-7.577130932512003703e-02,-4.256956224928023363e-02,2.018612339579304582e-01,6.197644233074346698e-02,-2.600521930916073129e-03,6.442855870809541252e-02,1.358732753562303941e-01,1.482845459589167691e-01,-2.143501320809426680e-01,-3.433191244528972091e-02,1.728285413560614603e-01,2.377342809979245963e-01,2.920918105249218355e-01,-2.625636716903848988e-04,-3.247729965821059550e-01,-2.883565568998308071e-01
-1.537732682784270777e-01,-4.583060305167481197e-01,0.000000000000000000e+00,3.503900782896374189e-01,-4.025443561367979262e-02,-1.221286379338293870e-01,7.156184287733253768e-01,3.024025717540851366e-01,2.149437542951991853e-01,-1.275990949544394959e-01,6.110884063298393371e-02,8.739260575037272050e-02,4.793613538239545058e-01,1.943450634604978744e-01,3.168344410476062190e-02,-2.490633326407740711e-01,-4.142318642705638543e-01,-3.963273050236421624e-01,-3.511846187917961326e-01,-1.752121628625376570e-01,-1.133521618122829561e-01,-2.772329898696085926e-01,5.251204938936823163e-01,3.686827751381884233e-01,-4.009918057302808841e-02,-9.814630047786587763e-02,-2.563922838244795943e-01,-2.845893390016644431e-01,4.932315651762943925e-02,-1.048040019269890349e-01,1.239003719271488529e-01,-5.986680030777028622e-02,3.901696161319120199e-02,-1.248547337946843416e-01,1.404898296532561264e-01,1.405743066606695603e-02,8.193128137921272536e-02,1.824475043893796292e-02,-2.140122240512889462e-01,-1.867010358707638651e-01,5.120904862907516009e-02,4.088915475046176612e-02,-1.102424946745237944e-01,-1.750158108993604966e-01,1.988634417759350091e-03,-4.890305464292481891e-02,-1.482845459589167691e-01,-7.635123256520140456e-02,-4.193027678777321021e-02,2.198000406402900522e-02,-3.031354668724556972e-02,1.308594508081253049e-01,-2.394466527698184133e-01,2.992015781218249626e-01,-2.083317160933265411e-01,1.029477909262561421e-02,-5.230702140921347221e-01,-4.710415101749130806e-01,-3.051332339396651272e-01,-3.503352823929368198e-01,2.903246428563274195e-01,1.573669658370415725e-01,-3.243894253052017063e-01,-3.649064245905719317e-01,1.723490772599311771e-01,2.469240095070880658e-02,-1.126306825057250272e-01,-1.102698926228740939e-01,-4.573699339481128723e-01,-1.921121306699483389e-01,-1.360011324485318196e-01,1.842078225708864703e-01,-1.493439332951284060e-01,9.510056188625741480e-02,-2.335149969519782487e-01,-9.706864784275404112e-02,-2.403325197664781532e-01,-5.073871718239499062e-02,-3.502622211973360211e-01,-3.706714095559477534e-02,-4.032909502293436366e-01,-2.207658183196381518e-01,-4.498514802883177288e-02,-2.084755553221656274e-02,-1.423300585174513411e-01,-3.277936203877266502e-02,-2.055645233099461511e-01,-1.088840130688213670e-02,-1.799360257906020347e-02,4.450545561646525594e-01,1.163750687802661693e-01,5.544271659790542817e-01,1.854681281950003313e-01,4.872199986757658197e-01,-1.072332866807157309e-01,1.091579925523243795e-02,-3.186952183730641375e-01,-5.277643959094863169e-01,-4.374881560952443849e-01,-3.010874702332707042e-01,-2.826258193698928389e-01,2.082586548977257423e-01,-4.846537241802876261e-01,-2.671277132530725518e-01,-1.702896648089335663e-01,-4.276591421245738711e-02,-4.353237181755706398e-01,-2.612417206824829141e-01,1.384669478000589149e-01,2.624038503250081603e-02,-3.550294642102883591e-01,-3.382071239232035675e-01,1.706663865987502124e-02,-9.247949149407862224e-02,1.782168045316206706e-01,1.381290397704051931e-01
-5.981908221439351525e-01,-4.856172186972732008e-01,3.503900782896374189e-01,0.000000000000000000e+00,-9.159819082214393227e-02,2.984024712949411851e-01,4.243143092634746316e-01,9.418843852242864134e-01,1.712257613775688414e-01,3.111744815509065454e-01,2.665592058248038299e-02,5.460616590827623851e-01,-6.260659514280038362e-02,8.267079766843459243e-01,-4.540273842493761092e-01,-1.487959743281223879e-01,-4.401777213582989678e-01,1.193408966891862551e-02,-4.381548395051017009e-01,-6.919580172104779214e-02,-2.216471189915728557e-01,-2.738630422225215577e-01,4.249627273744318035e-01,8.243426204767699828e-01,2.126514592832240147e-01,2.160122742808609220e-01,-3.529426538109404765e-01,-4.005420227448634463e-01,8.737890677619757074e-02,2.257705102182931411e-01,2.514423878225252040e-01,2.524880761845617050e-01,2.097975063300676624e-01,3.718472381726481979e-01,2.049572021215144702e-01,2.616572562324624429e-01,-4.651007217076227884e-01,-1.942948338885223114e-01,-4.638769466813093545e-01,-4.813568377288013900e-01,-9.326946567151229994e-02,-4.665345476712885464e-01,-1.449693942085303611e-01,-1.923678448545511344e-01,-2.938178812709908438e-01,-6.704049645082410525e-02,-1.502845961884887449e-01,-9.899107055200016825e-02,6.395366093669019314e-02,-3.474539314914301680e-01,1.934957270616385339e-01,-3.613766555781081080e-01,2.745890878538045365e-01,-3.883499357289794673e-01,-2.731963588126642417e-01,-3.889800885410364395e-01,-6.838231097128010250e-01,-6.233193071058862333e-01,-2.666391165074922243e-01,-3.250287107667087505e-01,3.263392459627981745e-01,6.685761514558584695e-01,1.691572162771211030e-01,4.453308188105181004e-02,-6.929397770263637062e-03,7.847229039998722053e-03,-1.090095869987602467e-01,3.070784882725365317e-01,-5.800533803360358176e-01,-4.809869654260723326e-01,-8.634691738833623342e-02,3.050076600097262683e-02,-1.168088696291459394e-01,-6.137825379176189283e-02,-4.874323327754806479e-02,5.277529800976736574e-02,-1.375582491797739115e-01,5.689412291176262210e-02,2.141583464424905714e-01,-1.943313644863227108e-01,1.491384486825011457e-01,8.543821876805125781e-02,-3.368554918045886803e-01,-4.642194210356880846e-01,-3.746966248010794587e-01,-2.902424490112765487e-01,-3.478512017425094971e-01,-3.132567256255294197e-01,-6.339656932023407521e-02,-2.187109721933655770e-01,5.816515939898033727e-01,8.214589864129007157e-02,4.192548214681190433e-01,1.592049115388742553e-02,-2.748174040900570603e-01,5.083461000162104587e-02,-2.255650256056659086e-01,-1.859293269922303871e-01,1.728582224667742778e-02,-1.121603510590448577e-01,-1.117539481585154010e-01,-1.726778526401347991e-01,-3.610798444709798494e-01,-2.319715791949112926e-01,-2.182315080972353216e-01,-3.526047457812867547e-01,-1.567048487519092925e-01,-1.635771674631097961e-01,6.653363440634353643e-02,-1.992812604882771010e-01,1.236789051779839214e-02,8.527839740267449675e-02,-3.028272399535147930e-01,1.523348759900362837e-01,1.751071373938614950e-01,-9.428775608519848750e-02
-9.223747628365096263e-02,-1.837785880467317778e-01,-4.025443561367979262e-02,-9.159819082214393227e-02,0.000000000000000000e+00,3.963455703225423621e-01,3.131813812675660752e-02,-6.376187529823808264e-02,5.827749098721657361e-01,1.249825908869857394e-01,-2.969321147334750277e-01,-8.649303977953784472e-02,-3.675206454956631008e-02,-2.758745082639061860e-02,4.357940496222507676e-01,1.179184865373331254e-01,1.586546694095057053e-01,-1.887558819970364676e-01,-1.629561473005029792e-01,-4.062887424113390683e-02,3.191609834950192570e-01,1.265762382160282584e-01,1.874910100481975705e-01,7.804533903819502183e-02,4.855076269038720027e-01,5.804369516129400663e-01,5.326320980663897808e-01,4.194237754829459042e-01,-4.269513617921911076e-04,1.225989693805095565e-01,1.787419318750014252e-01,2.192954617581720222e-01,1.219642502437275761e-01,1.088680309322836853e-01,2.097975063300676624e-01,3.097497882366908595e-01,1.950619764423307534e-01,-9.912349396902661591e-02,-1.026281481955026303e-02,-1.190920319916710240e-01,1.134023913842585052e-01,3.130215599021893280e-03,-1.506909990890182294e-01,-5.767039811502115004e-02,2.477002847103466215e-02,1.421268570671866197e-02,-2.467345070309985011e-01,-1.605040309231510476e-01,-2.904433672991787452e-01,9.615538289774400171e-02,-4.055101840457180362e-01,2.456911018313245182e-02,-3.849206258604668252e-01,3.736395206272303399e-02,-1.975140928196826851e-01,-2.804750804243942297e-01,2.872446568292811100e-02,-4.065627218948421329e-02,-3.229784309651612118e-01,-1.499147238857596875e-01,-2.987906088965704421e-01,-8.592224918890657703e-02,-2.662235809575126400e-01,-1.779725061588304652e-02,1.417273036537447239e-01,4.463194281134914565e-01,1.286813139142763962e-01,5.992159620447088525e-02,9.294525661603374178e-02,2.865848229065113273e-01,3.190559580263431227e-01,-1.836324656555301527e-01,5.853343348805563340e-02,1.480425307484891095e-01,-1.473347504161063304e-01,-1.994730461267291977e-01,4.245243602008269557e-01,1.932856761242862376e-01,-1.893426547242053892e-02,2.969869106301756267e-01,-1.251287132781873646e-01,-4.495706513177271657e-01,-6.937845471004978892e-02,-3.025486941452867340e-01,-1.534056791380605453e-02,-7.818689510467158321e-02,-4.240974088390347951e-02,-2.525428720812623040e-01,-2.559356513519746024e-01,4.875693225172321454e-02,-7.997232807216619888e-02,1.532253093114210596e-01,-9.664397964332437085e-02,4.942818198630559434e-02,-1.580519145457990882e-01,-1.809406172301130863e-02,2.113523398989472502e-02,9.479461812967905632e-02,-1.366723821831141994e-01,-2.021352134414334534e-01,4.553150878218402697e-01,1.686115404724776098e-02,4.703108982189050380e-01,2.700912579996301299e-01,2.159026824874597239e-01,1.986419750267700846e-01,-7.472562096308354995e-02,1.070186694186383708e-01,1.050734150857669941e-01,6.297646744552945486e-02,-7.472562096308354995e-02,-1.345262095623405985e-01,9.299548618800929090e-02,2.217201801871736544e-01,2.048065134055878089e-01,1.025071405902888005e-01
-2.352136697496969020e-01,-1.828790220758968743e-01,-1.221286379338293870e-01,2.984024712949411851e-01,3.963455703225423621e-01,0.000000000000000000e+00,-8.310026050882556026e-02,3.454356159629579648e-01,4.372415745600917170e-01,4.000671249734582546e-01,-2.267431373847288434e-01,7.672567119265552571e-02,-3.099415738751429839e-01,3.231702166036133361e-01,-1.686640532068156839e-01,-4.218599097237601958e-02,-9.101370125733751482e-02,5.579363865302553599e-02,-2.468167008760493997e-01,-1.292110075823822146e-01,-1.636593613081606946e-01,1.499055912363095877e-01,2.391315763637899550e-01,3.851398094472692213e-01,5.024030283865577040e-01,6.619778122281609889e-01,4.777060611111237642e-02,7.976227713481388870e-02,1.013838247079264510e-01,2.921648717205226342e-01,1.621753057725194014e-01,3.768245321229528599e-01,-3.454196338264203109e-02,8.709579464324446185e-02,2.111925185335704856e-03,2.267180225987410792e-03,-3.305037341120439232e-01,-1.157997118649098517e-01,-2.494377712682281922e-01,-2.137702088408612866e-01,-2.473144302710798548e-01,-2.383096379132809139e-01,1.505129124247412686e-01,1.818379000385854372e-01,6.267052368895109637e-02,3.230446426736744564e-02,3.891650246924009682e-02,2.986604686419065333e-02,1.530837532449444982e-01,-7.163878544894963785e-02,7.515942181196332006e-02,-2.070668441444876440e-01,2.394352369580057815e-02,-3.056172643605204464e-01,6.984193666964238698e-03,-1.377591674676761357e-01,-3.702147770834427615e-02,-6.701766482719885565e-02,-1.044249969748098639e-01,-7.653388555420341521e-02,-7.834671647004833039e-02,1.415537833141928270e-01,2.304509930614695723e-01,1.510745703659224226e-01,-1.734518446810308021e-02,-8.756612608992463131e-02,-4.193027678777321021e-02,2.398918694305108082e-02,-1.178317263675571769e-01,-1.279644009324435172e-01,1.142266129971300677e-02,-5.770236238809650642e-02,-1.149366764918753614e-01,-5.669092146149789027e-03,-1.941578441467708138e-01,-6.600394073823771801e-02,1.512024274582238481e-01,5.834164784960352984e-02,2.076330684103938617e-01,2.635020514213827214e-01,5.899006596056065310e-02,-4.302162839706020342e-02,-4.027247259634374466e-01,-3.729568550808353700e-01,-2.114687811794360162e-01,-2.660774585663110425e-01,-1.823630273819662195e-01,-2.518168264499793252e-01,-1.912445289721887987e-01,-1.745911426999308125e-01,-3.775665598907734788e-02,-9.865772884707149637e-02,-8.080339917212532586e-02,-1.586592357342307691e-01,-1.818515990127606008e-01,7.769829835909121407e-02,-1.280283294785942161e-01,2.215740577959720570e-01,-1.555975150060846281e-02,-2.582941580724629899e-02,4.425910239754879405e-02,-1.003792332684154132e-01,8.193584770393777528e-02,1.565176294381822319e-01,2.098888328245686608e-01,-3.473831534581918457e-02,-9.513937564642034606e-03,7.388085088894925934e-02,1.352773699796113588e-02,-4.865418994540958962e-03,-1.066213991675590000e-01,1.389760930069020017e-02,1.687873439743920456e-01,1.461429396628682320e-01,-2.392069207217532856e-02,8.459116553155444224e-03
-2.140921347339773406e-02,-5.049464712584106341e-01,7.156184287733253768e-01,4.243143092634746316e-01,3.131813812675660752e-02,-8.310026050882556026e-02,0.000000000000000000e+00,4.738954631280694052e-01,1.539878855405044378e-01,4.087545577628661636e-02,-2.853724636920105390e-02,2.028932233457917955e-01,4.080033973455954310e-01,3.925646534502008067e-01,4.339150069978926078e-02,2.278367721563783616e-02,-4.193963775345956324e-01,-4.299856845719869924e-01,-2.756895721125416365e-01,1.133201975392076066e-01,-1.481658215160654712e-01,-3.722856053462529902e-01,6.114285975218555214e-01,4.234056106431896560e-01,8.420074476756266024e-02,4.299194728634737721e-03,-2.427892024685551486e-01,-3.292160305395797626e-01,-9.137900723534152225e-02,-1.561614561096283105e-01,3.307594482966467186e-01,2.375927249314480627e-01,4.058435257506466942e-01,1.852763425565482347e-01,3.960213612670637762e-01,2.078431193477461858e-01,-1.085164239284548277e-01,-1.065072410494327521e-01,-2.733698791522161664e-01,-3.476411508051572286e-01,5.637812821783195344e-02,-1.352705204925237770e-01,-4.080307952939457583e-01,-4.076746219653918368e-01,-3.281475105539179982e-01,-3.503809456401872913e-01,-4.777768391443620866e-01,-3.863224875510571921e-01,-3.333622533899253115e-01,-3.609291557550531881e-01,-2.543922335949076463e-01,-2.942334168209703726e-01,-3.051606318880154545e-01,3.564701396610417405e-02,-5.990538575169696012e-01,-3.429424026630805700e-01,-5.180107262967791337e-01,-5.235359792140898971e-01,-4.427896591010276328e-01,-5.108872597257009263e-01,4.950055823319763904e-01,4.285016290363456437e-01,-1.596912251220921064e-01,-2.489446081979227732e-01,3.769980524625047846e-01,3.089369824356319461e-01,-5.341458347127439610e-02,8.792458258084107428e-03,-4.298075979077100039e-01,-2.966490026005219049e-01,6.335775556007114569e-03,2.008064129464438574e-01,-9.954359584373123626e-02,-3.267205340773398237e-03,-2.260718876501464636e-01,6.869807232601732316e-02,-1.121512184095947579e-01,-8.956845948185913203e-03,-3.313804684592535632e-01,-1.103452369808374106e-02,-4.750461769587820959e-01,-2.409078766818344708e-01,-1.156901200715086397e-01,-1.347088625513426230e-01,-1.247314430271079799e-01,-1.023564518743621393e-01,-2.003726120975641012e-01,-3.315380066622677924e-02,-1.115210655975378412e-01,2.395151476406941760e-01,3.201016463883796237e-01,6.096522972038110888e-01,3.534723474790462672e-01,5.895787337124904770e-01,-1.281379212719954142e-01,1.294621554422599741e-01,-2.187383701417158766e-01,-2.951192838176301403e-01,-3.387733481891097576e-01,-1.796095335727609654e-01,-2.444559109931984664e-01,2.591320786595097125e-01,-4.345565756217621978e-01,-1.461338070134181322e-01,-1.664402530657162760e-01,-2.824271842443531761e-03,-2.824751306539661777e-01,-4.937795241433003829e-02,1.862900666455093723e-01,4.256042959983013380e-02,-2.088568434367073234e-01,-2.747078122966558622e-01,-2.357707613661530199e-01,4.706282577872960421e-02,1.451885777953327572e-01,1.009637228332218445e-01
-4.939461949957647535e-01,-4.364881309804584109e-01,3.024025717540851366e-01,9.418843852242864134e-01,-6.376187529823808264e-02,3.454356159629579648e-01,4.738954631280694052e-01,0.000000000000000000e+00,2.037516923941012081e-01,4.167798734671418481e-01,8.841089616405890805e-02,6.284107591743172128e-01,9.166896885538221643e-03,8.712524743772104285e-01,-4.390635381253867320e-01,-1.325672562552940859e-01,-4.394105788044905259e-01,1.100712574973344154e-02,-4.847907139220391515e-01,-7.084881127151594626e-02,-2.979458388224361931e-01,-2.612006237599574510e-01,3.522851030505332326e-01,7.441853562532392274e-01,2.208434458399640143e-01,2.775115356778366515e-01,-3.699339481128521290e-01,-4.157707157029058020e-01,1.571980118222147116e-01,2.491729244341752969e-01,2.778951069547408448e-01,3.064985650324551503e-01,3.160102194347346738e-01,4.595206728936114815e-01,2.117747249360143746e-01,2.361588989677823047e-01,-5.533449470192173258e-01,-2.625065926313218112e-01,-5.451575267872024178e-01,-5.239104178415440183e-01,-1.715043071857969004e-01,-5.269470237837022841e-01,-1.168362675774962389e-01,-1.470105413606277722e-01,-3.047770606111112612e-01,-5.424108824650847316e-02,-1.558874766261253153e-01,-9.534714342141012433e-02,6.867524070239207357e-02,-3.772811645954578519e-01,1.648237741130484935e-01,-4.352734886035950490e-01,2.795846471030094538e-01,-4.201726527378541465e-01,-3.024071380788102004e-01,-3.898111596409955526e-01,-6.228352766850309141e-01,-6.237896385525664167e-01,-1.812260125254287202e-01,-2.673971264118505387e-01,4.336752749498274939e-01,7.839534782837012106e-01,2.389900202973133936e-01,1.586181388117053059e-01,-7.212281586980494319e-02,-5.323649680699743536e-02,-9.339275643908864777e-02,3.104210379712732393e-01,-6.091637004582306503e-01,-5.773364171246310184e-01,-8.965750281399760546e-02,5.784391845457306086e-02,-1.482891122836418329e-01,-1.012285696672747537e-01,-7.325526440161739261e-02,1.299804332985531573e-02,-8.028283815346960728e-02,9.693622442572759346e-02,1.922491204116998365e-01,-1.205030263317115324e-01,1.105347394569270031e-01,8.533319329937509579e-02,-3.995054670322770729e-01,-4.715346732452184719e-01,-4.751831667005335658e-01,-3.463169166348926686e-01,-4.143871193112155793e-01,-3.458831157860128847e-01,-1.538874263965533395e-01,-2.462413439606930821e-01,5.378514072271221025e-01,6.157003943021400333e-02,3.093114210630860672e-01,-1.427204792814431439e-02,-3.160924132797855446e-01,5.212231357408519256e-02,-2.401863973752765558e-01,-9.530148017415962514e-02,4.358785266296642119e-02,-3.504654226476007495e-03,-1.282520793901216760e-01,-1.263433556550506986e-01,-3.604222937105726610e-01,-1.667142325492192712e-01,-2.698857733870028697e-01,-4.055969442154939708e-01,-1.249688919128105896e-01,-7.515485548723827014e-02,9.154796125016838315e-02,-2.025324836925128380e-01,9.769651749244843975e-03,1.040368593731806068e-01,-2.692510542502208892e-01,1.618510967170408432e-01,1.031875229743212663e-01,-1.079410670130984962e-01
-1.114982339739125916e-01,-2.694108756155976780e-01,2.149437542951991853e-01,1.712257613775688414e-01,5.827749098721657361e-01,4.372415745600917170e-01,1.539878855405044378e-01,2.037516923941012081e-01,0.000000000000000000e+00,1.457228377881636394e-01,-1.288320026302030297e-01,1.530974522191196618e-01,3.201062127131046875e-01,2.059800588599257076e-01,2.658263107064332553e-01,-9.188586927982209107e-02,-1.618739283406660789e-01,-1.808972371452250982e-01,-3.541709951619789742e-01,-1.974729958971572219e-01,2.028749580468915958e-01,3.930464007086936079e-02,2.932927539276100615e-01,2.948864012566525528e-01,5.137686106272075781e-01,4.801102310788626926e-01,2.197109973081515788e-01,1.664539520398914119e-01,-5.450593508056138237e-02,1.704905830968357627e-01,1.273251154709364730e-01,1.378596266116272340e-01,-7.338768781864385415e-02,-2.026763229213519174e-02,-3.148480897922093825e-03,1.400012329076757711e-01,2.039389117078282687e-01,2.939571541751048386e-02,3.723837813278415773e-03,-8.787206984650298980e-02,2.399124178917735328e-01,-3.456936133099233061e-02,-1.755363719180162152e-01,-1.505494430225416680e-01,-1.328914653107726440e-01,2.316268216781700029e-02,-1.884499382404580814e-01,-1.053199966209197036e-01,-2.047562838336122459e-01,1.071510928356648185e-01,-3.192020804175447202e-01,1.059181851599012708e-01,-4.261180075298694470e-01,-3.280219366239791462e-02,-1.542253344262070613e-01,-1.077766793229966991e-01,-1.868471582619654903e-01,-2.177337787022048388e-01,-3.162841989182376690e-01,-1.558600786777750158e-01,1.092949822940758771e-02,1.814223644886058806e-01,-1.828881547253469741e-01,-1.645475114671829733e-02,-7.122781622369511734e-02,1.927057528842048562e-01,-1.843311133384628320e-01,-6.125724618654806129e-03,-1.499466881588350509e-01,1.786643043546755627e-01,3.101424921630451803e-01,5.043733975054168206e-02,6.120016712748493903e-02,1.997424592855071568e-01,-2.065965126978074884e-01,-1.920527684485226760e-01,1.158704898981481254e-02,-4.485729093653036820e-02,-1.296722063796122704e-01,1.834954759137786551e-01,-2.984390018927415844e-01,-3.941765660781434977e-01,-6.881223044414357115e-02,-2.441590998860702078e-01,-2.194324514999235198e-01,1.715796515437602310e-02,-1.505266113989164045e-01,-2.712693697786930924e-01,-2.318163241542595954e-01,1.567961752464102909e-01,-1.046030836390868246e-01,1.328549347129722447e-01,-3.544152935347691380e-02,1.400331971807511067e-01,-7.968464961448804007e-02,2.359808123035053440e-01,-8.276463564153437036e-03,7.888097646287919873e-02,-1.247771062743584930e-01,-2.126788572315743142e-01,2.440358091184938460e-01,9.815999945204102739e-02,1.722029548687295797e-01,1.392614883022176286e-01,-7.876225202002790082e-02,-1.590679217971227577e-02,-1.166901451862946276e-01,7.561148795974327597e-02,-3.943249716317076548e-02,1.466475185449862828e-02,-2.860574124007680616e-02,-1.363618721018107771e-01,8.144725095835740614e-02,1.171741756071499468e-01,-2.299372815299014286e-02,-4.232298071412752410e-02
-1.357225866403037606e-01,-2.037882229919016353e-01,-1.275990949544394959e-01,3.111744815509065454e-01,1.249825908869857394e-01,4.000671249734582546e-01,4.087545577628661636e-02,4.167798734671418481e-01,1.457228377881636394e-01,0.000000000000000000e+00,-2.214142364305952959e-01,1.811986145770784207e-01,-3.519837256186799102e-01,4.879414779823237347e-01,-3.487325024144442009e-01,1.991579697207007393e-01,-3.022701483370586750e-01,1.332750365876768650e-01,-1.539787528910543379e-01,3.848270162036032671e-02,-1.117311165348901514e-01,2.557940952854980132e-01,-6.179835566646650624e-02,2.551411108498158886e-01,5.194628175593450914e-01,6.146158921799406150e-01,2.434604522031375284e-01,2.537986113806511290e-01,3.414629134521643405e-01,1.003837995931404631e-01,2.909045660964088009e-01,1.711983634292185419e-01,4.103504882542712284e-01,4.830737758254202707e-01,3.311384532488259036e-01,2.409855042021603333e-01,-2.379899951825274196e-01,2.383781327841566766e-01,-4.082454125560230906e-01,-3.143891741573418552e-01,-1.958610832692145309e-01,-1.717280570973243603e-01,-2.079732596024101016e-02,2.986148053946560341e-02,-1.898381009568733402e-01,-9.065296160405854342e-02,-8.326008187420232132e-02,-1.637255730166739184e-02,-5.455616465253693842e-02,-4.570457248926342864e-01,1.628876524296272166e-01,-5.246775603953524048e-01,3.062793814456527541e-01,-3.072383096379132650e-01,-1.888928717387879652e-01,-1.639424734411138174e-01,-1.331289141964752676e-01,-1.356860560425033613e-01,-7.698595170198338500e-02,-1.770249937783825722e-01,2.672281723970236778e-01,3.825507033281657643e-01,1.604081381039249854e-01,2.410791138590238566e-02,6.673683585660826825e-03,-8.920543666621764956e-02,1.380696775489795303e-01,3.347732477299658060e-01,-1.138316259084132254e-01,-1.660155848662865918e-01,4.084577466557379362e-03,1.076168579576199380e-01,-2.755069191235396397e-01,-2.329122420882716316e-01,-4.426823504699889389e-02,1.404259011071054275e-01,2.122267910837943306e-01,2.536159583916491322e-01,1.149047122188000120e-01,2.965142960211329670e-02,2.030302130875432931e-01,1.466635006815239783e-01,-7.247510782234256599e-01,-7.410460080047671927e-02,-2.346246138601654485e-01,-1.256721059204683189e-01,-6.870652002675866621e-01,-5.656922890757530853e-01,-2.955028550945343335e-01,-2.720365123325014789e-01,3.972953658653528008e-01,-2.368780951119776879e-02,1.967012870186237439e-01,4.752859090068472375e-02,-3.727924673907335729e-01,9.905499909815086712e-02,-2.499811639105091743e-01,1.432935530344369435e-01,7.424615686695328065e-02,2.096513839388660372e-01,7.631926829212605512e-02,2.784202342981216272e-01,-5.330042535314814117e-02,2.922151012924982250e-01,-1.420697780081234818e-01,-2.321177015861128901e-01,7.657954880145391441e-02,3.015760669788510873e-01,1.296082778334615715e-01,1.437638844811170991e-01,1.692531090963471652e-01,1.720476998280778824e-01,-1.768469071141056115e-01,2.784316501099342797e-02,-9.066666057823369318e-02,2.183388167282740086e-02
1.842260878697866977e-01,2.294190036736082350e-01,6.110884063298393371e-02,2.665592058248038299e-02,-2.969321147334750277e-01,-2.267431373847288434e-01,-2.853724636920105390e-02,8.841089616405890805e-02,-1.288320026302030297e-01,-2.214142364305952959e-01,0.000000000000000000e+00,2.496204242572302168e-01,4.453741988954060260e-01,4.174305747404614964e-02,-1.759108105454703086e-01,-1.632164278098308385e-01,7.324156542744224285e-02,7.913212432275695818e-02,1.281972834934210770e-01,-1.380422796006292308e-01,-2.736758229087944971e-01,-8.506378014059713666e-02,-1.958291189961391676e-01,-1.256447079721180193e-01,-4.195196683021719664e-01,-3.536504341433232557e-01,-3.801944797700398948e-01,-2.508031023610182153e-01,1.051053793588423435e-01,-4.342346497286461715e-02,-2.331040277267237282e-01,-2.290217334225288781e-01,-9.037441579583048445e-02,-1.364166679985113761e-01,-2.370584649386171805e-01,-2.738219452999960946e-01,-2.463281041304690167e-01,-2.861784200059818706e-01,-8.530579535102479627e-02,2.004776375662402355e-01,2.869706773457780802e-02,-7.629187034377575560e-02,2.722009000226033315e-01,1.581569400144752502e-01,1.227998876684117668e-01,8.768028420805089318e-02,3.034573927655717651e-01,1.474991381062081552e-01,3.694270860683716018e-01,2.010986577288470800e-01,1.495585505572057661e-01,9.252515474132912143e-02,1.153522120418549318e-01,-1.570381904568379505e-01,2.651961578943763387e-01,-2.037265776081134336e-02,-2.329967190956850481e-02,2.296633020463984334e-02,3.288689898604759687e-01,2.951832123637808114e-01,6.307236026475550317e-02,6.470253819159842157e-02,2.447618547497768249e-01,1.517275548016046027e-01,-2.971421656708273518e-01,-3.611300740429554401e-01,5.287119082899342098e-02,5.290315510206877042e-02,-1.360604946699574547e-01,-1.503896216571649069e-01,-1.629607136252280430e-01,-7.261597894011036225e-02,4.446002068545100439e-02,-9.168038466719484469e-02,-2.658742571160463072e-02,-1.272520542753356743e-01,-3.440291879476425341e-01,-2.550589170047649623e-01,-5.562925096292372501e-02,-3.943706348789581539e-02,1.195258328405507942e-01,2.525976679779629031e-01,2.597576651468415654e-01,1.099091529695951225e-01,-9.677183673562578248e-02,-6.946521487982575127e-02,9.359367472699085810e-02,2.217064812129984908e-01,4.277961318663254381e-02,-6.695373628104815678e-02,-1.143293553034436943e-01,-2.770046736333560689e-01,-3.295493722445084206e-01,-3.186632540999888019e-01,1.290694515159056532e-01,4.372484240471792571e-02,-5.643292411453255941e-02,1.224916607494708730e-02,6.577105817726015824e-02,1.766642541251035869e-01,-2.612097564094075230e-01,-1.422250330487752068e-01,-3.212340949201920592e-01,-2.636984033845599096e-01,-1.152334875990036339e-01,-7.963442004251247708e-02,-1.921988908397242735e-01,-2.394466527698184133e-01,1.014340542799020001e-01,-1.994091175805784988e-01,1.276516076887775769e-02,1.003427026706150138e-01,2.117838575854644745e-01,1.532161766619709597e-01,6.946521487982575127e-02,-2.200283568765425482e-02
-3.666005310635655490e-01,-1.860389187856316129e-01,8.739260575037272050e-02,5.460616590827623851e-01,-8.649303977953784472e-02,7.672567119265552571e-02,2.028932233457917955e-01,6.284107591743172128e-01,1.530974522191196618e-01,1.811986145770784207e-01,2.496204242572302168e-01,0.000000000000000000e+00,1.369600606407923582e-01,5.851265671055665418e-01,-1.465858731611981158e-01,-3.224487372970554211e-01,-2.726803641187335869e-01,7.889010911232929857e-02,-4.067111274484062622e-01,-5.238716040813810176e-02,-1.057332490085367491e-02,-4.131085483882015463e-01,-3.545979465237711348e-02,3.707695855375363059e-01,-1.044090148382721857e-02,1.332248070157013020e-01,-3.270241946715556902e-01,-2.608170524830532022e-01,-4.377507197669348177e-02,2.744520981120530667e-01,8.824650847395711095e-02,1.286561991282886112e-02,1.496590097011568921e-01,3.427414843751783735e-01,-6.372991102516273321e-02,2.579745153417094955e-02,-2.456796860195119003e-01,-2.600316446303446161e-01,-1.798013192112130620e-01,-3.490521451451977231e-01,1.665498448591174740e-01,-4.104235494498720271e-01,-7.281004774092499944e-03,-1.055437465324471635e-01,-1.533120694811970219e-01,6.478929836137437004e-02,5.531417455689526669e-02,3.145969419323316196e-02,1.941350125231455503e-01,-8.199064360063837431e-02,8.411398459778669789e-02,-1.165988186917936292e-01,2.334921653283529852e-01,-1.620611476543931395e-01,-7.969834858866318983e-02,-1.768240754904803480e-01,-3.720846870583507937e-01,-4.305656078120683183e-01,1.686115404724776098e-02,2.061467297123900297e-02,2.697990132172269351e-01,5.985195975241387467e-01,3.336681971465036978e-01,5.114717492905073160e-01,-3.598104061974159440e-01,-1.550153086036407390e-01,-1.020094111952583316e-01,2.450540995321800197e-01,-5.187915678247627671e-01,-3.937975611259643682e-01,-1.046852774841377232e-01,-1.378687592610773338e-01,-8.935612538214429690e-02,5.139398478043968876e-03,-9.749331604218371139e-02,-6.351072743836032319e-02,-1.266584320610791570e-01,-5.806766836610052079e-02,-1.065711695955834509e-01,-1.987835310932466459e-01,5.956085655119192773e-02,4.054668039608300828e-02,1.866485231364257980e-02,-4.156154606622540770e-01,-4.962430563324649602e-01,-1.050962467093922437e-01,-2.304464267367445363e-01,-2.975257369477315450e-01,-2.333643082360515875e-01,-3.558696679596975998e-01,3.038866272897264298e-01,-1.661480082833130534e-01,-4.567009673758930244e-02,-1.528052074367164392e-01,-1.756185657630671137e-01,8.215503129074018529e-02,8.777617702727694149e-02,4.794412645066428724e-02,2.771279644009324583e-01,4.103527714166337742e-02,1.618054334697903440e-01,-2.384557603044825391e-01,1.924477555372395080e-02,8.303861512503738287e-03,-2.940370648577932400e-01,-1.918153195628200802e-01,-1.001417843827128035e-01,-1.102835915970492436e-01,-9.911892764430156599e-02,-1.927285845078300919e-01,2.114322505816356168e-01,1.568920680656363531e-01,-5.632561548349387937e-03,1.968428430851003053e-01,2.567416076659459478e-02,-2.217795424085992895e-01
1.392660546269426924e-01,-1.609697960451061671e-01,4.793613538239545058e-01,-6.260659514280038362e-02,-3.675206454956631008e-02,-3.099415738751429839e-01,4.080033973455954310e-01,9.166896885538221643e-03,3.201062127131046875e-01,-3.519837256186799102e-01,4.453741988954060260e-01,1.369600606407923582e-01,0.000000000000000000e+00,-2.773357321759222296e-02,3.308416421416976450e-01,-2.316610691136078704e-01,-1.863585615163851072e-01,-2.485199399984931168e-01,-1.415674822883679629e-01,-1.220418777640534386e-01,4.391662804317003621e-02,-2.740045982889981468e-01,1.944637879033491723e-01,-1.582916465938642367e-02,-1.517503864252298662e-01,-2.262728059380486600e-01,-2.912379078013374589e-01,-2.705798547452105129e-01,-9.417359796707222563e-02,4.947612839591861850e-03,-5.252871647461465621e-02,-1.578053330106463925e-01,-6.316825308398156535e-02,-2.782101833607693586e-01,-1.847009856411918893e-01,-2.377616789462748959e-01,1.903449630013539229e-01,-7.200409142695364528e-02,1.796871610930868002e-01,1.184527465301639937e-01,3.230834564338374015e-01,8.923283461456794907e-02,-2.323916810696159130e-01,-2.999276237531079414e-01,-3.968821134777357484e-02,4.130240713807881159e-03,-1.223934847678822962e-01,-1.842534858181369972e-01,-7.045154102043658939e-02,2.132679131211057677e-01,-2.663194737767387021e-01,2.258435714138939676e-01,-4.179305872978545389e-01,1.654082636778549109e-01,-3.149622479103356132e-02,7.312740730931598099e-02,-2.517757295274538620e-01,-3.329010545926952558e-01,-2.826783321042309130e-02,-1.083703015372532164e-01,3.271292201402318245e-01,5.930970869131416828e-02,-2.064686556055060629e-01,-6.796746037000929441e-02,-1.184755781537892572e-01,-8.920315350385512113e-03,-2.124277093716965548e-01,-2.590316195155585866e-01,-2.453646096134834420e-01,-7.831931852169803088e-02,1.996967960382566576e-01,1.804771352705205056e-01,2.395242802901442758e-01,1.652712739361034133e-01,-1.716732612006237613e-01,-2.910004589156348631e-01,-2.085645986543041008e-01,-2.877355367372240180e-01,-3.216678957690718432e-01,-2.188411124480294997e-02,-4.539269251054250387e-01,-2.607850882099778667e-01,4.153277822045758905e-01,1.827214838728826590e-02,-3.002586822956741092e-02,-5.276388219795474267e-03,1.868928215092159895e-01,2.182908703186609845e-01,1.016578041914294600e-01,3.098228494322916582e-01,-6.464317597017277262e-02,1.873357550075458455e-01,-1.513759477977757451e-01,1.552573238140683987e-01,2.457025176431371638e-01,1.760660655861220336e-01,9.503663334010671593e-02,-1.492480404759023715e-01,-1.718878784627011214e-01,-1.136398402699611149e-01,-1.815799026916201098e-02,7.088077554459129570e-02,-1.293297320252335125e-01,-9.648872460267267359e-02,-1.754039485009897537e-01,-8.251120461929409289e-02,-1.379646520803033960e-01,-1.414076609229912296e-01,5.691923769775040359e-03,-1.097630305783935251e-01,-1.403345746126044291e-01,-2.203411501202084954e-01,6.517286963827859103e-02,-1.093885919509394039e-01,-1.160051964775371119e-01,-5.318626723502188625e-02
