0.000000000000000000e+00,1.030824975056451182e-01,1.268913146220567167e-01,-1.258638915589204432e-01,-7.382148866752361038e-02,-8.568480030320396734e-02,1.893632031854681208e-01,1.510380397681220233e-01,-1.036350227973761862e-01,4.564726511396404590e-02,4.217252031443712301e-01,4.954690642915689919e-02,3.571071419601862251e-01,6.320478368178196471e-02,1.689311832032311389e-02,-2.047311690476244853e-02,2.728607339453730657e-02,1.050871140599421438e-01,5.767473612350995094e-01,3.120055526508656585e-01,5.811333161335101999e-02,5.463835849758783697e-02,-2.618627408450897032e-01,-3.430108975339563049e-01,-3.291658009676042274e-01,-1.257177691677188180e-01,-6.043759089840156085e-02,-1.001143864343625040e-01,3.797127325115470797e-02,5.193052793563308900e-02,-1.122242796051955704e-01,-2.546114171817100424e-01,-1.679699718486080684e-01,-1.679882371475082681e-01,-4.032178890337428379e-01,-2.287477539390258552e-01,-1.238410097057232040e-01,1.536796586215635578e-02,2.528145684024028089e-02,1.178591243159074764e-01,2.607439912874524035e-01,4.685277484137729404e-02,-1.215943779409985187e-01,-9.570788307468909573e-02,-1.538143652009525408e-01,-8.060248088422311552e-02,-1.409738600741114456e-01,-1.217450666569251799e-01,-9.905043277342581720e-02,-2.220672208662774760e-01,-1.697143078935772487e-01,-2.107107712750776740e-01,-1.692964891812351325e-02,-6.409065067844169072e-02,-7.495622036169858303e-03,-1.438232467025427619e-01,3.519517613456045746e-01,2.620453938340916999e-01,1.641433917290160138e-01,2.165191363253415047e-01,3.391112562187634794e-01,-3.646210292952562805e-03,2.337250478893305450e-01,1.197495827520782541e-01,-3.260743991287452515e-01,-4.526757521307612775e-01,-1.121649173837699076e-01,-2.084778384845281385e-01,2.233046948667660736e-01,2.070440125208624083e-01,1.038953033067040455e-01,3.260127537449570428e-02,1.621250762005438384e-01,-1.479717527152508462e-02,1.383116927594071899e-01,-3.515841722052380491e-02,-1.483827219405053563e-02,-1.340421791414852792e-01,-4.902634541050117367e-02,-4.044622125213190311e-02,3.944162981262086531e-02,-2.853952953156357972e-04,1.100598416855217837e-01,1.691526499523960669e-01,-1.406633499928080511e-01,-2.116423015189879131e-01,-1.084022658103285658e-01,1.435401345695896391e-01,-5.878914767265844277e-02,9.216441508805015004e-02,-1.692394101221720293e-01,-5.933710663966446780e-02,-2.120806686925927331e-01,-8.962097221619720611e-02,1.607117986981408328e-02,3.866078828463728745e-02,-1.757601218295436751e-01,-8.030110345236980696e-02,-8.561630543232820467e-02,-2.225877818849331946e-01,-1.650657893234761531e-01,1.711070369347175435e-01,1.577322718150455938e-01,-2.599380349734810650e-02,1.059615652447892450e-02,-2.335423949003285482e-01,8.363223733929390710e-03,-9.166211936829463114e-02,1.405286434134190611e-02,-8.223722513579108384e-02,-1.427227624438056619e-01,-1.387317946341118102e-01,-5.570231215852453066e-02,-1.094159898992897034e-01,-1.167997369796958396e-01,6.581215509978560751e-02
1.030824975056451182e-01,0.000000000000000000e+00,-4.699547248903511165e-01,9.926961636022822721e-02,-7.493110557571081021e-02,-1.689699969633940702e-01,-3.172796577082986347e-01,-9.358454207754075826e-02,-1.503462415722769258e-02,-3.318964631531842180e-01,-2.316839007372331338e-01,-6.854738361009066194e-02,-1.961989912988682250e-01,4.428764192708036229e-01,-8.936525803159439674e-02,-3.302297546285408725e-01,2.615704960626865083e-01,4.411594811741847422e-01,1.503028614873889446e-01,2.109710517844055333e-01,-4.841696937594323069e-01,-3.503398487176618836e-01,4.449883444561392870e-03,6.858391420789106130e-02,1.546774005739870173e-01,7.404980490377612024e-02,-4.251225487398085368e-01,-2.697761815936016716e-01,1.652301770135779779e-01,1.397135544499976123e-01,2.577256506441942818e-01,-7.369819789994726256e-02,3.584131108315505854e-01,4.289947921066510905e-01,-1.692257111479968656e-01,-9.023285972935393695e-02,5.215427784716054199e-02,-1.636730602823358582e-01,-2.137245455936107874e-01,-3.168047599368933875e-01,2.179278475030194812e-02,1.732440769060410168e-01,-1.511065346389977859e-01,-1.205715212025872812e-01,1.947195020879519678e-01,9.453890394507624695e-02,-3.140147355298877341e-01,-1.576044147227441683e-01,2.344328282217133241e-01,2.394649180687186130e-01,1.441063588354958569e-01,2.812102587051272806e-01,-3.540157401213272492e-01,-1.175942774818545672e-01,-4.786124765690462635e-01,-7.713664041791003234e-02,4.624705186659938683e-01,4.737584733863179354e-01,-1.934272321907627712e-01,-3.145512786850811204e-02,-1.262360470240120151e-02,2.974755073757560098e-01,3.723312685935035171e-01,5.912454422371338225e-01,3.798748370392863727e-01,1.161444693816511380e-02,-1.702303025875079034e-01,-1.594332277751267860e-02,-1.345010947763528378e-02,2.142405402875414699e-01,-6.368881410263728393e-02,-1.434351091009135049e-01,-3.249168358109449928e-02,4.513012883885211823e-01,2.353963227386989265e-01,1.959341444648153296e-01,1.297977803095511605e-02,1.359783008249065561e-01,-6.685327713709704467e-02,-2.448486149195527872e-01,4.707652475290475397e-02,-2.857491854818271504e-01,-4.480249503982976916e-02,-2.039982739292539315e-01,-2.445655027865996645e-01,-4.312185922477504985e-01,-3.937336325798136416e-01,-9.876732064047270832e-02,-3.829251419556198854e-01,1.082447276073143436e-02,-1.378345118256394525e-02,1.949135708887666033e-02,6.385320179273908103e-02,-2.190077833004938357e-01,-4.757767889147900831e-01,-1.286813139142763962e-01,2.711780432841920940e-01,-1.036395891221012361e-01,1.334896538497542251e-01,-4.536301139982967801e-01,4.930511953496549138e-01,-7.290822372251358485e-02,-1.708330574512145206e-01,-7.931021098703391892e-02,3.605113370427111361e-03,1.049912212407160955e-01,-5.597172531730248979e-02,-9.705038254385384144e-02,-5.905399450671135891e-02,-2.829271968017461614e-01,1.545267118580603560e-01,-1.246629481562322311e-01,-1.595725006792408085e-01,2.023178664304354779e-01,2.175282940895775785e-01,-2.889821433871627154e-01
1.268913146220567167e-01,-4.699547248903511165e-01,0.000000000000000000e+00,3.536960973905737271e-01,3.321247793894367417e-01,1.916235339243679558e-01,6.184790028973330411e-01,3.406912045736308348e-01,3.659475466278833689e-01,3.164257549847142026e-01,2.901602551662256224e-01,1.043428031297589653e-01,2.401635657516512923e-01,-2.843244921676115200e-01,2.192634974850966589e-01,4.964439746203671566e-01,-3.481525791743628195e-01,-2.840276810604832614e-01,1.719974702561023194e-01,1.122151469557454706e-01,3.387002869935089588e-01,3.098776453289922572e-01,4.119258702844135200e-01,3.859708805472283344e-01,-5.662927607770971289e-02,2.897333038044334376e-03,3.645867818598184096e-01,3.720618554347255302e-01,-2.125327348403727168e-01,-2.020164889985821555e-01,-2.881236743388532751e-01,1.619332905620917418e-01,-2.438531561294918493e-01,-3.298964129236122145e-01,-1.175828616700419320e-03,4.584818340186625624e-02,-3.250332770914338143e-01,-1.080620746183123294e-02,1.439533869572066915e-02,1.089365258031594341e-01,-1.294895533906102736e-01,-2.445335385135243012e-01,-1.550655381756162743e-01,-1.859795565642059501e-01,-4.048800312336611196e-01,-4.373055031062423881e-01,-8.411398459778669789e-02,-2.829089315028459617e-01,-5.327553888339661148e-01,-4.618084015808616161e-01,-4.010306194904438293e-01,-4.263143594930466351e-01,8.709122831851941193e-02,-2.748242535771446352e-02,2.337067825904303453e-01,-2.775206683272867791e-01,-2.913429332700136487e-01,-4.038685903070624722e-02,1.480060001506887102e-01,2.444924415909988658e-01,-5.173874229718097850e-02,-1.016167072689040107e-01,-1.662439011025391156e-01,-3.666964238827915556e-01,-3.400382201379486546e-01,-3.475658064471939118e-02,1.110826984239330212e-01,-1.075072661642187399e-01,7.966181799086279047e-02,-1.685864256864898492e-01,2.966900995230473681e-01,3.162841989182376690e-01,1.394350086417695533e-01,-3.128000931530243722e-01,-1.874955763729226066e-01,-5.718180136944078784e-02,2.846875149832530164e-02,-2.693926103166974784e-01,-1.034204055352988261e-01,-1.850046462354077229e-02,-1.772761416382603317e-01,7.549732984161702798e-02,-2.627234930557616893e-02,1.553486503085693970e-01,1.572665066930904743e-01,1.838927461648580119e-01,2.553100648646426940e-01,2.213000783124690340e-01,2.735616647906682353e-01,-1.219094543470269770e-01,-2.822376817682635819e-01,-1.534901561454739827e-01,-1.933085077479114733e-01,2.143683973798428677e-01,1.662986969992397146e-01,2.586138008032165189e-02,-4.524109052967083544e-01,-1.957355093392756581e-02,-3.277182760297632780e-01,1.345125105881654626e-01,-4.454107294932064254e-01,7.627817136960060584e-02,1.315535321663329482e-01,-2.350972284692081152e-02,-1.474123779364321929e-01,-1.396267942802216500e-01,-4.365178120911712700e-02,-1.360559283452324186e-01,1.413209007532152672e-01,-9.010956896177757525e-02,-4.379813191655498317e-01,-2.965827908920087071e-03,5.856311459876846134e-03,-2.432641002399603680e-01,-5.462465952341268721e-02,3.641803789592889529e-01
-1.258638915589204432e-01,9.926961636022822721e-02,3.536960973905737271e-01,0.000000000000000000e+00,2.042676870880318907e-01,2.462390607983305432e-02,1.268456513748062175e-01,4.263006605188714992e-01,2.456568543958866646e-01,-1.104936425344015538e-01,-2.584060330282267337e-01,7.564801855754368920e-02,-3.466274267161960632e-01,1.432227750011986524e-02,-4.296226617563454753e-02,-7.420277678206530078e-04,-1.286721812648262964e-01,-5.996269312699634146e-02,2.274463513923865587e-01,3.680115254036060435e-01,-3.869731888243768680e-02,2.665135425775533307e-02,3.209646817614140724e-01,6.882341793971994415e-01,2.777307192646390477e-01,4.059074542967974208e-01,-1.660110185415615558e-01,7.888554278760424865e-02,-2.623102406681446230e-01,-6.074810097970496925e-02,1.185303740504898562e-01,2.106605417031021388e-01,3.114164967613342050e-01,4.240174981563463730e-01,1.200600928333816625e-01,1.215943779409985187e-01,-2.875437510987718936e-01,-9.104566553041286425e-02,-1.218957553728518273e-01,-1.424579156097527666e-01,-2.639495512444376413e-01,1.200715086451942942e-02,-1.569331649881618163e-01,-1.765135654091769535e-01,-1.016167072689040107e-01,-8.099975113530248627e-02,-6.621399167559002819e-02,-2.694816536488359171e-02,-1.901851416359771618e-01,5.342828244544954586e-02,7.522335035811401893e-02,1.910390443595615384e-01,-4.901264643632602391e-02,7.928737936340866932e-02,-1.027993853726920093e-01,-7.678503341408117466e-02,1.144937429935455053e-01,-1.327544755690211464e-01,-2.782467139585697580e-01,-2.048202123797629726e-01,-3.833406775055994697e-01,-1.977013121334097456e-01,4.697606560895364880e-02,1.678284157821315070e-01,5.453333302891168188e-02,3.688151985552148293e-01,7.608638573114849535e-02,2.119756432239165711e-01,-7.030085230450992817e-02,-2.375379290347474359e-01,8.346100016210453165e-02,2.421750317930359067e-02,-1.706641034363876597e-01,-1.876736630371995673e-01,1.575907157485690324e-01,1.972081490631043266e-01,-8.801362591297955118e-02,-1.259643507028715415e-01,-1.538417631493028404e-01,5.850603553970533388e-02,1.272429216258855744e-01,5.890330579078469769e-02,-1.904385726582174393e-02,-1.511430652367981853e-01,1.348138880200187573e-01,1.973314398306806883e-01,-1.421976351004249073e-01,-1.206080518003876806e-01,-2.631687097164540634e-01,-7.504983001856210811e-02,1.231332293733404248e-01,5.232779818671245281e-02,2.742877104219512141e-01,2.087335526691309617e-01,-8.115500617595419741e-02,-5.281182860756777203e-02,-5.827771930345282403e-02,-3.774295701490219812e-02,-3.556938644577831848e-02,1.897079607022094175e-02,1.816506807248583766e-01,9.842027996136888668e-02,-3.951469100822167096e-02,6.601763971241286777e-02,-6.212484788430759804e-03,2.307889010911232941e-01,-1.309873079004267304e-01,6.731447593432711429e-02,4.619522408097007093e-02,2.829066483404834437e-02,-3.173367367673617101e-02,3.163321453278507278e-02,7.451557002573123978e-02,6.036452970280075520e-02,1.651297178696268519e-01,9.924221841187792770e-02
-7.382148866752361038e-02,-7.493110557571081021e-02,3.321247793894367417e-01,2.042676870880318907e-01,0.000000000000000000e+00,5.561030071531476437e-01,2.669701750500583226e-02,-1.352111582710981419e-01,3.862448600307313851e-01,1.060780065252780319e-01,-4.499884700300692264e-02,-1.177495325225062783e-01,-2.008749078173196201e-01,-1.868334592877903266e-01,3.779798122783905590e-01,1.487594437303219885e-01,-1.693718335391984631e-01,-1.390697026637655320e-01,7.452926899990638954e-02,2.224827564162570326e-01,2.904205356755534817e-01,3.638424709296352311e-01,1.233067497128923357e-01,3.683585660827098374e-01,4.682925826904328903e-01,3.984643449949656357e-01,3.679110662596549175e-01,5.135037637931546550e-01,-7.330549397359294173e-02,7.640602846190201747e-02,3.005349449415396501e-01,1.643351773674681382e-01,2.015507238766270359e-01,1.062515268648299427e-01,1.308914150812006683e-01,1.455173531755363792e-01,7.607268675697334559e-02,8.835610026735830902e-02,2.843564564406868556e-01,9.837918303884343740e-02,1.173887928692273069e-01,1.540061508394046375e-01,-6.878939882051832155e-02,-3.565637493179052431e-01,8.691314165424246507e-02,-3.842333939893467776e-02,6.933964094988686981e-03,-2.403142544675779535e-01,7.589460009269639873e-02,3.177477059926162722e-02,5.778455623314740497e-02,-1.404852633285310903e-01,-1.751893312389123936e-01,1.061670498574165044e-03,1.812534104737790197e-01,-2.509218268038694855e-01,2.470609992488395981e-02,-1.248136368721588924e-01,-1.506042389192422670e-01,-1.653717330800545116e-01,-2.995257871773035485e-01,-2.953293347549824088e-01,-8.859354915306091871e-02,-1.431291653443351186e-01,-5.754254102271974536e-02,1.016623705161545099e-01,1.354577398062508375e-01,6.666149149864494805e-02,7.079401537481534723e-02,2.408507976227713607e-02,1.063291543851557913e-01,5.724572991559148671e-02,-1.130325190815294478e-01,-1.461338070134181322e-01,3.682740890752964329e-03,-1.227587907458863176e-01,-7.030085230450992817e-02,-6.640577731404213868e-02,1.157563317800218775e-03,8.351579605880513069e-02,2.501204368146231830e-02,2.763562555223989525e-01,5.532330720634536653e-02,1.455447511238866787e-01,1.172974663747263085e-01,1.057811954181497732e-01,3.750345328307331805e-01,2.063636301368299286e-01,-1.094936174196155659e-01,-3.244396548771772970e-01,-1.995369746728799243e-01,3.527485850101258393e-03,-6.407238537954149105e-02,-7.673708700446814704e-03,1.141832329122420830e-01,9.442931215167504888e-02,-1.941578441467708138e-01,6.695830260577320669e-02,-1.882901168750813481e-01,3.310585425661374858e-04,-2.468577977985748628e-01,-1.199505010399804505e-01,-9.731979570263180057e-02,-1.163202728835655703e-01,-2.315880079180070716e-01,3.240697825744482397e-01,2.587051272977175173e-02,-4.983458488683505799e-02,-1.526088554735392788e-01,9.046574229033149672e-02,-1.940802166264449513e-01,-1.691024203804205039e-01,-1.967834808636746702e-01,-7.977140978426398854e-02,2.349807871887193422e-01,2.505314060398777104e-02
-8.568480030320396734e-02,-1.689699969633940702e-01,1.916235339243679558e-01,2.462390607983305432e-02,5.561030071531476437e-01,0.000000000000000000e+00,1.093383623789638548e-01,-1.339987990565973119e-02,3.356819463502507817e-01,4.576895766788663389e-01,-1.474237937482448212e-02,-2.243914801513280100e-01,-5.762016854304560093e-02,-2.009388363634703190e-01,1.335353170970047243e-01,4.174511232017242279e-01,-9.493160787143056778e-02,-2.769133471388550705e-01,4.510387247168307773e-02,1.200920571064570119e-01,3.084483856900515630e-01,3.630753283758267891e-01,1.147448908534232648e-01,2.544104988938078460e-01,2.943841055368970339e-01,4.112591868745562040e-01,2.870323227295662472e-01,5.416688546972641127e-01,-8.341077059012898254e-02,7.494937087461100989e-02,9.031961989912988542e-02,1.587733938523570310e-01,1.484489336490185940e-01,1.013244624865008020e-01,-6.370707940153748361e-02,3.120398000863035259e-02,-5.087114059942144523e-02,2.488304500797965113e-01,2.497026181022811153e-01,2.019662594266065925e-01,1.128498660925274372e-01,5.524111336129446104e-02,-9.749103287982118036e-04,-1.426816655212802265e-01,9.045204331615634696e-02,7.299270072992700489e-03,6.993326316414339404e-03,-1.497320708967576908e-01,-2.238184063983341895e-02,4.222252157017641894e-02,-9.600012785709230445e-02,-1.411747783620136698e-01,-1.614218621928861230e-01,-3.339124955192938893e-02,5.877544869848329301e-02,-5.338261919819903972e-02,-3.255104580252015517e-02,4.835966200064385073e-02,1.049569738052782107e-02,1.041806986020196897e-02,-1.695681855023756235e-01,-1.789154522145533222e-01,-1.945551143978501707e-01,-2.149437542951991853e-01,-3.098091504581165223e-01,-7.585350317017093558e-02,-3.087063830370169112e-02,-8.779444232617714117e-02,4.857884558744626075e-02,5.696718410736342775e-02,9.561199025546303354e-02,3.056012822239827925e-02,-2.088865245474201549e-02,-1.500334483286109855e-01,6.050151944455225972e-02,1.652027790652276784e-01,-5.913162202703720755e-02,-5.193052793563308900e-02,-1.111603259442588698e-01,-6.439202811029501317e-02,-1.150462682852765733e-01,5.303101219437017511e-02,6.496738502565133078e-02,2.053544723725938270e-01,-1.064889757505325524e-01,1.495471347453931465e-03,3.550796937822639499e-01,1.942172063681964489e-01,-6.854281728536561202e-02,-2.768859491905047987e-01,3.402596868871136243e-02,-1.040140277495553572e-01,-1.940003059437565847e-02,-1.470379393089780717e-01,1.117539481585154010e-01,-4.198963900919885917e-02,-4.277961318663254381e-02,4.572945895901495139e-02,-7.226208877391898308e-03,-1.215487146937480195e-01,-1.889978972074641272e-01,-1.842854500912123328e-01,-4.123162910484053090e-02,-7.827822159917258160e-02,-3.116288308610490332e-02,1.382021009660059918e-01,3.543696302875186388e-02,8.385370408845883861e-02,1.011829064200242406e-01,3.498033055624684418e-02,-1.086168830724059259e-01,-1.824817518248175174e-01,-1.274255746148875990e-01,2.376087070679857097e-02,1.114114738041366293e-01,-6.526876245750463934e-02
1.893632031854681208e-01,-3.172796577082986347e-01,6.184790028973330411e-01,1.268456513748062175e-01,2.669701750500583226e-02,1.093383623789638548e-01,0.000000000000000000e+00,6.262143569815680211e-01,4.884940032740548443e-01,9.265301183363051918e-02,5.115265451872078595e-01,2.975211706230065367e-01,6.523839639808305391e-01,1.253798611380651240e-01,1.837717385596441752e-02,2.561639675882271261e-01,-3.871626913004664328e-01,-3.677649438684533201e-01,-2.381338344113664851e-03,-2.975896654938822716e-01,1.481566888666153714e-01,8.982189050409941644e-02,3.104895328421490297e-01,9.129224706556557378e-02,-2.796714072727853884e-01,-2.432777992141355039e-01,8.659806524821399287e-02,-7.499960044658655900e-02,5.467032277066319335e-02,-1.200692254828317623e-01,-3.038089997694006228e-01,1.918518501606204796e-01,-5.192892972197932222e-01,-4.240677277283219637e-01,-2.498670057923829124e-01,-3.272022813358326232e-01,-1.277086867478406940e-01,-5.333695595094854053e-02,-1.035528289523252876e-01,-3.166974513058547214e-02,4.749662662760936738e-02,-4.849596679368660124e-01,1.018587224793316703e-01,-3.779775291160280409e-02,-3.687695353079643579e-01,-4.010488847893440290e-01,-6.787156755078323223e-02,-2.016968462678286333e-01,-4.938092052540132282e-01,-3.917701129480420930e-01,-2.882789293795049446e-01,-3.522074755302073701e-01,1.369783259396925579e-01,2.602142976193466128e-01,4.239147558500327290e-02,-2.419900956416713711e-01,-4.681692919228565009e-01,1.514033457461260446e-01,3.815324129144795906e-01,4.282276495528426485e-01,4.628129930203726539e-01,2.205603337070109193e-01,-4.969188723917724038e-01,-5.484818111870389812e-01,-1.967971798378498061e-01,-2.817034217754327274e-01,2.301655977661539593e-02,-1.825228487473429806e-01,6.028690218247489963e-02,-7.027802068088467857e-02,5.275497786474089290e-01,5.520983403692786284e-01,4.158300779243314094e-01,1.676069490329665929e-02,-2.929639785474064673e-01,1.185486393493900559e-01,3.252707259771364101e-01,1.184436138807138938e-01,1.592391589743121505e-01,-7.179404048960133511e-02,-3.862905232779818565e-01,-2.152633970259527074e-01,-1.486041886896702913e-01,-1.797099927167120637e-01,1.788149930706022239e-01,-2.092495473630616165e-01,-1.207313425679640423e-01,-1.596957914468171702e-01,2.872880369141690982e-01,-8.590855021473141340e-02,-1.663169622981399143e-01,-3.781441999684923561e-01,-2.101993429058720553e-01,3.310882236768503128e-01,-1.601113269967967268e-01,7.422789156805308097e-02,-3.804730255782679538e-01,1.004385954898410760e-01,-1.785821105096246642e-01,1.099548162168456217e-01,-5.143302685683887043e-01,1.306493998707730086e-01,3.142247864672400581e-01,-2.356908506834646394e-02,-1.134731694174967876e-03,-4.356479272310491702e-01,1.710659400121920803e-01,1.152015233259282706e-01,9.101826758206256474e-02,-1.127311416496761393e-01,-3.032884387507449042e-01,1.442844454997728176e-01,3.280333524357917918e-01,-3.950304688017278743e-01,-4.495067227715764391e-01,3.636232873428328349e-01
1.510380397681220233e-01,-9.358454207754075826e-02,3.406912045736308348e-01,4.263006605188714992e-01,-1.352111582710981419e-01,-1.339987990565973119e-02,6.262143569815680211e-01,0.000000000000000000e+00,2.077289612296199239e-01,-2.802125167527038177e-02,2.854249764263486200e-01,3.811123110397749980e-01,2.706529159408113117e-01,1.951761345604569875e-01,-2.935256364885875935e-01,9.749788236690876131e-02,-1.971670521405788634e-01,-1.409829927235615454e-01,1.251241469534623008e-01,-1.017628296601056220e-01,-5.612241403322914407e-02,-1.403437072620545290e-01,9.107762980348821369e-02,1.521796209493845864e-01,-3.460201055277644100e-01,-1.299233542394900298e-01,-2.928817847023555410e-01,-2.269166577242807403e-01,-4.389379641954477967e-02,1.113954916675989615e-02,-3.418601837032436697e-01,5.758363794524520157e-02,-3.601620132012448017e-01,-1.905687129128813828e-01,-2.879136234015009510e-01,-3.137453223711098027e-01,-2.886533680069590657e-01,-2.406156318994312759e-01,-1.557002573123982547e-01,-2.040896004237549299e-01,-5.487580738329044666e-02,-3.500202059869083615e-01,1.273799113676370998e-01,1.482297500622161701e-01,-1.181924660208361344e-01,-1.137311667644621271e-01,-1.041692827902070545e-01,-4.358328633824137127e-02,-3.180787645351824122e-01,-8.521903518124884780e-02,-1.268410850500811538e-01,-8.506834646532218658e-02,1.591660977787113240e-01,3.350517935381938650e-01,-6.601763971241286777e-02,-1.110507341508576717e-01,-2.561320033151517350e-01,1.668420896415206689e-01,1.676640280920297099e-01,2.710684514907908405e-01,2.924662491523759567e-01,2.100166899168700585e-01,-2.932242590567343266e-01,-1.737098420279961364e-01,-2.066604412439581873e-01,-6.270705428675149573e-02,-4.061060894223370715e-02,-3.833657922915872235e-02,-6.819805976862432922e-03,-1.318229453251109073e-01,2.843107931934363841e-01,2.226471441063588297e-01,1.103657854421001422e-01,-5.444657285913573341e-02,-1.048770631225898337e-01,1.710842053110922800e-01,2.334921653283529852e-01,1.992972426248147688e-02,2.500291103201221846e-02,5.578907232830047913e-02,-1.580610471952491880e-01,-1.142151971853174464e-01,7.564116907045610565e-03,-2.152862286495779709e-01,1.637278561790364573e-01,-1.341700362337867047e-01,-3.008500213475681084e-01,-1.826096089171189152e-01,4.436184470386242244e-03,-2.378370233042382403e-02,-3.578400370785567858e-02,-3.125672105920468402e-01,2.324944233759295223e-02,2.844934461824383809e-01,-1.764861674608266540e-01,-2.353712079527111450e-02,-1.931304210836345125e-01,9.538824034393557361e-02,-7.086707657041614594e-02,8.101801643420268595e-02,-1.729837963967131576e-01,2.163319170116144441e-01,2.830687528682226950e-01,5.401733833498101323e-02,2.245147709189043439e-01,-3.366911041144868832e-01,1.448780677140293349e-01,1.274666715374130344e-01,2.411407592428120306e-01,-9.122375219468982499e-02,-9.526951590108427570e-02,1.383025601099570900e-01,2.624700620335214118e-01,-2.435243807492882273e-01,-2.050211306676651690e-01,3.387048533182340226e-01
-1.036350227973761862e-01,-1.503462415722769258e-02,3.659475466278833689e-01,2.456568543958866646e-01,3.862448600307313851e-01,3.356819463502507817e-01,4.884940032740548443e-01,2.077289612296199239e-01,0.000000000000000000e+00,-8.510487706312258593e-02,1.848790723054688501e-01,1.334394242777786621e-01,2.991878791476498267e-01,9.896367260364986873e-02,8.041069524577101890e-02,8.856386804234809770e-03,-2.100669194888456215e-01,-2.349351239414688430e-01,1.568738027667361534e-01,1.031053291292703677e-01,-1.034615024578242892e-01,-5.646032206288285893e-02,4.114509725130083284e-01,3.938477906979399035e-01,2.866852820504624533e-01,1.490882191105256105e-01,3.239122443714340105e-02,1.392523556527675288e-01,-1.664265540915411123e-01,6.941041898312515224e-02,5.270223681416656702e-02,1.742851989433524540e-01,5.886677519298429834e-02,1.451474808728073218e-01,-1.261333047176984024e-01,-2.230033174349127512e-01,1.092105052866624570e-01,1.390240394165150328e-01,6.987618410508025790e-02,-2.075645735395181268e-01,6.525506348332948958e-02,-3.732354008890634289e-01,1.263068250572502993e-01,-2.373552760457454391e-01,-1.985666306688067470e-02,-9.493617419615561770e-02,-1.264209831753765612e-01,-1.098315254492692739e-01,-2.487665215336458124e-01,3.237752546296825129e-02,1.148407836726493131e-01,1.132197383952565084e-01,-2.259348979083949660e-01,2.524606782362114332e-01,-1.303206244905693867e-01,-2.984755324905419838e-01,-7.351097858622020198e-02,-3.427255022386407196e-02,-2.465975172892470035e-01,-1.783811922217224677e-01,-1.422410151853128633e-03,-1.806963188573229018e-01,-2.464742265216706418e-01,-2.229667868371123518e-01,1.190965983163960740e-01,-5.506302669701750724e-02,-1.302703949185938515e-01,-1.097858622020187747e-01,-1.567733436227850552e-01,-1.259871823264967772e-01,3.328188607476443295e-01,1.797647886134126627e-01,3.073159371582391275e-01,3.764934735803867217e-03,-2.204918388361351567e-01,3.251154709364846851e-01,2.311131101466018523e-01,2.935918481971008451e-02,-1.134046745466210301e-02,-1.267314932566799557e-01,-3.588469116804303138e-01,-1.430013082520337209e-01,-1.066168328428339501e-01,-3.638927005016107663e-01,4.424837153444493021e-01,-2.014319994337757380e-01,-1.287406761357020313e-01,-3.227090178063832804e-01,-7.938783850735976755e-02,-2.273595912226106242e-01,-4.844642217041980614e-02,-3.017267556947777485e-01,-4.759708577156047254e-02,2.888360209959610625e-01,-8.564370338067850419e-02,6.798572566890949409e-02,-2.542917744509565203e-01,2.319122169734856298e-01,-8.387196938735903828e-02,-4.567922938703940228e-02,-2.362639244364584390e-01,-5.326617791771025984e-03,1.078954037658479970e-01,-1.529011002559425014e-01,8.278061777807205202e-02,-4.679797894467669500e-02,1.389601108703643340e-01,1.456223786442125134e-01,1.532686893963090477e-02,9.408912095965881253e-03,-7.678959973880622458e-02,1.239232035507741025e-01,1.187632566114674160e-01,-2.053910029703942264e-01,-1.463438579507704562e-01,6.651993543216838667e-02
4.564726511396404590e-02,-3.318964631531842180e-01,3.164257549847142026e-01,-1.104936425344015538e-01,1.060780065252780319e-01,4.576895766788663389e-01,9.265301183363051918e-02,-2.802125167527038177e-02,-8.510487706312258593e-02,0.000000000000000000e+00,2.032539629990707530e-01,-2.313140284345040765e-01,1.175120836368036686e-01,-4.065284744594042099e-01,9.989063652283504402e-02,6.469500375580208296e-01,-2.308345643383737933e-01,-1.178910885889828258e-01,1.483484745050674680e-01,1.911760341013130360e-01,5.239652137382445618e-01,3.833087132325240787e-01,-4.940991668740539466e-02,-1.244711625177801206e-01,-2.778448773827653095e-01,-1.246857797798574807e-01,5.967204655824689397e-01,6.575758751932125890e-01,-2.043133503352823899e-01,-5.188029836365753295e-02,-1.169275940719972373e-01,-1.740911301425378255e-02,-2.279303818132418780e-01,-2.784430659217468906e-01,6.386233444218918087e-02,2.790138565123781444e-01,-2.477847617177600381e-01,-4.779343773473763296e-02,-5.286662450426837107e-02,3.064985650324551503e-01,-2.122770206557698935e-01,1.055711444807974630e-01,-2.831098497907481581e-01,1.854863934939005310e-01,-2.215694914712469932e-01,-1.744039233862037519e-01,3.039277242122518929e-01,1.285032272499994355e-01,-1.016897684645048094e-01,-2.622782763950692875e-01,-2.192269668872962596e-01,-3.934961836941110458e-01,4.230905342371611977e-01,-5.492398210913972401e-01,4.611371518462792363e-01,1.091054798179862950e-01,-2.390699309800017880e-02,9.978104472943384595e-02,1.636136980609101954e-01,1.678923443282822059e-01,-1.203454881286972894e-02,-1.227542244211612676e-01,-4.287550600585859212e-02,-2.253093114210630854e-01,-7.054400909611885373e-01,-3.488968901045459980e-01,-2.451636913255812456e-01,-3.719933605638497953e-01,-2.247773345905947420e-02,-5.020445718956412229e-02,1.025756354611645493e-01,1.847603478626175522e-01,-1.693672672144734270e-01,-1.811392523556527578e-01,-6.300386539387975438e-02,-2.588877802867195141e-02,-3.688836934260906197e-01,-3.627556856450732670e-01,-3.469653347458497850e-01,1.554810737255958586e-01,1.509512795983460887e-01,2.693652123683471511e-01,1.173294306478016580e-01,5.428424001516020114e-01,-2.280171419830178403e-01,2.086696241229802629e-01,3.517006134857267874e-01,3.428282445449543081e-01,4.333054026470984366e-01,-1.394441412912196532e-01,5.098986504227275007e-02,2.908452038749831381e-01,9.728783142955645113e-02,-3.015851996283011593e-01,4.522830482044069567e-01,-2.551867740970663601e-01,2.021763103639589165e-01,-3.045259127512334740e-01,-1.139412177018144234e-01,-8.882186538931342856e-02,-3.830004863135832299e-02,-3.906924603129302564e-01,-3.088821865389313470e-01,5.017249291648877285e-02,-3.793017632862925870e-02,2.010073312343460816e-01,-2.580635586738479481e-01,2.068773416683980515e-02,2.270125505435068025e-01,2.750525698133971311e-02,-1.196673889070273417e-01,-1.252565703704887623e-01,-3.001376746904602655e-01,3.374354150446700618e-01,2.076604663587441613e-01,-3.511275397327329878e-02
4.217252031443712301e-01,-2.316839007372331338e-01,2.901602551662256224e-01,-2.584060330282267337e-01,-4.499884700300692264e-02,-1.474237937482448212e-02,5.115265451872078595e-01,2.854249764263486200e-01,1.848790723054688501e-01,2.032539629990707530e-01,0.000000000000000000e+00,2.845208441307886527e-01,7.713458557178376473e-01,-1.574697081433551818e-02,2.565795031382066549e-01,5.319083355974693617e-02,-1.962355218966686243e-01,-6.008598389457269623e-02,3.256405982798654675e-01,3.829091598190822315e-02,2.315788752685569718e-01,-1.185189582386772349e-02,3.335700211649150933e-03,-2.670226877843964175e-01,-5.196180725999968164e-01,-4.484701670589900657e-01,2.317523956081088687e-01,2.700752758630924413e-02,6.810901643648584192e-02,1.276995540983905941e-01,-1.283068752868222751e-01,3.501229482932220055e-02,-5.010742278915680803e-01,-4.600777645100675994e-01,-1.581295420661249507e-01,-1.032834157935473285e-01,-1.680704309925591666e-01,-1.860252198114564492e-01,1.685202139779766115e-02,-7.609780154296112362e-03,1.491612803061264092e-01,-2.403553513901034167e-01,1.485311274940694926e-01,5.038711017856612601e-02,-1.867695307416396278e-01,-1.883266474728817474e-01,1.502069686681629102e-01,4.675231569742618887e-02,-2.288801773560523167e-01,-2.807307946089970252e-01,-8.654326935151339384e-02,-3.600889520056440030e-01,2.300080595631397162e-01,1.580176671103612068e-02,2.521684334538081829e-01,-1.441565884074714199e-01,-3.071104525456118672e-01,9.220094568585056327e-02,1.115530298706131906e-01,1.224117500667824959e-01,5.976337305274790346e-01,-2.051878015201295119e-02,-2.460221603738906582e-01,-4.360908607293790262e-01,-4.547168992828586886e-01,-6.065700280144021850e-01,-3.424994691647507139e-01,-4.424426184219238389e-01,-7.050633691713718842e-02,-1.687553797013167101e-01,2.546799120525857774e-01,4.401366244357735047e-01,4.228485190267335381e-01,1.390377383906901687e-01,-2.850528209612570099e-02,-1.475585003276337903e-01,5.592149574532694067e-02,-9.948423362230558731e-02,8.797024582809157348e-03,1.071510928356648185e-01,-1.500151830297107858e-01,-4.982545223738495815e-02,1.080049955592492089e-01,-1.438620604627056758e-02,8.836066659208335894e-02,-3.660069088493089762e-01,-1.162791759610401210e-01,-1.281287886225453143e-01,2.848313542120921027e-01,-2.979732367707864649e-01,-2.219393637739760505e-01,-2.533785095059464809e-01,-3.552212498487404835e-01,5.850146921498028396e-02,1.242702442298779242e-01,8.125774848226782754e-03,-7.336485619501859068e-02,-1.347362604996929225e-01,-1.184847108032393570e-01,-7.051546956658728826e-02,-3.985328398658413707e-01,-2.235215952912059621e-03,8.263449538687044071e-02,5.774802563534700561e-02,8.099518481057743635e-02,-2.157748253951583262e-01,2.218754352278253517e-01,1.160988061344006388e-02,6.967983214190311136e-02,1.124206315683727170e-01,-1.184527465301639937e-01,9.464849573847744502e-02,-1.300717597930541557e-02,-1.939432268846934537e-01,-2.501546842500610990e-01,1.443803383189988798e-01
4.954690642915689919e-02,-6.854738361009066194e-02,1.043428031297589653e-01,7.564801855754368920e-02,-1.177495325225062783e-01,-2.243914801513280100e-01,2.975211706230065367e-01,3.811123110397749980e-01,1.334394242777786621e-01,-2.313140284345040765e-01,2.845208441307886527e-01,0.000000000000000000e+00,4.093824274125605900e-01,5.660667277032072064e-01,7.316850423184144414e-02,-2.066490254321455555e-02,-2.042905187116571541e-01,7.236026475550755288e-02,-1.312749863581048893e-01,-2.318985179993104939e-01,-8.751589651794908220e-02,-1.513576824988755454e-01,2.455541120895730206e-02,6.312943932381863237e-03,-1.419830178383475472e-01,-1.917605236661194812e-01,4.903547805995128045e-02,-2.520131784131565134e-01,3.529084063755025952e-02,-6.472765297758619092e-03,-4.538241827991113669e-02,2.336360045571920716e-02,-2.818175798935589893e-01,-2.404329789104292514e-01,7.789465032226836061e-02,-3.354650459258109313e-02,3.327366669025934587e-01,1.952788768667706315e-02,-1.970163634246522300e-01,-2.687533248551904341e-01,4.387553112064458000e-02,-2.719680174616257440e-01,1.278456764895921915e-01,-7.299955021701458324e-02,1.781551591478324967e-02,-1.055574455066223133e-01,-5.714755393400290824e-03,8.957074264422165699e-02,-1.491567139814013732e-01,-1.136124423216108154e-01,-4.564269878923899598e-02,-7.729646178328679340e-02,-3.071538326304998692e-02,3.055624684638198474e-01,-8.307286256047526074e-02,-2.696437581765752101e-01,-2.215557924970718573e-01,-1.124114989189226171e-01,6.702223115192390557e-02,1.051852900415307240e-02,3.104986654915991018e-01,3.073387687818643910e-01,-1.080963220537502073e-01,-1.013518604348511015e-01,1.558463797035998522e-01,1.150097376874761740e-01,2.559265187025244748e-01,5.157892093180422438e-02,6.238741155599798055e-02,2.512620179958857322e-02,2.245330362178045436e-01,2.227795675233852912e-01,4.076152597439661740e-01,1.588053581254323665e-01,-9.747961706800856163e-02,6.318195205815671511e-02,4.626805696033461923e-01,4.007064104349652434e-01,1.541568395553312987e-01,-1.818995454223736041e-02,-2.088842413850576230e-01,1.352431225441734775e-01,-2.580818239727481478e-01,-3.161380765270360715e-01,2.952608398841066739e-01,9.473525590825340736e-02,-1.816552470495834404e-01,-1.922171561386244731e-01,-7.673708700446814704e-03,-1.285032272499994355e-01,-1.605405615209514469e-01,-2.235284447782935058e-01,-1.479649032281632748e-01,2.818495441666343249e-01,-7.130087741929591605e-02,1.430104409014838207e-01,-2.319487475712860292e-01,2.146378105386208268e-01,-1.066122665181089002e-01,9.631063793839571285e-02,-3.463123503101676048e-01,5.151955871037856849e-02,2.267294384105536798e-01,-1.637187235295863574e-01,-7.069812255558929892e-02,-2.216836495893732550e-01,8.438339775656465702e-02,-9.224660893310106247e-02,-4.413124530524738937e-02,2.906694003730687231e-02,9.701385194605344209e-02,2.570087376623613751e-01,1.616319131302384193e-01,-3.329147535668703917e-01,-2.391909385852156178e-01,1.174572877401030557e-01
3.571071419601862251e-01,-1.961989912988682250e-01,2.401635657516512923e-01,-3.466274267161960632e-01,-2.008749078173196201e-01,-5.762016854304560093e-02,6.523839639808305391e-01,2.706529159408113117e-01,2.991878791476498267e-01,1.175120836368036686e-01,7.713458557178376473e-01,4.093824274125605900e-01,0.000000000000000000e+00,2.418120089773944104e-01,8.892232453326454067e-02,1.099730815157458352e-01,-2.955302530428846608e-01,-1.685453287639643860e-01,9.335165951656319849e-02,-2.390174182456636931e-01,2.468783462598375666e-02,-8.098148583640228659e-02,8.817344727835631224e-02,-2.848222215626419751e-01,-4.193507142873451055e-01,-4.178118628550032132e-01,1.934774617627383342e-01,-1.378230960138268346e-01,1.232519538161917366e-01,2.477002847103466215e-02,-2.502049138220366342e-01,4.151017491306858986e-02,-5.120288409069634339e-01,-4.599590400672162738e-01,-2.398302240467226343e-01,-3.326179424597421330e-01,8.565740235485365395e-02,-5.916358630011255698e-02,-1.848882049549189499e-01,-1.477913828886113501e-01,1.167221094593699909e-01,-4.786444408421215990e-01,1.321562870300395653e-01,4.133665457351668598e-02,-2.760092148432951586e-01,-2.410311674494108325e-01,3.338668322720433901e-02,-1.293411478370461339e-02,-2.899045409816228269e-01,-3.129096849464255703e-01,-1.077127507768460002e-01,-2.793563308667569300e-01,2.199301808949539749e-01,1.327316439453958830e-01,1.213021331585953100e-01,-1.844863683791145570e-01,-3.322617691311882115e-01,1.425720737278790007e-01,2.949411971533531518e-01,2.721780683989780680e-01,7.085725897225729764e-01,1.798743804068138608e-01,-3.253803177705376082e-01,-4.811467867914491214e-01,-2.074184511483165017e-01,-5.590117560030046784e-01,-2.037973556413517351e-01,-4.301455059373637257e-01,-4.036859373180604754e-02,-4.119053218231508162e-02,3.924139647342741455e-01,4.638312834340588275e-01,5.403354878775494807e-01,1.738696633933728974e-01,-1.896097847206208442e-01,5.929600971713901159e-02,2.788266371986510839e-01,1.535632173410747814e-01,1.632529584076312379e-01,1.819452086696241380e-02,-3.520248225412053733e-01,-1.667598957964697703e-01,-1.636502286587105948e-01,-1.934180995413126714e-01,2.110943425519818950e-01,-3.547189541289849646e-01,-2.452824157684325435e-01,-2.161264323989871838e-01,3.749706042845825094e-01,-1.087767044377826869e-01,-2.438577224542168853e-01,-3.339878398772571644e-01,-3.516503839137512522e-01,1.253478968649897607e-01,-2.241837123763382178e-02,-3.263780597229611058e-02,-2.393644589247675147e-01,3.278849468822276486e-02,-1.633168869537819368e-01,3.925441049889380474e-02,-4.540319505741011730e-01,-2.942311336586078685e-02,2.371132608353177795e-01,-4.009004792357798858e-02,6.442399238337036260e-02,-4.045832201265328609e-01,1.594903068341899099e-01,4.841902422206950662e-02,-3.607168216553383738e-02,1.202998248814467902e-02,-1.604127044286500214e-01,1.795090744288098672e-01,1.348047553705686574e-01,-3.287137348198242437e-01,-4.295701490220074081e-01,1.874636120998472433e-01
