0.000000000000000000e+00,6.028330130926314867e-01,4.371821797220608596e-01,-3.253139103623933215e-01,1.340944635595871237e-01,-3.056660261852629512e-01,6.342642656061485695e-01,-2.693909468698333365e-01,-2.518879306492693981e-01,-3.745028821663166085e-01,5.000536216989142080e-01,3.145225434559185129e-01,4.528620581795433364e-01,2.835247330086241441e-02,2.611376737119621219e-02,-2.749095133830823379e-01,5.868224674918450789e-01,2.886500737298360320e-01,7.184279905268331490e-01,6.748469547343491914e-01,1.462308414138254742e-01,1.796773761115331297e-02,-4.381786496268823272e-02,-4.840386076232182089e-01,-5.629384691004959973e-02,-1.994369721614013269e-01,2.322936681710532081e-01,2.110862862505027138e-01,3.187541891952276885e-01,3.898967782295902351e-01,2.176906921667634831e-01,4.652084543545287887e-01,3.158094642298583388e-01,3.235399258233164765e-01,2.011260556771973795e-01,2.133920193038116031e-01,-2.808749273872827024e-01,-3.134635149023638490e-01,-3.291523303096652864e-01,2.903614996201796250e-02,8.592430403503284464e-02,-1.636802359354752254e-02,-2.073506412261495180e-01,-1.915054291970150480e-01,4.468474909513383414e-02,-7.170114839805175055e-02,-1.260109924482774070e-02,1.832074712900487175e-04,-6.019035703114526681e-02,-2.713570758300192232e-01,-2.830600116180347903e-01,-4.159524554269627972e-01,-1.262746324679386856e-01,-2.501765047589257773e-01,-9.307833236516377395e-02,-8.058894499307386883e-02,7.848608070065686837e-01,5.305643683810715716e-01,2.879038384199472667e-01,1.797265293355377880e-01,8.949908396264355526e-02,1.932391974619062647e-01,3.277268868135305158e-01,3.457839939228741222e-01,-4.432280262746324945e-02,-3.267348853836185563e-01,1.610885204879574650e-01,1.003351356182135001e-01,5.286250502703426779e-01,4.537065999374413350e-01,-2.262388846686625918e-02,2.292282943831270292e-01,3.035032843290584870e-01,2.226909155905089643e-01,3.219893650297153687e-01,2.986460521024174586e-01,-1.529603646275526085e-01,-1.800884758032083588e-01,2.136467223736538690e-01,2.379775682559542305e-01,3.193261539836453888e-01,1.279324366593681539e-01,2.889986147727780508e-01,-9.852540327986057667e-02,4.140935698646051877e-02,-4.620403056436838199e-03,2.086152196255418034e-01,-1.106394387595513625e-02,-2.510836051655570000e-01,6.515036418070511981e-02,-2.249206845703561330e-01,-4.070735957817596673e-01,-3.620939273425979876e-01,-3.831002278922203685e-01,1.289065641896420811e-01,7.615174940792707181e-02,6.718798873944323291e-02,1.263640019661289582e-01,-8.325662451405335673e-02,-1.524867062871441969e-01,-3.040350328432905869e-02,-4.343804459537959489e-02,7.001206488225568403e-02,-5.321506769739487580e-02,-8.156754099825729021e-02,-3.060726574020287138e-01,-1.409222932213235746e-01,1.614906832298136641e-01,6.805487287188882739e-02,1.146655346530229269e-01,-5.397470843201215146e-02,-1.975468072746771608e-01,-1.538451226596362631e-01,8.836409133562715679e-02,-2.847088788596451869e-01,-3.603735645024352952e-01
6.028330130926314867e-01,0.000000000000000000e+00,4.662942937575405566e-01,-3.232047902051030097e-01,-7.672818267125429414e-02,-2.956298315384959241e-01,6.433442066222798683e-01,-3.321149291746726684e-01,-3.183967112024665980e-01,-3.692390187229098730e-01,3.825595424281692525e-01,5.304884043076097955e-01,3.545198623709727714e-01,1.402654274096250958e-02,9.172885294249072397e-02,-1.183475579784619564e-01,3.942088565172706671e-01,4.507708119218910570e-01,4.684525671388355406e-01,5.539389606327360660e-01,1.286429241699807990e-01,7.213459046427454779e-02,-1.635729925376468996e-01,-3.930425845658876427e-01,-2.817150006702712206e-01,-2.362348630412440254e-01,-1.954064077930202370e-02,-4.656597703203896321e-02,1.599222485365744684e-01,2.426873408105813534e-01,9.639840922293221870e-02,3.333750390991554458e-01,2.938513785245095988e-01,3.123195853255283927e-01,7.158496805040440170e-02,5.934134679833772547e-02,-2.702622994771884390e-01,-2.705929666204924255e-01,-2.900844541757898187e-01,-2.144823271817328791e-01,1.834264265606148636e-01,2.231556369810983390e-02,-1.469949506233522440e-01,-1.359846284463112620e-01,5.493543053755753358e-02,-4.115465391661825983e-02,1.018231377630814671e-01,7.019974082845524717e-03,1.240001787389963771e-02,-1.046159345815273201e-01,-2.090263193172170464e-01,-3.891773537691585738e-01,-9.682291433933598590e-02,-1.145895705795611924e-01,-1.731355288440055429e-01,-2.551097010590285263e-01,6.423566736672773336e-01,8.349568792171232490e-01,3.359310067473971206e-01,3.727735823763349554e-01,4.130658206354171497e-02,1.779614817462799869e-01,3.283077885517672878e-01,4.149247061977747175e-01,-1.434380445953795883e-03,-1.288216631663613165e-01,2.385137852450958384e-01,2.100898163456812184e-01,4.871754770096966003e-01,4.757674605657088995e-01,-2.705125340721211691e-01,3.855846999419098448e-02,4.193663702578310365e-02,-1.696009651905804605e-01,4.022967961034899093e-02,1.874525224540864177e-02,-6.439966039590687419e-02,-1.501407569596496794e-02,-8.744358550426739596e-02,-1.027749229188078088e-02,1.158273381294964016e-01,-8.105366638366325038e-02,1.654452835247330056e-01,3.345994012243621446e-02,-6.107064658831940634e-02,-4.718709504446132880e-02,9.057598641583628277e-03,-3.869699271638589455e-02,-2.807498100898163651e-01,-1.548907457884624028e-01,-7.807766209392734413e-02,-1.915635193708387363e-01,-2.184994861253854170e-01,-1.691183699003530050e-01,1.017471736896197326e-01,-4.254434961347691724e-02,8.486080700656865872e-02,-2.404933196300102632e-02,2.469726082488046814e-02,-1.233567183520264537e-01,7.157603110058537166e-02,4.188301532686893730e-02,2.081281558604048398e-01,9.087984270968318956e-02,4.070780642566691754e-02,-5.972116716564636330e-02,1.967916350149694071e-02,1.713392019303811575e-01,9.676482416551231147e-02,1.250726127172795965e-01,-8.717994548460610005e-02,-2.057464587336342021e-01,-1.220161758791724338e-01,1.420215380490638668e-01,-2.345100317261718526e-01,-2.688368559810536684e-01
4.371821797220608596e-01,4.662942937575405566e-01,0.000000000000000000e+00,-1.992582331650207816e-01,1.916618258188480250e-01,-7.862728450779749023e-02,7.708432012154251556e-01,-1.923186916305464900e-01,-2.720407524911747782e-02,-1.739532597524464930e-01,5.144778587068233877e-01,3.228160328879753349e-01,6.376469011126502107e-01,1.440457571830734140e-01,1.321417400241297613e-01,5.652620760534429398e-03,2.469189865498905290e-01,1.812770901291389236e-01,5.890388310469636401e-01,4.839134903257518161e-01,1.602037624558738105e-01,2.014433173957728140e-01,3.491174762053710912e-01,-1.833862102864292423e-02,1.019884713347334604e-01,1.473837079404799189e-01,2.546271057688010986e-01,2.082398677331426806e-01,3.456365342508601474e-02,-2.041646186156664822e-02,4.773046159345815109e-01,6.068546405111935327e-01,3.461280664909066607e-02,1.385674069440100131e-01,1.225657982930425799e-01,1.730193484963581940e-01,-4.441664060056302495e-03,-1.139461101925912621e-02,-6.515483265561464177e-02,3.074310737745207522e-02,1.914339335984628354e-01,1.949908396264354860e-01,-1.434827293444747298e-01,-5.004691898654989313e-03,5.869341793645828365e-02,1.011215872022878590e-02,1.168282765092274050e-01,-2.956343000134054391e-02,5.581125161982215116e-03,-2.690826221010769181e-01,-3.677063318289467975e-01,-5.301577371643058090e-01,-6.674560972340140563e-02,-1.866124491710978994e-01,-5.799186737566468242e-02,-1.462531837883730146e-01,5.082443362080522054e-01,3.320747129004870679e-01,-2.993878189373966672e-02,-4.506903793735198005e-02,-2.646990482148443014e-01,-1.564993967558872268e-01,6.876089190759193670e-02,-9.623307565128021157e-02,4.367487376558380763e-02,-2.111130970999597900e-01,1.218508423075204405e-01,1.398230483935832824e-01,4.697841726618705027e-01,3.290450869118369814e-01,-6.653112292774475411e-02,-1.641270834264265538e-02,2.709236337637964051e-02,-2.918807810894141763e-02,1.813619911524196882e-01,-2.213682470172929906e-02,2.124312971982662487e-02,-3.054649448143348725e-02,-2.788551767281826632e-01,3.118995486840341318e-03,2.184190535770141536e-02,3.526967246078913099e-02,3.271102372760176791e-01,-4.832208767147772727e-02,3.117118727378345722e-01,-4.332633272264176105e-02,2.369810983511327629e-01,7.827874346485544366e-02,-2.174359890969212311e-02,-7.309531256981992298e-02,-4.489476741588095676e-02,-1.374190088922650765e-01,-1.043969793109611743e-01,-6.938647839492381730e-02,-1.041378077662093865e-01,-7.888198757763975610e-02,-8.031189954868403480e-02,9.065195048929799992e-02,8.108941418293935666e-02,4.163278073193619339e-02,5.503373698556682930e-02,-3.786585638321640634e-02,1.743822333437597683e-01,1.445551633227579354e-02,8.412797712140845929e-02,2.142186871620715971e-02,-3.435363510433889211e-02,-1.218910585817060688e-01,-1.277313552884400683e-01,-1.001117118727378325e-01,-2.278609410608159469e-01,5.864873318736315427e-02,1.407703650744001056e-01,1.965190580454890812e-01,-2.232628803789266647e-01,-1.109030787792126549e-01
-3.253139103623933215e-01,-3.232047902051030097e-01,-1.992582331650207816e-01,0.000000000000000000e+00,-2.506367576746056369e-01,4.463514902363823200e-01,-2.996023057330532979e-01,8.270432101523750301e-01,-2.311095223200321583e-02,5.447428392689575016e-01,-1.528352473300862435e-01,-2.223110952232003334e-01,-2.437910541132311537e-01,2.527190669824389002e-01,-3.331203360293131799e-01,6.166495375128468875e-02,-1.936994503775861243e-01,-2.615398364538183001e-02,-2.210599222485365722e-01,-2.955047142410295313e-01,-1.577997229545556046e-01,-2.677822959024084848e-01,3.065016309933419891e-01,7.818445864426470937e-01,-7.944948389114794840e-02,1.717145538227802803e-01,-2.765539121497832542e-01,-2.187675946199562071e-01,-9.509361454935430502e-02,-5.669154117699629070e-02,-1.427543679342240523e-01,-4.049242593502837551e-01,-1.607265740202868665e-01,-2.586800125117297289e-01,-2.427454309844050140e-01,-1.574467134367040499e-01,-1.062111801242236059e-01,-1.163814290182760558e-01,5.177175030162205899e-02,-9.364136020376245817e-02,3.248134411725277920e-02,1.844675812145314675e-01,4.553375932794137201e-03,-1.239957102640868725e-01,-2.006300549622413998e-01,-2.595603020689039031e-01,-2.475490415121319177e-01,-1.901470128245229818e-01,-3.615800527280039200e-01,-2.135081996514589520e-01,-8.002591715447517073e-02,4.611466106617811284e-02,-6.798337727333661484e-02,-8.563832164082398057e-02,-2.764868850261406052e-01,-1.967469502658742708e-01,-2.437910541132311537e-01,-2.743241431699360855e-01,-2.651995174047097614e-01,-4.273113186469457703e-01,-2.225747352428615947e-02,-2.874659278788149752e-01,-1.579427141516600297e-01,-3.041556816658474438e-01,-4.197685329996871800e-02,1.274453728942311903e-01,-3.674784396085615801e-01,-4.376334956879217031e-01,-5.087358684480986631e-02,-2.384199472719960577e-01,-6.632110460699763843e-02,-3.355690602797265498e-01,-5.401045623128826467e-02,5.376469011126502190e-02,-1.043522945618660380e-01,-9.960677420796282266e-02,-1.846463202109120127e-01,-1.807408731399973156e-01,9.392734259797130836e-02,-2.748246123598016011e-01,-2.276732651146163855e-01,-4.319898118772063089e-01,-4.178738996380535475e-01,-2.144197685329996828e-01,-2.772554627105768832e-01,-3.270610840520130624e-01,-3.578756870280173641e-01,-2.348049510701997467e-01,4.990392778944546109e-02,-1.123955493989901300e-01,8.775637874793333626e-02,2.335269672460789092e-01,2.394030117520890011e-01,1.753921086733097878e-01,9.817239376200902201e-03,-4.819697037401134837e-02,1.307073595781759745e-01,1.079002636400196585e-01,1.141337861387908270e-01,2.401581840117967825e-01,-9.385584699941909581e-02,-8.058894499307386883e-02,-8.297957906966352271e-02,-3.174851423209258672e-02,9.128200545153938861e-02,1.873586844809866370e-01,-5.091380311899548761e-02,4.869743956387685008e-02,-2.697618302873229512e-02,5.348764466687519134e-03,-1.093882657848876255e-02,1.182269091559050855e-01,-8.936949819026766134e-03,-1.680459359220697890e-01,8.591983556012333656e-02,2.938156307252334787e-01
1.340944635595871237e-01,-7.672818267125429414e-02,1.916618258188480250e-01,-2.506367576746056369e-01,0.000000000000000000e+00,4.344787524018052793e-01,3.071629652799499552e-02,-2.172706555252692240e-01,6.073685151257876003e-01,2.944859019616604678e-01,1.036462755261629148e-01,-2.550113946110192376e-01,-7.962822288752849365e-03,-2.879038384199472667e-01,3.049197908753742414e-01,2.007462353098887486e-01,-4.620849903927789354e-02,-2.626927029804727587e-01,3.879932079181375171e-01,1.304526565083337086e-01,6.788328343536350618e-01,5.746994950623351972e-01,2.370883417489610678e-01,-2.310201528218418926e-02,7.574735242861611040e-01,5.633093525179856398e-01,8.641985790249787636e-01,8.559542428169265582e-01,-1.739398543277179410e-01,-3.068948567853791443e-01,5.331337414540416875e-01,4.590330220295812946e-01,-2.529693015773716303e-01,-3.621475490415121401e-01,-2.687340810581348438e-02,-1.959426247821618311e-02,2.860494213324992208e-01,-2.889315876491353394e-02,4.221189508020912196e-01,4.885249564323696503e-01,-3.074310737745207609e-03,-1.259707761740917753e-01,-3.329728763572992745e-01,-1.002859823942088557e-01,3.935385852808436641e-02,1.248089726976183006e-01,-2.908575003351356325e-01,-3.244872425041333552e-01,1.030162205639215400e-01,-2.129272979132222077e-01,-1.670137182179722013e-01,-3.662406720586263709e-01,-2.105143214620849856e-01,-3.078421734661959674e-01,-9.836900665802761345e-02,-1.181911613566289862e-02,6.475266991375842884e-02,1.454041735555654941e-02,-4.105187899369944909e-02,4.917109790428526861e-02,-4.883596228607176709e-02,-3.561374502882166428e-03,-1.262031368693864730e-01,-6.760355690602797007e-02,2.915277715715626217e-01,-2.346977076723714140e-01,1.172840609499977704e-01,-1.217346619598730917e-01,2.841950042450511749e-01,2.127351534921131382e-01,3.578667500781982924e-01,1.917467268421287896e-01,1.332365163769605454e-01,2.189105858170606322e-02,-5.169578622816033142e-02,-1.100138522722194853e-02,-1.866035122212788833e-01,-2.849323026051208685e-01,-3.678895393002368230e-02,4.318155413557352995e-01,1.095535993565396188e-01,4.632155145448858535e-01,3.080521917869430970e-01,1.164529246168282822e-01,5.623218195629831051e-01,2.388444523883998527e-01,7.144153000580901747e-01,4.652665445283524770e-01,4.108226462308414151e-01,3.668751954957772954e-01,-6.372760176951606237e-01,-4.314178470887886085e-01,-5.120559453058670663e-01,-4.019259126860002529e-01,-6.069529469592028353e-02,9.230528620581796018e-02,-2.934402788328343559e-01,-5.912686000268108782e-02,-5.273470664462218682e-01,-3.795433218642477180e-01,-9.218910585817061132e-02,-8.795299164395191382e-02,-1.060637204522096588e-01,-1.716609321238661279e-01,-3.151883462174359662e-01,-2.454577952544796382e-01,-5.609723401403100829e-02,-2.507261271727959095e-01,-2.935207113812056123e-01,-2.553509987041422957e-01,-1.686938647839492378e-01,-1.883819652352652085e-01,-2.058358282318244747e-01,-1.431878100004468357e-01,-2.414361678359175922e-01,-4.613253496581616597e-02
-3.056660261852629512e-01,-2.956298315384959241e-01,-7.862728450779749023e-02,4.463514902363823200e-01,4.344787524018052793e-01,0.000000000000000000e+00,-2.308905670494660056e-01,4.786228160328879766e-01,5.323070735957817767e-01,9.484963581929487519e-01,-4.045757183073417362e-02,-2.011752089012020239e-01,-1.930604584655257194e-01,1.021269940569283635e-01,1.940971446445328152e-01,5.318781000044684459e-01,-3.483310246212967254e-01,-2.616068635774609907e-01,-1.623396934626212054e-02,-1.639304705304079623e-01,3.257875687028017331e-01,3.117833683363868125e-01,3.485052951427677903e-01,5.574556503865231161e-01,5.019795343849143832e-01,7.926672326734884866e-01,2.244827740292238138e-01,3.038875731712766259e-01,-1.493945216497609418e-01,-2.626033334822824861e-01,4.055677197372536957e-01,4.870190803878636510e-02,-3.674337548594664438e-01,-4.917199159926716745e-01,-2.637070467849322863e-01,-2.475266991375843495e-01,1.661915188346217431e-01,-1.856204477411859399e-01,3.185620447741185912e-01,1.604495285758970602e-01,2.473122123419277119e-01,2.377362706108405166e-01,-2.158943652531390978e-01,-1.412753027391751293e-01,-1.662138612091693113e-01,-6.581616694222261477e-02,-4.287054828187139566e-01,-4.504446132534966063e-01,-1.050136288484740110e-01,-1.171500067027123615e-01,-1.123106483757093654e-01,-1.733678895393002406e-01,-2.654586889494615631e-01,-2.424639170651056719e-01,-3.812100630054962025e-01,-2.924929621520175327e-01,-2.125385405960945606e-01,-1.231467000312793242e-01,-1.713749497296572777e-01,-2.184548013762902807e-01,-3.885785781312837972e-02,-2.290763662362035880e-01,-1.828053085481924911e-01,-2.398141114437642440e-01,5.388533893382188578e-02,-1.404039501318199989e-01,-2.387952991643951806e-01,-4.731802135931006958e-01,1.729389159479869653e-01,-4.852763751731534181e-02,2.548013762902721080e-01,-2.875687028017337443e-01,-1.676571786049421350e-02,2.984941239554939757e-03,-1.705393449215782675e-01,-5.224987711693998560e-02,-9.914205281737342723e-02,-1.682872335671835307e-01,-1.389695696858662122e-01,-2.788328343536351089e-02,-3.541266365789356302e-02,-9.661289601858885634e-02,1.176996291165825076e-02,3.181107288082577617e-02,1.997944501541623896e-01,-1.610080879395862086e-01,1.908485633853165830e-01,2.466553465302292192e-01,3.027793913937173453e-01,-3.106930604584655364e-02,-3.549309620626480144e-01,-6.733991688636668804e-02,6.201349479422672839e-02,-2.328075427856472757e-02,-2.621654229411501946e-01,-2.382143974261584640e-01,-3.728093301756110756e-01,-2.911613566289825150e-01,-3.852719066982439045e-01,-2.070601903570311320e-01,-2.046650878055319700e-01,-2.652978238527190502e-01,-3.056615577103534709e-01,-3.504892980025917093e-01,-2.090084454175789863e-01,-1.404888511551007635e-01,-4.972518879306492973e-02,-2.164439876670092577e-01,-3.255820188569641394e-01,-3.722328969122838394e-01,-3.188480271683274414e-01,-2.712587693820099344e-01,-2.554224943026944805e-01,-3.450422270878948927e-01,2.822288752848652743e-02,2.267661647079851628e-01
6.342642656061485695e-01,6.433442066222798683e-01,7.708432012154251556e-01,-2.996023057330532979e-01,3.071629652799499552e-02,-2.308905670494660056e-01,0.000000000000000000e+00,-2.298315384959113417e-01,-8.405201304794673867e-02,-3.160328879753340203e-01,4.432056839000849124e-01,5.174806738460163702e-01,6.023414808525849873e-01,2.284150319495956150e-01,2.302247642879485245e-01,-4.823271817328745464e-02,4.449439206398855817e-01,4.264712453639573075e-01,6.371911166718798869e-01,5.773001474596720639e-01,6.986907368515125893e-02,2.713704812547477682e-02,2.440591626078019438e-01,-2.710576880110818210e-01,-3.295053398275168965e-02,-1.514812994325036820e-02,2.812011260556772016e-02,-1.513025604361231506e-02,2.718709504446132352e-01,2.237946288931587646e-01,3.800616649537512659e-01,6.063362974216899293e-01,4.039009785960051557e-01,4.030519683631976213e-01,2.115956923901872178e-01,2.216274185620447645e-01,-2.888511551007640898e-01,-2.550113946110192376e-01,-3.250413333929130233e-01,-1.543679342240493191e-01,1.902497877474418064e-01,1.104204834889852133e-01,-5.127128111175655728e-02,1.548773403637338647e-02,4.963581929487465710e-02,-7.836364448813619432e-02,1.328522275347423787e-01,6.929264042182403660e-02,-8.148710844988604762e-02,-2.703606059251977278e-01,-3.400330667143304231e-01,-5.198757763975154766e-01,-1.120648822556861296e-01,-2.352517985611510820e-01,-1.050091603735645029e-01,-1.719245721435274099e-01,5.973233835292014460e-01,4.975334018499485977e-01,2.069663523839313513e-01,8.385986862683765530e-02,-1.936190178292148886e-02,3.285669600965190895e-02,2.339425354126636603e-01,1.866660708700120519e-01,6.157558425309441787e-03,-1.536395728137986416e-01,2.184816122257473570e-01,2.386657133920193075e-01,3.996961437061530842e-01,2.404486348809151408e-01,-7.530273917511953741e-02,4.870190803878636510e-02,1.769784172661870436e-01,7.484248625943965005e-02,2.220876714777246519e-01,1.275436793422405068e-01,9.065641896420752188e-02,4.838911479512042479e-02,2.319585325528396996e-02,5.574422449617945363e-02,2.239018722909870973e-01,-2.082309307833236575e-02,2.474641404888511531e-01,-1.961213637785423972e-02,-3.699897225077081273e-03,-2.547566915411769717e-01,9.197461906251395980e-02,4.677152687787657775e-02,-2.608159435184771446e-01,-2.581259216229500608e-01,7.255909558067831500e-02,-1.714062290540238620e-01,-9.440546941328924191e-02,-1.310693060458465453e-01,-5.973010411546539333e-02,-9.809642968854730138e-02,-7.221055453773626842e-03,-2.774922918807811063e-03,1.650609946825148666e-01,-5.585593636891729268e-03,-1.039814111443764233e-01,-1.591760132266857308e-01,5.617319808749273585e-02,-1.088475803208364956e-01,8.990571517940927279e-03,-1.294785289780597815e-01,-8.302426381875865902e-02,8.668841324455963879e-03,-1.599714017605791084e-03,6.334510031726171830e-02,-1.853031860226104777e-01,-5.638768488314938043e-02,6.939541534474283346e-02,2.689128200545153891e-01,-1.252021984896554696e-01,-2.630859287725099693e-01
-2.693909468698333365e-01,-3.321149291746726684e-01,-1.923186916305464900e-01,8.270432101523750301e-01,-2.172706555252692240e-01,4.786228160328879766e-01,-2.298315384959113417e-01,0.000000000000000000e+00,4.539970508065597349e-03,5.971893292819160370e-01,-1.719603199428035301e-01,2.034943473792394722e-02,-2.494883596228607281e-01,5.538227802850886894e-01,-6.817105321953617625e-02,2.640913356271504808e-01,-2.983556012332990726e-01,3.744581974172214982e-03,-1.419634478752401785e-01,-1.853478707717056140e-01,-1.739532597524464930e-01,-3.069618839090218487e-01,2.680414674471602865e-01,6.569730550962956661e-01,1.593905000223423685e-02,2.322311095223200395e-01,-3.449394521649760681e-01,-2.754993520711381261e-01,-8.192501899101836682e-02,1.040886545422047421e-01,-1.028642924169980745e-02,-4.075919388712632152e-01,-1.297108896733544792e-01,-2.230841413825461472e-01,-3.225613298181330690e-01,-2.559810536663836844e-01,7.712587693820099378e-03,-9.138924884936770743e-02,6.035122212788775198e-02,-6.975736181241341816e-02,1.793645828678671894e-01,2.279011573350015751e-01,-9.312301711425890680e-03,-1.092810223870592928e-01,-3.079672907636623602e-01,-3.310469636712989883e-01,-3.680593413467983521e-01,-3.269136243799991015e-01,-4.276062379909736921e-01,-2.293936279547790225e-01,-2.292506367576745974e-01,-4.221368247017293074e-02,-2.280664909066535684e-01,-2.203092184637383266e-01,-3.739979445015416126e-01,-3.795522588140667342e-01,-2.321417400241297668e-01,-2.372089905715179525e-01,-1.179364582867867134e-01,-3.465838509316770399e-01,6.389025425622235632e-02,-2.553554671790517760e-01,-5.211135439474507552e-02,-1.729076366236203532e-01,-1.999150989767192466e-01,8.898967782295902351e-02,-4.649805621341436268e-01,-4.940435229456186517e-01,-4.100719424460431972e-02,-2.869967380133160439e-01,9.865945752714598560e-02,-3.765807229992403360e-01,-5.423387997676393235e-02,1.427141516600384241e-01,7.368515125787568343e-02,6.843916171410698024e-02,-1.202511282899146466e-01,-7.303722239599624855e-02,5.060100987532954731e-02,-2.318825684793779929e-01,-7.956119576388578918e-02,-3.348004825952902164e-01,-3.202690021895527317e-01,-1.626346128066490926e-01,-2.835738862326288023e-01,-4.574109656374279465e-01,-3.755887215693283765e-01,-1.585817060637204623e-01,-1.002725769694803176e-02,-2.380892801286920712e-01,9.352071138120560123e-02,2.413959515617319918e-01,4.592162295008713757e-01,2.181688189820814028e-01,-1.053487644666875195e-01,-1.706019035703114639e-01,1.881227936905134276e-03,-1.096206264801823094e-01,3.113186469457973962e-02,1.738370794047991441e-01,-4.835336699584431852e-02,-2.039814111443764288e-01,-1.957326064614147154e-01,-1.988828812726216588e-01,-3.115420706912730778e-02,-6.849278341302113271e-02,-1.791903123463961800e-01,-1.342776710308771562e-02,-4.477411859332409982e-02,-1.236873854953304472e-02,-1.776486885026140605e-01,-2.574288395370660093e-02,-5.619554046204030401e-02,-2.060056302783859761e-01,2.577505697305509380e-01,2.218955270566155824e-01
-2.518879306492693981e-01,-3.183967112024665980e-01,-2.720407524911747782e-02,-2.311095223200321583e-02,6.073685151257876003e-01,5.323070735957817767e-01,-8.405201304794673867e-02,4.539970508065597349e-03,0.000000000000000000e+00,4.439340453103355899e-01,-3.286563295947093205e-02,-1.231109522320032179e-01,-2.057732695830912784e-01,-5.205326422092140110e-02,2.423790160418249351e-01,2.266187050359712296e-01,-6.180347647347959883e-02,-1.373877295678984645e-01,3.556459180481701815e-02,-2.326734885383618598e-02,3.801823137763081228e-01,2.693373251709191840e-01,2.586978864113678167e-01,2.925599892756602372e-01,6.999508467759953945e-01,5.913266902006345527e-01,4.060860628267572436e-01,4.265784887617856125e-01,-8.137092810223871264e-02,-3.370570624245944891e-01,4.128289914652129022e-01,2.499396755887215715e-01,-1.707314893426873370e-01,-2.657267974440323255e-01,-6.859555833593994345e-02,-6.543634657491398388e-02,9.190312346396174725e-02,-1.901514812994324899e-01,3.652531391036239472e-01,3.476026632110460479e-01,2.064882255686134246e-02,-5.115063228919969340e-02,3.413021135886321750e-02,1.726171857545019950e-01,1.830555431431252489e-01,2.282318244783055616e-01,-1.702265516779123411e-01,-2.368604495285759060e-01,2.495821975959605088e-01,6.478841771303453512e-02,9.567004781268153082e-03,-2.093480495107019959e-02,-1.478305554314312542e-01,-1.083381741811519777e-01,-5.192367844854550718e-03,5.318378837302828455e-02,-3.640377139282363061e-01,-1.624156575360829469e-01,-1.305822422807095817e-01,4.252647571383886410e-02,-1.624916216095446675e-01,1.966575807676839913e-02,-1.063765136958755991e-01,7.699182269091558659e-03,1.218061575584253042e-01,3.678448545511416728e-02,-3.163680235935475288e-02,2.826310380267214872e-02,-1.268242548818088455e-01,-1.122212788775191067e-01,2.789758255507395202e-01,4.806291612672594638e-02,1.179185843871486672e-01,-4.486348809151436204e-03,-1.475266991375843439e-01,5.777738058000803957e-03,1.264131551901336026e-02,-6.166495375128468875e-02,3.189597390410652683e-02,1.050940613968452536e-01,8.516913177532508747e-03,1.218821216318870387e-01,-3.201662272666339071e-02,-1.199293980964296902e-01,2.341614906832298060e-01,1.530452656508333661e-02,4.481165378256400933e-01,3.801689083515796264e-01,3.735466285356807692e-01,1.546271057688011208e-01,-3.696545868894945963e-01,-2.744358550426739263e-01,-2.920505831359757054e-01,-2.963001027749229133e-01,-2.705438133964877534e-01,-1.385137852450958607e-01,-4.757495866660708672e-01,-3.052370525939496759e-01,-3.464855444836677512e-01,-2.925018991018365488e-01,-3.437150900397694525e-02,-7.670584029670673987e-02,9.294427811787837543e-03,-1.155681665847446277e-01,-1.549533044371955715e-01,-3.455918495017650666e-02,-5.786228160328879544e-02,-4.072478663032307322e-01,-2.214486795656642470e-01,-3.051164037713928190e-01,-4.013539478975825525e-01,-2.432146208499039175e-01,-2.626122704321015230e-02,-1.741275302739175024e-01,1.164484561419187707e-02,2.232137271549220203e-01
-3.745028821663166085e-01,-3.692390187229098730e-01,-1.739532597524464930e-01,5.447428392689575016e-01,2.944859019616604678e-01,9.484963581929487519e-01,-3.160328879753340203e-01,5.971893292819160370e-01,4.439340453103355899e-01,0.000000000000000000e+00,-1.181911613566289793e-01,-1.699584431833415232e-01,-2.503463068054873064e-01,2.089190759193887137e-01,1.868358729165735810e-01,6.093033647616068471e-01,-4.496492247196032244e-01,-2.839626435497564771e-01,-1.220072389293534176e-01,-2.268063809821707910e-01,1.928280977702310217e-01,2.034183833057777446e-01,2.872514410831583098e-01,6.042495196389472412e-01,3.874123061799008005e-01,6.529201483533669803e-01,9.463336163367443155e-02,1.723356718352026529e-01,-1.316680816837213497e-01,-2.444211090754725424e-01,2.379284150319495861e-01,-1.446355958711291745e-01,-3.653916618258188365e-01,-4.878100004468474693e-01,-3.515662004557844611e-01,-3.127664328164797558e-01,1.377452075606595550e-01,-1.822914339335984513e-01,2.669824388936056225e-01,1.238795299164395236e-01,2.084990392778944546e-01,2.626390812815586062e-01,-1.447696501184145834e-01,-9.765405067250547411e-02,-2.397694266946691077e-01,-1.369632244514946973e-01,-3.934804951070199897e-01,-3.783547075383171809e-01,-1.557755038205460574e-01,-7.729121050985299224e-02,-1.222351311497385934e-01,-9.391840564815229220e-02,-2.625229009339112296e-01,-2.410920952678850815e-01,-3.941284239688994107e-01,-3.193753072076500055e-01,-3.388802001876759507e-01,-1.937620090263193207e-01,-1.520890120201975060e-01,-2.035926538272487540e-01,-3.243665936815764983e-02,-2.440636310827114797e-01,-1.551856651324902692e-01,-2.489342687340810600e-01,-5.899727423030519391e-02,-1.269895884534608388e-01,-3.137986505205773158e-01,-5.121095670047812742e-01,3.882657848876178847e-02,-1.853478707717056140e-01,1.750390991554582332e-01,-3.492738728272040682e-01,-7.835917601322668624e-02,-1.112203404977881067e-02,-7.434201706957414835e-02,1.076455605701773927e-02,-1.232852227534742412e-01,-1.571249832432190796e-01,-2.050359712230215847e-01,-1.497832789668885889e-01,-1.305152151570669050e-01,-1.348719781938424456e-01,-3.997944501541624007e-02,7.295678984762500596e-02,7.142857142857142461e-02,-1.703784798248357824e-01,9.745296930157737458e-02,1.954957772912105096e-01,2.172393762009026397e-01,-8.243442513070288469e-02,-2.407658965994906031e-01,2.944278117878368004e-02,1.795254479646096746e-01,6.475713838866795080e-02,-2.713570758300192232e-01,-2.748201438848920652e-01,-3.538808704589123666e-01,-2.899146521292282896e-01,-3.069395415344742806e-01,-1.807319361901782995e-01,-1.615443049287278166e-01,-2.010769024531927351e-01,-2.900933911256088349e-01,-2.800303856293847038e-01,-1.855623575673622516e-01,-1.085258501273515391e-01,-2.694043522945618538e-02,-2.076053442959917839e-01,-2.414272308860985761e-01,-3.006389919120603937e-01,-3.064167299700611968e-01,-2.489700165333571524e-01,-2.455605701773984628e-01,-3.490147012824523221e-01,6.726395281290495354e-02,2.320523705259394942e-01
5.000536216989142080e-01,3.825595424281692525e-01,5.144778587068233877e-01,-1.528352473300862435e-01,1.036462755261629148e-01,-4.045757183073417362e-02,4.432056839000849124e-01,-1.719603199428035301e-01,-3.286563295947093205e-02,-1.181911613566289793e-01,0.000000000000000000e+00,3.510433888913713774e-01,5.178113409893203567e-01,1.134367040529067477e-01,8.101345010947763603e-02,-1.641360203762455838e-01,5.193842441574690882e-01,3.609008445417579147e-01,4.097948970016533354e-01,5.332812011260557039e-01,9.409714464453282357e-02,2.405826891282005289e-02,-7.213459046427454779e-02,-9.115241967916350163e-02,1.278922203851825257e-01,1.276732651146163799e-01,1.448277402922382717e-01,6.869386478394923223e-02,4.521515706689306913e-01,1.347557978461950967e-01,2.863264667768890548e-01,3.930604584655257305e-01,9.822154698601368028e-02,1.896822914339335864e-01,2.397068680459359113e-01,3.632914786183475409e-01,-2.075695964967156637e-01,-2.572188212163188936e-01,-2.030698422628356981e-01,-1.032664551588542839e-01,2.112248089726976308e-01,2.469323919746190532e-01,2.050583135975691390e-02,7.712587693820099378e-03,1.904910853925555203e-01,5.349211314178470983e-02,2.404039501318200045e-01,5.471647526699137398e-02,1.773582376334956745e-01,9.870861075115062999e-02,-1.597166986907368469e-01,-2.711515259841815739e-01,5.974797801510344647e-02,-1.846329147861834885e-01,1.037579873989007487e-02,-4.191876312614504357e-02,4.551543858081236738e-01,2.451003172617185755e-01,9.459761383439832527e-02,1.577595066803699764e-01,-2.644398766700924996e-01,-1.186290718977612985e-01,3.992135484159256564e-01,1.953215067697395002e-01,-1.204298672862951919e-01,-2.469770767237141895e-01,-1.783368336386791098e-02,1.362303945663345117e-01,3.844675812145315064e-01,3.524867062871441803e-01,-4.233879976763930270e-02,7.999910630501809450e-02,1.607801957192010467e-01,8.332812011260556928e-02,1.899280575539568361e-01,2.102774922918807798e-01,-1.076455605701773927e-02,-2.578310022789221875e-02,-5.578444077036507492e-02,-5.915367085213816406e-02,2.989856561955404612e-01,-1.819026766164708042e-01,2.933955940837392196e-01,-2.168997721077796023e-02,1.640332454533267870e-01,-3.494794226730416759e-02,2.256981992046114549e-01,5.883640913356271568e-02,-1.595692390187228998e-02,-4.506456946244246503e-02,-4.946601724831314884e-03,-2.221591670762768644e-01,-1.554001519281469346e-01,-2.784887617856025566e-01,-1.010322177040975933e-01,-2.202466598150051302e-01,-2.032485812592162433e-01,-8.938290361499620640e-02,5.384065418472674946e-02,-4.964922471960320216e-02,2.311586755440368235e-01,3.230707359578176285e-02,3.141561285133384063e-01,1.329147861834755751e-01,1.931677018633540244e-01,7.872559095580677901e-02,-1.019303811609097860e-01,1.386165601680146575e-01,2.565798293042584680e-02,-1.189865498905223612e-01,-2.680280620224317345e-01,-7.682202064435408873e-02,1.770052281156441198e-01,2.570132713704812444e-01,-1.697126770633183013e-01,-5.055632512623441793e-02
3.145225434559185129e-01,5.304884043076097955e-01,3.228160328879753349e-01,-2.223110952232003334e-01,-2.550113946110192376e-01,-2.011752089012020239e-01,5.174806738460163702e-01,2.034943473792394722e-02,-1.231109522320032179e-01,-1.699584431833415232e-01,3.510433888913713774e-01,0.000000000000000000e+00,2.642700746235309706e-01,5.616202690021895316e-01,3.291433933598462702e-01,9.323026051208722909e-02,2.024129764511372331e-01,5.085079762277134874e-01,2.350819965145895807e-01,3.873229366817105279e-01,-1.671567094150766264e-01,-2.376022163635551077e-01,-1.252066669645650054e-01,-1.482327181732874533e-01,-1.974261584521203039e-01,-1.320210912015729043e-01,-3.802404039501318112e-01,-4.169355199070557405e-01,3.087939586219223265e-01,4.153626167389070090e-01,1.106528441842799110e-01,2.021761472809330273e-01,2.790473211492917605e-01,3.520800750703784732e-01,2.963492559989275646e-02,7.511506322891997600e-02,-2.385495330443719586e-01,-2.464497966843916255e-01,-2.971714553822780158e-01,-1.843916171410697469e-01,3.524420215380490440e-01,1.833504624871531430e-01,-1.228830600116180257e-03,-2.424147638411010275e-02,-1.005898386880557660e-01,-2.072121185039546010e-01,2.097948970016533243e-02,-1.629652799499530652e-02,-8.952589481210063149e-02,-4.771884355869341482e-02,-2.628625050270342878e-01,-2.152374994414406328e-01,-2.008221993833504693e-01,-1.359176013226685853e-01,-1.369721614013137412e-01,-2.547656284909960434e-01,2.170248894052460020e-01,4.733276732651146013e-01,2.886456052549264961e-01,3.165735734393851364e-01,1.984002859823941981e-03,2.156441306582063677e-01,5.211939764958219978e-01,4.607757272442914998e-01,-2.938513785245095988e-01,2.232003217301934891e-02,-7.856025738415478576e-02,1.591804817015952389e-01,1.038384199472719982e-01,-5.076187497207203247e-02,-1.468787702757048952e-01,-4.120827561553241924e-02,8.311363331694892470e-03,-1.106394387595513590e-01,1.969614370615309085e-01,1.461325349658161576e-01,1.431207828768041590e-01,1.827025336252736942e-01,-1.311854863934938942e-01,-1.876223245006479190e-01,1.429643862549711819e-01,-1.809687653603825053e-01,-2.434425130702891002e-02,-4.579293087269314944e-02,-2.783457705884981315e-01,-2.737834577058849694e-01,-1.290138075874703860e-01,-1.599267170114839973e-02,-2.879976763930470751e-01,-2.935430537557531805e-01,2.045623128826131731e-01,8.671522409401671849e-02,1.875999821261003508e-01,8.869922695384065137e-03,-6.708521381652442217e-02,-2.158988337280486058e-01,-1.743464855444836759e-01,-1.635863979623754516e-01,1.365565932347289901e-01,3.207024442557755012e-02,2.277134813888020137e-01,4.408150498234952169e-02,2.287903838419947378e-01,1.179632691362438035e-01,-2.400464721390589348e-02,-5.994459091112203097e-02,-1.195853255283971517e-01,-3.504178024040394829e-02,3.206845703561374550e-01,1.534608338174181241e-01,-3.833593994369721702e-01,-2.487421243129719906e-01,7.583895616426113151e-02,1.998212610036194659e-01,6.929710889673354468e-02,-1.434693239197461778e-01
4.528620581795433364e-01,3.545198623709727714e-01,6.376469011126502107e-01,-2.437910541132311537e-01,-7.962822288752849365e-03,-1.930604584655257194e-01,6.023414808525849873e-01,-2.494883596228607281e-01,-2.057732695830912784e-01,-2.503463068054873064e-01,5.178113409893203567e-01,2.642700746235309706e-01,0.000000000000000000e+00,2.537334107868984279e-01,2.733812949640287981e-01,-1.824031458063362851e-02,3.899280575539568194e-01,2.961526431029089523e-01,4.488046829617051703e-01,4.304169087090575774e-01,-5.960945529290852946e-03,-5.849233656553018412e-02,1.870592966620492348e-01,-2.216721033111399008e-01,1.092095267885070768e-02,4.050225657982930300e-02,3.643147593726261263e-02,-5.860404843826801796e-02,2.812011260556772085e-01,2.914830868224674854e-01,4.156262567585682910e-01,4.684570356137450209e-01,3.053398275168685005e-01,3.602261048304213897e-01,4.517136601277983998e-01,4.919478082130568919e-01,-1.961526431029089745e-01,-1.191831627865409526e-01,-3.348362303945663365e-01,-2.233343759774788773e-01,2.263550650163099198e-01,2.664775012288306266e-01,9.205058313597569257e-04,1.847937798829259459e-01,1.060905313016667351e-01,9.199696143706152796e-02,2.018991018365431933e-01,2.376781804370168560e-01,7.109343581035793003e-02,-5.471647526699137398e-02,-5.868448098663926055e-02,-2.780821305688368494e-01,7.991867375664685191e-02,-1.846418517360025047e-01,4.008221993833504387e-02,7.605344295991778303e-02,6.132847759059832926e-01,2.973859421779346812e-01,1.568479377988292733e-01,-4.985477456544081670e-02,-2.824076142812458057e-03,-1.253854059609455299e-02,1.319227847535636156e-01,-4.055140980383395433e-02,1.000044684749095136e-01,-1.100764109209526748e-01,3.401805263863443285e-01,3.498815854148978888e-01,4.766254077483355056e-01,3.188793064926940257e-01,1.722194914875553040e-01,7.075383171723491349e-02,2.445328209482103832e-01,3.380177845301398643e-01,3.096116895303632766e-01,1.279413736091871978e-01,2.922918807810894193e-01,1.875463604271861984e-01,3.541266365789356302e-02,2.990303409446356045e-02,3.298002591715447629e-01,-6.713436704052906656e-02,3.921801689083515563e-01,2.867420349434737781e-02,2.294070333795075745e-01,-1.815451986237097415e-01,1.289646543634657416e-01,1.423656106170963914e-02,-2.671924572143527521e-01,-2.363644488136198984e-01,2.444345145002010944e-01,-1.451271281111756462e-01,2.572054157915903277e-02,-1.218061575584253042e-01,-5.197283167255015851e-02,-3.975155279503105737e-02,-1.301219893650297152e-02,1.240761428124581012e-01,2.586800125117297289e-01,1.410518789936994477e-01,-6.597703203896509994e-02,-2.201930381160909778e-01,-3.240091156888154356e-02,-1.806470351668975349e-01,1.805397917690692300e-01,-7.163858974931855417e-02,-6.197774699495062212e-02,2.886634791545645336e-03,9.300683676661156141e-02,9.200142991197104991e-02,-4.563653425086017928e-02,7.316680816837213552e-02,1.866794762947406039e-01,4.628714419768533150e-01,1.850395460029492095e-02,-2.023951025514991731e-01
