0.000000000000000000e+00,3.082532731578712104e-01,3.500737298360069860e-01,-1.726171857545020019e-02,1.381607757272442782e-01,-1.185843871486661621e-01,4.768175521694445473e-01,2.522007238929353523e-01,2.941328924438089132e-01,-1.467581214531480382e-01,6.487376558380624214e-01,9.100496000714955458e-02,6.692881719469144786e-01,1.800259171544751902e-01,3.273157871218553283e-01,-5.059654140042003923e-02,-1.856696009651905843e-01,-2.749139818579918737e-01,6.965905536440413215e-01,5.272174806738459951e-01,-4.310424951963894857e-01,-3.231913847803744577e-01,2.416998078555789020e-02,-2.422315563698109742e-01,-1.361812413423298673e-01,-3.710621564859913346e-01,9.736806827829661351e-03,-4.877340363733857764e-02,8.749273872827204729e-03,-4.306269270298047208e-02,-3.174359890969212228e-01,-2.403279860583582839e-01,3.643907234460878608e-01,2.484025202198489671e-02,-7.851110416015014137e-02,-2.256669198802448706e-01,-9.907055721882121468e-02,-3.098127709012913900e-01,-2.214218687162071708e-01,6.186603512221278828e-02,-4.599848071853076398e-02,-9.510255149917333506e-02,-6.446221904464007058e-02,-4.165065463157424652e-02,-1.030787792126547225e-01,-4.619062513963984040e-02,-1.444300460252915808e-01,-2.336208052191786899e-01,-3.132400911568881258e-02,3.631976406452477879e-02,2.349658161669422318e-01,1.497966843916171409e-01,1.319987488270253292e-02,-2.731131864694579664e-02,7.150900397694266719e-02,-1.452254345591849453e-03,3.398587961928593582e-01,3.061754323249474830e-01,6.142991197104428203e-01,4.502435318825684929e-01,7.086822467491844524e-01,7.032932660083113241e-02,5.375575316144599707e-03,-9.752446490012958713e-02,1.208096876536038228e-01,-4.084275436793422531e-01,-2.496536931945127213e-02,-1.189731444657938231e-01,5.325573081907145623e-01,4.437329639394074765e-01,4.137405603467536608e-01,2.965101210956700428e-01,3.374011349926270276e-01,3.608248804682961941e-01,1.867599088431118326e-01,-7.162965279949953280e-03,4.157022208320300116e-01,3.830063899191206156e-01,-2.664953751284686589e-01,9.822601546092318836e-02,-2.233343759774788773e-01,-2.016667411412484956e-01,-3.384378211716341234e-01,-5.990884311184592470e-02,2.602439787300594304e-02,-1.618034764734795905e-01,-1.876312614504669629e-01,-1.517762187765315796e-01,-2.048840430760981157e-01,-5.926985119978551292e-02,-4.586755440368202597e-01,-2.349524107422136798e-01,-5.052728003932257517e-01,-1.260556771973725398e-01,-2.600160865096742269e-01,-2.276285803655212492e-01,-1.265472094374190011e-02,-7.225523928683140473e-02,7.257696948031636119e-02,2.726127172795924647e-01,1.523615889896778319e-01,1.017024889405245963e-01,-2.753027391751195277e-02,-3.107824299566558021e-02,4.964922471960320216e-02,1.199651458957057965e-01,1.304213771839671243e-01,2.858885562357567633e-01,-9.964252200723892894e-02,-3.957951651101478951e-01,-2.911881674784396190e-01,-4.074355422494302381e-02,4.227624111890612019e-02,1.137271549220251060e-01,1.440502256579829221e-01,-3.047499888288127123e-01
3.082532731578712104e-01,0.000000000000000000e+00,-1.029402564904598055e-01,2.963179766745609456e-01,3.833057777380580178e-02,1.851289155011394752e-02,-4.781268153179319552e-02,1.357522677510165643e-01,-2.562759730104115508e-01,-7.750122883060012180e-02,4.830421377183966893e-03,2.619866839447696494e-01,-8.930693954153447189e-02,1.363778542383484449e-01,-1.506054783502390748e-01,-1.456901559497743304e-01,2.384333526967246097e-01,3.520398587961928727e-01,4.075025693730729426e-01,7.501005406854640567e-01,-1.789668886009204984e-01,-1.120604137807766215e-01,-1.235086464989499089e-01,6.800571964788418300e-02,2.150230126457839883e-02,-1.208543724026989591e-01,-1.836990035300951896e-01,-2.694043522945618538e-02,1.210107690245319223e-01,8.226015460923187528e-02,1.043254837124089479e-01,1.557486929710889811e-01,4.141650654631574002e-01,5.504580186782250806e-01,-4.672684212878144838e-02,-7.082085884087760408e-02,-1.892577863175298192e-01,-2.801510344519415607e-01,-5.037758612985387963e-02,-6.542294115018544576e-02,2.940256490459806048e-03,2.559944590911121809e-01,5.240627373877295575e-02,1.212163188703695438e-01,1.227311318646945731e-01,3.421511238214397510e-01,-8.318959739041065227e-02,1.799007998570088113e-02,1.853702131462531821e-01,9.981232405380044415e-02,4.794673577907859752e-02,-1.408016443987667073e-02,-2.896912283837526150e-02,8.435586934179364893e-02,4.388042361142142217e-03,-4.724965369319451131e-02,7.571205147683095493e-01,7.907189776129407432e-01,4.081951829840475138e-02,3.634657491398185503e-02,1.584789311408016377e-01,-4.946601724831314884e-02,4.391080924080611458e-01,4.141069752893337674e-01,-3.463827695607489265e-01,-3.677465481031323979e-01,-1.656597703203896432e-01,1.721703382635506388e-02,3.539300236829170387e-01,5.079672907636623158e-01,1.730059430716296420e-01,6.900665802761517253e-02,5.313195406407793531e-01,5.780419142946512379e-01,2.633763796416282998e-01,2.848161222574735474e-01,3.721614013137315990e-01,4.698869475847893273e-01,-9.503105590062112251e-02,9.747531167612494274e-02,3.129496402877697814e-01,4.549577729121050962e-01,-1.682380803431788793e-02,1.104562312882613195e-01,-3.840207337235801432e-02,3.268734081058135010e-01,-1.607265740202868665e-01,3.579695250011170893e-02,-3.981679252870994890e-01,9.657267974440324199e-02,-5.051476830957594144e-01,-5.478216184816122603e-01,-4.521873184682068114e-01,-5.157513740560346616e-01,-3.235533312480450285e-01,-3.439697931096116768e-01,-8.792171231958532951e-02,-3.480941954510925751e-02,2.053621698914160631e-01,-1.833281201126055748e-01,6.593234728986996362e-02,-2.989856561955404543e-02,1.682380803431788793e-02,-6.187497207203181832e-02,-1.584878680906206816e-01,-9.349836900665803308e-02,2.663211046069976357e-02,3.200411099691675143e-01,-2.623486304124402202e-01,-3.764824165512310472e-01,-1.966754546673220305e-01,-1.240806112873676231e-01,-5.786675007819831046e-02,-8.712632378569194758e-02,-1.370659993744135219e-01,-2.440010724339782833e-01
3.500737298360069860e-01,-1.029402564904598055e-01,0.000000000000000000e+00,2.074042629250636705e-01,3.972250770811922016e-01,-5.718754189195227738e-02,8.797041869609901754e-01,-7.238929353411679979e-02,2.874257116046293192e-01,-1.151436614683408605e-01,2.040484382680191333e-01,-4.988605388980740796e-01,4.055275034630680397e-01,-1.794003306671433096e-01,2.346485544483667696e-01,-1.080968765360382500e-01,-2.522900933911256249e-01,-2.853344653469770953e-01,3.815943518477143970e-01,2.547477545913579694e-02,-3.547075383171723328e-01,-2.679029447249653417e-01,5.797220608606282743e-01,4.165780419142946500e-01,3.247776933732516857e-01,2.833325885875150885e-01,2.716877429733232097e-01,1.404754457303722115e-01,-1.612717279592475184e-01,-2.664506903793735226e-01,-1.074936324232539375e-01,4.902363823227132850e-02,3.213280307431073957e-01,-2.093703918852495571e-01,4.430135394789758152e-01,8.268465972563564248e-02,1.072389293534116855e-01,-7.374324143169935786e-02,-4.166406005630278464e-02,1.921131417847088685e-01,-1.079270744894767348e-01,-8.294383127038741643e-02,7.001653335716520599e-02,1.271281111756557454e-02,5.928325662451405104e-02,-1.112560882970642095e-01,-9.155011394611019260e-02,-2.183252156039143799e-01,-9.332409848518700979e-02,-1.518343089503552401e-01,3.733857634389382840e-02,-1.616828276509227336e-01,-2.225657982930425716e-01,-3.390946869833326160e-01,-7.044997542338800323e-02,-1.916484203941195008e-01,6.057911434827293468e-02,-5.219178694311631117e-02,3.647616068635774894e-02,-1.332365163769605454e-01,-7.574064971625184099e-03,-1.601054560078645217e-01,-3.246927923499709490e-01,-5.095625363063586155e-01,6.205013628848473628e-01,1.657536082934894239e-01,3.088922650699316153e-01,-6.995844318334153156e-02,3.643236963224451563e-01,2.528307788551767410e-01,2.801689083515795931e-01,2.441887483801778447e-01,-1.774431386567764529e-02,5.258054426024397904e-02,6.587872559095581115e-02,-1.249072791456276033e-01,2.082532731578712049e-01,2.492962152017516586e-02,-2.025514991733321501e-01,-4.247732248983421971e-02,-1.996380535323294125e-01,-2.978149157692479565e-01,-1.783055543143125254e-01,-2.689843156530676294e-01,9.531703829482997270e-02,-4.263282541668528269e-01,1.408418606729523181e-01,2.971088967335448403e-02,-8.500826667858260577e-02,-5.773001474596720639e-01,-1.445283524733008695e-01,-3.227132579650564964e-02,-1.907413199874882781e-01,3.208722463023370164e-01,-1.410608159435184639e-01,-2.481344117252781700e-01,1.944233433129273145e-02,-1.027883283435363504e-01,-2.791143482729344649e-01,2.654452835247330111e-01,-4.105187899369944909e-02,1.870727020867777868e-01,-1.045623128826131572e-02,8.100004468474909791e-02,2.210152374994414359e-01,2.332320479020510429e-01,-3.970686804593592106e-02,1.384422896465436481e-01,-5.458688949461548701e-02,-3.680235935475222320e-01,-2.601009875329550192e-01,-6.133428660798069532e-02,1.133428660798069670e-01,2.724250413333929033e-01,2.504222708789490270e-01,-4.641404888511550808e-02
-1.726171857545020019e-02,2.963179766745609456e-01,2.074042629250636705e-01,0.000000000000000000e+00,-1.127932436659368209e-01,4.187497207203181304e-01,2.186380088475803340e-01,6.252960364627552226e-01,-1.401179677376111488e-01,4.532999687206756279e-01,-1.779257339470038946e-01,-1.444211090754725368e-02,-2.275749586666070967e-01,1.422360248447205044e-01,-3.798382412082756399e-01,2.197193797756825662e-01,-4.681621162697171407e-02,8.672862951874525661e-02,9.965592743196746706e-02,2.501809732338353132e-01,-4.535412663657893417e-01,-3.401939318110728805e-01,9.474954198132178040e-02,3.712408954823718799e-01,1.659144733902319091e-01,1.699673801331605394e-01,-2.902497877474418120e-01,-9.988381965235265669e-02,-7.281826712543008895e-02,-2.730238169712676920e-03,1.944680280620224300e-01,4.159703293266008295e-01,2.616649537512846790e-01,4.524018052638634213e-01,2.989007551722597245e-01,3.583672192680638080e-01,-3.216676348362303983e-01,-1.055453773627061109e-01,-2.249206845703561330e-01,-6.179900799857009075e-02,-3.075427856472585653e-01,8.810491979087536896e-02,5.350105009160373293e-02,-1.356226819786406912e-01,8.755529737700522286e-02,1.006747397113365132e-02,-3.848518700567496453e-01,-3.585995799633585057e-01,-1.530720765002904493e-01,-3.175968541936636802e-01,-3.607578533446534896e-01,-3.601546092318691494e-01,-4.902944724965369594e-01,-4.360471870950444750e-01,-4.891639483444300551e-01,-3.286607980696188425e-01,2.629965592743196967e-01,2.956745162875910604e-01,-8.722016175879172828e-02,-3.670852138165243972e-02,3.430448188033424078e-02,4.810000446847491062e-01,3.618570981723937680e-02,8.515125787568703086e-02,-3.181107288082577617e-02,5.269225613298181843e-01,1.973814737030251676e-01,4.087045891237320872e-01,6.506099468251485760e-03,2.045667813575226812e-01,3.368649180034853918e-01,2.739175119531703922e-02,-2.772241833862102919e-02,2.022744537289423161e-01,1.937262612270432005e-01,1.503016220563921646e-01,2.909602752580544016e-01,3.104160150140756746e-01,-1.788104919790875491e-01,-1.320881183252156123e-02,1.576031100585370201e-02,1.147593726261227076e-01,-1.419008892265069821e-01,-2.927297913222217107e-01,-2.713079226060145510e-01,9.897225077081192590e-02,-2.353098887349747495e-02,2.000714955985522236e-01,-4.038384199472719871e-01,-1.846284463112739527e-01,-2.316904240582689026e-02,-1.809374860360159210e-01,-1.255998927566021606e-01,-2.120425398811385809e-01,-3.019035703114527069e-01,-4.275794271415165881e-01,-2.632021091201572904e-01,-9.334197238482505599e-02,3.064926940435229452e-02,-1.396040931230171089e-01,2.380311899548684107e-01,1.213861209169310451e-01,2.395951561731980983e-01,1.847267527592832692e-01,-5.712051476830957292e-02,5.729478528978059620e-02,-2.958800661334286541e-01,-6.697350194378658139e-02,-1.292595737074936357e-01,-1.663702578310022884e-01,-1.669779704186961089e-01,5.675856830063899516e-02,-1.101479065195049012e-02,1.822422807095938069e-01,-1.510299834666428420e-01,1.029849412395549418e-01
1.381607757272442782e-01,3.833057777380580178e-02,3.972250770811922016e-01,-1.127932436659368209e-01,0.000000000000000000e+00,2.878278743464855460e-01,4.073238303766924528e-01,-2.813485857276911140e-01,4.252647571383886826e-01,-1.065060994682514861e-01,-8.101345010947763603e-02,-2.871665400598775730e-01,1.266276419857902402e-01,-2.327852004110996798e-01,2.738638902542562259e-01,-6.835426069082621570e-02,-7.221502301264579038e-02,-1.201170740426292516e-01,1.336654899682738207e-01,1.240448634880915169e-01,5.554314312525135411e-02,-4.090441932168550898e-02,4.216721033111399120e-01,3.172572501005406775e-01,4.868135305420260295e-01,4.351266812636847003e-01,4.817105321953616959e-01,5.187452522454086834e-01,-1.850395460029492095e-02,-1.948478484293310609e-01,1.279369051342776620e-01,2.491353501050091734e-01,3.298270700210018114e-01,4.514947048572322263e-02,2.718083917958800666e-01,-2.168997721077796023e-02,2.811698467313106242e-01,-1.868671522409401653e-01,1.201215425175387597e-01,8.607176370704679169e-02,-1.863800884758031948e-02,-6.536931945127127941e-02,5.125340721211850588e-03,1.111801242236024889e-01,1.145270119308280064e-02,-2.244514947048572434e-02,3.777648688502614066e-02,-6.701371821797220962e-02,-2.207873452790562463e-02,-1.001563966218329688e-01,-1.778006166495375157e-02,-1.283435363510433969e-01,-1.126457839939228739e-01,-2.213235622681978751e-02,-2.496983779436078368e-02,-8.890030832476875089e-02,2.015192814692345624e-01,2.086286250502703554e-01,-1.370972786987801062e-01,-2.233969346262120736e-01,-1.495062335224987826e-01,-1.592877250994235716e-01,-1.692300817730908458e-01,-1.506367576746056591e-01,4.188927119174226110e-01,-9.417757719290406615e-02,1.482059073238303770e-01,-1.354305375575316217e-01,3.647794807632155356e-01,2.854193663702578321e-01,8.833281201126055859e-02,2.703918852495643121e-01,2.617185754501988315e-02,-1.086375620000893660e-01,-1.406854640511193411e-01,-7.463693641360204245e-02,-7.130345413110505959e-02,-1.023951025514991675e-01,-1.144555163322757974e-01,-9.901693551990706221e-02,-5.885428303320076882e-02,-1.073014880021448680e-01,-2.143572098842664864e-01,-4.243710621564859842e-02,8.197864068993251929e-02,-2.291433933598462924e-01,3.086375620000893563e-02,4.565440815049823242e-02,-1.000580901738236800e-01,-1.306939541534474225e-01,-1.581259216229500830e-01,2.496090084454175712e-02,-1.780821305688368439e-01,1.259663076991822672e-01,-7.288976272398230150e-02,-7.309978104472943106e-02,5.299164395191920812e-02,-1.459225166450690281e-01,-2.853612761964341438e-01,1.316948925331784259e-01,-1.633004155681665737e-01,4.857679074131998620e-02,-9.319004423790160085e-02,-9.665311229277447069e-03,1.462576522632825504e-01,1.789222038518253621e-01,1.636400196612896041e-01,3.970329326600831044e-01,-4.096697797041869843e-02,-4.591402654274095996e-01,-2.456231288261316315e-01,-1.944635595871129219e-01,-8.306894856785379533e-02,-9.841815988203225785e-02,7.061084052013047452e-02,-3.159033022029581472e-01
-1.185843871486661621e-01,1.851289155011394752e-02,-5.718754189195227738e-02,4.187497207203181304e-01,2.878278743464855460e-01,0.000000000000000000e+00,-3.423745475669154326e-02,3.982304839358327131e-01,3.891416059698824537e-01,7.348272934447472871e-01,-7.119621073327672689e-02,6.554358997274230270e-02,-1.846329147861834885e-01,1.231154207069127260e-01,6.975289333750391008e-02,4.696769292640421978e-01,3.367889539300236712e-02,1.796460967871665315e-01,1.176326019929398031e-01,1.151838777425264748e-01,-1.223513114973859423e-01,-2.383752625229009214e-01,5.145895705795611869e-02,8.366772420572858582e-02,-9.236784485455114269e-02,1.837481567540998340e-01,1.661825818848027339e-02,1.471155994459091010e-01,1.506993163233388555e-01,1.024353188256847957e-01,1.461727512400017859e-01,3.216408239867732943e-01,-1.243129719826623243e-02,2.679744403235175820e-01,-1.298315384959113361e-01,-9.981232405380044415e-02,3.892488493677107725e-02,7.489610795835381640e-02,-5.742883953706599820e-02,-6.838554001519281389e-02,-1.125340721211850331e-01,2.983958175074846730e-01,-3.598015997140175948e-01,-4.461325349658161743e-01,-1.906296081147504373e-01,-3.209705527503463052e-01,-4.000536216989141747e-01,-5.349479422673041329e-01,-4.071540283301309238e-01,-5.229054023861655631e-01,-5.375664685642790319e-01,-4.498905223647169382e-01,-4.140712274900576473e-01,-3.043567630367755572e-01,-4.855534206175432521e-01,-4.091380311899548428e-01,1.205326422092139887e-01,3.318602261048304025e-01,-2.362080521917869491e-01,-3.866571339201930330e-02,4.257562893784351543e-02,6.034988158541489955e-01,8.587515081102820025e-02,1.927119174225836729e-01,1.663076991822690920e-01,3.428660798069618765e-01,-2.623977836364448923e-01,-1.320255596764824124e-01,9.925376469011126801e-02,1.818624603422851760e-01,2.211135439474507247e-01,1.988516019482550468e-01,-1.830778855176728170e-01,-2.391483086822467630e-01,-8.686715224094017015e-03,1.095491308816300968e-01,-2.043701684615040759e-01,-1.544885830466062038e-01,-4.785289780597881681e-02,7.239823048393582983e-02,1.134456410027257639e-01,3.425532865632959639e-02,-1.315563698109835089e-01,6.298762232450064169e-02,-6.204924259350283466e-02,-4.528799320791813965e-02,-1.984985924304034921e-01,1.814647660753384781e-02,-8.445417578980293771e-02,1.217212565351445536e-01,2.064882255686134316e-01,1.754099825729478479e-01,2.725993118548639127e-01,9.017382367398006637e-02,-1.394342910764556076e-01,-7.993207918137539003e-02,-1.116493140891013924e-01,-2.184592698511997888e-01,8.197864068993251929e-02,-7.724652576075785593e-02,1.900710487510612612e-01,1.593279413736091998e-01,1.176951606416729995e-01,1.692345502480003538e-01,-2.074712900487063819e-02,-4.623084141382546169e-02,-1.245140533535904204e-01,-1.100630054962241366e-01,-6.546762589928058207e-02,-5.926538272487599790e-02,-1.518968675990884365e-01,3.020242191340095569e-02,-2.626167389070110381e-01,-2.277805085124446904e-01,-3.008802895571741631e-01,9.723848250592072306e-02
4.768175521694445473e-01,-4.781268153179319552e-02,8.797041869609901754e-01,2.186380088475803340e-01,4.073238303766924528e-01,-3.423745475669154326e-02,0.000000000000000000e+00,1.002189552705661513e-01,4.174225836721927041e-01,-4.619062513963984040e-02,3.444077036507440237e-01,-3.852048795746012000e-01,5.740202868760891919e-01,1.626524867062871527e-02,2.357075830019214335e-01,1.515259841815988148e-02,-2.052325841190401623e-01,-2.327986058358282317e-01,3.996335850574199156e-01,1.001876759461995670e-01,-3.186648196970374158e-01,-3.652263282541668432e-01,4.686804593592207024e-01,2.785825997587023650e-01,3.525939496849725407e-01,1.564770543813396586e-01,1.314759372626122802e-01,1.267482908083471249e-01,-1.897314446579382446e-02,-1.930425845658876594e-01,5.323294159703293588e-02,1.304973412574288449e-01,5.153224004647214418e-01,2.841950042450511627e-03,4.514812994325037021e-01,1.571920103668617841e-01,1.623396934626212054e-02,-2.509584878680906073e-01,-1.558648733187363022e-01,1.496045399705080679e-02,-2.554224943026944805e-01,-9.683185128915501594e-02,7.650029045086911839e-02,-2.816479735466285300e-02,-3.271817328745699194e-02,-1.267706331828946653e-01,-8.192501899101836682e-02,-2.018812279369051332e-01,-1.980204656150855724e-01,-2.066759015148129930e-01,1.878546851959426306e-02,-1.591804817015952389e-01,-2.800393225792037200e-01,-3.103713302649805383e-01,-9.615264310290898286e-02,-1.756289378435140214e-01,1.526386344340676660e-01,3.144018946333616144e-02,1.541489789534831734e-01,-2.850440144778586954e-02,1.778989230975468183e-01,-4.838911479512042479e-02,-1.569239018722909940e-01,-3.078913266902006396e-01,5.716430582242281178e-01,4.353188256847937559e-02,3.380982170785111207e-01,2.247642879485231560e-02,3.501050091603735703e-01,2.453237410071942570e-01,3.173376826489119340e-01,3.131417847088788786e-01,1.114527011930828010e-01,1.516287591045176186e-01,-2.332543902765985954e-03,-4.259350283748156857e-02,3.180571071093435953e-01,2.165422941150185465e-01,-2.133741454041735430e-01,-1.011573350015639722e-01,-1.945886768845792869e-01,-2.093972027347066334e-01,-3.105947540104562199e-01,-2.929219357433308080e-01,-9.485678537915009922e-02,-3.874927387282720570e-01,-1.083515796058805158e-01,-1.459537959694356402e-01,-2.547298806917199232e-01,-5.344161937530720330e-01,-1.802359354752223197e-01,-1.157335001563966279e-02,-2.869654586889494596e-01,3.074981008981634845e-01,-8.540596094552929674e-02,-1.493766477501228818e-01,7.669690334688770983e-02,-1.809732338352920212e-03,-1.655212475981947262e-01,3.959828410563474566e-01,1.199249296215201821e-01,3.659323472898699525e-01,1.169846731310603682e-01,2.071272174806738364e-01,8.844005540908887741e-02,2.462263729389159439e-01,-7.949416864024307777e-03,1.724071674337548654e-01,6.814424237007909307e-03,-3.113409893203449852e-01,-1.275615532418785392e-01,9.522320032173018506e-03,7.405603467536529816e-02,2.217078511104160210e-01,1.967692926404218112e-01,-8.150945082443361578e-02
2.522007238929353523e-01,1.357522677510165643e-01,-7.238929353411679979e-02,6.252960364627552226e-01,-2.813485857276911140e-01,3.982304839358327131e-01,1.002189552705661513e-01,0.000000000000000000e+00,6.758121453148040192e-02,6.402967067339916385e-01,3.299968720675633405e-01,4.622101076902453420e-01,2.264042182403145920e-01,6.184324590017427070e-01,-2.031458063362974187e-01,3.876401984002859624e-01,-1.244246838554001477e-01,-1.818669288171946910e-02,2.024755350998704018e-01,3.033826355065016300e-01,-3.508601814200813518e-01,-3.895616426113767128e-01,-1.228830600116180283e-01,-3.879083068948567525e-02,-2.923946557040082439e-01,-3.638142901827606246e-01,-5.007238929353411416e-01,-3.437195585146789467e-01,9.575941731087179998e-02,1.970105902855355529e-01,-2.066669645649939560e-02,1.054113231154207020e-01,7.717949863711515146e-02,4.060860628267572436e-01,-1.200947316680816834e-01,4.085526609768086459e-02,-4.829393627954778889e-01,-2.366012779838241320e-01,-3.773850484829527896e-01,-2.274185620447741196e-01,-3.966441753429554296e-01,5.689262254792439022e-02,-2.548818088386433645e-01,-3.938871263237856968e-01,-1.500781983109164830e-01,-1.458599579963358595e-01,-4.579293087269314944e-01,-4.779391393717324354e-01,-2.125430090710040687e-01,-2.280128692077393882e-01,-2.009071004066312061e-01,-8.829259573707493036e-02,-2.518477143750837977e-01,-2.718754189195227711e-01,-3.869743956387685091e-01,-2.581348585727691325e-01,7.186201349479422185e-02,1.299432503686491769e-01,3.606997631708298013e-01,4.548773403637338397e-01,5.739443228026274157e-01,8.160596988247911243e-01,1.327271102372760136e-01,3.189418651414272499e-01,-6.276866705393449597e-02,2.774565440815049966e-01,-9.463336163367443155e-02,1.925421153760221715e-01,-1.081460297600428944e-01,-1.747173689619732715e-03,3.155681665847446249e-01,-1.718128602707895761e-02,1.691317753250815362e-02,1.960364627552616257e-01,5.853255283971580542e-02,-8.617900710487511051e-02,1.548728718888243427e-01,2.528531212297243091e-01,-1.297779167969971836e-01,-1.319853434022967842e-01,-4.371062156485991390e-02,5.744671343670405134e-02,-2.531837883730282956e-01,-2.673577907860047453e-01,-2.351490236382322851e-01,1.191161356628982482e-01,-2.569641181464766277e-01,-1.076187497207203164e-01,-2.534742392421466817e-01,5.127128111175655728e-02,-2.557308190714509266e-02,-1.758076768398945389e-01,-5.453773627061084261e-02,-2.791500960722105296e-01,-3.417355556548549722e-01,-2.002502345949327411e-01,-4.126860002681084771e-01,-2.776620939273425903e-01,1.683944769650118356e-01,-1.999642522007238910e-02,3.861656016801465752e-01,7.446266589213101916e-02,2.428169265829572265e-01,1.003306671433039921e-01,-1.897493185575762908e-01,-1.269717145538227787e-01,-3.224317440457571959e-01,-2.000491532240046555e-01,-2.420706912730684890e-01,-3.078332365163769652e-02,-1.436972161401313675e-01,5.913132847759059590e-02,-2.448724250413333858e-02,9.639394074802269674e-02,-2.022029581303901036e-01,1.287188882434425197e-01
2.941328924438089132e-01,-2.562759730104115508e-01,2.874257116046293192e-01,-1.401179677376111488e-01,4.252647571383886826e-01,3.891416059698824537e-01,4.174225836721927041e-01,6.758121453148040192e-02,0.000000000000000000e+00,2.578399392287412106e-01,3.704723177979355464e-01,-1.184235220519236770e-01,3.822378122346842821e-01,8.087939586219222710e-02,4.944948389114794951e-01,3.503463068054872842e-01,-1.873005943071629764e-01,-1.901916975736181181e-01,2.458912373207024493e-01,-7.855578890924527075e-03,-2.244068099557620932e-02,-2.476652218597792665e-01,1.719469145180749781e-01,-1.296930157737164191e-01,-5.892577863175298136e-02,-1.256535144555163269e-02,2.292327628580365650e-01,1.429509808302426299e-01,1.083739219804280840e-01,-4.783502390634076368e-02,9.432950533982751087e-03,-3.775861298538808839e-03,8.235399258233165598e-02,-1.237007909200589784e-01,-8.544170874480540301e-02,-2.034988158541489733e-01,2.643102908977166265e-01,-4.595379596943563461e-02,1.107288082577416281e-02,-8.309129094240136348e-02,1.340542472854014801e-04,1.127753697662987609e-01,-3.205773269583091500e-01,-2.511953170382948408e-01,-3.683542606908262185e-01,-4.035703114527011692e-01,-1.524152106885919844e-01,-2.631395504714241218e-01,-4.383663255730819164e-01,-3.137048125474775628e-01,-1.500156396621832866e-01,-1.742571160462934032e-01,-1.703561374502882142e-01,-1.861700701550560721e-01,-6.559721167165646905e-02,-1.179811430358818497e-01,2.993878189373966672e-02,-1.079583538138433399e-02,5.255820188569641088e-02,1.291478618347557950e-01,2.000536216989141636e-01,1.482550605478350214e-01,-1.064703516689753798e-01,-1.366504312078287708e-01,3.858125921622950205e-01,-1.218642477322489787e-01,-1.803833951472362529e-01,-2.931453594888064895e-01,2.795031055900620842e-01,1.459672013941641644e-01,2.386969927163858918e-01,4.305822422807095706e-01,4.262478216184815982e-02,-1.821395057866750100e-01,4.986817999016935309e-03,5.929219357433308107e-02,-9.939228741230618502e-02,-1.390768130836945449e-01,-8.558023146700030614e-02,-1.246257652263282542e-02,-1.534116805934134797e-01,-3.088252379462889108e-01,-2.987175477009696434e-01,-7.063765136958756463e-02,-1.168104026095893450e-01,-4.562134143616783377e-01,-2.381652442021537919e-01,-2.975155279503105543e-01,-1.564413065820635315e-02,-1.607310424951963884e-02,1.028151391929934266e-01,2.969569685866214059e-01,-1.428571428571428527e-02,3.110505384512265992e-01,1.846150408865454284e-01,1.644756244693686142e-01,2.312346396174985441e-01,3.362974216899772273e-02,8.901202019750659167e-02,4.838554001519281278e-01,2.293042584565887776e-01,3.395325975244649075e-01,1.617811340989320223e-01,2.071719022297689727e-01,1.683855400151928194e-01,1.983779436078466352e-01,1.838375262522901066e-01,1.214888958398498559e-01,1.078108941418293998e-01,-9.423566736672774058e-02,4.530586710755619279e-02,5.194155234818356726e-02,6.824701729299789688e-02,2.043880423611421290e-02,3.952366057464587468e-02,-1.288261316412708281e-02
-1.467581214531480382e-01,-7.750122883060012180e-02,-1.151436614683408605e-01,4.532999687206756279e-01,-1.065060994682514861e-01,7.348272934447472871e-01,-4.619062513963984040e-02,6.402967067339916385e-01,2.578399392287412106e-01,0.000000000000000000e+00,5.578444077036507492e-02,1.536440412887081775e-01,-6.724161043835738538e-02,3.286920773939854268e-01,-7.370302515751374350e-02,4.823227132579650522e-01,1.112784306716117777e-01,2.106439072344608865e-01,3.982751686849278494e-02,4.847848429331069048e-02,-2.812011260556772016e-02,-1.221368247017293046e-01,-2.010724339782831993e-01,-9.616158005272799902e-02,-2.635417132132802931e-01,-6.881004513159658109e-02,-2.636981098351132702e-01,-6.477501228830599700e-02,2.532955002457661364e-01,2.692300817730908236e-01,8.613432235577997420e-02,1.560838285893024757e-01,-1.807498100898163595e-01,1.837436882791903259e-01,-1.773984539076813027e-01,-2.472854014924706287e-02,-1.473122123419277063e-01,1.604584655257160763e-01,-2.292551052325841054e-01,-1.734081058134858688e-01,-2.069708208588408871e-01,2.937888198757763747e-01,-3.465257607578533516e-01,-4.604629340006256011e-01,-2.811475043567630561e-01,-3.743911702935788233e-01,-4.055230349881585594e-01,-5.778006166495375240e-01,-4.384422896465436370e-01,-5.036864918003485236e-01,-4.954779033915724384e-01,-3.907234460878502014e-01,-3.491755663791947795e-01,-3.822556861343223700e-01,-4.573439385137852420e-01,-4.641717681755216929e-01,3.148934268734081277e-02,1.532463470217614865e-01,-1.121497832789668941e-01,1.145716966799231462e-01,1.879395862192233813e-01,7.424639170651057274e-01,1.639706868045935906e-01,2.468966441753429608e-01,8.289020957147326049e-03,3.557352875463604125e-01,-3.433844228964654244e-01,-1.279592475088252301e-01,-5.605254926493587891e-02,3.863443406765271204e-02,1.489744850082666827e-01,7.583448768935162343e-02,-9.709549130881629797e-02,-7.858259975870235392e-02,-2.397336788953929876e-02,1.199785513204343346e-02,-1.829795790696635283e-01,-6.296974842486259549e-02,1.022118950802091281e-01,3.932257920371776821e-02,2.539836453818311579e-01,1.672907636623620353e-01,4.652129228294383384e-02,-5.178962420126011212e-02,-1.671656463648956703e-01,-5.850574199025872224e-02,-2.384646320210911941e-01,-1.202019750659100022e-01,-3.460386969927163603e-02,2.890656418964207552e-02,2.108628625050270322e-01,5.136958755976585300e-02,3.402609589347155850e-01,4.039501318200098418e-02,-1.324590017427052235e-01,1.884802716832744904e-02,-1.999463783010858309e-01,-2.225255820188569711e-01,1.081281558604048482e-01,-8.256847937798829362e-02,2.891505429197014920e-01,1.543053755753161504e-01,1.769292640421823992e-01,1.174762053711068399e-01,-1.983690066580276190e-01,-2.713123910809240869e-01,-3.111399079494168718e-01,-2.351177443138656731e-01,-7.372983600697081974e-03,1.269985254032798550e-01,-4.151213190937932951e-02,1.665936815764779422e-01,-1.700924974306269322e-01,-3.176191965682112484e-02,-1.301890164886724266e-01,2.058268912820054586e-01
6.487376558380624214e-01,4.830421377183966893e-03,2.040484382680191333e-01,-1.779257339470038946e-01,-8.101345010947763603e-02,-7.119621073327672689e-02,3.444077036507440237e-01,3.299968720675633405e-01,3.704723177979355464e-01,5.578444077036507492e-02,0.000000000000000000e+00,2.627195138299298627e-01,8.425086018142008415e-01,4.508914607444479139e-01,4.584565887662540584e-01,1.920639885607042241e-01,-6.441753429554493426e-02,-7.185754501988471377e-02,5.739175119531704228e-01,2.527905625809910850e-01,-2.726618705035971368e-01,-3.950846775995353055e-01,1.622369185397024016e-01,-1.859019616604852820e-01,-3.396979310961169007e-01,-4.139863264667769105e-01,-1.904061843692747558e-01,-3.186514142723088638e-01,2.249117476205371169e-01,7.056168729612583013e-02,-1.554850529514276714e-01,-1.807229992403592556e-01,8.774297332320478426e-02,-3.243219089324813481e-02,-2.688279190312346523e-01,-3.102819607667903212e-01,-1.295500245766119940e-01,-2.451271281111756517e-01,-3.407614281245811005e-01,-1.751597479780150901e-01,-2.155547611600160951e-01,-1.076813083694534989e-01,-2.316814871084498795e-01,-2.570400822199383484e-01,-2.422136824701729418e-01,-2.099289512489387333e-01,-1.889092452745877726e-01,-2.680906206711649586e-01,-2.298806917199159860e-01,-4.919344027883283677e-02,6.736672773582376428e-02,1.069082622101076852e-01,9.379328835068591677e-03,-8.347111130970999437e-02,-6.163367442691809056e-02,-1.083471111309709939e-01,1.141114437642432589e-01,4.268287233567183425e-02,4.209258680012511467e-01,3.832164082398677452e-01,6.399571026408686913e-01,2.430448188033424162e-01,2.000446847490951474e-01,8.283211939764957565e-02,3.386835872916573731e-01,-2.170204209303364662e-01,-2.331113990794941582e-01,-2.997989186290718755e-01,2.137137494972965734e-01,1.046382769560748882e-01,1.544438982975110675e-01,8.332365163769606120e-02,6.754546673220429565e-02,7.866303230707359651e-02,-5.754501988471334706e-02,-2.694624424683855213e-01,1.247732248983421943e-01,5.725010054068546683e-02,-1.245408642030474966e-01,-5.786675007819831393e-03,-1.479601412038071273e-01,-1.860538898074087233e-01,-2.587470396353724333e-01,-1.140533535904195844e-01,-7.176370704678493133e-03,-2.659770320389651110e-01,-2.646052102417444929e-01,-4.039724741945573960e-01,-6.704946601724831590e-02,-4.955538674650341452e-03,-1.532552839715805026e-01,-2.842843737432414197e-02,-1.773984539076813027e-01,1.566289825282630999e-01,-7.124536395728138516e-02,4.725412216810402632e-02,-7.202734706644621510e-02,-1.268063809821707855e-01,1.094150766343447018e-01,3.376603065373787738e-01,2.342240493319630024e-01,3.008221993833504748e-01,1.177889986147727802e-01,1.372849546449796676e-01,-3.909915545824210401e-03,-2.166763483623039555e-02,-1.188167478439608599e-01,-1.170293578801554976e-02,-7.110237276017694619e-02,-7.746994950623352361e-02,-4.481880334241922920e-03,-4.155681665847446235e-03,2.895124893873720837e-02,7.341704276330487944e-02,8.421287814468922384e-02,-6.019035703114527375e-03
9.100496000714955458e-02,2.619866839447696494e-01,-4.988605388980740796e-01,-1.444211090754725368e-02,-2.871665400598775730e-01,6.554358997274230270e-02,-3.852048795746012000e-01,4.622101076902453420e-01,-1.184235220519236770e-01,1.536440412887081775e-01,2.627195138299298627e-01,0.000000000000000000e+00,1.158586174538629998e-01,6.981411144376424849e-01,-4.800929442781178696e-02,2.541757898029402551e-01,3.465749139818580238e-02,1.105902855355467146e-01,1.379016041824925043e-01,4.361365565932347477e-01,2.065329103177085748e-02,1.997408284552482094e-02,-2.839268957504803570e-01,-2.242280709593815757e-01,-5.576388578578130861e-01,-6.060100987532954786e-01,-4.412127440904419218e-01,-4.601501407569596469e-01,1.995978372581437843e-01,3.714821931274855937e-01,-4.880468296170516890e-02,-1.697886411367800219e-01,-1.280843648062916229e-01,3.078377049912864871e-01,-6.138701461191294895e-01,-3.645783993922874222e-01,-3.912239152777157170e-01,-3.111354394745073360e-01,-3.051521515706689253e-02,-2.141069752893337563e-01,-6.457393091737789748e-02,1.253675320613074629e-01,-3.264220921399526576e-01,-2.191518834621743461e-01,-3.017650475892577622e-01,-7.937351981768622777e-02,-1.300862415657536020e-01,4.446132534965815779e-03,7.429733232047902591e-02,1.852495643236963252e-01,1.663479154564547202e-01,3.489789534831762019e-01,3.402922382590821693e-01,3.198936502971536089e-01,7.824746414048884546e-02,1.586755440368202430e-01,-7.405603467536529816e-02,5.683006389919120771e-02,3.914160596988248142e-01,5.242861611332052529e-01,4.547700969659055348e-01,3.860449528575897182e-01,3.376200902631931733e-01,6.620894588676884407e-01,-3.901604182492515172e-01,-2.438312703874167819e-01,-5.084454175789803188e-01,-1.592251664506903752e-01,-1.944010009383797255e-01,-1.946244246838554071e-01,-1.006211180124223642e-01,-1.857366280888332888e-01,2.084186067295232259e-01,3.076187497207203414e-01,1.571115778184905554e-01,2.492068457035613582e-02,-2.333437597747888698e-02,1.546181688189820769e-01,7.683542606908262684e-02,-2.123955493989901355e-01,1.578667500781983091e-01,2.685419366370258021e-01,-4.050672505473881801e-02,1.462621207381920585e-01,2.423700790920059120e-02,4.551409803833951218e-01,-2.107511506322891914e-01,-7.755485052951427427e-02,-1.054560078645158487e-02,4.048661691764600667e-01,-1.511416953393806828e-01,-3.075472541221681011e-01,-1.415746905581125037e-01,-5.352562670360605512e-01,-1.650788685821528989e-01,4.467581214531480410e-02,-3.140712274900576695e-01,-2.430984405022565686e-01,3.547343491666294368e-01,-1.564993967558872268e-01,2.099512936234863014e-01,-2.850127351534921250e-01,6.381429018276062182e-02,-2.122123419277000822e-01,-2.848384646320211155e-01,-3.162518432459001660e-01,-1.717234907725993104e-02,-9.286831404441664439e-02,-4.072165869788640924e-01,3.493453684257562947e-02,2.135484159256445871e-02,-1.121453148040573722e-01,1.642164529246168195e-02,-8.431565306760802070e-02,-3.203226238884668842e-01,4.558291255194601987e-02
6.692881719469144786e-01,-8.930693954153447189e-02,4.055275034630680397e-01,-2.275749586666070967e-01,1.266276419857902402e-01,-1.846329147861834885e-01,5.740202868760891919e-01,2.264042182403145920e-01,3.822378122346842821e-01,-6.724161043835738538e-02,8.425086018142008415e-01,1.158586174538629998e-01,0.000000000000000000e+00,4.356807721524643684e-01,4.740247553509986944e-01,1.365789356092765583e-01,-1.343000134054247174e-01,-2.231154207069127315e-01,4.555967648241655010e-01,1.306582063541713301e-01,-1.690021895527056561e-01,-2.632512623441619626e-01,2.535904195897940028e-01,-5.743330801197551322e-02,-1.005898386880557660e-01,-2.885472988069172073e-01,-7.864068993252602835e-02,-8.676437731802136288e-02,1.472675275928325700e-01,7.953885338933821061e-03,-1.388176415389427709e-01,-1.719603199428035301e-01,2.631887036954287384e-01,-6.154877340363733990e-02,-6.776442200277045524e-02,-2.297242950980830367e-01,-1.194110550069261423e-01,-3.155458242101970567e-01,-2.230483935832700271e-01,-8.205907323830376188e-02,-2.327047678627284510e-01,-1.260780195719201080e-01,-1.026453371464319253e-01,-8.026721479958889849e-02,-1.566915411769962962e-01,-1.672416104383573909e-01,-7.694713794182045374e-02,-1.691630546494481413e-01,-1.184950176504758895e-01,3.251709191652888548e-02,2.815809464229858117e-01,2.358014209750212142e-01,9.578175968541936813e-02,4.883596228607176709e-02,9.871754770096966003e-02,4.901916975736181174e-03,1.803029625988650242e-02,-7.221055453773626842e-02,4.818133071182805205e-01,3.104026095893471782e-01,5.598328790383841902e-01,8.535680772152463847e-02,6.058805129809195777e-02,-5.364850976361767998e-02,4.510121095670047708e-01,-2.324366593681576609e-01,-1.301666741141248480e-02,-2.179722060860628252e-01,2.112516198221547070e-01,7.781402207426604822e-02,1.110952232003217244e-01,9.596943563161892954e-02,1.081728406094999845e-01,1.345279056258099071e-01,-1.455516332275794134e-01,-2.624156575360829247e-01,2.059207292551052393e-01,1.463872380356584235e-01,-1.215157066893069460e-01,-1.507797488717100842e-01,-2.008311363331694854e-01,-1.791858438714866719e-01,-2.550337369855668057e-01,-8.935162429062960820e-02,9.251977300147459782e-02,-1.971714553822780380e-01,-2.523883998391349137e-01,-3.095312569819920201e-01,-6.783144912641315971e-02,-1.136645962732919235e-01,-3.082711470575092982e-01,-8.814066759015147523e-02,-2.920103668617900494e-01,1.719290406184369180e-01,-1.072836141025068080e-01,4.002412976451136944e-02,-1.105902855355467146e-01,-2.069484784842933189e-01,-1.527682202064435391e-01,3.044103847356897097e-01,5.424728540149247047e-02,2.287322936681710495e-01,-4.421555922963492369e-02,2.502345949327494656e-02,-5.883640913356271568e-02,5.161088520487957382e-02,-1.973278520041110012e-02,1.285088699226953901e-01,-1.328388221100138544e-01,-1.966218329684078781e-01,-1.104606997631708276e-01,-1.452299030340944708e-01,-3.867465034183833333e-02,4.022967961034899093e-02,1.281379865052057754e-01,-1.074310737745207550e-01
