0.000000000000000000e+00,3.747879512955804571e-01,5.145768501035413722e-01,3.232729589099269524e-02,-7.155202527917367550e-02,-2.153410245462785699e-01,5.457283173778336716e-01,8.450668852414101873e-02,1.412387069081643687e-01,-1.009911207815721440e-01,6.527675352577347878e-01,6.051978474345245940e-02,6.550872282180603134e-01,8.841546248878395797e-02,4.011630429074702908e-01,-1.628830861049021805e-01,9.951163157065588682e-02,6.632586663135375815e-03,7.453589017075771261e-01,3.638105066565598955e-01,-4.449883444561392870e-03,-4.061449031825000167e-01,4.049302608056366548e-01,1.999936071453849162e-01,-5.430501679265917897e-02,-6.792636344748384514e-02,-4.926379429620378336e-02,-2.041443963204555290e-01,2.288299477840767815e-01,3.599862096993303173e-02,1.720111692302774831e-01,1.235624638974951450e-01,1.689060684172433435e-01,7.577815881220761191e-03,3.788451308137875950e-02,-9.393158275664457990e-02,-1.667690284459198702e-01,-3.709522385265383582e-01,4.025900193840484254e-02,-3.206267737317604061e-01,-3.767217898166392285e-04,-4.125103598492199652e-01,-9.284023114735757976e-02,8.196781197701312471e-02,-1.775546874464883906e-01,-1.538645947729280761e-01,1.826758206256321598e-02,8.657979994931379319e-02,-1.357773825370043597e-01,4.952407480553164265e-02,-6.659984611485676199e-03,-1.061236697725285311e-01,-7.882618056617859970e-02,-3.042770480537182465e-02,-3.548422448965613540e-01,-6.189424848569256149e-02,2.788357698481012115e-01,3.277365413286634777e-01,3.066720853720070750e-01,1.058040270417750228e-01,3.785323375701216131e-01,-1.982469879380532526e-02,3.519494781832420427e-02,-1.631251013153298401e-01,3.223711097767295586e-01,-1.871051556089308246e-02,-5.503106242394215086e-02,-2.321542321839132894e-01,4.079029382016443606e-01,3.152704748292765591e-01,3.980396767955359794e-01,3.600798193561938754e-01,3.821899636748868345e-01,2.186881405697403413e-01,2.028155958254659330e-01,1.302110326971681886e-01,2.427115749482292861e-01,1.540381151124800008e-01,4.010831322247818825e-02,-1.867923623652648912e-01,-1.575998483980191323e-01,-3.578879834881698030e-01,-4.676350319300256464e-01,-2.442321610816710065e-01,8.920315350385512113e-03,-5.092433828246828442e-01,-4.941448301213044458e-02,-2.235147458041183699e-01,8.262764589978287277e-03,-1.660795134124372907e-01,-8.841546248878395797e-02,-2.335446780626910732e-02,-1.044797928715104768e-01,-9.785405569546266891e-02,3.168230252357935872e-01,-1.176034101313046670e-01,6.289883992520360623e-02,-1.464648655559842860e-02,2.061581455242026684e-01,2.504469290324642938e-01,-8.224635778524118368e-02,-4.733680526223261326e-02,-4.554680597001294767e-02,2.957836840651249105e-02,-1.659333910212356933e-01,1.080323935075995084e-01,1.168819308247467381e-01,2.438668551036669851e-01,1.264187000130140293e-02,4.031379783510544851e-02,2.602645271913221481e-01,1.120507592656436596e-01,-1.065026747247077021e-01,3.114918411192975009e-02,2.379443319352769204e-01,-1.426816655212802265e-01
3.747879512955804571e-01,0.000000000000000000e+00,-1.544559338248220788e-02,8.162077129790930308e-02,-2.315012477482311093e-01,-2.326747932025690080e-01,-4.137775149604213526e-02,2.308026000652984300e-01,-1.577688024128459932e-01,-2.570863651826872376e-01,3.412186150793741074e-02,3.396683478352195973e-01,7.450643737628113994e-02,1.367134791056396348e-01,-1.385171773720344501e-01,-3.636849327266209603e-02,5.308010018516446937e-01,3.696417033304489341e-01,4.934302003018340432e-01,7.000655267598044906e-01,-2.846943644703405774e-01,-1.960391699334914917e-01,1.375673818292240114e-01,4.864734045832200954e-02,-2.876122459696476286e-01,-1.265077433451524958e-01,-3.821990963243369066e-01,-2.962243344010922486e-01,3.887517723047839158e-01,2.742420471747007427e-01,2.153136265979282704e-01,8.164360292153455267e-02,3.677284132706529207e-01,4.279765016929649168e-01,-1.340056485436848799e-01,-1.329942076170862776e-02,-3.272570772325332222e-01,-3.881353184669021350e-01,3.373372390630814677e-02,-2.155373765094557303e-01,8.648847345481279481e-02,-1.455127868508113154e-01,-2.010895250793969802e-01,1.020345259812461061e-02,-2.412161036007753542e-02,7.262967791428551201e-02,7.668000794540502651e-02,1.641707896773663133e-01,5.338718552292408964e-02,-3.526344268919996000e-02,-1.585131133430291717e-01,-5.224560434166154732e-02,1.743194463787903215e-02,1.473712810139067297e-01,-1.496224791033564649e-01,7.115018870336926871e-02,6.911977241437570196e-01,7.873416912296884451e-01,1.709563482187908823e-01,4.411868791225350139e-01,-9.873079004267230896e-02,1.146079011116717533e-01,3.020966279975068058e-01,4.522784818796818929e-01,-3.097132576388904601e-01,-3.282936329451196511e-01,-1.794816764804595677e-01,-5.441004226133532712e-02,5.877796017708207810e-01,5.941815890353410179e-01,2.328391808926708328e-01,1.771985141179344692e-01,3.017221893700526847e-01,3.369696499227149422e-01,1.429967419273086848e-01,2.725068437791816622e-01,9.589966871314119234e-02,3.284808522588466562e-01,1.755523540545538691e-02,2.466660121601227385e-01,1.226218010041348061e-01,2.390493825187390564e-01,-5.495685964716008343e-01,1.488850176602608821e-02,-1.132654016425070076e-01,6.466600759379802221e-02,-3.357778391694768438e-01,-1.807282831303982651e-01,-3.391523531412889425e-01,2.038247535897020346e-01,-2.747215112708309981e-01,-4.012201219665333801e-02,-2.743379399939268048e-01,-2.240124751991488250e-01,5.966588201986807588e-02,-1.037126503177020487e-01,3.061949044382393167e-02,1.659059930728853938e-01,2.824522990303409697e-01,-6.615462945416437923e-02,-2.316656354383329341e-01,-2.308573959619990568e-01,1.004020648920406628e-01,1.640748968581402789e-01,-1.027354568265413104e-01,-1.120005296936681105e-01,-1.487023646712588680e-02,2.057791405720235112e-01,1.651411336814394976e-02,2.672898177808118517e-02,1.963907769373203493e-01,1.309279456790010676e-01,1.334051768423407877e-02,-7.052688537839991827e-03,-1.761916395160608925e-02,-2.302318094746671762e-01
5.145768501035413722e-01,-1.544559338248220788e-02,0.000000000000000000e+00,2.960827783346157149e-01,2.276609686544639188e-01,-6.968896479135321120e-02,7.216505437351166119e-01,5.149672708675331889e-02,2.310537479251761894e-01,-1.925390820317405063e-02,3.830758306715465467e-01,-1.684494359447383516e-01,4.120948242992403809e-01,-1.627049994406252198e-01,3.389240369050364188e-01,-2.455837932002858381e-01,-2.799727847046387108e-01,-1.774313966789120289e-01,4.367347125156111343e-01,1.308274865350499694e-01,-7.929651201285876916e-02,-2.793608971914819938e-01,6.621102356451874504e-01,4.745073506412261222e-01,1.100598416855217837e-01,2.269691704586188075e-02,1.008495647150955826e-01,-1.183157567884124961e-01,-5.167938007575532955e-02,-1.685681603875896495e-01,1.310238384982271298e-01,1.832762923269762589e-01,9.822849432291679006e-02,-2.867423611095255842e-02,3.618789512978636269e-01,1.047994356022639850e-01,-8.149748053033295525e-02,-1.870526428745927505e-01,2.757991639059428346e-01,-1.949204203758541920e-01,-1.512435243807492835e-01,-3.839753966423814502e-01,-2.083636803664019044e-01,-1.216354748635239680e-01,-2.976124971175075351e-01,-1.989981483553240060e-01,-1.783583605980972042e-01,-5.630506702223115473e-02,-3.232661094228393983e-01,-2.846669665219903056e-01,-1.548965841607894134e-01,-2.330400991805730293e-01,-2.729315119786113186e-01,-1.891440195986657247e-01,-2.556023096470459444e-01,-1.449191646365547981e-01,-5.313603766304633019e-02,1.994798956138168003e-02,9.905499909815086712e-02,-2.074778133697421645e-01,2.660043973707102438e-01,-1.488279386011977512e-01,-1.297954971471886321e-01,-3.007632611777921183e-01,5.628246371484215693e-01,2.870003584564909116e-01,3.079871868928215073e-01,4.034119578345574803e-02,1.561660224343533743e-01,1.852626435823730711e-01,2.002219233816374400e-01,2.344739251442387873e-01,4.298053147453474720e-02,-2.385676352602462622e-02,2.356703022222019217e-01,7.312740730931598099e-02,3.190239937532677872e-01,1.452662053156586197e-01,-8.823737582450701111e-02,-2.463144051562938808e-01,-3.077680033060191112e-01,-4.530090938356899355e-01,-2.307386715191477311e-01,-2.125327348403727168e-01,-1.452022767695079208e-01,-3.554769640333432790e-01,1.822351702896648218e-01,9.651155622629792319e-02,2.150579124133254472e-01,-2.126879898810244141e-01,-8.031480242654495671e-02,3.879092853930121709e-03,-1.448415371162289356e-01,-1.354988367287763007e-01,2.669770245371458905e-01,-7.062506135998848633e-02,1.192244554086974856e-01,4.661075963094963442e-02,2.657829306215452742e-02,3.475201431999433432e-02,-2.060120231330010709e-01,-1.101694334789229818e-01,5.851745135151796215e-03,1.154207069127306806e-01,-3.088890360260189080e-02,2.031946007776450902e-01,1.127585395980264388e-01,1.858973627191550515e-01,-8.887209496128897768e-02,1.629949610606658966e-02,1.979707252921877048e-01,-1.285032272499994355e-01,-5.345111406907479545e-02,-8.227375573359148320e-02,1.416588087828689890e-01,-4.931402386817933942e-02
3.232729589099269524e-02,8.162077129790930308e-02,2.960827783346157149e-01,0.000000000000000000e+00,1.334028936799782628e-01,3.808154999326466839e-01,2.750776845993849196e-01,7.791086077504230101e-01,1.931121557847343129e-01,3.940989385578176352e-01,-2.229941847854626513e-01,9.806867295754002900e-02,-5.320909885864713584e-02,2.352091034249718660e-01,-9.228313953090146182e-02,2.269349230231809400e-01,-5.701284735461392694e-02,-1.123475703727719183e-01,5.684389333978707298e-02,3.379765245245885258e-02,-2.499583322868839108e-01,-1.237953464584727048e-01,1.802351200600928460e-01,3.905372052722785314e-01,-1.159367016066613493e-01,2.412412183867631288e-01,3.245971930801914984e-02,-2.797558842801988258e-02,1.042880072330583663e-01,1.341928678574119405e-01,7.436488130980457856e-02,1.505220450741913685e-01,1.099182856190452223e-01,2.673103662420745485e-01,1.770797896750831713e-01,2.470541497617519955e-01,-1.531157175180198615e-01,-1.307772569630744064e-01,5.817269383477667588e-02,2.509195436415069969e-03,-2.026146775375637366e-01,-1.194893022427503948e-01,-4.505706764325131397e-01,-4.185196431873859924e-01,-1.366221526111386364e-01,4.567922938703940228e-02,-2.758813577509937609e-01,-1.929751660429828153e-01,-2.464102979755199430e-01,-4.781170303363783264e-02,-3.188276417900905990e-01,-5.263374194329081129e-02,-4.336159127284018311e-01,-2.532963156608956101e-01,-2.859729353933546103e-01,-2.607394249627273952e-01,-1.147540235028733646e-01,3.698494711054386985e-02,-3.540956508040156436e-02,3.262410699812096082e-02,1.045071908198607763e-01,3.811945048848258688e-01,-1.088840130688213670e-02,5.713157179746523179e-02,-9.633803588674601237e-02,3.761806803367208074e-01,5.624570480080549884e-02,2.830961508165730223e-01,1.261972332638491012e-01,8.021434328259385849e-02,-2.978385301913975131e-02,-6.397192623559039282e-02,-2.104915876882752779e-01,-1.793355540892579425e-01,1.138453248825883751e-01,9.912806029375166583e-02,-9.858923397619574758e-02,1.686686195315407477e-01,1.208135364130149408e-01,5.455616465253693842e-02,-5.530047558272011693e-02,1.700727643844936882e-02,-1.335216181228295607e-01,5.588953147225158430e-02,-5.877796017708207810e-01,6.626422124756557730e-02,-1.423802880894269041e-01,-2.710342040553529938e-02,-2.957631356038621928e-01,-2.215466598476217575e-01,-2.756165109169408378e-01,-1.985643475064442220e-01,-2.939548710127423137e-01,-4.185470411357362641e-01,2.519013034573927556e-02,2.143204509702298366e-02,-1.599560719561450295e-01,1.142266129971300677e-02,1.688284408969175088e-01,-4.918502519469666878e-01,-1.340695770898355788e-01,-4.355839986848984990e-01,2.191813036400457604e-01,2.176835491302293035e-01,6.532355835420523837e-02,-1.418985408309341063e-02,9.764400475811035873e-02,3.187682795686649917e-01,2.220375397555646516e-02,-1.919454598174840168e-02,1.684357369705631879e-01,-2.441545335613451440e-01,-1.008449983903705327e-01,-2.370082353666416175e-01,-7.941523645571008094e-02,2.880665952797901302e-02
-7.155202527917367550e-02,-2.315012477482311093e-01,2.276609686544639188e-01,1.334028936799782628e-01,0.000000000000000000e+00,4.174967864489747549e-01,9.513252615933276424e-02,-3.247798460691934952e-02,5.408788805198303518e-01,3.253757514458125444e-01,4.227731746687702491e-02,-1.618008671450652802e-01,1.244757288425051706e-01,-1.000413252387617052e-01,2.836943393555546034e-01,2.072449308087646047e-01,-2.821098246759621841e-01,-8.419617844283761032e-02,-1.505357440483665044e-01,-2.347844352255421818e-01,-8.972599768487336813e-02,9.743395382075806244e-02,9.784035672128751915e-02,1.813447369682800181e-01,2.129665356892524730e-01,4.042864090194046023e-01,2.374511688649715013e-01,2.856213283895257526e-01,-3.041400583119667489e-02,-1.952491957560578140e-01,7.907732842605635915e-02,-1.123087566126089974e-02,-2.769247629506677022e-02,-8.305916358630011098e-02,1.317498841295101086e-01,8.900451837831543922e-02,2.202817878987828326e-01,2.768813828657797349e-01,2.425791515312028246e-01,3.274579955204354187e-01,-8.052485336389726689e-02,2.622463121219939519e-01,1.880184205539408432e-02,-5.615437830630449351e-02,-8.092668993970168756e-02,-6.706332807444935484e-02,-1.106192164643404231e-02,-2.660112468577978048e-02,-2.529949382290422877e-01,-2.171538554621234851e-01,-3.446890218704122544e-02,-2.445289721887992651e-01,-1.516179630082034047e-01,1.140416768457655355e-01,-9.228313953090146182e-02,-3.155764185858548898e-01,-2.077563591779702235e-01,-2.137382445677859510e-01,-2.262408416649733245e-01,-3.611026760946051128e-01,4.883912609677412003e-02,-9.335622584128824841e-02,-1.795410387018852028e-01,-2.566982275810579806e-01,2.346109148859902849e-01,2.489720061462730727e-01,1.199870316377808638e-01,1.642073202751667405e-01,-1.362248823600592795e-01,-5.417259337563272437e-02,1.654676258992805737e-01,1.867375664685642922e-01,-2.426773275127914326e-02,-9.471242428462815777e-02,2.721301219893650439e-02,4.810851414076609128e-02,6.502218092235192981e-02,1.051510426060928427e-01,1.305261091031966469e-01,-7.172097929400053640e-02,-1.645086977070200351e-01,-1.406998805906084504e-01,2.616070266604869077e-01,6.091705499453182321e-02,-1.374486573863727135e-01,7.025290589489690575e-03,-4.155127183559404608e-02,3.267958784353031665e-01,2.029206212941420950e-01,-1.516681925801789677e-01,-4.029553253620524883e-02,-1.654607764121929919e-02,-1.546363036514615541e-01,-1.091739746888620438e-01,1.169184614225471375e-01,2.537894787312010014e-01,-1.664585183646164757e-01,-2.676163099986529348e-01,5.102867880243567786e-03,-2.303368349433433382e-01,-2.000986326140610783e-01,-3.155558701245921721e-02,1.978428681998863070e-01,5.893983638858510399e-02,-9.008673733815232565e-02,-8.257513316544479176e-02,2.030758763347937923e-01,2.031078406078691556e-01,8.876250316788777961e-02,2.821417889490375197e-01,8.517793825872339852e-02,1.766939352358164184e-02,3.002358506720488596e-03,-2.167383199121439008e-01,5.253784912406476298e-02,-2.771918929470831294e-01
-2.153410245462785699e-01,-2.326747932025690080e-01,-6.968896479135321120e-02,3.808154999326466839e-01,4.174967864489747549e-01,0.000000000000000000e+00,3.507165705074784950e-02,2.126331939843238150e-01,2.393918568731178143e-01,6.251047400733807935e-01,-1.055300475582720138e-01,-1.056533383258483616e-01,-5.978917278744443065e-02,1.716138989791980984e-01,2.223571824863181459e-02,4.598631472479902671e-01,-9.224660893310106247e-02,-1.508416878049448628e-01,-1.965688636015973101e-01,-2.859409711202792748e-01,-4.160606773229464511e-02,2.838313290973060732e-01,3.517211619469895467e-02,2.511775409884723365e-01,5.087114059942144523e-02,6.119126279427108406e-01,8.112760822760388402e-02,2.889045158668368529e-01,-6.539205322508100104e-02,-1.205623885531371814e-01,4.777060611111237642e-02,1.584354858227033092e-01,-1.391701618077166303e-01,-1.359919997990817198e-01,-5.835078049905362968e-02,-1.837945701832694508e-03,2.178205388719808011e-01,3.438511012833655456e-01,1.498599279890590885e-01,2.906260202881807420e-01,3.298484665139991834e-02,3.603309672160716626e-01,-3.446433586231617552e-02,-3.828178333245812331e-02,-1.696389635356138981e-03,-1.232930507387171859e-01,-1.221743011810798862e-01,-2.641002399603643025e-01,-2.126605919326741145e-01,-9.964862131240738441e-02,-1.475265360545584548e-01,-1.928564416001315174e-01,-1.705727769418866613e-01,-8.967576811289781902e-02,-1.970665929966277652e-01,-2.658263107064332553e-01,-2.541273867608547232e-01,-3.041697394226795526e-01,-4.452600407772798197e-01,-3.791213934596531221e-01,-6.378470692186333224e-02,1.761071625086474690e-01,-1.531339828169200612e-01,-2.746484500752301994e-01,5.740098495624319092e-02,3.724865236341551866e-01,-1.623122955142708990e-01,3.656027891111420652e-02,-1.934500638143880347e-01,-1.812534104737790197e-01,1.102790252723241937e-01,-1.901874247983396850e-03,-3.968364502304852492e-02,-1.152334875990036339e-01,-1.222336634025055491e-01,-6.527332878222968926e-02,-1.034021402363986264e-01,-6.670715474589544725e-02,7.443794250540539115e-02,2.215352440358091257e-02,-6.821404190516200394e-02,-9.169408364136999445e-02,2.687167942573900348e-01,-3.650548301441360055e-02,-2.588489665265565898e-01,9.466219471265259477e-02,-1.103520864679249924e-01,1.120096623431182103e-01,-6.857021523371591154e-02,-1.319873330152127044e-01,-7.842662715273670399e-03,-7.662064572397936368e-02,3.935486964284490990e-02,-7.036478085066062704e-02,-3.414925945628771720e-02,1.410651865686124440e-01,-2.194781147471740190e-01,-2.633604953549061878e-01,8.231941898084198239e-02,-3.064255038368543516e-01,-4.317688343771190762e-02,-9.648415827794762367e-02,-3.847356897091022687e-02,-6.996294427485622025e-02,2.526319154134007774e-02,-1.674402781805022500e-01,7.866635920080185251e-02,2.271997698572338631e-01,1.048770631225898337e-01,1.799109110046142601e-01,-7.724623221131124429e-02,-6.945608223037565143e-02,-1.185532056741151058e-01,-3.767697362262522609e-01,-1.221469032327295867e-01,-9.106849715403811385e-02
5.457283173778336716e-01,-4.137775149604213526e-02,7.216505437351166119e-01,2.750776845993849196e-01,9.513252615933276424e-02,3.507165705074784950e-02,0.000000000000000000e+00,2.518853213208551156e-01,1.485767907413199918e-01,2.070143314101495838e-02,4.348670857030655923e-01,-1.653397688069791760e-01,4.916265020354392279e-01,-1.359372039023811207e-01,3.101790227608455797e-01,-3.007084652810915193e-01,-1.780158862437184464e-01,-1.678421147563066707e-01,4.838454847039537765e-01,9.079451767053510480e-02,-1.813972497026181130e-02,-3.043112954891561417e-01,6.115929852119573740e-01,2.830596202187726229e-01,-4.650573416227347934e-02,-2.361018199087191669e-02,9.459369984177684598e-02,-8.406375502581114878e-02,7.561148795974327597e-02,-9.702755092022859185e-02,8.329661247200272067e-02,9.695905604935284305e-02,1.379189888330528968e-01,-6.071157038190456989e-02,2.318574210767850308e-01,-6.624138962394032770e-02,-1.127448406238512890e-01,-2.401909637000015918e-01,1.102333620250736945e-01,-2.149528869446492851e-01,-2.051900846824920299e-01,-3.891262109322380369e-01,-1.997652909091324203e-01,-8.522360150597389772e-02,-2.303048706702679749e-01,-2.296564525593108586e-01,-2.101354143597213564e-01,-2.131811529513298331e-01,-2.770686021795067955e-01,-9.861206559982099717e-02,-1.886188922552849423e-01,-2.597257008737662298e-01,-2.846532675478151142e-01,-2.673788611129503390e-01,-3.199418250230028349e-01,-1.907011363299078166e-01,-1.099045866448700726e-01,9.751386450344642562e-03,2.099664603448944955e-01,-1.085072912790047278e-01,4.449221327476260979e-01,1.141010390671911845e-01,-8.579895842133021533e-02,-3.254625116155885345e-01,5.200655724230517363e-01,2.691779930546200905e-01,2.097518430828171354e-01,-5.878001502320834293e-02,7.710467614483468290e-02,1.553714819321946328e-01,1.990255463036743055e-01,1.394669729148448889e-01,2.495268146003666587e-02,-1.597072072586297811e-02,1.784177228195228671e-01,8.834240129318315926e-02,7.976227713481388870e-02,8.792458258084107428e-03,-8.879446744096312905e-02,-2.841738034516848588e-01,-3.463214829596177324e-01,-4.609316672336519760e-01,-1.653762994047795754e-01,-3.244487875266273691e-01,-1.294758544164351100e-01,-5.038505533243985424e-01,3.438214201726527697e-02,-1.830160118176483997e-01,9.717823963615523919e-02,-1.624310199571222246e-01,-2.173958706725511447e-01,-8.595421346198192647e-02,-1.384304172022585155e-01,-1.037446145907773981e-01,2.091125576213101189e-01,-9.918285619045226487e-02,5.769779606337145650e-02,-3.163778085751012270e-02,-9.221692782238824146e-03,1.249506266139103899e-01,-1.530700542707693623e-01,-5.705851060186443308e-02,-1.034752014319994390e-01,-7.125749733440794008e-03,-9.042464536780604745e-02,1.381747030176556923e-01,5.903116288308610238e-02,1.355855968985522353e-01,-5.577080702940027945e-02,2.245033551070917469e-02,8.230572000666683263e-02,-5.109945683567395508e-02,-1.660384164899118553e-01,-2.385973163709591005e-01,4.591211194801696205e-02,-5.290087193970624893e-03
8.450668852414101873e-02,2.308026000652984300e-01,5.149672708675331889e-02,7.791086077504230101e-01,-3.247798460691934952e-02,2.126331939843238150e-01,2.518853213208551156e-01,0.000000000000000000e+00,1.236263924436458439e-01,3.376043690594969227e-01,-1.172244051791255098e-01,3.829936368264956204e-01,1.078177762455221483e-01,4.361136923530042897e-01,-8.461628031754221679e-02,2.195146453449744184e-01,6.996294427485622025e-02,-1.155942272522825914e-01,1.492526068006274076e-01,8.845199308658437121e-02,-2.840139820863081255e-01,-2.344647924947886874e-01,-2.008041297840813463e-02,5.720919931779108736e-02,-3.019961688535556799e-01,1.137699805246250410e-02,-3.719956437262122995e-02,-5.022272248846432197e-02,2.082129916504752432e-01,2.689633757925427582e-01,-6.449933674133368627e-03,5.139170161807716380e-02,3.188892871738788215e-02,2.069344207274611824e-01,-6.048782047037710996e-02,7.570738077896933815e-02,-3.707558865633611700e-01,-3.235492215557925211e-01,-1.192883839548481845e-01,-7.393564678564987225e-02,-3.379514097386007165e-01,-2.016648819947532978e-01,-4.891104571119366251e-01,-4.517122576137757028e-01,-1.588601540221329655e-01,-2.004844870533278173e-02,-2.767443931240282096e-01,-2.804750804243942297e-01,-2.624472304098961484e-01,1.239962647463749151e-01,-3.010646386096454408e-01,7.248355552308391458e-02,-3.274945261182358736e-01,-1.858151688741041530e-01,-3.169828466011703760e-01,-2.460038950749904585e-01,-2.991627643616620591e-02,1.359417702271061568e-01,2.061124822769521692e-01,2.658993719020340540e-01,3.351020231101694558e-01,6.456395023619314610e-01,2.042950850363821902e-01,2.843427574665117197e-01,-2.599768487336440170e-01,2.026968713826146351e-01,-1.791026715282803827e-01,6.048325414565206004e-02,1.129092283139530861e-01,7.524618198173926853e-02,-1.020870387155841802e-01,-1.820296856770375615e-01,-2.475244812084321788e-01,-1.521750546246595226e-01,5.599455694092773939e-02,5.541920002557142177e-02,-2.161172997495370840e-01,1.242200146579023612e-01,4.625458630239571989e-02,1.035939258748507369e-01,-4.681167791885184476e-02,7.821429305302188273e-02,-1.849521335010696488e-01,-3.487530508757068909e-02,-5.521211719929038919e-01,1.158704898981481254e-02,-3.341750591909842250e-01,-3.132293276771790924e-01,-3.738883853247456091e-01,-1.538554621234779762e-01,-2.543511366723821832e-01,-1.567687772980599914e-01,-2.672966672678994127e-01,-3.282571023473192517e-01,3.495521577025907222e-03,-1.277452173456410933e-01,-2.345013230925890868e-01,-1.052309532887812232e-02,8.753872814157433180e-02,-3.754957316279632362e-01,-8.416421416976226089e-02,-2.840505126841085248e-01,1.562984458513798358e-01,1.928884058732068529e-01,-4.801490448390256620e-03,-1.344074851194893006e-01,9.205482329464895197e-02,2.399306831906737325e-01,-5.000353890166191195e-02,-4.782083568308793248e-02,3.294603289123699489e-03,-2.328528798668459687e-01,-6.940128633367505240e-02,-2.406612951466817751e-01,-1.456863071903632401e-01,1.095232985303283904e-02
1.412387069081643687e-01,-1.577688024128459932e-01,2.310537479251761894e-01,1.931121557847343129e-01,5.408788805198303518e-01,2.393918568731178143e-01,1.485767907413199918e-01,1.236263924436458439e-01,0.000000000000000000e+00,3.555408925794940056e-01,2.169392382000461250e-01,6.328697752683286326e-02,2.752694702378370439e-01,1.650977535965515164e-01,4.894529314663153552e-01,8.916890606841725020e-02,-2.772101582459833291e-01,-2.301130850318158783e-01,-5.628223539860589819e-02,-2.064823545796812265e-01,2.411247771062743558e-02,3.582053430565607793e-02,4.664272390402498386e-02,1.251104479792871649e-01,3.267593478375027671e-01,2.142496729369915698e-01,2.470153360015890642e-02,2.069115891038359467e-01,2.266495277278653131e-02,-1.820068540534122981e-01,1.060643075511028821e-01,-6.317510257106914023e-03,-1.902582028315779605e-01,-1.542664313487324967e-01,1.618876273148412426e-01,1.872992244097454462e-01,1.162015484407142585e-01,9.535170974613517425e-02,-1.469511791392021371e-01,-4.349195984374036594e-02,1.136626718935863645e-01,-1.029021276790056429e-02,-9.756637723778451010e-02,-1.100141784382712845e-01,-3.098137167828415861e-01,-1.390012077928897694e-01,1.047743208162762139e-02,1.260602435220975759e-01,-3.459653096310638110e-01,-1.650794882976513167e-01,-2.930895524773453192e-02,-5.824118870565242467e-02,-9.381514147615580002e-03,1.817625556806221065e-02,-2.131080917557290344e-01,-3.625182367593706712e-01,-2.879958172465518773e-01,-1.903175650530036234e-01,-4.864277413359695962e-02,-2.383735664594316406e-01,2.833153344033754184e-01,-3.522691209139955371e-02,-1.112562187634849320e-01,-2.516433061104274560e-01,2.810687026386507470e-01,3.455086771585587635e-01,7.937870585790966771e-02,2.403485019030158348e-02,-8.156140907648365412e-02,-5.550596019534737025e-02,1.300420786823413277e-01,2.558991207541742030e-01,-9.509599556153236488e-02,-1.082744087180271680e-01,-6.274815120927694501e-02,-6.783047062825778295e-02,1.182792261906120967e-01,-1.950962238777686347e-02,7.057483178801293722e-02,-1.676411964684044464e-01,-2.188707935587423381e-01,-3.240286856519227765e-01,-1.937263264602535548e-02,-6.015447876544844502e-02,-6.607243560911346680e-02,-4.483902563763016852e-02,-8.468249202605544063e-03,7.897458611974272902e-03,5.420455764870807380e-02,-3.893225628954151696e-01,1.051784405544431422e-01,1.110142035530572724e-01,-6.207233514996952223e-02,6.353355906198557279e-02,1.564126039695060699e-01,1.985780464806193857e-01,6.189881481041761141e-02,-9.442017950222493516e-02,-1.793903499859585415e-01,-1.709289502704405828e-01,1.112653514129350318e-01,6.359748760813627166e-02,1.033062474171725781e-01,2.044640390512090511e-01,-9.207765491827420157e-02,-1.175303489357038683e-01,1.220053471662530392e-01,1.905002180420056201e-01,-8.048832276609686753e-02,1.578053330106463925e-01,2.061444465500275047e-01,-1.616593110785887188e-01,1.486270203132955270e-01,1.497092392731324273e-01,5.358810381082629998e-02,-2.785686398516857773e-02
-1.009911207815721440e-01,-2.570863651826872376e-01,-1.925390820317405063e-02,3.940989385578176352e-01,3.253757514458125444e-01,6.251047400733807935e-01,2.070143314101495838e-02,3.376043690594969227e-01,3.555408925794940056e-01,0.000000000000000000e+00,-9.415533266817202596e-02,1.693421524284856317e-02,1.395240519739080268e-02,3.264762357045496444e-01,1.619469895362669054e-01,4.945169855863960073e-01,-9.720563758450555258e-02,-1.705134147204610262e-01,-2.123409492019205924e-01,-2.969503800323752274e-01,-1.184276317441762191e-02,1.179321855115082751e-01,-9.267127713253071886e-02,9.666224494222457053e-02,3.999415510435193333e-02,3.152065462831258325e-01,2.076239357609437619e-01,2.654838363520545252e-01,-5.820922443257707524e-02,-2.271061602003703397e-02,5.925034646988851239e-02,1.135622127496352662e-01,-3.053569838511925871e-01,-1.680247677453086674e-01,-1.558326807294247163e-01,-9.205025696992390205e-02,1.535677836657998174e-01,1.618830609901161788e-01,-6.233261565929738152e-02,1.705453789935363618e-01,-3.611734541278433658e-02,2.207429866960129161e-01,-8.303633196267486138e-02,-1.771939477932094054e-01,-4.222252157017641894e-02,-1.447182463486526016e-01,-1.917742226402946171e-01,-3.516732155373765156e-01,-1.703535933550842651e-01,1.044615275726102771e-01,-4.540981622826144315e-02,-8.076686857432492650e-02,-2.746393174257800718e-01,-2.596161090803650318e-01,-3.555500252289441332e-01,-3.729796867044606334e-01,-3.327686311756687942e-01,-2.893748473135169808e-01,-3.033478009721705115e-01,-2.726301345467579962e-01,1.185486393493900559e-01,2.580909566221982754e-01,-1.194116747224245323e-01,-2.028155958254659330e-01,1.019431994867451077e-02,3.726965745715075107e-01,-3.069734628038603974e-01,-1.340284801673101434e-01,-1.906920036804577168e-01,-2.045644981951601493e-01,-2.112610134044462171e-02,-1.289781250214046548e-01,-8.509117808894743618e-02,-7.382605499224866030e-02,4.772494286386187723e-02,6.809075113758564224e-02,-1.727052505884850986e-01,-1.835890855706421784e-02,1.811666503040030574e-01,9.322380242426180075e-02,2.813540979339663670e-02,-1.631388002895049760e-01,2.465198897689211410e-01,-3.052816394932292982e-02,-3.482165077205135462e-01,-1.663169622981399143e-01,-1.563669407222555707e-01,-2.337729942989435691e-02,-2.536616216388996037e-01,-3.752354511186353769e-01,2.347775857384546208e-02,-1.489101324462486498e-01,5.493516960471610255e-02,-5.444200653441068349e-02,-1.150417019605515234e-01,-3.394377484366045694e-02,-2.648217192669222175e-01,-3.086082070554283519e-01,-1.211925413651940980e-01,-3.001833379377107369e-01,8.418019630629993214e-03,-1.359965661238067558e-01,8.929447999835611952e-03,-1.369212468806294165e-02,1.470790362315035349e-01,-1.317590167789602085e-01,1.161376198945635596e-01,2.166561260670930023e-01,-6.409065067844169072e-02,-3.229076529319229588e-02,-2.469080273705503981e-01,-1.794725438310094678e-01,-6.827340412658765290e-02,-1.853083068296235703e-01,6.479386468609941996e-02,1.530746205954943984e-01
6.527675352577347878e-01,3.412186150793741074e-02,3.830758306715465467e-01,-2.229941847854626513e-01,4.227731746687702491e-02,-1.055300475582720138e-01,4.348670857030655923e-01,-1.172244051791255098e-01,2.169392382000461250e-01,-9.415533266817202596e-02,0.000000000000000000e+00,2.317843598811842321e-01,8.706497195135037837e-01,1.915733043523924206e-01,6.319222628878807813e-01,-3.599862096993303173e-02,-6.014534611599834518e-02,-2.042174575160563277e-01,4.875487740559694694e-01,2.903040943950647296e-02,2.164460751297407060e-01,-2.234827815310430066e-01,3.783405519316695442e-01,1.259460854039713418e-01,8.779900865090219109e-02,-1.200874907817319620e-01,6.330980915045811286e-02,-7.245159125000856515e-02,-5.221820639331124780e-02,-2.401316014785759567e-01,1.423551733034391330e-02,5.208121665155974328e-02,-1.517960496724803654e-01,-3.768153994735027323e-01,-7.683526298605672378e-02,-2.373324444221202034e-01,-9.171234894027019413e-02,-2.845939053263894514e-01,-9.157079287379363275e-02,-3.476274518309820372e-01,2.528602316496533081e-02,-3.215400386767704455e-01,-7.461602916968233801e-02,7.273470338296167403e-02,-3.224715689206806291e-01,-4.661235784460340259e-01,-1.654356616262052382e-01,-4.793042747648913748e-02,-3.656781334691053820e-01,-8.906844692446613809e-02,-1.645908915520709337e-01,-2.347113740299413831e-01,3.298484665139991834e-02,-1.184299149065387441e-01,-2.488167511056213754e-01,-4.516323469310873362e-02,-7.640602846190201747e-02,-5.678453111836141709e-02,1.237999127831977547e-01,-2.018658002826554942e-01,4.161405880056348594e-01,-1.274255746148875990e-01,1.166992778357447275e-01,-2.593329969474119090e-01,5.290110025594250143e-01,1.850525926450207748e-01,-2.077609255026952595e-01,-3.901582003200993465e-01,3.669270232814066113e-02,-1.355056862158638721e-02,2.761325056108714926e-01,3.025806584183621251e-01,2.208708437883143139e-01,9.304114943525979009e-02,6.246960540104888604e-02,-4.157638662158182410e-03,2.932425243556345262e-01,2.545954350451723816e-02,-2.448075179970273241e-01,-2.826577836429682300e-01,-3.516869145115516515e-01,-3.648972919411218041e-01,-1.820433846512126974e-01,-3.381842922995783041e-01,2.709040638006890434e-01,-3.071332841692371307e-01,1.932263139028605747e-01,-8.455235177139151792e-02,2.882926283536801360e-01,-1.128955293397779364e-01,1.237359842370470558e-01,1.017217327375801728e-01,3.743244693359878972e-02,9.422839386377283855e-02,2.804294171771437028e-01,-2.058156711698239105e-01,2.853952953156357972e-04,-1.301882010735429529e-01,-6.660669560194433514e-02,4.308624189191965770e-01,-1.275146179470260620e-02,2.894068115865923718e-01,-1.723947405071816763e-01,-5.077068145547034006e-02,-3.472119162810025084e-01,-1.813972497026181130e-02,3.162179872097244451e-03,6.675281799314594644e-02,-1.316220270372087109e-01,3.518353200651158121e-03,5.769322973864640658e-02,1.169207445849096590e-02,-1.073839753966423782e-01,6.148784558516309784e-02,2.942927790423960355e-01,-2.094915625734892761e-01
6.051978474345245940e-02,3.396683478352195973e-01,-1.684494359447383516e-01,9.806867295754002900e-02,-1.618008671450652802e-01,-1.056533383258483616e-01,-1.653397688069791760e-01,3.829936368264956204e-01,6.328697752683286326e-02,1.693421524284856317e-02,2.317843598811842321e-01,0.000000000000000000e+00,3.360837829260552301e-01,6.183739774286568514e-01,1.736048165593199744e-01,4.551004705597629374e-01,2.957859672274874563e-01,-2.108500441791917243e-02,1.463392916260453924e-01,2.586891451611798565e-01,-7.820059407884673297e-02,-2.073453899527157029e-01,-7.898600193155536076e-02,3.111265351412935073e-02,-8.506378014059713666e-02,-1.338458271783081188e-01,-1.972218480372794625e-01,-1.910938402562621374e-01,1.838470829176075128e-01,3.292799590857304892e-01,1.172929000500012586e-01,7.248355552308391458e-02,6.258376351917513403e-02,1.774405293283621288e-01,-3.092063955944099329e-01,-7.612291632894889470e-02,-3.102018543844708431e-01,-3.209555491119640003e-01,-2.241129343430999510e-01,-1.384989120731342505e-01,4.727287671608190744e-02,-8.330574512145282051e-02,-2.675797794008525354e-01,-2.835938802116034774e-01,-2.287340549648507193e-01,-1.484215357006682945e-01,-8.283997999949770097e-02,-7.947003235241067998e-02,-2.209119407108397770e-01,2.636367580007717079e-02,-2.290126007730787783e-01,6.291710522410380590e-02,3.608994746443403706e-02,-2.106217279429391936e-02,-3.138663299763236325e-02,-1.184892771279644069e-01,9.448867437310069783e-02,1.277543499950911932e-01,1.656959421355330975e-01,2.521547344796330470e-01,2.697259520216261364e-01,4.108390849998516114e-01,6.240544853866193398e-01,5.134535342211791198e-01,-2.666665144558424960e-01,6.358607179632365033e-03,-4.191269643758176455e-01,-1.271515951313845760e-01,1.190555013938706247e-01,8.335825785579089459e-03,1.237702316724849198e-02,8.122806737155499612e-02,9.968971823493284756e-02,1.778332332547164496e-01,-3.274283144097225873e-02,7.225980561155645465e-02,2.116491510060754776e-03,2.113591893860348181e-01,-3.447575167412880032e-04,4.658336168259933491e-02,6.288970727575350639e-02,2.112450312679085562e-01,-1.881165965355294234e-01,-1.292247065565573505e-01,5.256068074769001258e-02,3.143663425337165918e-01,-1.642301518987919762e-01,-1.190600677185956746e-01,-8.816431462890619852e-02,3.256474477669530493e-02,-5.495571806597882546e-03,-1.905298991527184377e-02,-1.504763818269408693e-01,-2.274646166912867584e-01,3.953752263184692056e-02,-8.930132948544369786e-02,-2.293094118802070369e-01,-4.653313211062378579e-02,-4.408786522035941860e-03,-2.247978830518574667e-01,-5.395112662646779113e-03,-6.590348159428661978e-02,-1.141352865026290693e-02,1.152312044366411020e-02,-2.403690503642785525e-01,-4.174739548253494914e-01,-6.410434965261684048e-02,2.536821701001623283e-02,5.601282223982793906e-02,3.772925804072704836e-02,-4.115400158451468227e-02,-9.244296089627822288e-02,2.586822956740922504e-03,-2.327684028594325522e-02,-8.518707090817349836e-02,-1.890435604547146264e-01
6.550872282180603134e-01,7.450643737628113994e-02,4.120948242992403809e-01,-5.320909885864713584e-02,1.244757288425051706e-01,-5.978917278744443065e-02,4.916265020354392279e-01,1.078177762455221483e-01,2.752694702378370439e-01,1.395240519739080268e-02,8.706497195135037837e-01,3.360837829260552301e-01,0.000000000000000000e+00,3.039779537842274837e-01,6.537812593466959532e-01,7.023692375835922930e-02,-2.917196550598302740e-02,-2.061946761220030677e-01,4.816079855886791772e-01,5.711330649856503211e-02,1.235213669749696958e-01,-3.116676446212119367e-01,3.086767019263040868e-01,8.771224848112624262e-02,8.905474795029098833e-02,-1.040140277495553572e-01,1.167997369796958396e-01,-7.913212432275695818e-02,8.967576811289781902e-02,-4.987111548463545735e-02,2.086582083111676242e-02,7.819146142939663313e-02,-6.460207904764730946e-02,-2.417252488076184480e-01,-1.263753199281260620e-01,-2.443691508234225040e-01,-1.641844886515414770e-01,-3.161654744753863433e-01,-3.480681021669494030e-02,-2.295468607659096327e-01,-8.737890677619757074e-02,-3.217044263668722426e-01,-1.369737596149674941e-01,-3.224053572121673983e-02,-2.369306078463157827e-01,-3.348965384975421955e-01,-9.888604508332400622e-02,-6.721858311510106598e-02,-3.653584907383518599e-01,4.838021046190657710e-03,-1.394487076159446892e-01,-1.630840043928043770e-01,-1.274232914525250636e-02,-5.806310204137547087e-02,-3.205308809125343439e-01,-1.986830719492955200e-01,-5.420912397343312372e-02,-5.468173858247581294e-03,2.154140857418793686e-01,-1.434122774772882414e-01,5.750121578395804844e-01,3.924071152471865498e-02,2.169712024731214606e-01,-1.589286488930087282e-01,4.009666909442931026e-01,1.803355792040439443e-01,-2.552278710195918232e-01,-3.518741338252787121e-01,7.577587564984508695e-02,6.491258912895073174e-02,2.503282045896129682e-01,1.935368239841639970e-01,1.599104087088945025e-01,3.121767898280550582e-02,1.343024596508131385e-01,3.064232206744918127e-02,2.184369927098625819e-01,3.735025308854788423e-02,-9.794994851468873109e-02,-2.394238211461931776e-01,-2.065280178269317257e-01,-3.392071490379895415e-01,-2.045781971693353130e-01,-3.347686814052407978e-01,1.112379534645847323e-01,-3.396911794588448608e-01,4.906744233302662989e-02,-1.659242583717855934e-01,1.870800408229430500e-01,-2.029251876188671311e-01,5.642835778980750949e-02,3.620867190728534191e-02,2.288413635958893785e-02,4.226133533033934672e-03,2.796942388964106518e-01,-1.620702803038432394e-01,-1.116306573909390393e-01,-2.006557242305171962e-01,4.244398831934135218e-03,2.411224939439118309e-01,-7.215934646760535642e-02,1.519010751411564997e-01,-1.243752696985540723e-01,-9.146576740511748460e-02,-2.712374055056177014e-01,-1.075026998394936900e-01,3.437757569254022705e-02,1.813493032930050819e-01,-7.835584911949843023e-02,5.157892093180422438e-02,4.416320957832274574e-02,-4.842587370915707630e-03,-9.042464536780604745e-02,-2.756005287804031562e-02,2.510314185972706835e-01,-2.312272682647281141e-01
