1.000000000000000000e+00,5.631529558961526627e-01,3.805531971937977653e-01,2.833772733366102248e-01,-2.018007953885339045e-01,-1.691853970239957095e-01,3.725322847312212415e-01,9.471826265695518221e-02,-1.662227981589883274e-01,-2.196702265516779218e-01,4.654542204745520384e-01,1.698288574109656501e-01,3.215961392376781580e-02,1.311050538451226655e-01,-3.690960275258054618e-02,-1.357209884266499800e-01,2.811653782564010884e-01,5.462755261629206327e-01,7.744358550426739818e-01,7.223691853970239940e-01,3.370123776754993528e-02,4.533714643192278404e-02,4.155681665847446235e-03,5.155726350596541441e-02,-2.425398811385674203e-01,-3.398275168684927738e-01,3.385763438938290543e-02,3.987220161758791431e-02,2.465525716073104223e-01,1.872201617587917200e-01,-1.283926895750480413e-01,-1.961168953036328821e-01,4.062406790304592952e-01,3.090039769426694560e-01,9.026319317217033553e-03,1.304035032843290642e-01,1.503016220563921646e-01,-1.272264176236650446e-01,9.878010634970284254e-02,1.430492872782519465e-01,1.159971401760579168e-01,-4.585995799633585390e-02,-2.686983332588587792e-01,-2.566870727020867937e-01,-1.505563251262344027e-01,-3.062513963984092036e-01,-3.942580097412752838e-01,-2.653291031770856345e-01,-5.012958577237588420e-01,-4.581527324724071759e-01,-4.764600741766835124e-01,-5.577863175298271026e-01,-4.218910585817060577e-01,-2.734840698869475673e-01,-3.476116001608651196e-01,-3.103355824657044737e-01,6.686715224094016419e-01,3.301443317395773014e-01,-1.139863264667768938e-01,-1.988471334733455265e-03,2.342732025559676468e-01,1.262388846686625932e-01,4.291299879351177515e-01,3.401492470619777442e-01,1.568032530497341370e-01,-2.273828142454979995e-01,1.166584744626658898e-01,-4.268287233567183425e-02,4.683587291657357321e-01,3.367710800303856389e-01,9.538853389338218525e-02,6.540059877563787760e-02,2.679297555744224457e-01,2.168372134590464406e-01,-3.862102864292416698e-02,2.547075383171723550e-01,2.921712319585325623e-01,3.189284597166986979e-01,2.629831538495911447e-01,4.908172840609499876e-01,4.461772197149113106e-01,5.661468340855265735e-01,1.584968050404396978e-01,3.931989811877206198e-01,2.194780821305688245e-01,-3.163680235935475288e-02,1.117118727378345749e-01,1.468653648509763709e-01,-2.299164395191921062e-01,-2.936681710532195178e-01,-4.757853344653469874e-01,-2.545422047455203618e-01,-5.341078689843156146e-01,-9.539300236829170720e-02,1.397336788953930098e-01,1.728540149247062008e-01,-5.993118548639349286e-02,-1.989365029715358113e-01,-3.953974708432012042e-01,-2.032664551588542756e-01,3.463514902363823422e-02,-2.491174762053710925e-02,2.125653514455516299e-02,-1.162563117208096908e-01,1.227043210152375073e-02,-5.567719737253675263e-03,8.806470351668975460e-02,1.289065641896420811e-01,4.435006032441127788e-01,2.661691764600741528e-01,-1.606774207962822221e-01,-3.685285312122972279e-01,-4.103266455158854353e-01,-1.052906742928638451e-01,-1.068233611868269345e-01,1.243665936815764733e-01
5.631529558961526627e-01,1.000000000000000000e+00,2.104562312882613251e-01,1.707046784932302608e-01,-1.989588453460833795e-01,-2.633138209928951312e-01,9.509361454935430502e-02,2.100496000714955902e-01,-1.966620492425935063e-01,-2.126547209437419095e-01,7.791232852227535088e-02,2.125966307699182212e-01,-1.165020778408329266e-01,1.750837839045533695e-01,-1.501050091603735592e-01,-1.400285982394208761e-01,3.941194870190804257e-03,4.525850127351535024e-01,4.477188435586934023e-01,5.337369855668260277e-01,1.467000312793243638e-02,-2.685553420617543124e-02,-1.559676482416551269e-01,-1.060637204522096588e-01,-3.151972831672550379e-01,-3.668439161714107111e-01,7.538317172349076958e-03,3.427320255596764866e-03,2.378703248581259255e-01,2.889762723982304826e-01,-1.659725635640555974e-01,-2.525984181598820433e-01,4.378641112922336265e-01,4.041467447160284054e-01,9.102283390678761119e-03,4.262925063675767484e-02,-1.514812994325036820e-02,-3.105321953617230513e-01,3.413467983377273252e-02,-1.519013360739979446e-01,-7.257696948031636119e-02,-8.032977344832208100e-02,-1.501228830600116193e-01,-8.959739041065284404e-02,-3.739800706019035803e-01,-2.975244649001295705e-01,-1.618973144465793712e-01,-2.265114616381428969e-01,-4.212163188703695327e-01,-2.242593502837481600e-01,-3.299879351177443243e-01,-3.401581840117967603e-01,-4.535055185665132216e-02,-2.058760445060101030e-01,-1.646811743152062080e-01,-2.796773761115331491e-01,6.949908396264354860e-01,7.645560570177398763e-01,-3.076098127709012836e-02,2.446534697707672401e-01,2.317931989811877203e-01,1.059073238303766956e-01,2.520398587961928394e-01,4.691407122749005620e-01,-1.643013539478975771e-01,-2.701059028553554620e-01,4.155234818356495080e-02,-3.376826489119263280e-02,3.212475981947361392e-01,4.710844988605388806e-01,1.797041869609902198e-01,5.280843648062916174e-02,2.588810938826578423e-01,2.437642432637740775e-01,1.860672952321372822e-02,1.747129004870637548e-01,1.666160239510255103e-01,1.558916841681934062e-01,4.668751954957772732e-01,3.892131015684346940e-01,3.767237141963447611e-01,2.518477143750837977e-01,1.207560659546896703e-01,1.799678269806515019e-01,-2.488940524598954457e-02,-8.600473658340408722e-02,-9.740828455248223827e-02,-1.361723043925108234e-01,-2.216006077125876883e-01,-3.840296706733991594e-01,-2.285446177219714881e-01,-4.142589034362572087e-01,-1.654676258992805737e-01,-1.902140399481656863e-01,3.383305777738058184e-01,4.642790115733499978e-01,1.965324634702176054e-01,3.686044952857589485e-02,-8.989677822959024622e-02,-1.172438446758121422e-01,8.521828499932973533e-02,-4.821037579873989343e-02,-2.998346664283479956e-02,-7.002100183207471407e-02,-1.049644756244693701e-02,-8.575003351356182135e-02,1.162920595200857971e-01,-1.604182492515304585e-03,3.765985968988784238e-01,3.172795924750882457e-01,-3.848697439563877193e-02,-5.300504937664775318e-02,-2.153045265650833373e-01,8.182671254300906416e-02,2.038741677465480961e-01,-5.725010054068546683e-02
3.805531971937977653e-01,2.104562312882613251e-01,1.000000000000000000e+00,7.092363376379641204e-01,3.641896420751597474e-01,3.161445998480718611e-01,7.425130702891102885e-01,4.181732874569909497e-01,4.274453728942311792e-01,3.353143572098842840e-01,1.182939362795477900e-01,-1.200545153938960691e-01,2.051610885204879497e-01,9.087090575986415952e-02,3.092810223870592901e-01,1.459448590196165962e-01,-3.618973144465794101e-01,5.027927968184458390e-02,2.905670494660172465e-01,1.729612583225345057e-01,6.097680861521962564e-02,4.524777693373251836e-02,5.584878680906206760e-01,6.441261897314446427e-01,2.888958398498592262e-01,1.750569730550962932e-01,1.011483980517449421e-01,2.238035658429777808e-01,2.020778408329237108e-01,4.307162965279950212e-02,2.442021538049063967e-01,1.733768264891192568e-01,1.976989562749303930e-01,1.162697171455382289e-01,2.534206175432324737e-01,1.317127664328164860e-01,-2.410250681442423770e-01,-2.585414897895348396e-01,2.412708342642655990e-01,1.035792484025202173e-02,-2.533625273694088079e-03,-3.427230886098574514e-01,-4.660619330622458589e-01,-3.061441530005808986e-01,-1.873408105813485769e-01,3.692747665221859932e-02,-4.648599133115867699e-01,-4.001519281469234635e-01,-2.757004334420662395e-01,-1.153492113141784681e-01,-6.575762992090798953e-01,-4.736896197327852276e-01,-5.162697171455382650e-01,-4.112694937217927782e-01,-3.879217123195853323e-01,-4.095580678314491019e-01,2.561329818133071257e-01,2.340899950846775934e-01,3.208677778274274806e-01,4.273336610214933384e-01,5.358818535233924596e-01,4.642209213995263650e-01,-2.431029089771661045e-01,9.634925599892756043e-02,1.594709325707136249e-01,2.780151034451941450e-01,3.992314223155636888e-01,2.990482148442736299e-01,8.323428213950578858e-02,2.042182403145806346e-01,2.822780285088699048e-01,9.405692837034719533e-02,-1.093212386612449211e-01,-2.602439787300594443e-01,-4.117699629116582799e-02,-3.611421421868716425e-02,-9.754233879976763333e-02,-1.905313016667411485e-01,-2.836766611555476270e-01,1.009562536306358588e-01,-2.632244514947048586e-01,7.206756334063184333e-02,1.837883730282854344e-01,1.819965145895705849e-01,-3.997408284552482205e-01,-3.915679878457482554e-01,4.693551990705572274e-01,3.172974663747263335e-01,-2.820054515393896066e-01,-2.833102462129675203e-01,-4.118235846105723907e-01,-3.913847803744581744e-01,-3.818892711917422633e-01,-1.875016756780910621e-01,1.845882300370883522e-01,3.302471066624960705e-01,-5.633406318423522102e-02,-2.021180571071093390e-01,-2.445194155234818312e-01,-7.776486885026140383e-02,1.916707627686670412e-01,3.842441574690558248e-02,1.874346485544483576e-01,-5.667366727735823756e-02,-4.252021984896554585e-01,-3.473524286161133179e-01,3.294829974529693284e-01,2.291255194602082323e-01,2.314670003127932557e-02,-1.511059475401045626e-01,-4.787970865543589999e-02,-1.905402386165601647e-01,-4.730282854461771991e-01,1.365387193350909301e-01,2.333571651995174079e-01,-7.490504490817284644e-02
2.833772733366102248e-01,1.707046784932302608e-01,7.092363376379641204e-01,1.000000000000000000e+00,6.047187095044461586e-02,1.725233477814022143e-01,6.648375709370392128e-01,5.278654095357254716e-01,1.292104204834889913e-01,5.255820188569641088e-02,9.480316368023593288e-02,1.401671209616157932e-01,8.087939586219223057e-03,1.333482282496983862e-01,6.772420572858484089e-02,2.495196389472273055e-02,-4.554716475266991360e-02,3.576120470083560265e-02,2.839134903257518050e-01,2.594307162965279745e-01,6.322445149470486137e-02,1.726574020286875955e-01,3.788015550292684885e-01,4.842575628937843546e-01,1.517225970776173993e-01,6.199562089458867525e-02,8.734081058134858522e-02,2.174047097725546329e-01,3.501899101836543071e-01,6.649537512846864784e-02,1.902855355467178988e-01,8.383305777738057907e-02,2.567856660103327027e-01,1.856115107913668960e-01,9.267170114839805295e-02,1.227132579650565269e-01,-2.024934089995084618e-01,-1.711023727601769517e-01,2.440904419321685559e-01,1.493811162250323898e-01,-7.480226998525403397e-03,-3.002055498458376381e-01,-4.271236427007462089e-01,-3.672773582376335222e-01,-7.815809464229858672e-02,1.157737164305822491e-01,-3.052951427677733642e-01,-2.428124581080477185e-01,-1.779167969971848506e-01,-4.995754948835961877e-03,-3.525626703606059009e-01,-1.220474552035390320e-01,-3.228651861119800071e-01,-2.868269359667545704e-01,-9.830644800929443095e-02,-1.141695339380669333e-01,1.291344564100272707e-01,1.664149425800974247e-01,3.278877519102730287e-01,4.577371643058223971e-01,2.430671611778899843e-01,3.259171544751776062e-01,-2.319495956030206973e-01,1.376066848384646379e-01,1.150185441708744850e-02,2.566915411769962740e-01,2.792037177711247375e-01,3.412618973144465606e-01,1.747173689619732906e-01,3.255328656329594672e-01,2.086152196255418034e-01,-1.207381920550516102e-02,3.589079047321148963e-02,-2.459046427454309736e-01,-5.155279503105589939e-02,-1.831627865409535608e-02,-9.220697975780865752e-02,-1.002368291702042113e-01,-1.769918226909155956e-01,3.056883685598105194e-02,-9.901693551990706221e-02,4.106528441842798721e-02,2.479243934045310405e-01,2.045310335582465611e-01,-2.548684034139148125e-01,-5.396130300728361334e-02,2.988113856740694518e-01,2.839358327002993732e-01,-1.555163322757942834e-01,3.578354707538317081e-02,-3.587917243844676030e-01,-3.031458063362973965e-01,-4.158049957549488362e-01,-1.745967201394164059e-01,3.421064390723446008e-02,2.306760802538093680e-01,-2.423790160418249351e-01,-4.072210554537736282e-01,-3.354528799320791732e-01,-2.168774297332320411e-01,2.479601412038071329e-01,5.810357924840252319e-02,2.480361052772688812e-01,-4.716028419500424562e-02,-3.002770454443898229e-01,-2.611197998123240271e-01,2.773224898342195877e-01,1.282452299030341081e-01,-2.717279592475088310e-02,-1.798873944322802731e-01,-1.570937039188524953e-01,-3.949148755529737764e-01,-5.549533044371955937e-01,-1.199338665713392017e-02,9.871307922606015195e-02,-1.635506501630993315e-01
-2.018007953885339045e-01,-1.989588453460833795e-01,3.641896420751597474e-01,6.047187095044461586e-02,1.000000000000000000e+00,8.103087716162473697e-01,2.332856696009651953e-01,-8.777872112248089054e-02,7.605523034988158626e-01,7.058000804325483823e-01,-3.816569104964475656e-01,-4.780553197193797565e-01,2.461950936145493596e-01,-1.716430582242280678e-01,6.586263908128155986e-01,4.729970061218106148e-01,-5.938066937754143959e-01,-3.110237276017694952e-01,-4.370123776754993306e-01,-4.557933777201840786e-01,1.767594619956208979e-01,2.330220295813039133e-01,2.704991286473926726e-01,5.400241297645114180e-01,7.183475579784619480e-01,4.820680101881227864e-01,3.964833102462129721e-01,4.140220742660529751e-01,-1.792707448947674087e-01,-1.129004870637651398e-01,2.867152240940167296e-01,2.324545332677956933e-01,-3.350868393214916918e-01,-3.240359265382725118e-01,8.232271325796505779e-02,8.137092810223870917e-03,-2.583582823182447585e-01,-1.415746905581125037e-01,2.038696992716385881e-01,-5.695518119665757967e-02,8.660351222127887771e-02,-1.319987488270253362e-01,-4.159435184771437255e-01,-2.942267304169087216e-01,1.004781268153179252e-01,3.193306224585548692e-01,-3.305330890567049207e-01,-3.908709057598641623e-01,2.140176057911434837e-01,2.706063720452209775e-01,-3.236561061709638532e-01,-8.446758121453147583e-02,-2.629518745252245604e-01,-3.833549309620626344e-01,-3.804012690468742963e-02,-1.791679699718486118e-01,-6.272398230483935966e-02,2.516198221546986011e-02,4.277268868135305491e-01,3.766924348719781768e-01,3.073953259752446598e-01,2.506367576746056369e-01,-4.123106483757093543e-01,-1.411948701908038728e-01,1.717056168729612642e-01,3.343759774788864769e-01,3.266991375843424916e-01,1.860762321819562914e-01,-8.890924527458778093e-02,-2.770945976138344258e-01,3.888377496760355712e-01,2.057375217838151860e-01,-4.544483667724205644e-01,-3.383216408239867468e-01,1.714062290540238620e-01,1.490012958577237590e-01,-3.571026408686714948e-01,-3.536038250145225326e-01,-5.351892399124178468e-01,-2.580588944993074119e-01,-5.014433173957728584e-01,-2.262791009428481992e-01,2.723580142097501988e-01,-7.208096876536038145e-02,-4.803431788730506136e-01,-2.053174851423209268e-01,5.390991554582420520e-01,3.074444791992492765e-01,-5.480584476518164661e-02,-2.460833817418115188e-01,-2.477545913579695114e-01,-2.032441127843067075e-01,-1.100853478707717048e-01,-2.147236248268465930e-01,-2.976808615219625476e-01,-1.687742973323204665e-01,-1.203673086375619955e-01,-7.033826355065016245e-02,1.402788328343536339e-01,1.046740247553509945e-01,2.440949104070780640e-01,-8.587515081102820025e-02,2.482639974976540431e-01,9.840028598239421165e-02,-1.624290629608114711e-02,2.803521158228696603e-02,3.748648286339872349e-01,1.664417534295545009e-01,-2.142589034362571976e-01,-4.757674605657088995e-01,1.364091335627150570e-01,1.580142097502122422e-01,-9.778363644488136108e-02,6.177666562402252259e-02,-9.393181107288083032e-02,-1.511908485633853272e-01
-1.691853970239957095e-01,-2.633138209928951312e-01,3.161445998480718611e-01,1.725233477814022143e-01,8.103087716162473697e-01,1.000000000000000000e+00,2.836677242057286108e-01,-3.404531033558246683e-02,7.074578846239778507e-01,6.551186380088476202e-01,-1.626703606059251850e-01,-3.510255149917333450e-01,4.565396130300728439e-01,-1.287635729925376560e-01,6.968541936637026035e-01,5.321864247732248643e-01,-4.323830376692434641e-01,-2.449886053889807347e-01,-3.059788194289289054e-01,-3.568032530497341481e-01,1.842441574690558137e-01,3.160194825506054683e-01,1.623530988873497505e-01,4.501765047589257884e-01,7.354484114571696596e-01,4.636042718620134728e-01,5.180749810089816387e-01,5.427275570847669428e-01,-1.180437016846150461e-01,-1.199517404709772583e-01,2.682336118682693837e-01,2.825103892041646025e-01,-3.211921010682788347e-01,-3.213950578667501001e-01,-2.112694937217927602e-02,-2.087224630233701361e-02,-2.312569819920461123e-01,-4.396979310961168785e-02,1.905313016667411485e-01,9.650118414585101556e-02,8.825237946288932295e-03,-1.226372938915947924e-01,-4.654140042003664379e-01,-4.734393851378524420e-01,1.692926404218240422e-01,3.203985879619286048e-01,-3.955359935653961490e-01,-4.800080432548371467e-01,1.218597792573394706e-01,2.809598284105634947e-01,-3.769828857410965628e-01,-5.566379194780821105e-02,-3.345323741007193985e-01,-4.620313686938647968e-01,1.756110639438759544e-02,-1.677152687787658025e-01,-7.783636444881361638e-02,-4.864828633987219875e-02,4.006792081862460275e-01,3.053219536172304127e-01,3.182492515304526370e-01,1.377541445104785711e-01,-3.206845703561374550e-01,-9.440100093837973383e-02,1.713481388802002015e-01,2.532642209213995521e-01,2.575673622592609124e-01,1.454890745788462447e-01,-1.211403547969078232e-02,-2.399794450154162373e-01,4.255552080075070132e-01,4.474194557397560001e-01,-4.050895929219357483e-01,-3.757317127664328016e-01,3.378301085839403028e-01,2.311765494436748836e-01,-2.649180034854104471e-01,-2.186246034228517821e-01,-5.026900218955270283e-01,-2.583359399436971904e-01,-3.952768220206443472e-01,-1.274140935698646060e-01,3.377318021359310141e-01,1.487108449886053937e-02,-4.481746279994637816e-01,-6.916752312435765770e-02,5.370704678493229967e-01,3.444881361991152247e-01,3.000580901738236772e-02,-2.002770454443898174e-01,-2.656508333705706049e-01,-1.584610572411635776e-01,-1.473122123419277063e-01,-1.812189999553152631e-01,-3.902944724965369261e-01,-2.137360918718441416e-01,-2.453728942311989014e-01,-1.384378211716341123e-01,7.098172393762008925e-02,6.718798873944323291e-02,1.477992761070646699e-01,-1.271057688011081876e-01,2.392778944546226361e-01,8.798873944322802010e-02,1.250770811921891046e-01,1.000044684749095136e-01,3.937486036015907520e-01,2.483488985209348077e-01,-1.239957102640868725e-01,-4.143974261584520979e-01,4.711559944590910931e-02,-4.816569104964475712e-02,-2.665400598775637953e-01,-7.952544796460968290e-02,-2.676124938558470112e-01,-1.346664283480048241e-01
3.725322847312212415e-01,9.509361454935430502e-02,7.425130702891102885e-01,6.648375709370392128e-01,2.332856696009651953e-01,2.836677242057286108e-01,1.000000000000000000e+00,4.372402698958845479e-01,2.965324634702176110e-01,1.136467223736538773e-01,2.959470932570713586e-01,9.683185128915501941e-03,2.598507529380222336e-01,1.334644085973457350e-01,2.220653291031770837e-01,-1.737789892309754558e-02,-1.257562893784351377e-01,9.351624290629607927e-02,2.900174270521471143e-01,1.663389785066356763e-01,2.762858036552124849e-02,5.947986952053264248e-02,3.850395460029492067e-01,4.797175923857187607e-01,1.914160596988248031e-01,1.327717949863711500e-01,1.901514812994324899e-01,2.753384869743956131e-01,3.170651056794316358e-01,-3.052862058179543411e-02,1.200723892935341153e-01,1.088877965950221238e-01,1.913000930562133162e-01,1.398453907681308506e-01,1.499754233879976861e-01,1.693775414451047789e-01,-1.960275258054426095e-01,-1.781983109164841927e-01,2.044327271102372723e-01,7.487376558380624825e-02,-1.949595603020689016e-01,-4.688860092050582962e-01,-5.133249921801689153e-01,-4.250994235667366894e-01,-5.121765941284239787e-02,7.422136824701728967e-03,-5.861253854059609303e-01,-4.385137852450958218e-01,-2.889092452745877782e-01,-2.071987130792260490e-01,-5.048572322266410284e-01,-3.738370794047991552e-01,-5.683587291657357099e-01,-4.336342106439072253e-01,-2.668841324455963337e-01,-2.716073104249519532e-01,1.295768354260690702e-01,1.373787926180794483e-01,2.432593055989990538e-01,3.349926270163993136e-01,4.470843201215425333e-01,4.967737611153313360e-01,-2.207694713794182140e-01,1.889449930738638928e-01,1.636221457616515440e-01,2.506680369989722768e-01,2.917065105679431669e-01,2.695160641672996737e-01,4.535948880647035220e-02,1.601635461816881822e-01,2.689664417534295415e-01,1.866705393449215877e-01,3.909021850842307744e-02,-1.320121542517538882e-01,-2.755708476696903247e-02,1.200411099691675171e-01,-9.941909826176326126e-02,-1.497564681174315127e-01,-2.450958487868090674e-01,1.319585325528397080e-01,-1.558782787434648542e-01,1.119889181822244090e-01,9.954868403413914824e-02,1.915903302202958125e-01,-1.757540551409803864e-01,-1.488314938111622576e-01,5.077572724429152418e-01,4.242414763841100833e-01,3.315608382858930420e-02,-1.252558201885696498e-01,-4.573350015639662258e-01,-2.575897046338084806e-01,-3.397738951695786214e-01,-1.810268555342061658e-01,1.664060056302783808e-02,1.227847535636087395e-01,-3.697841726618705249e-01,-4.240984851870056582e-01,-3.446132534965816174e-01,-1.984002859823942033e-01,1.170919165288886871e-01,-8.866794762947406705e-02,1.273872827204075298e-01,-1.186871620715849729e-01,-2.686536485097636429e-01,-1.620492425935028402e-01,1.578444077036507409e-01,2.465391661825818981e-01,1.047142410295366227e-01,-2.104472943384422812e-01,-1.384467581214531562e-01,-4.128870816390365905e-01,-5.203494347379239438e-01,-2.441127843067161102e-02,-5.920729255105232521e-03,-1.209928951248938761e-01
9.471826265695518221e-02,2.100496000714955902e-01,4.181732874569909497e-01,5.278654095357254716e-01,-8.777872112248089054e-02,-3.404531033558246683e-02,4.372402698958845479e-01,1.000000000000000000e+00,-1.437016846150408755e-01,1.655212475981947262e-01,1.395594083739219726e-01,3.887841279771214187e-01,-5.266991375843424472e-02,2.820277939139371748e-01,-5.256713883551544092e-02,4.089548237186647894e-02,-1.913132847759059785e-01,-1.311720809687653699e-01,1.872246302337012280e-01,1.130702891103266411e-01,-1.071138120559453066e-01,-6.380982170785111374e-02,4.036998972250770978e-01,3.242012601099245050e-01,-1.154832655614638770e-01,-7.721524643639125947e-03,-8.073640466508780200e-02,1.818669288171946997e-03,1.892845971669869162e-02,-8.473568970910227982e-02,-4.722731131864694315e-02,1.549220251128289871e-01,2.947007179731920279e-01,1.524286161133205364e-01,1.973591313284775994e-01,6.591894186514142551e-02,-2.470977255462710465e-01,-1.617543232494749461e-01,1.223468430224764272e-02,-4.533267795701326902e-02,-3.557799722954555488e-01,-4.728182671254300695e-01,-2.224272755708476823e-01,-2.462084990392778838e-01,-2.992224853657446948e-01,-1.773984539076813027e-01,-3.337593279413735847e-01,-2.257294785289780670e-01,-1.788060235041780133e-01,-3.500156396621832700e-02,-8.971357075830019290e-02,-1.730550962956342864e-01,7.591938871263238103e-03,-1.702488940524599093e-01,-2.252200723892935352e-01,-2.266052996112426776e-01,8.429777916796997450e-02,1.341972384825059206e-01,-1.622592609142499698e-01,1.348764466687519537e-01,3.542383484516734571e-01,3.416595915813932516e-01,-3.662317351088073547e-01,1.014343804459538062e-03,7.566021716788060014e-02,1.232316010545600748e-01,6.890388310469636873e-03,4.477858706823361484e-02,-2.130613521605076166e-01,-4.441217212565351513e-02,-1.234103400509406201e-01,-1.527860941060815991e-01,-6.874301800795389050e-02,-2.952142633719111453e-01,-1.060100987532955064e-01,-1.885785781312837861e-01,-2.089280128692077299e-01,-1.678403860762321953e-01,1.687877027570490185e-01,1.856651324902810693e-02,-6.749631350819965125e-02,-3.936279547790338951e-02,-1.327047678627284455e-01,-5.691049644756245030e-02,-5.346083381741811857e-02,-3.351356182135037387e-02,9.634031904910854080e-03,4.852763751731534181e-03,7.059743509540193640e-02,5.676303677554850324e-02,-2.887975334018499582e-02,-2.347289869967380260e-01,5.202645337146431792e-02,1.745833147146878817e-02,2.817730908440949089e-01,2.943563161892845947e-01,-1.591223915277715714e-02,-2.716430582242280733e-01,-1.783413021135886456e-01,-2.945931453594888283e-01,-1.487376558380624769e-01,-6.065507842173466224e-02,-2.243129719826623125e-01,-3.112114035479690566e-01,-2.714643192278475281e-01,-1.868671522409401653e-01,-1.371240895482371824e-01,-2.241118906117342269e-01,1.318602261048304192e-01,3.946557040082220025e-02,-3.020823093078332522e-01,-2.262701639930291830e-01,-2.303096653112292891e-01,4.072612717279592287e-01,4.435006032441127788e-01,-4.342017069574154176e-02
-1.662227981589883274e-01,-1.966620492425935063e-01,4.274453728942311792e-01,1.292104204834889913e-01,7.605523034988158626e-01,7.074578846239778507e-01,2.965324634702176110e-01,-1.437016846150408755e-01,1.000000000000000000e+00,7.140310112158719802e-01,-1.937530720765002767e-01,-4.806917199159926879e-01,4.236516376960543506e-01,-1.679744403235175765e-01,5.985924304035032950e-01,2.903391572456320846e-01,-5.315608382858930669e-01,-1.639483444300460224e-01,-3.128558023146700284e-01,-3.548415925644577418e-01,7.519549577729120471e-02,1.802269985254032758e-01,2.491710979042852658e-01,4.185888556235756730e-01,5.468787702757048619e-01,3.841592564457750325e-01,3.034943473792394708e-01,3.413512668126368332e-01,-9.386031547432861777e-02,-1.810536663836632421e-01,1.612181062603333381e-01,1.545019884713347280e-01,-3.895665462786137567e-01,-3.468564279011573381e-01,-1.017471736896197326e-01,-2.076142812458108000e-01,-2.383618570981723972e-01,-1.843290584923365782e-01,-3.264220921399526437e-02,-2.004066312167657182e-01,-5.106126279100942772e-02,-1.693462621207381946e-01,-3.165467625899280324e-01,-2.342195808570534943e-01,1.149113007730461627e-01,3.398230483935832935e-01,-1.619419991956745075e-01,-3.023593547522230862e-01,2.060592519773001563e-01,1.578041914294651127e-01,-3.107109343581035965e-01,-1.008087939586219256e-01,-2.041154653916618378e-01,-2.115376022163635572e-01,-2.433129272979132340e-01,-2.675901514812994431e-01,-6.836766611555476769e-02,-2.529156798784574708e-02,4.855087358684481158e-01,2.886143259305599118e-01,3.075338486974395491e-01,1.168774297332320494e-01,-2.920595200857947216e-01,-2.231735108807363921e-01,-1.207828768041467431e-02,2.095580678314491185e-01,2.132222172572501018e-01,7.616962330756513189e-02,-8.439161714106975520e-02,-1.611778899861477377e-01,4.047633942535412421e-01,3.811519728316725697e-01,-2.965458688949461630e-01,-3.025649045980606799e-01,1.825774163278073292e-01,1.297198266231735231e-01,-3.357701416506546077e-01,-3.656150855712945180e-01,-4.664194110550069494e-01,-1.913847803744581910e-01,-4.061128736762142921e-01,-1.728897627239822932e-01,1.483846463202109223e-01,-7.029357880155502614e-02,-4.431029089771660878e-01,-3.857679074131998842e-01,3.410697528933375189e-01,1.264042182403145864e-01,-1.858438714866615937e-01,-3.270342732025559584e-01,-9.884266499843603893e-02,-1.837660306537378663e-01,-1.028106707180839186e-01,-1.815630725233477738e-01,-1.677465481031324146e-01,-1.224406809955762149e-01,-4.321462084990392721e-02,1.596586085169131655e-02,1.539344921578265357e-01,2.769471379418204648e-01,2.958353813843335178e-01,1.799857008802895619e-01,3.141114437642432700e-01,2.928772509942356717e-01,-7.193797756825595635e-02,-4.830868224674918221e-02,4.122257473524286175e-01,3.937620090263193040e-01,-2.131909379328835175e-01,-3.558693417936458214e-01,1.040082219938334995e-01,2.039858796192859369e-01,1.840117967737611021e-02,-2.852227534742392268e-02,-7.798382412082756343e-02,-3.854506456946243942e-02
-2.196702265516779218e-01,-2.126547209437419095e-01,3.353143572098842840e-01,5.255820188569641088e-02,7.058000804325483823e-01,6.551186380088476202e-01,1.136467223736538773e-01,1.655212475981947262e-01,7.140310112158719802e-01,1.000000000000000000e+00,-2.925331784262031332e-01,-2.221323562268197882e-01,1.857723758881093812e-01,-3.470217614728093175e-02,5.283658787255909317e-01,5.455382278028508836e-01,-6.833817418115197828e-01,-3.395281290495553717e-01,-2.785870682336118453e-01,-3.404888511551007468e-01,2.244961794539523589e-02,6.841681933955941208e-02,3.062290540238616354e-01,4.069037937351981937e-01,3.992805755395683609e-01,2.605210241744492783e-01,3.104919790875374508e-01,3.342240493319629802e-01,-4.064480092944278145e-01,-2.414451047857366361e-01,8.110728808257741673e-02,2.465927878814960506e-01,-2.593751501131585369e-01,-3.627239823048393763e-01,8.436480629161267897e-03,-1.014611912954108824e-01,-3.648956611108628567e-01,-1.550739532597524561e-01,-1.181911613566289793e-01,-1.555654854997989278e-01,-1.311273962196702336e-01,-2.524777693373251863e-01,-2.722775816613789979e-01,-2.505786675007820041e-01,-1.287501675678091040e-01,1.376424326377407303e-01,-2.936681710532195178e-01,-3.394521649760936510e-01,1.306894856785379144e-01,2.592162295008713646e-01,-2.018052638634434126e-01,-9.733232047902050377e-02,-3.556906027972652623e-02,-1.760132266857321603e-01,-2.751016578041914351e-01,-2.848071853076544757e-01,-8.780106349702845869e-02,-8.324321908932481862e-02,2.170963850037982146e-01,1.505473881764153865e-01,4.191384780374458052e-01,1.516332275794271545e-01,-3.772241833862102767e-01,-3.079628222887528244e-01,1.670628714419768457e-01,1.998570088028955583e-01,1.214486795656642415e-01,-2.290093391125608974e-02,-2.018454801376290408e-01,-3.310022789222038520e-01,1.153089950399928537e-01,1.185352339246615178e-01,-4.180749810089816609e-01,-4.712677063318289616e-01,9.049555386746503671e-02,-1.004066312167657161e-02,-4.353858528084365020e-01,-3.920058983868805469e-01,-3.537289423119889253e-01,-1.563608740336923097e-01,-4.008445417578980208e-01,-1.296662049242593429e-01,-1.686849278341302077e-02,-2.072389293534116772e-01,-3.584208409669779605e-01,-1.773358952589481341e-01,2.194557397560212564e-01,9.946825148576790565e-02,-1.623084141382546142e-01,-8.156754099825729021e-02,-1.779793556459180470e-02,-1.492068457035613804e-01,5.279503105590062362e-02,-6.164261137673712060e-02,-2.428169265829572404e-02,-2.400464721390589348e-02,9.387372089905715589e-02,5.526609768086152008e-02,1.790562580991107711e-01,7.584342463917065347e-02,8.293489432056838639e-02,9.782385271906698931e-02,4.663300415568166768e-02,8.136199115241968260e-02,-8.019571920103668594e-02,1.041154653916618201e-03,2.386791188167478317e-01,1.193306224585548997e-01,-8.618794405469412667e-02,-1.781536261673890564e-01,1.556682604227177247e-01,2.145895705795611841e-01,9.070110371330264432e-02,2.498234952410742227e-01,1.696813977389516892e-01,-5.556995397470843034e-02
4.654542204745520384e-01,7.791232852227535088e-02,1.182939362795477900e-01,9.480316368023593288e-02,-3.816569104964475656e-01,-1.626703606059251850e-01,2.959470932570713586e-01,1.395594083739219726e-01,-1.937530720765002767e-01,-2.925331784262031332e-01,1.000000000000000000e+00,2.755887215693283987e-01,4.758389561642611398e-01,2.643371017471736750e-01,-4.112784306716117666e-02,-2.053755753161445874e-01,4.439385137852450702e-01,3.249743062692703188e-01,5.678940077751463145e-01,4.454175789802940488e-01,6.108405201304794793e-03,-5.987756378747933084e-04,1.173555565485499830e-01,-8.021806157558425410e-02,-1.460699763170829890e-01,-1.667947629474060556e-01,-4.565887662540774744e-02,-3.878636221457616717e-02,2.764556057017739654e-01,-2.357567362259260779e-02,-2.179766745609723333e-01,-9.844943920639885604e-02,4.035037350908893261e-02,-5.604808079002636390e-02,-1.575718307341704150e-01,-1.711336520845435361e-01,2.157245632065775964e-01,1.216631663613208791e-01,1.559497743420170659e-03,1.860717637070467834e-01,-6.619151883462173758e-02,-6.117788998614772517e-02,-8.391795880066133320e-03,-7.571830734170427457e-02,4.778587068233611929e-02,-2.983868805576656569e-01,-1.647258590643013443e-01,1.667187988739443280e-02,-3.245587381026855400e-01,-3.451762813351803016e-01,-1.275258054426024468e-01,-2.663479154564546980e-01,-2.704767862728451044e-01,5.815720094731668260e-02,-3.964252200723892838e-01,-1.413065820635417136e-01,9.057598641583627930e-02,-1.163501496939094715e-01,-3.992135484159256564e-01,-3.105456007864516033e-01,1.162697171455382220e-02,-1.411099691675231360e-01,4.432101523749943928e-01,3.691407122749005426e-02,3.292372313329460648e-02,-3.477545913579695447e-01,-2.757629920907994081e-01,-3.831583180660440568e-01,2.226194199919567449e-02,-1.002725769694803176e-01,-1.613566289825282482e-02,1.604674024755350925e-01,3.956477054381339897e-01,2.047589257786317507e-01,8.829706421198445579e-03,1.859734572590374946e-01,2.240180526386344462e-01,2.109209526788507205e-01,3.145270119308279932e-01,3.086822467491844857e-01,3.995978372581437954e-01,3.904508691183699032e-01,-1.782921488895839943e-02,3.169578622816032754e-01,4.096072210554537740e-01,1.578712185531078172e-02,-1.106573126591894191e-01,-7.438670181866928466e-02,6.849725188793065467e-02,-8.251038920416461919e-02,-7.748782340587156980e-02,3.265114616381428747e-02,-1.866839447696501120e-01,2.416774654810313339e-01,2.446936860449528545e-02,-6.696903346887707331e-02,-2.858974931855757795e-01,-2.502837481567540823e-01,-3.746950265874257058e-01,-1.034183833057777391e-01,-3.801465659770320582e-01,-1.300773046159345823e-02,-3.314267840386076469e-01,-3.213459046427454280e-01,1.672103311139908066e-02,4.637830108583940181e-02,-3.941954510925421151e-01,-2.293668171053219601e-02,6.541847267527592900e-03,1.282273560033960480e-01,-4.048706376513696026e-01,-3.516332275794271656e-01,-1.553063139550471539e-01,-1.996246481076008883e-01,-1.558380624692792260e-01,1.571786049421332598e-01
1.698288574109656501e-01,2.125966307699182212e-01,-1.200545153938960691e-01,1.401671209616157932e-01,-4.780553197193797565e-01,-3.510255149917333450e-01,9.683185128915501941e-03,3.887841279771214187e-01,-4.806917199159926879e-01,-2.221323562268197882e-01,2.755887215693283987e-01,1.000000000000000000e+00,-1.039680057196478852e-01,6.085035077528039293e-01,-3.151213190937932618e-01,-2.697037401134992352e-01,2.536172304392511068e-01,2.530407971759238706e-01,3.483042137718396769e-01,3.254300907100406426e-01,-2.127172795924750781e-01,-1.440234148085258459e-01,2.713257965056526180e-02,-1.284641851736002538e-01,-3.637427945842083843e-01,-2.756065954689664310e-01,-1.312748558916841668e-01,-1.230260512087224672e-01,1.755038205460476286e-01,2.339201930381160921e-01,-1.889941462978685371e-01,-5.031055900621118210e-02,2.555188519583032059e-01,1.451271281111756462e-01,-2.500067027123642482e-01,-1.004781268153179252e-01,3.529648331024621416e-02,-1.121050985298717578e-01,-1.570356137450288347e-01,2.230260512087224589e-01,-9.975423387997676972e-02,-1.326600831136333092e-01,4.892086330935251776e-02,-1.524330845882300445e-01,-1.857947182626569493e-01,-3.006926136109746017e-01,-3.349121944680280571e-02,1.668707270208677762e-01,-1.637338576343893848e-01,-1.310782429956655892e-01,2.071495598552214046e-01,5.857723758881094173e-02,1.466553465302292414e-01,2.564010903078779435e-01,-1.703606059251977223e-01,2.728227356003395943e-01,5.073059564770544122e-02,-2.047902051029983420e-02,-2.686804593592206913e-01,-1.031502748112069351e-01,-6.822467491845032872e-02,-1.186826935966754475e-02,2.767505250458018873e-01,8.916394834443004680e-02,-1.481746279994637927e-01,-2.448813619911524297e-01,-2.807676839894543974e-01,-2.587872559095580893e-01,-1.176013226685732188e-01,9.364582867867196625e-02,-3.354171321328030531e-01,-6.453371464319228312e-02,3.931900442379016036e-01,4.057375217838151554e-02,-2.974082845524822494e-01,2.772241833862102919e-02,-2.051029983466642892e-02,4.267840386076231923e-02,5.200545153938960219e-01,3.478484293310692976e-01,3.969748424862594161e-01,2.624737477099066130e-01,-2.145359488806470316e-01,2.689753787032485577e-01,2.744135126681263581e-01,3.052504580186782279e-01,-3.059117923052862009e-01,-9.544662406720585968e-02,1.031681487108449952e-01,4.058134858572768899e-01,9.914205281737342723e-02,-1.204879574601188663e-01,2.905402386165601564e-02,-2.948746592787881635e-02,2.693864783949238006e-01,2.987577639751552994e-01,-7.998570088028955638e-02,-1.212163188703695438e-01,-3.654050672505473885e-01,-2.303990348094195340e-01,-1.142410295366191458e-01,-7.788551767281826944e-03,-2.301398632646677600e-01,-1.678403860762321953e-01,8.805129809196121649e-02,1.345994012243621196e-01,-2.627954779033915833e-01,-2.023504178024040367e-01,2.393672639528129087e-01,3.131998748827025114e-01,-3.012467044997542143e-01,-2.547477545913579555e-01,-5.922516645069037661e-02,1.906519504892980055e-01,3.551454488583046798e-01,2.637919478082130786e-01
3.215961392376781580e-02,-1.165020778408329266e-01,2.051610885204879497e-01,8.087939586219223057e-03,2.461950936145493596e-01,4.565396130300728439e-01,2.598507529380222336e-01,-5.266991375843424472e-02,4.236516376960543506e-01,1.857723758881093812e-01,4.758389561642611398e-01,-1.039680057196478852e-01,1.000000000000000000e+00,1.156128513338397640e-01,4.981277090129138663e-01,1.489834219580856989e-01,-3.009964699048214842e-02,1.148219312748558901e-01,-2.178381518387774093e-02,-1.168506188837749732e-01,-1.127172795924750864e-01,6.716117788998614453e-03,1.193082800840073315e-01,8.074981008981634012e-02,3.558291255194602209e-01,1.732248983421958155e-01,1.599982126100361890e-01,1.228785915367085202e-01,1.460789132669020052e-01,-1.866035122212788763e-02,1.094686983332588542e-01,1.426649984360337797e-01,-2.844455565996196200e-01,-3.024442557755038230e-01,-2.664596273291925388e-01,-3.031055900621117960e-01,-1.190625139639840957e-01,-1.347200500469189766e-01,-9.474954198132178040e-02,-1.045712498324321976e-01,-2.167657178604942003e-01,-1.691764600741766933e-01,-1.237320702444255766e-01,-2.259216229500871365e-01,3.022208320300281414e-01,2.692345502480003594e-01,-2.569149649224719556e-01,-3.409446355958711261e-01,9.722060860628267687e-02,1.464006434603869755e-01,-2.150140756959649790e-01,-7.523571205147683294e-02,-2.485767907413199973e-01,-1.655569953974708464e-01,-2.418606729523213594e-01,-2.815988203226238995e-01,-9.071004066312168129e-03,-7.772912105098529756e-02,7.299700612181062032e-02,5.577103534563653681e-02,2.498369006658027747e-01,-8.419500424505116376e-02,1.358014209750212364e-01,-6.637472630591179090e-02,2.166763483623039555e-02,-1.040395013182000977e-01,-1.333437597747888781e-01,-2.625318378837303013e-01,-1.346128066490906716e-01,-3.274587783189597534e-01,2.937307297019527419e-01,4.415970329326600607e-01,-2.897805978819428807e-02,-1.412484918897180357e-02,3.234863041244023241e-01,2.800571964788417523e-01,-1.062826757227758184e-01,-2.043165467625899234e-01,-8.968675990884311666e-02,-1.070646588319406657e-02,-1.949595603020689086e-02,5.284865275481478303e-02,9.437419008892265759e-02,1.009875329550024604e-02,-1.058134858572769149e-01,-1.418383305777738135e-01,1.197595960498681750e-01,-9.201483533669958803e-02,1.367398007060190435e-01,-3.500826667858260022e-01,-1.107377452075606616e-01,-1.915054291970150480e-01,-1.096206264801823094e-01,-4.690558112516197975e-02,-2.487644666875195587e-01,-2.219268063809821667e-01,-2.655659323472898681e-01,-1.962420126010992472e-01,-8.986549890522364803e-02,1.395147236248268363e-01,-1.235175834487689389e-01,-6.679029447249654194e-02,-6.301443317395773180e-02,-6.995844318334153156e-02,1.814692345502479931e-01,1.121810626033334785e-01,4.038160775727244606e-02,1.590196166048527537e-01,-3.085481925018990906e-02,-1.884043076098127767e-01,-2.203539032128334629e-01,-4.165959158139326962e-02,-7.679967826980652057e-02,-2.253407212118503922e-01,-2.595111488448992310e-01,1.541981321774878178e-01
