0.000000000000000000e+00,5.199361483457610733e-01,-2.288294592289694118e-01,-3.883405129999343841e-01,1.833854496949552937e-01,-9.213443834597975779e-02,-4.808991712405152191e-02,-8.230303295357635496e-02,1.427171940259342742e-01,1.567820515623974953e-01,1.864818175854453253e-01,2.383022457414007977e-01,1.548839955391310141e-01,1.838096695895563293e-01,3.261682447355185865e-01,3.575124095252673051e-01,3.280794209617108881e-01,1.885416894447967395e-01,4.292842929303973265e-01,4.167982331460060030e-01,1.294657890708709735e-01,2.127178500360805691e-01,7.710305919398219646e-03,-1.661586232533729945e-01,1.172071461371935889e-03,-3.526710546456451878e-02,1.476547637270123059e-01,4.203450613369486555e-01,2.132601517570138494e-01,1.930725328551748388e-01,-2.026371607880868564e-01,-7.722114102031445160e-02,-8.795346701362313779e-02,-8.082045002296036132e-03,-1.398394961842076567e-01,-2.285014541558242629e-01,-1.758107192057903724e-03,-9.748310773873303248e-02,-6.647569482407994284e-04,-7.971835297719270796e-02,-8.938356913253592273e-02,5.097636176772867705e-02,-3.715860138636810639e-01,-4.098139117885023497e-01,-3.524698782007828490e-01,-1.204128490520653405e-01,-1.020882989656906742e-01,-2.112615075113161711e-01,-2.434191248824648379e-01,-1.273884236076184562e-01,-4.355994839386849171e-01,-3.581028186569285565e-01,-3.384400078721217509e-01,-3.533183179899849202e-01,-9.506461699940958743e-02,-1.264393955959852156e-01,3.769084428505827811e-01,4.022216876954363696e-01,-1.466576283046511220e-01,-1.565983687214362319e-01,1.504887275589862454e-02,1.830093372110822014e-01,-1.038420327567733115e-01,1.604688285845487783e-01,-1.621176007522249773e-01,-8.995648466029608492e-02,-4.778421639588025793e-01,-4.847521374997266763e-01,3.053727230981172491e-01,3.310402134219675996e-01,1.947256784238262928e-01,9.937679036102424479e-02,-6.471321423104677006e-02,4.633180993199361580e-02,-2.609171021845137911e-02,9.455292908530319243e-03,9.529203385012355310e-02,1.038638997616496418e-01,4.063239378102381227e-01,1.879425335111849782e-01,2.046532986376856100e-01,6.628763858214339888e-02,3.224814677133672758e-01,2.455139839496184306e-01,-1.227744855787102907e-01,-2.307493822571122510e-01,3.210732325993308489e-01,3.945988497955434937e-01,-1.894469834466773195e-01,-2.098882596050818949e-01,-1.140408038310992550e-01,-1.395114911110625078e-01,-1.024163040388357954e-01,-2.824342349828343895e-02,2.838162296910192173e-01,2.815989153965581249e-01,2.045702040191554882e-01,2.106492313747785894e-01,-7.700247097155102360e-02,-3.790863965362663984e-02,1.871771883405130010e-01,0.000000000000000000e+00,-5.117753821259102276e-02,-3.779055782729439511e-02,-3.102053311757888565e-01,-1.178106754717806320e-01,-3.382432048282346670e-01,-8.858761015503706371e-02,2.514618092759834944e-01,2.917014716494281679e-01,-1.425947387986267467e-01,-2.625002733375609298e-01,8.816339026043602811e-02,9.642474470271807097e-02,-3.399357110056635545e-01,-6.573659005925958088e-02
5.199361483457610733e-01,0.000000000000000000e+00,-4.809254116463668183e-01,-2.872449760556296527e-01,1.674137893332750329e-02,-1.750191336292667987e-01,-4.108372876167151189e-01,-9.703702083925565269e-02,2.815158207780280586e-01,2.505958758828803149e-03,-1.308827709868579381e-01,5.150248190505346546e-01,-2.730751568957599795e-02,4.444862347204303621e-01,3.143600621022938357e-01,3.796855524698781736e-01,3.018258949071745412e-01,3.753821259102140817e-01,2.798101943976733508e-01,5.469069121602414540e-01,2.467122958168419533e-01,3.940303076687586281e-01,-2.742997091688351707e-01,-4.034549867704620429e-01,-3.158076578251076683e-01,-3.603638669611423095e-01,1.364501104283746304e-03,2.692396842404495838e-01,2.494719118322363260e-01,2.928647963088495954e-01,-2.346766963329032785e-01,-1.709868579300693192e-01,-4.190592814502197561e-02,1.777481358378343035e-01,-2.403096367890490137e-01,-1.173820821762043276e-01,2.666243904572390688e-01,2.175417113118016110e-01,2.364085631191095715e-01,1.528022566749032418e-01,1.365594454527563339e-01,1.470337407885241865e-01,-5.259014672760271569e-01,-4.448885876101550396e-01,-5.097636176772867289e-01,-3.321991646804137166e-01,-1.315912619448514065e-01,-1.545953510747632986e-01,-1.921191314425663155e-01,-1.221141020314447517e-01,-2.068574927292208820e-01,-2.198596138286938728e-01,-2.531936760621897875e-01,-4.330279241652270628e-01,2.000830946185301051e-01,5.701602851457435867e-02,4.521090726203231824e-01,4.865408584986114504e-01,1.836566005554219339e-01,2.327392797008593639e-01,1.778268570553891148e-01,3.679560910542082897e-01,-9.521331263256871402e-02,3.412564781001946046e-01,-3.001727493385231149e-01,-2.495593798517417028e-01,-3.642649406310817795e-01,-2.458201220178872215e-01,1.221097286304694829e-01,2.131376965297063220e-01,5.203472480374363163e-02,-1.074194747545428735e-01,4.831733397476547370e-02,2.491482801600664876e-01,1.306815945419955716e-01,7.893114080164440050e-02,1.431370405195600271e-01,2.548861822396186194e-01,3.000809079180424832e-01,1.191270691653364272e-01,-5.199536419496621209e-02,-2.249852397717084784e-01,3.449913625330738309e-01,2.334565174608033977e-01,-1.549233561479084198e-01,-4.678489427303142434e-01,3.434519253897793667e-01,3.295488836894010509e-01,8.811965625068333974e-02,1.088801906802825264e-01,-2.226542170518903963e-01,-9.313594716931622441e-02,-2.198027596160153918e-01,4.024840917539524582e-02,2.890905512671929078e-01,2.127178500360805691e-01,7.481139708294154422e-02,8.710502722442106660e-02,-1.547440467079224113e-01,-1.584395705320242320e-01,1.358946885045155262e-01,0.000000000000000000e+00,-8.869694517941877077e-02,3.346832564343661942e-01,-2.829677899018171461e-01,-4.278060834007565982e-02,-2.942336708141086166e-01,-1.329907502569372957e-01,1.587107213924908722e-01,4.154730926504996563e-02,-2.665587894426100224e-01,-3.201679385974502967e-01,1.176794734425225808e-01,1.740613588156830066e-02,-1.972447573855808933e-01,-6.305569526142004722e-02
-2.288294592289694118e-01,-4.809254116463668183e-01,0.000000000000000000e+00,5.969167523124357944e-01,8.211497671163980883e-02,1.257746386477444078e-01,7.439155058931578024e-01,3.926133257527716358e-01,-3.376834095034003114e-01,-2.306400472327305440e-01,1.511010036955238167e-01,-4.007084909579934906e-01,-1.316393693555793602e-02,-5.217511097504974327e-01,-2.488465154927729517e-01,-3.544029214318514809e-01,-3.669108482211191347e-01,-3.812337364151232033e-01,-2.917058450504034575e-02,-4.044827359996501226e-01,-1.797948874942598974e-01,-3.405348669392753158e-01,5.845137871465745372e-01,4.981741050928254477e-01,3.187247162756117191e-01,3.111062517766941538e-01,-2.231177975552688653e-01,-2.700137762130720986e-01,-3.019702171393583989e-01,-2.037961120465329734e-01,1.377052765082766583e-01,4.082132470315540801e-02,1.228400865933393094e-01,-6.517242133344995636e-02,3.744637117054077091e-01,2.393649821783910281e-01,-3.251536157092563273e-01,-3.010036955238241108e-01,-7.236229253679123119e-02,-2.396536266427587436e-01,-3.401981150641796847e-01,-4.287113774026371504e-01,1.194681944414073549e-01,1.893682622291224804e-02,1.374297522468347632e-01,-5.171546653254903425e-02,-1.540749163587063486e-01,3.009337211082198024e-02,1.852572653123701549e-02,-1.210207517876276534e-01,3.053202422864140231e-01,6.634011939384662493e-02,3.811812556034199773e-01,3.750803612429205458e-01,-1.461678073954210400e-01,-1.396514399422711106e-01,-7.019745905403337316e-01,-4.450591502481904826e-01,-2.685574336883077007e-01,-2.942074304082569758e-01,-1.389342021823270767e-01,-4.917452056591808396e-01,1.286173492816689023e-01,-5.113030548205812487e-01,5.508692134438345489e-01,1.382169644223830707e-01,3.638407207364807161e-01,2.591677417944064366e-01,-3.143207014935164301e-01,-4.556121668015131743e-01,-2.427718615381251333e-01,-2.528656709890446108e-01,-3.216986289387942510e-01,-3.857558330235507649e-01,-3.269685771139926866e-01,-3.177275808532505352e-01,-4.208042684393518695e-01,-5.609411558898778072e-01,-2.834007565983687194e-01,2.427237541273971622e-01,1.542935864074697697e-02,1.574205681047866900e-01,-3.662985720845815529e-01,-2.531543154534123263e-01,2.257199711355535598e-01,4.676565130874024145e-01,-4.199558286501497983e-01,-3.555881130961492387e-01,-1.173339747654763704e-01,-2.334171568520259643e-01,1.753208982965603069e-01,-1.640244035774419962e-01,1.871990553453893313e-01,-3.333537425378845787e-01,-6.264459556974481813e-02,-5.860357306859679226e-03,-6.473070783494784541e-02,1.242964291181036934e-01,4.042334521440598544e-02,7.547178063020708316e-02,-1.885635564496730976e-01,0.000000000000000000e+00,-7.916730445430888996e-02,-1.165292689860269876e-01,6.611270254313267314e-02,-2.645688919988629095e-01,1.674225361352255637e-01,2.341037808051431302e-01,-1.009118541033434679e-01,2.003979794887494337e-01,4.233845750147602338e-01,2.608471277689095036e-01,-1.412608515011698745e-03,-2.457457742013076374e-01,6.934027246288075597e-02,4.924449498152238223e-03
-3.883405129999343841e-01,-2.872449760556296527e-01,5.969167523124357944e-01,0.000000000000000000e+00,-1.286479630884957703e-01,2.563381513634077624e-01,4.130283615053246260e-01,5.984343224508539283e-01,-3.137477859657562540e-01,-2.548643152347422891e-01,-1.665478559401718794e-01,-2.437165161487830911e-01,-2.327742669086615146e-01,1.242045876976230652e-02,-3.768559620388795550e-01,-2.013907415101353626e-01,-3.680085718659115157e-01,-3.992040410225011215e-01,-2.115020445649559433e-01,-4.368109160088342602e-01,-3.571800310511469290e-01,-3.476766307318886473e-01,1.735540443025518909e-01,3.256609302223874569e-01,9.800791585576524440e-03,-1.137084253569788615e-02,-3.767072664057203868e-01,-4.206774398110690871e-01,-3.524130239881043680e-01,-2.127397170409568994e-01,-1.740482386127572001e-01,-3.115523386761715474e-01,2.008484397892020823e-01,1.267499070652292892e-01,1.971048085543723183e-01,1.837615621788283582e-01,-5.118803437493166797e-01,-4.529443922065994887e-01,-2.479237278869913241e-01,-3.319498808248234067e-01,-4.295423235879381463e-01,-3.887734796964859574e-01,1.202729002208567516e-01,9.430801863068814794e-02,-2.869388379873608758e-02,-1.441035621350943499e-02,-3.627867311014410512e-01,-9.837090813671250933e-02,1.397126675559248743e-01,7.915855765235835706e-04,7.313813386980385634e-01,2.883470731013972888e-01,5.889003083247688064e-01,4.206643196081432667e-01,-1.362708009883886184e-01,-2.914653079967636784e-01,-6.690734950033894179e-01,-4.226236032450635394e-01,-1.361745861669327040e-01,-4.616124729395814502e-02,-9.729942489777175518e-02,-3.111237453805952291e-01,8.681200935907808225e-02,-2.138330672847739977e-01,2.033106645382782018e-01,2.889549758369596155e-01,5.260632831121121455e-01,6.372307625024600242e-01,-3.908552185607137575e-01,-4.469178456626795581e-01,-3.831142988344886646e-01,-4.711508604666418965e-01,-3.850036080558045803e-01,-4.942730314228860333e-01,-5.098860729045943119e-01,-4.818394524501978804e-01,-4.286763901948349997e-01,-5.173820821762042943e-01,-2.218976186831689568e-01,2.402615293783210426e-01,2.532199164680413572e-03,1.754214865189915040e-01,-5.142026196671841687e-01,-2.213290765563840634e-01,2.821106033106645650e-01,4.023747567295707372e-01,-5.253897793619207723e-01,-5.451138177603813695e-01,-2.321926045789508286e-01,-2.843147974021998370e-01,1.035446414904550583e-01,-2.000568542126784921e-01,-3.800485447508254993e-03,-1.369136909317530681e-01,-1.209420305700728143e-01,4.314797402199820747e-02,-4.626620891736459018e-02,-5.520544051081323345e-02,-1.273228225929894375e-01,-2.036998972250770867e-01,-1.422186263147536545e-01,0.000000000000000000e+00,-2.230871837484419695e-01,-1.010299359296757127e-01,1.168266602523452408e-01,-1.294745358728215112e-01,5.359340491132928985e-01,1.095755614353502022e-01,-2.601998644245697712e-01,-2.304344973868929086e-02,1.379283199580153552e-01,3.339966324812490561e-02,-2.178303557761693265e-01,-4.148914303207889565e-01,1.909995407928976041e-01,-8.246922219063654302e-02
1.833854496949552937e-01,1.674137893332750329e-02,8.211497671163980883e-02,-1.286479630884957703e-01,0.000000000000000000e+00,4.301939603332531337e-01,4.036911504231265324e-01,2.722485841114342664e-01,1.916118169294351858e-01,4.806061533751722070e-01,1.986792329054689332e-01,-6.554416041634776591e-02,3.543635608230740752e-01,-1.871640681375872084e-01,5.097636176772867705e-02,-1.948262666462574622e-01,-3.211563272178609707e-01,-3.143425684983927604e-01,5.030285801753733854e-02,-1.191620563731385779e-01,-3.056701143644355301e-01,-5.742231746517679758e-01,1.200104961623406491e-01,2.088342699700422023e-01,2.882464848789661471e-01,6.856618049025825501e-02,3.556974481205309457e-01,-2.686405283068378225e-01,-3.510528962847958567e-01,-4.543482539196606051e-01,-2.238306619142376233e-02,4.068137587194681909e-02,-8.888500142135531690e-02,-1.816667031116747932e-01,5.101134897553082082e-02,-3.254685005794756558e-02,-1.676105923771621098e-01,-6.921781723557324240e-02,-3.848767794275217979e-01,-3.113205484244823129e-01,-2.384815551813868062e-02,-1.792263453674750040e-01,1.514814895803721639e-01,-1.514421289715947583e-01,-5.859482626664625632e-02,-1.774638647744418429e-01,7.356060440401478509e-03,-4.382147777218954598e-02,-1.726662439045723862e-01,-1.406791891714591902e-01,-1.421311582952483055e-01,-2.680894797839539906e-02,1.878419452887538088e-01,1.036321095099604211e-01,-2.701843388511075417e-01,-1.590299796636854557e-01,-3.811418949946426132e-02,1.290109553694430422e-01,6.351490236382323351e-02,-5.816623297106995188e-02,2.888762546194048042e-01,3.405611073451269566e-01,-2.568585860794647124e-01,-4.451072576589184537e-01,2.051737333537425323e-01,2.028208436290481198e-01,-2.348997397826419753e-01,-2.766219850867026597e-01,1.312020292580525188e-04,-2.888631344164789908e-02,2.631562834838512277e-01,1.545734840698869406e-01,-1.559467319761212445e-01,3.011698847608842988e-01,2.442150838599637108e-01,4.304170037829918583e-01,2.791017034396798824e-01,2.478625002733375604e-01,-1.787715116660471004e-01,-1.546128446786643740e-01,-1.985567776781614335e-01,-9.766241717871902706e-02,-1.808007697185716467e-01,-3.929413308259167570e-01,7.436093678248889560e-02,2.425007106776584931e-01,-1.605256827972272593e-01,-1.150816732632131412e-01,-9.342021823270867109e-02,-1.025518794690691154e-01,2.994467647766285712e-01,9.010080689247994268e-02,9.787234042553191737e-02,-1.695742494150576096e-01,-3.160438214777722132e-01,-2.683387636395442866e-01,-2.561369749185454237e-01,-2.349697141982462767e-01,-3.361395989591305783e-02,9.159651002602173242e-02,2.842185825807438948e-01,0.000000000000000000e+00,-1.335855327895738021e-01,-2.813452581399925601e-01,8.461218866851807907e-02,5.883536332028602156e-02,1.916861647460147422e-01,3.832936082744746176e-01,-7.645579584964247444e-02,-8.087730423563883886e-02,-1.474492138811746844e-01,3.289234873499376904e-02,-1.081454593164374312e-01,1.011130305482058067e-01,-1.419605956572128347e-01,-8.909055126719293838e-02
-9.213443834597975779e-02,-1.750191336292667987e-01,1.257746386477444078e-01,2.563381513634077624e-01,4.301939603332531337e-01,0.000000000000000000e+00,3.905184666856180709e-01,4.584811178412892541e-01,3.652883164592945486e-01,4.071417637926132982e-01,1.206096520959524243e-01,-2.393474885744899527e-01,2.496687148761234099e-01,-2.265727843257309138e-01,1.959064966871487679e-01,-7.391047648203625088e-04,-4.399772583149286209e-01,-3.795980844503728524e-01,-2.666812446699175498e-01,-4.385908902057685244e-01,-2.948984277623493688e-01,-2.407251098816995116e-01,1.681878813058975408e-01,2.483435743806170770e-01,3.676543263869148093e-01,3.719577529465789012e-01,5.016290918632874962e-02,-1.032210098182851921e-01,-2.813452581399925601e-01,-2.973387855065491858e-01,-2.368196628107848214e-02,-1.422929741313332386e-01,-2.554853381732304363e-01,-3.003870459863112741e-01,-6.023047823139664886e-02,-1.919835560123329954e-01,-2.662395311714154666e-01,-3.881655769609236861e-01,-1.886553978701537293e-01,-2.640659508867070349e-01,-1.626905162799851257e-01,-2.329229625418206551e-01,2.613544422820406402e-02,-2.423651352474251730e-01,-2.510856967921104022e-01,-3.164680413723732211e-01,-3.177931818678795817e-01,-3.157114430036517816e-01,-2.546194047801272550e-02,-1.479783953991821721e-01,3.177581946600774310e-01,4.309549321029498836e-02,3.970392075397432552e-01,5.663554262972600624e-03,2.556252870044390182e-02,-2.747501694692878194e-01,-3.214712120880802715e-01,-8.691259758150926551e-02,1.856552448011195844e-01,7.933349369136909537e-03,2.648181758544532194e-01,1.039557411821302874e-01,1.377927445277820351e-01,-3.175526448142397817e-01,3.086746408344449022e-01,3.231943320723360547e-01,4.977804990050512662e-02,8.050119175176576047e-02,-6.065907152697294635e-03,-8.070674159760338195e-02,-1.339572718724716359e-02,-1.778181102534385771e-01,-3.556887013185803803e-01,-1.858083138352539798e-01,-1.456692396842404480e-01,-1.528416172836806475e-01,3.919879294133082892e-02,-1.653145568651461818e-03,-1.055214187312763785e-01,-3.109619295445102960e-01,9.090551267192932550e-02,-1.899236841529815534e-01,-3.001027749229187927e-02,-8.553934967527497546e-02,3.545822308718374893e-01,1.173558417703527146e-01,-1.077649734315890701e-01,-1.127200367365681910e-01,1.821783910257812056e-01,-2.292842929303973154e-01,2.643108613413220898e-01,-1.654851195031816491e-01,-8.497518094946535094e-02,-3.844656797358465827e-02,-2.860204237825544893e-02,5.640375237803677694e-02,6.389538824867158073e-02,-1.245325927707681829e-01,-1.833198486803262472e-01,-1.932649624980866399e-01,9.815223808794909521e-02,0.000000000000000000e+00,-7.102840523933437455e-02,-1.447508254794340754e-01,4.080383109925433266e-03,-8.466904288119656008e-02,3.344033587719489886e-01,3.255909558067831555e-01,-2.935557936629419884e-01,-1.356628982528263090e-02,-4.965996807417288189e-02,-1.445190352277448687e-01,-1.116660471015284983e-01,-6.972950514967965474e-02,-6.563600183682841149e-02,-2.577901204871968499e-01
-4.808991712405152191e-02,-4.108372876167151189e-01,7.439155058931578024e-01,4.130283615053246260e-01,4.036911504231265324e-01,3.905184666856180709e-01,0.000000000000000000e+00,5.771271128993461508e-01,-1.725044280684874531e-01,1.316393693555793602e-02,4.940849751809494594e-01,-3.395508517198399523e-01,3.799479565283943039e-01,-4.671317049703702096e-01,-2.250552141873127521e-01,-4.514355688701318647e-01,-5.348100850626489322e-01,-5.582209004832607846e-01,9.571188034374931985e-02,-4.749076119043974531e-01,-3.169447420786775105e-01,-5.319323872209223980e-01,5.917780061664953406e-01,5.724650674597100419e-01,2.686798889156152281e-01,1.108176073123264271e-01,-3.617239946644507792e-02,-3.590999540792897404e-01,-4.498611445190352498e-01,-4.455139839496184417e-01,2.419802759616015292e-02,-1.110843847718178019e-02,1.359253023113424219e-02,-2.455402243554700437e-01,2.910104742953357748e-01,9.830530712208349065e-02,-3.145787321510572498e-01,-3.251404955063305069e-01,-1.972709977914325064e-01,-1.713148630032144404e-01,-1.834116901008068790e-01,-1.885023288360193339e-01,2.476613238284752216e-01,-4.477925258577332424e-02,3.194332072336052153e-02,-1.741663204390894448e-01,-2.097570575758238298e-01,-2.278716844153856336e-01,-2.168638341606350106e-01,-4.069974415604294404e-01,1.667796461918611139e-01,-1.818416391506855190e-01,3.762699263081935586e-01,1.653101834641709234e-01,-2.201001508823336450e-01,-4.041153703177275958e-01,-6.833307821827644402e-01,-2.806673809888259874e-01,-3.268461218866851592e-01,-3.663772933021364198e-01,-1.472524108372876180e-02,-2.865845925083641554e-01,-3.148411362095733523e-02,-6.664100938094509319e-01,5.253329251492423468e-01,3.056832345673612950e-01,2.607727799523299472e-01,1.149723382388314341e-01,-2.589272047407666366e-01,-2.890336970545144268e-01,-1.084603441866567597e-03,-1.362139467757101374e-01,-3.832280072598456266e-01,-3.399488312085893749e-01,-2.677177407010561949e-01,-1.453237410071942515e-01,-2.165576960923662198e-01,-4.187400231790251448e-01,-3.070696026765213915e-01,-1.447595722813846235e-02,1.757494915921366252e-01,1.315344077321729255e-01,-1.767028930047451485e-01,-2.483654413854934351e-01,4.193041919048348110e-01,3.634208742428549632e-01,-2.932933896044258582e-01,-2.532680238787693439e-01,2.848833395289847303e-02,-4.139161619033041029e-01,3.958715094793466283e-01,-1.895869322778858945e-01,9.918873411908771254e-02,-3.037720583411689934e-01,-1.396601867442216482e-01,-3.964925324178347060e-02,-4.760884301677199143e-02,6.173492816688898321e-02,-7.719490061446283857e-02,9.029323653539174377e-02,-9.558505171546653745e-02,0.000000000000000000e+00,-8.402177953685684153e-02,-1.039120071723776025e-02,7.185497802366010156e-02,-1.592967571231768409e-01,2.015000765345170697e-01,3.653932780827010007e-01,-5.077081192189105557e-02,2.241630403883580203e-01,2.156611488924362052e-01,1.741619470381141899e-01,8.174761102971725424e-02,-8.399553913100522851e-02,4.724147733484944378e-02,3.927751415888565412e-02
-8.230303295357635496e-02,-9.703702083925565269e-02,3.926133257527716358e-01,5.984343224508539283e-01,2.722485841114342664e-01,4.584811178412892541e-01,5.771271128993461508e-01,0.000000000000000000e+00,-1.158645120377861798e-01,8.123592311561085577e-02,2.233933218167107743e-02,-1.667009249743062749e-01,8.015131967374428124e-02,1.917736327655200981e-02,-2.857667665259889245e-01,-2.906387352124379375e-01,-5.296013645011042881e-01,-5.528328704817301320e-01,-2.672410399947519055e-01,-4.920907043362270916e-01,-3.484900833132885678e-01,-4.552054405108132418e-01,2.712164614812709318e-01,4.860903981981588018e-01,6.587216548949290096e-02,-8.830771249261988587e-02,-6.685180730795302340e-02,-3.837003345651746056e-01,-5.837484419759025878e-01,-5.057838227897925032e-01,-9.702827403730511502e-02,-9.034134394611970098e-02,7.626336620673065947e-02,7.377052765082767194e-02,2.701843388511075417e-01,1.194463274365310246e-01,-4.178259823751940827e-01,-4.213159563534582541e-01,-3.585445321554306952e-01,-3.008462530887144326e-01,-3.206577595066803510e-01,-1.555312588834707188e-01,2.153156502153900087e-01,-1.703920753974328128e-01,-7.526623078436946689e-03,-1.818897465614134970e-02,-5.352561719621263814e-01,-4.251339354048676022e-01,9.406310817607312080e-02,-3.041088102162646800e-01,4.525988935295532367e-01,-2.451728586735474683e-02,5.549014891430320562e-01,2.224967746167807459e-01,-2.959524173973890893e-01,-6.041591043274802120e-01,-5.562091360346372859e-01,-3.097461240733856425e-01,-1.928669830093372173e-01,-2.569066934901926280e-01,6.542170518904025234e-02,-1.187815704882902168e-01,-2.390675909120727749e-01,-5.703264743828038164e-01,3.752465504799807339e-01,5.460234851632371766e-01,3.100697557455555087e-01,2.908748988651024270e-01,-2.940062539633946370e-01,-2.238700225230150220e-01,-1.343858651680479299e-01,-2.805842863702958656e-01,-5.102315715816404529e-01,-4.190199208414423504e-01,-5.298112877479171923e-01,-2.827972272637817031e-01,-2.276005335549189934e-01,-4.011808182633224695e-01,-1.083859963700771895e-01,-2.122411493297763144e-02,1.954691565896219119e-01,1.186984758697601228e-01,-2.868688635717565605e-01,-1.014541558242767483e-01,4.661214493450832053e-01,3.996457545210032603e-01,-2.700137762130720986e-01,-2.508801469462727529e-01,-1.725219216723885285e-01,-5.463033828256543822e-01,2.003192582711945946e-01,-4.950121361877063975e-01,-3.489973978264197113e-02,-1.590693402724628891e-01,-2.579563097242570935e-01,3.449738689291727972e-02,2.981784784938007124e-02,-2.026765213968642620e-01,-3.864030963678904973e-01,-3.660799020358181388e-01,-1.541842513830880557e-01,0.000000000000000000e+00,-3.599265268636154813e-01,-3.469418993680435659e-02,5.163674531499420212e-02,-8.480024491045461132e-02,4.101025562528700652e-01,3.489055564059390657e-01,-2.553672563468981638e-01,8.158579519363233501e-02,-7.550239443703396502e-02,-1.162143841158076590e-01,-1.408278848046183029e-01,-2.080251907896175367e-01,1.454811834423039019e-01,1.976777240821324735e-02
1.427171940259342742e-01,2.815158207780280586e-01,-3.376834095034003114e-01,-3.137477859657562540e-01,1.916118169294351858e-01,3.652883164592945486e-01,-1.725044280684874531e-01,-1.158645120377861798e-01,0.000000000000000000e+00,4.033325315431545155e-01,1.701559117447683234e-01,3.313682184951127208e-01,3.377358903151035374e-01,5.186416216570816085e-02,5.884017406135881867e-01,3.122914434409919116e-01,-1.834423039076337747e-01,1.527716428680763461e-01,8.961098598324987452e-02,2.031750891080448818e-01,4.523933436837156430e-01,3.743368830771249267e-01,1.099560473201985494e-01,-1.089282980910104698e-01,1.412739717040956966e-01,3.069384006472633541e-01,2.546019111762262144e-01,3.078043340403665007e-01,2.326080776716013265e-01,1.124620060790273574e-01,3.885635564496731087e-01,2.123198705473311187e-01,-8.148520697120115175e-02,-2.012639128818525733e-02,-1.536769368699569260e-01,-1.426690866152063031e-01,5.506636635979970107e-01,1.947213050228510101e-01,4.204893835691325132e-01,3.864337101747173930e-01,4.298834488640090878e-01,8.936170212765957854e-02,-4.173274146640134630e-01,-4.311254947409853266e-01,-3.903304104436815525e-01,-3.716516148783101103e-01,-8.783101178631562422e-02,-2.787212175548315352e-01,-2.456058253700990623e-01,-5.143119546915658757e-02,-2.193522993155627432e-01,-1.168266602523452408e-01,-3.293870678533161178e-01,-4.912422645470250204e-01,2.784325730904638196e-01,1.610636111171852847e-01,2.248059303317224700e-01,1.635170890643108665e-01,3.886947584789311461e-01,2.471408891124182716e-01,2.316721698628938786e-01,3.544116682338019908e-01,-5.568651461809275699e-02,1.441472961448470383e-02,-5.134810085062648660e-02,-2.439220659946207126e-01,-2.088561369749185326e-01,-2.760359493560167188e-01,2.685311932824561154e-01,3.682884695283287213e-01,1.843475979095143269e-01,9.385318492926024436e-02,2.768887625461940449e-01,4.187575167829262202e-01,2.969495528197502732e-01,1.168004198464936277e-01,3.813518182414554758e-01,3.898624565393278285e-01,-2.749994533248780945e-02,-4.380923224945879046e-01,3.323347401106470367e-02,-3.401893682622291193e-01,4.511644180096652246e-01,3.283943058319301889e-01,-7.484638429074369492e-02,-5.113730292361855501e-01,5.398569897881086987e-01,5.192320307887429154e-01,3.077299862237869443e-01,1.726574971026218486e-01,-1.302836150532461490e-01,-3.609367824889025272e-02,-4.030832476875642612e-01,2.997616496468478720e-01,-2.597800179309440061e-03,-1.279263519275764815e-01,-4.530843410378080152e-03,-1.009424679101703498e-01,-1.515383437930506727e-01,-5.407710305919398441e-02,-6.189674400297390938e-02,0.000000000000000000e+00,-7.310577070258686416e-02,1.373029236185519808e-01,6.087774157573637088e-03,-1.619557849161400442e-01,-3.285736152719161973e-01,-1.967024556646476130e-01,1.058231833985699005e-01,-2.196190767750541284e-01,-3.091513415407491361e-01,-3.939384662482779964e-01,7.031554088036560957e-02,3.564146858804749241e-01,5.171983993352430309e-02,5.539787015372504148e-02
1.567820515623974953e-01,2.505958758828803149e-03,-2.306400472327305440e-01,-2.548643152347422891e-01,4.806061533751722070e-01,4.071417637926132982e-01,1.316393693555793602e-02,8.123592311561085577e-02,4.033325315431545155e-01,0.000000000000000000e+00,-6.791454374494325374e-02,-2.121536813102709376e-02,1.487918479805820926e-01,-1.303317224639741201e-01,2.815289409809538235e-01,3.205877850910760496e-01,-8.054055236054318001e-02,-2.163390260436028056e-01,-1.470731013973016199e-01,-8.637466926155124014e-02,-1.355098292186919240e-01,-1.686295948043996518e-01,-1.135947169316218752e-01,-9.269423367081411347e-02,3.125538474995079863e-01,1.614528438039841696e-01,3.417462990094246589e-01,3.953117141545122587e-02,-5.831492860422907848e-02,-9.812599768209748219e-02,6.647569482407994284e-04,1.061730554765913659e-01,-3.288841267411602431e-01,-1.664778815245675780e-01,3.777743762436858860e-02,4.789311408016443811e-02,-2.151713279832061232e-02,1.544685224464805058e-02,-4.570641359253023450e-02,-2.736743128293717686e-01,-4.695720627145699710e-02,-2.105923771621001084e-01,1.067153571975246601e-01,9.052940018805624711e-02,-1.199973759594148426e-01,-9.520893923159344865e-03,2.631475366819006623e-01,1.581290590627801584e-01,-1.447770658852856884e-01,4.595132404714526164e-02,-3.683671907458835326e-01,-1.221753296450985155e-01,-1.862237869279044777e-01,-1.900417659793138259e-01,-1.403030766875860980e-01,3.223633858870350588e-02,1.919748092103824577e-01,1.536638166670311056e-01,4.650674597100434848e-02,-9.604863221884497870e-02,-2.617917823795674545e-02,2.132514049550633117e-01,-3.750541208370689605e-01,-2.717500164002536467e-01,-5.996370077190527059e-02,3.153484507227045097e-01,-1.667490323850342182e-01,-1.397257877588506669e-01,9.874702062058560159e-02,8.606853119328244928e-02,5.062648968970719782e-02,2.023703833285954712e-01,-1.529072182983096939e-01,1.222977848724060290e-01,1.127419037414445352e-01,1.675449913625330634e-01,2.600861559992127814e-02,8.420983577879337378e-02,4.120181058800376217e-02,-1.147711617939690815e-01,-1.643830224574140131e-01,-2.560363866961142265e-01,6.313004307799960357e-02,-5.066585029848461735e-02,-2.119262644595569789e-01,-4.433753908727121329e-02,-6.700050294111215346e-03,5.364413636264241114e-02,1.038638997616496418e-01,8.720561544685223945e-03,-3.155846143753689853e-02,1.353830005904091416e-01,-5.820996698082263332e-02,2.707572543788677177e-01,-1.157639238153550104e-01,-2.261354442282040578e-01,-9.151341540749163839e-02,-1.285604950689903936e-01,2.154249852397717158e-01,3.158164046270582337e-01,2.739891976995910694e-01,0.000000000000000000e+00,-3.300168375937547749e-01,-4.202838337232948918e-02,1.662417178719030886e-01,2.733331875533008271e-01,-5.632065775950668290e-02,2.562156961361002350e-01,1.744112308937044997e-01,-8.953226476569504932e-02,2.331897400013120333e-02,2.842710633924471104e-04,-1.837703089807788959e-01,1.335461721807963964e-01,-7.429533576785987692e-02,1.268067612779077702e-01
1.864818175854453253e-01,-1.308827709868579381e-01,1.511010036955238167e-01,-1.665478559401718794e-01,1.986792329054689332e-01,1.206096520959524243e-01,4.940849751809494594e-01,2.233933218167107743e-02,1.701559117447683234e-01,-6.791454374494325374e-02,0.000000000000000000e+00,-3.557761693380857848e-02,8.377205834116900895e-01,-2.515973847062167867e-01,9.639413089589118910e-02,-2.402877697841726556e-01,-3.332225405086265413e-01,-2.078196409437799430e-01,4.537403511840983339e-01,-9.767553738164483357e-02,7.543679342240493246e-02,-9.593055039251273397e-02,5.904616124729396009e-01,4.254488202750869030e-01,1.046117513284205471e-02,-7.592661433163500062e-02,3.285736152719161834e-02,-2.653342371695349006e-02,-2.715882005641687396e-03,-2.255187946906912211e-01,3.694517941877500933e-01,2.727996326343180566e-01,1.125669677024337956e-01,-2.327873871115873350e-01,5.217904703592748938e-02,-1.093612647875620431e-01,2.063370580131639320e-01,-5.255953292077584355e-02,5.582209004832608401e-02,3.468806717543898022e-01,2.153156502153900087e-01,4.103212263016334793e-01,-1.451969123789114552e-02,-1.021232861734928110e-01,-5.929894382366446975e-02,-1.849555006450766537e-01,-2.383459797511534861e-01,-3.892807942096170870e-01,-5.635651964750387766e-01,-4.796789923684153245e-01,-2.588659771271129006e-01,-4.611926264459557112e-01,-2.705385843301043036e-01,-3.632546850057947752e-01,-4.655922678270757453e-02,-2.508932671491985733e-01,-2.571647241477335033e-01,5.225776825348232152e-02,-2.472720911416763367e-01,-2.367715554000568434e-01,-3.744943255122346049e-02,-1.074107279525923359e-01,5.752334302770549523e-02,-3.185366600336752008e-01,3.164680413723732211e-01,-6.712733156939494628e-02,-4.130239881043493155e-02,-2.592289694080601725e-01,1.379064529531389971e-01,3.095799348363254544e-01,4.803612429205571521e-01,2.690953620082657261e-01,2.262928866633137359e-01,1.043056132601517631e-02,2.109903566508495310e-01,1.757669851960377005e-01,2.817344908267914727e-01,6.349740875992215816e-02,-2.058472371039338777e-01,-3.557324353283330964e-01,4.449060812140561150e-01,4.742953357678598991e-02,4.002361636526645117e-01,2.695020882989657141e-01,5.262994467647765795e-01,-2.166320439089458039e-01,3.206796265115567368e-01,3.096018018412017847e-01,2.094290525026787086e-01,-2.770986857930069491e-01,2.195709693643261573e-01,-1.177888084669042879e-01,-1.905228400865933425e-01,-8.407426034856005370e-02,6.909098860729045999e-02,1.172989875576742197e-01,2.179571844044521090e-01,2.186656753624456051e-01,-2.421683322035380892e-01,-2.637160788086855695e-03,-2.261266974262535201e-01,0.000000000000000000e+00,2.379873608711814692e-01,1.101922109728630528e-01,-1.079748966784019604e-01,-3.551157857908202042e-01,-2.224967746167807459e-01,5.593579847368305991e-02,5.178544094815332871e-02,2.282827841070608488e-01,-1.354092409962607546e-01,-6.999628260917102607e-02,3.574336883077124938e-01,3.731823052196540647e-01,-7.878244516848527390e-02,1.872690297609936466e-02
2.383022457414007977e-01,5.150248190505346546e-01,-4.007084909579934906e-01,-2.437165161487830911e-01,-6.554416041634776591e-02,-2.393474885744899527e-01,-3.395508517198399523e-01,-1.667009249743062749e-01,3.313682184951127208e-01,-2.121536813102709376e-02,-3.557761693380857848e-02,0.000000000000000000e+00,5.426953270210579244e-02,6.676477662854518602e-01,1.358465810937875828e-01,2.722179703046073707e-01,2.808510638297872508e-01,5.705845050403446361e-01,2.996260742166145241e-01,6.200389232686799312e-01,3.509173208545625644e-01,2.944392206599462103e-01,-2.944567142638472856e-01,-2.893966893354616987e-01,-4.406245216592683533e-01,-3.006625702477531692e-01,-4.918326736786862025e-02,1.195294220550611186e-01,5.580678314491264169e-01,4.234020686186613092e-01,-8.765607574730489848e-02,6.176554197371585814e-02,2.651986617393015666e-01,4.524327042924930486e-01,-4.281340884739017194e-01,-1.370448929610111333e-01,4.385340359930900433e-01,4.708009883886203895e-01,3.714198246266208758e-01,3.370623865649122197e-01,5.031029279919529973e-01,4.920076097176969560e-02,-4.666287638582143349e-01,-2.745577398263759905e-01,-5.437143294482954525e-01,-4.293192801381994772e-01,1.055826463449301283e-01,-5.762830465111194039e-02,-2.806323937810238367e-01,-1.887997201023375871e-01,-1.950536834969714139e-01,-1.650477794056548209e-01,-2.729395814655266594e-01,-2.267520937657169222e-01,4.797183529771927024e-02,2.263497408759922169e-01,2.608864883776869092e-01,1.160438214777721883e-01,3.475323084997047896e-01,3.618814370995604990e-01,3.826900789398876013e-01,5.537993920972644757e-01,5.090638735212437566e-03,4.966477881524567484e-01,-4.140692309374385260e-01,-1.998469309658656157e-01,-3.541273971704095858e-01,-2.202007391047648144e-01,6.410968489645972601e-02,1.774813583783429183e-01,-1.137477859657562707e-01,-1.354442282040628776e-01,3.489405436137412164e-01,4.761584045833242018e-01,3.453499814130458478e-01,2.027989766241717895e-01,1.050097308171699662e-01,2.993024425444447134e-01,2.277754695939297191e-01,1.675100041547309127e-01,-2.944173536550698800e-01,1.175570182152150568e-02,1.840677002470971491e-01,-1.049485032035162163e-01,-3.896612800944654342e-01,-4.112396405064398519e-01,2.060834007565983672e-01,1.546522052874417796e-01,1.468588047495134573e-02,2.470971551026655832e-01,-2.116288731932387257e-01,5.363101615971660463e-02,-4.674290962366884489e-02,1.820384421945726028e-01,-1.110012901532877044e-01,-3.807351687039426391e-01,-4.240624521659268065e-01,-4.118213028361505379e-01,-2.451641118715969514e-01,-1.570619492248146731e-01,-5.729155277601627114e-03,0.000000000000000000e+00,-1.553169622356825874e-01,3.849030198333733971e-02,-2.177428877566639775e-01,-1.381863506155561749e-01,-1.072664057204084781e-01,-1.436312348297653640e-01,1.496227941658830884e-01,-3.801010255625287271e-01,-2.906955894251164185e-01,-3.489099298069143207e-01,1.117622619229844128e-01,1.898449629354267421e-01,2.191511228707003836e-02,6.776147471080885831e-02
1.548839955391310141e-01,-2.730751568957599795e-02,-1.316393693555793602e-02,-2.327742669086615146e-01,3.543635608230740752e-01,2.496687148761234099e-01,3.799479565283943039e-01,8.015131967374428124e-02,3.377358903151035374e-01,1.487918479805820926e-01,8.377205834116900895e-01,5.426953270210579244e-02,0.000000000000000000e+00,-1.093393977826856989e-01,2.378955194507008375e-01,-1.181692943517526420e-02,-3.493428965034658940e-01,-2.166539109138221342e-01,3.357591130742821894e-01,-5.584395705320242126e-02,2.560626271019658326e-02,-1.012573527803896645e-01,5.109400625396339768e-01,3.561172946141566986e-01,1.747611029717259512e-02,-9.486344055454724866e-02,2.030351402768362790e-01,2.152587960027114999e-02,-3.055695261420043191e-02,-2.594563862587741521e-01,3.466663751066016430e-01,3.203603682403621256e-01,1.027574293149067369e-01,-1.266361986398722994e-01,1.578754018062145936e-01,4.997922634536747233e-02,2.272594082788480518e-01,-2.061183879644005318e-02,-9.564627932912029770e-03,2.202444731145175028e-01,1.868797970741947478e-01,3.642299534232796288e-01,-3.113861494391113177e-02,-1.625505674487765506e-01,-1.751197218516979681e-01,-2.829459228969408158e-01,-2.785287879119197063e-01,-3.875008200126828783e-01,-6.520390982047189476e-01,-4.693577660667818119e-01,-3.354092409962607380e-01,-4.765826244779252652e-01,-2.637291990116114038e-01,-3.754039929150904120e-01,-1.866523802234807961e-01,-2.531280750475607411e-01,-1.119109575561435393e-01,1.968511512978067257e-01,-1.517395202379130115e-01,-1.855327895738120847e-01,1.149767116398066891e-01,7.808270101244232930e-02,4.727209114167632564e-02,-3.289453543548140346e-01,3.525267324134613300e-01,5.919398220025803153e-02,-1.062167894863440543e-01,-2.995954604097876839e-01,1.917780061664953739e-01,3.390610308106098980e-01,5.961514071417638450e-01,3.646847871247075323e-01,1.747960901795281019e-01,1.090113927095405777e-01,2.657190964553585166e-01,2.563775119721851681e-01,3.783779055782729439e-01,1.874177253941527732e-01,-8.852200914040804502e-02,-3.546828190942686310e-01,3.762568061052677382e-01,1.902429424241761438e-02,3.739738907961776548e-01,2.523977170846908868e-01,4.908661520631519282e-01,-1.820515623974984232e-01,2.923531083947431553e-01,2.767488137149854421e-01,1.167829262425925524e-01,-2.276748813714985498e-01,2.627233167872996544e-01,-6.464761321641775138e-02,-1.803896700268964037e-01,-8.505827556799544498e-02,-1.867442216439614252e-03,5.562528700443900020e-02,9.655594673197612221e-02,6.871487612341738160e-02,-2.668124466991755872e-01,-2.638472808379436346e-02,-5.235398307493822900e-02,0.000000000000000000e+00,1.473180118519166470e-01,5.223152784763070849e-02,-2.131070827228794540e-01,-2.870875336205199746e-01,-1.576304913515995665e-01,1.691150423126544233e-01,3.815355010824167392e-02,1.423104677352343139e-01,-2.637729330213640644e-01,-1.611292121318143034e-01,3.273053289890883732e-01,3.966368546500185777e-01,-1.757975990028645685e-01,-8.793597340972207632e-02
