1.000000000000000000e+00,1.184816122257473514e-01,1.432235577997229559e-01,-3.049376647750122737e-01,-9.565664238795298924e-02,-1.072389293534116855e-01,3.958309129094240153e-01,-1.783144912641315416e-01,1.546092318691630590e-03,-3.578846239778363802e-01,4.738326109298896527e-01,1.452388399839134869e-01,5.196791635014968991e-01,1.861343223557799798e-01,2.473792394655703886e-01,-3.226506993163233417e-01,5.804548907457884530e-03,-3.992403592653827049e-01,1.488761785602573939e-01,-1.855132043433576072e-01,-1.349747531167612424e-01,-1.788953930023682859e-01,-4.991733321417399921e-02,-2.942401358416372736e-01,-2.560927655391215252e-01,-2.221502301264578483e-01,-2.604361231511684860e-01,-1.996782698065150408e-01,-4.678940077751463089e-02,-5.245319272532285027e-01,-9.998659457527145356e-02,-1.896510121095670021e-01,-2.594575271459850785e-01,-3.682291433933598257e-01,-3.066535591402654304e-01,-2.703695428750167440e-01,-1.910585817060637126e-01,-3.888869029000402433e-01,-1.111309709995978307e-01,-1.129675141874078442e-01,-7.313106036909602925e-02,-1.918629071897761385e-01,1.540774833549309608e-01,1.148576790741319964e-01,-4.667322042986728897e-02,1.338352920148353498e-01,1.191250726127172782e-01,4.531033558246570780e-02,7.364046650878054712e-02,2.416998078555789020e-01,2.666651771750301880e-01,1.169176460074176638e-01,9.636266142365611242e-02,-5.531078242995665639e-02,3.231779793556459057e-01,1.566915411769962962e-01,4.541311050538451299e-01,-1.514366146834085491e-01,6.842039411948701577e-01,2.530765449751999907e-01,3.996201796326913636e-01,-3.188882434425130974e-01,2.411501854417087420e-01,-3.350373117654944499e-01,-2.520130479467357909e-01,-6.624156575360828914e-01,-2.394968497251887818e-01,-1.977970418696098909e-01,-6.708521381652442217e-02,-6.594575271459850174e-02,1.993252602886634861e-01,2.546583850931677037e-02,2.268912820054515278e-01,-4.491264131551900990e-02,8.534787077170562231e-02,1.272040752491174764e-01,-4.165512310648375460e-02,-4.118727378345770629e-01,-1.822065329103177145e-01,-3.996246481076008994e-01,-1.839537065999374277e-01,-3.872871888824344078e-01,-9.181822244068099659e-02,-2.043612315116850597e-01,1.535278609410608286e-01,-2.386344340676527231e-01,-1.973233835292014793e-01,-1.827472183743688305e-01,3.614817462799946313e-01,-2.065775950668036903e-02,1.997050806559721170e-01,-7.396219670226551746e-02,7.629920907994101886e-02,-1.320434335761204725e-01,-3.044818803342419153e-02,7.914115912239153006e-02,-1.861387908306894878e-01,-1.488314938111622576e-01,3.045176281335180146e-01,1.718396711202466731e-01,3.318736315295589545e-02,-8.858304660619330251e-02,8.045042227087895181e-02,-1.398185799186737500e-02,2.300996469904821595e-01,1.787926180794494890e-01,1.315295589615264327e-01,1.488314938111622576e-01,-1.191742258367219261e-02,-1.603288797533401755e-01,-1.256490459806068327e-01,-7.082532731578712430e-03,-2.762411189061173347e-02,1.247464140488851181e-01,1.259529022744537152e-01,1.904285267438223239e-01
1.184816122257473514e-01,1.000000000000000000e+00,-1.397917690692166703e-01,3.880512980919612054e-01,-3.664015371553688838e-01,-5.183430895035524150e-03,-1.669600965190580488e-01,4.653514455516332138e-01,-3.745386299655927287e-01,-2.352383931364225300e-01,8.205013628848474572e-02,5.823763349568792380e-01,-3.063586397962375293e-02,6.166450690379373656e-01,-3.290584923365655334e-02,-1.184994861253854115e-01,-2.242772241833862201e-01,1.733723580142097487e-01,1.444166406005630288e-01,5.414093569864605326e-01,-3.112694937217927449e-01,-3.018812279369051388e-01,6.460521024174449567e-02,2.161714106975289318e-01,-2.103981411144376368e-01,2.028330130926314923e-01,-3.662406720586263709e-01,-1.216631663613208791e-01,5.333571651995173968e-02,6.065954689664417726e-02,2.282541668528531298e-01,2.456141918763126153e-01,9.654140042003664379e-02,2.605120872246302066e-01,-1.388444523883998472e-01,1.743241431699361077e-01,-3.536931945127128052e-01,-1.578444077036507409e-01,-1.957192010366861842e-03,-1.509584878680906295e-01,-2.726842128781447050e-01,-1.829438312703874081e-01,2.405067250547388291e-01,3.181911613566290042e-01,-3.146253183788372959e-02,3.318646945797399384e-01,1.240940167120961612e-01,1.214710219402118097e-01,-2.235577997229545588e-01,1.612717279592475184e-01,-6.569104964475624975e-02,1.666919880244872310e-01,1.525537334107869049e-02,-3.589391840564815084e-01,1.281916082041199278e-01,2.092363376379641760e-01,-3.065373787926180607e-03,7.278654095357254272e-01,1.865186111979981187e-01,3.523705259394968592e-01,-1.821529112114035343e-01,1.486393493900531881e-01,-2.390365968095089222e-01,1.792975557442244849e-01,-4.506322891996961677e-01,5.487734036373385915e-02,1.446043165467625902e-01,3.450064792886187726e-01,4.415523481835649244e-01,6.108226462308413707e-01,5.470306984226283586e-02,4.091156888154072746e-01,1.913356271504535466e-01,4.621162697171455336e-01,-1.972608248804682829e-01,1.070467849323026022e-01,3.852093480495106803e-01,4.343938513785244870e-01,-3.379730997810447279e-01,2.086286250502703554e-01,-4.771482193127485338e-01,1.515259841815988218e-01,-4.158362750793154206e-01,-2.082577416327807407e-01,-4.030787792126547253e-01,1.866124491710978994e-01,-1.797131239108092360e-01,-2.114839805174494047e-01,-3.516242906296081216e-02,2.141605969882479088e-01,-4.205996693328566960e-01,-2.748916394834443055e-01,-2.676571786049421475e-01,-1.835917601322668569e-01,-2.445551633227579513e-01,2.937128558023146749e-02,-3.401045623128826079e-01,-3.852316904240582485e-01,-2.843871486661602166e-01,-1.664417534295545009e-01,-1.545377362706108482e-01,3.796773761115331269e-01,-9.653246347021761375e-02,1.620626480182313645e-01,1.404486348809151353e-01,2.284865275481478275e-01,1.704589123732070111e-01,2.058134858572769066e-01,-2.326824254881808829e-01,-3.199383350462486897e-01,-2.317082979579069557e-01,-1.344385361276196345e-01,-2.961347692032709200e-01,2.239152777157156216e-01,-2.488493677108002955e-02,-5.415791590330220132e-03
1.432235577997229559e-01,-1.397917690692166703e-01,1.000000000000000000e+00,3.582331650207783991e-01,3.888913713749497097e-02,-1.531927253228473063e-01,6.969659055364404443e-01,-4.686089637606685038e-02,2.824969837794360714e-02,-1.750837839045533695e-01,1.805531971937977542e-01,-5.746592787881495967e-01,2.745699092899593352e-01,-1.585191474149872659e-01,5.537155368872603844e-01,2.138031189954868461e-01,1.763617677286742069e-01,-1.822780285088699270e-01,4.237633495687921914e-01,2.134054247285401551e-01,-3.111399079494168649e-02,1.306760802538093624e-01,7.162652486706286847e-01,6.062379909736806960e-01,-7.447160284195004920e-02,2.837928415031949758e-02,9.192546583850931541e-02,-3.874167746548103260e-03,1.504624871531346220e-01,-1.498726484650788615e-01,4.135707583001921317e-01,4.027883283435363393e-01,2.549801152866526532e-01,-8.574556503865231327e-02,2.398453907681308284e-01,1.628669735019437903e-01,-6.184816122257473514e-02,4.179364582867867162e-02,4.181286027078958134e-01,1.482863398722016057e-01,4.947048572322266385e-02,5.643236963224451674e-02,-2.479824835783547010e-01,-4.981008981634568039e-02,-2.391706510567943034e-01,-3.334644085973457184e-01,-2.956968586621386286e-01,-2.528486527548147733e-01,-3.733589525894812078e-01,-3.536351043388891169e-01,-3.932972876357299086e-01,-3.686089637606684843e-01,-3.392734259797131058e-01,3.618347557978461859e-01,-3.299075025693730401e-02,9.002636400196613320e-02,1.803253049734125646e-01,-2.593547522230662539e-01,7.598194736136557048e-02,-5.311318646945797362e-01,-2.073953259752446543e-01,-5.221725725010054608e-01,2.469145180749810209e-01,-2.072165869788641090e-01,3.609499977657625314e-01,-2.864515840743554476e-01,4.619643415702220923e-01,-2.633272264176236485e-02,-6.233522498771169179e-02,-1.455292908530318730e-01,2.478126815317931997e-01,4.379552258814066457e-02,-4.112337459225166164e-02,-1.390410652844184247e-01,2.204164618615666593e-01,-1.358058894499307445e-01,-1.072836141025068080e-01,-3.916528888690289922e-01,-1.528307788551767354e-01,-1.243934045310335634e-01,-3.022923276285803817e-01,-9.481656910496447099e-02,2.989052236471692048e-01,2.759640734617275215e-01,2.642387952991643862e-01,-1.061307475758523633e-01,2.903704365699986689e-01,3.968854729880691989e-01,1.443317395772822668e-03,-1.200679208186246003e-02,7.935117744313865962e-02,4.390365968095089055e-01,-2.482416551231064750e-01,1.700254703069842277e-01,4.161177889986147904e-01,4.828589302471066880e-01,2.503641807051253387e-01,-5.746458733634210968e-03,-1.084275436793422365e-01,1.680682782966173572e-01,-2.085437240269895909e-01,-1.315563698109835089e-01,7.566468564279012210e-02,-1.000402162741856199e-01,4.044148532105992233e-01,3.945797399347602541e-01,2.558514678940077558e-01,1.588230037088341762e-01,5.971669869073684828e-02,-1.712811117565574970e-01,-1.390544707091469767e-01,-1.241029536619151913e-01,7.709012913892487884e-02,5.255373341078689586e-02,1.675856830063899294e-01,2.967603556906027729e-01
-3.049376647750122737e-01,3.880512980919612054e-01,3.582331650207783991e-01,1.000000000000000000e+00,-2.283211939764958343e-01,1.596809508914607545e-01,1.867241610438357402e-01,6.521739130434782705e-01,-2.994905938603154572e-01,9.304705304079717576e-02,-1.477948076321551341e-01,1.614459984807185139e-02,-2.376603065373787960e-01,1.446936860449528628e-01,4.001966128960186136e-02,2.757227758166138076e-01,3.269583091290942378e-02,1.561285133383976016e-02,3.031726171857545005e-01,4.757853344653469874e-01,-1.152285624916216111e-01,8.632646677688904369e-02,4.977881049197908636e-01,7.415612851333839295e-01,-7.671924572143527798e-02,2.530050493766477504e-01,-1.748380177845301475e-01,1.151079136690647542e-01,8.178202779391394173e-02,2.291165825103892162e-01,3.940211805710711057e-01,4.400643460386969852e-01,3.432995218731846876e-01,3.949684972518879289e-01,2.927029804727646622e-01,4.407614281245810783e-01,-9.731444657938245757e-02,2.048527637517315314e-01,2.567675052504579947e-01,1.957951651101479118e-01,-8.776084722284284434e-02,1.289959336878323537e-01,-2.844050225657983044e-01,-1.624737477099066213e-02,-2.985566826042271860e-01,-2.150453550203315634e-01,-3.029268510657312508e-01,-2.068903883104696306e-01,-5.559184950176504492e-01,-4.320255596764824291e-01,-5.355645918048169696e-01,-3.185441708744805589e-01,-4.476384110103222014e-01,-6.975736181241341816e-02,-3.254658385093167627e-01,-9.272085437240269387e-03,-1.917914115912239259e-01,3.394745073506412192e-01,-2.059922248536574518e-01,-4.301353947897582769e-02,-4.105009160373564447e-01,2.346887707225523978e-01,-1.570758300192144352e-01,1.447294338442289552e-01,3.012645783993922813e-02,3.415880959828410668e-01,4.292461682827650726e-01,3.664596273291925721e-01,2.349211314178470955e-01,1.313240091156888112e-01,8.806023504178024652e-02,3.964028776978417157e-01,-1.554671790517896113e-01,2.786853746816211896e-01,-1.714732561776665665e-01,-2.542562223513115081e-03,4.153000580901738265e-02,2.284507797488717074e-01,-1.842352205192367975e-01,1.558827472183743623e-01,-3.763707046784932064e-01,2.377630814602975928e-01,-1.324947495419813159e-01,7.037847982483577680e-02,-1.941820456678135798e-01,2.952321372715492331e-01,7.193350909334643439e-02,1.163680235935475177e-01,-3.776129407033379515e-01,1.409401671209616069e-01,-3.697797041869609891e-01,2.392823629295321441e-01,-2.192055051610885263e-01,4.976987354216005910e-02,1.880691719915992544e-01,2.108137092810223878e-01,4.960007149559855083e-02,-1.435720988426649955e-02,-3.692747665221859932e-01,4.435408195182984070e-02,-1.651056794316100029e-01,2.833996157111577929e-01,1.114884489923589038e-02,2.583538138433352782e-01,1.233835292014835300e-01,3.401849948612538643e-01,1.674560972340140286e-01,1.870146119129540985e-01,4.833102462129675037e-02,-9.266723267348854487e-02,-1.049466017248313204e-01,-3.899638053532329673e-02,-2.090352562670360487e-02,8.388221100138522346e-02,-2.229768979847178249e-03,7.696948031636802190e-02
-9.565664238795298924e-02,-3.664015371553688838e-01,3.888913713749497097e-02,-2.283211939764958343e-01,1.000000000000000000e+00,2.689530363287009895e-01,-1.906832298136645898e-01,-2.526118235846105953e-01,8.774699495062334709e-01,6.578488761785602490e-01,-5.083828589302471501e-01,-2.596809508914607600e-01,-4.110684123508646648e-01,-6.033334822824969468e-01,-1.159301130524152124e-01,1.174896107958353780e-01,-5.578444077036507492e-02,-2.467402475535099837e-01,2.482014388489208745e-01,-1.140176057911434782e-01,-4.132892443808928312e-02,-3.884445238839984160e-02,-3.109432950533982942e-01,-1.456678135752267622e-01,7.307207650029045043e-01,3.478350239063407456e-01,4.493945216497609585e-01,1.595334912194467936e-01,-5.090263193172169798e-01,-2.954421555922963627e-01,-3.023995710264086867e-01,-3.271906698243889355e-01,-2.259797131239107970e-01,-1.931274855891684239e-01,-3.682917020420930360e-02,-1.813351803029626119e-01,2.085169131775325146e-01,7.454756691541176983e-02,5.350551856651324795e-02,-6.869386478394923223e-02,7.766209392734259656e-03,3.156530676080254033e-02,-3.302202958130390220e-02,-1.874793333035434939e-01,8.827025336252737608e-02,-8.849814558291255184e-02,-1.931811072880825764e-01,-1.461861566647303379e-01,1.017471736896197326e-01,-6.213414361678359227e-02,-6.287591045176281479e-02,-3.626614236561061938e-02,-5.133830823539925481e-02,-1.890075517225970891e-01,-1.182894678046382819e-01,-1.521515706689307024e-01,-1.267036060592519886e-01,-4.486348809151436412e-01,-3.202421913400956277e-01,-1.377452075606595550e-01,-1.767594619956208979e-01,-8.405648152285624675e-02,-1.794986371151525983e-01,-3.936011439295768466e-01,4.003932257920371773e-01,2.204075249117476154e-01,-1.004960007149559818e-02,-5.263863443406765347e-02,8.693864783949238617e-02,-7.578086599043745708e-02,8.844899235890790745e-02,-3.507305956477054232e-01,-7.127217480673846139e-02,-2.029268510657312730e-01,1.193350909334644078e-01,-1.156754099825729465e-01,-1.301219893650297221e-01,-8.310022789222037964e-02,1.300147459672013894e-01,-1.417221502301264646e-01,3.909468698333258552e-02,-1.645471200679208268e-01,1.483086822467491739e-01,-2.048706376513695915e-01,3.686089637606684843e-01,-3.594888064703516406e-02,9.772554627105769359e-03,-1.765762545243308446e-01,-1.965726797444032337e-01,-4.075070378479824784e-01,1.040260958934715596e-01,4.388489208633093719e-02,1.384378211716341123e-01,-7.471736896197328504e-02,9.279681844586443185e-02,-3.478707717056168935e-02,1.470128245229903041e-01,6.432369632244515356e-02,3.682023325439027356e-02,-1.430716296527994869e-01,-5.611957638857857644e-02,-2.676303677554850435e-01,-4.625318378837302985e-02,-1.595737074936324218e-01,4.172215023012645907e-02,-5.651280218061575239e-02,4.983690066580276357e-02,-3.244112784306715791e-02,1.138478037445819768e-01,6.423432682425488094e-02,-1.761294070333795092e-01,-1.137003440725680298e-01,1.633674426918092781e-01,-3.582823182447830712e-02,-1.112471513472451795e-01,-1.411993386657133809e-01
-1.072389293534116855e-01,-5.183430895035524150e-03,-1.531927253228473063e-01,1.596809508914607545e-01,2.689530363287009895e-01,1.000000000000000000e+00,-1.877429733232048037e-01,-4.392063988560704346e-02,2.533804012690468732e-01,4.351892399124178690e-01,-2.404307609812770807e-01,-2.336565530184548170e-02,-3.214665534653022849e-01,-1.517851557263505957e-01,2.546583850931677037e-02,3.678091067518655666e-01,-2.610393672639528262e-01,-1.591313284775905945e-01,2.527056615577103482e-01,1.462531837883730146e-01,-3.107690245319272293e-01,-1.194244604316546804e-01,-1.969927163858974928e-01,-3.775861298538808752e-02,1.269180928549086262e-01,2.046650878055319700e-01,1.799410161311944256e-01,4.611823584610572624e-01,-1.885785781312837861e-01,-4.749095133830823212e-02,-4.596720139416417272e-02,3.596675454667321720e-02,2.408507976227713520e-03,-1.722150230126457890e-02,7.887305062782072607e-02,2.088609857455650254e-01,-1.798114303588185248e-01,-2.734706644622190638e-03,-1.666517717503016305e-01,1.194155234818356504e-01,-9.793109611689530813e-02,-6.362214576165155233e-02,-1.048170159524554335e-01,-1.660172483131507337e-01,-2.219312748558916748e-01,-1.313552884400553955e-01,-1.666517717503016305e-01,-4.575271459850752814e-02,-7.212118503954600968e-02,-3.550292685106573032e-01,-1.590419589794003219e-01,-3.659055364404129040e-01,-2.884847401581840387e-01,-4.757138388667947471e-01,-2.045444389829751131e-01,2.372760176951606379e-03,-1.526967246078913265e-01,-1.260109924482774035e-01,-2.396934626212073871e-01,-1.442915233030966637e-01,-9.167523124357657149e-02,1.956208945886768746e-01,-4.675231243576567497e-01,-3.198891818222440731e-01,5.337593279413736097e-02,2.379507574064971542e-01,4.407256803253049859e-02,1.926806380982170816e-02,-6.823361186826935876e-03,2.648018231377630843e-02,-2.428303320076857785e-01,-1.240895482371866428e-02,1.003887573171276665e-01,-8.048617007015505809e-02,1.277045444389829643e-01,-2.332722641762366433e-01,6.295634300013405737e-02,1.827784976987354149e-01,7.829214888958398177e-02,1.767192457214352697e-01,5.734840698869475561e-02,6.867599088431118604e-02,-1.005272800393225835e-01,-1.045042227087894932e-01,6.296527994995308741e-02,1.023280754278564630e-03,2.101345010947763547e-01,-2.989230975468072926e-01,-1.562983153849591134e-01,-1.772375888109388176e-01,-2.799901693551990478e-01,-1.897582555073953348e-01,-6.313061352160508066e-02,6.792528709951294041e-02,-5.676303677554850324e-02,-1.111086286250502764e-01,-1.042405826891281972e-01,5.596317976674560629e-02,-5.040886545422047782e-02,3.650297153581482518e-02,8.776084722284284434e-02,2.483935832700299440e-01,1.386210286429241656e-01,2.183564949282809642e-01,-1.905491755663792086e-01,2.939362795477903564e-02,-2.779972295455561127e-01,-5.210241744492604722e-03,-5.814826399749765257e-02,2.904508691183698907e-03,-5.188793064926940091e-02,3.828410563474686223e-01,1.217793467089682280e-01,-8.163456812189999467e-02,-1.002502345949327495e-01,-7.751910273023816800e-02
3.958309129094240153e-01,-1.669600965190580488e-01,6.969659055364404443e-01,1.867241610438357402e-01,-1.906832298136645898e-01,-1.877429733232048037e-01,1.000000000000000000e+00,-7.566915411769963018e-02,-1.912283837526252417e-01,-3.687564234326824453e-01,4.636132088118325445e-01,-3.844541757898029544e-01,5.345145002010813773e-01,3.020242191340095569e-02,4.944814334867509986e-01,1.032217704097591546e-02,1.136824701729299836e-01,-2.620671164931409058e-01,2.909379328835068335e-01,-1.570668930693954260e-02,1.380088475803208370e-01,1.680950891460744334e-01,5.414361678359176366e-01,2.519728316725501349e-01,-2.427722418338620902e-01,-1.742481790964743871e-01,-9.270744894767415922e-02,-7.890879842709683234e-02,2.635595871129183809e-01,-1.864381786496268900e-01,4.384959113454577895e-01,2.983556012332990726e-01,1.686268376603065333e-01,-1.453594888064703439e-01,2.061218106260333249e-01,5.592743196746950002e-02,-6.496715670941508036e-02,-9.608114750435675644e-02,1.099959783725814322e-01,1.511506322891996990e-01,1.007149559855221449e-01,1.387908306894856773e-02,-2.105590062111801219e-01,-9.735466285356807192e-02,-2.535367978908798503e-01,-2.985834934536842344e-01,-3.431833415255373110e-01,-3.103668617900710580e-01,-2.686268376603065389e-01,-2.521605076187496963e-01,-1.442959917780061718e-01,-2.693551990705572163e-01,-2.333839760489744841e-01,3.711023727601769351e-01,-1.049555386746503366e-01,-2.544349613476920222e-02,3.245229903034094199e-01,-2.910675186558827621e-01,2.733723580142097265e-01,-4.031994280352115823e-01,1.659859689887841216e-01,-4.557308190714509100e-01,2.259529022744537208e-01,-2.272442915233031102e-01,1.732517091916528917e-01,-4.144733902319138741e-01,2.917511953170383032e-01,-1.933106930604584772e-01,-1.225121765941284274e-01,-2.725948433799544324e-01,1.519236784485455127e-01,-3.715090039769426700e-02,1.609231869163054718e-01,-1.553018454801376180e-01,1.623754412618973186e-01,9.656821126949372003e-02,-4.246838554001518967e-02,-4.266052996112426610e-01,-1.919075919388712748e-01,-1.448053979176907036e-01,-2.041512131909379302e-01,-1.479199249296215268e-01,1.978998167925287155e-01,2.862326288037892463e-01,1.054426024397873002e-01,-2.975378703248581225e-01,1.615264310290897842e-01,3.313418830153268546e-01,1.614236561061709596e-01,9.873989007551722819e-02,1.576075785334465351e-01,3.879663970686804686e-01,-2.843290584923365699e-02,3.502077840832923949e-01,2.697305509629563391e-01,2.686313061352160747e-01,7.982930425845659317e-02,-4.599848071853076398e-02,-6.890388310469636179e-02,2.539747084320121417e-01,5.406407793020242408e-02,4.174896107958353531e-02,6.513249028106707361e-02,-2.492068457035613582e-02,2.973993476026632332e-01,2.458867688457929412e-01,9.919567451628759358e-02,1.505339827516868623e-01,2.247642879485231560e-02,-1.021850842307520379e-01,-8.434693239197461889e-02,2.156932838822109982e-02,-3.498815854148979148e-03,-1.628312257026676840e-02,1.991420528173734328e-01,3.322042986728629410e-01
-1.783144912641315416e-01,4.653514455516332138e-01,-4.686089637606685038e-02,6.521739130434782705e-01,-2.526118235846105953e-01,-4.392063988560704346e-02,-7.566915411769963018e-02,1.000000000000000000e+00,-1.908306894856785507e-01,1.030340944635595862e-01,-2.768711738683587442e-01,4.983109164842039474e-01,-3.356271504535501826e-01,3.348943205683900248e-01,-1.583672192680637969e-01,-1.282452299030340968e-03,-3.459940122436212795e-02,9.468251485767907594e-02,-6.366683051074668864e-02,2.177621877653156957e-01,-1.288306001161803604e-01,-2.529603646275526210e-02,5.838062469279235028e-02,4.298538808704588932e-01,-9.611689530363287659e-02,1.996067742079628282e-01,-2.815183877742526430e-01,-9.772554627105769359e-03,-8.110728808257741673e-02,2.036507440010724423e-01,8.025827784976986845e-02,1.348228249698378012e-01,8.798427096831851202e-02,3.350551856651324822e-01,-9.985254032798605850e-02,2.320479020510300000e-02,-9.708208588408775985e-02,1.591670762768667147e-01,1.306224585548952100e-01,7.120514768309575693e-02,-1.057464587336342104e-01,6.477948076321551896e-02,-1.359488806470351696e-01,1.264980562134143671e-01,-1.685061888377496764e-01,1.072523347781402236e-01,-2.976451137226864344e-02,3.862102864292416698e-02,-2.710666249609008371e-01,3.887573171276643437e-04,-2.329639394074802250e-01,3.398275168684927738e-02,-8.286339872201617385e-02,-7.734483220876714471e-02,4.119933866571339094e-03,1.556682604227177247e-01,-3.602350417802404059e-01,4.665132490281067024e-01,-1.306716117788998544e-01,4.739979445015416459e-01,-2.182626569551811835e-01,5.234550248000356953e-01,-6.003396040931230360e-02,3.261495151704723039e-01,-2.656999865945752770e-01,2.715983734751329370e-01,-6.879663970686804297e-02,3.190267661647079867e-01,1.334912194468028113e-01,1.078600473658340442e-01,6.675007819831091371e-02,3.534742392421466595e-01,-3.062692702980472914e-01,3.611153313374145246e-01,-4.533446534697707642e-01,6.840341391483087397e-02,1.384333526967246146e-02,2.264712453639572687e-01,-1.694043522945618552e-01,4.656150855712945513e-02,-3.089771660932124075e-01,1.027213012198936459e-01,-2.347021761472809220e-01,-8.442736494034586148e-02,-4.275302739175119715e-01,2.605791143482729111e-01,-1.062558648733187422e-01,2.823182447830555400e-02,-2.999687206756334046e-01,2.956119576388578363e-01,-2.143974261584521146e-01,2.311542070691273085e-02,-1.247374770990660880e-01,-2.101166271951382947e-01,1.682380803431788793e-02,7.137941820456678022e-02,-6.563742794584208340e-02,3.231601054560078595e-02,-1.072121185039545954e-01,1.301085839403011701e-01,-1.220876714777246463e-01,1.216408239867733110e-01,-2.376781804370168422e-02,2.462889315876491403e-01,3.607846641941105797e-02,1.767013718217972096e-01,1.877250994235667436e-01,2.271549220251128376e-01,9.529916439519192650e-02,-7.024889405245988983e-02,-8.314044416640600788e-02,-1.072433978283211841e-03,-9.838688055766567353e-02,8.207694713794182195e-02,-1.442736494034586037e-01,-4.673131060369096340e-02
1.546092318691630590e-03,-3.745386299655927287e-01,2.824969837794360714e-02,-2.994905938603154572e-01,8.774699495062334709e-01,2.533804012690468732e-01,-1.912283837526252417e-01,-1.908306894856785507e-01,1.000000000000000000e+00,6.133071182805308608e-01,-4.409267616962330716e-01,-1.928951248938737262e-01,-2.842396889941463112e-01,-5.258858751508109775e-01,-3.527860941060816102e-02,5.077081192189105557e-02,-1.003261986683944701e-01,-3.504178024040395245e-01,2.031413378613879106e-01,-2.295008713526073552e-01,-1.220608606282675701e-01,-4.815228562491621900e-02,-2.907279145627597039e-01,-1.583001921444211202e-01,6.707761740917824733e-01,3.852316904240582485e-01,4.035479690781536011e-01,1.753921086733097878e-01,-4.530854819250190180e-01,-3.555118638008847309e-01,-3.100630054962241200e-01,-3.498011528665266323e-01,-1.803699897225077009e-01,-1.408865454220474545e-01,-1.094150766343447018e-01,-2.579963358505741877e-01,9.057598641583627930e-02,-6.221457616515483485e-02,6.537378792618079616e-03,-1.456901559497743304e-01,-6.428794852316904729e-02,-4.991286473926449113e-02,2.521560391438401952e-02,-1.179856115107913717e-01,1.252558201885696498e-01,-9.683185128915501941e-03,-1.021091201572903173e-01,-9.045533759327940848e-02,1.916394834443004569e-01,2.318244783055543184e-02,2.327628580365521255e-02,-2.564457750569730521e-02,7.630367755485052694e-02,-1.509048661691764492e-01,-5.888556235756736007e-02,-1.467849323026051145e-01,-8.211269493721792823e-02,-4.578578131283793096e-01,-2.704723177979355686e-01,-6.261673890701104084e-02,-4.066759015148129625e-02,-1.687296125832253579e-02,-5.265650833370570660e-02,-3.758523615889896585e-01,3.987086107511506050e-01,1.588051298091961161e-01,-1.610929889628669731e-01,-1.346396174985477479e-01,-6.906474820143884696e-02,-1.777067786764377211e-01,1.287635729925376560e-01,-2.868984315653067552e-01,-1.696948031636802412e-01,-2.669511595692390382e-01,1.200321730193485009e-01,-1.671567094150766264e-01,-1.694535055185664996e-01,-2.110639438759551456e-01,6.561508557129451524e-02,-2.121185039546003015e-01,-1.166271951382992977e-03,-3.240940167120961446e-01,9.610348987890432459e-02,-2.770543813396487698e-01,2.996514589570579701e-01,-8.340855266097681187e-02,-3.467536529782385551e-02,-2.246347021761472829e-01,-1.451986237097278587e-01,-3.140265427409625332e-01,1.491845033290138123e-01,2.878144689217570010e-02,5.604361231511684888e-02,-1.519013360739979446e-01,-2.051029983466642892e-02,-3.153402743643594214e-02,5.897493185575763269e-02,3.127932436659368320e-03,6.462308414138254187e-02,-1.418874838017784579e-01,-1.127619643415702227e-01,-4.030609053130166930e-01,-1.420081326243353148e-01,-2.326913624379998990e-01,-6.712989856561955848e-02,-1.027615174940792742e-01,5.468519594262478273e-02,1.340542472854014801e-04,1.429465123553331184e-02,-5.832253451896867585e-02,-1.639706868045935906e-01,-1.196568211269493781e-01,5.714732561776665609e-02,6.970820858840877723e-03,-1.809598284105634614e-01,-1.835068591089860923e-01
-3.578846239778363802e-01,-2.352383931364225300e-01,-1.750837839045533695e-01,9.304705304079717576e-02,6.578488761785602490e-01,4.351892399124178690e-01,-3.687564234326824453e-01,1.030340944635595862e-01,6.133071182805308608e-01,1.000000000000000000e+00,-6.561419187631261085e-01,-2.519773001474596638e-02,-5.813798650520577427e-01,-4.387506144153000553e-01,-2.052504580186782224e-01,4.161043835738862384e-01,-1.197461906251396369e-01,-1.802448724250413359e-01,1.756378747933330375e-01,-6.827829661736449160e-03,1.537155368872603805e-03,1.663970686804593646e-01,-2.423030519683631867e-01,8.064703516689754326e-02,6.151168506188837704e-01,4.123821439742615946e-01,4.453505518566513444e-01,4.676973948791277591e-01,-4.894767415880960093e-01,-9.260020554984584040e-02,-1.816658474462665984e-01,-1.898923097546807159e-01,-6.458733634210643559e-02,7.171902229768979675e-02,-5.692837034720049823e-03,-1.307475758523616027e-01,1.121765941284239704e-01,1.460252915679878527e-01,6.567317574511818967e-02,8.257741632780732366e-02,-6.131194423343312716e-02,9.458420840966977328e-02,-3.042852674382233169e-01,-3.750837839045533806e-01,6.157558425309441787e-03,-2.555788909245274576e-01,-3.821931274855891458e-01,-3.590419589794003330e-01,-3.626614236561061938e-02,-2.659591581393270232e-01,-2.106841235086464870e-01,-2.205862639081281606e-01,-9.471826265695518221e-02,-3.786987801063497194e-01,-2.917511953170383032e-01,-2.714911300773046321e-01,-3.541534474283926648e-01,-1.639885607042316507e-01,-5.024219134009562104e-01,2.063988560704231590e-02,-1.905938603154743172e-01,3.796282228875285103e-01,-2.463738326109298771e-01,-1.309978104472943328e-01,3.329773448322087548e-01,4.759685419366370129e-01,4.221815094508244576e-02,-6.617364493498369138e-02,1.457973993476026631e-01,9.345815273247240484e-02,5.152598418159882315e-02,-2.972429509808302561e-02,-1.425845658876625510e-01,3.278966888600920448e-02,-1.361991152419679274e-01,-1.981053666383663370e-01,-5.658876625407747996e-02,1.607489163948344346e-01,7.256803253049734503e-02,-3.254837124089548367e-02,-7.457884623977836108e-03,6.470798516466330641e-02,-5.628044148532106161e-02,-2.602707895795164927e-01,2.002055498458376048e-01,2.006523973367889402e-01,6.162920595200858248e-02,-2.385271906698243904e-01,-2.785200411099691409e-01,-1.737074936324232433e-01,-1.250949550918271647e-01,4.055140980383395433e-02,2.750793154296438461e-02,2.102864292416998029e-02,-4.593592206979758147e-02,-8.265784887617856624e-02,2.593502837481567389e-02,1.096787166540059838e-01,-1.450288216631663574e-01,-6.265695518119665519e-02,-8.167478439608562291e-02,-1.253988113856740749e-01,-1.322177040975914819e-01,6.376066848384646935e-02,-2.740515662004557873e-01,-1.212297242950980819e-01,-5.666026185262970118e-03,1.012198936502971547e-01,7.271549220251127821e-02,-1.092095267885070768e-02,-1.777604003753519013e-01,-8.064703516689754326e-02,8.345770588498145626e-02,-7.566021716788060014e-02,-3.749720720318155398e-01,-2.668886009205058141e-01
4.738326109298896527e-01,8.205013628848474572e-02,1.805531971937977542e-01,-1.477948076321551341e-01,-5.083828589302471501e-01,-2.404307609812770807e-01,4.636132088118325445e-01,-2.768711738683587442e-01,-4.409267616962330716e-01,-6.561419187631261085e-01,1.000000000000000000e+00,-1.168684927834130194e-01,8.523303096653112032e-01,3.173957728227356223e-01,3.518164350507171911e-01,-1.218463738326109325e-01,1.144555163322757974e-01,-3.692747665221859932e-02,5.041333392912998590e-02,7.591492023772286601e-02,-1.638545064569462417e-01,-1.396979310961168896e-01,3.229500871352607438e-01,-1.178962420126010990e-01,-5.787479333303543472e-01,-4.377586129853880959e-01,-2.813798650520577538e-01,-2.864515840743554476e-01,5.838151838777425606e-01,-1.100719424460431667e-01,1.861477277805085040e-01,1.446177219714911422e-01,2.468474909513383164e-01,-4.202153804906385431e-02,-2.329415970329326568e-02,-1.181822244068099492e-01,-2.815854148978953475e-01,-3.400509406139684554e-01,-3.517896242012600871e-01,-1.325930559899906047e-01,-5.849233656553018412e-02,-2.683006389919120327e-01,3.093525179856115165e-02,2.228428437374324264e-02,-2.497743420170695783e-01,-1.363823227132579530e-01,8.423968899414630007e-02,1.081817775593190041e-02,-1.091916528888690341e-01,-9.895884534608338778e-02,4.696813977389516920e-02,-1.345949327494526115e-01,-8.995486840341392065e-02,1.544930515215157119e-01,-1.459984807185307765e-01,-9.503999285044013867e-02,5.265338040126904540e-01,3.009964699048214842e-02,4.292148889583984883e-01,-1.562134143616783488e-01,4.494570802984941271e-01,-2.571115778184905332e-01,4.351892399124178690e-01,1.980159971401760644e-01,-1.857947182626569493e-01,-4.705035971223021640e-01,1.112650252468832483e-03,-3.230930783323651689e-01,-1.434961347692032818e-01,-1.449305152151570686e-01,-5.925197730014745805e-03,1.657446713436704078e-01,3.583404084186067040e-01,-5.451092542115375944e-02,2.346843022476428897e-01,1.526386344340676660e-01,-1.175655748692971125e-01,-2.636400196612895819e-01,-7.108449886053889999e-02,1.062156485991331140e-01,1.030474998882881243e-01,7.305956477054380976e-03,-9.678716654005986922e-03,6.436391259663076791e-02,-2.087224630233701361e-02,-1.906921667634836337e-01,-1.638366325573081816e-01,-2.528263103802672052e-02,1.985968988784128086e-01,1.833549309620626511e-01,3.364314759372626085e-02,7.084766969033469419e-02,-9.732338352920148067e-03,3.270744894767416144e-01,-1.499307386389025498e-01,-7.921265472094374260e-02,-1.950265874257116061e-01,-2.034139148308682365e-01,1.311586755440368179e-01,1.578890924527458772e-01,1.971937977568256062e-01,3.240091156888154078e-01,-2.180168908351579754e-02,1.126323785691943358e-01,7.504803610527727153e-02,8.068725144108315761e-02,-1.668751954957772843e-01,-1.012511729746637529e-01,-2.172617185754502078e-01,-7.578980294025648712e-02,1.490549175566379114e-01,2.622011707404263148e-01,-1.501005406854640511e-01,-4.384914428705483092e-02,2.342821395057866629e-01,2.359846284463112676e-01
1.452388399839134869e-01,5.823763349568792380e-01,-5.746592787881495967e-01,1.614459984807185139e-02,-2.596809508914607600e-01,-2.336565530184548170e-02,-3.844541757898029544e-01,4.983109164842039474e-01,-1.928951248938737262e-01,-2.519773001474596638e-02,-1.168684927834130194e-01,1.000000000000000000e+00,-1.165378256401090329e-01,6.176594128423968932e-01,-1.955449305152151540e-01,-2.216140131373162403e-01,-1.675097189329281810e-01,6.122257473524286148e-02,-3.109701059028553427e-01,-5.790696635238393175e-02,-5.622681978640690220e-02,-2.965860851691317635e-01,-3.750569730550962766e-01,-1.469145180749810153e-01,-1.298628178202779482e-01,7.351534921131418210e-02,-3.570266767952097742e-01,-1.381384333526967378e-01,-1.411010322177040921e-01,-5.108360516555699588e-02,-2.229411501854417221e-01,-1.472183743688279256e-01,-2.356986460521024174e-01,3.244559631797667293e-02,-2.179453952366057490e-01,-4.180258277849770165e-02,-1.345010947763528308e-01,-7.970418696099021427e-02,-2.093972027347066334e-01,-1.845167344385361397e-01,-2.311184592698511953e-01,-1.780865990437463797e-01,2.131685955583359493e-01,2.392108673309799316e-01,1.629250636757674509e-01,4.652754814781714932e-01,2.738549533044372097e-01,3.246481076008758127e-01,1.241967916350149720e-01,4.844407703650743802e-01,3.385271906698243960e-01,5.194378658563831852e-01,2.774878234058715809e-01,-3.109120157290316544e-01,3.391795880066133528e-01,2.975602126994056906e-01,-2.782921488895839790e-01,5.486750971893292750e-01,1.825595424281692691e-01,7.274185620447740641e-01,1.652978238527190724e-01,5.443853612761964111e-01,-2.947361365565932534e-01,1.416149068322981319e-01,-4.797220608606282410e-01,1.953661915188346088e-01,-2.727423030519683378e-01,2.494392063988560837e-01,6.653112292774475411e-02,3.381116225032396172e-01,-6.743822333437597683e-02,3.113141784708878812e-01,-4.997989186290718866e-02,2.970061218106260226e-01,-4.906519504892979944e-01,8.827025336252737608e-02,1.965056526207605292e-01,3.654631574243710768e-01,-2.158094642298583610e-01,-4.489923589079047178e-02,-1.612404486348809063e-01,7.946735779078600848e-02,-3.413467983377273529e-01,-2.898833728048617053e-01,-3.863934939005317371e-01,2.303454131105053815e-01,-2.557933777201841230e-01,-3.080790026364002010e-01,-6.175432324947495791e-03,2.544483667724205533e-01,-2.286697350194378531e-01,-4.695920282407614055e-01,-7.126770633182895331e-02,-2.589168416819339624e-01,-3.019884713347334437e-01,-1.769382009920014431e-01,-2.784083292372313556e-01,-1.117744313865677713e-01,-8.224228070959381520e-02,-6.955628044148531863e-02,-7.967737611153313804e-02,1.554448366772420709e-01,-1.345100317261718470e-01,1.520398587961928616e-01,-1.481969703740113609e-01,-1.454220474552035403e-01,-6.012332990750256928e-02,-4.547120067920818604e-02,-2.691362437999910567e-02,5.518566513249028270e-03,1.062156485991331244e-02,-6.301890164886723988e-02,-2.190357031145270250e-01,1.153134635149023618e-01,-1.755574422449617811e-01,-2.498503060905312989e-01
5.196791635014968991e-01,-3.063586397962375293e-02,2.745699092899593352e-01,-2.376603065373787960e-01,-4.110684123508646648e-01,-3.214665534653022849e-01,5.345145002010813773e-01,-3.356271504535501826e-01,-2.842396889941463112e-01,-5.813798650520577427e-01,8.523303096653112032e-01,-1.165378256401090329e-01,1.000000000000000000e+00,3.082577416327807462e-01,5.027793913937173009e-01,-7.662093927342597532e-02,1.208454354528799291e-01,-8.752401805263863854e-02,7.900263640019661651e-03,-9.623307565128021157e-02,-7.622771348138880632e-02,3.279860583582823019e-03,3.477635283077885608e-01,-6.804146744716028927e-02,-4.133652084543545380e-01,-4.095446624067206054e-01,-2.373653871933509019e-01,-2.440144778587068353e-01,5.136735332231109341e-01,-1.885741096563742780e-01,1.723535457348406852e-01,9.091112203404977388e-02,1.874346485544483576e-01,-1.225523928683140418e-01,7.005674963135082034e-02,-9.714017605791143428e-02,-1.772509942356673696e-01,-3.205415791590330299e-01,-2.063184235220519303e-01,-8.174627999463783545e-02,1.832074712900487175e-04,-2.395504714241029620e-01,-4.678493230260511761e-03,-6.565977032038965155e-02,-1.611376737119621094e-01,-1.211090754725412250e-01,2.223513114973859478e-02,-7.790786004736582893e-02,-1.242906296081147527e-01,-3.253943429107645363e-02,4.678493230260512281e-02,-4.474730774386701665e-02,-2.063988560704231590e-02,1.724071674337548654e-01,-3.102908977166093235e-02,-8.348898520934805445e-02,4.315250904866169135e-01,-5.952902274453728687e-02,4.548549979891862716e-01,-1.625407748335493119e-01,5.241342329862818117e-01,-2.663255730819071299e-01,4.290808347111130794e-01,8.842664998436033930e-02,2.767326511461638133e-02,-4.301979534384914317e-01,2.024219134009562406e-03,-3.056481522856249189e-01,-2.509048661691764548e-01,-1.455426962777603972e-01,1.708834174896108060e-01,1.880244872425041458e-01,2.844943920639885770e-01,-7.323830376692434807e-02,2.903614996201796528e-01,1.008311363331694938e-01,-6.440412887081639615e-02,-3.443853612761964555e-01,-4.603422851780687025e-02,4.463559587112918281e-02,5.478350239063407845e-02,-4.458197417221502340e-02,4.043969793109611528e-03,8.141561285133383508e-02,4.644979668439161435e-02,-1.854685195942624709e-01,-1.413244559631797737e-01,4.160150140756959519e-02,3.057285848339961754e-01,1.951114884489923706e-01,9.117476205371106979e-02,9.701059028553554731e-02,-8.254613700344072547e-02,2.311184592698511953e-01,-9.288171946914518251e-02,-1.862460342285178136e-02,-1.450064792886187892e-01,-1.961124268287233463e-01,7.332320479020509874e-02,1.758300192144421070e-01,2.729791322221725852e-02,1.553554671790517983e-01,-1.239420885651727061e-01,-1.556816658474462732e-02,5.260288663479154719e-02,3.523839313642253973e-02,-8.488314938111622687e-02,-3.166808168372134413e-02,-1.653156977523571325e-01,-1.102194021180571137e-01,5.388980740873140080e-02,5.944859019616605122e-02,-2.117878368112963150e-01,2.023772286518611338e-02,2.212341927700076094e-01,2.668751954957773176e-01
