0.000000000000000000e+00,7.124044863488091517e-01,3.363733857634389479e-01,1.008847580320836462e-01,-1.696769292640421811e-01,-2.021850842307520435e-01,3.978864113678001746e-01,3.146610661781134022e-01,9.724741945573975310e-02,-1.501675678091067556e-01,4.597703203896509883e-01,1.941909826176325959e-01,1.181330711828053048e-01,3.903659680950891803e-02,-3.239644309397202854e-02,-2.868850261405782032e-01,-4.747307743867017898e-02,1.245676750525045867e-01,4.988650073729836154e-01,5.070110371330265320e-01,-2.779033915724563042e-01,-1.448590196166048560e-01,-7.733142678403860659e-02,-2.191071987130792376e-01,-1.888064703516689757e-01,-2.066982438893605611e-01,-1.853612761964341660e-01,-7.937351981768622777e-02,2.108360516555699560e-01,2.147906519504892975e-01,-3.470664462219044677e-02,-1.141069752893337508e-01,3.981366459627329046e-01,2.060056302783859761e-01,-3.671120246659814734e-01,-3.697126770633182846e-01,-4.352115822869654371e-01,-3.762679297555744373e-01,-3.008668841324456111e-01,-3.761249385584700122e-01,-2.058447651816435187e-01,-2.690021895527056617e-01,6.989141605969882709e-02,1.716385897493185597e-01,-1.135439474507350666e-01,1.164842039411948665e-01,3.024040395013182225e-01,1.744716028419500409e-01,1.689977210777961550e-02,-2.748558916841681993e-02,1.196389472273113180e-01,8.110281960766789477e-03,3.404307609812771140e-01,-1.187273783457705803e-02,2.016354618168819113e-01,-2.440144778587068353e-01,5.993878189373966769e-01,4.489789534831761797e-01,4.223200321730193330e-01,3.373832610929889397e-01,1.787121855310782326e-01,3.240984851870056666e-02,2.357388623262880456e-01,3.267661647079851406e-01,-3.324947495419813270e-01,-3.481165378256401155e-01,-6.481076008758210327e-02,-1.405335359041958998e-01,6.090352562670360292e-01,4.649805621341436268e-01,-1.297198266231735023e-02,-9.857902497877474302e-02,-1.755976585191474093e-01,-4.034273202555967441e-01,-6.886366683051074744e-02,-1.633048840430761095e-01,2.190401715894365331e-01,4.685195942624782034e-02,2.783278966888600992e-01,-4.870637651369587318e-02,3.025649045980606799e-01,-8.198757763975154933e-02,-8.223781223468430712e-02,-3.915903302202958236e-01,1.888422181509450959e-01,-2.488180883864337112e-01,-2.557799722954555710e-01,-4.051164037713927968e-01,-3.631529558961526377e-02,-4.118682693596675271e-01,-1.538406541847267550e-01,-4.608204119933866361e-01,-4.566781357522677921e-03,-3.236471692211448370e-01,-1.536485097636176855e-01,-1.719603199428035301e-01,6.469904821484427637e-02,-1.913222217257250224e-01,-1.557889092452745816e-01,-2.227936905134277612e-01,5.306760802538093569e-02,-2.660887439117029518e-01,-1.593234728986996640e-01,-1.006032441127843041e-01,-1.516957862281603231e-01,-2.616649537512846790e-01,1.077796148174628085e-02,-1.555029268510657314e-01,-1.168818982081415575e-01,1.961660485276375127e-03,1.766522185977925652e-01,-1.508959292193574331e-01,-7.648241655123105831e-02,-2.859823942088565306e-04,6.518164350507171800e-02,-3.057643326332722400e-01
7.124044863488091517e-01,0.000000000000000000e+00,3.921310156843469397e-01,1.488538361857098258e-01,-1.084007328298851602e-01,-1.633004155681665737e-01,1.212431297198266200e-01,8.668841324455962838e-02,9.736359980338710196e-02,-1.687072702086777898e-01,2.538406541847267328e-01,-1.863354037267080793e-02,-2.229768979847178076e-02,8.284552482237812765e-03,-3.795075740649716395e-02,-2.348987890432995274e-01,-3.518923991241788840e-02,1.011528665266544502e-01,3.939943697216140017e-01,5.043478260869564966e-01,9.316770186335403964e-03,5.664238795299164630e-02,1.103489878904330007e-01,1.649314089101389796e-02,-9.853434022967960670e-02,-8.745699092899593408e-02,-4.208409669779704376e-02,3.486750971893292500e-02,2.143527414093569783e-02,6.554358997274230270e-02,7.024442557755038175e-02,-2.303498815854148826e-02,3.740202868760891808e-01,2.246212967514187309e-01,-5.303186022610482941e-02,-1.479690781536261712e-01,-2.681129630457124713e-01,-2.371911166718798925e-01,-1.826980651503641861e-01,-2.343134188301532750e-01,-1.744269180928549046e-01,-1.682693596675454706e-01,1.625184324590017437e-01,2.590777067786764198e-01,1.605523034988158571e-01,1.800169802046561462e-01,3.517449394521649508e-01,3.038160775727244411e-01,1.501273515349211274e-01,1.148934268734081027e-01,1.727646454265159282e-01,9.306492694043523584e-02,3.517583448768935028e-01,8.072299924035926388e-02,2.803610527726886903e-01,-6.702712364270074774e-02,5.555699539747084303e-01,5.913177532508154810e-01,2.676124938558470112e-01,1.523883998391349082e-01,8.066937754144511141e-02,-8.250145225434558915e-02,-3.846016354618168875e-02,2.400464721390589348e-02,-1.102953661915188344e-01,-1.351222127887752034e-01,-5.578444077036507492e-02,-6.870280173376826227e-02,7.176996291165824715e-01,7.131596586085169331e-01,1.231511685061888357e-02,-2.181732874569909386e-01,-2.517583448768935250e-01,-5.094463559587112389e-01,-1.201126055677197331e-02,-1.756155324187854694e-01,2.586263908128155764e-01,1.491666294293757522e-01,5.749139818579918765e-02,8.730059430716297086e-02,-6.014567228205013223e-03,-1.321238661244917012e-01,-1.251575137405603333e-01,-1.369498190267661730e-01,-1.308816300996469909e-02,-2.233567183520264454e-01,-9.993744135126680916e-02,-3.185620447741185912e-01,-1.934715581572009346e-01,-2.753787032485812691e-01,-2.372894231198891812e-01,-2.793154296438625228e-01,-6.721479958890030915e-02,-8.456588766254077849e-02,-1.215916707627686666e-01,-1.924438089280128827e-01,-4.468921757004334222e-02,-1.493274945261182374e-01,-2.056436838107154053e-01,-2.194110550069261478e-01,-4.483220876714777425e-02,-2.855042673935385689e-01,-3.438312703874167875e-01,-2.096474373296393912e-01,-1.635506501630993315e-01,-1.891818222440680985e-01,-1.022118950802091281e-01,-2.015460923186916387e-01,-1.117923052862058175e-01,-1.176236650431207870e-01,1.557174136467223691e-01,-9.905715179409267657e-02,2.251664506903793689e-02,1.091693105143214659e-01,1.451405335359041981e-01,-4.106439072344608698e-01
3.363733857634389479e-01,3.921310156843469397e-01,0.000000000000000000e+00,3.479646096787166742e-01,2.378613879083068816e-01,1.354394745073506448e-02,4.998436033781670229e-01,3.820143884892086561e-01,1.880066133428660857e-01,5.930559899906161919e-02,2.209437419008892234e-01,1.481165378256401044e-01,3.502211895080208914e-01,2.394879127753697656e-01,2.297511059475401130e-01,6.380982170785111200e-03,-2.750346306805487306e-01,-6.094999776576254247e-02,3.786853746816211674e-01,2.977791679699718363e-01,-1.381205594530586778e-01,-5.089146074444791945e-02,5.051029983466642781e-01,2.940837392198042965e-01,2.473703025157513724e-01,1.414227624111890624e-01,3.017114258903436097e-02,3.811162250323964218e-02,1.345457795254479706e-02,1.073417042763304824e-01,2.806917199159926768e-01,1.660798069618839023e-01,5.629384691004959973e-02,1.172974663747263120e-02,1.340542472854014963e-03,-1.547120067920818576e-01,-2.983511327583895367e-01,-2.190937932883506856e-01,-1.783949238125027981e-01,-2.618794405469413444e-01,-1.899012467044997599e-01,-2.672907636623620409e-01,-7.744313865677644737e-02,1.073729836006970806e-01,-1.758166137897135828e-01,-1.918137539657714941e-01,-1.826623173510880660e-01,-7.529827070021001545e-02,-1.791947808213056881e-01,-2.685061888377496819e-01,-1.187318468206800953e-01,-1.180392332097055241e-01,1.088386433710174656e-01,-1.619643415702220757e-01,-6.452477769337325308e-02,-2.667500781983109248e-01,9.102730238169712274e-02,5.251172974663746995e-01,1.569953974708432065e-01,1.910719871307922646e-02,4.722060860628267687e-01,1.448545511416953480e-01,-8.390902185084231357e-02,-3.793735198176862583e-02,2.082800840073283088e-01,-3.496134769203271264e-02,1.535189239912417847e-01,9.381563072523348146e-02,3.722597077617409433e-01,4.059564770543813150e-01,1.457661200232360788e-01,2.173600250234594966e-01,1.390455337593279328e-01,6.791635014969391038e-02,-5.630725233477813785e-02,4.867062871441976690e-02,1.594039054470709205e-01,2.736494034585995952e-02,-3.327226417623665305e-02,2.308995039992850495e-01,-7.149559855221413265e-05,-1.184905491755663814e-01,-8.657223289691227952e-02,-3.497654050672505677e-01,1.046740247553509945e-01,-3.891371374949729733e-01,-7.964609678716653984e-02,-3.940167120961615699e-01,3.035881853523392584e-02,-3.799722954555609933e-01,-8.381518387774253287e-02,1.424549801152866571e-02,-1.185218284999329796e-01,-1.172036284016265278e-01,-2.614728093301756373e-01,-2.064435408195182953e-01,-1.150811028196076641e-01,-2.752178381518387562e-01,-2.691585861745386388e-01,-2.574511819116135913e-01,-1.542070691273068617e-01,-1.378435140086688437e-01,-1.870458912373207105e-01,-4.310290897716609337e-02,-2.800884758032083921e-01,-2.371419634478752481e-01,-1.122034049778810466e-01,-4.548013762902721607e-02,-7.796148174627999528e-02,-2.988739443228026205e-01,1.220295813039009719e-01,2.839268957504803570e-02,6.002949193440278858e-02,-1.005585593636891678e-01,-1.171812860270789597e-01,-2.531435720988426397e-01
1.008847580320836462e-01,1.488538361857098258e-01,3.479646096787166742e-01,0.000000000000000000e+00,2.822154698601367362e-01,2.971982662317351198e-01,3.830019214442110798e-01,3.654229411501854208e-01,7.276464542651593648e-02,2.766209392734259587e-01,2.211850395460029373e-01,2.485812592162295054e-01,2.902185084230752277e-01,1.597747888645605352e-01,-8.600026810849456527e-02,1.451271281111756462e-01,-1.175342955449305143e-01,-1.928683140444166499e-01,1.930247106662495993e-01,2.588319406586532256e-01,-3.096563742794584129e-01,-2.168104026095893366e-02,3.035569060279726394e-01,2.800482595290227361e-01,2.838464632021091005e-01,3.645560570177398541e-01,1.074578846239778313e-01,1.116001608650967480e-01,1.170695741543411189e-01,1.055900621118012472e-01,3.826086956521739246e-01,3.331516153536797642e-01,2.023772286518611130e-01,2.879351177443138510e-01,3.320970552750346361e-02,4.751776218776531530e-02,-1.784976987354215949e-01,-6.224138701461191109e-02,-1.989633138209928875e-01,-2.101479065195049067e-01,-9.882032262388847077e-02,-1.188927119174225805e-01,-2.951472362482684408e-01,-1.323204790205103065e-01,-5.459269851199785029e-01,-3.892667232673488464e-01,-3.418651414272309008e-01,-2.298538808704589098e-01,-4.059341346798337469e-01,-3.590553644041288850e-01,-3.611019259126859726e-01,-3.502122525582018753e-01,-3.216452924616828302e-01,-3.830823539925823362e-02,-3.206264801823137667e-01,-2.445149470485723231e-01,5.641002725769694859e-02,2.128736762143080552e-01,-4.695473434916663108e-02,8.698333258858750860e-02,3.698869475847892940e-01,4.592787881496045443e-01,1.250323964430939683e-01,2.053845122659636313e-01,-3.960409312301711726e-02,1.936458286786719718e-01,2.221859779257339407e-01,2.600473658340408667e-01,6.977970418696098631e-02,1.366861790071048632e-01,3.606461414719156489e-01,3.071004066312167380e-01,2.754010456231288373e-01,6.015460923186916053e-02,-6.778229590240850144e-02,2.494972965726797443e-01,1.076947137941820509e-01,5.436346574913981933e-02,-7.001206488225568403e-02,7.431967469502659407e-02,1.049197908753742303e-01,2.080075070378479760e-02,-1.237767549935207129e-01,-1.629742168997720952e-01,3.889807408731400101e-02,-7.072255239286831530e-02,-3.073997944501541402e-01,-2.448500826667858177e-01,-9.118369900353009982e-02,-3.569417757719290513e-02,-5.161088520487957382e-02,1.490683229813664565e-02,2.464051119352964891e-01,-6.851959426247822282e-02,-1.499128647392644897e-01,-6.296081147504357066e-03,-6.996738013316054772e-02,-1.373207024442557878e-01,-1.803699897225077009e-01,-4.970999597837258421e-01,-2.402475535099870552e-01,9.515617319808748753e-02,-2.761517494079270829e-01,-1.179766745609723416e-01,-2.573260646141471986e-01,-3.944322802627463209e-02,1.574556503865230661e-01,2.221278877519102662e-02,-1.530810134501094655e-01,-4.433933598462844738e-01,2.101791858438714911e-01,2.892890656418964368e-02,-3.341078689843156313e-02,-2.207739398543277221e-01,-9.304705304079717576e-02,3.998838196523526317e-02
-1.696769292640421811e-01,-1.084007328298851602e-01,2.378613879083068816e-01,2.822154698601367362e-01,0.000000000000000000e+00,6.151570668930693708e-01,-9.972295455561017152e-02,-1.797488717100853561e-01,3.533714643192278348e-01,4.723714196344787619e-01,-1.730595647705438223e-01,3.529648331024621416e-02,8.936949819026766134e-03,-1.735332231109522338e-01,2.260646141471915616e-01,3.199383350462486897e-01,2.292014835336699530e-01,4.969837794360784655e-02,7.097278698780105921e-02,-2.671656463648956481e-01,-5.348764466687519134e-03,5.046695562804414531e-02,5.122883060011618195e-01,6.582286965458689076e-01,8.603422851780687663e-01,7.898878412797711857e-01,7.390008490102327743e-01,5.403056436838107324e-01,2.083605165556995376e-01,1.186826935966754475e-02,5.989856561955404501e-01,4.114973859421779401e-01,6.862236918539701969e-02,4.476518164350506979e-02,1.809553599356539533e-01,2.231288261316412835e-01,2.698377943607846441e-01,1.131596586085169137e-01,1.621698914160596972e-01,9.637606684838465054e-02,1.554984583761562233e-01,1.508467759953527887e-01,-1.433754859466463971e-01,-1.650341838330577904e-01,-2.597524464900129448e-01,-4.113454577952544988e-01,-4.246302337012377581e-01,-3.737968631306134992e-01,-4.155324187854685380e-01,-4.227534742392421441e-01,-5.121050985298717384e-01,-3.592609142499664787e-01,-4.421466553465302485e-01,-2.166629429375754035e-01,-3.589838688055766447e-01,-2.115688815407301415e-01,-7.583001921444210668e-03,1.345859957996335954e-01,-4.765226328254166810e-01,-4.987488270253362388e-01,-1.145091380311899498e-01,-1.714419768532999822e-01,-2.461593458152732394e-01,-4.347602663211045937e-01,4.774118593324098714e-01,3.679878457482461118e-01,2.088833281201125935e-01,1.927610706465883172e-01,-1.237186648196970384e-01,-6.909155905089592320e-02,2.897314446579382641e-01,4.405603467536529649e-01,4.929844943920639877e-01,2.476205371106841302e-01,4.103400509406139596e-02,1.872782519326154083e-01,1.177130345413110457e-01,-9.449483891147951453e-02,-5.809911077349300818e-02,1.685508735868448127e-01,1.087626792975557484e-02,-2.323606952946959125e-02,-6.370257831002279492e-02,-5.412663657893560659e-02,-3.095044461325349716e-01,-2.519192099736359824e-01,-1.639170651056794381e-01,-1.202913445641002645e-02,-1.281245810804772234e-01,-8.796639706868046582e-02,-1.345725903749050434e-01,3.613655659323473102e-01,-9.056258099110774118e-02,-2.261048304213771672e-03,1.839045533759327833e-01,1.608248804682961830e-01,1.428303320076857730e-01,2.211895080209124731e-01,3.708834174896107842e-03,-2.050538451226596448e-01,-3.000849010232807812e-01,2.036418070512533984e-01,1.413825461370034342e-01,1.975199964252200846e-01,-1.861968810045131484e-01,1.464006434603869755e-01,1.145225434559185018e-01,1.704097591492023667e-01,4.527458778318959459e-02,-3.712408954823718799e-01,5.198623709727869663e-02,3.275481478171500260e-01,2.167969971848608124e-01,-3.117476205371106923e-01,-2.716922114482327455e-01,2.646454265159300934e-01
-2.021850842307520435e-01,-1.633004155681665737e-01,1.354394745073506448e-02,2.971982662317351198e-01,6.151570668930693708e-01,0.000000000000000000e+00,-1.665713392019303740e-01,-1.418740783770499059e-01,3.892354439429822621e-01,5.586844809866392536e-01,-2.159345815273247260e-01,1.309084409491040601e-01,-2.490638545064569331e-01,-2.346887707225523978e-01,2.463380848116537847e-01,3.290584923365655334e-01,5.906430135394789838e-02,5.494883596228607170e-02,-1.481433486750971806e-01,-3.307207650029044821e-01,6.932838822110014287e-02,1.806157558425309506e-01,2.029938781893739774e-01,4.891505429197015031e-01,6.375575316144599380e-01,7.043165467625899234e-01,5.811028196076678531e-01,5.346887707225523867e-01,-6.075785334465347298e-02,-8.406541847267527678e-02,3.801555029268510744e-01,2.505250458018677961e-01,-8.184905491755663232e-02,3.303096653112292530e-02,3.142231556369810830e-02,1.690155949774342081e-01,3.322534518968676132e-01,2.575539568345323604e-01,3.524777693373251641e-01,2.951517047231779767e-01,3.287412306179900989e-01,2.598284105634746655e-01,-2.485901961660485215e-01,-1.732338352920148317e-01,-2.446981545198623764e-01,-3.209169310514321527e-01,-3.092899593368783062e-01,-2.561866035122212781e-01,-3.149559855221412685e-01,-3.794092676169623091e-01,-4.342553286563295978e-01,-3.983287903838420019e-01,-4.591715447517762394e-01,-4.161177889986147904e-01,-1.125027927968184488e-01,-6.360874033692301421e-02,-1.092988962866973529e-01,3.560033960409312442e-02,-3.174404575718307586e-01,-2.042807989633138310e-01,-1.522007238929353468e-01,-5.925644577505697480e-02,-2.158854283033200816e-01,-2.362795477903391617e-01,1.442870548281871279e-01,1.554224943026945027e-01,2.173734304481880208e-01,2.576165154832655846e-01,-1.482327181732874533e-01,-6.397515527950310699e-02,1.737030251575137352e-01,2.938379730997810468e-01,2.137673711962107259e-01,1.402430850350775415e-01,-6.750971893292818937e-02,8.896733544841145536e-02,-1.490370436569998791e-01,-2.987398900755172115e-01,-1.422896465436346569e-01,-1.012556414495732575e-02,5.683900084901023081e-02,-9.203270923633763423e-02,2.304124402341480859e-01,1.388310469636712952e-01,-1.604450601009875244e-01,-2.459582644443451538e-01,1.137405603467536580e-01,1.164395191920997302e-01,9.594262478216185330e-02,6.073104249519638981e-02,1.422315563698109755e-02,1.858081236873855013e-01,-5.471647526699137398e-02,-1.378211716341212756e-01,9.581750748469547441e-02,2.351847714375083775e-01,1.437284954644979795e-01,2.549398990124670528e-01,8.179543321864247984e-02,-1.706063720452209720e-01,-1.500156396621832866e-01,5.598999061620268947e-02,1.078198310916484159e-01,2.203404977881049109e-01,-4.054247285401492429e-02,2.491800348541042820e-01,1.442289646543634674e-01,3.140712274900576695e-01,1.553956834532373987e-01,-2.344698154519862243e-01,1.289378435140086654e-01,1.566870727020867882e-01,6.526207605344296059e-02,-2.211716341212744130e-01,-3.299566557933777400e-01,2.869252424147638592e-01
3.978864113678001746e-01,1.212431297198266200e-01,4.998436033781670229e-01,3.830019214442110798e-01,-9.972295455561017152e-02,-1.665713392019303740e-01,0.000000000000000000e+00,6.941820456678136075e-01,-3.928236292953215386e-02,-2.545690155949774380e-02,5.362616738907011182e-01,2.944501541623844032e-01,5.323249474954198091e-01,2.883774967603556783e-01,1.007104875106126229e-01,-1.308726931498279678e-01,-3.939988381965235376e-01,-8.641136780016980823e-02,3.863532776263461366e-01,4.173153402743643436e-01,-4.665892131015684230e-01,-3.107109343581035965e-01,5.262076053442960033e-02,-2.183296840788238879e-01,-1.579203717771124615e-01,-2.510299834666428476e-01,-3.652307967290763790e-01,-2.656016801465659882e-01,1.162429062960811527e-01,1.298360069708208719e-01,-1.067116493140891076e-01,-2.223066267482907976e-01,-4.000625586487331631e-02,-8.302873229366816710e-02,-4.330756512802180769e-01,-4.299209079941015976e-01,-5.751463425532865603e-01,-4.873676214308056420e-01,-4.764600741766835124e-01,-5.246883238750614797e-01,-4.430895035524375358e-01,-4.676303677554850546e-01,-2.304124402341480859e-01,-6.595915813932705374e-02,-4.595737074936324107e-01,-2.670941507663434633e-01,-5.822422807095938013e-02,-9.447249653693194638e-02,-1.459046427454309958e-01,-2.720765002904508845e-01,3.570311452701192823e-02,-1.260020554984583874e-01,1.588944993073863887e-01,-3.952366057464587468e-02,-1.003440725680325302e-01,-3.103757987398900742e-01,7.997229545556101826e-02,2.449394521649760903e-01,4.325036864918003210e-01,3.893158764913535186e-01,5.991420528173734272e-01,4.077706778676437605e-01,4.112516198221546904e-01,5.070780642566692364e-01,-2.241074221368246910e-01,-3.351892399124178912e-01,-2.124759819473613642e-02,-9.146074444791991997e-02,1.724518521828500017e-01,1.274989945931453705e-01,2.026542740962509470e-01,1.529335537780955323e-01,1.107154028330130935e-01,1.105679431609991464e-01,-4.085973457259037267e-02,2.492604674024755385e-01,-1.585414897895348271e-02,-1.249474954198132176e-01,2.715939050002234151e-02,-6.114661066178113391e-02,2.602663211046070124e-01,2.415210688591983706e-02,-1.818133071182805316e-01,-5.419277000759640250e-01,5.316725501586309077e-01,-2.388667947629473931e-01,-2.091559050895929195e-01,-4.014969390946869776e-01,2.387193350909334599e-01,-3.766030653737879041e-01,1.270700210018320675e-01,-1.853076544975199857e-01,1.591000491532240102e-01,-2.388757317127664370e-01,-3.687564234326824453e-01,-3.442155592296349265e-01,-1.604852763751731526e-01,-4.379462889315876573e-01,-1.212029134456410057e-01,-2.158809598284105735e-01,5.702220832030028413e-02,-7.058402967067339828e-02,1.708744805397917690e-02,-9.155905089592922264e-03,-5.849233656553018412e-02,-1.954019393181107289e-01,8.688502614057821982e-02,-2.464810760087582028e-02,-1.432324947495419720e-01,-6.387238035658429625e-02,5.253585951114884273e-02,-8.101345010947762909e-03,2.117163412127440886e-02,-1.173510880736404610e-01,-1.433486750971893313e-02,3.905447070914696683e-03
3.146610661781134022e-01,8.668841324455962838e-02,3.820143884892086561e-01,3.654229411501854208e-01,-1.797488717100853561e-01,-1.418740783770499059e-01,6.941820456678136075e-01,0.000000000000000000e+00,-1.867822512176594077e-02,-1.567540998257294649e-01,4.369185397023995776e-01,3.035077528039680228e-01,5.464766075338487461e-01,3.651682380803431549e-01,-9.614817462799946091e-02,-2.600473658340408667e-01,-2.634970284641851568e-01,6.068188927119174542e-02,1.988426649984360306e-01,3.216408239867732943e-01,-5.316144599848071639e-01,-3.265874257116046508e-01,-3.306671433039903157e-02,-3.733142678403860715e-01,-2.567228205013628584e-01,-2.219178694311631506e-01,-3.765985968988784238e-01,-4.266187050359712130e-01,3.214174002412976683e-01,3.607533848697439538e-01,-1.833191831627865309e-01,-6.168282765092274189e-02,4.853210599222485683e-02,5.042673935385853096e-02,-3.480539791769069469e-01,-3.621967022655167567e-01,-6.563519370838732936e-01,-5.461235980159971914e-01,-5.413199874882702600e-01,-5.844407703650743580e-01,-4.783949238125028147e-01,-5.306626748290808049e-01,-1.488359622860717657e-01,-1.577907860047365884e-01,-3.470441038473568995e-01,-2.038696992716385881e-01,-1.474998882881272677e-01,-2.245453326779570102e-01,-1.801510344519415552e-01,-2.413244559631797792e-01,8.612538540596094416e-02,-1.596541400420036505e-01,1.255328656329594839e-01,-1.706108405201304801e-01,-1.962688234505563234e-01,-5.074623530988873199e-01,1.115063228919969673e-01,6.325573081907144568e-02,3.960990214039948332e-01,4.424460431654676507e-01,6.272711023727601809e-01,5.866839447696501342e-01,4.702086777782742977e-01,6.275928325662450957e-01,-1.996782698065150408e-01,-1.909066535591402713e-01,1.094106081594351798e-01,9.569239018722909551e-02,1.469904821484427360e-01,-5.869341793645828365e-02,2.252960364627552559e-01,1.179722060860628335e-01,1.849814558291255073e-01,6.307252334778140623e-02,2.056392153358058833e-02,1.713928236292953100e-01,1.966933285669600906e-01,3.278520041109968947e-02,3.337637964162831206e-01,2.057509272085437102e-01,4.566915411769962851e-01,2.285133383976049037e-01,-2.387059296662049357e-01,-6.260556771973725398e-01,5.598462844631126867e-01,-6.799231422315563100e-02,-3.304079717592385834e-01,-4.935162429062960876e-01,2.321908932481344112e-01,-4.995486840341391566e-01,7.522230662674829482e-02,-3.127977121408463401e-01,2.975468072746771386e-01,-1.806872514410831632e-01,-4.300773046159345747e-01,-3.533446534697707864e-01,-1.474775459135796996e-01,-4.730059430716296309e-01,-2.048080790026363951e-01,-3.379328835068591275e-01,1.059832879038384162e-01,-4.050225657982930300e-02,-1.044729433844228950e-01,-1.876357299253764710e-01,-5.374234773671746068e-02,-3.684570356137450431e-01,-2.437999910630501976e-02,-2.007909200589838572e-01,-1.689262254792439355e-01,-5.762992090799410466e-02,1.616962330756512856e-01,-9.788194289289064987e-02,-1.101791858438714855e-01,-6.241565753608293438e-02,1.463425532865633011e-02,-2.004557844407703626e-01
9.724741945573975310e-02,9.736359980338710196e-02,1.880066133428660857e-01,7.276464542651593648e-02,3.533714643192278348e-01,3.892354439429822621e-01,-3.928236292953215386e-02,-1.867822512176594077e-02,0.000000000000000000e+00,4.174136467223736324e-01,-6.036015907770678202e-02,1.660887439117029463e-01,-2.176996291165824993e-01,-3.332052370525939722e-01,6.573752178381518929e-01,2.218687162071585062e-01,-1.458376156217882913e-01,1.653871933509093450e-01,-9.418204566781357423e-02,-2.724741945573975754e-01,1.498726484650788650e-02,1.001698020465615069e-01,1.827382814245498144e-01,2.840162652486706296e-01,4.436704052906743079e-01,4.013673533223111045e-01,3.163635551186380068e-01,2.828410563474685890e-01,2.260601456722820604e-02,7.157156262567586358e-02,2.350641226149515206e-01,2.599982126100361945e-01,-9.625094955091827512e-03,-5.674069440100093509e-02,-1.161356628982528200e-01,-6.807721524643639555e-02,7.246078913266902621e-02,-2.650699316323338814e-02,1.271593905000223401e-01,6.464542651593011002e-02,9.535725456901560093e-02,1.122078734527905686e-01,-2.187541891952276552e-01,-3.477814022074265932e-02,-1.143482729344474785e-01,-2.012958577237588809e-01,-1.853344653469770897e-01,-1.497922159167076328e-01,-9.172885294249072397e-02,-2.579248402520220029e-01,-2.731757451181911489e-01,-2.250547388176415420e-01,-1.385405960945529369e-01,-3.325707136154430477e-01,-1.129094240135841698e-01,-1.547343491666294257e-01,-4.708432012154251806e-02,1.092095267885070803e-01,-8.995933687832342873e-02,-1.639170651056794381e-01,-5.673622592609142701e-02,-1.481344117252781645e-01,-1.731668081683721272e-01,-1.459940122436212406e-01,9.434291076455605940e-02,-5.821082264623084201e-02,1.398051744939452223e-01,4.261137673711962170e-02,-1.134501094776352859e-01,-5.291567987845748056e-02,2.323517583448768964e-01,2.830912909424013746e-01,1.097948970016533327e-01,6.251396398409223357e-03,-8.955270566155770773e-02,-4.569909289959336873e-02,1.259931185486393435e-01,9.229634925599893014e-02,-7.221502301264579038e-02,-2.247061977746994954e-01,9.936100808793958683e-02,-3.323651637696054539e-01,3.634925599892756543e-01,-2.399973189150542974e-01,-4.370615308995039888e-02,-6.742303051968363548e-01,2.088520487957460092e-01,-7.063765136958756463e-02,3.317663881317306496e-01,-3.181464766075338679e-01,1.698288574109656501e-01,1.763930470530407912e-01,-1.897359131328477666e-01,-2.963224451494704814e-01,3.229813664596273282e-02,1.047053040797175927e-01,2.692032709236337751e-01,3.138433352696724521e-01,1.114124849188971866e-01,-8.302426381875865902e-02,5.886768845792930693e-02,-2.688681353054202597e-02,4.141605969882479199e-01,4.493900531748514227e-01,1.484203941194870147e-01,2.797220608606282855e-01,4.309665311229277651e-01,5.134769203270923565e-01,-1.202600652397336767e-01,-1.196657580767683943e-01,4.227624111890612019e-02,1.680101881227936966e-01,2.659680950891460949e-01,-1.932213235622682046e-01,-3.855266097680861703e-01,2.630680548728718815e-01
-1.501675678091067556e-01,-1.687072702086777898e-01,5.930559899906161919e-02,2.766209392734259587e-01,4.723714196344787619e-01,5.586844809866392536e-01,-2.545690155949774380e-02,-1.567540998257294649e-01,4.174136467223736324e-01,0.000000000000000000e+00,-3.268689396309040068e-02,1.451494704857232143e-01,7.419008892265069322e-02,-2.349077259931185366e-02,5.664909066535591675e-01,7.546092318691630663e-01,-1.573707493632423293e-01,-2.488404307609812793e-01,3.943875955136511707e-02,-1.383752625229009436e-01,2.932034496626301223e-01,3.105277268868135154e-01,2.519504892980025668e-01,5.236784485455113769e-01,4.325483712408954573e-01,4.699495062335224960e-01,3.839313642253898706e-01,5.258635327762634093e-01,-3.203002815139192883e-02,-2.273157871218553228e-01,1.440189463336163378e-01,1.351668975378703119e-01,-1.918763126145046627e-01,-1.749005764332633162e-01,-8.098217078511103784e-02,-1.018142008132624371e-01,2.173242772241833765e-01,2.437240269895884492e-01,2.088654542204745612e-01,2.994995308101345288e-01,3.771839671120246762e-01,2.709459761383439802e-01,-3.418740783770499170e-01,-1.843737432414316868e-01,-4.370972786987801229e-01,-5.353501050091603597e-01,-4.253317842620313871e-01,-2.314982796371598261e-01,-3.119978551320434224e-01,-3.300192144421109086e-01,-5.912551946020823124e-01,-2.724652576075785593e-01,-5.973323204790205176e-01,-2.344966263014433283e-01,-3.196166048527637749e-01,-6.744716028419500686e-02,-3.027704544438982737e-01,-1.322042986728629577e-01,-3.184101166271951500e-01,-2.040618436927476576e-01,-1.119352964833102426e-01,5.851467894007775228e-02,-1.822065329103177145e-01,-1.887841279771214076e-01,4.329058492336565478e-02,8.767594619956209367e-02,-1.081951829840475388e-01,-2.152151570668930647e-01,-2.831181017918584231e-01,-1.467000312793243777e-01,4.573484069886947501e-02,4.605344295991777859e-01,1.140712274900576445e-01,1.516108852048795863e-01,-9.866839447696501564e-02,-8.696992716385897049e-02,-1.995486840341391399e-01,6.384556950712722001e-02,-2.835783547075383382e-01,-1.093033647616068610e-01,-2.219178694311631506e-01,1.023727601769516132e-02,2.611510791366906670e-01,1.878144689217570162e-01,-1.985298717547701042e-01,-1.454041735555654802e-01,1.743867018186692763e-01,9.635372447383708239e-02,7.369408820769471347e-02,3.277268868135305158e-01,-2.433084588230037190e-02,5.122883060011618195e-01,-1.531882568479377982e-01,-6.002502345949327356e-02,1.712096161580052844e-01,1.972250770811921905e-01,3.789266723267348692e-03,1.703382635506501541e-01,-1.296215201751642065e-01,-5.195048929800259035e-02,-3.528888690290004071e-01,1.733276732651146124e-01,3.942088565172706394e-02,4.510746682157379950e-01,-2.992448277402922630e-01,1.707359578175968451e-01,2.349568792171231879e-01,4.638232271325796741e-01,3.215514544885830772e-02,-1.537289423119889142e-01,-8.333705706242459932e-02,4.895214263371910901e-02,9.735913132847759388e-02,-2.332052370525939389e-01,-4.195272353545734800e-01,1.535725456901559371e-01
4.597703203896509883e-01,2.538406541847267328e-01,2.209437419008892234e-01,2.211850395460029373e-01,-1.730595647705438223e-01,-2.159345815273247260e-01,5.362616738907011182e-01,4.369185397023995776e-01,-6.036015907770678202e-02,-3.268689396309040068e-02,0.000000000000000000e+00,8.180883864337101796e-02,5.875865767013718211e-01,3.429643862549711653e-01,5.038205460476339465e-02,-1.031726171857545032e-01,8.920863309352518311e-02,1.705527503463067918e-01,2.594307162965279745e-01,3.942177934670896833e-01,-3.440010724339782611e-01,-2.534876446668751782e-01,-9.996872067563340736e-02,-2.986594575271460106e-01,-2.191206041378077618e-01,-3.375977478886456051e-01,-3.096876536038249972e-01,-2.202019750659099939e-01,4.548281871397292231e-01,3.493900531748514449e-01,-1.026766164707985096e-01,-1.652665445283524603e-01,2.148442736494034500e-01,6.522185977925734623e-02,-2.959694356316189268e-01,-3.223870592966620596e-01,-3.616962330756512967e-01,-2.985611510791366663e-01,-3.608963760668483789e-01,-3.953393806693775159e-01,-2.599445909111220421e-01,-4.788417713034541223e-01,-1.104115465391661832e-01,-9.359220697975781378e-02,-3.195853255283971350e-01,-1.589302471066625089e-01,2.761517494079270777e-03,-6.607087001206488064e-02,-1.239957102640868725e-01,-1.854774565440815148e-01,-6.058358282318244969e-02,-1.529871754770096848e-01,7.329639394074802250e-02,-7.277805085124447459e-02,-1.895527056615577133e-02,-2.387684883149381043e-01,2.122659636266142347e-01,-1.217659412842396829e-02,2.597658519147414968e-01,1.462040305643683702e-01,3.753563608740336788e-01,1.750882523794628776e-01,4.305777738058000903e-01,3.916618258188480084e-01,-1.477456544081504897e-01,-1.765449751999642602e-01,3.991241789177353561e-02,-1.130032619866839505e-01,2.919388712632378646e-01,4.342910764556057179e-02,1.585057419902587139e-01,1.572679744403235047e-01,1.469279234997095396e-01,2.295008713526073413e-02,1.741185933240984862e-01,3.197864068993252484e-01,1.098395817507484690e-01,1.115599445909111198e-01,2.805934134679833880e-01,1.482997452969301577e-01,2.356405558782787568e-01,4.080611287367621326e-02,-5.580678314491264308e-02,-3.290048706376513810e-01,2.202287859153670979e-01,-9.155905089592922264e-02,-3.182849993297287572e-01,-3.238929353411680867e-01,7.661647079851646724e-02,-2.743643594441217415e-01,1.943786585638321556e-03,-1.512310648375709277e-01,-9.830197953438490899e-02,-2.515438580812368596e-01,-1.133875508289020895e-01,-1.368693864783949166e-01,5.344742839268957352e-02,-1.499754233879976861e-01,-1.354528799320791899e-01,-9.209526788507081674e-03,-9.896778229590240394e-02,6.257205415791590453e-02,-1.387774252647571427e-01,6.805487287188882739e-03,-6.225479243934045614e-02,-1.654899682738281419e-01,9.160820411993386703e-02,-2.247642879485231820e-03,-8.217972206086063269e-02,6.874748648286339858e-02,1.889583984985924170e-01,1.908038786362214675e-02,4.560078645158407301e-02,7.462353098887349392e-03,6.719692568926224907e-02,-6.917646007417668774e-02
1.941909826176325959e-01,-1.863354037267080793e-02,1.481165378256401044e-01,2.485812592162295054e-01,3.529648331024621416e-02,1.309084409491040601e-01,2.944501541623844032e-01,3.035077528039680228e-01,1.660887439117029463e-01,1.451494704857232143e-01,8.180883864337101796e-02,0.000000000000000000e+00,4.022967961034899093e-02,4.483712408954823592e-01,1.982975110594754065e-01,1.895839849859242976e-01,-7.775146342553286571e-02,5.224540864203047752e-02,1.426649984360337797e-01,2.582331650207784213e-01,-5.752714598507529392e-02,7.894454622637293861e-02,-1.605344295991777970e-01,1.653335716519951579e-02,-5.770588498145583223e-02,3.122123419277000878e-02,-2.358327002993878263e-01,3.788819875776397450e-02,7.355109701059028837e-02,3.352696724607891476e-01,-4.394745073506411970e-02,-9.251530452656508974e-02,4.878680906206711576e-02,4.291970150587604699e-02,-5.543813396487778933e-01,-4.642700746235309817e-01,-2.036909602752580428e-01,-2.741275302739175079e-01,1.217033826355065074e-01,3.445194155234818090e-02,6.042271772643996453e-02,1.254926493587738556e-01,-2.505563251262344360e-01,8.928012869207739566e-03,-2.919209973635997768e-01,-5.103445194155235148e-02,-2.100183207471289918e-04,2.485812592162294984e-02,4.926940435229456433e-02,-1.640377139282362881e-02,3.968005719647884483e-02,1.293400062558648644e-01,-9.985254032798605850e-02,-3.001161803476473655e-01,9.382903614996201958e-02,1.224451494704857230e-01,4.905491755663791975e-02,1.706063720452209720e-02,3.482639974976540764e-01,5.453907681308369781e-01,5.375575316144599880e-02,2.537155368872603955e-01,4.122570266767952019e-01,4.894678046382769376e-01,-4.236471692211448148e-01,-4.824969837794360616e-01,-2.525537334107869070e-01,-2.020286876089190664e-01,-1.481299432503686495e-02,-9.128200545153938861e-02,-2.096876536038250194e-01,-1.466910943295053338e-01,-8.041914294651235362e-02,6.471692211448232257e-02,-1.737521783815183796e-01,-1.035479690781536261e-01,-2.103177085660664081e-01,-5.794718262656955304e-02,-4.850082666785825863e-02,-1.881272621654229427e-01,1.888913713749497403e-01,8.023593547522230029e-02,6.787166540059877406e-02,-3.012690468743017824e-01,2.297332320479020529e-01,1.065731265918941871e-02,4.515840743554225267e-02,-2.628893158764913363e-01,3.519192099736360158e-01,-2.221725725010054164e-01,1.625407748335493119e-01,-3.007551722597077704e-01,-1.051119352964833137e-01,-4.763170829795790873e-01,-2.380669377541445031e-01,-8.832387506144152856e-02,-8.757317127664328293e-02,-2.151838777425264804e-01,1.441083158318066069e-02,-1.956521739130434867e-01,2.823629295321506971e-01,-9.073238303766924251e-02,1.483891147951204303e-01,2.387595513651190882e-01,5.523034988158541554e-03,-1.147951204253988139e-01,1.635014969390946871e-01,1.232539434291076430e-01,8.977612940703337541e-02,-6.360874033692301421e-02,-1.804638276956074816e-01,-3.928280977702310328e-01,-4.424237007909200686e-02,-1.801912507261271834e-01,-2.708744805397917954e-01,-1.504892980025917260e-01
1.181330711828053048e-01,-2.229768979847178076e-02,3.502211895080208914e-01,2.902185084230752277e-01,8.936949819026766134e-03,-2.490638545064569331e-01,5.323249474954198091e-01,5.464766075338487461e-01,-2.176996291165824993e-01,7.419008892265069322e-02,5.875865767013718211e-01,4.022967961034899093e-02,0.000000000000000000e+00,4.731355288440055595e-01,-7.667902944724965669e-03,1.056213414361678316e-01,3.742347736717458601e-02,-1.126055677197372552e-03,2.314893426873408100e-01,3.367800169802046550e-01,-3.207694713794181918e-01,-1.876401984002859791e-01,2.290853031860226041e-01,-9.202824076142812615e-02,-1.692926404218240422e-01,-2.715402833013092487e-01,-1.525135171366012732e-01,-1.801331605523034951e-01,4.928727825193261469e-01,3.300638991912060449e-01,-5.158407435542249758e-02,-6.885919835560123936e-02,8.757763975155279101e-02,3.729389159479869209e-02,-1.130613521605076249e-01,-2.586219223379060961e-01,-3.321372715492202365e-01,-2.081102819607667798e-01,-4.544304928727825321e-01,-3.791054113231154266e-01,-2.969033468877071980e-01,-4.058581706063720262e-01,-1.254479646096787193e-01,-2.365342508601814275e-01,-3.633182894678046448e-01,-3.213056883685598275e-01,-3.190491085392555548e-01,-3.115644130658206112e-01,-2.901380758747039712e-01,-2.766969033468877348e-01,-1.706331828946780482e-01,-1.646186156664730393e-01,-1.092452745877831866e-01,-2.322713257965056469e-02,-2.655838062469279004e-01,-3.315116850618883837e-01,3.020689038831047071e-02,-1.780240403950131972e-02,-1.080030385629384727e-02,2.515751374056034509e-03,4.343312927297913184e-01,3.666741141248491820e-01,3.965369319451271246e-01,3.330309665311229073e-01,8.382412082756154903e-02,-2.341480852585012522e-03,8.066044059162608137e-02,-6.536038250145224937e-02,6.505205773269583103e-02,-8.135752267751016065e-02,8.027615174940792853e-02,2.490951338308235452e-01,2.248581259216229367e-01,2.418293936279547751e-01,7.283167255015862707e-02,2.949729657267974314e-01,1.076902453192725290e-01,2.215067697394879076e-01,2.774118593324098603e-01,3.493006836766611722e-01,1.597613834398319832e-01,4.120380714062290561e-01,-2.674471602841950180e-01,-2.442870548281871335e-01,3.015103445194154963e-01,1.421377183967112157e-01,-3.978327896688860221e-01,-2.646007417668349571e-01,1.228383752625229058e-02,-1.337369855668260332e-01,-1.306582063541713301e-01,6.419857902497877467e-02,9.916886366683051734e-02,-1.874078377049913022e-02,-2.065731265918941961e-01,-2.316233969346262189e-01,-1.725993118548639349e-01,-2.902408507976227958e-01,-2.599669332856696102e-01,-1.192010366861790127e-01,-1.818222440680995478e-01,2.677957013271370368e-01,-1.199606774207962884e-01,-5.165110147906519511e-02,-2.454443898297511140e-01,-2.946467670584029808e-01,-2.853568077215246426e-02,-4.144063631082711696e-02,-1.439697931096116934e-01,-9.965145895705795898e-02,7.610706465883193550e-02,6.893069395415345191e-02,-1.038920416461861645e-02,-1.130524152106885836e-03,-1.689530363287010048e-02,-2.265382724875999731e-01
