0.000000000000000000e+00,5.065463157424371365e-01,4.252066669645649943e-01,2.747620537110684324e-01,3.027838598686268326e-02,-8.825684793779882409e-02,2.998167925287099633e-01,7.625899280575539063e-02,2.435631618928459641e-01,-2.199874882702533563e-01,2.070065686581169795e-01,1.856249162160954480e-01,4.144733902319138741e-01,2.227713481388801930e-01,2.132490281067071780e-01,8.785021672103311696e-02,1.008534787077170619e-02,-8.284552482237812765e-02,6.668260422717726676e-01,4.380982170785110985e-01,-9.873095312569819815e-02,-4.058715760311006060e-02,3.671924572143527299e-01,2.924080611287367404e-01,-7.257696948031636119e-02,3.069842262835694325e-03,-8.650520577326958893e-02,-7.775593190044237379e-02,1.050761874972072074e-01,-7.780061664953751011e-02,3.487734036373385527e-01,2.802001876759461774e-01,2.499128647392644953e-01,1.371687742973323187e-01,8.373921980428079836e-02,1.157737164305822491e-01,-1.991867375664685691e-01,-3.232003217301934739e-01,-5.586040484382680249e-02,7.980696188390902501e-03,1.178158094642298565e-01,7.417668349792215683e-03,5.806783144912640998e-02,1.116001608650967480e-01,-1.678582599758702276e-01,8.704142276241118303e-02,6.890835157960588375e-02,2.092408061128736840e-01,-2.059296662049242554e-01,-1.087045891237320705e-01,-1.631797667456097167e-01,-1.608606282675722754e-01,7.627686670539345244e-03,-4.533267795701326902e-02,-5.563251262344161979e-02,-3.714196344787523696e-02,6.919031234639617667e-01,4.804727646454265422e-01,-2.183118101791858556e-01,1.342776710308771562e-02,-7.796148174627999528e-02,-1.191742258367219261e-02,8.520487957460118333e-02,-6.336744269180928646e-02,-2.286071763707046844e-02,-1.751597479780150901e-01,-1.836811296304571295e-01,-2.093927342597971253e-01,3.678671969256892549e-01,-9.057598641583627930e-02,2.998704142276241158e-01,5.749139818579918765e-02,5.634746860896376261e-03,3.416595915813932377e-02,3.584878680906206649e-01,1.753429554493051573e-02,2.386523079672907555e-01,8.689396309039724986e-02,3.793288350685911081e-02,-1.534965816166942165e-01,3.789266723267348692e-03,-2.191652888869028981e-01,-2.274945261182358403e-01,1.509495509182715856e-01,2.105009160373564614e-01,-1.743956387684883202e-01,6.966352383931364439e-03,-1.097010590285535554e-02,-1.067831449126413201e-01,-3.896465436346575051e-01,-1.978998167925287155e-01,-6.565083337057062152e-02,2.472407167433754785e-02,-1.188837749676035505e-01,-2.598507529380222336e-01,-1.253720005362169987e-01,-1.116537825640109005e-01,-2.086464989499083877e-01,-2.000491532240046555e-01,-1.359801599714017539e-01,-3.585057419902587528e-02,-7.289423119889182345e-02,1.651101479065195110e-02,-1.386031547432861055e-01,2.817999016935520129e-01,1.362348630412440198e-01,-2.104204834889852049e-01,-1.215335805889449922e-01,-3.035435006032441083e-02,-1.549264935877384952e-01,-3.272979132222172405e-01,-4.788417713034541501e-02,1.636757674605656965e-01,1.095357254569015587e-01,1.411591223915277804e-01,9.209973635998033870e-02
5.065463157424371365e-01,0.000000000000000000e+00,3.239242146655346710e-01,3.162071584968050297e-01,-2.309129094240135738e-01,-3.463783010858393907e-01,2.154653916618258225e-01,2.602618526296974766e-01,-6.638366325573082094e-02,-1.965950221189508018e-01,1.052728003932257989e-01,6.215514544885830661e-01,2.596183922427275359e-01,4.467894007775146115e-01,2.317619196568211359e-01,1.312971982662317350e-01,1.510612627910094263e-01,3.090129138924884722e-01,5.370436569998658927e-01,6.843469323919746383e-01,-8.780553197193798065e-02,-1.691049644756244807e-01,2.719603199428035079e-01,7.686223691853970308e-02,-3.552080075070378484e-01,-3.758925778631753145e-01,-3.857142857142857317e-01,-4.247866303230707352e-01,1.971491130077304699e-02,-9.054917556637918918e-02,1.110058537021314656e-01,1.549667098619241304e-02,4.248849367710800240e-01,2.682648911926359681e-01,-1.255328656329594839e-01,-4.352741409356986751e-02,-1.208096876536038228e-01,-2.916350149693909266e-01,-2.931274855891684017e-01,-2.137629027213012178e-01,1.024397873005943038e-01,-1.522722194914875593e-01,3.659680950891460588e-02,3.491666294293757633e-02,-1.551320434335761167e-01,1.077885517672818316e-01,7.675052504580186230e-02,-1.906698243889360517e-02,2.042093033647615977e-02,-3.186022610483042316e-03,-6.277760400375351213e-02,-8.303320076857768905e-02,-6.303677554850529996e-02,1.015684346932392047e-02,-7.744760713168595545e-02,-1.787211224808972765e-01,7.082309307833236645e-01,7.274543098440502398e-01,-2.998793511774431320e-01,-7.051700254703069382e-02,-8.856070423164573435e-02,5.640555878278743357e-02,3.512221278877519226e-01,3.803476473479601161e-01,-1.805442602439787381e-01,-3.107288082577416288e-01,-2.380892801286920712e-01,-3.499039277894454569e-01,1.505741990258724627e-01,-4.638276956074891336e-03,2.234148085258501337e-01,1.875731712766432746e-01,1.978461950936145630e-01,2.551454488583046465e-01,4.437955225881406451e-01,2.770320389651012016e-01,3.983153849591134499e-01,3.837347513293712931e-01,-2.073551097010590261e-01,9.222932213235623261e-03,1.358773850484829571e-01,3.096206264801823135e-02,-2.020689038831046946e-01,-1.722552392868313964e-01,1.457169667992314240e-02,1.235086464989499089e-01,5.687921712319585210e-02,-9.201930381160909611e-02,-2.073193619017829337e-01,-4.861477277805085206e-01,-1.379418204566781360e-02,2.236829170204209238e-01,-4.658831940658653137e-02,-5.816613789713570570e-02,-3.656955181196657745e-01,-4.125385405960945717e-01,-4.601322668573216146e-01,-4.708208588408775985e-01,1.866839447696501120e-01,-5.733500156396621750e-02,9.401671209616158098e-03,-7.471736896197328504e-02,-2.352875463604271744e-01,-3.461012556414495567e-01,-1.685061888377496764e-02,-3.074310737745207522e-02,-2.084901023280754384e-01,-7.146878770275705284e-02,-9.749318557576298894e-02,-3.997855132043433568e-01,-3.134769203270923454e-01,-1.023593547522230612e-01,-5.575762992090799175e-02,-3.005049376647750056e-02,-1.638276956074891655e-01,1.050270342732025491e-01
4.252066669645649943e-01,3.239242146655346710e-01,0.000000000000000000e+00,6.049600071495598863e-01,4.115241967916349886e-01,1.901336073997944576e-01,6.449394521649760570e-01,3.695428750167567989e-03,3.743822333437597516e-01,1.409401671209616069e-01,1.528352473300862435e-01,6.404218240314581145e-02,2.438938290361499506e-01,-2.336565530184548170e-02,5.541489789534831401e-01,4.353858528084365020e-01,3.364761606863577587e-03,-1.847178158094642253e-01,6.494168640243085378e-01,5.569596496715670808e-01,1.389919120604137803e-01,1.962196702265516790e-01,6.177532508154967017e-01,4.206309486572232803e-01,2.108003038562938358e-01,1.874659278788149697e-01,2.357120514768309694e-01,1.650744001072433909e-01,1.823137763081460194e-02,-8.612091693105143608e-02,5.878859645203091677e-01,4.396532463470217422e-01,3.372313329460654985e-01,1.483086822467491739e-01,1.106439072344608809e-01,2.206890388310469575e-01,-2.559810536663836844e-01,-2.506903793735198449e-01,1.069842262835694197e-01,5.119978551320434473e-02,-4.577505697305509630e-02,-1.887349747531167632e-01,-3.836498503060905563e-01,-3.929666204924259221e-01,-4.724920684570356189e-01,-4.947852897805978811e-01,-3.481790964743732841e-01,-2.862728450779749023e-01,-5.516287591045175853e-01,-5.720943741900889057e-01,-5.112069350730595874e-01,-5.344876893516242733e-01,-2.522632825416685209e-01,-3.179856115107913550e-01,1.318646945797399307e-02,-2.718396711202466509e-01,3.324053800437910544e-01,2.985209348049510658e-01,-1.388221100138522790e-01,-1.577371643058224360e-01,-1.455382278028508891e-01,-2.305375575316144510e-01,-1.550560793601143961e-02,-6.746056570892354498e-02,1.125564144957326013e-01,-1.345770588498145515e-01,1.222083203002815172e-01,-1.188078108941418298e-01,4.318646945797399161e-01,2.090888779659502150e-01,5.884311184592698751e-01,3.940033066714330179e-01,-1.590330220295813057e-02,7.073595781759685341e-02,4.107868984315652949e-01,2.078511104160150058e-01,3.084945708029849243e-01,2.475401045623128737e-01,6.708074534161490021e-02,-1.933017561106394333e-01,3.716430582242280511e-02,-2.031681487108449868e-01,-3.220876714777246713e-02,3.462621207381920418e-02,1.606997631708297902e-01,-2.191608204119933900e-01,3.776218776531569676e-01,3.510701997408284813e-01,3.401045623128826079e-01,-1.688368559810536629e-01,-1.790473211492917549e-01,1.095089146074444825e-01,-6.901112650252469449e-02,9.581303900978596633e-02,-1.354886277313552823e-01,-1.044863488091514331e-01,-1.629205952008579428e-01,-1.893248134411725236e-01,-1.466732204298672737e-01,-1.744492604674024727e-01,9.666204924259350073e-02,3.801778453013986148e-02,6.809955762098396023e-03,-1.789266723267348980e-01,-1.108181777559318938e-02,-7.609812770901291934e-02,-1.423611421421868695e-01,1.006881451360650548e-01,-1.389963805353232884e-01,5.031502748112069018e-03,-1.371643058224228107e-01,-3.458554895214263625e-01,-1.381786496268823383e-01,-7.987398900755172948e-02,-2.010322177040975988e-01,1.896331382099289420e-01
2.747620537110684324e-01,3.162071584968050297e-01,6.049600071495598863e-01,0.000000000000000000e+00,1.030877161624737526e-01,1.948210375798739846e-01,4.050315027481120600e-01,4.715447517762187957e-01,1.131194423343312994e-01,-1.395057866750078202e-02,-7.623218195629831440e-02,1.311363331694892498e-01,-6.501630993341972475e-02,1.031815541355735333e-01,2.577192904061843537e-01,3.789266723267348813e-01,-1.932034496626301445e-01,-2.831225702667679589e-01,5.308280084007328536e-01,7.196836319764065015e-01,-2.790562580991107905e-02,8.483846463202109056e-02,3.383350462487152988e-01,3.729523213727155007e-01,-1.626971714553822682e-02,9.846731310603691611e-02,5.898386880557666100e-03,-2.073372358014209660e-02,-7.855578890924527075e-03,-8.210822646230842015e-02,4.883060011618034491e-01,4.241744492604673789e-01,4.425086018142008193e-01,4.706019035703114528e-01,1.015103445194155268e-01,1.030564368381071544e-01,-4.549801152866526643e-01,-4.103713302649805716e-01,2.797712140846329160e-02,-1.466776889047768095e-01,-2.735645024353188237e-01,-2.537602216363555319e-01,-5.586666070870012213e-01,-5.274811206935072772e-01,-5.361723043925108456e-01,-4.279771214084632791e-01,-4.269672460789132873e-01,-3.789624201260110015e-01,-5.026319317217033955e-01,-5.342106439072344948e-01,-5.079717592385718516e-01,-5.854014924706197887e-01,-4.416729970061218369e-01,-3.687742973323204776e-01,-2.314670003127932557e-02,-5.005898386880557327e-01,2.006166495375128478e-01,4.032083649850305984e-01,-7.452969301577370975e-02,1.943339738147370141e-02,-3.306716117788998655e-01,9.853880870458912866e-02,-1.431386567764421913e-01,2.375754055140980314e-01,-2.577595066803700097e-01,-7.730908440949103844e-02,1.621564859913311452e-01,1.598060681889271195e-01,4.752714598507529198e-01,4.363018901648867409e-01,4.213012198936502695e-01,4.254300907100406759e-01,2.082309307833236645e-01,1.772420572858483534e-01,2.074355422494302825e-01,2.106036909602752583e-01,1.509987041422762299e-01,1.903659680950891553e-01,-4.821484427364940324e-03,-3.520353903212833369e-01,1.212297242950980888e-02,-2.975423387997676583e-01,-1.151525984181598766e-01,-2.226194199919567449e-02,-3.260109924482774146e-01,-4.821484427364940151e-02,1.448679565664238722e-01,2.273202555967648308e-01,-5.479690781536261657e-02,1.319093793288350636e-02,-5.552080075070378595e-02,2.250413333929129900e-01,4.312078287680414651e-03,2.333750390991554680e-01,-2.277671030877161662e-01,-1.433173957728227366e-01,-2.426292506367576651e-01,-1.988739443228026149e-01,-2.065373787926180760e-01,-2.672282050136288722e-01,-6.036909602752580511e-03,8.043701684615041370e-02,-4.285267438223334079e-03,-5.825103892041646331e-02,3.437597747888645333e-02,5.846552571607310095e-02,-6.690200634523436884e-02,1.905983287903838530e-01,-1.381116225032396339e-01,-1.124000178738996381e-01,-2.210599222485365722e-01,-3.126368470441038272e-01,1.427677733589525870e-02,-4.995308101345011242e-02,-1.483757093703918784e-01,2.335403726708074612e-01
3.027838598686268326e-02,-2.309129094240135738e-01,4.115241967916349886e-01,1.030877161624737526e-01,0.000000000000000000e+00,6.474954198132177874e-01,1.039054470709147027e-01,-3.494258009741275095e-01,3.289512489387372285e-01,4.782608695652174058e-01,-1.637696054336654911e-02,-2.248134411725278281e-01,-4.971178336833638467e-02,-3.538898074087313828e-01,4.117208096876536216e-01,3.837034720050047087e-01,1.243665936815764733e-01,3.978283211939764863e-02,1.282988516019482605e-01,-1.770409759149202400e-02,4.916126725948433696e-01,4.571786049421332487e-01,1.813351803029626119e-01,1.964922471960320050e-01,4.047097725546270897e-01,4.626480182313776335e-01,6.789356092765539419e-01,6.452343715090039789e-01,1.547209437419009015e-01,3.213235622681978598e-01,5.367487376558380818e-01,4.228428437374324167e-01,3.029625988650073640e-02,-9.362348630412439809e-02,-2.688234505563251095e-02,-6.769739487912775078e-02,9.401671209616158098e-02,3.385316591447338763e-01,3.890075517225971002e-01,2.295544930515215076e-01,5.228115644130657859e-03,9.093793288350686399e-02,-2.384914428705482703e-01,-3.275883640913356265e-01,-9.691675231243576660e-02,-4.710621564859913124e-01,-2.676214308056660274e-01,-2.971848608070065678e-01,-3.015237499441440483e-01,-3.991107734930068318e-01,-3.525313910362393166e-01,-3.981947361365565929e-01,-1.721033111399079552e-01,-4.003664149425800733e-01,-6.198668394476965215e-02,-3.580588944993073897e-02,-9.694356316189284284e-02,-1.964877787211224691e-01,-4.550248000357477729e-02,-9.838688055766567353e-02,-2.613968452567138612e-01,-3.598284105634746988e-01,-1.651816435050717236e-01,-2.803163680235935540e-01,-1.046963671298985731e-02,-1.651771750301622155e-01,1.759238571875419016e-02,-6.309039724741945243e-02,1.023504178024040451e-01,6.243799991063050253e-02,3.761651548326556127e-01,2.719424460431654755e-01,-2.322221725725009955e-01,-1.475177621877653278e-01,-4.770543813396487670e-02,4.939005317485142127e-02,5.008266678582599940e-02,3.779882925957370882e-02,1.808972697618302927e-01,5.616872961258322257e-03,2.298494123955494017e-01,1.594217793467089805e-01,4.309263148487421091e-01,2.263595334912194557e-01,2.893605612404486216e-01,-2.869654586889494596e-02,3.593681576477947837e-01,4.486974395638768653e-01,3.766120023236069758e-01,8.200098306448008745e-02,-1.676929264042182344e-01,-1.621252066669645608e-01,7.297913222217257412e-02,-3.035881853523392584e-02,3.734259797131239123e-01,2.211939764958219812e-01,3.217793467089682391e-01,2.680414674471602865e-01,2.034943473792394722e-02,2.120604137807766132e-01,3.806693775414450864e-01,3.263371911166718653e-01,2.933598462844630994e-01,2.881942892890656527e-01,-1.252647571383886660e-01,-1.874257116046293414e-01,5.551186380088475592e-02,2.737700522811564174e-01,-6.913624379999105951e-02,3.445909111220340493e-01,3.810715402833013132e-01,1.281558604048438355e-02,9.507574064971624495e-02,-2.142946512355333177e-01,-1.436212520666696468e-01,-3.287903838419947017e-02
-8.825684793779882409e-02,-3.463783010858393907e-01,1.901336073997944576e-01,1.948210375798739846e-01,6.474954198132177874e-01,0.000000000000000000e+00,3.130613521605075944e-02,-7.462353098887350433e-02,6.934179364582868099e-02,6.205549845837615708e-01,6.568658116984673039e-04,-9.958890030832476259e-02,-1.669377541445104807e-01,-3.359444121721256726e-01,-2.016622726663389736e-02,1.595915813932704819e-01,5.713392019303811797e-02,-9.121497832789668414e-02,5.216944456856874995e-02,-1.052951427677733531e-01,3.525939496849725407e-01,5.948612538540596351e-01,-2.340810581348585773e-01,1.157335001563966192e-03,1.750927208543724134e-01,2.495285758970463286e-01,5.708968229143392970e-01,6.391125608829706373e-01,2.507261271727959095e-02,1.632870101434380494e-01,2.436435944412172205e-01,1.429822601546092420e-01,-1.080655972116716518e-01,6.255864873318736641e-03,-1.753072076500290510e-01,-2.166093212386612510e-01,-9.176460074176683024e-02,2.973635998033871131e-01,2.043701684615040759e-01,2.340229679610348890e-01,-3.323249474954197979e-01,1.135260735510970065e-01,-2.530854819250190069e-01,-3.626792975557442400e-01,9.290853031860225875e-02,-3.654140042003664046e-01,-3.904151213190937830e-01,-3.647616068635774478e-01,-1.240448634880915169e-01,-2.589302471066625144e-01,-2.715447517762187846e-01,-3.294115018544170881e-01,-2.565440815049823686e-01,-3.540193931811073114e-01,-2.769918226909156012e-01,7.366727735823763723e-02,-2.621832968407882269e-01,-3.067161177889985990e-01,1.516823808034317989e-01,2.185531078242995695e-02,-2.415523481835649411e-01,-1.698601367353322344e-01,-2.306537378792617998e-01,-2.249474954198132093e-01,-1.884713347334554812e-01,-1.134903257518209002e-01,1.443719558514678925e-01,2.291746726842128767e-01,1.689530363287010117e-01,3.897895348317619302e-01,2.461146610661781031e-01,3.806693775414450864e-01,-1.656642387952991513e-01,-2.058537021314625348e-01,-2.742213682470173164e-01,-5.150364180705125500e-02,-8.917735376915858492e-02,5.946199562089458934e-02,7.507037847982483319e-04,-9.953081013450108816e-02,8.429331069306045254e-02,4.840698869475847793e-02,3.514678940077751723e-01,2.141874078377049850e-01,1.693596675454667189e-01,7.061530899503999648e-02,2.195138299298449447e-01,4.852942490727914504e-01,7.849323026051208130e-02,4.430090710040663349e-01,-3.519817686223691844e-02,-2.605835828231824469e-01,7.533401849948612172e-02,1.174449260467402417e-01,2.304347826086956541e-01,1.702712364270074497e-01,1.987220161758791737e-01,1.617900710487510663e-01,-8.457482461235980853e-02,2.469815451986236976e-01,2.304079717592385779e-01,3.280486170070154861e-01,2.996469904821484342e-01,4.596541400420036672e-01,8.686715224094017015e-03,-3.612315116850618735e-02,7.978015103445193490e-02,2.685508735868448182e-01,-5.297823852719067000e-02,2.361901782921488890e-01,3.257965056526207492e-01,-8.713526073551097154e-04,-5.873810268555341996e-02,-4.299924035926538379e-01,-9.435631618928459752e-02,-8.683140444166405347e-02
2.998167925287099633e-01,2.154653916618258225e-01,6.449394521649760570e-01,4.050315027481120600e-01,1.039054470709147027e-01,3.130613521605075944e-02,0.000000000000000000e+00,3.812145314804057383e-01,6.086509674248179458e-01,4.649448143348675067e-02,3.822690915590509220e-01,3.200321730193485259e-02,5.306984226283569805e-01,1.386701818669288100e-01,4.837928415031949592e-01,2.816211626971714677e-01,-7.578086599043745708e-02,-3.169623307565128112e-01,2.662183296840788249e-01,3.542830332007685934e-01,-5.040439697931096280e-02,-1.268242548818088455e-01,5.579695250011170726e-01,4.206532910317708485e-01,7.844854551141695886e-02,6.237097278698779806e-02,-5.315250904866169329e-02,-1.246302337012377692e-01,-8.483399615711158248e-02,-2.533714643192278571e-01,2.325349658161669497e-01,2.177979355645918158e-01,4.056973055096295688e-01,2.726529335537781207e-01,1.396174985477456609e-01,1.906340765896599454e-01,-2.906876982885741034e-01,-4.578265338040126697e-01,-1.250681442423700884e-01,-2.252870995129362397e-01,-1.893918405648152281e-01,-3.940390544707091380e-01,-4.543858081236873958e-01,-4.341838330577773575e-01,-5.590151481299432401e-01,-4.179007104875105960e-01,-4.835560123329907256e-01,-4.317082979579069391e-01,-4.397158049957549664e-01,-4.389963805353233051e-01,-4.478528978059788113e-01,-4.593636891728852811e-01,-3.786809062067116316e-01,-2.739666651771750505e-01,5.324187854685195898e-02,-4.852540327986058499e-01,2.934134679833772519e-01,1.271013003261986796e-01,-5.225881406675901564e-02,-2.004870637651369469e-01,3.608740336923008107e-01,2.868448098663926027e-01,1.811296304571249904e-01,1.807498100898163595e-01,2.964877787211224747e-01,1.848831493811162185e-01,4.090441932168550898e-02,-2.038786362214576042e-01,3.430984405022565742e-01,-2.319138478037445668e-03,4.015148129943250099e-01,2.845346083381741775e-01,1.025514991733321446e-01,1.107734930068367679e-01,2.805844765181643718e-01,6.883685598105367121e-02,3.069752893337504007e-01,1.584968050404396978e-01,-7.810894141829393365e-03,-1.753027391751195430e-01,-1.644488136199115380e-01,-3.633897850663568296e-01,-2.430716296527994924e-01,-2.609946825148576899e-01,9.181375396577148851e-02,-2.254926493587738612e-01,1.240001787389963805e-01,6.064614147191563220e-02,5.091737789892309962e-01,-1.254390276598597032e-01,-1.492291880781089486e-01,2.396889941462978790e-01,-2.699584431833415010e-01,2.292685106573126574e-01,-3.211358863219982984e-01,-3.823986773314267951e-01,-4.119576388578577997e-01,-4.012735153492112961e-01,-2.095089146074444741e-01,-3.643058224228070685e-01,-1.676482416551230981e-01,-5.986862683766030341e-02,-1.167389070110371324e-01,-3.643817864962688446e-01,-4.838911479512042479e-02,-2.461682827650922903e-02,-8.073640466508780200e-02,5.940837392198042993e-02,-2.704633808481165524e-01,-1.870503597122302186e-01,-2.934224049331963236e-01,-4.679297555744224568e-01,-3.169131775325081390e-01,-1.679074131998748720e-01,-1.719245721435274099e-01,1.916975736181241452e-01
7.625899280575539063e-02,2.602618526296974766e-01,3.695428750167567989e-03,4.715447517762187957e-01,-3.494258009741275095e-01,-7.462353098887350433e-02,3.812145314804057383e-01,0.000000000000000000e+00,1.642432637740739165e-01,-1.780910675186558878e-01,1.285044014477858820e-01,3.108941418293936221e-01,1.031636802359354732e-01,3.891192635953348855e-01,-2.962598865007372902e-03,-4.951963894722730825e-02,-2.093525179856114971e-01,-2.002234237454756649e-01,7.733589525894811467e-02,4.181464766075338457e-01,-3.281201126055677264e-01,-3.445015416238437767e-01,7.092363376379641482e-02,1.776933732517091968e-01,-2.185084230752044332e-01,-8.029402564904597472e-02,-4.804995754948835907e-01,-3.703963537244738258e-01,-6.152196255418025672e-02,-2.477769337325170795e-01,-6.193306224585548928e-03,3.437597747888645333e-02,3.665847446266589094e-01,6.362616738907010960e-01,5.925197730014745978e-02,-1.517047231779793635e-02,-3.868492783413021163e-01,-4.657759506680370087e-01,-3.075204432727109971e-01,-4.441530005809017356e-01,-3.415434112337459305e-01,-3.307252334778140179e-01,-3.256490459806068438e-01,-3.552080075070378484e-01,-3.685508735868447960e-01,-5.395236605746459024e-02,-3.282362929532150475e-01,-3.620760534429598998e-01,-4.782161848161222556e-02,-8.528084364806291784e-02,-9.676929264042181955e-02,-1.740024129764511374e-01,-2.794986371151526039e-01,-2.797265293355377658e-01,7.929308726931498519e-02,-4.943384422896465180e-01,2.387863622145761644e-01,2.403145806336297319e-01,-1.223021582733812944e-02,2.021984896554805677e-02,1.334554716475266911e-01,6.774788864560525870e-01,1.684212878144689118e-01,4.875955136511908594e-01,-1.479914205281737394e-01,2.819250189910183502e-01,-6.501184145851021667e-02,2.315563698109835214e-02,1.953215067697395002e-01,8.841771303454130926e-02,2.088833281201125935e-01,2.232852227534742329e-01,4.007953885338934041e-01,2.125787568702801611e-01,6.035122212788775198e-02,8.932034496626301001e-02,1.313820992895124995e-01,9.909736806827829092e-02,-1.479646096787166631e-01,-2.129630457124983278e-01,-1.547298806917199177e-01,-2.880334241923231398e-01,-3.502569373072970116e-01,-3.870727020867777979e-01,-3.185173600250234549e-01,-8.349792215916707061e-02,-2.927521336967692789e-01,-3.144510478573662726e-01,-2.929978998167925147e-02,-1.781491576924795484e-01,1.078555788909245222e-01,4.252870995129362508e-01,-2.784753563608740462e-02,2.938871263237857190e-01,-4.007507037847982678e-01,-4.336163367442691929e-01,-4.595066803699897062e-01,-4.203539032128334463e-01,-9.484337995442156111e-02,-2.512042539881138570e-01,-1.825908217525358535e-01,1.420528173734304442e-02,-1.547164752669913657e-01,-2.543143125251351444e-01,-7.372983600697081974e-03,1.014522543455918524e-01,-6.108405201304794446e-02,3.392019303811608794e-02,-2.489655480584476444e-01,-3.315250904866169357e-01,-3.201126055677197546e-01,-2.358997274230305308e-01,-6.911390142544349136e-02,-5.248223781223468332e-02,-7.297913222217257412e-02,1.144823271817328736e-01
2.435631618928459641e-01,-6.638366325573082094e-02,3.743822333437597516e-01,1.131194423343312994e-01,3.289512489387372285e-01,6.934179364582868099e-02,6.086509674248179458e-01,1.642432637740739165e-01,0.000000000000000000e+00,5.985522141293176529e-02,2.529916439519191984e-01,-1.411680593413467966e-01,4.078287680414674488e-01,8.109388265784887861e-02,5.951070199740828848e-01,3.738326109298896194e-01,-9.661736449349836442e-02,-2.895348317619196310e-01,1.093525179856115054e-01,1.553018454801376180e-01,9.895437687117386583e-02,-1.525850127351534857e-01,5.421466553465302818e-01,5.504758925778632239e-01,3.022387059296662293e-01,4.030162205639215567e-01,1.764064524777693432e-01,1.521292282943831342e-01,-1.978193842441574798e-02,-8.663926002055498399e-02,2.488538361857098036e-01,4.252647571383886826e-01,1.599222485365744684e-01,1.788507082532731496e-01,2.345010947763528364e-01,2.377943607846642049e-01,-1.770856606640153763e-01,-2.622279815898833633e-01,3.463514902363823422e-02,-3.192948746592788045e-01,-2.043433576120470135e-02,-3.367263952812905026e-01,-2.225747352428616155e-01,-3.082130568836856099e-01,-4.034183833057777280e-01,-3.060994682514857623e-01,-3.592251664506903586e-01,-3.034183833057777502e-01,-3.192770007596407167e-01,-3.868045935922069800e-01,-2.964788417713034585e-01,-3.458912373207024271e-01,-1.576388578578131194e-01,-2.490102328075427807e-01,2.927610706465882950e-01,-4.270029938781893519e-01,1.317127664328164860e-01,-3.303990348094195534e-02,7.994101613119442007e-02,6.520845435452879424e-02,2.322847312212341919e-01,3.031681487108449646e-01,-5.035524375530631147e-02,-1.420528173734304442e-02,3.682917020420930498e-01,3.283882211001385443e-01,-2.430850350775280375e-02,-2.431878100004468413e-01,2.355601233299075004e-01,-2.162071584968050519e-01,3.560882970642119671e-01,1.562580991107734851e-01,8.144242370079092519e-02,5.124447026229947411e-02,3.045667813575226868e-01,-8.733634210643907714e-02,1.030206890388310481e-01,-6.321998301979533941e-02,1.953527860941060845e-01,-2.244291523303096614e-01,-7.442244961794539093e-02,-3.087626792975557422e-01,-1.674918450332901487e-01,-2.784842933106930762e-01,8.731399973189150898e-02,-4.947182626569551767e-01,7.528933375039098541e-02,1.257831002278922139e-01,6.660574645873363897e-01,-1.992761070646588417e-01,-2.980428079896331184e-01,8.268019125072612052e-02,-2.909915545824210414e-01,2.336565530184548170e-02,-1.452433084588229950e-01,-2.196612896018588779e-01,-1.668662585459582681e-01,-1.430090710040663182e-01,-1.265918941865141478e-01,-3.672326734885383859e-01,3.406765271013003499e-02,8.579471826265695766e-02,7.881049197908754356e-02,-2.339112560882970759e-01,-9.946825148576790912e-03,-7.152240940167120531e-02,9.668439161714106889e-02,1.812055945305867111e-01,-3.114884489923588906e-01,-7.999463783010858642e-02,-1.433084588230037204e-01,-4.610974574377764701e-01,-3.714643192278475198e-02,-6.647750122883060164e-02,-3.822780285088699104e-02,1.363331694892533086e-01
-2.199874882702533563e-01,-1.965950221189508018e-01,1.409401671209616069e-01,-1.395057866750078202e-02,4.782608695652174058e-01,6.205549845837615708e-01,4.649448143348675067e-02,-1.780910675186558878e-01,5.985522141293176529e-02,0.000000000000000000e+00,9.046874301800796048e-02,-5.830019214442110770e-02,5.456007864515840557e-03,-1.522320032173019311e-01,1.953393806693775325e-01,3.482505920729255244e-01,3.965324634702176165e-02,2.318244783055543184e-02,1.162518432459001688e-01,-1.305464944814334893e-01,5.747978015103445415e-01,6.967782295902408274e-01,-2.052459895437687143e-01,-7.253675320613074684e-02,-5.957817596854193820e-02,-5.071719022297689616e-02,4.883462174359891050e-01,4.518789936994503931e-01,5.288886902900040432e-02,2.033379507574064882e-01,4.836230394566334856e-02,-1.352473300862415684e-01,-1.671611778899861345e-01,-1.293757540551409846e-01,-4.598373475132936927e-01,-4.133964877787211223e-01,1.273515349211314096e-02,4.373653871933508852e-01,1.879395862192233813e-01,2.524241476384110339e-01,-6.938647839492381730e-02,1.799588900308324857e-01,-1.989499083962643633e-01,-3.793467089682291404e-01,1.779793556459180470e-01,-3.334286607980695982e-01,-3.160016086509674360e-01,-4.511193529648330758e-01,4.751776218776531530e-02,-1.291657357343938550e-01,-1.571026408686715115e-01,-1.911881674784396135e-01,-1.755395683453237488e-01,-3.211716341212744186e-01,-3.202243174404575954e-01,2.298985656195540461e-01,-3.665087805531971887e-01,-2.059877563787479438e-01,1.799365476562849175e-01,1.433173957728227366e-01,-1.747084320121542467e-01,-1.081102819607667881e-01,-9.379328835068591330e-02,-7.918137539657714441e-02,-2.881049197908753801e-01,-1.995397470843201237e-01,-1.005585593636891678e-01,-7.895348317619196865e-02,2.073372358014209660e-02,2.262835694177577073e-01,2.133115867554403744e-01,1.946825148576790676e-01,-2.311899548684034078e-01,-1.312614504669556148e-01,-3.652531391036239333e-02,1.020689038831047030e-01,-1.315787121855310771e-01,2.100451315965860821e-01,-5.896599490593860265e-02,-2.058626390812815649e-02,1.019616604852763703e-01,1.933509093346440777e-01,4.457214352741409313e-01,8.394030117520889789e-02,2.596675454667322080e-01,1.034898789043299516e-02,4.901157335001564141e-01,4.861253854059609525e-01,1.774654810313240072e-01,4.018946333616336686e-01,-5.466285356807721457e-02,-3.620581795433218675e-01,2.377228651861119924e-02,-6.979757808659904639e-02,1.641851736002502282e-01,1.596586085169131863e-01,1.221770409759149190e-01,7.294338442289646784e-02,1.800795388533893426e-02,2.502077840832923616e-01,2.192144421109075425e-01,1.230215827338129453e-01,1.678359176013226595e-01,2.790786004736583448e-01,-2.679297555744224527e-02,-9.800259171544752068e-02,5.475222306626748026e-02,8.975378703248580725e-02,-7.339916886366683324e-02,1.125742883953706613e-01,3.392466151302560573e-01,-7.274230305196836832e-02,-2.479958890030832530e-01,-4.288395370659993655e-01,-1.838285893024710627e-01,-1.065552526922561305e-01
2.070065686581169795e-01,1.052728003932257989e-01,1.528352473300862435e-01,-7.623218195629831440e-02,-1.637696054336654911e-02,6.568658116984673039e-04,3.822690915590509220e-01,1.285044014477858820e-01,2.529916439519191984e-01,9.046874301800796048e-02,0.000000000000000000e+00,4.811877206309486676e-01,7.158407435542248898e-01,4.773671745833147351e-01,1.724607891326690179e-01,1.952723535457348341e-03,4.861656016801465530e-01,2.439206398856070546e-01,9.824835783547075652e-02,1.067786764377317982e-01,-1.461191295410876195e-02,-5.626256758568300848e-02,-5.898833728048617081e-02,-9.376647750122883707e-02,-1.935162429062960709e-01,-1.668662585459582681e-01,-1.924348719781938388e-01,-2.495821975959605088e-01,4.240850797622771617e-01,1.873899638053532213e-01,2.760176951606416879e-02,-1.132847759059832926e-01,1.456544081504982380e-01,-6.879217123195853489e-02,-3.421064390723446147e-01,-2.288037892667232620e-01,7.211671656463648772e-02,-9.387818937396666397e-02,-1.620894588676884684e-01,-2.171500067027123670e-01,-1.057688011081817786e-02,-1.358103579248402526e-01,1.741409356986460544e-01,2.051208722463023493e-01,1.869520532642209298e-01,1.430716296527994869e-01,1.579069663523839373e-01,7.261718575450198943e-02,2.017337682648912001e-01,1.656553018454801351e-01,1.043031413378613936e-01,7.067786764377317899e-02,3.181554135573528425e-02,-1.097546807274677183e-01,1.449394521649760847e-01,5.148576790741320186e-02,2.081639036596809600e-01,-3.060905313016667323e-03,-9.618392242727556718e-02,-1.498279637159837252e-01,3.054828187139729256e-01,5.502033156083828425e-02,5.519102730238170107e-01,3.163054649448143185e-01,-4.796907815362616567e-02,-1.701148398051745003e-01,-4.019616604852763730e-01,-4.750659100049153261e-01,-2.926136109745743896e-01,-3.325707136154430477e-01,1.732963939407480281e-01,2.542115376022163753e-02,1.466374726305911813e-01,2.591268600026810920e-01,9.961124268287233074e-02,1.464363912596630679e-01,-6.971714553822780380e-02,5.447070914696813988e-03,1.045757183073417057e-01,3.253049734125743053e-02,2.359354752223066232e-01,-1.387506144153000665e-01,-5.688815407301488214e-02,-2.321417400241297668e-01,1.852629697484248494e-01,-9.666651771750302269e-02,1.020510299834666429e-01,1.196657580767684047e-02,1.486661602395102644e-01,-2.715581572009473366e-01,-1.499262701639930417e-01,-4.644085973457259126e-02,-3.144733902319138408e-01,-6.095446624067205749e-02,-2.301979534384914483e-01,-3.098306448009294223e-01,-2.942133249921801696e-01,-3.246659815005139005e-01,1.272621654229411370e-01,2.752133696769292620e-02,3.563608740336923070e-02,-2.529156798784574795e-03,-1.164663300415568203e-01,-2.149604539970507988e-01,-9.082622101076902321e-02,-1.695205326422092040e-01,-1.984851870056749679e-01,-5.102998346664283646e-02,-7.410071942446043447e-02,-1.680012511729746527e-01,-7.272442915233030825e-02,-1.345681218999955353e-01,-1.938469100496000852e-01,-2.237276017695160601e-01,-3.552526922561329847e-01,-2.681353054202600394e-01
1.856249162160954480e-01,6.215514544885830661e-01,6.404218240314581145e-02,1.311363331694892498e-01,-2.248134411725278281e-01,-9.958890030832476259e-02,3.200321730193485259e-02,3.108941418293936221e-01,-1.411680593413467966e-01,-5.830019214442110770e-02,4.811877206309486676e-01,0.000000000000000000e+00,3.463336163367442544e-01,7.486527548147816624e-01,4.434067652710130258e-02,-5.060547835023906232e-02,4.057241163590866173e-01,4.494392063988560948e-01,2.681933955940837278e-01,4.879798024934089984e-01,-1.031368693864783970e-01,-1.078823897403816123e-01,-1.834085526609768035e-01,-2.044595379596943485e-01,-4.382858930247106599e-01,-4.134813888020018591e-01,-4.692256132981813543e-01,-4.458778318959739084e-01,2.540283301309262942e-01,9.792215916707627810e-02,4.580186782251217774e-03,-1.452388399839134869e-01,3.277715715626256521e-01,1.984449707314893396e-01,-3.938513785245095766e-01,-3.375932794137360693e-01,-7.732248983421957655e-02,-1.377452075606595550e-01,-4.399258233165020959e-01,-2.973189150542919768e-01,-7.477545913579694559e-02,-1.572277581661379042e-01,1.694803163680236036e-01,1.760579114348272967e-01,1.790964743732963993e-01,2.728763572992537467e-01,2.233567183520264454e-01,4.785289780597881681e-02,3.672147995889002980e-01,2.618124134232986400e-01,1.880155502926851019e-01,1.021895527056615599e-01,3.114527011930828034e-03,-5.035971223021582649e-02,1.084052013047946683e-02,-4.872425041333392631e-02,3.978864113678001746e-01,3.878502167210330920e-01,-1.827740292238259068e-01,-4.388042361142142217e-02,-3.606506099468251292e-02,8.933821886590107009e-02,5.540193931811072670e-01,5.496000714955985300e-01,-3.498503060905313045e-01,-3.676929264042182455e-01,-3.791903123463961633e-01,-4.023906340765896483e-01,-2.640421824031458087e-01,-5.609723401403100829e-02,8.743911702935787400e-02,2.027749229188078040e-01,3.090620671164931443e-01,3.036105277268867919e-01,2.139907949416864075e-01,2.977523571205147879e-01,1.434559184950176536e-01,2.850976361767728617e-01,-1.737789892309754558e-01,2.855355467179051913e-03,3.509584878680906406e-01,5.798293042584565932e-02,-1.346217435989096878e-01,-2.396353724473836988e-01,6.468564279011573825e-02,1.868179990169355209e-01,4.983243219089324855e-02,-3.556906027972653143e-03,-2.200008936949819083e-01,-4.137182179722060926e-01,-9.388265784887618245e-03,9.155458242101970068e-02,-1.435229456186603580e-01,-1.310380267214799610e-01,-3.522766879663970507e-01,-4.574958666607086832e-01,-5.253049734125743164e-01,-5.488583046606193561e-01,2.548326556146387478e-01,2.704321015237499612e-02,1.992046114661066292e-01,1.386031547432861055e-01,-9.656821126949372003e-02,-1.652352652039858760e-01,-4.413512668126368804e-02,-2.585012735153491975e-02,-1.759193887126323796e-01,6.519058045489074804e-02,-2.821395057866750086e-02,-4.348764466687519703e-01,-1.899280575539568361e-01,-8.700120648822556868e-02,-1.454577952544796327e-01,-2.267214799588900265e-01,-3.853165914473390408e-01,-1.250502703427320284e-01
4.144733902319138741e-01,2.596183922427275359e-01,2.438938290361499506e-01,-6.501630993341972475e-02,-4.971178336833638467e-02,-1.669377541445104807e-01,5.306984226283569805e-01,1.031636802359354732e-01,4.078287680414674488e-01,5.456007864515840557e-03,7.158407435542248898e-01,3.463336163367442544e-01,0.000000000000000000e+00,5.541579159033022117e-01,3.797444032351758314e-01,1.679431609991509922e-01,2.656865811698467250e-01,1.469368604495285835e-01,2.661647079851646724e-01,1.629340006255864948e-01,-9.640287769784172678e-02,-1.353813843335269773e-01,2.105992224853657502e-01,3.207471290048706514e-02,-2.245319272532284860e-01,-2.393851378524509688e-01,-2.726976183028732570e-01,-3.416417176817552193e-01,1.660440591626078100e-01,1.022387059296661974e-02,-1.303454131105053794e-02,-1.428079896331382048e-01,8.190714509138030675e-02,-1.403235175834487702e-01,-2.783100227892220113e-01,-1.942669466910943166e-01,5.487734036373385915e-02,-1.587023548862773192e-01,-2.378524509584878655e-01,-2.283390678761338666e-01,1.427364940345859923e-01,-3.183341525537334432e-02,2.870995129362348755e-02,1.488493677108003177e-01,-4.677152687787657775e-02,6.639706868045935906e-02,5.964967156709415075e-02,6.508333705706242922e-02,4.223155636981098388e-02,4.720496894409938193e-02,-3.617677286742034676e-02,-4.535948880647035220e-02,-1.321328030743107451e-02,-7.368515125787568690e-03,3.483623039456633375e-02,-1.029894097144644499e-01,4.050136288484740277e-01,9.522766879663970008e-02,-1.981500513874614455e-01,-1.806157558425309506e-01,2.395996246481076064e-01,7.996335850574198822e-02,4.206220117074042641e-01,2.171857545019884594e-01,6.305018097323383634e-03,-2.429599177800616516e-01,-5.052459895437687587e-01,-6.344295991778006183e-01,-6.091424996648643619e-02,-3.314759372626122635e-01,1.690960275258054368e-01,3.257518209035255990e-02,5.582465704455069622e-02,1.659993744135126736e-01,2.788417713034541112e-01,2.276956074891639537e-01,2.100764109209526664e-01,5.916260780195719410e-02,-6.316636132088118694e-02,-2.234237454756691707e-02,1.390142544349613485e-01,-1.963492559989275799e-01,-7.302381697126771043e-02,-8.507082532731578828e-02,3.332454533267795727e-01,-4.236114214218687085e-03,7.491845033290138456e-02,-9.209526788507081674e-03,2.013360739979445091e-01,-3.281871397292104309e-01,-1.425309441887483708e-01,1.054872871888824365e-01,-2.015282184190535786e-01,5.935028374815675550e-02,-1.913490325751820986e-01,-3.366772420572858304e-01,-3.703561374502882253e-01,-3.657491398185799270e-01,5.328656329594709529e-02,-1.542696277760400303e-01,-2.467938692524241501e-02,-4.765181643505071729e-02,-1.523481835649492799e-01,-3.419768532999687416e-01,-6.105277268868135321e-02,-4.630680548728718926e-02,-1.393270476786272749e-01,-3.206577595066803510e-02,-3.694981902676616747e-02,-1.468206801018812346e-01,-1.972742303051968349e-01,-1.989945931453594996e-01,-2.163724920684570452e-01,-9.368157647794807252e-02,-2.360203762455873877e-01,-7.591938871263237409e-02
