1.000000000000000000e+00,5.504097277293155122e-01,1.646841131377214107e-01,4.234205656886070313e-01,-1.670103092783505605e-01,-1.783240814168649546e-01,-3.748347872059212826e-02,1.150938408670367646e-01,-2.863864657679091597e-01,-2.150145387258789731e-01,3.580756013745705069e-01,3.383029341792229139e-01,3.135606661379857774e-01,2.870208828971716475e-01,-8.199841395717685777e-02,-3.008194554586307926e-02,4.752841660058155365e-02,5.736188210415015670e-02,4.083002907745176824e-01,4.113666402326196514e-01,1.364525508855405911e-01,-1.358710018503833314e-02,1.993127147766323229e-02,2.796722178165477607e-02,-6.412899814961671441e-02,-1.168913560666138274e-01,-2.913031985196934057e-02,-2.765001321702353215e-02,1.912238963785355961e-01,1.192175522072429494e-01,-1.374041765794343506e-01,-8.950568332011632489e-02,-1.772667195347608082e-01,-1.451229183187946470e-01,-1.794871794871795434e-01,-1.978852762357917461e-01,4.403912238963786363e-02,2.690985989955062621e-02,7.565424266455195168e-02,1.306370605339677582e-01,5.038329368226276278e-02,4.446206714247952219e-02,-3.946603224953741385e-01,-3.171556965371398751e-01,-4.178165477134549999e-01,-2.968543484007402089e-01,-2.174464710547185098e-01,-7.597145122918320947e-02,-3.071107586571504844e-01,-2.157546920433518756e-01,-9.986782976473700113e-02,5.815490351572826823e-04,-3.854084060269628159e-02,-2.076130055511499206e-01,-6.497488765530004540e-02,1.039915411049431859e-01,5.699709225482422204e-01,4.674068199841396321e-01,2.060269627279937010e-01,1.217552207242929146e-01,2.780333068992863477e-01,2.124768702088290218e-01,2.376420830029078168e-01,-1.071636267512556390e-01,9.637853555379330417e-02,1.569653713983611143e-01,-1.956648162833730387e-01,-2.486386465767909670e-01,3.544805709754164091e-01,3.254031192175522724e-01,1.180544541369283884e-01,-2.484800422944753121e-03,7.248215701823951251e-02,8.908273856727466633e-02,-5.175786412899816002e-02,-1.046259582342056738e-01,5.841924398625430309e-02,4.599524187153054139e-03,3.642611683848798187e-02,3.346550356859635811e-02,1.651070578905630692e-01,1.596087761036214803e-01,1.295268305577584184e-02,9.394660322495375360e-02,1.616177636796193862e-01,2.215173143008195011e-02,1.234469997356595627e-01,1.076923076923077122e-01,3.906952154374835479e-02,-7.787470261697067297e-02,-4.399154110494317149e-01,-3.908538197197991559e-01,-4.602167591858314366e-01,-3.299497753106001019e-01,5.974094633888449649e-03,-9.764736981231827984e-02,-3.186360031720856800e-01,-9.849325931800161082e-02,-4.118953211736717801e-01,-3.703409992069786605e-01,-1.031456515992598549e-01,-1.259846682527095141e-01,-1.405762622257467898e-01,-2.246893999471319403e-02,-3.009780597409464353e-01,-2.514935236584721623e-01,-2.585249801744647635e-02,2.299762093576526722e-02,4.499074808353159538e-02,3.832936822627545231e-02,-2.892413428495902994e-01,-3.392545598731166456e-01,-3.428495902722707434e-01,-1.925984668252709864e-01,-2.498017446471055281e-01,-2.042294475284166244e-01
5.504097277293155122e-01,1.000000000000000000e+00,1.042030134813640152e-01,3.003436426116838920e-01,-1.786412899814961985e-01,-2.493787998942638418e-01,-1.263018768173407580e-01,1.476605868358445983e-01,-2.121596616441977778e-01,-2.046523922812582830e-01,1.772667195347608082e-01,2.932593180015861112e-01,3.264604810996564188e-01,2.954797779540048186e-01,-6.291303198519694433e-03,-3.156225218080888767e-02,-2.167591858313508337e-03,8.569918054454138401e-02,2.611155167856199499e-01,3.384086703674333285e-01,1.360296061326989325e-01,-3.029341792228390853e-02,6.370605339677505585e-02,7.089611419508327905e-02,1.284694686756542546e-02,9.357652656621730236e-03,-3.462860163891091914e-02,3.135077980438805145e-02,1.789584985461274425e-01,6.106264869151468988e-02,-7.819191118160191689e-02,-2.479513613534232649e-02,-3.077451757864129722e-01,-1.208035950303991690e-01,-1.553793285752048947e-01,-1.456515992598466924e-01,4.065556436690458131e-02,6.434047052603754369e-02,8.939994713190591025e-02,1.124504361617763848e-01,1.295268305577584184e-02,1.028284430346286249e-01,-4.056568860692573164e-01,-3.059476605868359234e-01,-3.947660586835844976e-01,-2.414485857784827438e-01,-1.749405233941316584e-01,-4.044409199048375203e-02,-2.286545070050225170e-01,-1.307427967221782006e-01,-1.845096484271742387e-02,1.234469997356595627e-01,-9.992069785884221539e-03,-1.029341792228390395e-01,-4.425059476605869291e-02,2.004229447528416974e-01,5.424795136135343032e-01,6.852233676975946208e-01,1.525244514935236995e-01,1.945017182130584776e-01,2.355273592386994963e-01,2.520222045995242355e-01,2.158604282315622902e-01,-1.653185302669838985e-01,2.012688342585250145e-01,2.265397832408141965e-01,-2.517049960348929916e-01,-2.469468675654242773e-01,2.216759185831351231e-01,3.501453872587893534e-01,8.696801480306635967e-02,6.264869151467090946e-02,1.088554057626222871e-01,5.503568596352102771e-02,-1.204863864657679390e-01,-7.227068464181868324e-02,3.240814168649220478e-02,1.009780597409463618e-02,7.031456515992599507e-03,2.564102564102564361e-02,1.617234998678298008e-01,2.308749669574412244e-01,-2.194025905366111737e-02,8.548770816812055473e-02,2.876553000264341353e-01,1.822363203806502963e-01,1.706053396775046582e-01,1.060005286809410779e-01,-8.511763150938409656e-03,-5.651599259846683265e-02,-5.420565688606926447e-01,-4.667724028548771997e-01,-4.898228918847476465e-01,-3.961406291303199434e-01,3.409992069785884594e-02,-4.203013481363997855e-02,-3.594501718213058972e-01,-7.988369019296855111e-02,-4.681469733016125345e-01,-4.430874966957442096e-01,-1.887919640496960316e-01,-1.841395717684377598e-01,-1.181601903251388030e-01,-4.213587100185038625e-02,-2.553000264340470893e-01,-1.148823684906159354e-01,-1.231826592651335053e-02,-1.565424266455194557e-01,4.054982817869416667e-02,5.567010309278351554e-02,-2.689399947131906332e-01,-3.781654771345493438e-01,-3.261432725350251749e-01,-1.092783505154639456e-01,-1.309542690985990299e-01,-2.957969865186360625e-01
1.646841131377214107e-01,1.042030134813640152e-01,1.000000000000000000e+00,4.018503832936823339e-01,1.231826592651335053e-02,-2.690985989955062621e-02,4.685699180544542486e-01,2.897700237906423726e-01,-6.872852233676976464e-04,-1.103357123975680920e-01,2.815226011102300308e-01,1.803330689928628328e-01,1.037800687285223566e-01,1.436426116838488420e-01,-1.813375627808617649e-02,-6.560930478456251935e-02,-2.108908273856727744e-01,-2.109436954797780026e-02,2.351044144858578100e-01,1.781126090404441253e-01,1.358710018503833314e-02,-7.279936558287075643e-02,2.379592915675390608e-01,2.800422944752842258e-01,5.937086968014804178e-02,8.591065292096221329e-02,2.881311128733809665e-02,2.965900079302141723e-02,-6.931007137192705947e-02,-3.600317208564631638e-02,2.333068992862807611e-01,1.456515992598466924e-01,1.642611683848797521e-01,1.488236849061591593e-01,-6.079830822098864287e-03,-1.596087761036214803e-01,-5.656886069257203997e-03,-1.046259582342056738e-01,1.850383293682262903e-03,1.136664023261961705e-02,9.992069785884221539e-03,-1.010309278350515622e-01,-1.235527359238699635e-01,-1.528416600581549434e-01,-8.643933386201428648e-02,-1.097012952683055903e-01,-1.459688078244779641e-01,-1.935500925191647181e-01,-3.811789584985461610e-02,8.828971715569655307e-03,-6.095691250330426830e-02,-4.171292624900873464e-02,-1.155167856198784232e-01,-2.444091990483743537e-01,-8.104678826328312602e-02,-8.020089875759980891e-02,-1.136664023261961705e-02,1.591329632566746213e-02,1.148823684906159354e-01,1.475019825535289590e-02,1.426909859899550825e-01,7.079037800687286441e-02,-9.584985461274121710e-02,-3.547449114459424319e-02,1.767380385937087350e-01,1.127676447264076426e-01,6.254295532646049482e-02,2.923605604017975521e-02,4.848004229447529928e-02,-3.621464446206715260e-02,2.965900079302141723e-02,1.358181337562781033e-01,1.648955855141422400e-01,7.660586835844568343e-02,3.647898493259318919e-03,-4.520222045995243160e-02,-1.957705524715834255e-01,-9.458102035421625531e-02,-1.441712926249008875e-01,-2.446206714247951552e-01,-8.125826063970395530e-02,-1.144594237377742768e-01,-2.592122653978324309e-01,-1.816019032513878084e-01,-1.042030134813640152e-01,-1.609833465503568983e-01,-6.180280200898759235e-02,-1.359238699444885456e-01,-5.989955062120011497e-02,-1.330689928628073226e-01,-1.887390959555908243e-02,6.106264869151468988e-02,-3.706053396775046971e-02,9.891620407084325550e-02,-1.380385937086968107e-01,-9.680148030663496272e-02,-1.661644197726672156e-01,-1.395189003436426434e-01,-9.828178694158078155e-02,-8.865979381443300777e-02,-7.353951890034365890e-02,-2.616970658207772027e-02,-1.708168120539254875e-01,-4.086703674332541059e-02,-1.271477663230240751e-01,-1.098070314565160188e-01,-1.163626751255617403e-01,-7.449114459423739065e-02,-3.832936822627545231e-02,-1.365582870737510057e-01,-1.843510441448586168e-01,-8.041237113402063819e-02,-1.971979910124240301e-02,-9.045730901401005664e-02,-7.829764736981233153e-02,-5.746761829236057134e-02
4.234205656886070313e-01,3.003436426116838920e-01,4.018503832936823339e-01,1.000000000000000000e+00,2.342056568860693272e-02,-3.753634681469733558e-03,1.005022468939994890e-01,3.097541633624108504e-01,-1.109701295268305798e-01,-8.316151202749141880e-02,1.473433782712133544e-01,2.557229711868887478e-01,1.290510177108115386e-01,3.457044673539519386e-01,-6.872852233676976464e-04,6.032249537404177353e-02,-2.446206714247951552e-01,-4.023261961406291581e-02,2.679883690192969015e-01,2.076130055511499206e-01,1.860428231562252788e-01,-7.776896642876025834e-02,1.742003700766587559e-01,2.674596880782448283e-01,1.182659265133492038e-01,1.061062648691514926e-01,1.538990219402590898e-01,6.761829236056041137e-02,6.169706582077717077e-02,6.476341527887921612e-02,8.263283108643934560e-02,1.294739624636531972e-01,-3.758921490880254984e-02,-1.538461538461538720e-02,-2.358445678033307402e-01,-2.580491673275178699e-01,-4.551942902458366857e-02,-6.011102299762094425e-02,6.201427438540842163e-02,2.183452286545070620e-02,7.560137457044674436e-03,2.616970658207772027e-02,-3.833465503568597166e-01,-3.428495902722707434e-01,-3.460216759185831825e-01,-2.876553000264341353e-01,-3.038329368226275751e-01,-1.883690192968543731e-01,-1.761036214644462194e-01,-1.130848532910388865e-01,-1.245043616177636953e-01,-1.623050489029870952e-02,-1.230240549828178764e-01,-2.878667724028549646e-01,-1.729315358181338080e-01,-2.765001321702353215e-02,2.355273592386994963e-01,2.205128205128205621e-01,8.115252445149354066e-02,4.234734337827122247e-02,1.449114459423737900e-01,1.427967221781654972e-01,5.841924398625430309e-02,-1.239756806767116221e-01,7.893206449907481936e-02,2.141686492201956560e-01,-1.147766323024055207e-01,-1.459688078244779641e-01,1.828707375099128118e-01,9.225482421358711937e-02,2.661908538197198526e-01,1.361353423209093472e-01,2.056040179751520425e-01,1.699709225482421704e-01,8.855405762622259314e-02,-7.110758657150410833e-02,3.928099392016918406e-02,9.357652656621730236e-03,-1.328575204863864934e-01,-1.129791171028284580e-01,5.736188210415015670e-02,-7.348665080623845158e-03,-2.521808088818398505e-02,6.677240285487709426e-02,-6.476341527887921612e-02,-1.792228390166535068e-02,2.201956119481893182e-01,1.572825799629923582e-01,1.034628601638911127e-01,-4.329896907216495422e-02,-1.993655828707375510e-01,-1.075865715040972975e-01,-1.710282844303463168e-01,-3.780068728522337218e-02,-1.372984403912239082e-01,-1.011366640232619768e-01,-2.994977531060005749e-01,-7.427967221781656137e-02,-3.022468939994713555e-01,-3.051017710811526062e-01,-1.823420565688607109e-01,-1.036743325403119420e-01,-2.508591065292096745e-01,-7.798043880518108761e-02,-2.818398096748612747e-01,-1.839280993920169582e-01,5.545863071636268626e-02,1.485593444356331401e-02,6.307163626751256802e-02,2.172878667724029156e-02,-2.967486122125297943e-01,-2.568860692572033089e-01,-2.241078509119746598e-01,-2.586835844567803577e-01,-2.670367433254031697e-01,-1.504097277293153789e-01
-1.670103092783505605e-01,-1.786412899814961985e-01,1.231826592651335053e-02,2.342056568860693272e-02,1.000000000000000000e+00,6.685170499603489969e-01,1.258789320644990994e-01,-1.633624107850912416e-02,5.961934972244251618e-01,6.011630980703147609e-01,-1.091726143272535171e-01,-3.209093312186096780e-02,-5.641025641025641801e-02,1.136664023261961705e-02,4.110494316679884630e-01,4.454136928363733317e-01,-6.085117631509384672e-02,-7.258789320644991327e-02,-1.978852762357917461e-01,-2.836373248744383235e-01,1.160454665609304964e-01,1.476605868358445983e-01,-9.584985461274121710e-02,-1.057890563045202487e-01,3.595559080095163673e-01,3.387258789320645724e-01,5.795929156753900635e-01,4.888712661908538593e-01,-7.279936558287075643e-02,3.177372455722971695e-02,1.989426381178958925e-01,6.687813904308750890e-02,9.569125033042561249e-03,-3.462860163891091914e-02,-4.150145387258789842e-02,-6.624372191382502106e-02,-1.148823684906159354e-01,-1.068464181866243951e-01,7.877346021675920087e-03,-6.127412106793551916e-02,3.061062648691514898e-02,4.752841660058155365e-02,-1.982553528945281765e-02,-1.485593444356331401e-02,-3.013481363996828484e-03,-7.470261697065821993e-02,-1.240814168649220367e-01,-1.082209886333597854e-01,1.040972772931536006e-01,3.325403119217552883e-02,-1.638910917261432974e-03,-5.535289452815227162e-02,-1.414221517314301069e-01,-6.497488765530004540e-02,-1.524187153053132848e-01,-1.200634417129262665e-01,-1.630980703145651911e-01,-1.924927306370605717e-01,-7.724028548770818514e-02,-6.423473433782712905e-02,1.744647105471848047e-03,3.135077980438805145e-02,-1.642611683848797521e-01,4.604810996563574871e-02,-1.471319058947925251e-01,-1.218609569125033154e-01,-2.659265133491938229e-02,-1.394131641554322287e-01,-1.026169706582077817e-01,-1.957705524715834255e-01,9.955062120010575721e-02,1.453872587893206662e-02,8.511763150938409656e-03,5.789056304520222990e-02,2.795136135342321526e-01,1.075865715040972975e-01,3.885804916732752551e-02,1.062648691514671111e-02,-6.011102299762094425e-02,1.247158339941845245e-01,7.068464181866244977e-02,-8.622786148559345720e-02,2.824742268041237625e-01,2.101506740681998719e-01,-1.982024848004229900e-01,-7.375099127676448818e-02,2.935765265662173551e-01,3.089082738567275332e-01,2.447264076130055976e-01,1.812846946867565923e-01,1.755749405233941740e-01,1.962992334126355265e-01,1.986254295532646486e-01,1.694422416071900972e-01,-1.485064763415279154e-01,3.209093312186096780e-02,6.571504097277294787e-02,7.121332275971452297e-02,6.317737245572298266e-02,3.177372455722971695e-02,5.366111551678563046e-02,-1.295268305577584184e-02,-1.165741475019825835e-01,-2.124768702088290218e-01,3.875231297911711087e-02,3.304255881575469955e-02,1.157282579962992525e-01,2.416071900607983519e-02,-1.559608776103621822e-02,9.659000793021413345e-02,-5.461274121067936915e-02,4.911445942373778017e-02,2.669838752312979693e-02,5.070050224689401364e-02,1.269362939466032458e-01,2.010573618821042130e-01
-1.783240814168649546e-01,-2.493787998942638418e-01,-2.690985989955062621e-02,-3.753634681469733558e-03,6.685170499603489969e-01,1.000000000000000000e+00,1.558022733280465533e-01,-1.178958498546127560e-02,5.908009516256940152e-01,6.676711604546657908e-01,-1.080095162569389561e-01,-5.905366111551680480e-02,-1.402590536611155458e-01,-4.562516521279408321e-02,3.305841924398625897e-01,4.288131112873381778e-01,-1.591329632566746213e-02,-5.323817076394397191e-02,-1.620407084324610447e-01,-2.293946603224954195e-01,6.434047052603754369e-02,1.498810467882633057e-01,-1.369812318265926920e-01,-1.758921490880254179e-01,2.962199312714777211e-01,2.975945017182131114e-01,5.101242400211474237e-01,4.762886597938145727e-01,-1.327517842981760787e-01,3.822363203806503767e-02,1.669045730901401181e-01,2.722706846418187360e-02,8.326724821570184731e-02,2.130584192439862953e-02,2.379064234734338482e-03,3.198519693365054622e-02,-1.488236849061591593e-01,-1.139307427967221897e-01,-3.811789584985461610e-02,-8.802537668517051994e-02,6.349458102035422657e-02,1.064234734337827226e-01,1.517314300819455619e-02,-2.786148559344436143e-02,-5.022468939994714429e-03,-8.939994713190591025e-02,-1.186888712661908901e-01,-1.246100978059741238e-01,9.193761564895587546e-02,-1.591329632566746213e-02,-4.298176050753371724e-02,-1.019825535289453078e-01,-1.654242664551943132e-01,-4.287602431932329566e-02,-1.368754956383822496e-01,-1.893206449907481326e-01,-1.911181601903251537e-01,-2.395453343906952526e-01,-7.586571504097278096e-02,-8.464181866243723762e-02,-3.536875495638382855e-02,1.136664023261961705e-02,-1.779011366640232961e-01,2.041237113402062375e-01,-2.459952418715306011e-01,-1.951361353423209377e-01,4.266455194290246639e-02,-8.580491673275179865e-02,-1.031456515992598549e-01,-2.206185567010309767e-01,1.353951890034364447e-01,2.268041237113402331e-02,-2.860163891091726737e-02,8.231562252180811556e-02,3.176843774781920038e-01,1.931271477663230596e-01,8.971715569653715416e-02,7.311657414750198647e-02,-9.088025376685171519e-02,1.311657414750198591e-01,2.024848004229447967e-02,-1.186888712661908901e-01,2.574147501982553821e-01,1.305313243457573713e-01,-2.268569918054454682e-01,-8.337298440391224807e-02,2.300290774517579073e-01,1.958762886597938402e-01,1.716627015596088046e-01,1.854084060269627632e-01,2.719006079830822986e-01,2.619614062913032670e-01,2.996034892942109895e-01,1.775839280993920521e-01,-7.332804652392281575e-02,8.844832143801217850e-02,1.565424266455194557e-01,1.100185038329368481e-01,1.392016917790113995e-01,1.270420301348136605e-01,1.343378271213322983e-01,5.820777160983348075e-02,-2.574676182923605824e-02,-1.112873380914618238e-01,7.628865979381445339e-02,5.810203542162306611e-02,3.547449114459424319e-02,4.118424530795665450e-02,5.027755749405234814e-02,1.472376420830029398e-01,3.854084060269628159e-02,1.462860163891092080e-01,1.044144858577848445e-01,8.062384351044145359e-02,8.918847475548508097e-02,1.956648162833730387e-01
-3.748347872059212826e-02,-1.263018768173407580e-01,4.685699180544542486e-01,1.005022468939994890e-01,1.258789320644990994e-01,1.558022733280465533e-01,1.000000000000000000e+00,3.409463388844832799e-01,1.968279143536875997e-01,7.618292360560402487e-02,2.326724821570182733e-01,1.270420301348136605e-01,7.227068464181868324e-02,7.301083795929158571e-02,-3.542162305048903413e-03,-3.029341792228390853e-02,-1.514670896114195253e-01,-3.885804916732752551e-02,9.299497753106002185e-02,7.406819984139573210e-02,-1.020882897171557224e-01,-5.651599259846683265e-02,1.413164155432196922e-01,9.859899550621202546e-02,2.363203806502775853e-02,6.053396775046260975e-02,3.959820248480043492e-02,5.778482685699181526e-02,-9.659000793021413345e-02,-7.597145122918320947e-02,1.817076394395982508e-01,9.976209357652658649e-02,1.809674861221253483e-01,1.670103092783505605e-01,4.128998149616706914e-02,-5.577583928099393018e-02,-6.867565424266455776e-02,-1.646841131377214107e-01,2.532381707639439969e-02,-3.156225218080888767e-02,3.113930742796722564e-02,-7.755749405233942906e-02,1.073222310335712575e-02,-6.994448850118954730e-02,-4.372191382500661971e-02,-7.057890563045203514e-02,-7.977795400475815035e-02,-1.189003436426117055e-01,-3.013481363996828484e-03,1.115516785619878604e-02,-7.026169706582079122e-02,-4.699973565952948046e-02,-1.472376420830029398e-01,-1.811789584985461499e-01,-7.533703409992070776e-02,-1.459688078244779641e-01,-2.613269891620407792e-01,-2.082474226804124084e-01,7.512556172349987849e-02,-2.860163891091726737e-02,1.716627015596088046e-01,4.076130055511499595e-02,-1.119217552207243116e-01,1.478720592122654276e-01,6.000528680941053655e-02,-2.061855670103092831e-03,1.075865715040972975e-01,3.240814168649220478e-02,-6.169706582077717077e-02,-1.353951890034364447e-01,-4.118424530795665450e-02,1.307427967221782006e-01,1.001850383293682450e-01,5.101771081152525061e-02,5.693893735130849815e-02,8.511763150938409656e-03,-1.198519693365054511e-01,1.369283637324874604e-02,-1.261961406291303434e-01,-1.911181601903251537e-01,-9.352365847211209504e-02,-1.546391752577319922e-01,-1.915411049431668400e-01,-1.653185302669838985e-01,-1.319058947924927616e-01,-1.743061062648691706e-01,-8.929421094369549561e-02,-9.764736981231827984e-02,3.753634681469733558e-03,-1.051546391752577470e-01,1.509384086703674799e-01,1.928099392016918157e-01,1.253502511234470262e-01,2.594237377742532602e-01,3.621464446206715260e-02,5.551149881046789358e-03,1.189532117367169198e-02,-1.039915411049431859e-01,2.733280465239228477e-02,2.532381707639439969e-02,5.017182130584193350e-02,1.677504625958234630e-01,-7.375099127676448818e-02,5.656886069257203997e-03,-7.554850647634155092e-02,-5.334390695215438655e-02,-1.362410785091197896e-01,1.686492201956119735e-02,2.342056568860693272e-02,-5.344964314036480119e-02,-1.063177372455723219e-01,9.674861221252975887e-03,1.073750991276764682e-01,7.343378271213324426e-02,-5.144065556436691611e-02,-3.484007401533175535e-02
1.150938408670367646e-01,1.476605868358445983e-01,2.897700237906423726e-01,3.097541633624108504e-01,-1.633624107850912416e-02,-1.178958498546127560e-02,3.409463388844832799e-01,1.000000000000000000e+00,3.769495109701296448e-02,-2.712133227597145896e-02,1.655300026434047556e-01,2.923076923076923794e-01,2.339413164155432490e-01,3.805974094633889360e-01,3.018768173407349389e-02,1.633624107850912416e-02,-1.519957705524716263e-01,-1.570182394924663286e-02,1.734602167591858535e-01,1.659529473962464141e-01,3.568596352101507246e-02,-9.299497753106002185e-02,2.131112873380914818e-01,1.720856463124504632e-01,2.712133227597145896e-02,1.082209886333597854e-01,3.843510441448586695e-02,5.175786412899816002e-02,1.003965107057890743e-01,-3.568596352101507246e-02,1.646841131377214107e-01,2.800422944752842258e-01,-2.595823420565689099e-02,1.698651863600317558e-01,-1.036743325403119420e-01,-4.107850911974623986e-02,-1.205921226539783536e-01,-7.279936558287075643e-02,-2.696272799365583266e-03,-1.469204335183716958e-01,-7.575997885276238020e-02,3.864657679090669623e-02,-2.446206714247951552e-01,-2.658736452550886087e-01,-2.897700237906423726e-01,-2.402854877081681828e-01,-1.915411049431668400e-01,-1.287338091461802947e-01,-1.426909859899550825e-01,-7.882632831086441860e-02,-9.278350515463919257e-02,4.213587100185038625e-02,-1.532646048109966019e-01,-2.844832143801216406e-01,-1.154110494316680086e-01,-1.390430874966957706e-02,-5.080623843510442134e-02,6.360031720856464121e-02,-5.715040972772932742e-02,3.224953740417658629e-03,1.884747554850647877e-01,2.326724821570182733e-01,1.072693629394660536e-01,1.206978588421887544e-01,1.747290510177108569e-01,2.977002379064235260e-01,-1.744118424530796130e-01,-1.478720592122654276e-01,-1.233412635474491342e-01,-6.714247951361354723e-03,8.051810732223105282e-02,2.509648427174200891e-01,1.474491144594237690e-01,1.025112344699973810e-01,2.024848004229447967e-02,3.209093312186096780e-02,-7.872059212265399009e-02,2.690985989955062621e-02,-1.662701559608776580e-01,-1.567538990219403128e-01,4.911445942373778017e-02,-2.061855670103092831e-03,-1.387787470261697131e-01,-2.860163891091726737e-02,-3.240814168649220478e-02,-3.505154639175258463e-02,1.182659265133492038e-01,3.357123975680677275e-02,-4.647105471847740726e-02,-1.718741739360296339e-01,-1.344435633095427129e-01,-9.743589743589745056e-02,-4.435633095426910755e-02,-4.520222045995243160e-02,8.242135871001851632e-02,3.542162305048903413e-03,-1.611948189267777276e-01,-4.890298704731695090e-02,-2.352101506740682524e-01,-2.253766851704996355e-01,-1.271477663230240751e-01,2.299762093576526722e-02,-1.550621200105736508e-01,-3.758921490880254984e-02,-2.154374834787206316e-01,-1.586042823156225546e-04,-2.828443034628602346e-02,-7.734602167591858590e-02,1.929156753899022303e-01,3.124504361617764028e-02,-2.030663494581020634e-01,-2.277028813111287575e-01,-9.807031456515995227e-02,-8.168120539254561385e-02,-1.407877346021676190e-01,-3.244514935236585407e-01
-2.863864657679091597e-01,-2.121596616441977778e-01,-6.872852233676976464e-04,-1.109701295268305798e-01,5.961934972244251618e-01,5.908009516256940152e-01,1.968279143536875997e-01,3.769495109701296448e-02,1.000000000000000000e+00,5.725085910652922827e-01,-1.500925191646841350e-01,-1.246100978059741238e-01,-6.539783240814169007e-02,-1.166798836901929842e-01,3.477134549299498723e-01,2.875495638382237207e-01,-2.606397039386730563e-02,-4.583663758921491943e-02,-2.787734602167591946e-01,-2.634417129262490720e-01,2.733280465239228477e-02,2.052868094105207986e-01,-5.006608511763151886e-02,-5.937086968014804178e-02,2.989690721649485017e-01,2.956912503304255924e-01,3.682262754427703677e-01,4.039651070578906267e-01,-1.386730108379593263e-01,-6.751255617234999673e-02,1.962992334126355265e-01,7.142479513613535225e-02,-2.590536611155168627e-03,-6.397039386730109939e-03,1.186888712661908901e-01,1.609833465503568983e-01,-6.656093047845626498e-02,-9.214908802537670474e-02,3.462860163891091914e-02,-3.431139307427968216e-02,1.011366640232619768e-01,1.155167856198784232e-01,3.653185302669839651e-02,-2.659265133491938229e-02,1.358710018503833314e-02,-4.943166798836903103e-02,2.786148559344436143e-02,-3.579169970922548710e-02,9.637853555379330417e-02,2.553528945281523244e-02,3.737774253238171362e-02,-1.358710018503833314e-02,-9.859899550621202546e-02,8.823684906159134922e-02,5.445413692836374719e-03,-4.065556436690458131e-02,-2.458895056833201587e-01,-1.934443563309543035e-01,-1.113930742796722384e-01,-7.068464181866244977e-02,-1.506740681998414155e-02,1.115516785619878604e-02,-2.068728522336769904e-01,1.296854348400740542e-01,-1.104414485857785067e-01,-1.185831350779804477e-01,4.245307956648163711e-02,-6.867565424266455776e-02,-2.084588950568332377e-01,-2.176579434311393391e-01,2.754427702881311751e-02,6.666666666666667962e-02,-7.665873645255089942e-03,3.240814168649220478e-02,2.493787998942638418e-01,1.831879460745440558e-01,7.195347607718742544e-02,6.233148295003965861e-02,-9.807031456515995227e-02,5.440126883425853294e-02,-6.243721913825008019e-02,-1.349722442505947861e-01,1.721913825006608778e-01,5.757335448057098598e-02,-1.456515992598466924e-01,-3.854084060269628159e-02,1.460745440126883510e-01,8.696801480306635967e-02,1.171028284430346428e-01,1.794871794871795434e-01,2.065556436690457742e-01,1.847739888977002753e-01,2.207242928892413913e-01,1.646841131377214107e-01,-2.273328046523922976e-03,1.231297911710283188e-01,1.817076394395982508e-01,1.309542690985990299e-01,1.628865979381443618e-01,1.300026434047052981e-01,1.026169706582077817e-01,6.920433518371664483e-02,-1.517314300819455619e-02,-1.565424266455194557e-01,8.326724821570184731e-02,1.061062648691514926e-01,-7.031456515992599507e-03,-4.530795664816284624e-02,6.550356859635211859e-02,1.239756806767116221e-01,8.633359767380388572e-02,1.084324610097806146e-01,1.219666931007137578e-01,1.136135342320909597e-01,1.555908009516257240e-01,1.021940259053661232e-01
-2.150145387258789731e-01,-2.046523922812582830e-01,-1.103357123975680920e-01,-8.316151202749141880e-02,6.011630980703147609e-01,6.676711604546657908e-01,7.618292360560402487e-02,-2.712133227597145896e-02,5.725085910652922827e-01,1.000000000000000000e+00,-1.546391752577319922e-01,-6.296590007930215338e-02,-1.291567538990219532e-01,-4.953740417657944567e-02,3.958234205656886995e-01,5.097012952683056541e-01,7.258789320644991327e-02,-3.473433782712133377e-02,-1.805445413692836898e-01,-2.407084324610098136e-01,1.305841924398625821e-02,1.603489294210943827e-01,-1.279936558287073922e-01,-1.569653713983611143e-01,3.174729051017711190e-01,2.977002379064235260e-01,4.524980174464711125e-01,4.518636003172086246e-01,-8.083531588686228286e-02,4.107850911974623986e-02,1.230240549828178764e-01,2.643404705260376272e-04,-7.930214115781127190e-04,2.839016653449643462e-02,2.172878667724029156e-02,9.088025376685171519e-02,-1.404705260375363751e-01,-7.850911974623316081e-02,-4.414485857784827827e-02,-1.179487179487179876e-01,5.683320116309808351e-02,9.659000793021413345e-02,-1.559608776103621822e-02,-3.579169970922548710e-02,-3.198519693365054622e-02,-9.584985461274121710e-02,-9.130319851969338762e-02,-8.051810732223105282e-02,1.358710018503833314e-02,-4.943166798836903103e-02,-6.846418186624374236e-02,-9.849325931800161082e-02,-1.543219666931007483e-01,2.194025905366111737e-02,-1.145651599259846914e-01,-8.791964049696010530e-02,-1.802273328046524459e-01,-2.123711340206185794e-01,-1.865715040972773242e-01,-1.223896378535554164e-01,-9.743589743589745056e-02,6.455194290245838684e-02,-8.390166534496432127e-02,2.291831879460745902e-01,-1.716627015596088046e-01,-1.421623050489030093e-01,-4.224160719006080089e-02,-1.523129791171028424e-01,-1.000793021411578304e-01,-2.141686492201956560e-01,6.169706582077717077e-02,3.547449114459424319e-02,-8.284430346286017488e-02,2.786148559344436143e-02,2.886069257203278116e-01,1.247158339941845245e-01,1.082209886333597854e-01,1.161512027491409110e-01,4.810996563573883417e-03,1.854084060269627632e-01,6.624372191382502106e-02,-1.496167063177372865e-02,3.008723235527359652e-01,1.306370605339677582e-01,-1.366640232619614481e-01,1.104943166798837140e-02,2.341527887919640782e-01,1.966164419772667427e-01,1.709225482421359021e-01,2.853291038858049578e-01,2.096219931271477988e-01,1.730372720063441949e-01,2.745440126883426646e-01,1.523129791171028424e-01,-6.730108379592918133e-02,7.205921226539785396e-02,1.701823949246629997e-01,1.280993920169178069e-01,1.384615384615384970e-01,1.110758657150409945e-01,1.200634417129262665e-01,6.106264869151468988e-02,-1.041501453872588009e-02,-7.840338355802274617e-02,1.112873380914618238e-01,9.606132698916206025e-02,7.914353687549564864e-02,2.379064234734338482e-03,3.029341792228390853e-02,1.560137457044673825e-01,8.982289188474758268e-02,1.320116309807031763e-01,1.038858049167327713e-01,1.484007401533175008e-01,1.647898493259318531e-01,1.824477927570711533e-01
3.580756013745705069e-01,1.772667195347608082e-01,2.815226011102300308e-01,1.473433782712133544e-01,-1.091726143272535171e-01,-1.080095162569389561e-01,2.326724821570182733e-01,1.655300026434047556e-01,-1.500925191646841350e-01,-1.546391752577319922e-01,1.000000000000000000e+00,4.908802537668517929e-01,3.453872587893206947e-01,2.211472376420830221e-01,-1.685963521015067801e-01,-1.826592651334919548e-01,1.208035950303991690e-01,1.228125826063970610e-01,2.994977531060005749e-01,3.203277821834523698e-01,-5.270948982289189871e-02,-3.780068728522337218e-02,-9.780597409463390526e-03,-6.328310864393339730e-02,-1.879460745440127423e-01,-2.275971451229183706e-01,-8.104678826328312602e-02,-6.328310864393339730e-02,1.496695744118424765e-01,1.049431667988369177e-01,-6.645519429024585034e-02,-1.042030134813640152e-01,5.334390695215438655e-02,1.020354216230505082e-02,-4.044409199048375203e-02,-9.331218609569126576e-02,-2.590536611155168627e-03,-1.009251916468411475e-01,-4.752841660058155365e-02,-2.194025905366111737e-02,1.475019825535289590e-02,-1.239756806767116221e-01,-8.538197197991014009e-02,-6.899286280729581555e-02,-9.923341263547451330e-02,-6.032249537404177353e-02,-5.196933650541898930e-02,-5.894792492730638322e-02,-1.255617234998678555e-01,-2.828443034628602346e-02,-2.955326460481100259e-02,4.974887655300026801e-02,-6.867565424266455776e-02,-2.424002114723764756e-01,-5.091197462331483597e-02,-4.985461274121068959e-02,1.255617234998678555e-01,1.211208035950304129e-01,1.816019032513878084e-01,7.195347607718742544e-02,3.479249273063707015e-01,1.865715040972773242e-01,9.542690985989957242e-02,1.697594501718213411e-01,5.863071636267513237e-02,-3.346550356859635811e-02,-1.084324610097806146e-01,-1.620407084324610447e-01,1.266190853819720019e-01,1.506212001057362082e-01,-1.506740681998414155e-02,-4.721120803595031667e-02,7.660586835844568343e-02,4.985461274121068959e-02,-6.878139043087498627e-02,-2.648691514670896766e-02,-1.630980703145651911e-01,-9.214908802537670474e-02,8.194554586307165739e-03,-1.472376420830029398e-01,-2.067142479513614170e-02,-1.526301876817340863e-01,-1.941845096484272060e-01,-1.178429817605075453e-01,-1.633624107850912416e-02,-2.841660058154903967e-01,-1.359238699444885456e-01,-1.430081945545863265e-01,-5.492994977531061307e-02,-1.490351572825799886e-01,-1.302141157811260996e-01,-1.128733809146180433e-01,-2.308749669574412244e-01,-1.471319058947925251e-01,-2.923605604017975521e-02,-4.869151467089612162e-02,-1.489294210943695740e-01,-1.421623050489030093e-01,-1.565424266455194557e-01,-1.458630716362675495e-01,1.097012952683055903e-01,7.163626751255618152e-02,-6.095691250330426830e-02,2.098863335976738562e-02,-1.632038065027756057e-01,-2.477927570711076499e-01,8.987575997885277916e-04,-4.203013481363997855e-02,6.608511763150939217e-03,-3.177372455722971695e-02,-1.552735923869944801e-01,-1.519957705524716263e-01,-1.217552207242929146e-01,-1.590800951625694348e-01,-1.904837430610626936e-01,-5.820777160983348075e-02
3.383029341792229139e-01,2.932593180015861112e-01,1.803330689928628328e-01,2.557229711868887478e-01,-3.209093312186096780e-02,-5.905366111551680480e-02,1.270420301348136605e-01,2.923076923076923794e-01,-1.246100978059741238e-01,-6.296590007930215338e-02,4.908802537668517929e-01,1.000000000000000000e+00,3.264604810996564188e-01,4.557758392809940218e-01,-2.553528945281523244e-02,6.925720327782184868e-03,1.940259053661115909e-02,8.273856727464976024e-02,2.486386465767909670e-01,2.929421094369548673e-01,2.204599524187153547e-02,-3.050489029870473781e-02,1.189532117367169198e-02,-4.562516521279408321e-02,-1.195347607718741934e-01,-9.532117367168915778e-02,4.488501189532118074e-02,2.860163891091726737e-02,2.817340734866508600e-01,2.315093840867037123e-01,1.401004493787999169e-02,2.511234469997357041e-02,-5.017182130584193350e-02,1.638910917261432974e-03,-1.689135606661380240e-01,-1.302141157811260996e-01,-8.220988633359768705e-02,-6.381178958498548437e-02,-4.128998149616706914e-02,-1.191118160190325487e-01,-3.357123975680677275e-02,-5.471847739888978379e-02,-2.225218080888184402e-01,-1.560137457044673825e-01,-2.171292624900872659e-01,-1.088554057626222871e-01,-1.791699709225482717e-01,-1.303198519693365143e-01,-9.415807560137458287e-02,5.233941316415543707e-03,3.542162305048903413e-03,1.445942373777425460e-01,-7.322231033571241499e-02,-2.403912238963785697e-01,-1.413164155432196922e-01,-9.146180280200900958e-03,1.601374570446735812e-01,1.979910124240021607e-01,1.043087496695744298e-01,1.587628865979381632e-01,3.103885804916733382e-01,3.634681469733017090e-01,7.438540840602697601e-02,2.011630980703145999e-01,1.284694686756542546e-02,2.944752841660058795e-02,-2.791964049696009087e-01,-3.095426909859900211e-01,8.146973301612478457e-02,1.655300026434047556e-01,1.064234734337827226e-01,7.766323024054984370e-02,1.661644197726672156e-01,1.330689928628073226e-01,7.877346021675920087e-03,3.748347872059212826e-02,-1.190060798308221063e-01,-4.065556436690458131e-02,1.401004493787999169e-02,-6.275442770288132410e-02,1.008194554586307468e-01,-4.657679090668782190e-02,-7.882632831086441860e-02,3.452286545070051144e-02,-2.278614855934444142e-02,-2.070843246100978474e-01,3.061062648691514898e-02,3.177372455722971695e-02,-3.013481363996828484e-03,-7.660586835844568343e-02,-2.140629130319852413e-01,-2.085646312450436524e-01,-2.371134020618557436e-01,-2.240021147237642452e-01,-7.692307692307694122e-02,-1.143536875495638622e-01,-2.450436161776368416e-01,-1.596087761036214803e-01,-2.744382765001322499e-01,-2.624900872323553402e-01,1.168384879725086270e-02,2.056568860692572359e-02,-1.316944224160719323e-01,3.330689928628073702e-03,-1.884747554850647877e-01,-1.931271477663230596e-01,1.519957705524716263e-01,-1.066349458102035519e-01,5.535289452815227162e-02,1.971979910124240301e-02,-2.243193232883954891e-01,-2.517049960348929916e-01,-2.134284959027227258e-01,-1.473433782712133544e-01,-1.444885011895321314e-01,-1.505154639175258213e-01
3.135606661379857774e-01,3.264604810996564188e-01,1.037800687285223566e-01,1.290510177108115386e-01,-5.641025641025641801e-02,-1.402590536611155458e-01,7.227068464181868324e-02,2.339413164155432490e-01,-6.539783240814169007e-02,-1.291567538990219532e-01,3.453872587893206947e-01,3.264604810996564188e-01,1.000000000000000000e+00,3.373513084853291266e-01,1.607718741739360691e-01,7.137192704203015013e-03,7.771609833465505449e-03,1.032513877874702835e-01,1.820248480042294947e-01,2.451493523658472284e-01,1.269362939466032458e-01,5.873645255088555395e-02,1.950303991541105231e-01,1.019825535289453078e-01,-5.186360031720857466e-02,-3.822363203806503767e-02,-1.284694686756542546e-02,4.255881575469205175e-02,3.007665873645255505e-01,1.006079830822099036e-01,-5.175786412899816002e-02,9.088025376685171519e-02,-2.937879989426381844e-01,-7.914353687549564864e-02,-6.063970393867301745e-02,-9.997356595294741577e-02,1.296854348400740542e-01,1.537932857520486474e-01,1.968279143536875997e-01,1.382500660851176677e-01,1.201691779011366951e-01,1.068464181866243951e-01,-2.656621728786677239e-01,-1.676447264076130206e-01,-2.761300555114988287e-01,-1.555908009516257240e-01,-2.060269627279937010e-01,-1.588686227861485778e-01,-2.599524187153053889e-01,-1.421623050489030093e-01,-3.790642347343378682e-02,1.071636267512556390e-01,-8.511763150938409656e-03,-1.847739888977002753e-01,-3.980967486122126420e-02,1.162569389373513257e-01,1.730372720063441949e-01,2.419772667195347893e-01,5.339677504625959213e-03,1.940259053661115909e-02,4.093576526566217733e-01,2.579434311393074553e-01,3.084853291038858192e-01,-1.217552207242929146e-01,3.292096219931271994e-01,2.944224160719006722e-01,-2.157546920433518756e-01,-2.905101771081153306e-01,4.446206714247952219e-02,2.048638646576791400e-01,-4.964314036478986031e-02,2.564102564102564361e-02,1.574940523394132152e-01,1.633624107850912416e-02,-1.217552207242929146e-01,2.796722178165477607e-02,-1.486122125297383301e-01,1.073222310335712575e-02,9.357652656621730236e-03,6.201427438540842163e-02,1.856198784033835925e-01,1.706053396775046582e-01,4.128998149616706914e-02,1.288395453343907093e-01,2.732751784298176889e-01,-8.844832143801217850e-02,1.200634417129262665e-01,1.169970922548242420e-01,5.831350779804388845e-02,-1.214380121596616707e-01,-3.779540047581285700e-01,-3.574411842453080190e-01,-3.692836373248745141e-01,-2.085646312450436524e-01,5.947660586835845642e-02,4.213587100185038625e-02,-2.748612212529739085e-01,-1.403647898493259605e-01,-3.725614591593973679e-01,-4.003700766587365290e-01,-1.606661379857256267e-01,-1.500925191646841350e-01,-2.021147237642083316e-01,-1.688078244779275816e-01,-2.358445678033307402e-01,-1.144594237377742768e-01,-2.690985989955062621e-02,-7.914353687549564864e-02,6.740681998413958209e-02,1.533174729051018119e-03,-3.321702352630188648e-01,-4.168649220195612681e-01,-3.250859106529210285e-01,-1.911181601903251537e-01,-1.400475812846947166e-01,-2.856463124504362017e-01
