1.000000000000000000e+00,5.624731644482610093e-01,3.495062258480033934e-01,1.541434091884928970e-01,1.331043366251609961e-01,1.580077286389008073e-01,1.987977672820953057e-01,-1.623014169171317911e-01,2.073851438385573009e-01,-1.288106483469299984e-02,3.284671532846714648e-01,4.003864319450406994e-01,2.045942464577071296e-01,5.431515671962214298e-02,1.912838127951910216e-01,1.206526406182911043e-01,1.034778875053670999e-01,5.624731644482609122e-02,4.420352082438814834e-01,4.405324173465006155e-01,1.567196221554315039e-02,3.477887505367110305e-02,4.036066981537139720e-02,-6.440532417346499922e-03,2.168312580506654708e-01,1.258050665521683043e-01,2.866036925719192552e-01,2.760841562902532909e-01,-1.245169600686990043e-02,1.240875912408758996e-01,6.419063975955345558e-02,1.996565049377414802e-02,-6.054100472305710273e-02,-7.020180334907684394e-02,-2.041648776298840284e-01,-3.067840274796049260e-01,-4.959209961356805113e-02,-3.112924001717475020e-02,-9.660798626019749882e-03,2.769428939458994793e-02,1.395448690425074925e-02,-1.024044654358093470e-01,-3.136539287247745444e-01,-3.928724774581364709e-01,-3.555173894375268095e-01,-3.441391155002146429e-01,-2.252039501932159293e-01,-2.795191069128381001e-01,-2.559038213825676200e-01,-3.400601116358951681e-01,-3.044224989265778558e-01,-2.662086732503219921e-01,-2.526835551738943475e-01,-1.489909832546156832e-01,-1.595105195362816475e-01,-1.028338342636324482e-01,5.568913696865607221e-01,4.798196650923142181e-01,8.329755259768140130e-02,1.238729068269643491e-01,1.391155002146844122e-01,-4.937741519965650229e-03,2.874624302275654020e-01,3.046371833404894480e-01,-3.220266208673249614e-02,-2.224130528123657857e-01,-1.822670674109059252e-01,-3.306139974237869983e-01,3.454272219836839741e-01,3.735508802060969469e-01,5.753542292829539467e-02,-1.717475311292400051e-03,-1.502790897380850144e-01,-1.573636753971661417e-01,-1.097037355088020527e-01,3.284671532846714787e-02,2.984113353370544675e-02,-4.164877629884070065e-02,5.345641906397594761e-02,7.878917990553885309e-02,1.421210820094460925e-01,2.687848862172605990e-01,5.817947617003004640e-02,1.719622155431515531e-01,1.075568913696865470e-01,6.311721768999570270e-02,1.290253327608415490e-01,8.694718763417776108e-02,-3.155860884499785135e-02,-2.898239587805924791e-02,-2.294976384714469686e-01,-2.365822241305280960e-01,-2.391584370974666751e-01,-1.517818806354658545e-01,-1.517818806354658545e-01,-1.243022756547874502e-01,-1.498497209102619132e-01,-1.193645341348217870e-01,5.367110347788749646e-03,-2.018033490768569860e-02,-4.293688278230999369e-03,3.370545298411334323e-02,-7.728638900815799039e-03,-4.401030485186775004e-02,2.533276084156289853e-02,3.842851009016744895e-02,6.225848003434950040e-02,2.576212966938599969e-03,-1.249463288965221019e-01,-8.115070845856589554e-02,-1.981537140403606401e-01,-1.337483898668956339e-01,-9.038213825676254254e-02,-2.116788321167883125e-01,-1.167883211678832078e-01,-2.114641477028767480e-01
5.624731644482610093e-01,1.000000000000000000e+00,2.863890081580077185e-01,1.760412194074710002e-01,8.587376556461999433e-02,1.605839416058393865e-01,1.829111206526405908e-01,3.520824388149419726e-02,1.614426792614855888e-01,-1.116358952340059940e-01,5.581794761700299701e-02,3.935165306998711365e-01,5.775010734220694525e-02,6.655216831258049630e-03,9.639330184628594478e-02,-1.674538428510089980e-02,3.778445684843279723e-02,1.687419493344783084e-01,4.162730785744954143e-01,4.851867754401029686e-01,-6.333190210390723940e-02,1.459854014598540098e-02,2.576212966938599969e-03,-3.434950622584800103e-03,1.987977672820953057e-01,1.352511807642765018e-01,2.153284671532846584e-01,2.241305281236581903e-01,-1.288106483469299984e-02,1.408329755259767890e-01,9.811077715757834938e-02,4.057535422928294777e-02,4.293688278231000128e-04,-6.462000858737654285e-02,-2.389437526835551384e-01,-3.016316015457277122e-01,-3.413482181193645132e-02,2.254186346071274799e-02,-4.315156719622154774e-02,-2.468870759982825028e-02,-7.234864748819234970e-02,2.168312580506654569e-02,-2.230571060541004513e-01,-2.528982395878058842e-01,-2.091026191498496778e-01,-1.522112494632889279e-01,-1.719622155431515531e-01,-2.279948475740661007e-01,-8.243881494203519900e-02,-2.133963074280806893e-01,-2.086732503220265766e-01,-2.464577071704593669e-01,-1.534993559467582591e-01,-1.661657363675396737e-01,-2.269214255045083339e-01,-1.865607556891369645e-01,5.848003434950621582e-01,7.039501932159724085e-01,-1.000429368827822907e-01,8.866466294547015181e-02,1.760412194074709863e-02,-2.726492056676685025e-02,2.264920566766852328e-01,3.849291541434091135e-01,-1.515671962215542901e-01,-2.533276084156289576e-01,-2.973379132674967562e-01,-3.413482181193644993e-01,3.960927436668097434e-01,3.593817088879346922e-01,-2.790897380850149850e-02,-6.097037355088019694e-02,-2.091026191498496778e-01,-1.320309145556032571e-01,-1.294547015886646502e-01,4.787462430227564653e-02,-1.238729068269643491e-01,-1.494203520824387843e-01,2.340060111635894682e-02,7.535422928295404388e-02,1.425504508372691936e-01,2.674967797337912678e-01,9.596393301846284363e-02,9.811077715757834938e-02,2.769428939458994793e-02,-5.968226706741089349e-02,1.380420781451266454e-01,3.499355946758264668e-02,-4.057535422928294777e-02,-9.854014598540145053e-02,-1.449119793902962361e-01,-2.477458136539286981e-01,-5.281236582224130283e-02,-2.217689995706311479e-01,-1.784027479604980704e-01,-1.135680549592099492e-01,-1.227994847574065962e-01,-1.545727780163159981e-01,2.168312580506654569e-02,-6.655216831258049803e-02,-6.483469300128809343e-02,-9.725203950193214708e-02,-8.329755259768140130e-02,-1.672391584370974404e-01,-6.569343065693429573e-02,-2.039501932159724917e-02,-3.778445684843279723e-02,-1.481322455989694808e-01,-1.283812795191069112e-01,-1.051953628166594906e-01,-2.028767711464147527e-01,-1.328896522112494594e-01,-1.715328467153284520e-01,-2.322885358522970844e-01,-1.421210820094460925e-01,-1.517818806354658545e-01
3.495062258480033934e-01,2.863890081580077185e-01,1.000000000000000000e+00,1.734650064405323655e-01,8.844997853155860124e-02,1.803349076857019978e-02,1.996565049377414802e-01,-1.884929154143409058e-01,2.760841562902532909e-01,-5.152425933877199937e-03,1.318162301416916926e-01,1.646629454701588613e-01,1.826964362387290264e-01,-7.664233576642334733e-02,3.471446972949763787e-01,2.292829540575354041e-01,1.232288535852296835e-01,1.618720480893086899e-01,2.848862172606268506e-01,2.627737226277371829e-01,-2.468870759982825028e-02,8.587376556462000257e-04,1.481322455989694808e-01,2.060970373550879975e-01,1.185057964791755986e-01,4.680120223271789365e-02,2.054529841133533319e-01,2.387290682696435740e-01,1.227994847574065962e-01,5.495920996135680164e-02,-1.298840704164877513e-01,-6.633748389866894746e-02,-9.617861743237439420e-02,-9.982825246887074011e-02,-4.014598540145984662e-02,-1.135680549592099492e-01,-5.946758265349934292e-02,2.511807642765134796e-02,-6.719622155431514976e-02,-4.315156719622154774e-02,-8.093602404465434497e-02,-1.603692571919278498e-01,-2.990553885787891608e-01,-4.040360669815371009e-01,-2.559038213825676200e-01,-3.325461571489909396e-01,-2.810218978102189680e-01,-3.465006440532417131e-01,-2.709317303563760770e-01,-3.370545298411334878e-01,-3.310433662516100717e-01,-4.139115500214683996e-01,-2.638471446972949219e-01,-3.027050236152855067e-01,-9.982825246887074011e-02,-1.324602833834263582e-01,1.640188922284241957e-01,2.668527264920566577e-01,8.415629025332760360e-02,1.668097896092743393e-01,5.195362816659509358e-02,-4.787462430227564653e-02,1.170030055817947584e-01,6.462000858737654285e-02,8.630313439244309548e-02,-1.511378273937311889e-01,6.848432803778445321e-02,-8.716187204808929778e-02,1.066981537140403447e-01,5.581794761700299701e-02,2.151137827393730939e-01,1.421210820094460925e-01,-4.508372692142549598e-02,-4.272219836839844659e-02,-1.698153714040360196e-01,1.266638042078144927e-02,-4.057535422928294777e-02,-8.930871618720478966e-02,1.170030055817947584e-01,-8.179476170030054727e-02,3.735508802060969608e-02,1.803349076857019978e-02,1.174323744096178457e-01,1.960068699012451343e-01,1.663804207814512381e-01,-9.274366680978959887e-02,3.140832975525976178e-01,2.565478746243022301e-01,4.401030485186775004e-02,-2.307857449549162443e-01,4.658651781880634307e-02,-2.284242164018892018e-01,-1.777586947187634048e-01,-7.964791756118504151e-02,1.693860025762129184e-01,2.075998282524688654e-01,-2.962644911979389964e-02,-6.698153714040359918e-02,1.932159725203949760e-03,-2.705023615285529620e-02,1.103477887505367044e-01,9.939888364104765284e-02,1.434091884929153959e-01,7.191927866036924855e-02,-4.723057106054099653e-03,-8.651781880635464606e-02,1.816230141691713151e-01,1.734650064405323655e-01,5.324173465006439704e-02,1.215113782739372927e-01,-2.475311292400171337e-01,-1.534993559467582591e-01,-2.617003005581794439e-01,-2.254186346071275215e-01,-1.962215543151566988e-01,6.805495920996135206e-02
1.541434091884928970e-01,1.760412194074710002e-01,1.734650064405323655e-01,1.000000000000000000e+00,3.516530699871188714e-01,3.417775869471875727e-01,2.413052812365822086e-01,2.477458136539286981e-01,2.086732503220265766e-01,3.439244310863031062e-01,8.630313439244309548e-02,1.996565049377414802e-02,4.916273078574494998e-02,-7.535422928295404388e-02,2.812365822241304561e-02,1.322455989695147938e-01,7.299270072992700489e-03,-1.013310433662515941e-01,3.394160583941605025e-01,2.881064834693000676e-01,-3.327608415629024902e-02,-6.182911120652639231e-02,2.979819665092313663e-01,2.906826964362386745e-01,3.503649635036495957e-01,3.439244310863031062e-01,2.106054100472305457e-01,1.030485186775439987e-01,1.021897810218977964e-01,4.207814512666380180e-02,1.320309145556032571e-01,1.577930442249892429e-01,2.996994418205238264e-01,3.394160583941605025e-01,1.444826105624731349e-01,1.990124516960068146e-01,-8.480034349506224145e-02,-1.247316444826105514e-01,-1.762559038213825369e-01,-4.272219836839844659e-02,-1.504937741519965511e-01,-5.946758265349934292e-02,4.186346071275225122e-02,6.741090596822668646e-02,-1.288106483469299984e-03,1.436238729068269604e-01,-5.216831258050664416e-02,-1.331043366251609926e-02,8.973808501502789081e-02,8.458565908115070475e-02,-1.696006869901244829e-01,-1.846285959639330093e-02,-1.702447402318591485e-01,-3.349076857020179959e-02,-2.981966509231429585e-01,-3.136539287247745444e-01,7.900386431945040366e-02,3.284671532846714787e-02,-1.451266638042078005e-01,-9.209961356805494714e-02,-5.624731644482609122e-02,9.038213825676254254e-02,9.231429798196650466e-03,-2.297123228853584914e-02,6.397595534564190500e-02,1.665951051953628026e-01,6.848432803778445321e-02,1.816230141691713151e-01,1.659510519536281370e-01,1.056247316444826057e-01,6.569343065693429573e-02,4.079003864319449835e-02,3.306139974237869844e-02,-8.308286818376983685e-02,-3.671103477887505129e-02,-9.038213825676254254e-02,-2.769428939458994793e-02,-3.220266208673249614e-02,6.891369686560754049e-02,1.406182911120652523e-01,1.331043366251609926e-02,-4.293688278231000128e-04,-1.333190210390725328e-01,-6.977243452125374279e-02,-1.307428080721339259e-01,1.618720480893086899e-01,-2.166165736367539618e-01,-1.028338342636324482e-01,-2.496779733791326394e-01,6.333190210390723940e-02,-2.020180334907685504e-01,3.134392443108630077e-02,-1.459854014598540098e-02,-6.504937741519964400e-02,-1.625161013310433555e-01,-1.775440103048518681e-01,-2.172606268784885719e-01,-2.541863460712751599e-01,-2.140403606698153272e-01,-2.679261485616143967e-01,-2.893945899527693988e-01,-1.255903821382567398e-01,-2.984113353370544952e-01,-2.445255474452554534e-01,-2.700729927007299302e-01,-9.081150708458565757e-02,-1.747531129240016967e-01,-1.914984972091025861e-01,-4.164877629884070065e-02,-2.705023615285529620e-02,-6.118505796479174752e-02,-2.003005581794761458e-01,-1.114212108200944434e-01,7.213396307428079912e-02,1.202232717904679928e-02,-1.848432803778445599e-01
1.331043366251609961e-01,8.587376556461999433e-02,8.844997853155860124e-02,3.516530699871188714e-01,1.000000000000000000e+00,4.881923572348647045e-01,1.421210820094460925e-01,1.524259338772004924e-01,4.620008587376555620e-01,3.761270931730355538e-01,1.382567625590381821e-01,5.946758265349934292e-02,2.640618291112065141e-02,-6.204379562043794982e-02,5.646200085873764873e-02,1.717475311292399887e-01,2.018033490768569860e-02,-1.940747101760411930e-01,1.861313868613138633e-01,1.249463288965221019e-01,-4.401030485186775004e-02,-9.102619149849720814e-02,3.606698153714039956e-02,9.145556032632029542e-02,5.440103048518676321e-01,4.332331472735079236e-01,3.407041648776298337e-01,2.095319879776727789e-01,1.884929154143409058e-01,1.773293258909403036e-01,3.542292829540574783e-02,7.020180334907684394e-02,1.927866036925718896e-01,2.556891369686560278e-01,2.984113353370544675e-02,1.028338342636324482e-01,-1.191498497209102364e-01,-1.019750966079862597e-01,-1.801202232717904472e-01,-2.425933877200514913e-02,-1.204379562043795537e-01,-5.388578789179904877e-02,8.265349935594674957e-02,6.869901245169598991e-02,2.490339201373980085e-02,1.079862601975096481e-01,6.419063975955345558e-02,1.262344353799914054e-01,1.816230141691713151e-01,1.459854014598540028e-01,2.275654787462430204e-02,1.009016745384284930e-01,-1.556462000858737371e-01,5.281236582224130283e-02,-1.951481322455989598e-01,-2.599828252468870393e-01,9.531987977672820578e-02,-1.502790897380849909e-03,-3.177329325890939499e-02,-1.337483898668956339e-01,-7.599828252468869560e-02,-4.701588664662944422e-02,5.903821382567624870e-02,-8.222413052812364842e-02,6.698153714040359918e-02,8.802060970373550008e-02,-8.372692142550449898e-03,2.962644911979389964e-02,1.273078574495491444e-01,1.708887934735937864e-01,-6.612279948475739688e-02,0.000000000000000000e+00,9.016745384285099890e-03,-1.741090596822670311e-01,-5.517389437526835222e-02,-1.775440103048518681e-01,-2.097466723915843434e-01,-1.305281236582223892e-01,9.467582653499355405e-02,2.913267496779733401e-01,-9.446114212108199307e-03,5.152425933877199937e-02,-1.358952340060111397e-01,-1.073422069557749842e-03,-1.389008158007728477e-01,1.953628166595104687e-01,-2.694289394589952646e-01,-1.912838127951910216e-01,-2.535422928295405498e-01,1.255903821382567398e-01,-2.453842851009016557e-01,3.220266208673249614e-02,-1.631601545727779864e-02,-2.984113353370544675e-02,-4.959209961356805113e-02,-4.057535422928294777e-02,-1.060541004723057068e-01,-1.236582224130527846e-01,-1.775440103048518681e-01,-2.176899957063116731e-01,-2.855302705023615162e-01,-2.123228853585229225e-01,-2.966938600257620906e-01,-2.801631601545727102e-01,-2.000858737655645814e-01,-5.088020609703735458e-02,-1.957921854873335699e-01,-8.200944611421209784e-02,-1.906397595534564116e-01,-1.159295835122369986e-02,-1.367539716616573420e-01,-1.251610133104336386e-01,3.756977243452125359e-02,1.927866036925718896e-01,1.691713181623014095e-01,-2.303563761270931431e-01
1.580077286389008073e-01,1.605839416058393865e-01,1.803349076857019978e-02,3.417775869471875727e-01,4.881923572348647045e-01,1.000000000000000000e+00,2.816659510519535781e-01,2.966938600257620906e-01,3.945899527694288755e-01,4.396736796908544131e-01,4.894804637183339246e-02,5.088020609703735458e-02,-4.100472305710604892e-02,-2.316444826105624466e-01,-1.395448690425074925e-02,1.073422069557749964e-01,-1.206526406182911043e-01,-2.546157148990982888e-01,1.595105195362816475e-01,1.391155002146844122e-01,9.231429798196650466e-03,2.361528553027050087e-02,5.882352941176469813e-02,1.348218119364533729e-01,4.950622584800342674e-01,5.414340918849290807e-01,3.334048948046371419e-01,4.079003864319450390e-01,3.392013739802490074e-02,8.802060970373550008e-02,2.123228853585229225e-01,1.440532417346500338e-01,2.279948475740661007e-01,3.531558608844997393e-01,-5.689136968656074989e-02,2.168312580506654569e-02,-1.801202232717904472e-01,-5.367110347788749646e-03,-1.182911120652640480e-01,6.290253327608415213e-02,-1.191498497209102364e-01,1.174323744096178457e-01,3.628166595105195014e-02,6.998711893516529337e-02,3.993130098754829604e-02,1.814083297552597507e-01,4.358093602404464889e-02,1.000429368827822907e-01,2.292829540575354041e-01,1.519965650493773912e-01,-2.232717904680119742e-02,5.710605410047230046e-02,-1.887075998282524425e-01,-1.674538428510089980e-02,-2.724345212537569449e-01,-2.964791756118505539e-01,1.764705882352941013e-01,6.590811507084584631e-02,-5.452984113353370049e-02,-6.462000858737654285e-02,-3.649635036496350071e-02,8.394160583941605303e-02,-6.247316444826105097e-02,-4.787462430227564653e-02,-4.422498926577930062e-02,1.043366251610132883e-01,-1.028338342636324482e-01,-3.821382567625589838e-02,9.338772005152423672e-02,1.124946328896521824e-01,2.275654787462430204e-02,9.360240446543578730e-02,-3.692571919278660186e-02,-1.371833404894804431e-01,-6.547874624302274515e-02,-1.492056676685272476e-01,-2.033061399742378539e-01,-1.309574924860454903e-01,-4.186346071275225122e-02,1.341777586947187351e-01,-8.544439673679689318e-02,-7.814512666380420136e-02,-1.234435379991412340e-01,1.524259338772004924e-02,-2.410905968226706442e-01,1.215113782739372927e-01,-2.282095319879776374e-01,-2.080291970802919665e-01,-2.780163160154572322e-01,1.586517818806354452e-01,-2.350794332331472281e-01,-1.588664662945469749e-02,-5.324173465006439704e-02,2.168312580506654569e-02,-1.109918419922713423e-01,-1.161442679261485422e-01,-3.778445684843279723e-02,-1.575783598110777062e-01,-1.655216831258050358e-01,-1.786174323744095793e-01,-3.048518677544009847e-01,-1.178617432374409468e-01,-2.889652211249462699e-01,-2.050236152855302307e-01,-5.796479175611849582e-02,5.517389437526835222e-02,-2.829540575354228538e-01,2.490339201373980085e-02,-2.627737226277371829e-01,-7.986260197509659209e-02,-1.303134392443108525e-01,-1.075568913696865470e-01,-8.136539287247744612e-02,2.576212966938599969e-02,3.993130098754829604e-02,-1.702447402318591485e-01
1.987977672820953057e-01,1.829111206526405908e-01,1.996565049377414802e-01,2.413052812365822086e-01,1.421210820094460925e-01,2.816659510519535781e-01,1.000000000000000000e+00,1.880635465865177769e-01,3.065693430656933893e-01,2.580506655216830980e-01,3.005581794761700079e-02,1.320309145556032571e-01,1.741090596822670311e-01,-1.625161013310433555e-01,8.802060970373549315e-03,1.713181623014168875e-01,-1.279519106912838100e-01,-3.263203091455559868e-01,2.466723915843709591e-01,1.670244740231859037e-01,-7.148990983254614739e-02,-1.309574924860454903e-01,1.726062687848861910e-01,1.468441391155002052e-01,1.592958351223700830e-01,2.597681408329755026e-01,1.290253327608415490e-01,2.670674109059681944e-01,-5.066552168312579707e-02,-9.703735508802059651e-02,1.947187634177758586e-01,8.565908115070844375e-02,2.249892657793043649e-01,3.364104765993988777e-01,3.928724774581365126e-02,-2.039501932159724917e-02,-2.754401030485186253e-01,1.977243452125375389e-01,-1.702447402318591485e-01,1.182911120652640480e-01,-2.157578359811077595e-01,9.939888364104765284e-02,-9.252898239587804829e-02,-5.152425933877199937e-03,-1.013310433662515941e-01,1.567196221554315039e-02,-2.410905968226706442e-01,-2.142550450837268916e-01,8.158007728638899322e-03,1.348218119364533729e-01,-1.588664662945469819e-01,1.000429368827822907e-01,-3.501502790897380035e-01,7.342206955775010258e-02,-3.583082868183768976e-01,-9.896951481322455169e-02,1.897810218978102093e-01,7.964791756118504151e-02,1.854873336195791977e-01,1.616573636753971532e-01,2.653499355946757898e-01,2.732932589094031472e-01,7.363675397166165315e-02,4.272219836839844659e-02,3.993130098754829604e-02,1.438385573207384971e-01,-1.309574924860454868e-02,-6.397595534564190500e-02,-5.946758265349934292e-02,-3.950193215972520183e-02,9.059682267067410699e-02,2.361528553027049948e-01,3.735508802060969608e-02,-7.191927866036924855e-02,-1.410476599398883535e-01,1.200085873765564387e-01,-4.401030485186775004e-02,7.685702018033489791e-02,-2.045942464577071296e-01,2.211249463288965031e-02,-3.258909403177328579e-01,-1.408329755259767890e-01,-8.522971232288534260e-02,1.251610133104336386e-01,-2.479604980678402348e-01,2.030914555603262617e-01,-1.363246028338342408e-01,3.220266208673249961e-03,-3.832116788321167089e-01,3.252468870759982478e-01,-2.659939888364103999e-01,1.618720480893086899e-01,-2.125375697724345148e-01,1.414770287677114269e-01,-1.234435379991412340e-01,-8.050665521683125769e-02,-1.335337054529840972e-01,-1.365392872477458053e-01,-1.857020180334907622e-01,2.018033490768569860e-02,-3.465006440532417131e-01,5.732073851438385104e-02,-2.584800343495061714e-01,-6.247316444826105097e-02,-5.667668527264919931e-02,1.577930442249892429e-01,-2.168312580506654708e-01,1.099184199227136033e-01,-1.781880635465864782e-01,-1.103477887505367044e-01,-1.650923142979819624e-01,-1.994418205238299158e-01,-1.109918419922713423e-01,-1.133533705452983986e-01,-3.091455560326319615e-02,-1.309574924860454868e-02
-1.623014169171317911e-01,3.520824388149419726e-02,-1.884929154143409058e-01,2.477458136539286981e-01,1.524259338772004924e-01,2.966938600257620906e-01,1.880635465865177769e-01,1.000000000000000000e+00,8.844997853155860124e-02,2.606268784886217049e-01,-2.271361099184198984e-01,-4.830399313009874768e-02,-1.266638042078144927e-02,3.112924001717475020e-02,-2.634177758694718485e-01,-2.460283383426362935e-01,-3.087161872048089228e-01,-1.021897810218977964e-01,-1.653069987118934922e-02,-3.434950622584799496e-02,-2.191927866036925410e-01,-2.035208243881494183e-01,9.703735508802059651e-02,1.077715757835980975e-01,1.112065264061828929e-01,2.271361099184198984e-01,-2.382996994418205144e-02,-4.036066981537139720e-02,-1.335337054529840972e-01,-1.455560326320308739e-01,1.857020180334907622e-01,1.711034778875053508e-01,2.954057535422928149e-01,3.037784456848432457e-01,6.462000858737654285e-02,1.346071275225418362e-01,-4.143409188492915007e-02,-4.658651781880634307e-02,-1.917131816230141228e-01,-9.982825246887074011e-02,-2.501073422069557406e-01,8.909403177329323908e-02,3.935165306998711365e-01,4.263632460283382497e-01,3.632460283383426303e-01,4.446114212108200348e-01,2.419493344783168187e-01,1.790468012022326805e-01,3.980249033920136292e-01,3.735508802060969469e-01,2.005152425933876825e-01,2.327179046801201856e-01,1.534993559467582591e-01,1.206526406182911043e-01,-1.234435379991412340e-01,-2.651352511807642531e-01,-4.894804637183339246e-02,-6.204379562043794982e-02,-3.005581794761700287e-01,-2.136109918419922260e-01,-1.421210820094460925e-01,3.842851009016744895e-02,-2.217689995706311479e-01,-9.038213825676254254e-02,-8.501502790897379203e-02,2.206955775010734089e-01,-4.272219836839844659e-02,1.082009446114211848e-01,-1.051953628166595045e-02,-1.176470588235293963e-01,-6.526406182911119458e-02,-2.318591670244739972e-02,-2.919708029197080196e-02,-1.565049377415199394e-01,7.513954486904250198e-03,-1.298840704164877513e-01,-1.831258050665521275e-01,-1.953628166595104687e-01,-2.166165736367539618e-01,5.817947617003004640e-02,-1.386861313868613110e-01,-1.120652640618290952e-01,-2.440961786174323522e-01,-3.265349935594675235e-01,-1.376127093173035443e-01,4.851867754401029825e-02,-2.900386431945040644e-01,-3.097896092743666063e-01,-1.389008158007728477e-01,1.122799484757406457e-01,-3.241734650064404671e-02,6.182911120652639231e-02,2.662086732503219921e-01,-5.259768140832974531e-02,-1.526406182911120291e-01,-1.238729068269643491e-01,-8.372692142550450245e-02,-9.961356805495920341e-02,-2.033061399742378539e-01,-2.726492056676684816e-01,-2.803778445684843024e-01,-3.231000429368827143e-01,-3.400601116358951681e-01,-3.531558608844997393e-01,-9.660798626019749535e-02,-7.084585659081149914e-03,-3.263203091455559868e-01,-2.267067410905967972e-01,-8.501502790897379203e-02,-1.545727780163159808e-02,-4.401030485186775004e-02,-9.854014598540145053e-02,-1.006869901245169424e-01,1.395448690425074856e-01,1.472735079433233063e-01,2.382996994418205144e-02
2.073851438385573009e-01,1.614426792614855888e-01,2.760841562902532909e-01,2.086732503220265766e-01,4.620008587376555620e-01,3.945899527694288755e-01,3.065693430656933893e-01,8.844997853155860124e-02,1.000000000000000000e+00,3.503649635036495957e-01,7.170459424645769797e-02,1.526406182911120291e-01,1.565049377415199394e-01,-3.027050236152855137e-02,3.175182481751824271e-01,2.172606268784885719e-01,-7.814512666380420136e-02,-9.188492915414339657e-02,1.534993559467582591e-01,6.998711893516529337e-02,-5.796479175611849929e-03,-1.202232717904679928e-02,1.537140403606697958e-01,1.502790897380850144e-01,5.302705023615285063e-01,4.293688278230999855e-01,4.755259768140832621e-01,3.731215113782739290e-01,5.839416058394160391e-02,1.691713181623014095e-01,5.259768140832974531e-02,1.084156290253327354e-01,1.494203520824387843e-01,2.337913267496779246e-01,1.165736367539716573e-01,9.124087591240875872e-02,-2.088879347359381411e-01,-1.266638042078144927e-02,-1.741090596822670311e-01,-9.939888364104765284e-02,-8.480034349506224145e-02,-5.517389437526835222e-02,-6.805495920996135206e-02,-9.231429798196649772e-02,-5.238299699441819474e-02,-2.340060111635894682e-02,-9.252898239587804829e-02,-5.238299699441819474e-02,8.587376556461999433e-02,6.784027479604980149e-02,-1.043366251610132883e-01,-9.360240446543578730e-02,-2.569772434521253035e-01,-1.442679261485615982e-01,-1.848432803778445599e-01,-2.526835551738943475e-01,9.016745384285099196e-02,1.118505796479175446e-01,1.515671962215542901e-01,1.225848003434950456e-01,1.017604121940747092e-01,6.676685272649204861e-02,5.002146844139114534e-02,1.610133104336624807e-02,7.986260197509659209e-02,8.544439673679689318e-02,3.885787891799055010e-02,-6.054100472305710273e-02,-2.382996994418205144e-02,2.919708029197080196e-02,1.902103907256333104e-01,1.893516530699871081e-01,5.925289823958779928e-02,-9.124087591240875872e-02,-8.222413052812364842e-02,-5.388578789179904877e-02,-6.504937741519964400e-02,1.545727780163159808e-02,7.320738514383855200e-02,9.811077715757834938e-02,-1.550021468441390993e-01,-7.685702018033489791e-02,-3.628166595105195014e-02,7.191927866036924855e-02,-7.707170459424644848e-02,-4.250751395448689601e-02,-9.295835122370114945e-02,-9.596393301846284363e-02,-1.311721768999570548e-01,9.660798626019749882e-03,-1.543580936024044614e-01,-8.716187204808929778e-02,-7.170459424645769797e-02,-7.750107342206954963e-02,-7.513954486904250198e-03,2.597681408329754679e-02,-7.685702018033489791e-02,-1.584370974667239085e-01,-1.522112494632889279e-01,-1.502790897380850144e-01,-1.880635465865177769e-01,-1.899957063117217460e-01,-1.455560326320308739e-01,-1.324602833834263582e-01,-1.159295835122369916e-01,-6.633748389866894746e-02,-8.802060970373550008e-02,5.066552168312579707e-02,-1.477028767711464075e-01,5.109489051094889822e-02,-2.183340489480463387e-01,-2.329325890940317501e-01,-6.247316444826105097e-02,-9.016745384285099890e-03,6.869901245169600205e-03,5.088020609703735458e-02
-1.288106483469299984e-02,-1.116358952340059940e-01,-5.152425933877199937e-03,3.439244310863031062e-01,3.761270931730355538e-01,4.396736796908544131e-01,2.580506655216830980e-01,2.606268784886217049e-01,3.503649635036495957e-01,1.000000000000000000e+00,-1.288106483469299984e-02,-1.084156290253327354e-01,-1.996565049377414802e-02,-1.268784886217260433e-01,3.885787891799055010e-02,2.623443537999141095e-01,-1.811936453413482140e-01,-3.641047659939888326e-01,3.928724774581365126e-02,-7.299270072992700489e-03,-3.971661657363674547e-02,-4.293688278231000128e-04,2.614856161442678517e-01,3.061399742378702604e-01,3.417775869471875727e-01,3.864319450407899814e-01,2.329325890940317501e-01,2.245598969514812915e-01,1.674538428510089980e-02,-5.152425933877199937e-03,1.801202232717904472e-01,1.457707170459424384e-01,2.284242164018892018e-01,4.892657793044224435e-01,1.728209531987977554e-01,1.968656075568913366e-01,-1.741090596822670311e-01,7.063117217689994509e-02,-1.311721768999570548e-01,1.410476599398883535e-01,-9.725203950193214708e-02,1.221554315156719445e-01,1.148561614426792388e-01,1.829111206526405908e-01,7.428080721339629100e-02,1.672391584370974404e-01,7.492486045513095660e-02,6.225848003434950040e-02,1.258050665521683043e-01,1.361099184199227041e-01,-1.575783598110777062e-01,3.349076857020179959e-02,-2.668527264920566577e-01,-4.765993988836410289e-02,-1.346071275225418362e-01,-2.024474023185916516e-01,-1.296693860025761869e-01,-2.161872048089308607e-01,3.220266208673249614e-02,-3.413482181193645132e-02,-3.091455560326319615e-02,1.350364963503649651e-01,-1.934306569343065552e-01,-1.925719192786603529e-01,7.213396307428079912e-02,2.782310004293688244e-01,5.474452554744525107e-02,1.408329755259767890e-01,-1.079862601975096481e-01,-8.200944611421209784e-02,1.227994847574065962e-01,1.854873336195791977e-01,1.309574924860454903e-01,-1.932159725203949760e-03,1.058394160583941562e-01,-1.738943752683555152e-02,4.508372692142549945e-03,4.980678402747960171e-02,-1.028338342636324482e-01,1.346071275225418362e-01,-2.473164448261055692e-01,-2.344353799914125902e-01,-1.930012881064834540e-01,-1.438385573207384867e-02,-2.213396307428080190e-01,1.404036066981536879e-01,-1.912838127951910216e-01,-1.328896522112494594e-01,-2.342206955775010258e-01,1.715328467153284520e-01,-1.788321167883211438e-01,3.048518677544009847e-02,-1.305281236582223892e-01,6.032632030914555216e-02,-6.805495920996135206e-02,-2.683555173894374909e-02,-1.352511807642765018e-01,-9.231429798196649772e-02,-1.384714469729497466e-01,-1.017604121940747092e-01,-2.206955775010734089e-01,1.653069987118934922e-02,-1.421210820094460925e-01,-2.039501932159724917e-02,-7.342206955775010258e-02,2.082438814942035032e-02,-1.863460712752253723e-01,1.142121082009446009e-01,-5.839416058394160391e-02,3.649635036496350071e-02,-1.320309145556032571e-01,-1.101331043366251539e-01,-3.649635036496350245e-03,1.296693860025761869e-01,3.005581794761700079e-02,-7.277801631601543697e-02
3.284671532846714648e-01,5.581794761700299701e-02,1.318162301416916926e-01,8.630313439244309548e-02,1.382567625590381821e-01,4.894804637183339246e-02,3.005581794761700079e-02,-2.271361099184198984e-01,7.170459424645769797e-02,-1.288106483469299984e-02,1.000000000000000000e+00,2.217689995706311479e-01,2.698583082868183380e-01,7.707170459424644848e-02,1.002576212966938413e-01,1.296693860025761869e-01,2.194074710176041054e-01,-8.544439673679689318e-02,1.655216831258050358e-01,1.343924431086302995e-01,1.869901245169600379e-01,6.225848003434950040e-02,-3.778445684843279723e-02,-1.331043366251609926e-02,1.399742378703305867e-01,1.163589523400600928e-01,1.423357664233576569e-01,1.369686560755689064e-01,1.318162301416916926e-01,9.102619149849720814e-02,3.155860884499785135e-02,-3.413482181193645132e-02,-4.508372692142549598e-02,-8.651781880635464606e-02,-1.187204808930871491e-01,-1.019750966079862597e-01,-5.088020609703735458e-02,-6.590811507084584631e-02,2.790897380850149677e-03,-1.502790897380849909e-03,4.272219836839844659e-02,-2.320738514383855478e-01,-2.200515242593387433e-01,-2.142550450837268916e-01,-2.851009016745383873e-01,-2.350794332331472281e-01,-1.453413482181193372e-01,-3.606698153714039956e-02,-2.503220266208672773e-01,-1.438385573207384971e-01,-1.382567625590381821e-01,-5.281236582224130283e-02,-1.646629454701588613e-01,5.066552168312579707e-02,-3.842851009016744895e-02,1.032632030914555493e-01,1.627307857449548922e-01,7.234864748819234970e-02,1.859167024474022989e-01,9.596393301846284363e-02,2.486045513095749004e-01,1.509231429798196522e-01,3.746243022756547414e-01,1.771146414770287392e-01,6.998711893516529337e-02,-6.869901245169598991e-02,-6.225848003434950213e-03,-3.091455560326319615e-02,6.504937741519964400e-02,1.511378273937311889e-01,8.501502790897379203e-02,5.023615285530269592e-02,-1.717475311292399748e-02,-1.281665951051953467e-01,2.812365822241304561e-02,1.137827393731215102e-02,5.603263203091454758e-02,9.446114212108200348e-02,1.303134392443108525e-01,4.014598540145984662e-02,6.698153714040359918e-02,1.026191498497208976e-01,-1.006869901245169424e-01,1.324602833834263582e-01,8.480034349506224145e-02,1.640188922284241957e-01,-7.793044224989265079e-02,4.529841133533705350e-02,-9.167024474023184599e-02,7.449549162730784158e-02,-2.453842851009016557e-01,1.073422069557749929e-02,-2.747960498067839596e-01,8.050665521683125769e-02,-2.468870759982825028e-02,-1.234435379991412340e-01,-4.808930871618719710e-02,4.723057106054099653e-03,3.069987118935164905e-02,1.026191498497208976e-01,-1.030485186775439987e-02,1.127093173035637608e-01,5.581794761700299354e-03,1.328896522112494594e-01,-6.698153714040359918e-02,5.474452554744525107e-02,6.397595534564190500e-02,5.452984113353370049e-02,7.299270072992700142e-02,6.011163589523400158e-02,1.824817518248175036e-02,1.932159725203949760e-03,1.006869901245169424e-01,-4.637183340489479944e-02,-1.425504508372691936e-01,-1.839845427221983298e-01
4.003864319450406994e-01,3.935165306998711365e-01,1.646629454701588613e-01,1.996565049377414802e-02,5.946758265349934292e-02,5.088020609703735458e-02,1.320309145556032571e-01,-4.830399313009874768e-02,1.526406182911120291e-01,-1.084156290253327354e-01,2.217689995706311479e-01,1.000000000000000000e+00,2.018033490768569860e-01,2.095319879776727789e-01,1.610133104336625154e-01,7.535422928295404388e-02,9.338772005152423672e-02,4.701588664662944422e-02,2.365822241305280960e-01,2.896092743666809355e-01,3.864319450407899519e-03,-5.560326320309144643e-02,-6.891369686560754049e-02,-2.039501932159724917e-02,1.251610133104336386e-01,7.406612279948474042e-02,1.605839416058393865e-01,1.097037355088020527e-01,3.241734650064404671e-02,1.865607556891369645e-01,9.446114212108199307e-03,-2.576212966938599969e-02,-1.328896522112494594e-01,-1.159295835122369916e-01,-2.095319879776727789e-01,-2.988407041648775686e-01,-1.519965650493773912e-01,-1.846285959639330093e-02,-1.373980249033920041e-02,-4.422498926577930062e-02,-7.900386431945040366e-02,-9.188492915414339657e-02,-1.421210820094460925e-01,-1.462000858737655395e-01,-2.067410905968226353e-01,-2.030914555603262617e-01,-1.163589523400600928e-01,-9.381708887934733787e-02,-6.290253327608415213e-02,-7.492486045513095660e-02,-5.560326320309144643e-02,-8.737655646200084836e-02,-1.167883211678832078e-01,-3.499355946758264668e-02,-9.446114212108200348e-02,-1.975096607986260092e-02,3.462859596393301764e-01,3.151567196221554124e-01,1.066981537140403447e-01,2.245598969514812915e-01,1.917131816230141228e-01,1.361099184199227041e-01,3.327608415629024763e-01,3.589523400601115632e-01,-1.182911120652640480e-01,-1.500644053241734499e-01,-2.674967797337912678e-01,-3.183769858308286294e-01,1.670244740231859037e-01,2.037355088020609273e-01,-2.468870759982825028e-02,-2.146844139115500064e-04,-1.281665951051953467e-01,-1.507084585659080878e-01,-3.177329325890939499e-02,6.998711893516529337e-02,-2.146844139115499858e-02,-2.168312580506654569e-02,-1.717475311292399748e-02,8.200944611421209784e-02,8.909403177329323908e-02,1.805495920996135484e-01,6.097037355088019694e-02,8.415629025332760360e-02,4.937741519965650056e-02,3.928724774581365126e-02,1.803349076857019978e-02,-2.060970373550879975e-02,-6.955775010734220609e-02,-4.293688278230999369e-03,-8.630313439244309548e-02,-9.682267067410904593e-02,-4.873336195792184189e-02,-1.279519106912838100e-01,-3.563761270931729841e-02,-9.446114212108199307e-03,-2.254186346071274799e-02,-3.499355946758264668e-02,2.361528553027050087e-02,-3.628166595105195014e-02,-5.431515671962214298e-02,-3.048518677544009847e-02,-4.830399313009874768e-02,-7.986260197509659209e-02,-3.542292829540574783e-02,-2.533276084156289853e-02,-1.438385573207384867e-02,-6.719622155431514976e-02,-4.572778016316014771e-02,6.655216831258049630e-03,-1.026191498497208976e-01,-1.408329755259767890e-01,-5.452984113353370049e-02,-1.470588235294117418e-01,-1.341777586947187351e-01,-2.224130528123657857e-01
2.045942464577071296e-01,5.775010734220694525e-02,1.826964362387290264e-01,4.916273078574494998e-02,2.640618291112065141e-02,-4.100472305710604892e-02,1.741090596822670311e-01,-1.266638042078144927e-02,1.565049377415199394e-01,-1.996565049377414802e-02,2.698583082868183380e-01,2.018033490768569860e-01,1.000000000000000000e+00,3.254615714899097845e-01,2.065264061829110986e-01,1.200085873765564387e-01,-8.394160583941605303e-02,-4.508372692142549945e-03,1.322455989695147938e-01,3.628166595105195014e-02,-8.802060970373550008e-02,-2.539716616573636232e-01,6.204379562043794982e-02,2.554744525547444911e-02,-1.653069987118934922e-02,-2.941176470588234906e-02,8.844997853155860124e-02,5.796479175611849929e-03,-8.802060970373549315e-03,8.372692142550449898e-03,-1.846285959639329954e-01,-2.164018892228423696e-01,-2.382996994418205144e-02,-1.133533705452983986e-01,7.642765135251179676e-02,-4.808930871618719710e-02,-2.159725203950192962e-01,-1.039072563331901872e-01,-1.176470588235293963e-01,-5.452984113353370049e-02,-2.520395019321596819e-01,-2.670674109059681944e-01,-1.545727780163159808e-02,-9.381708887934733787e-02,-1.921425504508372517e-01,-1.687419493344783084e-01,-1.627307857449548922e-01,-1.711034778875053508e-01,-7.406612279948474042e-02,2.769428939458994793e-02,1.352511807642764810e-02,8.093602404465434497e-02,-1.030485186775439987e-02,1.805495920996135484e-01,-8.930871618720478966e-02,5.023615285530269592e-02,9.982825246887074011e-02,3.434950622584799496e-02,3.928724774581365126e-02,2.962644911979389964e-02,2.891799055388578621e-01,4.336625161013309138e-02,2.202662086732503077e-01,9.531987977672820578e-02,1.389008158007728477e-01,9.896951481322455169e-02,5.152425933877199937e-02,-8.093602404465434497e-02,-6.440532417346499922e-03,-4.315156719622154774e-02,3.756977243452125359e-02,-2.361528553027049827e-03,-1.264491197939029421e-01,-2.292829540575354041e-01,8.587376556462000257e-04,-4.894804637183339246e-02,-3.864319450407899953e-02,-3.370545298411334323e-02,-5.281236582224130283e-02,5.581794761700299701e-02,7.513954486904250198e-03,1.221554315156719445e-01,1.343924431086302995e-01,8.158007728638899669e-02,2.451696006869900912e-01,1.908544439673679205e-01,-4.637183340489479944e-02,7.213396307428079912e-02,-4.808930871618719710e-02,1.232288535852296835e-01,-1.691713181623014095e-01,8.866466294547015181e-02,4.079003864319449661e-03,7.771575783598110021e-02,6.526406182911119458e-02,-1.288106483469299846e-01,-1.953628166595105034e-02,-1.951481322455989598e-01,-1.910691283812794850e-01,-1.487762988407041465e-01,-1.878488621726062402e-01,-3.134392443108630077e-02,-1.711034778875053508e-01,-1.069128381279518952e-01,-1.607986260197509509e-01,-5.538857878917989586e-02,-1.552168312580506360e-01,5.045083726921424649e-02,-1.766852726492056380e-01,4.443967367969085119e-02,-1.399742378703305867e-01,-1.863460712752253723e-01,-8.844997853155860124e-02,-7.063117217689994509e-02,2.640618291112065141e-02,-1.760412194074709863e-02
