0.000000000000000000e+00,3.520149176421837334e-01,3.507717807935356591e-01,1.157153216616595703e-01,-9.903656894229771745e-02,-2.070858800372940844e-01,3.666217756137987727e-01,1.434787112814668864e-01,-1.652336061328084360e-01,-2.264580959287267881e-01,1.490728271003833039e-01,4.402776338961979924e-02,1.375738112503884780e-01,6.433233191753857938e-02,-1.206878690562519368e-01,-1.921682378535170266e-01,-1.485548534134465692e-01,-1.423391691702061423e-01,4.643116129700611272e-01,4.169688179840463915e-01,-2.026313063296384387e-01,-1.436859007562415746e-01,2.382678959908836602e-01,1.828447114886563585e-01,-2.672744224593390575e-02,-8.380814254635864102e-02,-1.178908111467937281e-01,-9.717186366932559216e-02,-1.663731482440691800e-01,-3.102662384750854430e-01,1.151973479747228635e-01,1.147829690251735146e-01,3.930384336475706841e-01,2.973168963016678545e-01,4.164508442971096708e-02,-6.008494768465761499e-02,-2.663420698228530226e-01,-3.065368279291412201e-01,1.139542111260747909e-03,-6.205324769501708443e-02,-9.737905314410026658e-02,-2.594012224179011450e-01,-1.346731586035429251e-01,-1.305293691080492979e-01,-3.315031596394902441e-02,-2.786698435719465322e-02,-1.034911426499533771e-01,-1.371594323008391292e-01,-2.993887910494146681e-02,-9.592872682067749013e-02,5.832383714907281996e-02,-8.121827411167512056e-02,9.551434787112814129e-02,6.547187402879933726e-02,2.486273697296177004e-02,-1.597430850512793765e-01,5.095825132083289244e-01,3.575054387237128206e-01,2.205531958976483797e-01,2.107116958458510048e-01,2.668600435097897017e-01,5.718429503781207596e-02,2.393038433647570393e-02,-1.166476742981456399e-01,-9.737905314410027352e-03,-2.154770537656686691e-01,1.312545322697606931e-01,2.279084222521495645e-02,5.126903553299491101e-01,4.613073655858281885e-01,-2.071894747746814405e-04,-2.455195276079975147e-02,-1.062882005594115858e-01,-2.212783590593597749e-01,-5.231534238060706055e-02,-2.447943644462861057e-01,-1.219310059049000250e-01,-2.422044960116025714e-01,-9.509996892157877857e-02,-1.017300321143685821e-01,-4.123070548016160436e-02,-2.154770537656686691e-01,-1.489692323629959736e-01,-2.172381643012534780e-01,-1.075313374080596601e-01,-7.489899513104733564e-02,7.251631617113850174e-03,-7.707448461618149338e-02,1.211022480058012857e-01,8.391173728374598517e-03,-3.064332331917538621e-01,-2.303946959494457269e-01,-2.292551538381850107e-01,-3.382368175696674473e-01,-2.573293276701543175e-01,-2.552574329224074901e-01,-2.776338961980731046e-01,-2.783590593597844998e-01,-3.059152595048171830e-01,-2.336061328084532984e-01,-3.056044752926551089e-02,-1.218274111675126808e-01,-4.868952657205013329e-02,-8.442971097068269204e-02,-9.002382678959908180e-02,-1.401636796850719846e-01,-4.558168445042991290e-02,-2.475914223557442936e-02,-6.661141614006008127e-02,-2.001450326323422624e-01,-1.225525743292240621e-01,-2.023205221174764201e-01,-2.065679063503573776e-01,-1.182015953589557744e-01,-2.631306329638454233e-01,-2.421009012742152688e-01
3.520149176421837334e-01,0.000000000000000000e+00,2.769087330363617094e-01,4.162436548223349964e-01,-7.448461618149798680e-02,-9.344245312338132770e-02,2.370247591422355860e-01,4.179011706205324472e-01,-1.703097482647881467e-01,-1.604682482129907717e-01,-8.909147415311301915e-03,3.917952967989225543e-01,-1.322904796436340791e-01,2.078110431990054519e-01,-2.324665906971925822e-01,-2.171345695638661477e-01,-1.378845954625504966e-01,7.469180565627266122e-02,3.962498705065782278e-01,5.098932974204909430e-01,-1.499015849994820293e-01,-1.814979799026209262e-01,2.793950067336579135e-01,3.130632963845436101e-01,8.235781622293587845e-02,-1.823267378017196655e-02,-8.733036361752821719e-02,-1.177872164094063839e-01,-1.668911219310058869e-01,-1.814979799026209262e-01,2.230394695949445560e-01,2.360924065057495025e-01,2.793950067336579135e-01,3.966642494561276044e-01,-5.418004765357919972e-02,-1.194447322076038487e-01,-2.569149487206049409e-01,-3.364757070340826384e-01,-1.763182430332538853e-01,2.714182119548326846e-02,-9.634310577022686672e-03,-1.851237957111778742e-01,-2.437584170724126920e-01,-2.711074277426706591e-01,-1.753858903967678295e-01,-1.454470112918263835e-01,-1.924790220656790729e-01,-2.754584067129389746e-01,-1.096032321558064737e-01,-1.426499533823681609e-01,-2.838495804413135662e-02,-1.078421216202216787e-01,5.355847922925514870e-02,7.489899513104733564e-02,-1.217238164301253228e-01,-1.604682482129907717e-01,2.378535170413342836e-01,5.515383818502019864e-01,1.160261058738215958e-02,2.110224800580130233e-01,-2.206567906350357169e-02,4.299181601574639244e-02,-1.866777167719879671e-01,6.081011084636899627e-02,-8.360095307158395272e-02,-6.122448979591836593e-02,4.102351600538692300e-02,4.506371076349320604e-02,3.899305915259504429e-01,4.222521495908007627e-01,1.346731586035429269e-03,-3.936600020718947560e-03,-1.816015746400082842e-01,-1.973479747228840675e-01,-9.509996892157877857e-02,-2.747332435512275794e-01,-1.864705272972132788e-01,-1.366414586139023946e-01,-2.456231223453848589e-01,-1.753858903967678295e-01,-2.669636382471770597e-01,-1.635760903346109851e-01,-2.093649642598156002e-01,-2.981456542007666077e-01,-2.099865326841396374e-01,-9.758624261887495488e-02,-4.402776338961979924e-02,-1.577747850409199071e-01,-2.610587382160986167e-02,-8.038951621257639513e-02,-2.298767222625090478e-01,-3.450740702372319113e-01,-1.858489588728892417e-01,-2.908940225836527671e-01,-2.974204910390552126e-01,-7.034082668600434574e-02,-3.048793121309437137e-01,-3.232155806485030314e-01,-2.604371697917745587e-01,-4.048482337097275008e-01,-1.379881901999378269e-01,-1.851237957111778742e-01,-4.589246866259193147e-02,-9.924375841707240575e-02,-8.183984253599915770e-02,-1.566352429296591631e-01,-2.952450015539210409e-02,-8.805552677923959848e-02,-1.288718533098518471e-01,-2.406505749507924785e-01,-3.221796332746296176e-01,-3.505645913187609430e-01,-3.032217963327462629e-01,-2.229358748575572258e-01,-3.347145964984978295e-01,-6.422873718015123523e-02
3.507717807935356591e-01,2.769087330363617094e-01,0.000000000000000000e+00,4.471148865637625258e-01,1.343623743913809065e-01,2.506992644773645487e-02,6.878690562519422791e-01,4.062985600331502911e-01,6.402154770537656081e-02,2.911012120584274485e-02,1.514555060602921222e-01,1.636796850719983154e-01,1.666839324562311986e-01,2.102973168963016559e-01,3.045685279187817021e-02,-1.243136848648088589e-03,-2.947270278669843480e-01,-1.088780689940950924e-01,5.841707241272142692e-01,4.243240443385475902e-01,-1.747643219724437924e-01,-9.572153734590281571e-02,6.943955247073448911e-01,5.461514555060602572e-01,1.113643426913912687e-01,6.049932663420697770e-02,5.169377395628301647e-02,5.894540557339686404e-02,-2.048067958147725964e-01,-2.148554853413446319e-01,4.041230705480161056e-01,3.490106702579508502e-01,1.561172692427224562e-01,2.050139852895472847e-01,-8.774474256707757991e-02,-2.054283642390966336e-01,-1.614006008494768551e-01,-3.700404019475810324e-01,-3.522221071169584408e-03,3.294312648917434305e-02,-2.385786802030456788e-01,-1.894747746814461620e-01,-1.958976483994612772e-01,-2.180669222003522034e-01,-1.932041852273904403e-01,-2.310162643737697641e-01,-2.297731275251217176e-01,-2.195172485237749660e-01,-1.143685900756241519e-01,-2.141303221796332645e-01,-1.021444110639179448e-01,-1.078421216202216787e-01,3.056044752926551089e-02,5.790945819952345724e-02,1.730032114368590043e-02,-1.231741427535480993e-01,9.841500051797368032e-02,1.549777271314617122e-01,-1.564280534548844748e-01,-7.759245830311820025e-02,-1.192375427328291604e-01,-1.751787009219931412e-01,-1.547705376566870239e-01,-2.400290065264684414e-01,-2.319486170102558475e-01,-3.152387858696777956e-01,-1.060810110846368975e-01,-1.973479747228840675e-01,1.328084533305707859e-01,1.966228115611727001e-01,-1.667875271936185635e-02,8.287578990987257621e-04,-9.934735315445974990e-02,-1.053558479229255024e-01,-1.340515901792188880e-01,-2.216927380089091237e-01,-3.232155806485030314e-01,-3.550191650264166165e-01,-6.184605822024240307e-02,-1.163368900859836214e-01,-1.801512483165854939e-01,-2.673780171967263808e-01,-2.246969853931420069e-01,-2.245933906557546766e-01,-1.617113850616388737e-01,-2.030456852791877875e-01,-3.180358437791359905e-02,-2.993887910494146681e-02,7.666010566663213760e-03,6.837252667564487456e-03,-1.598466797886667068e-01,-1.592251113643426697e-01,-1.305293691080492979e-01,-2.656169066611415719e-01,-3.415518491660623490e-01,-2.582616803066404287e-01,-3.595773334714595926e-01,-3.855796125556821830e-01,-2.121620221692737951e-01,-2.966953278773437619e-01,-1.323940743810214093e-01,-2.807417383196933458e-02,-1.726924272246969927e-01,-1.597430850512793765e-01,-1.002797057909458195e-01,-1.638868745467730037e-01,1.709313166891121907e-02,-3.460064228737180086e-02,-7.500258986843467979e-02,-2.874753962498704518e-01,-1.125038848026520266e-01,-2.148554853413446319e-01,-2.530819434372733601e-01,-1.993162747332435369e-01,-3.204185227390448087e-01,-1.790117062053247499e-01
1.157153216616595703e-01,4.162436548223349964e-01,4.471148865637625258e-01,0.000000000000000000e+00,9.737905314410027352e-03,7.241272143375115933e-02,3.158603542940018327e-01,6.995752615767117932e-01,-3.097482647881487361e-02,3.978037915673883484e-02,1.253496322386822744e-02,3.011499015849994354e-01,-9.323526364860663940e-02,2.089505853102662236e-01,-6.661141614006008127e-02,-5.977416347249558948e-02,-2.183777064125142220e-01,-1.180980006215684268e-02,4.110639179529679832e-01,5.162125764011188389e-01,-7.023723194861700159e-02,-7.779964777789287467e-02,5.113436237439137333e-01,6.637314824406920222e-01,1.089816637314824366e-01,4.817155288511343336e-02,-6.630063192789804882e-02,-5.822024241168548969e-02,-1.549777271314617122e-01,-1.068061742463482788e-01,3.441417176007458556e-01,4.508442971097068042e-01,5.241893711799440470e-02,2.451051486584481243e-01,-2.973168963016678545e-01,-3.542940018647052769e-01,-9.168134258779653267e-02,-1.834662799129803956e-01,4.402776338961979924e-02,1.080493110949963670e-01,-2.341241064953900053e-02,-5.863462136123483853e-02,-2.929659173313995391e-01,-3.957318968196415487e-01,-3.702475914223557485e-01,-3.392727649435408610e-01,-2.955557857660830456e-01,-3.843364757070340532e-01,-2.814669014814047410e-01,-3.402051175800269167e-01,-2.106081011084636745e-01,-2.695535066818605663e-01,1.885424220449601063e-02,-1.122966953278773383e-01,-4.164508442971096708e-02,-1.852273904485652045e-01,-9.105977416347249553e-02,1.016264373769812379e-01,-3.887910494146897267e-01,-1.355019165026416506e-01,-3.095410753133740478e-01,-1.218274111675126808e-01,-2.447943644462861057e-01,-5.283331606754376047e-02,-2.732829172278047891e-01,-8.349735833419660858e-02,-3.193825753651713950e-01,-2.875789909872578098e-01,1.020408163265306006e-01,9.768983735626228515e-02,2.859214751890603798e-02,2.372319486170102257e-02,-1.497979902620946713e-01,-1.580855692530819256e-01,-5.045063710763492831e-02,-2.236610380192685932e-01,-2.392002486273697159e-01,-2.179633274629648731e-01,-1.355019165026416506e-01,-1.943437273386511843e-01,-2.475914223557443006e-01,-2.049103905521599545e-01,-1.804620325287475402e-01,-1.523878586967781779e-01,-1.864705272972132788e-01,-2.168237853517041291e-01,-1.761110535584792247e-02,-9.551434787112814129e-02,4.837874235988811472e-02,-8.795193204185226821e-02,-2.134051590179218694e-02,-1.657515798197451429e-01,-1.481404744638972412e-02,-1.847094167616284976e-01,-2.202424116854863612e-01,3.978037915673883484e-02,-2.189992748368382591e-01,-2.878897751994198284e-01,-1.925826168030664032e-01,-3.011499015849994354e-01,-1.496943955247073410e-01,-9.945094789184708017e-02,-1.696881798404641095e-01,-1.718636693255982395e-01,-2.351600538692634121e-02,-8.753755309230290549e-02,4.081632653061224164e-02,-5.811664767429814554e-02,-6.661141614006008127e-02,-1.839842535999171025e-01,-3.794675230498290586e-01,-2.458303118201595194e-01,-2.413757381125038737e-01,-2.329845643841292613e-01,-2.109188853206256931e-01,3.822645809592872812e-02
-9.903656894229771745e-02,-7.448461618149798680e-02,1.343623743913809065e-01,9.737905314410027352e-03,0.000000000000000000e+00,5.171449290376048946e-01,1.798404641044234753e-01,5.531958976483994372e-02,6.045788873925204143e-01,5.754687661866776383e-01,1.924790220656790729e-01,1.918574536413549803e-01,2.097793432093649491e-01,3.120273490106701963e-01,4.759142235574432833e-01,4.545737076556510270e-01,-2.848855278151869730e-02,1.184087848337304349e-01,2.382678959908836065e-03,-8.432611623329534789e-02,1.074277426706723160e-01,2.105045063710763442e-01,1.998342484201802161e-01,1.009012742152698566e-01,3.782243862011809843e-01,4.435926654925929635e-01,5.336164922821921008e-01,5.704962187920853411e-01,7.365585828239924748e-02,2.442763907593494266e-01,3.498394281570496034e-01,2.551538381850201875e-01,-4.382057391484511788e-02,-3.138920542836423633e-02,-1.641976587589350223e-01,-1.155081321868848820e-01,-1.823267378017196516e-01,-2.071894747746814405e-04,-1.002797057909458195e-01,-1.533202113332642613e-01,-4.879312130943747744e-02,-5.977416347249558948e-02,-1.793224904174867684e-01,-1.022480058013052889e-01,-2.052211747643219730e-01,-2.051175800269346150e-01,-2.053247695017093033e-01,-1.005904900031078381e-01,-1.626437376981249294e-01,-9.271728996166994641e-02,-2.061535274008080287e-01,-7.655651092924480039e-02,-2.089505853102662236e-01,-7.427742670672328462e-02,-1.517662902724541407e-01,-1.244172796021962152e-01,-1.100176111053558364e-01,-8.246141096032320872e-02,-2.571221381953796570e-01,-1.867813115093752974e-01,-1.523878586967781779e-01,-1.776649746192893453e-01,1.595358955765046813e-02,2.020097379053143946e-02,-3.662073966642493961e-01,-8.795193204185226821e-02,-2.082254221485548562e-01,-1.482440692012845507e-01,-1.640940640215476920e-01,-1.067025795089609347e-01,3.382368175696674473e-01,2.904796436341033905e-01,2.170309748264788174e-01,2.603335750543872007e-01,8.142546358644979498e-02,1.543561587071376751e-01,-7.230912669636381518e-02,-3.574018439863254487e-02,-8.505127939500672918e-02,-2.558790013467315827e-02,-1.667875271936185635e-02,9.561794260851547156e-02,-9.851859525536102447e-02,5.262612659276908605e-02,-6.702579508960944399e-02,-1.027659794882419958e-01,-1.289754480472392051e-01,-2.289443696260229713e-02,-3.356469491349839407e-02,-7.417383196933594047e-02,-8.194343727338650185e-02,-3.201077385268828041e-02,-2.693463172070858537e-03,1.029731689630166702e-01,-1.047342794986014652e-01,-5.376566870402983006e-02,-5.335128975448046734e-02,2.092613695224282422e-02,6.982285299906763887e-02,-1.450326323422769948e-03,-9.737905314410026658e-02,6.433233191753857938e-02,-1.047342794986014652e-01,-5.221174764321972334e-02,2.900652646845540070e-02,3.169998964052626184e-02,-5.231534238060706055e-02,-8.598363203149278489e-02,-2.212783590593597749e-01,-7.241272143375115933e-02,9.862218999274836861e-02,-3.439345281259711951e-02,-1.515591007976794524e-01,-6.588625297834868610e-02,1.481404744638972412e-02,6.671501087744742542e-02
-2.070858800372940844e-01,-9.344245312338132770e-02,2.506992644773645487e-02,7.241272143375115933e-02,5.171449290376048946e-01,0.000000000000000000e+00,8.215062674816117627e-02,1.648192271832590872e-01,4.644152077074484297e-01,4.622397182223142442e-01,1.003833005283331636e-01,2.093649642598156002e-01,1.742463482855070855e-01,3.508753755309229616e-01,3.798819019993784352e-01,4.078524810939603840e-01,6.215684243240442511e-03,2.038744431782865130e-01,-5.842743188646016411e-02,-9.831140578058635004e-02,2.038744431782865130e-01,4.414171760074588335e-01,1.402672744224593149e-01,1.356055112400289808e-01,4.813011499015849570e-01,5.881073241479332081e-01,4.259815601367450411e-01,5.246037501294933403e-01,1.547705376566870239e-01,3.550191650264166165e-01,3.244587174971511057e-01,2.770123277737490675e-01,-2.548430539728581412e-02,1.843986325494664791e-02,-1.991090852584688486e-01,-1.143685900756241519e-01,-1.184087848337304349e-01,4.299181601574639244e-02,-7.572775303014606108e-02,-1.293898269967885539e-01,-2.631306329638454303e-02,2.589868434683517684e-02,-1.831554957008183770e-01,-1.313581270071480234e-01,-2.343312959701646936e-01,-2.058427431886460102e-01,-1.766290272454159316e-01,-1.147829690251735146e-01,-2.033564694913498061e-01,-1.147829690251735146e-01,-2.677923961462757574e-01,-1.280430954107531216e-01,-2.635450119133947444e-01,-1.514555060602921222e-01,-1.843986325494664791e-01,-1.160261058738216028e-01,-1.925826168030664032e-01,-1.691702061535274026e-01,-2.988708173624780029e-01,-2.204496011602610495e-01,-2.469698539314202357e-01,-7.811043199005489324e-02,9.323526364860663333e-04,1.183051900963431047e-01,-3.799854967367657377e-01,-2.755620014503263118e-02,-2.462446907697088960e-01,-1.727960219620843230e-01,-2.029420905418004573e-01,-2.195172485237749660e-01,3.629959598052418523e-01,3.643426913912772847e-01,2.498705065782657886e-01,4.044338547601781242e-01,1.322904796436340791e-01,1.876100694084740228e-01,1.937221589143271402e-02,8.867709520356364949e-02,2.071894747746814026e-03,-6.630063192789806097e-03,-3.356469491349839407e-02,1.473117165647984950e-01,-5.034704237024759110e-02,1.708277219517248258e-01,-1.785973272557754010e-01,-8.753755309230290549e-02,-9.717186366932559216e-02,-1.719672640629855975e-02,-1.571532166165958699e-01,-8.360095307158395272e-02,-2.652025277115922439e-02,-2.962809489277944824e-02,4.247384232880968731e-03,1.351911322904796320e-01,-2.548430539728581412e-02,7.127317932249041532e-02,1.118823163783279687e-02,9.582513208329015986e-02,2.662384750854656507e-02,4.661763182430332317e-03,-6.930487931213094588e-02,-2.258365275044027856e-02,-8.743395835491556134e-02,-8.919506889050035636e-02,1.647156324458717153e-02,-5.179736869367035064e-04,-6.816533720087018799e-02,-8.380814254635864102e-02,-1.809800062156842471e-01,4.247384232880969251e-02,5.438723712835387414e-02,-9.644670050761421087e-02,-1.870920957215373159e-01,-7.199834248420179661e-02,5.283331606754376047e-02,1.322904796436340791e-01
3.666217756137987727e-01,2.370247591422355860e-01,6.878690562519422791e-01,3.158603542940018327e-01,1.798404641044234753e-01,8.215062674816117627e-02,0.000000000000000000e+00,4.186263337822438424e-01,1.629545219102869480e-01,8.432611623329534789e-02,2.230394695949445560e-01,1.894747746814461620e-01,3.418626333782243676e-01,3.032217963327462629e-01,1.633689008598362968e-01,1.163368900859836214e-01,-2.722469698539313754e-01,-7.127317932249041532e-02,4.968403605096861075e-01,3.268413964570599517e-01,-1.595358955765046882e-01,-4.091992126799957885e-02,6.493318139438516434e-01,4.743603024966331905e-01,1.672019061431679054e-01,1.221381953796747133e-01,8.888428467833833779e-02,8.370454780897129687e-02,-1.756966746089298481e-01,-1.192375427328291604e-01,4.560240339790738173e-01,3.920024862736972149e-01,2.210711695845850866e-01,2.287371801512483038e-01,-8.515487413239407333e-02,-1.491764218377706341e-01,-2.918263752201388228e-01,-3.560551124002900303e-01,-1.792188956800994451e-02,-7.386304775717392190e-02,-2.409613591629544971e-01,-2.160986221899927340e-01,-2.335025380710659959e-01,-2.208639801098104261e-01,-2.096757484719776188e-01,-2.503884802652025510e-01,-2.945198383922096319e-01,-2.175489485134154966e-01,-1.706205324769501652e-01,-2.463482855070961985e-01,-2.031492800165751456e-01,-1.833626851755930653e-01,-1.176836216720190537e-01,-2.589868434683517684e-02,-1.015228426395938938e-01,-2.345384854449393541e-01,1.242100901274215269e-01,1.353983217652543203e-01,-1.196519216823785092e-01,-7.976794778825234411e-02,-4.537449497565523154e-02,-1.684450429918160075e-01,-8.297938464725991559e-02,-1.839842535999171025e-01,-2.635450119133947444e-01,-2.627162540142960467e-01,-7.821402672744223739e-02,-1.417176007458821052e-01,1.254532269760696150e-01,1.753858903967678295e-01,1.044234952864394467e-01,9.230291101212058369e-02,-3.004247384232880749e-02,-5.594115818916398433e-03,-3.677613177250595167e-02,-1.432715218066921981e-01,-2.162022169273800920e-01,-3.010463068476121329e-01,-5.759867398736143174e-02,-9.509996892157877857e-02,-1.734175903864083601e-01,-2.187920853620635986e-01,-2.018025484305397133e-01,-1.724852377499223044e-01,-1.860561483476639300e-01,-2.715218066922199802e-01,-4.723920024862737072e-02,-4.019475810628819756e-02,-1.584999482026313092e-02,-9.955454262923442432e-02,-2.465554749818709146e-01,-2.013881694809903644e-01,-1.944473220760385146e-01,-2.646845540246555162e-01,-3.874443178286542944e-01,-3.159639490313891907e-01,-3.607168755827203643e-01,-3.852688283435201644e-01,-2.628198487516834048e-01,-3.096446700507614058e-01,-1.950688905003625517e-01,-4.723920024862737072e-02,-2.678959908836631154e-01,-2.184813011499015523e-01,-1.583963534652439442e-01,-2.371283538796228885e-01,-3.024966331710348885e-02,-9.064539521392313282e-02,-1.557028902931730796e-01,-3.323319175385890389e-01,-2.993887910494146681e-02,-2.617839013778099910e-01,-3.315031596394902857e-01,-1.627473324355122597e-01,-3.076763700404019364e-01,-2.168237853517041291e-01
1.434787112814668864e-01,4.179011706205324472e-01,4.062985600331502911e-01,6.995752615767117932e-01,5.531958976483994372e-02,1.648192271832590872e-01,4.186263337822438424e-01,0.000000000000000000e+00,4.858593183466279608e-02,9.406402154770536483e-02,6.267481611934114238e-02,3.943851652336061164e-01,5.469802134051589965e-02,4.035015021236920685e-01,2.268724748782761577e-02,3.221796332746296176e-02,-2.285299906764736155e-01,2.921371594323008206e-02,3.661038019268620936e-01,4.470112918263751678e-01,-4.185227390448564844e-02,-1.978659484098207674e-02,5.353776028177767987e-01,6.635242929659173061e-01,2.351600538692633913e-01,1.635760903346109851e-01,-6.091370558375634042e-02,-3.978037915673883484e-02,-1.371594323008391292e-01,-2.786698435719465322e-02,4.641044234952864111e-01,5.896612452087433009e-01,1.547705376566870239e-01,3.012534963223867934e-01,-2.753548119755516166e-01,-2.741116751269035423e-01,-2.348492696571013727e-01,-1.925826168030664032e-01,-1.377810007251631559e-02,2.455195276079975147e-02,-1.657515798197451524e-03,-6.712938982699678814e-02,-3.547083808142545980e-01,-4.276390759349424919e-01,-3.839220967574846766e-01,-3.531544597534445051e-01,-3.699368072101937299e-01,-4.145861390241375455e-01,-3.239407438102144265e-01,-3.571946545115508020e-01,-3.061224489795918435e-01,-3.344038122863358109e-01,-1.013156531648192193e-01,-1.605718429503781020e-01,-1.520770744846161593e-01,-2.925515383818501625e-01,-9.976173210400909874e-02,1.302185848958872794e-01,-3.452812597120066274e-01,-8.494768465761938503e-02,-2.691391277323111897e-01,-5.407645291619185557e-02,-2.230394695949445560e-01,3.667253703511861446e-02,-3.306744017403915881e-01,-4.454573707655650611e-02,-2.698642908940225849e-01,-2.361960012431368328e-01,1.430643323319175375e-01,1.001761110535584753e-01,1.730032114368590113e-01,1.751787009219931412e-01,-5.304050554231844877e-02,-2.424116854863772597e-02,-1.025587900134673075e-02,-1.818087641147829725e-01,-1.523878586967781779e-01,-1.719672640629855698e-01,-1.814979799026209262e-01,-1.858489588728892417e-01,-2.828136330674401733e-01,-1.798404641044234753e-01,-1.966228115611727001e-01,-1.072205531958976416e-01,-2.730757277530301286e-01,-2.723505645913187334e-01,-3.024966331710348885e-02,-1.274215269864290845e-01,1.812907904278462587e-02,-1.623329534859629109e-01,-1.203770848440899183e-01,-2.579508960944784102e-01,-1.138506163886874450e-01,-2.464518802444835566e-01,-3.362685175593079223e-01,-3.169998964052626184e-02,-2.859214751890603590e-01,-3.343002175489484529e-01,-3.042577437066196766e-01,-3.672433440381228098e-01,-1.934113747021651286e-01,-1.767326219828032619e-01,-2.210711695845850866e-01,-2.354708380814254098e-01,-1.314617217445353536e-01,-2.097793432093649491e-01,-4.226665285403501116e-02,-1.101212058427431806e-01,-1.335336164922821811e-01,-2.411685486377292131e-01,-3.562623018750647463e-01,-3.776028177768569472e-01,-3.596809282088469506e-01,-2.431368486480886271e-01,-2.496633171034911280e-01,1.004868952657204939e-02
-1.652336061328084360e-01,-1.703097482647881467e-01,6.402154770537656081e-02,-3.097482647881487361e-02,6.045788873925204143e-01,4.644152077074484297e-01,1.629545219102869480e-01,4.858593183466279608e-02,0.000000000000000000e+00,6.808246141096031545e-01,3.307779964777789461e-01,1.393349217859732592e-01,2.745260540764529189e-01,2.644773645498808001e-01,6.318243033253910790e-01,5.342380607065161380e-01,3.128561069097689912e-02,1.375738112503884780e-01,-5.801305293691080139e-02,-1.733139956490210298e-01,1.259712006630063219e-01,2.978348699886045892e-01,1.725888324873096347e-01,1.063917952967989161e-01,3.099554542629234244e-01,3.492178597327255662e-01,4.848233709727545748e-01,3.944887599709934745e-01,1.775613798819019873e-01,3.193825753651713950e-01,2.204496011602610495e-01,2.281156117269242667e-01,-1.355019165026416506e-01,-9.240650574950792784e-02,-2.216927380089091237e-01,-1.727960219620843230e-01,-8.857350046617631922e-02,1.274215269864290706e-02,-7.179115300942710831e-02,-1.153009427121102215e-01,-9.137055837563451410e-02,2.486273697296177004e-02,-1.520770744846161593e-01,-5.345488449186781149e-02,-1.694809903656894212e-01,-1.699989640526261281e-01,-1.617113850616388737e-01,-4.268103180358437387e-02,-1.320832901688593908e-01,-2.652025277115922439e-02,-2.106081011084636745e-01,-2.009737905314409878e-02,-2.306018854242204430e-01,-1.321868849062467488e-01,-9.737905314410026658e-02,-3.563658966124520766e-02,-1.385061638868745337e-01,-2.149590800787319900e-01,-2.907904278462654091e-01,-3.383404123070548053e-01,-2.131979695431472088e-01,-2.440692012845747105e-01,3.449704754998445672e-02,3.791567388376670261e-02,-3.632031492800165684e-01,-1.541489692323629868e-01,-2.986636278877032868e-01,-2.316378327980938290e-01,-2.767015435615870489e-01,-2.220035222210711423e-01,3.304672122656168720e-01,3.154459753444525116e-01,3.024966331710348677e-01,3.240443385476017846e-01,1.505231534238060664e-01,2.307054801616077455e-01,-5.697710556303739113e-03,5.511240029006526236e-02,-4.247384232880969251e-02,-1.471045270900238171e-02,3.066404226665285504e-02,5.718429503781207596e-02,1.243136848648088589e-03,1.699989640526261281e-01,-5.449083186574121829e-02,-1.961048378742359655e-01,-6.215684243240442511e-03,-1.450326323422770035e-02,-6.909768983735625758e-02,-1.453434165544390255e-01,-9.779343209364962930e-02,-2.921371594323008206e-02,-6.163886874546772865e-02,1.550813218688490425e-01,-6.091370558375634042e-02,-4.744638972340204514e-02,-2.652025277115922439e-02,7.344866880762457306e-02,5.438723712835387414e-02,2.144411063917952762e-02,-1.983839220967574812e-01,6.816533720087018799e-02,-2.430332539107013246e-01,-1.320832901688593908e-01,-2.620946855899720235e-02,4.112711074277426021e-02,-7.935356883870298139e-02,-1.142649953382368078e-01,-2.512172381643012486e-01,-6.360716875582719809e-02,1.134362374391380823e-01,-2.600227908422251752e-02,-1.419247902206567935e-01,-1.003833005283331636e-01,7.023723194861700159e-02,9.251010048689525811e-02
-2.264580959287267881e-01,-1.604682482129907717e-01,2.911012120584274485e-02,3.978037915673883484e-02,5.754687661866776383e-01,4.622397182223142442e-01,8.432611623329534789e-02,9.406402154770536483e-02,6.808246141096031545e-01,0.000000000000000000e+00,2.695535066818605663e-01,2.018025484305397133e-01,1.583963534652439442e-01,2.844711488656376241e-01,5.289547290997616003e-01,5.391070133637211326e-01,1.688594219413653771e-02,1.519734797472288290e-01,-9.188853206257120709e-02,-1.771470009323526384e-01,9.893297420491038718e-02,2.067750958251320659e-01,1.432715218066921981e-01,1.301149901584999491e-01,3.106806174246348196e-01,3.333678649124623972e-01,4.049518284471148588e-01,3.579198176732621417e-01,1.499015849994820293e-01,3.540868123899305608e-01,2.493525328913291095e-01,2.300839117372837361e-01,-1.153009427121102215e-01,-3.408266860043509400e-02,-2.114368590075623999e-01,-1.824303325391070096e-01,-7.914637936392830697e-02,7.956075831347766969e-02,-6.257122138195379824e-02,-4.081632653061224164e-02,-4.527090023826789433e-02,7.593494250492073550e-02,-1.542525639697503170e-01,-8.733036361752821719e-02,-1.967264062985600304e-01,-1.856417693981145534e-01,-1.914430746918056314e-01,-8.152905832383713913e-02,-1.848130114990158557e-01,-6.371076349321454224e-02,-2.589868434683518239e-01,-5.894540557339686404e-02,-2.195172485237749660e-01,-1.762146482958665550e-01,-1.457577955039884021e-01,-4.133430021754894851e-02,-2.283228012016989550e-01,-2.183777064125142220e-01,-3.410338754791256144e-01,-2.994923857868020400e-01,-1.975551641976587558e-01,-1.304257743706619677e-01,1.139542111260747823e-02,1.030767637004040144e-01,-3.303636175282295695e-01,5.076142131979695035e-03,-2.940018647052729528e-01,-2.014917642183776947e-01,-2.685175593079871526e-01,-1.991090852584688486e-01,3.160675437687765488e-01,2.817776856935667595e-01,2.822956593805034942e-01,3.013570910597741515e-01,1.218274111675126808e-01,2.281156117269242667e-01,-2.755620014503263118e-02,6.329638454366517952e-02,-1.165440795607583097e-01,4.661763182430332317e-03,-3.097482647881487361e-02,9.105977416347249553e-02,-5.179736869367035064e-04,1.537345902828136379e-01,-8.297938464725991559e-02,-1.877136641458613531e-01,-1.978659484098207674e-02,-9.634310577022686672e-03,-3.729410545944265853e-02,-1.649228219206464174e-01,-6.619703719051070467e-02,-3.118201595358955844e-02,-1.802548430539728172e-02,1.587071376774059628e-01,-4.900031078421215186e-02,6.940847404951828135e-03,-1.688594219413653771e-02,1.110535584792292502e-01,4.413135812700714339e-02,2.486273697296177004e-02,-2.210711695845850866e-01,1.018336268517559123e-01,-2.609551434787112933e-01,-1.139542111260747892e-01,-1.906143167927068852e-02,4.558168445042991290e-02,-4.962187920853620288e-02,-6.215684243240442858e-02,-2.395110328395317345e-01,-1.895783694188335131e-02,3.501502123692115664e-02,-4.268103180358437387e-02,-1.430643323319175375e-01,-1.127110742774267010e-01,8.380814254635864102e-02,1.073241479332849857e-01
1.490728271003833039e-01,-8.909147415311301915e-03,1.514555060602921222e-01,1.253496322386822744e-02,1.924790220656790729e-01,1.003833005283331636e-01,2.230394695949445560e-01,6.267481611934114238e-02,3.307779964777789461e-01,2.695535066818605663e-01,0.000000000000000000e+00,1.546669429192996936e-01,3.294312648917435138e-01,2.170309748264788174e-01,2.909976173210400696e-01,1.758002693463171784e-01,2.399254117890810833e-01,1.187195690458924535e-01,8.764114782969023576e-02,-2.786698435719465322e-02,8.494768465761938503e-02,8.670879519320418005e-02,2.078110431990054519e-01,1.484512586760592390e-01,1.087744742567077483e-01,8.256500569771055287e-02,1.352947270278669623e-01,3.045685279187817021e-02,2.583652750440277868e-01,1.523878586967781779e-01,1.574640008287578885e-01,1.535274008080389496e-01,1.112607479540039246e-01,1.270071480368797079e-01,-4.350978970268309931e-02,-5.283331606754376047e-02,-1.067025795089609347e-02,-1.186159743085051232e-01,-6.184605822024240307e-02,-1.688594219413653771e-02,-5.345488449186781149e-02,1.002797057909458195e-01,-8.660520045581683590e-02,-2.942090541800476342e-02,-9.261369522428260226e-02,-1.121931005904899942e-01,-8.194343727338650185e-02,-5.013985289547290974e-02,-5.935978452294622676e-02,-5.469802134051589965e-02,-6.433233191753857938e-02,-2.797057909458199043e-02,-4.475292655133118747e-02,-5.573396871438930644e-02,7.458821091888530666e-03,-7.500258986843467979e-02,1.762146482958665550e-01,-6.018854242204495913e-02,-8.629441624365481733e-02,-2.268724748782761647e-01,-2.838495804413135662e-02,-1.301149901584999491e-01,1.758002693463171784e-01,5.946337926033357091e-02,-1.207914637936392671e-01,-1.191339479954418301e-01,-1.240029006526468386e-01,-1.015228426395938938e-01,-6.391795296798921666e-02,-2.455195276079975147e-02,8.225422148554852042e-02,6.308919506889049122e-02,1.997306536827928858e-01,1.033875479125660329e-01,1.608826271625401483e-01,8.463690044545736646e-02,-4.340619496529576210e-02,-6.588625297834868610e-02,-2.610587382160986167e-02,-5.739148451258675732e-02,3.356469491349839407e-02,-1.433751165440795561e-01,6.547187402879933726e-02,5.915259504817155234e-02,-7.479540039366000537e-02,-2.934838910183362182e-01,1.185123795711177930e-01,-8.909147415311301915e-03,-3.532580544908318909e-02,-1.289754480472392051e-01,-2.163058116647674223e-01,-1.854345799233398928e-01,-2.333989433336786379e-01,-1.463793639283124393e-01,-1.663731482440691800e-01,-1.006940847404951822e-01,-1.417176007458821052e-01,-2.848855278151869730e-02,-6.184605822024240307e-02,-1.519734797472288290e-01,-2.255257432922407324e-01,-3.107842121620221429e-02,-2.436548223350253617e-01,-2.056355537138713219e-01,-6.764736351393348113e-02,-7.179115300942710831e-02,-1.450326323422770035e-02,-1.025587900134673075e-02,-1.586035429400186325e-01,-1.301149901584999491e-01,4.734279498601470793e-02,-1.662695535066818497e-01,-2.492489381539417514e-01,-2.191028695742256172e-01,-1.131254532269760638e-01,-9.893297420491038718e-02
4.402776338961979924e-02,3.917952967989225543e-01,1.636796850719983154e-01,3.011499015849994354e-01,1.918574536413549803e-01,2.093649642598156002e-01,1.894747746814461620e-01,3.943851652336061164e-01,1.393349217859732592e-01,2.018025484305397133e-01,1.546669429192996936e-01,0.000000000000000000e+00,-1.004868952657204939e-01,4.478400497254739210e-01,8.712317414275354277e-02,2.828136330674401594e-02,9.261369522428260226e-02,3.812286335854138120e-01,1.883352325701854180e-01,2.110224800580130233e-01,9.841500051797368032e-02,7.562415829275872213e-03,2.933802962809489157e-01,3.411374702165129724e-01,3.988397389412617344e-01,2.135087537553092274e-01,5.822024241168548969e-02,4.143789495493628572e-02,1.220346006422873553e-01,2.566041645084429224e-01,4.597534445250180957e-01,3.472495597223660968e-01,2.374391380917849070e-01,3.464208018232673436e-01,-4.226665285403501116e-02,-3.770848440899202125e-02,-2.885113436237438655e-01,-1.343623743913809065e-01,-2.972133015642804965e-01,8.183984253599917158e-03,1.249352532891328943e-01,-4.765357919817672129e-03,-2.904796436341033905e-01,-2.384750854656583208e-01,-2.716254014296073382e-01,-2.155806485030560271e-01,-2.740080803895162398e-01,-3.041541489692323186e-01,-2.261473117165647695e-01,-1.912358852170309431e-01,-2.327773749093546007e-01,-2.187920853620635986e-01,-1.493836113125453224e-01,-1.091888532062571110e-01,-2.610587382160985959e-01,-2.289443696260229921e-01,4.941468973376152152e-02,2.110224800580130233e-01,-2.085362063607168748e-01,-8.287578990987257144e-02,-1.910286957422562826e-01,-2.009737905314409878e-02,-9.872578473013569889e-02,3.468351807728167202e-01,-2.660312856106910040e-01,6.671501087744742542e-02,-9.955454262923442432e-02,3.936600020718947560e-03,1.465865534030870998e-01,1.084636900445457297e-01,1.754894851341551598e-01,1.385061638868745337e-01,7.707448461618149338e-02,9.903656894229771745e-02,-4.661763182430332317e-03,-1.709313166891121907e-02,-3.221796332746296176e-02,2.196208432611623101e-02,-3.265306122448979331e-01,-1.707241272143374955e-01,-2.158914327152180457e-01,-1.740391588107324111e-02,-1.164404848233709794e-01,-3.864083704547808390e-02,-3.431057702268724419e-01,-2.083290168859421865e-01,-2.900652646845539896e-03,-1.626437376981249294e-01,-1.084636900445457297e-01,-2.717289961669946963e-01,-2.666528540350150411e-01,-4.825442867502330313e-01,-2.273904485652128715e-01,-1.094996374184191296e-01,-3.027038226458095838e-01,1.657515798197451221e-02,-2.765979488241996909e-01,-1.157153216616595703e-01,-1.606754376877654600e-01,-3.668289650885734332e-01,-2.839531751787008895e-01,-2.575365171449289781e-01,-1.224489795918367319e-01,-2.081218274111674982e-01,-1.722780482751475883e-01,-1.482440692012845507e-01,-1.821195483269449911e-01,-1.832590904382057073e-01,-1.915466694291929617e-01,-1.951724852377499098e-01,-2.783590593597844998e-01,-3.964570599813529439e-01,-4.510514865844814647e-01,-3.718015124831658413e-01,-2.589868434683518239e-01,-4.817155288511343336e-02
1.375738112503884780e-01,-1.322904796436340791e-01,1.666839324562311986e-01,-9.323526364860663940e-02,2.097793432093649491e-01,1.742463482855070855e-01,3.418626333782243676e-01,5.469802134051589965e-02,2.745260540764529189e-01,1.583963534652439442e-01,3.294312648917435138e-01,-1.004868952657204939e-01,0.000000000000000000e+00,2.616803066404226330e-01,3.576090334611001231e-01,2.956593805034704037e-01,-6.764736351393348113e-02,-5.397285817880451142e-02,2.641665803377188024e-02,-7.873200041437894425e-02,-1.014192479022065635e-01,1.135398321765254265e-01,1.760074588210918667e-01,5.946337926033357091e-02,9.748264788148761073e-02,2.229358748575572258e-01,1.219310059049000250e-01,2.045996063399979359e-01,-2.082254221485548354e-02,1.408888428467833763e-02,1.716564798508235512e-01,1.660623640319071614e-01,3.884802652025276526e-02,-6.909768983735625758e-02,-3.781207914637935846e-02,-1.688594219413653771e-02,-1.110535584792292502e-01,-5.635553713871335052e-02,1.798404641044234753e-01,-1.661659587692945195e-01,-7.738526882834351195e-02,-4.340619496529576210e-02,-1.583963534652439442e-01,-9.396042681031802069e-02,-1.254532269760696150e-01,-1.812907904278462656e-01,-1.939293483891018077e-01,-1.895783694188335131e-02,-1.174764321972443654e-01,-1.076349321454470043e-01,-1.887496115197347946e-01,-1.001761110535584753e-01,-2.292551538381850107e-01,-5.024344763286024695e-02,-2.848855278151869730e-02,-1.888532062571221248e-01,1.595358955765046813e-02,-7.148036879726508974e-02,-8.453330570807002231e-02,-9.458199523464207170e-02,2.165130011395420898e-02,-1.453434165544390255e-01,1.721744535377602581e-01,-1.884388273075727760e-01,-1.739355640733450670e-01,-1.426499533823681609e-01,-1.050450637107634838e-01,-1.689630166787527144e-01,-7.458821091888531707e-02,-9.965813736662176847e-02,2.263545011913394578e-01,2.171345695638661477e-01,1.001761110535584753e-01,1.358127007148036691e-01,2.473842328809696123e-01,1.263855796125556707e-01,1.160261058738215958e-02,-1.211022480058012857e-01,2.139231327048585762e-01,7.759245830311820025e-02,4.962187920853620288e-02,-4.692841603646533827e-02,7.976794778825234064e-03,1.201698953693152300e-01,5.904900031078421339e-03,-1.877136641458613531e-01,6.246762664456644715e-02,2.039780379156738432e-01,5.946337926033357091e-02,8.619082150626747318e-02,-1.235885217030974759e-01,9.851859525536102447e-02,-8.681238993059152420e-02,-1.856417693981145534e-01,-8.256500569771055287e-02,-2.224179011706205189e-01,-5.045063710763492831e-02,-1.386097586242618918e-01,-1.042163058116647723e-01,-4.247384232880969251e-02,-6.899409509996891343e-02,4.734279498601470793e-02,-2.110224800580130233e-01,-1.539417797575882985e-01,-7.873200041437894425e-02,-1.947581062882005332e-01,8.235781622293587845e-02,1.616077903242515296e-02,-4.951828447114885873e-02,-7.904278462654096282e-02,2.386822749404329813e-01,-9.758624261887495488e-02,-1.797368693670361450e-01,7.251631617113850174e-03,-1.310473427949860048e-01,-3.397907386304774985e-02
