1.000000000000000000e+00,3.699368072101937299e-01,9.375323733554334626e-02,1.161297006112089608e-01,-1.069097689837356230e-01,-2.396146275769190648e-01,2.359888117683621445e-01,1.281466901481404519e-01,-1.341551849166062182e-01,-2.180669222003522034e-01,2.558790013467315272e-01,1.326012638557960976e-01,1.787009219931627313e-01,5.998135294727027084e-02,-9.282088469905727668e-02,-2.964881384025691013e-01,-6.070651610898165212e-02,-3.346110017611104992e-02,4.050554231845022168e-01,3.592665492592975740e-01,-1.637832798093856734e-01,-1.951724852377499098e-01,1.207914637936392671e-01,8.992023205221173765e-02,-6.122448979591836593e-02,-6.733657930177146256e-02,-1.031803584377913585e-01,-2.111260747954003814e-01,-3.739770019683000268e-02,-1.308401533202113165e-01,-4.589246866259193147e-02,-5.635553713871335052e-02,6.547187402879933726e-02,3.646534756034393310e-02,-1.211022480058012857e-01,-6.288200559411581680e-02,7.303428985807521034e-02,-2.921371594323008206e-02,1.035947373873407143e-02,-2.671708277219517202e-01,4.568527918781725705e-02,-1.423391691702061423e-01,-1.636796850719983154e-01,-1.204806795814772485e-01,1.149901584999481891e-02,-9.012742152698640860e-03,-1.779757588314513639e-01,-4.723920024862737072e-02,1.285610690976898285e-01,4.786076867295140785e-02,7.365585828239924748e-02,-7.500258986843467979e-02,-1.407852481093960217e-01,-4.713560551124002657e-02,-1.438930902310162352e-01,-1.528022376463275545e-01,4.535377602817776133e-01,3.096446700507614058e-01,1.864705272972132788e-01,6.971925826168029472e-02,2.610587382160985959e-01,6.422873718015123523e-02,1.862633378224386183e-01,6.971925826168029472e-02,2.973168963016678545e-02,-1.989018957836941742e-02,4.993266342069822145e-02,-9.364964259815600212e-02,1.814979799026209262e-01,6.371076349321454224e-02,-6.205324769501708443e-02,-1.081529058323837111e-01,-7.769605304050553052e-02,-9.893297420491038718e-02,-3.076763700404019225e-02,-9.748264788148761073e-02,-9.085258468869780724e-02,-1.744535377602817738e-01,1.657515798197451221e-02,-8.619082150626747318e-02,1.248316585517455640e-01,7.779964777789287467e-02,9.509996892157877857e-02,-2.018025484305397133e-01,1.367450533512897491e-02,-6.329638454366517952e-02,-5.625194240132601331e-02,-1.143685900756241519e-01,-1.921682378535170266e-01,-2.576401118823163361e-01,-3.550191650264166165e-01,-2.873718015124831493e-01,-2.414793328498912317e-01,-1.242100901274215269e-01,-2.221071169584585003e-01,-2.145447011291826134e-01,-1.849166062364031859e-01,-1.915466694291929617e-01,-2.325701854345799402e-01,-1.984875168341448115e-01,-1.767326219828032619e-01,-2.797057909458199043e-02,-1.237957111778721503e-01,2.828136330674401594e-02,-1.122966953278773383e-01,-1.203770848440899183e-01,-1.522842639593908511e-02,-9.095617942608515138e-02,4.723920024862737072e-02,-1.513519113229047919e-01,-2.088469905728788933e-01,-2.441727960219620686e-01,-2.511136434269138906e-01,-9.686107945716357359e-02,-1.973479747228840675e-01,-5.759867398736143174e-02
3.699368072101937299e-01,1.000000000000000000e+00,7.552056355537138665e-02,9.955454262923442432e-02,-2.225214959080078492e-01,-2.104009116336889862e-01,8.142546358644979498e-02,1.604682482129907717e-01,-2.464518802444835566e-01,-2.251113643426913835e-01,6.174246348285505892e-02,2.664456645602403251e-01,5.065782658240960967e-02,1.434787112814668864e-01,-2.233502538071065746e-01,-1.734175903864083601e-01,-3.646534756034393310e-02,1.366414586139023946e-01,3.269449911944473097e-01,3.047757173935563557e-01,-6.039573189681963356e-02,-1.346731586035429251e-01,-6.422873718015124737e-03,2.797057909458199043e-02,-2.052211747643219730e-01,-2.148554853413446319e-01,-2.065679063503573776e-01,-2.693463172070858502e-01,4.817155288511343336e-02,1.378845954625504966e-01,4.174867916709830429e-02,1.545633481819123356e-01,1.064953900341862603e-01,1.616077903242515157e-01,-1.308401533202113165e-01,-5.459442660312855550e-02,-3.004247384232880576e-03,8.888428467833833779e-02,-9.882937946752304303e-02,-2.288407748886356341e-01,1.528022376463275545e-01,3.750129493421733989e-02,-9.945094789184708017e-02,-2.786698435719465322e-02,-1.439966849684035793e-02,1.584999482026313092e-02,-7.852481093960426983e-02,-9.012742152698641207e-02,1.254532269760696150e-01,1.002797057909458195e-01,5.935978452294622676e-02,-8.287578990987257621e-04,-7.510618460582202394e-02,-1.084636900445457297e-01,-1.714492903760488907e-01,-2.081218274111674982e-01,3.087123174142753501e-01,5.655236713974930440e-01,1.238993059152594944e-01,2.045996063399979359e-01,4.413135812700714339e-02,9.323526364860663940e-02,1.282502848855277822e-01,2.130943748057598508e-01,-1.867813115093752974e-01,-9.655029524500155502e-02,1.284574743603024947e-02,-1.077385268828343345e-01,1.765254325080285736e-01,9.810421630581166175e-02,-1.142649953382368078e-01,4.972547394592354009e-02,-1.373666217756137897e-01,7.075520563555370845e-02,-9.354604786076865797e-02,-1.750751061846057832e-02,-4.029835284367554171e-02,-7.396664249456126605e-02,-1.864705272972132927e-02,8.287578990987257144e-02,-4.319900549052108074e-02,3.211436859007562369e-03,-1.657515798197451221e-02,-1.982803273593701232e-01,-1.848130114990158557e-01,-1.818087641147829725e-01,-6.971925826168029472e-02,-1.711385061638868443e-01,-2.041852273904485593e-01,-2.108152905832383628e-01,-3.156531648192271722e-01,-3.196933595773334136e-01,-3.365793017714699409e-01,-2.889257225732932421e-01,-1.719672640629855698e-01,-8.049311094996373928e-02,-5.873821609862218268e-02,-1.128146690148140452e-01,-9.872578473013569889e-02,-2.020097379053144016e-01,-2.057391484512586521e-01,-1.756966746089298481e-01,-8.256500569771055287e-02,-1.248316585517455640e-01,-1.286646638350771588e-01,-2.181705169377395337e-01,-5.065782658240960967e-02,-6.899409509996891343e-02,-3.107842121620221429e-02,-3.035325805449082606e-02,-1.384025691494872035e-01,-1.494872060499326527e-01,-2.032528747539624758e-01,4.112711074277426021e-02,-6.764736351393348113e-02,-4.143789495493628572e-02
9.375323733554334626e-02,7.552056355537138665e-02,1.000000000000000000e+00,5.383818502020096819e-01,3.356469491349839407e-02,-2.641665803377188024e-02,5.235678027556199821e-01,4.378949549362892157e-01,1.198591111571531975e-01,-2.589868434683517857e-03,1.340515901792188880e-01,5.739148451258675732e-02,1.602610587382160834e-01,2.176525432508028546e-01,6.070651610898165212e-02,-1.533202113332642752e-02,-1.591215166269553394e-01,-1.753858903967678295e-01,2.542214855485341318e-01,1.487620428882212853e-01,-1.626437376981249364e-02,-8.701957940536620556e-03,3.033253910701336209e-01,5.065782658240961522e-01,1.605718429503780881e-02,8.183984253599915770e-02,-6.008494768465761499e-02,-6.319278980627783537e-02,8.546565834455609190e-02,6.350357401843985394e-02,4.555060602921370827e-01,3.545011913394799374e-01,3.428985807520977813e-01,2.380607065161089442e-01,2.765979488241997186e-02,4.868952657205013676e-03,-1.004868952657204939e-02,1.698953693152387492e-02,-1.533202113332642752e-02,-8.567284781933076632e-02,-4.402776338961979924e-02,-5.262612659276908605e-02,-6.567906350357401168e-02,-3.792603335750543425e-01,-8.546565834455609190e-02,-1.702061535274007886e-01,-1.856417693981145534e-01,-2.689319382575364736e-01,-1.190303532580544721e-01,-1.489692323629959736e-01,-2.748368382886149375e-01,-3.176214648295866416e-01,-2.006630063192789692e-01,-1.834662799129803956e-01,-2.182741116751268917e-01,-3.421734175903863862e-01,-1.545633481819123356e-01,-7.976794778825234064e-03,-3.605096861079456344e-02,2.413757381125038876e-02,2.121620221692737951e-01,2.036672537035118247e-01,-1.968300010359473606e-02,-5.480161607790323686e-02,7.324147933284988476e-02,8.183984253599915770e-02,9.696467419455090386e-02,1.761110535584792247e-02,4.226665285403501116e-02,-7.769605304050553572e-03,1.511447218481301036e-01,2.819848751683414756e-01,-3.563658966124520766e-02,-1.043199005490521025e-01,1.043199005490521025e-01,-5.708070030042473875e-02,4.319900549052108074e-02,-1.740391588107324111e-02,-1.779757588314513639e-01,-2.107116958458510048e-01,-2.199316274733243426e-01,-3.695224282606443533e-01,-8.494768465761937462e-03,-3.273593701439966308e-01,-2.252149590800787138e-01,-2.847819330777996427e-01,1.398528954729099522e-02,-2.585724645188024473e-01,-9.333885838599398355e-02,-1.677198798301046123e-01,-1.082565005697710553e-01,7.769605304050553052e-02,-1.522842639593908511e-02,1.256604164508443033e-01,-4.786076867295140785e-02,-1.635760903346109851e-01,-3.572982492489381046e-01,-2.512172381643012486e-01,-3.282917227804826865e-01,-3.091266963638246712e-01,-1.311509375323733351e-01,1.692738008909147329e-01,-1.583963534652439442e-01,-8.235781622293587845e-02,-1.433751165440795561e-01,-1.071169584585102974e-01,-1.225525743292240621e-01,-1.980731378845954349e-01,-5.055423184502226552e-02,-1.260747954003936522e-01,-2.117476432197244185e-01,-1.173728374598570351e-01,-1.843986325494664791e-01,-1.505231534238060664e-01,-1.865741220346006368e-01,-1.131254532269760638e-01
1.161297006112089608e-01,9.955454262923442432e-02,5.383818502020096819e-01,1.000000000000000000e+00,6.339997928105252367e-02,1.188231637832798115e-01,4.036050968610794265e-01,4.296073759453019614e-01,1.111571532166165804e-01,9.872578473013569889e-02,1.989018957836941742e-02,1.752822956593804715e-01,1.377810007251631559e-02,2.025277115922511084e-01,-1.077385268828343345e-01,5.635553713871335052e-02,-3.379260333575054287e-01,-1.867813115093752974e-01,2.281156117269242667e-01,1.102248005801305247e-01,1.294934217341758842e-02,3.315031596394903048e-03,2.044960116026105779e-01,3.607168755827203643e-01,6.847612141303222044e-02,-6.899409509996891343e-02,3.729410545944265333e-03,5.386926344141717074e-03,-5.728788977519942011e-02,4.900031078421215186e-02,2.673780171967263808e-01,2.361960012431368328e-01,1.860561483476639300e-01,8.080389516212575785e-02,-9.126696363824716995e-02,-3.107842121620221472e-04,-1.432715218066921981e-01,-6.692220035222209984e-02,-1.408888428467833798e-01,-1.169584585103076585e-01,-2.848855278151869730e-02,-1.864705272972132927e-02,-1.531130218584896008e-01,-2.740080803895162398e-01,-7.738526882834351195e-02,-1.041127110742774281e-01,-1.918574536413549803e-01,-1.705169377395628072e-01,-8.940225836527503078e-02,-3.252874753962498727e-02,-1.080493110949963670e-01,-1.183051900963431047e-01,-1.399564902102972963e-01,-1.115715321661659432e-01,-2.126799958562105020e-01,-2.377499223039469256e-01,-1.684450429918160075e-01,-8.391173728374598517e-03,9.095617942608515138e-02,3.801926862115403982e-02,1.680306640422666309e-01,1.149901584999481891e-01,1.761110535584792247e-02,1.525950481715528662e-01,-3.242515280223764312e-02,1.761110535584792247e-02,1.292862322594012237e-01,5.780586346213612003e-02,3.998756863151351620e-02,-5.697710556303739113e-03,9.851859525536102447e-02,2.446907697088988032e-01,-1.848130114990158557e-01,-7.427742670672328462e-02,-1.035947373873407203e-04,-2.064643116129700473e-01,-9.209572153734589539e-02,-1.352947270278669623e-01,-2.654097171863669113e-01,-1.756966746089298481e-01,-2.392002486273697159e-01,-1.987983010463068301e-01,-1.765254325080285736e-01,-1.632653061224489666e-01,-2.065679063503573776e-01,-1.188231637832798115e-01,-1.300113954211125911e-01,-1.966228115611727001e-01,-1.266963638247176893e-01,-6.951206878690562030e-02,-1.240029006526468386e-01,2.216927380089091237e-02,2.248005801305293441e-02,1.461721744535377510e-01,-6.609344245312337440e-02,-1.486584481508339273e-01,-2.578473013570910521e-01,-2.545322697606961504e-01,-3.077799647777892944e-01,-2.871646120377084332e-01,-9.737905314410027352e-03,2.158914327152180457e-01,-7.448461618149798680e-02,9.002382678959908180e-02,-3.936600020718947560e-03,-9.945094789184708711e-03,-1.175800269346316956e-01,-6.547187402879933726e-02,-4.309541075313373659e-02,-1.161297006112089608e-01,-1.968300010359473606e-01,-1.894747746814461620e-01,-1.986947063089194998e-01,-7.137677405987775947e-02,-1.476225007769605135e-01,-7.189474774681445246e-02
-1.069097689837356230e-01,-2.225214959080078492e-01,3.356469491349839407e-02,6.339997928105252367e-02,1.000000000000000000e+00,4.643116129700611272e-01,5.231534238060706055e-02,-1.040091163368900701e-01,6.795814772609550802e-01,5.250181290790427724e-01,1.812907904278462587e-02,-6.557546876618666754e-02,6.443592665492592353e-02,-3.418626333782243815e-02,3.415518491660623490e-01,4.192479022065678795e-01,-1.948617010255878912e-01,-3.172070858800372650e-01,-7.800683725266754909e-02,-3.864083704547808390e-02,2.875789909872578098e-01,4.188335232570185029e-01,1.451362270796643650e-01,7.013363721122965744e-02,3.636175282295659450e-01,4.339583549155702769e-01,5.918367346938774309e-01,5.854138609758623435e-01,-9.965813736662176847e-02,-8.287578990987257621e-04,9.219931627473323954e-02,-2.621982803273593676e-01,6.868331088780689486e-02,-2.973168963016678545e-02,1.077385268828343345e-01,-1.125038848026520266e-01,-8.556925308194342217e-02,-2.870610173003211307e-01,1.192375427328291604e-01,1.272143375116543962e-01,-1.187195690458924535e-01,-1.573604060913705582e-01,-1.302185848958872794e-01,-8.619082150626747318e-02,-2.154770537656686830e-02,-2.486273697296177004e-02,-7.821402672744223739e-02,4.278462654097171108e-02,-7.417383196933594047e-02,-1.256604164508443033e-01,6.215684243240442945e-04,7.251631617113849741e-04,4.661763182430331970e-02,-9.116336890085983274e-03,2.403397907386304599e-01,4.123070548016160436e-02,-1.567388376670465211e-01,-2.473842328809696123e-01,-2.185848958872889033e-02,-3.080907489899513130e-01,8.836631099140163093e-02,-8.463690044545736646e-02,-1.057702268724748651e-01,-8.142546358644979498e-02,-2.838495804413135662e-02,-1.445146586553402723e-01,-1.026623847508546516e-01,-1.229669532787734387e-01,3.242515280223764312e-02,6.215684243240442511e-03,3.978037915673883207e-01,6.640422666528539297e-02,6.516108981663730482e-02,-1.657515798197451524e-03,1.071169584585102974e-01,-7.251631617113850174e-03,1.632653061224489666e-01,1.774577851445146570e-01,-1.787009219931627313e-01,-1.981767326219827929e-01,9.758624261887495488e-02,1.238993059152594944e-01,-3.884802652025276526e-02,9.023101626437377010e-02,1.262819848751683405e-01,1.421319796954314540e-01,1.321868849062467488e-01,-2.931731068061741927e-02,1.247280638143582338e-01,1.048378742359888094e-01,1.425463586449808306e-01,2.624054698021340282e-01,2.985600331503159843e-01,2.873718015124831493e-01,2.175489485134155139e-03,3.791567388376670261e-02,1.176836216720190537e-01,1.698953693152387701e-01,1.073241479332849857e-01,1.544597534445250053e-01,1.840878483373044328e-01,3.245623122345384637e-01,6.982285299906763887e-02,1.870920957215373159e-01,1.020408163265306006e-01,1.295970164715632422e-01,1.149901584999481891e-01,-6.557546876618666754e-02,9.727545840671293631e-02,-4.537449497565523154e-02,8.422252149590800374e-02,1.006940847404951822e-01,1.803584377913601822e-01,1.241064953900341689e-01,1.384025691494872035e-01,1.320832901688593908e-01
-2.396146275769190648e-01,-2.104009116336889862e-01,-2.641665803377188024e-02,1.188231637832798115e-01,4.643116129700611272e-01,1.000000000000000000e+00,-5.324769501709313013e-02,-4.506371076349320604e-02,4.306433233191753196e-01,6.075831347767532975e-01,3.024966331710348885e-02,4.516730550088055712e-02,-2.185848958872889033e-02,-3.625815808556925087e-03,1.359162954521909994e-01,4.889671604682481743e-01,-1.284574743603024705e-01,-1.188231637832798115e-01,-9.489277944680409027e-02,-1.788045167305500616e-01,2.383714907282709627e-01,3.503574018439862825e-01,1.056666321350875279e-02,-1.408888428467833763e-02,2.170309748264788174e-01,1.083600953071583994e-01,3.542940018647052769e-01,4.920750025898683599e-01,-9.644670050761421087e-02,7.282710038330052205e-02,2.475914223557442936e-02,-8.329016885942193416e-02,3.335750543872371271e-02,-4.951828447114885873e-02,3.035325805449082606e-02,2.890293173106806002e-02,-2.835387962291515684e-01,-3.453848544493939854e-01,-3.874443178286542805e-02,1.981767326219827929e-01,-9.499637418419143442e-02,-4.164508442971096708e-02,-9.530715839635345299e-02,-4.133430021754894851e-02,-5.645913187610068773e-02,-4.340619496529576210e-02,1.657515798197451524e-03,1.035947373873407143e-02,-1.148865637625608588e-01,-1.102248005801305247e-01,-5.065782658240960967e-02,-1.885424220449601063e-02,7.593494250492073550e-02,-1.419247902206567831e-02,1.629545219102869480e-01,5.956697399772091506e-02,-1.984875168341448115e-01,-2.394074381021443765e-01,-3.232155806485030591e-02,-2.141303221796332645e-01,4.765357919817672129e-03,-1.346731586035429251e-01,-3.646534756034393310e-02,1.771470009323526315e-02,-9.768983735626228515e-02,-1.931005904900031100e-01,-5.594115818916398086e-02,-5.283331606754376047e-02,-5.946337926033357091e-02,-1.025587900134673075e-02,2.932767015435615576e-01,1.485548534134465692e-01,-1.657515798197451221e-02,5.500880555267791822e-02,-2.538071065989847344e-02,-5.977416347249558948e-02,5.065782658240960967e-02,5.573396871438930644e-02,-1.460685797161504207e-01,6.816533720087018799e-02,5.086501605718429103e-02,-1.108463690044545619e-02,-2.221071169584585003e-01,2.444835802341240871e-01,7.127317932249041532e-02,2.890293173106806002e-02,-1.667875271936185635e-02,4.599606339997927562e-02,2.207603853724230680e-01,1.737283745985703787e-01,1.791153009427120801e-01,1.719672640629855698e-01,2.891329120480679027e-01,2.421009012742152688e-01,1.330156428053455020e-01,1.633689008598362968e-01,1.973479747228840675e-01,1.119859111157153059e-01,1.005904900031078381e-01,1.170620532476950165e-01,2.836423909665388710e-01,2.560861908215062432e-01,1.291826375220138934e-01,1.683414482544286495e-01,1.195483269449911790e-01,1.340515901792188880e-01,8.422252149590800374e-02,8.929866362788770051e-02,-1.035947373873407013e-03,6.785455298870816943e-02,5.904900031078420819e-02,7.220553195897647103e-02,1.363306744017403760e-01,1.892675852066715014e-01,1.631617113850616085e-01,1.108463690044545619e-01
2.359888117683621445e-01,8.142546358644979498e-02,5.235678027556199821e-01,4.036050968610794265e-01,5.231534238060706055e-02,-5.324769501709313013e-02,1.000000000000000000e+00,4.759142235574432833e-01,1.547705376566870239e-01,-3.232155806485030591e-02,1.865741220346006368e-01,6.267481611934114238e-02,1.468973376152491461e-01,1.350875375530923017e-01,-2.786698435719465322e-02,-6.391795296798921666e-02,-1.648192271832590872e-01,-1.773541904071272990e-01,2.590904382057391264e-01,1.219310059049000250e-01,-3.522221071169584494e-02,-5.480161607790323686e-02,2.615767119030353305e-01,3.264270175075105751e-01,1.823267378017196655e-02,3.346110017611104992e-02,-5.148658448150833511e-02,-1.146793742877861705e-01,1.093960426810317993e-01,4.682482129907800106e-02,3.673469387755101678e-01,2.387858696778203393e-01,2.025277115922511084e-01,1.229669532787734387e-01,-4.081632653061224164e-02,-7.666010566663213066e-02,6.215684243240442945e-04,1.294934217341758842e-02,9.323526364860663333e-04,-1.518698850098414710e-01,3.750129493421733989e-02,-2.786698435719465322e-02,-1.961048378742359655e-01,-3.449704754998446088e-01,-6.671501087744742542e-02,-1.220346006422873553e-01,-2.481093960426810352e-01,-2.004558168445043087e-01,-3.087123174142752946e-02,-1.165440795607583097e-01,-1.688594219413653841e-01,-2.541178908111467738e-01,-2.144411063917952831e-01,-5.366207396664249285e-02,-2.239718222314306117e-01,-3.408266860043509539e-01,-1.260747954003936522e-01,-1.491764218377706133e-02,1.080493110949963670e-01,4.143789495493628572e-02,3.896198073137884244e-01,2.818812804309541176e-01,-1.004868952657204939e-02,-1.471045270900238171e-02,7.893918988915363255e-02,5.542318450222728093e-02,3.283953175178700584e-02,-9.976173210400909874e-02,1.978659484098207674e-02,-8.474049518284471061e-02,1.183051900963431047e-01,1.952760799751372400e-01,-9.976173210400909874e-02,-1.680306640422666309e-01,4.703201077385268242e-02,-1.201698953693152300e-01,-4.475292655133118747e-02,-1.070133637211229533e-01,-1.896819641562208503e-01,-2.706930487931212825e-01,-1.785973272557754010e-01,-2.517352118512379278e-01,5.076142131979695035e-03,-3.065368279291412201e-01,-1.710349114264995141e-01,-1.957940536620739469e-01,-3.335750543872371271e-02,-2.922407541696881439e-01,-6.049932663420697770e-02,-1.640940640215476920e-01,-2.289443696260229921e-01,3.211436859007562369e-03,-8.121827411167512056e-02,1.435823060188542166e-01,-1.324976691184087674e-01,-2.167201906143167989e-01,-4.007044442142339014e-01,-3.362685175593079223e-01,-4.303325391070133010e-01,-3.846472599191960717e-01,-1.764218377706412433e-01,1.258676059256189639e-01,-2.051175800269346150e-01,-1.166476742981456399e-01,-1.811871956904589076e-01,-1.351911322904796320e-01,-1.013156531648192193e-01,-1.314617217445353536e-01,8.598363203149279876e-03,-9.302807417383196498e-02,-2.833316067543768524e-01,-2.774267067232984441e-01,-2.874753962498704518e-01,-1.616077903242515157e-01,-2.707966435305086406e-01,-1.811871956904589076e-01
1.281466901481404519e-01,1.604682482129907717e-01,4.378949549362892157e-01,4.296073759453019614e-01,-1.040091163368900701e-01,-4.506371076349320604e-02,4.759142235574432833e-01,1.000000000000000000e+00,-1.398528954729099522e-02,-7.717807935356883753e-02,1.618149797990262040e-01,2.757691909251009932e-01,1.874028799336993345e-01,3.630995545426292104e-01,-6.298560033150316095e-02,2.486273697296177178e-03,-1.543561587071376751e-01,-8.132186884906246471e-02,2.100901274215269676e-01,8.018232673780170683e-02,-3.739770019683000268e-02,-7.997513726302703241e-02,1.607790324251527903e-01,3.221796332746296176e-01,-1.351911322904796320e-01,-1.201698953693152300e-01,-2.181705169377395337e-01,-2.071894747746814147e-01,9.188853206257120709e-02,1.787009219931627313e-01,2.327773749093546007e-01,3.549155702890293140e-01,1.216202216927379925e-01,1.462757691909250812e-01,-1.376774059877758083e-01,-7.096239511032839675e-02,4.454573707655650958e-03,5.863462136123483853e-02,-1.636796850719983432e-02,-1.010048689526572008e-01,4.319900549052108074e-02,1.885424220449601063e-02,-1.584999482026313022e-01,-2.804309541075312717e-01,-1.146793742877861705e-01,-1.407852481093960217e-01,-1.989018957836941603e-01,-2.695535066818605663e-01,-1.088780689940950924e-01,-1.025587900134673075e-01,-2.174453537760281663e-01,-2.405469802134051760e-01,-1.304257743706619677e-01,-1.169584585103076585e-01,-2.771159225111364255e-01,-3.705583756345177671e-01,-1.715528851134362209e-01,-4.754998446078938928e-02,-2.444835802341240732e-02,1.163368900859836214e-01,1.912358852170309431e-01,3.362685175593079223e-01,4.661763182430331970e-02,8.546565834455609190e-02,-6.702579508960944399e-02,4.744638972340204514e-02,-6.940847404951827615e-02,-9.986532684139644289e-02,-3.377188438827307543e-02,-1.246244690769708757e-01,4.402776338961979924e-02,2.438620118098000500e-01,-1.193411374702164907e-01,-4.630684761214130113e-02,1.999378431575675810e-02,-5.272972133015642326e-02,4.454573707655650958e-03,-4.268103180358437387e-02,-1.230705480161607690e-01,-1.154045374494975518e-01,-2.012845747436030064e-01,-2.764943540868123883e-01,-2.755620014503263118e-02,-2.544286750233087924e-01,-2.378535170413342836e-01,-2.597120066300631636e-01,-1.688594219413653771e-02,-2.258365275044027509e-01,-6.640422666528539297e-02,-2.273904485652128715e-01,-2.205531958976483797e-01,-9.945094789184708711e-03,-8.588003729410545461e-02,5.376566870402983006e-02,-5.386926344141716727e-02,-7.386304775717392190e-02,-3.028074173831968863e-01,-2.348492696571013727e-01,-4.180047653579198053e-01,-3.041541489692323186e-01,-2.032528747539624758e-01,3.687972650989329582e-02,-2.646845540246555162e-01,-1.470009323526364764e-01,-1.854345799233398928e-01,-1.112607479540039246e-01,-9.831140578058635004e-02,-1.284574743603024705e-01,-5.511240029006526236e-02,-9.323526364860663333e-04,-2.763907593494250303e-01,-2.294623433129596990e-01,-3.114057805863461592e-01,-1.915466694291929617e-01,-2.079146379363928099e-01,-1.609862218999274786e-01
-1.341551849166062182e-01,-2.464518802444835566e-01,1.198591111571531975e-01,1.111571532166165804e-01,6.795814772609550802e-01,4.306433233191753196e-01,1.547705376566870239e-01,-1.398528954729099522e-02,1.000000000000000000e+00,5.126903553299491101e-01,4.288822127835905523e-02,-4.599606339997927562e-02,1.003833005283331636e-01,5.904900031078421339e-03,3.352325701854345641e-01,4.000828757899098087e-01,-1.955868641872992586e-01,-2.362995959805241908e-01,-1.116751269035532873e-01,-1.042163058116647723e-01,2.286335854138609736e-01,3.959390862944162093e-01,1.091888532062571110e-01,1.017300321143685821e-01,3.593701439966849320e-01,4.050554231845022168e-01,4.728063814358230976e-01,4.790220656790634690e-01,-5.625194240132601331e-02,6.039573189681963356e-02,1.331192375427328323e-01,-1.730032114368590113e-01,7.873200041437894425e-02,-2.693463172070858364e-02,1.177872164094063839e-01,-1.366414586139023946e-01,-1.140578058634621333e-01,-2.272868538278255135e-01,1.371594323008391292e-01,1.287682585724644890e-01,-7.469180565627266122e-02,-5.511240029006526236e-02,-1.632653061224489666e-01,-1.271107427742670659e-01,-4.040194758106288239e-03,-1.067025795089609347e-02,-1.009012742152698566e-01,-6.630063192789806097e-03,-6.122448979591836593e-02,-1.180980006215684164e-01,-5.666632135087536909e-02,-3.460064228737180086e-02,-2.082254221485548354e-02,-3.491142649953381943e-02,1.845022272868538371e-01,1.149901584999481891e-02,-2.140267274422459065e-01,-2.665492592976276831e-01,-3.687972650989329582e-02,-3.030146068579716023e-01,1.174764321972443654e-01,-5.013985289547290974e-02,-1.241064953900341689e-01,-8.857350046617631922e-02,2.973168963016678545e-02,-7.355226354501190333e-02,-7.728167409095616780e-02,-1.052522531855381721e-01,-2.693463172070858537e-03,-7.355226354501190854e-03,4.194550916813425401e-01,1.785973272557754010e-01,1.077385268828343345e-01,1.564280534548844956e-02,9.230291101212058369e-02,-3.004247384232880576e-03,1.213094374805759740e-01,1.487620428882212853e-01,-2.214855485341344632e-01,-2.096757484719776188e-01,4.661763182430332317e-03,4.817155288511343336e-02,-9.468558997202941585e-02,6.402154770537656081e-02,4.185227390448564844e-02,8.940225836527503078e-02,8.505127939500672918e-02,-6.049932663420697770e-02,1.548741323940743542e-01,1.028695742256293261e-01,8.215062674816117627e-02,3.223868227494043337e-01,2.566041645084429224e-01,3.657930177147000750e-01,1.864705272972132667e-03,2.973168963016678545e-02,4.237024759142235530e-02,8.940225836527503078e-02,-2.175489485134155139e-03,9.758624261887495488e-02,1.495908007873200107e-01,3.317103491142650018e-01,1.792188956800994451e-02,1.279395006733657636e-01,4.413135812700714339e-02,1.369522428260644409e-01,9.748264788148761073e-02,-5.469802134051589965e-02,9.841500051797368032e-02,1.792188956800994451e-02,1.864705272972132667e-03,3.056044752926551089e-02,9.882937946752304303e-02,3.574018439863254487e-02,1.012120584274318752e-01,1.381953796747125152e-01
-2.180669222003522034e-01,-2.251113643426913835e-01,-2.589868434683517857e-03,9.872578473013569889e-02,5.250181290790427724e-01,6.075831347767532975e-01,-3.232155806485030591e-02,-7.717807935356883753e-02,5.126903553299491101e-01,1.000000000000000000e+00,-6.505749507924997455e-02,-4.931109499637418431e-02,-5.127939500673365375e-02,-3.574018439863254487e-02,1.574640008287578885e-01,6.085154874132393532e-01,-2.144411063917952831e-01,-1.832590904382057073e-01,-1.951724852377499098e-01,-2.608515487413239353e-01,2.909976173210400696e-01,4.096135916295451929e-01,5.842743188646016411e-02,4.578887392520459426e-02,4.037086915984667845e-01,1.785973272557754010e-01,5.310266238475085387e-01,5.993991505231534012e-01,-1.836734693877550839e-01,2.040816326530612082e-02,-6.319278980627783190e-03,-1.508339376359680850e-01,-2.900652646845540070e-02,-1.986947063089194998e-01,8.898787941572568194e-02,-5.076142131979695035e-03,-2.079146379363928099e-01,-2.308090748989951035e-01,3.128561069097689912e-02,2.385786802030456788e-01,1.398528954729099522e-02,8.598363203149278489e-02,-1.311509375323733351e-01,-4.402776338961979924e-02,-9.105977416347249553e-02,-6.806174246348284385e-02,-2.589868434683517684e-02,6.837252667564487629e-02,-1.097068268931938179e-01,-1.056666321350875209e-01,5.563037397700196229e-02,6.132808453330571008e-02,1.142649953382368078e-01,-1.191339479954418162e-02,2.176525432508028546e-01,1.322904796436340791e-01,-2.092613695224282422e-01,-2.282192064643115970e-01,1.885424220449601063e-02,-2.868538278255464147e-01,8.101108463690044614e-02,-2.430332539107013246e-01,-1.450326323422770035e-02,2.745260540764528703e-02,2.310162643737698196e-02,-1.628509271728995900e-01,-7.375945301978659163e-02,-1.462757691909250812e-01,-1.367450533512897491e-02,-4.589246866259193147e-02,3.527400808038951285e-01,2.214855485341344632e-01,-4.143789495493628051e-03,5.065782658240960967e-02,-4.154148969232362987e-02,-1.022480058013052889e-01,7.800683725266754909e-02,9.613591629545217843e-02,-2.187920853620635986e-01,1.035947373873407143e-02,7.738526882834351195e-02,4.754998446078938928e-02,-2.239718222314306117e-01,2.942090541800476133e-01,2.107116958458510048e-01,2.060499326634206707e-01,9.893297420491038718e-02,1.214130322179633042e-01,2.491453434165544489e-01,3.463172070858800411e-01,1.853309851859525348e-01,1.761110535584791970e-01,2.574329224075416755e-01,2.889257225732932421e-01,7.189474774681445246e-02,1.223453848544494016e-01,1.586035429400186325e-01,7.779964777789287467e-02,7.945716357609032554e-02,5.407645291619185557e-02,2.434476328602506456e-01,2.506992644773645695e-01,5.790945819952345724e-02,9.437480575986739728e-02,5.013985289547290974e-02,5.138298974412099790e-02,-6.733657930177145909e-03,4.413135812700714339e-02,3.812286335854137703e-02,4.817155288511343336e-02,7.251631617113850348e-02,4.071273179322489749e-02,9.779343209364962930e-02,1.150937532373355332e-01,1.070133637211229533e-01,1.263855796125556638e-02
2.558790013467315272e-01,6.174246348285505892e-02,1.340515901792188880e-01,1.989018957836941742e-02,1.812907904278462587e-02,3.024966331710348885e-02,1.865741220346006368e-01,1.618149797990262040e-01,4.288822127835905523e-02,-6.505749507924997455e-02,1.000000000000000000e+00,1.948617010255878912e-01,4.570599813529472311e-01,2.401326012638557994e-01,1.828447114886563585e-01,3.107842121620221472e-04,1.840878483373044328e-01,3.915881073241479077e-02,2.951414068165336690e-01,1.227597638039987504e-01,-1.346731586035429251e-01,-4.444214233916916890e-02,1.538381850202009682e-01,1.088780689940950924e-01,-1.522842639593908476e-01,-1.460685797161504103e-02,-1.244172796021962152e-01,-8.215062674816117627e-02,2.113332642701750419e-01,-1.243136848648088502e-02,1.129182637522013755e-01,1.012120584274318752e-01,3.052936910804930903e-01,2.338133222832280145e-01,-4.703201077385268242e-02,2.030456852791878014e-02,5.614834766393866916e-02,-8.981663731482439350e-02,2.496633171034911072e-02,-1.166476742981456399e-01,1.180980006215684268e-02,-4.858593183466279608e-02,-1.863669325598259485e-01,-2.310162643737697641e-01,-1.046306847612141211e-01,-1.035947373873407074e-01,-1.538381850202009682e-01,-2.058427431886460102e-01,4.143789495493628051e-03,-7.738526882834351195e-02,-7.728167409095616780e-02,-1.824303325391070096e-01,-1.048378742359888094e-01,3.936600020718947560e-03,-6.588625297834868610e-02,-1.705169377395628072e-01,1.227597638039987504e-01,-2.879933699368071587e-02,-6.371076349321454224e-02,-7.935356883870298139e-02,2.151662695535066505e-01,1.364342691391277063e-01,2.398218170516937531e-01,-5.076142131979694688e-02,-1.989018957836941742e-02,-1.146793742877861705e-01,-9.416761628509270898e-02,-1.600538692634413951e-01,3.263234227701232448e-02,-6.215684243240442945e-04,3.978037915673883484e-02,7.179115300942710831e-02,1.179944058841810722e-01,3.294312648917434305e-02,1.116751269035532873e-01,1.019372215891432565e-01,9.572153734590281571e-02,-3.004247384232880576e-03,1.244172796021962152e-01,-2.165130011395420898e-02,1.085672847819330739e-01,-1.278359059359784333e-01,2.841603646534756056e-01,-9.768983735626228515e-02,-1.346731586035429269e-03,-2.540142960737594158e-01,9.945094789184708017e-02,-1.067025795089609347e-02,-3.315031596394902441e-02,-2.958665699782450642e-01,-8.556925308194342217e-02,3.138920542836423633e-02,-5.386926344141717074e-03,5.407645291619185557e-02,-1.119859111157153059e-01,-9.344245312338132770e-02,-7.500258986843467979e-02,-8.432611623329534789e-02,-1.301149901584999491e-01,-5.480161607790323686e-02,-4.257743706619703666e-02,3.905521599502744662e-02,-1.081529058323837111e-01,-5.055423184502226552e-02,-1.424427639075934726e-01,-7.634932145447011209e-02,6.132808453330571008e-02,-9.147415311302184437e-02,3.656894229773127031e-02,-2.320522117476431917e-02,-1.248316585517455640e-01,-3.149280016575158048e-02,-1.087744742567077483e-02,-1.019372215891432565e-01,-1.321868849062467488e-01,-4.174867916709830429e-02
1.326012638557960976e-01,2.664456645602403251e-01,5.739148451258675732e-02,1.752822956593804715e-01,-6.557546876618666754e-02,4.516730550088055712e-02,6.267481611934114238e-02,2.757691909251009932e-01,-4.599606339997927562e-02,-4.931109499637418431e-02,1.948617010255878912e-01,1.000000000000000000e+00,2.150626748161193202e-01,5.250181290790427724e-01,-1.792188956800994451e-02,7.572775303014606108e-02,-7.769605304050553572e-03,1.431679270693048678e-01,2.675852066715010968e-01,1.973479747228840675e-01,-2.134051590179218694e-02,6.143167927069304035e-02,6.329638454366517952e-02,9.323526364860663333e-04,-1.226561690666114202e-01,-1.540453744949756565e-01,-1.438930902310162352e-01,-1.347767533409302831e-01,1.160261058738216028e-01,2.386822749404329813e-01,4.558168445042991290e-02,1.387133533616492220e-01,2.472806381435822543e-01,2.362995959805241908e-01,-2.318450222728685173e-01,-9.717186366932559216e-02,-1.493836113125453224e-01,-8.691598466797886835e-02,-1.699989640526261281e-01,-1.460685797161504207e-01,4.143789495493628810e-04,-1.346731586035429269e-03,-1.322904796436340791e-01,-9.696467419455090386e-02,-1.442038744431782538e-01,-7.458821091888531707e-02,-7.220553195897647103e-02,-1.886460167823474643e-01,-7.106598984771572702e-02,2.496633171034911072e-02,1.595358955765046813e-02,5.832383714907281996e-02,3.149280016575158048e-02,-3.024966331710348885e-02,-1.122966953278773383e-01,-1.487620428882212853e-01,5.107220553195897239e-02,8.059670568735108342e-02,-7.924997410131565112e-02,2.154770537656686830e-02,-2.848855278151869730e-02,9.188853206257120709e-02,1.633689008598362968e-01,2.567077592458302804e-01,-2.546358644980834529e-01,-1.190303532580544721e-01,-1.049414689733761397e-01,-9.623951103283953645e-02,7.075520563555370845e-02,1.067025795089609347e-01,-3.729410545944265333e-03,1.258676059256189639e-01,1.419247902206567831e-02,2.237646327566559235e-01,4.413135812700714339e-02,1.139542111260747892e-01,1.176836216720190537e-01,9.375323733554334626e-02,1.688594219413653771e-02,9.520356365896612272e-02,-4.268103180358437387e-02,2.444835802341240732e-02,-4.754998446078938928e-02,-8.857350046617631922e-02,-1.658551745571325009e-01,-1.659587692945198312e-01,-6.505749507924997455e-02,-1.051486584481508280e-01,-1.502123692116440479e-01,-2.838495804413135870e-01,-1.176836216720190537e-01,2.765979488241997186e-02,-5.718429503781207596e-02,-6.650782140267275100e-02,1.212058427431886298e-02,7.355226354501190333e-02,-6.277841085672847266e-02,-5.096861079457162824e-02,-1.178908111467937281e-01,6.319278980627783190e-03,-7.148036879726509495e-03,2.175489485134155139e-03,-6.298560033150316095e-02,6.091370558375634042e-02,3.449704754998445672e-02,3.636175282295659589e-02,-8.080389516212576478e-03,-3.097482647881487361e-02,2.579508960944783963e-02,5.138298974412099790e-02,-1.304257743706619677e-01,-5.200455816844503504e-02,-7.261991090852584763e-02,-6.422873718015124737e-03,7.976794778825234411e-02,-1.087744742567077483e-02
1.787009219931627313e-01,5.065782658240960967e-02,1.602610587382160834e-01,1.377810007251631559e-02,6.443592665492592353e-02,-2.185848958872889033e-02,1.468973376152491461e-01,1.874028799336993345e-01,1.003833005283331636e-01,-5.127939500673365375e-02,4.570599813529472311e-01,2.150626748161193202e-01,1.000000000000000000e+00,4.669014814047445783e-01,3.673469387755101678e-01,2.299803169998963781e-02,7.023723194861700159e-02,2.413757381125038876e-02,1.761110535584791970e-01,1.062882005594115858e-01,-3.719051072205532132e-02,-5.179736869367035715e-03,1.924790220656790729e-01,2.134051590179218694e-01,-1.666839324562311986e-01,9.199212679995855124e-02,-9.800062156842430372e-02,-4.205946337926032980e-02,9.841500051797368032e-03,7.634932145447011209e-02,5.542318450222728093e-02,4.848233709727545193e-02,2.129907800683725205e-01,2.109188853206256931e-01,-8.049311094996373928e-02,-1.548741323940743542e-01,-1.854345799233398512e-02,-1.015228426395938938e-01,2.797057909458199043e-02,-2.496633171034911072e-02,-1.749715114472184530e-01,-8.494768465761938503e-02,-7.438102144411064265e-02,-3.543975966020925794e-01,-1.155081321868848820e-01,-2.344348907075520516e-01,-1.307365585828239862e-01,-3.228012016989537103e-01,-1.530094271211022428e-01,-2.469698539314202357e-01,-2.926551331192375205e-01,-3.176214648295866416e-01,-7.924997410131565112e-02,-7.386304775717392190e-02,-7.531337408059669836e-02,-2.255257432922407324e-01,1.033875479125660329e-01,2.310162643737698196e-02,-2.206567906350357378e-01,-1.735211851237957181e-01,1.698953693152387492e-02,8.950585310266237493e-02,4.123070548016160436e-02,-6.371076349321454224e-02,-5.252253185538174191e-02,-7.438102144411064265e-02,-2.011809800062156761e-01,-1.868849062467626554e-01,-2.258365275044027856e-02,7.303428985807521034e-02,6.557546876618666754e-02,-2.279084222521495819e-03,3.584377913601988902e-02,6.101730032114367763e-02,1.476225007769605135e-01,2.300839117372837361e-01,1.024551952760799772e-01,6.464311612970061183e-02,2.983528436755412266e-02,-1.060810110846368975e-01,7.407023723194861020e-02,-9.520356365896612272e-02,2.780482751476224812e-01,-1.986947063089194998e-01,-4.848233709727545193e-02,-2.704858593183466220e-01,2.137159432300838879e-01,-8.163265306122448328e-02,-3.739770019683000268e-02,-2.806381435823059878e-01,-3.346110017611104992e-02,1.665803377188438683e-01,5.521599502745260651e-02,9.686107945716357359e-02,-1.270071480368797079e-01,-1.159225111364342586e-01,-1.192375427328291604e-01,-6.951206878690562030e-02,-1.059774163472495395e-01,1.367450533512897491e-02,-4.848233709727545193e-02,1.106391795296798874e-01,-9.458199523464207170e-02,1.502123692116440375e-02,-1.085672847819330739e-01,-2.134051590179218694e-02,9.893297420491038718e-02,-1.750751061846058110e-01,1.093960426810317993e-01,-1.403708691598466451e-01,-9.675748471977622944e-02,9.043820573914844452e-02,1.512483165855174443e-02,-1.053558479229255024e-01,-2.372319486170102257e-02,3.024966331710348885e-02
