0.000000000000000000e+00,4.508908177249886240e-01,2.801380640576620618e-01,1.690269529465509776e-02,-1.699913709963961628e-01,-1.746611847114359906e-01,3.953606415917974015e-01,4.268818841683164056e-02,3.537891477589970302e-02,-4.776407288970103970e-02,2.690726359068068008e-01,6.827064616009341502e-02,3.801329881731892457e-01,8.228008730521294001e-02,1.554743414039896632e-01,1.046139789858382962e-01,-1.075579919801025464e-01,-8.948784325668748818e-02,5.298715801228364164e-01,3.830770011674534681e-01,-9.182275011420741595e-02,-5.903253641947110719e-02,-1.060859854829704352e-02,-6.806761078117863628e-02,-6.542815085528654040e-02,-1.717171717171717404e-01,-2.177554438860971817e-02,-9.131516166692046910e-02,-1.807522460788792695e-01,-1.248159991878584896e-01,-2.509009694939343671e-01,-2.152682604943911560e-01,1.573016598142226441e-01,7.415867214862191525e-02,-1.274554591137505855e-01,-1.139536064159179934e-01,-2.675498705649460018e-01,-1.142581594842901477e-01,-6.471752702908481480e-02,-1.970965940815187223e-01,-2.050149738591950099e-01,-2.620679153342470591e-01,-2.448099081264910604e-01,-1.921222272981067125e-01,-8.583320643622152635e-02,-2.189228973148571455e-01,-1.978072179077204340e-01,-3.118115831683671568e-01,-7.111314146490026189e-02,-5.588548804629207833e-02,-1.862849601543069278e-02,-1.035988020912644164e-01,-1.811583168367087993e-01,-1.057306735698695654e-01,-1.020252779046748950e-02,7.882848586366175692e-02,3.149586315415461302e-01,2.779046748895995789e-01,3.150601492310035612e-01,1.162885132734379073e-01,4.736307801634435655e-01,7.537688442211057382e-02,1.613623673925181634e-01,1.842038475204304804e-01,1.955738287396578956e-01,-6.649408659458911838e-03,6.532663316582915103e-02,-1.019745190599462142e-01,3.853103903355160065e-01,2.397340236536216751e-01,-1.370488807674737422e-03,1.669965991574032249e-02,1.341556266179382007e-01,1.380132988173189412e-01,1.765900208111263470e-01,5.395665194660170111e-02,-1.497385919496472401e-02,-2.248616821481143335e-02,3.395766712349627264e-02,-9.365006852444039687e-02,-1.405512410537536339e-01,-1.302979544185574601e-01,-2.635906806761078580e-01,-2.942490228922389761e-01,-1.204507385411908160e-01,-3.338409217806203588e-01,-2.380082229328460697e-01,-2.724227196589006361e-01,-1.180143139942135128e-01,-8.400588802598854543e-02,-1.145627125526623019e-01,1.729353839906604129e-01,-6.624029237094565536e-02,1.921222272981067125e-01,-1.386224049540632774e-01,-1.494847977260037875e-01,4.441398913760723210e-02,-5.192629815745394145e-02,1.764885031216689715e-01,1.322267905182478442e-01,1.132429825897162678e-01,1.278615298715801429e-01,9.669559920816203635e-02,2.012588193492716448e-01,-6.877823460738034800e-02,8.004669813715040161e-02,-6.106289020861886685e-02,1.761331912085681295e-02,-1.878077254961677336e-03,-1.406019998984823355e-02,4.837317902644536205e-02,1.529363991675549705e-01,8.999543170397442116e-02,-1.694837825491092020e-01,7.664585554032791667e-03,-9.649256382924725761e-02
4.508908177249886240e-01,0.000000000000000000e+00,1.054261205014973973e-01,4.603827216892544816e-02,-1.861326836201208368e-01,-1.589259428455408463e-01,9.598497538196032464e-02,-1.675041876046901414e-03,3.197807217907720941e-03,-8.359981726815898795e-02,3.304400791837978218e-02,1.984670828891934788e-02,1.704989594436830957e-01,5.740825338815289808e-02,1.198416324044465076e-01,9.314248007715346389e-02,-4.720572559768540684e-03,7.629054362722706428e-02,3.137404192680575132e-01,4.899751281660829627e-01,-1.093853103903355412e-01,2.411045124612964247e-02,-3.608953860210142167e-02,-5.923557179838588593e-02,-3.345007867620933967e-02,-1.446119486320491532e-01,-4.603827216892544816e-02,-1.076595096695599357e-01,-9.781229379219330555e-02,-1.507537688442211338e-02,-2.258261001979595395e-01,-8.238160499467032938e-02,1.549667529567027302e-01,1.264402822191766917e-01,-1.783158215319019524e-01,-3.548043246535709239e-02,-1.017714836810314355e-01,1.195370793360743256e-01,7.055479417288463249e-03,-1.263895233744480144e-02,-1.401451702959240764e-01,-1.600426374295721155e-01,-1.297903659712704993e-01,-7.629054362722706428e-02,3.081061875031724379e-02,-8.014821582660779098e-02,-1.246129638089437108e-01,-2.213593218618344627e-01,5.126643317598092095e-03,6.400690320288310309e-02,2.390741586721486719e-02,-5.436272270443125859e-02,-1.374041926805746050e-01,-8.674686564133801681e-02,3.598802091264403230e-02,9.151819704583524784e-02,4.090655296685448139e-01,5.541343079031522123e-01,2.292777016395106948e-01,7.679813207451399726e-02,2.550631947616872619e-01,2.695294655093650321e-02,9.892898837622456087e-02,1.920207096086493370e-01,1.059337089487843442e-01,-3.680016242830313339e-02,-1.172529313232831098e-02,-1.215674331252220852e-01,5.045936754479468656e-01,4.800263945992590542e-01,2.385665702248617251e-03,-2.908481802954164877e-02,8.938632556723009881e-02,1.033957667123496377e-01,8.228008730521294001e-02,-3.446525557078321256e-02,-4.451550682706462148e-02,1.822242525760113876e-02,4.238363534845947939e-02,-6.959037612303944909e-02,-5.294147505202782128e-02,-4.999746205776357116e-02,-2.470432972945535988e-01,-1.999390893863255969e-01,-1.327343789655347772e-01,-2.362824222120705198e-01,-1.280645652504948939e-01,-1.366935688543728933e-01,-4.015024618039694099e-02,-1.609055377899598974e-02,-1.826810821785696537e-01,2.218161514643926871e-02,-1.313131313131313538e-01,9.897974722095326597e-03,-7.415867214862191525e-02,-5.497182884117558788e-02,-2.350134510938531318e-02,-4.654586061621238113e-02,1.059337089487843442e-01,2.187706207806710754e-02,-1.456778843713517173e-02,4.167301152225776073e-02,3.974417542256739044e-02,1.205522562306482193e-01,-4.959139129993402062e-02,1.370488807674737422e-03,9.288868585350999046e-03,4.167301152225776073e-02,6.786457540226385754e-02,2.766357037713822187e-02,5.030201512613573928e-02,7.710268514288616537e-02,6.106289020861886685e-02,-1.815643875945383567e-01,-1.063397797066138878e-01,-1.319222374498756623e-01
2.801380640576620618e-01,1.054261205014973973e-01,0.000000000000000000e+00,3.591188264555099097e-01,1.275569768032079609e-01,1.618699558398050964e-01,5.798182833358713761e-01,1.010608598548297238e-01,2.986142835389067329e-01,2.410537536165677230e-01,2.088726460585757505e-01,-8.715293639916756041e-02,3.842952134409421405e-01,-3.070910106085986135e-02,2.110045175371808857e-01,2.027815846911324715e-01,-1.578092482615095771e-01,-1.502969392416629024e-01,2.993249073651084169e-01,9.365006852444039687e-02,2.705446424039389258e-02,-1.013654129232018919e-01,5.387036191056292500e-01,4.254098776711842667e-01,3.340439571595351098e-01,1.751687731587229235e-01,1.446119486320491532e-01,3.603877975737272785e-03,-8.502106492056242526e-02,-2.110045175371808857e-01,-6.948885843358205971e-02,-1.319222374498756623e-01,1.393330287802649892e-01,5.273843967311304948e-02,7.750875590071570898e-02,-1.436982894269326627e-01,-1.204507385411908160e-01,-1.320237551393330655e-01,5.842343028272677097e-02,-5.223085122582610956e-02,-4.106390538551343145e-02,-1.042079082280087526e-01,-2.574996193086645513e-01,-3.292726257550378510e-01,-6.887975229683773737e-02,-3.020658849804578883e-01,-2.586163138926957927e-01,-2.745545911375057435e-01,-3.061265925587534076e-01,-2.289731485711385683e-01,-2.471448149840109743e-01,-3.355667225013959643e-01,-2.982082127810771754e-01,-1.777067153951576162e-01,-1.962844525658596351e-01,-5.527638190954774905e-02,-8.375209380234506854e-03,4.289122379574641930e-02,1.304502309527435372e-02,-1.767930561900411257e-01,9.182275011420741595e-02,-1.604487081874016730e-01,-1.231917161565402874e-01,-1.389269580224354317e-01,2.872443023196792344e-01,-2.279072128318359799e-02,1.665397695548449797e-01,-1.016699659915740461e-01,1.864372366884929910e-01,9.486828079792905544e-02,1.589259428455408463e-01,1.359829450281711816e-01,1.119232526267702338e-01,5.811887721435460979e-02,4.126694076442821019e-02,-3.629257398101619347e-02,6.877823460738034800e-02,-1.345109385310390426e-02,-2.157250900969494289e-02,-1.065428150855286665e-01,-1.506014923100350567e-01,-1.027866605756053153e-01,1.751180143139942358e-02,-7.588447286939750680e-02,1.588751840008121446e-02,-9.537586924521598841e-02,-5.152022739962439091e-02,3.608953860210142167e-02,5.020049743667834991e-02,-1.005532714075427908e-01,-1.723262778539160767e-01,1.898888381300442019e-01,-1.865387543779503943e-01,5.517486422009035968e-02,-1.756763616060098565e-01,-1.526318460991828163e-01,-3.893203390690828242e-02,-1.035988020912644164e-01,-1.038018374701791952e-01,-4.877924978427491259e-02,-2.470432972945535988e-01,-2.817115882442516178e-02,-2.542510532460281469e-01,-1.299934013501852781e-01,-2.970915181970458785e-01,-9.040150246180397864e-02,-1.344601796863103549e-01,-1.422770417745292393e-01,-1.347647327546825369e-01,-2.289223897264098737e-02,-8.349829957870161246e-02,-7.943759200040607926e-02,-1.025836251966905366e-01,-1.232932338459976906e-01,3.131820719760418370e-02,-2.451652200395919301e-02
1.690269529465509776e-02,4.603827216892544816e-02,3.591188264555099097e-01,0.000000000000000000e+00,1.369981219227450753e-01,3.684584538855896207e-01,2.118166590528399729e-01,4.578955382975483657e-01,3.312014618547282629e-01,4.145474848992437567e-01,-1.822242525760113876e-02,1.223288157961524916e-02,1.578092482615095771e-01,1.287751890766966334e-01,1.047154966752956856e-01,3.500837520938023806e-01,-1.067458504644434453e-01,-2.624739860920766166e-01,-5.893101873001371782e-02,1.152733363788640414e-01,-4.207908228008731127e-02,3.233338409217806353e-02,3.698797015379930442e-01,5.964671844068829554e-01,2.314095731181158577e-01,2.059286330643115004e-01,2.309527435155576264e-02,1.287751890766966334e-01,-1.048170143647530750e-01,-1.130399472108015030e-01,-1.067458504644434453e-01,5.761128876706766294e-02,4.989594436830618179e-02,1.334450027917364889e-01,-9.842139992893762790e-02,8.476727069691896224e-03,-3.101365412923202253e-02,6.928582305466728097e-02,1.690269529465509776e-02,1.383178518856910955e-01,4.451550682706462148e-02,-3.669864473884574402e-02,-3.136389015786001377e-01,-4.040911628851328041e-01,-2.324247500126897237e-01,-2.499873102888178766e-01,-1.269478706664636525e-01,-1.609562966346886059e-01,-2.972945535759606850e-01,-1.888736612354703082e-01,-2.289731485711385683e-01,-2.591239023399827812e-01,-1.182173493731282776e-01,-6.918430536520989160e-02,-1.243084107405715566e-01,-1.266433175980914705e-01,-7.832089741637481006e-02,-4.471854220597939328e-02,-1.691792294807370478e-01,-2.185168265570276158e-01,-1.076595096695599357e-01,-2.182630323333841112e-03,-1.734429724379473459e-01,-7.608750824831228554e-02,1.689761941018222691e-01,2.014618547281864236e-01,-9.202578549312219469e-02,-1.484696208314299215e-01,1.185219024415004596e-01,1.028881782650627047e-01,8.654383026242323806e-02,7.415867214862191525e-02,7.055479417288463249e-03,2.573473427744784811e-02,-8.613775950459369446e-02,-1.994822597837673378e-02,-1.266433175980914705e-01,-1.233947515354550661e-01,-2.208009745698188281e-02,-2.004466778336125299e-01,-2.300898431551698098e-01,-2.919141160347190622e-01,2.329830973047053791e-02,-1.812090756814374939e-02,-7.517384904319579508e-02,1.167453428759961716e-03,2.791736460078169096e-03,1.468453378001116916e-01,1.759809146743820385e-01,2.893254149535557165e-03,1.979594944419064972e-03,-4.923607938683315956e-03,-3.375463174458150084e-02,-1.826810821785696537e-01,-5.152022739962439091e-02,-3.192731333434851299e-02,-4.045479924876910216e-02,-5.634231764885032009e-03,-1.325313435866199985e-01,-1.556773767829044419e-01,-2.999340135018527809e-01,-1.890766966143850869e-01,-2.275519009187351172e-01,-2.072483630272575206e-01,-1.510075630678646141e-01,-1.177097609258413446e-01,-5.903253641947110719e-02,-1.105020049743668104e-01,-3.334856098675195030e-02,1.099944165270798635e-01,-3.710471549667530150e-02,-1.126338764529719455e-01,-1.254251053246028258e-01,-1.063397797066138878e-01,6.040302522714583421e-03,8.679762448606671496e-03
-1.699913709963961628e-01,-1.861326836201208368e-01,1.275569768032079609e-01,1.369981219227450753e-01,0.000000000000000000e+00,4.335312928277753053e-01,7.385411908024974714e-02,1.676564641388762211e-01,4.003350083752094668e-01,3.592203441449672852e-01,-3.172427795543373424e-02,6.999644688086900657e-02,-1.426323536876300709e-02,6.837216384955079052e-02,1.330389320339069315e-01,2.184153088675702126e-01,-7.456474290645147274e-02,-2.055733211512105960e-02,5.075884472869398060e-05,-3.121668950814680127e-02,1.387239226435206529e-01,6.492056240799959355e-02,2.063347038221410301e-01,1.267448352875488737e-01,4.522105476879346719e-01,3.272422719658900636e-01,3.312014618547282629e-01,3.215572813562763699e-01,6.014923100350237639e-02,6.268717323993706902e-02,1.140551241053753689e-01,4.370336531140552039e-02,-1.294350540581696608e-02,4.400791837977768156e-02,5.314451043094260002e-02,-9.456372772955688732e-02,-3.070910106085986135e-02,-7.131617684381504063e-02,3.345007867620933967e-02,1.325313435866199985e-01,3.202883102380590236e-02,1.453225724582508649e-01,-6.116440789807624234e-02,-1.233947515354550661e-01,-1.113141464900259114e-01,-4.441398913760723210e-02,-9.984264758134106521e-02,-4.938835592101924188e-02,-1.495863154154611907e-01,-7.872696817420436755e-02,-2.288716308816811373e-01,-2.119181767422973761e-01,-1.317192020709608835e-01,-6.827064616009341502e-02,-2.021724785543881353e-01,-1.025836251966905366e-01,-2.140500482209025113e-01,-2.525252525252525415e-01,-1.501954215522054992e-01,-1.353738388914268453e-01,-1.201461854728186618e-01,-6.258565555047967965e-02,-8.136642810009644955e-02,-1.594335312928278070e-01,5.842343028272677097e-02,8.882797827521446768e-03,-8.563017105730674761e-02,-1.473529262473986245e-01,-7.913303893203391115e-02,-9.821836455002284916e-02,-7.111314146490026189e-02,-2.441500431450180364e-02,-5.294147505202782128e-02,-7.933607431094868989e-02,-1.499923861732907204e-01,-1.053246028120400080e-01,-2.989695954520075333e-02,-9.831988223948023853e-02,-1.811583168367087993e-01,-7.324501294350541092e-02,-1.122278056951424019e-01,-4.796710826861581151e-02,2.101923760215217707e-01,2.250139586823004245e-01,-8.969087863560226692e-02,-6.446373280544135699e-03,2.579056900664941088e-01,2.312065377392011067e-01,1.714126186487995862e-01,-4.268818841683164056e-02,-1.700421298411248366e-02,-1.370488807674737422e-03,-1.761331912085681295e-02,-8.146794578955383892e-02,-7.781330896908787709e-02,-9.963961220242628647e-02,-2.243033348560987128e-01,-1.606517435663164517e-01,-2.172986142835389434e-01,-8.877721943048577646e-02,-1.416679356377849031e-01,-4.563220141109589068e-02,-1.655245926602710860e-01,-1.312116136236739505e-01,-1.590274605349982495e-01,-2.079589868534592600e-01,-2.284148012791229181e-03,-4.664737830566977050e-02,-9.862443530785240664e-02,-5.903253641947110719e-02,-2.704938835592102242e-01,-1.882645550987259719e-01,-1.054261205014973973e-01,1.390284757118928072e-01,-1.294858129028983451e-01,1.812090756814374939e-02
-1.746611847114359906e-01,-1.589259428455408463e-01,1.618699558398050964e-01,3.684584538855896207e-01,4.335312928277753053e-01,0.000000000000000000e+00,4.177452921171515010e-02,3.036901680117761182e-01,4.334297751383178743e-01,7.602152175016497759e-01,7.613826709304097632e-04,1.512105984467793929e-01,2.715598192985127848e-02,1.441043601847622202e-01,9.710166996599157996e-02,3.847012841987716980e-01,-6.827064616009341502e-02,-9.750774072382113744e-02,-7.141769453327243000e-02,-1.355261154256129190e-02,2.457235673316075508e-01,1.372011573016598263e-01,2.530328409725394745e-01,3.192223744987564560e-01,4.308918329018832094e-01,4.437845794629715068e-01,1.647124511446119710e-01,3.270392365869753126e-01,5.649459418303640068e-02,5.476879346226080914e-02,7.608750824831228554e-02,2.664839348256433857e-02,-8.786356022536928601e-02,-4.720572559768540684e-03,1.167453428759961716e-03,1.198416324044465076e-01,1.314654078473174136e-02,-6.116440789807624234e-02,3.852596314907873187e-02,2.048119384802802312e-01,8.481802954164764652e-02,1.731384193695751639e-01,-1.462362316633673553e-01,-1.942540987767118754e-01,-1.600426374295721155e-01,-8.156946347901122829e-02,-9.253337394040914154e-02,-5.547941728846252085e-02,-1.140551241053753689e-01,-8.420892340490332417e-02,-1.533424699253845280e-01,-1.177097609258413446e-01,-8.481802954164764652e-02,5.837267143799808149e-03,-1.242068930511141811e-01,-4.553068372163850130e-02,-2.440992843002893764e-01,-2.104969290898939527e-01,-1.735444901274047214e-01,-1.698898533069387595e-01,-2.159788843205928954e-01,-4.898228516318969133e-02,-8.563017105730674761e-02,-5.162174508908178028e-02,-1.548144764225166392e-02,1.573524186589513561e-03,-1.260342114613471620e-01,-1.891782143038424624e-01,-1.124308410740571668e-01,-4.461702451652201085e-02,-8.578244759149283860e-03,-2.299375666209837674e-02,-1.014669306126592813e-01,-8.847266636211360835e-02,-1.924267803664788945e-01,-6.309324399776661263e-02,-6.563118623420131914e-02,-1.017714836810314355e-01,-9.771077610273591618e-02,-8.786356022536928601e-02,-1.014669306126592813e-01,-9.101060859854830098e-02,1.718186894066291437e-01,1.927313334348510487e-01,-6.918430536520989160e-02,1.659306634181006435e-01,3.082584640373585705e-01,3.248058474189127742e-01,1.878584843408964422e-01,7.283894218567585344e-02,-6.816912847063602565e-02,-1.219735038830516427e-01,-9.395462159281256498e-02,-1.937465103294249147e-01,-4.654586061621238113e-02,-1.964367291000457261e-02,-1.912085680929902221e-01,-1.433937363585604807e-01,-2.739454850007614350e-01,-1.969950763920613468e-01,-2.486675803258718287e-01,-1.363890157860007391e-01,-2.284655601238516354e-01,-2.116136236739251941e-01,-7.375260139079235777e-02,-2.266382417136186267e-01,8.441195878381810291e-02,1.202984620070047389e-02,-1.079640627379320900e-01,-8.928480787777270944e-02,-1.574031775036800473e-01,-3.017613319120857618e-01,-1.803461753210497120e-01,9.491903964265774318e-03,-1.717171717171717404e-01,-1.370488807674737422e-03
3.953606415917974015e-01,9.598497538196032464e-02,5.798182833358713761e-01,2.118166590528399729e-01,7.385411908024974714e-02,4.177452921171515010e-02,0.000000000000000000e+00,2.142530835998172900e-01,2.451144611948632424e-01,1.372011573016598263e-01,1.943556164661692509e-01,9.568042231358815652e-02,4.753565808842191154e-01,1.200446677833612585e-01,1.524288107202680376e-01,1.346632150652251336e-01,-2.204456626567179722e-01,-1.820719760418253175e-01,2.563829247246333098e-01,1.260342114613471620e-01,-1.365412923201868127e-02,-7.791482665854526646e-02,2.545556063144003289e-01,1.512105984467793929e-01,1.382163341962337200e-01,1.284198771635957845e-02,7.811786203746004520e-02,-8.055428658443734846e-02,-1.706004771331404712e-01,-2.377036698644739432e-01,-1.784173392213593279e-01,-2.069438099588853663e-01,1.099944165270798635e-01,6.928582305466728097e-02,5.893101873001371782e-02,-7.091010608598549703e-02,-2.649104106390539060e-01,-2.766864626161109064e-01,-7.750875590071570898e-02,-1.847114359677174134e-01,-1.893812496827572411e-01,-1.987208771128369245e-01,-2.705954012486676552e-01,-3.074463225216994555e-01,-1.646109334551545678e-01,-3.092736409319324364e-01,-2.481599918785848957e-01,-3.308969087863560810e-01,-2.051164915486523854e-01,-1.856250951728339038e-01,-1.211613623673925277e-01,-2.769910156844830884e-01,-2.120196944317547516e-01,-2.115121059844678186e-01,-1.610578143241460092e-01,-6.268717323993706902e-02,-6.674788081823258834e-02,-4.918532054210447008e-02,6.979341150195422783e-02,-8.999543170397442116e-02,2.933353636871224857e-01,4.720572559768540684e-03,2.796812344551038304e-02,-2.147099132023755352e-02,2.581087254454088598e-01,6.887975229683773737e-02,1.313131313131313538e-01,-1.080655804273894793e-01,1.217704685041368640e-01,-5.344906349931476119e-02,1.454240901477082404e-01,1.626820973554642114e-01,1.434952540480178840e-01,1.065428150855286665e-01,1.493832800365464120e-01,4.218059996954470064e-02,1.336480381706512677e-01,6.136744327699102108e-02,-1.221765392619664214e-01,-1.578092482615095771e-01,-2.128318359474138666e-01,-1.621745089081772506e-01,-9.872595299730979601e-02,-2.041013146540785195e-01,-8.024973351606518035e-02,-2.313080554286584822e-01,-1.555758590934470664e-01,-1.855235774833765283e-01,-3.517587939698493121e-02,-1.700928886858535383e-01,3.101365412923202253e-02,3.284604842393787361e-01,4.685041368458454925e-02,2.367900106593574527e-01,-1.079640627379320900e-01,-1.167961017207248403e-01,6.756002233389168943e-02,-2.390741586721486719e-02,1.271509060453784035e-01,1.517181868940663259e-01,-1.304502309527435372e-02,8.908177249885793070e-02,-2.715598192985127848e-02,7.233135373838892046e-02,-1.264402822191766917e-01,5.608852342520685014e-02,-1.428861479112735478e-01,-9.730470534490635870e-02,-5.669762956195117942e-02,1.903456677326024332e-02,-2.898330034008425940e-02,1.182173493731282776e-01,4.593675447946805879e-02,-2.512562814070352230e-02,1.558296533170905329e-02,-2.461803969341657891e-02
4.268818841683164056e-02,-1.675041876046901414e-03,1.010608598548297238e-01,4.578955382975483657e-01,1.676564641388762211e-01,3.036901680117761182e-01,2.142530835998172900e-01,0.000000000000000000e+00,1.697883356174813840e-01,3.775950459367545253e-01,4.568296025582458254e-04,3.218618344246485519e-01,1.641033450078676348e-01,4.524135830668494784e-01,-4.857621440536014079e-02,2.934368813765798611e-01,-1.944571341556266542e-01,-2.789198517841734448e-01,-1.155778894472361956e-01,4.482005989543678265e-02,-9.791381148165069492e-02,4.634282523729760933e-02,4.238363534845947939e-02,2.515100756306786756e-01,8.136642810009644955e-02,1.909040150246180678e-01,6.040302522714583421e-03,6.141820212171971924e-03,-1.825795644891122504e-01,-9.700015227653420447e-02,-2.021724785543881353e-01,-8.629003603877977244e-04,-5.329678696512868234e-03,1.634942388711232986e-01,-8.339678188924422308e-02,9.293944469823868515e-02,-1.420740063956144605e-01,-9.659408151870464698e-02,-2.001421247652403757e-01,-2.756205268768083250e-02,-1.325313435866199985e-01,-1.150703009999492626e-01,-2.131363890157860208e-01,-2.183137911781128371e-01,-2.100908583320643952e-01,-9.243185625095175217e-02,-1.821734937312826930e-01,-2.431856250951728859e-01,-6.217958479265012217e-02,-1.771483681031419885e-02,-4.441398913760723210e-02,-6.705243388660475645e-02,-1.308055428658443931e-01,-1.985178417339221457e-01,-1.754733262270951055e-01,-2.084665753007461930e-01,-2.318156438759454152e-01,-1.823765291101974717e-01,-4.938835592101924188e-02,1.522765341860819418e-04,7.791482665854526646e-02,3.431805492107000144e-01,-1.751180143139942358e-02,1.375057103700320082e-01,9.019846708288919990e-02,3.945485000761382866e-01,-1.265417999086340950e-01,-5.446424039388864796e-02,-6.745850464443430006e-02,-8.268615806304249749e-02,5.893101873001371782e-02,9.913202375513933962e-02,5.314451043094260002e-02,1.004517537180854014e-01,-3.436373788132583013e-02,4.157149383280037136e-02,-2.553169889853307284e-02,-7.867620932947566939e-03,-1.897873204405867986e-01,-2.713060250748693392e-01,-3.904877924978427672e-01,-4.092685650474595649e-01,-1.188264555098726138e-01,-1.017714836810314355e-01,-1.862342013095782400e-01,-1.190294908887873926e-01,-1.287751890766966334e-01,-8.928480787777270944e-02,3.324704329729456093e-02,-1.595350489822851825e-01,2.462311557788944838e-01,1.250190345667732683e-01,2.565859601035480608e-01,3.903355159636567179e-02,-2.695294655093650321e-02,4.421095375869246030e-02,-4.776407288970103970e-02,4.146997614334298893e-02,5.162174508908178028e-02,1.040048728490939739e-01,-1.040556316938226651e-02,1.639510684736815785e-02,-1.395868230039084591e-02,7.360032485660627025e-03,4.370336531140552039e-02,-6.573270392365870851e-02,-2.385665702248617251e-03,-1.385716461093345828e-02,2.289223897264098737e-02,8.359981726815898795e-02,-4.055631693822649153e-02,5.750977107761027357e-02,5.710370031978072997e-02,2.218161514643926871e-02,-5.527638190954774905e-02,2.147099132023755352e-02
3.537891477589970302e-02,3.197807217907720941e-03,2.986142835389067329e-01,3.312014618547282629e-01,4.003350083752094668e-01,4.334297751383178743e-01,2.451144611948632424e-01,1.697883356174813840e-01,0.000000000000000000e+00,4.716004263742958336e-01,-3.751078625450485204e-02,-1.233439926907263680e-02,2.045073854119080492e-01,-2.182630323333841112e-03,3.818587888939648511e-01,3.056190041114664746e-01,-1.307040251763870176e-01,-9.781229379219330555e-02,5.030201512613573928e-02,1.128369118318867242e-01,1.026851428861479260e-01,1.277600121821227397e-01,3.621643571392315630e-01,2.222729810669509531e-01,4.338358458961474318e-01,1.685701233439927116e-01,2.541495355565707714e-01,2.759758387899091669e-01,-4.553068372163850130e-02,-8.441195878381810291e-02,2.279072128318359799e-02,1.761331912085681295e-02,-1.446627074767778583e-02,1.065935739302573647e-03,-2.715598192985127848e-02,9.354855083498300750e-02,-2.999847723465814270e-02,-3.791685701233440953e-02,5.344906349931476119e-02,9.304096238769607452e-02,-1.639510684736815785e-02,4.796710826861581151e-02,-2.340490330440079536e-01,-3.746510329424903030e-01,-2.066392568905132121e-01,-2.656210344652556454e-01,-5.263692198365566011e-02,-7.162072991218720874e-02,-1.695853002385666053e-01,-9.933505913405411836e-02,-9.984264758134106521e-02,-1.492817623470890087e-01,-2.893254149535557165e-03,-1.375564692147607064e-02,-1.360844627176285848e-01,-9.801532917110807042e-02,-9.273640931932390641e-02,-9.913202375513933962e-02,-9.365006852444039687e-02,-2.333384092178062141e-01,-4.207908228008731127e-02,-1.761839500532968172e-01,-1.200446677833612585e-01,-2.257245825085021362e-01,1.287751890766966334e-01,-8.989391401451703179e-02,-8.431044109436071354e-02,-2.861276077356479930e-01,9.760925841327852681e-02,2.674991117202172794e-02,1.015684483021166568e-01,7.151921222272981937e-02,-7.156997106745850885e-03,-2.908481802954164877e-02,-6.948885843358205971e-02,-2.806964113496777241e-02,-1.087762042535912049e-01,-1.595350489822851825e-01,-1.546621998883305760e-01,-2.150652251154764050e-01,-1.261357291508045375e-01,-1.116186995583980657e-01,7.872696817420436755e-02,3.954114004365261170e-02,-5.126643317598092095e-03,2.289223897264098737e-02,1.668443226232171339e-01,1.368966042332876720e-01,2.825744886046394067e-01,2.319679204101315201e-02,-7.151921222272981937e-02,-1.994822597837673378e-02,-1.062382620171564984e-01,-2.027815846911324715e-01,-1.118217349373128444e-01,-1.703974417542256925e-01,-2.233896756509822223e-01,-1.820719760418253175e-01,-1.879600020303538177e-01,-2.052180092381097887e-01,-2.698847774224659157e-01,-2.376021521750165677e-01,-2.159788843205928954e-01,-1.995330186284960394e-01,-1.987208771128369245e-01,-1.396375818486371434e-01,-7.426018983807930463e-02,-1.265417999086340950e-01,-1.722247601644586734e-01,-5.126643317598092095e-03,-1.979087355971778373e-01,-1.506014923100350567e-01,-1.045124612963809069e-01,-6.552966854474392977e-02,-1.768945738794985290e-01,-2.806964113496777241e-02
-4.776407288970103970e-02,-8.359981726815898795e-02,2.410537536165677230e-01,4.145474848992437567e-01,3.592203441449672852e-01,7.602152175016497759e-01,1.372011573016598263e-01,3.775950459367545253e-01,4.716004263742958336e-01,0.000000000000000000e+00,5.720521800923811934e-02,1.501954215522054992e-01,1.369981219227450753e-01,2.303943962235419918e-01,1.216689508146794885e-01,4.565758083346023177e-01,-1.172021724785543978e-01,-1.425815948429013935e-01,-1.416171767930562118e-02,3.273945485000762101e-02,1.809552814577940483e-01,6.756002233389168943e-02,2.759758387899091669e-01,3.307953910968987055e-01,4.032790213694736892e-01,3.771889751789249678e-01,1.653215572813563072e-01,2.833866301202985216e-01,-3.040454799248769324e-02,2.045581442566367369e-02,-1.771483681031419885e-02,-1.010101010101010187e-02,-6.492056240799959355e-02,2.817115882442516178e-02,-1.527841226333688865e-02,1.023805898177757717e-01,-4.796710826861581151e-02,-1.149687833104918594e-01,7.664585554032791667e-03,1.457286432160804224e-01,-1.020252779046748950e-02,8.359981726815898795e-02,-2.227805695142378861e-01,-2.494797218415308881e-01,-1.708035125120552500e-01,-1.345616973757677581e-01,-1.916146388508197795e-01,-1.442058778742195957e-01,-1.477589970052281820e-01,-1.173036901680117872e-01,-1.519212222729811046e-01,-1.207552916095629980e-01,-1.485711385208872970e-01,-7.050403532815593954e-02,-1.183188670625856809e-01,-3.720623318613269087e-02,-2.036952438962489620e-01,-1.489772092787168545e-01,-9.517283386630122355e-02,-1.495863154154611907e-01,-9.293944469823868515e-02,3.020151261357292144e-02,-5.497182884117558788e-02,2.004974366783412315e-02,7.730572052180093023e-02,5.334754580985737182e-02,-9.862443530785240664e-02,-2.157758489416781167e-01,-5.395665194660170111e-02,-1.517689457387949928e-02,1.903456677326024332e-02,5.228161007055480598e-03,-3.954114004365261170e-02,-4.725648444241409979e-02,-1.376072280594893837e-01,-5.984467793513020828e-02,-2.238465052535404398e-02,-6.908278767575251611e-02,-1.050200497436678537e-01,-1.193340439571595468e-01,-1.743566316430638363e-01,-1.500939038627481237e-01,6.075833714024669874e-02,8.674686564133801681e-02,-6.816912847063602565e-02,9.831988223948023853e-02,1.953707933607431446e-01,2.245063702350134915e-01,1.567940713669357111e-01,3.040454799248769324e-02,-4.908380285264708071e-02,-8.116339272118167081e-02,-7.141769453327243000e-02,-1.287751890766966334e-01,-5.487031115171819851e-02,3.299324907365108576e-03,-1.489772092787168545e-01,-8.085883965280951657e-02,-1.907009796457032891e-01,-1.048170143647530750e-01,-2.496827572204456946e-01,-8.867570174102838709e-02,-1.923252626770214913e-01,-1.488756915892594512e-01,-8.634079488350845932e-02,-2.085680929902035685e-01,4.888076747373230196e-02,-2.994771838992944801e-03,-6.999644688086900657e-02,-4.055631693822649153e-02,-1.145627125526623019e-01,-2.108014821582661069e-01,-9.080757321963352224e-02,2.817115882442516178e-02,-1.240038576721994024e-01,-1.375564692147607064e-02
2.690726359068068008e-01,3.304400791837978218e-02,2.088726460585757505e-01,-1.822242525760113876e-02,-3.172427795543373424e-02,7.613826709304097632e-04,1.943556164661692509e-01,4.568296025582458254e-04,-3.751078625450485204e-02,5.720521800923811934e-02,0.000000000000000000e+00,1.117202172478554550e-01,3.697781838485356687e-01,8.796507791482667538e-02,1.183188670625856809e-01,4.674889599512715987e-02,-5.431196385970255870e-03,-1.195370793360743256e-01,2.387188467590478091e-01,8.882797827521446768e-03,-3.822141008070657070e-02,-9.557890462413076715e-02,1.337495558601086432e-01,9.334551545606824263e-02,-2.746053499822344660e-02,-1.781635449977158822e-02,5.537789959900513842e-02,-1.842546063651591404e-02,9.293944469823868515e-02,-9.694939343180551325e-03,-2.573473427744784811e-02,-1.825795644891122504e-01,-8.578244759149283860e-03,-1.420740063956144605e-01,7.618902593776967491e-02,-1.797370691843053758e-01,-4.380488300086290282e-02,-1.290797421450687876e-01,-2.187706207806710754e-02,-1.219735038830516427e-01,3.436373788132583013e-02,-1.347647327546825369e-01,-9.801532917110807042e-02,-5.750977107761027357e-02,2.888178265062687697e-02,-9.263489162986651704e-02,-1.789249276686462886e-01,-1.014669306126592813e-01,-5.283995736257043191e-02,-1.218719861935942395e-01,-2.471955738287396828e-02,-1.751180143139942358e-02,-1.299934013501852781e-01,-2.654687579310695267e-02,8.461499416273286778e-02,2.969392416628598153e-02,-1.274047002690219081e-02,-8.781280138064059132e-03,1.745596670219786151e-01,-7.360032485660627025e-03,1.560834475407339994e-01,-5.415968732551647291e-02,3.223186640272067416e-02,7.578295517994011743e-02,2.061316684432262791e-01,-4.055631693822649153e-02,1.047154966752956856e-01,-8.918329018831532007e-02,-5.532714075427643506e-03,-1.730876605248464831e-02,8.578244759149283860e-03,9.796457032637938961e-03,1.231917161565402874e-01,9.090909090909091161e-02,1.396375818486371434e-01,3.197807217907720941e-03,1.454240901477082404e-01,5.141870971016700848e-02,1.107050403532815752e-01,9.760925841327852681e-02,9.491903964265774318e-03,-8.136642810009644955e-02,5.634231764885032009e-03,-6.786457540226385754e-02,1.087762042535912049e-01,-1.050200497436678537e-01,-4.350032993249074165e-02,-8.075732196335212720e-02,1.781635449977158822e-02,-4.888076747373230196e-02,-4.573371910055328005e-02,1.652200395918989040e-01,-4.471854220597939328e-02,2.162834373889650497e-01,-1.315161666920461325e-01,-2.563321658799046221e-02,5.700218263032334060e-02,1.472006497132125492e-03,4.857621440536014079e-02,1.058321912593269548e-01,1.146642302421197052e-01,1.203492208517334405e-01,3.070910106085986135e-02,7.212831835947414172e-02,1.669965991574032249e-02,8.207705192629816127e-02,1.035988020912644164e-01,1.002487183391706227e-01,1.979594944419064972e-03,-1.586213897771686920e-01,1.084716511852190368e-01,4.756103751078626096e-02,5.141870971016700848e-02,-3.527739708644231365e-02,1.493832800365464120e-01,3.121668950814680127e-02
6.827064616009341502e-02,1.984670828891934788e-02,-8.715293639916756041e-02,1.223288157961524916e-02,6.999644688086900657e-02,1.512105984467793929e-01,9.568042231358815652e-02,3.218618344246485519e-01,-1.233439926907263680e-02,1.501954215522054992e-01,1.117202172478554550e-01,0.000000000000000000e+00,1.198416324044465076e-01,4.968783310491853844e-01,-2.022739962438455386e-01,4.045479924876910216e-02,-4.319577686411858047e-02,-1.032942490228922622e-01,-1.629358915791076848e-02,1.355768742703416241e-01,-5.060656819450790045e-02,4.289122379574641930e-02,-1.645094157656971923e-01,-6.745850464443430006e-02,-6.116440789807624234e-02,6.664636312877519897e-02,-1.458301609055377979e-01,-9.842139992893762790e-02,6.756002233389168943e-02,1.699913709963961628e-01,-1.327343789655347772e-01,-4.431247144814984273e-02,1.375564692147607064e-02,1.090807573219633730e-01,-1.164915486523526861e-01,1.260342114613471620e-01,-1.402466879853814796e-01,-7.710268514288616537e-02,-2.186183442464849913e-01,-7.304197756459063218e-02,-8.096035734226689207e-02,-1.073549566011877676e-01,3.639409167047358284e-02,6.187503172427796794e-02,-1.253743464798741380e-02,1.408557941221257881e-01,-1.559819298512765962e-01,-2.310035023602863002e-01,2.100908583320643952e-01,1.288767067661540089e-01,1.271509060453784035e-01,1.365920511649155178e-01,-9.710166996599157996e-02,-1.727323486117456341e-01,-8.958936094614487755e-02,-4.847469671590275142e-02,-2.391249175168773666e-01,-1.858281305517486826e-01,3.182579564489112361e-02,7.101162377544287252e-02,1.030912136439774834e-01,3.074463225216994555e-01,5.964164255621542954e-02,2.030861377595046258e-01,-1.120247703162276232e-01,1.750672554692655480e-01,-1.728338663012030096e-01,-2.847571189279732295e-02,-9.628952845033247887e-02,-8.837114867265621898e-02,1.365412923201868127e-02,3.639409167047358284e-02,1.503984569311202779e-01,3.091721232424750609e-01,3.974417542256739044e-02,1.418709710166996818e-01,5.126643317598092095e-03,1.003502360286280121e-01,-1.238008222932846236e-01,-1.819704583523679142e-01,-1.894827673722146444e-01,-1.144611948632049264e-01,-8.390437033653115606e-02,-3.842444545962134250e-02,-1.480635500736003363e-01,-7.598599055885489617e-02,-1.054261205014973973e-01,-1.108065580427389646e-01,-1.176082432363839553e-01,-2.243033348560987128e-01,1.485711385208872970e-01,5.172326277853916965e-02,2.206486980356327510e-01,7.354956601187757903e-02,-3.913506928582306116e-02,1.984670828891934788e-02,-7.436170752753669400e-02,-1.497385919496472401e-02,7.070707070707071829e-02,1.610578143241460092e-01,3.649560935993097222e-02,3.182579564489112361e-02,-1.822242525760113876e-02,3.619105629155880410e-02,1.277600121821227397e-01,-3.771382163341963079e-02,5.735749454342420513e-03,1.355261154256129190e-02,-3.050606568194508261e-02,5.634231764885032009e-03,5.771280645652505231e-02,8.938632556723009881e-02,1.038018374701791952e-01,4.390640069032029219e-02,-1.576062128825948261e-01,-6.786457540226385754e-02
3.801329881731892457e-01,1.704989594436830957e-01,3.842952134409421405e-01,1.578092482615095771e-01,-1.426323536876300709e-02,2.715598192985127848e-02,4.753565808842191154e-01,1.641033450078676348e-01,2.045073854119080492e-01,1.369981219227450753e-01,3.697781838485356687e-01,1.198416324044465076e-01,0.000000000000000000e+00,1.795340338053905971e-01,2.216638749302066169e-01,1.697883356174813840e-01,-2.131363890157860208e-01,-2.316126084970306087e-01,1.731384193695751639e-01,7.953910968986346863e-02,-1.194355616466169501e-01,-1.240038576721994024e-01,2.504948987361048096e-01,1.520227399624384801e-01,5.192629815745394145e-02,-2.776508806659560777e-02,9.111212628800569036e-02,-7.872696817420436755e-02,-9.852291761839501727e-02,-1.309070605553017963e-01,-2.145576366681894442e-01,-1.971981117709761255e-01,-7.131617684381504063e-02,-1.274554591137505855e-01,-6.471752702908481480e-02,-1.161869955839805318e-01,-1.609562966346886059e-01,-1.416679356377849031e-01,-6.146896096644841045e-02,-1.536470229937566823e-01,-1.158824425156083499e-01,-1.901933911984163561e-01,-2.967869651286737520e-01,-3.178011268463530326e-01,-1.771991269478706832e-01,-3.470382214100807827e-01,-3.293741434444952265e-01,-3.304908380285265235e-01,-1.854220597939191251e-01,-1.730369016801177884e-01,-7.304197756459063218e-02,-6.989492919141161720e-02,-2.311050200497436757e-01,-1.832901883153139899e-01,-4.898228516318969133e-02,7.618902593776967491e-02,-6.065681945078930937e-02,9.897974722095326597e-03,5.619004111466423951e-02,-1.149687833104918594e-01,2.645043398812243485e-01,-1.233439926907263680e-02,-5.629155880412162888e-02,-2.411045124612964247e-02,2.597330084767270897e-01,-2.045581442566367369e-02,-4.410943606923507093e-02,-2.857215369778184355e-01,1.126338764529719455e-01,-1.609055377899598974e-02,1.009593421653723344e-01,6.157047865590579983e-02,1.148672656210344839e-01,1.286736713872392301e-01,9.436069235064210858e-02,-8.375209380234506854e-03,1.078625450484747006e-01,-2.588701081163393390e-03,-1.093853103903355412e-01,-1.350692858230546911e-01,-2.235927110298970011e-01,-1.274554591137505855e-01,-6.542815085528654040e-02,-1.448149840109639319e-01,3.507436170752754184e-02,-1.050200497436678537e-01,-1.190294908887873926e-01,-1.552713060250748844e-01,7.344804832242018966e-02,-1.162885132734379073e-01,-7.156997106745850885e-03,2.947566113395259646e-01,3.548043246535709239e-02,2.589208669610679747e-01,-1.895842850616720199e-01,-8.979239632505965629e-02,-3.299324907365108576e-03,4.938835592101924188e-02,1.228871630881681332e-01,1.602456728084868942e-01,-6.766154002334907880e-02,8.766052484645450726e-02,-6.999644688086900657e-02,3.375463174458150084e-02,-6.268717323993706902e-02,1.279630475610375184e-01,-9.923354144459672899e-02,-1.015684483021166568e-01,-8.634079488350845932e-02,-2.339982741992792728e-02,7.334653063296280029e-02,1.667428049337597307e-01,1.383178518856910955e-01,-4.096238769605604207e-02,4.583523679001066942e-02,2.208009745698188281e-02
