1.000000000000000000e+00,1.972517048659180872e-01,1.540788596626160301e-01,1.488488950417884427e-01,-1.844331641285956169e-01,-1.440291237245552025e-01,2.004307029687740493e-01,1.284417781879710896e-01,-4.927447059426755260e-02,5.793980413269753278e-03,3.215402758549966711e-01,1.587960826539506765e-01,3.994770035379172635e-01,-3.020048197713172747e-02,9.972824693636876681e-02,-1.369020150746039048e-02,-5.470953186689227893e-02,-2.886735374045018912e-02,1.726401066502589454e-01,1.142901092139670810e-01,-2.784187048146439386e-02,-8.352561144439317464e-02,9.603650720401990526e-02,-1.456698969389324805e-01,-8.239757985950879604e-02,-1.442342203763523623e-01,-1.697174793621494468e-02,-1.108034661334153792e-01,3.214890016920474158e-02,-1.223914269599548910e-01,-1.320309695944213713e-01,-1.551043429216018288e-01,-9.542121724862842602e-02,-1.100856278521253201e-01,-1.506947649079629081e-01,-1.172640106650258973e-01,1.669999487258370663e-01,1.115213044147054383e-01,6.270830128698148820e-02,9.588268471517202504e-03,2.189406757934676817e-02,-1.245449418038250683e-01,8.649951289545199096e-02,3.840434804901809995e-02,1.052658565348920799e-01,-7.245039224734657612e-02,4.086550787058401690e-02,1.455673486130338867e-01,7.562939035020253831e-02,8.506383633287187274e-02,1.316207762908270795e-01,1.034199866687176284e-01,5.183817874173204249e-02,3.614828487924934969e-02,1.563349228323847873e-01,1.270061016253909714e-01,2.363226170332769493e-01,8.855047941342357454e-02,2.821617187099420554e-01,1.495667333230785156e-01,1.947905450443521425e-01,4.219863610726554831e-02,-2.620109726708711589e-02,-1.253653284110136934e-01,-1.830487617289647956e-02,-5.281238783776855648e-03,-6.824591088550480134e-02,-7.973132338614573322e-02,3.683023124647490376e-01,2.187868533046198050e-01,1.984310106137517418e-02,-5.132543711223915006e-02,6.332359124237296744e-02,-1.050607598830949063e-01,-1.180843972722145224e-01,-1.745885248423319491e-01,3.235399682100190133e-02,-3.020048197713172747e-02,-1.452597036353381610e-01,-1.803312310926524220e-01,-2.332974414192688292e-02,-7.193765061785366288e-02,6.414397784956160642e-02,1.820232784699789969e-02,2.163256934830539158e-01,-9.747218376660000960e-02,1.067015330974721843e-01,1.163923498948879823e-02,1.517202481669486791e-01,-3.194380351740758184e-02,-5.870891657693688703e-02,1.450546069835410012e-01,1.130595293031841364e-01,1.971491565400194934e-01,3.143106188791468247e-02,3.809670307132236033e-02,-2.102240680920883925e-03,4.568527918781725705e-02,-4.712095575039738221e-02,4.086550787058401690e-02,1.256216992257601535e-02,5.860636825103830022e-02,-2.035584269086807355e-02,8.562785212531407245e-03,-1.005486335435574058e-01,-1.650515305337640348e-01,1.291596164692611348e-01,-1.804337794185510158e-01,8.055170999333437221e-02,1.031123416910219026e-01,3.953237963390247856e-02,7.255294057324514212e-02,-4.794134235758602119e-02,1.051633082089935001e-01,4.681331077270163565e-02,-7.521919704660821882e-02
1.972517048659180872e-01,1.000000000000000000e+00,1.657693688150541078e-01,2.429882582166846272e-01,-1.013690201507460448e-01,-1.464902835461211195e-01,2.035584269086807355e-02,1.901758703789160621e-01,-1.672050453776342260e-01,-1.383889658001333234e-01,3.112341691021893939e-02,1.727939291391068083e-02,-9.870276367738298195e-02,-7.229656975849870632e-03,-1.605394041942265204e-01,-2.031995077680356920e-01,1.485412500640927169e-01,2.912885197149157057e-01,3.867610111264934147e-01,5.255088960672718024e-01,-3.235399682100190133e-02,-2.272983643542019205e-01,6.773316925601190197e-02,3.973747628569963830e-02,-1.437214787468594490e-01,-1.409526739475978063e-01,-8.383325642208891426e-02,-6.998923242578065917e-02,-2.589345228939137628e-02,1.477208634569040779e-01,4.127570117417833639e-02,-8.475619135517613312e-02,2.475003845562221139e-01,1.932523201558734860e-01,-9.244731579756960971e-02,7.229656975849870632e-03,-1.952007383479464897e-01,-1.565400194841819193e-01,-8.085935497103011182e-02,-1.678203353330257053e-01,-6.691278264882326299e-02,-2.568835563759421653e-02,-5.604266010357381034e-02,-2.476542070450700114e-02,-6.311849459057580769e-02,2.144798236168794781e-01,-1.269035532994923776e-01,-1.015741168025432045e-01,1.568476644618776727e-01,2.323232323232323482e-01,1.554119878992975545e-01,1.702814951545916222e-01,-4.768497154283957151e-03,9.665179715941137062e-02,-1.625903707121981456e-01,-9.224221914577246384e-02,3.282059170384044045e-01,4.954622365789878580e-01,5.717069168845818894e-02,6.465671947905450578e-02,5.737578834025534869e-02,1.644362405783725556e-01,1.034199866687176284e-01,2.255550428139260766e-01,1.269035532994923776e-01,1.181869455981131301e-01,-1.286981490027175497e-02,9.213967081987387009e-02,2.431933548684817592e-01,3.084140901399785029e-01,-1.473106701533097584e-01,-2.295544275239707055e-01,-1.112649335999589886e-02,-1.811516176998410610e-01,2.199661590524534804e-02,-1.335691944829000832e-01,-2.291442342203763582e-01,-2.293493308721735457e-01,-6.588729938983746426e-02,2.353484079372404267e-02,-8.362815977029175452e-02,-5.491462851868943174e-02,-1.503871199302671546e-01,-1.399271906886120076e-01,-2.630364559298569577e-02,9.531866892272983227e-02,8.947341434651080727e-02,-1.224939752858534570e-01,-5.768343331795108830e-02,-1.794082961595652170e-01,-1.013690201507460448e-01,-1.367481925857560454e-01,-6.722042762651900261e-02,-1.437214787468594490e-01,-2.187868533046198050e-01,-1.622827257345023921e-01,-1.647438855560683091e-01,-2.562169922576014169e-01,-8.978105932420654689e-02,-9.552376557452700589e-02,2.814951545916013001e-02,-7.921858175665283386e-02,-1.378762241706404379e-01,-1.965338665846280419e-01,-3.471260831666923147e-02,-5.409424191150079275e-02,1.107009178075167993e-01,6.219555965748859577e-02,-2.336563605599138449e-01,-1.704865918063887820e-01,-2.582679587755729589e-01,-4.681331077270163565e-02,2.650874224478285551e-02,-1.399784648515613010e-02,-1.022919550838332636e-01,-2.335538122340153067e-01
1.540788596626160301e-01,1.657693688150541078e-01,1.000000000000000000e+00,4.658257703942982886e-01,-5.347895195610932045e-02,-1.242372968261293148e-01,4.058349997436292433e-01,2.095575039737476442e-01,-3.522534994616213083e-02,-4.086550787058401690e-02,1.220837819822591652e-01,-1.875096139055529854e-01,-1.553607137363482646e-02,8.701225452494489032e-02,2.681638722247859513e-02,1.179305747833666804e-03,3.296928677639338057e-02,-1.563861969953340633e-02,2.923140029739014767e-01,2.681638722247859513e-02,1.902271445418653867e-02,-5.511972517048659842e-02,3.990668102343229440e-01,3.357944931548992873e-01,1.055735015125878057e-01,-5.552991847408091791e-02,7.665487360918833704e-02,-7.050197405527355854e-02,-6.270830128698148820e-02,-4.086550787058401690e-02,4.978721222376045197e-02,3.881454135261241944e-02,2.035071527457314455e-01,1.470030251756140049e-01,1.806388760703481478e-01,2.241193662513459584e-01,6.824591088550480134e-02,5.793980413269753278e-03,2.568835563759421653e-02,-1.176742039686202307e-01,4.004512126339537792e-02,-3.317438342819054031e-02,-1.906886120084089753e-01,-2.151976618981695233e-01,-1.706916884581859140e-01,-1.818694559811311062e-01,-1.456698969389324805e-01,-1.178793006204173766e-01,-9.388299236014972793e-02,-1.033174383428190624e-01,2.507306568220273729e-02,-7.844946931241348134e-03,2.261190586063682728e-02,4.773624570578885451e-02,-8.229503153361021617e-02,-2.138132594985387228e-02,1.705891401322873480e-01,1.021894067579346838e-01,-6.968158744808491956e-02,-1.239296518484335891e-01,9.895913449212942123e-03,1.399784648515613010e-02,-5.440188688919653931e-02,-1.699738501768958687e-01,4.182433471773573386e-01,3.635850894734143912e-01,2.827770086653335624e-01,1.166487207096344320e-01,3.163615853971184222e-02,1.809977952109931981e-02,1.296723580987540481e-01,-6.086243142080705743e-02,1.551043429216018288e-01,1.584371635133056608e-02,-9.624160385581706501e-02,-2.083269240629646857e-01,9.029380095369944625e-02,8.716607701379276187e-04,-1.184945905758088558e-01,3.327693175408912019e-02,-1.360303543044659724e-01,-1.122391426959954974e-01,-1.574116802543198620e-02,-5.429933856329795944e-02,1.840229708250012974e-01,5.583756345177665059e-02,1.835102291955083842e-01,8.598677126595909159e-02,2.396041634620315053e-01,5.691432087371173405e-03,-1.664872070963441530e-01,-6.752807260421474223e-02,-1.540788596626160301e-01,-2.794441880736297026e-02,-9.521612059683126628e-02,-4.999230887555761171e-02,-2.239142695995487986e-01,-1.412603189252935598e-01,-2.207352714966928364e-01,-5.870891657693688703e-02,-1.052658565348920799e-01,-1.418756088806850391e-01,-1.810490693739424950e-01,-1.061887914679792849e-01,-9.572886222632416564e-02,-7.265548889914373587e-02,7.737271189047838227e-02,4.255755524791057787e-03,-1.024970517356304234e-01,-7.070707070707071829e-02,-1.293647131210583223e-01,-1.242372968261293148e-01,-2.096600522996462101e-01,-5.122288878634056325e-02,-1.173665589909244772e-01,-2.285289442649849068e-01
1.488488950417884427e-01,2.429882582166846272e-01,4.658257703942982886e-01,1.000000000000000000e+00,-1.122391426959954974e-01,-1.360303543044659724e-01,4.204994103471261235e-01,5.326872788801723102e-01,-9.398554068604830780e-02,-2.599600061528995615e-02,1.738706865610419039e-01,5.399169358560221982e-02,5.347895195610932045e-02,1.658719171409527016e-01,-1.148028508434599942e-01,-2.107368097215812919e-02,1.362354509562631599e-01,1.366456442598574794e-01,2.557042506281085315e-01,1.649489822078654688e-01,-1.043429216018048611e-01,-1.510024098856586339e-01,2.568322822129928684e-01,3.075937035327898639e-01,-6.557965441214172464e-02,-1.142901092139670810e-01,-8.834538276162642867e-02,-1.643336922524739896e-01,-3.266164179869763401e-02,2.753422550376865077e-02,1.748448956570784057e-02,1.252627800851150996e-01,2.692406296467210747e-01,3.263600471722299390e-01,1.694611085474029832e-01,2.176588217197354402e-01,-9.998461775111521996e-03,-9.685689381120854424e-02,-1.060862431420807189e-01,-1.475157668051069182e-01,-4.701840742449879540e-02,-5.050505050505051108e-02,-1.672050453776342260e-01,-1.545916012921089155e-01,-1.937650617853663715e-01,-1.134697226067784420e-01,-1.623852740604009859e-01,-1.179818489463159564e-01,-1.064964364456750245e-01,-1.495667333230785156e-01,-5.563246679997949085e-02,-1.098805312003281742e-01,-8.557657796236477210e-02,-3.112341691021893939e-02,-1.748961698200277026e-01,-6.086243142080705743e-02,6.527200943444598502e-02,6.270830128698148820e-02,-6.773316925601190197e-02,-1.420807055324821710e-01,1.326462595498128505e-01,2.210429164743885622e-01,-9.613905552991847125e-02,-4.230118443316412818e-02,3.121058298723273783e-01,3.956827154796698220e-01,2.164282418089524818e-01,1.817669076552325402e-01,6.804081423370764159e-02,3.440496333897349185e-02,7.173255396605650314e-02,-2.179151925344818830e-02,6.188791467979285615e-02,-6.916884581859202019e-02,-3.604573655335076982e-02,-1.448495103317438415e-01,-4.209608778136697538e-02,-1.042403732759062673e-01,-5.911910988053119959e-02,1.244423934779264884e-01,-5.224837204532636198e-02,-1.033174383428190624e-01,-1.118289493924011641e-01,-1.278264882325796103e-01,7.091216735886786415e-02,1.164436240578372445e-01,1.747936214941291366e-01,-6.075988309490847755e-02,1.252627800851150996e-01,-4.445469927703430552e-02,-4.107060452238116971e-02,-6.783571758191048184e-02,-1.232118135671435299e-01,-7.788545351997129551e-02,-1.558221812028918740e-01,-1.040352766241091215e-01,-1.840229708250012974e-01,-1.793057478336666233e-01,-9.901040865507872157e-02,2.671383889658001526e-02,-1.449520586576424075e-01,-2.355022304260883104e-01,-2.127365020766036063e-01,-1.848433574321899364e-01,-5.604266010357381034e-02,-4.260882941085986780e-02,7.521919704660821882e-02,-1.369020150746039048e-02,-1.368507409116546392e-01,-1.471055735015125987e-01,-1.700763985027944347e-01,-6.609239604163462400e-02,-9.819002204789008259e-02,-5.911910988053119959e-02,-1.160334307542429527e-01,-3.092344767471670863e-01
-1.844331641285956169e-01,-1.013690201507460448e-01,-5.347895195610932045e-02,-1.122391426959954974e-01,1.000000000000000000e+00,5.928831461826385985e-01,-1.843306158026970509e-01,-8.916576936881506765e-02,5.918576629236527165e-01,4.391632056606676326e-01,3.481515664256781134e-02,-1.806388760703481478e-01,-5.071014715684766389e-02,1.697687535250987090e-01,4.049120648105419829e-01,2.793929139106804405e-01,7.921858175665283386e-02,1.356201610008716807e-01,-1.700763985027944347e-01,-5.614520842947239021e-02,1.272111982771881311e-01,1.925344818745834130e-01,-4.917192226836897273e-02,4.158334615187407601e-02,2.332461672563195532e-01,3.840947546531303103e-01,3.386658462800594682e-01,4.232682151463877385e-01,9.203712249397529022e-02,2.170435317643439610e-01,3.232835973952725150e-01,2.516023175921653365e-01,1.963800440957801791e-02,4.066041121878685022e-02,-1.646413372301697431e-01,-2.620109726708711589e-02,-2.681638722247859513e-02,-4.886427729067323311e-02,4.712095575039738221e-02,-1.091626929190381012e-01,1.648464338819669028e-01,1.461826385684253937e-01,5.655540173306670970e-02,-1.109060144593139591e-01,3.122596523611752273e-02,2.968774034763882463e-02,8.619186791775625134e-02,-2.076603599446239304e-02,-2.466287237860842127e-02,-2.302209916423114677e-02,4.999230887555761171e-02,-1.088550479413423616e-01,2.302722658052607507e-01,-1.943290775778085816e-02,-2.415013074911552191e-02,-7.603958365379685780e-02,7.532174537250679869e-02,4.609547249141157654e-02,-8.024406501563863259e-02,-1.492590883453827622e-01,-7.511664872070963894e-02,-5.973439983592267882e-02,1.333640978311029235e-01,1.349023227195816077e-01,-1.069066297492693579e-01,-1.671024970517356323e-01,-5.655540173306670970e-02,-3.707121981233656854e-02,-1.343895810900887222e-01,-3.225144849510331452e-02,2.528328975029482950e-01,1.248525867815207940e-01,1.689483669179100700e-01,1.191098805312003350e-01,3.963492795980105843e-02,9.531866892272983227e-02,2.640619391888427564e-02,3.953237963390247856e-02,1.576680510690663117e-01,2.036097010716300115e-01,1.944829000666564167e-01,4.332666769214993385e-02,1.256729733887094469e-01,2.373993744552120241e-02,7.973132338614573322e-02,-1.297236322617033484e-02,-2.103778905809362831e-01,3.727631646413372135e-02,8.629441624365483121e-02,5.932420653232836627e-02,-3.307183510229195350e-02,-1.189047838794031753e-01,8.126954827462441744e-02,-1.697174793621494468e-02,2.855970876275444950e-02,4.055786289288827728e-02,7.542429369840537856e-02,-2.158642260165102855e-02,-4.753114905399170170e-02,-8.465364302927755324e-02,2.138132594985387228e-02,3.358457673178485287e-02,9.383171819720042758e-03,1.164436240578372445e-01,3.830179972311952702e-02,1.101881761780239000e-01,-6.178536635389428322e-02,1.425934471619750843e-01,2.907245039224734887e-02,1.717684458801210096e-02,-7.880838845305851437e-02,-2.917499871814592527e-02,2.650874224478285551e-02,-1.692047377326565301e-03,1.481823309234476908e-02,1.507973132338614741e-01
-1.440291237245552025e-01,-1.464902835461211195e-01,-1.242372968261293148e-01,-1.360303543044659724e-01,5.928831461826385985e-01,1.000000000000000000e+00,-1.960211249551351287e-01,-3.645592985694508237e-02,4.624416756396452222e-01,4.520842947238886134e-01,2.497051735630416089e-02,-1.281341332102753361e-01,-1.789468286930216007e-02,7.644977695739117729e-02,2.646259549812849388e-01,3.122083781982259443e-01,7.470645541711531945e-02,8.475619135517613312e-02,-1.897656770753217426e-01,-4.548018253602010424e-02,1.944829000666564167e-01,2.064810541967902480e-01,-8.055170999333437221e-02,-2.835461211095728976e-02,2.720094344459826896e-01,5.108444854637748112e-01,3.179510844485464172e-01,4.794646977388093978e-01,1.344921294159872882e-01,2.106855355586320366e-01,2.972363226170333106e-01,2.294518791980721117e-01,-2.896990206634876899e-02,1.235707327077885560e-02,-1.340819361123929687e-01,-8.014151668974003884e-02,-4.363431266984566653e-02,-4.599292416551300361e-02,-7.306568220273804148e-02,-5.624775675537097008e-02,1.355176126749731147e-01,2.218633030815772011e-01,4.773624570578885451e-02,-7.029687740347638492e-02,6.527200943444598502e-02,-5.891401322873403984e-02,4.886427729067323311e-02,-4.148079782597548920e-02,-3.081577193252320324e-02,-8.701225452494489032e-02,-6.916884581859202019e-02,-2.317079423678408412e-01,1.439265753986566365e-01,-9.511357227093268640e-02,-5.655540173306670970e-02,-1.269035532994923776e-01,-6.352868789417012718e-02,-7.491155206891247920e-02,-9.234476747167102983e-02,-1.574629544172691520e-01,-9.870276367738298195e-02,-1.399784648515613010e-02,6.260575296108292220e-02,1.470030251756140049e-01,-1.667948520740398788e-01,-1.993026713838896569e-01,-1.541814079885145961e-01,-1.314156796390298920e-01,-1.025996000615290032e-01,-1.122391426959954974e-01,2.532430908065425590e-01,1.908937086602061350e-01,1.326462595498128505e-01,1.890478387940316973e-01,6.547710608624314477e-02,1.601292108906322287e-01,4.548018253602010424e-02,9.101163923498949149e-02,2.036097010716300115e-01,1.455673486130338867e-01,1.544890529662103218e-01,3.204635184330616171e-02,6.250320463518432845e-02,6.147772137619854360e-02,-8.024406501563863259e-02,-7.655232528328974329e-02,-3.246167256319540950e-01,5.573501512587807072e-02,-7.716761523868123640e-02,6.773316925601190197e-02,4.855663231297749349e-02,-4.383940932164282628e-02,2.154027585499666830e-01,4.066041121878685022e-02,9.213967081987387009e-02,7.603958365379685780e-02,1.355176126749731147e-01,1.861252115059221918e-02,6.814336255960620758e-02,-6.270830128698148820e-02,1.401322873404091951e-01,6.783571758191048184e-02,2.077116341075732064e-01,1.404399323181049208e-01,5.573501512587807072e-02,7.634722863149259742e-02,-1.850997282469363583e-02,1.005486335435574058e-01,1.143926575398656748e-01,3.912218633030816600e-02,9.742090960365072747e-04,1.328000820386607272e-02,1.974055273547659431e-02,2.107368097215812919e-02,9.501102394503409265e-02,1.844331641285956169e-01
2.004307029687740493e-01,2.035584269086807355e-02,4.058349997436292433e-01,4.204994103471261235e-01,-1.843306158026970509e-01,-1.960211249551351287e-01,1.000000000000000000e+00,3.073886068809926764e-01,-1.451571553094395950e-01,-1.087524996154437817e-01,2.746756909193457385e-01,7.214274726965083651e-02,1.932523201558734860e-01,7.737271189047838227e-02,-5.419679023739937956e-02,-1.707429626211352108e-02,9.675434548530996437e-02,-2.158642260165102855e-02,1.587960826539506765e-01,-3.512280162026355096e-02,8.152591908937087753e-03,-2.208378198225914024e-01,2.692406296467210747e-01,1.713069784135773932e-01,-3.184125519150899503e-02,-2.132492437060964918e-01,-2.507306568220273729e-02,-2.598061836640516709e-01,-9.265241244936676945e-02,-1.543352304773624832e-02,-7.634722863149259742e-02,-2.148387427575244868e-02,2.324257806491309142e-01,2.171460800902425270e-01,2.177613700456340062e-01,1.490539916935856302e-01,2.189406757934676817e-02,-4.014766958929395779e-02,3.948110547095319035e-03,-4.424960262523714577e-02,-1.630005640157924651e-01,-3.378967338358201261e-02,-1.597190175870379092e-01,-9.911295698097728757e-02,-1.600266625647336349e-01,-7.952622673434855960e-02,-1.335691944829000832e-01,-8.567912628826335197e-02,-1.656668204891555141e-01,-1.515151515151515194e-01,-2.845716043685587310e-02,-3.102086858432036645e-02,-1.738194123980926070e-02,6.742552427831616235e-02,-6.260575296108292220e-02,8.362815977029175452e-02,5.819617494744398767e-02,-9.347279905655540844e-02,2.015074603907091380e-02,-7.347587550633236098e-02,2.215556581038814754e-01,1.581807926985591972e-01,-2.691893554837717500e-02,-1.525406347741373181e-01,3.938368456134953566e-01,3.961954571091627075e-01,2.692406296467210747e-01,1.355176126749731147e-01,4.804389068348459413e-02,-9.716453878890426998e-02,3.061067528072604696e-02,-8.690970619904629657e-02,-2.845716043685587310e-02,-1.332615495052043575e-01,1.143413833769163848e-02,-8.465364302927755324e-02,1.461313644054760934e-02,-7.234784392144798237e-02,-4.712095575039738221e-02,7.716761523868123640e-02,-1.364405476080602919e-01,-2.548325898579705678e-02,-1.931497718299748645e-01,-1.260831666923037664e-01,3.984002461159821817e-02,1.222888786340563111e-01,2.168897092754960843e-02,-4.301902271445418730e-02,1.825872942624211792e-01,7.685997026098549678e-02,5.009485720145619159e-02,1.355176126749731147e-01,-5.747833666615392162e-02,1.018817617802389441e-01,-8.537148131056761236e-02,-6.927139414449058619e-02,-1.494641849971799219e-01,-9.921550530687586744e-02,-6.034968979131416500e-02,1.275188432548838569e-01,-1.276213915807824506e-01,1.297236322617033484e-02,-1.552068912475003948e-01,-6.306722042762651775e-03,-5.717069168845818894e-02,1.840742449879505943e-02,6.793826590780906172e-02,4.076295954468543703e-02,-7.275803722504230187e-02,-1.603343075424293884e-01,-1.244423934779264884e-01,-2.148387427575244868e-02,-9.075526842024303140e-03,-9.080654258319233174e-02,-1.495667333230785156e-01,-1.926370302004820068e-01
1.284417781879710896e-01,1.901758703789160621e-01,2.095575039737476442e-01,5.326872788801723102e-01,-8.916576936881506765e-02,-3.645592985694508237e-02,3.073886068809926764e-01,1.000000000000000000e+00,-8.916576936881506765e-02,1.061887914679792849e-01,2.683176947136338142e-01,2.702661129057068456e-01,8.598677126595909159e-02,2.139670819873865648e-01,-2.291442342203763582e-01,6.414397784956160642e-02,2.077116341075732064e-01,2.021740245090499211e-01,1.276213915807824506e-01,1.020868584320361039e-01,-7.121981233656360377e-02,-1.966364149105266079e-01,1.515151515151515194e-01,1.936625134594677777e-01,-2.718043377941855021e-01,-1.529508280777316376e-01,-2.246321078808388716e-01,-2.181715633492283257e-01,-3.153361021381326235e-02,1.960211249551351287e-01,2.476542070450700114e-02,1.276213915807824506e-01,2.812387837768548504e-01,3.898374609034507832e-01,1.621801774086037984e-01,1.074193713787622573e-01,-1.743834281905347894e-01,-2.116084704917192139e-01,-2.436035481720761064e-01,-1.576680510690663117e-01,-1.751012664718248624e-01,-6.922011998154131013e-03,-2.150951135722709573e-01,-8.947341434651080727e-02,-1.936625134594677777e-01,5.747833666615392162e-02,-2.227862380146644061e-01,-1.572578577654719922e-01,-2.353484079372404267e-02,-8.752499615443778969e-02,-7.357842383223094085e-02,-9.583141055222273164e-02,-8.670460954724915070e-02,3.435368917602420538e-03,-2.939547761882787547e-01,-1.044454699277034410e-01,-7.880838845305851437e-02,-3.050812695482746362e-02,-6.270830128698148820e-02,-1.317233246167256455e-01,3.288212069937958004e-01,4.875660154847972216e-01,-4.455724760293288539e-02,1.194175255088960746e-01,2.435009998461775127e-01,3.436907142490899236e-01,7.542429369840537856e-02,1.424908988360765183e-01,-4.137824950007691627e-02,-1.213659437009690784e-01,4.768497154283957151e-03,-2.168897092754960843e-02,-3.640465569399579850e-03,-1.115213044147054383e-01,-3.061067528072604696e-02,-1.205455570937804533e-01,-1.701789468286930285e-01,-1.787930062041737378e-01,6.527200943444598502e-02,2.379633902476541996e-01,-1.101881761780239000e-01,-7.880838845305851437e-02,-2.503717376813823781e-01,-2.165307901348510478e-01,-2.353484079372404267e-02,2.016612828795570078e-01,5.281238783776855648e-03,-1.511049582115571999e-01,-9.588268471517202504e-03,1.758703789160642045e-02,9.747218376660000960e-02,5.640157924421884336e-04,-7.204019894375224276e-02,-1.087524996154437817e-01,-2.049428293083115638e-01,-1.763318463826077931e-01,-1.357227093267702467e-01,-2.669845664769522897e-01,3.337948007998769312e-02,9.983079526226736056e-02,-8.229503153361021617e-02,-2.068912475003845675e-01,-1.240322001743321551e-01,-1.966364149105266079e-01,1.174178331538737810e-02,1.984310106137517418e-02,8.065425831923293820e-02,3.850689637491667983e-02,-1.416705122288878793e-01,-2.848279751833051598e-01,-2.417576783059016687e-01,3.127723939906681353e-03,6.516946110854740515e-02,-6.742552427831616235e-02,-1.042403732759062673e-01,-7.778290519407271564e-02
-4.927447059426755260e-02,-1.672050453776342260e-01,-3.522534994616213083e-02,-9.398554068604830780e-02,5.918576629236527165e-01,4.624416756396452222e-01,-1.451571553094395950e-01,-8.916576936881506765e-02,1.000000000000000000e+00,3.743526636927652640e-01,1.195200738347946545e-01,-1.076244680305594031e-01,8.629441624365483121e-02,7.152745731425935727e-02,4.746449264215762409e-01,2.469876429267292284e-01,5.604266010357381034e-02,6.075988309490847755e-02,-2.051479259601087235e-01,-1.435163820950623170e-01,1.044454699277034410e-01,1.230067169153463563e-01,-7.378352048402811447e-02,-4.271137773675844768e-02,1.912013536379018608e-01,3.006204173716864325e-01,2.670871148028508557e-01,3.020560939342665230e-01,9.408808901194688767e-02,7.347587550633236098e-02,1.462851868943239597e-01,1.254678767369122872e-01,-9.131928421268523111e-02,-5.142798543813772300e-02,-1.601292108906322287e-01,-1.024970517356304234e-01,6.609239604163462400e-02,-2.835461211095728976e-02,3.522534994616213083e-02,-6.204173716864072770e-03,2.101727939291391234e-01,1.922781110598369841e-02,5.635030508126955689e-02,-1.078295646823565629e-01,7.696251858688407665e-02,3.235399682100190133e-02,1.450546069835410012e-01,4.630056914320874323e-02,2.784187048146439386e-02,6.922011998154131013e-03,5.881146490283546691e-02,-4.712095575039738221e-02,1.982771881249038859e-01,-4.096805619648259678e-02,6.445162282725734604e-02,-2.661129057068143539e-02,1.563861969953340633e-02,-3.491770496846639121e-02,-1.215197661898169586e-02,-5.142798543813772300e-02,-8.050043583038507880e-03,-3.963492795980105843e-02,4.291647438855561436e-02,2.107368097215812919e-02,-1.179818489463159564e-01,-1.886376454904373778e-01,-3.686612316053940186e-02,-2.640619391888427564e-02,-9.152438086448239085e-02,-1.112649335999589886e-02,2.175562733938368465e-01,1.205455570937804533e-01,1.109060144593139591e-01,5.101779213454340350e-02,5.747833666615392162e-02,8.670460954724915070e-02,4.548018253602010424e-02,6.475926780495308566e-02,5.594011177767523740e-02,9.490847561913552666e-02,1.682305286366200248e-01,-3.317438342819054031e-02,1.947905450443521425e-01,5.409424191150079275e-02,1.781777162487822586e-01,-4.578782751371584386e-02,-9.162692919038097072e-02,5.306875865251500096e-02,1.820745526329282937e-01,7.552684202430395843e-02,-3.963492795980105843e-02,-8.957596267240937327e-02,9.398554068604830780e-02,-1.225452494488027573e-02,8.065425831923293820e-02,8.731989950264062994e-02,1.166487207096344320e-01,4.876172896477465324e-02,2.563708147464492486e-04,-1.102394503409731899e-02,2.015074603907091380e-02,-3.122596523611752273e-02,1.184433164128595624e-02,1.271086499512895651e-01,-1.563861969953340633e-02,2.855970876275444950e-02,-2.445777572681126152e-02,6.855355586320054095e-02,1.180843972722145224e-01,7.275803722504230187e-02,-5.460698354099369906e-02,1.061375173050299950e-02,-6.147772137619854360e-02,6.209301133159001590e-02,7.265548889914373587e-02,1.815618110034353805e-01
5.793980413269753278e-03,-1.383889658001333234e-01,-4.086550787058401690e-02,-2.599600061528995615e-02,4.391632056606676326e-01,4.520842947238886134e-01,-1.087524996154437817e-01,1.061887914679792849e-01,3.743526636927652640e-01,1.000000000000000000e+00,1.327488078757114442e-01,-2.563708147464492486e-04,1.507973132338614741e-01,3.255396605650413000e-01,3.445111008562785626e-01,5.520689124750038923e-01,-1.331590011793057360e-01,-3.430241501307491198e-02,-1.800235861149566963e-01,-1.471055735015125987e-01,1.286981490027175497e-02,2.326308773009280462e-01,-4.353176434394708666e-02,-2.415013074911552191e-02,-2.445777572681126152e-02,1.366456442598574794e-01,1.039327282982105416e-01,1.860739373429728949e-01,-1.656155463262062519e-02,8.834538276162642867e-02,1.152130441470542999e-01,1.838178741732041377e-01,-1.437214787468594490e-01,-6.158026970209711654e-02,-1.493616366712813559e-01,-1.025996000615290032e-01,6.927139414449058619e-02,1.052658565348920799e-01,1.548992462698046413e-01,4.148079782597548920e-02,1.569502127877762665e-01,1.075219197046608233e-01,4.153207198892477914e-03,-1.933035943188227482e-02,2.763677382966723411e-02,-9.060144593139518587e-02,1.287494231656668153e-01,1.194175255088960746e-01,-4.096805619648259678e-02,-4.855663231297749349e-02,3.430241501307491198e-02,-1.126493359995898030e-01,2.020714761831512996e-01,-2.404758242321694550e-02,1.705891401322873480e-01,1.051633082089935001e-01,8.357688560734247499e-03,-4.835153566118033375e-02,1.809977952109931981e-02,-3.512280162026355096e-02,-7.768035686817412189e-02,-2.456032405270984140e-02,5.101779213454340350e-02,-1.471568476644618748e-02,-1.195200738347946545e-01,-2.158642260165102855e-02,-1.243398451520279085e-01,-4.496744090652720488e-02,-1.974568015177152192e-01,-1.724350099984617857e-01,1.466953801979182792e-01,8.762754448033636956e-02,1.118289493924011641e-01,1.294672614469568883e-01,-1.134697226067784420e-01,-2.702148387427575488e-02,1.087524996154437817e-01,1.528482797518330438e-01,3.348202840588627299e-02,2.630364559298569577e-02,2.101727939291391234e-01,1.031123416910219026e-01,1.093677895708352610e-01,3.819925139722094021e-02,2.055581192637030430e-01,7.388606880992668047e-02,-1.889452904681331313e-01,1.010101010101010187e-02,1.661795621186484273e-01,1.744859765164333831e-01,1.438240270727580428e-01,-1.953545608367943456e-02,1.789981028559708698e-01,1.738194123980926070e-02,1.269035532994923776e-01,7.039942572937496479e-02,1.212633953750705124e-01,7.347587550633236098e-02,1.115213044147054383e-01,1.410039481105470997e-02,-3.743013895298159723e-03,-1.840742449879505943e-02,4.517253755832436463e-02,7.962877506024713947e-02,4.476234425473004513e-02,3.645592985694508237e-02,-1.135722709326770358e-01,-6.527200943444598502e-02,1.270061016253909714e-01,1.032148900169204825e-01,6.793826590780906172e-02,1.128544326513869767e-01,6.557965441214172464e-02,-3.132851356201610260e-02,3.230272265805260792e-03,1.275188432548838569e-01
3.215402758549966711e-01,3.112341691021893939e-02,1.220837819822591652e-01,1.738706865610419039e-01,3.481515664256781134e-02,2.497051735630416089e-02,2.746756909193457385e-01,2.683176947136338142e-01,1.195200738347946545e-01,1.327488078757114442e-01,1.000000000000000000e+00,2.597036353381531604e-01,3.726093421524893645e-01,1.051633082089935001e-01,1.239296518484335891e-01,8.885812439111931416e-02,2.404245500692201165e-01,9.829257037378864859e-02,4.527508588422293756e-02,2.076603599446239304e-02,1.171614623391273313e-01,-1.477208634569040779e-01,4.845408398707891362e-02,-5.173563041583346955e-02,-1.018817617802389441e-01,-9.296005742706250907e-02,-7.537301953545608516e-03,-9.931805363277446119e-02,1.636158539711839444e-01,1.786904578782751440e-01,5.460698354099369906e-02,2.614982310413782856e-03,1.412603189252935598e-01,1.356201610008716807e-01,-5.696559503666102919e-02,-2.353484079372404267e-02,-4.445469927703430552e-02,-1.380813208224375699e-01,-5.645285340716812983e-02,-6.465671947905450578e-02,-5.255601702302210160e-02,2.784187048146439386e-02,3.214890016920474158e-02,-1.533097472183766671e-02,-4.630056914320874323e-02,2.107368097215812919e-02,1.584371635133056608e-02,-3.430241501307491198e-02,-1.563861969953340633e-02,-9.895913449212942123e-03,6.455417115315593979e-02,5.337640363021074058e-02,1.599241142388350689e-01,9.665179715941137062e-02,-3.789160641952520753e-02,-5.896528739168333151e-03,-2.353484079372404267e-02,-1.200328154642875539e-01,4.506998923242578475e-02,-2.066348766856380970e-02,2.614469568784290043e-01,2.015587345536584141e-01,-4.732605240219453502e-02,-4.066041121878685022e-02,8.567912628826335197e-02,7.573193867610111818e-02,1.276726657437317509e-02,6.937394247038917994e-02,9.675434548530996437e-02,-2.363738911962262601e-02,1.330564528534071700e-01,4.117315284827975652e-02,1.035225349946162221e-01,-1.144952058657642546e-01,3.635338153104650943e-02,-6.875865251499770070e-02,-1.333640978311029235e-01,-1.946879967184535765e-01,2.050453776342101297e-01,1.582833410244577910e-01,-1.053684048607906459e-01,-1.365430959339588857e-01,-5.255601702302210160e-02,-9.419063733784545367e-02,6.086243142080705743e-02,-6.117007639850280398e-02,-2.148387427575244868e-02,-8.270522483720453566e-02,9.142183253858382486e-02,1.040352766241091215e-01,7.973132338614573322e-02,9.193457416807671034e-02,1.448495103317438415e-01,7.921858175665283386e-02,-6.496436445675024540e-02,-1.051120340460441963e-02,1.881761780238937892e-02,-1.460800902425268000e-01,-5.450443521509511224e-02,3.163615853971184222e-02,9.808747372199148884e-02,-1.912526278008511507e-02,6.373378454596730081e-02,7.419371378762242009e-02,-9.931805363277446119e-02,-3.768650976772804084e-02,1.127518843254883968e-01,1.163410757319386785e-01,8.562785212531407245e-03,-1.198277188124904080e-01,-1.836127775214069502e-01,-8.660206122135055695e-02,5.071014715684766389e-02,1.666923037481413128e-01,8.332051479259601490e-02,9.562631390042558577e-02
1.587960826539506765e-01,1.727939291391068083e-02,-1.875096139055529854e-01,5.399169358560221982e-02,-1.806388760703481478e-01,-1.281341332102753361e-01,7.214274726965083651e-02,2.702661129057068456e-01,-1.076244680305594031e-01,-2.563708147464492486e-04,2.597036353381531604e-01,1.000000000000000000e+00,3.128236681536173958e-01,2.457570630159462699e-01,-1.233143618930421098e-01,5.717069168845818894e-02,6.101625390965492897e-03,1.129569809772855427e-01,-2.148387427575244868e-02,-3.512280162026355096e-02,-1.782802645746808246e-01,-2.776495923704045410e-01,-1.256216992257601535e-02,-1.301850997282469335e-01,-3.716864072194021595e-01,-2.776495923704045410e-01,-3.390760395836538432e-01,-2.819566220581449234e-01,-6.947649079628774593e-02,1.689483669179100700e-01,-1.118289493924011641e-01,-1.943290775778085816e-02,7.039942572937496479e-02,1.642311439265754236e-01,9.178075167922883013e-03,-1.817669076552325402e-01,-1.749987181459262686e-01,-1.390042557555248026e-01,-1.484387017381941509e-01,-2.148387427575244868e-02,-1.865866789724657804e-01,-4.424960262523714577e-02,-2.435522740091268165e-02,1.256729733887094469e-01,-1.161359790801415326e-01,1.130595293031841364e-01,1.000358919140645064e-01,1.120340460441983377e-01,-2.312464749012972318e-02,6.014459313951700525e-02,4.086550787058401690e-02,1.125467876736912370e-01,3.840434804901809995e-02,1.199302671383889879e-01,-2.527816233399989704e-02,5.922165820642978640e-02,-2.272983643542019205e-01,-1.326462595498128505e-01,2.794441880736297026e-02,9.675434548530996437e-02,2.533456391324411805e-01,2.564220889093986044e-01,-6.465671947905450578e-02,1.165461723837358521e-01,-3.502025329436497109e-02,2.702148387427575488e-02,-2.016612828795570078e-01,-4.681331077270163565e-02,7.024560324052710018e-03,-7.419371378762242009e-02,-1.652566271855612223e-01,-1.984310106137517418e-02,-2.280162026354919935e-01,-2.657539865661693312e-01,1.293647131210583223e-01,7.778290519407271564e-02,-2.686253396913295677e-01,-2.544736707173255730e-01,5.194072706763062236e-02,5.870891657693688703e-02,-9.890786032918012782e-02,1.029072450392247429e-01,-2.475003845562221139e-01,-2.425780649130903077e-01,-4.158334615187407601e-02,1.200328154642875539e-01,-2.179151925344818830e-02,-2.226836896887658401e-01,-6.742552427831616235e-02,5.491462851868943174e-02,1.315182279649284580e-01,6.988668409988207930e-02,-6.568220273804030451e-02,8.767881864328565256e-03,-1.815618110034353805e-01,-2.294518791980721117e-01,-5.963185151002410589e-02,-1.472081218274111647e-01,2.025842178126442128e-01,2.025842178126442128e-01,-1.483361534122955294e-01,-9.383171819720042758e-03,-1.088550479413423616e-01,-5.060759883094909095e-02,1.505922165820642866e-01,1.720248166948674662e-01,-9.757473209249860335e-02,-8.106445162282727157e-02,-9.839511869968722846e-02,-2.366302620109727028e-01,-9.511357227093268640e-02,1.766394913603035466e-01,2.362200687073783556e-01,-6.475926780495308566e-02,-1.386966107778290491e-01,2.476542070450700114e-02
3.994770035379172635e-01,-9.870276367738298195e-02,-1.553607137363482646e-02,5.347895195610932045e-02,-5.071014715684766389e-02,-1.789468286930216007e-02,1.932523201558734860e-01,8.598677126595909159e-02,8.629441624365483121e-02,1.507973132338614741e-01,3.726093421524893645e-01,3.128236681536173958e-01,1.000000000000000000e+00,1.794082961595652170e-01,2.494488027482951731e-01,1.329539045275086040e-01,-1.230067169153463563e-01,-5.060759883094909095e-02,-5.747833666615392162e-02,-1.043429216018048611e-01,-1.182894939240117099e-01,-1.239296518484335891e-01,7.675742193508691691e-02,-2.371430036404656161e-01,-9.572886222632416564e-02,-9.131928421268523111e-02,-1.799723119520073994e-02,-3.245654514690048120e-02,-7.942367840844999360e-02,-6.927139414449058619e-02,-1.070091780751679239e-01,-4.435215095113572564e-02,-1.007537301953545655e-01,-1.022919550838332636e-01,-1.978669948213095664e-01,-2.534481874583398020e-01,7.265548889914373587e-02,9.921550530687586744e-02,1.943290775778085816e-02,-4.153207198892477914e-03,-1.073168230528636635e-01,-1.879198072091473326e-01,9.736963544070144361e-02,1.138799159103727754e-01,1.003435368917602460e-01,-3.717376813823514842e-02,2.108906322104291686e-01,3.262574988463313730e-01,-1.281854073732246460e-03,3.727631646413372135e-02,7.911603343075425399e-02,5.768343331795108830e-02,1.531559247295287973e-01,-2.204789006819463798e-03,1.998154130133825701e-01,1.829974875660154987e-01,3.332820591703840665e-03,-1.017792134543403643e-01,9.819002204789008259e-02,1.001384402399630863e-01,1.310054863354355725e-01,-3.614828487924934969e-02,7.921858175665283386e-02,-9.870276367738298195e-02,-4.394195764754140615e-02,-4.568527918781725705e-02,-1.465928318720196855e-01,-8.116699994872583757e-02,1.336717428087986492e-01,3.871199302671384651e-02,-3.409731836127775917e-02,-4.476234425473004513e-02,-1.134697226067784420e-01,-1.825872942624211792e-01,-6.270830128698148820e-02,-1.789468286930216007e-02,-5.891401322873403984e-02,-5.993949648771983857e-02,-9.952315028457162094e-02,-1.362354509562631599e-01,8.332051479259601490e-02,1.442342203763523623e-01,-3.061067528072604696e-02,-1.142901092139670810e-01,2.493462544223965793e-01,2.353484079372404267e-02,-5.614520842947239021e-02,-6.875865251499770070e-02,1.935599651335692117e-01,5.999077065066913024e-03,8.137209660052301119e-02,1.247500384556222142e-01,1.220837819822591652e-01,2.051479259601087235e-01,-1.902271445418653867e-02,-6.629749269343178375e-02,-2.922627288109521607e-03,1.492078141824334722e-02,1.452597036353381610e-01,1.510024098856586339e-01,-1.201353637901861338e-01,2.681638722247859513e-02,-3.409731836127775917e-02,1.384402399630826116e-03,7.993642003794289297e-02,4.988976054965902490e-02,-1.140850125621699351e-01,-2.419627749576988007e-01,4.773624570578885451e-02,2.743167717787007437e-02,1.184945905758088558e-01,2.472952879044249819e-01,1.253653284110136934e-01,-1.297236322617033484e-02,-3.932728298210531881e-02,8.516638465877045261e-02
