0.000000000000000000e+00,5.103802672147996766e-01,1.905447070914696728e-01,2.628982528263104079e-01,-2.922918807810894193e-01,-2.289825282631038350e-01,1.549845837615621835e-01,-4.110996916752312352e-02,-2.916752312435765826e-01,-2.904419321685508537e-01,7.954779033915725106e-02,1.475847893114080323e-01,4.727646454265159448e-02,-7.625899280575540451e-02,-2.865364850976361843e-01,-3.163412127440904387e-01,2.293936279547790502e-01,1.977389516957862303e-01,5.303186022610483219e-01,5.323741007194244812e-01,-2.563206577595066871e-01,-2.959917780061664949e-01,1.422404933196300125e-01,6.721479958890030915e-02,-4.316546762589928282e-02,-8.016443987667008775e-03,-2.776978417266187105e-01,-1.915724563206577802e-01,2.517985611510791810e-01,5.632065775950668290e-02,1.046248715313463501e-01,9.866392600205550756e-02,3.652620760534429634e-01,3.169578622816032754e-01,7.440904419321686669e-02,6.166495375128469222e-03,-8.982528263103801980e-02,6.166495375128469222e-03,-1.064748201438849018e-01,-4.193216855087358863e-02,-4.892086330935252469e-02,-5.817060637204522072e-02,1.730729701952723742e-01,1.251798561151079292e-01,2.600205549845837627e-01,1.457348406988694667e-01,6.330935251798561203e-02,7.194244604316546443e-02,3.658787255909558278e-02,1.064748201438849018e-01,8.365878725590955578e-02,1.292908530318602478e-01,6.228160328879753932e-02,-1.360739979445015346e-01,-7.667009249743063359e-02,-1.455292908530318730e-01,7.305241521068859267e-01,5.033915724563207128e-01,3.264131551901336414e-01,3.091469681397739366e-01,1.817060637204522267e-01,1.183967112024666007e-01,2.261048304213771898e-01,2.139773895169578832e-01,-1.636176772867420359e-01,-1.494347379239465423e-01,1.212744090441932390e-02,-4.830421377183967413e-02,4.968139773895169919e-01,3.525179856115107646e-01,-1.245632065775950786e-01,-8.427543679342240635e-02,7.194244604316546270e-03,-6.639260020554985098e-02,-1.543679342240493191e-01,-4.522096608427543518e-02,-7.934224049331962958e-02,-5.529290853031860326e-02,2.071942446043165686e-01,2.195272353545734967e-01,2.661870503597122406e-01,2.394655704008221975e-01,-3.083247687564234438e-02,-8.427543679342241328e-03,-4.665981500513874392e-02,8.838643371017471106e-02,-2.567317574511819300e-01,-1.564234326824254784e-01,-1.979445015416238518e-01,-1.486125385405960841e-01,-1.237410071942446205e-01,-6.413155190133607020e-02,-1.706063720452209720e-02,6.988694758478931901e-02,-1.942446043165467762e-01,-5.035971223021583343e-02,-1.775950668036999081e-01,-3.268242548818088566e-02,-1.870503597122302464e-01,-2.542651593011305278e-01,-3.175745118191161676e-01,7.605344295991778823e-03,-3.371017471736896254e-01,-2.890030832476875866e-01,-1.352517985611510765e-01,2.034943473792394722e-02,-2.182939362795477956e-01,-2.513874614594039381e-01,-7.667009249743063359e-02,-1.989722507708119315e-01,-2.102774922918807798e-01,-1.936279547790339117e-01,-2.602261048304214119e-01,5.323741007194245090e-02,-9.886947584789311516e-02,-1.366906474820143991e-01
5.103802672147996766e-01,0.000000000000000000e+00,1.042137718396711210e-01,1.477903391572456260e-01,-3.329907502569373068e-01,-2.552929085303186074e-01,-1.738951695786228047e-01,-5.508735868448098871e-02,-3.447070914696814259e-01,-2.929085303186022560e-01,-1.066803699897225094e-01,2.117163412127441025e-01,-9.660842754367934826e-02,9.270298047276463727e-02,-1.812949640287769559e-01,-2.838643371017471884e-01,8.468653648509763543e-02,2.302158273381294806e-01,4.320657759506680295e-01,5.282631038026721626e-01,-2.139773895169578832e-01,-2.256937307297019468e-01,1.208633093525180030e-01,9.434737923946558136e-02,-4.234326824254881771e-02,-5.364850976361767998e-02,-1.889003083247687564e-01,-1.352517985611510765e-01,7.625899280575540451e-02,1.771839671120246928e-01,1.005138746145940454e-01,4.933196300102775378e-02,3.130524152106886060e-01,2.655704008221994039e-01,3.658787255909558278e-02,1.767728674203494429e-02,-1.033915724563206628e-01,3.329907502569372929e-02,3.946557040082220025e-02,-2.302158273381295361e-02,2.302158273381295361e-02,9.928057553956835812e-02,1.040082219938335134e-01,1.420349434737923910e-01,3.545734840698869794e-01,1.720452209660842946e-01,1.241521068859198357e-01,1.479958890030832509e-02,1.410071942446043114e-01,8.509763617677287839e-02,1.913669064748201587e-01,1.264131551901336303e-01,1.905447070914696728e-01,-3.309352517985611475e-01,9.188078108941417910e-02,-2.232271325796505723e-01,4.978417266187050716e-01,7.007194244604316724e-01,4.275436793422405235e-01,3.782117163412127558e-01,1.751284686536485058e-01,1.405960945529290962e-01,5.015416238437821195e-02,3.377183967112024621e-01,-1.331963001027749172e-01,-2.065775950668037320e-01,8.735868448098664529e-02,5.940390544707092185e-02,6.690647482014389080e-01,5.387461459403906083e-01,-1.192189105858170589e-01,-2.174717368961973374e-01,-9.105858170606372093e-02,-4.789311408016444505e-02,-1.494347379239465423e-01,-5.714285714285714107e-02,-1.808838643371017685e-02,-1.276464542651593037e-01,2.018499486125385489e-01,1.973278520041110151e-01,2.546762589928057707e-01,2.600205549845837627e-01,7.934224049331962958e-02,2.238437821171634368e-01,6.474820143884892076e-02,3.412127440904419440e-02,-6.145940390544707421e-02,-5.118191161356629160e-02,-5.570400822199383234e-02,-4.051387461459404205e-01,-5.590955806783145382e-02,-2.363823227132579863e-01,9.763617677286741403e-02,-9.044193216855088424e-03,-1.453237410071942515e-01,4.316546762589927935e-03,-1.899280575539568638e-01,-6.474820143884892076e-02,-2.540596094552928785e-01,-3.471736896197327726e-01,-1.609455292908530399e-01,-4.049331963001027990e-02,-2.133607399794450188e-01,-4.316546762589927866e-01,-1.212744090441932182e-01,-1.075025693730729814e-01,-2.380267214799589026e-01,-2.949640287769784153e-01,-1.255909558067831444e-01,-6.289825282631038295e-02,-2.073997944501541624e-01,-2.289825282631038350e-01,-2.807810894141829494e-01,6.721479958890030915e-02,-5.570400822199383234e-02,-1.704008221993833783e-01
1.905447070914696728e-01,1.042137718396711210e-01,0.000000000000000000e+00,2.238437821171634368e-01,1.060637204522096588e-01,1.151079136690647403e-01,2.898252826310380170e-01,-1.052415210688592007e-01,5.488180883864337417e-02,2.569373072970195307e-02,8.406988694758478486e-02,-2.631038026721480017e-02,1.537512846865365101e-01,-1.765673175745118284e-01,1.471736896197327893e-01,-6.310380267214799055e-02,7.687564234326825507e-02,1.179856115107913578e-01,1.031860226104830414e-01,1.607399794450154185e-01,1.375128468653648572e-01,1.245632065775950786e-01,2.495375128468653725e-01,2.908530318602261522e-01,3.354573484069887090e-01,2.267214799588900542e-01,1.625899280575539563e-01,2.520041109969167747e-01,8.036998972250770923e-02,-6.495375128468654224e-02,2.406988694758478986e-01,2.343268242548817992e-01,1.272353545734840885e-01,5.344295991778006544e-02,1.755395683453237488e-01,1.118191161356629076e-01,3.105858170606372037e-01,2.626927029804728142e-01,1.134635149023638240e-01,-8.221993833504625052e-03,1.389516957862281521e-01,2.337101747173689625e-01,-1.525179856115108090e-01,-1.387461459403905584e-01,-1.112024665981500571e-01,-1.724563206577595098e-01,-4.522096608427543518e-02,-3.206577595066803510e-02,-2.261048304213771898e-01,-1.545734840698869683e-01,-1.309352517985611641e-01,-1.987667009249743100e-01,-1.782117163412127447e-01,-2.433710174717369223e-01,7.625899280575540451e-02,-8.550873586844809360e-02,2.158273381294963933e-01,9.886947584789311516e-02,4.809866392600205265e-02,-1.356628982528263194e-01,-4.316546762589928282e-02,-2.483042137718396714e-01,3.617677286742035370e-02,4.994861253854060434e-02,2.589928057553957108e-02,-2.197327852004111182e-01,1.498458376156217853e-01,3.556012332990750313e-02,2.254881808838643531e-01,2.863309352517985351e-01,3.502569373072970116e-01,2.495375128468653725e-01,2.871531346351490210e-01,2.797533401849948698e-01,8.838643371017472147e-03,4.522096608427543518e-02,1.566289825282631276e-01,1.288797533401850048e-01,4.480986639260020610e-02,-2.343268242548818270e-02,2.476875642343268347e-01,-7.255909558067831500e-02,1.738951695786228047e-01,7.255909558067831500e-02,1.432682425488180922e-01,-1.660842754367934382e-01,1.399794450154162317e-01,4.316546762589927935e-03,3.720452209660843335e-02,-9.270298047276463727e-02,-3.144912641315519286e-01,-2.343268242548817992e-01,-3.455292908530318563e-01,-2.881808838643371007e-01,-2.816032887975334145e-02,-3.556012332990750313e-02,8.345323741007194818e-02,3.062692702980472984e-02,-1.225077081192189193e-01,-7.749229188078109176e-02,-2.476875642343268347e-01,-2.813977389516957861e-01,1.525179856115108090e-01,-2.672147995889003272e-02,9.660842754367934826e-02,5.611510791366906142e-02,6.783144912641315971e-02,-1.377183967112024718e-02,6.022610483042138002e-02,-8.797533401849949586e-02,4.830421377183967413e-02,-2.655704008221994039e-01,-2.141829393627954770e-01,-1.905447070914696728e-01,-1.788283658787255884e-02,-3.679342240493319732e-02
2.628982528263104079e-01,1.477903391572456260e-01,2.238437821171634368e-01,0.000000000000000000e+00,-3.946557040082220025e-02,9.825282631038026460e-02,1.442959917780061718e-01,3.206577595066804065e-01,-2.522096608427543685e-01,1.153134635149023757e-01,-1.013360739979445035e-01,1.529290853031860242e-01,-9.825282631038026460e-02,-4.624871531346351483e-02,-1.549845837615621835e-01,5.611510791366906142e-02,1.751284686536485058e-01,1.997944501541624174e-01,2.766700924974306308e-01,2.774922918807811167e-01,-5.035971223021583343e-02,-1.410071942446043114e-01,2.499486125385405877e-01,3.726618705035971701e-01,1.093525179856115054e-01,2.809866392600205987e-01,-1.905447070914696728e-01,1.932168550873587104e-02,2.846865364850976188e-01,1.792394655704008244e-01,2.485097636176772928e-01,3.843782117163412337e-01,1.543679342240493191e-01,2.614594039054470853e-01,-1.068859198355601170e-02,1.808838643371017685e-02,-6.474820143884892076e-02,-5.590955806783145382e-02,-2.491264131551901573e-01,-1.200411099691675171e-01,-1.048304213771839716e-01,-2.076053442959917977e-02,-2.425488180883864781e-02,-5.405960945529290906e-02,1.157245632065775909e-01,6.762589928057553823e-02,-7.852004110996917141e-02,-1.241521068859198357e-01,-1.003083247687564239e-01,6.125385405960945967e-02,-1.798561151079136611e-01,-1.623843782117163556e-02,-2.226104830421377356e-01,-1.899280575539568638e-01,-3.364850976361767887e-01,-1.204522096608427600e-01,2.655704008221994039e-01,1.338129496402877816e-01,-2.219938335046248851e-02,7.399794450154162373e-02,-6.166495375128468875e-02,1.952723535457348281e-01,3.025693730729702158e-01,2.480986639260020499e-01,-1.216855087358684612e-01,2.176772867420349311e-01,-1.761562178828366132e-01,3.761562178828366243e-02,1.921891058581706169e-01,9.475847893114079656e-02,3.782117163412127697e-02,2.396711202466598190e-01,9.804727646454265699e-02,2.279547790339157276e-01,-5.405960945529290906e-02,1.558067831449126694e-01,-9.866392600205550062e-03,1.543679342240493191e-01,1.011305241521068821e-01,1.303186022610482997e-01,1.551901336073998050e-01,3.118191161356629326e-01,-4.522096608427544212e-03,-6.515930113052414985e-02,-1.901336073997944576e-01,3.001027749229188135e-01,-1.116135662898252862e-01,1.284686536485097619e-01,-3.673175745118191782e-01,-5.035971223021583343e-02,-2.487153134635149143e-01,-1.586844809866392592e-01,-1.815005138746146052e-01,-1.155190133607399833e-01,-1.358684480986639409e-01,-1.952723535457348558e-02,-1.907502569373072943e-01,2.939362795477903564e-02,-8.386433710174717726e-02,-8.242548818088386853e-02,-2.929085303186022560e-01,-1.621788283658787411e-01,-2.162384378211716363e-01,-1.183967112024666007e-01,-1.492291880781089486e-01,-6.269270298047276146e-02,-6.742034943473793063e-02,-1.706063720452209720e-02,-3.186022610483042056e-02,-1.512846865364851079e-01,-2.263103802672148113e-01,-2.022610483042137641e-01,-2.820143884892086228e-01,-7.009249743062692661e-02,-1.773895169578622866e-01,-1.294964028776978554e-02
-2.922918807810894193e-01,-3.329907502569373068e-01,1.060637204522096588e-01,-3.946557040082220025e-02,0.000000000000000000e+00,4.298047276464542765e-01,9.804727646454265699e-02,-1.212744090441932390e-02,5.031860226104830636e-01,4.941418293936279404e-01,8.098663926002055979e-02,-6.515930113052414985e-02,3.021582733812950075e-02,-4.974306269270298286e-02,4.367934224049331848e-01,2.713257965056526388e-01,1.288797533401850048e-01,8.838643371017472147e-03,-1.815005138746146052e-01,-2.258992805755395683e-01,3.038026721479958892e-01,1.132579650565262164e-01,-2.034943473792394722e-02,4.275436793422404680e-02,1.584789311408016377e-01,1.640287769784172789e-01,3.687564234326824453e-01,3.590955806783145410e-01,4.316546762589928282e-02,7.708119218910586268e-02,-2.959917780061665019e-02,-8.838643371017472147e-03,-3.153134635149023590e-01,-2.731757451181911489e-01,-1.934224049331962902e-01,-9.681397738951695586e-02,1.188078108941418437e-01,3.309352517985611475e-02,-7.605344295991778823e-03,-3.144912641315519147e-02,-3.514902363823227405e-02,-6.988694758478931728e-03,-2.028776978417266286e-01,-2.088386433710174850e-01,-3.255909558067831555e-01,-2.680369989722507507e-01,-2.345323741007194207e-01,-8.119218910585818128e-02,-2.583761562178828464e-01,-2.694758478931140733e-01,-3.560123329907502465e-01,-3.132579650565262552e-01,-3.091469681397739366e-01,1.181911613566289931e-01,-1.093525179856115054e-01,-7.194244604316546270e-03,-2.707091469681397466e-01,-3.975334018499486199e-01,-4.232271325796506112e-01,-4.088386433710174406e-01,-2.411099691675231138e-01,-1.736896197327852109e-01,6.474820143884892076e-02,-1.122302158273381228e-01,6.187050359712231024e-02,-1.397738951695786346e-02,-1.196300102774923019e-01,-6.002055498458375854e-02,-3.371017471736896254e-01,-1.751284686536485058e-01,2.110996916752312658e-01,3.541623843782117365e-01,2.717368961973278818e-01,3.149023638232271716e-01,1.656731757451181952e-01,1.264131551901336303e-01,1.212744090441932390e-02,7.810894141829394233e-02,-6.927029804727646844e-02,-1.993833504624871814e-02,-9.373072970195273079e-02,-5.549845837615622474e-02,-4.748201438848921596e-02,-9.537512846865364713e-02,-1.052415210688592007e-01,-2.733812949640287635e-02,1.299075025693730845e-01,1.928057553956834813e-01,1.438848920863309254e-02,2.396711202466598190e-01,-2.275436793422404846e-01,-2.117163412127440886e-02,-2.976361767728674668e-01,-1.691675231243576771e-01,3.473792394655704219e-01,1.623843782117163626e-01,1.247687564234326862e-01,1.208633093525180030e-01,1.510791366906474864e-01,2.154162384378211781e-01,2.055498458376156263e-03,-1.175745118191161426e-01,1.938335046248715332e-01,3.093525179856115304e-01,-1.849948612538540637e-03,-3.083247687564234438e-02,1.173689619732785350e-01,2.343268242548817992e-01,2.359712230215827156e-01,1.716341212744090794e-01,1.352517985611510765e-01,1.042137718396711210e-01,4.953751284686536138e-02,-1.286742034943473834e-01,4.439876670092497701e-02,0.000000000000000000e+00
-2.289825282631038350e-01,-2.552929085303186074e-01,1.151079136690647403e-01,9.825282631038026460e-02,4.298047276464542765e-01,0.000000000000000000e+00,7.913669064748202198e-02,2.049331963001027601e-01,2.310380267214799666e-01,6.100719424460432361e-01,8.509763617677287839e-02,4.583761562178828575e-02,3.967112024665981479e-02,1.891058581706063849e-02,3.488180883864337445e-01,3.247687564234327251e-01,1.239465570400822281e-01,1.453237410071942515e-01,-1.712230215827338087e-01,-1.843782117163412226e-01,2.178828365878725803e-01,1.428571428571428492e-01,1.747173689619732975e-02,1.973278520041110151e-01,2.337101747173689625e-01,3.280575539568345578e-01,2.844809866392600251e-01,5.116135662898252390e-01,5.508735868448098871e-02,1.584789311408016377e-01,1.138746145940390669e-01,1.514902363823227016e-01,-2.466598150051387550e-01,-1.379239465570401002e-01,-3.802672147995889151e-02,1.580678314491264225e-01,3.001027749229187927e-02,-3.144912641315519147e-02,-1.473792394655704108e-01,-1.519013360739979446e-01,-1.724563206577595098e-01,-7.810894141829394233e-02,-1.667009249743062749e-01,-7.317574511819116556e-02,-1.796505652620760396e-01,-1.570400822199383428e-01,-2.240493319630010305e-02,-4.583761562178828575e-02,-1.473792394655704108e-01,-2.049331963001027601e-01,-2.236382322713258153e-01,-3.153134635149023590e-01,-2.018499486125385489e-01,-6.515930113052414985e-02,-2.754367934224049436e-02,4.707091469681397300e-02,-1.708119218910585935e-01,-2.774922918807811167e-01,-4.006166495375129144e-01,-3.903391572456321179e-01,-2.460431654676259183e-01,-1.675231243576567608e-01,5.858170606372044981e-02,-4.357656731757451191e-02,8.571428571428571508e-02,6.618705035971222950e-02,-8.263103802672147613e-02,9.907502569373072276e-02,-2.668036998972250773e-01,-1.541623843782117254e-01,3.225077081192189166e-01,2.690647482014388303e-01,1.558067831449126694e-01,2.458376156217882968e-01,1.886947584789311627e-01,1.329907502569373234e-01,8.324768756423432670e-02,7.728674203494348416e-02,1.952723535457348558e-02,-1.747173689619732975e-02,5.673175745118191199e-02,8.221993833504625052e-04,-8.016443987667008775e-03,-1.315519013360740008e-01,4.522096608427543518e-02,-3.473792394655703802e-02,1.315519013360740008e-01,9.208633093525181446e-02,4.604316546762590723e-02,-2.877697841726619202e-03,-1.926002055498458598e-01,-1.967112024665981507e-01,-2.293936279547790502e-01,-2.863309352517985351e-01,2.433710174717369223e-01,1.048304213771839716e-01,1.428571428571428492e-01,1.849948612538540593e-01,1.983556012332990948e-01,1.812949640287769559e-01,9.044193216855088424e-03,-2.425488180883864364e-01,2.049331963001027601e-01,1.350462487153134827e-01,3.062692702980472984e-02,-1.611510791366906614e-01,9.270298047276463727e-02,1.035971223021582843e-01,9.825282631038026460e-02,1.342240493319630246e-01,8.756423432682425290e-02,7.173689619732785683e-02,-9.660842754367935520e-03,-2.409044193216855201e-01,-9.167523124357657149e-02,-1.031860226104830414e-01
1.549845837615621835e-01,-1.738951695786228047e-01,2.898252826310380170e-01,1.442959917780061718e-01,9.804727646454265699e-02,7.913669064748202198e-02,0.000000000000000000e+00,1.029804727646454338e-01,1.340184994861253753e-01,9.290853031860227262e-02,3.083247687564234507e-01,5.549845837615622127e-03,3.533401849948613060e-01,-1.052415210688592007e-01,2.939362795477903564e-02,4.439876670092497701e-02,1.338129496402877816e-01,-1.210688591983556106e-01,8.735868448098664529e-02,3.679342240493319732e-02,-3.124357656731757346e-02,-4.049331963001027990e-02,8.776978417266187438e-02,-2.589928057553957108e-02,-5.405960945529290906e-02,-2.795477903391572691e-02,-8.468653648509763543e-02,3.494347379239465864e-03,1.882836587872558920e-01,-1.235354573484069851e-01,-3.782117163412127697e-02,-6.783144912641315451e-03,-3.699897225077081273e-03,-1.623843782117163556e-02,-7.831449126413156381e-02,-1.033915724563206628e-01,2.631038026721480017e-02,-6.310380267214799055e-02,-6.228160328879753932e-02,-1.366906474820143991e-01,7.749229188078109176e-02,-9.085303186022611333e-02,-8.735868448098664529e-02,-1.693730729701952709e-01,-2.117163412127441025e-01,-1.780061664953751233e-01,-2.012332990750257122e-01,-1.297019527235354630e-01,-2.653648509763617547e-01,-1.519013360739979446e-01,-2.067831449126413257e-01,-1.233299075025693775e-01,-1.479958890030832475e-01,7.831449126413156381e-02,-1.767728674203494221e-01,2.487153134635149143e-02,1.025693730729701908e-01,-1.771839671120246928e-01,-6.885919835560123936e-02,-1.136690647482014316e-01,3.514902363823227405e-02,-4.830421377183967413e-02,1.864337101747173819e-01,-9.989722507708120869e-02,-4.953751284686536138e-02,1.932168550873587104e-02,-1.775950668036999081e-01,-2.207605344295991978e-01,-2.055498458376156176e-02,-9.537512846865364713e-02,9.229188078108942206e-02,2.230215827338129508e-01,2.668036998972250773e-01,1.405960945529290962e-01,-6.577595066803700041e-03,9.558067831449128249e-02,-1.048304213771839716e-02,2.302158273381295361e-02,-8.427543679342241328e-03,-5.529290853031860326e-02,7.440904419321686669e-02,-7.605344295991778303e-02,9.599177800616649769e-02,-1.027749229188078123e-01,-6.248715313463514692e-02,-2.816032887975334145e-02,-7.810894141829394233e-02,-1.521068859198355661e-01,-9.208633093525181446e-02,1.451181911613566300e-01,-9.229188078108942206e-02,1.420349434737923910e-01,-1.619732785200411196e-01,4.542651593011305666e-02,-9.044193216855087036e-02,-4.809866392600205265e-02,-5.960945529290852946e-03,-8.674203494347379473e-02,-8.427543679342241328e-03,8.304213771839671909e-02,-8.057553956834533071e-02,8.057553956834533071e-02,-5.200411099691675670e-02,1.025693730729701908e-01,7.605344295991778823e-03,1.011305241521068821e-01,6.474820143884892076e-02,1.808838643371017685e-02,7.153134635149023535e-02,-1.531346351490236457e-01,-3.412127440904419440e-02,-5.899280575539567889e-02,3.062692702980472984e-02,-1.027749229188078123e-01,-1.003083247687564239e-01,-9.455292908530319243e-03
-4.110996916752312352e-02,-5.508735868448098871e-02,-1.052415210688592007e-01,3.206577595066804065e-01,-1.212744090441932390e-02,2.049331963001027601e-01,1.029804727646454338e-01,0.000000000000000000e+00,-4.110996916752312352e-02,2.367934224049332015e-01,-1.393627954779033951e-01,3.669064748201438797e-01,-6.639260020554985098e-02,3.017471736896197299e-01,-8.982528263103801980e-02,1.479958890030832475e-01,-2.980472764645426473e-02,1.027749229188078131e-03,-6.166495375128468789e-04,8.016443987667008775e-03,-1.858170606372045452e-01,-1.662898252826310597e-01,-7.461459403905447429e-02,9.373072970195273079e-02,-1.494347379239465423e-01,9.825282631038026460e-02,-2.400822199383350342e-01,-2.322713257965056816e-02,8.633093525179856564e-02,2.258992805755395683e-01,-1.151079136690647681e-02,1.403905447070914747e-01,-4.152106885919835955e-02,1.712230215827338087e-01,-2.361767728674203648e-01,-6.269270298047276146e-02,-3.227132579650565103e-01,-3.270298047276464226e-01,-3.142857142857142794e-01,-2.859198355601233477e-01,-1.819116135662898481e-01,-1.151079136690647403e-01,-9.311408016443988023e-02,-1.385405960945529369e-01,-5.385405960945529452e-02,2.795477903391572691e-02,-1.070914696813977385e-01,-1.909558067831449157e-01,8.838643371017472147e-03,4.871531346351490321e-02,-9.290853031860227262e-02,-5.673175745118191199e-02,-6.988694758478931728e-03,-9.229188078108942206e-02,-1.874614594039054616e-01,-5.200411099691675670e-02,-5.200411099691675670e-02,-1.586844809866392592e-01,-1.993833504624871814e-02,9.599177800616649769e-02,1.580678314491264225e-01,3.393627954779034339e-01,2.665981500513874836e-01,2.713257965056526388e-01,-2.250770811921891379e-01,3.843782117163412337e-01,-3.798561151079137277e-01,1.562178828365878673e-02,-7.399794450154162373e-02,-1.689619732785200557e-01,7.502569373072970338e-02,1.321685508735868653e-01,1.521068859198355765e-02,2.396711202466598190e-01,-7.153134635149023535e-02,1.782117163412127447e-01,-1.438848920863309601e-03,8.386433710174717726e-02,-4.583761562178828575e-02,-9.845837615621789995e-02,4.809866392600205265e-02,1.808838643371017407e-01,-7.667009249743063359e-02,-1.660842754367934382e-01,-9.907502569373072276e-02,1.880781089414182983e-01,-1.512846865364851079e-01,-7.852004110996917141e-02,-9.907502569373072276e-02,-2.754367934224049436e-02,-3.021582733812950075e-02,-1.292908530318602478e-01,-1.109969167523124495e-01,-1.720452209660842946e-01,-6.125385405960945967e-02,-2.795477903391572691e-02,-1.597122302158273388e-01,-3.782117163412127697e-02,1.547790339157245620e-01,1.101747173689619774e-01,3.288797533401850021e-03,-1.479958890030832475e-01,-2.322713257965056816e-02,1.849948612538540637e-03,-1.459403905447071055e-02,-1.225077081192189193e-01,6.392600205549846260e-02,-2.178828365878725595e-02,-5.056526207605344103e-02,-1.377183967112024718e-02,-1.640287769784172789e-01,4.172661870503597409e-02,5.077081192189106251e-02,4.193216855087358863e-02,-2.224049331963001142e-01,3.042137718396711529e-02
-2.916752312435765826e-01,-3.447070914696814259e-01,5.488180883864337417e-02,-2.522096608427543685e-01,5.031860226104830636e-01,2.310380267214799666e-01,1.340184994861253753e-01,-4.110996916752312352e-02,0.000000000000000000e+00,3.274409044193216656e-01,2.485097636176772928e-01,1.849948612538540593e-02,3.095580678314491241e-01,9.188078108941417910e-02,4.295991778006166273e-01,2.583761562178828464e-01,2.055498458376156263e-03,-5.138746145940390614e-02,-3.042137718396711321e-01,-3.412127440904419440e-01,1.724563206577595098e-01,1.130524152106885949e-01,-1.327852004110997020e-01,-1.621788283658787411e-01,3.371017471736896531e-02,-1.130524152106885880e-02,3.352517985611510598e-01,2.347379239465570699e-01,-1.046248715313463501e-01,-2.631038026721480017e-02,-1.638232271325796574e-01,-2.367934224049332015e-01,-3.866392600205550423e-01,-4.201438848920863722e-01,-1.973278520041110151e-01,-1.763617677286742069e-01,1.469681397738951678e-01,2.713257965056526180e-02,4.069886947584789444e-02,-6.454265159301129928e-02,-6.125385405960945967e-02,-3.309352517985611475e-02,-2.552929085303186074e-01,-2.933196300102774989e-01,-4.240493319630010416e-01,-3.566289825282631387e-01,-2.581706063720451971e-01,-1.319630010277492160e-01,-2.458376156217882968e-01,-2.293936279547790502e-01,-2.513874614594039381e-01,-2.419321685508735997e-01,-1.864337101747173819e-01,1.122302158273381228e-01,3.597122302158273222e-02,-3.001027749229187927e-02,-2.688591983556012366e-01,-3.915724563206577358e-01,-2.256937307297019468e-01,-3.116135662898253389e-01,3.453237410071942348e-02,-1.360739979445015346e-01,-1.644398766700925010e-02,-2.012332990750257122e-01,1.077081192189105890e-01,-3.432682425488180894e-02,-1.453237410071942515e-01,-2.135662898252826125e-01,-3.566289825282631387e-01,-1.958890030832476925e-01,2.561151079136690933e-01,2.421377183967112212e-01,2.645426515930113243e-01,2.752312435765673637e-01,1.255909558067831444e-01,1.640287769784172789e-01,4.974306269270298286e-02,-3.083247687564234611e-03,-1.759506680369989917e-01,-9.373072970195273079e-02,-7.297019527235354408e-02,-1.646454265159301433e-01,-1.504624871531346497e-01,-1.128468653648509734e-01,5.200411099691675670e-02,-1.373072970195272358e-01,3.062692702980472984e-02,-2.446043165467626235e-02,2.184994861253854170e-01,1.967112024665981507e-01,-1.262076053442959811e-01,-6.577595066803700041e-03,-2.727646454265159615e-01,-1.508735868448098649e-01,2.098663926002055646e-01,2.733812949640287635e-02,1.179856115107913578e-01,3.556012332990750313e-02,1.619732785200411196e-01,2.152106885919835844e-01,8.078108941418293831e-02,-1.001027749229188163e-01,2.680369989722507507e-01,2.750256937307297145e-01,7.687564234326825507e-02,-2.158273381294964141e-02,8.920863309352516923e-02,1.062692702980472803e-01,2.184994861253854170e-01,2.347379239465570699e-01,1.621788283658787411e-01,1.315519013360740008e-01,1.512846865364851079e-01,-2.322713257965056816e-02,1.116135662898252862e-01,-2.261048304213772106e-03
-2.904419321685508537e-01,-2.929085303186022560e-01,2.569373072970195307e-02,1.153134635149023757e-01,4.941418293936279404e-01,6.100719424460432361e-01,9.290853031860227262e-02,2.367934224049332015e-01,3.274409044193216656e-01,0.000000000000000000e+00,1.297019527235354630e-01,6.618705035971222950e-02,9.701952723535459122e-02,1.054470709146968221e-01,3.116135662898253389e-01,4.441932168550873916e-01,1.459403905447070882e-01,7.975334018499487254e-02,-1.381294964028776939e-01,-1.611510791366906614e-01,1.712230215827338087e-01,1.451181911613566300e-01,-3.782117163412127697e-02,1.292908530318602478e-01,5.714285714285714107e-02,1.695786228160328923e-01,1.835560123329907645e-01,4.147995889003083247e-01,1.107913669064748141e-01,2.071942446043165686e-01,9.249743062692702966e-03,7.893114080164440050e-02,-3.035971223021582954e-01,-1.928057553956834813e-01,-2.141829393627954770e-01,-7.810894141829393365e-03,5.118191161356629160e-02,-6.084275436793423059e-02,-1.706063720452209720e-01,-1.467625899280575741e-01,-1.414182939362795544e-01,-3.802672147995889151e-02,-2.746145940390544715e-01,-1.967112024665981507e-01,-2.382322713257965241e-01,-2.119218910585816962e-01,-2.228160328879753294e-01,-2.129496402877698036e-01,-2.055498458376156246e-01,-2.150051387461459629e-01,-3.434737923946556970e-01,-2.776978417266187105e-01,-3.225077081192189166e-01,-1.233299075025693844e-02,-1.572456320657759643e-01,1.233299075025693844e-02,-2.663926002055498343e-01,-3.837615621788283971e-01,-4.308324768756423562e-01,-3.884892086330935523e-01,-2.096608427543679432e-01,-5.097636176772867705e-02,1.895169578622815931e-01,-1.829393627954779139e-02,5.467625899280575269e-02,1.494347379239465423e-01,-2.559095580678314441e-01,-4.871531346351490321e-02,-2.974306269270298175e-01,-2.217882836587872497e-01,2.145940390544707199e-01,3.539568345323740872e-01,1.930113052415210750e-01,2.994861253854059768e-01,1.075025693730729814e-01,2.187050359712230108e-01,5.138746145940390614e-02,1.091469681397738978e-01,-6.166495375128468875e-02,-3.987667009249743627e-02,-9.105858170606372093e-02,5.200411099691675670e-02,-4.645426515930113631e-02,-1.699897225077081075e-01,-1.239465570400822281e-01,6.988694758478931901e-02,6.721479958890030915e-02,1.305241521068859212e-01,-2.651593011305241471e-02,5.529290853031860326e-02,-2.639260020554984321e-01,-1.463514902363823311e-01,-2.550873586844810137e-01,-2.339157245632065840e-01,2.156217882836587996e-01,8.078108941418293831e-02,3.864337101747174208e-02,1.519013360739979446e-01,1.862281603288797605e-01,2.308324768756423451e-01,3.761562178828366243e-02,-2.024665981500514134e-01,1.327852004110997020e-01,1.973278520041110151e-01,-7.810894141829393365e-03,-1.440904419321685503e-01,1.146968139773895251e-01,1.716341212744090794e-01,6.927029804727646844e-02,1.134635149023638240e-01,3.679342240493319732e-02,1.151079136690647403e-01,4.275436793422404680e-02,-2.020554984583761426e-01,-4.049331963001027990e-02,-6.022610483042138002e-02
7.954779033915725106e-02,-1.066803699897225094e-01,8.406988694758478486e-02,-1.013360739979445035e-01,8.098663926002055979e-02,8.509763617677287839e-02,3.083247687564234507e-01,-1.393627954779033951e-01,2.485097636176772928e-01,1.297019527235354630e-01,0.000000000000000000e+00,1.109969167523124425e-02,5.903391572456321290e-01,8.776978417266187438e-02,1.500513874614594068e-01,2.240493319630010305e-02,3.305241521068859045e-01,1.060637204522096588e-01,7.564234326824255394e-02,-5.344295991778006544e-02,-1.013360739979445035e-01,9.126413155190132853e-02,2.918807810894142110e-02,-6.639260020554985098e-02,-3.658787255909558278e-02,-4.830421377183967413e-02,-3.144912641315519147e-02,1.188078108941418437e-01,3.007194244604316502e-01,-3.617677286742035370e-02,-2.610483042137718562e-02,-1.327852004110997020e-01,-1.272353545734840885e-01,-2.047276464542651664e-01,-1.932168550873587104e-02,-1.233299075025693844e-02,8.119218910585818128e-02,2.713257965056526180e-02,-1.151079136690647403e-01,-1.730729701952723742e-01,-7.482014388489209578e-02,-1.186022610483042083e-01,-1.245632065775950786e-01,-1.301130524152107060e-01,-2.649537512846865672e-01,-2.600205549845837627e-01,-1.015416238437821250e-01,8.633093525179855870e-03,-2.199383350462487119e-01,-1.422404933196300125e-01,-1.202466598150051524e-01,-3.186022610483042056e-02,-8.900308324768756163e-02,9.496402877697843192e-02,-1.007194244604316634e-02,9.290853031860227262e-02,5.179856115107914216e-02,-1.403905447070914747e-01,-1.837615621788283582e-01,-2.450154162384378387e-01,5.179856115107914216e-02,-1.323741007194244590e-01,2.092497430626927002e-01,-7.502569373072970338e-02,2.836587872559095599e-02,-2.000000000000000111e-01,-2.098663926002055646e-01,-3.706063720452210108e-01,-6.680369989722508006e-02,-6.063720452209660911e-02,9.331963001027748783e-02,8.016443987667010163e-02,2.073997944501541624e-01,2.939362795477903564e-02,5.775950668036999164e-02,9.085303186022611333e-02,5.878725590955807129e-02,6.783144912641315451e-03,4.110996916752312526e-04,9.455292908530318896e-02,5.241521068859198579e-02,-6.187050359712231024e-02,-7.399794450154162373e-02,-1.206577595066803676e-01,-5.405960945529290906e-02,-6.454265159301129928e-02,-1.420349434737923910e-01,-2.546762589928057707e-01,-1.582733812949640301e-02,9.660842754367935520e-03,-6.783144912641315971e-02,9.701952723535459122e-02,-3.761562178828366243e-02,1.081192189105858181e-01,-8.324768756423432670e-02,-1.601233299075025818e-01,-2.302158273381295361e-02,1.747173689619732975e-02,-1.891058581706063849e-02,7.461459403905447429e-02,-9.064748201438847797e-02,5.940390544707092185e-02,-7.893114080164440050e-02,7.564234326824255394e-02,3.001027749229187927e-02,-1.459403905447071055e-02,-4.563206577595066427e-02,-1.706063720452209720e-02,3.905447070914696683e-03,2.425488180883864781e-02,2.980472764645426473e-02,1.891058581706063849e-02,-5.632065775950668290e-02,-2.127440904419321821e-01,3.268242548818088566e-02,-8.036998972250770923e-02
1.475847893114080323e-01,2.117163412127441025e-01,-2.631038026721480017e-02,1.529290853031860242e-01,-6.515930113052414985e-02,4.583761562178828575e-02,5.549845837615622127e-03,3.669064748201438797e-01,1.849948612538540593e-02,6.618705035971222950e-02,1.109969167523124425e-02,0.000000000000000000e+00,9.681397738951695586e-02,4.559095580678314552e-01,-6.721479958890030915e-02,5.220966084275437125e-02,6.803699897225076731e-02,1.580678314491264225e-01,1.161356628982528338e-01,1.338129496402877816e-01,-3.029804727646454032e-01,-9.393627954779033840e-02,-2.774922918807811237e-02,6.166495375128469222e-03,-1.025693730729701908e-01,2.302158273381295361e-02,-9.455292908530318896e-02,1.541623843782117219e-02,1.307297019527235427e-01,2.221993833504625204e-01,-3.124357656731757346e-02,1.849948612538540637e-03,6.166495375128469222e-03,9.188078108941417910e-02,-1.325796505652620805e-01,-1.087358684480986687e-01,-1.956834532374100988e-01,-2.308324768756423451e-01,-1.066803699897225094e-01,-1.934224049331962902e-01,-9.640287769784174066e-02,-5.344295991778006544e-02,-1.325796505652620805e-01,-1.660842754367934382e-01,-4.152106885919835955e-02,-1.159301130524152262e-01,-1.399794450154162317e-01,-1.239465570400822281e-01,-5.364850976361767998e-02,-4.254881808838643920e-02,-7.482014388489209578e-02,-3.206577595066803510e-02,3.329907502569372929e-02,-1.806783144912641470e-01,2.631038026721480017e-02,-5.118191161356629160e-02,9.681397738951695586e-02,8.715313463514902381e-02,1.605344295991777970e-01,2.049331963001027601e-01,3.294964028776978249e-01,3.582733812949639995e-01,2.032887975334018438e-01,3.350462487153135216e-01,-2.016443987667009274e-01,7.852004110996917141e-02,-2.400822199383350342e-01,-7.482014388489209578e-02,4.604316546762590723e-02,3.617677286742035370e-02,6.104830421377183819e-02,5.529290853031860326e-02,6.166495375128468875e-02,2.577595066803700097e-01,-5.179856115107914216e-02,1.958890030832476925e-01,3.514902363823227405e-02,3.699897225077081273e-03,5.035971223021583343e-02,7.379239465570401613e-02,1.200411099691675171e-01,2.281603288797533491e-01,-3.391572456320657986e-02,7.810894141829393365e-03,-3.864337101747174208e-02,1.662898252826310597e-01,-1.656731757451181952e-01,-1.212744090441932182e-01,-1.891058581706063849e-02,-1.056526207605344297e-01,-2.032887975334018438e-01,-2.349434737923946637e-01,-1.997944501541624174e-01,-2.226104830421377356e-01,-1.007194244604316669e-01,-1.109969167523124425e-02,-2.098663926002055646e-01,-2.959917780061665019e-02,2.240493319630010305e-02,2.014388489208633268e-02,-5.262076053442960033e-02,-1.595066803699897451e-01,-4.316546762589927935e-03,-6.474820143884892076e-02,-2.651593011305241471e-02,-1.015416238437821250e-01,-1.582733812949640301e-02,-2.672147995889003272e-02,-1.040082219938335134e-01,2.528263103802672052e-02,-1.874614594039054616e-01,-9.146968139773896389e-02,-1.239465570400822281e-01,7.769784172661871324e-02,-1.027749229188078088e-02,4.563206577595066427e-02
4.727646454265159448e-02,-9.660842754367934826e-02,1.537512846865365101e-01,-9.825282631038026460e-02,3.021582733812950075e-02,3.967112024665981479e-02,3.533401849948613060e-01,-6.639260020554985098e-02,3.095580678314491241e-01,9.701952723535459122e-02,5.903391572456321290e-01,9.681397738951695586e-02,0.000000000000000000e+00,1.710174717368961872e-01,1.395683453237410165e-01,7.769784172661871324e-02,1.210688591983556106e-01,2.034943473792394722e-02,-3.556012332990750313e-02,-8.283658787255909761e-02,-7.440904419321686669e-02,1.449126413155190085e-01,4.748201438848921596e-02,-5.960945529290852946e-02,-1.952723535457348558e-02,-5.344295991778006544e-02,-2.055498458376156263e-03,9.804727646454265699e-02,1.660842754367934382e-01,-4.953751284686536138e-02,-2.507708119218910597e-02,-1.149023638232271327e-01,-1.800616649537513103e-01,-2.559095580678314441e-01,-5.817060637204522072e-02,-8.036998972250770923e-02,1.808838643371017407e-01,7.543679342240493246e-02,-5.549845837615622127e-03,-1.272353545734840885e-01,5.734840698869476255e-02,2.672147995889003272e-02,-1.769784172661870436e-01,-1.969167523124357999e-01,-2.544707091469681770e-01,-2.947584789311408215e-01,-1.625899280575539563e-01,-6.310380267214799055e-02,-2.279547790339157276e-01,-1.342240493319630246e-01,-8.016443987667010163e-02,-2.384378211716341178e-02,-4.892086330935252469e-02,2.980472764645426473e-02,8.098663926002055979e-02,7.502569373072970338e-02,-3.494347379239465864e-03,-1.496402877697841916e-01,-7.338129496402878704e-02,-1.917780061664953739e-01,1.066803699897225094e-01,-9.845837615621789995e-02,1.379239465570401002e-01,-1.056526207605344297e-01,7.194244604316546270e-03,-1.237410071942446205e-01,-1.899280575539568638e-01,-3.338129496402877927e-01,-4.809866392600205265e-02,-1.109969167523124425e-02,1.609455292908530399e-01,1.346351490236382398e-01,3.354573484069887090e-01,1.706063720452209720e-01,2.302158273381295361e-02,1.194244604316546943e-01,4.501541623843782758e-02,-3.001027749229187927e-02,-6.310380267214799055e-02,1.336073997944501636e-02,4.933196300102775378e-02,-9.044193216855088424e-03,3.638232271325796824e-02,-3.288797533401850021e-02,8.591983556012333656e-02,-9.249743062692702966e-03,-1.455292908530318730e-01,-1.981500513874614455e-01,6.454265159301129928e-02,3.371017471736896531e-02,-1.120246659815005152e-01,-1.212744090441932390e-02,-1.270298047276464393e-01,-3.227132579650564964e-02,-1.266187050359712241e-01,-1.718396711202466731e-01,-4.090441932168550898e-02,-7.399794450154162373e-02,-2.528263103802672052e-02,6.906474820143884696e-02,-2.959917780061665019e-02,-3.247687564234327112e-02,3.268242548818088566e-02,7.872559095580679289e-02,6.433710174717369168e-02,1.932168550873587104e-02,-4.213771839671120317e-02,-1.849948612538540593e-02,9.290853031860227262e-02,7.379239465570401613e-02,3.083247687564234438e-02,-2.034943473792394722e-02,-3.597122302158273222e-02,-7.194244604316546443e-02,3.083247687564234438e-02,-8.180883864337101796e-02
