1.000000000000000000e+00,5.176728182671254119e-01,-1.490981128140965277e-02,-6.224585548952141917e-02,-1.517047231779793393e-01,1.056198519445313150e-01,9.310812219789385558e-02,-1.949744552184339355e-02,-2.575331039516213019e-02,4.160150140756959519e-02,1.654676258992805737e-01,2.179126264206026134e-02,1.381503492857887594e-01,-1.777708268168074202e-01,-6.599937441351265421e-02,-3.346887707225523756e-02,-5.536440412887080886e-02,-1.811072880825773945e-01,3.164424981753727328e-01,3.489729955166301356e-01,-7.016995099572514993e-02,-9.915545824210195147e-02,-1.041601501407569547e-01,-1.327285997289125163e-01,-1.027004483369825805e-01,-5.682410593264518306e-02,-2.554478156605150679e-02,-2.387655093316650573e-02,-4.076738609112709466e-02,-1.602544051715149576e-01,-3.242623292670211710e-02,-1.181315816911687883e-01,5.807527890730893039e-02,1.074966114065269290e-01,-2.367844854551141576e-01,-2.526326764675216330e-01,-1.077051402356375698e-01,-9.060577624856636092e-02,3.649254509435929418e-03,-1.018663330205400730e-01,-8.539255552080074474e-02,-7.225523928683140473e-02,-5.661557710353456313e-02,-8.539255552080074474e-02,-7.142112397038889726e-02,-7.121259514127828427e-02,-3.638828067980397901e-02,-5.515587529976018893e-02,2.046710457720779530e-01,1.583776457095193158e-01,5.432175998331769534e-02,-2.888124283182149504e-02,-6.328849963507454657e-02,-5.765822124908768359e-02,1.157335001563966105e-02,-1.039516213116463278e-01,4.102804712751537686e-01,3.644041288708163573e-01,4.313418830153268324e-01,2.789073089354602852e-01,3.218642477322489204e-01,2.294859764362423005e-01,2.526326764675216330e-01,6.683348972995516168e-02,-9.310812219789385558e-02,-2.976749035554164813e-01,-1.877802106141173710e-01,-1.892399124178917591e-01,1.965384214367636162e-01,4.598060681889270390e-02,9.998957355854445894e-02,4.598060681889270390e-02,7.955374830570326183e-02,-1.261599416119278325e-02,-2.950682931915337218e-02,-8.226462308414138336e-02,-1.525388384944218467e-01,-2.724429152330309356e-01,-1.064539672609738086e-01,-1.542070691273068339e-01,-7.475758523615888551e-02,-3.385465540610989033e-01,-1.371077051402356251e-01,-6.933583567928265634e-02,-2.234386403920342046e-01,-3.260348243144614577e-01,-6.360129287874047473e-03,-9.623605463455321696e-02,2.304243561672401214e-02,-2.128036701073923453e-01,-2.057136899176310874e-01,-1.650505682410593200e-01,-3.437597747888645472e-01,-6.057762485663642504e-02,8.434991137524762428e-02,9.435929517255760290e-02,-1.235533312480450313e-01,-8.393285371702638442e-02,-2.405380043791053857e-01,-1.848608070065686226e-01,-7.913669064748200810e-02,1.813158169116880492e-01,1.091648420394119301e-01,-6.933583567928265634e-02,-3.440725680325304719e-03,1.004066312167657127e-01,-2.432488791575435072e-01,-1.377332916275675057e-01,-5.598999061620268253e-02,8.893754561568135986e-02,-1.859034511521217570e-01,-1.715149619434886696e-01,-1.675529141903868147e-01,-2.499218016890834837e-01,3.138358878114898970e-02,-4.660619330622458450e-02
5.176728182671254119e-01,1.000000000000000000e+00,-1.502450213742049789e-01,6.360129287874047473e-03,-7.183818162861015100e-02,7.413199874882701879e-02,-7.267229694505264459e-02,-7.267229694505264459e-02,1.032217704097591372e-02,-1.308518402669169023e-01,6.641643207173390795e-02,2.815139192993431055e-03,-1.011364821186529032e-02,-1.896569700761130128e-01,-7.246376811594201772e-02,-1.667187988739443349e-01,-7.611302262537794801e-03,-1.750599520383692986e-01,2.578458971952872214e-01,3.591909081430507134e-01,-1.558752997601918211e-01,-2.189552705661557391e-03,-1.310603690960275014e-01,-1.220936294442706571e-01,1.094776352830778912e-02,1.093733708685225708e-01,6.516525909707016062e-02,-1.291836096340318873e-01,-5.849233656553018412e-02,-2.597226566572828355e-01,3.743092482535710641e-02,-3.868209780002084680e-02,2.572203107079553686e-01,2.812011260556771530e-01,-6.099468251485767184e-02,-1.345010947763528378e-02,-1.387759357731206400e-01,-1.358565321655718638e-01,-7.371494109060576505e-02,-1.504535502033155780e-01,-1.352309456782400110e-01,7.976227713481387482e-02,1.567094150766343286e-01,1.024919195078719536e-01,2.220832030028151161e-02,1.512876655197580855e-01,1.364821186529037444e-01,1.143780627671775602e-01,3.591909081430507134e-01,3.033051819414033790e-01,6.620790324262329496e-02,-2.325096444583463554e-02,-6.516525909707016062e-02,-1.562923574184130748e-01,-1.032217704097591372e-02,-1.204253988113856699e-01,3.933896361171931866e-01,5.205922218746741326e-01,3.197789594411427072e-01,2.332394953602335286e-01,2.128036701073923453e-01,2.409550620373266394e-01,2.440829944739860147e-01,2.617036805338337699e-02,-1.596288186841830770e-01,-2.824522990303409142e-01,4.723177979355645123e-02,3.117505995203836630e-02,2.626420602648316116e-01,1.650505682410593200e-01,5.108956313210300144e-03,-1.970597435095401695e-02,-4.452090501511833665e-02,-1.070795537483056892e-01,-7.517464289438013925e-02,-1.517047231779793393e-01,-1.723490772599311771e-01,-3.018454801376289631e-01,3.889062662913147367e-02,-1.152121780836200537e-01,1.595245542696277496e-02,-2.536753206130747396e-01,6.151600458763424074e-03,-4.910853925555207222e-02,-1.836096340319049169e-01,-4.455218433948492929e-01,1.431550411844437209e-01,-8.935460327390261359e-02,-6.182879783130017237e-02,-3.322906891877802082e-01,-2.367844854551141576e-01,-3.575226775101657539e-01,-4.557397560212698706e-01,-2.588885413408403280e-01,-4.055885726201646779e-02,5.411323115420706154e-02,-1.200083411531644162e-01,-1.458659159628818425e-01,-2.428318214993222535e-01,-2.993431341883014962e-01,-1.565008862475237017e-01,1.018663330205400730e-01,2.763006985715775118e-02,-7.621728703993327358e-02,-1.324158064852465864e-02,-6.203732666041079924e-02,-9.957251590032321908e-02,1.428422479407778084e-02,-7.788551767281826077e-02,8.789490147012823940e-02,-9.185694922323009437e-02,-2.522156188093003792e-01,-2.286518611197997652e-01,-3.510582838077364043e-01,-8.143050776769887589e-02,-1.047857366280888353e-01
-1.490981128140965277e-02,-1.502450213742049789e-01,1.000000000000000000e+00,4.380148055468668367e-01,-9.561046814722133635e-02,-5.265352935043269428e-02,4.357209884266499689e-01,2.205192367844854284e-01,-1.648420394119486931e-01,3.512668126368470034e-01,2.032113439683036205e-01,-8.977166093212385345e-02,2.121780836200604370e-01,3.638828067980397901e-02,-4.493796267333958344e-02,1.777708268168074202e-01,-9.769575643832759115e-02,-6.745907621728702841e-02,3.099781044729433832e-01,1.022833906787613406e-01,1.261599416119278325e-02,-2.912105098529871872e-01,6.092169742466895244e-01,5.026587425711604995e-01,2.265665728286935521e-01,-2.533625273694087993e-02,-2.701490981128140678e-01,1.306433114378062754e-01,-8.017933479303512856e-02,-1.074966114065269290e-01,1.633823376081743328e-01,3.083098738400583683e-01,-9.352517985611509543e-02,-5.536440412887080886e-02,2.430403503284328803e-01,-7.517464289438013925e-02,-1.033260348243144611e-01,-2.121780836200604370e-01,-6.568658116984672606e-03,-2.576373683661765668e-01,-1.355437389219059461e-03,-2.434574079866541618e-01,3.576269419247210535e-02,-1.218851006151600302e-01,2.603482431446147438e-01,-1.219893650297153645e-02,-8.163903659680950275e-02,-2.397038890626628782e-01,-1.692211448232718018e-01,-2.467938692524241084e-01,-2.294859764362423005e-01,-2.897508080492127713e-01,-2.857887602961109441e-01,-1.988322385569804840e-01,-2.609738296319465967e-01,-3.381294964028776495e-01,-1.304347826086956486e-01,-1.579605880512980898e-01,-1.765196538421436590e-01,-1.654676258992805737e-01,-2.593055989990615817e-01,-3.058075278907309014e-01,-2.772390783025753258e-01,-2.365759566260035307e-01,3.979772703576269222e-01,1.896569700761130128e-01,2.161401313731623475e-01,-3.054947346470649611e-02,-6.725054738817641542e-02,-1.235533312480450313e-01,2.128036701073923453e-01,6.745907621728702841e-02,2.457512251068710019e-01,1.389844646022312391e-01,2.005004691898654712e-01,7.611302262537794801e-03,7.298509018871857969e-04,8.893754561568135986e-02,-2.950682931915337218e-02,9.488061724533416660e-03,-1.558752997601918211e-01,-4.347826086956521618e-02,-2.282348034615785393e-01,-3.068501720362840079e-01,7.371494109060576505e-02,1.741215723073714916e-02,-2.130121989365029722e-01,-1.114586591596288118e-01,-1.178187884475028618e-02,-1.029089771660931935e-01,-2.783859868626837458e-02,1.512876655197580855e-01,1.669273277030549341e-01,2.265665728286935521e-01,-1.345010947763528378e-02,-1.318944844124700089e-01,-1.617141069752893179e-01,-2.188510061516004412e-01,-4.014179960379522100e-02,-1.492023772286518446e-01,-5.056824105932645336e-02,4.014179960379522100e-02,4.598060681889270390e-02,-8.664372849546449207e-02,-1.200083411531644162e-01,4.014179960379522100e-02,-1.300177249504743948e-01,-1.325200708998018895e-01,6.558231675529141436e-02,-2.211448232718173090e-01,-2.161401313731623475e-01,-4.827442393910957169e-02,-1.548326556146387145e-01,-2.908977166093212191e-02,-1.886143259305599063e-01,-1.602544051715149576e-01
-6.224585548952141917e-02,6.360129287874047473e-03,4.380148055468668367e-01,1.000000000000000000e+00,-6.412261495151704016e-02,-7.746846001459700704e-02,1.485767907413199640e-01,3.600250234594932763e-01,-7.371494109060576505e-02,1.200083411531644162e-01,6.412261495151704016e-02,-6.568658116984672606e-03,3.388593473047648436e-02,2.283390678761338527e-02,-1.756855385257011515e-01,5.453028881242831527e-02,-2.709832134292565753e-01,-3.212386612449170675e-01,4.660619330622458450e-02,1.741215723073714916e-02,-2.011260556771973518e-01,-1.663017412157230535e-01,3.629444270670419415e-01,4.448962569075173845e-01,1.696382024814930556e-01,9.164842039411948138e-02,-2.203107079553748293e-01,-6.766760504639765528e-02,-2.572203107079553686e-01,-3.116463351058283426e-01,8.226462308414138336e-02,2.551350224168490999e-01,-3.117505995203836630e-02,7.496611406526951238e-02,2.486706287144197225e-01,8.518402669169011787e-02,-1.193827546658325356e-01,-1.506620790324262327e-01,-1.777708268168074202e-01,-1.861119799812323838e-01,-1.108330726722969312e-01,-8.726931498279635879e-02,1.448232718173287359e-01,1.345010947763528378e-02,2.342821395057866629e-01,1.881972682723386248e-01,-3.054947346470649611e-02,-8.143050776769887589e-02,-1.887185903451151989e-02,-2.387655093316650573e-02,-6.036909602752579818e-02,-5.849233656553018412e-02,-1.346053591909081304e-01,-1.911166718798873732e-01,-2.340736106766760083e-01,-2.082160358669585820e-01,-2.098842664998435692e-01,-2.721301219893650092e-02,-1.633823376081743328e-01,-1.202168699822750292e-01,-2.641017620686059719e-01,-1.679699718486080406e-01,-3.416744864977583340e-01,-2.363674277968929038e-01,2.121780836200604370e-01,2.761964341570221637e-01,2.872484620998852489e-01,1.831925763736836632e-01,-7.580022938171201985e-02,5.213220727765613145e-04,7.204671045772076399e-02,-6.912730685017202947e-02,1.324158064852465864e-02,3.743092482535710641e-02,7.434052757793764565e-02,-5.473881764153894214e-02,-1.991450318006464382e-02,4.326973204045459626e-02,-8.059639245125638229e-02,-1.779793556459180470e-01,-2.294859764362423005e-01,-9.415076634344697604e-02,-1.675529141903868147e-01,-3.416744864977583340e-01,4.347826086956521618e-02,1.772495047440308426e-03,-6.975289333750389620e-02,-2.030028151391929658e-01,-1.300177249504743948e-01,-4.097591492023772153e-02,-5.348764466687519481e-02,-3.576269419247210535e-02,1.871546241267855182e-01,-2.189552705661557391e-03,-6.662496090084453482e-02,-1.321030132415806357e-01,-1.389844646022312391e-01,-2.407465332082160125e-01,-9.164842039411948138e-02,-2.674382233343759463e-01,-5.744969241997706366e-02,-1.010322177040975794e-01,-8.226462308414138336e-02,-1.652590970701699469e-01,-5.515587529976018893e-02,-1.177145240329475484e-01,-1.845480137629026962e-02,1.699509957251589889e-02,5.661557710353456313e-02,-1.170889375456156678e-01,-1.012407465332082201e-01,-1.210509852987175367e-01,-1.796475862788030342e-01,-1.185486393493900559e-01,-2.605567719737253429e-01,-2.159316025440516928e-01
-1.517047231779793393e-01,-7.183818162861015100e-02,-9.561046814722133635e-02,-6.412261495151704016e-02,1.000000000000000000e+00,4.519862370972786425e-01,-7.976227713481387482e-02,4.160150140756959519e-02,7.372536753206130333e-01,-9.164842039411948138e-02,-9.039724741945573405e-02,1.170889375456156678e-01,-6.641643207173390795e-02,1.289750808049212605e-01,4.517777082681680434e-01,2.999687206756333491e-01,1.262642060264831390e-01,1.360650609946825185e-01,-1.049942654571994483e-01,-9.206547805234073512e-02,-6.620790324262329496e-02,1.575435303930768360e-01,-6.850172036284016275e-02,-6.036909602752579818e-02,2.094672088416223432e-01,4.396830361797517961e-01,4.363465749139817662e-01,2.012303200917526722e-02,1.834011052027942901e-01,2.574288395370659677e-01,1.329371285580231432e-01,1.348138880200187573e-01,1.917422583672192538e-01,6.057762485663642504e-02,-1.386716713585653057e-02,1.200083411531644162e-01,2.888124283182149504e-02,1.623396934626211985e-01,-5.317485142320925277e-03,7.308935460327389833e-02,-9.978104472943383207e-02,1.952872484620998550e-01,-1.781878844750286739e-01,9.331665102700448244e-02,-1.179230528620581753e-01,-8.726931498279635879e-02,-2.063392764049629680e-01,-3.409446355958711122e-02,-1.066624960900844493e-01,-6.120321134396829871e-02,1.157335001563966105e-02,1.094776352830778912e-02,4.744030862266708504e-02,-1.741215723073714916e-02,-1.517047231779793393e-01,-4.785736628088833183e-02,-8.205609425503075649e-02,-2.059222187467417142e-01,-1.577520592221874352e-01,-1.750599520383692986e-01,-2.491919507871963313e-02,-3.180064643937024343e-02,6.266291314774266596e-02,-1.577520592221874352e-01,-8.038786362214575543e-02,6.328849963507454657e-02,9.696590553644041793e-03,1.824627254717964622e-02,-1.306433114378062754e-01,2.398081534772182090e-03,-1.866333020540089649e-02,6.579084558440204122e-02,-5.661557710353456313e-02,-2.325096444583463554e-02,6.954436450839328321e-02,2.207277656135960553e-01,1.024919195078719536e-01,-8.330726722969450382e-02,2.511729746637472727e-01,2.734855593785840977e-01,2.470023980815347353e-01,1.396100510895631197e-01,2.830778855176727671e-01,1.823584610572411557e-01,2.109269106453967313e-01,2.617036805338337699e-02,2.190595349807110681e-01,-5.807527890730893039e-02,-6.599937441351265421e-02,-6.162026900218955244e-02,-1.266812636847043927e-01,-1.214680429569387904e-01,-2.398081534772182090e-03,-1.354394745073506379e-01,-5.598999061620268253e-02,1.157335001563966105e-02,9.852987175477009862e-02,-4.900427484099675879e-03,-3.263476175581273703e-02,-2.658742571160462725e-02,7.621728703993327358e-02,-2.467938692524241084e-01,-4.744030862266708504e-02,-9.206547805234073512e-02,1.990407673860911109e-01,-2.033156083828589061e-02,1.706808466270461899e-01,1.377332916275675057e-01,-8.622667083724323833e-02,5.286205817954332115e-02,7.246376811594201772e-02,-1.079136690647481966e-01,6.996142216661452307e-02,5.849233656553018412e-02,8.163903659680950275e-02,1.296006672922531411e-01
1.056198519445313150e-01,7.413199874882701879e-02,-5.265352935043269428e-02,-7.746846001459700704e-02,4.519862370972786425e-01,1.000000000000000000e+00,2.617036805338337699e-02,4.410384735689708291e-02,3.810864351996663402e-01,2.786987801063496861e-01,-6.328849963507454657e-02,1.496194348868730983e-01,4.535502033156083024e-02,5.682410593264518306e-02,3.712855802314670162e-01,4.926493587738504654e-01,1.721405484308205502e-01,1.348138880200187573e-01,7.100406631216764353e-02,1.256386195391512861e-01,1.214680429569387904e-01,-2.262537795850276187e-02,1.908038786362214329e-02,2.637889688249400039e-02,2.207277656135960553e-01,2.920446251694296391e-01,1.773537691585861387e-01,2.436659368157647609e-01,2.580544260243978205e-01,2.336565530184547823e-01,2.117610259618392110e-01,1.936190178292148678e-01,1.325200708998018895e-01,4.055885726201646779e-02,-9.602752580544259009e-02,-3.972474194557397420e-02,3.597122302158273222e-02,7.642581586904388657e-02,1.565008862475237017e-01,-1.329371285580231432e-01,5.619851944531330940e-02,-6.328849963507454657e-02,-1.873631529558961450e-01,-9.936398707121259222e-02,-2.463768115942028825e-01,-2.153060160567198122e-01,-1.871546241267855182e-01,-1.129183609634031721e-01,-1.287665519758106614e-01,-1.129183609634031721e-01,-2.189552705661557391e-03,-9.071004066312168129e-03,-9.696590553644041793e-03,9.561046814722133635e-02,4.681472213533520443e-02,5.932645188197268465e-02,8.445417578980294465e-03,-1.137524762798456796e-01,-8.434991137524762428e-02,-1.008236888749869525e-01,2.606610363882806355e-03,-1.762068605984777256e-02,3.305181941403398382e-02,-7.308935460327389833e-02,1.772495047440308426e-03,3.451152121780835802e-02,-4.994265457199457275e-02,-4.389531852778646298e-02,2.241684912939213847e-02,-5.108956313210300144e-03,4.890001042644145229e-02,1.574392659785215157e-02,7.267229694505264459e-02,5.390470232509644161e-02,6.579084558440204122e-02,7.142112397038889726e-02,-1.014492753623188331e-01,-1.825669898863517548e-01,9.143989156500885451e-02,1.087477843811906902e-01,1.456573871337712434e-01,-2.012303200917526722e-02,6.954436450839328321e-02,-9.206547805234073512e-02,2.908977166093212191e-02,-3.138358878114898970e-02,-6.151600458763424074e-03,-9.279532895422791527e-03,8.247315191325199635e-02,-4.410384735689708291e-02,-8.372432488791574368e-02,-8.893754561568135986e-02,-1.713064331143780428e-01,-1.416953393806693606e-01,2.325096444583463554e-02,4.785736628088833183e-02,-5.870086539464080405e-02,-3.743092482535710641e-02,-1.389844646022312391e-01,-1.208424564696069098e-01,-5.849233656553018412e-02,-2.908977166093212191e-02,8.351579605880511681e-02,-1.796475862788030342e-01,1.219893650297153645e-02,6.516525909707016062e-02,-8.747784381190699954e-02,-1.554582421019705951e-01,-8.122197893858826290e-02,4.160150140756959519e-02,-1.381503492857887594e-01,-1.404441664060055994e-01,-1.202168699822750292e-01,-2.046710457720779530e-01,2.366802210405588233e-02,1.425294546971118681e-01
9.310812219789385558e-02,-7.267229694505264459e-02,4.357209884266499689e-01,1.485767907413199640e-01,-7.976227713481387482e-02,2.617036805338337699e-02,1.000000000000000000e+00,4.323845271608799945e-01,-6.433114378062766703e-02,3.612761964341569820e-01,4.567824001668230327e-01,2.330309665311229295e-01,5.170472317797935036e-01,1.644249817537274394e-01,-5.202794286310082061e-02,2.153060160567198122e-01,-7.611302262537794801e-03,-5.870086539464080405e-02,4.017307892816181503e-01,1.152121780836200537e-01,-2.116567615472839115e-02,-2.845375873214471829e-01,4.361380460848712226e-01,2.937128558023146541e-01,3.857783338546553684e-03,-1.804817015952455139e-01,-2.505473881764153643e-01,-1.574392659785215157e-02,3.826504014179960000e-02,2.606610363882806355e-03,1.650505682410593200e-01,1.944531331456573753e-01,1.115629235741841252e-02,3.221770409759149023e-02,2.074861849650714088e-02,-2.903763945365446242e-01,-2.401209467208841597e-01,-2.105098529871754776e-01,-1.563966218329683943e-03,-3.089354603273902211e-01,8.289020957147326396e-02,-1.959128349494317634e-01,-1.902825565634448657e-01,-3.600250234594932763e-01,4.347826086956521618e-02,-1.932019601709936141e-01,-3.777499739338963103e-01,-4.707538317172348385e-01,-2.255239286831404455e-01,-2.801584819101240464e-01,-2.837034720050046754e-01,-3.122719215931602510e-01,-4.008966739651756983e-01,-2.530497341257428867e-01,-3.452194765926389075e-01,-4.444791992492961863e-01,-1.512876655197580855e-01,-2.080075070378479551e-01,-3.013241580648524584e-02,-1.120842456469606785e-01,3.013241580648524584e-02,-4.639766447711395070e-02,-1.821499322281305289e-01,-8.560108434991137161e-02,5.139192993431341838e-01,2.947554999478677606e-01,-5.119382754665832008e-02,-2.720258575748096819e-01,-2.386612449171097716e-01,-3.541862162443957796e-01,3.892190595349807047e-01,2.522156188093003792e-01,4.313418830153268324e-01,3.333333333333332593e-01,1.575435303930768360e-01,2.453341674486497759e-01,9.957251590032321908e-02,1.740173078928161920e-01,-4.118444374934834146e-02,-1.335627150453550238e-01,-2.413721196955478654e-01,-2.495047440308622577e-01,-3.041392972578458864e-01,-2.263580439995829252e-01,1.782921488895839596e-02,-2.471066624960900626e-02,-3.435512459597539481e-01,-1.898654989052236119e-01,1.991450318006464382e-02,-9.248253571056197497e-02,1.131268897925138128e-01,1.992492962152017100e-01,7.892816181837138123e-02,2.653529350432696776e-01,-5.557293295798143573e-02,-8.059639245125638229e-02,-1.742258367219267912e-01,-2.055051610885204882e-01,7.538317172349076611e-02,3.430299238869773809e-02,-3.930768428735272740e-02,1.539985402981962070e-01,9.686164112188509756e-02,-1.012407465332082201e-01,-5.369617349598581474e-02,1.035345636534250741e-01,-1.859034511521217570e-01,-1.850693358356792773e-01,1.802731727661349148e-01,-1.348138880200187573e-01,-3.224898342195808287e-01,3.180064643937024343e-02,-6.307997080596391970e-02,-3.743092482535710641e-02,3.951621311646334733e-02,-4.222708789490146192e-02
-1.949744552184339355e-02,-7.267229694505264459e-02,2.205192367844854284e-01,3.600250234594932763e-01,4.160150140756959519e-02,4.410384735689708291e-02,4.323845271608799945e-01,1.000000000000000000e+00,1.070795537483056892e-01,1.485767907413199640e-01,3.516838702950682571e-01,4.490668334897298664e-01,3.322906891877802082e-01,2.349077259931185435e-01,-5.828380773641955032e-02,1.498279637159837252e-01,-1.373162339693462519e-01,-2.046710457720779530e-01,1.231362735898237915e-01,3.096653112292773943e-02,-1.408612240642268809e-01,-1.590032321968511964e-01,2.317797935564591683e-01,2.962152017516421210e-01,-2.742154102804712432e-02,-3.659680950891460588e-02,-1.608799916588468382e-01,-1.375247627984568788e-01,-8.028359920759044199e-03,-5.578146178709206260e-02,1.654676258992805737e-01,2.615994161192784495e-01,1.308518402669169023e-01,1.827755187154623817e-01,3.232196851214680020e-03,-1.227192159316025377e-01,-2.430403503284328803e-01,-1.200083411531644162e-01,-1.091648420394119301e-01,-2.121780836200604370e-01,5.494734647064956207e-02,-6.203732666041079924e-02,-2.136377854238348251e-01,-2.903763945365446242e-01,-5.953498071108330458e-02,-1.610885204879574373e-01,-4.348868731102074614e-01,-4.161192784902512098e-01,-1.875716817850067719e-01,-1.567094150766343286e-01,-1.181315816911687883e-01,-7.955374830570326183e-02,-1.982066520696486311e-01,-1.804817015952455139e-01,-3.022625377958502724e-01,-2.989260765300802425e-01,-2.930872693149828012e-01,-2.492962152017516309e-01,-7.183818162861015100e-02,-1.133354186216244397e-01,-1.657804191429464863e-02,1.054113231154207020e-01,-2.505473881764153643e-01,-8.893754561568135986e-02,2.369930142842247844e-01,5.128766551975810772e-01,3.096653112292773943e-02,-3.857783338546553684e-03,-2.524241476384109784e-01,-3.028881242831821252e-01,2.207277656135960553e-01,9.832134292565945788e-02,1.948701908038786290e-01,2.203107079553748293e-01,1.296006672922531411e-01,2.782817224481284324e-01,2.209362944427066822e-01,2.090501511834010895e-01,-9.873840058388071161e-02,-2.570117818788447139e-01,-2.613908872901678504e-01,-2.641017620686059719e-01,-2.294859764362423005e-01,-2.563861953915128611e-01,5.703263476175580993e-02,6.829319153372953588e-02,-1.704723177979355631e-01,-2.528412052966322321e-01,3.284329058492336390e-02,-1.490981128140965277e-02,1.031175059952038342e-01,2.325096444583463554e-02,1.631738087790636782e-01,3.221770409759149023e-02,-1.072880825774163160e-01,-1.072880825774163160e-01,-1.266812636847043927e-01,-2.417891773537691469e-01,-4.389531852778646298e-02,-9.456782400166821589e-02,3.701386716713585268e-02,1.219893650297153645e-02,-3.284329058492336390e-02,-2.563861953915128611e-01,-6.537378792618078749e-02,-9.832134292565945788e-02,-8.622667083724323833e-02,-1.671358565321655609e-01,1.740173078928161920e-01,-2.606610363882806355e-03,-2.178083620060473347e-01,-8.872901678657073299e-02,-6.266291314774266596e-02,-1.325200708998018895e-01,-3.638828067980397901e-02,-3.972474194557397420e-02
-2.575331039516213019e-02,1.032217704097591372e-02,-1.648420394119486931e-01,-7.371494109060576505e-02,7.372536753206130333e-01,3.810864351996663402e-01,-6.433114378062766703e-02,1.070795537483056892e-01,1.000000000000000000e+00,-1.975810655823167228e-01,-4.066312167657177949e-03,2.159316025440516928e-01,1.616098425607340183e-02,1.652590970701699469e-01,3.708685225732457624e-01,1.915337295381086269e-01,1.199040767386091132e-02,5.307058700865394107e-02,-1.104160150140756913e-01,-1.112501303305181988e-01,-1.884057971014492516e-01,1.337712438744656229e-01,-1.640079240955061857e-01,-1.846522781774579958e-01,9.018871859034512106e-02,3.717026378896882144e-01,3.742049838390156813e-01,-1.562923574184130748e-01,1.304347826086956486e-01,1.848608070065686226e-01,1.157335001563966105e-02,-1.824627254717964622e-02,1.608799916588468382e-01,3.638828067980397901e-02,-1.143780627671775602e-01,2.575331039516213019e-02,-4.118444374934834146e-02,2.103013241580648229e-01,-1.258471483682619130e-01,7.809404650192888764e-02,-1.736002502345949106e-01,2.332394953602335286e-01,-2.032113439683036205e-01,1.233448024189344183e-01,-1.191742258367219087e-01,-4.764883745177770497e-02,-2.442915233030966415e-01,-1.032217704097591372e-02,2.387655093316650573e-02,6.599937441351265421e-02,9.081430507767697391e-02,7.976227713481387482e-02,8.580961317902199847e-02,-4.368678969867583611e-02,-1.771452403294755396e-01,-9.289959336878324259e-02,-1.041601501407569547e-01,-1.475341465957668574e-01,-1.345010947763528378e-02,-9.707016995099571055e-02,7.767698884370763390e-02,6.162026900218955244e-02,6.516525909707016062e-02,-9.811281409654883101e-02,-1.241789177353769119e-01,-2.929830049004274531e-02,-7.746846001459700704e-02,-5.765822124908768359e-02,-1.865290376394536376e-01,-1.678657074340527550e-02,-1.782921488895839596e-02,9.623605463455321696e-02,-3.409446355958711122e-02,1.053070587008653886e-02,5.703263476175580993e-02,2.511729746637472727e-01,9.581899697633197710e-02,-1.258471483682619130e-01,1.869460952976748913e-01,1.617141069752893179e-01,1.027004483369825805e-01,3.232196851214680020e-03,1.921593160254404797e-01,1.948701908038786290e-01,1.900740277343342388e-01,-1.678657074340527550e-02,2.415806485246584923e-01,-8.977166093212385345e-02,-7.892816181837138123e-02,-9.957251590032321908e-02,-9.206547805234073512e-02,-1.277239078302575270e-01,2.606610363882806355e-03,-1.166718798873944141e-01,-3.472005004691898489e-02,7.788551767281826077e-02,1.356480033364612647e-01,3.221770409759149023e-02,1.981023876550933125e-03,2.262537795850276187e-02,8.789490147012823940e-02,-2.334480241893441554e-01,-6.495673026795954763e-02,-1.066624960900844493e-01,2.365759566260035307e-01,-2.658742571160462725e-02,1.565008862475237017e-01,1.535814826399749811e-01,-8.122197893858826290e-02,1.462829736211030962e-01,1.087477843811906902e-01,-5.035971223021581955e-02,1.587947033677405972e-01,8.351579605880511681e-02,1.346053591909081304e-01,1.095818996976331977e-01
4.160150140756959519e-02,-1.308518402669169023e-01,3.512668126368470034e-01,1.200083411531644162e-01,-9.164842039411948138e-02,2.786987801063496861e-01,3.612761964341569820e-01,1.485767907413199640e-01,-1.975810655823167228e-01,1.000000000000000000e+00,1.308518402669169023e-01,2.262537795850276187e-02,2.374100719424460104e-01,-5.108956313210300144e-03,2.617036805338337699e-02,4.077781253258262462e-01,4.431237618600771672e-02,2.408507976227713260e-02,1.842352205192367698e-01,4.827442393910957169e-02,3.039307684287352873e-01,-3.181107288082576923e-01,3.958919820665206535e-01,3.748305703263475896e-01,1.512876655197580855e-01,-1.469085601084349768e-01,-3.279115837764570718e-01,4.198727974142424380e-01,1.331456573871337423e-01,6.370555729329578643e-02,2.178083620060473347e-01,2.672296945052653472e-01,-1.287665519758106614e-01,-1.202168699822750292e-01,8.935460327390261359e-02,-2.005004691898654712e-01,-3.847356897091022687e-02,-1.844437493483473967e-01,2.346991971640079166e-01,-3.220727765613595750e-01,2.932957981440934003e-01,-3.867167135856531823e-01,-5.744969241997706366e-02,-3.523094567824001655e-01,-5.213220727765613145e-04,-1.738087790637055374e-01,-1.243874465644875388e-01,-3.208216035866958693e-01,-2.336565530184547823e-01,-2.878740485872171573e-01,-1.658846835575017997e-01,-1.514961943488687401e-01,-2.005004691898654712e-01,2.408507976227713260e-02,4.243561672401209572e-02,-2.721301219893650092e-02,-1.189656970076112957e-01,-1.744343655510374180e-01,-1.237618600771556582e-01,-1.147951204253988000e-01,-1.139610051089563064e-01,-1.725576060890418040e-01,-2.190595349807110681e-01,-5.453028881242831527e-02,3.794182045667813252e-01,2.286518611197997652e-01,1.115629235741841252e-02,-1.579605880512980898e-01,-6.704201855906578855e-02,-2.709832134292565753e-01,2.080075070378479551e-01,-2.575331039516213019e-02,2.447085809613178675e-01,1.804817015952455139e-01,5.265352935043269428e-02,-1.043686789698675815e-01,-1.179230528620581753e-01,7.454905640704827252e-02,-9.561046814722133635e-02,-5.453028881242831527e-02,-1.368991763111249982e-01,-5.786675007819830352e-02,-2.739026170368052959e-01,-3.112292774476071444e-01,-9.415076634344697604e-02,7.559170055260139298e-02,-3.812949640287769393e-01,2.054008966739651748e-02,1.952872484620998550e-01,2.199979147117088821e-02,9.581899697633197710e-02,2.065478052340735948e-01,2.033156083828589061e-02,1.758940673548118061e-01,-2.408507976227713260e-02,-1.287665519758106614e-01,-2.340736106766760083e-01,-1.815243457407986760e-01,-3.326034824314461069e-02,-1.636951308518402523e-02,-1.212595141278281774e-01,1.617141069752893179e-01,1.654676258992805737e-01,-1.623396934626211985e-01,-1.727661349181524308e-01,1.250130330518194055e-01,-2.161401313731623475e-01,-3.929725784589719328e-01,1.600458763424043307e-01,-2.643102908977165710e-01,-4.490668334897298664e-01,-1.762068605984777256e-02,-2.180168908351579615e-01,-1.765196538421436590e-01,-2.325096444583463554e-02,6.933583567928265634e-02
1.654676258992805737e-01,6.641643207173390795e-02,2.032113439683036205e-01,6.412261495151704016e-02,-9.039724741945573405e-02,-6.328849963507454657e-02,4.567824001668230327e-01,3.516838702950682571e-01,-4.066312167657177949e-03,1.308518402669169023e-01,1.000000000000000000e+00,2.411635908664372663e-01,5.964967156709414242e-01,1.808987592534667677e-01,-9.696590553644041793e-03,4.483369825878427348e-03,5.943071629652798941e-03,4.900427484099675879e-03,2.688979251381503066e-01,6.328849963507454657e-02,-5.890939422375143092e-02,-1.654676258992805737e-01,1.961213637785423902e-01,1.546241267855280876e-01,1.199040767386091132e-02,-1.056198519445313150e-01,-9.686164112188509756e-02,-7.434052757793764565e-02,5.056824105932645336e-02,-1.595245542696277496e-02,8.768637264101761253e-02,9.039724741945573405e-02,8.643519966635386520e-02,6.871024919195077574e-02,-3.075800229381711604e-02,-2.426232926702116266e-01,-2.928787404858721466e-01,-1.831925763736836632e-01,4.660619330622458450e-02,-1.389844646022312391e-01,5.849233656553018412e-02,-1.056198519445313150e-01,-8.205609425503075649e-02,-2.605567719737253429e-01,3.743092482535710641e-02,-1.183401105202794151e-01,-2.649358773850484794e-01,-3.579397351683870077e-01,-6.349702846418517344e-02,-1.068710249191950762e-01,-1.854863934939005310e-01,-1.623396934626211985e-01,-2.142633719111667057e-01,-2.432488791575435072e-01,-2.607653008028359976e-01,-4.029819622562818560e-01,-3.763945365446772634e-02,-3.889062662913147367e-02,-1.563966218329683943e-03,-8.434991137524762428e-02,5.578146178709206260e-02,-6.568658116984672606e-03,-8.518402669169011787e-02,-3.284329058492336390e-02,2.572203107079553686e-01,1.702637889688249362e-01,-4.097591492023772153e-02,-1.942446043165467484e-01,-1.592117610259618232e-01,-2.893337503909915731e-01,1.934104890001042409e-01,1.081221978938588096e-01,2.334480241893441554e-01,1.967469502658742431e-01,2.471066624960900626e-02,8.497549786257949100e-02,-6.078615368574705191e-02,1.199040767386091132e-02,7.705140235637575330e-02,-2.700448336982587752e-02,-7.142112397038889726e-02,-1.900740277343342388e-01,-1.663017412157230535e-01,-7.225523928683140473e-02,5.765822124908768359e-02,-9.081430507767697391e-02,-1.623396934626211985e-01,-1.341883015326868767e-01,2.929830049004274531e-02,-1.681785006777186675e-01,1.981023876550933125e-03,-1.824627254717964622e-02,-1.762068605984777256e-02,7.204671045772076399e-02,-1.270983213429256464e-01,-5.828380773641955032e-02,-1.060369096027525687e-01,-2.624335314357209570e-01,-6.328849963507454657e-02,-8.434991137524762428e-02,-5.317485142320925277e-03,-2.179126264206026134e-02,2.575331039516213019e-02,-1.072880825774163160e-01,1.296006672922531411e-01,3.993327077468460107e-02,1.032217704097591372e-02,-1.018663330205400730e-01,2.134292565947241982e-01,-1.575435303930768360e-01,-3.414659576686476794e-01,-7.642581586904388657e-02,-8.163903659680950275e-02,-2.596183922427275012e-02,1.110416015014075580e-01,6.975289333750389620e-02
2.179126264206026134e-02,2.815139192993431055e-03,-8.977166093212385345e-02,-6.568658116984672606e-03,1.170889375456156678e-01,1.496194348868730983e-01,2.330309665311229295e-01,4.490668334897298664e-01,2.159316025440516928e-01,2.262537795850276187e-02,2.411635908664372663e-01,1.000000000000000000e+00,3.815034928578875939e-01,4.209154415597956000e-01,7.142112397038889726e-02,1.456573871337712434e-01,1.099989573558544376e-01,9.561046814722133635e-02,-2.491919507871963313e-02,-4.702325096444583130e-02,-4.702325096444583130e-02,4.900427484099675879e-03,-3.889062662913147367e-02,-5.744969241997706366e-02,-7.871963298926075436e-02,1.053070587008653886e-02,-6.245438431863203910e-02,-1.542070691273068339e-01,2.872484620998852489e-01,2.207277656135960553e-01,1.408612240642268809e-01,1.014492753623188331e-01,5.744969241997706366e-02,7.684287352726514031e-02,-1.773537691585861387e-01,-2.077989782087373283e-01,-1.346053591909081304e-01,6.808466270461890901e-02,-9.071004066312168129e-03,-6.829319153372953588e-02,1.583776457095193158e-01,-3.127932436659367778e-04,-2.924616828276508929e-01,-1.610885204879574373e-01,-1.237618600771556582e-01,-1.577520592221874352e-01,-4.436450839328536788e-01,-2.576373683661765668e-01,-6.912730685017202947e-02,-1.490981128140965277e-02,1.095818996976331977e-01,1.348138880200187573e-01,-6.307997080596391970e-02,-5.494734647064956207e-02,-1.112501303305181988e-01,-1.425294546971118681e-01,-2.263580439995829252e-01,-1.571264727348555823e-01,5.286205817954332115e-02,-1.616098425607340183e-02,1.377332916275675057e-01,2.910019810238765325e-01,-5.035971223021581955e-02,1.950787196329892559e-01,1.261599416119278325e-02,2.259409863413616715e-01,-1.592117610259618232e-01,-1.202168699822750292e-01,-2.661870503597121851e-01,-3.062245855489520996e-01,1.881972682723386248e-01,2.117610259618392110e-01,2.945469711187571060e-01,3.466791783964132678e-01,1.741215723073714916e-02,3.445938901053069991e-01,1.804817015952455139e-01,1.402356375768950003e-01,6.307997080596391970e-02,-1.110416015014075580e-01,-1.650505682410593200e-01,-1.677614430194974138e-01,-1.031175059952038342e-01,5.108956313210300144e-03,4.285267438223334252e-02,1.283494943175893799e-01,-6.078615368574705191e-02,-7.767698884370763390e-02,3.242623292670211710e-02,-5.369617349598581474e-02,5.974350954019393145e-02,-4.806589510999895176e-02,-4.368678969867583611e-02,-7.246376811594201772e-02,-1.136482118652903592e-02,8.580961317902199847e-02,1.231362735898237915e-01,8.445417578980294465e-03,1.365863830674590544e-02,1.428422479407778084e-02,2.783859868626837458e-02,5.526013971431550410e-03,-3.117505995203836630e-02,-2.259409863413616715e-01,-1.834011052027942901e-01,-2.276092169742466864e-01,-1.266812636847043927e-01,-1.562923574184130748e-01,1.644249817537274394e-01,1.921593160254404797e-01,-1.281409654884787808e-01,-4.910853925555207222e-02,1.908038786362214329e-02,-9.373370868522572230e-02,4.994265457199457275e-02,-1.042644145553122683e-04
1.381503492857887594e-01,-1.011364821186529032e-02,2.121780836200604370e-01,3.388593473047648436e-02,-6.641643207173390795e-02,4.535502033156083024e-02,5.170472317797935036e-01,3.322906891877802082e-01,1.616098425607340183e-02,2.374100719424460104e-01,5.964967156709414242e-01,3.815034928578875939e-01,1.000000000000000000e+00,3.258262954853508586e-01,5.056824105932645336e-02,1.748514232092586718e-01,5.077676988843707329e-02,9.018871859034512106e-02,1.765196538421436590e-01,-2.491919507871963313e-02,4.097591492023772153e-02,-1.410697528933374800e-01,2.342821395057866629e-01,1.197998123240537893e-01,1.928891669273277015e-02,-1.033260348243144611e-01,-1.567094150766343286e-01,-6.985715775205921137e-03,1.462829736211030962e-01,9.936398707121259222e-02,7.955374830570326183e-02,5.890939422375143092e-02,-9.477635283077885664e-02,-8.080492128036700916e-02,-5.015118340110519962e-02,-2.991346053591908971e-01,-1.283494943175893799e-01,-7.121259514127828427e-02,7.267229694505264459e-02,-1.475341465957668574e-01,1.704723177979355631e-01,-1.817328745699092751e-01,-1.748514232092586718e-01,-2.490876863726410040e-01,3.513710770514023168e-02,-1.464915024502137231e-01,-3.068501720362840079e-01,-3.352100927953289289e-01,-1.291836096340318873e-01,-1.387759357731206400e-01,-1.064539672609738086e-01,-8.580961317902199847e-02,-2.094672088416223432e-01,-1.771452403294755396e-01,-1.521217808362005930e-01,-3.085184026691689674e-01,-1.529558961526431005e-01,-1.175059952038369077e-01,-2.429360859138775600e-02,-1.083307267229694365e-01,2.387655093316650573e-02,-2.721301219893650092e-02,-1.967469502658742431e-01,2.283390678761338527e-02,3.158169116880408245e-01,1.337712438744656229e-01,-1.191742258367219087e-01,-2.845375873214471829e-01,-2.641017620686059719e-01,-3.395891982066520653e-01,2.361588989677823047e-01,1.708893754561568168e-01,3.395891982066520653e-01,2.928787404858721466e-01,5.453028881242831527e-02,1.410697528933374800e-01,-4.556354916067146404e-02,4.806589510999895176e-02,4.806589510999895176e-02,9.488061724533416660e-03,-1.592117610259618232e-01,-1.377332916275675057e-01,-1.648420394119486931e-01,-1.258471483682619130e-01,1.062454384318631956e-01,3.951621311646334733e-02,-1.975810655823167228e-01,-9.936398707121259222e-02,7.496611406526951238e-02,-1.396100510895631197e-01,-1.240746533208215811e-02,6.370555729329578643e-02,-1.908038786362214329e-02,1.152121780836200537e-01,-1.303305181941403351e-02,2.325096444583463554e-02,-1.866333020540089649e-02,-1.062454384318631956e-01,1.199040767386091132e-02,-1.824627254717964622e-02,-1.636951308518402523e-02,1.720362840162652229e-02,3.138358878114898970e-02,-1.521217808362005930e-01,-4.326973204045459626e-02,-4.869148159733082543e-02,-1.304347826086956486e-01,-1.708893754561568168e-01,1.573350015639662092e-01,-2.220832030028151161e-02,-2.778646647899071787e-01,-2.742154102804712432e-02,-6.975289333750389620e-02,-2.241684912939213847e-02,4.827442393910957169e-02,1.782921488895839596e-02
