0.000000000000000000e+00,3.593817088879346922e-01,-5.646200085873764873e-02,-2.352941176470587925e-01,4.443967367969085119e-02,1.940747101760411930e-01,-4.808930871618719710e-02,-1.627307857449548922e-01,9.424645770717045290e-02,3.735508802060969608e-02,2.939029626449119470e-01,4.873336195792184189e-02,1.363246028338342408e-01,1.502790897380849909e-03,2.524688707599828108e-01,-6.698153714040359918e-02,1.386861313868613110e-01,1.120652640618290952e-01,2.393731215113782396e-01,1.998711893516530724e-01,1.545727780163159808e-02,-1.436238729068269604e-01,-2.168312580506654708e-01,-2.904680120223271378e-01,-1.086303134392442860e-01,-6.376127093173035443e-02,3.233147273507943065e-01,2.981966509231429585e-01,-4.443967367969085119e-02,-1.367539716616573420e-01,-5.710605410047230046e-02,-1.215113782739372927e-01,3.649635036496350071e-02,-6.097037355088019694e-02,-8.394160583941605303e-02,-5.431515671962214298e-02,-1.144267926148561515e-01,-1.358952340060111397e-01,6.483469300128809343e-02,3.907256333190210068e-02,-2.425933877200514913e-02,6.011163589523400158e-02,1.588664662945469749e-02,5.238299699441819474e-02,-1.717475311292400051e-03,1.603692571919278498e-01,-3.392013739802490074e-02,6.311721768999570270e-02,9.896951481322455169e-02,2.254186346071275215e-01,1.691713181623014095e-01,2.144697294976384561e-01,2.576212966938599969e-03,-6.419063975955345558e-02,2.440961786174323522e-01,1.079862601975096481e-01,3.799914126234434919e-01,3.009875483039931021e-01,3.587376556462000265e-01,3.780592528982395506e-01,1.762559038213825369e-01,-7.578359811077714503e-02,4.787462430227564653e-02,5.581794761700299354e-03,1.352511807642764810e-02,-1.165736367539716573e-01,1.607986260197509509e-01,1.436238729068269604e-01,3.553027050236152729e-01,2.086732503220265766e-01,-3.778445684843279723e-02,-1.532846715328466947e-01,-1.975096607986260092e-02,1.180764276513525043e-02,8.887934735938170239e-02,5.002146844139114534e-02,-2.189781021897810043e-01,-3.138686131386860811e-01,-4.937741519965650229e-03,-7.943323314727349094e-02,1.142121082009446009e-01,2.747960498067840082e-02,-2.790897380850149677e-03,-1.878488621726062402e-01,1.528553027050235935e-01,-4.358093602404464889e-02,1.180764276513525043e-02,-9.875483039931300111e-02,1.977243452125375389e-01,-9.531987977672820578e-02,-1.509231429798196522e-01,-2.924001717475310791e-01,-2.610562473164447783e-01,-2.327179046801201856e-01,-2.640618291112065141e-02,2.103907256333190090e-02,-2.705023615285529620e-02,7.170459424645769797e-02,-4.293688278231000128e-04,4.723057106054100174e-02,1.187204808930871491e-01,-1.051953628166594906e-01,9.338772005152423672e-02,-4.100472305710604892e-02,-1.189351653069986858e-01,-1.981537140403606401e-01,-1.056247316444826057e-01,3.649635036496350071e-02,-2.254186346071274799e-02,9.510519536281665520e-02,9.510519536281665520e-02,2.146844139115499858e-02,6.590811507084584631e-02,-6.547874624302274515e-02,-2.267067410905967972e-01,-2.988407041648775686e-01
3.593817088879346922e-01,0.000000000000000000e+00,-2.325032202662086489e-01,-2.185487333619579031e-01,-5.431515671962214298e-02,1.455560326320308739e-01,-3.031343924431085801e-01,-6.998711893516529337e-02,-1.058394160583941562e-01,-1.927866036925718896e-01,7.964791756118504151e-02,1.985830828681837412e-01,-1.474881923572348430e-01,-7.943323314727348747e-03,-8.716187204808929778e-02,-2.988407041648775686e-01,3.525118076427650737e-01,4.267926148561613786e-01,3.112924001717475020e-02,3.149420352082438201e-01,-1.112065264061828929e-01,-9.854014598540145053e-02,-3.185916702447401661e-01,-3.278231000429368547e-01,-3.001288106483468998e-01,-2.737226277372262762e-01,1.094890510948905021e-01,7.492486045513095660e-02,1.054100472305710551e-01,1.668097896092743393e-01,-1.949334478316873676e-01,-3.044224989265778558e-01,-1.365392872477458053e-01,-4.508372692142549598e-02,-3.127951910691283421e-01,-2.483898668956633360e-01,-1.414770287677114269e-01,-1.281665951051953467e-01,-2.146844139115499685e-03,3.349076857020179959e-02,-1.157148990983254411e-01,-3.134392443108630077e-02,9.403177329325888845e-02,1.313868613138685915e-01,-2.533276084156289853e-02,2.423787033061399199e-01,9.789609274366678493e-02,1.880635465865177769e-01,2.101760412194074445e-01,3.945899527694288755e-01,1.794761700300557816e-01,3.462859596393301764e-01,2.069557750107341998e-01,2.234864748819235525e-01,3.574495491627306953e-01,2.273507943323314351e-01,5.418634607127521541e-01,6.912838127951910216e-01,2.874624302275654020e-01,4.866895663374838366e-01,2.425933877200514913e-02,1.019750966079862597e-01,6.419063975955345558e-02,2.919708029197080057e-01,-2.651352511807642531e-01,-2.608415629025332416e-01,-8.522971232288534260e-02,7.234864748819234970e-02,3.269643623872906524e-01,5.255474452554743658e-01,-2.052382996994417952e-01,-2.550450837269214177e-01,-9.660798626019749535e-02,1.350364963503649651e-01,-5.152425933877199937e-03,-6.333190210390723940e-02,-3.310433662516100717e-01,-3.022756547874623778e-01,2.513954486904250718e-01,6.612279948475739688e-02,2.722198368398454082e-01,1.090596822670674010e-01,-1.243022756547874502e-01,-2.483898668956633360e-01,5.581794761700299354e-03,4.508372692142549945e-03,-2.350794332331472281e-01,-2.932589094031772814e-01,8.265349935594674957e-02,-1.545727780163159808e-02,-1.200085873765564387e-01,-3.473593817088878599e-01,-1.343924431086302995e-01,-1.953628166595104687e-01,1.466294547015886407e-01,1.627307857449548922e-01,1.773293258909403036e-01,2.541863460712751599e-01,9.231429798196649772e-02,1.202232717904679928e-02,1.178617432374409468e-01,-1.086303134392442860e-01,5.367110347788749646e-03,-1.328896522112494594e-01,-4.079003864319449835e-02,-1.406182911120652523e-01,-1.502790897380850144e-01,-2.232717904680119742e-02,2.153284671532846584e-01,1.663804207814512381e-01,7.707170459424644848e-02,1.554315156719622004e-01,1.517818806354658545e-01,-1.824817518248175036e-02,-1.468441391155002052e-01,-1.240875912408758996e-01
-5.646200085873764873e-02,-2.325032202662086489e-01,0.000000000000000000e+00,4.201373980249033524e-01,-7.857449549162730251e-02,-3.454272219836839741e-01,5.785744954916272054e-01,1.977243452125375389e-01,1.004723057106053918e-01,-3.198797767282095250e-02,1.082009446114211848e-01,-1.850579647917560966e-01,3.701159295835121932e-01,8.673250322026618275e-02,-1.410476599398883535e-01,-1.333190210390725328e-01,-1.127093173035637608e-01,-1.530699871189351302e-01,1.863460712752253723e-01,-1.421210820094460925e-01,-2.640618291112065141e-02,-1.313868613138685915e-01,5.506655216831257693e-01,5.616144267926147515e-01,1.208673250322026549e-01,1.524259338772004924e-01,-1.547874624302275348e-01,-1.348218119364533729e-01,1.696006869901244829e-01,-1.189351653069986858e-01,1.316015457277801559e-01,1.680978960927436427e-01,1.406182911120652523e-01,-3.885787891799055010e-02,1.884929154143409058e-01,1.459854014598540098e-02,-2.275654787462430204e-02,7.299270072992700489e-03,-4.272219836839844659e-02,-8.394160583941605303e-02,-4.422498926577930062e-02,5.796479175611849929e-03,-1.882782310004293413e-01,-2.471017604121940325e-01,-1.101331043366251539e-01,-2.722198368398454082e-01,-2.294976384714469686e-01,-2.831687419493344460e-01,-2.035208243881494183e-01,-1.796908544439673461e-01,-1.333190210390725328e-01,-2.000858737655645814e-01,-1.358952340060111397e-01,-1.043366251610132883e-01,-3.537999141262344049e-01,-2.889652211249462699e-01,-2.769428939458994793e-02,-1.633748389866895301e-01,-2.717904680120222793e-01,-2.876771146414769942e-01,7.342206955775010258e-02,-9.317303563761268614e-02,6.784027479604980149e-02,-2.509660798626019429e-01,3.568054959209961408e-01,7.084585659081149567e-02,4.422498926577930062e-02,-1.859167024474022989e-01,-8.544439673679689318e-02,-2.934735938170888181e-01,6.290253327608415213e-02,1.869901245169600379e-01,-3.413482181193645132e-02,-1.185057964791755986e-01,-2.277801631601545362e-01,-1.605839416058393865e-01,1.530699871189351302e-01,-1.230141691713181468e-01,-1.361099184199227041e-01,7.750107342206954963e-02,-1.762559038213825369e-01,9.725203950193214708e-02,-2.142550450837268916e-01,-1.262344353799914054e-01,9.596393301846284363e-02,1.236582224130527846e-01,-3.563761270931729841e-02,-3.628166595105195014e-02,-3.993130098754829604e-02,1.466294547015886407e-01,-1.893516530699871081e-01,2.483898668956633360e-01,1.646629454701588613e-01,3.591670244740231555e-01,-1.343924431086302995e-01,-1.088449978531558365e-01,-3.561614426792614752e-01,-2.264920566766852328e-01,-3.067840274796049260e-01,-2.771575783598110299e-01,-2.352941176470587925e-01,2.148990983254615572e-01,-2.434521253756976866e-01,-1.923572348647487884e-01,-1.281665951051953467e-01,-1.674538428510089980e-02,-1.964362387290682355e-01,-2.363675397166165315e-01,-5.452984113353370049e-02,-8.329755259768140130e-02,-2.069557750107341998e-01,-2.131816230141691249e-01,-1.872048089308715746e-01,-1.155002146844138905e-01,1.028338342636324482e-01,-7.320738514383855200e-02
-2.352941176470587925e-01,-2.185487333619579031e-01,4.201373980249033524e-01,0.000000000000000000e+00,5.130957492486044880e-02,-8.759124087591239893e-02,3.868613138686131103e-01,5.590382138256762001e-01,8.651781880635464606e-02,6.225848003434950040e-02,-1.410476599398883535e-01,5.002146844139114534e-02,3.585229712322884899e-02,1.874194933447831390e-01,-2.966938600257620906e-01,-7.857449549162730251e-02,-7.385143838557320373e-02,-1.009016745384284930e-01,-6.504937741519964400e-02,3.069987118935164905e-02,3.778445684843279723e-02,-9.081150708458565757e-02,3.151567196221554124e-01,5.343495062258478701e-01,6.440532417346499228e-02,1.212966938600257422e-01,-2.683555173894374701e-01,-2.659939888364103999e-01,1.689566337483898173e-01,2.211249463288965031e-02,2.018033490768569860e-02,9.875483039931300111e-02,1.489909832546156832e-01,2.142550450837268916e-01,3.671103477887505129e-02,-2.554744525547444911e-02,-4.057535422928294777e-02,3.327608415629024902e-02,4.894804637183339246e-02,3.263203091455559729e-02,4.443967367969085119e-02,1.030485186775439987e-02,-2.760841562902532909e-01,-3.074280807213395916e-01,-1.313868613138685915e-01,-2.604121940747101682e-01,-3.465006440532417131e-01,-3.808501502790896942e-01,-2.058823529411764330e-01,-3.168741949334478170e-01,-2.091026191498496778e-01,-3.119364534134821398e-01,-2.546157148990982888e-01,-2.234864748819235525e-01,-3.905109489051094007e-01,-4.501932159725203775e-01,-9.317303563761268614e-02,-2.189781021897810043e-01,-2.294976384714469686e-01,-3.106483469300128641e-01,1.462000858737655395e-01,1.526406182911120291e-01,6.504937741519964400e-02,-7.256333190210390027e-02,1.191498497209102364e-01,2.252039501932159293e-01,-1.011163589523400436e-01,-9.896951481322455169e-02,-1.208673250322026549e-01,-2.142550450837268916e-01,6.612279948475739688e-02,7.170459424645769797e-02,-3.306139974237869844e-02,-6.719622155431514976e-02,-1.021897810218977964e-01,-2.694289394589952646e-01,1.133533705452983986e-01,-4.465435809360239483e-02,4.529841133533705350e-02,5.452984113353370049e-02,-7.299270072992700142e-02,-8.587376556462000257e-04,-1.835551738943752287e-01,-1.036925719192786505e-01,-2.018033490768569860e-02,1.178617432374409468e-01,1.738943752683555152e-02,3.048518677544009847e-02,-1.135680549592099492e-01,8.887934735938170239e-02,-9.510519536281665520e-02,8.243881494203519900e-02,3.404894804637182970e-01,1.373980249033919798e-01,-1.852726492056676610e-01,-2.048089308716186940e-01,-3.400601116358951681e-01,-3.306139974237869983e-01,-4.139115500214683996e-01,-4.598540145985401395e-01,-2.217689995706311479e-01,5.796479175611849582e-02,-3.441391155002146429e-01,-3.351223701159295465e-01,-4.851867754401029825e-02,-3.714040360669814550e-02,-1.803349076857019839e-01,-2.842421640188921850e-01,-3.842851009016744895e-02,-8.265349935594674957e-02,-3.256762559038213767e-01,-3.447831687419493085e-01,-3.351223701159295465e-01,-2.578359811077715058e-01,5.410047230571059240e-02,6.526406182911119458e-02
4.443967367969085119e-02,-5.431515671962214298e-02,-7.857449549162730251e-02,5.130957492486044880e-02,0.000000000000000000e+00,2.282095319879776374e-01,-5.817947617003004640e-02,1.015457277801631308e-01,2.533276084156289576e-01,1.419063975955345280e-01,-2.919708029197080196e-02,-4.207814512666380180e-02,-8.887934735938170239e-02,-2.060970373550879975e-02,1.753971661657363346e-01,9.553456419063974248e-02,-7.148990983254614739e-02,9.660798626019749882e-03,5.152425933877199937e-02,4.508372692142549598e-02,2.346500644053241269e-01,2.808072133963073758e-01,-3.649635036496350245e-03,-7.814512666380420136e-02,5.130957492486044880e-02,7.728638900815799906e-02,6.633748389866894746e-02,-3.520824388149419726e-02,1.159295835122369916e-01,7.599828252468869560e-02,2.389437526835551384e-01,2.941176470588234906e-02,-1.294547015886646502e-01,9.660798626019749882e-03,-1.983683984542722045e-01,-2.297123228853584775e-01,8.158007728638899669e-02,4.422498926577930062e-02,3.885787891799055010e-02,1.223701159295834812e-02,1.872048089308715746e-01,1.457707170459424384e-01,-3.842851009016744895e-02,-1.352511807642764810e-02,1.910691283812794919e-02,-2.576212966938599969e-03,5.474452554744525107e-02,-1.502790897380849909e-03,8.587376556461999433e-02,-8.093602404465434497e-02,-2.726492056676685025e-02,-8.716187204808929778e-02,-1.247316444826105514e-01,-2.370115929583511971e-01,-1.717475311292400051e-03,1.846285959639330093e-02,-1.406182911120652523e-01,-8.222413052812364842e-02,1.253756977243452031e-01,4.937741519965650056e-02,-2.705023615285529620e-02,-9.531987977672820578e-02,7.342206955775010258e-02,1.251610133104336386e-01,-2.005152425933876825e-01,-1.236582224130527846e-01,-1.300987548303992880e-01,-8.286818376985830015e-02,-6.268784886217260155e-02,-9.252898239587804829e-02,3.656075568913695895e-01,2.741519965650493496e-01,1.912838127951910216e-01,1.773293258909403036e-01,1.358952340060111397e-01,1.335337054529840972e-01,1.824817518248175036e-02,1.157148990983254411e-01,-4.894804637183339246e-02,-1.629454701588664289e-01,-1.676685272649205416e-01,-1.968656075568913366e-01,1.245169600686990008e-01,8.501502790897379203e-02,-5.946758265349934292e-02,-2.215543151567195834e-01,1.623014169171317911e-01,1.298840704164877513e-01,9.574924860455129305e-02,-1.582224130528123440e-01,2.060970373550879975e-02,-1.693860025762129184e-01,-2.720051524259338160e-01,-3.183769858308286294e-01,-5.452984113353370049e-02,4.658651781880634307e-02,-1.534993559467582591e-01,-1.054100472305710551e-01,7.921854873336195424e-02,5.796479175611849929e-03,1.292400171747530857e-01,-1.955775010734220332e-01,1.691713181623014095e-01,2.146844139115499685e-03,6.075568913696864637e-02,-1.232288535852296835e-01,7.234864748819234970e-02,3.928724774581365126e-02,-1.644482610562472968e-01,-3.366251610133104144e-01,-9.145556032632029542e-02,-1.251610133104336386e-01,4.851867754401029825e-02,1.331043366251609926e-02,-1.590811507084585463e-01,-1.324602833834263582e-01
1.940747101760411930e-01,1.455560326320308739e-01,-3.454272219836839741e-01,-8.759124087591239893e-02,2.282095319879776374e-01,0.000000000000000000e+00,-2.361528553027049948e-01,1.202232717904679928e-02,2.363675397166165315e-01,3.198797767282094973e-01,-4.529841133533705350e-02,1.041219407471017377e-01,-1.689566337483898173e-01,-3.198797767282095250e-02,2.687848862172605990e-01,1.850579647917560966e-01,-1.889222842421639861e-02,6.354658651781878997e-02,3.370545298411334323e-02,2.024474023185916516e-01,6.869901245169600205e-03,2.125375697724344801e-02,-2.657793044224989187e-01,-2.505367110347788140e-01,-2.876771146414769734e-02,8.179476170030054727e-02,3.177329325890939637e-01,2.805925289823958391e-01,-4.143409188492915007e-02,-8.802060970373549315e-03,3.220266208673249614e-02,5.195362816659509358e-02,-4.164877629884070065e-02,8.415629025332760360e-02,-1.333190210390725328e-01,-3.885787891799055010e-02,-8.437097466723915418e-02,-8.179476170030054727e-02,-6.741090596822668646e-02,-1.502790897380850040e-02,-8.802060970373549315e-03,-5.581794761700299354e-03,7.471017604121939215e-02,1.300987548303992880e-01,1.850579647917560966e-01,2.672820953198797311e-01,7.471017604121939215e-02,1.429798196650922948e-01,2.402318591670244419e-01,1.137827393731214998e-01,4.422498926577930062e-02,2.812365822241304561e-02,-1.502790897380850040e-02,-1.251610133104336386e-01,1.303134392443108525e-01,1.092743666809789516e-01,2.876771146414769734e-02,6.526406182911119458e-02,1.826964362387290264e-01,1.642335766423357324e-01,5.088020609703735458e-02,1.788321167883211438e-01,-6.633748389866894746e-02,1.429798196650922948e-01,-1.784027479604980704e-01,6.719622155431514976e-02,-1.352511807642764810e-02,9.768140832975523435e-02,1.680978960927436427e-01,1.691713181623014095e-01,7.041648776298839452e-02,-4.508372692142549598e-02,1.030485186775439987e-02,3.714040360669814550e-02,1.210820094461142055e-01,-3.241734650064404671e-02,-2.400171747531128774e-01,-1.124946328896521824e-01,-1.223701159295834812e-02,-5.968226706741089349e-02,1.717475311292400051e-03,-1.361099184199227041e-01,6.419063975955345558e-02,-2.039501932159724917e-02,-1.103477887505367044e-01,-2.277801631601545362e-01,9.252898239587804829e-02,6.397595534564190500e-02,1.217260626878488433e-01,-1.528553027050235935e-01,1.139974237870330503e-01,-1.846285959639329954e-01,-1.017604121940747092e-01,-3.563761270931729563e-01,1.285959639330184479e-01,1.850579647917560966e-01,8.029197080291969324e-02,2.065264061829110986e-01,1.824817518248175174e-01,1.545727780163159981e-01,1.371833404894804431e-01,-1.953628166595104687e-01,1.698153714040360196e-01,2.082438814942035032e-02,1.219407471017603939e-01,-1.006869901245169424e-01,1.146414770287677021e-01,4.336625161013309138e-02,-3.069987118935164905e-02,7.793044224989265079e-02,1.453413482181193372e-01,1.004723057106053918e-01,1.303134392443108525e-01,5.732073851438385104e-02,-1.399742378703305867e-01,-2.919708029197080196e-02
-4.808930871618719710e-02,-3.031343924431085801e-01,5.785744954916272054e-01,3.868613138686131103e-01,-5.817947617003004640e-02,-2.361528553027049948e-01,0.000000000000000000e+00,3.301846285959639249e-01,1.543580936024044614e-01,6.354658651781878997e-02,9.982825246887074011e-02,-2.039501932159724917e-02,4.454701588664662371e-01,1.453413482181193372e-01,-6.784027479604980149e-02,-9.145556032632029542e-02,-1.816230141691713151e-01,-1.966509231429797999e-01,9.338772005152423672e-02,-1.899957063117217460e-01,-1.129240017174752975e-01,-1.290253327608415490e-01,2.932589094031772814e-01,3.411335337054529071e-01,5.452984113353370049e-02,6.204379562043794982e-02,-1.189351653069986858e-01,-1.328896522112494594e-01,5.817947617003004640e-02,-1.998711893516530724e-01,1.932159725203949976e-02,6.612279948475739688e-02,1.966509231429797999e-01,4.121940747101759950e-02,2.260626878488621316e-01,1.414770287677114269e-01,-1.281665951051953467e-01,-6.419063975955345558e-02,-1.034778875053670999e-01,-1.532846715328466947e-01,-1.195792185487333376e-01,-4.422498926577930062e-02,-1.069128381279518952e-01,-1.335337054529840972e-01,-1.245169600686990043e-02,-1.513525118076427534e-01,-1.820523829969944163e-01,-2.249892657793043649e-01,-1.410476599398883535e-01,-1.816230141691713151e-01,-1.588664662945469749e-02,-1.972949763847144378e-01,-1.253756977243452031e-01,-1.968656075568913366e-01,-3.059252898239587237e-01,-3.638900815800771849e-01,-1.515671962215542901e-01,-2.679261485616143967e-01,-1.633748389866895301e-01,-2.986260197509660319e-01,3.158007728638900224e-01,9.467582653499355405e-02,2.941176470588234906e-02,-2.722198368398454082e-01,4.313009875483039268e-01,1.822670674109059252e-01,1.212966938600257422e-01,-2.769428939458994793e-02,-2.479604980678402348e-01,-3.838557320738513745e-01,6.526406182911119458e-02,6.225848003434950040e-02,-5.238299699441819474e-02,-1.462000858737655395e-01,-1.970802919708029011e-01,-2.406612279948475430e-01,2.365822241305280960e-01,-2.232717904680119742e-02,-1.934306569343065552e-01,8.243881494203519900e-02,-2.722198368398454082e-01,-3.005581794761700079e-02,-2.681408329755259334e-01,-1.698153714040360196e-01,-2.962644911979389964e-02,7.513954486904250198e-03,-9.510519536281665520e-02,-1.034778875053670999e-01,-3.112924001717475020e-02,-8.072133963074279439e-02,-2.941176470588234906e-02,2.692142550450836724e-01,1.940747101760411930e-01,2.116788321167883125e-01,-1.659510519536281370e-01,-2.249892657793043649e-01,-3.623872906826964280e-01,-3.890081580077285883e-01,-2.516101331043366085e-01,-2.060970373550879975e-01,-1.449119793902962361e-01,1.987977672820953057e-01,-1.590811507084585463e-01,-9.854014598540145053e-02,-1.146414770287677021e-01,-9.660798626019749882e-03,-8.029197080291969324e-02,-1.524259338772004924e-01,2.812365822241304561e-02,-8.093602404465434497e-02,-2.642765135251180508e-01,-2.314297981966508821e-01,-1.496350364963503488e-01,-1.350364963503649651e-01,9.961356805495920341e-02,-7.084585659081149567e-02
-1.627307857449548922e-01,-6.998711893516529337e-02,1.977243452125375389e-01,5.590382138256762001e-01,1.015457277801631308e-01,1.202232717904679928e-02,3.301846285959639249e-01,0.000000000000000000e+00,4.873336195792184189e-02,2.232717904680119742e-02,-4.830399313009874768e-02,3.153714040360669491e-01,9.295835122370114945e-02,3.454272219836839741e-01,-3.374838986689566167e-01,-2.245598969514812915e-01,1.073422069557749964e-01,1.687419493344783084e-01,-1.092743666809789516e-01,1.015457277801631308e-01,-1.382567625590381821e-01,-9.252898239587804829e-02,4.851867754401029825e-02,2.402318591670244419e-01,-1.644482610562472968e-01,-1.320309145556032571e-01,-2.795191069128381001e-01,-3.686131386861313253e-01,2.737226277372262762e-01,1.504937741519965511e-01,-8.716187204808929778e-02,-7.771575783598110021e-02,1.236582224130527846e-01,2.979819665092313663e-01,-1.728209531987977554e-01,-1.659510519536281370e-01,-2.453842851009016557e-01,-7.664233576642334733e-02,-5.152425933877199937e-02,-1.073422069557749929e-02,-8.265349935594674957e-02,-7.513954486904250718e-02,-8.844997853155860124e-02,-7.084585659081149567e-02,-1.219407471017603939e-01,-7.621296693860024618e-02,-1.747531129240016967e-01,-1.605839416058393865e-01,-6.934306569343065552e-02,-1.640188922284241957e-01,-4.680120223271789365e-02,-1.771146414770287392e-01,-7.299270072992700142e-02,-1.642335766423357324e-01,-1.822670674109059252e-01,-3.797767282095319552e-01,-2.060970373550879975e-02,-6.054100472305710273e-02,-1.118505796479175446e-01,-1.539287247745813603e-01,2.921854873336195424e-01,3.437097466723915695e-01,1.994418205238299158e-01,1.987977672820953057e-01,-7.535422928295404388e-02,6.247316444826105097e-02,-2.415199656504937453e-01,-5.989695148132244407e-02,-1.904250751395448471e-01,-1.000429368827822907e-01,1.975096607986260092e-02,-3.048518677544009847e-02,-2.232717904680119742e-02,-4.508372692142549945e-03,-1.017604121940747092e-01,-2.462430227565478580e-01,1.009016745384284930e-01,9.832546157148989996e-02,1.895663374838986448e-01,1.064834693001287941e-01,-2.146844139115499858e-02,-5.452984113353370049e-02,-3.428510090167453117e-01,-3.196650923142979606e-01,-2.000858737655645814e-01,3.649635036496350245e-03,-1.908544439673679205e-01,-2.378703306139973717e-01,-1.337483898668956339e-01,-1.163589523400600928e-01,-4.744525547445255231e-02,-8.544439673679689318e-02,1.743237440961785956e-01,-8.286818376985830015e-02,-1.947187634177758586e-01,-2.219836839845426846e-01,-2.941176470588234837e-01,-3.173035637612708904e-01,-2.228424216401888869e-01,-3.151567196221554124e-01,-6.934306569343065552e-02,7.299270072992700489e-03,-2.093173035637612422e-01,-2.805925289823958391e-01,2.189781021897809973e-02,-1.006869901245169424e-01,-1.691713181623014095e-01,-2.288535852297123030e-01,1.655216831258050358e-01,-3.799914126234434780e-02,-3.522971232288535370e-01,-2.052382996994417952e-01,-1.680978960927436427e-01,-1.947187634177758586e-01,9.016745384285099890e-03,-6.011163589523399638e-03
9.424645770717045290e-02,-1.058394160583941562e-01,1.004723057106053918e-01,8.651781880635464606e-02,2.533276084156289576e-01,2.363675397166165315e-01,1.543580936024044614e-01,4.873336195792184189e-02,0.000000000000000000e+00,5.893087161872047064e-01,-1.464147702876771040e-01,-5.281236582224130283e-02,1.249463288965221019e-01,5.109489051094889822e-02,2.440961786174323522e-01,1.294547015886646502e-01,-4.420352082438814834e-01,-2.943323314727350204e-01,-1.631601545727779864e-02,-1.717475311292399887e-01,1.320309145556032571e-01,2.224130528123657857e-01,-4.873336195792184189e-02,-1.975096607986260092e-02,1.109918419922713423e-01,3.035637612709317090e-01,3.085015027908973306e-01,2.056676685272648963e-01,-7.256333190210390027e-02,-1.734650064405323655e-01,6.547874624302274515e-02,5.946758265349934292e-02,-1.547874624302275348e-01,-6.590811507084584631e-02,-2.747960498067840082e-02,-8.887934735938170239e-02,1.708887934735937864e-01,1.863460712752253723e-01,-1.071275225418634458e-01,-1.350364963503649651e-01,1.416917131816229913e-01,1.968656075568913366e-01,-1.182911120652640480e-01,-7.750107342206954963e-02,1.071275225418634458e-01,-1.674538428510089980e-02,-4.508372692142549945e-03,-1.406182911120652523e-01,5.839416058394160391e-02,-1.230141691713181468e-01,2.146844139115500064e-04,-6.569343065693429573e-02,-1.462000858737655395e-01,-3.537999141262344049e-01,-7.299270072992700142e-02,-7.513954486904250718e-02,-1.500644053241734499e-01,-1.466294547015886407e-01,1.554315156719622004e-01,5.667668527264919931e-02,1.618720480893086899e-01,2.060970373550879975e-02,-9.145556032632029542e-02,-1.610133104336624807e-02,9.574924860455129305e-02,1.605839416058393865e-01,9.317303563761268614e-02,4.336625161013309138e-02,2.404465435809359855e-02,-1.917131816230141228e-01,3.338342636324602153e-01,3.535852297123228682e-01,3.724774581365392634e-01,-1.202232717904679928e-02,1.182911120652640480e-01,-8.759124087591239893e-02,-2.217689995706311479e-01,-6.247316444826105097e-02,-3.190210390725632950e-01,-1.431945040790038592e-01,-3.132245598969514155e-01,-1.612279948475740521e-01,-9.746672391584368378e-02,-7.728638900815799039e-03,3.649635036496350245e-03,-9.059682267067410699e-02,8.200944611421209784e-02,1.449119793902962361e-01,4.006011163589522917e-01,-1.101331043366251539e-01,-5.968226706741089349e-02,-1.653069987118934922e-02,-1.431945040790038592e-01,-2.106054100472305457e-01,1.107771575783597917e-01,4.873336195792184189e-02,-1.281665951051953467e-01,-8.372692142550449898e-03,1.610133104336624807e-02,-7.943323314727348747e-03,2.151137827393730939e-01,-3.628166595105195014e-02,1.726062687848861910e-01,1.017604121940747092e-01,7.084585659081149914e-03,-7.170459424645769797e-02,2.131816230141691249e-01,-9.939888364104765284e-02,-1.683125805066552072e-01,-1.382567625590381821e-01,-2.576212966938599969e-03,-2.252039501932159293e-01,-3.563761270931729841e-02,-2.112494632889652113e-01,-1.960068699012451343e-01,-1.354658651781880385e-01
3.735508802060969608e-02,-1.927866036925718896e-01,-3.198797767282095250e-02,6.225848003434950040e-02,1.419063975955345280e-01,3.198797767282094973e-01,6.354658651781878997e-02,2.232717904680119742e-02,5.893087161872047064e-01,0.000000000000000000e+00,-1.642335766423357324e-01,5.367110347788749646e-03,9.725203950193214708e-02,5.603263203091454758e-02,3.142979819665092101e-01,3.623872906826964280e-01,-4.096178617432373881e-01,-3.276084156290252625e-01,-1.352511807642764810e-02,-1.483469300128810453e-01,1.167883211678832078e-01,1.878488621726062402e-01,-6.655216831258049803e-02,-3.842851009016744895e-02,2.172606268784885719e-01,3.729068269643622813e-01,3.164448261056246881e-01,2.861743237440961263e-01,-1.698153714040360196e-01,-2.410905968226706442e-01,7.728638900815799906e-02,1.180764276513524974e-01,-6.440532417346499228e-02,-2.576212966938599969e-02,1.174323744096178457e-01,7.707170459424644848e-02,1.711034778875053508e-01,1.917131816230141228e-01,-4.551309574924860407e-02,-5.968226706741089349e-02,1.814083297552597507e-01,1.781880635465864782e-01,-9.317303563761268614e-02,-6.354658651781878997e-02,1.185057964791755986e-01,-1.567196221554315039e-02,-2.705023615285529620e-02,-1.133533705452983986e-01,2.168312580506654569e-02,-1.670244740231859037e-01,-5.753542292829539467e-02,-1.161442679261485422e-01,-2.022327179046800871e-01,-3.514383855732073347e-01,-1.333190210390725328e-01,-1.066981537140403447e-01,-2.267067410905967972e-01,-2.254186346071275215e-01,-6.655216831258049630e-03,-6.934306569343065552e-02,1.015457277801631308e-01,9.295835122370114945e-02,-1.689566337483898173e-01,-1.176470588235293963e-01,1.689566337483898173e-01,2.994847574066122342e-01,1.054100472305710551e-01,9.124087591240875872e-02,6.440532417346499922e-04,-2.447402318591669901e-01,2.447402318591669901e-01,1.996565049377414802e-01,2.155431515671961951e-01,-1.230141691713181468e-01,1.811936453413482140e-01,-5.216831258050664416e-02,-1.331043366251609961e-01,3.263203091455559729e-02,-2.904680120223271378e-01,-1.884929154143409058e-01,-3.039931300987547824e-01,-2.881064834693000676e-01,2.468870759982825028e-02,8.651781880635464606e-02,1.159295835122369986e-02,-8.909403177329323908e-02,2.187634177758694398e-01,2.941176470588234837e-01,2.702876771146414114e-01,-4.379562043795619947e-02,2.340060111635894682e-02,4.637183340489479944e-02,-5.495920996135680164e-02,-1.309574924860454903e-01,3.585229712322884899e-02,5.581794761700299701e-02,-8.587376556461999433e-02,4.465435809360239483e-02,-1.502790897380850040e-02,1.416917131816229983e-02,6.977243452125374279e-02,-8.544439673679689318e-02,8.780592528982394951e-02,7.277801631601543697e-02,1.932159725203949976e-02,-1.073422069557749842e-03,2.765135251180763643e-01,-1.631601545727779864e-02,-1.668097896092743393e-01,-7.406612279948474042e-02,-3.220266208673249961e-03,-1.932159725203949907e-01,-1.041219407471017377e-01,-1.225848003434950456e-01,-1.013310433662515941e-01,-3.434950622584800103e-03
2.939029626449119470e-01,7.964791756118504151e-02,1.082009446114211848e-01,-1.410476599398883535e-01,-2.919708029197080196e-02,-4.529841133533705350e-02,9.982825246887074011e-02,-4.830399313009874768e-02,-1.464147702876771040e-01,-1.642335766423357324e-01,0.000000000000000000e+00,-1.846285959639330093e-02,4.216401889222842203e-01,2.275654787462430204e-02,2.316444826105624466e-01,-4.229282954057535238e-02,2.943323314727350204e-01,1.625161013310433555e-01,4.182052382996993556e-01,2.060970373550879975e-01,2.425933877200514913e-02,-1.708887934735937864e-01,1.384714469729497466e-01,-1.717475311292399748e-02,-6.504937741519964400e-02,-2.181193645341348020e-01,9.639330184628594478e-02,3.477887505367110305e-02,7.857449549162730251e-02,-2.533276084156289853e-02,1.281665951051953467e-01,-4.100472305710604892e-02,1.436238729068269604e-01,-4.873336195792184189e-02,5.968226706741089349e-02,1.416917131816229983e-02,-2.563331902103906934e-01,-2.086732503220265766e-01,6.333190210390723940e-02,4.701588664662944422e-02,-1.099184199227136033e-01,-3.413482181193645132e-02,5.817947617003004640e-02,7.621296693860024618e-02,-1.397595534564190500e-01,-6.998711893516529337e-02,-4.572778016316014771e-02,5.045083726921424649e-02,-1.631601545727779934e-01,6.719622155431514976e-02,2.790897380850149677e-03,-3.864319450407899519e-03,1.738943752683555152e-02,3.220266208673249614e-02,-1.030485186775439987e-02,-2.361528553027050087e-02,1.363246028338342408e-01,8.608844997853154490e-02,-5.109489051094889822e-02,7.986260197509659209e-02,9.574924860455129305e-02,-1.322455989695147938e-01,2.709317303563760770e-01,-2.898239587805924791e-02,1.348218119364533729e-01,-2.194074710176041054e-01,-8.587376556462000257e-04,-1.142121082009446009e-01,1.099184199227136033e-01,-6.440532417346499922e-04,-1.824817518248175036e-02,-1.255903821382567398e-01,-1.109918419922713423e-01,-6.526406182911119458e-02,1.481322455989694982e-02,8.716187204808929778e-02,2.196221554315156421e-01,-8.866466294547015181e-02,7.513954486904250718e-02,3.370545298411334323e-02,5.002146844139114534e-02,9.639330184628594478e-02,2.962644911979389964e-02,-1.528553027050235935e-01,1.444826105624731349e-01,-1.026191498497208976e-01,4.508372692142549598e-02,-1.560755689136968383e-01,-7.771575783598110021e-02,-8.995276942893944139e-02,-8.158007728638899669e-02,-3.284671532846714787e-02,-1.895663374838986448e-01,4.443967367969085119e-02,-2.576212966938599691e-01,-3.671103477887505129e-02,-1.492056676685272476e-01,-7.878917990553885309e-02,-6.934306569343065552e-02,4.508372692142549945e-03,-4.937741519965650056e-02,2.039501932159724917e-02,-3.134392443108630077e-02,-1.434091884929153959e-01,-9.639330184628594478e-02,-9.489051094890510463e-02,-2.677114641477028600e-01,3.542292829540574783e-02,2.876771146414769734e-02,-7.857449549162730251e-02,-4.465435809360239483e-02,4.443967367969085119e-02,2.919708029197080196e-02,6.011163589523400158e-02,-6.204379562043794982e-02,-2.277801631601545362e-01
4.873336195792184189e-02,1.985830828681837412e-01,-1.850579647917560966e-01,5.002146844139114534e-02,-4.207814512666380180e-02,1.041219407471017377e-01,-2.039501932159724917e-02,3.153714040360669491e-01,-5.281236582224130283e-02,5.367110347788749646e-03,-1.846285959639330093e-02,0.000000000000000000e+00,-3.864319450407899519e-03,4.564190639759552748e-01,-1.401889222842421512e-01,-7.492486045513095660e-02,1.560755689136968383e-01,2.148990983254615572e-01,-9.918419922713610226e-02,1.481322455989694808e-01,-2.316444826105624466e-01,-1.412623443537998902e-01,-2.754401030485186253e-01,-1.189351653069986858e-01,-2.702876771146414114e-01,-3.151567196221554124e-01,-1.696006869901245037e-02,-8.844997853155860124e-02,-1.502790897380850040e-02,3.821382567625589838e-02,-3.170888793473592981e-01,-2.436668097896092233e-01,-1.266638042078144927e-02,1.577930442249892429e-01,-1.906397595534564116e-01,-2.705023615285529620e-02,-3.774151996565048850e-01,-2.619149849720909806e-01,-1.736796908544439300e-01,-1.504937741519965511e-01,-2.679261485616143967e-01,-2.282095319879776374e-01,2.075998282524688654e-01,2.166165736367539618e-01,-7.964791756118504151e-02,1.541434091884928970e-01,1.526406182911120291e-01,1.672391584370974404e-01,1.112065264061828929e-01,9.381708887934733787e-02,1.595105195362816475e-01,1.434091884929153959e-01,2.179046801202232375e-01,7.041648776298839452e-02,1.751824817518247979e-01,-5.281236582224130283e-02,6.504937741519964400e-02,1.148561614426792388e-01,6.826964362387290264e-02,1.726062687848861910e-01,2.816659510519535781e-01,5.229712322885357034e-01,1.279519106912838100e-01,3.905109489051094007e-01,-1.373980249033919798e-01,1.300987548303992880e-01,-1.034778875053670999e-01,2.249892657793043649e-01,-1.189351653069986858e-01,8.050665521683125769e-02,-8.565908115070844375e-02,-1.668097896092743393e-01,-3.069987118935164905e-02,1.657363675397166003e-01,-8.737655646200084836e-02,-4.980678402747960171e-02,-4.057535422928294777e-02,8.179476170030054727e-02,1.794761700300557816e-01,1.953628166595105034e-02,8.179476170030054727e-02,-1.049806784027479400e-01,-2.898239587805924722e-01,-2.773722627737226221e-01,-1.389008158007728477e-01,1.339630742808071984e-01,-3.228853585229711776e-01,-3.724774581365392634e-01,-1.313868613138685915e-01,-1.912838127951910216e-01,1.618720480893086899e-01,-1.955775010734220332e-01,1.238729068269643491e-01,-1.814083297552597507e-01,-7.771575783598110021e-02,-1.066981537140403447e-01,-3.241734650064404671e-02,-7.406612279948474042e-02,8.737655646200084836e-02,2.340060111635894682e-02,2.125375697724345148e-01,-6.762559038213825091e-02,3.520824388149419726e-02,-9.531987977672820578e-02,-1.395448690425074925e-02,-7.471017604121939215e-02,-1.603692571919278498e-01,2.898239587805924791e-02,2.288535852297123030e-01,8.286818376985830015e-02,-3.263203091455559729e-02,5.173894375268354995e-02,3.434950622584799496e-02,-8.501502790897379203e-02,7.234864748819234970e-02,-3.027050236152855137e-02
1.363246028338342408e-01,-1.474881923572348430e-01,3.701159295835121932e-01,3.585229712322884899e-02,-8.887934735938170239e-02,-1.689566337483898173e-01,4.454701588664662371e-01,9.295835122370114945e-02,1.249463288965221019e-01,9.725203950193214708e-02,4.216401889222842203e-01,-3.864319450407899519e-03,0.000000000000000000e+00,1.193645341348217870e-01,2.380850150279089639e-01,1.481322455989694982e-02,-9.811077715757834938e-02,-1.041219407471017377e-01,2.589094031773293003e-01,-1.069128381279518952e-01,-6.161442679261484173e-02,-1.519965650493773912e-01,2.595534564190639659e-01,1.524259338772004924e-01,4.529841133533705350e-02,-4.336625161013309138e-02,1.406182911120652523e-01,1.030485186775439987e-01,2.490339201373980085e-02,-2.030914555603262617e-01,7.449549162730784158e-02,5.946758265349934292e-02,6.590811507084584631e-02,-1.036925719192786505e-01,1.811936453413482140e-01,7.385143838557320373e-02,-1.627307857449548922e-01,-8.587376556461999433e-02,-2.340060111635894682e-02,-5.646200085873764873e-02,-8.887934735938170239e-02,1.524259338772004924e-02,3.971661657363674547e-02,3.971661657363674547e-02,-1.182911120652640480e-01,-1.511378273937311889e-01,-5.560326320309144643e-02,-3.284671532846714787e-02,-1.266638042078144788e-01,-3.799914126234434780e-02,4.014598540145984662e-02,-3.520824388149419726e-02,9.231429798196650466e-03,-8.286818376985830015e-02,-5.839416058394160391e-02,-1.051953628166594906e-01,-8.222413052812364842e-02,-1.483469300128810453e-01,-1.567196221554314761e-01,-1.270931730356375799e-01,2.705023615285530036e-01,1.288106483469299984e-03,1.335337054529840972e-01,-1.741090596822670311e-01,3.705452984113353221e-01,-1.846285959639330093e-02,8.158007728638899322e-03,-1.395448690425074856e-01,-1.000429368827822907e-01,-3.029197080291970434e-01,1.032632030914555493e-01,7.513954486904250198e-03,-2.511807642765134796e-02,-1.369686560755689064e-01,-1.079862601975096481e-01,-1.013310433662515941e-01,1.994418205238299158e-01,-7.578359811077714503e-02,-1.416917131816229913e-01,6.590811507084584631e-02,-1.620867325032202544e-01,-1.266638042078144927e-02,-1.678832116788321061e-01,-1.966509231429797999e-01,7.964791756118504151e-02,-2.962644911979389964e-02,-5.624731644482609122e-02,-1.483469300128810453e-01,4.422498926577930062e-02,-7.664233576642334733e-02,-8.158007728638899669e-02,1.912838127951910216e-01,-1.524259338772004924e-02,2.256333190210390305e-01,-1.176470588235293963e-01,-1.309574924860454868e-02,-1.728209531987977554e-01,-1.135680549592099492e-01,-1.354658651781880385e-01,-3.756977243452125359e-02,-5.753542292829539467e-02,1.801202232717904472e-01,-9.403177329325888845e-02,-1.219407471017603939e-01,-1.908544439673679205e-01,-8.802060970373550008e-02,-8.909403177329323908e-02,-5.431515671962214298e-02,8.673250322026618275e-02,-6.526406182911119458e-02,-1.335337054529840972e-01,-7.406612279948474042e-02,-4.551309574924860407e-02,-2.060970373550879975e-02,1.625161013310433555e-01,-1.629454701588664289e-01
