0.000000000000000000e+00,3.757381125038847802e-01,-2.051175800269346150e-01,-1.054594426603128465e-01,3.532580544908318909e-02,-1.118823163783279687e-02,-7.862840567699161398e-02,-1.185123795711177930e-01,-6.744017403915880671e-02,1.139542111260747823e-02,2.111260747954003814e-01,1.158189163990469145e-01,1.555992955557857493e-01,5.614834766393866916e-02,-3.418626333782243728e-03,-1.294934217341758842e-02,1.654407956075831243e-01,3.043613384440069791e-01,8.287578990987257144e-02,2.763907593494250303e-01,-2.313270485859317827e-01,-1.820159535895576330e-01,-2.081218274111674982e-01,-2.861286646638350750e-01,-1.420283849580441238e-01,-9.623951103283953645e-02,-1.129182637522013755e-01,-1.301149901584999491e-01,1.744535377602817738e-01,3.149280016575158048e-02,-1.582927587278566139e-01,-1.069097689837356230e-01,9.209572153734589539e-02,3.107842121620221429e-02,-2.590904382057391264e-01,-1.953796747125245703e-01,-2.888221278359058841e-01,-3.067440174039158807e-01,-8.049311094996373928e-02,-1.096032321558064737e-01,-8.204703201077384600e-02,-7.831762146482958153e-02,-9.903656894229771745e-02,-1.492800165751579922e-01,-1.204806795814772485e-01,-1.071169584585102974e-01,-1.472081218274111647e-01,-9.530715839635345299e-02,-1.416140060084947749e-01,-8.826271625401428678e-02,-1.347767533409302831e-01,-8.971304257743704935e-02,-3.221796332746296176e-02,1.496943955247073410e-01,-1.252460375012949267e-01,-9.364964259815600212e-02,5.516419765875892889e-01,3.572982492489381046e-01,2.248005801305293649e-01,1.722780482751475883e-01,2.434476328602506456e-01,5.200455816844503504e-02,2.995959805241893426e-01,2.904796436341033905e-01,-1.476225007769605135e-01,-2.832280120169895499e-01,-6.381435823060187251e-02,-7.023723194861700159e-02,3.339894333367864343e-01,1.791153009427120801e-01,-1.819123588521703028e-01,-1.576711903035325768e-01,-5.293691080493110462e-02,-7.883559515176628840e-02,7.987154252563968826e-02,5.511240029006526236e-02,-4.589246866259193147e-02,-1.154045374494975518e-01,1.429607375945301899e-02,3.874443178286542805e-02,9.924375841707240575e-02,5.034704237024759110e-02,-5.159017921889567926e-02,2.993887910494146681e-02,3.169998964052626184e-02,-2.310162643737698196e-02,-5.853102662384750826e-02,1.678234745674919703e-02,-9.810421630581166175e-02,5.076142131979695035e-03,-1.676162850927172820e-01,-5.480161607790323686e-02,-1.571532166165958699e-01,-3.853724230809074669e-02,-1.131254532269760638e-01,-1.608826271625401483e-01,1.055630373977001907e-01,2.213819537967471052e-01,1.245208743395835455e-01,1.899927483683828688e-01,5.635553713871335052e-02,2.620946855899720235e-02,-4.786076867295140785e-02,1.696881798404641095e-01,-1.351911322904796320e-01,-1.776649746192893453e-01,9.054180047653578867e-02,2.439656065471874080e-01,-2.196208432611622963e-01,-1.411996270589453983e-01,6.806174246348284385e-02,6.868331088780689486e-02,-1.680306640422666309e-01,-1.431679270693048678e-01,-9.561794260851547156e-02,-1.911322904796436128e-01
3.757381125038847802e-01,0.000000000000000000e+00,-1.899927483683828688e-01,-1.118823163783279687e-02,-6.578265824096135583e-02,4.910390552159950295e-02,-1.760074588210918667e-01,-4.848233709727545193e-02,-6.060292137159432185e-02,2.009737905314409878e-02,2.063607168755827170e-01,1.580855692530819256e-01,5.676991608826271324e-02,1.073241479332849857e-01,-1.240029006526468386e-01,-1.039055215995027259e-01,2.829172278048275313e-01,4.079560758313476865e-01,6.422873718015124737e-03,2.554646223971822061e-01,-2.961773541904070828e-01,-1.625401429607375714e-01,-2.439656065471874080e-01,-2.668600435097897017e-01,-1.907179115300942640e-01,-1.227597638039987504e-01,-2.239718222314306117e-01,-1.245208743395835455e-01,1.400600849476846266e-01,1.628509271728995900e-01,-1.056666321350875209e-01,-7.272350564591319177e-02,8.235781622293587845e-02,5.449083186574121829e-02,-2.932767015435615576e-01,-2.310162643737697641e-01,-2.438620118098000500e-01,-2.097793432093649491e-01,-6.536827929141199311e-02,-1.914430746918056314e-01,-4.060913705583756028e-02,-6.402154770537656081e-02,1.761110535584792247e-02,-2.289443696260229713e-02,1.460685797161504103e-02,4.143789495493628572e-02,-4.091992126799957885e-02,-2.569149487206049895e-02,-1.336372112296695287e-02,5.739148451258675732e-02,-9.934735315445974990e-02,-2.776338961980731254e-02,7.552056355537138665e-02,1.764218377706412433e-01,-9.831140578058635004e-02,-6.712938982699678814e-02,4.519838392209675204e-01,5.249145343416553589e-01,5.511240029006526236e-02,1.032839531751786888e-01,1.209986532684139554e-01,7.707448461618149338e-02,3.041541489692323186e-01,2.805345488449186298e-01,-1.836734693877550839e-01,-2.882005594115818470e-01,-2.596084118926758610e-01,-1.553921060810110610e-01,3.426913912773230653e-01,1.830519009634310468e-01,-1.062882005594115858e-01,-6.298560033150316095e-02,1.916502641665803267e-02,-2.807417383196933458e-02,3.470423702475913807e-02,4.019475810628819756e-02,-7.116958458510307117e-02,4.972547394592354356e-03,8.784833730446492406e-02,1.042163058116647723e-01,2.071894747746814147e-01,1.187195690458924535e-01,-2.299803169998963781e-02,5.915259504817155234e-02,-1.114679374287786129e-01,-9.623951103283953645e-02,-1.876100694084740228e-01,-1.788045167305500616e-01,-9.748264788148761073e-02,-7.655651092924480039e-02,-1.156117269242722401e-01,-6.598984771573603025e-02,-1.130218584895887196e-01,-7.748886356573085610e-02,-6.712938982699678814e-02,-2.144411063917952762e-02,1.097068268931938179e-01,1.266963638247176893e-01,2.975240857764425706e-01,1.249352532891328943e-01,1.730032114368590113e-01,7.137677405987775947e-02,2.192064643116129474e-01,2.376463275665596231e-01,3.719051072205532132e-02,-1.051486584481508280e-01,6.547187402879933726e-02,1.397493007355226080e-01,-1.087744742567077483e-01,-7.199834248420179661e-02,-8.815912151662694263e-02,1.809800062156842471e-01,-3.750129493421733989e-02,7.873200041437895119e-03,-5.583756345177664365e-02,-4.796436341033874506e-02
-2.051175800269346150e-01,-1.899927483683828688e-01,0.000000000000000000e+00,1.559100797679477679e-01,1.048378742359888094e-01,-6.806174246348284385e-02,4.091992126799958718e-01,1.005904900031078381e-01,1.802548430539728241e-01,-1.043199005490521025e-01,-8.215062674816117627e-02,-2.582616803066404287e-01,-9.012742152698640860e-03,-1.565316481922718050e-01,1.570496218792085397e-01,2.486273697296177178e-03,-2.544286750233087924e-01,-2.302911012120583967e-01,2.429296591733139665e-01,-6.308919506889049122e-02,2.078110431990054519e-01,2.838495804413135662e-02,4.166580337718843730e-01,3.985289547290997159e-01,1.684450429918160075e-01,1.091888532062571110e-01,7.241272143375115933e-02,4.589246866259193147e-02,-1.219310059049000250e-01,-1.150937532373355332e-01,2.733865119651921471e-01,1.441002797057909235e-01,1.166476742981456399e-01,1.626437376981249364e-02,2.794986014710452160e-01,2.072930695120687727e-01,1.832590904382057073e-01,2.531855381746607181e-01,7.417383196933594047e-02,1.428571428571428492e-01,4.754998446078938928e-02,-5.272972133015642326e-02,-6.371076349321454224e-02,-1.500051797368693596e-01,-9.302807417383196498e-02,-1.308401533202113165e-01,-4.496011602610586883e-02,-3.180358437791359905e-02,-4.205946337926032980e-02,-1.453434165544390255e-01,-1.539417797575882985e-01,-2.093649642598156002e-01,-2.034600642287371641e-01,-1.630581166476742783e-01,-6.567906350357401168e-02,-9.914016367968506160e-02,-3.062260437169792016e-01,-2.960737594530197248e-01,-2.572257329327669595e-01,-3.327462964881383600e-01,-2.922407541696881439e-01,-2.300839117372837361e-01,-3.689008598363203162e-01,-3.084015332021133315e-01,1.868849062467626554e-01,2.058427431886460102e-01,-9.996892157878378704e-02,-1.061846058220242417e-01,-1.706205324769501652e-01,-1.151973479747228635e-01,2.887185330985185261e-01,2.599191961048378796e-01,5.179736869367035368e-02,6.236403190717911688e-02,9.489277944680409027e-02,-2.175489485134155139e-03,2.179633274629648731e-01,1.840878483373044328e-01,-1.596394903138920462e-01,3.201077385268828041e-02,-1.492800165751579922e-01,9.333885838599398355e-02,1.308401533202113165e-01,3.625815808556925174e-02,6.184605822024240307e-02,-1.885424220449601063e-02,8.826271625401428678e-02,8.981663731482439350e-02,-4.019475810628819756e-02,4.972547394592354009e-02,1.175800269346316956e-01,1.792188956800994382e-01,1.466901481404744578e-01,2.139231327048585762e-01,5.169377395628301647e-02,4.931109499637418431e-02,-5.200455816844503504e-02,-1.201698953693152300e-01,-9.396042681031802069e-02,-1.109499637418419060e-01,-1.571532166165958699e-01,-1.056666321350875209e-01,-2.123692116440484626e-02,-1.200663006319278997e-01,1.864705272972132667e-03,7.873200041437894425e-02,-4.009116336890085341e-02,-1.821195483269449911e-01,1.101212058427431806e-01,6.112089505853102178e-02,8.909147415311301915e-03,-2.237646327566559373e-02,1.615041955868641854e-01,1.728996166994716532e-01,2.076038537242307913e-01,7.168755827203977804e-02
-1.054594426603128465e-01,-1.118823163783279687e-02,1.559100797679477679e-01,0.000000000000000000e+00,-2.486273697296177004e-02,1.153009427121102215e-01,-1.035947373873407074e-01,5.207707448461618149e-01,9.240650574950792784e-02,1.961048378742359655e-01,1.063917952967989161e-01,2.284263959390862853e-01,-8.795193204185226821e-02,2.814669014814047410e-01,-2.556718118719568666e-01,-1.232777374909354573e-01,-1.071169584585102974e-01,-9.748264788148761073e-02,-2.246969853931420069e-01,-4.444214233916916890e-02,4.143789495493628572e-02,-1.450326323422769948e-03,-1.597430850512793765e-01,1.170620532476950026e-02,-5.221174764321972334e-02,1.185123795711177930e-01,-7.251631617113849741e-04,1.003833005283331636e-01,-2.110224800580130233e-01,-7.531337408059669836e-02,1.784937325183880430e-01,2.655133119237542694e-01,2.567077592458302804e-01,3.282917227804826865e-01,-1.624365482233502411e-01,5.708070030042473875e-02,-5.697710556303739113e-03,-8.909147415311301915e-03,-6.008494768465761152e-03,7.676370040401947481e-02,1.492800165751579922e-01,-8.525846886978140360e-02,-8.152905832383713913e-02,-5.386926344141716727e-02,-1.274215269864290845e-01,-1.787009219931627313e-01,-1.091888532062571110e-01,-7.717807935356883753e-02,-1.709313166891121838e-01,-2.016989536931523830e-01,-3.998756863151351620e-02,-4.692841603646533827e-02,-2.426188749611519480e-01,-1.802548430539728172e-02,-1.286646638350771588e-01,-1.353983217652543203e-01,-6.961566352429296445e-02,8.826271625401428678e-02,-2.227286853827825305e-02,1.191339479954418301e-01,6.433233191753857938e-02,3.678649124624468469e-01,1.377810007251631559e-02,1.557028902931730796e-01,-2.861286646638350750e-01,2.327773749093546007e-01,1.115715321661659432e-01,2.170309748264788174e-01,-2.828136330674401594e-02,-8.743395835491556134e-02,8.028592147518905098e-02,5.904900031078421339e-03,-8.764114782969023576e-02,2.652025277115922439e-02,9.282088469905727668e-02,-1.851237957111778742e-01,6.070651610898165212e-02,8.318657412203459001e-02,-1.053558479229255024e-01,-2.496633171034911072e-02,-8.380814254635864102e-02,-1.159225111364342586e-01,-1.507303428985807270e-01,-6.878690562519423901e-02,-3.197969543147207716e-01,1.761110535584792247e-02,-2.382678959908836602e-01,-2.570185434579922990e-01,-1.328084533305707859e-01,-1.127110742774267010e-01,1.459649849787630627e-01,-1.375738112503884780e-01,1.197555164197658673e-01,-2.079146379363928099e-01,-1.351911322904796320e-01,-6.215684243240442858e-02,-5.656272661348803188e-02,-4.972547394592354009e-02,1.121931005904899942e-01,-1.882316378327980599e-01,5.314410027970579292e-02,-1.180980006215684164e-01,4.174867916709830429e-02,9.323526364860663333e-04,1.624365482233502411e-01,1.015228426395939007e-02,-1.553921060810110628e-03,-3.252874753962498727e-02,6.940847404951828135e-03,-5.034704237024759110e-02,-4.185227390448564844e-02,-3.107842121620221429e-02,1.315653164819227151e-02,-8.318657412203459001e-02,-6.422873718015124737e-03,1.553921060810110714e-02
3.532580544908318909e-02,-6.578265824096135583e-02,1.048378742359888094e-01,-2.486273697296177004e-02,0.000000000000000000e+00,3.975966020926136602e-01,2.890293173106806002e-02,7.914637936392830697e-02,2.787734383093338764e-01,3.049829068683310163e-01,-1.029731689630166702e-01,-5.511240029006526236e-02,-2.734901067025794982e-02,5.718429503781207596e-02,1.975551641976587558e-01,2.168237853517041291e-01,-6.205324769501708443e-02,2.299803169998963781e-02,1.096032321558064737e-01,6.485030560447528625e-02,2.615767119030353305e-01,9.561794260851547156e-02,1.065989847715736044e-01,9.986532684139644289e-02,4.103387547912565880e-01,4.076452916191856679e-01,4.305397285817880171e-01,2.693463172070858502e-01,4.786076867295140785e-02,1.243136848648088572e-01,3.323319175385890389e-01,2.308090748989951035e-01,1.144721848130114961e-01,4.413135812700714339e-02,1.449290376048896767e-01,1.634724955972236549e-01,1.139542111260747892e-01,7.717807935356883753e-02,-1.136434269139127567e-01,-1.122966953278773383e-01,2.306018854242204430e-01,-9.572153734590281571e-02,-6.464311612970061183e-02,-3.625815808556925087e-03,2.952450015539210409e-02,1.243136848648088589e-03,3.263234227701232448e-02,5.780586346213612003e-02,1.315653164819227151e-02,-8.349735833419660858e-02,-1.536309955454262799e-01,-1.292862322594012237e-01,-9.665388998238888529e-02,-4.982906868331088424e-02,-1.283538796229151402e-01,1.740391588107324111e-02,1.709313166891121907e-02,-1.430643323319175375e-01,-2.693463172070858537e-03,-1.315653164819227151e-02,-2.134051590179218694e-02,-5.221174764321972334e-02,-1.852273904485652045e-01,-1.638868745467730037e-01,6.329638454366517952e-02,9.758624261887495488e-02,5.759867398736143174e-02,1.093960426810317993e-01,3.397907386304774985e-02,2.330881591215165985e-02,-8.743395835491556134e-02,3.605096861079456344e-02,-8.919506889050035636e-02,-4.837874235988811472e-02,-3.833005283331606880e-03,-1.864705272972132667e-03,-6.371076349321454224e-02,-7.645291619185745624e-02,1.947581062882005470e-02,1.241064953900341689e-01,-8.080389516212575785e-02,1.367450533512897526e-01,-6.795814772609549970e-02,-8.774474256707757991e-02,2.942090541800476342e-02,-4.796436341033874506e-02,-9.665388998238888529e-02,-8.992023205221173765e-02,-6.723298456438411841e-02,1.149901584999481891e-02,-1.968300010359473606e-02,-3.418626333782243728e-03,1.086708795193204180e-01,-2.672744224593390575e-02,1.761110535584791970e-01,1.182015953589557744e-01,1.041127110742774281e-01,1.542525639697503170e-01,-5.946337926033357091e-02,2.486273697296177178e-03,-5.842743188646016411e-02,-1.322904796436340791e-01,-1.740391588107323972e-01,-1.323940743810214093e-01,-1.774577851445146570e-01,-1.515591007976794524e-01,-7.230912669636381518e-02,1.212058427431886298e-02,1.118823163783279687e-02,1.963120273490106538e-01,1.590179218895679814e-01,-6.474671086708795598e-02,-5.967056873510824533e-02,-9.986532684139644289e-02,-7.241272143375115933e-02,-9.914016367968506160e-02
-1.118823163783279687e-02,4.910390552159950295e-02,-6.806174246348284385e-02,1.153009427121102215e-01,3.975966020926136602e-01,0.000000000000000000e+00,-2.859214751890603590e-01,5.687351082565005045e-02,2.681031803584377760e-01,4.020511758002693337e-01,-1.231741427535480993e-01,7.779964777789287467e-02,-2.174453537760281663e-01,9.872578473013569889e-02,-6.816533720087018799e-02,7.168755827203977804e-02,1.307365585828239862e-01,1.372630270382264595e-01,-6.889050036258158316e-02,1.213094374805759740e-01,1.384025691494872035e-01,9.199212679995855124e-02,-1.396457059981352777e-01,-3.884802652025276526e-02,3.694188335232569953e-01,5.107220553195896962e-01,3.825753651714492443e-01,4.555060602921370827e-01,1.192375427328291604e-01,2.769087330363617094e-01,4.267067232984564362e-01,3.575054387237128206e-01,1.717600745882109092e-01,1.683414482544286495e-01,-1.027659794882419958e-01,-1.605718429503780881e-02,-7.137677405987775947e-02,-5.594115818916398086e-02,-2.073966642494561030e-01,-2.880969646741944890e-01,2.249041748679166952e-01,-6.806174246348284385e-02,8.318657412203459001e-02,1.601574640008287254e-01,1.908215062674815943e-01,1.424427639075934726e-01,1.684450429918160075e-01,1.157153216616595703e-01,9.737905314410026658e-02,5.314410027970579292e-02,-9.945094789184708711e-03,3.097482647881487361e-02,-5.531958976483994372e-02,-3.315031596394902441e-02,-8.059670568735108342e-02,3.698332124728063303e-02,1.307365585828239862e-01,7.355226354501190333e-02,1.099140163679684923e-01,2.440692012845747105e-01,7.054801616077903403e-02,9.789702683103697345e-02,1.134362374391380823e-01,1.293898269967885539e-01,-1.821195483269449911e-01,-2.786698435719465322e-02,7.199834248420179661e-02,2.682067750958251340e-01,8.070030042473842757e-02,7.956075831347766969e-02,-1.196519216823785092e-01,1.502123692116440375e-02,-7.852481093960426983e-02,-3.729410545944265333e-03,-5.511240029006526236e-02,-6.806174246348284385e-02,-1.238993059152594944e-01,-7.842121620221692568e-02,2.246969853931420069e-01,2.294623433129596990e-01,8.297938464725991559e-02,1.196519216823785092e-01,-1.739355640733450670e-01,-9.282088469905727668e-02,-2.592976276805138425e-01,-1.408888428467833763e-02,-3.638247177043406055e-01,-3.637211229669532475e-01,-2.685175593079871526e-01,-1.580855692530819256e-01,-8.525846886978140360e-02,-2.018025484305397133e-01,3.853724230809074669e-02,-2.414793328498912317e-01,2.315342380607064987e-01,1.781829483062260244e-01,6.567906350357401168e-02,7.645291619185745624e-02,7.054801616077903403e-02,-7.966435305086501384e-02,1.416140060084947749e-01,-6.443592665492592353e-02,3.428985807520978230e-02,2.683103698332124643e-02,-2.361960012431368536e-02,-1.046306847612141211e-01,-5.148658448150833511e-02,3.107842121620221255e-03,1.150937532373355332e-01,2.105045063710763442e-01,8.183984253599915770e-02,-6.940847404951827615e-02,-1.149901584999481891e-02,-1.295970164715632422e-01,-9.572153734590281571e-02,-1.429607375945301899e-02
-7.862840567699161398e-02,-1.760074588210918667e-01,4.091992126799958718e-01,-1.035947373873407074e-01,2.890293173106806002e-02,-2.859214751890603590e-01,0.000000000000000000e+00,8.515487413239407333e-02,9.043820573914844452e-02,-1.984875168341448115e-01,-4.413135812700714339e-02,-2.123692116440484834e-01,2.502848855278151929e-01,-7.831762146482958153e-02,3.351289754480472061e-01,1.314617217445353536e-01,-2.255257432922407324e-01,-2.689319382575364736e-01,4.984978763078835029e-01,1.118823163783279687e-02,1.557028902931730796e-01,5.521599502745260651e-02,5.557857660830829438e-01,3.692116440484823348e-01,8.173624779861182743e-02,-7.966435305086501384e-02,-9.945094789184708017e-02,-1.727960219620843230e-01,-7.811043199005489324e-02,-1.773541904071272990e-01,2.817776856935667526e-02,-1.241064953900341689e-01,-1.235885217030974759e-01,-2.486273697296177143e-01,4.780897130425774133e-01,2.741116751269035423e-01,2.067750958251320659e-01,2.151662695535066505e-01,6.930487931213094588e-02,9.551434787112814129e-02,-1.286646638350771588e-01,2.279084222521495819e-03,-2.875789909872578098e-01,-3.637211229669532475e-01,-2.723505645913187334e-01,-3.138920542836423633e-01,-2.692427224696985477e-01,-2.660312856106910040e-01,-1.830519009634310468e-01,-2.625090645395213862e-01,-3.086087226768879921e-01,-3.975966020926136602e-01,-1.880244483580233994e-01,-1.480368797265098624e-01,-1.627473324355122597e-01,-2.660312856106910040e-01,-2.383714907282709627e-01,-3.336786491246244157e-01,-3.474567491971407573e-01,-5.325805449083186316e-01,-1.589143271521806511e-01,-1.798404641044234753e-01,-3.826789599088366023e-01,-3.323319175385890389e-01,5.576504713560550552e-01,2.774267067232984441e-01,-1.301149901584999491e-01,-2.604371697917745587e-01,-1.759038640837045364e-01,-1.679270693048793006e-01,1.808764114782968890e-01,1.535274008080389496e-01,1.673055008805552357e-01,8.525846886978140360e-02,7.697088987879414923e-02,5.324769501709313013e-02,1.778721640940640059e-01,7.873200041437894425e-02,-1.526986429089402242e-01,-5.200455816844503504e-02,-1.446182533927276304e-01,1.263855796125556707e-01,1.632653061224489666e-01,9.012742152698640860e-03,4.993266342069822561e-01,7.220553195897647103e-02,3.392727649435408610e-01,3.870299388791049178e-01,1.859525536102765997e-01,2.493525328913291095e-01,2.753548119755516166e-01,3.995649021029731296e-01,3.063296384543665041e-01,4.740495182844711719e-01,-4.330260022790841795e-02,-4.319900549052108074e-02,-1.405780586346213334e-01,-1.658551745571325009e-01,-1.962084326116233235e-01,-2.859214751890603798e-02,-2.616803066404226330e-01,1.315653164819227151e-02,-1.545633481819123356e-01,-1.773541904071272990e-01,-1.438930902310162352e-01,3.656894229773127031e-02,-9.219931627473323954e-02,-1.432715218066921981e-01,1.243136848648088502e-02,-8.598363203149279876e-03,-4.009116336890085341e-02,1.968300010359473780e-03,9.447840049725474143e-02,1.332228322801201625e-01,1.644048482337097106e-01,4.071273179322489749e-02
-1.185123795711177930e-01,-4.848233709727545193e-02,1.005904900031078381e-01,5.207707448461618149e-01,7.914637936392830697e-02,5.687351082565005045e-02,8.515487413239407333e-02,0.000000000000000000e+00,1.398528954729099660e-01,2.178597327255775151e-01,7.241272143375115933e-02,3.059152595048171830e-01,3.387547912566041264e-02,3.585413860975861788e-01,-1.139542111260747892e-01,5.842743188646016411e-02,-1.371594323008391292e-01,-1.219310059049000250e-01,-5.583756345177664365e-02,-1.957940536620739538e-02,8.204703201077384600e-02,3.169998964052626184e-02,-2.693463172070858364e-02,7.717807935356883753e-02,-3.625815808556925174e-02,8.639801098104216148e-02,-1.170620532476950026e-02,6.112089505853101831e-03,-2.021133326427017318e-01,-6.764736351393348113e-02,1.507303428985807270e-01,2.215891432715217935e-01,9.137055837563451410e-02,2.570185434579922990e-01,1.284574743603024947e-02,1.867813115093752974e-01,2.828136330674401594e-02,5.842743188646016411e-02,-4.102351600538692300e-02,5.542318450222728093e-02,5.873821609862218268e-02,-6.889050036258158316e-02,-2.251113643426913835e-01,-2.119548326944990790e-01,-1.926862115404537334e-01,-2.930695120687868971e-01,-2.136123484926965577e-01,-2.282192064643115970e-01,-2.484201802548430538e-01,-2.887185330985185261e-01,-1.812907904278462656e-01,-2.079146379363928099e-01,-2.538071065989847552e-01,-4.972547394592354009e-02,-1.858489588728892417e-01,-2.280120169895369087e-01,-1.131254532269760638e-01,1.636796850719983432e-02,-1.476225007769605135e-01,-4.330260022790841795e-02,1.312545322697606931e-01,4.061949652957629331e-01,-9.354604786076865797e-02,9.043820573914844452e-02,1.740391588107324111e-02,3.525328913291204125e-01,6.018854242204495913e-02,1.575675955661452465e-01,-3.822645809592872812e-02,-7.168755827203977804e-02,2.206567906350357169e-02,7.769605304050553572e-03,-7.003004247384231329e-02,1.761110535584792247e-02,5.594115818916398433e-03,-1.855381746607272231e-01,-3.729410545944265333e-03,1.792188956800994451e-02,-7.655651092924480039e-02,-4.299181601574639244e-02,-7.697088987879414923e-02,-4.454573707655650958e-03,-1.163368900859836214e-01,-8.163265306122448328e-02,-1.792188956800994451e-02,4.578887392520459426e-02,-8.722676888014088692e-02,-1.161297006112089608e-01,6.008494768465761152e-03,-1.885424220449601063e-02,2.557754066093442247e-01,-5.407645291619185557e-02,2.786698435719465183e-01,-9.188853206257120709e-02,-1.505231534238060664e-01,-4.516730550088055712e-02,-9.385683207293067654e-02,-4.247384232880969251e-02,6.412514244276389108e-02,-1.554957008183984191e-01,2.123692116440484626e-02,-1.193411374702164907e-01,-4.962187920853620288e-02,-1.184087848337304349e-01,6.775095825132082528e-02,-4.081632653061224164e-02,-4.195586864187298565e-02,-1.419247902206567935e-01,-2.662384750854656507e-02,-6.257122138195379824e-02,-9.427121102248005313e-02,2.962809489277944824e-02,9.323526364860663333e-04,-4.050554231845022307e-02,-2.610587382160986167e-02,-6.422873718015124737e-03
-6.744017403915880671e-02,-6.060292137159432185e-02,1.802548430539728241e-01,9.240650574950792784e-02,2.787734383093338764e-01,2.681031803584377760e-01,9.043820573914844452e-02,1.398528954729099660e-01,0.000000000000000000e+00,4.114782969025173043e-01,3.397907386304774985e-02,5.884181083600952683e-02,6.132808453330571008e-02,1.759038640837045364e-01,2.551538381850201875e-01,3.336786491246244157e-01,-6.930487931213094588e-02,-2.092613695224282422e-02,7.935356883870298139e-02,4.247384232880969251e-02,1.370558375634517712e-01,9.219931627473323954e-03,1.121931005904899942e-01,1.404744638972340032e-01,2.822956593805034942e-01,2.559825960841188852e-01,1.100176111053558364e-01,6.029213715943230328e-02,5.117580026934631654e-02,1.872992851963120042e-01,2.587796539935771079e-01,1.812907904278462656e-01,6.661141614006008127e-02,4.081632653061224164e-02,1.792188956800994451e-02,4.848233709727545193e-02,1.595358955765046813e-02,5.065782658240960967e-02,-1.999378431575675810e-02,-1.009012742152698566e-01,1.292862322594012237e-01,-1.489692323629959736e-01,-1.154045374494975518e-01,3.107842121620221472e-04,-1.647156324458717153e-02,2.071894747746814026e-03,4.133430021754894851e-02,3.169998964052626184e-02,-1.212058427431886298e-02,-3.625815808556925174e-02,-1.051486584481508280e-01,-6.961566352429296445e-02,-1.080493110949963670e-01,-8.815912151662694263e-02,-7.800683725266754909e-02,-3.128561069097689912e-02,-8.753755309230290549e-02,-5.790945819952345724e-02,-4.765357919817672129e-03,-3.532580544908318909e-02,1.408888428467833763e-02,4.413135812700714339e-02,-9.406402154770536483e-02,-2.030456852791878014e-02,4.609965813736661977e-02,-2.693463172070858537e-03,-9.986532684139644289e-02,2.693463172070858537e-03,-4.993266342069822145e-02,1.553921060810110628e-03,1.367450533512897491e-02,1.069097689837356230e-01,-1.937221589143271402e-02,-1.543561587071376473e-02,-2.227286853827825305e-02,-8.432611623329534789e-02,3.553299492385786351e-02,1.297006112089505725e-01,7.023723194861700159e-02,2.361960012431368328e-01,-2.279084222521495645e-02,8.971304257743704935e-02,-1.574640008287579024e-02,-1.553921060810110628e-03,-6.940847404951827615e-02,4.040194758106288239e-03,-3.014606857971615164e-02,-8.743395835491556134e-02,-5.314410027970579292e-02,-2.890293173106806002e-02,-2.382678959908836325e-02,2.434476328602506665e-02,1.012120584274318752e-01,-4.765357919817672649e-02,1.854345799233398928e-01,1.888532062571221248e-01,2.020097379053143946e-02,5.790945819952345724e-02,1.450326323422769948e-03,-2.032528747539624758e-01,-5.055423184502226552e-02,-1.277323111985911031e-01,-1.477260955143478438e-01,-2.272868538278255135e-01,-1.449290376048896767e-01,-1.697917745778514398e-01,-1.694809903656894212e-01,-1.791153009427120801e-01,1.104319900549052130e-01,1.898891536309955386e-01,8.360095307158395272e-02,2.683103698332124643e-02,1.630581166476742783e-01,5.469802134051589965e-02,3.408266860043509400e-02,-4.858593183466279608e-02
1.139542111260747823e-02,2.009737905314409878e-02,-1.043199005490521025e-01,1.961048378742359655e-01,3.049829068683310163e-01,4.020511758002693337e-01,-1.984875168341448115e-01,2.178597327255775151e-01,4.114782969025173043e-01,0.000000000000000000e+00,4.837874235988811472e-02,2.493525328913291095e-01,3.625815808556925087e-03,3.245623122345384637e-01,1.133326427017507382e-01,3.536724334403812398e-01,-5.987775820988293363e-02,2.579508960944783963e-02,-1.809800062156842471e-01,4.609965813736661977e-02,9.758624261887495488e-02,2.071894747746814026e-03,-1.931005904900031100e-01,-1.007976794778825125e-01,2.274940433026002018e-01,2.598156013674505216e-01,1.414068165337200866e-01,1.372630270382264595e-01,1.212058427431886298e-02,1.631617113850616085e-01,2.172381643012534780e-01,3.276701543561586494e-01,3.770848440899202125e-02,1.494872060499326527e-01,-1.980731378845954349e-01,-7.924997410131565112e-02,-3.926240546980213492e-02,-1.317725059566973722e-01,-6.630063192789806097e-03,-7.779964777789287467e-02,2.203460064228737192e-01,-1.501087744742566898e-01,-4.775717393556407064e-02,9.033461100176111425e-02,4.765357919817672649e-02,2.620946855899720235e-02,7.479540039366000537e-02,6.951206878690562030e-02,2.382678959908836325e-02,-2.102973168963016490e-02,6.215684243240442945e-04,2.206567906350357169e-02,1.657515798197451524e-03,-3.605096861079456344e-02,-9.945094789184708711e-03,5.542318450222728093e-02,-3.936600020718947560e-03,5.822024241168548969e-02,1.606754376877654600e-01,2.428260644359266085e-01,2.012845747436030064e-01,2.342277012327773356e-01,1.165440795607583097e-01,1.608826271625401483e-01,-2.022169273800890621e-01,-8.505127939500672918e-02,6.681860561483476957e-02,1.436859007562415746e-01,-4.091992126799957885e-02,-2.154770537656686830e-02,-5.645913187610068773e-02,-2.496633171034911072e-02,-1.067025795089609347e-01,-1.019372215891432565e-01,1.553921060810110714e-02,-1.192375427328291604e-01,-1.029731689630166702e-01,-3.056044752926551089e-02,5.490521081529057754e-03,7.386304775717392190e-02,5.904900031078421339e-03,3.211436859007562369e-03,-6.868331088780689486e-02,5.449083186574121829e-02,-2.089505853102662236e-01,6.485030560447528625e-02,-1.703097482647881467e-01,-2.278048275147622204e-01,-3.004247384232880749e-02,-5.283331606754376047e-02,-1.999378431575675810e-02,-1.529058323837149125e-01,9.116336890085983274e-03,-2.408577644255671946e-01,9.147415311302184437e-02,1.251424427639075965e-01,1.172692427224696771e-01,1.701025587900134584e-01,1.175800269346316956e-01,-1.157153216616595703e-01,7.054801616077903403e-02,-1.133326427017507382e-01,-1.648192271832590872e-01,-1.813943851652335959e-01,-1.323940743810214093e-01,-2.146482958665699714e-01,-8.277219517248524117e-02,-2.900652646845539896e-03,1.895783694188335131e-02,1.402672744224593149e-01,1.640940640215476920e-01,1.118823163783279687e-02,-9.323526364860663333e-04,-1.521806692220034896e-01,-8.142546358644979498e-02,-1.384025691494872035e-01
2.111260747954003814e-01,2.063607168755827170e-01,-8.215062674816117627e-02,1.063917952967989161e-01,-1.029731689630166702e-01,-1.231741427535480993e-01,-4.413135812700714339e-02,7.241272143375115933e-02,3.397907386304774985e-02,4.837874235988811472e-02,0.000000000000000000e+00,3.224904174867916917e-01,4.540557339687143479e-01,2.854035015021236799e-01,4.661763182430331970e-02,1.056666321350875279e-02,1.127110742774267010e-01,1.573604060913705582e-01,-1.246244690769708757e-01,4.868952657205013676e-03,-2.270796643530508530e-01,-2.231430643323318863e-01,-2.310162643737697641e-01,-2.222107116958458306e-01,-1.937221589143271472e-01,-1.280430954107531216e-01,-2.023205221174764201e-01,-2.151662695535066505e-01,1.101212058427431806e-01,-1.087744742567077483e-02,-1.855381746607272231e-01,-8.380814254635864102e-02,-1.265927690873303590e-01,-5.563037397700196229e-02,-2.289443696260229921e-01,-1.913394799544183011e-01,-5.065782658240960967e-02,-2.065679063503573776e-01,-6.008494768465761499e-02,-4.382057391484511788e-02,3.097482647881487361e-02,-2.558790013467315827e-02,-1.349839428157049437e-01,-1.203770848440899183e-01,-1.831554957008183770e-01,-1.266963638247176893e-01,-1.234849269657101178e-01,-9.416761628509270898e-02,-2.154770537656686691e-01,-1.059774163472495395e-01,-1.361234849269656877e-01,-8.422252149590800374e-02,-4.993266342069822145e-02,1.448254428675023187e-01,-8.701957940536619862e-02,-1.807728167409095588e-01,1.027659794882419958e-01,2.567077592458302804e-01,9.976173210400909874e-02,6.961566352429296445e-02,3.343002175489484529e-01,2.617839013778099910e-01,2.240754169688179698e-01,2.611623329534859539e-01,-1.180980006215684164e-01,-1.171656479850823468e-01,-1.915466694291929617e-01,-2.041852273904485593e-01,1.179944058841810722e-01,6.215684243240442511e-03,-1.484512586760592390e-01,-1.113643426913912687e-01,2.341241064953900053e-02,-3.232155806485030591e-02,5.676991608826271324e-02,-3.636175282295659589e-02,-9.012742152698641207e-02,-6.598984771573603025e-02,-1.007976794778825125e-01,-5.500880555267791822e-02,2.911012120584274485e-02,-2.517352118512379555e-02,-2.828136330674401594e-02,-5.739148451258675732e-02,-6.433233191753857938e-02,-1.788045167305500616e-01,-3.190717911530093626e-02,-1.113643426913912687e-01,6.505749507924997455e-02,-7.355226354501190333e-02,2.786698435719465322e-02,1.060810110846368975e-01,2.797057909458199043e-02,3.677613177250595167e-02,-1.068061742463482788e-01,-9.468558997202941585e-02,1.131254532269760638e-01,7.956075831347766969e-02,9.437480575986739728e-02,5.293691080493110462e-02,7.489899513104733564e-02,2.092613695224282422e-02,3.418626333782243728e-03,5.107220553195897239e-02,-1.091888532062571110e-01,-2.345384854449393541e-01,4.009116336890085341e-02,1.011084636900445310e-01,-1.617113850616388737e-01,-9.882937946752304303e-02,2.030456852791878014e-02,1.158189163990469145e-01,-1.481404744638972412e-02,4.734279498601470793e-02,-3.563658966124520766e-02,-1.825339272764943399e-01
1.158189163990469145e-01,1.580855692530819256e-01,-2.582616803066404287e-01,2.284263959390862853e-01,-5.511240029006526236e-02,7.779964777789287467e-02,-2.123692116440484834e-01,3.059152595048171830e-01,5.884181083600952683e-02,2.493525328913291095e-01,3.224904174867916917e-01,0.000000000000000000e+00,2.441727960219620686e-01,5.733968714389308108e-01,-1.522842639593908476e-01,2.569149487206049895e-02,2.942090541800476342e-02,1.117787216409406315e-01,-2.505956697399772115e-01,-7.945716357609032554e-02,-1.135398321765254265e-01,-2.069822852999067542e-01,-3.982181705169376973e-01,-3.272557754066093283e-01,-2.038744431782865130e-01,-6.070651610898165212e-02,-1.948617010255878912e-01,-1.648192271832590872e-01,-2.973168963016678545e-02,7.282710038330052205e-02,-8.836631099140163093e-02,-1.895783694188335131e-02,-3.584377913601988902e-02,8.505127939500672918e-02,-2.985600331503159843e-01,-1.519734797472288290e-01,-6.391795296798921666e-02,-8.888428467833833779e-02,-5.283331606754376047e-02,2.175489485134155139e-03,-1.346731586035429269e-03,-6.329638454366517952e-02,-1.571532166165958699e-01,-8.722676888014088692e-02,-1.970371905107220489e-01,-1.438930902310162352e-01,-1.605718429503781020e-01,-1.807728167409095588e-01,-2.490417486791670909e-01,-1.579819745156945954e-01,-1.885424220449601063e-02,1.460685797161504103e-02,-8.266860043509789702e-02,6.878690562519423901e-02,-5.034704237024759110e-02,-1.277323111985911031e-01,9.655029524500155502e-02,3.091266963638246712e-01,1.507303428985807270e-01,3.217652543250802966e-01,4.264995338236817202e-01,5.547498187092095856e-01,3.090231016264373687e-01,4.111675126903552857e-01,-1.918574536413549803e-01,2.828136330674401594e-02,5.459442660312855550e-02,1.028695742256293261e-01,1.001761110535584753e-01,5.366207396664249285e-02,-2.184813011499015523e-01,-2.371283538796228885e-01,-6.630063192789806097e-03,5.697710556303739460e-02,-4.516730550088055712e-02,-8.960944784004971908e-02,-1.232777374909354573e-01,-7.655651092924480039e-02,3.470423702475913807e-02,5.790945819952345724e-02,2.993887910494146681e-02,-4.382057391484511788e-02,-1.124002900652646825e-01,-7.479540039366000537e-02,-1.428571428571428492e-01,-4.392416865223246203e-02,-1.703097482647881467e-01,-1.728996166994716532e-01,4.558168445042991290e-02,-1.091888532062571110e-01,4.568527918781725705e-02,-6.029213715943230328e-02,1.348803480783176134e-01,-1.552885113436237308e-01,-2.351600538692634121e-02,3.480783176214648222e-02,2.569149487206049895e-02,2.154770537656686830e-02,6.723298456438411841e-02,-5.935978452294622676e-02,1.832590904382057073e-01,2.030456852791878014e-02,1.377810007251631559e-02,-7.562415829275872213e-03,-4.951828447114885873e-02,-1.560136745053350982e-01,4.071273179322489749e-02,-6.215684243240442511e-03,-4.879312130943747744e-02,-2.320522117476431917e-02,-5.697710556303739460e-02,6.153527400808038450e-02,7.137677405987775947e-02,-5.190096343105769783e-02,-1.452398218170516953e-01,-3.397907386304774985e-02
1.555992955557857493e-01,5.676991608826271324e-02,-9.012742152698640860e-03,-8.795193204185226821e-02,-2.734901067025794982e-02,-2.174453537760281663e-01,2.502848855278151929e-01,3.387547912566041264e-02,6.132808453330571008e-02,3.625815808556925087e-03,4.540557339687143479e-01,2.441727960219620686e-01,0.000000000000000000e+00,2.955557857660830456e-01,2.998031699989640586e-01,1.742463482855070855e-01,-6.961566352429296445e-02,-5.490521081529057754e-03,9.768983735626228515e-02,-1.314617217445353536e-01,-6.215684243240442858e-02,-1.682378535170413192e-01,2.071894747746814286e-02,-9.188853206257120709e-02,-1.098104216305811481e-01,-1.848130114990158557e-01,-2.139231327048585762e-01,-3.154459753444525116e-01,3.781207914637935846e-02,-7.075520563555370845e-02,-2.072930695120687727e-01,-2.118512379571117488e-01,-2.649953382368175347e-01,-2.607479540039365773e-01,2.817776856935667526e-02,-5.563037397700196229e-02,1.459649849787630627e-01,-1.719672640629855975e-02,-1.864705272972132667e-03,1.543561587071376473e-02,-7.261991090852584763e-02,-5.687351082565005045e-02,-2.010773852688283458e-01,-2.397182223143063950e-01,-2.662384750854656645e-01,-2.157878379778306877e-01,-1.858489588728892417e-01,-1.863669325598259485e-01,-2.511136434269138906e-01,-1.699989640526261281e-01,-1.732104009116336718e-01,-1.629545219102869480e-01,-4.288822127835905523e-02,3.853724230809074669e-02,-8.681238993059152420e-02,-1.472081218274111647e-01,-6.795814772609549970e-02,2.983528436755412266e-02,-1.553921060810110628e-03,-1.187195690458924535e-01,2.686211540453744551e-01,1.281466901481404519e-01,7.148036879726509495e-03,3.346110017611104992e-02,1.931005904900031100e-01,2.144411063917952762e-02,-1.874028799336993345e-01,-3.046721226561689977e-01,-4.299181601574639244e-02,-1.112607479540039246e-01,-1.175800269346316956e-01,-3.470423702475913807e-02,1.355019165026416506e-01,5.573396871438930644e-02,6.422873718015123523e-02,6.971925826168029472e-02,-6.381435823060187251e-02,-9.064539521392313282e-02,-1.509375323733554153e-01,-3.656894229773127031e-02,-5.169377395628301647e-02,5.314410027970579292e-02,2.745260540764528703e-02,-3.501502123692115664e-02,1.934113747021651286e-01,-9.074898995131046309e-02,1.234849269657101178e-01,8.774474256707757991e-02,1.924790220656790729e-01,7.272350564591319177e-02,1.472081218274111647e-01,3.085051279395006341e-01,2.165130011395421106e-01,2.820884699057287781e-01,-8.567284781933076632e-02,-5.345488449186781149e-02,1.843986325494664791e-02,-1.346731586035429182e-02,-9.955454262923442432e-02,4.340619496529576210e-02,-1.667875271936185635e-02,9.862218999274836861e-02,-8.981663731482439350e-02,-6.744017403915880671e-02,-2.192064643116129474e-01,-2.059463379260333404e-01,-6.661141614006008127e-02,3.978037915673883484e-02,-1.022480058013052889e-01,-4.185227390448564844e-02,8.909147415311301915e-03,-4.765357919817672129e-03,2.848855278151869730e-02,1.615041955868641854e-01,6.712938982699678814e-02,-1.048378742359888094e-01
