0.000000000000000000e+00,4.243947007766104007e-01,-3.202883102380590236e-02,1.629358915791076848e-02,-1.843053652098878559e-01,-9.517283386630122355e-02,2.000406070757829724e-01,1.121262880056850125e-01,-1.598903608953860384e-02,-6.745850464443430006e-02,3.088675701741028790e-01,3.065326633165829651e-01,6.451449165017004994e-02,1.626820973554642114e-01,-7.324501294350541092e-02,4.258667072737425119e-02,2.284655601238516354e-01,1.668443226232171339e-01,2.795289579209177533e-01,3.516065174356632350e-01,-1.938480280188823179e-01,-4.136845845388559956e-02,-1.298918836607279026e-01,-1.162885132734379073e-01,-1.939495457083396934e-01,-1.865387543779503943e-01,-2.155728135627633379e-01,-1.245114461194863353e-01,2.558753362773463214e-01,1.108065580427389646e-01,5.202781584691133082e-02,9.593421653723163689e-03,2.647073752601391550e-01,2.651134460179687125e-01,-1.598396020506573367e-01,-1.217704685041368640e-01,-2.429825897162580794e-01,-3.097812293792193694e-01,-2.319679204101315201e-02,-3.426222019186844076e-02,-1.472006497132125492e-03,-9.862443530785240664e-02,-3.395766712349627264e-02,2.535404294198264075e-01,3.400842596822497080e-03,1.919191919191919338e-01,-2.077559514745444813e-01,-9.344703314552561813e-02,2.268920359372620862e-02,1.287751890766966334e-01,-1.095883457692503199e-01,8.288919344195727623e-02,-1.165930663418100616e-01,-1.380132988173189412e-01,-7.750875590071570898e-02,-2.471955738287396828e-02,4.451043094259175548e-01,3.484594690624842062e-01,6.248413786102229028e-02,2.054210446170245397e-01,1.645094157656971923e-01,2.744530734480483680e-01,2.162834373889650497e-01,2.999340135018527809e-01,-2.055225623064819429e-01,-5.619004111466423951e-02,-1.514136338256941439e-01,8.882797827521446768e-03,3.492716105781432656e-01,3.524186589513222945e-01,1.092837927008781518e-01,-1.923760215217501859e-02,9.101060859854830098e-02,3.781533932287702016e-02,6.877823460738034800e-02,1.292827775239835664e-01,9.547738693467337778e-02,7.030099994924116080e-02,9.141667935637785847e-02,5.507334653063297031e-02,7.060555301761332891e-02,9.385310390335517561e-02,-2.955687528551850796e-01,-1.519212222729811046e-01,-1.422770417745292393e-01,6.238262017156490091e-02,-2.456220496421501753e-01,-1.456778843713517173e-02,-2.661286229125425784e-01,-8.146794578955383892e-02,-3.503883051621745626e-01,-2.969900005075885030e-01,-2.816608293995229162e-01,-2.689711182173494253e-01,1.171006547890970223e-01,4.461702451652201085e-02,-1.274047002690219081e-02,6.461600933962743931e-02,-9.700015227653420447e-02,-1.452210547687934616e-01,-7.903152124257653566e-02,1.048170143647530750e-01,7.766103243490179303e-03,3.588650322318664293e-02,-1.136490533475458253e-01,-1.921222272981067125e-01,-1.274554591137505855e-01,-1.060352266382417197e-01,1.696868179280239808e-01,7.710268514288616537e-02,-6.146896096644841045e-02,-1.696868179280239808e-01,-2.167910258362519826e-01,1.697883356174813840e-01,1.482665854525151428e-01,-4.715496675295671042e-02
4.243947007766104007e-01,0.000000000000000000e+00,-1.729353839906604129e-01,-1.071011623775443115e-02,-1.483681031419725183e-01,4.837317902644536205e-02,-4.416019491396376041e-03,6.664636312877519897e-02,4.918532054210447008e-02,-4.720572559768540684e-03,2.189228973148571455e-01,2.261306532663316937e-01,-5.588548804629207833e-02,8.984315516978834404e-03,-1.192832851124308625e-02,1.213643977463073065e-01,2.345566214912948866e-01,3.406426069742653495e-01,1.510075630678646141e-01,2.699862951119232912e-01,-1.055276381909547867e-01,-8.035125120552256972e-02,-1.091822750114207624e-01,-1.625805796660068081e-01,-1.161869955839805318e-01,-6.979341150195422783e-02,-9.172123242475002658e-02,-1.690269529465509776e-02,1.900918735089589529e-01,4.766255520024365033e-02,1.019745190599462142e-01,2.888178265062687697e-02,2.937414344449520431e-01,3.154662199888331187e-01,-7.700116745342877600e-02,-4.908380285264708071e-02,-2.525252525252525415e-01,-2.632861276077357315e-01,-1.031927313334348728e-01,-1.298918836607279026e-01,-1.259326937718897588e-01,-1.101974519059946422e-01,-3.558195015481448176e-02,2.310035023602863002e-01,3.020151261357292144e-02,2.912034922085173783e-01,-2.658240698441703964e-01,-4.111466423024213133e-03,6.613877468148826599e-02,2.028831023805898470e-01,-4.888076747373230196e-02,9.263489162986651704e-02,-2.400893355667225310e-02,-6.471752702908481480e-02,-1.187249378204152384e-01,-6.106289020861886685e-02,5.805289071620730601e-01,6.804223135881427575e-01,-3.273945485000762101e-02,2.484645449469570222e-01,6.603725699203087662e-02,4.135323080046698907e-01,2.824729709151820312e-01,3.640931932389219194e-01,-6.116440789807624234e-02,5.080960357342267919e-02,-4.482005989543678265e-02,1.465407847317395096e-01,4.187097101669966515e-01,5.481447642251662256e-01,2.195320034516014818e-01,-3.324704329729456093e-02,8.045276889497995909e-02,2.421196893558702837e-02,9.578194000304554589e-02,7.486929597482362697e-02,2.118166590528399729e-01,2.885640322826252824e-01,7.050403532815593954e-02,7.233135373838892046e-02,1.857266128622912793e-01,2.282625247449368289e-01,-2.261306532663316937e-01,-6.598649814730218020e-04,-8.806659560428405087e-02,4.857621440536014079e-02,-2.269427947819907809e-01,-2.994771838992944801e-03,-3.087660524846455035e-01,-1.409573118115831913e-01,-3.215572813562763699e-01,-3.181056799147251590e-01,-3.510989289883762465e-01,-4.198264047510279484e-01,1.071011623775443115e-02,-2.725749961930867132e-02,-1.674534287599614701e-01,-4.035328155931171279e-02,-1.436475305822039646e-02,-1.431907009796457297e-01,4.969290898939140305e-02,1.345109385310390426e-02,2.158773666311354922e-01,4.238363534845947939e-02,-8.359981726815898795e-02,-2.455205319526927998e-01,-5.903253641947110719e-02,3.771382163341963079e-02,1.175067255469265659e-01,8.217856961575555064e-02,-7.344804832242018966e-02,-2.411552713060250985e-01,-1.956753464291152989e-01,1.094868280797929305e-01,7.294045987513324281e-02,-1.056291558804121761e-01
-3.202883102380590236e-02,-1.729353839906604129e-01,0.000000000000000000e+00,4.132277549362977087e-01,2.361809045226130888e-01,-5.740825338815289808e-02,5.092634891629866933e-01,2.099893406426069919e-01,1.592304959139130283e-01,-1.068473681539008346e-01,1.426323536876300709e-02,-7.984366275823563674e-02,2.699862951119232912e-01,2.126288005684990878e-01,1.770976092584133077e-01,-5.690066494086595122e-02,-2.283640424343942044e-01,-7.172224760164459811e-02,3.081569463479011950e-01,2.421704482005989645e-01,4.674889599512715987e-02,8.228008730521294001e-02,5.640830414699762319e-01,5.188061519719812109e-01,2.872443023196792344e-01,3.200345160144155710e-01,9.999492411552714233e-03,1.416171767930562118e-02,-1.110095934216537433e-01,-1.383178518856910955e-01,4.049033044007919191e-01,4.321100451753718263e-01,1.981117709760925882e-01,1.749657377798081448e-01,2.111060352266382611e-01,5.344906349931476119e-02,-1.410588295010405668e-01,-5.415968732551647291e-02,-5.913405410892849656e-02,1.446627074767778583e-02,4.725648444241409979e-02,-1.781635449977158822e-02,8.481802954164764652e-02,1.406527587432110094e-01,2.336429622861783961e-01,6.827064616009341502e-02,1.112126288005685221e-01,-2.483630272574996467e-01,-1.543576468199583940e-01,-2.015633724176438268e-01,-6.573270392365870851e-02,-1.465407847317395096e-01,-2.201411095883458180e-01,-2.527282879041673480e-01,-1.865387543779503943e-01,-2.965839297497589455e-01,-9.862443530785240664e-02,-2.318156438759454152e-01,-1.974011471498908765e-01,-4.363737881325822077e-01,6.141820212171971924e-03,-2.845033247043297631e-01,-1.869448251357799518e-01,-2.890716207299122154e-01,2.943505405816964071e-01,1.557788944723618452e-01,2.735394142429318776e-01,9.659408151870464698e-02,-9.801532917110807042e-02,-2.664331759809147049e-01,2.187198619359423946e-01,2.983097304705345509e-01,2.266382417136186267e-01,2.843002893254150121e-01,3.548043246535709239e-02,2.192274503832293275e-01,1.969950763920613468e-01,5.329678696512868234e-03,-1.400436526064667009e-01,-1.781635449977158822e-02,-2.723212019694432051e-01,-2.180092381097406551e-01,-6.492056240799959355e-02,-2.650119283285112814e-01,3.908431044109436127e-03,-1.932389218821379817e-01,-5.025125628140704459e-03,-5.375361656768692237e-02,3.091213643977463316e-02,-3.253134358661997072e-01,-2.299883254657124343e-01,-1.678594995177909999e-01,-6.806761078117863628e-02,1.426323536876300709e-02,-7.578295517994011743e-02,-2.542510532460281469e-01,-5.436272270443125859e-02,-1.808537637683366450e-01,-3.503883051621745626e-01,-1.809552814577940483e-01,-2.836911831886706481e-01,-4.948987361047663125e-02,-2.423734835795137710e-01,-2.522206994568803595e-01,-6.898126998629512674e-02,-4.756103751078626096e-02,-2.561798893457185033e-01,-1.645094157656971923e-01,-4.553068372163850130e-02,5.842343028272677097e-02,1.994822597837673378e-02,-1.796355514948480003e-01,-1.997360540074108182e-01,-8.583320643622152635e-02,-6.593573930257348725e-02,-1.267448352875488737e-01
1.629358915791076848e-02,-1.071011623775443115e-02,4.132277549362977087e-01,0.000000000000000000e+00,2.024770316227603173e-01,-6.040302522714583421e-03,2.205471803461753755e-01,4.024668798538146297e-01,-1.167453428759961716e-03,-3.801837470179179196e-02,-1.579107659509669803e-01,8.542713567839196886e-02,-3.943962235419522233e-02,2.550631947616872619e-01,-6.852444038373687978e-03,6.649408659458911838e-03,-9.375158621389778624e-02,-7.598599055885489617e-02,4.062230343637379670e-01,3.861225318511751214e-01,-3.954114004365261170e-02,1.001472006497132333e-01,4.233795238820364792e-01,5.031724277955434976e-01,1.173036901680117872e-01,3.078523932795290130e-01,2.908481802954164877e-02,7.933607431094868989e-02,-1.047154966752956856e-01,-5.101263895233745099e-02,3.937363585604792271e-01,5.265214963707426366e-01,3.061265925587534076e-01,3.471397390995381582e-01,5.497182884117558788e-02,-3.507436170752754184e-02,-2.551647124511446374e-01,-1.292827775239835664e-01,-3.091213643977463316e-02,-5.233236891528349893e-02,-3.172427795543373424e-02,-6.852444038373687978e-03,-1.125323587635145561e-01,3.365311405512411147e-02,1.296888482818131239e-01,9.202578549312219469e-02,-3.964265773311000107e-02,-2.396325059641642996e-01,-1.831886706258565867e-01,-1.406527587432110094e-01,-1.593320136033704038e-01,-3.527739708644231365e-02,-2.445053550581189339e-01,-2.571950662402923693e-01,-2.352672453174965983e-01,-1.684686056545353361e-01,-1.979594944419064972e-03,-1.278615298715801429e-01,-1.539515760621288643e-01,-1.462362316633673553e-01,-1.039033551596365845e-01,-2.299375666209837674e-02,-1.353738388914268453e-01,-1.203492208517334405e-01,2.358763514542409623e-01,2.120196944317547516e-01,1.876554489619816635e-01,2.515100756306786756e-01,6.989492919141161720e-02,2.796812344551038304e-02,1.052230851225826186e-01,2.583117608243236663e-01,-2.147099132023755352e-02,2.002436424546977511e-01,-7.679813207451399726e-02,1.970965940815187223e-01,1.159839602050657531e-01,5.126643317598092095e-03,-6.471752702908481480e-02,-8.664534795188062744e-02,-2.363839399015278953e-01,-1.128369118318867242e-01,-1.233947515354550661e-01,-1.190294908887873926e-01,-5.111415664179484036e-02,-1.111618699558398170e-02,-5.314451043094260002e-02,1.385716461093345828e-02,-1.016699659915740461e-01,-2.144561189787320687e-01,-2.756712857215370405e-01,-2.123242475001269336e-01,-1.626820973554642114e-01,-1.355768742703416241e-01,-3.659712704938836159e-02,-1.157809248261509744e-01,-4.212984112481600769e-03,-8.278767575249988686e-02,-1.818689406629105387e-01,-9.101060859854830098e-02,-2.396325059641642996e-01,-1.024821075072331472e-01,-1.566925536774783356e-01,-1.515151515151515471e-01,-5.009897974722096053e-02,-9.689863458707681509e-02,-1.918176742297345583e-01,-6.969189381249683846e-02,5.233236891528349893e-02,6.451449165017004994e-02,-4.603827216892544816e-02,-1.832901883153139899e-01,-2.153697781838485592e-01,2.867874727171209823e-02,-4.360184762194813102e-02,-6.766154002334907880e-02
-1.843053652098878559e-01,-1.483681031419725183e-01,2.361809045226130888e-01,2.024770316227603173e-01,0.000000000000000000e+00,2.692756712857216073e-01,7.030099994924116080e-02,7.233135373838892046e-02,2.331353738388914631e-01,4.691640018273184887e-01,-1.408557941221257881e-01,-1.143596771737475509e-01,-7.156997106745850885e-03,1.791787218922897412e-02,4.260189838079285751e-01,3.568854372874473713e-01,-1.110095934216537433e-01,-1.100959342165372529e-01,4.542916603218111193e-02,-2.725749961930867132e-02,7.091010608598549703e-02,1.892797319932998656e-01,1.951677579818283659e-01,2.095832698847774622e-01,2.638952337444800400e-01,3.165829145728643601e-01,3.251104004872849562e-01,3.497791990254302541e-01,-8.786356022536928601e-02,-1.507537688442211338e-02,1.269478706664636525e-01,1.728338663012030096e-01,-7.334653063296280029e-02,-5.568245266737729959e-02,8.461499416273286778e-02,-1.984670828891934788e-02,-1.666412872443023552e-01,-2.268920359372620862e-02,-1.084716511852190368e-01,-4.888076747373230196e-02,-4.857621440536014079e-02,-4.624130754784021996e-02,-9.527435155575859904e-02,-1.722247601644586734e-01,9.288868585350999046e-03,-1.359829450281711816e-01,-1.204507385411908160e-01,-2.920156337241764377e-01,-8.654383026242323806e-02,-1.506014923100350567e-01,-1.717171717171717404e-01,-2.275519009187351172e-01,-2.367900106593574527e-01,-2.165879904573372039e-01,-1.784173392213593279e-01,-1.420740063956144605e-01,-1.260342114613471620e-01,-1.374041926805746050e-01,-1.314146490025887293e-01,-1.870463428252373272e-01,-1.235977869143698449e-01,-1.068473681539008346e-01,-2.450129435054058669e-01,-2.275519009187351172e-01,1.788234099791888854e-01,1.157809248261509744e-01,1.435967717374752595e-01,-1.365412923201868127e-02,3.273945485000762101e-02,-1.299934013501852781e-01,1.261357291508045375e-01,1.947616872239988084e-01,1.389269580224354317e-01,1.399421349170092976e-01,4.989594436830618179e-02,1.248159991878584896e-01,-3.771382163341963079e-02,-1.071519212222729889e-01,-2.614080503527740212e-02,-4.705344906349932105e-02,-1.322267905182478442e-01,-1.601441551190295187e-01,2.430841074057154549e-01,8.786356022536928601e-02,1.529363991675549705e-01,-1.985178417339221457e-01,1.764885031216689715e-01,2.250139586823004245e-01,9.588345769250293527e-02,-2.544540886249428979e-01,-1.619207146845337911e-02,-1.253743464798741380e-02,-1.147657479315770807e-01,7.969138622404954575e-03,-1.994822597837673378e-02,4.009948733566824630e-03,-3.197807217907720941e-03,-8.679762448606671496e-03,1.223288157961524916e-02,5.050505050505051802e-02,-2.786660575605299714e-02,-1.445104309425917499e-01,1.143596771737475509e-01,2.492259276178874355e-02,-3.426222019186844076e-02,-1.365412923201868127e-02,1.548144764225166392e-02,2.129333536368712421e-01,-1.383178518856910955e-01,-4.796710826861581151e-02,-6.040302522714583421e-03,-3.324704329729456093e-02,-1.625805796660068081e-01,-5.882950104055632845e-02,-8.583320643622152635e-02,-2.989695954520075333e-02
-9.517283386630122355e-02,4.837317902644536205e-02,-5.740825338815289808e-02,-6.040302522714583421e-03,2.692756712857216073e-01,0.000000000000000000e+00,-3.954114004365261170e-02,8.512258261001981463e-02,4.069336581899396510e-01,3.605400741079133331e-01,-1.920207096086493370e-01,1.047154966752956856e-01,-1.257296583929749800e-01,5.811887721435460979e-02,3.271407542764326881e-01,4.283538906654484890e-01,5.329678696512868234e-03,7.893000355311914629e-02,-5.588548804629207833e-02,-7.740723821125831960e-02,2.688696005278920498e-01,-2.588701081163393390e-03,-5.923557179838588593e-02,2.035429673620628432e-02,1.357799096492564028e-01,1.781127861529871736e-01,1.236993046038272204e-01,1.562864829196487781e-01,8.837114867265621898e-02,1.089792396325059837e-01,1.081163392721181879e-02,1.974519059946195851e-02,-8.877721943048577646e-02,-8.578244759149283860e-03,6.243337901629359560e-03,-6.471752702908481480e-02,-3.304400791837978218e-02,-4.416019491396376041e-03,-1.385716461093345828e-02,1.752702908481803268e-01,2.553169889853307284e-02,3.700319780721791213e-02,1.573524186589513561e-03,-8.370133495761637732e-02,-7.070707070707071829e-02,-1.353738388914268453e-01,-1.720217247855439224e-01,-1.502969392416629024e-01,-1.486726562103447002e-01,-1.556773767829044419e-01,-1.812598345261662025e-01,-7.304197756459063218e-02,-1.387239226435206529e-01,-8.420892340490332417e-02,-6.390538551342571372e-02,-9.679711689761942572e-02,7.360032485660627025e-03,8.045276889497995909e-02,-1.314146490025887293e-01,2.471955738287396828e-02,-9.903050606568195025e-02,1.418709710166996818e-01,-2.350134510938531318e-02,2.400893355667225310e-02,-2.035429673620628432e-02,1.200446677833612585e-01,3.740926856504746961e-02,1.077610273590173251e-01,7.598599055885489617e-02,5.111415664179484036e-02,1.035988020912644164e-01,1.663367341759302009e-01,1.322267905182478442e-01,8.898025480940054133e-02,8.679762448606671496e-03,5.801735952489722042e-02,-3.588650322318664293e-02,-1.456778843713517173e-02,1.531394345464697493e-01,1.697883356174813840e-01,1.278615298715801429e-01,1.730876605248464831e-02,1.622760265976346539e-01,1.351708035125120944e-01,-8.928480787777270944e-02,7.740723821125831960e-02,-1.091315161666920643e-02,1.249175168773158928e-01,-1.378102634384041625e-01,-4.289122379574641930e-02,3.355159636566672210e-02,-7.080858839652810766e-02,4.461702451652201085e-02,-8.644231257296584869e-02,4.989594436830618179e-02,8.299071113141466560e-02,1.675041876046901414e-03,1.513121161362367684e-01,2.989695954520075333e-02,-3.517587939698493121e-02,1.331404497233643347e-01,5.690066494086595122e-02,1.604487081874016730e-01,1.205522562306482193e-01,1.212628800568499310e-01,-5.283995736257043191e-02,5.954012486675804017e-02,2.027815846911324715e-01,-3.228770113192224178e-01,-4.370336531140552039e-02,1.328358966549921527e-01,-4.238363534845947939e-02,-1.130399472108015030e-01,-6.593573930257348725e-02,4.979442667884879242e-02,-1.435967717374752595e-01
2.000406070757829724e-01,-4.416019491396376041e-03,5.092634891629866933e-01,2.205471803461753755e-01,7.030099994924116080e-02,-3.954114004365261170e-02,0.000000000000000000e+00,3.245012943505405922e-01,1.797370691843053758e-01,-1.324298258971626230e-01,1.330389320339069315e-01,1.002487183391706227e-01,3.842952134409421405e-01,2.503933810466473786e-01,1.523272930308106343e-01,-4.817014364753059025e-02,-1.428861479112735478e-01,-3.923658697528045053e-02,1.617684381503477209e-01,1.723262778539160767e-01,-2.918633571899903814e-02,-1.201461854728186618e-01,3.277498604131769966e-01,2.747576265164205500e-01,1.918176742297345583e-01,1.647124511446119710e-01,-9.517283386630122355e-02,-1.293842952134409419e-01,2.177554438860971817e-02,-7.639206131668443978e-02,2.646058575706817240e-01,2.384142936906756272e-01,1.715141363382569617e-01,1.420740063956144605e-01,1.512105984467793929e-01,1.385716461093345828e-02,-1.690777117912796723e-01,-1.928328511243084242e-01,-1.279630475610375184e-01,6.116440789807624234e-02,4.908380285264708071e-02,-8.948784325668748818e-02,1.181158316836709021e-01,2.545556063144003289e-01,2.421704482005989645e-01,9.791381148165069492e-02,-4.370336531140552039e-02,-2.304959139129993673e-01,-8.491954723110503589e-02,-1.114156641794832869e-01,-2.938937109791381688e-02,-2.776508806659560777e-02,-2.873458200091366099e-01,-3.162783615044921781e-01,-2.074513984061722993e-01,-2.728287904167301381e-01,-4.745951982132887159e-02,-9.395462159281256498e-02,-8.309222882087205497e-02,-1.835947413836861442e-01,2.420689305111415890e-01,-1.142074006395614634e-02,-1.335465204811938644e-01,-1.552713060250748844e-01,2.216638749302066169e-01,2.166895081467946071e-01,2.595299730978122832e-01,1.678594995177909999e-01,-3.690168011776052276e-02,-1.340541089284808252e-01,1.728338663012030096e-01,1.462362316633673553e-01,2.065377392010558089e-01,1.490787269681742300e-01,8.908177249885793070e-02,1.313131313131313538e-01,2.327293030810619057e-01,5.832191259326938854e-02,-5.517486422009035968e-02,7.131617684381504063e-02,-1.610578143241460092e-01,-1.926298157453936732e-01,-1.983148063550073670e-01,-3.439926907263591294e-01,-8.522410029947720400e-02,-1.382163341962337200e-01,-1.290797421450687876e-01,-1.132429825897162678e-01,-4.009948733566824630e-03,-2.690726359068068008e-01,-2.464341911578092903e-01,-2.147606720471042230e-01,-1.137505710370032147e-01,-3.345007867620933967e-02,2.350134510938531318e-02,-1.720217247855439224e-01,-3.243490178163545290e-02,-7.222983604893153109e-02,-3.660220293386123314e-01,-2.558753362773463214e-01,-2.093802345058626835e-01,-6.852444038373687978e-03,-2.001421247652403757e-01,-2.692756712857216073e-01,-6.025074869295975188e-02,-8.634079488350845932e-02,-2.710014720064971572e-01,-2.404446474798234146e-01,-4.776407288970103970e-02,3.730775087559008024e-02,-3.933810466473783296e-02,-2.533373940409116565e-01,-2.699862951119232912e-01,-1.162885132734379073e-01,-4.197756459062992884e-02,-1.858281305517486826e-01
1.121262880056850125e-01,6.664636312877519897e-02,2.099893406426069919e-01,4.024668798538146297e-01,7.233135373838892046e-02,8.512258261001981463e-02,3.245012943505405922e-01,0.000000000000000000e+00,4.923607938683315956e-03,-6.319476168722400200e-02,-6.857519922846556926e-02,3.176996091568956015e-01,8.319374651032944434e-02,3.896756509821837078e-01,-5.558093497791991022e-02,-2.258768590426881925e-02,-9.537586924521598841e-02,-9.222882087203697343e-02,1.786203746002741066e-01,2.334399269072635896e-01,-1.408557941221257881e-01,-1.016699659915740461e-01,1.634942388711232986e-01,2.729303081061875691e-01,-1.202984620070047389e-02,1.117202172478554550e-01,-1.443073955636769712e-01,-1.373026749911172295e-01,-2.385665702248617251e-03,-1.263895233744480144e-02,1.785188569108167311e-01,2.792244048525455713e-01,2.129333536368712421e-01,3.040962387696056757e-01,6.852444038373687978e-03,-5.070808588396528982e-02,-3.493731282676006966e-01,-2.545556063144003289e-01,-1.933404395715953850e-01,1.365412923201868127e-02,-1.265417999086340950e-01,-1.544591645094157972e-01,6.040302522714583421e-03,1.443073955636769712e-01,1.637987919394954806e-01,1.208568092990203735e-01,-1.407542764326684126e-01,-2.343535861123801078e-01,-7.578295517994011743e-02,-2.309527435155576264e-02,8.375209380234506854e-03,1.267448352875488737e-01,-1.813613522156235780e-01,-2.748591442058779255e-01,-2.009542662808994906e-01,-1.910055327140754433e-01,-1.822242525760113876e-02,-5.740825338815289808e-02,2.126795594132277825e-02,1.248159991878584896e-01,2.233896756509822223e-01,2.858230546672758110e-01,-4.847469671590275142e-02,1.913608446271763269e-02,9.233033856149436280e-02,2.323232323232323482e-01,1.312116136236739505e-01,3.270392365869753126e-01,-1.598903608953860384e-02,3.690168011776052276e-02,1.070504035328155995e-01,2.022739962438455386e-01,2.893254149535557165e-03,1.354753565808842486e-01,1.842546063651591404e-02,1.410588295010405668e-01,6.664636312877519897e-02,1.020252779046748950e-02,1.710573067356987303e-02,-1.010101010101010187e-02,-1.161869955839805318e-01,-1.654230749708136827e-01,-1.753718085376377023e-01,-2.209532511040049052e-01,-7.771179127963048772e-02,-1.944063753108979387e-02,-1.136490533475458253e-01,-1.723262778539160767e-01,-2.289223897264098737e-02,-1.876554489619816635e-01,-2.088726460585757505e-01,-2.308004669813715493e-01,-4.532764834272372256e-02,-1.682655702756205574e-01,-1.081163392721181879e-02,-8.654383026242323806e-02,-1.195370793360743256e-01,-6.146896096644841045e-02,-2.214608395512918659e-01,-1.598396020506573367e-01,-4.756103751078626096e-02,-1.781635449977158822e-02,-9.375158621389778624e-02,-1.440028424953048169e-01,-3.669864473884574402e-02,-1.604487081874016730e-01,-2.712045073854119637e-01,-1.559819298512765962e-01,-5.669762956195117942e-02,3.608953860210142167e-02,-6.837216384955079052e-02,-2.754682503426222340e-01,-3.032840972539465607e-01,-1.032942490228922622e-01,-3.466829094969799130e-02,-2.014618547281864236e-01
-1.598903608953860384e-02,4.918532054210447008e-02,1.592304959139130283e-01,-1.167453428759961716e-03,2.331353738388914631e-01,4.069336581899396510e-01,1.797370691843053758e-01,4.923607938683315956e-03,0.000000000000000000e+00,2.431856250951728859e-01,-3.751078625450485204e-02,2.573473427744784811e-02,7.771179127963048772e-02,1.261357291508045375e-01,4.980965433226740013e-01,3.867316379879194299e-01,3.050606568194508261e-02,1.857266128622912793e-01,9.639104613978986824e-02,7.994518044769302612e-02,9.040150246180397864e-02,1.629358915791076848e-02,1.504999746205776534e-01,1.419724887061570573e-01,3.118115831683671568e-01,2.924217044820059952e-01,1.072534389117303782e-01,1.851175067255469708e-01,1.074564742906451570e-01,6.979341150195422783e-02,1.961829348764022318e-01,1.563880006091061536e-01,-8.781280138064059132e-03,4.212984112481600769e-03,5.659611187249379005e-02,-7.080858839652810766e-02,-4.035328155931171279e-02,-6.634181006040304474e-02,3.426222019186844076e-02,1.482665854525151428e-01,5.355058118877215056e-02,3.598802091264403230e-02,2.147099132023755352e-02,1.162885132734379073e-01,3.791685701233440953e-02,-7.710268514288616537e-02,-1.618699558398050964e-01,-2.136439774630729538e-01,-9.588345769250293527e-02,-1.605502258768590484e-01,-1.786203746002741066e-01,-1.985178417339221457e-01,-3.037916857012334937e-01,-2.724227196589006361e-01,-1.197401147149891043e-01,-2.289731485711385683e-01,7.070707070707071829e-02,4.695193137404193168e-02,-2.357748337647835590e-01,-1.519212222729811046e-01,-8.563017105730674761e-02,-1.791787218922897412e-02,-1.146642302421197052e-01,-1.445104309425917499e-01,8.705141870971018492e-02,1.287751890766966334e-01,1.216689508146794885e-01,2.588701081163393390e-03,2.725749961930867132e-02,-7.740723821125831960e-02,2.408507182376529721e-01,2.530328409725394745e-01,2.773970864423125904e-01,1.963859702553170106e-01,7.913303893203391115e-02,1.709050302015126532e-01,1.515151515151515471e-01,4.756103751078626096e-02,8.958936094614487755e-02,1.728338663012030096e-01,3.629257398101619347e-02,-3.324704329729456093e-02,-6.735698695497692456e-02,-2.015126135729150905e-02,-1.268463529770062492e-01,-9.720318765544896933e-02,-6.532663316582915103e-02,1.360844627176285848e-01,-1.288767067661540089e-01,-2.154712958733059347e-01,-6.796609309172124691e-02,-1.459316785949952011e-01,-5.994619562458759765e-02,-1.055276381909547867e-01,1.164915486523526861e-01,-1.629358915791076848e-02,2.461803969341657891e-02,4.167301152225776073e-02,-6.552966854474392977e-02,-6.075833714024669874e-02,1.537992995279427802e-02,-1.274047002690219081e-02,1.848129536571747888e-01,1.334957616364651663e-02,-4.948987361047663125e-02,-9.750774072382113744e-02,-5.659611187249379005e-02,8.664534795188062744e-02,-1.058321912593269548e-01,-3.680016242830313339e-02,1.322267905182478442e-01,-3.020151261357292144e-02,-1.548652352672453547e-01,2.786660575605299714e-02,8.654383026242323806e-02,-1.348662504441399124e-01
-6.745850464443430006e-02,-4.720572559768540684e-03,-1.068473681539008346e-01,-3.801837470179179196e-02,4.691640018273184887e-01,3.605400741079133331e-01,-1.324298258971626230e-01,-6.319476168722400200e-02,2.431856250951728859e-01,0.000000000000000000e+00,-1.478605146946855575e-01,1.121770468504136933e-02,-1.583168367087965378e-01,-1.060859854829704352e-02,3.859194964722603149e-01,6.095629663468860038e-01,8.786356022536928601e-02,-2.573473427744784811e-02,-9.070605553017614675e-02,-1.430891832901883265e-01,2.588701081163393390e-03,1.059337089487843442e-01,-9.365006852444039687e-02,-6.786457540226385754e-02,1.352723212019694699e-01,1.262372468402619130e-01,3.380031470483732536e-01,4.134307903152125152e-01,1.355261154256129190e-02,9.852291761839501727e-02,-9.811684686056545979e-02,-7.781330896908787709e-02,-2.037967615857063375e-01,-1.802446576315923088e-01,-1.522765341860819418e-04,-2.989695954520075333e-02,-1.084716511852190368e-01,-4.593675447946805879e-02,-5.334754580985737182e-02,-1.031927313334348728e-01,-1.242068930511141811e-01,-1.324298258971626230e-01,-1.552713060250748844e-01,-2.157758489416781167e-01,-1.861326836201208368e-01,-2.193289680726867030e-01,-2.356733160753261558e-01,-1.215674331252220852e-01,-8.441195878381810291e-02,-7.882848586366175692e-02,-2.623724684026192411e-01,-1.419724887061570573e-01,-2.007512309019847119e-01,-2.319679204101315201e-02,-1.665397695548449797e-01,6.674788081823258834e-02,9.694939343180551325e-03,3.284097253946501038e-02,-7.060555301761332891e-02,9.999492411552714233e-03,-2.337444799756357716e-01,2.725749961930867132e-02,-1.641033450078676348e-01,-8.024973351606518035e-02,-5.583472920156337324e-04,6.959037612303944909e-02,3.162276026597635181e-02,-3.263793716055023164e-02,1.800416222526775578e-01,6.806761078117863628e-02,4.888076747373230196e-02,7.872696817420436755e-02,1.944063753108979387e-02,-2.867874727171209823e-02,2.705446424039389258e-02,3.781533932287702016e-02,-1.297903659712704993e-01,-6.441297396071266057e-02,7.222983604893153109e-02,6.446373280544135699e-03,8.629003603877977244e-04,1.497385919496472401e-02,1.619714735292624996e-01,2.552662301406020129e-01,-4.289122379574641930e-02,9.288868585350999046e-03,5.903253641947110719e-02,3.463275975838790433e-01,-1.468453378001116916e-01,3.070910106085986135e-02,1.307040251763870176e-01,1.108065580427389646e-01,-1.065428150855286665e-01,7.426018983807930463e-02,3.883051621745089999e-02,1.953707933607431446e-01,-2.055733211512105960e-02,1.136490533475458253e-01,2.405461651692807901e-01,1.437998071163900382e-01,6.136744327699102108e-02,-1.730876605248464831e-02,1.843053652098878559e-01,2.274503832292777417e-01,-1.142074006395614634e-02,2.949088878737120278e-02,1.983148063550073670e-01,3.573930257347343042e-01,-9.253337394040914154e-02,-5.537789959900513842e-02,-6.344855591086748063e-03,8.989391401451703179e-02,-1.548144764225166392e-02,7.791482665854526646e-02,9.694939343180551325e-03,1.107050403532815752e-01
3.088675701741028790e-01,2.189228973148571455e-01,1.426323536876300709e-02,-1.579107659509669803e-01,-1.408557941221257881e-01,-1.920207096086493370e-01,1.330389320339069315e-01,-6.857519922846556926e-02,-3.751078625450485204e-02,-1.478605146946855575e-01,0.000000000000000000e+00,1.250190345667732683e-01,3.664281000964418888e-01,9.344703314552561813e-02,-2.512562814070352230e-02,-9.141667935637785847e-02,1.961829348764022318e-01,2.856200192883610045e-01,1.778082330846150194e-01,1.751687731587229235e-01,-1.589259428455408463e-01,-6.268717323993706902e-02,-1.167453428759961716e-03,-7.202680067001675235e-02,-1.969950763920613468e-01,-2.336429622861783961e-01,-2.435916958530024434e-01,-2.386173290695904337e-01,2.191259326937719243e-01,3.588650322318664293e-02,9.446221004009949795e-02,-3.553119131008578642e-04,1.635957565605807018e-01,1.221765392619664214e-01,-1.811583168367087993e-01,-1.654230749708136827e-01,-1.160854778945231286e-01,-1.771991269478706832e-01,-3.842444545962134250e-02,-7.446322521699408337e-02,2.208009745698188281e-02,-5.984467793513020828e-02,-1.406019998984823355e-02,1.733414547484899426e-01,-6.908278767575251611e-02,1.452210547687934616e-01,4.421095375869246030e-02,-2.664839348256433857e-02,6.106289020861886685e-02,1.312116136236739505e-01,4.654586061621238113e-02,-3.487132632861276310e-02,1.043094259174661281e-01,1.878077254961677336e-03,-1.578600071062382856e-02,-9.050302015126136801e-02,3.210496929089894369e-01,2.485660626364143977e-01,-1.243591695853002443e-02,-2.197857976752449344e-02,2.199380742094310393e-01,3.588650322318664293e-02,3.892695802243541503e-01,2.938429521344094186e-01,-1.580122836404243558e-01,-2.159788843205928954e-01,-2.612557738185879441e-01,-2.434901781635450124e-01,6.563118623420131914e-02,5.801735952489722042e-02,1.281660829399522972e-01,2.081112633876453476e-03,1.967920410131465681e-01,8.248312268412771875e-02,1.759809146743820385e-01,1.270493883559210280e-01,9.141667935637785847e-02,8.375209380234506854e-03,1.669965991574032249e-02,7.354956601187757903e-02,1.197401147149891043e-01,1.289782244556113844e-01,-1.361859804070859603e-01,-2.146591543576468475e-01,6.806761078117863628e-02,-6.634181006040304474e-02,-2.385665702248617251e-03,-6.796609309172124691e-02,-2.791736460078169096e-03,-9.507131617684383418e-02,-1.593320136033704038e-01,-7.669661438505660789e-02,-1.080655804273894793e-01,-1.122278056951424019e-01,4.542916603218111193e-02,-8.613775950459369446e-02,-5.415968732551647291e-02,-1.388254403329780284e-01,-8.116339272118167081e-02,-2.116643825186539235e-02,-1.304502309527435372e-02,-1.111618699558398170e-02,-1.979594944419064972e-03,-2.015126135729150905e-02,-2.858230546672758110e-01,-2.883609969037104759e-01,-1.587229074666260675e-01,-2.538449824881985895e-01,1.631896858027511443e-01,1.445104309425917499e-01,-4.603827216892544816e-02,-5.923557179838588593e-02,-9.897974722095326597e-03,-1.781635449977158822e-02,-1.558296533170905329e-02,-3.456677326024060193e-02
3.065326633165829651e-01,2.261306532663316937e-01,-7.984366275823563674e-02,8.542713567839196886e-02,-1.143596771737475509e-01,1.047154966752956856e-01,1.002487183391706227e-01,3.176996091568956015e-01,2.573473427744784811e-02,1.121770468504136933e-02,1.250190345667732683e-01,0.000000000000000000e+00,5.182478046799655902e-02,5.109892898837623543e-01,1.761331912085681295e-02,1.084716511852190368e-01,2.289731485711385683e-01,1.872493782041521060e-01,1.228871630881681332e-01,1.712095832698848075e-01,-1.340541089284808252e-01,-1.476574793157707788e-01,-8.674686564133801681e-02,2.817115882442516178e-02,-2.198365565199736360e-01,-1.038018374701791952e-01,-2.160804020100502709e-01,-1.674534287599614701e-01,3.101873001370489269e-01,2.562814070351758788e-01,8.664534795188062744e-02,1.010608598548297238e-01,7.294045987513324281e-02,1.448149840109639319e-01,-3.053144510430942926e-01,-3.064311456271255896e-01,-2.985127658494493574e-01,-3.624689102076036895e-01,-2.979544185574337090e-02,1.093853103903355412e-01,-7.304197756459063218e-02,-1.344601796863103549e-01,-9.700015227653420447e-02,1.911070504035328466e-01,-6.999644688086900657e-02,1.152733363788640414e-01,-2.626770214709913676e-01,-1.209583269884777490e-01,4.613978985838283059e-02,1.104004872849094210e-01,4.136845845388559956e-02,3.146540784731740037e-01,-1.071519212222729889e-01,-1.109080757321963540e-01,-7.415867214862191525e-02,4.786559057915842214e-02,1.089792396325059837e-01,1.408557941221257881e-01,6.217958479265012217e-02,2.682604943911476858e-01,1.231917161565402874e-01,3.222679051824780538e-01,1.629866504238363656e-01,2.710014720064971572e-01,-8.623927719405108383e-02,1.152733363788640414e-01,-1.450180193898787107e-01,1.330389320339069315e-01,7.750875590071570898e-02,1.563880006091061536e-01,4.055631693822649153e-02,7.832089741637481006e-02,1.233439926907263680e-02,3.893203390690828242e-02,4.106390538551343145e-02,1.819704583523679142e-01,1.050708085883965415e-02,-1.812090756814374939e-02,2.736409319323892531e-01,2.060301507537688759e-01,1.214659154357647097e-01,7.182376529110198748e-02,-2.158773666311354922e-01,-1.475559616263134033e-01,-1.005532714075427908e-01,2.649104106390539060e-01,-1.011623775442871132e-01,4.619054870311152181e-03,-2.339475153545505781e-01,6.096137251916147748e-02,-2.583117608243236663e-01,-2.264352063347038480e-01,-1.300949190396426813e-01,-1.592304959139130283e-01,2.172986142835389434e-01,1.582153190193391346e-01,-3.497284401807015247e-02,1.136490533475458253e-01,-1.141566417948327722e-01,-1.445104309425917499e-01,5.040353281559312865e-02,7.791482665854526646e-02,-2.949088878737120278e-02,1.206537739201055948e-01,-1.819704583523679142e-01,-2.710014720064971572e-01,-1.978072179077204340e-01,-1.264402822191766917e-01,1.081163392721181879e-02,1.750672554692655480e-01,-2.705446424039389258e-02,-1.811583168367087993e-01,-1.805492106999644908e-01,5.862646566164154971e-02,1.843053652098878559e-01,-1.150703009999492626e-01
6.451449165017004994e-02,-5.588548804629207833e-02,2.699862951119232912e-01,-3.943962235419522233e-02,-7.156997106745850885e-03,-1.257296583929749800e-01,3.842952134409421405e-01,8.319374651032944434e-02,7.771179127963048772e-02,-1.583168367087965378e-01,3.664281000964418888e-01,5.182478046799655902e-02,0.000000000000000000e+00,2.092787168164052802e-01,8.806659560428405087e-02,-1.274554591137505855e-01,-4.065783462768387396e-02,7.172224760164459811e-02,1.954215522054718324e-02,1.446627074767778583e-02,-3.822141008070657070e-02,-1.699913709963961628e-01,2.756712857215370405e-01,1.719202070960865192e-01,1.600426374295721155e-01,1.043094259174661281e-01,-6.684939850768997771e-02,-1.573016598142226441e-01,1.002487183391706227e-01,-1.984670828891934788e-02,1.914116034719050008e-01,1.089792396325059837e-01,3.537891477589970302e-02,-1.883153139434546805e-02,1.007563067864575557e-01,-1.913608446271763269e-02,-4.370336531140552039e-02,-1.273539414242931822e-01,-1.800416222526775578e-01,-1.345109385310390426e-02,4.390640069032029219e-02,-7.882848586366175692e-02,7.984366275823563674e-02,1.665397695548449797e-01,1.265417999086340950e-01,7.405715445916452588e-02,2.015126135729150905e-02,-1.028881782650627047e-01,-4.563220141109589068e-02,1.091315161666920643e-02,1.950662402923709626e-01,1.639510684736815785e-02,-1.010101010101010187e-02,-1.267448352875488737e-01,-4.796710826861581151e-02,-1.559819298512765962e-01,-1.893304908380285742e-02,-8.877721943048577646e-02,-8.948784325668748818e-02,-2.129333536368712421e-01,3.036901680117761182e-01,-1.290797421450687876e-01,5.431196385970255870e-03,-1.255266230140602013e-01,1.846099182782600379e-01,8.522410029947720400e-02,1.051215674331252292e-01,-9.395462159281256498e-02,-1.766915385005837502e-01,-2.364854575909852707e-01,1.487741738998020757e-01,9.172123242475002658e-02,1.826810821785696537e-01,4.461702451652201085e-02,1.377087457489467870e-01,4.735800213187148916e-02,1.786203746002741066e-01,-2.543018120907568694e-02,2.588701081163393390e-03,8.420892340490332417e-02,-4.258667072737425119e-02,-1.750672554692655480e-01,-1.228871630881681332e-01,-2.884625145931679069e-01,6.045378407187453063e-02,-1.904979442667885103e-01,6.756002233389168943e-02,-1.362874980965433358e-01,2.397340236536216751e-01,-1.826810821785696537e-01,-1.082686158063042581e-01,-5.974316024567281891e-02,1.609055377899598974e-02,5.212933353636872019e-02,8.877721943048577646e-02,-1.126338764529719455e-01,-4.613978985838283059e-02,-1.500939038627481237e-01,-2.510024871833917426e-01,-1.654230749708136827e-01,-3.223186640272067416e-02,-7.497081366428101634e-02,-1.076595096695599357e-01,-2.602405969240140227e-01,-2.256230648190447607e-01,-1.802446576315923088e-01,-2.024770316227603173e-01,-2.643013045023095975e-01,1.243591695853002443e-02,1.044109436069235175e-01,-6.766154002334907880e-02,-1.706004771331404712e-01,-1.653215572813563072e-01,-1.476574793157707788e-01,-6.360083244505355948e-02,-9.984264758134106521e-02
