0.000000000000000000e+00,2.995959805241893426e-01,-1.952760799751372400e-01,1.135398321765254265e-01,-2.424116854863772597e-02,3.408266860043509400e-02,1.419247902206567935e-01,2.590904382057391264e-01,6.588625297834868610e-02,1.481404744638972412e-02,3.474567491971407573e-01,3.509789702683103196e-01,1.640940640215476920e-01,9.530715839635345299e-02,3.460064228737180086e-02,-4.371697917745778067e-02,2.034600642287371641e-01,1.100176111053558364e-01,2.674816119341137388e-01,4.463897234020511307e-01,-6.060292137159432185e-02,-4.547808971304257569e-02,-1.898891536309955386e-01,-2.337097275458406564e-01,-2.372319486170102257e-02,-4.237024759142235530e-02,4.454573707655650958e-03,3.076763700404019225e-02,2.204496011602610495e-01,4.506371076349320604e-02,-7.096239511032839675e-02,-1.043199005490521025e-01,-9.841500051797368032e-03,2.962809489277944824e-02,-3.037397700196829420e-01,-1.788045167305500616e-01,-5.386926344141716727e-02,1.077385268828343415e-02,-4.889671604682481465e-02,-8.297938464725991559e-02,9.219931627473323954e-03,6.215684243240442945e-04,-1.569460271418211816e-01,-6.795814772609549970e-02,-1.011084636900445310e-01,-4.599606339997927562e-02,-3.087123174142752946e-02,-1.688594219413653771e-02,1.336372112296695391e-01,5.801305293691079792e-03,2.040816326530612082e-02,8.619082150626747318e-02,-7.779964777789287467e-02,1.274215269864290706e-02,-6.122448979591836593e-02,-3.542940018647052630e-02,4.075416968817983654e-01,1.862633378224386183e-01,1.850202009737905162e-01,1.893711799440588317e-01,2.404433854760178180e-01,1.243136848648088572e-01,2.649953382368175347e-01,1.487620428882212853e-01,-2.411685486377292131e-01,-2.137159432300838879e-01,-2.587796539935771079e-01,-2.151662695535066505e-01,2.049103905521599545e-01,3.833005283331606533e-02,4.620325287475396392e-02,9.199212679995855124e-02,7.096239511032839675e-02,7.044442142339168988e-02,5.407645291619185557e-02,1.180980006215684268e-02,-1.046306847612141211e-01,-6.505749507924997455e-02,-1.106391795296798874e-01,4.682482129907800106e-02,1.280430954107531216e-01,-3.325391070133637550e-02,-9.841500051797368032e-02,-8.909147415311301915e-03,-1.245208743395835455e-01,-1.028695742256293261e-01,-1.090852584688697668e-01,-1.472081218274111647e-01,-7.707448461618149338e-02,-1.783901377810007127e-01,-2.242826064435926581e-01,-1.357091059774163389e-01,-2.381643012534963022e-01,-1.702061535274007886e-01,-3.356469491349839407e-02,-1.057702268724748651e-01,-3.967678441935149070e-02,-8.494768465761938503e-02,-6.837252667564487456e-03,2.983528436755412266e-02,-1.553921060810110714e-02,7.334507407023722891e-02,-8.297938464725991559e-02,-3.138920542836423633e-02,-1.041127110742774281e-01,-6.920128457474360173e-02,-6.391795296798921666e-02,-2.237646327566559373e-02,-2.455195276079975147e-02,-9.012742152698640860e-03,-5.179736869367035368e-02,-1.955868641872992586e-01,-2.237646327566559373e-02,-3.874443178286542805e-02,-5.304050554231844877e-02,-5.987775820988293363e-02
2.995959805241893426e-01,0.000000000000000000e+00,-1.703097482647881467e-01,1.376774059877758083e-01,-9.603232155806483428e-02,-7.541696881798404251e-02,-4.734279498601470793e-02,9.385683207293067654e-02,-5.728788977519942011e-02,-5.718429503781207596e-02,6.391795296798921666e-02,2.530819434372733601e-01,-8.277219517248524117e-02,7.676370040401947481e-02,-8.090748989951310199e-02,-3.035325805449082606e-02,2.516316171138506252e-01,2.108152905832383628e-01,1.262819848751683405e-01,3.936600020718947213e-01,-5.179736869367035368e-02,1.574640008287579024e-02,-1.889568009945094829e-01,-2.226250906453951794e-01,-9.261369522428260226e-02,-1.375738112503884780e-01,-3.584377913601988902e-02,-6.215684243240442511e-03,1.401636796850719846e-01,1.098104216305811481e-01,-4.889671604682481465e-02,-6.712938982699678814e-02,-5.096861079457162824e-02,2.869574225629337866e-02,-1.722780482751475883e-01,-9.416761628509270898e-02,-8.090748989951310199e-02,-8.360095307158395272e-02,-2.289443696260229713e-02,2.196208432611623101e-02,-4.993266342069822145e-02,2.724541593287060914e-02,-4.143789495493628572e-02,-9.219931627473323954e-03,-9.914016367968506160e-02,-1.090852584688697668e-01,-2.020097379053143946e-02,2.299803169998963781e-02,5.252253185538174191e-02,-4.382057391484511788e-02,7.251631617113850348e-02,6.557546876618666754e-02,1.678234745674919703e-02,2.859214751890603798e-02,9.427121102248005313e-02,2.745260540764528703e-02,2.796021962084325740e-01,4.673158603542940104e-01,1.602610587382160834e-01,1.973479747228840675e-01,1.386097586242618918e-01,-6.940847404951828135e-03,1.264891743499430288e-01,1.650264166580337755e-01,-2.601263855796125402e-01,-2.739044856521288818e-01,-2.503884802652025510e-01,-2.231430643323318863e-01,2.110224800580130233e-01,1.853309851859525348e-01,-9.085258468869780724e-02,1.041127110742774281e-01,6.298560033150316095e-02,1.561172692427224562e-01,1.451362270796643650e-01,3.056044752926551089e-02,-2.175489485134155139e-03,2.931731068061741927e-02,-9.012742152698640860e-03,1.424427639075934726e-01,1.329120480679581440e-01,-6.609344245312337440e-02,-1.712421009012742024e-01,-1.005904900031078381e-01,-2.700714803687972454e-01,-2.328809696467419588e-01,-1.359162954521909994e-01,-2.092613695224282422e-01,-1.148865637625608588e-01,-4.609965813736661977e-02,-1.361234849269656877e-01,-2.754584067129389746e-01,-1.595358955765046882e-01,-1.947581062882005332e-01,1.584999482026313092e-02,2.652025277115922439e-02,1.991090852584688486e-01,8.753755309230290549e-02,1.391277323111985709e-01,2.683103698332124643e-02,-9.841500051797368032e-03,-2.703822645809592778e-02,5.863462136123483853e-02,5.179736869367035368e-02,-4.247384232880969251e-02,-1.347767533409302831e-01,2.962809489277944824e-02,-1.553921060810110628e-03,-1.678234745674919703e-02,5.200455816844503504e-02,7.842121620221692568e-02,-2.475914223557442936e-02,-3.905521599502744662e-02,-3.366828965088573128e-02,1.730032114368590043e-02,-5.708070030042473875e-02
-1.952760799751372400e-01,-1.703097482647881467e-01,0.000000000000000000e+00,4.060913705583756028e-02,1.603646534756034137e-01,9.851859525536102447e-02,2.573293276701543175e-01,-1.791153009427120801e-01,1.108463690044545619e-01,-2.589868434683517857e-03,-1.547705376566870239e-01,-3.138920542836423633e-01,1.069097689837356230e-01,-8.743395835491556134e-02,1.547705376566870239e-01,1.015228426395938938e-01,-9.074898995131046309e-02,-2.009737905314409878e-02,9.489277944680409027e-02,-1.861597430850512602e-01,-1.957940536620739538e-02,-1.067025795089609347e-02,4.695949445768154429e-01,3.849580441313581458e-01,2.010773852688283458e-01,2.016989536931523830e-01,1.370558375634517712e-01,8.277219517248524117e-02,6.008494768465761152e-03,2.455195276079975147e-02,2.586760592561898053e-01,2.976276805138298731e-01,1.565316481922718050e-01,-9.675748471977622944e-02,3.590593597845229135e-01,2.654097171863669113e-01,1.558064850305604376e-01,8.867709520356364949e-02,1.891639904692841434e-01,2.485237749922304118e-01,1.088780689940950924e-01,2.401326012638557994e-01,-1.124002900652646825e-01,-5.076142131979694688e-02,-1.574640008287579024e-02,-4.433854760178182475e-02,-1.166476742981456399e-01,-1.496943955247073410e-01,-2.600227908422251821e-01,-2.985600331503159843e-01,-3.251838806588625008e-01,-3.497358334196622454e-01,-3.108878068994094801e-01,-2.514244276390759092e-01,-1.987983010463068301e-01,-1.595358955765046882e-01,-8.349735833419660858e-02,-1.545633481819123356e-01,-3.592665492592975740e-01,-4.481508339376359396e-01,-2.760799751372630118e-01,-2.117476432197244185e-01,-1.814979799026209262e-01,-3.259090438205738960e-01,5.003625815808556698e-01,2.561897855588935458e-01,2.515280223764632672e-01,1.467937428778617881e-01,-1.098104216305811551e-02,-8.059670568735108342e-02,1.609862218999274786e-01,-3.791567388376670261e-02,-6.143167927069304035e-02,-1.145757795503988402e-01,-5.801305293691080139e-02,-1.611934113747021668e-01,1.290790427846265354e-01,-7.935356883870298139e-02,1.180980006215684164e-01,-2.237646327566559373e-02,-9.282088469905727668e-02,1.445146586553402723e-01,2.861286646638350750e-01,1.759038640837045364e-01,3.165855174557132279e-01,2.261473117165647695e-01,3.177250595669739441e-01,3.351289754480472061e-01,3.874443178286542805e-02,-4.268103180358437387e-02,-1.231741427535480993e-01,1.497979902620946713e-01,-6.868331088780689486e-02,1.026623847508546516e-01,6.982285299906763887e-02,9.147415311302184437e-02,-1.198591111571531975e-01,-1.023516005386926331e-01,-3.049829068683310163e-01,-2.674816119341137388e-01,-2.281156117269242667e-01,-1.568424324044338514e-01,-1.867813115093752974e-01,-1.445146586553402723e-01,-7.365585828239924748e-02,1.450326323422770035e-02,-2.600227908422251752e-02,-1.284574743603024947e-02,-3.325391070133637550e-02,1.968300010359473780e-03,-8.329016885942193416e-02,-1.255568217134569453e-01,-1.790117062053247499e-01,-1.033875479125660329e-01,2.299803169998963781e-02,7.210193722158912688e-02
1.135398321765254265e-01,1.376774059877758083e-01,4.060913705583756028e-02,0.000000000000000000e+00,-1.830519009634310468e-01,-1.688594219413653841e-01,1.627473324355122597e-01,3.292240754169687977e-01,-1.231741427535480993e-01,-1.578783797783072651e-01,2.382678959908836065e-03,1.768362167201906199e-01,-2.020097379053143946e-02,5.749507924997409453e-02,-8.132186884906246471e-02,-2.703822645809592778e-02,9.251010048689525811e-02,9.416761628509270898e-02,9.893297420491038718e-02,1.928934010152284217e-01,9.116336890085983274e-03,4.910390552159950295e-02,-6.091370558375634042e-02,3.035325805449082606e-02,-1.947581062882005332e-01,-1.311509375323733351e-01,-1.978659484098207744e-01,-1.852273904485652045e-01,5.003625815808556559e-02,6.215684243240442858e-02,1.222417901170620436e-01,7.583134776753340522e-02,3.915881073241479077e-02,1.457577955039884021e-01,-1.041127110742774281e-01,-5.127939500673365375e-02,-1.275251217238164148e-01,-3.304672122656168720e-02,-2.993887910494146681e-02,-1.864705272972132667e-03,-1.392313270485859289e-01,8.546565834455609190e-02,1.719672640629855975e-02,-1.584999482026313092e-02,-1.196519216823785092e-01,-1.517662902724541407e-01,-1.130218584895887196e-01,-1.083600953071583994e-01,-1.714492903760488907e-01,-1.770434061949652804e-01,-1.301149901584999491e-01,-1.227597638039987504e-01,-8.826271625401428678e-02,-6.899409509996891343e-02,-5.304050554231844877e-02,-1.223453848544494016e-01,-1.688594219413653771e-02,6.474671086708795598e-02,-1.016264373769812379e-01,5.645913187610068773e-02,-9.862218999274836861e-02,8.422252149590800374e-02,1.283538796229151402e-01,9.996892157878378704e-02,-1.206878690562519368e-01,-2.424116854863772597e-02,-8.007873200041436268e-02,-2.693463172070858537e-03,9.292447943644462083e-02,8.629441624365481733e-02,-1.204806795814772485e-01,2.248005801305293441e-02,3.978037915673883484e-02,-6.889050036258158316e-02,6.992644773645498302e-02,-1.865741220346006368e-01,6.557546876618666754e-02,5.283331606754376394e-03,7.158396353465243389e-02,6.226043716979177273e-02,8.505127939500672918e-02,3.211436859007561762e-02,-7.655651092924480039e-02,-6.112089505853101831e-03,-9.789702683103697345e-02,-5.345488449186781149e-02,-5.096861079457162824e-02,4.350978970268309931e-02,-9.416761628509270898e-02,-9.603232155806483428e-02,4.060913705583756028e-02,-6.578265824096135583e-02,6.215684243240442511e-03,-1.989018957836941603e-01,-5.480161607790323686e-02,7.251631617113850174e-03,3.169998964052626184e-02,4.444214233916916890e-02,4.009116336890085341e-02,4.009116336890085341e-02,2.310162643737698196e-02,-2.227286853827825305e-02,9.820781104319900590e-02,6.236403190717911688e-02,1.500051797368693596e-01,-4.091992126799957885e-02,1.069097689837356230e-01,3.511861597430850079e-02,-8.101108463690044614e-02,-1.605718429503781020e-01,-2.393038433647570393e-02,-1.053558479229255024e-01,-2.082254221485548354e-02,2.289443696260229713e-02,1.232777374909354608e-02,6.785455298870816943e-02
-2.424116854863772597e-02,-9.603232155806483428e-02,1.603646534756034137e-01,-1.830519009634310468e-01,0.000000000000000000e+00,6.768880140888842156e-01,5.583756345177664365e-02,-1.342587796539935763e-01,6.067543768776545443e-01,3.167927069304878884e-01,-1.047342794986014652e-01,-1.623329534859629109e-01,1.654407956075831243e-01,3.180358437791359905e-02,4.938361131254531688e-01,2.930695120687868971e-01,-2.413757381125038876e-02,-3.760488967160467710e-02,2.206567906350357169e-02,-1.730032114368590113e-01,8.867709520356364949e-02,1.458613902413757324e-01,3.041541489692323186e-01,3.129597016471563076e-01,6.383507717807934689e-01,5.985703926240546480e-01,7.359370143996684099e-01,6.277841085672847266e-01,1.890603957318968131e-01,1.062882005594115858e-01,4.355122759763803697e-01,3.862011809800062201e-01,2.113332642701750558e-02,-7.759245830311820025e-02,1.646120377084843989e-01,2.012845747436030064e-01,5.065782658240960967e-02,-8.235781622293587845e-02,7.448461618149798680e-02,2.123692116440484834e-01,1.966228115611727001e-01,7.883559515176628840e-02,-1.740391588107323972e-01,-1.617113850616388737e-01,5.045063710763492831e-02,9.841500051797368032e-03,-1.544597534445250053e-01,-2.123692116440484834e-01,3.760488967160467710e-02,4.423495286439448754e-02,-3.107842121620221429e-02,-4.672122656169066385e-02,-2.264580959287267881e-01,-1.471045270900238067e-01,-1.477260955143478438e-01,-1.401636796850719846e-01,-1.087744742567077483e-02,-1.003833005283331636e-01,4.506371076349320604e-02,-8.194343727338650185e-02,2.216927380089091237e-02,-1.128146690148140452e-01,-1.650264166580337755e-01,-3.676577229876721864e-01,2.992851963120273240e-01,2.419973065368279108e-01,2.104009116336889862e-01,1.725888324873096347e-01,-2.176525432508028546e-01,-1.275251217238164148e-01,2.172381643012534780e-01,-7.199834248420179661e-02,1.106391795296798874e-01,4.879312130943747744e-02,-5.086501605718429103e-02,-1.667875271936185635e-02,1.704133430021754769e-01,1.155081321868848820e-01,1.025587900134673075e-02,1.641976587589350223e-01,-7.552056355537138665e-02,1.230705480161607690e-01,3.438309333885838370e-01,2.472806381435822543e-01,1.140578058634621333e-01,2.080182326737801402e-01,3.557443281881280117e-01,2.666528540350150411e-01,5.480161607790323686e-02,-9.427121102248005313e-03,-3.917952967989225543e-01,-1.658551745571325009e-01,-2.587796539935771079e-01,-1.524914534341655081e-01,-9.934735315445974990e-02,-4.661763182430331970e-02,-2.759763803998756537e-01,-2.352636486066507493e-01,-4.869988604578887048e-01,-4.037086915984667845e-01,-3.042577437066196766e-01,-2.980420594633792497e-01,-3.663109914016367541e-01,-3.613384440070444570e-01,-6.070651610898165212e-02,-1.954832694499119283e-01,-1.761110535584791970e-01,-2.899616699471667114e-01,4.972547394592354356e-03,1.580855692530819256e-01,-1.107427742670672316e-01,-2.220035222210711423e-01,-2.690355329949238317e-01,-2.918263752201388228e-01,-1.126074795400393569e-01,2.178597327255775151e-01
3.408266860043509400e-02,-7.541696881798404251e-02,9.851859525536102447e-02,-1.688594219413653841e-01,6.768880140888842156e-01,0.000000000000000000e+00,6.132808453330571008e-02,-6.371076349321454224e-02,5.341344659691287244e-01,4.393452812597119506e-01,-5.594115818916398086e-02,-7.562415829275871693e-02,1.819123588521703028e-01,4.537449497565523154e-02,4.456645602403397355e-01,3.242515280223764451e-01,-4.081632653061224164e-02,-7.956075831347766969e-02,1.968300010359473606e-02,-1.509375323733554153e-01,4.879312130943747744e-02,1.467937428778617881e-01,2.920335646949134834e-01,3.356469491349838852e-01,6.115197347974722364e-01,6.289236506785454983e-01,6.328602506992644372e-01,6.457059981352947231e-01,1.715528851134362209e-01,3.180358437791359905e-02,4.055733968714388959e-01,3.297420491039055324e-01,-4.299181601574639244e-02,-1.050450637107634838e-01,9.157774785040918852e-02,1.570496218792085397e-01,7.375945301978659163e-02,-4.516730550088055712e-02,7.541696881798404251e-02,1.716564798508235512e-01,1.411996270589453983e-01,4.123070548016160436e-02,-1.424427639075934726e-01,-1.122966953278773383e-01,8.142546358644979498e-02,5.034704237024759110e-02,-1.510411271107427733e-01,-1.965192168237853421e-01,5.366207396664249285e-02,7.541696881798404251e-02,-7.148036879726509495e-03,-1.388169480990365627e-02,-1.973479747228840675e-01,-1.604682482129907717e-01,-1.076349321454470043e-01,-1.709313166891121838e-01,2.486273697296177004e-02,-9.054180047653578867e-02,4.330260022790841795e-02,-7.355226354501190333e-02,-5.697710556303739113e-03,-1.129182637522013755e-01,-1.044234952864394467e-01,-3.064332331917538621e-01,2.071894747746814147e-01,2.120584274318864371e-01,1.908215062674815943e-01,1.857453641355019114e-01,-1.864705272972132788e-01,-1.500051797368693596e-01,2.753548119755516166e-01,-2.527711592251113276e-02,2.089505853102662236e-01,4.661763182430331970e-02,2.030456852791878014e-02,8.411892675852065959e-02,1.160261058738216028e-01,1.589143271521806511e-01,-6.319278980627783537e-02,5.946337926033357091e-02,-1.340515901792188880e-01,9.478918470941676000e-02,2.511136434269138906e-01,1.951724852377499098e-01,2.569149487206049895e-02,1.938257536517144775e-01,3.284989122552574026e-01,1.961048378742359655e-01,-4.599606339997927562e-02,8.909147415311301915e-03,-3.181394385165233207e-01,-1.284574743603024705e-01,-1.971407852481093792e-01,-1.291826375220138934e-01,-1.848130114990158557e-01,-1.610898166373148088e-01,-2.410649539003418551e-01,-2.384750854656583208e-01,-3.957318968196415487e-01,-3.911737283745985172e-01,-2.904796436341033905e-01,-3.215580648503055805e-01,-3.889982388894643872e-01,-3.993577126281984135e-01,-5.583756345177664365e-02,-9.592872682067749013e-02,-2.408577644255671946e-01,-3.064332331917538621e-01,5.500880555267791822e-02,1.590179218895679814e-01,-1.265927690873303590e-01,-2.364031907179115488e-01,-2.859214751890603590e-01,-2.722469698539313754e-01,-1.122966953278773383e-01,1.854345799233398928e-01
1.419247902206567935e-01,-4.734279498601470793e-02,2.573293276701543175e-01,1.627473324355122597e-01,5.583756345177664365e-02,6.132808453330571008e-02,0.000000000000000000e+00,2.001450326323422624e-01,1.244172796021962152e-01,1.131254532269760638e-01,2.087433958354915631e-01,5.935978452294622676e-02,3.958354915570288513e-01,4.568527918781725705e-02,1.849166062364031859e-01,9.333885838599398355e-02,-7.324147933284988476e-02,-1.670983114057805752e-01,2.400290065264684414e-01,4.620325287475396392e-02,-1.056666321350875279e-02,4.765357919817672649e-02,2.303946959494457269e-01,9.748264788148761073e-02,3.066404226665285504e-02,6.277841085672847266e-02,1.263855796125556638e-02,6.215684243240442858e-02,6.785455298870816943e-02,-1.533202113332642752e-02,1.622293587485755528e-01,1.945509168134258726e-01,9.924375841707240575e-02,-6.806174246348284385e-02,3.221796332746296176e-02,-2.993887910494146681e-02,3.553299492385786351e-02,-4.071273179322489749e-02,6.536827929141199311e-02,2.548430539728581412e-02,4.081632653061224164e-02,5.459442660312855550e-02,-1.605718429503781020e-01,-1.484512586760592390e-01,-1.113643426913912687e-01,-1.871956904589246740e-01,-1.333264270175075206e-01,-2.616803066404226330e-01,-1.320832901688593908e-01,-2.584688697814150893e-01,-3.089195068890500107e-01,-2.845747436030249267e-01,-2.877861804620324704e-01,-2.525639697503366810e-01,-2.558790013467315272e-01,-2.398218170516937531e-01,-4.982906868331088424e-02,-1.401636796850719846e-01,-2.414793328498912317e-01,-1.884388273075727760e-01,3.418626333782243815e-02,1.455506060292137138e-01,5.687351082565005045e-02,-1.109499637418419060e-01,2.021133326427017318e-01,1.462757691909250812e-01,-4.029835284367554171e-02,-2.921371594323008206e-02,2.175489485134155139e-03,-1.366414586139023946e-01,2.143375116544079251e-01,6.951206878690562030e-02,6.174246348285505892e-02,-8.650160571842950563e-02,1.626437376981249364e-02,-1.219310059049000250e-01,1.807728167409095588e-01,-2.248005801305293441e-02,3.532580544908318909e-02,1.129182637522013928e-02,3.884802652025276526e-02,3.335750543872371271e-02,1.113643426913912687e-01,1.020408163265306006e-01,2.072930695120687727e-01,1.790117062053247499e-01,1.278359059359784333e-01,1.145757795503988402e-01,1.356055112400289808e-01,-4.464933181394385026e-02,-5.573396871438930644e-02,1.629545219102869480e-01,-7.873200041437895119e-03,1.218274111675126808e-01,4.154148969232362987e-02,7.748886356573085610e-02,-1.676162850927172820e-01,-1.859525536102765997e-01,-1.656479850823578126e-01,-7.552056355537138665e-02,-6.806174246348284385e-02,1.119859111157153059e-01,-1.667875271936185566e-01,-5.055423184502226552e-02,3.004247384232880749e-02,3.553299492385786351e-02,2.361960012431368536e-02,2.786698435719465322e-02,-7.956075831347766969e-02,-3.024966331710348885e-02,-1.078421216202216787e-01,-2.010773852688283458e-01,-5.542318450222728093e-02,-1.626437376981249364e-02,6.785455298870816943e-02,5.355847922925514870e-02
2.590904382057391264e-01,9.385683207293067654e-02,-1.791153009427120801e-01,3.292240754169687977e-01,-1.342587796539935763e-01,-6.371076349321454224e-02,2.001450326323422624e-01,0.000000000000000000e+00,3.646534756034393310e-02,9.996892157878378704e-02,3.257018543457991799e-01,4.893815394177976064e-01,2.040816326530612013e-01,2.627162540142960467e-01,-5.863462136123483853e-02,9.758624261887495488e-02,6.733657930177146256e-02,-6.609344245312337440e-02,2.071894747746814147e-01,2.549466487102454715e-01,-5.438723712835387414e-02,-1.200663006319278997e-01,-1.617113850616388737e-01,-8.370454780897129687e-02,-2.711074277426706591e-01,-1.712421009012742024e-01,-1.675126903553299240e-01,-1.092924479436444551e-01,8.370454780897129687e-02,-7.355226354501190854e-03,-8.277219517248524117e-02,-9.012742152698640860e-03,-5.904900031078421339e-03,1.402672744224593149e-01,-2.486273697296177143e-01,-2.697606961566352268e-01,-2.865430436133843961e-01,-2.127835905935978322e-01,-1.777685693566766756e-01,-1.138506163886874450e-01,-1.983839220967574812e-01,-7.790324251528021882e-02,1.398528954729099522e-02,-7.479540039366000537e-02,-1.004868952657204939e-01,-9.800062156842430372e-02,-4.599606339997927562e-02,-1.300113954211125911e-01,-1.864705272972132667e-03,-6.567906350357401168e-02,-2.351600538692634121e-02,-5.428364239096653693e-02,7.075520563555370845e-02,-7.241272143375115933e-02,-1.139542111260747909e-03,8.909147415311301915e-03,4.123070548016160436e-02,-4.661763182430331970e-02,5.552677923961462508e-02,2.277012327773748901e-01,2.601263855796125402e-01,5.718429503781207179e-01,3.188646016782347159e-01,2.695535066818605663e-01,-2.492489381539417514e-01,3.625815808556925087e-03,-2.734901067025795052e-01,-1.401636796850719846e-01,-2.942090541800476342e-02,1.636796850719983432e-02,-2.755620014503263118e-02,6.422873718015123523e-02,1.391277323111985709e-01,4.889671604682481465e-02,8.846990572878897507e-02,-7.479540039366000537e-02,1.085672847819330739e-01,6.567906350357401168e-02,-9.717186366932559216e-02,1.678234745674919703e-02,7.645291619185745624e-02,3.304672122656168720e-02,-9.219931627473323954e-02,-1.226561690666114202e-01,-6.443592665492592353e-02,-1.605718429503780881e-02,-1.631617113850616085e-01,-1.826375220138816702e-01,3.045685279187817021e-02,2.361960012431368536e-02,4.091992126799957885e-02,-9.613591629545217843e-02,-2.931731068061741927e-02,-1.020408163265306006e-01,-2.424116854863772597e-02,-2.911012120584274485e-02,-8.588003729410545461e-02,-7.438102144411064265e-02,7.438102144411064265e-02,1.272143375116543962e-01,1.421319796954314540e-01,8.867709520356364949e-02,8.235781622293587845e-02,6.619703719051070467e-02,3.760488967160467710e-02,3.812286335854137703e-02,1.432715218066921981e-01,1.127110742774267010e-01,-1.391277323111985709e-01,-3.967678441935149070e-02,-1.251424427639075965e-01,-7.645291619185745624e-02,9.489277944680409027e-02,6.319278980627783537e-02,1.989018957836941742e-02,-1.616077903242515296e-02
6.588625297834868610e-02,-5.728788977519942011e-02,1.108463690044545619e-01,-1.231741427535480993e-01,6.067543768776545443e-01,5.341344659691287244e-01,1.244172796021962152e-01,3.646534756034393310e-02,0.000000000000000000e+00,3.611312545322697409e-01,5.998135294727027084e-02,3.107842121620221472e-04,2.771159225111364255e-01,1.538381850202009682e-01,5.019165026416657627e-01,3.738734072309126133e-01,-1.315653164819227151e-02,-1.503159639490313781e-01,1.397493007355226080e-01,-3.480783176214648222e-02,1.698953693152387492e-02,8.142546358644979498e-02,1.947581062882005332e-01,2.253185538174660718e-01,4.255671811871956645e-01,4.100279705790945695e-01,5.378638765150729473e-01,5.353776028177767987e-01,1.855381746607272231e-01,9.530715839635345299e-02,3.008391173728374168e-01,3.207293069512068273e-01,-3.045685279187817021e-02,-4.423495286439448754e-02,3.242515280223764312e-02,6.744017403915880671e-02,-5.024344763286024695e-02,-1.343623743913809065e-01,3.615456334818190759e-02,1.446182533927276304e-01,1.655443903449704823e-01,5.045063710763492831e-02,-1.396457059981352777e-01,-1.880244483580233994e-01,-2.538071065989847344e-02,-7.407023723194861020e-02,-1.652336061328084360e-01,-2.884077488863565075e-01,2.175489485134155139e-03,-3.698332124728063303e-02,-5.407645291619185557e-02,-1.192375427328291604e-01,-2.144411063917952831e-01,-1.709313166891121838e-01,-8.743395835491556134e-02,-5.645913187610068773e-02,1.377810007251631559e-02,-4.050554231845022307e-02,3.242515280223764312e-02,-2.641665803377188024e-02,1.280430954107531216e-01,4.775717393556407064e-02,-3.511861597430850079e-02,-2.203460064228737192e-01,1.548741323940743542e-01,1.261783901377809824e-01,5.231534238060706055e-02,4.972547394592354009e-02,-1.716564798508235512e-01,-9.976173210400909874e-02,1.492800165751579922e-01,-1.647156324458717153e-02,5.490521081529057407e-02,4.195586864187298565e-02,-4.754998446078938928e-02,-1.626437376981249364e-02,1.254532269760696150e-01,7.220553195897647103e-02,-1.398528954729099522e-02,1.327048585931834557e-01,-2.165130011395420898e-02,1.178908111467937281e-01,2.673780171967263808e-01,1.886460167823474643e-01,1.441002797057909235e-01,1.933077799647777706e-01,2.658240961359162879e-01,1.858489588728892417e-01,1.387133533616492220e-01,4.651403708691598249e-02,-2.915155910079768042e-01,-1.936185641769397892e-01,-2.877861804620324704e-01,-1.653372008701957940e-01,-1.761110535584792204e-03,-8.287578990987256103e-03,-2.641665803377187816e-01,-2.574329224075416755e-01,-3.805034704237024723e-01,-2.825028488552781547e-01,-2.816740909561794015e-01,-2.607479540039365773e-01,-3.118201595358955358e-01,-3.600953071583963272e-01,-2.755620014503263118e-02,-8.380814254635864102e-02,-8.246141096032320872e-02,-2.611623329534859539e-01,-6.381435823060187251e-02,3.584377913601988902e-02,-2.012845747436030064e-01,-1.567388376670465211e-01,-2.039780379156738432e-01,-2.576401118823163361e-01,-7.158396353465243389e-02,2.213819537967471052e-01
1.481404744638972412e-02,-5.718429503781207596e-02,-2.589868434683517857e-03,-1.578783797783072651e-01,3.167927069304878884e-01,4.393452812597119506e-01,1.131254532269760638e-01,9.996892157878378704e-02,3.611312545322697409e-01,0.000000000000000000e+00,2.942090541800476342e-02,4.164508442971096708e-02,2.372319486170102465e-01,1.427535481197555189e-01,3.654822335025380564e-01,3.596809282088469506e-01,-1.379881901999378269e-01,-1.916502641665803197e-01,7.666010566663213066e-02,-8.546565834455609190e-02,4.868952657205013676e-03,5.832383714907281996e-02,1.940329431264891658e-01,2.486273697296177143e-01,2.762871646120376723e-01,2.437584170724126920e-01,3.115093753237335172e-01,3.448668807624572508e-01,-3.377188438827307543e-02,-9.520356365896612272e-02,1.747643219724437924e-01,1.583963534652439442e-01,-4.382057391484511788e-02,-5.863462136123483853e-02,2.071894747746814026e-03,-1.657515798197451524e-03,-1.201698953693152230e-02,-1.267999585621050473e-01,-8.453330570807002231e-02,1.014192479022065635e-01,1.242100901274215269e-01,-5.221174764321972334e-02,-1.136434269139127567e-01,-1.825339272764943399e-01,-1.263855796125556638e-02,-5.345488449186781149e-02,-2.206567906350357378e-01,-2.528747539624986995e-01,1.947581062882005470e-02,-1.160261058738215958e-02,-5.521599502745260651e-02,-6.277841085672847266e-02,-8.836631099140163093e-02,-1.840878483373044328e-01,-9.333885838599398355e-02,-5.138298974412099790e-02,-4.309541075313373659e-02,-1.756966746089298481e-01,6.422873718015124737e-03,-6.194965295762974722e-02,5.314410027970579292e-02,8.391173728374597129e-02,-2.506992644773645487e-02,-1.468973376152491461e-01,1.189267585206671418e-01,1.741427535481197553e-01,1.781829483062260383e-02,3.014606857971615164e-02,-1.715528851134362209e-01,-1.883352325701854180e-01,1.763182430332538853e-01,8.556925308194342217e-02,1.449290376048896767e-01,8.660520045581683590e-02,4.578887392520459426e-02,1.214130322179633042e-01,4.330260022790841795e-02,1.176836216720190537e-01,-1.717600745882109092e-01,-6.630063192789806097e-03,-2.631306329638454303e-02,3.760488967160467710e-02,1.609862218999274786e-01,1.394385165233605894e-01,8.826271625401428678e-02,2.715218066922199802e-01,2.595048171552885030e-01,1.010048689526572008e-01,8.556925308194342217e-02,1.771470009323526384e-01,-6.868331088780689486e-02,4.806795814772608921e-02,3.905521599502744662e-02,9.230291101212058369e-02,-1.634724955972236549e-01,-2.151662695535066505e-01,-2.031492800165751456e-01,-2.556718118719568666e-01,-2.084326116233295445e-01,-2.092613695224282422e-01,-8.101108463690044614e-02,-1.321868849062467488e-01,-2.458303118201595194e-01,-2.356780275562001259e-01,7.220553195897647103e-02,3.833005283331606533e-02,-1.182015953589557744e-01,-1.013156531648192193e-01,-8.805552677923961236e-03,6.412514244276389108e-02,-1.091888532062571110e-01,-1.122966953278773383e-01,-9.323526364860663940e-02,-9.613591629545217843e-02,1.989018957836941742e-02,6.174246348285505892e-02
3.474567491971407573e-01,6.391795296798921666e-02,-1.547705376566870239e-01,2.382678959908836065e-03,-1.047342794986014652e-01,-5.594115818916398086e-02,2.087433958354915631e-01,3.257018543457991799e-01,5.998135294727027084e-02,2.942090541800476342e-02,0.000000000000000000e+00,4.039158810732414451e-01,4.314720812182740728e-01,2.228322801201698677e-01,8.608722676888012904e-02,4.423495286439448754e-02,1.356055112400289808e-01,-7.883559515176628840e-02,2.907904278462654091e-01,3.375116544079560521e-01,-5.324769501709313013e-02,-2.606443592665492193e-01,-2.026313063296384387e-01,-2.222107116958458306e-01,-1.960012431368486074e-01,-1.972443799854967372e-01,-1.201698953693152300e-01,-5.241893711799440470e-02,8.691598466797886835e-02,-4.019475810628819756e-02,-1.605718429503781020e-01,-1.236921164404848061e-01,-1.098104216305811551e-02,1.274215269864290706e-02,-2.367139749300735674e-01,-2.646845540246555162e-01,-7.593494250492073550e-02,-6.101730032114367763e-02,-5.086501605718429103e-02,-8.826271625401428678e-02,-4.392416865223246203e-02,-1.419247902206567831e-02,-1.489692323629959736e-01,-1.380917849373251849e-01,-2.767015435615870489e-01,-1.716564798508235512e-01,5.697710556303739113e-03,-3.563658966124520766e-02,-1.833626851755930723e-02,-1.219310059049000250e-01,-9.157774785040918852e-02,-4.485652128871852468e-02,-5.386926344141717074e-03,-5.511240029006526236e-02,6.671501087744742542e-02,-2.185848958872889033e-02,1.934113747021651286e-01,4.962187920853620288e-02,8.484408992023205476e-02,1.198591111571531975e-01,2.206567906350357378e-01,2.849891225525743033e-01,3.776028177768569472e-01,2.696571014192478688e-01,-2.093649642598156002e-01,-1.584999482026313022e-01,-2.269760696156634949e-01,-2.018025484305397133e-01,9.561794260851547156e-02,3.967678441935149070e-02,9.623951103283953645e-02,4.734279498601470793e-02,7.355226354501190333e-02,1.235885217030974759e-01,8.007873200041436268e-02,-9.323526364860663333e-04,3.719051072205532132e-02,1.730032114368590043e-02,-1.494872060499326527e-01,-2.797057909458199217e-03,1.666839324562311986e-01,4.309541075313373659e-02,3.833005283331606880e-03,1.129182637522013928e-02,9.416761628509270898e-02,-1.553921060810110714e-02,-1.058738216098622092e-01,-1.854345799233398928e-01,1.041127110742774281e-01,-9.955454262923442432e-02,-2.403397907386304461e-02,-1.564280534548844956e-02,-9.178493732518386294e-02,-2.527711592251113276e-02,7.842121620221692568e-02,-2.652025277115922439e-02,5.469802134051589965e-02,3.304672122656168720e-02,1.364342691391277063e-01,1.534238060706516193e-01,1.405780586346213334e-01,1.975551641976587558e-01,7.935356883870298139e-02,3.315031596394902441e-02,-6.381435823060187251e-02,1.065989847715736044e-01,8.826271625401428678e-02,5.894540557339686404e-02,-1.599502745260540648e-01,-2.134051590179218694e-02,3.097482647881487361e-02,-1.324976691184087674e-01,5.728788977519942011e-02,5.500880555267791822e-02,1.968300010359473780e-03,-3.211436859007562369e-03
3.509789702683103196e-01,2.530819434372733601e-01,-3.138920542836423633e-01,1.768362167201906199e-01,-1.623329534859629109e-01,-7.562415829275871693e-02,5.935978452294622676e-02,4.893815394177976064e-01,3.107842121620221472e-04,4.164508442971096708e-02,4.039158810732414451e-01,0.000000000000000000e+00,1.915466694291929617e-01,3.894126178390137638e-01,-3.221796332746296176e-02,9.271728996166994641e-02,1.302185848958872794e-01,2.848855278151869730e-02,2.476950170931316308e-01,4.133430021754894712e-01,-1.023516005386926331e-01,-1.792188956800994382e-01,-2.908940225836527671e-01,-2.147518906039573017e-01,-2.509064539521392301e-01,-2.517352118512379278e-01,-1.721744535377602581e-01,-1.350875375530923017e-01,6.060292137159432185e-02,5.159017921889567926e-02,-1.425463586449808306e-01,-1.788045167305500616e-01,-1.054594426603128465e-01,7.282710038330052205e-02,-3.802962809489277562e-01,-2.860250699264477170e-01,-1.954832694499119283e-01,-1.704133430021754769e-01,-2.108152905832383628e-01,-1.064953900341862603e-01,-1.369522428260644409e-01,-1.097068268931938179e-01,-4.786076867295140785e-02,-7.842121620221692568e-02,-1.126074795400393569e-01,-1.733139956490210298e-01,1.761110535584792204e-03,-7.230912669636381518e-02,3.615456334818190759e-02,-8.650160571842950563e-02,3.998756863151351620e-02,3.159639490313891769e-02,1.350875375530923017e-01,-1.781829483062260383e-02,1.249352532891328943e-01,2.765979488241997186e-02,1.606754376877654600e-01,1.117787216409406315e-01,1.515591007976794524e-01,2.816740909561794015e-01,2.204496011602610495e-01,3.601989018957836297e-01,4.217341759038640281e-01,3.856832072930694855e-01,-4.088884284678338532e-01,-3.153423806070651536e-01,-3.720087019579405019e-01,-2.674816119341137388e-01,1.895783694188335131e-02,7.241272143375115933e-02,-2.165130011395420898e-02,7.386304775717392190e-02,1.085672847819330739e-01,1.623329534859629109e-01,8.049311094996373928e-02,5.811664767429814554e-02,3.988397389412617206e-02,3.760488967160467710e-02,-1.231741427535480993e-01,3.946959494457681628e-02,2.143375116544079251e-01,2.921371594323008206e-02,-1.528022376463275545e-01,-3.118201595358955844e-02,-8.297938464725991559e-02,-9.551434787112814129e-02,-1.661659587692945195e-01,-2.521495908007873044e-01,3.118201595358955844e-02,-3.159639490313891769e-02,4.102351600538692300e-02,-1.621257640111882226e-01,-4.205946337926032980e-02,-1.267999585621050473e-01,-3.574018439863254487e-02,-1.108463690044545619e-01,5.884181083600952683e-02,4.547808971304257569e-02,1.770434061949652804e-01,2.068786905625193961e-01,2.099865326841396374e-01,1.161297006112089608e-01,1.166476742981456399e-01,1.143685900756241519e-01,4.226665285403501116e-02,2.724541593287060914e-02,1.154045374494975518e-01,8.546565834455609190e-02,-2.001450326323422624e-01,-5.034704237024759110e-02,3.615456334818190759e-02,-5.335128975448046734e-02,1.175800269346316956e-01,5.086501605718429103e-02,-8.256500569771055287e-02,-5.935978452294622676e-02
1.640940640215476920e-01,-8.277219517248524117e-02,1.069097689837356230e-01,-2.020097379053143946e-02,1.654407956075831243e-01,1.819123588521703028e-01,3.958354915570288513e-01,2.040816326530612013e-01,2.771159225111364255e-01,2.372319486170102465e-01,4.314720812182740728e-01,1.915466694291929617e-01,0.000000000000000000e+00,1.954832694499119283e-01,3.844400704444214112e-01,2.769087330363617094e-01,-3.304672122656168720e-02,-1.583963534652439442e-01,2.825028488552781547e-01,9.945094789184708017e-02,-3.605096861079456344e-02,-1.761110535584792247e-02,9.572153734590281571e-02,5.625194240132601331e-02,7.334507407023722891e-02,3.066404226665285504e-02,1.212058427431886437e-01,1.653372008701957940e-01,1.142649953382368078e-01,-2.797057909458199043e-02,7.541696881798404251e-02,7.313788459546254062e-02,5.200455816844503504e-02,-1.232777374909354608e-02,-4.661763182430332317e-03,-3.884802652025276526e-02,5.708070030042473875e-02,-9.748264788148761073e-02,9.582513208329015986e-02,4.558168445042991290e-02,1.085672847819330739e-01,6.744017403915880671e-02,-1.365378638765150643e-01,-1.059774163472495395e-01,-1.403708691598466451e-01,-1.092924479436444551e-01,-9.396042681031802069e-02,-1.665803377188438683e-01,-8.090748989951310199e-02,-1.559100797679477679e-01,-2.237646327566559235e-01,-2.574329224075416755e-01,-2.181705169377395337e-01,-2.645809592872681582e-01,-1.137470216513001009e-01,-1.182015953589557744e-01,9.437480575986739728e-02,-1.211022480058012857e-01,-4.154148969232362987e-02,-1.059774163472495395e-01,1.707241272143374955e-01,1.751787009219931412e-01,1.337408059670568694e-01,-6.930487931213094588e-02,1.084636900445457297e-01,4.247384232880969251e-02,-5.977416347249558948e-02,-5.034704237024759110e-02,-3.864083704547808390e-02,-7.655651092924480039e-02,1.418211954832694355e-01,2.123692116440484626e-02,8.660520045581683590e-02,4.040194758106288239e-03,2.040816326530612082e-02,1.647156324458717153e-02,1.525950481715528662e-01,4.029835284367554171e-02,-8.090748989951310199e-02,2.185848958872889033e-02,8.898787941572568194e-02,1.120895058531026639e-01,1.884388273075727760e-01,1.967264062985600304e-01,2.725577540660933940e-01,2.328809696467419588e-01,2.554646223971822061e-01,8.536206360716874775e-02,2.331917538589039773e-01,-5.697710556303739113e-03,-1.589143271521806511e-01,6.557546876618666754e-02,-1.232777374909354573e-01,7.645291619185745624e-02,8.463690044545736646e-02,-3.356469491349839407e-02,-1.723816430125349464e-01,-1.370558375634517712e-01,-2.077074484616181216e-01,-1.496943955247073410e-01,-4.029835284367554171e-02,4.651403708691598249e-02,-1.450326323422770070e-01,-1.520770744846161593e-01,-1.038019268621153957e-01,-1.543561587071376473e-02,-2.320522117476431917e-02,-4.050554231845022307e-02,-1.180980006215684164e-01,-4.889671604682481465e-02,-6.101730032114367763e-02,-2.089505853102662236e-01,-1.521806692220034896e-01,-8.546565834455609190e-02,-5.998135294727027084e-02,1.212058427431886298e-02
