1.000000000000000000e+00,5.508304242039564480e-01,1.583624246271025104e-01,-2.655241722204591120e-02,-1.795197291865016642e-01,-1.230297260129059600e-01,2.393949010896011809e-01,2.480693959589548303e-01,-4.136253041362530913e-02,-8.261927430445360765e-02,3.037131069501745606e-01,2.586480482386543933e-01,1.951761345604569875e-01,1.909446736485771734e-01,-1.187982651010261320e-01,-2.927113085792870106e-01,1.528615254416587355e-01,-9.933354490637892609e-02,1.363588278853274105e-01,2.214111922141119015e-01,-2.453189463662329428e-01,-2.920765894425050302e-01,1.586797841954934842e-03,1.935893367185020572e-02,-2.152755738918861739e-01,-1.727493917274939284e-01,-7.098275679678409111e-02,-1.977150111075849093e-01,3.191579392785359182e-01,2.252195070348037564e-01,1.625938855389823523e-01,1.403787157516132311e-01,3.246588384639796931e-01,3.307944567862053931e-01,2.017348989738707299e-01,5.321062096688881915e-02,-3.377763672908071224e-01,-3.606262562149582518e-01,-2.279699566275256717e-01,-2.019464720194647234e-01,-1.405902887972072246e-01,-1.397439966148312784e-01,-2.104093938432243793e-01,-2.666878239712260346e-01,-4.211361472548397766e-01,-3.365069290172432170e-01,-2.570612503966994422e-02,-1.213371416481540260e-01,-2.379138897704432265e-01,-9.065905003702527665e-02,-1.750766952290278011e-01,-1.898868084206072060e-01,-5.532635142282873314e-02,2.655241722204591120e-02,-1.716915264995239609e-01,-6.061567756267851464e-02,4.272717655770654765e-01,3.834761451391092701e-01,3.183116470961599442e-01,2.180260234846080614e-01,4.748757008357135101e-01,3.673965936739659321e-01,4.580556437109912366e-02,4.469480588173067037e-01,8.071511689410769408e-02,1.750766952290278011e-01,-3.163017031630170617e-02,4.263196868718924920e-02,3.745900772241616550e-01,2.694382735639479498e-01,2.624563630593462205e-01,2.874219824394372291e-01,4.480059240452766156e-01,4.179625515709298744e-01,5.363376705807680611e-02,1.930604041045170804e-01,1.930604041045170804e-01,1.187982651010261320e-01,-6.378927324658838216e-02,-1.724320321591029173e-02,-2.021580450650587168e-01,-2.156987199830741886e-01,-2.838252406643393400e-01,-2.544165873267745792e-01,-1.670369194964561599e-01,-1.820586057336295305e-01,-1.606897281286364110e-01,-1.556119750343806230e-01,1.137205120067703440e-01,1.037765788638527475e-01,-1.939066962868930544e-01,-1.301174230403046722e-02,-1.418597270707711855e-01,-1.851264148947424221e-02,1.272611869247857741e-01,-2.470115307309848629e-01,-3.773405268168835147e-01,-2.169681582566381217e-01,-3.860150216862371919e-01,-2.347402940865333798e-01,7.500264466306992561e-02,1.877710779646672989e-01,6.167354279064846817e-02,2.078705172960964853e-01,-3.377763672908071224e-01,-3.447582777954088518e-01,-9.869882576959695952e-02,-1.090659050037025429e-01,1.395324235692372850e-01,1.467259071194329800e-01,2.419337776367291026e-01,-3.999788426954405951e-01,-2.423569237279170896e-01,1.448217497090870665e-01,-8.325399344123558809e-02,-2.698614196551359368e-01
5.508304242039564480e-01,1.000000000000000000e+00,7.309848725272399816e-02,6.209668888183644819e-02,-1.996191685179307951e-01,-1.333968052470115295e-01,1.735956839098698745e-01,3.637998518988680430e-01,4.517084523431714321e-02,2.126309108219612623e-02,1.164709615994922176e-01,1.611128742198243979e-01,-3.141859727070771269e-02,9.848725272400296604e-02,-1.338199513381995165e-01,-3.483550195705066854e-01,2.398180471807891678e-01,-1.026129271130857973e-02,1.822701787792235240e-01,2.863641172114672617e-01,-1.642864699037342724e-01,-3.439119856130329334e-01,-2.782185549560985821e-02,1.057865227969956697e-04,-1.829048979160055044e-01,-1.158362424627102510e-01,-1.105469163228604695e-01,-1.674600655876441468e-01,2.914418703057230497e-01,2.474346768221728499e-01,1.501110758489368480e-01,1.147783772347402975e-01,3.587220988046123105e-01,3.572410874854543561e-01,1.287421982439437285e-01,8.473500476039352858e-02,-3.688776049931238865e-01,-3.595683909869882289e-01,-3.707817624034697723e-01,-2.715540040198878291e-01,-2.283931027187136309e-01,-1.226065799217179592e-01,-2.605522056490003346e-01,-2.749391727493917248e-01,-4.547762615042843515e-01,-4.027292922881625103e-01,-3.914101343488839493e-03,-1.609013011742304045e-01,-3.329101872421453279e-01,-1.776155717761557229e-01,-1.723262456363059414e-01,-2.633026552417221944e-01,5.067174441976092514e-02,9.869882576959695952e-02,-2.819210832539934541e-01,-1.132973659155823709e-01,5.802390775415212643e-01,5.550618851158362066e-01,2.724002962022638585e-01,1.928488310589231147e-01,4.302337882153813853e-01,3.849571564582672245e-01,3.840050777530942816e-02,4.484290701364646581e-01,8.134983603088966064e-02,1.939066962868930544e-01,-1.012377023167248397e-01,-2.359039458373003023e-02,4.772030043372474384e-01,4.888395218449169688e-01,3.934200782820268527e-01,3.434888395218448909e-01,4.833386226594731938e-01,4.634507563736379732e-01,9.869882576959695952e-02,1.848090553263514457e-01,2.999047921294827335e-01,2.442610811382629754e-01,1.281074791071617480e-01,6.886702634084417018e-02,-6.950174547762615063e-02,-2.328361366761874662e-01,-3.657040093092140398e-01,-2.939807468528509715e-01,-9.489051094890510463e-02,-1.915793927853591261e-01,-1.664022003596741794e-01,-2.044853485665926451e-01,2.061779329313445652e-01,1.543425367608166898e-01,-1.636517507669522919e-01,-2.644663069924891620e-03,-1.264148947424098279e-01,-3.438061990902359366e-02,1.892520892838252533e-01,-3.462392891145668061e-01,-4.232518777107796559e-01,-3.678197397651539746e-01,-3.612609753517401767e-01,-1.951761345604569875e-01,4.305511477837722922e-02,1.329736591558235426e-01,3.395747381783560670e-02,1.069501745477626220e-01,-2.944038929440389030e-01,-3.458161430233788192e-01,-1.458796149370570339e-01,-8.304242039564159461e-02,3.487781656616947279e-01,1.947529884692690005e-01,3.513170422088225942e-01,-4.166931132973659135e-01,-2.726118692478577965e-01,1.539193906696287029e-01,-1.410134348883952393e-01,-4.592192954617581591e-01
1.583624246271025104e-01,7.309848725272399816e-02,1.000000000000000000e+00,2.302972601290595722e-01,1.911562466941711391e-01,1.283190521527557415e-01,3.790331111816355181e-01,9.700624140484501168e-02,2.582249021474664064e-01,6.717444197609225010e-02,6.505871152015234304e-02,2.549455199407595421e-02,8.008039775732572751e-02,8.346556648682956769e-02,1.947529884692690005e-01,-1.200677033745900790e-01,1.130857928699883636e-01,-1.145668041891463040e-01,1.482069184385909344e-01,1.896752353750132403e-01,-1.073733206389505951e-01,-1.706336612715540213e-01,3.993441235586586702e-01,3.832645720935153322e-01,2.019464720194647234e-01,2.474346768221728499e-01,6.738601502168622970e-02,7.521421770866391909e-02,1.858669205543213854e-01,2.527240029620226314e-01,3.610494023061461832e-01,3.511054691632286007e-01,3.090024330900243421e-01,2.838252406643393400e-01,3.832645720935153322e-01,2.821326562995874476e-01,-1.888289431926372663e-01,-1.892520892838252533e-01,-1.386861313868613110e-01,-2.099862477520363924e-01,-1.333968052470115295e-01,-1.359356817941394235e-01,-4.554109806410663319e-01,-3.872844599598011528e-01,-3.305828837406114551e-01,-3.221199619168517714e-01,-1.065270284565746350e-01,-2.491272611869247700e-01,-2.726118692478577965e-01,-3.318523220141754160e-01,-3.054056913149265085e-01,-3.121760287739341888e-01,-1.881942240558552859e-01,-2.298741140378715853e-01,-1.797313022320956299e-01,-2.319898444938114923e-01,1.086427589125145421e-01,9.023590394583730356e-02,-1.251454564688458670e-01,-1.446101766634930730e-01,1.312810747910716225e-01,1.418597270707711855e-01,-1.877710779646672989e-01,-2.993758595154977567e-02,5.186713212736697720e-01,2.707077118375119107e-01,-1.163651750766952217e-03,3.036073204273775569e-02,1.088543319581085356e-01,1.597376494234634473e-02,1.376282661588913714e-01,1.989844493811488424e-01,2.739870940442187819e-02,5.659578969639268015e-02,-2.887972072357981868e-02,3.649635036496350071e-02,1.833280440071934914e-01,4.601713741669311714e-02,5.892309319792658762e-02,-8.283084735004760113e-02,-7.352163334391198513e-02,-7.775309425579181311e-02,-1.619591664022003441e-01,-1.084311858669205486e-01,-1.395324235692372850e-01,-1.498995028033428545e-01,-1.978207976303818921e-02,-1.851264148947424221e-02,9.002433090024331008e-02,-1.962339997884269549e-01,-4.622871046228710368e-02,5.003702528297895163e-02,1.385803448640643074e-02,9.742938749603301252e-02,2.660531048344441096e-01,6.357770020099440256e-02,-4.347826086956522312e-02,6.738601502168622970e-02,-1.376282661588913714e-01,-2.017348989738707299e-01,-2.697556331323389470e-02,-6.527028456574632265e-02,2.393949010896011809e-01,1.384745583412673176e-01,-2.374907436792552395e-01,-2.279699566275256717e-01,-9.192848831058922365e-02,-5.067174441976092514e-02,6.548185761134031613e-02,2.448958002750449559e-01,2.195070348037660157e-01,-2.295567544694806020e-02,-3.841108642758912506e-01,1.295884904263197024e-01,4.876758700941499769e-02,-1.822701787792235240e-01
-2.655241722204591120e-02,6.209668888183644819e-02,2.302972601290595722e-01,1.000000000000000000e+00,9.425579181212313806e-02,3.776578863852744772e-02,-4.961387919179097161e-02,2.121019782079763272e-01,1.562466941711626034e-01,1.636517507669522919e-01,-2.814979371628054672e-01,4.368983391515920967e-02,-3.350259176980852627e-01,3.099545117951973267e-02,-1.196445572834020921e-01,-2.732465883846398325e-01,1.592087168094784844e-01,-1.429175922987411529e-01,-1.385803448640643074e-02,1.126626467788003766e-01,-1.340315243837935100e-01,-1.795197291865016642e-01,4.801650269755633471e-01,5.355971649211890284e-01,4.054797418808843701e-01,4.196551359356818223e-01,-2.189781021897810320e-02,-6.696286893049825661e-02,9.827567967840897256e-02,1.566698402623505626e-01,3.741669311329736680e-01,4.628160372368559927e-01,2.908071511689410693e-01,3.735322119961916321e-01,4.573151380514122732e-01,4.987834549878345514e-01,-2.336824288585634124e-01,-2.501851264148947096e-01,-2.558975986459325336e-01,-3.064635565428964203e-01,-4.164815402517719201e-01,-2.586480482386543933e-01,-2.078705172960964853e-01,-1.803660213688776104e-01,-3.225431080080397583e-01,-1.858669205543213854e-01,-2.866814767798582519e-02,-2.224690574420818689e-01,-2.963080503543848443e-01,-2.362213054056913064e-01,-3.236009732360097257e-01,-2.487041150957368107e-01,-3.405268168835289821e-01,-1.625938855389823523e-01,-3.269861419655136214e-01,-3.779752459536654952e-01,1.395324235692372850e-01,2.269120913995557043e-01,-4.517084523431714321e-02,-4.009309214006135519e-02,1.110758489368454498e-02,1.833280440071934914e-01,-3.003279382206706649e-01,-1.323389400190415621e-01,2.762086110229556857e-01,4.412355865862689352e-01,1.672484925420501534e-01,3.434888395218448909e-01,-2.856236115518882932e-03,6.125039669946048815e-02,2.963080503543848443e-01,3.301597376494234681e-01,1.716915264995239609e-01,6.929017243203215715e-02,1.259917486512218410e-01,2.044853485665926451e-01,2.573786099650904324e-01,2.432032159102930358e-01,1.376282661588913714e-01,-2.570612503966994422e-02,-1.357241087485454301e-01,-1.183751190098381589e-01,-3.993441235586586702e-01,-1.922141119221411065e-01,-3.836877181847032636e-01,-1.109700624140484565e-01,-1.378398392044853649e-01,1.304347826086956486e-01,-1.033534327726647606e-01,6.188511583624246165e-02,-4.538241827991114363e-02,-1.470432666878239772e-02,2.228922035332698559e-01,8.515815085158151554e-02,2.487041150957368107e-01,4.072781127684332869e-02,-4.940230614619697119e-02,-9.203427483338622733e-03,-2.108325399344123385e-01,-3.959589548291548300e-01,-7.732994816460382614e-02,-6.738601502168622970e-02,8.410028562361156201e-02,1.046228710462287076e-01,-1.744419760922458484e-01,-2.080820903416904510e-01,-2.370675975880673081e-01,1.503226488945308414e-01,1.022955675446948071e-01,1.890405162382312598e-01,2.643605204696921618e-01,-1.181635459642441655e-01,-2.393949010896011809e-01,2.349518671321273733e-01,1.934835501957050674e-01,-2.030043372474346908e-01
-1.795197291865016642e-01,-1.996191685179307951e-01,1.911562466941711391e-01,9.425579181212313806e-02,1.000000000000000000e+00,5.694488522162276523e-01,-2.433090024330900308e-03,-2.476462498677668711e-01,5.030149158997143655e-01,4.397545752671109809e-01,-2.485983285729397724e-02,-1.026129271130857973e-02,5.818258753834761737e-03,2.824500158679784170e-02,4.238865968475616364e-01,3.320638950597694095e-01,4.220882259600126918e-02,1.399555696604252719e-01,-2.476462498677668711e-01,-2.937691738072569780e-01,1.073733206389505951e-01,1.198561303289960855e-01,1.376282661588913714e-01,1.012377023167248397e-01,4.306569343065693167e-01,4.757219930180894840e-01,4.420818787686449092e-01,4.520258119115624917e-01,-4.337247434676822118e-03,4.347826086956522312e-02,1.014492753623188470e-01,9.404421876652914458e-02,-8.008039775732572751e-02,-1.065270284565746350e-01,2.761028245001586820e-02,7.838781339257379355e-02,1.195387707606051023e-02,2.930286681476779870e-02,7.563736379985189218e-02,3.268803554427165969e-02,6.019253147149053462e-02,-1.385803448640643074e-02,-1.810007405056595631e-01,-1.408018618428012458e-01,1.830106844388024873e-02,-4.220882259600126918e-02,-2.252195070348037564e-01,-3.183116470961599442e-01,-1.733841108642758810e-01,-2.537818681899925988e-01,-1.917909658309531473e-01,-1.803660213688776104e-01,-1.486300645297788936e-01,-4.953982862583307112e-01,-6.992489156881413759e-02,-2.042737755209986239e-01,-2.485983285729397724e-02,-3.014915899714376568e-02,-1.452448958002750534e-01,-7.711837511900983266e-02,-1.152015233259282845e-01,-1.190098381466201255e-01,1.301174230403046722e-02,-2.125251242991643141e-01,1.714799534539299952e-01,5.046017137416693166e-02,5.405691314926478613e-02,9.415000528932614479e-03,-9.108219612821326361e-02,-2.189781021897810320e-02,1.099121971860785030e-01,4.220882259600126918e-02,-1.560351211255686099e-01,-1.259917486512218410e-01,1.181635459642441655e-01,6.294298106421242212e-02,-4.749814873585105762e-02,-9.002433090024331008e-02,2.316724849254205021e-02,7.648365598222786610e-02,5.744208187876864019e-02,2.347402940865333798e-01,1.192214111922141190e-01,1.697873690891780196e-01,4.644028350788109716e-02,-2.062837194541415620e-02,3.481434465249127475e-01,3.726859198138157692e-01,-3.374590077224162016e-02,-1.105469163228604695e-01,4.961387919179097161e-02,2.485983285729397724e-02,1.338199513381995165e-01,6.590500370252830309e-02,1.576219189675235471e-02,1.979265841531788750e-01,2.199301808949540027e-01,2.017348989738707299e-01,1.266264677880038214e-01,-5.765365492436263367e-02,-2.464825981169998723e-02,-8.917803871786735004e-02,9.912197186078493261e-02,1.780387178673437099e-01,-1.301174230403046722e-02,7.182904897916006504e-02,-3.279382206706865557e-03,1.385803448640643074e-02,-6.759758806728023706e-02,1.050460171374167084e-01,-4.051623823124934215e-02,6.029831799428752616e-03,-7.246376811594203160e-02,-4.072781127684332869e-02,1.251454564688458670e-01,2.063895059769385310e-01
-1.230297260129059600e-01,-1.333968052470115295e-01,1.283190521527557415e-01,3.776578863852744772e-02,5.694488522162276523e-01,1.000000000000000000e+00,-4.326668782397122964e-02,-1.687295038612080800e-01,4.998413202158045188e-01,5.212101978207975828e-01,-5.807680101555062063e-02,2.718713635882788471e-02,-1.682005712472230824e-02,-2.993758595154977567e-02,4.253676081667195907e-01,2.831905215275573595e-01,-2.655241722204591120e-02,1.491589971437638773e-02,-2.406643393631651140e-01,-1.975034380619908880e-01,2.634084417645192119e-02,1.369935470221093909e-01,6.125039669946048815e-02,2.443668676610599721e-02,3.280440071934835888e-01,3.705701893578758344e-01,4.968792975774886655e-01,4.450439014069607624e-01,-4.940230614619697119e-02,2.337882153813604022e-02,7.754152121019781962e-02,-9.520787051729610135e-04,-1.512747275997038121e-02,-5.426848619485877961e-02,3.628477731936951417e-02,6.378927324658838216e-02,-4.760393525864804742e-03,-2.221516978736908995e-03,1.016608484079128405e-01,6.802073415846821014e-02,9.764096054162700600e-02,5.278747487570083913e-02,-2.201417539405479684e-01,-1.939066962868930544e-01,-6.876123981804717865e-03,-7.669522902782185958e-02,-1.293769173807257089e-01,-3.261398497831376475e-01,-1.088543319581085356e-01,-2.290278218554956391e-01,-1.209139955569660391e-01,-1.903099545117951930e-01,-3.078387813392573572e-02,-4.215592933460277081e-01,-3.501533904580556716e-02,-1.930604041045170804e-01,-1.533904580556437122e-02,1.618533798794033474e-02,-7.944567862054374707e-02,-4.813286787263303113e-02,-4.971966571458796488e-03,-1.808949539828625871e-02,-3.173595683909869684e-04,-7.140590288797206420e-02,1.348778165661694839e-01,9.933354490637892609e-02,1.449275362318840424e-02,-5.215275573891886562e-02,1.449275362318840424e-02,5.998095842589654808e-02,1.393208505236432915e-01,3.691949645615148767e-02,-1.583624246271025104e-01,-9.446736485771713154e-02,1.027187136358827940e-01,1.037765788638527475e-01,-1.047286575690257147e-02,8.780281392150640976e-03,-1.258859621284248373e-02,-3.713106950174548115e-02,5.723050883317465365e-02,9.912197186078493261e-02,1.152015233259282845e-01,1.251454564688458670e-01,7.288691420713000468e-02,-6.061567756267851464e-02,3.978631122395007158e-01,2.506082725060827521e-01,7.140590288797206420e-02,-1.158362424627102510e-01,6.548185761134031613e-02,-3.120702422511372268e-02,4.855601396382101115e-02,1.660848407912831823e-02,1.586797841954934842e-03,1.621707394477943653e-01,1.752882682746218224e-01,1.816354596424415713e-01,7.055961070559610415e-02,-9.764096054162700600e-02,2.083994499100814621e-02,-8.854331958108538347e-02,1.454564688458690191e-01,5.130646355654289170e-02,5.395112662646778245e-03,2.845657463239183518e-02,-9.446736485771713154e-02,-1.285306251983497350e-01,-8.642758912514546255e-02,1.344546704749814969e-01,1.258859621284248373e-02,2.105151803660213622e-02,-1.124510737332063831e-01,2.380196762932402718e-02,3.353432772664762668e-02,1.156246694171162576e-01
2.393949010896011809e-01,1.735956839098698745e-01,3.790331111816355181e-01,-4.961387919179097161e-02,-2.433090024330900308e-03,-4.326668782397122964e-02,1.000000000000000000e+00,2.884798476674071410e-01,9.721781445043901904e-02,-3.247646249867766621e-02,3.652808632180259973e-01,2.622447900137522270e-01,2.711308579286998977e-01,2.702845657463239237e-01,8.283084735004760113e-02,-1.494763567121548675e-01,1.674600655876441468e-01,-4.326668782397122964e-02,2.626679361049402694e-01,2.402411932719771548e-01,-2.205649000317359831e-01,-2.554744525547445466e-01,6.738601502168622970e-02,4.622871046228710368e-02,-1.486300645297788936e-01,-6.632814979371627617e-02,-1.422828731619591724e-01,-1.048344440918227150e-01,2.884798476674071410e-01,2.910187242145350628e-01,2.233153496244578429e-01,1.554004019887866295e-01,2.829789484819634215e-01,2.341055749497513994e-01,1.185866920554321385e-01,-2.147466412779012318e-02,-2.195070348037660157e-01,-2.216227652597059228e-01,-8.346556648682956769e-02,-1.505342219401248349e-01,-6.971331852322014411e-02,-1.797313022320956299e-01,-2.550513064635565041e-01,-1.801544483232836169e-01,-2.326245636305934450e-01,-1.361472548397334170e-01,-9.489051094890510463e-02,-5.553792446842271968e-02,-1.835396170527874848e-01,-1.534962445784407159e-01,-2.895377128953771084e-01,-1.888289431926372663e-01,-1.795197291865016642e-01,-6.167354279064846817e-02,-1.118163545964244165e-01,-5.490320533164074618e-02,6.907859938643816367e-02,-2.295567544694806020e-02,-9.531365704009309159e-02,-1.524383793504707485e-01,2.626679361049402694e-01,2.178144504390140956e-01,-7.500264466306992561e-02,1.230297260129059600e-01,3.297365915582354812e-01,1.511689410769068154e-01,-1.638633238125462854e-01,-9.933354490637892609e-02,9.203427483338622733e-03,-5.913466624352057416e-02,-2.549455199407595421e-02,8.536972389717550902e-02,4.072781127684332869e-02,4.199724955040727570e-02,-8.283084735004760113e-02,-6.103882365386650161e-02,-1.660848407912831823e-02,-1.010261292711308462e-01,-2.634084417645192119e-02,-2.718713635882788471e-02,-6.611657674812229657e-02,1.428118057759441423e-02,-1.223950068761239934e-01,-1.831164709615994701e-01,-1.041997249550407206e-01,-5.701893578758066017e-02,-1.566698402623505626e-01,-1.951761345604569875e-01,3.099545117951973267e-02,-1.989844493811488424e-01,-1.200677033745900790e-01,-2.549455199407595421e-02,-1.022955675446948071e-01,2.316724849254205021e-02,1.867132127366973315e-01,-7.500264466306992561e-02,-1.321273669734475686e-01,1.512747275997038121e-02,-7.055961070559610415e-02,1.555061885115836297e-02,-4.538241827991114363e-02,5.257590183010684565e-02,5.638421665079869360e-02,1.073733206389505951e-01,-2.525124299164286379e-01,-2.349518671321273733e-01,-3.247646249867766621e-02,-1.469374801650269735e-01,-4.178567650481328916e-02,1.752882682746218224e-01,1.532846715328467224e-01,1.618533798794033474e-02,-2.518777107796467130e-01,9.425579181212313806e-02,3.755421559293346118e-02,-1.397439966148312784e-01
2.480693959589548303e-01,3.637998518988680430e-01,9.700624140484501168e-02,2.121019782079763272e-01,-2.476462498677668711e-01,-1.687295038612080800e-01,2.884798476674071410e-01,1.000000000000000000e+00,2.644663069924891620e-03,2.570612503966994422e-02,9.637152226806304511e-02,3.352374907436792562e-01,2.221516978736908995e-03,2.341055749497513994e-01,-1.704220882259600278e-01,-2.927113085792870106e-01,1.790965830953136773e-01,-6.664550936210726119e-03,1.596318629006664713e-01,3.373532211996191910e-01,-3.299481646038295302e-01,-3.559716492118903952e-01,2.443668676610599721e-02,7.648365598222786610e-02,-1.183751190098381589e-01,-1.270496138791917806e-01,-2.093515286152544397e-01,-2.700729927007299302e-01,1.850206283719454115e-01,2.480693959589548303e-01,1.202792764201840725e-01,5.955781233470855418e-02,2.438379350470749884e-01,2.884798476674071410e-01,1.154130963715222641e-01,7.859938643816777315e-02,-3.106950174547762900e-01,-3.547022109383264343e-01,-2.211996191685179358e-01,-2.404527663175711483e-01,-2.336824288585634124e-01,-1.757114143658097816e-01,-1.549772558975986425e-01,-1.710568073627420083e-01,-3.250819845551676801e-01,-2.201417539405479684e-01,-8.579286998836348210e-02,-1.805775944144716039e-01,-2.061779329313445652e-01,-1.308579286998836355e-01,-1.733841108642758810e-01,-1.738072569554638680e-01,-1.420713001163651790e-01,2.697556331323389470e-02,-2.613984978313762531e-01,-2.235269226700518364e-01,2.199301808949540027e-01,2.319898444938114923e-01,8.642758912514546255e-02,7.415635248069396557e-02,3.987094044218766897e-01,4.084417645192002788e-01,-1.216545012165450197e-02,2.675341161536020640e-01,2.258542261715857646e-01,3.599915370781762713e-01,-8.240770125885962805e-02,1.010261292711308462e-01,1.270496138791917806e-01,1.628054585845763180e-01,9.277478049296518370e-02,9.573680313128107855e-02,1.183751190098381589e-01,1.463027610282449931e-01,-5.680736274198667363e-02,4.453612609753517665e-02,5.426848619485877961e-02,-1.068443880249656149e-02,9.658309531365705247e-02,3.141859727070771269e-02,-6.463556542896435608e-02,-1.209139955569660391e-01,-2.977890616735427987e-01,-2.696498466095419433e-01,-1.733841108642758810e-01,-7.965725166613772668e-02,-2.101978207976303858e-01,-1.856553475087273919e-01,-2.676399026763990122e-02,-6.505871152015234304e-02,-7.204062202475404464e-02,-7.182904897916006504e-02,-5.289326139849783890e-04,2.295567544694806020e-02,6.336612715540040908e-02,-2.059663598857505440e-01,-2.487041150957368107e-01,-2.258542261715857646e-01,-2.730350153390457835e-01,-2.161218660742621200e-01,1.346662435205754904e-01,1.132973659155823709e-01,-3.988151909446736171e-02,-8.917803871786735004e-02,-1.765577065481857555e-01,-2.360097323600973407e-01,-1.118163545964244165e-01,-5.955781233470855418e-02,8.621601607955146906e-02,1.310695017454776290e-01,1.852322014175394049e-01,-1.934835501957050674e-01,-1.623823124933883588e-01,8.991854437744630987e-03,-6.378927324658838216e-02,-3.117528826827462018e-01
-4.136253041362530913e-02,4.517084523431714321e-02,2.582249021474664064e-01,1.562466941711626034e-01,5.030149158997143655e-01,4.998413202158045188e-01,9.721781445043901904e-02,2.644663069924891620e-03,1.000000000000000000e+00,5.880672802284988565e-01,1.047286575690257147e-02,1.278959060615677545e-01,-1.851264148947424221e-02,2.591769808526393770e-02,4.059028879720723570e-01,1.329736591558235426e-01,1.651327620861102463e-01,9.573680313128107855e-02,-1.454564688458690191e-01,-1.073733206389505951e-01,-9.256320744737121797e-02,-1.576219189675235471e-02,1.073733206389505951e-01,5.574949751401672010e-02,3.043478260869565410e-01,3.489897387072886659e-01,3.035015339045805671e-01,3.388342325187771453e-01,1.135089389611763366e-01,2.527240029620226314e-01,2.146408547551042212e-01,1.234528721040939470e-01,1.152015233259282845e-01,9.087062308261927013e-02,8.494657780598752206e-02,9.510208399449909811e-02,-1.888289431926372663e-01,-2.053316407489685913e-01,-1.428118057759441423e-02,-1.190098381466201255e-01,-5.215275573891886562e-02,-4.284354173278324268e-02,-3.407383899291230311e-01,-3.187347931873479312e-01,-2.167565852110441282e-01,-2.002538876547128033e-01,-2.072357981593145049e-01,-4.048450227441023896e-01,-3.284671532846715203e-01,-3.250819845551676801e-01,-2.465883846397969037e-01,-3.024436686766105997e-01,-1.077964667301385820e-01,-3.741669311329736680e-01,-1.886173701470432729e-01,-3.060404104517084334e-01,1.687295038612080800e-01,1.638633238125462854e-01,-1.052575901830106742e-01,-4.474769914312916319e-02,1.333968052470115295e-01,1.223950068761239934e-01,-4.432455305194118317e-02,-2.020522585422617270e-02,2.884798476674071410e-01,2.444726541838569966e-01,-1.082196128213265551e-01,-8.727388130752142259e-02,7.246376811594203160e-02,1.475721993018089540e-01,2.730350153390457835e-01,1.431291653443351464e-01,-3.014915899714376568e-02,6.241404845022744362e-03,2.482809690045488238e-01,1.609013011742304045e-01,7.542579075425791257e-02,1.039881519094467410e-01,1.528615254416587355e-01,1.262033216968158345e-01,1.181635459642441655e-01,7.119432984237808459e-02,-8.283084735004760113e-02,-3.607320427377552069e-02,1.057865227969956697e-04,-1.410134348883952393e-01,2.717655770654818781e-01,1.833280440071934914e-01,1.746535491378398142e-01,-1.289537712895377219e-01,-4.368983391515920967e-02,-6.167354279064846817e-02,4.686342959906907718e-02,8.008039775732572751e-02,1.247223103776578801e-01,9.615994922246905163e-02,5.638421665079869360e-02,7.711837511900983266e-02,-9.869882576959695952e-02,-1.433407383899291121e-01,-6.336612715540040908e-02,-7.796466730138580659e-02,-1.830106844388024873e-02,1.237702316724849372e-02,-1.592087168094784844e-01,-1.479953453929969409e-01,-1.913678197397651604e-01,-1.793081561409076430e-01,2.824500158679784170e-02,2.588596212842483868e-01,1.509573680313128219e-01,-9.615994922246905163e-02,-1.771924256849677359e-01,4.834444091822701767e-02,4.411298000634718969e-02,-3.163017031630170617e-02
-8.261927430445360765e-02,2.126309108219612623e-02,6.717444197609225010e-02,1.636517507669522919e-01,4.397545752671109809e-01,5.212101978207975828e-01,-3.247646249867766621e-02,2.570612503966994422e-02,5.880672802284988565e-01,1.000000000000000000e+00,-3.882365386649740818e-02,1.137205120067703440e-01,-1.228181529673119665e-01,-9.415000528932614479e-03,2.889029937585951835e-01,2.148524278006981869e-01,9.044747699143129704e-02,2.189781021897810320e-02,-2.353750132233153602e-01,-1.630170316301703115e-01,-3.988151909446736171e-02,-1.174230403046651848e-02,5.046017137416693166e-02,-3.173595683909869684e-04,3.058288374061144954e-01,3.644345710356500234e-01,3.642229979900560854e-01,3.576642335766423431e-01,-8.991854437744630987e-03,8.579286998836348210e-02,1.145668041891463040e-01,4.242039564159526266e-02,2.697556331323389470e-02,1.237702316724849372e-02,3.691949645615148767e-02,7.500264466306992561e-02,-1.505342219401248349e-01,-1.687295038612080800e-01,-7.881095948376176663e-02,-6.717444197609225010e-02,-7.352163334391198513e-02,1.057865227969956697e-04,-1.776155717761557229e-01,-1.826933248704115387e-01,-8.663916217073944215e-02,-6.802073415846821014e-02,-1.228181529673119665e-01,-3.276208611022956019e-01,-2.017348989738707299e-01,-2.169681582566381217e-01,-1.283190521527557415e-01,-2.091399555696604184e-01,-1.020839944991008136e-01,-3.430656934306569594e-01,-1.774039987305617294e-01,-2.491272611869247700e-01,1.460911879826510273e-01,1.733841108642758810e-01,-1.703163017031630172e-02,6.929017243203215715e-02,9.044747699143129704e-02,1.128742198243943701e-01,-3.649635036496350071e-02,-6.273140801861842863e-02,1.346662435205754904e-01,1.833280440071934914e-01,-5.342219401248280569e-02,-1.428118057759441423e-02,4.390140696075320315e-02,1.579392785359145235e-01,2.935576007616629846e-01,1.137205120067703440e-01,-2.612927113085793118e-02,1.798370887548926154e-03,1.799428752776896234e-01,2.377023167248492608e-01,5.913466624352057416e-02,5.765365492436263367e-02,1.657674812228922268e-01,7.309848725272399816e-02,8.494657780598752206e-02,5.024859832857293818e-02,-8.219612821326562069e-02,6.876123981804717865e-03,9.203427483338622733e-03,-9.214006135618321713e-02,3.100602983179943095e-01,2.846715328467153139e-01,5.384534010367078571e-02,-1.375224796360943746e-03,1.280016925843647548e-02,-2.380196762932402718e-02,1.071617475933566016e-01,1.555061885115836297e-02,-2.612927113085793118e-02,-4.242039564159526266e-02,-4.157410345921929568e-02,-4.453612609753517665e-02,-5.998095842589654808e-02,-1.532846715328467224e-01,-7.722416164180683114e-03,-6.590500370252830309e-02,-1.039881519094467410e-01,-6.452977890616736108e-03,-5.363376705807680611e-02,-3.903522691209139472e-02,-9.298635353855919106e-02,-3.945837300327938169e-02,9.615994922246905163e-02,1.778271448217496886e-01,9.319792658415318454e-02,-1.742304030466518827e-01,-7.542579075425791257e-02,-3.268803554427165969e-02,-1.914736062625621571e-02,-6.611657674812229657e-02
3.037131069501745606e-01,1.164709615994922176e-01,6.505871152015234304e-02,-2.814979371628054672e-01,-2.485983285729397724e-02,-5.807680101555062063e-02,3.652808632180259973e-01,9.637152226806304511e-02,1.047286575690257147e-02,-3.882365386649740818e-02,1.000000000000000000e+00,4.078070453824182984e-01,5.686025600338516783e-01,3.494128847984767083e-01,7.309848725272399816e-02,5.278747487570083913e-02,1.175288268274621711e-01,2.866814767798582519e-02,8.452343171479952122e-02,6.844388024965619710e-02,-1.029302866814767875e-01,-1.412250079339892050e-01,-9.340949962974717802e-02,-1.310695017454776290e-01,-2.074473712049084984e-01,-2.165450121654501070e-01,-5.680736274198667363e-02,-3.289960858986565317e-02,2.592827673754363738e-01,1.488416375753728871e-01,2.147466412779012318e-02,-5.109489051094890516e-02,9.129376917380725709e-02,5.723050883317465365e-02,-7.087697027398709611e-03,-1.628054585845763180e-01,-1.454564688458690191e-01,-1.771924256849677359e-01,-3.141859727070771269e-02,3.490955252300857303e-03,8.388871257801755466e-02,-5.871152015233259414e-02,-5.532635142282873314e-02,-6.590500370252830309e-02,-1.162593885538982380e-01,-5.448005924045276616e-02,-1.308579286998836355e-01,-4.665185655347508370e-02,-5.744208187876864019e-02,2.507140590288797419e-02,-1.025071405902888005e-01,-4.199724955040727570e-02,-1.105469163228604695e-01,-1.935893367185020572e-02,-8.515815085158151554e-02,8.896646567227335656e-02,1.375224796360943746e-03,-6.527028456574632265e-02,6.590500370252830309e-02,6.929017243203215715e-02,3.485665926161007344e-01,2.097746747064423989e-01,8.790860044430338915e-02,2.013117528826827707e-01,7.415635248069396557e-02,8.177298212207764760e-02,-1.507457949857188284e-01,-1.065270284565746350e-01,-8.568708346556649230e-03,-6.929017243203215715e-02,-7.669522902782185958e-02,-2.591769808526393770e-02,9.827567967840897256e-02,9.996826404316089265e-02,-1.573045593991325430e-01,-1.026129271130857973e-02,-1.520152332592827615e-01,-1.771924256849677359e-01,-1.625938855389823523e-01,5.024859832857293818e-02,-1.160478155083042445e-01,5.321062096688881915e-02,1.555061885115836297e-02,-6.590500370252830309e-02,-7.299270072992701357e-03,4.834444091822701767e-02,-8.050354384851370060e-02,-4.707500264466307760e-02,8.991854437744630987e-03,6.844388024965619710e-02,-1.077964667301385820e-01,-6.865545329525019058e-02,-1.259917486512218410e-01,-5.723050883317465365e-02,-7.859938643816777315e-02,-1.143552311435523106e-01,-1.693642229979900882e-01,-5.046017137416693166e-02,-1.044112980006347141e-01,2.782185549560985821e-02,-6.876123981804717865e-03,1.837511900983814783e-01,-1.149899502803342910e-01,1.281074791071617480e-01,-2.474346768221728499e-01,-1.613244472654183914e-01,5.257590183010684565e-02,-1.025071405902888005e-01,-1.412250079339892050e-01,2.083994499100814621e-02,-2.951443986036178871e-02,-1.492647836665609018e-01,-1.957050671744419920e-02,-5.299904792129482567e-02,-1.406960753200042422e-02,6.463556542896435608e-02
2.586480482386543933e-01,1.611128742198243979e-01,2.549455199407595421e-02,4.368983391515920967e-02,-1.026129271130857973e-02,2.718713635882788471e-02,2.622447900137522270e-01,3.352374907436792562e-01,1.278959060615677545e-01,1.137205120067703440e-01,4.078070453824182984e-01,1.000000000000000000e+00,3.910927747804929244e-01,5.645826721675658577e-01,2.337882153813604022e-02,-6.294298106421242212e-02,3.043478260869565410e-01,7.627208293663387262e-02,-6.759758806728023706e-02,3.903522691209139472e-02,-4.289643499418174799e-01,-2.374907436792552395e-01,3.670792341055749419e-02,5.363376705807680611e-02,1.491589971437638773e-02,-2.210938326457209321e-02,-1.594202898550724778e-01,-1.655559081772982055e-01,3.322754681053633474e-01,3.216968158256638399e-01,1.854437744631333984e-01,1.543425367608166898e-01,1.968687189252089353e-01,2.419337776367291026e-01,1.424944462075531659e-01,1.174230403046651848e-02,-3.136570400930921432e-01,-3.390458055643711388e-01,-1.766634930709827522e-02,-1.232412990584999535e-01,-1.088543319581085356e-01,-1.829048979160055044e-01,-1.448217497090870665e-01,-1.638633238125462854e-01,-3.343911985613032822e-01,-1.410134348883952393e-01,-1.378398392044853649e-01,-2.702845657463239237e-01,-2.848831058923093074e-01,-1.511689410769068154e-01,-3.219083888712578334e-01,-2.317782714482174988e-01,-2.685919813815719759e-01,-1.858669205543213854e-01,-1.403787157516132311e-01,-1.693642229979900882e-01,9.933354490637892609e-02,7.457949857188193865e-02,8.008039775732572751e-02,5.680736274198667363e-02,3.860150216862371919e-01,4.253676081667195907e-01,-2.020522585422617270e-02,1.981381571987728962e-01,7.521421770866391909e-02,4.023061461969744679e-01,-1.975034380619908880e-01,4.813286787263303113e-02,-4.178567650481328916e-02,-4.326668782397122964e-02,-1.301174230403046722e-02,7.457949857188193865e-02,1.935893367185020572e-02,1.047286575690257147e-02,1.597376494234634473e-02,1.054691632286046815e-01,-1.374166931132973779e-01,-5.849994710673860066e-02,-1.238760181952819200e-01,5.849994710673860066e-02,-1.932719771501110739e-01,5.511477837723473966e-02,-1.699989421347720409e-01,-1.515920871680947746e-01,-3.104834444091822965e-01,-5.257590183010684565e-02,-1.458796149370570339e-01,6.569343065693430961e-02,-5.172960964773088560e-02,4.665185655347508370e-02,-1.346662435205754904e-01,-2.114672590711943467e-01,-3.480376600021157368e-02,-4.813286787263303113e-02,9.975669099756691305e-02,5.553792446842271968e-02,-2.697556331323389470e-02,1.152015233259282845e-01,-1.960224267428329892e-01,-1.623823124933883588e-01,8.568708346556649230e-03,1.259917486512218410e-01,-6.950174547762615063e-02,1.405902887972072246e-01,-2.645720935152861553e-01,-2.499735533693007439e-01,-1.439754575267110925e-01,-7.986882471173172016e-02,-2.793822067068655324e-01,1.424944462075531659e-01,1.052575901830106742e-01,-5.172960964773088560e-02,-1.589971437638844909e-01,9.362107267534117150e-02,2.095631016608484054e-01,1.830106844388024873e-02
1.951761345604569875e-01,-3.141859727070771269e-02,8.008039775732572751e-02,-3.350259176980852627e-01,5.818258753834761737e-03,-1.682005712472230824e-02,2.711308579286998977e-01,2.221516978736908995e-03,-1.851264148947424221e-02,-1.228181529673119665e-01,5.686025600338516783e-01,3.910927747804929244e-01,1.000000000000000000e+00,4.389082830847350070e-01,1.600550089918544305e-01,1.177403998730561646e-01,1.321273669734475686e-01,1.871363588278853463e-01,4.326668782397122964e-02,1.745477626150428521e-02,-1.577277054903205300e-01,-7.288691420713000468e-02,-5.299904792129482567e-02,-6.992489156881413759e-02,-1.293769173807257089e-01,-1.693642229979900882e-01,-9.510208399449909811e-02,-6.569343065693430961e-02,2.273352374907436635e-01,1.498995028033428545e-01,-1.851264148947424221e-02,-5.088331746535491168e-02,-4.548820480270813864e-03,-2.126309108219612623e-02,-5.723050883317465365e-02,-2.366444514968792934e-01,-6.569343065693430961e-02,-9.065905003702527665e-02,1.515920871680947746e-01,9.806410663281497908e-02,2.199301808949540027e-01,-3.490955252300857303e-03,1.343488839521845071e-02,-2.380196762932402718e-02,-1.914736062625621571e-02,4.051623823124934215e-02,-1.149899502803342910e-01,-3.163017031630170617e-02,-3.914101343488839493e-03,2.274410240135407019e-02,-5.532635142282873314e-02,2.337882153813604022e-02,-8.833174653549138999e-02,-9.065905003702527665e-02,6.400084629218237564e-02,1.039881519094467410e-01,-1.448217497090870665e-01,-2.377023167248492608e-01,-4.220882259600126918e-02,-4.517084523431714321e-02,1.080080397757325755e-01,3.184174336189569271e-02,1.596318629006664713e-01,1.190098381466201255e-01,7.140590288797206420e-02,4.548820480270813864e-03,-2.013117528826827707e-01,-1.460911879826510273e-01,-4.517084523431714321e-02,-1.727493917274939284e-01,-2.423569237279170896e-01,-1.615360203110123849e-01,-7.584893684544589954e-02,-5.342219401248280569e-02,-1.029302866814767875e-01,-8.833174653549138999e-02,-2.965196233999788378e-01,-2.328361366761874662e-01,-1.585739976726965039e-01,1.152015233259282845e-01,-4.347826086956522312e-02,2.040622024754046582e-01,1.570929863535385496e-01,5.828837406114461411e-02,4.876758700941499769e-02,1.433407383899291121e-01,-6.675129588490426313e-02,-2.274410240135407019e-02,1.258859621284248373e-02,-3.205331640748968619e-02,-1.270496138791917806e-01,-1.886173701470432729e-01,-2.066010790225325244e-01,-1.399555696604252719e-01,-9.108219612821326361e-02,4.707500264466307760e-02,-1.258859621284248373e-02,9.658309531365705247e-02,-1.164709615994922176e-01,1.057865227969956697e-04,-6.971331852322014411e-02,3.702528297894848181e-03,-7.838781339257379355e-02,-7.405056595789697013e-04,-8.092668993970168756e-02,-3.279382206706865557e-03,8.663916217073944215e-02,-5.024859832857293818e-02,-2.963080503543848443e-01,-1.110758489368454498e-02,-1.228181529673119665e-01,4.051623823124934215e-02,-1.682005712472230824e-02,-6.040410451708452810e-02,6.061567756267851464e-02,1.968687189252089353e-01
