1.000000000000000000e+00,6.894819466248038875e-01,-4.081632653061224858e-02,1.679748822605965641e-01,-2.633176347462062306e-01,-1.818942961800104896e-01,-1.006802721088435465e-01,6.520146520146521962e-02,-2.397697540554684092e-01,-1.599162742019885342e-01,1.311355311355311692e-01,2.465724751439037910e-01,-6.593406593406594962e-02,8.655154369440085094e-02,-2.372579801151230017e-01,-1.355311355311355492e-01,2.961800104657247856e-01,1.115646258503401600e-01,2.162218733647305602e-01,3.196232339089482566e-01,-1.945578231292517390e-01,-1.754055468341182977e-01,-2.487702773417059809e-01,-1.418105703819989849e-01,-2.294086865515437279e-01,-1.425431711145997149e-01,-7.723704866562010329e-02,-1.677655677655678079e-01,5.546834118262690405e-02,2.176870748299320271e-02,-1.879644165358451691e-01,-1.611721611721612102e-01,5.232862375719520183e-03,4.008372579801152552e-02,-1.672422815279958341e-01,-1.276818419675562755e-01,-9.094714809000524480e-02,-8.393511250654109301e-02,-6.227106227106228575e-02,4.311878597592883750e-02,1.708006279434851338e-01,4.280481423338566849e-02,-2.018838304552590668e-01,-6.949241234955522151e-02,8.937728937728939282e-02,2.555729984301413626e-01,-1.292517006802721413e-01,-4.615384615384616335e-02,7.681841967556254924e-02,1.711145996860282681e-01,1.651491365777080500e-01,2.151753008895866404e-01,2.040816326530612845e-01,1.983254840397697949e-01,3.275771847200419085e-02,8.791208791208793283e-02,5.426478283621141152e-01,4.996336996336997460e-01,2.805860805860806440e-01,2.965986394557823536e-01,2.758765044479331019e-01,1.453689167974882568e-01,3.254840397697540966e-01,3.388801674515961038e-01,-1.935112506541078192e-01,3.997906855049713354e-02,2.187336473050759122e-02,1.591836734693878042e-01,4.885400313971743902e-01,4.717948717948718396e-01,-4.877027734170592821e-02,-2.054421768707483387e-01,4.290947148090006220e-03,-1.170068027210884598e-01,-1.092621664050235641e-01,3.338566195709053580e-02,9.209837781266354273e-02,-1.203558346415489581e-02,-1.548927263212977745e-02,1.046572475143904037e-02,6.143380429094715683e-02,1.259026687598116534e-01,-8.152799581371011906e-02,1.836734693877551394e-01,-5.693354264782837099e-02,2.795395081109367519e-01,-2.218733647305076370e-02,7.116692830978546547e-02,-2.145473574045003162e-01,-1.015175300889586789e-02,-3.613814756671900330e-01,-3.177394034536892287e-01,-3.475667189952905134e-01,-4.395604395604396641e-01,-5.347985347985349108e-02,-2.152799581371010462e-01,-1.612768184196755883e-01,-6.405023547880690782e-02,-1.362637362637362792e-01,-2.755625327053898843e-01,-1.253793825222396796e-01,-2.183150183150183721e-01,1.988487702773417479e-02,-6.886446886446886961e-02,-2.982731554160126253e-01,-4.352694924123496345e-01,-2.304552590266876477e-01,-1.278911564625850594e-01,-9.837781266352696452e-02,3.976975405546834610e-03,-2.574568288854003906e-02,-1.658817373103087522e-01,-2.422815279958137613e-01,-6.080586080586081882e-02,-3.638932496075353851e-01,-3.313448456305599921e-01
6.894819466248038875e-01,1.000000000000000000e+00,-1.192046049188906637e-01,1.237048665620094495e-01,-3.124018838304553625e-01,-2.403976975405547056e-01,-1.993720565149136870e-01,2.093144950287807932e-04,-3.223443223443224204e-01,-2.083725798011512587e-01,-2.365253793825223064e-02,1.704866562009419440e-01,-2.113029827315542064e-01,9.628466771323916651e-03,-3.058084772370487370e-01,-1.975928833071690649e-01,3.268445839874412062e-01,1.759288330716902438e-01,1.508110936682365566e-01,2.847723704866562677e-01,-2.649921507064364468e-01,-1.591836734693878042e-01,-3.210884353741497166e-01,-2.149659863945578842e-01,-2.885400313971743236e-01,-1.903715332286761153e-01,-1.349031920460492251e-01,-2.099424385138671245e-01,5.128205128205129068e-03,-4.113029827315542453e-02,-2.573521716378859847e-01,-2.236525379382522660e-01,-2.040816326530612429e-02,3.600209314495029372e-02,-1.508110936682365566e-01,-1.698587127158555921e-01,-6.656200941915228764e-02,-4.406070120355835146e-02,-2.072213500784929677e-02,2.103610675039246924e-02,1.824175824175824634e-01,2.239665096807954420e-02,-2.038723181580324728e-01,-8.299319727891157905e-02,1.759288330716902438e-01,3.410779696493982938e-01,-1.147043432757718640e-01,-1.632653061224489943e-02,9.806384092098378857e-02,2.346415489272632715e-01,1.801151229722658675e-01,2.349555206698064336e-01,2.198848770277342102e-01,2.214547357404500760e-01,8.833071690214548688e-02,1.413919413919414170e-01,6.340136054421769973e-01,6.391418105703821073e-01,2.742019884877028302e-01,3.519623233908948379e-01,2.215593929879644541e-01,1.172161172161172299e-01,2.923076923076923794e-01,3.446363160648875934e-01,-2.354788069073783796e-01,-1.036106750392464838e-02,4.290947148090006047e-02,1.592883307169021823e-01,5.614861329147045055e-01,5.928833071690216006e-01,-1.187859759288331096e-01,-2.568288854003140109e-01,-8.791208791208792936e-03,-1.723704866562009719e-01,-6.520146520146521962e-02,-4.102564102564103254e-02,2.187336473050759122e-02,-8.393511250654109301e-02,2.166405023547881073e-02,-1.182626896912611532e-02,5.149136577708007811e-02,1.548927263212977745e-01,-5.211930926216641613e-02,2.373626373626373798e-01,-1.275771847200418974e-01,2.892726321297750536e-01,2.354788069073783865e-02,9.220303506017793471e-02,-1.572998430141287762e-01,2.867608581894296599e-02,-3.958137100994244539e-01,-3.513343799058085692e-01,-3.757195185766614709e-01,-4.775510204081633847e-01,-4.918890633176348226e-02,-1.720565149136578098e-01,-1.155416012558869998e-01,-5.306122448979592315e-02,-1.533228676085819364e-01,-2.601779173207744988e-01,-1.254840397697540577e-01,-2.318158032443747296e-01,4.406070120355835146e-02,-1.998953427524856677e-02,-3.105180533751962790e-01,-4.607012035583465392e-01,-2.142333856619571264e-01,-1.236002093144950437e-01,-7.022501308215595150e-02,2.647828362114076906e-02,2.773417059131345203e-02,-1.879644165358451691e-01,-3.275771847200419362e-01,-3.725798011512297669e-02,-4.374672946101518245e-01,-2.408163265306123013e-01
-4.081632653061224858e-02,-1.192046049188906637e-01,1.000000000000000000e+00,4.303506017791732807e-01,3.502878074306646217e-01,2.481423338566196291e-01,4.798534798534799251e-01,3.267399267399268004e-01,3.206698063840922042e-01,2.542124542124542530e-01,1.557299843014128826e-01,2.046049188906332028e-01,4.003139717425432398e-01,4.357927786499216083e-01,2.875981161695447819e-01,2.911564625850340815e-01,-1.181580324437467577e-01,-3.244374672946102010e-03,2.207221350078493460e-01,2.579801151229723088e-01,3.286237571951858283e-01,1.838827838827839234e-01,5.500784929356359321e-01,6.608058608058610117e-01,4.287807430664574149e-01,4.118262689691262191e-01,1.786499215070644075e-01,1.498691784406070426e-01,1.943485086342229551e-01,1.292517006802721413e-01,3.641025641025641968e-01,4.486656200941916417e-01,9.785452642595501849e-02,1.869178440607012492e-01,2.334903192046049458e-01,2.776556776556777240e-01,1.025641025641025744e-01,1.562532705389848564e-01,1.862899005756148973e-01,-1.032967032967033183e-01,1.114599686028257680e-01,8.309785452642597103e-02,-1.971742543171114970e-01,-2.822605965463108602e-01,-1.665096807953951041e-01,-3.077969649398221152e-01,-3.683935112506541709e-01,-4.468864468864469641e-01,-3.957090528519100481e-01,-3.803244374672946626e-01,-3.262166405023548266e-01,-3.938252223966510202e-01,-3.911041339612769119e-01,-3.616954474097331951e-01,-3.269492412349555566e-01,-3.343799058084773179e-01,-2.164311878597593441e-01,-2.121402407116693145e-01,-2.909471480900052698e-01,-3.090528519099948190e-01,-1.851386708529565994e-01,-8.372579801151231946e-03,-1.572998430141287762e-01,-2.012558869701727149e-01,4.753532182103611947e-01,2.812140240711669681e-01,1.442176870748299589e-01,-6.174777603349032584e-02,1.705913134484563290e-02,-1.539508110936682883e-01,4.072213500784929718e-01,5.188906331763475377e-01,2.170591313448456683e-01,2.441653584510727615e-01,6.017791732077448080e-02,-9.209837781266353926e-03,1.744636316064887838e-01,7.556253270538985933e-02,-5.850340136054422990e-02,1.899529042386185751e-01,2.072213500784929677e-02,1.155416012558869998e-01,8.770277341705914886e-02,-8.833071690214548688e-02,1.095761381475667401e-01,-2.490842490842491361e-02,2.450026164311879251e-01,1.089481946624804021e-01,-9.942438513867087393e-03,-1.965463108320251451e-01,-6.342229199372056980e-02,-1.015175300889586789e-02,-7.744636316064888726e-03,1.183673469387755278e-01,-2.135007849293564172e-02,-6.802721088435376151e-02,-1.911041339612768453e-01,-1.639979068550497243e-01,-2.276295133437991058e-01,-2.095238095238095566e-01,-2.466771323914181691e-01,-7.336473050758765546e-02,-1.051805337519623323e-01,-1.966509680795395509e-01,-2.375719518576661915e-02,-3.935112506541078858e-02,3.453689167974882939e-03,-8.697017268445841887e-02,1.236002093144950437e-01,6.666666666666667962e-02,-2.807953950811094002e-01,-2.675039246467818543e-01,-8.477237048665621499e-02,-1.471480900052328789e-01,8.142333856619571320e-02,-2.061747776033490825e-02
1.679748822605965641e-01,1.237048665620094495e-01,4.303506017791732807e-01,1.000000000000000000e+00,6.384092098377813773e-02,2.070120355834641768e-01,4.156985871271586253e-01,5.497645211930927145e-01,1.822082679225536794e-01,1.613814756671899664e-01,1.112506541077969840e-01,3.487179487179487558e-01,1.940345368916797930e-01,2.579801151229723088e-01,-2.480376766091052163e-02,6.080586080586081882e-02,-1.986394557823129570e-01,-1.565672422815280462e-01,9.188906331763475877e-02,2.474097331240188991e-01,9.722658294086868047e-02,1.632653061224489943e-02,2.004186289900576068e-01,4.262689691261120628e-01,1.919413919413919811e-01,2.421768707482993832e-01,1.454735740450026349e-01,1.824175824175824634e-01,-1.222396650968079757e-01,-8.477237048665621499e-02,1.144950287807430800e-01,1.952904238618524690e-01,-2.658294086865516104e-02,1.200418628990057857e-01,2.595499738356881608e-02,6.425954997383570566e-02,-5.222396650968080117e-02,9.209837781266353926e-03,-4.092098377812664750e-02,-1.046572475143904002e-01,-1.046572475143903993e-03,-1.102040816326530781e-01,-2.987964416535845436e-01,-3.390894819466248600e-01,-1.525902668759811787e-01,-1.848246991104134374e-01,-3.521716378859237051e-01,-3.435897435897436458e-01,-3.030873888016745732e-01,-2.454212454212454653e-01,-1.779173207744636775e-01,-2.122448979591836926e-01,-2.231292517006803200e-01,-2.131868131868132343e-01,-2.952380952380952994e-01,-3.070643642072213853e-01,-6.352694924123497566e-02,-1.444270015698587498e-02,3.568812140240712472e-02,8.267922553636840310e-02,9.712192569335427461e-02,3.544740973312402454e-01,-1.584510727367870742e-01,-2.909471480900052698e-02,2.278388278388278898e-01,3.729984301412873626e-01,1.192046049188906637e-01,1.055991627420199142e-01,2.009419152276295528e-01,6.907378335949765358e-02,2.869701726844584577e-01,2.621664050235479326e-01,1.219256933542648136e-01,1.180533751962323658e-01,-8.874934589220305481e-02,2.543171114599686658e-02,9.188906331763475877e-02,8.058608058608061203e-03,-1.561486132914704505e-01,-1.086342229199372261e-01,-2.288854003139717819e-01,-1.279958137100994375e-01,-1.194139194139194338e-01,-1.296703296703297092e-01,-1.159602302459445539e-01,-7.985347985347987509e-02,8.937728937728939282e-02,-1.758241758241758587e-02,-6.907378335949765358e-02,-8.194662480376767311e-02,-4.709576138147568078e-03,-9.837781266352696452e-02,7.357404500261643943e-02,3.014128728414442945e-02,-1.307169021454735736e-01,-9.073783359497646084e-02,-2.724228152799582081e-01,-2.742019884877028302e-01,-2.051282051282051488e-01,-3.165881737310309307e-01,-1.015175300889586824e-01,2.030350601779173578e-02,4.751439037153323830e-02,-7.953950811093669221e-03,-9.000523286237573084e-02,-1.692307692307692402e-01,2.888540031397174995e-02,6.049188906331764287e-02,-2.009419152276295528e-02,-3.767660910518053682e-03,-1.345892203035060353e-01,-3.557299843014129492e-01,-1.660910518053375640e-01,-7.587650444793303528e-02,-1.053898482469911302e-01,-9.335426478283623264e-02
-2.633176347462062306e-01,-3.124018838304553625e-01,3.502878074306646217e-01,6.384092098377813773e-02,1.000000000000000000e+00,5.355311355311356269e-01,2.119309262166405583e-01,6.760858189429617970e-02,4.929356357927787147e-01,5.568812140240713138e-01,6.760858189429617970e-02,-4.113029827315542453e-02,3.347985347985348858e-01,2.800627943485086702e-01,5.253793825222397018e-01,5.500784929356359321e-01,-4.447933019361591939e-02,2.229199372056515568e-02,-2.689691261119833005e-02,-5.578231292517008000e-02,5.186813186813188370e-01,4.461538461538462341e-01,4.571428571428572396e-01,4.073260073260073777e-01,5.520669806384093103e-01,6.108843537414967440e-01,4.989010989010990160e-01,4.318158032443747407e-01,2.512820512820513330e-01,2.971219256933543273e-01,6.182103610675040439e-01,5.587650444793302862e-01,3.452642595499739175e-01,3.455782312925170796e-01,3.576138147566719772e-01,3.996860282574569156e-01,-1.904761904761904934e-02,1.093668236525379561e-01,1.774986917844061096e-01,-2.552590266875981451e-01,-8.529565672422817491e-02,-1.207744636316065157e-01,1.262166405023547877e-01,-4.918890633176348573e-03,-4.468864468864469641e-02,-2.920983778126635677e-01,-1.373103087388801991e-01,-2.520146520146520630e-01,-2.213500784929356979e-01,-3.169021454735741483e-01,-2.916797488226059998e-01,-3.854526425954997726e-01,-2.701203558346416123e-01,-3.372056514913658321e-01,-2.601779173207744988e-01,-2.952380952380952994e-01,-1.605442176870748583e-01,-1.725798011512297558e-01,-3.897435897435898022e-01,-3.900575614861329643e-01,-2.146520146520146943e-01,-9.942438513867087047e-02,-3.359497645211931283e-02,-6.603872318158034160e-02,3.156462585034014445e-01,8.676085818942963490e-02,1.565672422815280462e-01,1.465201465201465374e-02,-1.382522239665097130e-01,-1.876504447933019792e-01,3.931972789115646960e-01,4.759811616954474633e-01,1.142857142857143099e-01,3.645211930926217092e-01,1.828362114076400313e-01,-2.700156985871272203e-02,8.843537414965987886e-02,1.877551020408163573e-01,2.546310832025118209e-01,3.234955520669806628e-01,2.124542124542125043e-01,2.155939298796442083e-01,1.982208267922554168e-01,-7.681841967556254924e-02,2.014652014652015266e-01,-9.816849816849819443e-02,1.537414965986394766e-01,8.299319727891157905e-02,-3.003663003663004094e-02,-2.045002616431188247e-01,-4.186289900575615864e-04,1.966509680795395509e-01,7.870225013082157717e-02,2.052328623757195547e-01,2.084772370486656645e-01,-5.504971219256935000e-02,-2.302459445316588482e-03,-1.294610151753009253e-01,-1.489272632129775287e-01,-4.332810047095762146e-02,-2.131868131868132343e-01,-4.175824175824176948e-02,-1.439037153322867968e-01,-1.491365777080063126e-01,-2.836211407639979698e-02,1.297749869178440804e-02,5.138670852956568613e-02,-2.815279958137101649e-02,-1.705913134484563290e-02,-6.938775510204082952e-02,-1.420198848770277689e-01,-3.244374672946102184e-02,9.733124018838305858e-02,-4.877027734170592821e-02,1.957090528519100370e-01,1.538461538461538720e-02
-1.818942961800104896e-01,-2.403976975405547056e-01,2.481423338566196291e-01,2.070120355834641768e-01,5.355311355311356269e-01,1.000000000000000000e+00,2.420722135007850051e-01,1.737310308738880260e-01,5.358451072736788445e-01,5.579277864992151503e-01,1.088435374149660101e-01,3.422291993720565778e-02,2.858189429618001598e-01,1.538461538461538547e-01,3.761381475667190943e-01,4.443746729461016121e-01,-2.094191522762951785e-01,-1.767660910518053796e-01,-1.392987964416536051e-01,-1.328100470957614132e-01,4.154892726321298135e-01,3.172161172161172549e-01,3.045525902668760332e-01,3.413919413919414558e-01,4.187336473050759511e-01,4.367346938775510945e-01,6.290947148090006991e-01,6.275248560962847222e-01,-1.287284144427001953e-02,1.030873888016745343e-01,4.137100994243851915e-01,3.435897435897436458e-01,2.194662480376766700e-01,2.409209837781266794e-01,1.635792778649921841e-01,1.918367346938776030e-01,-9.733124018838305858e-02,7.776033490319206321e-02,-7.493458922030352132e-02,-1.968602825745683071e-01,-2.246991104133961858e-01,-1.883830455259027092e-01,9.649398220826793660e-02,-1.664050235478807191e-02,-5.745682888540032396e-02,-2.318158032443747296e-01,-6.216640502354788683e-02,-1.270538984824699513e-01,-1.263212977498692213e-01,-2.007326007326007689e-01,-1.300889586603872494e-01,-2.054421768707483387e-01,-1.552066980638409643e-01,-2.532705389848247668e-01,-2.417582417582417875e-01,-2.879120879120879994e-01,-1.992673992673993089e-01,-1.817896389324961115e-01,-1.479853479853480147e-01,-1.432757718472004449e-01,-1.224489795918367631e-02,6.991104133961278944e-02,-9.680795395081111254e-02,-8.864468864468866283e-02,2.392464678178964355e-01,1.022501308215594124e-01,5.839874411302983792e-02,2.930402930402930747e-02,-1.223443223443223676e-01,-1.629513343799058600e-01,3.689167974882261447e-01,3.189952904238618769e-01,-9.209837781266353926e-03,2.085818942961800704e-01,7.064364207221351943e-02,-8.372579801151231946e-03,7.880690737833595527e-02,2.032443746729461209e-01,5.431711145996861306e-02,6.227106227106228575e-02,4.814233385661958325e-03,-1.465201465201465374e-02,-1.193092621664050383e-02,-1.657770800627943741e-01,6.687598116169546358e-02,-1.680795395081109700e-01,4.709576138147568078e-03,-5.787545787545787801e-02,-5.954997383568812891e-02,-7.891156462585036113e-02,1.655677655677656179e-01,1.943485086342229551e-01,2.526425954997384427e-01,2.906331763474621077e-01,3.621140763997907075e-02,-8.937728937728939282e-02,-1.109366823652538185e-02,-8.424908424908425508e-02,1.810570381998953537e-02,4.186289900575616146e-02,-5.180533751962324712e-02,9.722658294086868047e-02,-1.391941391941392200e-02,5.996860282574569684e-02,-2.187336473050759122e-02,2.093144950287808073e-02,6.980638409209838358e-02,9.722658294086868047e-02,-1.022501308215594124e-01,-5.934065934065934494e-02,3.035060177917321082e-03,3.097854526425955490e-02,1.525902668759811787e-01,2.239665096807954420e-02,1.504971219256933668e-01,-1.538461538461538720e-02
-1.006802721088435465e-01,-1.993720565149136870e-01,4.798534798534799251e-01,4.156985871271586253e-01,2.119309262166405583e-01,2.420722135007850051e-01,1.000000000000000000e+00,5.272632129774987852e-01,4.018838304552591056e-01,1.939298796441653872e-01,3.296703296703297759e-01,2.950287807430664877e-01,4.122448979591837315e-01,2.438513867085296272e-01,2.258503401360544838e-01,1.509157509157509347e-01,-2.598639455782313368e-01,-1.579277864992151004e-01,1.166928309785452839e-01,1.039246467817896563e-01,2.201988487702774000e-01,7.755102040816327924e-02,4.487702773417059920e-01,4.583987441130299434e-01,2.443746729461015732e-01,2.366300366300366498e-01,1.677655677655678079e-01,1.867085295656724653e-01,2.417582417582418014e-02,6.384092098377813773e-03,2.334903192046049458e-01,2.914704343275772436e-01,1.127158555729984579e-01,1.869178440607012492e-01,1.131344845630560120e-01,8.487702773417060698e-02,3.600209314495029372e-02,-6.227106227106228575e-02,-4.667713239141811632e-02,-1.166928309785452839e-01,6.289900575614862377e-02,-3.411826268969126580e-02,-1.603349031920461021e-01,-2.504447933019361971e-01,-2.537938252223966851e-01,-3.362637362637362903e-01,-2.206174777603349402e-01,-3.053898482469911690e-01,-2.895866038723182156e-01,-3.342752485609629121e-01,-3.140763997906855787e-01,-3.264259549973836383e-01,-3.360544217687075341e-01,-3.470434327577185396e-01,-3.330193615907902083e-01,-3.967556253270539401e-01,-3.014128728414443570e-01,-3.025641025641025994e-01,-1.567765567765568024e-01,-1.334379905808477651e-01,1.152276295133438239e-01,2.656200941915228264e-01,-1.386708529565672809e-01,-1.131344845630560120e-01,3.012035583464155453e-01,2.123495552066980985e-01,5.128205128205128721e-02,-1.103087388801674701e-01,-1.051805337519623323e-01,-2.684458398744113405e-01,3.728937728937729568e-01,4.079539508110937573e-01,2.262689691261120239e-01,2.192569335426478583e-01,2.815279958137101649e-02,1.668236525379382940e-01,1.338566195709053053e-01,6.656200941915228764e-02,-1.336473050758765213e-01,-5.180533751962324712e-02,-9.795918367346941047e-02,-1.289377289377289793e-01,-3.725798011512297669e-02,-2.107796964939822604e-01,2.124542124542124974e-02,-2.545264259549974151e-01,6.352694924123497566e-02,-1.135531135531135660e-01,5.368916797488226811e-02,-1.760334903192046496e-01,1.781266352694924338e-01,1.317634746206174934e-01,1.747776033490319458e-01,2.117216117216117743e-01,-1.050758765044479542e-01,-6.530612244897959773e-02,-1.165881737310309058e-01,-2.050235478806907707e-01,-2.438513867085296410e-02,-7.263212977498692546e-02,-4.280481423338566849e-02,9.073783359497646084e-02,-3.233908948194662986e-02,-8.550497121925694499e-02,-6.227106227106228575e-02,2.553636839351125509e-02,1.279958137100994375e-01,2.187336473050759122e-02,-4.709576138147568078e-03,9.419152276295134204e-04,-1.742543171114599998e-01,-1.188906331763474877e-01,-9.209837781266353926e-03,-7.807430664573522527e-02,1.077969649398221041e-01,-3.872318158032444363e-03
6.520146520146521962e-02,2.093144950287807932e-04,3.267399267399268004e-01,5.497645211930927145e-01,6.760858189429617970e-02,1.737310308738880260e-01,5.272632129774987852e-01,1.000000000000000000e+00,2.033490319204605268e-01,1.996860282574568768e-01,3.107273678702250352e-01,4.443746729461016121e-01,2.271062271062271321e-01,2.397697540554684092e-01,8.686551543694402688e-03,3.464154892726321877e-02,-1.714285714285714579e-01,-1.643118785975929141e-01,1.266352694924123834e-01,1.994767137624280651e-01,3.966509680795395759e-02,2.365253793825223064e-02,1.633699633699634002e-01,3.448456305599163496e-01,9.879644165358453245e-02,1.588697017268446143e-01,7.974882260596546923e-02,1.231815803244374757e-01,-1.883830455259026841e-03,-2.386185243328100766e-02,1.046572475143904002e-01,1.592883307169021823e-01,-2.532705389848247460e-02,6.457352171637886773e-02,-3.976975405546834957e-02,-8.791208791208792936e-03,-1.032967032967033183e-01,-1.172161172161172299e-01,-5.013082155939299622e-02,-9.461015175300892255e-02,-4.772370486656201533e-02,-1.051805337519623323e-01,-2.278388278388278898e-01,-2.880167451596023498e-01,-2.568288854003140109e-01,-2.428048142333857351e-01,-2.711669283097855043e-01,-3.006802721088435715e-01,-2.545264259549974151e-01,-2.027210884353742026e-01,-2.013605442176870930e-01,-1.973835688121402809e-01,-2.132914704343276124e-01,-1.675562532705390240e-01,-2.376766091051805974e-01,-2.708529565672423423e-01,-1.313448456305599255e-01,-1.174254317111460277e-01,9.523809523809524669e-03,5.881737310308739197e-02,1.971742543171114970e-01,4.511773940345369938e-01,-1.214024071166928676e-01,1.758241758241758587e-02,1.112506541077969840e-01,2.559916274201988751e-01,-8.613291470434329689e-02,-6.792255363683935565e-02,4.583987441130298740e-02,-1.272632129774987075e-01,2.587127158555730388e-01,2.740973312401884243e-01,1.650444793301936441e-01,1.442176870748299589e-01,-4.604918890633176963e-03,4.761904761904762334e-02,9.670329670329672056e-02,9.419152276295134204e-04,-1.743589743589743779e-01,-8.749345892203036490e-02,-1.719518576661434317e-01,-1.591836734693878042e-01,-4.657247514390372434e-02,-1.788592360020931638e-01,-1.488226059654631506e-01,-1.606488749345892364e-01,-3.704866562009419967e-02,-7.074829931972789754e-02,-1.883830455259026841e-03,-1.580324437467294993e-02,1.152276295133438239e-01,-3.642072213500785471e-02,1.058084772370486842e-01,6.091051805337521080e-02,-1.018315018315018444e-01,-5.138670852956568613e-02,-2.175824175824176421e-01,-1.693354264782836738e-01,-5.107273678702251019e-02,-1.344845630559916572e-01,-1.737310308738880538e-02,6.384092098377813773e-02,-9.419152276295136156e-03,-5.232862375719520009e-02,-7.514390371533230528e-02,-9.324960753532184066e-02,4.249084249084249948e-02,-2.490842490842491361e-02,-1.465201465201465374e-02,-1.402407116692831225e-02,-1.756148613291470539e-01,-1.922553636839351432e-01,-5.285190999476714613e-02,-1.183673469387755278e-01,-7.022501308215595150e-02,-4.981684981684982721e-02
-2.397697540554684092e-01,-3.223443223443224204e-01,3.206698063840922042e-01,1.822082679225536794e-01,4.929356357927787147e-01,5.358451072736788445e-01,4.018838304552591056e-01,2.033490319204605268e-01,1.000000000000000000e+00,4.747252747252747596e-01,2.556776556776557130e-01,1.339612768184197111e-01,5.136577708006280218e-01,2.575614861329147409e-01,5.470434327577186062e-01,4.620617477760335934e-01,-2.250130821559393479e-01,-1.090528519099947802e-01,-1.046572475143903993e-03,-4.479330193615908839e-02,4.635269492412349979e-01,3.032967032967033294e-01,4.905285190999477130e-01,4.405023547880691503e-01,4.414442700156986921e-01,4.433281004709577200e-01,4.468864468864469641e-01,4.656200941915228930e-01,6.405023547880690782e-02,1.144950287807430800e-01,3.600209314495029234e-01,3.801151229722659064e-01,1.251700680272109234e-01,2.018838304552590668e-01,2.139194139194139643e-01,1.802197802197802456e-01,7.901622187336473924e-02,3.725798011512297669e-02,-8.194662480376767311e-02,-1.829408686551544094e-01,-6.300366300366301575e-02,-2.501308215593930212e-02,2.899005756148613847e-02,-9.565672422815281462e-02,-1.661957090528519421e-01,-3.510204081632653517e-01,-6.792255363683935565e-02,-2.276295133437991058e-01,-1.948717948717949011e-01,-3.251700680272109900e-01,-2.149659863945578842e-01,-2.901098901098901894e-01,-2.578754578754579585e-01,-3.096807953950811432e-01,-2.604918890633176609e-01,-3.713239141810570909e-01,-3.352171637885923983e-01,-3.407639979068551317e-01,-2.680272108843537726e-01,-2.924123495552067853e-01,-2.909471480900052698e-02,4.594453165881737938e-02,-1.211930926216640697e-01,-1.831501831501831934e-01,3.626373626373627368e-01,6.363160648874935377e-02,7.524856096284668339e-02,-8.676085818942963490e-02,-1.766614338042909738e-01,-2.543171114599686589e-01,5.063317634746207219e-01,4.580847723704867258e-01,2.152799581371010462e-01,2.882260596546311060e-01,2.344322344322344667e-02,1.482993197278911768e-01,1.559392987964416943e-01,2.156985871271586142e-01,5.588697017268447198e-02,3.328100470957614382e-02,9.764521193092623452e-02,-1.391941391941392200e-02,-2.605965463108320807e-02,-2.159079016221873704e-01,2.109890109890110166e-01,-1.993720565149136870e-01,5.651491365777081000e-02,-1.264259549973835994e-01,9.774986917844062650e-02,-1.876504447933019792e-01,1.981161695447410109e-01,1.450549450549450947e-01,2.012558869701727149e-01,2.871794871794872139e-01,-6.017791732077448080e-02,-5.641025641025641801e-02,3.872318158032444363e-03,-1.270538984824699513e-01,4.374672946101518245e-02,-1.046572475143903966e-04,-7.284144427001570943e-02,4.939822082679226622e-02,-8.477237048665621499e-02,-1.063317634746206441e-01,-7.870225013082157717e-02,5.724751439037153999e-02,1.054945054945055083e-01,2.302459445316588568e-02,9.000523286237573431e-03,1.067503924646782086e-02,-9.167974882260597480e-02,-2.752485609628467500e-02,5.661957090528520198e-02,-3.673469387755103066e-02,1.794871794871795156e-01,-3.558346415489273187e-03
-1.599162742019885342e-01,-2.083725798011512587e-01,2.542124542124542530e-01,1.613814756671899664e-01,5.568812140240713138e-01,5.579277864992151503e-01,1.939298796441653872e-01,1.996860282574568768e-01,4.747252747252747596e-01,1.000000000000000000e+00,1.810570381998953815e-01,7.106227106227107349e-02,3.341705913134485617e-01,3.064364207221350611e-01,4.483516483516484241e-01,5.398220826792257121e-01,-8.027210884353742915e-02,-7.545787545787546735e-02,-2.961800104657248342e-02,-3.882783882783883561e-02,3.583464154892727072e-01,3.100994243851387666e-01,3.403453689167975638e-01,3.769754055468341747e-01,3.904761904761905322e-01,4.762951334379906809e-01,3.973835688121403198e-01,3.537414965986395154e-01,1.470434327577185007e-01,2.391418105703820574e-01,4.641548927263214330e-01,4.141287284144428149e-01,2.475143903715332772e-01,2.624803767660910947e-01,2.318158032443747296e-01,2.763997906855050202e-01,-2.469911041339613311e-02,1.409733124018838490e-01,1.523809523809523947e-01,-1.891156462585034392e-01,-5.536368393511251901e-02,-4.374672946101518245e-02,4.793301936159079929e-02,-3.108320251177394342e-02,-1.106227106227106322e-01,-2.487702773417059809e-01,-1.781266352694924338e-01,-2.476190476190476553e-01,-1.667189952904238881e-01,-2.461538461538461953e-01,-2.565149136577708489e-01,-3.578231292517007334e-01,-2.573521716378859847e-01,-3.135531135531136049e-01,-2.197802197802198321e-01,-2.552590266875981451e-01,-1.324960753532182234e-01,-1.307169021454735736e-01,-3.022501308215594373e-01,-2.692830978545264764e-01,-1.328100470957614132e-01,8.665620094191524292e-02,-7.587650444793303528e-02,-3.924646781789639660e-02,2.197802197802198321e-01,1.336473050758765213e-01,1.423338566195709275e-02,-6.530612244897959773e-02,-4.761904761904762334e-02,-1.372056514913658209e-01,3.703819989534276047e-01,4.161172161172161932e-01,4.918890633176348226e-02,2.793301936159079402e-01,2.138147566718995862e-01,-1.063317634746206441e-01,8.697017268445841887e-02,1.136577708006279719e-01,1.480900052328623928e-01,2.177917320774463983e-01,1.425431711145997149e-01,1.446363160648875268e-01,1.569858712715855864e-01,-1.172161172161172334e-02,9.785452642595501849e-02,-1.310308738880167634e-01,1.652537938252224281e-01,1.351125065410779813e-01,-6.038723181580325783e-02,-1.182626896912611358e-01,1.381475667189953176e-02,1.612768184196755883e-01,1.406593406593406870e-01,1.367870225013082530e-01,1.798011512297227055e-01,-6.132914704343277179e-02,-2.093144950287807932e-04,-1.384615384615384970e-01,-2.016745159602302828e-01,-2.051282051282051627e-02,-1.819989534275248955e-01,-4.782836211407640731e-02,-1.529042386185243685e-01,-1.307169021454735736e-01,-4.824699110413396830e-02,-3.872318158032444363e-02,1.046572475143903966e-04,2.333856619570905816e-02,2.061747776033490825e-02,1.036106750392464838e-02,-1.133437990580847959e-01,-8.372579801151232293e-02,8.728414442700159481e-02,8.791208791208792936e-03,1.942438513867085492e-01,-1.789638932496075835e-02
1.311355311355311692e-01,-2.365253793825223064e-02,1.557299843014128826e-01,1.112506541077969840e-01,6.760858189429617970e-02,1.088435374149660101e-01,3.296703296703297759e-01,3.107273678702250352e-01,2.556776556776557130e-01,1.810570381998953815e-01,1.000000000000000000e+00,4.025117739403454298e-01,4.456305599162743158e-01,2.692830978545264764e-01,2.184196755625327502e-01,1.759288330716902438e-01,2.344322344322344667e-02,-2.993197278911565243e-02,2.603872318158033106e-01,2.122448979591836926e-01,1.537414965986394766e-01,3.097854526425955490e-02,1.445316588173731209e-01,1.554160125588697206e-01,3.683935112506541570e-02,6.656200941915228764e-02,7.639979068550499519e-02,3.066457352171638590e-02,2.216640502354788600e-01,1.821036106750392736e-01,1.291470434327577355e-01,1.456828885400314189e-01,0.000000000000000000e+00,3.087388801674516292e-02,-7.681841967556254924e-02,-6.698063840920985383e-03,8.697017268445841887e-02,2.972265829408687193e-02,-6.896912611198327547e-02,-1.925693354264783330e-02,9.293563579277866471e-02,1.032967032967033183e-01,-7.901622187336473924e-02,-1.025641025641025744e-01,-3.353218210361068041e-01,-2.798534798534799140e-01,-1.807430664573521917e-01,-2.531658817373103609e-01,-1.963369963369963889e-01,-2.353741496598640015e-01,-1.059131344845630762e-01,-1.561486132914704505e-01,-3.600209314495029372e-02,-7.859759288330718519e-02,-1.020408163265306423e-01,-1.680795395081109700e-01,-6.185243328100472476e-02,-1.362637362637362792e-01,-9.157509157509159670e-02,-1.176347462061747839e-01,2.032443746729461209e-01,9.534275248560965255e-02,1.170068027210884598e-01,6.300366300366301575e-02,1.371009942438513977e-02,-5.504971219256935000e-02,-2.462585034013605734e-01,-2.868655154369440519e-01,-4.563055991627421037e-02,-1.594976452119309385e-01,2.396650968079539756e-01,2.596546310832025806e-01,1.876504447933019792e-01,1.670329670329670779e-01,4.039769754055469453e-02,9.890109890109892443e-02,2.279434850863422679e-01,1.715332286760858638e-01,-5.023547880690738821e-02,1.214024071166928433e-02,1.129251700680272419e-01,-3.244374672946102010e-03,-1.245421245421245680e-02,-7.420198848770279132e-02,1.013082155939298984e-01,-8.173731030873888914e-02,-8.435374149659866094e-02,-8.100470957613815914e-02,5.107273678702251019e-02,-6.268969126111983980e-02,4.154892726321298552e-02,7.326007326007326868e-03,-2.103610675039246924e-02,1.214024071166928433e-02,-1.433804290947148299e-02,-8.906331763474621688e-02,4.992150706436421920e-02,-4.228152799581371551e-02,8.288854003139718707e-02,7.734170591313450915e-02,-1.779173207744636637e-02,7.535321821036107363e-03,-6.844583987441131556e-02,-6.509680795395082764e-02,-1.525902668759811787e-01,-6.352694924123497566e-02,-6.551543694400838169e-02,-6.363160648874935377e-02,-1.216117216117216376e-01,5.944531658817374387e-02,-8.079539508110938906e-02,3.108320251177394342e-02,4.971219256933543523e-02,-1.957090528519100578e-02,4.154892726321298552e-02,-1.902668759811617372e-01
2.465724751439037910e-01,1.704866562009419440e-01,2.046049188906332028e-01,3.487179487179487558e-01,-4.113029827315542453e-02,3.422291993720565778e-02,2.950287807430664877e-01,4.443746729461016121e-01,1.339612768184197111e-01,7.106227106227107349e-02,4.025117739403454298e-01,1.000000000000000000e+00,3.036106750392465470e-01,4.016745159602303494e-01,-4.604918890633176963e-03,8.121402407116694311e-02,-2.899005756148613847e-02,-4.343275771847200650e-02,2.475143903715332772e-01,3.201465201465202304e-01,-2.365253793825223064e-02,3.526949241234956373e-02,1.737310308738880538e-02,1.869178440607012492e-01,7.221350078492937488e-03,1.022501308215594124e-01,2.250130821559393271e-02,3.725798011512297669e-02,7.357404500261643943e-02,1.319727891156462773e-01,7.639979068550498478e-03,1.166928309785452839e-01,-1.466248037676609328e-01,6.070120355834642163e-03,-1.227629513343799217e-01,-8.299319727891157905e-02,5.693354264782837099e-02,1.077969649398220937e-02,-6.446886446886448963e-02,-6.457352171637886773e-02,4.468864468864469641e-02,3.411826268969126580e-02,-1.561486132914704505e-01,-1.826268969126112196e-01,-1.554160125588697206e-01,-9.911041339612770840e-02,-2.308738880167451879e-01,-2.530612244897959551e-01,-1.715332286760858638e-01,-1.287284144427001675e-01,-4.657247514390372434e-02,-7.043432757718473547e-02,-1.043432757718472242e-01,-1.904761904761904934e-02,-1.708006279434851338e-01,-1.332286760858189534e-01,6.279434850863423526e-03,-2.124542124542124974e-02,3.600209314495029372e-02,3.150183150183150788e-02,2.087912087912088266e-01,2.381998953427525156e-01,-5.306122448979592315e-02,3.254840397697541382e-02,6.049188906331764287e-02,1.351125065410779813e-01,-1.278911564625850594e-01,-1.025641025641025744e-01,1.238095238095238276e-01,-1.454735740450026349e-02,2.031397174254317428e-01,1.672422815279958341e-01,1.647305075876504543e-01,8.215593929879645707e-02,-6.792255363683935565e-02,1.308215593929880072e-01,2.108843537414966385e-01,1.126111983254840659e-01,-9.304029304029305669e-02,-3.547880690737834075e-02,-3.139717425431711763e-03,-1.779173207744636637e-02,-1.362637362637362792e-01,-9.837781266352696452e-02,-4.918890633176348573e-03,4.709576138147567731e-02,-2.815279958137101649e-02,-7.148090005232864141e-02,-3.819989534275249760e-02,-8.581894296180012441e-03,1.339612768184197077e-02,-1.254840397697540577e-01,-4.479330193615908839e-02,-8.927263212977500084e-02,-1.848246991104134374e-01,-1.230769230769230976e-01,-2.151753008895866404e-01,-1.432757718472004449e-01,-3.652537938252224670e-02,-1.358451072736787113e-01,-6.687598116169546358e-02,-3.192046049188906887e-02,-9.733124018838305164e-03,-8.403976975405548500e-02,-2.156985871271586142e-01,-2.348508634222920555e-01,-8.477237048665622193e-03,-8.466771323914183689e-02,-8.006279434850864518e-02,1.288330716902145734e-01,-8.550497121925694499e-02,-1.509157509157509347e-01,-1.247514390371533555e-01,-4.102564102564103254e-02,-9.293563579277866471e-02,-2.303506017791732696e-01
-6.593406593406594962e-02,-2.113029827315542064e-01,4.003139717425432398e-01,1.940345368916797930e-01,3.347985347985348858e-01,2.858189429618001598e-01,4.122448979591837315e-01,2.271062271062271321e-01,5.136577708006280218e-01,3.341705913134485617e-01,4.456305599162743158e-01,3.036106750392465470e-01,1.000000000000000000e+00,5.163788592360021301e-01,4.724228152799582747e-01,4.479330193615909117e-01,-1.579277864992151004e-01,-8.738880167451597292e-02,1.723704866562009719e-01,1.231815803244374757e-01,3.332286760858189645e-01,2.175824175824176421e-01,4.623757195185767555e-01,4.531658817373104275e-01,3.297749869178441262e-01,3.680795395081110088e-01,2.328623757195185939e-01,2.088958660387232047e-01,1.866038723181580594e-01,1.558346415489273162e-01,2.985871271585557873e-01,3.584510727367870575e-01,9.555206698063842263e-02,1.877551020408163573e-01,2.521193092621664689e-01,2.707482993197279364e-01,1.295656724228153034e-01,1.631606488749346162e-01,4.521193092621664938e-02,-7.713239141810571131e-02,3.547880690737834075e-02,1.100994243851387000e-01,4.165358451072737056e-02,-5.578231292517008000e-02,-1.671376242804814560e-01,-2.981684981684982749e-01,-1.603349031920461021e-01,-3.032967032967033294e-01,-2.324437467294610815e-01,-3.035060177917321411e-01,-1.717425431711146200e-01,-2.607012035583464171e-01,-2.410256410256410575e-01,-2.601779173207744988e-01,-2.053375196232339606e-01,-2.916797488226059998e-01,-2.428048142333857351e-01,-2.768184196755625881e-01,-2.547357404500262268e-01,-3.251700680272109900e-01,1.998953427524856677e-02,2.365253793825223064e-02,-8.508634222919939094e-02,-1.143903715332287019e-01,3.851386708529566660e-01,1.472527472527472847e-01,6.907378335949765358e-02,-1.172161172161172299e-01,-1.319727891156462773e-01,-2.567242281527996051e-01,4.633176347462062417e-01,4.550497121925694000e-01,2.794348508634223460e-01,3.069597069597069794e-01,1.016221873364730605e-01,1.559392987964416943e-01,3.379382522239665620e-01,3.491365777080063793e-01,7.430664573521717983e-03,1.112506541077969840e-01,1.299843014128728713e-01,1.034013605442177103e-01,6.907378335949765878e-03,-6.216640502354788683e-02,2.904238618524333515e-01,-5.693354264782837099e-02,1.765567765567765957e-01,1.726844583987441339e-02,-5.128205128205129068e-03,-1.908948194662480613e-01,3.851386708529566660e-02,4.468864468864469641e-02,3.830455259026688264e-02,8.822605965463110878e-02,-5.421245421245422108e-02,-1.613814756671899664e-01,-6.111983254840398783e-02,-1.604395604395604802e-01,-1.066457352171638062e-01,-4.542124542124543335e-02,-1.972789115646258751e-01,-7.755102040816327924e-02,-1.646258503401360762e-01,-1.958137100994244428e-01,-1.531135531135531247e-01,-4.563055991627421037e-02,-1.569858712715855881e-03,-4.866562009419152929e-02,-7.462061747776034537e-02,1.039246467817896563e-01,-9.911041339612770840e-02,-1.281004709576138156e-01,-2.365253793825223064e-02,-9.837781266352697146e-03,1.963369963369963889e-01,-1.803244374672946515e-01
