1.000000000000000000e+00,2.753623188405797118e-01,-2.359039458373003023e-02,-1.790965830953136773e-01,3.945837300327938169e-02,-4.337247434676822118e-03,7.246376811594203160e-02,-1.033534327726647606e-01,1.137205120067703440e-01,4.337247434676822118e-03,3.705701893578758344e-01,9.954511795197291957e-02,3.487781656616947279e-01,2.930286681476779870e-02,1.338199513381995165e-01,-4.749814873585105762e-02,1.375224796360943746e-03,-9.785253358722099948e-02,2.554744525547445466e-01,6.167354279064846817e-02,-7.542579075425791257e-02,-1.086427589125145421e-01,-5.638421665079869360e-02,-2.085052364328784658e-01,-1.393208505236432915e-01,-2.503966994604887586e-01,1.388977044324553045e-01,2.062837194541415620e-02,8.663916217073944215e-02,-6.844388024965619710e-02,-2.184491695757960483e-01,-2.855178250290912878e-01,-1.873479318734793120e-01,-3.354490637892732496e-01,-3.090024330900243421e-01,-2.800169258436475128e-01,-5.892309319792658762e-02,-1.319157939278535752e-01,6.019253147149053462e-02,6.527028456574632265e-02,8.568708346556649230e-03,-8.145562255368665738e-03,-2.034274833386226777e-01,-3.713106950174548115e-02,-2.831905215275573595e-01,-2.298741140378715853e-01,-6.421241933777636912e-02,-9.044747699143129704e-02,-1.158362424627102510e-01,1.798370887548926154e-03,1.831164709615994701e-01,9.404421876652914458e-02,9.404421876652914458e-02,1.872421453506823222e-02,6.527028456574632265e-02,1.470432666878239772e-02,2.724002962022638585e-01,2.552628795091505531e-01,2.899608589865650954e-01,2.142177086639162342e-01,1.651327620861102463e-01,-6.294298106421242212e-02,2.099862477520363924e-01,-8.346556648682956769e-02,-7.732994816460382614e-02,-2.977890616735427987e-01,-1.985613032899608554e-01,-3.424309742938749790e-01,7.648365598222786610e-02,-6.421241933777636912e-02,-2.009943933142917683e-03,8.536972389717550902e-02,1.391092774780492980e-01,9.044747699143129704e-02,2.253252935576008018e-02,1.322331534962445723e-02,6.505871152015234304e-02,1.343488839521845071e-02,3.438061990902359366e-02,4.051623823124934215e-02,-1.016608484079128405e-01,-7.881095948376176663e-02,-7.563736379985189218e-02,-3.205331640748968619e-02,7.796466730138580659e-02,-2.020522585422617270e-02,1.830106844388024873e-02,-4.305511477837722922e-02,1.757114143658097816e-01,3.279382206706865557e-03,-1.592087168094784844e-01,-4.009309214006135519e-02,-1.848090553263514457e-01,-7.161747593356607156e-02,1.724320321591029173e-02,6.463556542896435608e-02,-3.565005818258754067e-02,-1.280016925843647548e-02,-6.505871152015234304e-02,8.536972389717550902e-02,-1.251454564688458670e-01,-4.263196868718924920e-02,-1.234528721040939470e-01,-3.945837300327938169e-02,-6.865545329525019058e-02,-3.141859727070771269e-02,-4.390140696075320315e-02,-8.134983603088966064e-02,5.723050883317465365e-02,-1.798370887548926154e-03,-5.321062096688881915e-02,-1.350893896117634496e-01,-3.649635036496350071e-02,-8.325399344123558809e-02,-1.124510737332063831e-01,3.882365386649740818e-02
2.753623188405797118e-01,1.000000000000000000e+00,-9.235163440177722449e-02,-2.401354067491801719e-02,1.428118057759441423e-02,3.067809161112874244e-03,2.020522585422617270e-02,-5.448005924045276616e-02,6.865545329525019058e-02,-8.896646567227335656e-02,1.799428752776896234e-01,1.839627631439754718e-01,1.209139955569660391e-01,8.452343171479952122e-02,3.797736168412144814e-02,-1.137205120067703440e-01,1.935893367185020572e-02,6.103882365386650161e-02,1.262033216968158345e-01,3.255051306463556671e-01,-9.510208399449909811e-02,-1.300116365175076616e-01,-9.203427483338622733e-03,1.978207976303818921e-02,-7.606050989103987914e-02,2.189781021897810320e-02,7.182904897916006504e-02,-1.089601184809055323e-02,1.342430974293875034e-01,9.891039881519093913e-02,-2.909129376917380869e-02,2.856236115518882932e-03,4.728657569025705720e-02,-2.549455199407595421e-02,-1.708452343171479870e-01,-1.583624246271025104e-01,6.019253147149053462e-02,-3.226488945308367967e-02,3.755421559293346118e-02,-8.388871257801755466e-02,1.509573680313128219e-01,2.049084946577806043e-01,-1.541309637152226963e-01,-2.422511372051200720e-02,-7.309848725272399816e-02,6.230826192743044861e-02,-2.083994499100814621e-02,-2.295567544694806020e-02,3.924679995768539514e-02,5.363376705807680611e-02,1.999365280863218269e-02,-5.215275573891886562e-02,1.090659050037025429e-01,-6.876123981804717865e-03,1.141436580979583310e-01,8.388871257801755466e-02,4.240981698931555743e-01,3.248704115095736866e-01,5.532635142282873314e-02,-7.542579075425791257e-02,1.238760181952819200e-01,-9.838146620120596236e-03,7.817624034697980007e-02,7.034803766000211067e-02,6.241404845022744362e-03,-1.160478155083042445e-01,-1.551888289431926360e-01,-2.025811911562467038e-01,2.366444514968792934e-01,2.618216439225642400e-01,-8.812017348989738263e-02,3.226488945308367967e-02,1.367819739765153975e-01,1.537078176240346816e-01,1.978207976303818921e-02,3.755421559293346118e-02,4.495927218872315667e-02,-1.163651750766952217e-03,6.548185761134031613e-02,-7.479107161747593213e-02,6.315455410980640172e-02,1.955992806516450022e-01,7.510843118586691368e-03,6.675129588490426313e-02,8.367713953242356117e-02,4.220882259600126918e-02,-1.957050671744419920e-02,1.851264148947424221e-02,8.452343171479952122e-02,-9.975669099756691305e-02,-1.192214111922141190e-01,-1.638633238125462854e-01,-8.558129694276948862e-02,-5.617264360520470012e-02,-3.713106950174548115e-02,-2.316724849254205021e-02,1.008145562255368805e-01,2.221516978736908995e-03,-1.609013011742304045e-01,-1.810007405056595631e-01,-1.798370887548926154e-03,-6.876123981804717865e-03,-6.950174547762615063e-02,-1.213371416481540260e-01,-6.886702634084417018e-02,-1.754998413202158158e-01,2.232095631016608323e-02,8.812017348989738263e-02,1.209139955569660391e-01,1.153073098487252673e-02,1.766634930709827522e-02,-1.522268063048767550e-01,-1.890405162382312598e-01,-5.257590183010684565e-02,-9.362107267534117150e-02,1.029302866814767875e-01
-2.359039458373003023e-02,-9.235163440177722449e-02,1.000000000000000000e+00,1.234528721040939470e-01,1.672484925420501534e-01,1.044112980006347141e-01,2.662646778800381031e-01,-1.350893896117634496e-01,1.496879297577488610e-01,4.749814873585105762e-02,-1.084311858669205486e-01,-4.103459219295461646e-01,3.903522691209139472e-02,-2.288162488099016179e-01,9.065905003702527665e-02,6.802073415846821014e-02,-2.739870940442187819e-02,-7.373320638950597861e-02,2.063895059769385310e-01,-7.754152121019781962e-02,1.183751190098381589e-01,-1.766634930709827522e-02,4.420818787686449092e-01,2.253252935576008018e-02,3.168306357770019899e-01,2.002538876547128033e-01,5.934623928911456764e-02,1.433407383899291121e-01,-1.308579286998836355e-01,-1.953877076060509810e-01,1.708452343171479870e-01,8.769702739870939567e-02,-3.173595683909869684e-04,-1.251454564688458670e-01,3.121760287739341888e-01,5.680736274198667363e-02,2.528297894848196420e-02,1.312810747910716225e-01,-4.517084523431714321e-02,4.337247434676822118e-03,-2.228922035332698559e-01,-6.950174547762615063e-02,5.183539617052787367e-03,-1.302232095631016551e-01,2.401354067491801719e-02,-7.838781339257379355e-02,-6.421241933777636912e-02,-1.581508515815085170e-01,1.798370887548926154e-03,-6.717444197609225010e-02,-4.453612609753517665e-02,-7.648365598222786610e-02,-1.120279276420184100e-01,-1.099121971860785030e-01,-2.008886067914947837e-01,-1.659790542684861925e-01,-2.718713635882788471e-02,-5.998095842589654808e-02,-2.020522585422617270e-02,-1.221834338305300000e-01,1.135089389611763366e-01,-1.877710779646672989e-01,-1.272611869247857741e-01,-2.417222045911350814e-01,3.910927747804929244e-01,1.143552311435523106e-01,3.836877181847032636e-01,3.078387813392573572e-02,1.221834338305300000e-01,-1.530730984872527289e-01,1.765577065481857555e-01,1.374166931132973779e-01,-1.280016925843647548e-02,-1.109700624140484565e-01,-1.343488839521845071e-02,-4.474769914312916319e-02,1.512747275997038121e-02,-2.380196762932402718e-02,-5.574949751401672010e-02,8.536972389717550902e-02,-8.558129694276948862e-02,-5.638421665079869360e-02,-1.564582672167565969e-01,-1.343488839521845071e-02,1.947529884692690005e-01,-1.107584893684544630e-01,1.491589971437638773e-02,8.854331958108538347e-02,-1.555061885115836297e-02,-1.431291653443351464e-01,-9.235163440177722449e-02,8.431185866920555549e-02,-1.851264148947424221e-02,2.009943933142917683e-03,5.871152015233259414e-02,6.971331852322014411e-02,-1.981381571987728962e-01,-6.442399238337036260e-02,-2.487041150957368107e-01,1.131915793927853499e-02,-8.875489262667934920e-02,1.364646144081244072e-02,-1.928488310589231147e-01,-6.315455410980640172e-02,1.586797841954934842e-03,1.936951232412990609e-01,-3.755421559293346118e-02,-1.312810747910716225e-01,-9.764096054162700600e-02,5.024859832857293818e-02,-1.149899502803342910e-01,-3.141859727070771269e-02,-5.849994710673860066e-02,1.237702316724849372e-02,1.872421453506823222e-02,1.171056807362741981e-01
-1.790965830953136773e-01,-2.401354067491801719e-02,1.234528721040939470e-01,1.000000000000000000e+00,-2.887972072357981868e-02,-1.264148947424098279e-01,3.371416481540251420e-01,4.490637892732465830e-01,-3.078387813392573572e-02,-8.896646567227335656e-02,-1.344546704749814969e-01,7.182904897916006504e-02,-1.194329842378081125e-01,1.386861313868613110e-01,-2.531471490532106183e-01,-1.632286046757643050e-01,-1.173172537818682054e-01,-3.036073204273775569e-02,1.026129271130857973e-02,3.395747381783560670e-02,-2.195070348037660157e-01,-1.101237702316724965e-01,1.130857928699883636e-01,2.207764730773299489e-01,1.295884904263197024e-01,2.326245636305934450e-01,-2.108325399344123385e-01,-1.797313022320956299e-01,-1.120279276420184100e-01,-4.411298000634718969e-02,1.731725378186819153e-01,2.186607426213900418e-01,1.771924256849677359e-01,2.241616418068337890e-01,1.329736591558235426e-01,1.268380408335977871e-01,-4.559399132550513017e-02,-6.103882365386650161e-02,-6.061567756267851464e-02,-2.137945625727282473e-01,-3.903522691209139472e-02,-3.966994604887337517e-02,9.002433090024331008e-02,-2.422511372051200720e-02,3.480376600021157368e-02,6.780916111287421666e-02,-6.907859938643816367e-02,-1.185866920554321385e-01,9.425579181212313806e-02,2.147466412779012318e-02,-3.247646249867766621e-02,-8.145562255368665738e-03,-5.215275573891886562e-02,-6.696286893049825661e-02,-1.655559081772982055e-01,-8.240770125885962805e-02,-8.875489262667934920e-02,-1.164709615994922176e-01,-4.453612609753517665e-02,-1.240875912408759135e-01,9.510208399449909811e-02,2.089283825240664527e-01,-1.173172537818682054e-01,1.202792764201840725e-01,9.510208399449909811e-02,4.001904157410346441e-01,2.027927642018406695e-01,3.064635565428964203e-01,-1.771924256849677359e-01,-1.173172537818682054e-01,1.597376494234634473e-02,-1.014492753623188470e-01,4.242039564159526266e-02,1.660848407912831823e-02,-4.792129482703903764e-02,-8.050354384851370060e-02,-3.332275468105363320e-02,-1.978207976303818921e-02,2.993758595154977567e-02,-9.298635353855919106e-02,-7.055961070559610415e-02,-1.089601184809055323e-02,-2.734581614302337704e-01,-1.570929863535385496e-01,-8.515815085158151554e-02,8.833174653549138999e-02,-1.786734370041256625e-01,-9.108219612821326361e-02,-2.205649000317359831e-01,-7.648365598222786610e-02,1.431291653443351464e-01,-4.580556437109912366e-02,1.086427589125145421e-01,7.965725166613772668e-02,-9.467893790331112502e-02,-8.240770125885962805e-02,-4.178567650481328916e-02,-9.383264572093515110e-02,-9.023590394583730356e-02,-9.467893790331112502e-02,5.194118269332487214e-02,1.132973659155823709e-01,-1.664022003596741794e-01,-1.395324235692372850e-01,1.364646144081244072e-02,-1.004971966571458798e-02,-3.522691209139955371e-02,-7.479107161747593213e-02,3.036073204273775569e-02,-7.902253252935576011e-02,5.363376705807680611e-02,-5.998095842589654808e-02,-2.076589442505024641e-01,-1.498995028033428545e-01,9.425579181212313806e-02,2.002538876547128033e-01
3.945837300327938169e-02,1.428118057759441423e-02,1.672484925420501534e-01,-2.887972072357981868e-02,1.000000000000000000e+00,3.917274939172749604e-01,1.364646144081244072e-02,-1.135089389611763366e-01,4.006135618322225755e-01,4.008251348778166245e-01,3.279382206706865557e-03,-3.096371522268063226e-01,5.934623928911456764e-02,-1.843859092351634588e-01,3.051941182693325150e-01,2.398180471807891678e-01,-3.164074896858140584e-01,-4.072781127684332869e-02,6.082725060827250813e-02,-8.431185866920555549e-02,1.530730984872527289e-01,1.947529884692690005e-01,1.970802919708029288e-01,2.210938326457209321e-02,2.986353538559187726e-01,9.785253358722099948e-02,5.066116576748121991e-01,3.684544589019358996e-01,-2.235269226700518364e-01,-1.704220882259600278e-01,5.024859832857293818e-02,-2.443668676610599721e-02,-9.764096054162700600e-02,-1.471490532106209670e-01,1.014492753623188470e-01,5.807680101555062063e-02,4.390140696075320315e-02,1.558235480799746164e-01,1.384745583412673176e-01,2.294509679466835705e-01,-1.428118057759441423e-02,1.103353432772664761e-01,-1.509573680313128219e-01,-2.008886067914947837e-01,-1.253570295144398605e-01,-1.046228710462287076e-01,-1.399555696604252719e-01,-1.509573680313128219e-01,-1.065270284565746350e-01,-1.221834338305300000e-01,-9.065905003702527665e-02,-8.071511689410769408e-02,-5.109489051094890516e-02,-1.801544483232836169e-01,1.787792235269226523e-02,-9.531365704009309159e-02,6.929017243203215715e-02,3.522691209139955371e-02,-4.136253041362530913e-02,-1.217602877393419991e-01,1.041997249550407206e-01,-1.446101766634930730e-01,-1.724320321591029173e-02,-3.047709721781445280e-01,2.506082725060827521e-01,5.765365492436263367e-02,1.492647836665609018e-01,-2.253252935576008018e-02,1.814238865968475500e-01,-1.258859621284248373e-02,2.383370358616312412e-01,2.152755738918861739e-01,-2.591769808526393770e-02,-7.373320638950597861e-02,7.923410557494975359e-02,-1.343488839521845071e-02,-7.542579075425791257e-02,-2.383370358616312412e-01,-7.055961070559610415e-02,9.806410663281497908e-02,1.865016396911033658e-01,9.679466835925104595e-02,2.032159102930286565e-01,1.270496138791917806e-01,2.912302972601290563e-01,-7.986882471173172016e-02,3.923622130540569408e-01,3.661271554004019713e-01,2.798053527980535193e-01,-8.388871257801755466e-02,-7.796466730138580659e-02,-4.982545223738495815e-02,5.384534010367078571e-02,-1.257801756056278475e-01,3.702528297894848181e-03,5.194118269332487214e-02,-2.066010790225325244e-01,-6.653972283931026965e-02,-2.994816460382947465e-01,-5.046017137416693166e-02,-1.851264148947424221e-02,-5.913466624352057416e-02,-1.513805141225008088e-01,-1.884057971014492794e-01,-3.903522691209139472e-02,-4.157410345921929568e-02,-7.944567862054374707e-02,5.818258753834761737e-03,-5.955781233470855418e-02,8.536972389717550902e-02,-2.580133291018724129e-01,-3.861208082090341470e-02,-1.401671427060192376e-01,9.838146620120596236e-03,-1.145668041891463040e-01,-1.364646144081244072e-02
-4.337247434676822118e-03,3.067809161112874244e-03,1.044112980006347141e-01,-1.264148947424098279e-01,3.917274939172749604e-01,1.000000000000000000e+00,-2.337882153813604022e-02,-1.251454564688458670e-01,3.699354702210938539e-01,4.458901935893366808e-01,-2.359039458373003023e-02,-2.205649000317359831e-01,-3.914101343488839493e-03,-1.706336612715540213e-01,3.845340103670792375e-01,3.788215381360414691e-01,-1.025071405902888005e-01,-9.467893790331112502e-02,-4.125674389082831239e-03,-1.001798370887548861e-01,2.421453506823230684e-01,2.613984978313762531e-01,5.553792446842271968e-02,1.174230403046651848e-02,3.691949645615148767e-02,1.403787157516132311e-01,3.367185020628372105e-01,3.834761451391092701e-01,-1.010261292711308462e-01,-1.659790542684861925e-01,5.130646355654289170e-02,1.089601184809055323e-02,-4.199724955040727570e-02,-1.195387707606051023e-02,6.230826192743044861e-02,1.463027610282449931e-01,4.199724955040727570e-02,7.986882471173172016e-02,1.353009626573574431e-01,2.622447900137522270e-01,1.385803448640643074e-02,1.274727599703797676e-01,-1.245107373320639005e-01,-2.332592827673754532e-01,-6.251983497302443515e-02,-7.817624034697980007e-02,-1.685179308156140865e-01,-1.350893896117634496e-01,-1.731725378186819153e-01,-1.884057971014492794e-01,-2.275468105363376847e-01,-2.294509679466835705e-01,-2.006770337459007625e-01,-2.061779329313445652e-01,1.192214111922141190e-01,-1.808949539828625871e-02,9.785253358722099948e-02,2.401354067491801719e-02,-3.226488945308367967e-02,-1.266264677880038214e-01,1.978207976303818921e-02,-1.253570295144398605e-01,-1.375224796360943746e-03,-1.771924256849677359e-01,9.340949962974717802e-02,2.009943933142917683e-03,-2.856236115518882932e-03,-9.764096054162700600e-02,1.164709615994922176e-01,5.659578969639268015e-02,2.034274833386226777e-01,2.446842272294509624e-01,-3.036073204273775569e-02,-6.886702634084417018e-02,2.267005183539617108e-01,1.357241087485454301e-01,-6.040410451708452810e-02,-1.395324235692372850e-01,-5.680736274198667363e-02,8.769702739870939567e-02,1.685179308156140865e-01,8.981275785464931660e-02,3.079445678620543747e-01,1.941182693324870479e-01,1.213371416481540260e-01,-1.160478155083042445e-01,5.025917698085263785e-01,4.467364857717126547e-01,2.051200677033745978e-01,3.057230508833174570e-02,1.957050671744419920e-02,-4.326668782397122964e-02,1.090659050037025429e-01,-3.247646249867766621e-02,-4.971966571458796488e-03,-8.780281392150640976e-03,-1.907331006029832077e-01,-4.601713741669311714e-02,-1.968687189252089353e-01,-7.394477943509997209e-02,-5.289326139849783890e-04,7.775309425579181311e-02,-1.185866920554321385e-01,-5.744208187876864019e-02,-1.488416375753728871e-01,-6.505871152015234304e-02,-2.887972072357981868e-02,6.907859938643816367e-02,-6.061567756267851464e-02,1.029302866814767875e-01,-2.070242251137205114e-01,-1.018724214535068340e-01,-1.331852322014175360e-01,1.162593885538982380e-01,-2.264889453083677173e-01,1.999365280863218269e-02
7.246376811594203160e-02,2.020522585422617270e-02,2.662646778800381031e-01,3.371416481540251420e-01,1.364646144081244072e-02,-2.337882153813604022e-02,1.000000000000000000e+00,2.140061356183222130e-01,2.220459113508938820e-01,-5.617264360520470012e-02,1.298000634719136959e-01,-2.020522585422617270e-02,2.493388342325187912e-01,5.046017137416693166e-02,4.368983391515920967e-02,-6.653972283931026965e-02,-1.602665820374484240e-01,-2.467999576853908972e-01,2.144292817095101999e-01,-1.562466941711626034e-01,-2.616100708769703020e-01,-2.106209668888183728e-01,2.647836665608801487e-01,1.147783772347402975e-01,1.272611869247857741e-01,1.435523114355231056e-01,-1.018724214535068340e-01,-1.190098381466201255e-01,-1.164709615994922176e-01,-2.101978207976303858e-01,1.145668041891463040e-01,7.881095948376176663e-02,1.798370887548926154e-03,-4.982545223738495815e-02,8.621601607955146906e-02,-7.606050989103987914e-02,-7.965725166613772668e-02,-1.471490532106209670e-01,-4.093938432243732217e-02,-1.860784935999153789e-01,-2.232095631016608323e-02,-1.118163545964244165e-01,2.761028245001586820e-02,-1.724320321591029173e-02,2.856236115518882932e-03,-5.511477837723473966e-02,-5.913466624352057416e-02,-1.458796149370570339e-01,1.211255686025600325e-01,3.565005818258754067e-02,1.217602877393419991e-01,-7.510843118586691368e-03,2.221516978736908995e-03,-6.675129588490426313e-02,-1.052575901830106742e-01,-6.569343065693430961e-02,4.728657569025705720e-02,-6.082725060827250813e-02,1.088543319581085356e-01,-1.526499523960647420e-01,3.348143446524913247e-01,1.110758489368454498e-02,-6.675129588490426313e-02,-8.600444303395747558e-02,2.899608589865650954e-01,1.748651221834338354e-01,2.305088331746535379e-01,1.216545012165450197e-02,-1.198561303289960855e-01,-1.314926478366656160e-01,-1.089601184809055323e-02,-1.703163017031630172e-02,-1.660848407912831823e-02,-1.105469163228604695e-01,-1.247223103776578801e-01,6.611657674812229657e-02,8.367713953242356117e-02,-2.464825981169998723e-02,8.261927430445360765e-02,-1.625938855389823523e-01,-2.133714164815402603e-01,-2.150640008462921804e-01,-2.635142282873161879e-01,-1.509573680313128219e-01,1.507457949857188284e-01,-9.002433090024331008e-02,-1.094890510948905021e-01,-8.029197080291970712e-02,-3.332275468105363320e-02,-1.359356817941394235e-01,1.674600655876441468e-01,9.700624140484501168e-02,9.404421876652914458e-02,1.699989421347720409e-01,-1.164709615994922176e-01,-5.130646355654289170e-02,-8.981275785464931660e-02,-1.418597270707711855e-01,-2.516661377340526640e-01,2.697556331323389470e-02,1.266264677880038214e-01,1.503226488945308414e-01,-2.973659155823548117e-01,-1.765577065481857555e-01,-2.761028245001586820e-02,1.258859621284248373e-02,-5.278747487570083913e-02,-1.575161324447265643e-01,-3.543848513699354719e-02,-9.362107267534117150e-02,1.384745583412673176e-01,-7.500264466306992561e-02,-1.545541098064106555e-01,-3.214852427800697909e-01,4.411298000634718969e-02,2.677456891991960020e-01
-1.033534327726647606e-01,-5.448005924045276616e-02,-1.350893896117634496e-01,4.490637892732465830e-01,-1.135089389611763366e-01,-1.251454564688458670e-01,2.140061356183222130e-01,1.000000000000000000e+00,-7.510843118586691368e-03,1.470432666878239772e-02,-5.151803660213689212e-02,2.474346768221728499e-01,-2.295567544694806020e-02,3.815719877287633843e-01,-2.302972601290595722e-01,-1.382629852956733241e-01,-9.700624140484501168e-02,-1.724320321591029173e-02,-4.686342959906907718e-02,-1.089601184809055323e-02,-3.379879403364011159e-01,-2.168623717338411319e-02,-1.623823124933883588e-01,1.103353432772664761e-01,-1.979265841531788750e-01,1.597376494234634473e-02,-2.294509679466835705e-01,-2.415106315455410879e-01,-2.909129376917380869e-02,5.067174441976092514e-02,-1.428118057759441423e-02,1.204908494657780660e-01,1.264148947424098279e-01,2.732465883846398325e-01,-3.543848513699354719e-02,8.198455516767164108e-02,-7.394477943509997209e-02,-1.249338834232518736e-01,6.125039669946048815e-02,-1.579392785359145235e-01,-4.707500264466307760e-02,-1.258859621284248373e-02,-1.618533798794033474e-02,-4.242039564159526266e-02,-2.570612503966994422e-02,7.500264466306992561e-02,-9.615994922246905163e-02,-1.067386015021686285e-01,3.797736168412144814e-02,1.004971966571458798e-02,-7.013646461440813107e-02,-2.126309108219612623e-02,-3.988151909446736171e-02,-5.807680101555062063e-02,-1.465143340738389865e-01,-9.721781445043901904e-02,-9.044747699143129704e-02,-2.210938326457209321e-02,8.325399344123558809e-02,9.171691526499523017e-02,2.250079339892097630e-01,5.377128953771289632e-01,2.189781021897810320e-02,2.569554638739024455e-01,-1.393208505236432915e-01,4.010367079234105625e-01,-6.971331852322014411e-02,1.714799534539299952e-01,-1.941182693324870479e-01,-7.415635248069396557e-02,6.378927324658838216e-02,-5.448005924045276616e-02,-9.626573574526604490e-03,3.480376600021157368e-02,-1.745477626150428521e-02,-6.061567756267851464e-02,-7.648365598222786610e-02,7.077118375119009763e-02,1.416481540251771920e-01,1.872421453506823222e-02,5.849994710673860066e-02,-6.971331852322014411e-02,-1.922141119221411065e-01,-5.003702528297895163e-02,-2.370675975880673081e-01,1.052575901830106742e-01,-2.087168094784724315e-01,-2.023696181106527103e-01,-1.346662435205754904e-01,1.872421453506823222e-02,1.240875912408759135e-01,-1.160478155083042445e-01,6.886702634084417018e-02,-3.882365386649740818e-02,-1.089601184809055323e-02,-2.782185549560985821e-02,-2.401354067491801719e-02,1.957050671744419920e-02,6.759758806728023706e-02,-2.782185549560985821e-02,9.721781445043901904e-02,-6.653972283931026965e-02,-4.284354173278324268e-02,-8.325399344123558809e-02,-3.173595683909869684e-04,-1.141436580979583310e-01,-1.026129271130857973e-02,6.103882365386650161e-02,1.209139955569660391e-01,-1.831164709615994701e-01,7.182904897916006504e-02,-4.982545223738495815e-02,-8.071511689410769408e-02,-1.092774780492965087e-01,2.189781021897810320e-02,4.707500264466307760e-02
1.137205120067703440e-01,6.865545329525019058e-02,1.496879297577488610e-01,-3.078387813392573572e-02,4.006135618322225755e-01,3.699354702210938539e-01,2.220459113508938820e-01,-7.510843118586691368e-03,1.000000000000000000e+00,3.506823230720406137e-01,1.202792764201840725e-01,-1.867132127366973315e-01,2.402411932719771548e-01,-3.903522691209139472e-02,4.209245742092457276e-01,2.527240029620226314e-01,-2.146408547551042212e-01,-1.691526499523960669e-01,1.604781550830424175e-01,-1.585739976726965039e-01,2.972601290595578219e-02,5.109489051094890516e-02,1.609013011742304045e-01,-1.914736062625621571e-02,9.446736485771713154e-02,7.563736379985189218e-02,2.795937797524595814e-01,2.324129905849994793e-01,-2.220459113508938820e-01,-2.785359145244896140e-01,-5.405691314926478613e-02,-7.077118375119009763e-02,-1.676716386332381126e-01,-1.841743361895694375e-01,4.707500264466307760e-02,-6.876123981804717865e-03,3.438061990902359366e-02,7.563736379985189218e-02,1.357241087485454301e-01,1.298000634719136959e-01,5.617264360520470012e-02,1.008145562255368805e-01,-1.917909658309531473e-01,-2.286046757643076244e-01,-1.606897281286364110e-01,-1.835396170527874848e-01,-2.027927642018406695e-01,-2.730350153390457835e-01,-1.452448958002750534e-01,-1.443986036178990795e-01,-5.067174441976092514e-02,-8.769702739870939567e-02,-5.088331746535491168e-02,-2.087168094784724315e-01,5.448005924045276616e-02,-8.579286998836348210e-02,9.319792658415318454e-02,5.363376705807680611e-02,9.679466835925104595e-02,-7.034803766000211067e-02,2.728234422934518455e-01,-5.342219401248280569e-02,-6.950174547762615063e-02,-3.168306357770019899e-01,2.867872633026552487e-01,1.111816354596424500e-01,1.164709615994922176e-01,-1.124510737332063831e-01,1.532846715328467224e-01,-5.469163228604675964e-02,1.780387178673437099e-01,1.274727599703797676e-01,-4.474769914312916319e-02,-1.230297260129059600e-01,4.178567650481328916e-02,4.347826086956522312e-02,6.315455410980640172e-02,-1.111816354596424500e-01,4.136253041362530913e-02,-7.933989209774675727e-03,3.311118163545963972e-02,-3.755421559293346118e-02,5.913466624352057416e-02,9.552523008568708507e-02,2.766317571141436726e-01,-1.223950068761239934e-01,2.432032159102930358e-01,2.668993970168200836e-01,2.728234422934518455e-01,-4.601713741669311714e-02,6.315455410980640172e-02,6.802073415846821014e-02,4.093938432243732217e-02,4.030466518565534867e-02,5.215275573891886562e-02,7.077118375119009763e-02,-1.903099545117951930e-01,-6.294298106421242212e-02,-3.339680524701153508e-01,2.126309108219612623e-02,4.770972178144504416e-02,1.808949539828625871e-02,-2.599174865122183542e-01,-1.814238865968475500e-01,-1.272611869247857741e-01,-2.782185549560985821e-02,-1.449275362318840424e-02,-5.786522796995663409e-02,-1.020839944991008136e-01,5.765365492436263367e-02,-1.075848936845445886e-01,-9.848725272400296604e-02,-8.494657780598752206e-02,-1.274727599703797676e-01,-1.359356817941394235e-01,1.532846715328467224e-01
4.337247434676822118e-03,-8.896646567227335656e-02,4.749814873585105762e-02,-8.896646567227335656e-02,4.008251348778166245e-01,4.458901935893366808e-01,-5.617264360520470012e-02,1.470432666878239772e-02,3.506823230720406137e-01,1.000000000000000000e+00,-1.914736062625621571e-02,-2.313551253570295119e-01,5.892309319792658762e-02,-9.087062308261927013e-02,3.225431080080397583e-01,4.556225536866603809e-01,-2.300856870834655787e-01,-1.892520892838252533e-01,-3.226488945308367967e-02,-2.133714164815402603e-01,1.898868084206072060e-01,2.840368137099333889e-01,1.131915793927853499e-02,5.183539617052787367e-03,7.510843118586691368e-03,3.607320427377552069e-02,4.135195176134560668e-01,3.312176028773934355e-01,-2.484925420501428173e-01,-2.478578229133608368e-01,-1.384745583412673176e-01,-1.674600655876441468e-01,-2.389717549984131939e-01,-1.475721993018089540e-01,6.378927324658838216e-02,1.143552311435523106e-01,1.174230403046651848e-02,3.734264254733946770e-02,1.909446736485771734e-01,3.563947953030783822e-01,-4.125674389082831239e-03,1.298000634719136959e-01,-1.788850100497196560e-01,-2.085052364328784658e-01,-1.190098381466201255e-01,-1.308579286998836355e-01,-2.131598434359462668e-01,-1.729609647730878941e-01,-1.856553475087273919e-01,-1.310695017454776290e-01,-1.710568073627420083e-01,-1.192214111922141190e-01,-1.543425367608166898e-01,-1.166825346450862111e-01,7.754152121019781962e-02,-3.141859727070771269e-02,-6.019253147149053462e-02,-5.617264360520470012e-02,-7.775309425579181311e-02,-5.701893578758066017e-02,-1.131915793927853499e-02,-5.321062096688881915e-02,-3.163017031630170617e-02,-2.899608589865650954e-01,1.088543319581085356e-01,1.046228710462287076e-01,-2.591769808526393770e-02,-9.573680313128107855e-02,7.732994816460382614e-02,-7.479107161747593213e-02,2.011001798370887494e-01,2.186607426213900418e-01,-8.600444303395747558e-02,-1.080080397757325755e-01,2.137945625727282473e-01,3.099545117951973267e-02,-1.384745583412673176e-01,-1.680947847244260995e-01,-9.933354490637892609e-02,1.183751190098381589e-01,8.071511689410769408e-02,5.321062096688881915e-02,1.710568073627420083e-01,1.482069184385909344e-01,1.092774780492965087e-01,3.945837300327938169e-02,3.339680524701153508e-01,3.563947953030783822e-01,1.824817518248175174e-01,1.217602877393419991e-01,5.024859832857293818e-02,9.192848831058922365e-02,7.584893684544589954e-02,1.851264148947424221e-02,1.597376494234634473e-02,4.813286787263303113e-02,-1.989844493811488424e-01,-1.449275362318840424e-02,-1.293769173807257089e-01,7.055961070559610415e-02,1.364646144081244072e-02,8.642758912514546255e-02,-1.560351211255686099e-01,-3.607320427377552069e-02,-1.041997249550407206e-01,-4.411298000634718969e-02,-1.649211890405162251e-01,2.951443986036178871e-02,-4.220882259600126918e-02,2.316724849254205021e-02,-2.664762509256320966e-01,-1.957050671744419920e-02,-8.991854437744630987e-03,9.150534221940125057e-02,-1.509573680313128219e-01,-1.057865227969956697e-04
3.705701893578758344e-01,1.799428752776896234e-01,-1.084311858669205486e-01,-1.344546704749814969e-01,3.279382206706865557e-03,-2.359039458373003023e-02,1.298000634719136959e-01,-5.151803660213689212e-02,1.202792764201840725e-01,-1.914736062625621571e-02,1.000000000000000000e+00,1.619591664022003441e-01,5.123241299058499676e-01,1.217602877393419991e-01,1.416481540251771920e-01,-2.316724849254205021e-02,6.664550936210726119e-03,1.153073098487252673e-02,2.578017560562784749e-01,1.449275362318840424e-02,-9.933354490637892609e-02,-1.198561303289960855e-01,6.653972283931026965e-02,-6.452977890616736108e-03,-7.267534116153602508e-02,-8.769702739870939567e-02,5.701893578758066017e-02,-1.428118057759441423e-02,9.700624140484501168e-02,3.713106950174548115e-02,-7.732994816460382614e-02,-1.008145562255368805e-01,-1.443986036178990795e-01,-2.002538876547128033e-01,-2.030043372474346908e-01,-3.255051306463556671e-01,-2.274410240135407019e-02,-5.765365492436263367e-02,-1.491589971437638773e-02,-1.194329842378081125e-01,8.748545435311541607e-02,2.644663069924891620e-03,-1.359356817941394235e-01,1.301174230403046722e-02,-2.588596212842483868e-01,-2.169681582566381217e-01,-6.611657674812229657e-02,-1.884057971014492794e-01,-1.058923093197926685e-01,-1.257801756056278475e-01,4.760393525864804742e-03,-8.981275785464931660e-02,3.332275468105363320e-02,-1.460911879826510273e-01,-4.919073310060299159e-02,-1.162593885538982380e-01,2.451073733206389493e-01,1.399555696604252719e-01,2.232095631016608323e-02,-8.177298212207764760e-02,1.970802919708029288e-01,-4.792129482703903764e-02,3.642229979900560854e-01,3.014915899714376568e-02,3.374590077224162016e-02,-1.143552311435523106e-01,-1.970802919708029288e-01,-3.219083888712578334e-01,-6.241404845022744362e-03,-8.431185866920555549e-02,-1.957050671744419920e-02,3.480376600021157368e-02,1.342430974293875034e-01,1.274727599703797676e-01,-3.945837300327938169e-02,-4.495927218872315667e-02,1.084311858669205486e-01,2.591769808526393770e-02,-4.792129482703903764e-02,-4.855601396382101115e-02,-2.824500158679784170e-02,-4.855601396382101115e-02,1.174230403046651848e-02,-5.003702528297895163e-02,2.262773722627737238e-01,-1.177403998730561646e-01,1.089601184809055323e-02,-5.088331746535491168e-02,2.487041150957368107e-01,-9.256320744737121797e-02,-6.378927324658838216e-02,5.448005924045276616e-02,-4.284354173278324268e-02,2.676399026763990122e-02,-9.425579181212313806e-02,-5.490320533164074618e-02,6.950174547762615063e-02,-7.055961070559610415e-02,-7.034803766000211067e-02,1.583624246271025104e-01,1.047286575690257147e-02,3.205331640748968619e-02,-4.157410345921929568e-02,5.003702528297895163e-02,-9.626573574526604490e-03,-9.002433090024331008e-02,-1.016608484079128405e-01,-1.343488839521845071e-02,8.536972389717550902e-02,-1.343488839521845071e-02,7.013646461440813107e-02,-9.721781445043901904e-02,-9.552523008568708507e-02,-9.827567967840897256e-02,-8.568708346556649230e-03,8.346556648682956769e-02
9.954511795197291957e-02,1.839627631439754718e-01,-4.103459219295461646e-01,7.182904897916006504e-02,-3.096371522268063226e-01,-2.205649000317359831e-01,-2.020522585422617270e-02,2.474346768221728499e-01,-1.867132127366973315e-01,-2.313551253570295119e-01,1.619591664022003441e-01,1.000000000000000000e+00,9.404421876652914458e-02,5.142282873161959644e-01,-1.903099545117951930e-01,-2.184491695757960483e-01,4.876758700941499769e-02,1.124510737332063831e-01,-8.145562255368665738e-03,2.393949010896011809e-01,-2.772664762509256531e-01,-1.281074791071617480e-01,-2.599174865122183542e-01,6.738601502168622970e-02,-3.381995133819951649e-01,-2.025811911562467038e-01,-2.795937797524595814e-01,-3.090024330900243421e-01,1.479953453929969409e-01,2.607637786945943281e-01,-9.023590394583730356e-02,1.057865227969956697e-04,4.242039564159526266e-02,9.912197186078493261e-02,-3.200042314609118921e-01,-1.018724214535068340e-01,-7.119432984237808459e-02,-1.932719771501110739e-01,-2.570612503966994422e-02,-1.877710779646672989e-01,1.080080397757325755e-01,7.944567862054374707e-02,-2.993758595154977567e-02,8.177298212207764760e-02,-1.135089389611763366e-01,6.241404845022744362e-03,3.057230508833174570e-02,7.796466730138580659e-02,1.449275362318840424e-02,1.092774780492965087e-01,1.374166931132973779e-01,9.827567967840897256e-02,1.367819739765153975e-01,1.037765788638527475e-01,9.108219612821326361e-02,1.374166931132973779e-01,-1.153073098487252673e-02,2.803342854120385169e-02,5.088331746535491168e-02,1.190098381466201255e-01,2.591769808526393770e-02,2.383370358616312412e-01,8.854331958108538347e-02,3.417962551570929985e-01,-3.341796255157093443e-01,-1.893578758066222570e-02,-3.106950174547762900e-01,-3.691949645615148767e-02,-1.888289431926372663e-01,5.426848619485877961e-02,-1.344546704749814969e-01,-1.748651221834338354e-01,1.712683804083359740e-01,2.347402940865333798e-01,-3.247646249867766621e-02,4.326668782397122964e-02,1.258859621284248373e-02,1.488416375753728871e-01,2.464825981169998723e-02,-1.278959060615677545e-01,7.087697027398709611e-03,-2.549455199407595421e-02,-2.443668676610599721e-02,-4.686342959906907718e-02,-1.649211890405162251e-01,1.507457949857188284e-01,-2.068126520681265179e-01,-2.829789484819634215e-01,-9.721781445043901904e-02,2.655241722204591120e-02,4.051623823124934215e-02,-1.386861313868613110e-01,-4.474769914312916319e-02,-3.522691209139955371e-02,-7.965725166613772668e-02,-7.161747593356607156e-02,1.259917486512218410e-01,5.701893578758066017e-02,2.154871469374801674e-01,-6.876123981804717865e-03,1.016608484079128405e-01,1.449275362318840424e-02,1.469374801650269735e-01,6.336612715540040908e-02,-8.991854437744630987e-03,-1.211255686025600325e-01,7.711837511900983266e-02,1.006029831799428731e-01,7.077118375119009763e-02,-9.235163440177722449e-02,1.922141119221411065e-01,-7.627208293663387262e-02,-3.490955252300857303e-03,-6.548185761134031613e-02,1.046228710462287076e-01,2.401354067491801719e-02
3.487781656616947279e-01,1.209139955569660391e-01,3.903522691209139472e-02,-1.194329842378081125e-01,5.934623928911456764e-02,-3.914101343488839493e-03,2.493388342325187912e-01,-2.295567544694806020e-02,2.402411932719771548e-01,5.892309319792658762e-02,5.123241299058499676e-01,9.404421876652914458e-02,1.000000000000000000e+00,1.871363588278853463e-01,2.853062519834972943e-01,8.875489262667934920e-02,-1.099121971860785030e-01,-1.439754575267110925e-01,2.605522056490003346e-01,-1.215487146937480334e-01,-1.147783772347402975e-01,-1.116047815508304231e-01,1.949645615148630218e-01,6.357770020099440256e-02,-4.242039564159526266e-02,-1.162593885538982380e-01,5.257590183010684565e-02,-8.145562255368665738e-03,-9.277478049296518370e-02,-1.746535491378398142e-01,-1.304347826086956486e-01,-1.522268063048767550e-01,-1.970802919708029288e-01,-3.282555802390775268e-01,-1.215487146937480334e-01,-2.148524278006981869e-01,-5.976938538030254766e-02,-1.276843330159737611e-01,1.237702316724849372e-02,-6.125039669946048815e-02,6.738601502168622970e-02,-2.380196762932402718e-02,-2.406643393631651140e-01,-1.589971437638844909e-01,-2.810747910716174802e-01,-2.950386120808209389e-01,-1.505342219401248349e-01,-2.652068126520681357e-01,-1.281074791071617480e-01,-1.539193906696287029e-01,3.078387813392573572e-02,-8.706230826192742911e-02,-3.163017031630170617e-02,-1.721146725907119479e-01,-6.251983497302443515e-02,-9.869882576959695952e-02,8.621601607955146906e-02,6.357770020099440256e-02,8.558129694276948862e-02,1.195387707606051023e-02,3.326986141965513899e-01,-2.909129376917380869e-02,1.697873690891780196e-01,-1.456680418914630404e-01,1.363588278853274105e-01,-3.797736168412144814e-02,-8.558129694276948862e-02,-3.504707500264466202e-01,1.301174230403046722e-02,-1.738072569554638680e-01,3.067809161112874244e-03,4.644028350788109716e-02,3.459219295461758020e-02,1.512747275997038121e-02,-7.098275679678409111e-02,-3.279382206706865557e-03,7.098275679678409111e-02,1.978207976303818921e-02,-2.528297894848196420e-02,-1.050460171374167084e-01,-1.422828731619591724e-01,-2.239500687612398233e-01,1.872421453506823222e-02,-1.163651750766952217e-03,3.090024330900243421e-01,-1.039881519094467410e-01,5.723050883317465365e-02,5.934623928911456764e-02,2.455305194118269640e-01,-7.542579075425791257e-02,-6.019253147149053462e-02,9.700624140484501168e-02,-7.775309425579181311e-02,3.713106950174548115e-02,-4.749814873585105762e-02,1.978207976303818921e-02,-7.542579075425791257e-02,-8.008039775732572751e-02,-1.336083782926055230e-01,1.302232095631016551e-01,7.965725166613772668e-02,6.696286893049825661e-02,-8.748545435311541607e-02,-1.322331534962445723e-02,-8.812017348989738263e-02,-8.981275785464931660e-02,-4.770972178144504416e-02,-1.364646144081244072e-02,-1.766634930709827522e-02,-9.573680313128107855e-02,-1.131915793927853499e-02,-1.740188300010578615e-01,-2.168623717338411319e-02,-1.704220882259600278e-01,-2.189781021897810320e-02,9.214006135618321713e-02
