1.000000000000000000e+00,3.847144697294975768e-01,-9.725203950193214708e-02,-2.048089308716186940e-01,-6.118505796479174752e-02,-2.091026191498496778e-01,-7.299270072992700489e-03,-1.206526406182911043e-01,-4.508372692142549598e-02,-1.934306569343065552e-01,2.303563761270931431e-01,1.352511807642765018e-01,1.326749677973378949e-01,-9.124087591240875872e-02,-1.481322455989694808e-01,-3.072133963074280549e-01,4.036066981537139720e-02,1.006869901245169424e-01,4.072563331902103734e-01,3.250322026620867111e-01,7.084585659081149914e-03,-1.223701159295834812e-02,-2.159725203950192962e-01,-2.823100042936882437e-01,-1.610133104336625154e-01,-2.286389008158007385e-01,-6.075568913696864637e-02,-1.197939029626448881e-01,2.146844139115500064e-04,-5.925289823958779928e-02,-1.534993559467582591e-01,-2.580506655216830980e-01,-2.576212966938599969e-02,-2.318591670244739972e-02,-2.015886646629454493e-01,-2.400171747531128774e-01,-5.302705023615285340e-02,9.016745384285099890e-03,5.968226706741089349e-02,1.152855302705023399e-01,7.513954486904250198e-03,2.146844139115500064e-04,2.067410905968226353e-01,2.269214255045083339e-01,1.077715757835980975e-01,9.360240446543578730e-02,8.587376556461999433e-02,7.299270072992700142e-02,1.354658651781880385e-01,1.268784886217260433e-01,1.150708458565907893e-01,9.875483039931300111e-02,1.492056676685272476e-01,6.848432803778445321e-02,1.459854014598540098e-02,1.425504508372691936e-01,3.505796479175611324e-01,3.469300128810647310e-01,4.044654358093601743e-01,2.619149849720909806e-01,3.842851009016745034e-01,-5.946758265349934292e-02,1.932159725203949760e-03,-6.247316444826105097e-02,-3.194504079003863684e-01,-2.758694718763417542e-01,-5.324173465006439704e-02,3.735508802060969608e-02,3.192357234864748317e-01,2.350794332331472281e-01,1.036925719192786505e-01,-2.769428939458994793e-02,1.468441391155002052e-01,7.921854873336195424e-02,8.243881494203519900e-02,1.144267926148561515e-01,5.002146844139114534e-02,-4.594246457707169828e-02,-3.735508802060969608e-02,-2.060970373550879975e-02,-7.084585659081149567e-02,-1.232288535852296835e-01,-6.311721768999570270e-02,7.685702018033489791e-02,-2.148990983254615572e-01,-2.136109918419922260e-01,-1.021897810218977964e-01,-2.855302705023615023e-02,1.889222842421639861e-02,3.971661657363674547e-02,-2.166165736367539618e-01,3.091455560326319615e-02,-1.704594246457706852e-01,6.011163589523400158e-02,7.449549162730784158e-02,-4.959209961356805113e-02,6.225848003434950040e-02,6.419063975955345558e-02,5.560326320309144643e-02,1.631601545727779934e-01,-4.057535422928294777e-02,1.979390296264491034e-01,4.508372692142549945e-03,6.934306569343065552e-02,-4.744525547445255231e-02,-5.860884499785314755e-02,-2.290682696436238119e-01,-4.551309574924860407e-02,-8.243881494203519900e-02,-4.615714899098324886e-02,5.259768140832974531e-02,-6.569343065693429573e-02,5.152425933877199937e-03,1.238729068269643491e-01,-3.027050236152855137e-02,-4.164877629884070065e-02
3.847144697294975768e-01,1.000000000000000000e+00,-2.767282095319879565e-01,-1.103477887505367044e-01,-3.419922713610991094e-01,-2.254186346071275215e-01,-2.674967797337912678e-01,-6.440532417346499228e-02,-3.331902103907256052e-01,-1.569343065693430406e-01,-9.639330184628594478e-02,1.442679261485615982e-01,-1.983683984542722045e-01,-1.118505796479175446e-01,-4.100472305710604615e-01,-2.273507943323314351e-01,1.129240017174752975e-01,3.046371833404894480e-01,3.054959209961356503e-01,4.624302275654786909e-01,-1.715328467153284520e-01,-2.204808930871618167e-01,-1.790468012022326805e-01,-2.363675397166165315e-01,-2.825246887075997804e-01,-2.591240875912408370e-01,-3.273937312151137258e-01,-8.115070845856589554e-02,-3.542292829540574783e-02,-3.563761270931729841e-02,-7.878917990553885309e-02,-1.223701159295834950e-01,1.296693860025761869e-01,2.022327179046800871e-01,-1.788321167883211438e-01,-1.811936453413482140e-01,-2.273507943323314351e-01,-9.102619149849720814e-02,-2.301416917131815787e-01,-8.694718763417776108e-02,-1.466294547015886407e-01,-1.002576212966938413e-01,1.818376985830828518e-01,1.762559038213825369e-01,1.592958351223700830e-01,2.460283383426362935e-01,1.532846715328466947e-01,1.451266638042078005e-01,1.526406182911120291e-01,1.779733791326749692e-01,9.102619149849720814e-02,1.296693860025761869e-01,9.768140832975523435e-02,8.222413052812364842e-02,1.459854014598540098e-02,1.309574924860454903e-01,4.527694289394589289e-01,6.522112494632889002e-01,3.482181193645340622e-01,2.593387720051523737e-01,1.571489909832546050e-01,-1.438385573207384867e-02,2.080291970802919665e-01,2.243452125375697548e-01,-3.615285530270501702e-01,-3.085015027908973306e-01,-3.477887505367110305e-02,1.051953628166594906e-01,4.171318162301416166e-01,3.574495491627306953e-01,-2.033061399742378539e-01,-2.254186346071274799e-02,2.455989695148131924e-01,2.986260197509660319e-01,2.477458136539286981e-01,3.067840274796049260e-01,-1.668097896092743393e-01,-1.000429368827822907e-01,-3.306139974237869844e-02,5.925289823958779928e-02,-3.005581794761700079e-02,1.013310433662515941e-01,-2.361528553027049948e-01,-2.490339201373980085e-02,-3.939458995276942099e-01,7.320738514383855200e-02,-2.932589094031772814e-01,2.812365822241304561e-02,-2.018033490768569860e-01,2.492486045513095383e-01,-1.363246028338342408e-01,-8.158007728638899322e-03,-3.048518677544009847e-02,7.685702018033489791e-02,2.769428939458994793e-02,1.354658651781880385e-01,2.009446114212107837e-01,2.024474023185916516e-01,2.140403606698153272e-01,1.618720480893086899e-01,-6.762559038213825091e-02,1.876341777586946757e-01,1.051953628166595045e-02,1.625161013310433555e-01,-2.028767711464147527e-01,-1.225848003434950456e-01,-3.239587805925289166e-01,-3.048518677544009847e-02,-1.545727780163159808e-02,-4.057535422928294777e-02,8.222413052812364842e-02,1.704594246457706852e-01,9.446114212108200348e-02,1.006869901245169424e-01,1.114212108200944434e-01,-3.477887505367110305e-02
-9.725203950193214708e-02,-2.767282095319879565e-01,1.000000000000000000e+00,3.780592528982395506e-01,3.460712752254185842e-01,2.226277372262773502e-01,6.464147702876770207e-01,7.750107342206954963e-02,3.398454272219836314e-01,3.434950622584800103e-03,1.163589523400600928e-01,-2.732932589094031472e-01,1.685272649205667439e-01,-8.501502790897379203e-02,4.106912838127951271e-01,1.034778875053670999e-01,1.094890510948904987e-02,-6.655216831258049803e-02,1.665951051953628026e-01,1.105624731644482411e-01,2.103907256333190090e-02,3.563761270931729841e-02,2.685702018033490623e-01,2.868183769858307919e-01,1.990124516960068146e-01,2.760841562902532909e-01,6.268784886217260155e-02,-1.502790897380849909e-03,-3.177329325890939499e-02,-4.100472305710604892e-02,2.511807642765134796e-01,2.526835551738943475e-01,1.380420781451266454e-01,8.737655646200084836e-02,3.147273507943322834e-01,3.127951910691283421e-01,1.339630742808071984e-01,1.569343065693430406e-01,2.015886646629454493e-01,8.930871618720478966e-02,-2.060970373550879975e-02,7.857449549162730251e-02,-3.297552597681407960e-01,-2.984113353370544952e-01,-1.320309145556032571e-01,-3.321167883211678107e-01,-2.453842851009016557e-01,-2.784456848432803611e-01,-2.146844139115499928e-01,-3.241734650064405088e-01,-2.599828252468870393e-01,-3.703306139974237299e-01,-3.134392443108629522e-01,-3.907256333190209374e-01,-1.577930442249892429e-01,-2.200515242593387433e-01,-1.674538428510089980e-02,-2.878917990553885309e-01,-2.307857449549162443e-01,-3.540145985401459416e-01,-2.896092743666809355e-01,-2.060970373550879975e-01,-6.397595534564190500e-02,-1.665951051953628026e-01,3.694718763417775276e-01,2.310004293688277810e-01,3.780592528982395506e-01,1.161442679261485422e-01,3.134392443108630077e-02,5.023615285530269592e-02,2.924001717475310791e-01,6.440532417346499228e-02,1.032632030914555493e-01,3.005581794761700079e-02,-1.738943752683555152e-02,-7.299270072992700142e-02,1.923572348647487884e-01,-9.231429798196650466e-03,3.027050236152855137e-02,-5.517389437526835222e-02,-4.744525547445255231e-02,-1.616573636753971532e-01,4.186346071275225122e-02,-4.057535422928294777e-02,2.666380420781450655e-01,-3.387720051524258369e-01,3.922284242164018053e-01,1.215113782739372927e-01,9.038213825676254254e-02,-4.328037784456847392e-01,7.385143838557320373e-02,-4.443967367969085119e-02,-9.467582653499355405e-02,-2.428080721339630210e-01,2.146844139115499858e-02,-8.501502790897379203e-02,-3.220266208673249961e-03,-1.524259338772004924e-01,-1.863460712752253723e-01,-2.522541863460712741e-01,4.937741519965650056e-02,-3.162301416917131514e-01,1.331043366251609961e-01,-8.887934735938170239e-02,8.973808501502789081e-02,9.918419922713610226e-02,3.104336625161012719e-01,-2.726492056676685025e-02,1.333190210390725328e-01,2.361528553027050087e-02,-6.225848003434950040e-02,-2.075998282524688654e-01,-2.767282095319879565e-01,-2.155431515671961951e-01,-2.975525976814082929e-01,-9.038213825676254254e-02
-2.048089308716186940e-01,-1.103477887505367044e-01,3.780592528982395506e-01,1.000000000000000000e+00,8.007728638900814266e-02,3.885787891799055149e-01,4.057535422928295055e-01,5.182481751824816740e-01,4.293688278230999716e-02,2.681408329755259334e-01,3.327608415629024902e-02,-1.009016745384284930e-01,2.662086732503219852e-02,1.438385573207384867e-02,1.288106483469299846e-01,2.406612279948475430e-01,3.692571919278660186e-02,-5.173894375268354995e-02,1.818376985830828518e-01,1.919278660369256873e-01,-1.376127093173035443e-01,-1.595105195362816475e-01,1.833404894804636920e-01,3.810648346930012864e-01,2.447402318591669623e-02,4.248604551309573818e-01,-1.638042078145126312e-01,-2.747960498067840082e-02,-1.187204808930871491e-01,-7.299270072992700142e-02,2.750107342206955519e-01,3.688278231000428620e-01,2.589094031773293003e-01,3.568054959209961408e-01,2.011592958351223481e-01,2.284242164018892018e-01,-8.351223701159295187e-02,-6.612279948475739688e-02,-7.728638900815799039e-03,-1.867754401030484804e-02,-1.474881923572348430e-01,-1.650923142979819624e-01,-3.973808501502790747e-01,-4.231429798196650327e-01,-1.992271361099184068e-01,-4.070416487762988367e-01,-3.739802490339200758e-01,-5.032202662086732170e-01,-3.930871618720480076e-01,-4.669386002576211836e-01,-4.735938170888793208e-01,-5.195362816659510052e-01,-5.236152855302703690e-01,-4.909832546157148481e-01,-4.461142121082009027e-01,-4.194933447831686868e-01,-3.327608415629024902e-02,-2.344353799914125902e-01,-3.065693430656933893e-01,-2.971232288535851640e-01,-3.319021039072562740e-01,1.316015457277801559e-01,8.780592528982394951e-02,9.038213825676254254e-02,3.082868183769857939e-01,4.145556032632030652e-01,2.687848862172605990e-01,2.254186346071275215e-01,-2.361528553027049827e-03,7.707170459424644848e-02,1.844139115500214310e-01,1.805495920996135484e-01,1.288106483469299846e-01,1.792614856161442449e-01,1.335337054529840972e-01,1.009016745384284930e-02,8.952340060111634024e-02,2.747960498067840082e-02,3.306139974237869844e-02,-6.268784886217260155e-02,-9.016745384285099196e-02,-7.299270072992700142e-02,-1.232288535852296835e-01,-3.993130098754829604e-02,8.222413052812364842e-02,-6.247316444826105097e-02,1.365392872477458053e-01,1.595105195362816475e-01,-2.481751824817517993e-01,-2.621296693860025173e-01,2.947617003005581493e-01,7.943323314727349094e-02,2.404465435809360063e-01,-1.412623443537998902e-01,-4.508372692142549945e-03,9.768140832975523435e-02,1.395448690425074856e-01,-8.372692142550449898e-03,-1.509231429798196522e-01,-2.855302705023615162e-01,4.529841133533705350e-02,-3.516530699871188714e-01,-3.220266208673249961e-03,-1.079862601975096481e-01,-9.231429798196650466e-03,-6.462000858737654285e-02,1.221554315156719445e-01,0.000000000000000000e+00,8.029197080291969324e-02,-1.309574924860454868e-02,-4.615714899098324886e-02,-1.137827393731214998e-01,-1.288106483469299846e-01,-2.554744525547444911e-02,-6.225848003434950213e-03,-8.329755259768140130e-02
-6.118505796479174752e-02,-3.419922713610991094e-01,3.460712752254185842e-01,8.007728638900814266e-02,1.000000000000000000e+00,2.866036925719192552e-01,3.192357234864748317e-01,1.610133104336624807e-02,5.729927007299269182e-01,2.237011592958350892e-01,2.632030914555603118e-01,2.597681408329754679e-02,3.235294117647058432e-01,1.760412194074709863e-02,3.170888793473592981e-01,7.256333190210390027e-02,-1.109918419922713423e-01,-1.945040790038642942e-01,-5.581794761700299701e-02,-1.835551738943752287e-01,6.225848003434950040e-02,1.099184199227136033e-01,4.014598540145984662e-02,1.446972949763846994e-01,3.703306139974237299e-01,2.155431515671961951e-01,3.336195792185486786e-01,1.788321167883211438e-01,-1.760412194074709863e-02,-3.499355946758264668e-02,4.937741519965650056e-02,4.229282954057535238e-02,5.259768140832974531e-02,-1.745384285100901323e-01,2.357234864748818937e-01,2.462430227565478580e-01,1.459854014598540028e-01,9.725203950193214708e-02,1.384714469729497466e-01,1.159295835122369986e-02,-8.844997853155860124e-02,-7.943323314727349094e-02,-2.962644911979389617e-01,-2.125375697724345148e-01,-1.474881923572348430e-01,-3.024903392013739145e-01,-2.209102619149849178e-01,-1.930012881064834540e-01,-2.215543151567195834e-01,-1.837698583082867931e-01,-1.509231429798196522e-01,-1.685272649205667439e-01,-1.395448690425074856e-01,-1.966509231429797999e-01,-8.179476170030054727e-02,-1.814083297552597507e-01,-1.343924431086302995e-01,-2.964791756118505539e-01,-2.067410905968226353e-01,-8.780592528982394951e-02,2.511807642765134796e-02,4.207814512666380180e-02,-4.070416487762988367e-01,-3.894375268355517172e-01,3.042078145126663746e-01,3.082868183769857939e-01,1.530699871189351302e-01,7.943323314727348747e-03,-6.698153714040359918e-02,-1.073422069557749964e-01,2.790897380850149712e-01,6.139974237870329810e-02,-1.092743666809789516e-01,-1.970802919708029011e-01,-5.903821382567624870e-02,-1.794761700300557816e-01,1.404036066981536879e-01,5.560326320309144643e-02,6.805495920996135206e-02,-3.370545298411334323e-02,1.610133104336624807e-02,-2.187634177758694398e-01,5.045083726921424649e-02,-1.191498497209102364e-01,4.224989265779304226e-01,-2.168312580506654708e-01,2.964791756118505539e-01,9.016745384285099890e-03,2.685702018033490623e-01,-2.924001717475310791e-01,-3.005581794761699819e-03,-5.796479175611849929e-03,2.468870759982825028e-02,-7.363675397166165315e-02,-1.077715757835980975e-01,-7.256333190210390027e-02,-2.123228853585229225e-01,-2.249892657793043649e-01,-3.855732073851437791e-01,-3.050665521683125214e-01,6.912838127951909106e-02,-1.419063975955345280e-01,-2.747960498067840082e-02,-2.374409617861742983e-01,2.232717904680119880e-01,1.507084585659080878e-01,2.378703306139973717e-01,-6.247316444826105097e-02,6.161442679261484173e-02,-4.293688278231000128e-04,-5.624731644482609122e-02,-2.969085444396736273e-01,-3.286818376985830570e-01,-1.880635465865177769e-01,-1.992271361099184068e-01,6.762559038213825091e-02
-2.091026191498496778e-01,-2.254186346071275215e-01,2.226277372262773502e-01,3.885787891799055149e-01,2.866036925719192552e-01,1.000000000000000000e+00,2.086732503220265766e-01,2.876771146414769942e-01,1.919278660369256873e-01,4.523400601116358000e-01,1.234435379991412340e-01,1.545727780163159808e-02,7.900386431945040366e-02,4.787462430227564653e-02,1.623014169171317911e-01,2.273507943323314351e-01,-5.410047230571059240e-02,-1.462000858737655395e-01,-4.529841133533705350e-02,-9.617861743237439420e-02,3.649635036496350245e-03,2.984113353370544675e-02,3.692571919278660186e-02,2.479604980678402348e-01,2.211249463288964823e-01,4.115500214684413294e-01,5.302705023615285340e-02,3.499355946758264668e-01,-3.370545298411334323e-02,1.975096607986260092e-02,1.174323744096178457e-01,1.571489909832546050e-01,5.796479175611849582e-02,-8.158007728638899322e-03,1.079862601975096481e-01,1.270931730356375799e-01,4.315156719622154774e-02,6.139974237870329810e-02,-1.245169600686990043e-02,-2.254186346071274799e-02,-1.260197509660798409e-01,-1.290253327608415490e-01,-3.694718763417775276e-01,-3.278231000429368547e-01,-3.241734650064405088e-01,-4.297981966509231144e-01,-3.108630313439244008e-01,-3.301846285959639249e-01,-4.021039072563331040e-01,-3.746243022756547414e-01,-3.185916702447401661e-01,-3.001288106483468998e-01,-3.076427651352511283e-01,-4.055388578789179688e-01,-2.121082009446114136e-01,-3.336195792185486786e-01,-9.553456419063974248e-02,-2.769428939458994932e-01,-2.893945899527693988e-01,-1.923572348647487884e-01,-1.356805495920996030e-01,9.768140832975523435e-02,-2.410905968226706442e-01,-1.595105195362816475e-01,2.550450837269214177e-01,3.917990553885787319e-01,1.082009446114211848e-01,1.077715757835980975e-01,-1.753971661657363346e-01,-1.200085873765564387e-01,1.852726492056676610e-01,8.651781880635464606e-02,-5.410047230571059240e-02,-7.835981107771573806e-02,1.846285959639330093e-02,-1.414770287677114269e-01,3.069987118935164905e-02,5.925289823958779928e-02,1.116358952340059940e-01,-1.159295835122369986e-02,1.459854014598540098e-02,-1.554315156719622004e-01,-1.073422069557749929e-02,-1.502790897380850144e-01,2.711464147702876137e-01,-2.597681408329754679e-02,1.099184199227136033e-01,4.508372692142549945e-03,1.846285959639330093e-02,-2.273507943323314351e-01,3.037784456848432457e-01,1.245169600686990043e-02,3.112924001717474742e-01,-1.060541004723057068e-01,-6.032632030914555216e-02,5.646200085873764873e-02,-3.864319450407899519e-03,-1.122799484757406457e-01,-1.878488621726062402e-01,-2.559038213825676200e-01,1.363246028338342408e-01,-2.408759124087591075e-01,-1.653069987118934922e-02,-2.393731215113782396e-01,2.621296693860025173e-01,1.032632030914555493e-01,7.234864748819234970e-02,-1.876341777586946757e-01,1.477028767711464075e-01,-9.231429798196650466e-03,-4.315156719622154774e-02,-1.365392872477458053e-01,-8.415629025332760360e-02,-2.554744525547444911e-02,1.019750966079862597e-01,2.155431515671961951e-01
-7.299270072992700489e-03,-2.674967797337912678e-01,6.464147702876770207e-01,4.057535422928295055e-01,3.192357234864748317e-01,2.086732503220265766e-01,1.000000000000000000e+00,2.254186346071275215e-01,3.619579218548732991e-01,8.694718763417776108e-02,3.364104765993988777e-01,-1.502790897380850144e-01,3.460712752254185842e-01,3.198797767282095250e-02,4.529841133533704656e-01,1.221554315156719445e-01,-1.975096607986260092e-02,-1.702447402318591485e-01,2.513954486904250718e-01,1.172176899957062951e-01,-6.977243452125374279e-02,-3.842851009016744895e-02,3.409188492915413704e-01,2.724345212537569449e-01,7.599828252468869560e-02,2.269214255045083339e-01,-2.082438814942035032e-02,-9.317303563761268614e-02,-6.161442679261484173e-02,-1.352511807642765018e-01,2.148990983254615572e-01,2.486045513095749004e-01,1.880635465865177769e-01,1.494203520824387843e-01,2.174753112924001364e-01,1.777586947187634048e-01,5.560326320309144643e-02,8.286818376985830015e-02,1.932159725203949907e-01,1.036925719192786505e-01,-5.903821382567624870e-02,-1.524259338772004924e-02,-3.686131386861313253e-01,-3.475740661227993966e-01,-1.472735079433233063e-01,-3.726921425504507446e-01,-3.653928724774580528e-01,-3.821382567625589699e-01,-2.771575783598110299e-01,-3.145126663804207467e-01,-3.310433662516100717e-01,-4.091884929154142592e-01,-3.776298840704164217e-01,-3.844997853155860401e-01,-3.181623014169170927e-01,-2.717904680120222793e-01,-2.425933877200514913e-02,-2.915414340918848768e-01,-2.297123228853584775e-01,-3.520824388149420003e-01,-1.627307857449548922e-01,-1.395448690425074925e-02,-2.640618291112065141e-02,-1.436238729068269604e-01,3.761270931730355538e-01,2.913267496779733401e-01,2.674967797337912678e-01,5.066552168312579707e-02,4.079003864319449661e-03,4.959209961356805113e-02,3.716187204808930611e-01,1.350364963503649651e-01,1.155002146844138905e-01,7.943323314727348747e-03,5.495920996135680164e-02,-7.492486045513095660e-02,3.003434950622584365e-01,8.200944611421209784e-02,-3.864319450407899519e-03,-1.086303134392442860e-01,-9.574924860455129305e-02,-2.292829540575354041e-01,-2.361528553027050087e-02,-3.606698153714039956e-02,2.672820953198797311e-01,-3.158007728638900224e-01,2.924001717475310791e-01,1.109918419922713423e-01,1.030485186775439987e-02,-3.776298840704164217e-01,1.144267926148561515e-01,1.391155002146844122e-01,3.864319450407899519e-03,-7.513954486904250718e-02,1.653069987118934922e-02,-1.453413482181193372e-01,-6.698153714040359918e-02,-1.702447402318591485e-01,-2.689995706311721357e-01,-2.636324602833833852e-01,-1.567196221554315039e-02,-2.559038213825676200e-01,-1.502790897380849909e-03,-1.479175611850579442e-01,-7.513954486904250198e-03,-6.376127093173035443e-02,1.268784886217260433e-01,-1.030485186775439987e-01,1.502790897380850040e-02,-1.180764276513525043e-02,-1.354658651781880385e-01,-3.160154572778016147e-01,-2.490339201373980016e-01,-1.358952340060111397e-01,-2.518248175182481452e-01,-1.683125805066552072e-01
-1.206526406182911043e-01,-6.440532417346499228e-02,7.750107342206954963e-02,5.182481751824816740e-01,1.610133104336624807e-02,2.876771146414769942e-01,2.254186346071275215e-01,1.000000000000000000e+00,2.790897380850149850e-02,3.982395878059252770e-01,2.114641477028767480e-01,2.739373121511378129e-01,1.657363675397166003e-01,3.059252898239587237e-01,1.193645341348217870e-01,2.981966509231429585e-01,7.986260197509659209e-02,-3.327608415629024902e-02,1.045513095749248389e-01,5.066552168312579707e-02,-3.145126663804207467e-01,-2.960498067840274805e-01,1.090596822670674010e-01,2.608415629025332416e-01,-6.311721768999570270e-02,1.715328467153284520e-01,-1.350364963503649651e-01,-9.231429798196649772e-02,-2.726492056676685025e-02,-1.094890510948905021e-01,1.921425504508372517e-01,2.915414340918848768e-01,7.556891369686559445e-02,2.181193645341348020e-01,-4.658651781880634307e-02,-3.048518677544009847e-02,-3.398454272219836314e-01,-3.310433662516100717e-01,-1.618720480893086899e-01,-1.427651352511807581e-01,-2.638471446972949219e-01,-3.686131386861313253e-01,-3.063546586517818526e-01,-3.338342636324602153e-01,-2.524688707599828108e-01,-3.228853585229711776e-01,-3.619579218548732991e-01,-5.049377415199656216e-01,-3.776298840704164217e-01,-3.093602404465435329e-01,-3.641047659939888326e-01,-2.653499355946757898e-01,-3.355517389437526199e-01,-2.269214255045083339e-01,-3.937312151137826732e-01,-3.314727350794332006e-01,-1.848432803778445599e-01,-2.400171747531128774e-01,-1.919278660369256873e-01,-5.152425933877199937e-02,-1.069128381279518952e-01,4.884070416487762412e-01,1.552168312580506360e-01,3.136539287247745444e-01,2.022327179046800871e-01,3.278231000429368547e-01,-9.145556032632029542e-02,2.790897380850149850e-02,-1.024044654358093470e-01,-9.209961356805494714e-02,8.179476170030054727e-02,2.084585659081150399e-01,3.005581794761700079e-02,1.221554315156719445e-01,1.597252039501931842e-01,5.860884499785314755e-02,-1.395448690425074925e-02,3.477887505367110305e-02,6.139974237870329810e-02,-1.159295835122369916e-01,-1.605839416058393865e-01,-9.016745384285099196e-02,-2.189781021897810043e-01,-7.428080721339629100e-02,3.456419063975954553e-02,1.208673250322026549e-01,2.490339201373980085e-02,4.873336195792184189e-02,-2.425933877200514843e-01,-4.916273078574494998e-02,3.497209102619149301e-01,1.558608844997853016e-01,3.177329325890939637e-01,-3.907256333190210068e-02,-1.367539716616573420e-01,3.628166595105195014e-02,3.864319450407899519e-03,-1.653069987118934922e-02,-5.689136968656074989e-02,-1.489909832546156832e-01,1.101331043366251539e-01,-1.489909832546156832e-01,-9.209961356805494714e-02,-9.252898239587804829e-02,-7.063117217689994509e-02,-1.925719192786603529e-01,-1.567196221554315039e-02,-4.164877629884070065e-02,5.152425933877199937e-02,-8.995276942893944139e-02,-1.045513095749248389e-01,-9.832546157148989996e-02,-7.728638900815799039e-03,3.885787891799055010e-02,8.522971232288534260e-02,3.993130098754829604e-02
-4.508372692142549598e-02,-3.331902103907256052e-01,3.398454272219836314e-01,4.293688278230999716e-02,5.729927007299269182e-01,1.919278660369256873e-01,3.619579218548732991e-01,2.790897380850149850e-02,1.000000000000000000e+00,2.015886646629454493e-01,3.686131386861313253e-01,8.587376556461999433e-02,4.602833834263631574e-01,1.620867325032202544e-01,4.079003864319450390e-01,1.333190210390725328e-01,-6.097037355088019694e-02,-1.784027479604980704e-01,-5.474452554744525107e-02,-1.498497209102619132e-01,2.597681408329754679e-02,5.646200085873764873e-02,9.875483039931300111e-02,1.577930442249892429e-01,2.116788321167883125e-01,7.406612279948474042e-02,2.080291970802919665e-01,5.882352941176469813e-02,3.499355946758264668e-02,-4.723057106054100174e-02,3.284671532846714787e-02,3.735508802060969608e-02,-1.116358952340059871e-02,-1.653069987118934991e-01,1.496350364963503488e-01,1.464147702876771040e-01,9.295835122370114945e-02,1.103477887505367044e-01,1.262344353799914054e-01,-1.223701159295834812e-02,-3.542292829540574783e-02,7.878917990553885309e-02,-3.737655646200085946e-01,-2.483898668956633360e-01,-1.300987548303992880e-01,-2.438814942035207878e-01,-2.009446114212107837e-01,-1.477028767711464075e-01,-1.706741090596822497e-01,-6.032632030914555216e-02,-5.581794761700299701e-02,-6.354658651781878997e-02,-4.744525547445255231e-02,-1.028338342636324482e-01,-1.717475311292399748e-02,-4.980678402747960171e-02,-1.496350364963503488e-01,-3.057106054100471870e-01,-1.313868613138685915e-01,-6.569343065693429573e-02,1.404036066981536879e-01,3.241734650064404671e-02,-2.672820953198797311e-01,-2.685702018033490623e-01,2.507513954486904062e-01,2.290682696436238119e-01,4.293688278230999716e-02,-9.574924860455129305e-02,-1.024044654358093470e-01,-1.741090596822670311e-01,2.247745813653928559e-01,-1.438385573207384867e-02,-1.240875912408758996e-01,-1.968656075568913366e-01,-1.412623443537998902e-01,-1.947187634177758586e-01,1.766852726492056380e-01,1.051953628166594906e-01,6.869901245169598991e-02,-3.907256333190210068e-02,6.698153714040359918e-02,-1.545727780163159981e-01,7.084585659081149567e-02,-1.189351653069986858e-01,4.446114212108200348e-01,-1.277372262773722456e-01,2.962644911979389617e-01,-3.928724774581365126e-02,3.439244310863031062e-01,-2.406612279948475430e-01,-3.542292829540574783e-02,-2.103907256333190090e-02,6.912838127951909106e-02,-4.937741519965650056e-02,-1.517818806354658545e-01,-2.531129240017174764e-01,-3.615285530270501702e-01,-3.806354658651781575e-01,-3.200944611421210340e-01,-2.601975096607985760e-01,1.414770287677114269e-01,-1.000429368827822907e-01,-1.395448690425074925e-02,-2.518248175182481452e-01,1.676685272649205416e-01,2.168312580506654569e-02,1.170030055817947584e-01,-8.716187204808929778e-02,0.000000000000000000e+00,-7.793044224989265079e-02,-2.127522541863460237e-01,-3.546586517818806072e-01,-2.906826964362386745e-01,-2.080291970802919665e-01,-2.844568484328037217e-01,1.459854014598540098e-02
-1.934306569343065552e-01,-1.569343065693430406e-01,3.434950622584800103e-03,2.681408329755259334e-01,2.237011592958350892e-01,4.523400601116358000e-01,8.694718763417776108e-02,3.982395878059252770e-01,2.015886646629454493e-01,1.000000000000000000e+00,2.584800343495061714e-01,3.359811077715757488e-01,2.333619579218548512e-01,3.151567196221554124e-01,1.904250751395448471e-01,3.817088879347358410e-01,-8.608844997853154490e-02,-1.713181623014168875e-01,-2.048089308716186940e-01,-2.337913267496779246e-01,-2.279948475740661007e-01,-2.305710605410046798e-01,1.887075998282524425e-01,2.735079433233146839e-01,1.358952340060111397e-01,1.558608844997853016e-01,-5.066552168312579707e-02,2.389437526835551384e-01,-1.004723057106053918e-01,-1.573636753971661417e-01,1.034778875053670999e-01,2.058823529411764330e-01,4.143409188492915007e-02,-6.504937741519964400e-02,-7.728638900815799039e-03,2.211249463288965031e-02,-1.979390296264491034e-01,-1.706741090596822497e-01,-2.406612279948475430e-01,-2.477458136539286981e-01,-2.760841562902532909e-01,-2.275654787462429995e-01,-3.967367969085444090e-01,-3.993130098754829604e-01,-2.380850150279089639e-01,-2.930442249892657447e-01,-1.968656075568913366e-01,-2.754401030485186253e-01,-2.786603692571918978e-01,-1.193645341348217870e-01,-1.539287247745813603e-01,-9.982825246887074011e-02,-9.961356805495920341e-02,-1.069128381279518952e-01,-1.152855302705023399e-01,-1.698153714040360196e-01,-2.567625590382138223e-01,-2.453842851009016557e-01,-2.350794332331472281e-01,-7.943323314727348747e-03,7.835981107771573806e-02,3.765564620008586827e-01,-1.833404894804636920e-01,-1.116358952340059871e-02,3.119364534134821398e-01,3.812795191069128231e-01,-2.179046801202232375e-01,-2.277801631601545362e-01,-2.425933877200514843e-01,-3.039931300987547824e-01,4.207814512666380180e-02,1.610133104336625154e-01,-1.655216831258050358e-01,-1.120652640618290952e-01,-9.231429798196650466e-03,-1.726062687848861910e-01,-8.115070845856589554e-02,-3.499355946758264668e-02,3.370545298411334323e-02,-1.264491197939029421e-01,-1.616573636753971532e-01,-2.080291970802919665e-01,-2.715757835981107426e-01,-3.145126663804207467e-01,3.512237011592957980e-01,1.846285959639329954e-01,-8.372692142550449898e-03,-3.005581794761699819e-03,3.842851009016744895e-02,8.115070845856589554e-02,3.675397166165735863e-01,2.101760412194074445e-01,5.158866466294546038e-01,1.066981537140403447e-01,-2.400171747531128774e-01,-1.588664662945469749e-02,-1.547874624302275348e-01,-1.571489909832546050e-01,-2.052382996994417952e-01,-1.981537140403606401e-01,1.013310433662515941e-01,-7.191927866036924855e-02,-1.945040790038642942e-01,-2.584800343495061714e-01,6.139974237870329810e-02,-3.993130098754829604e-02,-5.968226706741089349e-02,-1.470588235294117418e-01,8.308286818376983685e-02,-2.146844139115499858e-02,-1.352511807642765018e-01,-1.384714469729497466e-01,-7.406612279948474042e-02,8.587376556461998739e-03,1.262344353799914054e-01,2.041648776298840284e-01
2.303563761270931431e-01,-9.639330184628594478e-02,1.163589523400600928e-01,3.327608415629024902e-02,2.632030914555603118e-01,1.234435379991412340e-01,3.364104765993988777e-01,2.114641477028767480e-01,3.686131386861313253e-01,2.584800343495061714e-01,1.000000000000000000e+00,3.690425075139544542e-01,7.138256762559036517e-01,3.945899527694288755e-01,3.570201803349076219e-01,1.837698583082867931e-01,-5.002146844139114534e-02,-2.121082009446114136e-01,1.648776298840703980e-01,-3.370545298411334323e-02,-2.009446114212107837e-01,-1.597252039501931842e-01,1.826964362387290264e-01,1.206526406182911043e-01,-5.130957492486044880e-02,-8.716187204808929778e-02,1.288106483469299984e-03,-4.787462430227564653e-02,-7.127522541863459682e-02,-2.711464147702876137e-01,1.051953628166594906e-01,8.565908115070844375e-02,-2.425933877200514913e-02,-9.682267067410904593e-02,-5.624731644482609122e-02,-1.423357664233576569e-01,-1.176470588235293963e-01,-1.307428080721339259e-01,1.524259338772004924e-02,1.717475311292400051e-03,-1.073422069557749964e-01,-1.434091884929153959e-01,-2.000858737655645814e-01,-1.721768999570630898e-01,-2.340060111635894682e-02,-1.371833404894804431e-01,-1.685272649205667439e-01,-1.590811507084585463e-01,-9.961356805495920341e-02,3.091455560326319615e-02,-2.898239587805924791e-02,1.309574924860454868e-02,-1.717475311292400051e-03,2.490339201373980085e-02,-9.209961356805494714e-02,1.438385573207384867e-02,-1.296693860025761869e-01,-2.213396307428080190e-01,-7.084585659081149914e-03,3.628166595105195014e-02,2.848862172606268506e-01,2.206955775010734089e-01,-1.361099184199227041e-01,-1.116358952340059940e-01,1.779733791326749692e-01,1.743237440961785956e-01,-2.015886646629454493e-01,-2.385143838557320373e-01,-1.155002146844138905e-01,-1.932159725203949907e-01,2.228424216401888869e-01,1.438385573207384971e-01,-2.039501932159724917e-02,-1.047659939888363895e-01,-3.499355946758264668e-02,-6.011163589523400158e-02,1.266638042078144788e-01,3.671103477887505129e-02,-4.401030485186775004e-02,-2.239158437097466536e-01,-2.226277372262773502e-01,-3.243881494203520455e-01,-1.809789609274366495e-01,-1.410476599398883535e-01,2.464577071704593669e-01,-3.563761270931729841e-02,1.208673250322026549e-01,-6.011163589523399638e-03,1.504937741519965511e-01,-2.361528553027050087e-02,1.039072563331901872e-01,1.440532417346500338e-01,8.565908115070844375e-02,7.878917990553885309e-02,-1.253756977243452031e-01,-2.747960498067839596e-01,-2.608415629025332416e-01,-2.855302705023615162e-01,-1.867754401030484734e-01,-8.952340060111634024e-02,3.563761270931729841e-02,7.535422928295404388e-02,-1.545727780163159981e-01,-1.902103907256333104e-01,-5.753542292829539467e-02,-1.073422069557749964e-01,-1.331043366251609961e-01,-2.209102619149849178e-01,-5.603263203091454758e-02,-1.253756977243452031e-01,-2.271361099184198984e-01,-3.561614426792614752e-01,-1.032632030914555493e-01,-1.846285959639330093e-02,-8.673250322026618275e-02,3.842851009016744895e-02
1.352511807642765018e-01,1.442679261485615982e-01,-2.732932589094031472e-01,-1.009016745384284930e-01,2.597681408329754679e-02,1.545727780163159808e-02,-1.502790897380850144e-01,2.739373121511378129e-01,8.587376556461999433e-02,3.359811077715757488e-01,3.690425075139544542e-01,1.000000000000000000e+00,3.142979819665092101e-01,4.484757406612279729e-01,2.747960498067840082e-02,1.689566337483898173e-01,1.013310433662515941e-01,4.529841133533705350e-02,-6.462000858737654285e-02,-1.155002146844138905e-01,-3.810648346930012864e-01,-3.449978531558608452e-01,-1.975096607986260092e-02,-4.615714899098324886e-02,-8.587376556461999433e-02,-2.513954486904250718e-01,-6.934306569343065552e-02,7.728638900815799039e-03,7.835981107771573806e-02,-9.145556032632029542e-02,6.848432803778445321e-02,5.538857878917989586e-02,-1.528553027050235935e-01,-1.674538428510090049e-01,-2.148990983254615572e-01,-2.245598969514812915e-01,-3.875053671103477204e-01,-3.761270931730355538e-01,-3.460712752254185842e-01,-3.059252898239587237e-01,-2.762988407041648276e-01,-2.604121940747101682e-01,-6.547874624302274515e-02,-1.867754401030484804e-02,-6.054100472305710273e-02,4.851867754401029825e-02,-8.029197080291969324e-02,-6.698153714040359918e-02,-4.916273078574494998e-02,1.723915843709746543e-01,1.026191498497208976e-01,2.619149849720909806e-01,1.749677973379132334e-01,2.732932589094031472e-01,2.447402318591669623e-02,9.059682267067410699e-02,-1.869901245169600379e-01,-4.293688278230999369e-03,9.617861743237439420e-02,3.795620437956204185e-01,3.477887505367110443e-01,5.008587376556461468e-01,-7.063117217689994509e-02,1.805495920996135484e-01,1.416917131816229983e-02,1.101331043366251539e-01,-4.778875053671102768e-01,-2.404465435809360063e-01,-1.316015457277801559e-01,-2.969085444396736273e-01,-1.328896522112494594e-01,1.135680549592099492e-01,-1.464147702876771040e-01,-3.928724774581365126e-02,6.912838127951909106e-02,2.125375697724344801e-02,-2.088879347359381411e-01,-8.544439673679689318e-02,9.102619149849720814e-02,-8.200944611421209784e-02,-1.206526406182911043e-01,-1.571489909832546050e-01,-2.666380420781450655e-01,-2.803778445684843024e-01,6.590811507084584631e-02,3.136539287247745444e-01,-1.957921854873335699e-01,-1.423357664233576569e-01,6.054100472305710273e-02,2.917561185057964135e-01,1.032632030914555493e-01,6.741090596822668646e-02,2.155431515671961951e-01,8.630313439244309548e-02,-3.016316015457277122e-01,-8.909403177329323908e-02,-2.043795620437955929e-01,-1.208673250322026549e-01,-4.937741519965650229e-03,8.587376556462000257e-04,1.212966938600257422e-01,2.198368398454272066e-01,-1.826964362387290264e-01,-1.208673250322026549e-01,-4.079003864319449661e-03,-8.007728638900814266e-02,-1.934306569343065552e-01,-1.399742378703305867e-01,7.814512666380420136e-02,-3.971661657363674547e-02,-1.457707170459424384e-01,-1.356805495920996030e-01,-2.318591670244739972e-02,9.660798626019749882e-03,1.341777586947187351e-01,2.627737226277371829e-01
1.326749677973378949e-01,-1.983683984542722045e-01,1.685272649205667439e-01,2.662086732503219852e-02,3.235294117647058432e-01,7.900386431945040366e-02,3.460712752254185842e-01,1.657363675397166003e-01,4.602833834263631574e-01,2.333619579218548512e-01,7.138256762559036517e-01,3.142979819665092101e-01,1.000000000000000000e+00,4.527694289394589289e-01,4.538428510090166679e-01,2.565478746243022301e-01,3.177329325890939499e-02,-1.633748389866895301e-01,5.903821382567624870e-02,-1.309574924860454903e-01,-1.818376985830828518e-01,-1.316015457277801559e-01,2.739373121511378129e-01,2.209102619149849178e-01,-1.932159725203949976e-02,-8.909403177329323908e-02,-1.051953628166595045e-02,-8.029197080291969324e-02,2.425933877200514913e-02,-1.794761700300557816e-01,1.440532417346500338e-01,1.550021468441390993e-01,-5.968226706741089349e-02,-1.592958351223700830e-01,3.069987118935164905e-02,-5.581794761700299701e-02,-1.015457277801631308e-01,-1.236582224130527846e-01,-1.674538428510089980e-02,-7.406612279948474042e-02,-8.823529411764705066e-02,-7.363675397166165315e-02,-2.123228853585229225e-01,-1.638042078145126312e-01,4.336625161013309138e-02,-9.660798626019749535e-02,-1.983683984542722045e-01,-1.348218119364533729e-01,-8.608844997853154490e-02,5.002146844139114534e-02,-1.459854014598540098e-02,1.331043366251609926e-02,3.649635036496350245e-03,7.191927866036924855e-02,-7.943323314727349094e-02,2.232717904680119742e-02,-1.835551738943752287e-01,-2.816659510519535781e-01,-1.378273937312150810e-01,-5.839416058394160391e-02,2.103907256333189812e-01,1.878488621726062402e-01,-1.384714469729497466e-01,-1.629454701588664289e-01,2.975525976814082929e-01,2.621296693860025173e-01,-1.957921854873335699e-01,-2.941176470588234837e-01,-1.577930442249892429e-01,-2.805925289823958391e-01,1.882782310004293413e-01,1.363246028338342408e-01,-8.372692142550450245e-02,-1.977243452125375389e-01,-1.069128381279518952e-01,-1.496350364963503488e-01,1.036925719192786505e-01,4.293688278231000128e-04,4.680120223271789365e-02,-1.176470588235293963e-01,-1.043366251610132883e-01,-2.447402318591669901e-01,-1.279519106912838100e-01,-1.640188922284241957e-01,3.209531987977672363e-01,-1.524259338772004924e-02,1.133533705452983986e-01,-3.842851009016744895e-02,1.558608844997853016e-01,-3.413482181193645132e-02,4.057535422928294777e-02,1.292400171747530857e-01,4.293688278230999716e-02,6.655216831258049803e-02,-2.638471446972949219e-01,-3.849291541434091135e-01,-3.619579218548732991e-01,-3.518677544010304636e-01,-2.994847574066122342e-01,-1.747531129240016967e-01,-2.511807642765134796e-02,2.705023615285529620e-02,-2.221983683984542490e-01,-2.612709317303563705e-01,-5.431515671962214298e-02,-1.350364963503649651e-01,-8.394160583941605303e-02,-1.717475311292399887e-01,-6.655216831258049803e-02,-1.801202232717904472e-01,-3.188063546586517583e-01,-4.216401889222842203e-01,-1.962215543151566988e-01,-1.191498497209102364e-01,-1.878488621726062402e-01,-3.349076857020179959e-02
