0.000000000000000000e+00,6.447736454988086674e-01,4.050554231845022168e-01,3.374080596705687496e-01,1.584999482026313092e-02,3.822645809592872812e-02,3.777064125142442497e-01,2.705894540557339245e-01,1.781829483062260383e-02,9.074898995131046309e-02,2.872682067750957913e-01,2.413757381125038876e-02,8.701957940536619862e-02,6.733657930177146256e-02,-1.176836216720190537e-01,-5.915259504817155234e-02,2.631306329638454303e-02,1.377810007251631559e-02,4.902102973168962485e-01,4.417279602196208521e-01,-2.928623225940121810e-01,-3.376152491453434101e-01,2.912048067958147857e-01,2.143375116544079251e-01,-8.101108463690044614e-02,-7.697088987879414923e-02,9.509996892157877857e-02,1.373666217756137897e-01,-6.785455298870816943e-02,-1.301149901584999491e-01,8.494768465761938503e-02,1.397493007355226080e-01,9.675748471977622944e-02,1.548741323940743542e-01,-3.418626333782243815e-02,-2.408577644255671946e-01,-2.851963120273489638e-01,-2.484201802548430538e-01,-3.446596912876825347e-01,-3.234227701232777474e-01,-3.436237439138091210e-01,-1.651300113954211057e-01,-2.704858593183466220e-01,-1.955868641872992586e-01,9.323526364860664634e-03,1.740391588107323972e-01,-3.714907282710038228e-01,-3.980109810421630367e-01,1.624365482233502411e-01,1.722780482751475883e-01,-7.541696881798404251e-02,1.004868952657204939e-02,-2.180669222003522034e-01,-2.840567699160882476e-01,-1.445146586553402723e-01,-3.714907282710038228e-01,5.872785662488345659e-01,5.967056873510825366e-01,3.214544701129182780e-01,3.051900963431057323e-01,4.035015021236920685e-01,2.654097171863669113e-01,1.711385061638868443e-01,1.953796747125245703e-01,1.626437376981249364e-02,-2.817776856935667526e-02,1.043199005490521025e-01,-5.500880555267791822e-02,4.320936496425981099e-01,4.464933181394384887e-01,8.505127939500672918e-02,1.030767637004040144e-01,-3.864083704547808390e-02,4.910390552159950295e-02,2.538071065989847344e-02,3.615456334818190759e-02,-1.921682378535170266e-01,-1.197555164197658673e-01,-2.434476328602506665e-02,-6.112089505853102178e-02,-9.406402154770536483e-02,-5.676991608826271324e-02,-2.224179011706205189e-01,-3.041541489692323186e-01,-3.377188438827307543e-02,-1.271107427742670659e-01,-2.279084222521495784e-01,-2.658240961359162879e-01,-2.456231223453848589e-01,-2.559825960841188852e-01,-3.713871335336164647e-01,-3.423806070651610467e-01,-4.800580130529368827e-01,-3.074691805656272758e-01,-3.372008701957940335e-01,-2.077074484616181216e-01,-3.061224489795918435e-01,-2.107116958458510048e-01,-2.812597120066300249e-01,-3.164819227183258699e-01,-3.924168652232466470e-01,-2.892365067854552607e-01,-3.504609965813736405e-01,-3.909665388998238567e-01,-3.249766911840878403e-01,-1.460685797161504207e-01,-4.275354811975551339e-01,-5.262612659276908605e-02,-1.190303532580544721e-01,-2.982492489381539658e-01,-3.964570599813529439e-01,-2.286335854138609736e-01,-2.262509064539521275e-01,-2.571221381953796570e-01,-2.982492489381539658e-01,1.216202216927379925e-01
6.447736454988086674e-01,0.000000000000000000e+00,2.661348803480783065e-01,2.697606961566352268e-01,-2.693463172070858364e-02,7.790324251528021882e-02,2.186884906246762406e-01,2.095721537345902608e-01,6.112089505853101831e-03,1.219310059049000250e-01,1.814979799026209262e-01,4.848233709727545193e-02,-1.315653164819227151e-02,6.806174246348284385e-02,-1.824303325391070096e-01,-5.594115818916398086e-02,1.055630373977001907e-01,9.385683207293067654e-02,4.637936392831243926e-01,4.791256604164507715e-01,-2.245933906557546766e-01,-2.506992644773645695e-01,1.960012431368486074e-01,1.717600745882109092e-01,-7.158396353465243389e-02,-2.154770537656686830e-02,1.016264373769812379e-01,1.646120377084843989e-01,-4.827514762250077751e-02,-9.437480575986739728e-02,8.588003729410545461e-02,1.064953900341862603e-01,1.034911426499533771e-01,1.611934113747021668e-01,-6.971925826168029472e-02,-2.088469905728788933e-01,-2.426188749611519480e-01,-2.054283642390966336e-01,-2.807417383196932903e-01,-2.356780275562001259e-01,-3.074691805656272758e-01,-1.345695638661555948e-01,-2.216927380089091237e-01,-1.436859007562415746e-01,-5.697710556303739113e-03,1.772505956697399687e-01,-3.131668911219309681e-01,-3.185538174660726973e-01,1.107427742670672316e-01,1.522842639593908476e-01,-6.806174246348284385e-02,7.873200041437895119e-03,-1.819123588521703028e-01,-2.269760696156634949e-01,-1.114679374287786129e-01,-2.982492489381539658e-01,6.081011084636899211e-01,6.513001139542110574e-01,2.279084222521495784e-01,2.518388065886252858e-01,2.788770330467211789e-01,1.853309851859525348e-01,2.145447011291826134e-01,2.646845540246555162e-01,-4.786076867295140785e-02,-7.883559515176628840e-02,4.765357919817672649e-02,-3.936600020718947213e-02,4.688697814151041032e-01,4.592354708380814166e-01,7.831762146482958153e-02,1.011084636900445310e-01,4.806795814772608921e-02,1.331192375427328323e-01,5.925618978555889649e-02,9.468558997202941585e-02,-1.769398114575779501e-01,-6.122448979591836593e-02,1.098104216305811551e-02,1.460685797161504103e-02,-4.609965813736661977e-02,3.211436859007562369e-03,-1.701025587900134584e-01,-2.837459857039262290e-01,-1.460685797161504103e-02,-4.951828447114885873e-02,-1.714492903760488907e-01,-2.621982803273593676e-01,-2.218999274836838120e-01,-2.368175696674608699e-01,-4.257743706619703805e-01,-3.897234020511757824e-01,-5.021236921164404787e-01,-3.838185020200973185e-01,-3.089195068890500107e-01,-1.999378431575675741e-01,-2.689319382575364736e-01,-2.329845643841292613e-01,-2.811561172692426669e-01,-3.820573914845125651e-01,-3.591629545219102160e-01,-3.009427121102247749e-01,-2.707966435305086406e-01,-3.262198280327359146e-01,-3.080907489899513130e-01,-2.052211747643219730e-01,-3.938671915466694373e-01,-5.853102662384750826e-02,-1.075313374080596601e-01,-2.716254014296073382e-01,-3.886874546773023686e-01,-3.406194965295762933e-01,-2.317414275354811592e-01,-2.624054698021340282e-01,-2.683103698332124365e-01,8.194343727338650185e-02
4.050554231845022168e-01,2.661348803480783065e-01,0.000000000000000000e+00,6.333782243862011718e-01,-1.035947373873407143e-02,-5.449083186574121829e-02,6.716046824821297889e-01,5.781622293587485029e-01,-1.253496322386822744e-02,-9.209572153734589539e-02,1.912358852170309431e-01,8.536206360716874775e-02,1.855381746607272231e-01,1.525950481715528662e-01,-1.382989744120998454e-01,-1.640940640215476920e-01,-1.892675852066715014e-01,-1.033875479125660329e-01,5.081321868849062451e-01,4.760178182948305858e-01,-4.094064021547705323e-01,-4.332331917538588817e-01,5.138298974412098818e-01,4.788148762042887530e-01,-4.868952657205013676e-03,-5.801305293691080139e-02,-2.848855278151869730e-02,8.805552677923961236e-03,-3.433129597016471024e-01,-2.941054594426603108e-01,6.143167927069304035e-02,2.509064539521392301e-01,2.082254221485548354e-02,1.098104216305811481e-01,9.872578473013569889e-02,-9.820781104319900590e-02,-4.245312338133222507e-01,-3.732518388065885762e-01,-4.485652128871853161e-01,-4.594426603128560771e-01,-4.916606236403190389e-01,-2.093649642598156002e-01,-3.967678441935149625e-01,-3.678649124624468469e-01,-1.036983321247280515e-01,4.444214233916916890e-02,-5.106184605822023936e-01,-5.624158292758727473e-01,4.112711074277426021e-02,4.578887392520459426e-02,-1.177872164094063839e-01,-7.583134776753340522e-02,-2.438620118098000500e-01,-1.086708795193204180e-01,-4.392416865223246203e-02,-4.088884284678338532e-01,2.082254221485548562e-01,2.342277012327773356e-01,2.863358541386097356e-01,2.709002382678959431e-01,2.567077592458302804e-01,2.802237646327566112e-01,-5.853102662384750826e-02,5.376566870402983006e-02,1.075313374080596601e-01,8.277219517248524117e-02,1.976587589350460861e-01,5.759867398736143174e-02,2.225214959080078492e-01,2.263545011913394578e-01,1.466901481404744578e-01,1.338444007044441997e-01,-1.804620325287475402e-01,-9.085258468869780724e-02,7.583134776753340522e-02,-5.511240029006526236e-02,-1.056666321350875209e-01,-8.442971097068269204e-02,-1.982803273593701232e-01,-1.886460167823474643e-01,-3.730446493318139156e-01,-2.582616803066404287e-01,-4.044338547601781242e-01,-4.613073655858281885e-01,-2.518388065886252858e-01,-2.185848958872889103e-01,-3.353361649228218666e-01,-3.564694913498394069e-01,-3.428985807520977813e-01,-1.777685693566766756e-01,-7.645291619185745624e-02,-1.160261058738216028e-01,-2.097793432093649491e-01,-2.973168963016678545e-02,-4.085776442556717791e-01,-2.403397907386304599e-01,-3.495286439448875848e-01,-2.130943748057598508e-01,-1.916502641665803197e-01,-1.510411271107427733e-01,-2.472806381435822543e-01,-8.836631099140163093e-02,-3.228012016989537103e-01,-3.396871438930902376e-01,-2.848855278151869452e-01,-4.713560551124002657e-02,-4.280534548844918130e-01,1.867813115093752974e-01,-2.359888117683621445e-01,-3.903449704754998195e-01,-4.336475707034082583e-01,-1.854345799233398928e-01,-1.076349321454470043e-01,-2.874753962498704518e-01,-2.817776856935667595e-01,1.851237957111778742e-01
3.374080596705687496e-01,2.697606961566352268e-01,6.333782243862011718e-01,0.000000000000000000e+00,-7.821402672744223739e-02,-5.666632135087536909e-02,5.747436030249662986e-01,6.387651507303427900e-01,-4.185227390448564844e-02,-1.251424427639075965e-01,9.914016367968506160e-02,1.014192479022065635e-01,9.199212679995855124e-02,1.562208639801097865e-01,-2.291515591007976804e-01,-2.236610380192685932e-01,-2.175489485134154966e-01,-1.171656479850823468e-01,3.899305915259504429e-01,4.895887288925722114e-01,-3.763596809282088174e-01,-3.972858178804516416e-01,4.012224179011706360e-01,4.155184916606236012e-01,-3.833005283331606533e-02,-6.702579508960944399e-02,-2.382678959908836325e-02,-5.801305293691079792e-03,-3.365793017714699409e-01,-2.886149383611312236e-01,5.946337926033357091e-02,1.842950378120791211e-01,2.693463172070858364e-02,1.103283953175178689e-01,1.164404848233709794e-01,-8.318657412203459001e-02,-3.715943230083911808e-01,-3.598881176836216111e-01,-4.095099968921578903e-01,-4.512586760592561808e-01,-4.368590075624158020e-01,-2.009737905314409878e-01,-3.488034807831761897e-01,-3.584377913601988763e-01,-1.522842639593908476e-01,3.522221071169584408e-03,-4.493939707862840138e-01,-4.520874339583548784e-01,2.424116854863772597e-02,4.009116336890085341e-02,-1.044234952864394467e-01,-7.987154252563968826e-02,-1.869885009841499857e-01,-5.096861079457162824e-02,-9.168134258779653267e-02,-3.888946441520770292e-01,1.654407956075831243e-01,2.032528747539624758e-01,3.274629648813839888e-01,3.416554439034496515e-01,2.321558064850305636e-01,2.873718015124831493e-01,-7.044442142339168988e-02,6.174246348285505892e-02,8.401533202113331544e-02,9.199212679995855124e-02,1.963120273490106538e-01,3.470423702475913807e-02,2.311198591111571221e-01,2.596084118926758610e-01,1.177872164094063839e-01,1.101212058427431806e-01,-1.370558375634517712e-01,-3.687972650989329582e-02,4.216305811664767395e-02,-8.360095307158395272e-02,-1.084636900445457297e-01,-9.427121102248005313e-02,-2.101937221589142979e-01,-1.949652957629752215e-01,-3.897234020511757824e-01,-2.797057909458199321e-01,-4.078524810939603840e-01,-4.050554231845022168e-01,-3.312959701647156252e-01,-2.087433958354915631e-01,-3.719051072205531994e-01,-3.638247177043406055e-01,-3.247695017093131242e-01,-1.981767326219827929e-01,-2.848855278151869730e-02,-9.313166891121930913e-02,-1.352947270278669623e-01,-5.780586346213612003e-02,-3.301564280534548534e-01,-2.025277115922511084e-01,-3.088159121516626526e-01,-1.875064746710866925e-01,-1.673055008805552357e-01,-1.171656479850823468e-01,-1.881280430954107297e-01,-1.139542111260747892e-01,-2.574329224075416755e-01,-2.436548223350253617e-01,-2.253185538174660718e-01,-4.931109499637418431e-02,-3.075727753030145784e-01,1.189267585206671418e-01,-1.938257536517144775e-01,-2.901688594219413719e-01,-3.583341966228115183e-01,-1.751787009219931412e-01,-5.511240029006526236e-02,-2.573293276701543175e-01,-2.145447011291826134e-01,1.495908007873200107e-01
1.584999482026313092e-02,-2.693463172070858364e-02,-1.035947373873407143e-02,-7.821402672744223739e-02,0.000000000000000000e+00,4.287786180462032082e-01,-3.232155806485030591e-02,-6.029213715943230328e-02,5.082357816222935476e-01,3.855796125556821830e-01,-7.355226354501190854e-03,-5.977416347249558948e-02,2.424116854863772597e-02,-2.134051590179218694e-02,5.190096343105770060e-01,3.643426913912772847e-01,-2.216927380089091237e-02,-2.797057909458199217e-03,1.201698953693152300e-01,2.589868434683517684e-02,5.293691080493110462e-02,2.458303118201595194e-01,-7.096239511032839675e-02,3.532580544908318909e-02,2.136123484926965577e-01,2.524603750129493229e-01,4.593390655754687191e-01,4.491867813115093533e-01,2.330881591215165985e-02,6.671501087744742542e-02,1.170620532476950165e-01,2.050139852895472847e-01,2.134051590179218694e-02,-4.423495286439448754e-02,-1.031803584377913585e-01,-6.661141614006008127e-02,-2.579508960944783963e-02,4.268103180358437387e-02,6.764736351393348113e-02,1.450326323422770070e-01,-2.351600538692634121e-02,-3.460064228737180086e-02,-2.021133326427017318e-01,-1.035947373873407074e-01,-1.481404744638972204e-01,-1.108463690044545619e-01,-3.273593701439966863e-02,-6.339997928105252367e-02,-2.388894644152076974e-01,-1.751787009219931412e-01,-1.355019165026416506e-01,-1.461721744535377510e-01,-8.090748989951310199e-02,-2.687247487827618131e-01,1.360198901895783574e-01,7.375945301978659163e-02,3.843364757070340948e-02,3.169998964052626184e-02,-1.157153216616595703e-01,-4.827514762250077751e-02,-6.391795296798921666e-02,-9.737905314410026658e-02,-6.485030560447528625e-02,-6.982285299906763887e-02,-1.399564902102972963e-01,-2.152698642908940085e-01,-1.857453641355019114e-01,-1.764218377706412433e-01,1.376774059877758083e-01,-4.081632653061224164e-02,2.723505645913187334e-01,2.031492800165751456e-01,-1.502123692116440375e-02,8.992023205221173765e-02,6.391795296798921666e-02,2.973168963016678545e-02,-1.045270900238267908e-01,-1.388169480990365523e-01,1.252460375012949267e-01,1.019372215891432565e-01,1.763182430332538853e-01,7.479540039366000537e-02,8.339376359680927830e-02,4.641044234952863834e-02,1.790117062053247499e-01,4.630684761214130113e-02,3.190717911530093764e-01,1.442038744431782538e-01,1.981767326219827929e-01,1.478296902517352018e-01,-2.093649642598156002e-01,-1.942401326012638541e-01,-3.418626333782243815e-02,-9.489277944680409027e-02,3.408266860043509400e-02,1.057702268724748651e-01,7.634932145447011209e-02,5.179736869367035715e-03,-1.965192168237853421e-01,-3.098518595255360664e-01,-2.175489485134154966e-01,-8.018232673780170683e-02,-1.107427742670672316e-01,-1.493836113125453224e-01,-1.938257536517144775e-01,-6.402154770537656081e-02,-5.873821609862218268e-02,6.443592665492592353e-02,-1.968300010359473780e-03,-7.355226354501190854e-03,-7.531337408059669836e-02,-8.380814254635864102e-02,-2.212783590593597749e-01,-7.065161089816637818e-02,-1.660623640319071614e-01,1.243136848648088502e-02
3.822645809592872812e-02,7.790324251528021882e-02,-5.449083186574121829e-02,-5.666632135087536909e-02,4.287786180462032082e-01,0.000000000000000000e+00,-4.226665285403501116e-02,-2.900652646845540070e-02,5.482233502538070846e-01,4.895887288925722114e-01,5.169377395628301647e-02,1.401636796850719846e-01,1.108463690044545619e-01,1.659587692945198312e-01,3.209364964259815434e-01,4.942504920750024899e-01,1.207914637936392671e-01,1.681342587796539612e-01,2.216927380089091237e-02,-1.781829483062260383e-02,9.623951103283953645e-02,1.047342794986014652e-01,-6.226043716979177273e-02,1.709313166891121907e-02,2.612659276908733119e-01,4.194550916813425401e-01,2.606443592665492193e-01,5.134155184916605608e-01,5.604475292655133195e-02,1.431679270693048678e-01,1.307365585828239862e-01,2.000414378949549044e-01,1.375738112503884780e-01,1.362270796643530180e-01,-1.098104216305811551e-02,4.040194758106288239e-03,4.278462654097171108e-02,8.764114782969023576e-02,4.775717393556407064e-02,1.222417901170620366e-02,-7.179115300942710831e-02,-2.424116854863772597e-02,-6.951206878690562030e-02,3.625815808556925174e-02,6.609344245312337440e-02,1.147829690251735146e-01,-2.092613695224282422e-02,-9.199212679995855124e-02,-3.853724230809074669e-02,3.946959494457681628e-02,5.925618978555889649e-02,1.750751061846057832e-02,2.620946855899720235e-02,-1.425463586449808306e-01,1.867813115093752974e-01,7.893918988915363255e-02,1.631617113850616085e-01,6.008494768465761152e-03,-8.691598466797886835e-02,-1.226561690666114202e-01,9.955454262923442432e-02,4.972547394592354009e-02,1.282502848855277822e-01,1.162332953485962911e-01,-1.419247902206567831e-02,-4.143789495493628572e-02,-7.365585828239924748e-02,1.688594219413653771e-02,1.043199005490521025e-01,-8.183984253599915770e-02,1.654407956075831243e-01,2.338133222832280145e-01,7.179115300942710831e-02,7.893918988915363255e-02,1.996270589454055555e-01,1.836734693877550839e-01,-3.138920542836423633e-02,3.750129493421733989e-02,3.108878068994094801e-01,2.181705169377395337e-01,3.138920542836423633e-01,2.332953485962912799e-01,9.333885838599398355e-02,-1.454470112918263835e-01,2.105045063710763442e-01,1.691702061535274026e-01,2.473842328809696123e-01,4.972547394592354356e-03,8.484408992023205476e-02,1.049414689733761397e-01,-2.416865223246658922e-01,-3.297420491039055324e-01,-1.707241272143374955e-01,-2.763907593494250303e-01,-1.612970061120894971e-01,-7.489899513104733564e-02,-7.531337408059669836e-02,-1.684450429918160075e-01,-1.416140060084947749e-01,-3.678649124624468469e-01,-2.289443696260229921e-01,-1.901999378431575571e-01,-1.583963534652439442e-01,-2.908940225836527671e-01,-1.513519113229047919e-01,-1.164404848233709794e-01,-1.285610690976898285e-01,5.241893711799440470e-02,-1.043199005490521025e-01,-1.722780482751475883e-01,-1.476225007769605135e-01,-1.097068268931938179e-01,-2.720397803791567148e-01,-2.127835905935978322e-01,-1.797368693670361450e-01,-6.422873718015124737e-03
3.777064125142442497e-01,2.186884906246762406e-01,6.716046824821297889e-01,5.747436030249662986e-01,-3.232155806485030591e-02,-4.226665285403501116e-02,0.000000000000000000e+00,6.444628612866466488e-01,5.873821609862218268e-02,-1.447218481301149884e-01,2.780482751476224812e-01,1.616077903242515157e-01,2.588832487309644659e-01,1.927898062778410915e-01,-1.683414482544286495e-01,-1.906143167927069060e-01,-1.538381850202009682e-01,-2.879933699368071587e-02,3.747021651300113665e-01,3.653786387651506984e-01,-3.312959701647156252e-01,-3.772920335646949286e-01,3.932456231223454002e-01,3.043613384440069791e-01,-6.267481611934114238e-02,-9.116336890085983274e-03,-6.205324769501708443e-02,1.605718429503780881e-02,-2.966953278773437619e-01,-2.354708380814254098e-01,1.097068268931938179e-01,1.862633378224386183e-01,9.147415311302184437e-02,1.756966746089298481e-01,2.662384750854656507e-02,-1.568424324044338514e-01,-3.356469491349838852e-01,-3.100590490003107824e-01,-4.158292758727856198e-01,-5.365171449290375705e-01,-4.504299181601574276e-01,-1.432715218066921981e-01,-3.215580648503055805e-01,-2.856106909768983404e-01,-2.206567906350357169e-02,1.001761110535584753e-01,-4.283642390966538316e-01,-5.031596394903138370e-01,1.256604164508443033e-01,1.168548637729203282e-01,-4.050554231845022307e-02,-2.071894747746814405e-04,-1.943437273386511843e-01,-1.045270900238267908e-01,-2.009737905314409878e-02,-3.923132704858592890e-01,1.516626955350668104e-01,1.784937325183880430e-01,3.370972754584066755e-01,2.501812907904278349e-01,3.793639283124417005e-01,3.676577229876721864e-01,-1.553921060810110628e-03,1.101212058427431806e-01,1.023516005386926331e-01,9.085258468869780724e-02,1.361234849269656877e-01,7.417383196933594047e-02,8.701957940536619862e-02,1.092924479436444551e-01,1.000725163161711312e-01,9.717186366932559216e-02,-1.964156220863980118e-01,-1.072205531958976416e-01,2.942090541800476342e-02,2.071894747746814405e-04,-1.147829690251735146e-01,-4.133430021754894851e-02,-1.112607479540039246e-01,-1.055630373977001907e-01,-3.050865016057183743e-01,-2.010773852688283458e-01,-3.594737387340722901e-01,-4.246348285507096088e-01,-2.628198487516834048e-01,-2.484201802548430538e-01,-3.771884388273075706e-01,-3.918988915363099124e-01,-3.089195068890500107e-01,-1.951724852377499098e-01,-3.315031596394903048e-03,-8.929866362788770051e-02,-1.507303428985807270e-01,-2.765979488241997186e-02,-4.067129389826996122e-01,-2.726613488034807520e-01,-3.486998860457888316e-01,-2.389930591525949999e-01,-9.903656894229771745e-02,-8.142546358644979498e-02,-1.515591007976794524e-01,-1.294934217341758842e-02,-2.643737698124934976e-01,-2.321558064850305636e-01,-2.550502434476328295e-01,-6.453952139231326768e-02,-3.215580648503055805e-01,1.787009219931627313e-01,-2.631306329638454233e-01,-3.692116440484823348e-01,-3.920024862736972149e-01,-1.009012742152698566e-01,-7.531337408059669836e-02,-2.624054698021340282e-01,-2.498705065782657886e-01,1.697917745778514398e-01
2.705894540557339245e-01,2.095721537345902608e-01,5.781622293587485029e-01,6.387651507303427900e-01,-6.029213715943230328e-02,-2.900652646845540070e-02,6.444628612866466488e-01,0.000000000000000000e+00,3.988397389412617206e-02,-1.834662799129803956e-01,1.707241272143374955e-01,3.273593701439966308e-01,2.220035222210711423e-01,3.386511965192168239e-01,-2.139231327048585762e-01,-1.827411167512690282e-01,-1.339479954418315577e-01,2.672744224593390575e-02,3.158603542940018327e-01,3.720087019579405019e-01,-2.736972961773541657e-01,-3.750129493421733851e-01,3.696260229980317114e-01,3.812286335854138120e-01,-8.608722676888012904e-02,-4.765357919817672129e-03,-1.389205428364239103e-01,-1.709313166891121907e-02,-3.149280016575157770e-01,-2.112296695327877116e-01,1.128146690148140452e-01,2.109188853206256931e-01,1.318761006940847302e-01,2.343312959701646936e-01,-8.598363203149279876e-03,-1.711385061638868443e-01,-2.900652646845540139e-01,-2.972133015642804965e-01,-3.590593597845229135e-01,-4.950792499741012431e-01,-4.328188128043095051e-01,-8.546565834455609190e-02,-3.000103594737387191e-01,-2.514244276390759092e-01,-2.993887910494146681e-02,1.206878690562519368e-01,-3.456956386615560040e-01,-4.180047653579198053e-01,7.407023723194861020e-02,1.178908111467937281e-01,1.346731586035429269e-03,2.527711592251113276e-02,-8.784833730446492406e-02,4.672122656169066385e-02,8.308297938464725974e-02,-2.787734383093338764e-01,9.364964259815600212e-02,1.157153216616595703e-01,3.236299595980524080e-01,2.369211644048482279e-01,3.321247280638143229e-01,4.385165233606132529e-01,3.211436859007562369e-03,2.021133326427017318e-01,1.299078006837252608e-01,1.215166269553506623e-01,7.334507407023722891e-02,9.427121102248005313e-02,7.541696881798404251e-02,9.727545840671293631e-02,-1.243136848648088502e-02,2.817776856935667526e-02,-2.198280327359369846e-01,-1.045270900238267908e-01,3.812286335854137703e-02,1.222417901170620366e-02,-1.564280534548844748e-01,-1.812907904278462587e-02,-7.396664249456126605e-02,-4.962187920853620288e-02,-3.125453226976069310e-01,-1.770434061949652804e-01,-3.460064228737180225e-01,-4.563348181912358914e-01,-2.613695224282606144e-01,-1.379881901999378269e-01,-3.166891121931005859e-01,-3.935564073345074187e-01,-2.473842328809696123e-01,-9.323526364860663940e-02,7.396664249456126605e-02,-1.096032321558064737e-01,-8.733036361752821719e-02,-4.568527918781725705e-02,-3.955247073448668327e-01,-2.873718015124831493e-01,-3.358541386097586012e-01,-2.561897855588935458e-01,-3.024966331710348885e-02,-1.178908111467937281e-01,-8.318657412203459001e-02,-1.605718429503780881e-02,-1.976587589350460861e-01,-2.045996063399979359e-01,-2.500776960530405324e-01,-1.368486480886770829e-01,-3.087123174142753501e-01,2.269760696156634949e-01,-2.620946855899720096e-01,-3.677613177250595444e-01,-3.866155599295555412e-01,-9.137055837563451410e-02,-1.200663006319278997e-01,-2.804309541075312717e-01,-2.697606961566352268e-01,1.192375427328291604e-01
1.781829483062260383e-02,6.112089505853101831e-03,-1.253496322386822744e-02,-4.185227390448564844e-02,5.082357816222935476e-01,5.482233502538070846e-01,5.873821609862218268e-02,3.988397389412617206e-02,0.000000000000000000e+00,4.412099865326841175e-01,1.413032217963327564e-01,1.062882005594115858e-01,1.362270796643530180e-01,1.592251113643426697e-01,4.739459235470837584e-01,4.628612866466382814e-01,8.753755309230290549e-02,1.597430850512793765e-01,4.029835284367554171e-02,-2.786698435719465322e-02,1.390241375738112406e-01,2.448979591836734637e-01,-5.842743188646016411e-02,6.008494768465761499e-02,3.181394385165233207e-01,4.259815601367450411e-01,2.630270382264580653e-01,5.659380503470423651e-01,3.149280016575158048e-02,1.453434165544390255e-01,2.180669222003522034e-01,2.030456852791877875e-01,1.892675852066715014e-01,1.359162954521909994e-01,-1.291826375220138934e-01,-1.506267481611933967e-01,3.460064228737180086e-02,6.744017403915880671e-02,7.728167409095616780e-02,-4.154148969232362987e-02,-4.620325287475396392e-02,1.460685797161504103e-02,-8.515487413239407333e-02,1.957940536620739538e-02,1.232777374909354608e-02,4.817155288511343336e-02,-1.377810007251631559e-02,-7.779964777789287467e-02,-9.354604786076865797e-02,-8.909147415311301221e-02,-3.325391070133637550e-02,-5.863462136123483853e-02,-3.066404226665285504e-02,-2.141303221796332645e-01,1.984875168341448115e-01,2.227286853827825305e-02,5.822024241168548969e-02,-1.605718429503780881e-02,-1.151973479747228635e-01,-1.443074691805656118e-01,1.116751269035532873e-01,5.190096343105769783e-02,1.198591111571531975e-01,1.140578058634621333e-01,-6.671501087744742542e-02,-1.488656376256086156e-01,-2.591940329431264844e-01,-1.804620325287475402e-01,1.802548430539728172e-02,-1.739355640733450670e-01,2.631306329638454233e-01,3.010463068476121329e-01,3.004247384232880749e-02,1.086708795193204180e-01,1.495908007873200107e-01,2.575365171449289781e-01,-5.055423184502226552e-02,2.475914223557442936e-02,3.097482647881487083e-01,2.568113539832176384e-01,2.650989329742048928e-01,1.536309955454262799e-01,1.125038848026520266e-01,-8.339376359680927830e-02,1.830519009634310468e-01,1.574640008287579024e-02,1.818087641147829725e-01,-2.517352118512379555e-02,8.598363203149278489e-02,5.366207396664249285e-02,-1.448254428675023187e-01,-2.090541800476535816e-01,-7.489899513104733564e-02,-1.470009323526364764e-01,-1.168548637729203282e-01,-8.287578990987257144e-02,-2.506992644773645487e-02,-1.528022376463275545e-01,-7.106598984771572702e-02,-2.490417486791670909e-01,-1.041127110742774281e-01,-5.790945819952345724e-02,-4.413135812700714339e-02,-1.451362270796643650e-01,-1.539417797575882985e-01,-1.171656479850823468e-01,-3.812286335854137703e-02,6.826893193825753214e-02,-2.013881694809903644e-01,-1.381953796747125152e-01,-1.249352532891328943e-01,-7.375945301978659163e-02,-2.259401222417901089e-01,-1.546669429192996936e-01,-1.073241479332849857e-01,-2.848855278151869730e-02
9.074898995131046309e-02,1.219310059049000250e-01,-9.209572153734589539e-02,-1.251424427639075965e-01,3.855796125556821830e-01,4.895887288925722114e-01,-1.447218481301149884e-01,-1.834662799129803956e-01,4.412099865326841175e-01,0.000000000000000000e+00,-1.533202113332642752e-02,-1.479332849891225321e-01,-1.327048585931834557e-01,-8.463690044545736646e-02,3.013570910597741515e-01,5.888324873096446588e-01,8.960944784004971908e-02,-2.071894747746814026e-03,3.553299492385786351e-02,-4.247384232880968731e-03,1.350875375530923017e-01,2.676888014088883994e-01,-1.835698746503677259e-01,-2.071894747746814286e-02,2.870610173003211307e-01,3.020822542214855466e-01,3.879622915155909735e-01,4.836838288614938031e-01,4.786076867295140785e-02,6.992644773645498302e-02,4.216305811664767395e-02,4.620325287475396392e-02,-5.210815290583238613e-02,-4.972547394592354009e-02,-1.007976794778825125e-01,-8.329016885942193416e-02,2.071894747746814026e-03,3.822645809592872812e-02,1.071169584585102974e-01,8.878068994095099364e-02,3.522221071169584494e-02,-1.662695535066818497e-01,-1.168548637729203282e-01,-1.003833005283331636e-01,-6.951206878690562030e-02,-8.795193204185226821e-02,7.976794778825234064e-03,9.634310577022686672e-03,-9.085258468869780724e-02,-1.044234952864394467e-01,-7.386304775717392190e-02,-7.520977934320935421e-02,-8.453330570807002231e-02,-2.441727960219620686e-01,-7.127317932249041532e-02,-7.386304775717392190e-02,1.887496115197347946e-01,1.229669532787734387e-01,-1.294934217341759120e-01,-6.619703719051070467e-02,-3.791567388376670261e-02,-1.295970164715632422e-01,9.043820573914844452e-02,1.336372112296695287e-02,-1.734175903864083601e-01,-2.491453434165544489e-01,-2.345384854449393541e-01,-2.778410856728478207e-01,1.199627058945405417e-01,-1.419247902206567831e-02,3.194861701025587530e-01,4.307469180565626776e-01,1.365378638765150643e-01,1.629545219102869480e-01,1.914430746918056314e-01,1.943437273386511843e-01,-2.631306329638454303e-02,-2.993887910494146681e-02,1.514555060602921222e-01,8.090748989951310199e-02,2.489381539417797329e-01,7.697088987879414923e-02,1.437894954936289049e-01,8.525846886978140360e-02,2.157878379778306877e-01,3.957318968196415349e-02,2.112296695327877116e-01,1.043199005490521025e-01,7.003004247384231329e-02,-3.087123174142752946e-02,-2.981456542007666077e-01,-1.688594219413653841e-01,-1.735211851237957181e-01,-1.811871956904589076e-01,3.750129493421733989e-02,7.127317932249041532e-02,5.511240029006526236e-02,9.634310577022686672e-03,-2.092613695224282422e-01,-2.177561379881901849e-01,-1.961048378742359655e-01,-2.058427431886460102e-01,-6.008494768465761499e-02,-1.507303428985807270e-01,-1.122966953278773383e-01,-5.397285817880451142e-02,-3.066404226665285504e-02,-1.252460375012949267e-01,-4.682482129907800106e-02,3.107842121620221255e-03,-1.139542111260747823e-02,-7.500258986843467979e-02,-1.202734901067025880e-01,-6.826893193825753214e-02,-7.541696881798404251e-02,-1.277323111985911031e-01
2.872682067750957913e-01,1.814979799026209262e-01,1.912358852170309431e-01,9.914016367968506160e-02,-7.355226354501190854e-03,5.169377395628301647e-02,2.780482751476224812e-01,1.707241272143374955e-01,1.413032217963327564e-01,-1.533202113332642752e-02,0.000000000000000000e+00,2.727649435408680545e-01,4.879312130943748160e-01,3.047757173935563557e-01,5.283331606754376047e-02,3.532580544908318909e-02,2.241790117062053278e-01,2.207603853724230680e-01,1.541489692323629868e-01,5.656272661348803188e-02,1.968300010359473780e-03,-1.115715321661659432e-01,2.133015642805345391e-01,1.304257743706619677e-01,0.000000000000000000e+00,6.723298456438411841e-02,-8.784833730446492406e-02,4.765357919817672129e-03,1.279395006733657636e-01,6.982285299906763887e-02,2.119548326944990790e-01,1.436859007562415746e-01,2.152698642908940085e-01,3.189681964156220739e-01,-9.634310577022686672e-02,-2.655133119237542694e-01,-7.251631617113849741e-04,0.000000000000000000e+00,-6.909768983735625758e-02,-2.482129907800683377e-01,-6.246762664456644715e-02,7.893918988915363255e-02,-3.491142649953381943e-02,1.284574743603024947e-02,2.453123381332228403e-01,3.080907489899513130e-01,-2.163058116647674223e-01,-2.770123277737490675e-01,3.683828861493835816e-01,3.063296384543665041e-01,1.199627058945405417e-01,2.294623433129596990e-01,-5.003625815808556559e-02,-8.929866362788770051e-02,9.427121102248005313e-03,-2.544286750233087924e-01,2.317414275354811592e-01,1.284574743603024705e-01,6.184605822024240307e-02,-4.599606339997927562e-02,4.310577022687246962e-01,3.588521703097481974e-01,3.399979281052522562e-01,3.012534963223867934e-01,2.242826064435926581e-01,1.526986429089402242e-01,-6.764736351393348113e-02,-4.837874235988811472e-02,-1.129182637522013928e-02,5.967056873510824533e-02,-6.909768983735625758e-02,7.365585828239924748e-02,-2.248005801305293441e-02,-3.874443178286542805e-02,3.107842121620221472e-04,1.760074588210918667e-01,-7.593494250492073550e-02,9.924375841707240575e-02,1.026623847508546516e-01,9.261369522428260226e-02,7.500258986843467979e-02,8.556925308194342217e-02,3.304672122656168720e-02,-1.665803377188438683e-01,1.748679167098311227e-01,-7.945716357609032554e-02,-1.846058220242411674e-01,-1.709313166891121838e-01,-1.791153009427120801e-01,-2.495597223661037700e-01,-1.522842639593908511e-02,-1.691702061535274026e-01,-2.314306433233191407e-01,-7.106598984771572702e-02,-3.564694913498394069e-01,-4.080596705687350445e-01,-3.691080493110949767e-01,-3.555371387133533512e-01,-8.815912151662694263e-02,-1.530094271211022428e-01,-1.274215269864290845e-01,-1.122966953278773383e-01,-1.820159535895576330e-01,-1.901999378431575571e-01,-1.677198798301046123e-01,-2.022169273800890621e-01,-1.894747746814461620e-01,-1.968300010359473606e-02,-2.849891225525743033e-01,-3.419662281156116701e-01,-3.239407438102144265e-01,-1.687558272039780261e-01,-1.429607375945301795e-01,-2.202424116854863612e-01,-1.631617113850616085e-01,-7.458821091888530666e-03
2.413757381125038876e-02,4.848233709727545193e-02,8.536206360716874775e-02,1.014192479022065635e-01,-5.977416347249558948e-02,1.401636796850719846e-01,1.616077903242515157e-01,3.273593701439966308e-01,1.062882005594115858e-01,-1.479332849891225321e-01,2.727649435408680545e-01,0.000000000000000000e+00,4.742567077592457769e-01,6.758520667150108574e-01,-3.729410545944265853e-02,5.272972133015642326e-02,2.179633274629648731e-01,4.105459442660312486e-01,-2.092613695224282422e-02,-9.323526364860664634e-03,1.441002797057909235e-01,-1.523878586967781779e-01,2.104009116336889862e-01,1.838806588625297722e-01,-1.989018957836941742e-02,1.716564798508235512e-01,-2.921371594323008414e-01,-2.589868434683517684e-02,1.605718429503780881e-02,1.471045270900238067e-01,2.453123381332228403e-01,2.385786802030456788e-01,3.667253703511861307e-01,4.758106288200558698e-01,-8.867709520356364949e-02,-8.753755309230290549e-02,1.349839428157049437e-01,1.357091059774163389e-01,3.739770019683000268e-02,-1.872992851963120042e-01,-1.833626851755930723e-02,2.364031907179115488e-01,5.832383714907281996e-02,1.841914430746917908e-01,2.917227804827514648e-01,4.033979073863047660e-01,3.729410545944265333e-03,-1.209986532684139554e-01,2.113332642701750419e-01,3.498394281570496034e-01,3.586449808349735369e-01,3.465243965606547016e-01,3.231119859111157289e-01,2.589868434683518239e-01,4.250492075002589853e-01,1.147829690251735146e-01,3.263234227701232448e-02,-8.639801098104216148e-02,5.832383714907281996e-02,-1.220346006422873553e-01,3.454884491867812879e-01,4.558168445042991568e-01,2.641665803377187816e-01,4.060913705583755751e-01,2.682067750958251340e-01,3.499430228944369059e-01,-1.274215269864290706e-02,2.362995959805241908e-01,-1.567388376670465211e-01,-1.141614006008494775e-01,-2.738008909147415237e-01,-1.148865637625608588e-01,-3.781207914637935846e-02,-9.344245312338132770e-02,8.256500569771055287e-02,2.369211644048482279e-01,-7.904278462654096282e-02,2.393038433647570185e-01,3.148244069201284745e-01,3.478711281466901339e-01,1.531130218584896008e-01,2.757691909251009932e-01,8.401533202113331544e-02,-2.347456749197140702e-01,1.756966746089298481e-01,2.400290065264684414e-01,3.625815808556925174e-02,-6.816533720087018799e-02,4.247384232880968731e-03,1.347767533409302831e-01,1.602610587382160834e-01,-2.354708380814254098e-01,-5.552677923961462508e-02,-1.220346006422873553e-01,-3.941779757588314559e-01,-4.283642390966538316e-01,-3.343002175489484529e-01,-3.982181705169376973e-01,1.322904796436340791e-01,-1.737283745985703787e-01,4.164508442971096708e-02,-9.116336890085983274e-03,-9.416761628509270898e-02,-1.497979902620946713e-01,-1.041127110742774281e-01,-2.772195172485237835e-01,-1.586035429400186325e-01,2.115404537449497302e-01,-2.172381643012534780e-01,-4.140681653372008109e-01,-3.185538174660726973e-01,-9.541075313374079714e-02,-2.861286646638350750e-01,-2.189992748368382591e-01,-1.911322904796436128e-01,-5.718429503781207596e-02
8.701957940536619862e-02,-1.315653164819227151e-02,1.855381746607272231e-01,9.199212679995855124e-02,2.424116854863772597e-02,1.108463690044545619e-01,2.588832487309644659e-01,2.220035222210711423e-01,1.362270796643530180e-01,-1.327048585931834557e-01,4.879312130943748160e-01,4.742567077592457769e-01,0.000000000000000000e+00,5.151766290272453697e-01,1.360198901895783574e-01,9.675748471977622944e-02,1.801512483165854939e-01,3.526364860665077705e-01,6.226043716979177273e-02,-5.977416347249558948e-02,1.357091059774163389e-01,-1.267999585621050473e-01,3.847508546565834298e-01,2.602299803169998982e-01,9.810421630581166175e-02,1.767326219828032619e-01,-2.323629959598052241e-01,-3.346110017611104992e-02,4.972547394592354009e-02,1.563244587174971167e-01,3.552263545011913326e-01,3.180358437791359627e-01,3.807106598984771328e-01,4.645188024448358433e-01,-6.112089505853101831e-03,-1.539417797575882985e-01,1.448254428675023187e-01,1.530094271211022428e-01,5.179736869367035715e-03,-2.174453537760281663e-01,2.403397907386304461e-02,2.338133222832280145e-01,4.723920024862737072e-02,1.366414586139023946e-01,3.608204703201077224e-01,3.916917020615351963e-01,-1.341551849166062182e-01,-2.412721433751165157e-01,3.206257122138194693e-01,3.455920439241686459e-01,2.945198383922096319e-01,2.960737594530197248e-01,1.442038744431782538e-01,1.229669532787734387e-01,2.672744224593390783e-01,-5.687351082565005045e-02,7.334507407023722891e-02,-7.531337408059669836e-02,1.781829483062260383e-02,-1.963120273490106538e-01,4.087848337304464952e-01,4.109603232155806252e-01,2.323629959598052241e-01,2.804309541075312717e-01,4.781933077799647158e-01,3.844400704444214112e-01,2.714182119548326846e-02,1.632653061224489666e-01,-1.721744535377602581e-01,-4.382057391484511788e-02,-2.040816326530612013e-01,-6.961566352429296445e-02,-9.986532684139644289e-02,-1.538381850202009682e-01,8.080389516212576478e-03,1.433751165440795561e-01,-9.323526364860663940e-02,1.579819745156945954e-01,2.221071169584585003e-01,2.315342380607064987e-01,1.494872060499326527e-01,2.445871749715114452e-01,1.299078006837252608e-01,-1.592251113643426697e-01,2.970061120895057805e-01,8.370454780897129687e-02,-3.553299492385786351e-02,-3.242515280223764312e-02,-3.708691598466797024e-02,5.594115818916398433e-03,1.214130322179633042e-01,-1.843986325494664791e-01,-1.169584585103076585e-01,4.661763182430332317e-03,-4.251528022376463434e-01,-4.937325183880658663e-01,-4.450429918160156983e-01,-4.604786076867294908e-01,8.701957940536620556e-03,-1.313581270071480234e-01,-7.510618460582202394e-02,-3.946959494457681628e-02,-1.995234642080181975e-01,-1.985911115715321418e-01,-1.852273904485652045e-01,-2.503884802652025510e-01,-1.748679167098311227e-01,1.036983321247280515e-01,-2.486273697296177143e-01,-3.843364757070340532e-01,-3.770848440899202125e-01,-1.367450533512897526e-01,-2.325701854345799402e-01,-2.845747436030249267e-01,-1.966228115611727001e-01,-8.960944784004971908e-02
