0.000000000000000000e+00,2.841603646534756056e-01,7.324147933284988476e-02,-7.065161089816637818e-02,1.669947166683932172e-01,-2.330881591215165985e-02,1.274215269864290845e-01,3.118201595358955844e-02,1.518698850098414710e-01,6.298560033150316095e-02,2.773231119859110860e-01,1.545633481819123356e-01,2.559825960841188852e-01,-9.737905314410026658e-02,1.651300113954211057e-01,2.382678959908836325e-02,1.538381850202009682e-01,-1.180980006215684268e-02,2.339169170206153170e-01,1.522842639593908476e-01,8.701957940536620556e-03,3.418626333782243728e-03,-1.231741427535480993e-01,-2.514244276390759092e-01,-1.461721744535377510e-01,-1.586035429400186325e-01,-1.091888532062571110e-01,-6.619703719051070467e-02,9.717186366932559216e-02,5.708070030042473875e-02,-2.655133119237542694e-01,-2.739044856521288818e-01,-1.333264270175075206e-01,-9.696467419455090386e-02,-2.300839117372837361e-01,-2.308090748989951035e-01,-1.487620428882212853e-01,-2.631306329638454303e-02,-1.054594426603128465e-01,-4.568527918781725705e-02,-6.847612141303222044e-02,-4.568527918781725705e-02,-6.163886874546772865e-02,1.162332953485962911e-01,-1.344659691287682368e-01,-7.603853724230807964e-02,4.205946337926032980e-02,3.936600020718947560e-03,2.517352118512379555e-02,8.670879519320418005e-02,4.205946337926032980e-02,8.370454780897129687e-02,8.256500569771055287e-02,7.293069512068786620e-02,7.541696881798404251e-02,1.050450637107634838e-01,1.344659691287682368e-01,9.603232155806483428e-02,1.802548430539728241e-01,2.890293173106806002e-02,2.987672226250906449e-01,6.402154770537656081e-02,1.630581166476742783e-01,1.161297006112089608e-01,-4.040194758106287892e-02,-1.380917849373251849e-01,-1.800476535791981636e-01,-1.712421009012742024e-01,3.905521599502744662e-02,-6.712938982699678814e-02,-9.282088469905727668e-02,8.909147415311301221e-02,-6.226043716979177273e-02,1.543561587071376473e-02,2.693463172070858364e-02,-1.108463690044545619e-02,3.905521599502744662e-02,-6.422873718015124737e-03,4.868952657205013676e-03,1.200663006319278997e-01,7.811043199005489324e-02,-4.392416865223246203e-02,-2.330881591215165985e-02,-5.925618978555889649e-02,-4.050554231845022307e-02,-3.169998964052626184e-02,-5.272972133015642326e-02,-1.750751061846057832e-02,4.268103180358437387e-02,-1.243136848648088589e-03,-1.264891743499430288e-01,-7.904278462654096282e-02,-9.427121102248005313e-02,-9.385683207293067654e-02,1.044234952864394467e-01,-1.274215269864290706e-02,1.740391588107324111e-02,2.008701957940536575e-01,-9.116336890085983274e-03,3.708691598466797024e-02,-1.088780689940950924e-01,-3.574018439863254487e-02,7.003004247384231329e-02,1.056666321350875279e-02,-2.879933699368071587e-02,-7.811043199005489324e-02,-1.054594426603128465e-01,-8.080389516212575785e-02,-4.040194758106287892e-02,7.800683725266754909e-02,-9.841500051797368032e-03,-7.282710038330052205e-02,-9.634310577022686672e-03,1.004868952657204939e-01,6.754376877654615086e-02,4.475292655133118747e-02
2.841603646534756056e-01,0.000000000000000000e+00,-1.194447322076038487e-01,-1.643012534963223525e-01,2.506992644773645487e-02,7.976794778825234064e-03,-3.035325805449082814e-01,-1.917538589039676500e-01,-5.635553713871335052e-02,6.837252667564487456e-03,-2.683103698332124643e-02,-6.277841085672847266e-02,-2.558790013467315827e-02,-1.752822956593804715e-01,5.262612659276908605e-02,-4.413135812700714339e-02,3.239407438102144265e-01,3.128561069097689495e-01,3.360613280845332618e-01,4.535377602817776133e-01,-4.081632653061224164e-02,1.302185848958872794e-01,-1.900963431057702269e-01,-2.688283435201491711e-01,-1.546669429192996936e-01,-1.026623847508546516e-01,7.728167409095616780e-02,1.041127110742774281e-01,1.187195690458924535e-01,4.775717393556407064e-02,-1.443074691805656118e-01,-2.306018854242204430e-01,2.123692116440484626e-02,3.895162125764010941e-02,-3.171034911426499070e-01,-1.922718325909043569e-01,-1.011084636900445310e-01,-9.323526364860664634e-03,-3.294312648917434305e-02,-6.868331088780689486e-02,-2.393038433647570393e-02,-2.393038433647570393e-02,-5.418004765357919972e-02,2.071894747746814286e-02,7.873200041437894425e-02,2.281156117269242667e-01,1.829483062260436887e-01,2.109188853206256931e-01,1.687558272039780261e-01,3.253910701336371614e-01,3.460064228737180086e-02,1.164404848233709794e-01,1.271107427742670659e-01,2.486273697296177004e-02,1.456542007666010441e-01,1.288718533098518471e-01,5.322697606961566130e-01,5.495700818398425724e-01,2.971097068268931385e-01,1.163368900859836214e-01,3.480783176214648222e-02,-1.908215062674815943e-01,2.579508960944784102e-01,2.717289961669946963e-01,-2.349528643944887307e-01,-3.904485652128871220e-01,-1.964156220863980118e-01,-1.712421009012742024e-01,3.637211229669532475e-01,3.387547912566041819e-01,-1.781829483062260244e-01,-5.304050554231844877e-02,-1.184087848337304349e-01,-2.662384750854656507e-02,-1.263855796125556638e-02,-2.589868434683517857e-03,-4.050554231845022307e-02,3.646534756034393310e-02,-1.211022480058012857e-01,1.688594219413653771e-02,2.390966538899823579e-01,2.206567906350357378e-01,-1.398528954729099522e-02,2.301875064746710664e-01,-6.267481611934114238e-02,1.924790220656790729e-01,-4.713560551124002657e-02,1.082565005697710553e-01,-1.450326323422770070e-01,-2.879933699368071587e-02,-3.026002279084222257e-01,-1.022480058013052889e-01,-2.475914223557443006e-01,-7.956075831347766969e-02,-7.956075831347766969e-02,-2.010773852688283458e-01,-1.390241375738112406e-01,-1.875064746710866995e-02,-1.301149901584999491e-01,-2.189992748368382591e-01,-1.768362167201906199e-01,-1.771470009323526315e-02,6.712938982699678814e-02,8.805552677923959848e-02,-8.121827411167512056e-02,-1.518698850098414710e-01,-1.367450533512897526e-01,-1.626437376981249294e-01,-1.754894851341551598e-01,-7.966435305086501384e-02,-1.441002797057909235e-01,-1.014192479022065635e-01,-2.149590800787319900e-01,-4.806795814772608921e-02,-2.098829379467522793e-01,1.073241479332849857e-01
7.324147933284988476e-02,-1.194447322076038487e-01,0.000000000000000000e+00,1.122966953278773383e-01,4.143789495493628572e-02,-3.325391070133637550e-02,4.278462654097171525e-01,-2.175489485134155139e-03,3.913809178493731777e-01,1.278359059359784333e-01,3.044649331813943371e-01,-7.479540039366000537e-02,3.730446493318139156e-01,1.804620325287475402e-01,2.546358644980834529e-01,1.141614006008494775e-01,4.454573707655650958e-03,-1.267999585621050473e-01,5.407645291619185557e-02,-1.019372215891432565e-01,4.703201077385268242e-02,5.148658448150833511e-02,5.570289029317310181e-01,3.842328809696466951e-01,3.997720915777477901e-01,2.215891432715217935e-01,2.129907800683725205e-01,2.383714907282709627e-01,-1.207914637936392671e-01,-1.488656376256086156e-01,2.304982906868330850e-01,2.274940433026002018e-01,-2.455195276079975147e-02,-1.019372215891432565e-01,2.632342277012327258e-01,9.199212679995855124e-02,1.560136745053350982e-01,1.406816533720086915e-01,-4.931109499637418431e-02,-6.329638454366517952e-02,-2.579508960944783963e-02,5.210815290583238613e-02,-1.449290376048896767e-01,-2.034600642287371641e-01,-1.636796850719983154e-01,-2.821920646431161361e-01,-2.345384854449393541e-01,-1.970371905107220489e-01,-3.892054283642390478e-01,-2.522531855381746624e-01,-2.417901170620532503e-01,-1.924790220656790729e-01,-2.232466590697192443e-01,-7.479540039366000537e-02,-3.335750543872371132e-01,-2.477986118305189889e-01,-9.344245312338132770e-02,-2.147518906039573017e-01,-2.554646223971822061e-01,-4.329224075416968631e-01,-2.044960116026105779e-01,-1.352947270278669623e-01,-1.761110535584791970e-01,-4.741531130218584744e-01,5.386926344141717005e-01,1.826375220138816702e-01,7.603853724230807964e-02,-1.086708795193204180e-01,6.018854242204495913e-02,-1.222417901170620436e-01,7.976794778825234411e-02,2.314306433233191407e-01,6.163886874546772865e-02,-2.310162643737698196e-02,9.945094789184708017e-02,-3.449704754998445672e-02,5.904900031078421339e-03,-2.465554749818709215e-02,-4.247384232880968731e-03,8.422252149590800374e-02,-1.593287061017300277e-01,6.443592665492592353e-02,2.496633171034911072e-02,-5.697710556303739460e-02,2.582616803066404287e-01,-2.393038433647570185e-01,3.918988915363099124e-01,7.924997410131565112e-02,1.170620532476950165e-01,-1.284574743603024705e-01,2.475914223557442936e-02,2.620946855899720235e-02,9.033461100176111425e-02,2.274940433026002018e-01,3.273593701439966863e-02,-5.335128975448046734e-02,-2.548430539728581412e-02,-5.749507924997409453e-02,-1.545633481819123356e-01,7.438102144411064265e-02,-1.374702165130011478e-01,-1.937221589143271402e-02,-2.152698642908940085e-01,-1.698953693152387701e-01,-3.418626333782243815e-02,1.638868745467730037e-01,-6.008494768465761499e-02,7.873200041437895119e-03,7.976794778825234411e-02,4.817155288511343336e-02,-8.598363203149279876e-03,-8.256500569771055287e-02,1.460685797161504103e-02,-7.065161089816637818e-02,1.071169584585102974e-01,-4.143789495493628051e-03
-7.065161089816637818e-02,-1.643012534963223525e-01,1.122966953278773383e-01,0.000000000000000000e+00,2.745260540764528703e-02,6.692220035222209984e-02,2.522531855381746624e-01,4.910390552159950017e-01,2.206567906350357169e-02,1.760074588210918667e-01,-4.765357919817672649e-02,2.369211644048482279e-01,-7.748886356573085610e-02,1.024551952760799772e-01,-1.378845954625504966e-01,9.976173210400909874e-02,-1.628509271728995900e-01,-1.237957111778721503e-01,-5.231534238060706055e-02,-9.541075313374079714e-02,-7.634932145447011209e-02,-6.485030560447528625e-02,1.885424220449601063e-01,3.302600227908422115e-01,1.574640008287579024e-02,-6.008494768465761152e-03,-3.864083704547808390e-02,-6.485030560447528625e-02,-8.132186884906246471e-02,1.657515798197451221e-02,1.398528954729099660e-01,2.514244276390759092e-01,-3.066404226665285504e-02,4.133430021754894851e-02,1.454470112918263835e-01,1.426499533823681609e-01,-5.480161607790323686e-02,-1.065989847715736044e-01,-2.248005801305293441e-02,-2.150626748161193202e-01,-2.426188749611519480e-01,-1.802548430539728241e-01,-6.795814772609549970e-02,-7.096239511032839675e-02,-1.215166269553506623e-01,-7.945716357609032554e-02,-2.085362063607168748e-01,-3.108878068994094801e-01,-3.207293069512068273e-01,-3.118201595358955358e-01,-2.787734383093338764e-01,-3.137884595462550608e-01,-3.443489070755205161e-01,-2.738008909147415237e-01,-3.711799440588418042e-01,-3.805034704237024723e-01,-2.389930591525949999e-01,-1.537345902828136379e-01,-1.996270589454055555e-01,-2.424116854863772597e-02,8.981663731482439350e-02,3.131668911219309681e-01,-1.084636900445457297e-01,4.641044234952863834e-02,2.282192064643115970e-01,3.907593494250491406e-01,8.360095307158395272e-02,1.236921164404848061e-01,-1.618149797990262040e-01,-1.654407956075831243e-01,1.337408059670568694e-01,5.169377395628301647e-02,-3.460064228737180086e-02,-3.625815808556925174e-02,1.604682482129907717e-01,-6.049932663420697770e-02,-7.044442142339168815e-03,2.579508960944783963e-02,7.085880037294105260e-02,-8.536206360716874775e-02,-9.727545840671293631e-02,2.040816326530612082e-02,-1.064953900341862603e-01,-1.652336061328084360e-01,1.110535584792292502e-01,3.905521599502744662e-02,4.205946337926032980e-02,-3.522221071169584408e-03,-7.137677405987775947e-02,7.821402672744223739e-02,2.121620221692737951e-01,-5.594115818916398433e-03,3.434165544390344604e-01,2.372319486170102257e-02,6.412514244276389108e-02,1.531130218584896008e-01,1.136434269139127567e-01,-2.569149487206049895e-02,-4.589246866259193147e-02,6.619703719051070467e-02,6.298560033150316095e-02,-3.687972650989329582e-02,-2.023205221174764201e-01,-7.179115300942710831e-02,-2.185848958872889033e-02,2.496633171034911072e-02,-1.764218377706412433e-01,-9.012742152698640860e-03,6.868331088780689486e-02,1.458613902413757324e-01,-2.279084222521495819e-03,-3.605096861079456344e-02,3.335750543872371271e-02,-2.434476328602506665e-02,5.045063710763492831e-02,1.260747954003936522e-01
1.669947166683932172e-01,2.506992644773645487e-02,4.143789495493628572e-02,2.745260540764528703e-02,0.000000000000000000e+00,2.890293173106805447e-01,9.810421630581166175e-02,-3.024966331710348885e-02,2.727649435408680545e-01,6.868331088780689486e-02,4.205946337926032980e-02,-7.054801616077903403e-02,1.622293587485755528e-01,-6.018854242204495913e-02,3.152387858696777956e-01,5.169377395628301647e-02,1.479332849891225321e-01,3.946959494457681628e-02,-9.219931627473323954e-03,3.201077385268828041e-02,2.255257432922407324e-01,2.289443696260229921e-01,8.701957940536620556e-03,-8.038951621257639513e-02,1.357091059774163389e-01,1.259712006630063219e-01,2.025277115922511084e-01,1.947581062882005332e-01,1.755930798715425178e-01,1.379881901999378269e-01,2.036672537035118247e-01,1.357091059774163423e-02,8.370454780897129687e-02,4.630684761214130113e-02,-2.071894747746814405e-04,-5.770226872474877589e-02,-1.667875271936185635e-02,4.775717393556407064e-02,-6.971925826168029472e-02,-4.330260022790841795e-02,2.962809489277944824e-02,9.240650574950792784e-02,-4.641044234952863834e-02,-5.283331606754376394e-03,-6.723298456438411841e-02,-2.434476328602506665e-02,3.107842121620221472e-04,4.247384232880968731e-03,4.516730550088055712e-02,1.636796850719983432e-02,2.455195276079975147e-02,5.521599502745260651e-02,5.531958976483994372e-02,-3.004247384232880576e-03,6.806174246348284385e-02,2.993887910494146681e-02,4.941468973376152152e-02,1.740391588107324111e-02,5.169377395628301647e-02,-1.147829690251735146e-01,7.448461618149798680e-02,1.481404744638972412e-02,1.335336164922821811e-01,6.609344245312337440e-02,-1.111571532166165804e-01,-9.986532684139644289e-02,-6.868331088780689486e-02,-6.630063192789804882e-02,-3.273593701439966863e-02,-3.491142649953381943e-02,1.666839324562311986e-01,1.909251010048689245e-01,-2.444835802341240732e-02,-1.305293691080493083e-02,6.060292137159432185e-02,-2.113332642701750558e-02,-2.424116854863772597e-02,-5.293691080493110462e-02,9.862218999274836861e-02,1.953796747125245703e-01,-9.219931627473323954e-03,1.398528954729099522e-02,-7.003004247384231329e-02,4.257743706619703666e-02,-2.509064539521392301e-01,-3.035325805449082606e-02,-5.324769501709313013e-02,-1.272143375116543962e-01,1.626437376981249364e-02,-1.111571532166165804e-01,-1.373666217756137897e-01,-3.791567388376670261e-02,-1.032839531751786888e-01,-6.847612141303222044e-02,8.049311094996373928e-02,-1.029731689630166702e-01,1.667875271936185635e-02,5.863462136123483853e-02,-3.428985807520978230e-02,-4.340619496529576210e-02,-3.315031596394903048e-03,-7.396664249456126605e-02,-3.615456334818190759e-02,-2.558790013467315827e-02,-1.619185745364135343e-01,-6.371076349321454224e-02,-1.927898062778410915e-01,-4.796436341033874506e-02,-1.368486480886770829e-01,-4.081632653061224164e-02,-1.166476742981456399e-01,-8.059670568735108342e-02,-8.867709520356364949e-02,-2.797057909458199217e-03,-1.108463690044545619e-02,-8.235781622293587845e-02
-2.330881591215165985e-02,7.976794778825234064e-03,-3.325391070133637550e-02,6.692220035222209984e-02,2.890293173106805447e-01,0.000000000000000000e+00,-1.408888428467833763e-02,5.293691080493110462e-02,1.487620428882212853e-01,4.079560758313476865e-01,-6.267481611934114238e-02,1.120895058531026639e-01,3.833005283331606880e-03,7.583134776753340522e-02,8.018232673780170683e-02,2.432404433854759851e-01,9.313166891121930913e-02,-2.962809489277944824e-02,-1.145757795503988402e-01,5.822024241168548969e-02,6.505749507924997455e-02,2.004558168445043087e-01,-1.895783694188335131e-02,7.552056355537138665e-02,1.324976691184087674e-01,2.265616906661141461e-01,2.884077488863565075e-01,2.880969646741944890e-01,9.862218999274836861e-02,-2.082254221485548354e-02,8.670879519320418005e-02,4.185227390448564844e-02,4.423495286439448754e-02,7.541696881798404251e-02,4.692841603646533827e-02,-2.548430539728581412e-02,-8.722676888014088692e-02,-7.666010566663213760e-03,-1.371594323008391292e-01,-6.785455298870816943e-02,-2.558790013467315827e-02,9.582513208329015986e-02,-9.520356365896612272e-02,-1.323940743810214093e-01,-1.050450637107634838e-01,-5.117580026934631654e-02,-2.983528436755412266e-02,6.837252667564487456e-03,-1.139542111260747909e-03,-3.387547912566041264e-02,-3.522221071169584408e-03,3.252874753962498727e-02,2.993887910494146681e-02,3.190717911530093626e-02,3.729410545944265853e-02,4.827514762250077751e-02,-9.945094789184708017e-02,4.278462654097171108e-02,5.801305293691080139e-02,-2.351600538692634121e-02,-3.377188438827307543e-02,1.719672640629855975e-02,1.698953693152387492e-02,3.739770019683000268e-02,-1.096032321558064737e-01,-1.792188956800994451e-02,-3.522221071169584494e-02,3.263234227701232448e-02,-5.645913187610068773e-02,9.406402154770536483e-02,1.655443903449704823e-01,1.497979902620946713e-01,9.396042681031802069e-02,1.078421216202216787e-01,-4.164508442971096708e-02,-8.650160571842950563e-02,-1.078421216202216787e-01,-1.400600849476846266e-01,9.914016367968506160e-02,-8.670879519320418005e-02,2.175489485134154966e-02,5.386926344141716727e-02,-1.575675955661452465e-01,2.154770537656686830e-02,-1.314617217445353536e-01,5.925618978555889649e-02,-1.047342794986014652e-01,-6.122448979591836593e-02,-4.931109499637418431e-02,-1.050450637107634838e-01,2.931731068061741927e-02,-1.978659484098207674e-02,5.200455816844503504e-02,4.143789495493628810e-04,1.533202113332642752e-02,-3.304672122656168720e-02,-3.439345281259711951e-02,-3.801926862115403982e-02,-6.049932663420697770e-02,-1.064953900341862603e-01,-9.219931627473323954e-03,4.506371076349320604e-02,5.386926344141717074e-03,7.893918988915363255e-02,-1.201698953693152230e-02,-6.940847404951827615e-02,-9.385683207293067654e-02,-2.361960012431368536e-02,-4.454573707655650611e-02,-3.004247384232880576e-03,-8.567284781933076632e-02,-5.231534238060706055e-02,-2.175489485134155139e-03,-8.598363203149278489e-02,1.035947373873407143e-02,7.230912669636381518e-02
1.274215269864290845e-01,-3.035325805449082814e-01,4.278462654097171525e-01,2.522531855381746624e-01,9.810421630581166175e-02,-1.408888428467833763e-02,0.000000000000000000e+00,3.455920439241686459e-01,4.320936496425981099e-01,1.043199005490521025e-01,3.132704858593183261e-01,1.913394799544183011e-01,3.891018336268517452e-01,1.240029006526468386e-01,1.455506060292137138e-01,6.184605822024240307e-02,-1.386097586242618918e-01,-1.842950378120791211e-01,-6.681860561483476957e-02,-2.992851963120273240e-01,5.283331606754376394e-03,-1.500051797368693596e-01,2.710038330052833011e-01,1.916502641665803197e-01,1.135398321765254265e-01,-2.030456852791878014e-02,-8.049311094996373928e-02,-3.418626333782243815e-02,-4.247384232880968731e-03,-7.541696881798404251e-02,4.164508442971096708e-02,1.173728374598570351e-01,-1.841914430746917908e-01,-1.782865430436133825e-01,9.012742152698641207e-02,-9.996892157878378704e-02,-6.733657930177145909e-03,-1.377810007251631559e-02,-9.706826893193824801e-02,-1.346731586035429251e-01,-1.319796954314720605e-01,-5.221174764321972334e-02,-1.825339272764943399e-01,-1.223453848544494016e-01,-2.781518698850098392e-01,-3.330570807003003786e-01,-2.491453434165544489e-01,-3.154459753444525116e-01,-3.654822335025380564e-01,-3.122345384854449124e-01,-1.687558272039780261e-01,-1.720708588003729278e-01,-2.154770537656686691e-01,-9.230291101212058369e-02,-3.063296384543665041e-01,-2.172381643012534780e-01,-3.394799544183155215e-01,-3.240443385476017846e-01,-2.590904382057391264e-01,-2.206567906350357378e-01,1.088780689940950924e-01,2.514244276390759092e-01,-2.352636486066507493e-01,-2.227286853827825375e-01,4.693877551020407268e-01,3.391691702061535030e-01,1.170620532476950026e-02,-1.357091059774163389e-01,-1.701025587900134584e-01,-2.650989329742048928e-01,7.655651092924480039e-02,1.735211851237957181e-01,1.191339479954418301e-01,8.080389516212575785e-02,6.474671086708795598e-02,3.625815808556925174e-02,-3.812286335854137703e-02,-1.014192479022065635e-01,6.112089505853102178e-02,-4.309541075313373659e-02,-2.522531855381746624e-01,-1.637832798093856734e-01,-1.071169584585102974e-01,-3.369936807210193730e-01,1.473117165647984950e-01,-2.253185538174660718e-01,9.551434787112814129e-02,-1.514555060602921222e-01,1.024551952760799772e-01,-1.067025795089609347e-02,1.850202009737905162e-01,1.346731586035429251e-01,2.895472909976173348e-01,1.820159535895576330e-01,1.018336268517559123e-01,1.114679374287786129e-01,6.847612141303222044e-02,4.143789495493628051e-03,-4.091992126799957885e-02,2.373355433543976045e-01,2.113332642701750558e-02,3.998756863151351620e-02,-1.994198694706308672e-01,-1.250388480265202662e-01,1.170620532476950026e-02,1.279395006733657636e-01,2.797057909458199217e-03,5.915259504817155234e-02,8.919506889050035636e-02,9.447840049725474143e-02,-4.123070548016160436e-02,-9.613591629545217843e-02,1.064953900341862603e-01,1.191339479954418162e-02,2.031492800165751456e-01,-9.955454262923442432e-02
3.118201595358955844e-02,-1.917538589039676500e-01,-2.175489485134155139e-03,4.910390552159950017e-01,-3.024966331710348885e-02,5.293691080493110462e-02,3.455920439241686459e-01,0.000000000000000000e+00,5.656272661348803188e-02,1.966228115611727001e-01,5.438723712835387414e-02,4.645188024448358433e-01,-1.108463690044545619e-02,8.536206360716874775e-02,-1.949652957629752215e-01,1.218274111675126808e-01,-1.797368693670361450e-01,-1.781829483062260244e-01,-1.185123795711177930e-01,-1.669947166683932172e-01,-1.267999585621050473e-01,-2.534963223868227367e-01,-3.263234227701232448e-02,7.510618460582202394e-02,-2.124728063814358137e-01,-2.282192064643115970e-01,-2.811561172692426669e-01,-2.922407541696881439e-01,-2.154770537656686830e-02,2.185848958872889033e-02,-1.020408163265306006e-01,9.882937946752304303e-02,-1.517662902724541407e-01,-7.168755827203977804e-02,-2.890293173106806002e-02,-3.936600020718947560e-03,-1.630581166476742783e-01,-2.461410960323215380e-01,-7.748886356573085610e-02,-2.360924065057495025e-01,-2.350564591318760888e-01,-2.365067854552988513e-01,-1.084636900445457297e-01,-7.624572671708275406e-02,-1.885424220449601063e-01,-7.935356883870298139e-02,-1.616077903242515157e-01,-2.538071065989847552e-01,-2.027349010670257690e-01,-2.479022065679063191e-01,-1.406816533720086915e-01,-1.866777167719879671e-01,-2.151662695535066505e-01,-1.877136641458613531e-01,-2.291515591007976804e-01,-2.606443592665492193e-01,-3.540868123899305608e-01,-2.159950274526053760e-01,-1.093960426810317993e-01,1.242100901274215269e-01,3.155495700818398142e-01,6.265409717186366523e-01,-1.067025795089609347e-01,1.177872164094063839e-01,1.715528851134362209e-01,4.026727442245933708e-01,-2.320522117476431917e-02,5.666632135087536909e-02,-2.883041541489692050e-01,-2.218999274836838120e-01,6.029213715943230328e-02,6.837252667564487629e-02,6.971925826168029472e-02,9.396042681031802069e-02,1.518698850098414710e-01,1.253496322386822744e-02,-3.625815808556925087e-03,9.323526364860664634e-03,8.007873200041436268e-02,-1.380917849373251849e-01,-1.487620428882212853e-01,-1.701025587900134584e-01,-1.289754480472392051e-01,-3.279809385683206679e-01,5.355847922925514870e-02,-4.330260022790841795e-02,-1.121931005904899942e-01,-1.673055008805552357e-01,-4.060913705583756028e-02,4.496011602610586883e-02,2.694499119444732083e-01,-3.418626333782243728e-03,4.046410442349528402e-01,2.693463172070858364e-02,1.234849269657101178e-01,2.450015539210608218e-01,1.143685900756241519e-01,5.293691080493110462e-02,1.160261058738215958e-02,1.334300217548948508e-01,1.130218584895887196e-01,5.179736869367035064e-04,-1.205842743188646066e-01,-2.652025277115922439e-02,1.284574743603024947e-02,-8.971304257743704935e-02,-1.305293691080493083e-02,1.064953900341862603e-01,1.452398218170516953e-01,1.501087744742566898e-01,-1.035947373873407203e-04,-1.232777374909354608e-02,9.665388998238888529e-02,1.040091163368900701e-01,8.018232673780170683e-02,1.388169480990365627e-02
1.518698850098414710e-01,-5.635553713871335052e-02,3.913809178493731777e-01,2.206567906350357169e-02,2.727649435408680545e-01,1.487620428882212853e-01,4.320936496425981099e-01,5.656272661348803188e-02,0.000000000000000000e+00,3.090231016264373687e-01,3.207293069512068273e-01,7.386304775717392190e-02,5.210815290583238335e-01,1.865741220346006368e-01,5.052315342380606644e-01,2.217963327462964818e-01,9.364964259815600212e-02,-1.688594219413653771e-02,6.205324769501708443e-02,-7.179115300942710831e-02,6.350357401843985394e-02,1.332228322801201625e-01,2.888221278359058841e-01,1.270071480368797079e-01,2.088469905728788933e-01,1.195483269449911790e-01,1.113643426913912687e-01,1.727960219620843230e-01,1.012120584274318752e-01,-6.961566352429296445e-02,1.222417901170620436e-01,9.976173210400909874e-02,-1.000725163161711312e-01,-1.409924375841707378e-01,3.542940018647052630e-02,-1.020408163265306006e-01,1.626437376981249364e-02,9.841500051797368032e-03,-2.023205221174764201e-01,-1.754894851341551598e-01,-8.805552677923959848e-02,5.386926344141716727e-02,-2.496633171034911280e-01,-1.747643219724437924e-01,-2.559825960841188852e-01,-2.679995856210504179e-01,-1.368486480886770829e-01,-1.488656376256086156e-01,-2.044960116026105779e-01,-8.971304257743704935e-02,-1.579819745156945954e-01,-4.982906868331088424e-02,-6.257122138195379824e-02,1.346731586035429269e-03,-1.240029006526468386e-01,-7.220553195897647103e-02,-1.080493110949963670e-01,-1.253496322386822848e-01,-1.206878690562519368e-01,-2.942090541800476133e-01,-3.781207914637935846e-02,3.346110017611104992e-02,-5.272972133015642326e-02,-2.480058013052936772e-01,3.363721122966952803e-01,8.038951621257639513e-02,-1.453434165544390255e-01,-2.884077488863565075e-01,3.460064228737180086e-02,-2.372319486170102257e-02,7.469180565627266122e-02,2.742152698642909003e-01,6.671501087744742542e-02,8.391173728374597129e-02,-3.594737387340722623e-02,-5.511240029006526236e-02,5.614834766393866916e-02,1.978659484098207674e-02,9.530715839635345299e-02,4.578887392520459426e-02,-9.768983735626228515e-02,-5.231534238060706055e-02,-7.106598984771572702e-02,-1.913394799544183011e-01,4.040194758106287892e-02,-3.357505438723712432e-01,1.174764321972443654e-01,-1.334300217548948508e-01,6.764736351393348113e-02,-1.867813115093752974e-01,-6.112089505853102178e-02,8.701957940536619862e-02,3.491142649953381943e-02,1.233813322283227876e-01,1.196519216823785092e-01,-1.885424220449601063e-02,-1.968300010359473780e-03,-5.283331606754376047e-02,-1.432715218066921981e-01,4.278462654097171108e-02,-1.346731586035429251e-01,4.599606339997927562e-02,-9.582513208329015986e-02,-1.012120584274318752e-01,-7.199834248420179661e-02,5.645913187610068773e-02,-6.205324769501708443e-02,-6.288200559411581680e-02,-6.112089505853101831e-03,8.494768465761938503e-02,-8.142546358644979498e-02,-1.265927690873303590e-01,1.926862115404537334e-02,-2.620946855899720235e-02,1.422355744328188121e-01,-8.173624779861182743e-02
6.298560033150316095e-02,6.837252667564487456e-03,1.278359059359784333e-01,1.760074588210918667e-01,6.868331088780689486e-02,4.079560758313476865e-01,1.043199005490521025e-01,1.966228115611727001e-01,3.090231016264373687e-01,0.000000000000000000e+00,9.074898995131046309e-02,2.934838910183362182e-01,1.313581270071480234e-01,2.684139645705997945e-01,1.965192168237853421e-01,4.853413446596911984e-01,1.297006112089505725e-01,-2.724541593287060914e-02,-8.878068994095099364e-02,-7.769605304050553572e-03,1.481404744638972412e-02,2.776338961980731254e-02,6.526468455402464897e-02,1.939293483891018077e-01,9.344245312338132770e-02,1.069097689837356230e-01,2.016989536931523830e-01,1.647156324458717569e-01,3.138920542836423633e-02,-7.313788459546254062e-02,-1.346731586035429182e-02,1.014192479022065635e-01,-1.553921060810110714e-02,-4.444214233916916890e-02,5.055423184502226552e-02,3.107842121620221472e-04,-1.602610587382160834e-01,-1.240029006526468386e-01,-1.990054905210815184e-01,-2.513208329016886067e-01,-1.790117062053247499e-01,-2.216927380089091237e-02,-2.693463172070858502e-01,-2.595048171552885030e-01,-2.199316274733243426e-01,-1.045270900238267908e-01,-1.764218377706412433e-01,-1.273179322490417265e-01,-1.334300217548948508e-01,-7.230912669636381518e-02,-1.378845954625504966e-01,-5.645913187610068773e-02,-5.552677923961462508e-02,-1.377810007251631559e-02,-1.005904900031078381e-01,-1.136434269139127567e-01,-9.914016367968506160e-02,7.458821091888530666e-03,-4.174867916709830429e-02,-5.490521081529057407e-02,2.413757381125038876e-02,1.376774059877758083e-01,-7.355226354501190854e-03,-8.722676888014088692e-02,1.482440692012845507e-01,1.535274008080389496e-01,-1.565316481922718050e-01,-1.147829690251735146e-01,1.471045270900238171e-02,1.165440795607583097e-01,4.091992126799957885e-02,1.648192271832590872e-01,-6.215684243240442945e-04,4.558168445042991290e-02,-1.999378431575675810e-02,-1.748679167098311227e-01,-6.671501087744742542e-02,-4.920750025898684016e-02,6.277841085672847266e-02,-4.744638972340204514e-02,1.978659484098207674e-02,-1.294934217341758842e-02,-1.218274111675126808e-01,-1.128146690148140452e-01,6.526468455402464897e-02,-5.977416347249558948e-02,1.305293691080493083e-02,-8.577644255671811047e-02,-2.683103698332124643e-02,-8.588003729410545461e-02,7.355226354501190333e-02,-3.356469491349839407e-02,1.554957008183984191e-01,5.490521081529057754e-03,1.103283953175178689e-01,4.060913705583756028e-02,-6.112089505853101831e-03,-7.831762146482958153e-02,-1.277323111985911031e-01,-8.546565834455609190e-02,-1.122966953278773383e-01,3.335750543872371271e-02,-7.904278462654096282e-02,-6.536827929141199311e-02,-8.380814254635864102e-02,-1.094996374184191296e-01,-9.292447943644462083e-02,-6.826893193825753214e-02,7.945716357609032554e-02,1.307365585828239862e-01,-8.556925308194342217e-02,-1.042163058116647723e-01,7.458821091888530666e-03,-8.712317414275354277e-02,-4.402776338961979924e-02,3.967678441935149070e-02
2.773231119859110860e-01,-2.683103698332124643e-02,3.044649331813943371e-01,-4.765357919817672649e-02,4.205946337926032980e-02,-6.267481611934114238e-02,3.132704858593183261e-01,5.438723712835387414e-02,3.207293069512068273e-01,9.074898995131046309e-02,0.000000000000000000e+00,1.667875271936185566e-01,5.816844504299181207e-01,1.701025587900134584e-01,3.381332228322800892e-01,7.728167409095616780e-02,1.854345799233398512e-02,-1.497979902620946713e-01,1.491764218377706341e-01,-2.444835802341240732e-02,-9.551434787112814129e-02,-1.626437376981249364e-02,8.733036361752821719e-02,-4.174867916709830429e-02,-1.626437376981249364e-02,-1.211022480058012857e-01,-5.552677923961462508e-02,3.325391070133637550e-02,1.104319900549052130e-01,-6.826893193825753214e-02,-1.163368900859836214e-01,-1.255568217134569453e-01,-1.470009323526364764e-01,-2.573293276701543175e-01,-8.028592147518905098e-02,-1.367450533512897526e-01,-2.051175800269346150e-02,-4.123070548016160436e-02,-1.355019165026416506e-01,-1.171656479850823468e-01,-6.226043716979177273e-02,-8.981663731482439350e-02,-1.308401533202113165e-01,-1.056666321350875209e-01,-1.995234642080181975e-01,-2.475914223557443006e-01,-2.009737905314409878e-02,-1.334300217548948508e-01,-1.538381850202009682e-01,-1.084636900445457297e-01,-1.000725163161711312e-01,-6.609344245312337440e-02,1.854345799233398512e-02,5.635553713871335052e-02,-8.018232673780170683e-02,-4.309541075313373659e-02,-2.022169273800890621e-01,-2.222107116958458306e-01,-1.338444007044441997e-01,-2.336061328084532984e-01,4.226665285403501116e-02,1.968300010359473606e-02,-3.667253703511861446e-02,-2.145447011291826134e-01,2.442763907593494266e-01,-4.454573707655650958e-03,-1.910286957422562826e-01,-2.814669014814047410e-01,1.149901584999481891e-02,-9.717186366932559216e-02,-2.527711592251113276e-02,1.471045270900238067e-01,1.142649953382368078e-01,1.937221589143271402e-02,1.075313374080596601e-01,-1.004868952657204939e-02,9.105977416347249553e-02,-1.698953693152387492e-02,-8.836631099140163093e-02,-3.843364757070340948e-02,-6.671501087744742542e-02,-9.862218999274836861e-02,4.651403708691598249e-02,-1.288718533098518471e-01,2.039780379156738432e-01,-2.834352014917642104e-01,1.138506163886874450e-01,-1.074277426706723160e-01,1.255568217134569453e-01,-1.510411271107427733e-01,1.109499637418419060e-01,5.790945819952345724e-02,1.280430954107531216e-01,1.340515901792188880e-01,2.243862011809799883e-01,1.610898166373148088e-01,8.888428467833833779e-02,6.526468455402465417e-03,5.552677923961462508e-02,2.194136537863876357e-01,-2.102973168963016490e-02,9.126696363824716995e-02,6.878690562519423901e-02,3.522221071169584408e-03,1.450326323422770035e-02,5.531958976483994372e-02,-1.429607375945301899e-02,-5.386926344141717074e-03,1.553921060810110610e-01,2.738008909147415237e-01,1.347767533409302831e-01,-1.999378431575675810e-02,1.231741427535480993e-01,6.464311612970061183e-02,2.051175800269346150e-01,-8.121827411167512056e-02
1.545633481819123356e-01,-6.277841085672847266e-02,-7.479540039366000537e-02,2.369211644048482279e-01,-7.054801616077903403e-02,1.120895058531026639e-01,1.913394799544183011e-01,4.645188024448358433e-01,7.386304775717392190e-02,2.934838910183362182e-01,1.667875271936185566e-01,0.000000000000000000e+00,1.158189163990469145e-01,2.638557961255567630e-01,-3.884802652025276526e-02,3.057080700300424669e-01,-9.302807417383196498e-02,-6.060292137159432185e-02,6.889050036258158316e-02,4.868952657205013676e-03,-9.603232155806483428e-02,-1.599502745260540648e-01,-1.040091163368900701e-01,1.180980006215684268e-02,-2.117476432197244185e-01,-1.769398114575779501e-01,-2.694499119444732083e-01,-2.009737905314409878e-01,7.862840567699161398e-02,-1.926862115404537334e-02,-1.901999378431575571e-01,1.087744742567077483e-02,-1.131254532269760638e-01,-6.702579508960944399e-02,-1.783901377810007127e-01,-1.312545322697606931e-01,-1.699989640526261281e-01,-1.513519113229047919e-01,-1.105355847922925433e-01,-1.344659691287682368e-01,-1.035947373873407074e-01,-8.743395835491556134e-02,-1.183051900963431047e-01,-1.999378431575675810e-02,-1.621257640111882226e-01,-3.615456334818190759e-02,-2.061535274008080218e-02,-1.368486480886770829e-01,-7.707448461618149338e-02,-1.520770744846161593e-01,-6.267481611934114238e-02,-5.811664767429814554e-02,-5.967056873510824533e-02,-4.941468973376152152e-02,-9.209572153734589539e-02,-7.282710038330052205e-02,-2.878897751994198284e-01,-1.402672744224593149e-01,-3.698332124728063303e-02,9.095617942608515138e-02,3.042577437066196766e-01,4.047446389723401983e-01,4.444214233916916890e-02,2.129907800683725205e-01,3.553299492385786351e-02,1.688594219413653841e-01,-1.921682378535170266e-01,-4.558168445042991290e-02,-2.299803169998963781e-01,-9.375323733554334626e-02,-6.940847404951828135e-03,6.226043716979177273e-02,4.309541075313373659e-02,1.400600849476846266e-01,1.364342691391277063e-01,2.921371594323008206e-02,-1.035947373873407013e-03,1.709313166891121907e-02,-2.900652646845540070e-02,-1.361234849269656877e-01,-6.640422666528539297e-02,-1.374702165130011478e-01,-1.166476742981456399e-01,-2.265616906661141461e-01,7.666010566663213760e-03,2.455195276079975147e-02,-1.808764114782968890e-01,-1.176836216720190537e-01,-3.511861597430850079e-02,4.651403708691598249e-02,1.622293587485755528e-01,-8.701957940536619862e-02,1.795296798922614567e-01,-1.335336164922821811e-01,2.141303221796332645e-01,1.883352325701854180e-01,9.313166891121930913e-02,4.019475810628819756e-02,4.661763182430332317e-03,2.538071065989847344e-02,-7.458821091888530666e-03,-5.159017921889567926e-02,-7.158396353465243389e-02,-5.708070030042473875e-02,3.408266860043509400e-02,-1.954832694499119283e-01,-9.582513208329015986e-02,3.760488967160467710e-02,5.977416347249558948e-02,1.941365378638764960e-01,0.000000000000000000e+00,-7.603853724230807964e-02,-3.004247384232880749e-02,2.227286853827825305e-02,2.413757381125038876e-02,3.283953175178700584e-02
2.559825960841188852e-01,-2.558790013467315827e-02,3.730446493318139156e-01,-7.748886356573085610e-02,1.622293587485755528e-01,3.833005283331606880e-03,3.891018336268517452e-01,-1.108463690044545619e-02,5.210815290583238335e-01,1.313581270071480234e-01,5.816844504299181207e-01,1.158189163990469145e-01,0.000000000000000000e+00,2.608515487413239353e-01,4.806795814772609199e-01,1.860561483476639300e-01,8.463690044545736646e-02,-4.682482129907800106e-02,1.895783694188335200e-01,-3.605096861079456344e-02,8.287578990987257621e-04,1.099140163679684923e-01,2.091577747850409119e-01,4.423495286439448754e-02,1.704133430021754769e-01,7.137677405987775947e-02,2.382678959908836325e-02,1.470009323526364764e-01,1.618149797990262040e-01,-5.583756345177664365e-02,2.330881591215165985e-02,3.315031596394903048e-03,-1.055630373977001907e-01,-2.105045063710763442e-01,-3.035325805449082606e-02,-1.514555060602921222e-01,2.631306329638454303e-02,7.375945301978659163e-02,-1.319796954314720605e-01,-8.049311094996373928e-02,-4.609965813736661977e-02,4.319900549052108074e-02,-2.089505853102662236e-01,-1.317725059566973722e-01,-2.629234434890707073e-01,-3.049829068683310163e-01,-1.035947373873407074e-01,-1.690666114161400446e-01,-1.894747746814461620e-01,-1.264891743499430288e-01,-9.737905314410026658e-02,6.630063192789806097e-03,1.502123692116440375e-02,6.961566352429296445e-02,-8.142546358644979498e-02,-5.739148451258675732e-02,-1.315653164819227117e-01,-1.770434061949652804e-01,-1.603646534756034137e-01,-3.226976069615663523e-01,-7.873200041437895119e-03,-8.080389516212576478e-03,2.030456852791878014e-02,-2.408577644255671946e-01,2.834352014917642104e-01,1.481404744638972412e-02,-2.587796539935771079e-01,-3.490106702579508502e-01,2.807417383196933458e-02,-7.148036879726508974e-02,7.873200041437894425e-02,3.047757173935563557e-01,1.266963638247176893e-01,6.391795296798921666e-02,2.320522117476431917e-02,5.459442660312855550e-02,9.043820573914844452e-02,2.569149487206049895e-02,-2.040816326530612082e-02,4.464933181394385026e-02,-9.758624261887495488e-02,-9.841500051797368032e-02,-3.283953175178700584e-02,-1.180980006215684164e-01,5.749507924997409453e-02,-2.913084015332020882e-01,1.252460375012949267e-01,-6.350357401843985394e-02,1.274215269864290845e-01,-2.138195379674712460e-01,-5.190096343105769783e-02,2.517352118512379555e-02,-1.450326323422769948e-03,1.110535584792292502e-01,1.709313166891121838e-01,6.598984771573603025e-02,1.719672640629855975e-02,1.584999482026313092e-02,-7.893918988915363255e-02,8.370454780897129687e-02,-1.476225007769605135e-01,-2.144411063917952762e-02,-5.780586346213612003e-02,-1.133326427017507382e-01,-2.051175800269346150e-02,5.366207396664249285e-02,-5.262612659276908605e-02,-6.091370558375634042e-02,1.553921060810110714e-02,1.656479850823578126e-01,7.355226354501190854e-03,-1.279395006733657636e-01,-6.940847404951828135e-03,-2.051175800269346150e-02,2.241790117062053278e-01,-8.619082150626747318e-02
