0.000000000000000000e+00,3.099842647581341759e-01,-4.238363534845947939e-02,-1.532409522359271248e-01,-1.243591695853002443e-02,-1.979594944419064972e-03,-7.365108370133496840e-02,-2.404446474798234146e-01,-2.025277904674889842e-02,2.385665702248617251e-03,3.074463225216994555e-01,-1.032942490228922622e-01,-1.233439926907263680e-02,-1.417694533272422786e-01,-5.355058118877215056e-02,-1.278615298715801429e-01,2.380082229328460697e-01,-5.329678696512868234e-03,3.872392264352063629e-01,3.067356986954977716e-01,-2.471955738287396828e-02,-1.210598446779351522e-01,-2.136439774630729538e-01,-2.833866301202985216e-01,-8.085883965280951657e-02,-6.852444038373687978e-03,2.690218770620781026e-03,1.074564742906451570e-01,3.151616669204609367e-01,-3.385614943403889021e-02,7.405715445916452588e-02,-2.350134510938531318e-02,1.499923861732907204e-01,-5.172326277853916965e-02,-2.396325059641642996e-01,-2.331353738388914631e-01,-1.354753565808842486e-01,-2.303943962235419918e-01,-8.679762448606671496e-03,1.643063803867824135e-01,1.060859854829704352e-02,-5.344906349931476119e-02,-4.745951982132887159e-02,1.179127963047561234e-01,-4.187604690117253947e-02,7.156997106745850885e-03,-2.330338561494340877e-01,-4.827166133698797962e-02,6.852444038373687978e-03,-1.183188670625856809e-01,9.694939343180551325e-03,-2.847571189279732295e-02,4.938835592101924188e-02,1.016699659915740461e-01,3.400842596822497080e-03,1.310085782447591718e-01,4.871326328612761158e-01,2.651134460179687125e-01,1.384193695751484987e-01,-1.522257753413532588e-01,1.718186894066291437e-01,-8.766052484645450726e-02,3.684584538855896207e-01,1.133445002791736572e-01,-1.860311659306634613e-01,-2.100908583320643952e-01,-1.643063803867824135e-01,-1.567940713669357111e-01,4.328206690015735658e-01,3.429775138317852634e-01,-7.933607431094868989e-02,1.274047002690219081e-02,-4.786559057915842214e-02,-2.020709608649307598e-01,-1.969950763920613468e-01,-8.694990102025279555e-02,-1.830871529363992112e-01,-1.577077305720522016e-01,1.494847977260037875e-01,2.152229639534830596e-02,1.431907009796457297e-01,2.707984366275824062e-01,-2.589208669610679747e-01,2.309527435155576264e-02,2.264352063347038480e-01,3.386122531851175621e-01,-2.171970965940815401e-01,-3.202883102380590236e-02,-3.537891477589970302e-02,1.950662402923709626e-01,-2.001421247652403757e-01,-6.989492919141161720e-02,-2.034922085173341832e-01,-5.152022739962439091e-02,-1.669458403126745094e-01,-2.042028323435358950e-01,-2.597330084767270897e-01,-1.244099284300289598e-01,-1.542561291305010185e-01,-6.299172630830922326e-02,-3.035886503223187427e-01,-5.984467793513020828e-02,-3.749555860108624850e-01,-2.437947312319171944e-01,-4.339373635856048628e-01,-2.582102431348662908e-01,-2.989188366072788594e-01,-2.079589868534592600e-01,-1.094868280797929305e-01,-5.131719202070961910e-02,-1.022790721283183824e-01,-5.101263895233745099e-02,-2.037967615857063375e-01,4.735800213187148916e-02,-2.657225521547130209e-01,-1.249175168773158928e-01
3.099842647581341759e-01,0.000000000000000000e+00,-1.884675904776407507e-01,-1.013654129232018919e-01,2.543018120907568694e-02,-5.588548804629207833e-02,-2.187198619359423946e-01,-4.725648444241409979e-02,1.085731688746764262e-01,-8.847266636211360835e-02,2.588701081163393390e-03,3.669864473884574402e-02,-1.492817623470890087e-01,-9.085833206436222040e-03,-8.573168874676413698e-02,-1.303994721080148356e-01,2.594284554083549077e-01,3.523171412618649190e-01,2.102938937109791739e-01,3.760722805948937264e-01,1.051215674331252292e-01,-4.055631693822649153e-02,-2.232881579615248191e-01,-2.406476828587381656e-01,-7.461550175118016395e-03,2.817115882442516178e-02,1.453225724582508649e-01,4.522613065326633319e-02,1.536470229937566823e-01,6.918430536520989160e-02,1.105020049743668104e-01,-5.811887721435460979e-02,2.108014821582661069e-01,4.948987361047663125e-02,-1.479620323841429608e-01,-2.383127760012182517e-01,-1.331404497233643347e-01,-7.781330896908787709e-02,6.025074869295975188e-02,1.532409522359271248e-01,7.080858839652810766e-02,7.517384904319579508e-02,8.786356022536928601e-02,1.437998071163900382e-01,1.584183543982539133e-01,1.940510633977970967e-01,-1.687731587229074903e-01,-2.624232272473478803e-02,1.825795644891122504e-01,7.629054362722706428e-02,3.497284401807015247e-02,-7.750875590071570898e-02,2.431348662504441774e-02,-1.156794071366935711e-01,2.258768590426881925e-02,4.380488300086290282e-02,5.101771483681032393e-01,6.302725749961932689e-01,1.848129536571747888e-01,9.009694939343181053e-02,2.593776965636262685e-02,-6.547890970001523335e-03,2.193289680726867030e-01,1.946601695345414051e-01,-2.291761839500533193e-01,-1.890766966143850869e-01,-3.060758337140247198e-02,-7.649357900614182915e-02,4.345464697223491712e-01,4.013501852697833328e-01,-1.253235876351454503e-01,-1.562864829196487781e-01,-2.373991167961017612e-01,-2.555707832089741949e-01,-4.583523679001066942e-02,1.426323536876300709e-02,-1.358814273387138061e-01,-1.040048728490939739e-01,2.750621795847926765e-01,1.386766833775744945e-01,3.384092178062028111e-01,4.187097101669966515e-01,-1.780112684635297982e-01,1.186234201309578351e-01,1.067458504644434453e-01,2.138470128419877325e-01,-7.395563676970713651e-02,-4.106390538551343145e-02,3.502360286279884716e-03,2.299375666209837674e-02,-1.549667529567027302e-01,-2.330338561494340877e-01,-1.189279731993300171e-01,-1.858281305517486826e-01,-3.101365412923202253e-02,-1.450180193898787107e-01,-3.548043246535709239e-02,-2.441500431450180364e-02,-2.073498807167149238e-01,-2.551647124511446374e-01,-1.290797421450687876e-01,-1.870463428252373272e-01,-2.589208669610679747e-01,-3.224709405613928603e-01,-3.769859398000102169e-01,-3.941424293183087291e-01,-2.610527384396731376e-01,-3.737373737373738125e-01,-5.273843967311304948e-02,7.872696817420436755e-02,-3.781533932287702016e-02,-1.916146388508197795e-01,-2.591239023399827812e-01,1.004517537180854014e-01,-3.261255773818588222e-01,-2.163849550784224252e-01
-4.238363534845947939e-02,-1.884675904776407507e-01,0.000000000000000000e+00,3.691690777117913602e-01,-8.248312268412771875e-02,-9.557890462413076715e-02,5.088574184051571914e-01,2.025277904674889842e-02,-1.532409522359271248e-01,-1.742551139536064331e-01,5.938784833257195785e-03,-2.035937262067915587e-01,2.465357088472666658e-01,-1.548144764225166392e-02,1.003502360286280121e-01,-5.634231764885032009e-03,-1.053246028120400080e-01,-9.811684686056545979e-02,1.125323587635145561e-01,-1.121770468504136933e-02,-8.867570174102838709e-02,-3.476980863915538067e-02,5.442870920257855127e-01,4.097761534947465534e-01,4.847469671590275142e-02,-1.838992944520582984e-01,-9.273640931932390641e-02,-2.157758489416781167e-01,-1.510075630678646141e-01,-1.623775442870920294e-01,-8.207705192629816127e-02,7.639206131668443978e-02,-1.945586518450840297e-01,-1.372011573016598263e-01,2.896807268666565238e-01,1.680625348967057786e-01,5.639307649357901131e-02,6.908278767575251611e-02,-1.558296533170905329e-02,-1.611593320136033847e-01,1.345109385310390426e-02,-3.558195015481448176e-02,-2.050149738591950099e-01,-1.819704583523679142e-01,-1.143596771737475509e-01,-1.997360540074108182e-01,-2.492259276178874355e-02,-1.635957565605807018e-01,-2.349626922491244441e-01,-1.970965940815187223e-01,-1.720217247855439224e-01,-1.119232526267702338e-01,-1.674534287599614701e-01,-1.519212222729811046e-01,-1.882645550987259719e-01,-1.782143038424445769e-01,-1.658291457286432402e-01,-1.606517435663164517e-01,-8.654383026242323806e-02,-1.268463529770062492e-01,-1.761839500532968172e-01,-2.852139485305315025e-01,-1.265417999086340950e-01,-3.213542459773615634e-01,3.830770011674534681e-01,8.167098116846861766e-02,2.356733160753261558e-01,1.276584944926653642e-01,-1.775036800162428374e-01,-1.487741738998020757e-01,1.127353941424293349e-01,3.182579564489112361e-02,1.074564742906451570e-01,5.923557179838588593e-02,7.263590680676108857e-02,-9.324399776661085326e-02,2.491751687731587617e-01,7.517384904319579508e-02,-1.333434851022791134e-01,-1.429405345502378077e-01,-2.360793868331557133e-01,-1.978072179077204340e-01,7.689964976397138663e-02,-1.618699558398050964e-01,-9.578194000304554589e-02,-2.676513882544033773e-01,1.626820973554642114e-01,1.216689508146794885e-01,1.152225775341353398e-02,-2.105984467793513282e-01,-1.822242525760113876e-02,1.221765392619664214e-01,2.918633571899903814e-02,1.673519110705040669e-01,-5.954012486675804017e-02,2.949088878737120278e-02,9.192426780366480532e-02,-7.547840211156794932e-02,8.004669813715040161e-02,5.740825338815289808e-02,1.355261154256129190e-02,1.953707933607431446e-01,1.324805847418912899e-02,1.105020049743668104e-01,5.578397035683468896e-02,1.568448302116643919e-02,1.077610273590173251e-01,1.106035226638241858e-01,1.334957616364651663e-02,9.628952845033247887e-02,3.355159636566672210e-02,-3.502360286279884716e-03,-9.491903964265774318e-03,-1.441043601847622202e-01,-4.619054870311152181e-03,-2.076036749403584181e-02
-1.532409522359271248e-01,-1.013654129232018919e-01,3.691690777117913602e-01,0.000000000000000000e+00,-2.766357037713822187e-02,1.074564742906451570e-01,4.140398964519568237e-01,3.842952134409421405e-01,-1.290797421450687876e-01,-1.035988020912644164e-01,-1.682655702756205574e-01,7.943759200040607926e-02,5.162174508908178028e-02,2.634384041419217740e-02,-1.680117760519770839e-02,-2.451652200395919301e-02,-2.937414344449520431e-01,-3.705395665194660855e-03,-1.288767067661540089e-01,-1.088777219430485943e-01,8.512258261001981463e-02,1.286736713872392301e-01,2.933353636871224857e-01,4.723110502004975175e-01,1.087762042535912049e-01,-7.446322521699408337e-02,3.862748083853612124e-02,-1.382163341962337200e-01,-3.034871326328613117e-01,-1.384193695751484987e-01,-1.224810923303385757e-01,6.766154002334907880e-02,-2.749606618953353010e-01,-7.629054362722706428e-02,2.496827572204456946e-01,2.224760164458657319e-01,-2.015126135729150905e-02,8.106187503172428144e-02,8.613775950459369446e-02,-4.360184762194813102e-02,-3.771382163341963079e-02,2.086188518349322771e-02,-1.284706360083244514e-01,-1.362874980965433358e-01,-2.089741637480331260e-01,-2.391249175168773666e-01,1.689761941018222691e-01,4.898228516318969133e-02,-3.425714430739557059e-01,-9.659408151870464698e-02,-1.401451702959240764e-01,1.071519212222729889e-01,-8.502106492056242526e-02,-1.364905334754581145e-01,2.878026496116948760e-02,-3.263793716055023164e-02,-2.563829247246333098e-01,-1.214659154357647097e-01,-7.273742449621847794e-02,1.310085782447591718e-01,-7.486929597482362697e-02,3.030303030303031081e-02,-3.161768438150348026e-01,-2.411552713060250985e-01,2.186183442464849913e-01,3.571899903558195533e-01,1.743566316430638363e-01,2.876503730775087919e-01,-1.754733262270951055e-01,-1.260342114613471620e-01,2.705446424039389258e-02,-4.431247144814984273e-02,6.598649814730218020e-04,1.445104309425917499e-01,5.030201512613573928e-02,9.288868585350999046e-03,1.687731587229074903e-01,8.694990102025279555e-02,-1.465407847317395096e-01,-9.004847595600919130e-02,-2.740470026902188105e-01,-2.826760062940967821e-01,4.009948733566824630e-03,-2.524237348357951660e-01,-1.447134663215065287e-01,-2.430841074057154549e-01,1.957768641185726743e-01,4.796710826861581151e-02,2.187706207806710754e-02,-1.578092482615095771e-01,5.075884472869398060e-05,7.613826709304097632e-04,5.679914725140856879e-02,3.096289528450332871e-03,-3.598802091264403230e-02,9.202578549312219469e-02,1.573016598142226441e-01,-1.984670828891934788e-02,2.008527485914420874e-01,1.059337089487843442e-01,2.084665753007461930e-01,4.877924978427491259e-02,1.892797319932998656e-01,1.287751890766966334e-01,1.784173392213593279e-01,1.268971118217349569e-03,1.885691081670981539e-01,9.233033856149436280e-02,8.826963098319882961e-02,1.141566417948327722e-01,1.663367341759302009e-01,2.756205268768083250e-02,6.624029237094565536e-02,-1.573524186589513561e-03,8.167098116846861766e-02,2.182630323333841112e-03
-1.243591695853002443e-02,2.543018120907568694e-02,-8.248312268412771875e-02,-2.766357037713822187e-02,0.000000000000000000e+00,4.106898126998630438e-01,-1.015684483021166568e-01,2.238465052535404398e-02,3.715039845693112741e-01,3.226739759403076113e-01,4.583523679001066942e-02,-8.694990102025279555e-02,-5.365209887822953994e-02,-1.558804121618192207e-01,3.656159585807827739e-01,3.263793716055023164e-02,1.522765341860819418e-04,1.362874980965433358e-01,-3.883051621745089999e-02,-6.756002233389168943e-02,2.582102431348662908e-01,1.147657479315770807e-01,-1.016699659915740461e-01,-5.101263895233745099e-02,3.766813867316380349e-01,3.637886401705497375e-01,3.499822344043450051e-01,3.944469823866809111e-01,8.156946347901122829e-02,-5.365209887822953994e-02,1.608547789452312304e-01,7.832089741637481006e-02,-4.055631693822649153e-02,-1.194355616466169501e-01,-6.146896096644841045e-02,-9.131516166692046910e-02,-9.395462159281256498e-02,-1.275569768032079609e-01,8.136642810009644955e-02,1.305009897974722388e-01,5.923557179838588593e-02,-2.959240647682859215e-02,-7.360032485660627025e-03,-5.476879346226080914e-02,-5.192629815745394145e-02,-4.735800213187148916e-02,-1.119232526267702338e-01,4.928683823156185251e-02,3.416070250241105138e-02,-2.081112633876453476e-03,2.279072128318359799e-02,-9.842139992893762790e-02,-3.598802091264403230e-02,-1.731384193695751639e-01,2.522714583016091167e-02,-6.953961727831075613e-03,1.164915486523526861e-01,9.933505913405411836e-02,6.238262017156490091e-02,1.524288107202680376e-01,1.233947515354550661e-01,-1.324805847418912899e-02,6.847368153900817989e-02,-2.284148012791229181e-03,-5.781432414598244168e-02,-5.080960357342267919e-02,-4.400791837977768156e-02,-2.593776965636262685e-02,-9.882747068676718538e-02,-1.409573118115831913e-01,-8.146794578955383892e-02,-8.014821582660779098e-02,-1.101466930612659406e-02,-1.024821075072331472e-01,9.080757321963352224e-02,-2.532866351961829757e-02,-1.860311659306634613e-01,-2.483630272574996467e-01,1.782143038424445769e-01,1.080175630408047177e-01,6.715395157606214582e-02,-1.207552916095629980e-01,1.433937363585604807e-01,-1.903456677326024332e-02,-1.031927313334348728e-01,-5.537789959900513842e-02,2.104969290898939527e-01,-1.031927313334348728e-01,7.720420283234355474e-02,-2.065884980457845244e-02,-8.796507791482667538e-02,-1.771991269478706832e-01,-5.395665194660170111e-02,-2.195320034516014818e-01,-9.456372772955688732e-02,-1.011623775442871132e-01,-2.289223897264098737e-02,-8.471651185219025715e-02,-6.441297396071266057e-02,-6.613877468148826599e-02,1.385716461093345828e-02,-2.410537536165677230e-01,-7.253438911730369920e-02,-1.576062128825948261e-01,2.096340287295061708e-02,3.603877975737272785e-03,-1.274047002690219081e-02,-1.337495558601086432e-01,-1.402466879853814796e-01,-9.324399776661085326e-02,-9.811684686056545979e-02,-8.502106492056242526e-02,-3.700319780721791213e-02,2.431348662504441774e-02,5.517486422009035968e-02,4.720572559768540684e-03
-1.979594944419064972e-03,-5.588548804629207833e-02,-9.557890462413076715e-02,1.074564742906451570e-01,4.106898126998630438e-01,0.000000000000000000e+00,-4.035328155931171279e-02,1.871478605146947305e-01,1.572001421247652686e-01,1.207552916095629980e-01,7.360032485660627025e-03,9.263489162986651704e-02,-3.893203390690828242e-02,-1.263387645297193163e-01,2.562814070351758788e-01,8.410740571544593480e-02,-1.131922237449875697e-02,1.784173392213593279e-01,-8.014821582660779098e-02,-8.410740571544593480e-02,1.632912034922085198e-01,7.486929597482362697e-02,-1.050200497436678537e-01,3.502360286279884716e-03,2.287701131922237618e-01,3.208466575300746304e-01,1.876554489619816635e-01,3.419623369372113419e-01,1.102989695954520316e-01,7.821937972691742069e-02,3.189178214303842740e-01,3.005431196385970893e-01,6.106289020861886685e-02,5.283995736257043191e-02,-9.527435155575859904e-02,-5.852494797218416034e-02,-2.193289680726867030e-01,-1.735444901274047214e-01,6.481904471854220418e-02,1.214659154357647097e-01,-2.857722958225470886e-02,-1.472006497132125492e-03,6.806761078117863628e-02,9.923354144459672899e-02,-4.634282523729760933e-02,9.999492411552714233e-03,4.207908228008731127e-02,1.748642200903507693e-01,8.476727069691896224e-03,2.502411045124613292e-02,9.192426780366480532e-02,3.324704329729456093e-02,5.075884472869398060e-05,-4.857621440536014079e-02,1.652200395918989040e-01,5.507334653063297031e-02,5.324602812039998245e-02,6.045378407187453063e-02,1.812598345261662025e-01,2.020709608649307598e-01,2.897822445561138993e-01,1.604487081874016730e-01,7.913303893203391115e-02,1.364905334754581145e-01,-8.593472412567891572e-02,2.299375666209837674e-02,-7.192528298055936298e-02,6.471752702908481480e-02,-1.801431399421349333e-01,-1.686716410334501148e-01,-1.095883457692503199e-01,-1.507537688442211338e-02,2.664839348256433857e-02,-2.197857976752449344e-02,-3.984569311202477288e-02,3.548043246535709239e-02,-2.011573016598142694e-01,-2.277549362976498959e-01,1.900918735089589529e-01,1.604020203049543736e-01,2.015126135729150905e-02,-1.880615197198112210e-01,7.568143749048272806e-02,-2.766357037713822187e-02,3.842444545962134250e-02,-3.502360286279884716e-03,8.781280138064059132e-03,-1.516166692046089226e-01,3.690168011776052276e-02,-5.324602812039998245e-02,-7.141769453327243000e-02,-1.829856352469418079e-01,-3.436373788132583013e-02,-1.847114359677174134e-01,-5.852494797218416034e-02,-6.268717323993706902e-02,-7.943759200040607926e-02,-8.400588802598854543e-02,-1.944063753108979387e-02,-1.913608446271763269e-02,5.009897974722096053e-02,-1.771991269478706832e-01,-6.167199634536318920e-02,-7.872696817420436755e-02,-2.522714583016091167e-02,-1.131922237449875697e-02,-1.328358966549921527e-01,-2.252169940612152033e-01,-2.076036749403584181e-02,-3.405918481295366201e-02,-8.461499416273286778e-02,-1.470483731790264426e-01,-9.618801076087508950e-02,-5.431196385970255870e-03,1.121262880056850125e-01,-2.603928734582001275e-02
-7.365108370133496840e-02,-2.187198619359423946e-01,5.088574184051571914e-01,4.140398964519568237e-01,-1.015684483021166568e-01,-4.035328155931171279e-02,0.000000000000000000e+00,2.409522359271103475e-01,-6.979341150195422783e-02,-1.433937363585604807e-01,8.593472412567891572e-02,-6.446373280544135699e-03,4.030759859905589382e-01,7.182376529110198748e-02,2.664839348256433857e-02,3.192731333434851299e-02,-1.512105984467793929e-01,-1.129384295213441136e-01,2.537942236434699030e-04,-1.151718186894066381e-01,-6.877823460738034800e-02,-5.852494797218416034e-02,3.353636871224811578e-01,3.084614994162733215e-01,1.944063753108979387e-02,-1.518197045835237013e-01,-2.918633571899903814e-02,-2.033906908278768078e-01,-2.048119384802802312e-01,-1.455256078371656436e-01,-1.939495457083396934e-01,-3.791685701233440953e-02,-1.811583168367087993e-01,-1.091822750114207624e-01,2.186183442464849913e-01,1.110095934216537433e-01,1.030912136439774834e-01,1.222780569514237969e-01,-8.055428658443734846e-02,-1.633927211816659231e-01,5.446424039388864796e-02,9.491903964265774318e-03,-2.135424597736155783e-01,-2.349626922491244441e-01,-1.626820973554642114e-01,-3.112024770316227928e-01,4.146997614334298893e-02,-1.378102634384041625e-01,-2.721181665905284541e-01,-1.715141363382569617e-01,-1.257296583929749800e-01,-6.400690320288310309e-02,-1.124308410740571668e-01,-1.269478706664636525e-01,-1.819704583523679142e-01,-2.056240799959393184e-01,-2.480584741891274647e-01,-2.323232323232323482e-01,-1.005532714075427908e-01,-6.938734074412467034e-02,1.020252779046748950e-02,-8.826963098319882961e-02,-1.939495457083396934e-01,-2.846048423937871386e-01,3.473427744784529092e-01,2.152682604943911560e-01,1.995330186284960394e-01,1.674534287599614701e-01,-1.738490431957768756e-01,-1.538500583726714610e-01,1.068473681539008346e-01,7.527536673265318445e-02,1.854220597939191251e-01,1.796355514948480003e-01,5.634231764885032009e-03,2.147099132023755352e-02,2.621694330237044346e-01,1.423785594639866148e-01,-2.269427947819907809e-01,-2.425319155117316439e-01,-2.965839297497589455e-01,-2.564844424140906853e-01,9.375158621389778624e-02,-1.192325262677021713e-01,-2.052180092381097887e-01,-2.410537536165677230e-01,8.085883965280951657e-02,5.527638190954774905e-02,-3.111517181868941190e-02,-1.480635500736003363e-01,3.497284401807015247e-02,7.365108370133496840e-02,5.192629815745394145e-02,1.050200497436678537e-01,-1.035988020912644164e-01,7.456474290645147274e-02,5.964164255621542954e-02,5.329678696512868234e-03,1.330389320339069315e-01,7.771179127963048772e-02,5.801735952489722042e-02,1.600426374295721155e-01,1.364905334754581145e-01,1.880615197198112210e-01,1.534439876148419035e-01,1.452210547687934616e-01,1.938480280188823179e-01,2.245063702350134915e-01,7.060555301761332891e-02,4.715496675295671042e-02,5.304299274148521065e-02,9.090909090909091161e-02,5.080960357342267919e-02,-6.938734074412467034e-02,4.573371910055328005e-02,4.116542307497081388e-02
-2.404446474798234146e-01,-4.725648444241409979e-02,2.025277904674889842e-02,3.842952134409421405e-01,2.238465052535404398e-02,1.871478605146947305e-01,2.409522359271103475e-01,0.000000000000000000e+00,-1.081163392721181879e-02,-5.639307649357901131e-02,-4.918532054210447008e-02,4.579970559870057967e-01,8.116339272118167081e-02,2.183137911781128371e-01,-9.730470534490635870e-02,9.395462159281256498e-02,-1.257296583929749800e-01,5.243388660474088137e-02,-1.314146490025887293e-01,-1.984670828891934788e-02,2.431348662504441774e-02,-5.273843967311304948e-02,4.593675447946805879e-02,1.908024973351606923e-01,-7.588447286939750680e-02,-5.730673569869550871e-02,3.669864473884574402e-02,-1.109080757321963540e-01,-1.931374041926806062e-01,6.796609309172124691e-02,-3.771382163341963079e-02,1.253743464798741380e-02,-5.192629815745394145e-02,1.061367443276991090e-01,-1.619207146845337911e-02,5.487031115171819851e-02,-1.150703009999492626e-01,-4.187604690117253947e-02,-1.163900309628952828e-01,-1.779097507740723949e-01,-1.005532714075427908e-01,1.162377544287092161e-02,2.385665702248617251e-03,-3.832292777016396007e-02,-1.491802446576316332e-01,-9.405613928226995435e-02,1.483681031419725183e-01,1.497385919496472401e-02,-8.908177249885793070e-02,1.329374143444495560e-01,-1.375564692147607064e-02,1.720217247855439224e-01,-7.456474290645147274e-02,-1.388254403329780284e-01,-1.984670828891934788e-02,-6.948885843358205971e-02,-2.700878128013806667e-01,-1.459316785949952011e-01,8.984315516978834404e-03,3.042992741485204267e-01,1.201461854728186618e-01,4.273387137708746231e-01,-6.816912847063602565e-02,1.737475255063195001e-01,-6.654484543931780960e-02,1.735444901274047214e-01,-5.583472920156337324e-04,1.133445002791736572e-01,-1.384193695751484987e-01,-1.243084107405715566e-01,7.405715445916452588e-02,1.385716461093345828e-02,6.228110248210751154e-02,2.796304756103751288e-01,-4.157149383280037136e-02,2.134409420841581750e-01,1.475559616263134033e-01,1.903964265773311348e-01,-8.857418405157099772e-02,-4.405979545085455390e-02,-6.786457540226385754e-02,-1.473529262473986245e-01,6.603725699203087662e-02,-5.091112126288006856e-02,-1.590274605349982495e-01,-1.053246028120400080e-01,-4.492157758489417202e-02,-1.486726562103447002e-01,-1.327343789655347772e-01,-1.030912136439774834e-01,2.187706207806710754e-02,-1.536470229937566823e-01,1.182681082178569862e-02,-1.681640525861631819e-01,1.142074006395614634e-02,5.598700573574946077e-02,6.197654941373535731e-02,1.355261154256129190e-02,1.853205421044617496e-01,1.391299934013502104e-01,2.012588193492716448e-01,-1.127353941424293349e-01,2.511040048728491181e-01,1.221765392619664214e-01,1.620729912187198751e-01,7.689964976397138663e-02,1.431907009796457297e-01,1.462362316633673553e-01,1.259326937718897588e-01,3.040454799248769324e-02,4.035328155931171279e-02,3.502360286279884716e-03,-2.969392416628598153e-02,5.517486422009035968e-02,1.207552916095629980e-01,2.989695954520075333e-02
-2.025277904674889842e-02,1.085731688746764262e-01,-1.532409522359271248e-01,-1.290797421450687876e-01,3.715039845693112741e-01,1.572001421247652686e-01,-6.979341150195422783e-02,-1.081163392721181879e-02,0.000000000000000000e+00,2.200395918988884147e-01,4.086087000659865270e-02,-1.522765341860819418e-04,-7.101162377544287252e-02,-2.908481802954164877e-02,2.420689305111415890e-01,3.680016242830313339e-02,1.115171818689406763e-01,1.114156641794832869e-01,4.268818841683164056e-02,7.867620932947566939e-03,1.933404395715953850e-01,4.766255520024365033e-02,-8.634079488350845932e-02,-1.197401147149891043e-01,2.273488655398203384e-01,2.172986142835389434e-01,4.144459672097863812e-01,3.649053347545810344e-01,5.710370031978072997e-02,-8.806659560428405087e-02,7.730572052180093023e-02,-8.096035734226689207e-02,4.218059996954470064e-02,-5.700218263032334060e-02,-4.553068372163850130e-02,-8.694990102025279555e-02,4.157149383280037136e-02,1.954215522054718324e-02,2.096340287295061708e-02,1.572001421247652686e-01,6.319476168722400200e-02,-2.522714583016091167e-02,-1.447134663215065287e-01,-8.004669813715040161e-02,-4.390640069032029219e-02,-8.299071113141466560e-02,-7.974214506877824737e-02,-5.131719202070961910e-02,5.334754580985737182e-02,-5.801735952489722042e-02,-5.101263895233745099e-02,-1.322267905182478442e-01,5.283995736257043191e-02,-3.801837470179179196e-02,1.822242525760113876e-02,-9.491903964265774318e-03,1.529363991675549705e-01,9.862443530785240664e-02,3.568346784427187113e-02,8.410740571544593480e-02,1.232932338459976906e-01,-1.781635449977158822e-02,8.400588802598854543e-02,-7.055479417288463249e-03,-1.162377544287092161e-02,-4.197756459062992884e-02,-4.106390538551343145e-02,-4.289122379574641930e-02,1.720724836302725894e-02,-9.491903964265774318e-03,-2.126795594132277825e-02,9.923354144459672899e-02,6.583422161311609788e-02,-2.928785340845642751e-02,4.177452921171515010e-02,3.182579564489112361e-02,-1.292827775239835664e-01,-2.106999644688087037e-01,1.226841277092533544e-01,7.136874700910311731e-02,3.801837470179179196e-02,-2.786660575605299714e-02,4.908380285264708071e-02,6.167199634536318920e-02,-1.357799096492564028e-01,-6.786457540226385754e-02,7.821937972691742069e-02,-7.568143749048272806e-02,-3.502360286279884716e-03,-4.126694076442821019e-02,4.004872849093955162e-02,-2.893254149535557165e-03,6.613877468148826599e-02,-1.659814222628293312e-02,3.913506928582306116e-02,-1.093853103903355412e-01,3.426222019186844076e-02,6.827064616009341502e-02,-8.096035734226689207e-02,-9.933505913405411836e-02,4.786559057915842214e-02,-3.954114004365261170e-02,-4.619054870311152181e-03,-4.360184762194813102e-02,-1.472006497132125492e-03,-1.984670828891934788e-02,-3.502360286279884716e-03,-1.253235876351454503e-01,-1.137505710370032147e-01,1.268971118217349569e-03,9.796457032637938961e-03,-2.197857976752449344e-02,-4.212984112481600769e-03,6.481904471854220418e-02,2.177554438860971817e-02,-3.172427795543373424e-02
2.385665702248617251e-03,-8.847266636211360835e-02,-1.742551139536064331e-01,-1.035988020912644164e-01,3.226739759403076113e-01,1.207552916095629980e-01,-1.433937363585604807e-01,-5.639307649357901131e-02,2.200395918988884147e-01,0.000000000000000000e+00,-2.116643825186539235e-02,-6.583422161311609788e-02,-8.613775950459369446e-02,-1.680117760519770839e-02,1.981117709760925882e-01,2.969900005075885030e-01,-3.416070250241105138e-02,-1.101974519059946422e-01,-1.208568092990203735e-01,-1.678594995177909999e-01,1.124308410740571668e-01,7.537688442211057382e-02,-9.720318765544896933e-02,-1.062382620171564984e-01,2.087711283691183473e-01,3.347545809857368493e-01,1.960814171869448563e-01,3.256179889345718892e-01,2.431348662504441774e-02,-1.858281305517486826e-01,6.750926348916299474e-03,3.162276026597635181e-02,-1.516166692046089226e-01,-2.166895081467946071e-01,-1.112126288005685221e-01,2.380589817775747782e-02,5.126643317598092095e-03,-1.568448302116643919e-02,6.999644688086900657e-02,2.301913608446271853e-01,1.213643977463073065e-01,7.821937972691742069e-02,-8.375209380234506854e-03,-6.674788081823258834e-02,1.324805847418912899e-02,3.806913354652048491e-03,-5.771280645652505231e-02,1.085731688746764262e-01,4.532764834272372256e-02,-2.136947363078016762e-02,-3.324704329729456093e-02,-4.299274148520380173e-02,-8.207705192629816127e-02,3.375463174458150084e-02,-5.355058118877215056e-02,8.989391401451703179e-02,-3.705395665194660855e-03,-2.451652200395919301e-02,8.329526419978683371e-02,6.898126998629512674e-02,-1.487234150550733811e-02,7.507233135373840571e-02,-3.629257398101619347e-02,-6.953961727831075613e-03,-1.140551241053753689e-01,-8.172174001319731582e-03,-2.817115882442516178e-02,-3.040454799248769324e-02,-6.025074869295975188e-02,-7.172224760164459811e-02,-4.756103751078626096e-02,5.669762956195117942e-02,-6.547890970001523335e-03,-5.436272270443125859e-02,-5.111415664179484036e-02,1.994822597837673378e-02,-1.586213897771686920e-01,-1.600426374295721155e-01,-2.806964113496777241e-02,-4.649628183523360492e-02,-1.383178518856910955e-01,-2.573473427744784811e-02,-2.390741586721486719e-02,1.844068828993452591e-01,-8.796507791482667538e-02,1.350692858230546911e-01,1.012638952337445025e-01,1.985178417339221457e-01,-1.215674331252220852e-01,1.770976092584133077e-01,-1.957768641185726743e-01,-1.558296533170905329e-02,-1.743566316430638363e-01,-1.013654129232018919e-01,-1.883153139434546805e-02,-1.042079082280087526e-01,-6.106289020861886685e-02,3.162276026597635181e-02,-1.007563067864575557e-01,-1.822242525760113876e-02,-1.516166692046089226e-01,-1.058321912593269548e-01,1.334957616364651663e-02,3.202883102380590236e-02,-4.416019491396376041e-03,1.132429825897162678e-01,-2.451652200395919301e-02,3.659712704938836159e-02,-6.004771331404498702e-02,-8.390437033653115606e-02,2.959240647682859215e-02,-1.801938987868636349e-02,-4.720572559768540684e-03,8.542713567839196886e-02,7.527536673265318445e-02,6.928582305466728097e-02
3.074463225216994555e-01,2.588701081163393390e-03,5.938784833257195785e-03,-1.682655702756205574e-01,4.583523679001066942e-02,7.360032485660627025e-03,8.593472412567891572e-02,-4.918532054210447008e-02,4.086087000659865270e-02,-2.116643825186539235e-02,0.000000000000000000e+00,1.226841277092533544e-01,3.393228770113193016e-01,1.049185320542104644e-01,-8.522410029947720400e-02,1.933911984163240796e-02,3.259225420029440157e-01,7.791482665854526646e-02,2.534389117303690320e-01,1.422770417745292393e-01,-7.258514796203238521e-03,-2.108014821582661069e-01,-1.078625450484747006e-01,-1.790264453581036641e-01,-1.760824323638394140e-01,-1.497893507943759417e-01,-1.314654078473174136e-02,3.009999492411553207e-02,2.585147962032384172e-01,-3.365311405512411147e-02,-3.334856098675195030e-02,-6.654484543931780960e-02,7.669661438505660789e-02,-1.979594944419064972e-03,-1.259326937718897588e-01,-7.862545048474697817e-02,-3.497284401807015247e-02,-1.077610273590173251e-01,-3.197299629460433890e-01,-1.124308410740571668e-01,2.949088878737120278e-02,-1.054261205014973973e-01,-1.471498908684838458e-01,-4.959139129993402062e-02,-1.527333637886401918e-01,-1.619714735292624996e-01,-2.238972640982691553e-01,-2.379067052433886942e-01,-2.319679204101315201e-02,-1.260342114613471620e-01,-1.115171818689406763e-01,-1.504999746205776534e-01,-8.116339272118167081e-02,7.649357900614182915e-02,-1.299934013501852781e-01,1.426323536876300709e-02,8.593472412567891572e-02,-8.309222882087205497e-02,-9.466524541901427670e-02,-2.303943962235419918e-01,1.007563067864575557e-01,-4.908380285264708071e-02,3.747525506319476785e-01,1.507030099994924321e-01,-6.075833714024669874e-02,-1.650170042129841252e-01,-2.514085579412213001e-01,-2.991218719861936659e-01,2.654687579310695267e-02,-1.253743464798741380e-02,-2.791736460078169096e-03,1.424800771534439903e-01,2.264352063347038480e-01,1.022790721283183824e-01,-2.908481802954164877e-02,8.664534795188062744e-02,4.146997614334298893e-02,5.568245266737729959e-02,8.634079488350845932e-02,7.471891578762432373e-02,3.050606568194508261e-02,1.061367443276991090e-01,-6.339779706613878074e-02,1.172529313232831098e-02,-1.558296533170905329e-02,1.112126288005685221e-01,-1.743566316430638363e-01,-1.353738388914268453e-01,-4.268818841683164056e-02,6.979341150195422783e-02,2.827267651388254768e-02,8.096035734226689207e-02,-4.309425917466119110e-02,1.109080757321963540e-01,-1.029896959545200941e-01,-1.406527587432110094e-01,-1.072534389117303782e-01,4.187604690117253947e-02,9.593421653723163689e-03,8.359981726815898795e-02,-1.277600121821227397e-01,1.027866605756053153e-01,-6.106289020861886685e-02,3.908431044109436127e-03,-1.289782244556113844e-01,-6.451449165017004994e-02,1.741028374194203421e-02,8.948784325668748818e-02,2.350134510938531318e-02,-5.091112126288006856e-02,-4.619054870311152181e-03,5.740825338815289808e-02,-9.070605553017614675e-02,5.385513425714431174e-02,-1.010101010101010187e-02,9.821836455002284916e-02
-1.032942490228922622e-01,3.669864473884574402e-02,-2.035937262067915587e-01,7.943759200040607926e-02,-8.694990102025279555e-02,9.263489162986651704e-02,-6.446373280544135699e-03,4.579970559870057967e-01,-1.522765341860819418e-04,-6.583422161311609788e-02,1.226841277092533544e-01,0.000000000000000000e+00,1.066443327749860559e-01,3.481549159941120242e-01,-2.029846200700472503e-01,8.857418405157099772e-02,1.385208872646058742e-01,2.283640424343942044e-01,-7.385411908024974714e-02,4.948987361047663125e-02,5.385513425714431174e-02,-6.583422161311609788e-02,-9.425917466118473309e-02,5.426120501497386228e-02,-1.192325262677021713e-01,-5.598700573574946077e-02,1.020252779046748950e-02,-8.847266636211360835e-02,3.883051621745089999e-02,1.563880006091061536e-01,6.390538551342571372e-02,5.933708948784326143e-02,1.205522562306482193e-01,2.183137911781128371e-01,-3.537891477589970302e-02,7.913303893203391115e-02,-2.055733211512105960e-02,1.994822597837673378e-02,-1.528348814780975951e-01,-5.943860717730065080e-02,-6.451449165017004994e-02,5.740825338815289808e-02,4.410943606923507093e-02,6.695091619714736708e-02,-9.283792700878129578e-02,-1.883153139434546805e-02,1.285721536977818547e-01,-2.411045124612964247e-02,-8.674686564133801681e-02,1.812090756814374939e-02,-1.105020049743668104e-01,3.751078625450485204e-02,-1.499923861732907204e-01,-3.314552560783717156e-02,-2.989695954520075333e-02,-3.527739708644231365e-02,-1.282676006294096727e-01,-1.182173493731282776e-01,-1.142074006395614634e-02,9.568042231358815652e-02,1.835947413836861442e-01,3.886604740876097863e-01,1.166945840312674648e-01,3.123191716156540898e-01,-1.608547789452312304e-01,4.228211765900209002e-02,-4.898228516318969133e-02,1.050708085883965415e-02,-7.882848586366175692e-02,-2.147099132023755352e-02,5.832191259326938854e-02,1.524288107202680376e-01,1.291812598345261631e-01,3.278513781026344276e-01,-9.730470534490635870e-02,2.350642099385818473e-01,1.835947413836861442e-01,3.165829145728643601e-01,5.344906349931476119e-02,1.617217837631597099e-01,1.873001370488808215e-02,8.664534795188062744e-02,-7.456474290645147274e-02,6.593573930257348725e-02,-1.248159991878584896e-01,5.837267143799808149e-03,-2.509009694939343671e-01,-1.771991269478706832e-01,-1.953707933607431446e-01,-4.004872849093955162e-02,-1.964367291000457261e-02,1.883153139434546805e-02,-5.202781584691133082e-02,1.791787218922897412e-02,1.242068930511141811e-01,-3.385614943403889021e-02,-8.172174001319731582e-03,1.913608446271763269e-02,5.669762956195117942e-02,3.588650322318664293e-02,1.073549566011877676e-01,5.771280645652505231e-02,1.902949088878737316e-01,1.405512410537536339e-01,1.213643977463073065e-01,6.766154002334907880e-02,8.826963098319882961e-02,5.395665194660170111e-02,1.392315110908075859e-01,5.304299274148521065e-02,1.202477031622760373e-01,-6.481904471854220418e-02,-1.207552916095629980e-01,1.620729912187198751e-01,1.722247601644586734e-01,4.238363534845947939e-02
-1.233439926907263680e-02,-1.492817623470890087e-01,2.465357088472666658e-01,5.162174508908178028e-02,-5.365209887822953994e-02,-3.893203390690828242e-02,4.030759859905589382e-01,8.116339272118167081e-02,-7.101162377544287252e-02,-8.613775950459369446e-02,3.393228770113193016e-01,1.066443327749860559e-01,0.000000000000000000e+00,3.319120856809299469e-01,1.312116136236739505e-01,2.538449824881985895e-01,1.153748540683214169e-01,5.923557179838588593e-02,3.395766712349627264e-02,-3.294249022892239975e-02,7.578295517994011743e-02,-7.969138622404954575e-03,2.316126084970306087e-01,1.791279630475610674e-01,-4.568296025582458254e-04,-1.240038576721994024e-01,1.081163392721181879e-02,-1.106035226638241858e-01,4.877924978427491259e-02,1.284198771635957845e-02,-2.279072128318359799e-02,-1.370488807674737422e-03,-6.238262017156490091e-02,-2.228313283589665808e-02,1.302979544185574601e-01,5.314451043094260002e-02,1.120247703162276232e-01,1.385208872646058742e-01,-1.733414547484899426e-01,-1.280645652504948939e-01,1.819704583523679142e-01,8.299071113141466560e-02,-1.075579919801025464e-01,-1.730369016801177884e-01,-3.883051621745089999e-02,-2.068422922694279908e-01,-6.268717323993706902e-02,-3.006446373280544648e-01,-1.356783919597990273e-01,-1.668443226232171339e-01,-1.630881681132937411e-01,-2.144561189787320687e-01,-1.512105984467793929e-01,-1.476574793157707788e-01,-2.686665651489772433e-01,-2.216638749302066169e-01,-1.524288107202680376e-01,-2.032891731384194045e-01,-1.194355616466169501e-01,-2.062331861326836546e-01,-4.685041368458454925e-02,-1.625805796660068081e-01,2.025277904674889842e-02,-1.073549566011877676e-01,2.035937262067915587e-01,-4.867773209481753016e-02,4.969290898939140305e-02,-2.827267651388254768e-02,-1.695853002385666053e-01,-1.432922186691031052e-01,-1.314654078473174136e-02,6.756002233389168943e-02,1.990254301812090787e-01,2.005481955230699331e-01,8.603624181513630509e-02,1.400436526064667009e-01,2.666362113598295114e-01,2.300898431551698098e-01,-3.872899852799351061e-02,-6.233344333369746082e-02,-9.720318765544896933e-02,-5.304299274148521065e-02,2.151667428049337805e-01,1.315161666920461325e-01,-1.361859804070859603e-01,-1.555758590934470664e-01,2.482107507233135418e-02,9.710166996599157996e-02,-8.938632556723009881e-02,-1.833917060047713654e-01,-3.020151261357292144e-02,7.669661438505660789e-02,-4.410943606923507093e-02,1.265417999086340950e-01,-4.167301152225776073e-02,9.730470534490635870e-02,6.999644688086900657e-02,1.046139789858382962e-01,-9.644180498451855772e-04,3.649560935993097222e-02,1.573524186589513561e-03,1.549667529567027302e-01,9.953809451296889710e-02,1.730369016801177884e-01,1.091822750114207624e-01,8.796507791482667538e-02,1.503984569311202779e-01,1.605502258768590484e-01,1.095883457692503199e-01,5.629155880412162888e-02,6.705243388660475645e-02,-8.106187503172428144e-02,-4.197756459062992884e-02,4.837317902644536205e-02,9.385310390335517561e-02,7.426018983807930463e-02
