1.000000000000000000e+00,2.686893963090397075e-01,1.532686893963090304e-02,-6.141174017307891864e-02,4.306120321134396245e-02,2.165571890313835735e-01,1.986237097278698571e-01,-2.795328954227921936e-01,-5.307058700865394107e-02,2.782817224481284324e-01,3.785840892503388178e-01,1.625482222917318254e-01,1.556667709310811942e-01,-9.498488165988946963e-02,4.890001042644145229e-02,2.503388593473047097e-01,1.352309456782400110e-01,-1.270983213429256464e-01,3.441768324470857454e-01,2.659785215306015860e-01,9.269106453967260184e-02,-2.815139192993431055e-03,2.575331039516213019e-02,-1.731831925763736568e-01,1.604629340006255567e-01,3.085184026691689674e-01,3.675320613074757325e-01,4.157022208320299561e-01,2.695235116254822150e-01,-1.414868105515587615e-01,-1.379418204566781325e-01,-1.831925763736836632e-01,1.008236888749869525e-01,-8.393285371702638442e-02,2.700448336982587752e-02,6.891877802106141648e-02,-1.386716713585653057e-02,1.496194348868730983e-01,-9.394223751433634917e-02,9.227400688145136198e-02,1.748514232092586718e-01,-5.661557710353456313e-02,1.621311646335105716e-01,2.107183818162861044e-01,1.865290376394536376e-01,1.944531331456573753e-01,1.502450213742049789e-01,2.434574079866541618e-01,1.031175059952038342e-01,1.041601501407569547e-01,-3.805651131268897314e-02,5.244500052132207435e-02,-1.844437493483473967e-01,7.538317172349076611e-02,-1.227192159316025377e-01,1.083307267229694365e-01,4.494838911479511756e-01,2.184339484933791875e-01,3.558544468772807390e-01,1.110416015014075580e-01,6.704201855906578855e-02,1.667187988739443349e-01,1.715149619434886696e-01,-3.180064643937024343e-02,5.181941403399019375e-02,-1.462829736211030962e-01,7.434052757793764565e-02,1.831925763736836632e-01,2.365759566260035307e-01,1.208424564696069098e-01,-1.037430924825357009e-01,-5.932645188197268465e-02,-9.696590553644041793e-03,-1.329371285580231432e-01,-9.769575643832759115e-02,-9.748722760921697816e-02,-2.415806485246584923e-01,-1.867375664685642922e-01,4.452090501511833665e-02,2.011260556771973518e-01,1.241789177353769119e-01,2.234386403920342046e-01,9.644458346366384383e-02,3.037222395996246327e-01,-7.809404650192888764e-02,2.666041080179334388e-01,-8.518402669169011787e-02,1.602544051715149576e-01,-3.345845063079970760e-01,1.029089771660931935e-01,-3.860911270983212740e-01,-2.776561359607965240e-01,-4.365551037430924208e-01,-2.670211656761546926e-01,-1.596288186841830770e-01,-7.475758523615888551e-02,-2.739026170368052959e-01,-1.635908664372849597e-01,-3.600250234594932763e-01,-3.744135126681263359e-01,-3.656553018454801185e-01,-1.539985402981962070e-01,-3.806693775414450864e-01,-2.632676467521634645e-01,-3.074757585236158608e-01,-2.246898133666979103e-01,-2.530497341257428867e-01,-2.205192367844854284e-01,-3.659680950891460588e-02,-1.327285997289125163e-01,-1.796475862788030342e-01,-2.582629548535084751e-01,-2.150974872276092131e-01,1.470128245229903111e-02,-5.202794286310082061e-02,-2.532582629548534858e-01
2.686893963090397075e-01,1.000000000000000000e+00,9.644458346366384383e-02,3.083098738400583683e-01,-1.193827546658325356e-01,-1.306433114378062754e-01,-1.147951204253988000e-01,1.940360754874361493e-01,1.648420394119486931e-01,-1.298091961213637680e-01,1.031175059952038342e-01,1.952872484620998550e-01,-1.231362735898237915e-01,1.542070691273068339e-01,2.163486602022729466e-01,-1.423209258680012412e-01,-1.060369096027525687e-01,1.337712438744656229e-01,3.231154207069126816e-01,3.812949640287769393e-01,2.113439683036179573e-01,1.275153790011469002e-01,-1.195912834949431763e-01,-1.282452299030340838e-02,-8.330726722969450382e-02,-9.623605463455321696e-02,1.587947033677405972e-01,1.156292357418412936e-01,-1.706808466270461899e-01,-2.241684912939213847e-02,-4.264414555312271565e-02,-2.450213742049838286e-02,4.222708789490146192e-02,2.637889688249400039e-02,2.596183922427275012e-02,9.456782400166821589e-02,2.520070899801897246e-01,6.891877802106141648e-02,1.514961943488687401e-01,2.491919507871963313e-02,8.330726722969450382e-02,1.875716817850067719e-01,2.137420498383901107e-02,9.164842039411948138e-02,-2.137420498383901107e-02,-4.598060681889270390e-02,8.372432488791574368e-02,-3.127932436659367778e-04,-5.015118340110519962e-02,-1.717234907725992965e-01,1.386716713585653057e-02,-2.839120008341153301e-01,1.323115420706912626e-01,-2.534667917839641404e-01,2.040454592847461002e-01,-3.367740590136585749e-02,2.615994161192784495e-01,5.189239912417891176e-01,-1.261599416119278325e-02,4.618913564800333077e-02,3.847356897091022687e-02,-8.622667083724323833e-02,-5.515587529976018893e-02,1.803774371806902282e-02,-2.044625169429673539e-01,-1.802731727661349148e-01,-5.807527890730893039e-02,-2.137420498383901107e-02,2.267751016578041512e-01,6.266291314774266596e-02,1.500364925450943521e-01,2.345949327494526240e-02,-2.158273381294963794e-02,-1.042644145553122683e-04,-5.327911583776456100e-02,5.536440412887080886e-02,6.182879783130017237e-02,-7.642581586904388657e-02,2.161401313731623475e-01,-1.197998123240537893e-01,3.103951621311645814e-01,-2.617036805338337699e-02,3.377124387446563958e-01,-1.214680429569387904e-01,2.077989782087373283e-01,-1.302262537795850217e-01,2.215618809300385905e-01,-1.136482118652903592e-02,1.569179439057449554e-01,-2.080075070378479551e-01,6.120321134396829871e-02,-2.916275675112083854e-01,5.202794286310082061e-02,-4.507350641226149368e-01,6.620790324262329496e-02,1.435720988426650024e-01,1.099989573558544376e-01,-2.450213742049838286e-02,6.474820143884892076e-02,-1.031175059952038342e-01,8.747784381190699954e-02,-4.861849650714211157e-01,-5.056824105932645336e-02,-4.177875091231362248e-01,1.131268897925138128e-01,-4.359295172557605680e-01,-6.360129287874047473e-03,-1.982066520696486311e-01,1.333541862162443969e-01,-7.580022938171201985e-02,1.032217704097591372e-02,3.638828067980397901e-02,6.495673026795954763e-02,7.037847982483577680e-02,-1.060369096027525687e-01,-1.437806276717756016e-01
1.532686893963090304e-02,9.644458346366384383e-02,1.000000000000000000e+00,2.201021791262642024e-01,8.601814200813261146e-02,-3.835887811489938626e-01,1.665102700448336803e-01,2.055051610885204882e-01,3.306224585548951933e-01,-2.688979251381503066e-01,-1.494109060577624715e-01,8.872901678657073299e-02,6.182879783130017237e-02,2.728599728912521893e-01,2.282348034615785393e-01,-2.638932332394953728e-01,3.513710770514023168e-02,2.040454592847461002e-01,1.235533312480450313e-01,2.655614638723803322e-01,9.435929517255760290e-02,6.975289333750389620e-02,1.859034511521217570e-01,3.468877072255239224e-01,6.151600458763424074e-03,-1.043686789698675815e-01,-2.730685017203628440e-01,-2.674382233343759463e-01,-3.232196851214680020e-03,3.656553018454801185e-01,4.008966739651756983e-01,4.674173704514648642e-01,2.459597539359816287e-01,2.613908872901678504e-01,3.047648837451777393e-01,3.792096757376707261e-01,1.696382024814930556e-01,1.500364925450943521e-01,2.617036805338337699e-02,-2.009175268480867249e-01,1.039516213116463278e-01,2.048795746011885799e-01,-2.262537795850276187e-02,8.601814200813261146e-02,1.803774371806902282e-02,3.138358878114898970e-02,-8.236888749869669332e-03,-2.763006985715775118e-02,3.305181941403398382e-02,2.408507976227713260e-02,1.229277447607131507e-01,-8.601814200813261146e-02,2.199979147117088821e-02,-2.636847044103847182e-01,3.075800229381711604e-02,-1.014492753623188331e-01,5.870086539464080405e-02,7.246376811594201772e-02,-1.079136690647481966e-01,-2.217704097591491896e-01,3.598164946303826217e-01,-6.766760504639765528e-02,7.809404650192888764e-02,5.995203836930455138e-02,1.469085601084349768e-01,1.355437389219059461e-03,1.519132520070899661e-01,1.844437493483473967e-01,7.434052757793764565e-02,3.014284224794077649e-01,2.607653008028359976e-01,3.731623396934626302e-01,1.129183609634031721e-01,3.521009279532895109e-01,1.379418204566781325e-01,1.402356375768950003e-01,3.018454801376289631e-01,2.374100719424460104e-01,1.829840475445730086e-01,-1.575435303930768360e-01,2.526326764675216330e-01,9.289959336878324259e-02,-7.298509018871857969e-04,-2.676467521634866009e-01,1.400271087477843734e-01,-2.359503701386716501e-01,-3.388593473047648436e-02,-4.827442393910957169e-02,1.233448024189344183e-01,-3.149827963715983725e-01,3.571056198519445002e-01,1.014492753623188331e-01,2.374100719424460104e-01,-1.331456573871337423e-01,1.302262537795850217e-01,1.788134709623605267e-01,2.194765926389322941e-01,1.646335105828380385e-01,1.733917214054842837e-01,1.769367115003649127e-01,1.848608070065686226e-01,-2.841205296632259292e-01,5.682410593264518306e-02,-1.152121780836200537e-01,2.705661557710353216e-01,-1.125013033051819322e-01,1.306433114378062754e-01,7.308935460327389833e-02,2.036284016265248464e-01,8.747784381190699954e-02,5.307058700865394107e-02,-9.279532895422791527e-03,3.262433531435720568e-01,1.798561151079136611e-01,-2.321968512146803942e-01,-2.471066624960900626e-02
-6.141174017307891864e-02,3.083098738400583683e-01,2.201021791262642024e-01,1.000000000000000000e+00,-7.663434469815451344e-02,-2.634761755812740636e-01,-3.826504014179960000e-02,4.086122406422687536e-01,3.126889792513814492e-01,-3.252007089980189503e-01,-1.135439474507350527e-01,3.451152121780835802e-02,-1.867375664685642922e-01,1.289750808049212605e-01,1.052027942863100751e-01,-3.639870712125951036e-01,-3.043478260869564855e-01,-1.949744552184339355e-02,2.432488791575435072e-01,2.955896152643102681e-01,1.473256177666562305e-01,9.602752580544259009e-02,7.538317172349076611e-02,2.855802314670002895e-01,7.246376811594201772e-02,-1.001981023876550719e-01,2.189552705661557391e-03,-8.893754561568135986e-02,-2.597226566572828355e-01,1.270983213429256464e-01,1.685955583359399490e-01,2.096757376707329701e-01,1.616098425607340183e-02,5.995203836930455138e-02,3.409446355958711122e-02,1.160462934000625473e-01,2.363674277968929038e-01,5.035971223021581955e-02,2.046710457720779530e-01,-8.664372849546449207e-02,3.555416536336147848e-02,2.561776665624022065e-01,-1.039516213116463278e-01,-4.660619330622458450e-02,-7.496611406526951238e-02,-1.371077051402356251e-01,-3.826504014179960000e-02,-1.168804087165050548e-01,-1.012407465332082201e-01,-2.107183818162861044e-01,8.998018976123448032e-02,-2.545094359295172470e-01,2.884996350745490101e-01,-2.728599728912521893e-01,2.467938692524241084e-01,-1.485767907413199640e-01,-1.143780627671775602e-01,1.699509957251589889e-02,-2.572203107079553686e-01,-1.408612240642268809e-01,2.005004691898654712e-01,-1.289750808049212605e-01,-1.617141069752893179e-01,-1.602544051715149576e-01,-2.463768115942028825e-01,-1.954957772912104819e-01,-2.326139088729016757e-01,-2.113439683036179573e-01,1.001981023876550719e-01,-5.390470232509644161e-02,3.412574288395370248e-01,2.359503701386716501e-01,7.454905640704827252e-02,1.923678448545511344e-01,-4.691898654989051613e-03,1.595245542696277496e-02,2.338650818475654092e-01,5.140235637576894001e-02,2.793243665936815390e-01,-1.846522781774579958e-01,2.263580439995829252e-01,-2.520070899801897246e-01,-1.741215723073714916e-02,-4.703367740590135848e-01,2.643102908977165710e-01,-3.456365342508601612e-01,9.123136273589824152e-02,-3.110207486184964898e-01,3.527265144406213637e-01,-3.241580648524658437e-01,2.607653008028359976e-01,-7.871963298926075436e-02,3.233239495360233362e-01,-2.661870503597121851e-01,1.736002502345949106e-01,1.029089771660931935e-01,2.741111458659159505e-01,1.029089771660931935e-01,1.954957772912104819e-01,1.423209258680012412e-01,2.365759566260035307e-01,-4.084037118131581545e-01,8.268168074236262322e-02,-2.736940882076946968e-01,2.572203107079553686e-01,-2.980919612136377350e-01,9.477635283077885664e-02,-1.099989573558544376e-01,1.035345636534250741e-01,5.494734647064956207e-02,3.045563549160671402e-01,1.187571681785006689e-01,2.311542070691272877e-01,1.940360754874361493e-01,3.263476175581273703e-02,-1.720362840162652229e-02
4.306120321134396245e-02,-1.193827546658325356e-01,8.601814200813261146e-02,-7.663434469815451344e-02,1.000000000000000000e+00,1.146908560108434762e-03,8.205609425503075649e-02,-1.458659159628818425e-01,1.827755187154623817e-01,2.117610259618392110e-01,-9.123136273589824152e-02,-3.200917526848086336e-02,6.078615368574705191e-02,-5.526013971431550410e-03,-4.691898654989051613e-03,1.946616619747680021e-01,2.908977166093212191e-02,-1.502450213742049789e-01,9.540193931811072336e-02,-5.995203836930455138e-02,2.897508080492127713e-01,2.080075070378479551e-01,-3.326034824314461069e-02,-6.996142216661452307e-02,1.122927744760713192e-01,8.101345010947762215e-02,1.546241267855280876e-01,1.314774267542487829e-01,1.550411844437493414e-01,3.305181941403398382e-02,1.892399124178917591e-01,1.147951204253988000e-01,-6.245438431863203910e-02,-2.158273381294963794e-02,1.210509852987175367e-01,1.066624960900844493e-01,2.387655093316650573e-02,3.116463351058283426e-01,-5.317485142320925277e-03,7.997080596392450169e-02,6.036909602752579818e-02,1.992492962152017100e-01,-1.266812636847043927e-01,-9.978104472943383207e-02,-3.138358878114898970e-02,-8.476696903346887801e-02,-1.932019601709936141e-01,-1.275153790011469002e-01,-1.489938483995412177e-01,-7.538317172349076611e-02,-2.430403503284328803e-01,-1.004066312167657127e-01,-2.555520800750703536e-01,-9.905119382754665192e-03,-2.280262746324679124e-01,-2.398081534772182090e-03,4.639766447711395070e-02,-1.981023876550933125e-03,7.788551767281826077e-02,1.616098425607340183e-02,-3.075800229381711604e-02,1.398185799186737466e-01,-3.680533833802523275e-02,2.846418517360024478e-02,2.783859868626837458e-02,1.365863830674590544e-02,3.993327077468460107e-02,1.741215723073714916e-02,1.404441664060055994e-01,-1.741215723073714916e-02,2.267751016578041512e-01,2.691064539672609612e-01,2.828693566885621680e-01,1.237618600771556582e-01,-1.782921488895839596e-02,6.829319153372953588e-02,1.281409654884787808e-01,1.975810655823167228e-01,-3.701386716713585268e-02,2.772390783025753258e-01,-1.571264727348555823e-01,1.193827546658325356e-01,-2.065478052340735948e-01,1.408612240642268809e-01,-1.158377645709519344e-01,8.622667083724323833e-02,-1.981023876550933125e-03,2.734855593785840977e-01,-1.141695339380669333e-01,1.452403294755499896e-01,-4.806589510999895176e-02,1.892399124178917591e-01,-6.808466270461890901e-02,1.719320196017098956e-01,1.771452403294755396e-01,1.852778646647899041e-01,4.660619330622458450e-02,1.406526952351162540e-01,2.429360859138775600e-02,1.170889375456156678e-01,-1.031175059952038342e-01,5.724116359086642986e-02,-9.269106453967260184e-02,8.309873840058387695e-02,-4.994265457199457275e-02,1.070795537483056892e-01,1.066624960900844493e-01,1.708893754561568168e-01,8.956313210301324046e-02,1.406526952351162540e-01,-2.220832030028151161e-02,6.182879783130017237e-02,1.282452299030340838e-02,-1.031175059952038342e-01,-1.769367115003649127e-01,-3.232196851214680020e-03
2.165571890313835735e-01,-1.306433114378062754e-01,-3.835887811489938626e-01,-2.634761755812740636e-01,1.146908560108434762e-03,1.000000000000000000e+00,2.000834115316442452e-01,-1.825669898863517548e-01,-1.742258367219267912e-01,5.324783651339797252e-01,2.599311854863934901e-01,1.193827546658325356e-01,1.095818996976331977e-01,-2.720258575748096819e-01,-1.110416015014075580e-01,4.949431758940673332e-01,1.454488583046606165e-01,-1.723490772599311771e-01,2.366802210405588233e-02,-3.993327077468460107e-02,-2.328224377020123026e-01,-1.756855385257011515e-01,5.432175998331769534e-02,-1.821499322281305289e-01,2.816181837138984068e-01,4.559482848503805252e-01,4.348868731102074614e-01,5.005734542800541753e-01,1.975810655823167228e-01,-1.604629340006255567e-01,-2.403294755499947866e-01,-2.839120008341153301e-01,3.180064643937024343e-02,-1.574392659785215157e-02,-6.871024919195077574e-02,-1.606714628297362113e-01,-4.519862370972786425e-01,-2.910019810238765325e-01,-2.714002710874778290e-01,-4.306120321134396245e-02,-2.411635908664372663e-01,-4.217495568762380520e-01,6.307997080596391970e-02,-9.894692941299133848e-02,1.400271087477843734e-01,4.618913564800333077e-02,1.563966218329683943e-03,5.015118340110519962e-02,1.824627254717964622e-02,8.393285371702638442e-02,-1.767281826712542858e-01,1.898654989052236119e-01,-2.580544260243978205e-01,2.436659368157647609e-01,-3.322906891877802082e-01,-7.621728703993327358e-02,5.765822124908768359e-02,-6.495673026795954763e-02,3.068501720362840079e-01,2.722343864039203365e-01,-1.824627254717964622e-02,4.417683244708580648e-01,1.750599520383692986e-01,1.218851006151600302e-01,2.950682931915337218e-02,1.362735898237931176e-01,1.365863830674590544e-02,2.742154102804712432e-02,-1.027004483369825805e-01,-2.283390678761338527e-02,-2.670211656761546926e-01,-3.089354603273902211e-01,-1.091648420394119301e-01,-2.094672088416223432e-01,6.266291314774266596e-02,-6.433114378062766703e-02,-3.443853612761964000e-01,-2.353247836513397695e-01,-1.158377645709519344e-01,2.830778855176727671e-01,-1.467000312793243499e-01,9.060577624856636092e-02,-1.177145240329475484e-01,3.081013450109477692e-01,-2.914190386820977863e-01,2.205192367844854284e-01,-1.500364925450943521e-01,-2.387655093316650573e-02,-3.877593577312063444e-01,2.682723386508184538e-01,-4.730476488374517063e-01,-7.194244604316546270e-03,-4.459389010530705466e-01,1.077051402356375698e-01,-3.579397351683870077e-01,-3.160254405171514791e-01,-4.184130956104681331e-01,-3.093525179856115304e-01,-3.935981649463037857e-01,-2.920446251694296391e-01,-4.738817641538942693e-01,2.515900323219684709e-01,-3.341674486497758223e-01,9.279532895422791527e-03,-5.157960588051297979e-01,8.205609425503075649e-02,-3.917214054843081716e-01,-2.244812845375873112e-01,-2.774476071316859249e-01,-1.763111250130330321e-01,-1.990407673860911109e-01,-1.909081430507767740e-01,-3.958919820665206535e-01,-6.558231675529141436e-02,1.988322385569804840e-01,-6.203732666041079924e-02
1.986237097278698571e-01,-1.147951204253988000e-01,1.665102700448336803e-01,-3.826504014179960000e-02,8.205609425503075649e-02,2.000834115316442452e-01,1.000000000000000000e+00,-2.450213742049838286e-02,-4.326973204045459626e-02,1.671358565321655609e-01,3.629444270670419415e-01,1.986237097278698571e-01,4.015222604525074956e-01,3.326034824314461069e-02,-6.141174017307891864e-02,1.458659159628818425e-01,3.318736315295588990e-01,-7.016995099572514993e-02,1.108330726722969312e-01,1.160462934000625473e-01,-2.799499530810133918e-01,-2.887081639036596648e-01,9.018871859034512106e-02,2.179126264206026134e-02,1.327285997289125163e-01,1.736002502345949106e-01,5.161088520487957382e-02,3.388593473047648436e-02,4.682514857679074272e-01,1.043686789698675815e-01,8.998018976123448032e-02,4.723177979355645123e-02,3.758732144719006962e-01,2.528412052966322321e-01,1.452403294755499896e-01,1.667187988739443349e-01,-3.010113648211865112e-01,7.392346991971640580e-02,-2.793243665936815390e-01,-2.620164737774997588e-01,-3.805651131268897314e-02,-2.461682827650922556e-01,9.227400688145136198e-02,1.024919195078719536e-01,2.205192367844854284e-01,2.067563340631841939e-01,7.819831091648420801e-03,1.323115420706912626e-01,1.062454384318631956e-01,1.961213637785423902e-01,-3.617975185069335214e-02,2.374100719424460104e-01,-2.822437702012303151e-01,1.122927744760713192e-01,-3.802523198832238327e-01,-1.150036492545094269e-01,1.477426754248774565e-01,-1.412782817224481069e-01,2.580544260243978205e-01,-1.803774371806902282e-02,3.950578667500781460e-01,3.867167135856531823e-01,4.031904910853925106e-01,1.469085601084349768e-01,2.388697737462203985e-01,1.095818996976331977e-01,2.171827755187154263e-01,2.363674277968929038e-01,-6.266291314774266596e-02,2.223959962464810702e-01,-7.767698884370763390e-02,3.972474194557397420e-02,3.889062662913147367e-02,1.024919195078719536e-01,1.181315816911687883e-01,-5.943071629652798941e-03,-1.938275466583254947e-01,-8.643519966635386520e-02,1.252215618809300324e-01,2.317797935564591683e-01,1.206339276404962968e-01,3.379209675737671059e-01,-1.877802106141173710e-01,1.308518402669169023e-01,-2.376186007715566373e-01,1.404441664060055994e-01,-3.539776874152851249e-01,-1.143780627671775602e-01,-3.869252424147637814e-01,2.220832030028151161e-02,-2.182254196642685884e-01,-2.721301219893650092e-02,-3.099781044729433832e-01,-5.870086539464080405e-02,-1.877802106141173710e-01,-2.071733917214054754e-01,-2.962152017516421210e-01,-1.575435303930768360e-01,-2.989260765300802425e-01,-1.902825565634448657e-01,-2.857887602961109441e-01,3.597122302158273222e-02,-2.419977061828797738e-01,-1.532686893963090304e-02,-2.138463142529454519e-01,-4.055885726201646779e-02,-2.144719007402773325e-01,-1.227192159316025377e-01,-9.561046814722133635e-02,-2.700448336982587752e-02,-1.952872484620998550e-01,-3.139401522260452104e-01,-1.840266916901261429e-01,5.786675007819830352e-02,-5.015118340110519962e-02,-2.658742571160462725e-02
-2.795328954227921936e-01,1.940360754874361493e-01,2.055051610885204882e-01,4.086122406422687536e-01,-1.458659159628818425e-01,-1.825669898863517548e-01,-2.450213742049838286e-02,1.000000000000000000e+00,2.609738296319465967e-01,-4.173704514649150266e-01,-7.559170055260139298e-02,2.088416223542904904e-01,-8.789490147012823940e-02,3.495985820039620440e-01,1.594202898550724501e-01,-4.607444479199249154e-01,-4.994265457199457275e-02,3.370868522573245429e-01,-2.783859868626837458e-02,2.271921593160254327e-01,-2.033156083828589061e-02,-1.095818996976331977e-01,9.540193931811072336e-02,3.656553018454801185e-01,4.577207798978208397e-02,-1.339797727035762498e-01,-2.213533521009279081e-01,-2.807840683974559548e-01,-2.296945052653529273e-01,3.694088207694714021e-01,2.686893963090397075e-01,4.011052027942862419e-01,2.184339484933791875e-01,4.227922010217912141e-01,2.809925972265665539e-01,2.995516630174121508e-01,1.216765717860494173e-01,-1.431550411844437209e-01,9.456782400166821589e-02,-3.502241684912938413e-01,-6.871024919195077574e-02,4.264414555312271565e-02,-1.385674069440099854e-01,-1.492023772286518446e-01,-1.617141069752893179e-01,-2.121780836200604370e-01,-7.705140235637575330e-02,-2.228130539047022962e-01,-1.533729538108643542e-01,-2.144719007402773325e-01,1.037430924825357009e-01,-1.877802106141173710e-01,2.472109269106453899e-01,-3.387550828902095579e-01,1.658846835575017997e-01,-3.504326973204044959e-01,-1.106245438431863182e-01,1.949744552184339355e-02,-4.286310082368887109e-01,-2.017516421645292324e-01,2.926702116567614920e-01,-1.261599416119278325e-02,6.360129287874047473e-03,1.300177249504743948e-01,-8.163903659680950275e-02,1.243874465644875388e-01,-4.535502033156083024e-02,-6.328849963507454657e-02,-1.308518402669169023e-01,2.658742571160462725e-02,2.399124178917735328e-01,8.414138254613699741e-02,-6.777186946095296871e-03,2.653529350432696776e-01,1.667187988739443349e-01,2.148889583984985863e-01,3.735793973516838284e-01,1.919507871963298529e-01,3.339589198206651677e-01,-2.355333124804503964e-01,2.388697737462203985e-01,-1.139610051089563064e-01,6.558231675529141436e-02,-5.846105724116358315e-01,1.804817015952455139e-01,-5.449900948806172263e-01,3.951621311646334733e-02,-3.535606297570638712e-01,3.902617036805337558e-01,-5.385257011781877656e-01,4.451047857366280391e-01,2.971535814826399557e-02,4.584506307997079921e-01,-2.082160358669585820e-01,9.978104472943383207e-02,1.032217704097591372e-02,2.887081639036596648e-01,6.495673026795954763e-02,3.093525179856115304e-01,2.219789385882598165e-01,3.596079658012719671e-01,-2.945469711187571060e-01,2.228130539047022962e-01,-1.331456573871337423e-01,3.543947450735064342e-01,-1.742258367219267912e-01,8.143050776769887589e-02,-1.208424564696069098e-01,1.097904285267438107e-01,-9.102283390678760078e-02,1.590032321968511964e-01,1.250130330518194055e-01,2.474194557397560168e-01,1.748514232092586718e-01,-5.317485142320925277e-03,5.119382754665832008e-02
-5.307058700865394107e-02,1.648420394119486931e-01,3.306224585548951933e-01,3.126889792513814492e-01,1.827755187154623817e-01,-1.742258367219267912e-01,-4.326973204045459626e-02,2.609738296319465967e-01,1.000000000000000000e+00,-8.455844020435823727e-02,-2.073819205505161023e-01,-2.721301219893650092e-02,-1.262642060264831390e-01,1.197998123240537893e-01,3.504326973204044959e-01,-1.425294546971118681e-01,-2.751537900114690571e-01,3.638828067980397901e-02,1.147951204253988000e-01,2.230215827338129231e-01,2.178083620060473347e-01,2.857887602961109441e-01,-4.598060681889270390e-02,1.754770096965905246e-01,8.747784381190699954e-02,-6.391408612240642717e-02,7.475758523615888551e-02,3.701386716713585268e-02,-2.334480241893441554e-01,2.547179647586278461e-01,2.786987801063496861e-01,3.156083828589302254e-01,-5.640704827442392932e-02,8.330726722969450382e-02,8.664372849546449207e-02,1.314774267542487829e-01,1.783964133041392730e-01,9.905119382754665192e-03,2.551350224168490999e-01,-6.162026900218955244e-02,-5.369617349598581474e-02,1.886143259305599063e-01,-2.953810864351996690e-01,-2.142633719111667057e-01,-2.426232926702116266e-01,-2.960066729225315219e-01,-2.463768115942028825e-01,-3.070587008653946071e-01,-2.743196746950265497e-01,-2.812011260556771530e-01,-1.181315816911687883e-01,-3.145657387133770633e-01,6.370555729329578643e-02,-4.426024397873005722e-01,1.346053591909081304e-01,-1.998748827025336183e-01,-1.339797727035762498e-01,7.454905640704827252e-02,-1.733917214054842837e-01,-8.247315191325199635e-02,2.146804295693879594e-01,-2.512772390783025653e-02,-2.284433322906891661e-01,7.663434469815451344e-02,-1.892399124178917591e-01,-9.164842039411948138e-02,-1.492023772286518446e-01,-1.379418204566781325e-01,1.644249817537274394e-01,1.066624960900844493e-01,3.504326973204044959e-01,3.026795954540715261e-01,6.871024919195077574e-02,2.419977061828797738e-01,8.038786362214575543e-02,1.773537691585861387e-01,4.198727974142424380e-01,2.411635908664372663e-01,2.759879053279115646e-01,-6.078615368574705191e-02,1.842352205192367698e-01,-1.218851006151600302e-01,4.014179960379522100e-02,-2.951725576060890144e-01,1.775622979876967933e-01,-3.840058388072151163e-01,2.367844854551141576e-01,-5.619851944531330940e-02,3.598164946303826217e-01,-2.286518611197997652e-01,2.907934521947658779e-01,1.720362840162652229e-02,2.786987801063496861e-01,-2.248983421958085371e-01,2.999687206756333491e-01,2.551350224168490999e-01,3.616932540923782358e-01,2.609738296319465967e-01,3.356271504535501271e-01,3.020540089667396177e-01,3.141486810551558650e-01,-2.974663747263058822e-01,1.848608070065686226e-01,-8.268168074236262322e-02,3.556459180481701399e-01,-1.612970493170680641e-01,2.315712647273485414e-01,1.131268897925138128e-01,2.716087999165884281e-01,6.662496090084453482e-02,1.831925763736836632e-01,2.301115629235741533e-01,3.112292774476071444e-01,1.239703889062662712e-01,-1.529558961526431005e-01,6.829319153372953588e-02
2.782817224481284324e-01,-1.298091961213637680e-01,-2.688979251381503066e-01,-3.252007089980189503e-01,2.117610259618392110e-01,5.324783651339797252e-01,1.671358565321655609e-01,-4.173704514649150266e-01,-8.455844020435823727e-02,1.000000000000000000e+00,1.168804087165050548e-01,3.346887707225523756e-02,7.913669064748200810e-02,-2.557606089041809527e-01,-5.223647169221144054e-02,7.547700969659054682e-01,7.705140235637575330e-02,-3.742049838390156813e-01,1.458659159628818425e-01,-5.703263476175580993e-02,-4.514649150245021031e-02,9.331665102700448244e-02,-2.700448336982587752e-02,-3.160254405171514791e-01,1.172974663747262947e-01,3.024710666249608715e-01,4.344698154519861522e-01,5.239286831404440514e-01,2.434574079866541618e-01,-2.789073089354602852e-01,-2.361588989677823047e-01,-3.118548639349389973e-01,-1.425294546971118681e-01,-2.367844854551141576e-01,-2.159316025440516928e-01,-2.645188197268272257e-01,-3.297883432384526858e-01,-8.330726722969450382e-02,-1.717234907725992965e-01,2.121780836200604370e-01,-1.368991763111249982e-01,-1.998748827025336183e-01,-3.534563653425085855e-02,-7.809404650192888764e-02,6.036909602752579818e-02,1.699509957251589889e-02,-1.118757168178500516e-01,8.862475237201542996e-03,1.741215723073714916e-02,8.101345010947762215e-02,-2.409550620373266394e-01,1.811072880825773945e-01,-3.698258784276926003e-01,2.941299134605359078e-01,-3.243665936815764428e-01,9.936398707121259222e-02,8.101345010947762215e-02,-1.949744552184339355e-02,4.549056407048274187e-01,2.976749035554164813e-01,-1.158377645709519344e-01,4.013137316233968965e-01,4.702325096444583130e-02,7.016995099572514993e-02,-2.179126264206026134e-02,-2.345949327494526240e-02,-2.429360859138775600e-02,-2.179126264206026134e-02,6.245438431863203910e-02,-3.409446355958711122e-02,-2.336565530184547823e-01,-8.622667083724323833e-02,-2.074861849650714088e-02,-2.499218016890834837e-01,-1.324158064852465864e-02,-1.444062141591074822e-01,-3.318736315295588990e-01,-2.153060160567198122e-01,-2.246898133666979103e-01,4.390574496924199432e-01,-2.401209467208841597e-01,1.189656970076112957e-01,-1.139610051089563064e-01,5.016160984256072819e-01,-3.331248045042227157e-01,3.931811072880825320e-01,-5.244500052132207435e-02,2.059222187467417142e-01,-4.290480658951099646e-01,5.343551245959753393e-01,-5.485350849754978553e-01,6.871024919195077574e-02,-4.955687623813992415e-01,2.274006881451360595e-01,-1.548326556146387145e-01,-5.661557710353456313e-02,-3.754561568136794980e-01,-1.592117610259618232e-01,-3.573141486810550993e-01,-1.990407673860911109e-01,-4.597018037743718089e-01,3.099781044729433832e-01,-3.312480450422271017e-01,6.558231675529141436e-02,-4.857679074131998065e-01,1.558752997601918211e-01,-2.073819205505161023e-01,4.900427484099675879e-03,-1.485767907413199640e-01,-3.159211761025961657e-02,-2.699405692837034687e-01,-1.141695339380669333e-01,-3.062245855489520996e-01,-1.469085601084349768e-01,9.164842039411948138e-02,-4.243561672401209572e-02
3.785840892503388178e-01,1.031175059952038342e-01,-1.494109060577624715e-01,-1.135439474507350527e-01,-9.123136273589824152e-02,2.599311854863934901e-01,3.629444270670419415e-01,-7.559170055260139298e-02,-2.073819205505161023e-01,1.168804087165050548e-01,1.000000000000000000e+00,2.780731936190177778e-01,4.300907100406631267e-01,4.691898654989051613e-03,-3.284329058492336390e-02,9.143989156500885451e-02,3.324992180168908074e-01,3.263476175581273703e-02,1.285580231467000067e-01,1.462829736211030962e-01,-2.042539881138567270e-01,-3.610676676050463274e-01,1.949744552184339355e-02,-1.377332916275675057e-01,1.208424564696069098e-01,2.213533521009279081e-01,1.815243457407986760e-01,1.592117610259618232e-01,4.013137316233968965e-01,-9.279532895422791527e-03,-1.241789177353769119e-01,-2.002919403607548721e-01,2.814096548847878076e-01,1.208424564696069098e-01,6.245438431863203910e-02,5.181941403399019375e-02,-1.861119799812323838e-01,4.326973204045459626e-02,-2.011260556771973518e-01,-1.888228547596705331e-01,1.027004483369825805e-01,-2.480450422270878696e-01,2.121780836200604370e-01,1.890313835887811322e-01,2.599311854863934901e-01,2.386612449171097716e-01,2.052966322594098614e-01,2.976749035554164813e-01,9.435929517255760290e-02,1.517047231779793393e-01,-4.389531852778646298e-02,1.813158169116880492e-01,-1.552497132728599682e-01,1.721405484308205502e-01,-1.773537691585861387e-01,3.492857887602961175e-02,2.955896152643102681e-01,1.991450318006464382e-02,1.464915024502137231e-01,-2.408507976227713260e-02,1.112501303305181988e-01,1.617141069752893179e-01,3.888020018767593955e-01,5.995203836930455138e-02,2.002919403607548721e-01,3.805651131268897314e-02,1.177145240329475484e-01,2.027942863100823390e-01,-5.744969241997706366e-02,4.869148159733082543e-02,-1.537900114690855802e-01,-2.474194557397560168e-01,-6.975289333750389620e-02,-4.869148159733082543e-02,-2.189552705661557391e-03,-1.407569596496715571e-02,-2.916275675112083854e-01,-1.979981232405380043e-01,1.708893754561568168e-01,1.965384214367636162e-01,2.472109269106453899e-01,3.973516838702950138e-01,6.016056719841517131e-02,1.840266916901261429e-01,-5.348764466687519481e-02,2.520070899801897246e-01,-2.978834323845271359e-01,-1.125013033051819322e-01,-3.370868522573245429e-01,5.995203836930455138e-02,-3.047648837451777393e-01,-1.929934313418830150e-01,-3.664894171619226260e-01,-2.265665728286935521e-01,-2.864143467834427970e-01,-2.799499530810133918e-01,-3.894275883640913039e-01,-3.041392972578458864e-01,-3.629444270670419415e-01,-4.119487019080387280e-01,-3.331248045042227157e-01,-8.268168074236262322e-02,-3.389636117193201570e-01,-2.144719007402773325e-01,-2.728599728912521893e-01,-2.046710457720779530e-01,-3.481388802001876837e-01,-3.335418621624439139e-01,-2.009175268480867249e-01,-1.744343655510374180e-01,-2.321968512146803942e-01,-3.366697945991032892e-01,-2.801584819101240464e-01,3.722239599624647954e-02,7.559170055260139298e-02,-1.786049421332498999e-01
1.625482222917318254e-01,1.952872484620998550e-01,8.872901678657073299e-02,3.451152121780835802e-02,-3.200917526848086336e-02,1.193827546658325356e-01,1.986237097278698571e-01,2.088416223542904904e-01,-2.721301219893650092e-02,3.346887707225523756e-02,2.780731936190177778e-01,1.000000000000000000e+00,1.640079240955061857e-01,3.708685225732457624e-01,3.889062662913147367e-02,-3.232196851214680020e-03,2.094672088416223432e-01,2.520070899801897246e-01,5.724116359086642986e-02,2.238556980502554306e-01,-7.079553748305703054e-02,-1.663017412157230535e-01,1.212595141278281774e-01,4.493796267333958344e-02,1.567094150766343286e-01,1.854863934939005310e-01,4.514649150245021031e-02,5.995203836930455138e-02,2.144719007402773325e-01,2.321968512146803942e-01,8.351579605880511681e-02,1.329371285580231432e-01,4.019393181107288049e-01,3.043478260869564855e-01,2.280262746324679124e-01,2.349077259931185435e-01,-1.373162339693462519e-01,-2.304243561672401214e-02,-2.399124178917735328e-01,-2.009175268480867249e-01,8.184756542592011574e-02,-3.451152121780835802e-02,3.367740590136585749e-02,8.935460327390261359e-02,6.641643207173390795e-02,8.184756542592011574e-02,4.598060681889270390e-02,8.163903659680950275e-02,1.011364821186529032e-02,7.162965279949952413e-02,1.129183609634031721e-01,8.747784381190699954e-02,-5.181941403399019375e-02,-4.306120321134396245e-02,-9.352517985611509543e-02,-5.015118340110519962e-02,1.633823376081743328e-01,2.075904493796267292e-01,2.387655093316650573e-02,3.972474194557397420e-02,3.272859972891251634e-01,2.455426962777604027e-01,3.575226775101657539e-01,3.139401522260452104e-01,1.277239078302575270e-01,8.143050776769887589e-02,1.010322177040975794e-01,2.048795746011885799e-01,-1.391929934313418660e-01,1.329371285580231432e-01,-1.563966218329683943e-03,-2.429360859138775600e-02,1.216765717860494173e-01,1.565008862475237017e-01,1.767281826712542858e-01,2.019601709936398592e-01,-3.054947346470649611e-02,-2.783859868626837458e-02,1.721405484308205502e-01,5.640704827442392932e-02,2.146804295693879594e-01,2.655614638723803322e-01,-7.454905640704827252e-02,-3.743092482535710641e-02,-5.056824105932645336e-02,-1.949744552184339355e-02,-2.674382233343759463e-01,-1.287665519758106614e-01,-1.665102700448336803e-01,-1.635908664372849597e-01,1.678657074340527550e-02,7.194244604316546270e-03,-7.663434469815451344e-02,-1.585861745386299426e-01,-1.867375664685642922e-01,-9.394223751433634917e-02,-1.016578041914294600e-01,-1.727661349181524308e-01,-1.143780627671775602e-01,-1.391929934313418660e-01,-1.008236888749869525e-01,-2.015431133354186333e-01,-1.758940673548118061e-01,-2.165571890313835735e-01,-6.182879783130017237e-02,-1.379418204566781325e-01,-1.713064331143780428e-01,-2.305286205817954071e-01,-8.122197893858826290e-02,-1.356480033364612647e-01,-1.771452403294755396e-01,-1.506620790324262327e-01,4.556354916067146404e-02,1.802731727661349148e-01,6.433114378062766703e-02,-5.265352935043269428e-02
1.556667709310811942e-01,-1.231362735898237915e-01,6.182879783130017237e-02,-1.867375664685642922e-01,6.078615368574705191e-02,1.095818996976331977e-01,4.015222604525074956e-01,-8.789490147012823940e-02,-1.262642060264831390e-01,7.913669064748200810e-02,4.300907100406631267e-01,1.640079240955061857e-01,1.000000000000000000e+00,1.049942654571994483e-01,1.270983213429256464e-01,8.455844020435823727e-02,3.744135126681263359e-01,4.160150140756959519e-02,6.579084558440204122e-02,5.348764466687519481e-02,-2.440829944739860147e-01,-2.607653008028359976e-01,1.352309456782400110e-01,-3.534563653425085855e-02,4.973412574288395283e-02,1.181315816911687883e-01,-1.136482118652903592e-02,-2.575331039516213019e-02,4.870190803878636232e-01,1.489938483995412177e-01,3.409446355958711122e-02,-2.950682931915337218e-02,3.274945261182358180e-01,1.502450213742049789e-01,1.477426754248774565e-01,1.229277447607131507e-01,-1.959128349494317634e-01,1.306433114378062754e-01,-2.155145448858304391e-01,-1.877802106141173710e-01,7.162965279949952413e-02,-1.481597330830987380e-01,2.290689187780210467e-01,1.988322385569804840e-01,2.814096548847878076e-01,2.376186007715566373e-01,9.665311229277447069e-02,2.015431133354186333e-01,9.915545824210195147e-02,1.765196538421436590e-01,-3.826504014179960000e-02,2.257324575122510446e-01,-2.055051610885204882e-01,1.777708268168074202e-01,-2.993431341883014962e-01,-5.953498071108330458e-02,2.173913043478260532e-01,-6.453967260973829390e-02,5.494734647064956207e-02,-1.523303096653112199e-01,1.414868105515587615e-01,1.210509852987175367e-01,4.257116046293399902e-01,3.555416536336147848e-02,3.644041288708163573e-01,3.034094463559586924e-02,1.700552601397142816e-01,2.367844854551141576e-01,-7.392346991971640580e-02,1.293921384631425142e-01,-5.807527890730893039e-02,-4.660619330622458450e-02,1.235533312480450313e-01,1.675529141903868147e-01,1.464915024502137231e-01,8.205609425503075649e-02,-1.045772077989781945e-01,6.568658116984672606e-03,1.890313835887811322e-01,3.260348243144614577e-01,2.086330935251798357e-01,4.855593785840892074e-01,-4.556354916067146404e-02,1.658846835575017997e-01,-6.954436450839328321e-02,2.238556980502554306e-01,-3.527265144406213637e-01,-5.515587529976018893e-02,-3.306224585548951933e-01,5.098529871754769321e-02,-1.360650609946825185e-01,4.066312167657177949e-03,-2.207277656135960553e-01,-3.868209780002084680e-02,-1.986237097278698571e-01,-2.522156188093003792e-01,-2.791158377645709399e-01,-1.692211448232718018e-01,-3.256177666562402040e-01,-2.678552809925972000e-01,-2.745282035241371488e-01,-1.199040767386091132e-02,-2.832864143467834217e-01,-1.079136690647481966e-01,-2.138463142529454519e-01,-4.973412574288395283e-02,-2.736940882076946968e-01,-2.173913043478260532e-01,-2.128036701073923453e-01,3.096653112292773943e-02,-1.665102700448336803e-01,-3.748305703263475896e-01,-2.023772286518611130e-01,4.410384735689708291e-02,8.872901678657073299e-02,-7.162965279949952413e-02
