1.000000000000000000e+00,3.517041334300217148e-01,2.163058116647674223e-01,5.790945819952345724e-02,-1.533202113332642752e-02,-6.785455298870816943e-02,7.572775303014606108e-02,-1.116751269035532873e-01,-3.356469491349839407e-02,4.237024759142235530e-02,8.784833730446492406e-02,4.174867916709830429e-02,9.178493732518386294e-02,-4.651403708691598249e-02,-6.422873718015123523e-02,-2.695535066818605663e-01,-2.838495804413135662e-02,4.350978970268310278e-03,2.698642908940225849e-01,1.617113850616388737e-01,-1.243136848648088572e-01,-1.165440795607583097e-01,-7.344866880762457306e-02,-5.801305293691080139e-02,-7.013363721122965744e-02,-9.675748471977622944e-02,9.427121102248005313e-02,-1.450326323422770035e-02,3.087123174142752946e-02,-1.073241479332849857e-01,-8.121827411167512056e-02,-1.365378638765150643e-01,7.148036879726509495e-03,-5.770226872474877589e-02,-1.054594426603128465e-01,-1.107427742670672316e-01,-1.409924375841707378e-01,-1.513519113229047919e-01,-5.252253185538174191e-02,-2.063607168755827170e-01,7.717807935356883753e-02,-4.775717393556407064e-02,-9.323526364860663940e-02,-3.211436859007561762e-02,-9.364964259815600212e-02,-4.765357919817672129e-03,-6.308919506889049122e-02,-9.986532684139644289e-02,-4.444214233916916890e-02,1.287682585724644890e-01,1.437894954936289049e-01,1.630581166476742783e-01,2.240754169688179698e-01,1.238993059152594944e-01,2.879933699368071587e-02,-1.436859007562415746e-01,2.556718118719568666e-01,2.657205013985289299e-01,2.682067750958251340e-01,2.283228012016989550e-01,2.060499326634206707e-01,-1.574640008287579024e-02,2.973168963016678545e-02,7.873200041437895119e-03,-9.364964259815600212e-02,-1.839842535999171025e-01,-6.671501087744742542e-02,-3.884802652025276526e-02,7.811043199005489324e-02,-1.146793742877861705e-01,2.159950274526053760e-01,5.635553713871335052e-02,2.130943748057598508e-01,2.196208432611622963e-01,3.294312648917434305e-02,2.382678959908836065e-03,-2.693463172070858364e-02,4.185227390448564844e-02,-9.541075313374079714e-02,-1.143685900756241519e-01,-9.976173210400909874e-02,-1.972443799854967372e-01,-2.587796539935771079e-01,-2.294623433129596990e-01,-1.692738008909147329e-01,-2.377499223039469256e-01,-1.491764218377706341e-01,-1.733139956490210298e-01,4.278462654097171108e-02,-9.655029524500155502e-02,-3.431057702268724419e-01,-1.597430850512793765e-01,-2.248005801305293649e-01,-4.433854760178182475e-02,-1.156117269242722401e-01,-1.154045374494975518e-01,-1.742463482855070855e-01,-1.814979799026209262e-01,-1.507303428985807270e-01,-4.423495286439448754e-02,-4.879312130943747744e-02,9.157774785040918852e-02,-2.248005801305293441e-02,6.039573189681963356e-02,-8.650160571842950563e-02,-7.324147933284988476e-02,8.701957940536620556e-03,1.042163058116647723e-01,-5.107220553195897239e-02,-2.154770537656686830e-02,-2.030456852791877875e-01,-1.611934113747021668e-01,-1.661659587692945195e-01,-1.003833005283331636e-01,-1.197555164197658673e-01,-6.992644773645498302e-02
3.517041334300217148e-01,1.000000000000000000e+00,-3.853724230809074669e-02,-7.759245830311820025e-02,-5.822024241168548969e-02,-9.893297420491038718e-02,-5.521599502745260651e-02,5.594115818916398433e-03,-1.657515798197451221e-02,-7.241272143375115933e-02,-2.734901067025794982e-02,-5.376566870402983006e-02,-1.450326323422769948e-03,-1.232777374909354608e-02,6.733657930177146256e-02,-1.665803377188438683e-01,1.156117269242722401e-01,5.428364239096653693e-02,4.192479022065678795e-01,4.758106288200558698e-01,-7.396664249456126605e-02,1.144721848130114961e-01,-2.054283642390966336e-01,-2.380607065161089442e-01,-1.505231534238060664e-01,-1.073241479332849857e-01,6.961566352429296445e-02,7.230912669636381518e-02,1.270071480368797079e-01,8.556925308194342217e-02,-2.486273697296177004e-02,-2.807417383196932903e-01,1.927898062778410915e-01,1.925826168030664032e-01,-2.088469905728788933e-01,-8.940225836527503078e-02,-1.973479747228840675e-01,-1.005904900031078381e-01,-2.703822645809592778e-02,-1.238993059152594944e-01,2.435512275976380037e-01,1.646120377084843989e-01,-6.712938982699678814e-02,-4.019475810628819756e-02,8.764114782969023576e-02,6.692220035222209984e-02,-4.868952657205013676e-03,-5.676991608826271324e-02,9.520356365896612272e-02,7.199834248420179661e-02,1.129182637522013755e-01,5.179736869367035715e-03,1.356055112400289808e-01,1.808764114782968890e-01,2.057391484512586521e-01,-1.626437376981249364e-02,2.745260540764529189e-01,2.804309541075312717e-01,1.136434269139127567e-01,5.324769501709313013e-02,2.185848958872889033e-02,-5.262612659276908605e-02,2.539107013363721133e-01,2.662384750854656645e-01,-2.852999067647363218e-01,-3.114057805863461592e-01,-1.299078006837252608e-01,-3.988397389412617206e-02,1.974515694602713978e-01,-7.572775303014606108e-02,8.090748989951310199e-02,4.993266342069822145e-02,2.468662591940329332e-01,2.993887910494146820e-01,-1.968300010359473606e-02,-7.355226354501190854e-03,2.009737905314409878e-02,1.087744742567077483e-01,-1.496943955247073410e-01,-6.547187402879933726e-02,5.904900031078421339e-03,-3.335750543872371271e-02,-9.737905314410027352e-03,-1.434787112814668864e-01,-1.046306847612141211e-01,-2.994923857868020400e-01,-9.344245312338132770e-02,-1.584999482026313092e-02,7.034082668600434574e-02,-7.044442142339168815e-03,-4.388273075727752714e-01,-2.192064643116129474e-01,-3.215580648503055805e-01,-1.640940640215476920e-01,-4.848233709727545193e-02,-8.453330570807002231e-02,-2.092613695224282422e-01,-1.626437376981249294e-01,4.868952657205013676e-03,-5.314410027970579292e-02,6.060292137159432185e-02,8.080389516212575785e-02,-1.274215269864290706e-02,2.056355537138713219e-01,-2.064643116129700473e-01,-1.716564798508235512e-01,-1.147829690251735146e-01,7.127317932249041532e-02,-3.035325805449082606e-02,1.118823163783279687e-02,-8.204703201077384600e-02,-2.417901170620532503e-01,-2.245933906557546766e-01,-1.882316378327980599e-01,-2.971097068268931385e-01,-1.971407852481093792e-01
2.163058116647674223e-01,-3.853724230809074669e-02,1.000000000000000000e+00,3.228012016989537103e-01,1.364342691391277063e-01,-7.417383196933594047e-02,4.228737180151247999e-01,2.206567906350357169e-02,1.633689008598362968e-01,2.175489485134154966e-02,2.724541593287060914e-02,-7.293069512068786620e-02,1.731068061742463415e-01,-1.796332746296487870e-01,-3.035325805449082606e-02,-1.368486480886770829e-01,-1.339479954418315577e-01,-1.099140163679684923e-01,8.038951621257639513e-02,-1.305293691080493083e-02,-1.573604060913705582e-01,-3.151351911322904931e-01,4.168652232466590890e-01,3.021858489588728491e-01,1.870920957215373159e-01,9.126696363824716995e-02,6.992644773645498302e-02,6.112089505853101831e-03,-1.283538796229151402e-01,-1.797368693670361450e-01,-1.336372112296695287e-02,1.559100797679477679e-01,-7.148036879726508974e-02,-1.719672640629855698e-01,1.517662902724541407e-01,-1.290790427846265354e-01,2.589868434683517684e-02,-4.475292655133118747e-02,-5.573396871438930644e-02,-1.979695431472081046e-01,-3.791567388376670261e-02,-1.883352325701854180e-01,-1.782865430436133825e-01,-1.961048378742359655e-01,-2.037708484408991827e-01,-1.963120273490106538e-01,-2.894436962602299768e-01,-2.207603853724230680e-01,-2.154770537656686691e-01,-7.728167409095616780e-02,-1.252460375012949267e-01,-6.640422666528539297e-02,-6.609344245312337440e-02,-1.750751061846057832e-02,-1.859525536102765997e-01,-2.038744431782865130e-01,-5.397285817880451142e-02,-4.578887392520459426e-02,-5.801305293691079792e-03,1.004868952657204939e-02,9.945094789184708017e-02,-1.564280534548844956e-02,-2.185848958872889103e-01,-1.890603957318968131e-01,3.575054387237128206e-01,1.418211954832694355e-01,5.418004765357919972e-02,-2.185848958872889103e-01,1.198591111571531975e-01,7.272350564591319177e-02,1.253496322386822848e-01,7.241272143375115933e-02,-3.522221071169584408e-03,4.444214233916916890e-02,-6.733657930177145909e-03,1.471045270900238171e-02,-3.056044752926551089e-02,-4.651403708691598249e-02,-4.931109499637418431e-02,7.355226354501190854e-03,-3.014606857971614540e-01,-2.530819434372733601e-01,-3.001139542111260772e-01,-1.437894954936289049e-01,1.428571428571428492e-01,-2.486273697296177004e-02,-2.683103698332124643e-02,-1.071169584585102974e-01,1.823267378017196655e-02,-1.511447218481301036e-01,-1.393349217859732592e-01,9.789702683103697345e-02,-1.409924375841707378e-01,2.130943748057598508e-01,-6.329638454366517952e-02,-8.505127939500672918e-02,-1.768362167201906199e-01,-2.203460064228737192e-01,-3.557443281881280117e-01,-1.257640111882316336e-01,-2.643737698124934976e-01,3.418626333782243728e-03,-2.395110328395317345e-01,-2.548430539728581690e-01,-5.469802134051589965e-02,-2.134051590179218694e-02,-9.893297420491038718e-02,-1.235885217030974759e-01,3.315031596394902441e-02,-8.422252149590800374e-02,-1.032839531751786888e-01,-8.670879519320418005e-02,-2.110224800580130233e-01,-1.421319796954314540e-01,-4.527090023826789433e-02,5.614834766393866916e-02
5.790945819952345724e-02,-7.759245830311820025e-02,3.228012016989537103e-01,1.000000000000000000e+00,1.093960426810317993e-01,1.115715321661659432e-01,2.394074381021443765e-01,2.933802962809489157e-01,9.965813736662176847e-02,2.400290065264684414e-01,-2.444835802341240871e-01,3.470423702475913807e-02,-5.407645291619185557e-02,-1.059774163472495395e-01,-2.676888014088883994e-01,-6.857971615041956459e-02,-1.058738216098622092e-01,-2.855070962395110379e-01,-3.781207914637935846e-02,-7.365585828239924748e-02,-1.562208639801097865e-01,-1.863669325598259485e-01,3.558479229255153697e-01,4.798508235781621667e-01,2.572257329327669595e-01,1.160261058738216028e-01,1.212058427431886437e-01,4.143789495493628810e-04,-3.671397493007354518e-01,-3.453848544493939854e-01,-1.591215166269553394e-01,2.755620014503263326e-01,-2.551538381850201875e-01,-1.586035429400186325e-01,2.521495908007873044e-01,1.304257743706619677e-01,5.708070030042473875e-02,1.679270693048793006e-01,5.697710556303739113e-03,-1.657515798197451429e-01,3.097482647881487361e-02,-7.034082668600434574e-02,-2.295659380503470293e-01,-3.733554335439759342e-01,-2.652025277115921953e-01,-3.219724437998549571e-01,-3.133740805967056842e-01,-2.875789909872578098e-01,-2.702786698435719059e-01,-3.166891121931005859e-01,-1.089816637314824366e-01,-1.901999378431575571e-01,-4.962187920853620288e-02,-5.449083186574121829e-02,-1.355019165026416506e-01,-2.501812907904278349e-01,-1.129182637522013755e-01,-1.159225111364342586e-01,-6.329638454366517952e-02,3.190717911530093626e-02,-3.107842121620221472e-04,9.012742152698641207e-02,-4.298145654200766219e-01,-3.617528229565937781e-01,3.410338754791256144e-01,4.612037708484408860e-01,9.012742152698641207e-02,9.634310577022686672e-03,5.096861079457162824e-02,4.319900549052108074e-02,6.205324769501708443e-02,2.527711592251113276e-02,-1.600538692634413951e-01,-1.698953693152387492e-02,1.261783901377809824e-01,-7.572775303014606108e-02,2.071894747746814026e-03,2.444835802341240732e-02,-7.013363721122965744e-02,-7.313788459546254062e-02,-3.150315963949031350e-01,-2.013881694809903644e-01,-2.911012120584274276e-01,-2.269760696156634949e-01,7.085880037294105260e-02,2.205531958976483797e-01,-8.370454780897129687e-02,-1.308401533202113165e-01,1.065989847715736044e-01,-2.652025277115922439e-02,1.228633585413860807e-01,1.761110535584792247e-02,1.854345799233398928e-01,2.405469802134051760e-01,-4.620325287475396392e-02,-1.425463586449808306e-01,-1.790117062053247499e-01,-2.772195172485237835e-01,-3.063296384543665041e-01,-2.524603750129493229e-01,-1.994198694706308672e-01,4.185227390448564844e-02,-1.635760903346109851e-01,-2.093649642598156002e-01,8.525846886978140360e-02,-1.667875271936185635e-02,-6.194965295762974722e-02,-8.971304257743704935e-02,1.022480058013052889e-01,5.614834766393866916e-02,6.567906350357401168e-02,-3.153423806070651536e-01,-2.850927172899616613e-01,-1.333264270175075206e-01,-6.920128457474360173e-02,-1.097068268931938179e-01
-1.533202113332642752e-02,-5.822024241168548969e-02,1.364342691391277063e-01,1.093960426810317993e-01,1.000000000000000000e+00,1.180980006215684164e-01,1.265927690873303590e-01,5.293691080493110462e-02,2.557754066093442247e-01,1.580855692530819256e-01,4.319900549052108074e-02,7.873200041437895119e-03,3.056044752926551089e-02,6.650782140267275100e-02,1.681342587796539612e-01,3.366828965088573128e-02,1.208950585310266251e-01,1.761110535584792204e-03,-6.816533720087018799e-02,-1.017300321143685821e-01,6.733657930177145909e-03,-4.723920024862737072e-02,1.541489692323629868e-01,9.706826893193824801e-02,1.951724852377499098e-01,7.800683725266754909e-02,2.010773852688283458e-01,7.572775303014606108e-02,6.329638454366517952e-02,-8.525846886978140360e-02,1.399564902102972963e-01,2.224179011706205189e-01,-1.160261058738215958e-02,1.180980006215684268e-02,1.443074691805656118e-01,2.797057909458199043e-02,3.936600020718947560e-03,1.141614006008494775e-01,5.822024241168548969e-02,-8.795193204185226821e-02,9.945094789184708711e-03,-6.712938982699678814e-02,-1.387133533616492220e-01,-1.428571428571428492e-01,-6.226043716979177273e-02,-2.323629959598052241e-01,-1.500051797368693596e-01,-5.915259504817155234e-02,-1.725888324873096347e-01,-2.477986118305189889e-01,-2.526675644877240390e-01,-1.586035429400186325e-01,-1.962084326116233235e-01,-4.651403708691598249e-02,-1.847094167616284976e-01,-1.972443799854967372e-01,-4.527090023826789433e-02,-1.446182533927276304e-01,-2.888221278359058841e-01,-1.795296798922614567e-01,-5.490521081529057407e-02,-3.625815808556925087e-03,-5.511240029006526236e-02,-8.090748989951310199e-02,1.648192271832590872e-01,1.525950481715528662e-01,8.183984253599917158e-03,-1.435823060188542166e-01,9.323526364860663333e-04,-1.071169584585102974e-01,1.692738008909147329e-01,1.289754480472392051e-01,2.776338961980731254e-02,-9.841500051797368032e-03,6.764736351393348113e-02,5.179736869367035368e-02,5.998135294727027084e-02,-3.905521599502744662e-02,5.739148451258675732e-02,2.641665803377188024e-02,3.252874753962498727e-02,1.405780586346213334e-01,1.564280534548844956e-02,-3.522221071169584408e-03,4.858593183466279608e-02,9.219931627473323954e-02,-1.380917849373251849e-01,-6.153527400808038450e-02,-1.122966953278773383e-01,-2.854035015021236799e-01,8.318657412203459001e-02,1.515591007976794524e-01,5.190096343105769783e-02,5.086501605718429103e-02,8.391173728374598517e-03,1.170620532476950026e-02,-1.346731586035429269e-03,3.967678441935149070e-02,-1.058738216098622092e-01,1.394385165233605894e-01,1.352947270278669623e-01,1.191339479954418162e-02,8.391173728374597129e-02,2.817776856935667526e-02,1.355019165026416506e-01,1.415104112711074169e-01,-7.324147933284988476e-02,-2.765979488241997186e-02,1.452398218170516953e-01,4.195586864187298565e-02,1.258676059256189639e-01,-3.470423702475913807e-02,-1.072205531958976416e-01,-9.613591629545217843e-02,1.792188956800994451e-02,-1.077385268828343415e-02
-6.785455298870816943e-02,-9.893297420491038718e-02,-7.417383196933594047e-02,1.115715321661659432e-01,1.180980006215684164e-01,1.000000000000000000e+00,5.915259504817155234e-02,1.394385165233605894e-01,-2.134051590179218694e-02,2.365067854552988513e-01,4.558168445042991290e-02,1.596394903138920462e-01,-1.098104216305811551e-02,1.965192168237853421e-01,-1.033875479125660329e-01,2.216927380089091237e-02,1.460685797161504207e-01,-4.868952657205013329e-02,-9.686107945716357359e-02,-8.215062674816117627e-02,1.636796850719983432e-02,8.598363203149279876e-03,-4.651403708691598249e-02,8.287578990987257144e-02,-4.713560551124002657e-02,-3.853724230809074669e-02,-5.386926344141717074e-03,3.687972650989329582e-02,-1.139542111260747823e-02,-4.143789495493628572e-02,-1.046306847612141211e-01,1.255568217134569453e-01,-6.319278980627783190e-03,7.251631617113849741e-04,6.712938982699678814e-02,1.126074795400393569e-01,-6.598984771573603025e-02,6.267481611934114238e-02,6.557546876618666754e-02,1.178908111467937281e-01,-1.253496322386822744e-02,5.127939500673365375e-02,-1.653372008701957940e-01,-1.939293483891018077e-01,-1.522842639593908476e-01,-2.442763907593494266e-01,-1.600538692634413951e-01,-1.280430954107531216e-01,-1.867813115093752974e-01,-2.257329327670154206e-01,-8.142546358644979498e-02,-1.475189060395731833e-01,-4.174867916709830429e-02,-1.553921060810110610e-01,-8.101108463690044614e-02,-1.699989640526261281e-01,1.781829483062260383e-02,-2.765979488241997186e-02,-6.971925826168029472e-02,-6.526468455402464897e-02,1.542525639697503170e-01,6.485030560447528625e-02,-7.282710038330052205e-02,-1.106391795296798874e-01,9.841500051797368032e-02,1.464829586656997695e-01,1.369522428260644409e-01,7.531337408059669836e-02,2.900652646845540070e-02,-5.127939500673365375e-02,6.578265824096135583e-02,9.364964259815600212e-02,8.940225836527503078e-02,-4.143789495493628810e-04,7.520977934320935421e-02,1.041127110742774281e-01,1.817051693773956145e-01,4.578887392520459426e-02,8.960944784004971908e-02,-3.895162125764010941e-02,5.728788977519942011e-02,6.609344245312337440e-02,6.029213715943230328e-02,4.661763182430332317e-03,-5.987775820988293363e-02,2.137159432300838879e-01,-6.277841085672847266e-02,-3.905521599502744662e-02,1.709313166891121907e-02,-9.945094789184708711e-03,1.468973376152491461e-01,5.324769501709313013e-02,2.521495908007873044e-01,6.049932663420697770e-02,-6.215684243240442511e-03,1.531130218584896008e-01,1.520770744846161593e-01,1.495908007873200107e-01,-1.028695742256293261e-01,1.004868952657204939e-02,5.770226872474877589e-02,7.976794778825234411e-02,5.045063710763492831e-02,6.474671086708795598e-02,1.981767326219827929e-01,1.111571532166165804e-01,-3.936600020718947560e-03,-8.287578990987256103e-03,-2.393038433647570393e-02,3.107842121620221255e-03,6.257122138195379824e-02,-3.107842121620221429e-02,-3.770848440899202125e-02,-6.112089505853101831e-03,7.189474774681445246e-02,-1.543561587071376473e-02
7.572775303014606108e-02,-5.521599502745260651e-02,4.228737180151247999e-01,2.394074381021443765e-01,1.265927690873303590e-01,5.915259504817155234e-02,1.000000000000000000e+00,2.165130011395421106e-01,2.540142960737594158e-01,-5.853102662384750826e-02,1.437894954936289049e-01,8.546565834455609190e-02,3.109914016367968381e-01,-6.205324769501708443e-02,-8.515487413239407333e-02,-1.829483062260436887e-01,-5.635553713871335052e-02,-9.779343209364962930e-02,7.904278462654096282e-02,-3.118201595358955844e-02,-1.852273904485652045e-01,-2.601263855796125402e-01,3.233191753858903894e-01,1.054594426603128465e-01,1.895783694188335131e-02,2.279084222521495645e-02,2.817776856935667526e-02,-5.428364239096653693e-02,-8.867709520356364949e-02,-1.348803480783176134e-01,-2.900652646845539896e-03,1.603646534756034137e-01,-1.087744742567077483e-02,-5.210815290583238613e-02,4.558168445042991637e-03,-1.289754480472392051e-01,-1.470009323526364764e-01,1.092924479436444551e-01,3.625815808556925087e-03,-1.551849166062364005e-01,-7.769605304050553572e-03,-1.200663006319278997e-01,-2.652025277115921953e-01,-3.271521806692219703e-01,-1.989018957836941603e-01,-3.431057702268724419e-01,-3.340930280741737923e-01,-2.633378224386200839e-01,-3.171034911426499070e-01,-2.437584170724126920e-01,-2.695535066818605663e-01,-1.906143167927069060e-01,-1.695845851030767515e-01,-1.632653061224489666e-01,-2.977312752512172311e-01,-3.154459753444525116e-01,-1.127110742774267010e-01,-6.971925826168029472e-02,-1.167512690355329980e-01,-1.518698850098414710e-01,2.779446804102351232e-01,1.763182430332538853e-01,-7.303428985807521034e-02,-1.185123795711177930e-01,3.605096861079456483e-01,1.877136641458613531e-01,1.116751269035532873e-01,-1.090852584688697668e-01,1.891639904692841434e-01,8.598363203149279876e-03,1.182015953589557744e-01,1.015228426395938938e-01,-4.174867916709830429e-02,1.533202113332642752e-02,6.194965295762974722e-02,4.257743706619703666e-02,8.826271625401428678e-02,-1.450326323422770035e-02,-7.427742670672328462e-02,2.299803169998963781e-02,-2.574329224075416755e-01,-2.003522221071169507e-01,-2.571221381953796570e-01,-1.718636693255982395e-01,1.079457163576090228e-01,-1.070133637211229533e-01,-1.433751165440795561e-01,-1.735211851237957181e-01,2.797057909458199217e-03,-1.785973272557754010e-01,-5.925618978555889649e-02,1.311509375323733351e-01,-2.444835802341240732e-02,1.626437376981249294e-01,-7.997513726302703241e-02,-2.196208432611623101e-02,-1.224489795918367319e-01,-1.338444007044441997e-01,-2.899616699471667114e-01,-1.295970164715632422e-01,-4.775717393556407064e-02,1.686522324665906958e-01,-1.447218481301149884e-01,-1.300113954211125911e-01,-4.278462654097171108e-02,2.330881591215165985e-02,-1.069097689837356230e-01,-1.062882005594115858e-01,6.992644773645498302e-02,-2.051175800269346150e-02,-4.537449497565523154e-02,-1.986947063089194998e-01,-2.098829379467522793e-01,-1.745571324976691041e-01,2.693463172070858537e-03,-5.397285817880451142e-02
-1.116751269035532873e-01,5.594115818916398433e-03,2.206567906350357169e-02,2.933802962809489157e-01,5.293691080493110462e-02,1.394385165233605894e-01,2.165130011395421106e-01,1.000000000000000000e+00,2.023205221174764201e-01,2.082254221485548562e-01,-6.226043716979177273e-02,2.805345488449186298e-01,4.464933181394385026e-02,1.404744638972340032e-01,-2.304982906868330850e-01,-1.004868952657204939e-02,2.165130011395420898e-02,-1.387133533616492220e-01,9.634310577022686672e-02,1.280430954107531216e-01,-1.865741220346006368e-01,-7.438102144411064265e-02,1.216202216927379925e-01,2.532891329120480761e-01,5.179736869367035715e-03,1.644048482337097106e-01,-2.351600538692634121e-02,1.068061742463482788e-01,-1.018336268517559123e-01,-5.314410027970579292e-02,-7.261991090852584763e-02,1.842950378120791211e-01,-1.657515798197451221e-02,1.744535377602817738e-01,4.050554231845022307e-02,1.125038848026520266e-01,-2.173417590386408360e-01,1.916502641665803197e-01,-5.345488449186781149e-02,-2.124728063814358137e-01,2.527711592251113276e-02,-6.319278980627783537e-02,-2.576401118823163361e-01,-2.965917331399564594e-01,-9.064539521392313282e-02,-1.360198901895783574e-01,-2.322594012224179216e-01,-2.628198487516834048e-01,-1.951724852377499098e-01,-2.598156013674505216e-01,-1.913394799544183011e-01,-2.777374909354604626e-01,-1.137470216513001009e-01,-1.115715321661659432e-01,-1.360198901895783574e-01,-2.799129804205945926e-01,-1.018336268517559123e-01,3.439345281259711951e-02,-1.313581270071480234e-01,-6.951206878690562030e-02,1.017300321143685821e-01,4.306433233191753196e-01,-8.391173728374597129e-02,2.165130011395420898e-02,3.698332124728063303e-02,3.048793121309437137e-01,-4.485652128871852468e-02,3.439345281259711951e-02,1.034911426499533771e-01,4.330260022790841795e-02,-7.811043199005489324e-02,-2.786698435719465322e-02,-1.247280638143582338e-01,1.771470009323526315e-02,1.196519216823785092e-01,-1.522842639593908476e-01,-1.584999482026313092e-02,-2.931731068061741927e-02,-1.798404641044234753e-01,-1.206878690562519368e-01,-1.980731378845954349e-01,-1.111571532166165804e-01,-1.714492903760488907e-01,-2.285299906764736155e-01,-7.987154252563968826e-02,6.422873718015124737e-03,-1.797368693670361450e-01,4.268103180358437387e-02,7.976794778825234411e-02,1.191339479954418162e-02,5.728788977519942011e-02,-2.151662695535066505e-01,1.745571324976691041e-01,-7.407023723194861020e-02,-1.109499637418419060e-01,-2.014917642183776947e-01,-2.414793328498912317e-01,-2.443799854967367846e-01,-1.674090956179425937e-01,-2.451051486584481243e-01,-6.215684243240442945e-04,2.869574225629337866e-02,-1.454470112918263835e-01,-1.185123795711177930e-01,-2.527711592251113276e-02,-1.433751165440795561e-01,-4.879312130943747744e-02,-8.836631099140163093e-02,1.133326427017507382e-01,2.620946855899720235e-02,-7.562415829275872213e-03,-3.612348492696570990e-01,-2.810525225318553089e-01,-1.228633585413860807e-01,-1.958976483994612772e-01,-1.779757588314513639e-01
-3.356469491349839407e-02,-1.657515798197451221e-02,1.633689008598362968e-01,9.965813736662176847e-02,2.557754066093442247e-01,-2.134051590179218694e-02,2.540142960737594158e-01,2.023205221174764201e-01,1.000000000000000000e+00,2.100901274215269676e-01,-1.916502641665803267e-02,7.707448461618149338e-02,9.126696363824716995e-02,-8.929866362788770051e-02,8.049311094996373928e-02,-4.672122656169066385e-02,1.647156324458717153e-02,-1.047342794986014652e-01,3.335750543872371271e-02,1.317725059566973722e-01,-1.074277426706723160e-01,-7.811043199005489324e-02,1.280430954107531216e-01,1.138506163886874450e-01,1.582927587278566139e-01,2.354708380814254098e-01,2.365067854552988513e-01,2.460375012949341800e-01,7.966435305086501384e-02,1.212058427431886298e-02,-1.999378431575675810e-02,3.905521599502744662e-02,-3.936600020718947560e-03,-6.837252667564487456e-03,1.223453848544494016e-01,1.781829483062260383e-02,-1.118823163783279687e-02,2.206567906350357378e-01,1.209986532684139554e-01,-3.148244069201284745e-01,3.542940018647052630e-02,-3.232155806485030591e-02,-1.621257640111882226e-01,-1.153009427121102215e-01,1.564280534548844956e-02,-5.252253185538174191e-02,-1.311509375323733351e-01,-2.911012120584274485e-02,-1.404744638972340032e-01,-3.087123174142752946e-02,-7.489899513104733564e-02,3.004247384232880576e-03,1.450326323422769948e-03,6.391795296798921666e-02,-1.978659484098207674e-02,-9.489277944680409027e-02,-1.762146482958665550e-01,-7.541696881798404251e-02,-6.526468455402464897e-02,-8.774474256707757991e-02,9.572153734590281571e-02,1.339479954418315577e-01,-4.786076867295140785e-02,1.895783694188335131e-02,1.229669532787734387e-01,5.998135294727027084e-02,-4.257743706619703666e-02,-1.475189060395731833e-01,1.695845851030767515e-01,3.812286335854137703e-02,-6.837252667564487456e-03,5.666632135087536909e-02,-1.038019268621153957e-01,4.713560551124002657e-02,1.022480058013052889e-01,-1.533202113332642613e-01,7.697088987879414923e-02,6.371076349321454224e-02,-1.599502745260540648e-01,7.241272143375115933e-02,-1.783901377810007127e-01,-1.654407956075831243e-01,-2.075002589868434333e-01,-2.430332539107013246e-01,-1.626437376981249364e-02,-7.003004247384231329e-02,-5.625194240132601331e-02,9.074898995131046309e-02,8.909147415311301221e-02,-1.761110535584792204e-03,-2.165130011395420898e-02,-8.401533202113331544e-02,-4.423495286439448754e-02,4.382057391484511788e-02,2.848855278151869730e-02,-2.215891432715217935e-01,-1.702061535274007886e-01,-2.213819537967471052e-01,-1.678234745674919426e-01,-1.421319796954314540e-01,-1.678234745674919703e-02,2.061535274008080218e-02,-8.411892675852065959e-02,-1.272143375116543962e-01,1.968300010359473606e-02,4.433854760178182475e-02,-1.453434165544390255e-01,-1.065989847715736044e-01,1.802548430539728241e-01,1.720708588003729278e-01,6.112089505853101831e-03,-2.425152802237645899e-01,-2.000414378949549044e-01,-1.570496218792085397e-01,-1.967264062985600304e-01,-2.739044856521288818e-01
4.237024759142235530e-02,-7.241272143375115933e-02,2.175489485134154966e-02,2.400290065264684414e-01,1.580855692530819256e-01,2.365067854552988513e-01,-5.853102662384750826e-02,2.082254221485548562e-01,2.100901274215269676e-01,1.000000000000000000e+00,-1.093960426810317993e-01,1.737283745985703787e-01,-2.071894747746814286e-02,5.935978452294622676e-02,-4.268103180358437387e-02,1.537345902828136379e-01,-3.874443178286542805e-02,-1.734175903864083601e-01,-9.996892157878378704e-02,-3.325391070133637550e-02,-9.447840049725474143e-02,-7.572775303014606108e-02,2.123692116440484626e-02,2.906868331088780510e-01,1.407852481093960217e-01,1.069097689837356230e-01,1.497979902620946713e-01,1.021444110639179448e-01,-4.413135812700714339e-02,-8.494768465761937462e-03,-2.283228012016989550e-01,5.241893711799440470e-02,-1.507303428985807270e-01,-9.748264788148761073e-02,1.392313270485859289e-01,1.851237957111778742e-01,4.464933181394385026e-02,9.623951103283953645e-02,1.324976691184087674e-01,-1.887496115197347946e-01,-1.212058427431886298e-02,-5.076142131979695035e-03,-1.332228322801201625e-01,-1.216202216927379925e-01,-5.635553713871335052e-02,-8.929866362788770051e-02,-1.362270796643530180e-01,-5.656272661348803188e-02,-9.354604786076865797e-02,-9.768983735626228515e-02,3.439345281259711951e-02,-2.320522117476431917e-02,6.101730032114367763e-02,7.044442142339168815e-03,2.734901067025794982e-02,-6.992644773645498302e-02,-7.666010566663213066e-02,-1.277323111985911031e-01,-8.805552677923961236e-03,-3.791567388376670261e-02,2.620946855899720235e-02,8.701957940536619862e-02,-2.586760592561898053e-01,-1.553921060810110610e-01,7.935356883870298139e-02,1.827411167512690282e-01,-1.089816637314824366e-01,-6.578265824096135583e-02,3.294312648917434305e-02,7.717807935356883753e-02,-2.807417383196933458e-02,0.000000000000000000e+00,-1.074277426706723160e-01,4.205946337926032980e-02,1.518698850098414710e-01,-1.478296902517352018e-01,9.882937946752304303e-02,1.243136848648088572e-01,-1.192375427328291604e-01,-1.294934217341759120e-01,-5.770226872474877589e-02,-1.129182637522013755e-01,-1.460685797161504207e-01,-1.751787009219931412e-01,3.315031596394902441e-02,1.745571324976691041e-01,1.243136848648088589e-03,7.987154252563968826e-02,1.805656272661348705e-01,7.686729514140681896e-02,8.349735833419660858e-02,-1.466901481404744578e-01,2.160986221899927340e-01,8.142546358644979498e-02,7.583134776753340522e-02,-1.562208639801097865e-01,-2.776338961980731254e-02,-1.404744638972340032e-01,-9.271728996166994641e-02,-7.220553195897647103e-02,2.579508960944783963e-02,-8.287578990987256103e-03,7.386304775717392190e-02,-6.122448979591836593e-02,4.423495286439448754e-02,2.662384750854656507e-02,-3.232155806485030591e-02,2.693463172070858537e-03,1.130218584895887196e-01,8.784833730446492406e-02,7.541696881798404251e-02,-1.630581166476742783e-01,-1.297006112089505725e-01,5.645913187610068773e-02,-7.127317932249041532e-02,-1.014192479022065635e-01
8.784833730446492406e-02,-2.734901067025794982e-02,2.724541593287060914e-02,-2.444835802341240871e-01,4.319900549052108074e-02,4.558168445042991290e-02,1.437894954936289049e-01,-6.226043716979177273e-02,-1.916502641665803267e-02,-1.093960426810317993e-01,1.000000000000000000e+00,3.190717911530093764e-01,4.451465865534030564e-01,4.017403915881073151e-01,2.186884906246762406e-01,1.094996374184191296e-01,1.911322904796436128e-01,3.349217859732725455e-01,9.406402154770536483e-02,-4.309541075313373659e-02,1.854345799233398512e-02,5.179736869367035368e-02,-7.251631617113850174e-03,-1.142649953382368078e-01,-1.549777271314617122e-01,-7.158396353465243389e-02,-2.771159225111364255e-01,-1.644048482337097106e-01,3.492178597327255662e-01,1.208950585310266251e-01,1.801512483165854939e-01,6.909768983735625758e-02,8.577644255671811047e-02,6.112089505853102178e-02,-2.692427224696985477e-01,-2.937946752304982923e-01,-2.165130011395421106e-01,-2.424116854863772874e-01,-9.427121102248005313e-02,2.362995959805241908e-01,-4.682482129907800106e-02,-3.584377913601988902e-02,-7.054801616077903403e-02,8.815912151662694263e-02,1.688594219413653771e-02,1.025587900134673075e-02,-9.344245312338132770e-02,-8.805552677923961236e-03,-4.309541075313373659e-02,5.428364239096653693e-02,-1.590179218895679814e-01,-4.796436341033874506e-02,-1.446182533927276304e-01,-3.635139334921785870e-01,-2.414793328498912317e-01,-1.790117062053247499e-01,1.258676059256189639e-01,7.396664249456126605e-02,-1.272143375116543962e-01,-9.002382678959908180e-02,3.060188542422044855e-01,1.681342587796539612e-01,2.896508857350046373e-01,1.092924479436444551e-01,-6.516108981663730482e-02,-1.675126903553299240e-01,-1.010048689526572008e-01,-1.531130218584896008e-01,-5.915259504817155234e-02,-1.272143375116543962e-01,1.288718533098518471e-01,2.033564694913498061e-01,2.198280327359369846e-01,1.032839531751786888e-01,-1.335336164922821811e-01,3.128561069097689495e-01,7.386304775717392190e-02,4.091992126799957885e-02,1.576711903035325768e-01,1.502123692116440375e-02,5.221174764321972334e-02,-2.268724748782761577e-02,1.937221589143271402e-02,2.403397907386304599e-01,1.522842639593908511e-02,-1.396457059981352777e-01,3.004247384232880576e-03,-8.556925308194342217e-02,-9.012742152698641207e-02,-2.066715010877447356e-01,-1.237957111778721503e-01,1.007976794778825125e-01,-4.692841603646533827e-02,-8.152905832383713913e-02,-5.749507924997409453e-02,1.391277323111985709e-01,1.103283953175178689e-01,2.201388169480990309e-01,-4.040194758106287892e-02,1.207914637936392671e-01,9.302807417383196498e-02,-1.605718429503780881e-02,4.081632653061224164e-02,7.603853724230807964e-02,-7.666010566663213760e-03,8.308297938464725974e-02,1.253496322386822744e-02,-5.500880555267791822e-02,-1.966228115611727001e-01,-2.547394592354708109e-01,-2.721433751165440174e-01,1.507303428985807270e-01,6.971925826168029472e-02,-8.722676888014088692e-02,1.242100901274215269e-01,2.695535066818605663e-01
4.174867916709830429e-02,-5.376566870402983006e-02,-7.293069512068786620e-02,3.470423702475913807e-02,7.873200041437895119e-03,1.596394903138920462e-01,8.546565834455609190e-02,2.805345488449186298e-01,7.707448461618149338e-02,1.737283745985703787e-01,3.190717911530093764e-01,1.000000000000000000e+00,2.237646327566559235e-01,4.824406920128457288e-01,-3.169998964052626184e-02,1.473117165647984950e-01,6.194965295762974722e-02,1.062882005594115858e-01,2.558790013467315827e-02,-1.025587900134673075e-02,-7.914637936392830697e-02,-2.848855278151869730e-02,3.304672122656168720e-02,1.802548430539728241e-01,9.323526364860663333e-04,5.552677923961462508e-02,-1.156117269242722401e-01,-9.592872682067749013e-02,7.645291619185745624e-02,-1.512483165855174443e-02,1.864705272972132927e-02,1.046306847612141211e-01,-1.088780689940950924e-01,-1.522842639593908511e-02,-5.511240029006526236e-02,-4.609965813736661977e-02,-1.414068165337200866e-01,2.848855278151869730e-02,-5.500880555267791822e-02,3.252874753962498727e-02,4.216305811664767395e-02,-3.056044752926551089e-02,-2.865430436133843961e-01,-1.678234745674919426e-01,-1.933077799647777706e-01,-1.083600953071583994e-01,-2.323629959598052241e-01,-2.065679063503573776e-01,-2.110224800580130233e-01,-8.733036361752821719e-02,-1.195483269449911790e-01,-4.889671604682481465e-02,-8.598363203149279876e-03,-2.848855278151869452e-01,-1.684450429918160075e-01,-2.847819330777996427e-01,-1.243136848648088589e-03,1.028695742256293261e-01,-3.926240546980213492e-02,6.132808453330571008e-02,2.912048067958147857e-01,3.638247177043406055e-01,3.418626333782243728e-03,4.143789495493628810e-04,-6.837252667564487456e-03,1.133326427017507382e-01,-1.974515694602713978e-01,-9.064539521392313282e-02,-4.309541075313373659e-02,-1.639904692841603340e-01,9.727545840671293631e-02,5.241893711799440470e-02,4.661763182430332317e-03,8.018232673780170683e-02,-4.040194758106287892e-02,8.152905832383713913e-02,4.123070548016160436e-02,4.827514762250077751e-02,1.419247902206567831e-02,-8.080389516212575785e-02,-7.365585828239924748e-02,-9.882937946752304303e-02,-1.495908007873200107e-01,3.283953175178700584e-02,-1.238993059152594944e-01,-3.511861597430850079e-02,-1.396457059981352777e-01,7.251631617113849741e-04,9.893297420491038718e-02,-1.160261058738215958e-02,9.219931627473323954e-02,-6.339997928105252367e-02,2.295659380503470293e-01,-3.936600020718947213e-02,-1.719672640629855975e-02,-7.189474774681445246e-02,-4.558168445042991290e-02,-1.450326323422770035e-02,-1.237957111778721503e-01,-1.057702268724748651e-01,1.351911322904796320e-01,3.812286335854137703e-02,5.521599502745260651e-02,-2.496633171034911072e-02,1.010048689526572008e-01,5.438723712835387414e-02,2.942090541800476342e-02,-4.827514762250077751e-02,-9.064539521392313282e-02,-8.639801098104216148e-02,-1.326012638557960976e-01,-1.524914534341655081e-01,-1.151973479747228635e-01,-5.293691080493110462e-02,8.494768465761937462e-03,9.023101626437377010e-02
9.178493732518386294e-02,-1.450326323422769948e-03,1.731068061742463415e-01,-5.407645291619185557e-02,3.056044752926551089e-02,-1.098104216305811551e-02,3.109914016367968381e-01,4.464933181394385026e-02,9.126696363824716995e-02,-2.071894747746814286e-02,4.451465865534030564e-01,2.237646327566559235e-01,1.000000000000000000e+00,2.250077696053040532e-01,1.853309851859525348e-01,2.102973168963016490e-02,-1.357091059774163423e-02,1.173728374598570351e-01,9.758624261887495488e-02,-1.471045270900238171e-02,-1.807728167409095588e-01,-5.635553713871335052e-02,2.453123381332228403e-01,1.212058427431886298e-02,-7.520977934320935421e-02,-8.215062674816117627e-02,-1.082565005697710553e-01,-1.586035429400186325e-01,1.474153113021858252e-01,8.391173728374598517e-03,4.009116336890085341e-02,5.904900031078421339e-03,-4.019475810628819756e-02,-1.029731689630166702e-01,-1.741427535481197553e-01,-2.148554853413446319e-01,-1.966228115611727001e-01,-1.108463690044545619e-01,-4.454573707655650611e-02,5.210815290583238613e-02,-1.263855796125556638e-02,-9.800062156842430372e-02,-1.194447322076038487e-01,-7.800683725266754909e-02,-7.148036879726509495e-03,-1.051486584481508280e-01,-1.406816533720086915e-01,-9.002382678959908180e-02,-9.924375841707240575e-02,-2.092613695224282422e-02,-2.300839117372837361e-01,-1.250388480265202662e-01,-1.872992851963120042e-01,-2.578473013570910521e-01,-2.505956697399772115e-01,-1.800476535791981636e-01,-5.190096343105769783e-02,-5.801305293691080139e-02,-2.152698642908940085e-01,-1.673055008805552357e-01,2.154770537656686691e-01,1.084636900445457297e-01,1.197555164197658673e-01,1.129182637522013928e-02,1.233813322283227876e-01,-6.992644773645498302e-02,-1.915466694291929617e-01,-3.012534963223867934e-01,5.086501605718429103e-02,4.143789495493628810e-04,5.283331606754376047e-02,8.525846886978140360e-02,5.780586346213612003e-02,1.063917952967989161e-01,-9.012742152698640860e-03,2.169273800890914594e-01,1.012120584274318752e-01,9.748264788148761073e-02,9.116336890085983274e-03,-2.455195276079975147e-02,-9.696467419455090386e-02,-1.706205324769501652e-01,-6.806174246348284385e-02,1.533202113332642752e-02,2.516316171138506252e-01,-1.887496115197347946e-01,-2.890293173106806002e-02,-1.044234952864394467e-01,-3.874443178286542805e-02,-1.971407852481093792e-01,-1.687558272039780261e-01,1.583963534652439442e-01,-3.656894229773127031e-02,9.644670050761421087e-02,5.490521081529057754e-03,5.003625815808556559e-02,6.806174246348284385e-02,4.837874235988811472e-02,-1.259712006630063219e-01,4.786076867295140785e-02,7.148036879726508974e-02,7.552056355537138665e-02,-3.169998964052626184e-02,4.309541075313373659e-02,-2.175489485134154966e-02,5.366207396664249285e-02,-1.004868952657204939e-02,-4.941468973376152152e-02,-3.646534756034393310e-02,-6.951206878690562030e-02,-9.105977416347249553e-02,4.837874235988811472e-02,-4.734279498601470793e-02,-4.288822127835905523e-02,9.396042681031802069e-02,1.154045374494975518e-01
