1.000000000000000000e+00,3.295798144093420312e-01,-6.162026900218955244e-02,-9.832134292565945788e-02,-1.802731727661349148e-01,-1.677614430194974138e-01,1.202168699822750292e-01,5.870086539464080405e-02,-1.720362840162652229e-02,-1.335627150453550238e-01,3.001772495047440037e-01,3.124804504222708501e-01,1.041601501407569547e-01,3.263476175581273703e-02,-3.701386716713585268e-02,-1.754770096965905246e-01,3.350015639662183298e-01,2.793243665936815390e-01,3.454280054217495621e-01,4.021478469398394040e-01,-2.092586800125117164e-01,-2.607653008028359976e-01,-1.510791366906474587e-01,-2.486706287144197225e-01,-2.953810864351996690e-01,-3.233239495360233362e-01,-2.851631738087790358e-01,-2.336565530184547823e-01,1.777708268168074202e-01,-3.284329058492336390e-02,-5.202794286310082061e-02,-1.569179439057449554e-01,1.754770096965905246e-01,1.358565321655718638e-01,-2.478365133979772428e-01,-1.704723177979355631e-01,-1.763111250130330321e-01,-1.341883015326868767e-01,-1.179230528620581753e-01,-2.179126264206026134e-02,-6.829319153372953588e-02,8.998018976123448032e-02,-1.277239078302575270e-01,-1.386716713585653057e-02,5.035971223021581955e-02,2.679595454071525065e-02,6.162026900218955244e-02,2.137420498383901107e-02,7.454905640704827252e-02,1.168804087165050548e-01,1.016578041914294600e-01,1.237618600771556582e-01,8.372432488791574368e-02,-1.115629235741841252e-02,-6.307997080596391970e-02,-1.304347826086956486e-01,5.195495777291210260e-01,2.492962152017516309e-01,2.995516630174121508e-01,2.480450422270878696e-01,2.795328954227921936e-01,8.810343029923885239e-02,3.258262954853508586e-01,1.648420394119486931e-01,-2.501303305181941106e-01,-1.139610051089563064e-01,-1.252215618809300324e-01,-1.331456573871337423e-01,2.449171097904284944e-01,1.354394745073506379e-01,8.101345010947762215e-02,-6.474820143884892076e-02,2.451256386195391213e-01,1.779793556459180470e-01,-2.345949327494526240e-02,-1.214680429569387904e-01,1.608799916588468382e-01,4.472943384422896351e-02,-1.223021582733812979e-01,1.532686893963090304e-02,9.394223751433634917e-02,-5.557293295798143573e-02,-2.501303305181941106e-01,-1.642164529246168125e-01,-2.217704097591491896e-01,-1.731831925763736568e-01,-2.194765926389322941e-01,-2.382441872588885456e-01,5.557293295798143573e-02,-2.136377854238348251e-01,-1.969554790949848699e-01,-1.467000312793243499e-01,-9.081430507767697391e-02,-1.648420394119486931e-01,-1.281409654884787808e-01,-2.434574079866541618e-01,-1.565008862475237017e-01,-9.269106453967260184e-02,2.825565634448962485e-02,-1.115629235741841252e-02,1.218851006151600302e-01,-1.708893754561568168e-01,3.117505995203836630e-02,-2.867271400271087164e-02,-1.848608070065686226e-01,-3.356271504535501271e-01,-1.329371285580231432e-01,-1.767281826712542858e-01,-2.513815034928578718e-01,6.537378792618078749e-02,-6.266291314774266596e-02,-3.576269419247210535e-02,-7.819831091648420801e-03,-1.970597435095401695e-02,-1.202168699822750292e-01,-1.183401105202794151e-01
3.295798144093420312e-01,1.000000000000000000e+00,5.536440412887080886e-02,5.953498071108330458e-02,-2.543009071004065924e-01,-2.084245646960692089e-01,4.827442393910957169e-02,1.089563132103013171e-01,-2.576373683661765668e-01,-1.016578041914294600e-01,2.069648628922948486e-01,2.559691377332916074e-01,5.765822124908768359e-02,1.066624960900844493e-01,-9.894692941299133848e-02,-8.059639245125638229e-02,1.341883015326868767e-01,2.816181837138984068e-01,3.485559378584088819e-01,5.349807110833072477e-01,-1.477426754248774565e-01,-1.467000312793243499e-01,4.014179960379522100e-02,1.595245542696277496e-02,-1.287665519758106614e-01,-1.366906474820143713e-01,-2.265665728286935521e-01,-2.392868314044416245e-01,1.179230528620581753e-01,1.379418204566781325e-01,1.483682619122093371e-01,-1.981023876550933125e-03,2.486706287144197225e-01,2.328224377020123026e-01,-2.025857574809717121e-01,-1.444062141591074822e-01,-3.805651131268897314e-02,3.576269419247210535e-02,-1.494109060577624715e-01,5.140235637576894001e-02,9.071004066312168129e-03,9.644458346366384383e-02,-1.449275362318840597e-02,2.471066624960900626e-02,2.549264935877385008e-01,1.950787196329892559e-01,1.085392555520800772e-01,-4.691898654989051613e-03,1.081221978938588096e-01,4.994265457199457275e-02,6.850172036284016275e-02,6.766760504639765528e-02,-3.659680950891460588e-02,1.016578041914294600e-01,-8.330726722969450382e-02,-1.260556771973725398e-01,4.346783442810968068e-01,4.763841101032216807e-01,2.030028151391929658e-01,1.402356375768950003e-01,9.289959336878324259e-02,5.578146178709206260e-02,2.442915233030966415e-01,6.412261495151704016e-02,-1.285580231467000067e-01,-2.301115629235741533e-01,-9.206547805234073512e-02,-6.579084558440204122e-02,4.081951829840474999e-01,4.459389010530705466e-01,8.205609425503075649e-02,-6.162026900218955244e-02,3.283286414346783255e-01,3.195704306120321081e-01,-1.616098425607340183e-02,9.686164112188509756e-02,4.139297257845896139e-02,7.413199874882701879e-02,-7.788551767281826077e-02,1.840266916901261429e-01,1.162548222291731742e-01,5.765822124908768359e-02,-2.182254196642685884e-01,-4.848295276822020550e-02,-1.769367115003649127e-01,-1.521217808362005930e-01,-2.668126368470440934e-01,-1.671358565321655609e-01,-1.273068501720362733e-01,-2.330309665311229295e-01,-1.825669898863517548e-01,-1.489938483995412177e-01,2.815139192993431055e-03,-9.957251590032321908e-02,-1.692211448232718018e-01,-1.936190178292148678e-01,-6.912730685017202947e-02,-2.588885413408403280e-01,-9.123136273589824152e-02,-1.615055781461786910e-01,3.367740590136585749e-02,-1.444062141591074822e-01,-9.873840058388071161e-02,-1.994578250443123368e-01,-1.337712438744656229e-01,-1.736002502345949106e-01,-2.157230737149410660e-01,-2.695235116254822150e-01,-1.089563132103013171e-01,5.526013971431550410e-03,-2.201021791262642024e-01,-2.090501511834010895e-01,-6.391408612240642717e-02,-1.408612240642268809e-01,-8.163903659680950275e-02,-9.561046814722133635e-02
-6.162026900218955244e-02,5.536440412887080886e-02,1.000000000000000000e+00,2.405380043791053857e-01,2.937128558023146541e-01,1.698467313106036547e-01,3.389636117193201570e-01,7.194244604316546270e-03,1.277239078302575270e-01,1.610885204879574373e-01,7.392346991971640580e-02,-2.161401313731623475e-01,1.494109060577624715e-01,4.535502033156083024e-02,2.980919612136377350e-01,2.030028151391929658e-01,-4.639766447711395070e-02,-7.298509018871857969e-04,2.317797935564591683e-01,1.925763736836617612e-01,9.540193931811072336e-02,2.262537795850276187e-02,4.367636325722031310e-01,3.812949640287769393e-01,5.047440308622667127e-01,3.846314252945469137e-01,3.956834532374100544e-01,2.995516630174121508e-01,-1.314774267542487829e-01,-9.227400688145136198e-02,4.811802731727660709e-01,4.513606506099468452e-01,2.895422792201021722e-01,1.606714628297362113e-01,3.370868522573245429e-01,1.713064331143780428e-01,2.255239286831404455e-01,1.104160150140756913e-01,-1.214680429569387904e-01,-1.441976853299968553e-01,2.759879053279115646e-01,1.656761547283911729e-01,-2.100927953289541961e-01,-9.206547805234073512e-02,-1.587947033677405972e-01,-2.749452611823584580e-01,-1.429465123553331218e-01,-2.007089980189760980e-01,-3.260348243144614577e-01,-3.170680846627045857e-01,-3.518923991241789118e-01,-4.269627776040036959e-01,-2.576373683661765668e-01,-2.578458971952872214e-01,-4.201855906579084199e-02,-1.644249817537274394e-01,-2.742154102804712432e-02,7.725993118548639405e-02,-8.893754561568135986e-02,-2.430403503284328803e-01,-1.427379835262224950e-01,-3.279115837764570718e-01,1.070795537483056892e-01,-4.691898654989051613e-03,4.544885830466061649e-01,-1.229277447607131507e-01,2.148889583984985863e-01,1.106245438431863182e-01,1.066624960900844493e-01,1.423209258680012412e-01,1.554582421019705951e-01,2.924616828276508929e-01,1.406526952351162540e-01,3.930768428735272740e-02,2.741111458659159505e-01,2.054008966739651748e-02,7.016995099572514993e-02,1.258471483682619130e-01,-1.954957772912104819e-01,5.056824105932645336e-02,3.951621311646334733e-02,8.893754561568135986e-02,2.784902512772390870e-01,2.259409863413616715e-01,1.642164529246168125e-01,2.512772390783025653e-02,3.341674486497758223e-01,1.539985402981962070e-01,2.533625273694087993e-02,-1.358565321655718638e-01,-2.071733917214054754e-01,-2.540923782712959933e-01,-2.791158377645709399e-01,-2.000834115316442452e-01,-1.346053591909081304e-01,-2.824522990303409142e-01,-2.092586800125117164e-01,-1.195912834949431763e-01,5.765822124908768359e-02,-4.764883745177770497e-02,-3.049734125742883939e-01,-2.278177458033572855e-01,1.986237097278698571e-01,4.410384735689708291e-02,-9.905119382754665192e-03,-5.213220727765613145e-04,1.116671879887394386e-01,1.245959753935981518e-01,-2.679595454071525065e-02,-1.771452403294755396e-01,-2.889166927327702639e-01,-8.476696903346887801e-02,-1.460744447919924971e-01,1.364821186529037444e-01,-2.405380043791053857e-01,-2.165571890313835735e-01
-9.832134292565945788e-02,5.953498071108330458e-02,2.405380043791053857e-01,1.000000000000000000e+00,1.277239078302575270e-01,1.781878844750286739e-01,-1.178187884475028618e-02,3.400062558648732636e-01,5.598999061620268253e-02,2.169742466896048272e-01,-1.846522781774579958e-01,-1.556667709310811942e-01,-8.539255552080074474e-02,-3.013241580648524584e-02,-6.599937441351265421e-02,3.909915545824210054e-02,-1.022833906787613406e-01,-1.258471483682619130e-01,4.035032843290584786e-02,3.200917526848086336e-02,-9.769575643832759115e-02,-9.748722760921697816e-02,4.918152434574079579e-01,5.798144093420914968e-01,2.924616828276508929e-01,3.350015639662183298e-01,1.517047231779793393e-01,1.368991763111249982e-01,-2.161401313731623475e-01,-1.685955583359399490e-01,3.126889792513814492e-01,3.842143676363256599e-01,1.844437493483473967e-01,1.777708268168074202e-01,3.120633927640495964e-01,2.342821395057866629e-01,-1.428422479407778084e-02,-9.561046814722133635e-02,8.080492128036700916e-02,2.019601709936398592e-01,3.534563653425085855e-02,-3.649254509435929418e-03,-6.912730685017202947e-02,-8.956313210301324046e-02,-1.037430924825357009e-01,-1.239703889062662712e-01,-1.654676258992805737e-01,-2.607653008028359976e-01,-2.221874674173704434e-01,-1.660932123866124266e-01,-2.196851214680429487e-01,-2.125951412782817185e-01,-2.501303305181941106e-01,-2.888124283182149504e-02,5.108956313210300144e-03,-2.512772390783025653e-02,-5.327911583776456100e-02,1.414868105515587615e-01,-8.518402669169011787e-02,-3.492857887602961175e-02,-1.902825565634448657e-01,2.992388697737461897e-02,3.826504014179960000e-02,-2.846418517360024478e-02,3.510582838077364043e-01,2.240642268793660574e-01,1.352309456782400110e-01,1.565008862475237017e-01,5.870086539464080405e-02,2.002919403607548721e-01,1.225106871024919108e-01,2.261495151704722983e-01,3.346887707225523756e-02,-3.117505995203836630e-02,-1.095818996976331977e-01,-1.229277447607131507e-01,-5.411323115420706154e-02,-1.803774371806902282e-02,5.526013971431550410e-03,-1.490981128140965277e-02,-7.725993118548639405e-02,-5.619851944531330940e-02,-4.691898654989051613e-03,-8.518402669169011787e-02,2.117610259618392110e-01,3.099781044729433832e-01,3.597122302158273222e-02,-5.286205817954332115e-02,-4.222708789490146192e-02,2.157230737149410660e-01,-1.500364925450943521e-01,-1.419038682097799875e-01,-1.064539672609738086e-01,-1.279324366593681539e-01,-5.035971223021581955e-02,-5.307058700865394107e-02,-6.162026900218955244e-02,-6.370555729329578643e-02,-3.868209780002084680e-02,-5.348764466687519481e-02,-2.390783025753310254e-01,-1.060369096027525687e-01,6.391408612240642717e-02,3.534563653425085855e-02,-4.535502033156083024e-02,-2.012303200917526722e-02,-7.183818162861015100e-02,3.451152121780835802e-02,5.369617349598581474e-02,-1.908038786362214329e-02,-9.957251590032321908e-02,-2.637889688249400039e-02,-1.502450213742049789e-01,-1.240746533208215811e-02,-2.647273485559378248e-01,4.160150140756959519e-02
-1.802731727661349148e-01,-2.543009071004065924e-01,2.937128558023146541e-01,1.277239078302575270e-01,1.000000000000000000e+00,3.272859972891251634e-01,1.594202898550724501e-01,9.331665102700448244e-02,4.290480658951099646e-01,3.498071108330726431e-01,8.122197893858826290e-02,3.221770409759149023e-02,2.922531539985402937e-01,2.065478052340735948e-01,2.657699927014909869e-01,3.654467730163694639e-01,-1.179230528620581753e-01,-1.052027942863100751e-01,-2.992388697737461897e-02,-1.387759357731206400e-01,2.495047440308622577e-01,1.863205088103430107e-01,1.412782817224481069e-01,2.267751016578041512e-01,3.302054008966739396e-01,2.993431341883014962e-01,5.314357209884266187e-01,5.679282660827859042e-01,-6.245438431863203910e-02,-9.415076634344697604e-02,1.581691168804087166e-01,2.613908872901678504e-01,-1.762068605984777256e-02,-1.131268897925138128e-01,2.246898133666979103e-01,3.074757585236158608e-01,2.115524971327285841e-01,1.606714628297362113e-01,6.224585548952141917e-02,-5.724116359086642986e-02,8.977166093212385345e-02,7.871963298926075436e-02,-8.893754561568135986e-02,-4.806589510999895176e-02,-2.411635908664372663e-01,-1.896569700761130128e-01,-9.060577624856636092e-02,-2.617036805338337699e-02,-9.727869878010633742e-02,-7.037847982483577680e-02,-4.079866541549369008e-01,-2.449171097904284944e-01,-2.290689187780210467e-01,-3.131060369096027585e-01,9.790428526743821802e-02,9.519341048900009650e-02,-3.683661766239182400e-01,-3.462621207381920141e-01,-4.490668334897298664e-01,-2.745282035241371488e-01,-3.739964550099050822e-01,-7.246376811594201772e-02,-1.508706078615368595e-01,-4.952559691377332596e-02,1.748514232092586718e-01,1.229277447607131507e-01,5.077676988843707329e-02,6.328849963507454657e-02,-1.454488583046606165e-01,-1.131268897925138128e-01,4.306120321134396245e-02,2.451256386195391213e-01,-1.068710249191950762e-01,-1.343968303617975035e-01,3.815034928578875939e-01,6.704201855906578855e-02,1.166718798873944141e-01,2.240642268793660574e-01,-1.669273277030549341e-01,-1.042644145553122683e-04,8.810343029923885239e-02,2.238556980502554306e-01,4.451047857366280391e-01,2.832864143467834217e-01,2.482535710561984965e-01,2.780731936190177778e-01,5.295589615264310046e-01,4.382233343759774358e-01,6.641643207173390795e-02,1.287665519758106614e-01,-1.427379835262224950e-01,-1.921593160254404797e-01,-3.815034928578875939e-01,-2.503388593473047097e-01,1.462829736211030962e-01,-5.703263476175580993e-02,-1.569179439057449554e-01,4.910853925555207222e-02,2.116567615472839115e-02,-5.703263476175580993e-02,-2.192680638098216672e-01,-1.429465123553331218e-01,4.428109686164112269e-01,2.795328954227921936e-01,2.021686998227504861e-01,1.615055781461786910e-01,4.021478469398394040e-01,4.855593785840892074e-01,1.781878844750286739e-01,1.490981128140965277e-02,-5.223647169221144054e-02,1.314774267542487829e-01,1.093733708685225708e-01,4.052757793764987237e-01,-3.638828067980397901e-02,-2.776561359607965240e-01
-1.677614430194974138e-01,-2.084245646960692089e-01,1.698467313106036547e-01,1.781878844750286739e-01,3.272859972891251634e-01,1.000000000000000000e+00,3.805651131268897314e-02,1.408612240642268809e-01,4.019393181107288049e-01,5.741841309561046547e-01,-9.727869878010633742e-02,1.094776352830778912e-02,1.029089771660931935e-01,1.160462934000625473e-01,2.036284016265248464e-01,3.058075278907309014e-01,-2.171827755187154263e-01,-2.520070899801897246e-01,-1.220936294442706571e-01,-1.800646439370242879e-01,1.218851006151600302e-01,3.075800229381711604e-02,8.872901678657073299e-02,2.313627358982379145e-01,2.321968512146803942e-01,3.969346262120737601e-01,3.779585027630069094e-01,4.515691794390573888e-01,-1.629652799499530791e-01,-7.371494109060576505e-02,1.281409654884787808e-01,1.754770096965905246e-01,-8.309873840058387695e-02,-1.881972682723386248e-01,9.331665102700448244e-02,6.391408612240642717e-02,8.017933479303512856e-02,1.172974663747262947e-01,1.815243457407986760e-01,1.354394745073506379e-01,1.136482118652903592e-02,7.288082577416327146e-02,-7.642581586904388657e-02,-6.599937441351265421e-02,-1.348138880200187573e-01,-1.492023772286518446e-01,2.033156083828589061e-02,-1.029089771660931935e-01,-1.377332916275675057e-01,-1.258471483682619130e-01,-1.581691168804087166e-01,-2.115524971327285841e-01,-1.848608070065686226e-01,-2.780731936190177778e-01,2.630591179230528098e-01,1.122927744760713192e-01,-2.303200917526847802e-01,-2.741111458659159505e-01,-2.305286205817954071e-01,-8.268168074236262322e-02,-2.408507976227713260e-02,2.189552705661557391e-03,-9.456782400166821589e-02,-9.415076634344697604e-02,2.061307475758523411e-01,9.373370868522572230e-02,-3.555416536336147848e-02,-1.168804087165050548e-01,-1.054113231154207020e-01,1.532686893963090304e-02,2.019601709936398592e-01,2.930872693149828012e-01,-6.224585548952141917e-02,-9.102283390678760078e-02,1.270983213429256464e-01,-1.861119799812323838e-01,5.828380773641955032e-02,1.068710249191950762e-01,-4.691898654989051613e-03,-3.305181941403398382e-02,6.516525909707016062e-02,-4.389531852778646298e-02,3.725367532061307219e-01,6.599937441351265421e-02,2.970493170680846284e-01,1.554582421019705951e-01,2.809925972265665539e-01,8.831195912834947925e-02,2.724429152330309356e-01,1.979981232405380043e-01,-2.929830049004274531e-02,-1.600458763424043307e-01,-2.059222187467417142e-01,-1.727661349181524308e-01,2.142633719111667057e-01,2.179126264206026134e-02,1.504535502033155780e-01,-2.929830049004274531e-02,1.282452299030340838e-02,-8.872901678657073299e-02,-1.925763736836617612e-01,-8.622667083724323833e-02,2.476279845688666437e-01,1.389844646022312391e-01,8.455844020435823727e-02,8.143050776769887589e-02,1.823584610572411557e-01,2.269836304869148058e-01,1.102074861849650506e-01,9.790428526743821802e-02,3.242623292670211710e-02,5.307058700865394107e-02,-8.236888749869669332e-03,1.129183609634031721e-01,-7.142112397038889726e-02,9.279532895422791527e-03
1.202168699822750292e-01,4.827442393910957169e-02,3.389636117193201570e-01,-1.178187884475028618e-02,1.594202898550724501e-01,3.805651131268897314e-02,1.000000000000000000e+00,1.256386195391512861e-01,1.135439474507350527e-01,-2.408507976227713260e-02,3.654467730163694639e-01,3.868209780002084680e-02,4.417683244708580648e-01,8.998018976123448032e-02,1.020748618496507137e-01,1.157335001563966105e-02,6.704201855906578855e-02,4.264414555312271565e-02,4.240433739964550308e-01,2.622250026066103579e-01,5.828380773641955032e-02,-1.146908560108434762e-03,1.110416015014075580e-01,2.262537795850276187e-02,5.181941403399019375e-02,-1.866333020540089649e-02,1.441976853299968553e-01,1.001981023876550719e-01,1.521217808362005930e-01,-6.777186946095296871e-03,1.183401105202794151e-01,1.081221978938588096e-01,2.761964341570221637e-01,7.851110416015014137e-02,-6.151600458763424074e-03,7.298509018871857969e-04,1.574392659785215157e-02,-5.557293295798143573e-02,-1.310603690960275014e-01,-1.971640079240954690e-01,4.160150140756959519e-02,-2.158273381294963794e-02,-1.041601501407569547e-01,-9.206547805234073512e-02,-2.575331039516213019e-02,-1.765196538421436590e-01,-2.551350224168490999e-01,-2.394953602335522513e-01,-1.229277447607131507e-01,-1.702637889688249362e-01,-1.884057971014492516e-01,-3.139401522260452104e-01,-2.238556980502554306e-01,-1.168804087165050548e-01,-1.733917214054842837e-01,-1.786049421332498999e-01,-3.127932436659367778e-04,-1.616098425607340183e-02,-8.434991137524762428e-02,-2.071733917214054754e-01,3.534563653425085855e-02,-1.014492753623188331e-01,1.074966114065269290e-01,2.366802210405588233e-02,3.659680950891460588e-02,-1.950787196329892559e-01,1.260556771973725398e-01,-8.580961317902199847e-02,1.571264727348555823e-01,8.309873840058387695e-02,1.200083411531644162e-01,3.083098738400583683e-01,2.115524971327285841e-01,1.481597330830987380e-01,1.748514232092586718e-01,1.047857366280888353e-01,1.514961943488687401e-01,1.658846835575017997e-01,-4.285267438223334252e-02,7.267229694505264459e-02,9.957251590032321908e-02,1.469085601084349768e-01,2.292774476071316736e-01,2.217704097591491896e-01,-3.440725680325304719e-03,-4.910853925555207222e-02,1.886143259305599063e-01,1.172974663747262947e-01,1.981023876550933125e-03,-2.572203107079553686e-01,-1.087477843811906902e-01,-1.994578250443123368e-01,-1.452403294755499896e-01,-7.121259514127828427e-02,9.143989156500885451e-02,-1.610885204879574373e-01,-1.329371285580231432e-01,-1.650505682410593200e-01,-6.245438431863203910e-02,-6.850172036284016275e-02,-1.018663330205400730e-01,-1.289750808049212605e-01,-2.283390678761338527e-02,-1.710979042852674159e-01,-1.346053591909081304e-01,-8.268168074236262322e-02,8.080492128036700916e-02,6.412261495151704016e-02,-1.068710249191950762e-01,2.262537795850276187e-02,-1.988322385569804840e-01,-1.298091961213637680e-01,1.240746533208215811e-02,2.596183922427275012e-02,-8.622667083724323833e-02,-1.673443853612761878e-01
5.870086539464080405e-02,1.089563132103013171e-01,7.194244604316546270e-03,3.400062558648732636e-01,9.331665102700448244e-02,1.408612240642268809e-01,1.256386195391512861e-01,1.000000000000000000e+00,4.285267438223334252e-02,2.292774476071316736e-01,1.129183609634031721e-01,3.074757585236158608e-01,1.170889375456156678e-01,3.370868522573245429e-01,4.848295276822020550e-02,1.952872484620998550e-01,8.268168074236262322e-02,8.497549786257949100e-02,1.560838285893024757e-01,1.631738087790636782e-01,-4.577207798978208397e-02,-2.094672088416223432e-01,1.245959753935981518e-01,2.447085809613178675e-01,-2.137420498383901107e-02,3.159211761025961657e-02,-4.285267438223334252e-02,-2.763006985715775118e-02,9.894692941299133848e-02,1.435720988426650024e-01,1.560838285893024757e-01,2.276092169742466864e-01,1.637993952663955588e-01,2.797414242519027927e-01,5.317485142320925277e-03,5.432175998331769534e-02,-1.721405484308205502e-01,-1.074966114065269290e-01,-1.216765717860494173e-01,8.205609425503075649e-02,6.474820143884892076e-02,5.161088520487957382e-02,7.454905640704827252e-02,8.747784381190699954e-02,8.038786362214575543e-02,1.147951204253988000e-01,-1.202168699822750292e-01,-2.242727557084766843e-01,1.324158064852465864e-02,-1.032217704097591372e-02,3.649254509435929418e-03,-4.222708789490146192e-02,-8.643519966635386520e-02,-1.500364925450943521e-01,3.649254509435929418e-03,-1.258471483682619130e-01,-6.224585548952141917e-02,4.160150140756959519e-02,-9.873840058388071161e-02,5.536440412887080886e-02,6.433114378062766703e-02,4.375977478886455829e-01,4.181003023668021512e-02,1.306433114378062754e-01,-3.701386716713585268e-02,1.483682619122093371e-01,-1.064539672609738086e-01,1.616098425607340183e-02,4.139297257845896139e-02,2.192680638098216672e-01,2.565947242206235157e-01,3.268689396309039652e-01,2.005004691898654712e-01,2.484620998853091234e-01,-3.930768428735272740e-02,8.914607444479197285e-02,1.671358565321655609e-01,1.982066520696486311e-01,5.870086539464080405e-02,1.496194348868730983e-01,2.215618809300385905e-01,1.483682619122093371e-01,6.725054738817641542e-02,-5.035971223021581955e-02,1.223021582733812979e-01,1.287665519758106614e-01,-3.513710770514023168e-02,-9.102283390678760078e-02,6.307997080596391970e-02,-6.599937441351265421e-02,-1.327285997289125163e-01,-3.456365342508601612e-01,-1.062454384318631956e-01,-3.229068918778020825e-01,-6.891877802106141648e-02,-1.250130330518194055e-01,-8.893754561568135986e-02,-1.364821186529037444e-01,-1.660932123866124266e-01,-1.829840475445730086e-01,1.089563132103013171e-01,-2.517985611510791255e-01,7.413199874882701879e-02,-1.204253988113856699e-01,9.206547805234073512e-02,-1.187571681785006689e-01,5.640704827442392932e-02,7.892816181837138123e-02,-3.993327077468460107e-02,4.160150140756959519e-02,-1.431550411844437209e-01,-1.429465123553331218e-01,1.928891669273277015e-02,5.494734647064956207e-02,-8.393285371702638442e-02,-3.784798248357835321e-02
-1.720362840162652229e-02,-2.576373683661765668e-01,1.277239078302575270e-01,5.598999061620268253e-02,4.290480658951099646e-01,4.019393181107288049e-01,1.135439474507350527e-01,4.285267438223334252e-02,1.000000000000000000e+00,4.119487019080387280e-01,9.905119382754665192e-03,9.279532895422791527e-03,1.604629340006255567e-01,7.851110416015014137e-02,3.579397351683870077e-01,2.394953602335522513e-01,-1.204253988113856699e-01,-1.706808466270461899e-01,-8.789490147012823940e-02,-1.504535502033155780e-01,1.136482118652903592e-02,-2.888124283182149504e-02,4.368678969867583611e-02,3.409446355958711122e-02,1.579605880512980898e-01,2.159316025440516928e-01,2.770305494734646712e-01,3.235324783651339353e-01,-7.830257533103951451e-02,-2.017516421645292324e-01,7.183818162861015100e-02,1.308518402669169023e-01,-8.518402669169011787e-02,-1.660932123866124266e-01,5.453028881242831527e-02,5.015118340110519962e-02,6.777186946095296871e-03,4.097591492023772153e-02,2.261495151704722983e-01,1.212595141278281774e-01,-9.081430507767697391e-02,9.123136273589824152e-02,-9.978104472943383207e-02,-1.845480137629026962e-02,-3.254092378271295494e-01,-2.096757376707329701e-01,6.579084558440204122e-02,2.888124283182149504e-02,-1.193827546658325356e-01,-1.321030132415806357e-01,-1.377332916275675057e-01,-1.452403294755499896e-01,-2.596183922427275012e-02,-2.100927953289541961e-01,3.635700135543738498e-01,1.940360754874361493e-01,-1.961213637785423902e-01,-4.471900740277342523e-01,-2.422062350119904006e-01,-1.122927744760713192e-01,-5.286205817954332115e-02,-7.705140235637575330e-02,-4.744030862266708504e-02,-8.747784381190699954e-02,9.185694922323009437e-02,7.204671045772076399e-02,-1.402356375768950003e-01,-2.032113439683036205e-01,-1.942446043165467484e-01,-2.132207277656135713e-01,1.394015222604524928e-01,1.971640079240954690e-01,-8.726931498279635879e-02,-1.014492753623188331e-01,1.758940673548118061e-01,-2.082160358669585820e-01,1.099989573558544376e-01,1.273068501720362733e-01,-7.934521947659263497e-02,-1.727661349181524308e-01,3.346887707225523756e-02,-7.767698884370763390e-02,2.328224377020123026e-01,2.554478156605150679e-02,2.294859764362423005e-01,1.525388384944218467e-01,2.351162548222291426e-01,1.120842456469606785e-01,4.350954019393180605e-01,1.921593160254404797e-01,-3.680533833802523275e-02,-1.108330726722969312e-01,-2.226045250755916693e-01,-2.032113439683036205e-01,2.059222187467417142e-01,-5.536440412887080886e-02,2.241684912939213847e-02,-3.930768428735272740e-02,9.957251590032321908e-02,-2.815139192993431055e-03,-6.871024919195077574e-02,-9.998957355854445894e-02,3.039307684287352873e-01,2.248983421958085371e-01,-1.053070587008653886e-02,-1.824627254717964622e-02,1.172974663747262947e-01,2.782817224481284324e-01,5.473881764153894214e-02,2.034198727974142473e-01,7.246376811594201772e-02,1.602544051715149576e-01,1.035345636534250741e-01,2.605567719737253429e-01,3.159211761025961657e-02,-1.129183609634031721e-01
-1.335627150453550238e-01,-1.016578041914294600e-01,1.610885204879574373e-01,2.169742466896048272e-01,3.498071108330726431e-01,5.741841309561046547e-01,-2.408507976227713260e-02,2.292774476071316736e-01,4.119487019080387280e-01,1.000000000000000000e+00,-1.970597435095401695e-02,9.936398707121259222e-02,1.667187988739443349e-01,2.761964341570221637e-01,2.995516630174121508e-01,4.188301532686893869e-01,-2.780731936190177778e-01,-2.499218016890834837e-01,-8.330726722969450382e-02,-1.270983213429256464e-01,3.096653112292773943e-02,-6.016056719841517131e-02,1.049942654571994483e-01,2.342821395057866629e-01,2.584714836826191298e-01,3.798352622250026345e-01,3.024710666249608715e-01,3.527265144406213637e-01,-1.884057971014492516e-01,-1.083307267229694365e-01,1.243874465644875388e-01,1.592117610259618232e-01,-1.102074861849650506e-01,-1.306433114378062754e-01,1.254300907100406592e-01,1.147951204253988000e-01,3.805651131268897314e-02,1.177145240329475484e-01,1.527473673235324736e-01,2.280262746324679124e-01,4.181003023668021512e-02,1.358565321655718638e-01,-1.355437389219059461e-03,6.912730685017202947e-02,-9.811281409654883101e-02,-5.369617349598581474e-02,8.664372849546449207e-02,-6.620790324262329496e-02,-9.978104472943383207e-02,-1.029089771660931935e-01,-1.473256177666562305e-01,-1.239703889062662712e-01,-9.102283390678760078e-02,-2.659785215306015860e-01,3.226983630486914834e-01,1.189656970076112957e-01,-2.198936502971535756e-01,-1.982066520696486311e-01,-1.721405484308205502e-01,1.407569596496715571e-02,-6.985715775205921137e-03,1.352309456782400110e-01,-1.492023772286518446e-01,-8.372432488791574368e-02,1.706808466270461899e-01,8.914607444479197285e-02,-6.558231675529141436e-02,-4.931706808466270603e-02,-1.437806276717756016e-01,5.286205817954332115e-02,1.656761547283911729e-01,2.338650818475654092e-01,-7.725993118548639405e-02,-7.642581586904388657e-02,1.004066312167657127e-01,-1.235533312480450313e-01,3.534563653425085855e-02,8.852048795746012000e-02,-1.331456573871337423e-01,-3.763945365446772634e-02,-2.815139192993431055e-03,-2.137420498383901107e-02,2.286518611197997652e-01,1.219893650297153645e-02,2.269836304869148058e-01,1.354394745073506379e-01,1.900740277343342388e-01,3.743092482535710641e-02,3.683661766239182400e-01,1.633823376081743328e-01,9.488061724533416660e-03,-1.925763736836617612e-01,-1.587947033677405972e-01,-1.932019601709936141e-01,1.029089771660931935e-01,-4.243561672401209572e-02,7.997080596392450169e-02,-8.518402669169011787e-02,8.080492128036700916e-02,-6.453967260973829390e-02,-2.617036805338337699e-02,-6.662496090084453482e-02,2.843290584923365283e-01,1.731831925763736568e-01,2.121780836200604370e-01,1.552497132728599682e-01,1.414868105515587615e-01,3.245751225106870974e-01,8.226462308414138336e-02,7.955374830570326183e-02,7.830257533103951451e-02,8.768637264101761253e-02,1.202168699822750292e-01,2.726514440621415347e-01,4.201855906579084199e-02,-8.414138254613699741e-02
3.001772495047440037e-01,2.069648628922948486e-01,7.392346991971640580e-02,-1.846522781774579958e-01,8.122197893858826290e-02,-9.727869878010633742e-02,3.654467730163694639e-01,1.129183609634031721e-01,9.905119382754665192e-03,-1.970597435095401695e-02,1.000000000000000000e+00,4.230007298509018687e-01,5.508289020957146676e-01,3.512668126368470034e-01,1.218851006151600302e-01,1.193827546658325356e-01,1.523303096653112199e-01,2.205192367844854284e-01,4.680429569387967170e-01,3.020540089667396177e-01,-5.411323115420706154e-02,-1.706808466270461899e-01,-2.679595454071525065e-02,-1.172974663747262947e-01,-7.350641226149515206e-02,-2.182254196642685884e-01,-6.412261495151704016e-02,-6.057762485663642504e-02,2.728599728912521893e-01,1.335627150453550238e-01,5.108956313210300144e-03,-4.431237618600771672e-02,1.404441664060055994e-01,8.706078615368573193e-02,-1.106245438431863182e-01,-2.199979147117088821e-02,-1.300177249504743948e-01,-7.413199874882701879e-02,-1.959128349494317634e-01,-2.269836304869148058e-01,1.553539776874152817e-02,-8.862475237201542996e-03,6.704201855906578855e-02,1.563966218329683943e-03,8.455844020435823727e-02,-2.116567615472839115e-02,-9.227400688145136198e-02,-2.742154102804712432e-02,3.701386716713585268e-02,4.556354916067146404e-02,-4.806589510999895176e-02,-4.681472213533520443e-02,-5.807527890730893039e-02,-7.955374830570326183e-02,-2.248983421958085371e-01,-3.277030549473464172e-01,1.804817015952455139e-01,1.141695339380669333e-01,-2.074861849650714088e-02,-6.057762485663642504e-02,1.327285997289125163e-01,6.683348972995516168e-02,1.160462934000625473e-01,4.723177979355645123e-02,-1.083307267229694365e-01,-1.394015222604524928e-01,-3.263476175581273703e-02,-1.018663330205400730e-01,2.203107079553748293e-01,8.455844020435823727e-02,1.402356375768950003e-01,9.665311229277447069e-02,2.876655197581065582e-01,2.080075070378479551e-01,1.971640079240954690e-01,2.042539881138567270e-01,2.609738296319465967e-01,2.424147638411010275e-01,-1.698467313106036547e-01,1.708893754561568168e-01,1.394015222604524928e-01,1.838181628610155161e-01,-3.534563653425085855e-02,-4.066312167657177949e-03,-9.081430507767697391e-02,-2.165571890313835735e-01,-1.261599416119278325e-02,-1.470128245229903111e-02,-2.366802210405588233e-02,-4.100719424460431140e-01,-1.652590970701699469e-01,-2.538838494421853387e-01,-4.118444374934834146e-02,-1.131268897925138128e-01,5.453028881242831527e-02,-1.116671879887394386e-01,-2.203107079553748293e-01,-1.410697528933374800e-01,-1.122927744760713192e-01,-1.959128349494317634e-01,5.682410593264518306e-02,-2.255239286831404455e-01,-6.891877802106141648e-02,-2.638932332394953728e-01,-4.222708789490146192e-02,-2.255239286831404455e-01,-1.563966218329683943e-03,-4.952559691377332596e-02,-1.683870295068292944e-01,1.824627254717964622e-02,-2.002919403607548721e-01,-1.863205088103430107e-01,-1.282452299030340838e-02,5.744969241997706366e-02,5.744969241997706366e-02,-3.047648837451777393e-01
3.124804504222708501e-01,2.559691377332916074e-01,-2.161401313731623475e-01,-1.556667709310811942e-01,3.221770409759149023e-02,1.094776352830778912e-02,3.868209780002084680e-02,3.074757585236158608e-01,9.279532895422791527e-03,9.936398707121259222e-02,4.230007298509018687e-01,1.000000000000000000e+00,3.049734125742883939e-01,4.807632155145448172e-01,4.900427484099675879e-03,1.754770096965905246e-01,1.700552601397142816e-01,2.336565530184547823e-01,1.592117610259618232e-01,2.292774476071316736e-01,-9.519341048900009650e-02,-1.692211448232718018e-01,-2.918360963403190400e-01,-2.263580439995829252e-01,-2.935043269732040550e-01,-2.789073089354602852e-01,-1.881972682723386248e-01,-7.121259514127828427e-02,2.659785215306015860e-01,1.554582421019705951e-01,-1.444062141591074822e-01,-1.679699718486080406e-01,-3.784798248357835321e-02,3.138358878114898970e-02,-2.843290584923365283e-01,-8.268168074236262322e-02,-2.007089980189760980e-01,-1.553539776874152817e-02,-1.035345636534250741e-01,-4.577207798978208397e-02,-1.206339276404962968e-01,5.557293295798143573e-02,8.977166093212385345e-02,1.147951204253988000e-01,1.840266916901261429e-01,2.351162548222291426e-01,1.535814826399749811e-01,1.237618600771556582e-01,2.820352413721197160e-01,2.505473881764153643e-01,1.485767907413199640e-01,2.007089980189760980e-01,4.014179960379522100e-02,-1.456573871337712434e-01,-3.127932436659367778e-04,-3.305181941403398382e-02,1.235533312480450313e-01,2.596183922427275012e-02,1.146908560108434762e-03,1.756855385257011515e-01,1.433635700135543756e-01,3.364612657699926901e-01,7.663434469815451344e-02,1.099989573558544376e-01,-3.550203315608382315e-01,-4.827442393910957169e-02,-1.808987592534667677e-01,-9.623605463455321696e-02,1.033260348243144611e-01,1.064539672609738086e-01,8.747784381190699954e-02,1.355437389219059461e-03,1.260556771973725398e-01,1.986237097278698571e-01,4.264414555312271565e-02,1.469085601084349768e-01,2.557606089041809527e-01,2.492962152017516309e-01,-1.033260348243144611e-01,1.652590970701699469e-01,2.463768115942028825e-01,1.523303096653112199e-01,-9.561046814722133635e-02,-2.137420498383901107e-02,-1.723490772599311771e-01,-1.195912834949431763e-01,-1.437806276717756016e-01,2.606610363882806355e-03,3.232196851214680020e-03,-1.884057971014492516e-01,-1.358565321655718638e-01,-2.457512251068710019e-01,-1.164633510582837872e-01,-2.855802314670002895e-01,8.726931498279635879e-02,-7.600875821082263284e-02,-8.831195912834947925e-02,-9.498488165988946963e-02,-5.619851944531330940e-02,-1.327285997289125163e-01,2.230215827338129231e-01,-2.403294755499947866e-01,1.027004483369825805e-01,-7.684287352726514031e-02,1.064539672609738086e-01,-1.331456573871337423e-01,2.074861849650714088e-02,3.534563653425085855e-02,-6.933583567928265634e-02,9.143989156500885451e-02,-5.244500052132207435e-02,-5.557293295798143573e-02,1.366906474820143713e-01,1.227192159316025377e-01,1.364821186529037444e-01,-9.644458346366384383e-02
1.041601501407569547e-01,5.765822124908768359e-02,1.494109060577624715e-01,-8.539255552080074474e-02,2.922531539985402937e-01,1.029089771660931935e-01,4.417683244708580648e-01,1.170889375456156678e-01,1.604629340006255567e-01,1.667187988739443349e-01,5.508289020957146676e-01,3.049734125742883939e-01,1.000000000000000000e+00,3.712855802314670162e-01,1.565008862475237017e-01,1.952872484620998550e-01,-3.649254509435929418e-03,3.159211761025961657e-02,3.425086018142007860e-01,8.685225732457511894e-02,1.143780627671775602e-01,-6.683348972995516168e-02,4.577207798978208397e-02,1.866333020540089649e-02,1.195912834949431763e-01,1.449275362318840597e-02,1.944531331456573753e-01,1.521217808362005930e-01,1.502450213742049789e-01,4.139297257845896139e-02,4.264414555312271565e-02,-2.345949327494526240e-02,3.242623292670211710e-02,-1.197998123240537893e-01,3.367740590136585749e-02,1.498279637159837252e-01,4.556354916067146404e-02,8.268168074236262322e-02,-7.580022938171201985e-02,-1.027004483369825805e-01,1.011364821186529032e-02,1.146908560108434762e-03,1.104160150140756913e-01,8.580961317902199847e-02,2.408507976227713260e-02,-9.998957355854445894e-02,-9.227400688145136198e-02,4.274840996767802215e-03,-5.265352935043269428e-02,-6.412261495151704016e-02,-2.282348034615785393e-01,-1.756855385257011515e-01,-1.944531331456573753e-01,-1.654676258992805737e-01,-1.260556771973725398e-01,-1.204253988113856699e-01,-5.682410593264518306e-02,-1.006151600458763395e-01,-2.743196746950265497e-01,-2.265665728286935521e-01,2.471066624960900626e-02,4.806589510999895176e-02,-8.872901678657073299e-02,-1.325200708998018895e-01,2.345949327494526240e-02,-3.472005004691898489e-02,4.900427484099675879e-03,-1.481597330830987380e-01,1.719320196017098956e-01,7.830257533103951451e-02,9.477635283077885664e-02,2.021686998227504861e-01,1.396100510895631197e-01,9.415076634344697604e-02,2.718173287456990828e-01,1.763111250130330321e-01,1.959128349494317634e-01,2.878740485872171573e-01,-1.335627150453550238e-01,1.212595141278281774e-01,7.600875821082263284e-02,2.075904493796267292e-01,1.452403294755499896e-01,1.423209258680012412e-01,3.722239599624647954e-02,-4.691898654989051613e-03,1.846522781774579958e-01,1.141695339380669333e-01,8.518402669169011787e-02,-1.957043061203211087e-01,-1.214680429569387904e-01,-1.900740277343342388e-01,-1.004066312167657127e-01,-8.768637264101761253e-02,1.788134709623605267e-01,-1.490981128140965277e-02,-1.093733708685225708e-01,-1.064539672609738086e-01,-1.289750808049212605e-01,-2.213533521009279081e-01,-1.115629235741841252e-02,-1.208424564696069098e-01,4.702325096444583130e-02,-1.179230528620581753e-01,5.703263476175580993e-02,5.108956313210300144e-03,1.331456573871337423e-01,1.619226358043999447e-01,-1.116671879887394386e-01,6.745907621728702841e-02,-7.611302262537794801e-03,-1.187571681785006689e-01,9.561046814722133635e-02,1.871546241267855182e-01,1.375247627984568788e-01,-2.872484620998852489e-01
