0.000000000000000000e+00,4.628612866466382814e-01,2.436548223350253617e-01,1.808764114782968890e-01,8.246141096032320872e-02,1.326012638557961219e-02,5.299906764736350695e-01,2.650989329742048928e-01,-1.328084533305707859e-01,-1.373666217756137897e-01,2.271832590904381832e-01,3.021858489588728491e-01,3.059152595048171830e-01,2.557754066093442247e-01,-2.657205013985289299e-01,-9.478918470941676000e-02,3.822645809592872812e-02,2.460375012949341800e-01,4.202838495804412933e-01,4.018439863254946731e-01,-3.383404123070548053e-01,-2.586760592561898053e-01,2.579508960944784102e-01,6.578265824096135583e-02,1.917538589039676500e-01,1.856417693981145534e-01,-1.464829586656997695e-01,2.817776856935667526e-02,-6.049932663420697770e-02,9.945094789184708711e-03,1.221381953796747133e-01,1.461721744535377510e-01,5.860354294001863806e-01,5.032632342277012505e-01,1.980731378845954349e-01,8.598363203149279876e-03,-7.852481093960426983e-02,-2.911012120584274276e-01,-2.932767015435615576e-01,-1.680306640422666309e-01,-9.748264788148761073e-02,2.008701957940536575e-01,-3.538796229151559003e-01,-3.183466279912980368e-01,-1.159225111364342586e-01,-1.542525639697503170e-01,-3.811250388480265094e-01,-2.094685589972029305e-01,-1.909251010048689245e-01,-1.438930902310162352e-01,-2.807417383196932903e-01,-1.206878690562519368e-01,-2.131979695431472088e-01,-1.895783694188335200e-01,-3.074691805656272758e-01,-2.084326116233295445e-01,6.142131979695431010e-01,5.362063607168755519e-01,2.598156013674505216e-01,2.434476328602506456e-01,1.971407852481093792e-01,1.170620532476950165e-01,4.879312130943747744e-02,1.667875271936185566e-01,-2.589868434683517857e-03,1.403708691598466451e-01,3.689008598363203162e-01,4.055733968714388959e-01,6.104837874235988782e-01,6.002279084222521544e-01,-1.683414482544286495e-01,-1.285610690976898285e-01,1.308401533202113165e-01,4.837874235988811472e-02,-1.232777374909354573e-01,1.543561587071376751e-01,-4.071273179322489749e-02,6.101730032114367763e-02,9.509996892157877857e-02,3.019786594840981886e-01,-1.904071273179322454e-01,1.912358852170309431e-01,-2.249041748679166952e-01,-4.734279498601470793e-02,-3.465243965606547016e-01,-1.494872060499326527e-01,-1.381953796747125152e-01,-7.034082668600434574e-02,-3.874443178286542944e-01,-6.847612141303222044e-02,-8.629441624365481733e-02,-2.683103698332124643e-02,-1.823267378017196655e-02,-1.118823163783279617e-01,-1.571532166165958699e-01,-1.982803273593701232e-01,-3.920024862736972149e-01,-4.060913705583755751e-01,-3.186574122034600554e-01,-3.018750647467108306e-01,-2.632342277012327258e-01,-2.723505645913187334e-01,-3.150315963949031350e-01,-1.558064850305604376e-01,-3.041541489692323186e-01,-2.699678856314098874e-01,-2.159950274526053760e-01,-2.627162540142960467e-01,-3.418626333782243815e-02,-1.652336061328084360e-01,-3.752201388169480456e-01,-2.617839013778099910e-01,-1.732104009116336718e-01,-1.954832694499119283e-01,-1.817051693773956145e-01,6.422873718015123523e-02
4.628612866466382814e-01,0.000000000000000000e+00,3.539832176525432583e-01,4.008080389516212594e-01,1.167512690355329980e-01,6.122448979591836593e-02,2.951414068165336690e-01,5.001553921060810648e-01,-1.525950481715528662e-01,5.811664767429814554e-02,-7.251631617113850348e-02,3.907593494250491406e-01,2.341241064953900053e-02,4.120998653268413414e-01,-2.620946855899720096e-01,-2.672744224593390575e-02,-7.666010566663213066e-02,2.720397803791567148e-01,4.719776235367242889e-01,6.180462032528747374e-01,-2.528747539624986995e-01,-1.091888532062571110e-01,3.274629648813839888e-01,2.859214751890603590e-01,8.432611623329534789e-02,1.619185745364135343e-01,-4.609965813736661977e-02,1.898891536309955386e-01,-1.385061638868745337e-01,3.107842121620221472e-04,1.274215269864290845e-01,2.140267274422459065e-01,4.166580337718843730e-01,4.635864498083496765e-01,4.568527918781725705e-02,-7.106598984771572702e-02,-9.499637418419143442e-02,-2.876825857246451679e-01,-2.040816326530612013e-01,-1.403708691598466451e-01,-1.359162954521909994e-01,1.761110535584791970e-01,-4.586139024137573794e-01,-3.669325598259607912e-01,-3.155495700818398142e-01,-2.919299699575261253e-01,-4.172796021962084101e-01,-3.142028384958044374e-01,-3.356469491349838852e-01,-2.397182223143063950e-01,-2.988708173624780029e-01,-1.454470112918263835e-01,-2.012845747436030064e-01,-2.155806485030560271e-01,-1.737283745985703787e-01,-1.797368693670361450e-01,4.216305811664767256e-01,6.970889878794156447e-01,6.288200559411581680e-02,2.172381643012534780e-01,-7.148036879726508974e-02,1.130218584895887196e-01,-1.423391691702061423e-01,2.251113643426913835e-01,-2.086398010981042050e-01,7.624572671708275406e-02,1.682378535170413192e-01,2.277012327773748901e-01,5.900756241582927331e-01,5.908007873200040727e-01,-2.540142960737594158e-01,4.868952657205013329e-02,5.345488449186781149e-02,-1.243136848648088502e-02,-9.064539521392313282e-02,1.347767533409302831e-01,-4.661763182430331970e-02,5.884181083600952683e-02,2.056355537138713219e-01,2.898580752097793534e-01,-1.905107220553195757e-01,1.532166165958769311e-01,-1.750751061846058110e-01,-9.820781104319900590e-02,-3.163783279809385673e-01,-3.584377913601988902e-02,-6.060292137159432185e-02,8.474049518284471061e-02,-2.663420698228530226e-01,6.381435823060187251e-02,-2.051175800269346150e-02,-5.739148451258675732e-02,2.496633171034911072e-02,-1.771470009323526315e-02,2.610587382160986167e-02,-1.188231637832798115e-01,-2.060499326634206707e-01,-2.547394592354708109e-01,-2.290479643634103224e-01,-2.845747436030249267e-01,-1.413032217963327564e-01,-1.396457059981352777e-01,-1.419247902206567935e-01,1.564280534548844956e-02,-1.173728374598570351e-01,-1.600538692634413951e-01,-1.002797057909458195e-01,-8.670879519320418005e-02,-6.350357401843985394e-02,-1.265927690873303590e-01,-2.980420594633792497e-01,-2.163058116647674223e-01,-1.619185745364135343e-01,-8.888428467833833779e-02,-4.340619496529576210e-02,1.621257640111882226e-01
2.436548223350253617e-01,3.539832176525432583e-01,0.000000000000000000e+00,6.382471770434061664e-01,3.988397389412617206e-02,-1.109499637418419060e-01,5.257432922407541120e-01,4.491867813115093533e-01,-7.158396353465243389e-02,5.231534238060706055e-02,-2.111260747954003814e-01,1.301149901584999491e-01,-1.168548637729203282e-01,1.705169377395628072e-01,-2.571221381953796570e-01,-3.335750543872371271e-02,-2.840567699160882476e-01,-6.650782140267275100e-02,5.658344556096550626e-01,5.627266134880347659e-01,-4.361338444007044346e-02,-9.655029524500155502e-02,7.478504091992126401e-01,5.569253081943437156e-01,-9.447840049725474143e-02,-1.237957111778721503e-01,-9.851859525536102447e-02,-2.600227908422251752e-02,-3.372008701957940335e-01,-1.449290376048896767e-01,5.055423184502226830e-01,4.058841810836009145e-01,3.399979281052522562e-01,3.798819019993784352e-01,-2.600227908422251752e-02,-1.502123692116440479e-01,-1.248316585517455640e-01,-2.725577540660933940e-01,-1.647156324458717569e-01,-1.961048378742359655e-01,-1.172692427224696771e-01,3.563658966124520766e-02,-2.027349010670257690e-01,-2.979384647259919472e-01,-2.728685382782554125e-01,-3.283953175178700445e-01,-1.785973272557754010e-01,-1.252460375012949267e-01,-3.018750647467108306e-01,-3.712835387962291067e-01,-2.829172278048275313e-01,-3.242515280223764451e-01,1.067025795089609347e-02,-8.132186884906246471e-02,3.418626333782243728e-03,-1.484512586760592390e-01,2.776338961980731254e-02,2.093649642598156002e-01,-1.049414689733761397e-01,-6.350357401843985394e-02,-1.839842535999171025e-01,-4.527090023826789433e-02,-3.520149176421837334e-01,-6.764736351393348113e-02,-1.848130114990158557e-01,-7.520977934320935421e-02,1.201698953693152230e-02,-7.044442142339168815e-03,3.157567595566145302e-01,2.754584067129389746e-01,-1.454470112918263835e-01,5.594115818916398433e-03,-1.162332953485962911e-01,-8.080389516212575785e-02,-2.313270485859317827e-01,-1.978659484098207674e-02,-1.323940743810214093e-01,-3.895162125764010941e-02,-1.957940536620739538e-02,-1.512483165855174443e-02,-3.386511965192168239e-01,-1.598466797886667068e-01,-2.815704962187920435e-01,-2.328809696467419588e-01,-2.556718118719568666e-01,-2.301875064746710664e-01,-9.955454262923442432e-02,-1.038019268621153957e-01,-7.800683725266754909e-02,-8.287578990987256103e-03,1.454470112918263835e-01,1.634724955972236549e-01,2.006630063192789692e-01,9.934735315445974990e-02,7.313788459546254062e-02,1.522842639593908511e-02,-1.327048585931834557e-01,-1.615041955868641854e-01,-4.340619496529576210e-02,-9.023101626437377010e-02,9.261369522428260226e-02,4.868952657205013329e-02,5.076142131979694688e-02,1.743499430228944158e-01,8.256500569771055287e-02,-2.175489485134155139e-03,7.728167409095616780e-02,1.134362374391380823e-01,-1.004868952657204939e-02,-1.580855692530819256e-01,-2.352636486066507493e-01,2.776338961980731254e-02,7.137677405987775947e-02,7.272350564591319177e-02,5.003625815808556559e-02,1.295970164715632422e-01
1.808764114782968890e-01,4.008080389516212594e-01,6.382471770434061664e-01,0.000000000000000000e+00,1.688594219413653771e-02,-7.096239511032839675e-02,3.521185123795710914e-01,5.426292344348906393e-01,-7.738526882834351195e-02,1.718636693255982395e-01,-2.556718118719568666e-01,1.912358852170309431e-01,-1.707241272143374955e-01,2.482129907800683377e-01,-2.840567699160882476e-01,5.386926344141717074e-03,-3.010463068476121329e-01,8.909147415311301915e-03,4.437998549673676241e-01,5.111364342691390172e-01,1.553921060810110628e-03,3.356469491349839407e-02,6.423909665388998214e-01,7.255775406609343836e-01,-1.224489795918367319e-01,-1.018336268517559123e-01,-4.506371076349320604e-02,4.195586864187298565e-02,-3.807106598984771328e-01,-8.463690044545736646e-02,3.634103387547912289e-01,3.306744017403915881e-01,2.202424116854863612e-01,2.976276805138298731e-01,-5.283331606754376394e-03,-4.019475810628819756e-02,-1.501087744742566898e-01,-2.491453434165544489e-01,-1.299078006837252608e-01,-1.132290479643633940e-01,-1.955868641872992586e-01,5.801305293691080139e-02,-1.523878586967781779e-01,-2.384750854656583208e-01,-2.929659173313995391e-01,-2.979384647259919472e-01,-1.829483062260436887e-01,-1.192375427328291604e-01,-3.675541282502848284e-01,-3.513933492178596962e-01,-2.814669014814047410e-01,-3.404123070548015773e-01,2.082254221485548354e-02,-3.553299492385786351e-02,4.775717393556407064e-02,-3.138920542836423633e-02,-2.299803169998963781e-02,2.255257432922407324e-01,-1.420283849580441238e-01,-2.869574225629337866e-02,-2.277012327773748901e-01,4.361338444007044346e-02,-4.025691494872060128e-01,4.247384232880968731e-03,-2.728685382782554125e-01,-1.968300010359473606e-02,-2.776338961980731254e-02,-8.287578990987256103e-03,2.604371697917745587e-01,2.300839117372837361e-01,-1.073241479332849857e-01,4.744638972340204514e-02,-1.468973376152491461e-01,-8.619082150626747318e-02,-2.288407748886356341e-01,-4.713560551124002657e-02,-1.050450637107634838e-01,1.906143167927068852e-02,-4.278462654097171108e-02,5.573396871438930644e-02,-3.633067440174038709e-01,-1.807728167409095588e-01,-3.317103491142650018e-01,-2.879933699368071864e-01,-2.801201698953692532e-01,-1.481404744638972204e-01,-8.588003729410545461e-02,2.652025277115922439e-02,-5.625194240132601331e-02,8.660520045581683590e-02,1.773541904071272990e-01,1.251424427639075965e-01,2.901688594219413719e-01,1.474153113021858252e-01,1.278359059359784333e-01,1.010048689526572008e-01,-1.014192479022065635e-01,-1.499015849994820293e-01,-3.097482647881487361e-02,-1.128146690148140452e-01,1.025587900134673075e-01,1.019372215891432565e-01,3.480783176214648222e-02,1.507303428985807270e-01,9.043820573914844452e-02,-2.268724748782761577e-02,8.494768465761938503e-02,1.153009427121102215e-01,-8.774474256707757991e-02,-1.274215269864290845e-01,-2.307054801616077455e-01,-9.945094789184708711e-03,4.672122656169066385e-02,8.826271625401428678e-02,2.020097379053143946e-02,1.853309851859525348e-01
8.246141096032320872e-02,1.167512690355329980e-01,3.988397389412617206e-02,1.688594219413653771e-02,0.000000000000000000e+00,2.878897751994198284e-01,1.532166165958769311e-01,6.733657930177146256e-02,4.857557236092406305e-01,3.929348389101833816e-01,2.989744120998653054e-01,1.970371905107220489e-01,3.457992333989433065e-01,2.109188853206256931e-01,3.387547912566041819e-01,3.878586967782036155e-01,2.571221381953796570e-01,2.218999274836838120e-01,1.056666321350875279e-02,5.594115818916398433e-03,6.578265824096135583e-02,4.123070548016160436e-02,7.738526882834351195e-02,6.132808453330571008e-02,3.364757070340826384e-01,3.007355226354501143e-01,2.580544908318657682e-01,3.392727649435408610e-01,3.017714700093234725e-01,2.261473117165647695e-01,1.808764114782968890e-01,2.080182326737801402e-01,1.011084636900445310e-01,2.288407748886356341e-01,2.624054698021340282e-01,2.013881694809903644e-01,1.295970164715632422e-01,1.139542111260747909e-03,1.035947373873407074e-01,1.409924375841707378e-01,9.717186366932559216e-02,2.285299906764736155e-01,-4.609965813736661977e-02,-1.056666321350875279e-02,-1.326012638557960976e-01,-6.526468455402464897e-02,-2.341241064953900053e-02,-1.233813322283227876e-01,-8.536206360716874775e-02,-8.950585310266237493e-02,-8.815912151662694263e-02,-2.486273697296177178e-03,-8.028592147518905098e-02,-3.118201595358955844e-02,-9.665388998238888529e-02,2.579508960944783963e-02,1.276287164612037450e-01,6.826893193825753214e-02,-1.461721744535377510e-01,-1.658551745571325009e-01,-1.243136848648088589e-03,-5.956697399772091506e-02,1.868849062467626554e-01,4.133430021754894851e-02,2.797057909458199043e-02,-2.279084222521495819e-03,-1.201698953693152230e-02,-3.107842121620221255e-03,6.857971615041956459e-02,3.677613177250595167e-02,2.347456749197140702e-01,3.866155599295555412e-01,1.686522324665906958e-01,2.490417486791670909e-01,1.840878483373044328e-01,9.541075313374079714e-02,2.218999274836838120e-01,1.839842535999171025e-01,1.059774163472495395e-01,2.078110431990054519e-01,2.021133326427017318e-01,1.735211851237957181e-01,2.506992644773645695e-01,7.686729514140681896e-02,4.019475810628819756e-02,2.446907697088988032e-01,1.087744742567077483e-02,1.628509271728995900e-01,-1.543561587071376473e-02,1.885424220449601063e-01,5.490521081529057407e-02,-6.215684243240442945e-04,4.817155288511343336e-02,4.133430021754894851e-02,-6.816533720087018799e-02,-6.578265824096135583e-02,1.999378431575675810e-02,2.248005801305293441e-02,4.692841603646533827e-02,-5.583756345177664365e-02,-8.577644255671811047e-02,2.092613695224282422e-02,-1.514555060602921222e-01,-6.992644773645498302e-02,-1.409924375841707378e-01,-1.617113850616388737e-01,-1.512483165855174443e-02,-8.795193204185226821e-02,-5.770226872474877589e-02,-1.048378742359888094e-01,7.676370040401947481e-02,-8.308297938464725974e-02,3.760488967160467710e-02,-8.639801098104216148e-02,-1.336372112296695287e-02,-7.966435305086501384e-02
1.326012638557961219e-02,6.122448979591836593e-02,-1.109499637418419060e-01,-7.096239511032839675e-02,2.878897751994198284e-01,0.000000000000000000e+00,-1.262819848751683405e-01,4.350978970268310278e-03,3.403087123174142747e-01,3.937635968092820793e-01,2.838495804413135662e-02,-6.464311612970061183e-02,2.983528436755412266e-02,6.464311612970061183e-02,3.321247280638143229e-01,3.522221071169583939e-01,2.693463172070858537e-03,2.018025484305397133e-01,-4.744638972340204514e-02,-1.595358955765046813e-02,1.024551952760799772e-01,1.688594219413653841e-01,-5.376566870402983006e-02,-9.800062156842430372e-02,4.690769708898787083e-01,5.371387133533616076e-01,5.433543975966019790e-01,6.610380192686211576e-01,6.681860561483476957e-02,8.733036361752821719e-02,-7.852481093960426983e-02,4.558168445042991637e-03,-2.134051590179218694e-02,5.190096343105769783e-02,1.059774163472495395e-01,4.350978970268309931e-02,-4.216305811664767395e-02,1.398528954729099522e-02,3.501502123692115664e-02,1.557028902931730796e-01,-2.900652646845539896e-03,6.049932663420697770e-02,-1.447218481301149884e-01,-4.081632653061224164e-02,-1.292862322594012237e-01,-1.471045270900238067e-01,-9.986532684139644289e-02,-1.256604164508443033e-01,-1.201698953693152300e-01,-1.885424220449601063e-02,-5.915259504817155234e-02,2.092613695224282422e-02,-1.387133533616492220e-01,4.237024759142235530e-02,-1.221381953796747133e-01,4.299181601574639244e-02,6.899409509996891343e-02,9.665388998238888529e-02,2.393038433647570393e-02,-4.661763182430332317e-03,-1.636796850719983432e-02,-7.220553195897647103e-02,2.092613695224282422e-02,3.625815808556925087e-03,4.972547394592354356e-03,-1.864705272972132667e-03,3.128561069097689912e-02,8.266860043509789702e-02,4.309541075313373659e-02,1.262819848751683405e-01,1.089816637314824366e-01,2.710038330052833011e-01,1.222417901170620366e-02,4.205946337926032980e-02,2.227286853827825305e-02,-6.526468455402465417e-03,5.925618978555889649e-02,4.060913705583756028e-02,-6.453952139231326768e-02,1.135398321765254265e-01,2.123692116440484626e-02,5.915259504817155234e-02,8.764114782969023576e-02,6.257122138195379824e-02,-1.968300010359473606e-02,1.164404848233709794e-01,1.034911426499533771e-01,1.135398321765254265e-01,-2.227286853827825305e-02,1.458613902413757324e-01,5.034704237024759110e-02,3.294312648917434305e-02,-6.350357401843985394e-02,7.054801616077903403e-02,2.341241064953900053e-02,3.884802652025276526e-02,-4.879312130943747744e-02,-6.350357401843985394e-02,-3.739770019683000268e-02,-9.561794260851547156e-02,-2.486273697296177004e-02,7.127317932249041532e-02,-1.029731689630166702e-01,-1.639904692841603340e-01,-7.075520563555370845e-02,-4.713560551124002657e-02,-7.583134776753340522e-02,-1.809800062156842471e-01,-8.805552677923961236e-03,-3.024966331710348885e-02,-7.572775303014606108e-02,-2.610587382160986167e-02,-3.180358437791359905e-02,-1.062882005594115858e-01,-8.753755309230290549e-02,-8.670879519320418005e-02
5.299906764736350695e-01,2.951414068165336690e-01,5.257432922407541120e-01,3.521185123795710914e-01,1.532166165958769311e-01,-1.262819848751683405e-01,0.000000000000000000e+00,3.534652439656065237e-01,-6.391795296798921666e-02,-1.043199005490521025e-01,1.514555060602921222e-01,3.066404226665285226e-01,2.641665803377187816e-01,2.842639593908629081e-01,-2.656169066611415719e-01,-1.098104216305811551e-02,-3.439345281259711951e-02,7.831762146482958153e-02,4.699057287889774615e-01,3.833005283331606394e-01,-2.350564591318760888e-01,-3.182430332539106788e-01,5.350668186056147801e-01,2.857142857142856984e-01,1.375738112503884780e-01,4.527090023826789433e-02,-1.929969957526157520e-01,-1.223453848544494016e-01,-1.161297006112089608e-01,1.522842639593908511e-02,4.657619392934839175e-01,3.903449704754998195e-01,5.548534134465968881e-01,4.950792499741012431e-01,2.139231327048585762e-01,1.346731586035429182e-02,-2.496633171034911072e-02,-2.899616699471667114e-01,-2.741116751269035423e-01,-2.336061328084532984e-01,-1.058738216098622092e-01,1.960012431368486074e-01,-1.836734693877550839e-01,-2.403397907386304599e-01,-1.131254532269760638e-01,-1.620221692738008923e-01,-2.051175800269346150e-01,-9.644670050761421087e-02,-1.962084326116233235e-01,-2.113332642701750419e-01,-2.731793224904174311e-01,-2.096757484719776188e-01,-1.327048585931834557e-01,-1.900963431057702269e-01,-2.222107116958458306e-01,-1.934113747021651286e-01,2.911012120584274276e-01,2.553610276597948481e-01,1.196519216823785092e-01,7.448461618149798680e-02,1.127110742774267010e-01,4.257743706619703666e-02,-1.170620532476950165e-01,5.210815290583238613e-02,1.926862115404537334e-02,9.758624261887495488e-02,2.797057909458199321e-01,2.337097275458406564e-01,3.990469284160363950e-01,3.496322386822748873e-01,-9.344245312338132770e-02,-4.392416865223246203e-02,5.739148451258675732e-02,9.033461100176111425e-02,-1.646120377084843989e-01,1.455506060292137138e-01,-6.671501087744742542e-02,3.874443178286542805e-02,5.045063710763492831e-02,2.160986221899927340e-01,-2.624054698021340282e-01,7.862840567699161398e-02,-2.181705169377395337e-01,-1.025587900134673075e-01,-2.973168963016678545e-01,-1.769398114575779501e-01,-1.795296798922614567e-01,-1.595358955765046882e-01,-2.930695120687868971e-01,-8.038951621257639513e-02,-1.802548430539728172e-02,5.594115818916398433e-03,5.708070030042473875e-02,-9.561794260851547156e-02,-1.568424324044338514e-01,-1.679270693048793006e-01,-3.604060913705583458e-01,-3.403087123174142747e-01,-2.215891432715217935e-01,-2.371283538796228885e-01,-1.595358955765046882e-01,-2.173417590386408360e-01,-2.032528747539624758e-01,-6.640422666528539297e-02,-2.354708380814254098e-01,-2.655133119237542694e-01,-1.746607272350564344e-01,-1.557028902931730796e-01,-4.879312130943747744e-02,-1.792188956800994382e-01,-3.253910701336371614e-01,-1.933077799647777706e-01,-1.051486584481508280e-01,-1.698953693152387701e-01,-1.188231637832798115e-01,2.496633171034911072e-02
2.650989329742048928e-01,5.001553921060810648e-01,4.491867813115093533e-01,5.426292344348906393e-01,6.733657930177146256e-02,4.350978970268310278e-03,3.534652439656065237e-01,0.000000000000000000e+00,-1.949652957629752215e-01,1.133326427017507382e-01,-1.190303532580544721e-01,4.103387547912565880e-01,-5.832383714907281996e-02,5.193204185227390246e-01,-2.767015435615870489e-01,5.915259504817155234e-02,-2.145447011291826134e-01,7.779964777789287467e-02,3.819537967471252071e-01,4.671086708795192943e-01,-1.284574743603024705e-01,-6.350357401843985394e-02,4.607893918988914539e-01,5.124831658551745051e-01,4.133430021754894851e-02,7.251631617113850348e-02,-7.893918988915363255e-02,1.033875479125660329e-01,-2.765979488241996909e-01,-4.350978970268310278e-03,2.122656169066611254e-01,3.521185123795710914e-01,2.485237749922304118e-01,3.607168755827203643e-01,1.906143167927068852e-02,-3.822645809592872812e-02,-1.259712006630063219e-01,-2.821920646431161361e-01,-2.443799854967367846e-01,-2.013881694809903644e-01,-2.029420905418004573e-01,7.054801616077903403e-02,-2.689319382575364736e-01,-2.744224593390655609e-01,-3.436237439138091210e-01,-2.912048067958147857e-01,-3.282917227804826865e-01,-2.049103905521599545e-01,-4.186263337822438424e-01,-3.316067543768776438e-01,-3.855796125556821830e-01,-2.841603646534756056e-01,-1.624365482233502411e-01,-1.228633585413860807e-01,-1.802548430539728241e-01,-1.000725163161711312e-01,1.335336164922821811e-01,3.346110017611104714e-01,-2.755620014503263118e-02,1.437894954936289049e-01,-1.291826375220138934e-01,2.297731275251217176e-01,-3.133740805967056842e-01,2.494561276287164675e-01,-2.091577747850409119e-01,1.581891639904692837e-01,9.623951103283953645e-02,1.490728271003833039e-01,3.508753755309229616e-01,3.441417176007458556e-01,-3.044649331813943371e-01,2.413757381125038876e-02,-1.186159743085051232e-01,-1.459649849787630627e-01,-2.154770537656686691e-01,5.428364239096653693e-02,-2.284263959390862853e-01,-7.697088987879414923e-02,8.411892675852065959e-02,1.405780586346213334e-01,-3.565730860872267649e-01,1.222417901170620366e-02,-2.547394592354708109e-01,-1.644048482337097106e-01,-4.026727442245933708e-01,-3.967678441935149070e-02,-9.551434787112814129e-02,3.864083704547808390e-02,-2.552574329224074901e-01,5.728788977519942011e-02,1.366414586139023946e-01,1.709313166891121907e-02,1.052522531855381721e-01,3.708691598466797024e-02,1.481404744638972412e-02,-3.874443178286542805e-02,-2.506992644773645695e-01,-2.728685382782554125e-01,-1.833626851755930653e-01,-2.571221381953796570e-01,2.496633171034911072e-02,-8.318657412203459001e-02,-7.552056355537138665e-02,4.661763182430331970e-02,-4.993266342069822145e-02,-1.145757795503988402e-01,-1.057702268724748651e-01,-5.428364239096653693e-02,-3.998756863151351620e-02,-1.689630166787527144e-01,-3.004247384232880957e-01,-1.670983114057805752e-01,-7.023723194861700159e-02,-1.211022480058012857e-01,-9.282088469905727668e-02,2.140267274422459065e-01
-1.328084533305707859e-01,-1.525950481715528662e-01,-7.158396353465243389e-02,-7.738526882834351195e-02,4.857557236092406305e-01,3.403087123174142747e-01,-6.391795296798921666e-02,-1.949652957629752215e-01,0.000000000000000000e+00,4.990158499948202375e-01,1.831554957008183770e-01,-1.185123795711177930e-01,1.676162850927172820e-01,-1.019372215891432565e-01,5.877965399357711895e-01,3.750129493421733851e-01,1.928934010152284217e-01,1.688594219413653841e-01,-1.205842743188646066e-01,-1.678234745674919426e-01,3.015642805345488120e-01,2.422044960116025714e-01,-5.770226872474877589e-02,-2.734901067025794982e-02,1.547705376566870239e-01,1.161297006112089608e-01,3.904485652128871220e-01,2.820884699057287781e-01,2.760799751372630118e-01,1.523878586967781779e-01,1.369522428260644409e-01,1.069097689837356230e-01,-8.163265306122448328e-02,2.102973168963016490e-02,1.884388273075727760e-01,1.904071273179322454e-01,1.045270900238267908e-01,1.266963638247176893e-01,2.256293380296280904e-01,2.667564487724023436e-01,1.616077903242515157e-01,8.846990572878897507e-02,1.542525639697503170e-01,1.180980006215684164e-01,-2.320522117476431917e-02,5.594115818916398433e-03,1.846058220242411674e-01,5.293691080493110462e-02,-2.175489485134154966e-02,-7.997513726302703241e-02,-3.822645809592872812e-02,-1.027659794882419958e-01,9.914016367968506160e-02,1.159225111364342586e-01,1.356055112400289808e-01,1.128146690148140452e-01,-7.728167409095616780e-02,-1.644048482337097106e-01,-2.518388065886252858e-01,-3.268413964570599517e-01,3.315031596394903048e-03,-1.121931005904899942e-01,1.866777167719879671e-01,-1.459649849787630627e-01,1.491764218377706133e-02,-1.423391691702061423e-01,-1.680306640422666309e-01,-1.560136745053350982e-01,-1.740391588107323972e-01,-1.813943851652335959e-01,4.709416761628508197e-01,4.179011706205324472e-01,1.301149901584999491e-01,1.858489588728892417e-01,2.491453434165544489e-01,-1.067025795089609347e-02,3.236299595980524080e-01,2.289443696260229921e-01,-4.402776338961979924e-02,5.449083186574121829e-02,2.858178804516730565e-01,-1.999378431575675810e-02,2.596084118926758610e-01,5.241893711799440470e-02,2.022169273800890621e-01,1.332228322801201625e-01,1.511447218481301036e-01,1.247280638143582338e-01,2.251113643426913835e-01,1.916502641665803197e-01,8.826271625401428678e-02,8.888428467833833779e-02,9.561794260851547156e-02,1.076349321454470043e-01,6.609344245312337440e-02,1.250388480265202662e-01,1.511447218481301036e-01,1.722780482751475883e-01,1.842950378120791211e-01,1.246244690769708757e-01,5.801305293691079792e-03,2.044960116026105779e-01,-2.486273697296177004e-02,-4.879312130943747744e-02,4.464933181394385026e-02,-1.605718429503780881e-02,1.611934113747021668e-01,1.999378431575675810e-02,9.841500051797368032e-03,5.200455816844503504e-02,1.646120377084843989e-01,1.336372112296695391e-01,1.115715321661659432e-01,8.619082150626747318e-02,3.035325805449082606e-02,-1.068061742463482788e-01
-1.373666217756137897e-01,5.811664767429814554e-02,5.231534238060706055e-02,1.718636693255982395e-01,3.929348389101833816e-01,3.937635968092820793e-01,-1.043199005490521025e-01,1.133326427017507382e-01,4.990158499948202375e-01,0.000000000000000000e+00,-9.737905314410027352e-03,1.885424220449601063e-02,-9.945094789184708711e-03,1.147829690251735146e-01,4.125142442763907180e-01,5.428364239096653554e-01,2.589868434683517684e-02,1.653372008701957940e-01,-3.584377913601988902e-02,1.989018957836941742e-02,2.777374909354604626e-01,3.457992333989433065e-01,8.567284781933076632e-02,2.335025380710659959e-01,1.201698953693152300e-01,1.530094271211022428e-01,4.687661866777166897e-01,4.714596498497875543e-01,1.036983321247280515e-01,1.231741427535480993e-01,9.427121102248005313e-02,1.402672744224593149e-01,-1.106391795296798874e-01,3.698332124728063303e-02,1.202734901067025880e-01,1.533202113332642613e-01,-7.655651092924480039e-02,3.988397389412617206e-02,7.956075831347766969e-02,2.615767119030353305e-01,1.160261058738215958e-02,-3.480783176214648222e-02,-1.035947373873407203e-04,2.196208432611623101e-02,-1.520770744846161593e-01,-1.172692427224696771e-01,-2.486273697296177178e-03,-9.727545840671293631e-02,-1.692738008909147329e-01,-1.429607375945301795e-01,-1.001761110535584753e-01,-1.404744638972340032e-01,1.357091059774163423e-02,1.204806795814772485e-01,2.952450015539210409e-02,1.300113954211125911e-01,-9.862218999274836861e-02,-1.481404744638972412e-02,-2.677923961462757574e-01,-2.072930695120687727e-01,-8.225422148554852042e-02,7.614213197969542379e-02,-2.838495804413135662e-02,4.319900549052108074e-02,-4.889671604682481465e-02,3.273593701439966863e-02,-1.614006008494768551e-01,-1.466901481404744578e-01,-8.950585310266237493e-02,-8.339376359680927830e-02,2.258365275044027509e-01,4.462861286646637726e-01,3.087123174142752946e-02,4.350978970268310278e-03,1.629545219102869480e-01,-5.666632135087536909e-02,1.792188956800994382e-01,1.574640008287578885e-01,-8.173624779861182743e-02,7.790324251528021882e-02,7.904278462654096282e-02,-5.904900031078421339e-03,5.635553713871335052e-02,-1.015228426395939007e-02,5.159017921889567926e-02,2.306018854242204430e-01,4.837874235988811472e-02,2.641665803377187816e-01,1.074277426706723160e-01,2.857142857142856984e-01,2.326737801719672427e-01,9.364964259815600212e-02,1.631617113850616085e-01,2.317414275354811592e-01,1.083600953071583994e-01,2.048067958147725964e-01,1.175800269346316956e-01,1.177872164094063839e-01,1.631617113850616085e-01,1.957940536620739538e-02,1.328084533305707859e-01,2.985600331503159843e-01,9.530715839635344258e-03,2.952450015539210409e-02,1.086708795193204180e-01,2.662384750854656507e-02,1.257640111882316336e-01,2.952450015539210409e-02,-7.634932145447011209e-02,-1.367450533512897491e-02,4.154148969232362987e-02,9.447840049725474143e-02,1.324976691184087674e-01,3.833005283331606533e-02,-1.025587900134673075e-02,-2.496633171034911072e-02
2.271832590904381832e-01,-7.251631617113850348e-02,-2.111260747954003814e-01,-2.556718118719568666e-01,2.989744120998653054e-01,2.838495804413135662e-02,1.514555060602921222e-01,-1.190303532580544721e-01,1.831554957008183770e-01,-9.737905314410027352e-03,0.000000000000000000e+00,1.958976483994612772e-01,7.308608722676886993e-01,1.343623743913809065e-01,1.712421009012742024e-01,1.256604164508443033e-01,5.106184605822023936e-01,1.714492903760488907e-01,-1.362270796643530180e-01,-1.954832694499119283e-01,-1.267999585621050473e-01,-1.488656376256086156e-01,-1.591215166269553394e-01,-2.269760696156634949e-01,2.379571117787216417e-01,1.485548534134465692e-01,-2.216927380089091237e-02,-1.139542111260747823e-02,4.626540971718635653e-01,1.852273904485652045e-01,-1.605718429503780881e-02,3.366828965088573128e-02,1.507303428985807270e-01,6.174246348285505892e-02,3.209364964259815434e-01,2.711074277426706591e-01,6.857971615041956459e-02,3.895162125764010941e-02,-4.195586864187298565e-02,2.734901067025794982e-02,1.441002797057909235e-01,1.378845954625504966e-01,2.237646327566559373e-02,7.054801616077903403e-02,1.476225007769605135e-01,1.673055008805552357e-01,-3.221796332746296176e-02,-3.687972650989329582e-02,9.955454262923442432e-02,9.478918470941676000e-02,2.569149487206049895e-02,1.043199005490521025e-01,-1.433751165440795561e-01,-7.438102144411064265e-02,-2.332953485962912799e-01,-9.945094789184708711e-03,3.197969543147207716e-01,9.737905314410027352e-03,6.339997928105252367e-02,-3.045685279187817021e-02,3.357505438723712432e-01,7.893918988915363255e-02,4.695949445768154429e-01,1.282502848855277822e-01,3.069512068786905412e-01,1.855381746607272231e-01,1.403708691598466451e-01,1.322904796436340791e-01,4.340619496529576210e-02,7.044442142339168815e-03,6.226043716979177273e-02,2.434476328602506665e-02,3.206257122138194693e-01,1.956904589246865889e-01,2.473842328809696123e-01,1.282502848855277822e-01,1.530094271211022428e-01,8.049311094996373928e-02,1.976587589350460861e-01,2.244897959183673464e-01,2.716254014296073382e-01,2.504920750025898535e-01,2.367139749300735674e-01,1.420283849580441238e-01,7.738526882834351195e-02,1.401636796850719846e-01,-6.298560033150316095e-02,1.003833005283331636e-01,-1.908215062674815943e-01,1.439966849684035793e-02,-1.347767533409302831e-01,-1.310473427949860048e-01,-1.891639904692841434e-01,-1.696881798404641095e-01,-1.919610483787423383e-01,-1.665803377188438683e-01,-8.329016885942193416e-02,-4.889671604682481465e-02,-7.520977934320935421e-02,-7.458821091888531707e-02,-2.949342173417590085e-01,-2.278048275147622204e-01,-3.326427017507510575e-01,-3.020822542214855466e-01,-3.161711385061638513e-01,-2.695535066818605663e-01,-1.608826271625401483e-01,-2.393038433647570185e-01,-8.329016885942193416e-02,-4.527090023826789433e-02,3.998756863151351620e-02,-1.196519216823785092e-01,-1.315653164819227117e-01,-2.748368382886149375e-01,-1.767326219828032619e-01,-1.062882005594115858e-01
3.021858489588728491e-01,3.907593494250491406e-01,1.301149901584999491e-01,1.912358852170309431e-01,1.970371905107220489e-01,-6.464311612970061183e-02,3.066404226665285226e-01,4.103387547912565880e-01,-1.185123795711177930e-01,1.885424220449601063e-02,1.958976483994612772e-01,0.000000000000000000e+00,2.905832383714907485e-01,6.347249559722365486e-01,-1.604682482129907717e-01,1.387133533616492220e-01,1.480368797265098624e-01,2.941054594426603108e-01,1.722780482751475883e-01,2.104009116336889862e-01,-2.908940225836527671e-01,-2.698642908940225849e-01,1.502123692116440479e-01,1.617113850616388737e-01,1.606754376877654600e-01,1.914430746918056314e-01,-1.582927587278566139e-01,9.945094789184708711e-03,8.515487413239407333e-02,2.917227804827514648e-01,1.704133430021754769e-01,2.406505749507924785e-01,3.475603439345281154e-01,2.989744120998653054e-01,1.402672744224593149e-01,6.971925826168029472e-02,1.216202216927379925e-01,-2.020097379053144016e-01,-2.487309644670050723e-01,-1.462757691909250812e-01,-8.525846886978140360e-02,2.887185330985185261e-01,-2.136123484926965577e-01,-2.344348907075520516e-01,-1.784937325183880430e-01,-1.478296902517352018e-01,-2.481093960426810352e-01,-1.877136641458613531e-01,-2.740080803895162398e-01,-1.519734797472288290e-01,-3.211436859007562039e-01,-1.192375427328291604e-01,-2.734901067025795052e-01,-2.490417486791670909e-01,-2.755620014503263326e-01,-1.313581270071480234e-01,3.009427121102247749e-01,3.582306018854241603e-01,5.511240029006526236e-02,2.241790117062053278e-01,6.453952139231326768e-02,3.149280016575157770e-01,1.004868952657204939e-02,4.765357919817673205e-01,-9.996892157878378704e-02,2.273904485652128715e-01,1.778721640940640059e-01,2.014917642183776947e-01,2.476950170931316308e-01,2.540142960737594158e-01,-1.610898166373148088e-01,5.749507924997409453e-02,1.130218584895887196e-01,1.153009427121102215e-01,9.613591629545217843e-02,3.275665596187713469e-01,-6.391795296798921666e-02,4.651403708691598249e-02,2.797057909458199321e-01,4.099243758417072114e-01,-9.012742152698641207e-02,3.833005283331606394e-01,1.460685797161504103e-02,-3.625815808556925087e-03,-2.168237853517041291e-01,1.441002797057909235e-01,-1.224489795918367319e-01,5.169377395628301647e-02,-2.712110224800579616e-01,2.662384750854656507e-02,-2.745260540764528703e-02,-1.184087848337304349e-01,-6.816533720087018799e-02,-1.178908111467937281e-01,-3.760488967160467710e-02,-7.085880037294105260e-02,-1.425463586449808306e-01,-1.379881901999378269e-01,-1.562208639801097865e-01,-2.030456852791877875e-01,-2.682067750958251340e-01,-2.624054698021340282e-01,-2.155806485030560271e-01,-1.079457163576090228e-01,-2.138195379674712460e-01,-2.451051486584481243e-01,-1.929969957526157520e-01,-1.270071480368797079e-01,6.215684243240442945e-04,-1.087744742567077483e-02,-1.589143271521806511e-01,-2.957629752408577062e-01,-1.696881798404641095e-01,-2.427224696985393060e-01,-7.272350564591319177e-02,1.290790427846265354e-01
3.059152595048171830e-01,2.341241064953900053e-02,-1.168548637729203282e-01,-1.707241272143374955e-01,3.457992333989433065e-01,2.983528436755412266e-02,2.641665803377187816e-01,-5.832383714907281996e-02,1.676162850927172820e-01,-9.945094789184708711e-03,7.308608722676886993e-01,2.905832383714907485e-01,0.000000000000000000e+00,2.188956800994509289e-01,1.045270900238267908e-01,1.635760903346109851e-01,4.412099865326841175e-01,2.203460064228737192e-01,-5.272972133015642326e-02,-1.142649953382368078e-01,-1.769398114575779501e-01,-2.294623433129596990e-01,-6.443592665492592353e-02,-1.617113850616388737e-01,3.119237542732828938e-01,2.163058116647674223e-01,-7.106598984771572702e-02,4.143789495493628051e-03,3.880658862529783315e-01,2.152698642908940085e-01,8.898787941572568194e-02,8.940225836527503078e-02,2.257329327670154206e-01,1.390241375738112406e-01,3.348181912358851875e-01,2.767015435615870489e-01,1.071169584585102974e-01,-2.196208432611623101e-02,-1.078421216202216787e-01,-8.287578990987257621e-04,1.182015953589557744e-01,2.514244276390759092e-01,-3.480783176214648222e-02,1.605718429503780881e-02,1.086708795193204180e-01,9.023101626437377010e-02,-6.661141614006008127e-02,-1.035947373873407143e-02,2.144411063917952762e-02,5.127939500673365375e-02,-5.428364239096653693e-02,8.070030042473842757e-02,-1.676162850927172820e-01,-8.432611623329534789e-02,-2.324665906971925822e-01,-3.066404226665285504e-02,3.606132808453330063e-01,5.884181083600952683e-02,7.375945301978659163e-02,-1.802548430539728172e-02,3.293276701543561558e-01,7.044442142339168988e-02,4.055733968714388959e-01,1.267999585621050473e-01,2.350564591318760888e-01,1.590179218895679814e-01,1.888532062571221248e-01,1.679270693048793006e-01,1.094996374184191296e-01,6.505749507924997455e-02,6.847612141303222044e-02,3.760488967160467710e-02,2.936910804931109342e-01,2.549466487102454715e-01,2.100901274215269676e-01,1.788045167305500616e-01,1.523878586967781779e-01,1.237957111778721503e-01,1.912358852170309431e-01,3.019786594840981886e-01,1.827411167512690282e-01,2.732829172278047891e-01,1.436859007562415746e-01,1.026623847508546516e-01,1.553921060810110628e-03,1.441002797057909235e-01,-9.282088469905727668e-02,5.956697399772091506e-02,-2.227286853827825375e-01,5.935978452294622676e-02,-1.755930798715425178e-01,-1.358127007148036691e-01,-1.618149797990262040e-01,-2.073966642494561030e-01,-2.052211747643219730e-01,-2.208639801098104261e-01,-1.570496218792085397e-01,-1.280430954107531216e-01,-1.460685797161504207e-01,-1.386097586242618918e-01,-3.635139334921785870e-01,-2.661348803480783065e-01,-3.628923650678545498e-01,-2.623018750647466701e-01,-3.414482544286749910e-01,-3.397907386304775401e-01,-1.861597430850512602e-01,-2.952450015539210271e-01,-7.127317932249041532e-02,-4.796436341033874506e-02,-6.174246348285505892e-02,-1.932041852273904403e-01,-1.626437376981249294e-01,-2.619910908525846516e-01,-2.026313063296384387e-01,-7.313788459546254062e-02
