1.000000000000000000e+00,6.039794934267296300e-01,1.521242576518958833e-01,8.563017105730674761e-02,1.208568092990203735e-01,1.333434851022791134e-01,1.192325262677021713e-01,-2.385665702248617251e-03,1.293842952134409419e-01,-1.013654129232018919e-01,4.678442718643723852e-01,3.084614994162733215e-01,4.161717679305619866e-01,6.116440789807624234e-02,8.370133495761637732e-02,-1.664382518653875764e-01,1.849144713466321921e-01,1.789249276686462886e-01,2.233896756509822223e-01,2.911019745190599473e-01,-8.065580427389473783e-02,-8.451347647327547841e-02,-2.482107507233135418e-02,6.258565555047967965e-02,1.588751840008121446e-02,7.598599055885489617e-02,1.235977869143698449e-01,1.105020049743668104e-01,1.856250951728339038e-01,7.212831835947414172e-02,1.804476930105070875e-01,1.377087457489467870e-01,2.949088878737120278e-02,-7.730572052180093023e-02,-3.054159687325517236e-01,-4.229734531242069218e-01,-1.727323486117456341e-01,-2.493782041520735127e-01,-1.727323486117456341e-01,-1.672503933810466914e-01,-1.960814171869448563e-01,-8.146794578955383892e-02,-2.051164915486523854e-01,-1.587229074666260675e-01,-1.369981219227450753e-01,-1.820719760418253175e-01,-2.532866351961829757e-02,-1.521242576518958833e-01,-1.045124612963809069e-01,2.705446424039389258e-02,7.893000355311914629e-02,5.091112126288006856e-02,6.644332774986043411e-02,-1.427846302218161723e-01,9.344703314552561813e-02,1.730876605248464831e-02,6.177858991929343624e-01,5.230698949291915367e-01,1.804476930105070875e-01,1.475559616263134033e-01,2.891731384193695908e-01,2.246078879244708670e-01,2.112075529160956644e-01,8.491954723110503589e-02,-1.268463529770062492e-01,-1.657276280391858647e-01,-2.378051875539313187e-01,-3.490685751992285146e-01,3.812496827572204872e-01,3.963758184863712675e-01,5.172326277853916965e-02,-2.969392416628598153e-02,1.537992995279427802e-02,3.487132632861276310e-02,7.233135373838892046e-02,4.314501801938988405e-03,-1.472514085579412213e-01,-5.324602812039998245e-02,1.590274605349982495e-01,8.273691690777119218e-03,1.526318460991828163e-01,1.698898533069387595e-01,-1.718186894066291437e-01,-1.749657377798081448e-01,1.914116034719050008e-01,-7.943759200040607926e-02,-1.477082381604994873e-02,-9.080757321963352224e-02,5.588548804629207833e-02,-8.816811329374144024e-02,-2.679559413227755593e-01,3.253641947109284227e-02,-1.484696208314299215e-01,1.631896858027511443e-01,-7.212831835947414172e-02,-1.693822648596518265e-01,-1.084716511852190368e-01,-5.649459418303640068e-02,3.568346784427187113e-02,4.502309527435156139e-02,-1.176082432363839553e-01,1.760824323638394140e-01,1.196385970255317288e-01,1.670473580021319127e-01,2.197857976752449344e-02,9.811684686056545979e-02,1.017714836810314355e-01,1.612608497030607879e-01,-1.651185219024415285e-01,-9.618801076087508950e-02,-2.774986041317700214e-01,-1.796355514948480003e-01,-2.541495355565707714e-01,-2.102938937109791739e-01,-2.573981016192071758e-01,-3.304400791837978218e-02
6.039794934267296300e-01,1.000000000000000000e+00,9.009694939343181053e-02,3.903355159636567179e-02,4.380488300086290282e-02,3.903355159636567179e-02,3.365311405512411147e-02,-8.578244759149283860e-03,3.710471549667530150e-02,-1.110095934216537433e-01,2.687680828384346743e-01,2.982082127810771754e-01,2.668392467387442624e-01,4.096238769605604207e-02,1.416171767930562118e-02,-7.720420283234355474e-02,2.164864727678798284e-01,2.649104106390539060e-01,2.204456626567179722e-01,3.917060047713314397e-01,-5.212933353636872019e-02,-1.177097609258413446e-01,-3.710471549667530150e-02,5.598700573574946077e-02,-2.603928734582001275e-02,1.274047002690219081e-02,1.031927313334348728e-01,8.786356022536928601e-02,1.981117709760925882e-01,1.357799096492564028e-01,1.667428049337597307e-01,1.501954215522054992e-01,2.878026496116948760e-02,-3.355159636566672210e-02,-3.306938734074412745e-01,-3.993198314806355453e-01,-1.842038475204304804e-01,-2.281610070554794534e-01,-2.516115933201360511e-01,-1.448149840109639319e-01,-1.663367341759302009e-01,-9.943657682351150773e-02,-1.560834475407339994e-01,-1.326328612760773740e-01,-8.288919344195727623e-02,-9.161971473529263721e-02,-4.086087000659865270e-02,-7.080858839652810766e-02,-1.265417999086340950e-01,1.314654078473174136e-02,-1.010101010101010187e-02,3.842444545962134250e-02,3.141972488706157307e-02,-1.244099284300289598e-01,7.426018983807930463e-02,8.563017105730674761e-02,6.312877518907671348e-01,6.898634587076798441e-01,8.593472412567891572e-02,2.150652251154764050e-01,1.398406172275519221e-01,2.403431297903659836e-01,2.013603370387290481e-01,1.686716410334501148e-01,-1.927313334348510487e-01,-1.889751789249277114e-01,-2.048119384802802312e-01,-2.762803918582813489e-01,4.654078473173951513e-01,4.841886198670119490e-01,-3.405918481295366201e-02,-2.994771838992944801e-03,-2.390741586721486719e-02,2.690218770620781026e-03,-7.766103243490179303e-03,-4.568296025582458254e-04,-2.529313232830820990e-01,-1.534439876148419035e-01,1.223795746408812002e-01,9.669559920816203635e-02,1.145627125526623019e-01,2.956702705446424551e-01,-1.189279731993300171e-01,-1.253235876351454503e-01,1.194355616466169501e-01,2.664839348256433857e-02,-6.928582305466728097e-02,-6.410842089234049246e-02,-1.974519059946195851e-02,3.294249022892239975e-02,-2.276534186081925204e-01,-4.517537180853764545e-03,-1.264402822191766917e-01,1.358814273387138061e-01,-3.994721080148216225e-02,-1.030912136439774834e-01,-5.964164255621542954e-02,4.314501801938988405e-03,4.431247144814984273e-02,6.116440789807624234e-02,-1.173036901680117872e-01,1.010608598548297238e-01,1.024821075072331472e-01,1.383178518856910955e-01,2.715598192985127848e-02,1.185219024415004596e-01,7.588447286939750680e-02,1.635957565605807018e-01,-1.637987919394954806e-01,-6.563118623420131914e-02,-1.825795644891122504e-01,-1.596365666717425580e-01,-2.546571240038577044e-01,-1.494847977260037875e-01,-1.921222272981067125e-01,2.385665702248617251e-03
1.521242576518958833e-01,9.009694939343181053e-02,1.000000000000000000e+00,5.495660118775697045e-01,4.341403989645196138e-01,4.257144307395563931e-01,4.495710877620426316e-01,5.304299274148521065e-02,4.337343282066900563e-01,7.486929597482362697e-02,2.331353738388914631e-01,-7.608750824831228554e-02,1.822750114207400962e-01,-1.347647327546825369e-01,2.055733211512105960e-02,-3.489670575097711391e-01,-1.531394345464697493e-01,-6.207806710319273280e-02,-2.776508806659560777e-02,1.122278056951424019e-01,1.061367443276991090e-01,-4.837317902644536205e-02,4.510938531039034305e-01,5.701741028374195386e-01,5.049997462057764785e-01,5.350489822851632882e-01,1.688746764123648936e-01,9.933505913405411836e-02,-9.070605553017614675e-02,-1.698898533069387595e-01,4.380995888533577576e-01,2.680574590122329348e-01,-1.700421298411248366e-02,1.009593421653723344e-01,1.544591645094157972e-01,8.197553423684077190e-02,1.852697832597330341e-02,-7.557991980102533869e-02,6.420993858179788183e-02,-1.370488807674737422e-03,-1.252220699456880471e-01,-1.206537739201055948e-01,-2.771940510633978394e-01,-2.768894979950256574e-01,1.345109385310390426e-02,-1.491802446576316332e-01,-6.512359778691437229e-02,-1.373026749911172295e-01,8.958936094614487755e-02,5.426120501497386228e-02,5.537789959900513842e-02,6.654484543931780960e-02,-1.781635449977158822e-02,-4.492157758489417202e-02,1.048170143647530750e-01,-4.603827216892544816e-02,5.497182884117558788e-02,1.019745190599462142e-01,-6.177351403482057857e-02,-2.522714583016091167e-02,8.228008730521294001e-02,-4.583523679001066942e-02,-2.884625145931679069e-01,-2.882594792142531004e-01,2.767879803055682819e-01,-9.628952845033247887e-02,7.202680067001675235e-02,-5.771280645652505231e-02,3.690168011776052276e-02,1.062382620171564984e-01,2.935383990660372922e-01,1.656261103497284615e-01,1.613623673925181634e-01,1.382163341962337200e-01,-1.680117760519770839e-02,-1.901933911984163561e-01,9.882747068676718538e-02,-2.690218770620781026e-03,-6.695091619714736708e-02,-8.309222882087205497e-02,-1.448149840109639319e-01,-3.659712704938836159e-02,-3.675447946804731303e-01,-4.376935180955282556e-01,1.134460179686310466e-01,-1.892797319932998656e-01,-5.639307649357901131e-02,-1.230901984670829119e-01,1.385716461093345828e-02,-1.791787218922897412e-02,-2.072483630272575206e-01,-9.639104613978986824e-02,-7.030099994924116080e-02,9.375158621389778624e-02,-4.390640069032029219e-02,-1.111111111111111327e-01,-1.078625450484747006e-01,-1.255266230140602013e-01,-2.396325059641642996e-01,-1.527333637886401918e-01,-1.584183543982539133e-01,6.847368153900817989e-02,-2.037967615857063375e-01,-9.771077610273591618e-02,-1.059337089487843442e-01,-3.751078625450485204e-02,1.629358915791076848e-02,6.136744327699102108e-02,-1.322267905182478442e-01,-4.380488300086290282e-02,-1.506014923100350567e-01,-2.425765189584285220e-01,-1.384193695751484987e-01,-2.025785493122176928e-01,-1.461347139739099521e-01,-1.532409522359271248e-01
8.563017105730674761e-02,3.903355159636567179e-02,5.495660118775697045e-01,1.000000000000000000e+00,3.101873001370489269e-01,3.738388914268311880e-01,4.476422516623522196e-01,2.697832597330085402e-01,3.160753261255774271e-01,1.239023399827419991e-01,1.698898533069387595e-01,4.421095375869246030e-02,1.019745190599462142e-01,8.882797827521446768e-03,-6.522511547637176166e-02,-2.581087254454088598e-01,-9.172123242475002658e-02,1.573524186589513561e-03,1.497385919496472401e-02,1.289782244556113844e-01,5.730673569869550871e-02,-6.512359778691437229e-02,4.252068422922694602e-01,6.094614486574285728e-01,3.946500177655957176e-01,4.787066646363130062e-01,4.471854220597939328e-02,5.152022739962439091e-02,-7.354956601187757903e-02,-1.626820973554642114e-01,3.555657073245013233e-01,3.256179889345718892e-01,4.009948733566824630e-03,1.493832800365464120e-01,2.020709608649307598e-01,1.569971067458504899e-01,1.741028374194203421e-02,-2.431348662504441774e-02,2.385665702248617251e-03,1.091315161666920643e-02,-6.664636312877519897e-02,-8.867570174102838709e-02,-3.595248972133394672e-01,-3.291711080655804755e-01,-1.040048728490939739e-01,-2.205471803461753755e-01,-1.539515760621288643e-01,-1.942540987767118754e-01,-4.573371910055328005e-02,-9.608649307141771401e-02,-7.852393279528958880e-02,-3.730775087559008024e-02,-9.588345769250293527e-02,-4.421095375869246030e-02,-3.213034871326328479e-02,-8.552865336784935824e-02,-2.654687579310695267e-02,1.497385919496472401e-02,-1.471498908684838458e-01,2.284148012791229181e-03,4.685041368458454925e-02,8.238160499467032938e-02,-2.110045175371808857e-01,-1.957768641185726743e-01,2.799350286787473108e-01,1.234962692249124694e-01,8.390437033653115606e-02,7.091010608598549703e-02,-4.563220141109589068e-02,3.345007867620933967e-02,2.246078879244708670e-01,2.306989492919141183e-01,2.378051875539313187e-01,1.902949088878737316e-01,-3.253641947109284227e-02,-1.442058778742195957e-01,1.119232526267702338e-01,3.517587939698493121e-02,-1.060352266382417197e-01,-2.588701081163393390e-03,-1.788234099791888854e-01,8.573168874676413698e-02,-3.308969087863560810e-01,-3.364803817065123992e-01,6.055530176133192000e-02,-4.786559057915842214e-02,-1.076595096695599357e-01,-5.862646566164154971e-02,-2.136947363078016762e-02,2.746053499822344660e-02,-1.312116136236739505e-01,-7.740723821125831960e-02,-1.461347139739099521e-01,1.216689508146794885e-01,-4.827166133698797962e-02,-3.751078625450485204e-02,-1.441043601847622202e-01,-1.347647327546825369e-01,-2.815593117100655407e-01,-1.420740063956144605e-01,-7.913303893203391115e-02,8.461499416273286778e-02,-2.168925435257093859e-01,-1.227856453987107299e-01,-1.257296583929749800e-01,-5.040353281559312865e-02,3.081061875031724379e-02,9.694939343180551325e-03,-1.578600071062382856e-02,-2.339982741992792728e-02,-1.159839602050657531e-01,-1.594335312928278070e-01,-1.190294908887873926e-01,-1.576062128825948261e-01,-1.529363991675549705e-01,-2.390233998274199911e-01
1.208568092990203735e-01,4.380488300086290282e-02,4.341403989645196138e-01,3.101873001370489269e-01,1.000000000000000000e+00,4.184051570986244695e-01,1.239023399827419991e-01,-2.037967615857063375e-01,4.128216841784681512e-01,2.628800568499061741e-01,1.011623775442871132e-01,-1.430891832901883265e-01,5.740825338815289808e-02,-1.954723110502005201e-01,2.075529160956297026e-01,-1.999390893863255969e-01,-1.446119486320491532e-01,-6.289020861885184777e-02,-2.153697781838485592e-01,-1.281660829399522972e-01,2.163849550784224252e-01,1.181158316836709021e-01,2.827775239835541576e-01,4.440891325313436888e-01,5.738287396578855004e-01,5.750469519313741174e-01,4.368813765798691406e-01,3.021674026699153193e-01,-1.337495558601086432e-01,-1.719202070960865192e-01,3.483579513730267752e-01,2.396325059641642996e-01,-1.897873204405867986e-01,-1.065428150855286665e-01,9.029998477234658927e-02,4.948987361047663125e-02,1.182681082178569862e-02,3.806913354652048491e-03,1.056291558804121761e-01,7.294045987513324281e-02,-5.273843967311304948e-02,-4.674889599512715987e-02,-2.459266027105223573e-01,-1.934419572610527605e-01,-1.598903608953860384e-02,-1.510075630678646141e-01,-4.908380285264708071e-02,-1.352723212019694699e-01,1.472006497132125492e-03,1.548144764225166392e-02,1.091315161666920643e-02,4.827166133698797962e-02,-9.897974722095326597e-03,-5.690066494086595122e-02,1.712095832698848075e-01,7.639206131668443978e-02,3.690168011776052276e-02,5.974316024567281891e-02,-1.624790619765494326e-01,-1.714126186487995862e-01,-1.395868230039084591e-02,-1.950662402923709626e-01,-2.681589767016903103e-01,-4.127201664890107757e-01,2.489721333942439552e-01,-9.466524541901427670e-02,4.583523679001066942e-02,-5.669762956195117942e-02,1.164915486523526861e-01,1.167961017207248403e-01,2.088726460585757505e-01,4.806862595807320088e-02,8.238160499467032938e-02,5.761128876706766294e-02,4.715496675295671042e-02,-8.217856961575555064e-02,9.537586924521598841e-02,6.040302522714583421e-03,1.268971118217349569e-03,-2.725749961930867132e-02,-6.075833714024669874e-02,-6.339779706613878074e-02,-2.510024871833917426e-01,-2.496827572204456946e-01,1.873508958936094815e-01,-1.982132886655499915e-01,2.195320034516014818e-01,6.040302522714583421e-03,2.262321709557890692e-01,9.644180498451855772e-04,-2.439977666108319454e-01,-6.370235013451094885e-02,3.197807217907720941e-03,5.659611187249379005e-02,1.172529313232831098e-02,4.847469671590275142e-02,-4.532764834272372256e-02,-2.867874727171209823e-02,-2.020709608649307598e-01,-7.659509669559921852e-02,-1.163900309628952828e-01,1.293842952134409419e-01,-8.684838333079540618e-02,9.897974722095326597e-03,3.009999492411553207e-02,3.801837470179179196e-02,5.385513425714431174e-02,1.078625450484747006e-01,-1.121770468504136933e-02,-2.654687579310695267e-02,-1.118217349373128444e-01,-2.539465001776559649e-01,-1.804476930105070875e-01,-2.856200192883610045e-01,-2.088726460585757505e-01,-9.456372772955688732e-02
1.333434851022791134e-01,3.903355159636567179e-02,4.257144307395563931e-01,3.738388914268311880e-01,4.184051570986244695e-01,1.000000000000000000e+00,2.813562763311507342e-01,5.294147505202782128e-02,5.499720826353992065e-01,1.708035125120552500e-01,1.434952540480178840e-01,-3.375463174458150084e-02,1.539515760621288643e-01,-8.898025480940054133e-02,1.526318460991828163e-01,-2.548601593827724554e-01,-1.309070605553017963e-01,-1.033957667123496377e-01,-9.202578549312219469e-02,3.253641947109284227e-02,1.020252779046748950e-02,-7.568143749048272806e-02,1.612608497030607879e-01,2.939444698238668496e-01,3.552611542561291968e-01,4.401299426425055450e-01,1.659306634181006435e-01,8.766052484645450726e-02,-5.329678696512868234e-03,-5.365209887822953994e-02,3.232830820770519753e-01,1.593320136033704038e-01,-6.624029237094565536e-02,3.141972488706157307e-02,3.761230394396224141e-02,4.329729455357596984e-02,-1.751180143139942358e-02,-2.106492056240800298e-02,1.801938987868636349e-02,-1.109080757321963540e-01,-8.735597177808233915e-02,-6.776305771280646817e-02,-3.646007816862088524e-01,-3.253134358661997072e-01,-1.239023399827419991e-01,-2.365869752804426462e-01,-1.874524135830668847e-01,-2.109029998477234824e-01,-1.466930612659256110e-02,-1.649662453682554722e-02,-3.933810466473783296e-02,-1.923760215217501859e-02,-5.324602812039998245e-02,-5.030201512613573928e-02,3.603877975737272785e-03,-4.857621440536014079e-02,-1.355261154256129190e-02,2.045581442566367369e-02,-2.938937109791381688e-02,-4.806862595807320088e-02,1.217704685041368640e-01,2.573473427744784811e-02,-1.070504035328155995e-01,-1.693822648596518265e-01,1.120247703162276232e-01,-7.588447286939750680e-02,-7.019948225978377143e-02,-1.022790721283183824e-01,4.938835592101924188e-02,6.695091619714736708e-02,3.249073651083701497e-01,1.082686158063042581e-01,1.937465103294249147e-01,1.878584843408964422e-01,-1.791787218922897412e-02,-1.988223948022943277e-01,1.324298258971626230e-01,1.202984620070047389e-02,6.228110248210751154e-02,6.344855591086748063e-03,2.867874727171209823e-02,2.969392416628598153e-02,-2.178062027308258763e-01,-2.940459875133242251e-01,1.533424699253845280e-01,-1.400436526064667009e-01,-1.065935739302573647e-03,-1.315161666920461325e-01,7.182376529110198748e-02,-1.030912136439774834e-01,-1.368966042332876720e-01,6.613877468148826599e-02,-2.187706207806710754e-02,1.549667529567027302e-01,-7.664585554032791667e-03,-3.400842596822497080e-03,-7.060555301761332891e-02,-1.130399472108015030e-01,-1.725293132328308554e-01,-5.781432414598244168e-02,-7.202680067001675235e-02,1.908024973351606923e-01,-1.027866605756053153e-01,1.162377544287092161e-02,-1.771483681031419885e-02,-6.847368153900817989e-02,7.613826709304097632e-04,6.593573930257348725e-02,-7.141769453327243000e-02,-8.755900715699711789e-02,-1.102989695954520316e-01,-1.265417999086340950e-01,-8.349829957870161246e-02,-1.616669204608903176e-01,-2.045073854119080492e-01,-1.600426374295721155e-01
1.192325262677021713e-01,3.365311405512411147e-02,4.495710877620426316e-01,4.476422516623522196e-01,1.239023399827419991e-01,2.813562763311507342e-01,1.000000000000000000e+00,3.470382214100807827e-01,2.357748337647835590e-01,8.679762448606671496e-03,3.610476625552002661e-01,1.766915385005837502e-01,3.388152885640323686e-01,1.141566417948327722e-01,3.131820719760418370e-02,-2.563829247246333098e-01,-1.165930663418100616e-01,-4.624130754784021996e-02,2.430841074057154549e-01,2.314095731181158577e-01,-5.872798335109893908e-02,-7.903152124257653566e-02,3.627734632759758715e-01,2.920156337241764377e-01,1.728338663012030096e-01,1.831886706258565867e-01,-1.994822597837673378e-02,-5.882950104055632845e-02,7.375260139079235777e-02,1.446627074767778583e-02,3.694736307801635422e-01,2.408507182376529721e-01,1.858281305517486826e-01,3.092736409319324364e-01,1.146642302421197052e-01,9.659408151870464698e-02,-1.477082381604994873e-02,-8.837114867265621898e-02,-6.573270392365870851e-02,-1.173036901680117872e-01,-1.493832800365464120e-01,-6.075833714024669874e-02,-2.814577940206081097e-01,-2.072483630272575206e-01,-8.278767575249988686e-02,-1.333434851022791134e-01,-1.729353839906604129e-01,-1.537485406832140855e-01,-2.938937109791381688e-02,-5.700218263032334060e-02,-8.248312268412771875e-02,-4.187604690117253947e-02,-1.465407847317395096e-01,-1.874524135830668847e-01,-8.441195878381810291e-02,-1.966905233236891648e-01,-3.233338409217806353e-02,-3.649560935993097222e-02,7.507233135373840571e-02,9.679711689761942572e-02,1.817674229734531355e-01,1.947616872239988084e-01,-5.801735952489722042e-02,1.284198771635957845e-02,1.533424699253845280e-01,1.183188670625856809e-01,7.446322521699408337e-02,9.314248007715346389e-02,-7.882848586366175692e-02,7.969138622404954575e-03,2.683620120806051168e-01,1.851175067255469708e-01,3.258210243134866402e-01,2.876503730775087919e-01,7.740723821125831960e-02,-7.730572052180093023e-02,1.662352164864727977e-01,9.943657682351150773e-02,-6.999644688086900657e-02,-2.989695954520075333e-02,-5.020049743667834991e-02,7.466626059590884823e-02,-2.644028221917669730e-01,-3.394243947007766771e-01,6.146896096644841045e-02,-5.466727577280341976e-02,-1.688746764123648936e-01,-1.965890056342317893e-01,3.375463174458150084e-02,-1.040048728490939739e-01,-6.268717323993706902e-02,-2.898330034008425940e-02,-1.003502360286280121e-01,1.816659052839957600e-01,-7.984366275823563674e-02,-1.040048728490939739e-01,-1.119232526267702338e-01,-1.476574793157707788e-01,-1.352723212019694699e-01,-8.207705192629816127e-02,-3.700319780721791213e-02,8.634079488350845932e-02,-1.487741738998020757e-01,-6.522511547637176166e-02,2.543018120907568694e-02,3.111517181868941190e-02,5.162174508908178028e-02,6.969189381249683846e-02,-5.243388660474088137e-02,-1.272524237348358067e-01,-1.116186995583980657e-01,-1.073549566011877676e-01,-1.138520887264606041e-01,-1.428861479112735478e-01,-1.339525912390234219e-01,-6.715395157606214582e-02
-2.385665702248617251e-03,-8.578244759149283860e-03,5.304299274148521065e-02,2.697832597330085402e-01,-2.037967615857063375e-01,5.294147505202782128e-02,3.470382214100807827e-01,1.000000000000000000e+00,-1.984670828891934788e-02,-4.857621440536014079e-02,1.919191919191919338e-01,3.902847571189280163e-01,1.847114359677174134e-01,4.201309578194000749e-01,-4.400791837977768156e-02,-1.558296533170905329e-02,9.760925841327852681e-02,1.454240901477082404e-01,2.845033247043297631e-01,2.431856250951728859e-01,-1.937465103294249147e-01,-1.135475356580884360e-01,-6.750926348916299474e-03,1.751180143139942358e-02,-2.102938937109791739e-01,-9.700015227653420447e-02,-3.190193391198416495e-01,-2.352672453174965983e-01,1.383178518856910955e-01,1.316176843815035080e-01,2.329830973047053791e-02,1.040048728490939739e-01,2.680574590122329348e-01,2.932338459976651102e-01,4.745951982132887159e-02,1.154763717577787924e-01,-1.071011623775443115e-02,-5.126643317598092095e-03,-9.456372772955688732e-02,-5.070808588396528982e-02,4.756103751078626096e-02,8.664534795188062744e-02,-2.323232323232323482e-01,-1.905994619562459136e-01,-1.899903558195015774e-01,-9.659408151870464698e-02,-1.743566316430638363e-01,-1.750672554692655480e-01,-1.144611948632049264e-01,-1.873508958936094815e-01,-1.287751890766966334e-01,-1.580122836404243558e-01,-1.181158316836709021e-01,-1.486726562103447002e-01,-2.054210446170245397e-01,-2.236942287193543766e-01,-9.913202375513933962e-02,-1.008578244759149450e-01,7.649357900614182915e-02,2.100908583320643952e-01,1.848129536571747888e-01,4.152581087254454961e-01,2.483630272574996467e-01,3.334348510227908013e-01,-5.355058118877215056e-02,2.630830922288209250e-01,-1.913608446271763269e-02,1.542561291305010185e-01,-2.097863052636922410e-01,-1.361859804070859603e-01,1.979087355971778373e-01,2.094817521953200590e-01,3.181056799147251590e-01,2.862291254251053685e-01,5.608852342520685014e-02,4.187604690117253947e-02,8.116339272118167081e-02,3.974417542256739044e-02,-2.126795594132277825e-02,8.542713567839196886e-02,6.999644688086900657e-02,1.642048626973250103e-01,-1.771483681031419885e-02,-5.639307649357901131e-02,-6.750926348916299474e-03,2.052180092381097887e-01,-2.070453276483427696e-01,-9.365006852444039687e-02,-4.035328155931171279e-02,-7.091010608598549703e-02,4.735800213187148916e-02,-1.148672656210344839e-01,-1.391299934013502104e-01,3.243490178163545290e-02,-5.771280645652505231e-02,-2.725749961930867132e-02,-7.639206131668443978e-02,-9.324399776661085326e-02,-8.228008730521294001e-02,-9.101060859854830098e-02,-3.192731333434851299e-02,-1.193340439571595468e-01,-1.542561291305010185e-01,-1.831886706258565867e-01,-7.365108370133496840e-02,-1.587229074666260675e-01,7.131617684381504063e-02,-1.006547890970001663e-01,8.908177249885793070e-02,-7.258514796203238521e-03,6.547890970001523335e-03,1.482665854525151428e-01,-5.375361656768692237e-02,-1.010101010101010187e-02,4.817014364753059025e-02,-1.386224049540632774e-01
1.293842952134409419e-01,3.710471549667530150e-02,4.337343282066900563e-01,3.160753261255774271e-01,4.128216841784681512e-01,5.499720826353992065e-01,2.357748337647835590e-01,-1.984670828891934788e-02,1.000000000000000000e+00,2.072483630272575206e-01,2.359778691436983378e-01,-1.172529313232831098e-02,2.082635399218314143e-01,-2.532866351961829757e-02,2.798335109892899353e-01,-2.460281203999797328e-01,-1.750672554692655480e-01,-2.100908583320643952e-01,-3.629257398101619347e-02,1.822242525760113876e-02,5.837267143799808149e-03,2.756205268768083250e-02,1.400436526064667009e-01,2.639967514339374155e-01,3.407441246637227250e-01,4.134307903152125152e-01,8.035125120552256972e-02,4.959139129993402062e-02,-2.289223897264098737e-02,-1.097913811481650848e-01,2.425765189584285220e-01,5.141870971016700848e-02,-1.637987919394954806e-01,-6.410842089234049246e-02,-6.217958479265012217e-02,-9.568042231358815652e-02,-1.426831125323587690e-01,-1.385208872646058742e-01,7.233135373838892046e-02,-9.618801076087508950e-02,-1.093853103903355412e-01,-7.842241510583219943e-02,-2.873458200091366099e-01,-2.655195167757982144e-01,-1.000456829602558440e-01,-1.987208771128369245e-01,-9.131516166692046910e-02,-1.807522460788792695e-01,7.456474290645147274e-02,5.893101873001371782e-02,7.162072991218720874e-02,1.144611948632049264e-01,-1.720724836302725894e-02,-4.106390538551343145e-02,1.771483681031419885e-02,-8.238160499467032938e-02,-3.152124257651896244e-02,3.578498553372925356e-02,9.644180498451855772e-04,-1.142074006395614634e-02,1.886706258565555294e-01,4.715496675295671042e-02,-1.355768742703416241e-01,-1.487741738998020757e-01,3.456677326024060193e-02,-1.511090807573219896e-01,-2.152682604943911560e-01,-2.321201969443175972e-01,-1.629358915791076848e-02,2.928785340845642751e-02,3.209481752195320614e-01,1.272524237348358067e-01,1.830871529363992112e-01,2.102938937109791739e-01,-2.817115882442516178e-02,-1.059337089487843442e-01,4.299274148520380173e-02,-7.766103243490179303e-03,-1.776559565504289267e-03,-4.390640069032029219e-02,-3.822141008070657070e-02,-5.466727577280341976e-02,-2.483630272574996467e-01,-3.002385665702249073e-01,1.132429825897162678e-01,-1.866402720674077698e-01,6.258565555047967965e-02,-9.750774072382113744e-02,3.096289528450332871e-03,-1.194355616466169501e-01,-1.930358865032232030e-01,-3.446525557078321256e-02,-9.202578549312219469e-02,3.040454799248769324e-02,-6.766154002334907880e-02,-8.735597177808233915e-02,-1.094868280797929305e-01,-1.379117811278615380e-01,-1.220750215725090182e-01,-4.959139129993402062e-02,-9.892898837622456087e-02,1.023805898177757717e-01,-5.476879346226080914e-02,3.933810466473783296e-02,-4.705344906349932105e-02,-1.041063905385513633e-01,3.030303030303031081e-02,2.400893355667225310e-02,-8.491954723110503589e-02,-1.414649002588701243e-01,-1.709050302015126532e-01,-1.264402822191766917e-01,-6.004771331404498702e-02,-1.741535962641490576e-01,-1.294858129028983451e-01,-1.053246028120400080e-01
-1.013654129232018919e-01,-1.110095934216537433e-01,7.486929597482362697e-02,1.239023399827419991e-01,2.628800568499061741e-01,1.708035125120552500e-01,8.679762448606671496e-03,-4.857621440536014079e-02,2.072483630272575206e-01,1.000000000000000000e+00,-7.314349525404802155e-02,-5.994619562458759765e-02,-2.999847723465814270e-02,3.872899852799351061e-02,2.927262575503781772e-01,2.476524034312979072e-01,-7.852393279528958880e-02,-1.312116136236739505e-01,-1.645094157656971923e-01,-1.942540987767118754e-01,8.877721943048577646e-02,2.089741637480331260e-01,6.908278767575251611e-02,6.187503172427796794e-02,1.471498908684838458e-01,1.120247703162276232e-01,2.077559514745444813e-01,2.573981016192071758e-01,-8.491954723110503589e-02,-1.052230851225826186e-01,-1.274047002690219081e-02,-4.314501801938988405e-03,-1.322267905182478442e-01,-9.263489162986651704e-02,6.827064616009341502e-02,7.314349525404802155e-02,-2.603928734582001275e-02,2.827267651388254768e-02,4.360184762194813102e-02,1.203492208517334405e-01,1.110095934216537433e-01,7.192528298055936298e-02,-2.738439673113040596e-01,-2.110045175371808857e-01,-1.746611847114359906e-01,-1.967920410131465681e-01,-2.034922085173341832e-01,-2.370945637277295792e-01,-1.249175168773158928e-01,-1.976041825288056553e-01,-1.378102634384041625e-01,-1.004517537180854014e-01,-9.121364397746307973e-02,-4.238363534845947939e-02,-1.268971118217349569e-03,-2.136947363078016762e-02,-2.216638749302066169e-01,-1.602456728084868942e-01,-2.675498705649460018e-01,-2.281610070554794534e-01,-1.064412973960712772e-01,-1.243084107405715566e-01,-1.606517435663164517e-01,-1.259326937718897588e-01,1.221765392619664214e-01,9.141667935637785847e-02,-1.822242525760113876e-02,-3.202883102380590236e-02,-1.384193695751484987e-01,-1.172021724785543978e-01,7.517384904319579508e-02,1.216689508146794885e-01,2.024770316227603173e-01,1.519212222729811046e-01,8.664534795188062744e-02,1.944063753108979387e-02,1.117202172478554550e-01,-2.796812344551038304e-02,3.020151261357292144e-02,6.725546926551953519e-02,-2.817115882442516178e-02,2.055733211512105960e-02,3.294249022892239975e-02,1.063397797066138878e-01,-2.390741586721486719e-02,7.395563676970713651e-02,2.218669103091213957e-01,1.827825998680270292e-01,1.396375818486371434e-01,1.269478706664636525e-01,-7.903152124257653566e-02,-3.578498553372925356e-02,1.284198771635957845e-02,1.609055377899598974e-02,-3.121668950814680127e-02,2.008527485914420874e-01,-4.015024618039694099e-02,6.177351403482057857e-02,-1.260342114613471620e-01,2.035429673620628432e-02,-6.918430536520989160e-02,-2.888178265062687697e-02,-3.213034871326328479e-02,2.081112633876453476e-03,8.359981726815898795e-02,6.979341150195422783e-02,2.837419420333993705e-02,2.025277904674889842e-02,-4.035328155931171279e-02,-1.072534389117303782e-01,-8.288919344195727623e-02,-5.304299274148521065e-02,-2.197857976752449344e-02,-6.908278767575251611e-02,-4.431247144814984273e-02,1.022790721283183824e-01
4.678442718643723852e-01,2.687680828384346743e-01,2.331353738388914631e-01,1.698898533069387595e-01,1.011623775442871132e-01,1.434952540480178840e-01,3.610476625552002661e-01,1.919191919191919338e-01,2.359778691436983378e-01,-7.314349525404802155e-02,1.000000000000000000e+00,4.093700827369169959e-01,6.041825288056444920e-01,2.258261001979595395e-01,1.291812598345261631e-01,-1.745596670219786151e-01,1.625805796660068081e-01,1.159839602050657531e-01,4.629714227704178064e-01,3.266331658291457551e-01,-6.684939850768997771e-02,-2.136947363078016762e-02,3.751078625450485204e-02,6.339779706613878074e-02,-1.720724836302725894e-02,3.558195015481448176e-02,1.091315161666920643e-02,9.796457032637938961e-03,2.384142936906756272e-01,1.618699558398050964e-01,2.442008019897467519e-01,1.328358966549921527e-01,8.126491041063906018e-02,1.121262880056850125e-01,-1.783158215319019524e-01,-2.438962489213745699e-01,-1.564895182985635569e-01,-2.438962489213745699e-01,-1.302979544185574601e-01,-1.942540987767118754e-01,-1.633927211816659231e-01,8.476727069691896224e-03,-2.792244048525455713e-01,-1.792294807370184428e-01,-1.875539312725242602e-01,-2.316126084970306087e-01,-1.156794071366935711e-01,-2.601390792345566472e-01,-1.089792396325059837e-01,-7.486929597482362697e-02,-3.558195015481448176e-02,-2.279072128318359799e-02,-1.463377493528247308e-01,-2.737424496218466285e-01,-1.923760215217501859e-02,-1.930358865032232030e-01,2.517131110095934265e-01,2.002436424546977511e-01,1.765900208111263470e-01,1.828841175574844324e-01,3.695751484696209177e-01,3.178011268463530326e-01,2.447083904370336849e-01,1.884675904776407507e-01,-1.057306735698695654e-01,-2.806964113496777241e-02,-2.284655601238516354e-01,-2.020709608649307598e-01,5.334754580985737182e-02,8.248312268412771875e-02,2.803410994365768683e-01,1.619714735292624996e-01,2.728287904167301381e-01,2.275519009187351172e-01,4.796710826861581151e-02,3.822141008070657070e-02,-7.679813207451399726e-02,-8.781280138064059132e-03,7.497081366428101634e-02,5.801735952489722042e-02,1.152733363788640414e-01,1.548652352672453547e-01,-1.001472006497132333e-01,-1.682655702756205574e-01,1.359829450281711816e-01,-4.025176386985432342e-02,-4.482005989543678265e-02,-9.344703314552561813e-02,1.060859854829704352e-02,-1.478605146946855575e-01,-1.975026648393482798e-01,3.070910106085986135e-02,-1.476574793157707788e-01,2.208517334145475297e-01,-3.131820719760418370e-02,-1.399421349170092976e-01,-9.019846708288919990e-02,-1.131414649002588924e-01,1.979594944419064972e-03,6.329627937668139137e-02,-2.928785340845642751e-02,1.848129536571747888e-01,1.105020049743668104e-01,1.422770417745292393e-01,1.074564742906451570e-01,1.125323587635145561e-01,2.282625247449368289e-01,1.094868280797929305e-01,-3.502360286279884716e-03,-1.258311760824323833e-01,-2.547586416933150799e-01,-1.110095934216537433e-01,-1.914116034719050008e-01,-1.828841175574844324e-01,-1.806507283894218663e-01,-6.329627937668139137e-02
3.084614994162733215e-01,2.982082127810771754e-01,-7.608750824831228554e-02,4.421095375869246030e-02,-1.430891832901883265e-01,-3.375463174458150084e-02,1.766915385005837502e-01,3.902847571189280163e-01,-1.172529313232831098e-02,-5.994619562458759765e-02,4.093700827369169959e-01,1.000000000000000000e+00,4.263235368763007571e-01,5.129181259834526552e-01,8.735597177808233915e-02,6.441297396071266057e-02,2.724227196589006361e-01,1.933404395715953850e-01,4.784021115679408243e-01,3.733313029795442550e-01,-1.442058778742195957e-01,-8.065580427389473783e-02,-1.084716511852190368e-01,-1.016699659915740461e-01,-2.277549362976498959e-01,-1.818689406629105387e-01,-1.787218922897315099e-01,-1.024821075072331472e-01,3.506928582305467446e-01,2.505964164255621851e-01,7.649357900614182915e-02,1.167961017207248403e-01,1.127353941424293349e-01,1.509060453784072109e-01,-2.700878128013806667e-01,-2.463326734683519148e-01,-2.037967615857063375e-01,-1.833917060047713654e-01,-2.470432972945535988e-01,-1.227856453987107299e-01,-1.111618699558398170e-02,9.395462159281256498e-02,-2.055225623064819429e-01,-1.160854778945231286e-01,-2.058271153748540971e-01,-9.334551545606824263e-02,-7.974214506877824737e-02,-1.511090807573219896e-01,-1.256281407035176045e-01,-1.101974519059946422e-01,-5.771280645652505231e-02,1.416171767930562118e-02,-7.771179127963048772e-02,-1.555758590934470664e-01,-6.471752702908481480e-02,-1.012638952337445025e-01,1.908024973351606923e-01,1.630881681132937411e-01,9.354855083498300750e-02,2.614588091975026951e-01,1.896858027511294231e-01,5.013451093853105167e-01,4.384041419217299396e-01,4.907872696817420777e-01,-3.065326633165829651e-01,8.806659560428405087e-02,-3.283589665499213606e-01,-1.403482056748388551e-01,1.395868230039084591e-02,3.476980863915538067e-02,8.441195878381810291e-02,1.640018273184102315e-01,2.768894979950256574e-01,2.084665753007461930e-01,-1.050708085883965415e-02,6.745850464443430006e-02,-1.957768641185726743e-01,-7.801634434800265583e-02,3.253641947109284227e-02,8.096035734226689207e-02,1.211613623673925277e-01,3.260240596924014467e-01,4.015024618039694099e-02,5.872798335109893908e-02,-1.878077254961677336e-03,2.334399269072635896e-01,-7.121465915435765126e-02,4.339881224303335228e-02,-2.857722958225470886e-02,3.400842596822497080e-03,-8.380285264707376669e-02,-3.690168011776052276e-02,-1.953707933607431446e-01,1.181158316836709021e-01,-7.761027359017309835e-02,-1.312116136236739505e-01,-1.618699558398050964e-01,-1.848129536571747888e-01,7.426018983807930463e-02,4.542916603218111193e-02,3.263793716055023164e-02,2.035429673620628432e-02,8.755900715699711789e-02,6.248413786102229028e-02,7.598599055885489617e-02,6.644332774986043411e-02,1.835947413836861442e-01,7.781330896908787709e-02,2.065884980457845244e-02,-8.278767575249988686e-02,-2.137454951525303570e-01,7.563067864575404031e-03,-1.824780467996548750e-01,-6.634181006040304474e-02,-1.402466879853814796e-01,-1.979594944419064972e-03
4.161717679305619866e-01,2.668392467387442624e-01,1.822750114207400962e-01,1.019745190599462142e-01,5.740825338815289808e-02,1.539515760621288643e-01,3.388152885640323686e-01,1.847114359677174134e-01,2.082635399218314143e-01,-2.999847723465814270e-02,6.041825288056444920e-01,4.263235368763007571e-01,1.000000000000000000e+00,2.941475052027816006e-01,1.938480280188823179e-01,-8.024973351606518035e-02,1.259326937718897588e-01,7.405715445916452588e-02,2.941475052027816006e-01,2.449114258159484359e-01,-3.446525557078321256e-02,4.517537180853764545e-03,-7.055479417288463249e-03,-6.547890970001523335e-03,-5.933708948784326143e-02,-1.472006497132125492e-03,1.466930612659256110e-02,3.832292777016396007e-02,2.781077102685143299e-01,1.605502258768590484e-01,1.961829348764022318e-01,1.000456829602558440e-01,6.085985482970408811e-02,6.248413786102229028e-02,-2.064362215115984334e-01,-2.760773564793665980e-01,-1.257296583929749800e-01,-1.652200395918989040e-01,-1.641033450078676348e-01,-1.269478706664636525e-01,-1.452210547687934616e-01,2.157250900969494289e-02,-2.334399269072635896e-01,-1.608547789452312304e-01,-1.718186894066291437e-01,-1.758793969849246352e-01,-6.969189381249683846e-02,-1.690777117912796723e-01,-1.015684483021166568e-01,7.055479417288463249e-03,-7.055479417288463249e-03,4.390640069032029219e-02,-1.155778894472361956e-01,-2.054210446170245397e-01,4.116542307497081388e-02,-5.730673569869550871e-02,2.055225623064819429e-01,2.084665753007461930e-01,1.917161565402771828e-01,1.870463428252373272e-01,3.968834069336582004e-01,3.530277650880666584e-01,2.200395918988884147e-01,2.171970965940815401e-01,-1.308055428658443931e-01,-9.111212628800569036e-02,-2.561798893457185033e-01,-1.767930561900411257e-01,5.223085122582610956e-02,1.020760367494036036e-01,1.433937363585604807e-01,1.379117811278615380e-01,1.752702908481803268e-01,1.884675904776407507e-01,3.568346784427187113e-02,6.207806710319273280e-02,-9.172123242475002658e-02,-3.553119131008578642e-04,2.390741586721486719e-02,1.852697832597330341e-02,2.319679204101315201e-02,1.502969392416629024e-01,-5.314451043094260002e-02,-1.098928988376224741e-01,5.771280645652505231e-02,4.568296025582458254e-04,2.492259276178874355e-02,-1.639510684736815785e-02,3.365311405512411147e-02,-3.405918481295366201e-02,-2.105984467793513282e-01,5.233236891528349893e-02,-1.441043601847622202e-01,2.325262677021470992e-01,-7.182376529110198748e-02,-1.099944165270798635e-01,-1.205522562306482193e-01,-1.323283082077052197e-01,5.324602812039998245e-02,8.715293639916756041e-02,-6.410842089234049246e-02,1.818689406629105387e-01,9.700015227653420447e-02,1.827825998680270292e-01,1.664382518653875764e-01,1.503984569311202779e-01,2.691741535962641763e-01,1.497893507943759417e-01,-6.187503172427796794e-02,-2.016648901071012023e-01,-2.773970864423125904e-01,-1.681640525861631819e-01,-2.635906806761078580e-01,-2.276534186081925204e-01,-1.921222272981067125e-01,4.847469671590275142e-02
