1.000000000000000000e+00,5.121723816430124865e-01,1.401636796850719846e-01,8.598363203149278489e-02,-3.242515280223764312e-02,1.187195690458924535e-01,2.989744120998653054e-01,2.565005697710555643e-01,1.415104112711074169e-01,5.780586346213612003e-02,5.433543975966019790e-01,3.963534652439655859e-01,4.298145654200766219e-01,2.833316067543768524e-01,1.941365378638764960e-01,6.485030560447528625e-02,8.981663731482439350e-02,-1.802548430539728172e-02,3.887910494146897267e-01,3.731482440692012736e-01,-2.117476432197244185e-01,-1.681342587796539612e-01,-1.105355847922925433e-01,-2.498705065782657886e-01,-6.495390034186263040e-02,-1.042163058116647723e-01,-7.199834248420179661e-02,-6.930487931213094588e-02,1.117787216409406315e-01,-7.852481093960426983e-02,-3.366828965088573128e-02,-7.520977934320935421e-02,1.733139956490210298e-01,1.450326323422770035e-02,-3.414482544286749910e-01,-3.508753755309229616e-01,-1.999378431575675741e-01,-2.530819434372733601e-01,-6.837252667564487629e-02,-3.936600020718947213e-02,-2.537035118615973972e-01,-1.643012534963223525e-01,1.025587900134673075e-02,1.854345799233398512e-02,-1.780793535688386942e-01,-1.227597638039987504e-01,6.557546876618666754e-02,-1.483476639386718809e-01,-8.442971097068269204e-02,-1.321868849062467488e-01,3.232155806485030591e-02,-5.822024241168548969e-02,2.786698435719465322e-02,-1.686522324665906958e-01,-5.179736869367035368e-02,2.900652646845540070e-02,3.230083911737283708e-01,3.411374702165129724e-01,3.103698332124728010e-01,1.562208639801097865e-01,3.115093753237335172e-01,1.530094271211022428e-01,5.987775820988293363e-02,2.282192064643115970e-01,-2.695535066818605663e-01,-2.281156117269242667e-01,6.298560033150316095e-02,1.999378431575675810e-02,3.666217756137987727e-01,1.158189163990469145e-01,1.228633585413860807e-01,5.138298974412099790e-02,1.451362270796643650e-01,1.600538692634413951e-01,1.436859007562415746e-01,1.045270900238267908e-01,5.863462136123483853e-02,5.397285817880451142e-02,2.962809489277944824e-02,2.310162643737698196e-02,4.858593183466279608e-02,6.163886874546772865e-02,-9.323526364860663940e-02,-4.672122656169066385e-02,-1.425463586449808306e-01,-4.371697917745778067e-02,-1.819123588521703028e-01,-1.833626851755930723e-02,-9.903656894229771745e-02,-6.578265824096135583e-02,-2.445871749715114452e-01,-1.917538589039676500e-01,-2.816740909561794015e-01,-2.028384958044131270e-01,-1.280430954107531216e-01,-7.842121620221692568e-02,-5.386926344141716727e-02,-3.088159121516626526e-01,-1.275251217238164148e-01,-2.828136330674401594e-02,9.126696363824716995e-02,2.828136330674401594e-02,4.040194758106287892e-02,-4.723920024862737072e-02,-1.451362270796643650e-01,-1.499015849994820293e-01,-1.212058427431886298e-02,1.302185848958872794e-01,1.315653164819227117e-01,-2.569149487206049895e-02,-1.824303325391070096e-01,-1.478296902517352018e-01,-7.251631617113850348e-02,-5.842743188646016411e-02,1.278359059359784333e-01,-1.683414482544286495e-01
5.121723816430124865e-01,1.000000000000000000e+00,6.464311612970061183e-02,-5.563037397700196229e-02,-3.335750543872371271e-02,5.179736869367035064e-04,3.636175282295659589e-02,3.180358437791359905e-02,-7.386304775717392190e-02,-1.559100797679477679e-01,3.159639490313891907e-01,2.315342380607064987e-01,3.211436859007562039e-01,1.562208639801097865e-01,3.698332124728063303e-02,-1.521806692220034896e-01,2.337097275458406564e-01,3.884802652025276526e-02,3.482855070962395105e-01,4.242204496011602322e-01,-1.322904796436340791e-01,-1.238993059152594944e-01,4.060913705583756028e-02,-1.496943955247073410e-01,1.253496322386822848e-01,6.847612141303222044e-02,8.764114782969023576e-02,3.107842121620221255e-03,1.738319693359577367e-01,-7.655651092924480039e-02,6.816533720087018799e-02,1.957940536620739538e-02,1.553921060810110610e-01,1.416140060084947749e-01,-6.598984771573603025e-02,-9.841500051797368032e-02,-1.670983114057805752e-01,-2.647881487620428187e-01,-1.961048378742359655e-01,-1.528022376463275545e-01,-2.322594012224179216e-01,-2.607479540039365773e-01,5.718429503781207596e-02,1.201698953693152230e-02,-1.429607375945301795e-01,-1.643012534963223525e-01,1.483476639386718809e-01,-4.340619496529576210e-02,-8.329016885942193416e-02,-1.250388480265202662e-01,-4.672122656169066385e-02,-6.661141614006008127e-02,2.548430539728581412e-02,-1.490728271003833039e-01,-1.046306847612141211e-02,2.144411063917952762e-02,5.916295452191028259e-01,5.886252978348699427e-01,2.284263959390862853e-01,1.521806692220034896e-01,1.442038744431782538e-01,2.776338961980731254e-02,9.934735315445974990e-02,2.189992748368382591e-01,-1.668911219310058869e-01,-2.903760488967160325e-01,6.267481611934114238e-02,-2.258365275044027856e-02,2.765979488241996909e-01,1.480368797265098624e-01,-1.937221589143271402e-02,-1.792188956800994451e-02,-2.071894747746814405e-04,7.044442142339168815e-03,1.628509271728995900e-01,2.776338961980731254e-02,8.670879519320418005e-02,2.053247695017093033e-01,8.484408992023205476e-02,6.194965295762974722e-02,4.205946337926032980e-02,6.008494768465761152e-03,-1.138506163886874450e-01,-1.748679167098311227e-01,-1.223453848544494016e-01,-1.536309955454262799e-01,-1.559100797679477679e-01,-5.386926344141716727e-02,-1.861597430850512602e-01,-1.437894954936289049e-01,-1.912358852170309431e-01,-1.993162747332435369e-01,-3.116129700611208753e-01,-1.834662799129803956e-01,-1.998342484201802161e-01,5.366207396664249285e-02,1.339479954418315577e-01,-1.796332746296487870e-01,8.246141096032320872e-02,-1.408888428467833763e-02,7.707448461618149338e-02,4.350978970268310278e-03,1.660623640319071614e-01,-4.713560551124002657e-02,-5.386926344141717074e-03,-8.204703201077384600e-02,1.727960219620843230e-01,2.413757381125038737e-01,7.924997410131565112e-02,-1.157153216616595703e-01,-4.806795814772608921e-02,-7.313788459546254062e-02,-1.103283953175178689e-01,3.449704754998445672e-02,2.213819537967471052e-01,-6.091370558375634042e-02
1.401636796850719846e-01,6.464311612970061183e-02,1.000000000000000000e+00,2.297731275251217176e-01,2.574329224075416755e-01,1.651300113954211057e-01,3.534652439656065237e-01,9.800062156842430372e-02,2.169273800890914594e-01,0.000000000000000000e+00,1.124002900652646825e-01,-7.417383196933594047e-02,8.339376359680927830e-02,3.304672122656168720e-02,2.218999274836838120e-01,9.903656894229771745e-02,1.633689008598362968e-01,1.659587692945198312e-01,3.117165647985081778e-01,2.268724748782761647e-01,-3.646534756034393310e-02,9.561794260851547156e-02,2.996995752615767006e-01,2.761835698746503698e-01,4.858593183466279608e-02,2.092613695224282422e-02,-3.636175282295659589e-02,-3.076763700404019225e-02,2.866466383507717541e-01,1.645084429710970408e-01,2.615767119030353305e-01,3.058116647674298250e-01,1.650264166580337755e-01,1.319796954314720605e-01,-9.074898995131046309e-02,-1.702061535274007886e-01,1.522842639593908476e-01,1.067025795089609347e-02,-1.450326323422769948e-03,4.350978970268310278e-03,6.205324769501708443e-02,-3.522221071169584408e-03,-3.428985807520978230e-02,-2.620946855899720235e-02,-1.490728271003833039e-01,-1.503159639490313781e-01,-3.739770019683000268e-02,-1.875064746710866925e-01,-3.284989122552574026e-01,-2.952450015539210271e-01,-3.298456438412928349e-01,-3.143064332331917399e-01,-2.897544804723919953e-01,-2.720397803791567148e-01,-1.721744535377602581e-01,-1.098104216305811481e-01,8.722676888014088692e-02,9.251010048689525811e-02,-1.497979902620946713e-01,-2.036672537035118247e-01,-1.460685797161504103e-02,1.502123692116440375e-02,1.734175903864083601e-01,7.634932145447011209e-02,-1.035947373873407013e-03,-7.355226354501190333e-02,-1.837770641251424142e-01,-2.385786802030456788e-01,2.648917434994301767e-01,6.630063192789806097e-03,1.500051797368693596e-01,1.520770744846161593e-01,1.741427535481197553e-01,1.324976691184087674e-01,1.536309955454262799e-01,6.723298456438411841e-02,5.594115818916398086e-02,-3.304672122656168720e-02,1.435823060188542166e-01,1.563244587174971167e-01,2.476950170931316308e-01,2.845747436030249267e-01,1.968300010359473606e-02,1.805656272661348705e-01,4.350978970268310278e-03,-3.584377913601988902e-02,5.801305293691079792e-03,9.603232155806483428e-02,-4.889671604682481465e-02,-2.114368590075623999e-01,-2.909976173210400696e-01,-1.411996270589453983e-01,-2.671708277219517202e-01,-8.432611623329534789e-02,8.950585310266237493e-02,-1.327048585931834557e-01,-5.345488449186781149e-02,-1.067025795089609347e-02,-5.438723712835387414e-02,-7.034082668600434574e-02,-2.972133015642804965e-01,-1.559100797679477679e-01,-1.193411374702164907e-01,-1.392313270485859289e-01,-3.359577333471459037e-01,-2.481093960426810352e-01,-1.586035429400186325e-01,-1.633689008598362968e-01,7.914637936392830697e-02,4.827514762250077751e-02,-9.375323733554334626e-02,-5.293691080493110462e-02,-2.301875064746710664e-01,-1.272143375116543962e-01,-1.547705376566870239e-01,-1.043199005490521025e-01
8.598363203149278489e-02,-5.563037397700196229e-02,2.297731275251217176e-01,1.000000000000000000e+00,1.212058427431886437e-01,3.858903967678442015e-01,2.454159328706101428e-01,5.572360924065057342e-01,1.925826168030664032e-01,3.218688490624675991e-01,1.402672744224593149e-01,1.409924375841707378e-01,-8.950585310266237493e-02,8.038951621257639513e-02,5.956697399772091506e-02,2.159950274526053760e-01,7.023723194861700159e-02,3.304672122656168720e-02,5.345488449186781149e-02,1.689630166787527144e-01,6.319278980627783190e-03,1.290790427846265354e-01,-3.315031596394902441e-02,1.948617010255878912e-01,-1.974515694602713978e-01,-9.251010048689525811e-02,-1.439966849684035932e-01,-5.304050554231844877e-02,1.238993059152594944e-01,1.600538692634413951e-01,6.319278980627783537e-02,1.343623743913809065e-01,1.901999378431575571e-01,9.789702683103697345e-02,-2.769087330363617094e-01,-2.548430539728581690e-01,-1.875064746710866995e-02,-4.185227390448564844e-02,1.341551849166062182e-01,1.403708691598466451e-01,1.280430954107531216e-01,1.237957111778721503e-01,-2.652025277115922439e-02,7.935356883870298139e-02,-1.417176007458821052e-01,-4.620325287475396392e-02,-5.511240029006526236e-02,-2.025277115922511084e-01,-2.324665906971925822e-01,-2.597120066300631636e-01,-1.871956904589246740e-01,-1.996270589454055555e-01,-2.177561379881901849e-01,-6.453952139231326768e-02,-1.842950378120791211e-01,-1.051486584481508280e-01,-6.868331088780689486e-02,-1.139542111260747892e-01,-1.896819641562208503e-01,-1.409924375841707378e-01,6.029213715943230328e-02,2.125764011188231717e-01,2.517352118512379555e-02,3.998756863151351620e-02,-1.492800165751579922e-01,2.827100383300528152e-01,-1.629545219102869480e-01,1.305293691080493083e-02,1.912358852170309431e-01,-8.960944784004971908e-02,2.538071065989847344e-02,-6.350357401843985394e-02,1.112607479540039246e-01,1.334300217548948508e-01,5.739148451258675732e-02,6.360716875582719809e-02,-1.253496322386822744e-02,2.962809489277944824e-02,4.858593183466279608e-02,3.584377913601988902e-02,1.933077799647777706e-01,1.566352429296591631e-01,6.536827929141199311e-02,2.498705065782657886e-01,-3.594737387340722623e-02,1.739355640733450670e-01,7.676370040401947481e-02,1.937221589143271472e-01,-2.538071065989847344e-02,-6.630063192789806097e-03,-1.452398218170516953e-01,-2.390966538899823579e-01,-3.936600020718947560e-03,-2.456231223453848589e-01,1.548741323940743542e-01,-8.764114782969023576e-02,-2.358852170309748142e-01,-7.313788459546254062e-02,-2.202424116854863612e-01,-1.452398218170516953e-01,-8.183984253599915770e-02,-2.127835905935978322e-01,-2.331917538589039773e-01,-1.996270589454055555e-01,-2.660312856106910040e-01,-1.781829483062260244e-01,-2.179633274629648731e-01,-1.852273904485652045e-01,1.128146690148140452e-01,8.981663731482439350e-02,-2.969025173521184779e-01,-6.360716875582719809e-02,-1.687558272039780261e-01,-2.070858800372940844e-01,-1.349839428157049437e-01,-1.452398218170516953e-01
-3.242515280223764312e-02,-3.335750543872371271e-02,2.574329224075416755e-01,1.212058427431886437e-01,1.000000000000000000e+00,3.926240546980213075e-01,9.074898995131046309e-02,6.174246348285505892e-02,2.755620014503263326e-01,1.495908007873200107e-01,3.532580544908318909e-02,3.833005283331606533e-02,1.389205428364239103e-01,1.351911322904796320e-01,1.500051797368693596e-01,1.203770848440899183e-01,4.029835284367554171e-02,3.812286335854137703e-02,6.930487931213094588e-02,8.950585310266237493e-02,1.009012742152698566e-01,1.302185848958872794e-01,2.646845540246555162e-01,3.196933595773334136e-01,1.124002900652646825e-01,1.361234849269656877e-01,2.588832487309644659e-01,2.381643012534963022e-01,2.075002589868434333e-01,1.276287164612037450e-01,2.358852170309748142e-01,2.484201802548430538e-01,4.009116336890085341e-02,2.838495804413135662e-02,-2.279084222521495819e-03,-1.124002900652646825e-01,-3.584377913601988902e-02,-1.117787216409406315e-01,-1.752822956593804715e-01,-1.626437376981249294e-01,-8.598363203149279876e-03,-5.096861079457162824e-02,-2.253185538174660718e-01,-2.050139852895472847e-01,-1.045270900238267908e-01,-8.650160571842950563e-02,-1.847094167616284976e-01,-2.676888014088883994e-01,-1.499015849994820293e-01,-9.178493732518386294e-02,-2.310162643737697641e-01,-2.245933906557546766e-01,-1.395421112607479475e-01,-1.506267481611933967e-01,-1.417176007458821052e-01,-1.384025691494872035e-01,-5.884181083600952683e-02,-5.169377395628301647e-02,-5.096861079457162824e-02,-1.118823163783279617e-01,2.351600538692634121e-02,1.260747954003936522e-01,5.946337926033357091e-02,6.744017403915880671e-02,2.726613488034807520e-01,2.189992748368382591e-01,-2.809489277944680063e-01,-2.609551434787112933e-01,-1.246244690769708757e-01,-1.632653061224489666e-01,2.873718015124831493e-01,2.384750854656583208e-01,2.197244379985496543e-01,2.263545011913394578e-01,2.185848958872889033e-02,1.244172796021962152e-01,-2.279084222521495645e-02,5.697710556303739113e-03,5.925618978555889649e-02,7.116958458510307117e-02,8.235781622293587845e-02,1.335336164922821811e-01,-1.201698953693152230e-02,-2.310162643737698196e-02,1.137470216513001009e-01,1.533202113332642752e-02,-4.454573707655650611e-02,4.299181601574639244e-02,-8.266860043509789702e-02,-1.803584377913601822e-01,-1.722780482751475883e-01,-1.266963638247176893e-01,-1.219310059049000250e-01,-4.806795814772608921e-02,-4.889671604682481465e-02,-1.368486480886770829e-01,-1.516626955350668104e-01,-4.423495286439448754e-02,-1.888532062571221248e-01,-1.842950378120791211e-01,-3.366828965088573128e-02,-1.481404744638972412e-02,6.215684243240442945e-04,1.740391588107324111e-02,-1.795296798922614567e-01,-1.689630166787527144e-01,-3.056044752926551089e-02,-6.733657930177145909e-03,-6.381435823060187251e-02,-5.842743188646016411e-02,-1.588107324147933208e-01,-2.050139852895472847e-01,-1.607790324251527903e-01,-4.558168445042991290e-02,2.030456852791878014e-02,5.521599502745260651e-02
1.187195690458924535e-01,5.179736869367035064e-04,1.651300113954211057e-01,3.858903967678442015e-01,3.926240546980213075e-01,1.000000000000000000e+00,1.755930798715425178e-01,3.974930073552263021e-01,4.055733968714388959e-01,4.451465865534030564e-01,2.962809489277944408e-01,2.999067647363513611e-01,9.116336890085982581e-02,2.925515383818501625e-01,1.909251010048689245e-01,2.972133015642804965e-01,1.939293483891018077e-01,1.022480058013052889e-01,1.326012638557961219e-02,1.494872060499326527e-01,-8.940225836527503078e-02,4.102351600538692300e-02,-5.076142131979694688e-02,9.686107945716357359e-02,-1.692738008909147329e-01,-5.935978452294622676e-02,2.071894747746814026e-03,1.172692427224696771e-01,3.286025069926447051e-01,2.719361856417693568e-01,1.964156220863980118e-01,1.826375220138816702e-01,3.169998964052626045e-01,2.373355433543976045e-01,-1.476225007769605135e-01,-2.322594012224179216e-01,-2.499741013156531466e-01,-2.875789909872578098e-01,-2.170309748264788174e-01,-1.975551641976587558e-01,-5.200455816844503504e-02,-1.130218584895887196e-01,-2.519424013260126438e-01,-1.336372112296695391e-01,-1.284574743603024947e-02,1.125038848026520266e-01,-1.897855588936081805e-01,-3.572982492489381046e-01,-1.048378742359888094e-01,-1.507303428985807270e-01,-2.592976276805138425e-01,-3.440381228633584976e-01,-2.086398010981042050e-01,-1.061846058220242417e-01,-2.578473013570910521e-01,-1.869885009841499857e-01,-2.206567906350357169e-02,-4.661763182430331970e-02,3.076763700404019225e-02,-5.832383714907281996e-02,3.080907489899513130e-01,4.489795918367346927e-01,2.354708380814254098e-01,2.861286646638350750e-01,8.815912151662694263e-02,3.270485859318346122e-01,-1.463793639283124393e-01,-2.444835802341240732e-02,2.071894747746814405e-04,-1.308401533202113165e-01,1.457577955039884021e-01,1.389205428364239103e-01,2.461410960323215380e-01,3.288096964674194211e-01,9.509996892157877857e-02,1.698953693152387701e-01,5.086501605718429103e-02,6.671501087744742542e-02,1.602610587382160834e-01,1.002797057909458195e-01,2.150626748161193202e-01,1.962084326116233235e-01,-7.386304775717392190e-02,9.737905314410027352e-03,-5.179736869367035064e-04,4.692841603646533827e-02,-1.619185745364135343e-01,5.925618978555889649e-02,-1.973479747228840675e-01,-1.649228219206464174e-01,-1.955868641872992586e-01,-2.531855381746607181e-01,-2.011809800062156761e-01,-3.154459753444525116e-01,-1.105355847922925433e-01,-1.456542007666010441e-01,-2.866466383507717541e-01,-1.255568217134569453e-01,-2.647881487620428187e-01,-2.554646223971822061e-01,-2.403397907386304461e-02,-8.080389516212575785e-02,-1.735211851237957181e-01,-2.869574225629337866e-02,-1.456542007666010441e-01,-1.806692220035222285e-01,-2.962809489277944824e-02,1.450326323422770035e-02,-1.036983321247280515e-01,-1.519734797472288290e-01,-3.708691598466797856e-01,-1.968300010359473606e-01,-2.402361960012431574e-01,-1.987983010463068301e-01,3.366828965088573128e-02,1.224489795918367319e-01
2.989744120998653054e-01,3.636175282295659589e-02,3.534652439656065237e-01,2.454159328706101428e-01,9.074898995131046309e-02,1.755930798715425178e-01,1.000000000000000000e+00,3.863047757173935226e-01,3.628923650678545498e-01,2.019061431679270435e-01,2.473842328809696123e-01,2.143375116544079251e-01,2.815704962187920435e-01,2.446907697088988032e-01,2.162022169273800920e-01,1.304257743706619677e-01,-3.812286335854137703e-02,-5.045063710763492831e-02,1.955868641872992586e-01,1.103283953175178689e-01,-1.022480058013052889e-01,-1.035947373873407143e-02,-3.004247384232880749e-02,-4.216305811664767395e-02,-6.049932663420697770e-02,-5.107220553195897239e-02,-1.750751061846058110e-01,-5.013985289547290974e-02,2.237646327566559373e-02,-5.583756345177664365e-02,9.737905314410027352e-03,-5.687351082565005045e-02,1.189267585206671418e-01,-9.520356365896612272e-02,-3.560551124002900303e-01,-3.731482440692012736e-01,9.012742152698640860e-03,-2.714182119548326846e-02,5.645913187610068773e-02,5.604475292655133195e-02,-6.547187402879933726e-02,-1.957940536620739538e-02,1.305293691080493083e-02,3.066404226665285504e-02,-2.098829379467522793e-01,-1.684450429918160075e-01,-4.123070548016160436e-02,-1.407852481093960217e-01,-1.446182533927276304e-01,-1.631617113850616085e-01,-6.992644773645498302e-02,-5.935978452294622676e-02,-1.427535481197555189e-01,-1.639904692841603340e-01,-1.548741323940743542e-01,-8.297938464725991559e-02,-7.593494250492073550e-02,-3.501502123692115664e-02,-1.812907904278462587e-02,-6.785455298870816943e-02,2.163058116647674223e-01,2.015953589557650250e-01,-5.977416347249558948e-02,-6.360716875582719809e-02,-2.227286853827825305e-02,7.531337408059669836e-02,-2.786698435719465322e-02,-8.411892675852065959e-02,1.601574640008287254e-01,1.875064746710866995e-02,1.755930798715425178e-01,1.032839531751786888e-01,2.716254014296073382e-01,2.194136537863876357e-01,1.645084429710970408e-01,9.696467419455090386e-02,7.386304775717392190e-02,-4.392416865223246203e-02,-8.173624779861182743e-02,-4.226665285403501116e-02,2.382678959908836325e-02,9.178493732518386294e-02,-1.356055112400289808e-01,9.323526364860664634e-03,-5.210815290583238613e-02,2.869574225629337866e-02,-1.405780586346213334e-01,-1.129182637522013755e-01,-5.045063710763492831e-02,-5.594115818916398086e-02,-1.396457059981352777e-01,-4.102351600538692300e-02,-4.786076867295140785e-02,1.875064746710866995e-02,5.645913187610068773e-02,-1.363306744017403760e-01,-1.235885217030974759e-01,-1.649228219206464174e-01,-2.121620221692737951e-01,-5.117580026934631654e-02,-2.714182119548326846e-02,8.556925308194342217e-02,-9.499637418419143442e-02,-1.061846058220242417e-01,-1.951724852377499098e-01,-1.236921164404848061e-01,-6.920128457474360173e-02,2.962809489277944824e-02,4.485652128871852468e-02,3.014606857971615164e-02,-1.638868745467730037e-01,-1.783901377810007127e-01,7.976794778825234064e-03,-7.075520563555370845e-02,-1.004868952657204939e-02,-1.574640008287578885e-01
2.565005697710555643e-01,3.180358437791359905e-02,9.800062156842430372e-02,5.572360924065057342e-01,6.174246348285505892e-02,3.974930073552263021e-01,3.863047757173935226e-01,1.000000000000000000e+00,3.131668911219309681e-01,4.627576919092509788e-01,2.641665803377187816e-01,3.086087226768879921e-01,1.073241479332849857e-01,2.716254014296073382e-01,1.024551952760799772e-01,2.346420801823267122e-01,2.797057909458199043e-02,-8.132186884906246471e-02,3.957318968196415349e-02,1.521806692220034896e-01,-1.030767637004040144e-01,2.071894747746814026e-03,-1.487620428882212853e-01,1.709313166891121907e-02,-1.893711799440588317e-01,-8.277219517248524117e-02,-1.767326219828032619e-01,-3.315031596394903048e-03,4.081632653061224164e-02,1.553921060810110628e-03,-4.040194758106287892e-02,-5.459442660312855550e-02,1.442038744431782538e-01,5.335128975448046734e-02,-3.815394177975758305e-01,-3.679685071998342050e-01,-1.136434269139127567e-01,-1.160261058738216028e-01,7.966435305086501384e-02,7.717807935356883753e-02,-5.200455816844503504e-02,-3.159639490313891769e-02,-9.737905314410027352e-03,8.349735833419660858e-02,-1.968300010359473606e-01,-6.402154770537656081e-02,2.009737905314409878e-02,-1.126074795400393569e-01,-1.458613902413757324e-01,-1.857453641355019114e-01,-1.065989847715736044e-01,-7.883559515176628840e-02,-1.533202113332642613e-01,-2.227286853827825305e-02,-1.472081218274111647e-01,-4.029835284367554171e-02,-2.040816326530612082e-02,-9.137055837563451410e-02,-3.946959494457681628e-02,-3.905521599502744662e-02,2.098829379467522793e-01,3.352325701854345641e-01,-3.615456334818190759e-02,3.460064228737180086e-02,-1.459649849787630627e-01,3.349217859732725455e-01,-7.054801616077903403e-02,6.857971615041956459e-02,1.918574536413549803e-01,1.543561587071376473e-02,-5.697710556303739113e-03,-8.297938464725991559e-02,1.502123692116440479e-01,1.589143271521806511e-01,1.025587900134673075e-01,4.371697917745778067e-02,5.708070030042473875e-02,4.868952657205013329e-02,-2.227286853827825305e-02,-7.831762146482958153e-02,6.277841085672847266e-02,3.522221071169584494e-02,-9.603232155806483428e-02,6.567906350357401168e-02,-1.119859111157153059e-01,1.436859007562415746e-01,-1.032839531751786888e-01,7.520977934320935421e-02,-5.728788977519942011e-02,3.874443178286542805e-02,-1.023516005386926331e-01,-1.937221589143271472e-01,4.558168445042991290e-02,-2.157878379778306877e-01,5.625194240132601331e-02,-3.211436859007561762e-02,-2.257329327670154206e-01,-1.487620428882212853e-01,-2.556718118719568666e-01,-1.050450637107634838e-01,8.474049518284471061e-02,-7.044442142339168988e-02,-1.828447114886563585e-01,-1.422355744328188121e-01,-1.883352325701854180e-01,-1.628509271728995900e-01,-9.282088469905727668e-02,-7.873200041437895119e-03,8.360095307158395272e-02,4.247384232880968731e-03,-2.958665699782450642e-01,-1.462757691909250812e-01,-8.857350046617631922e-02,-2.023205221174764201e-01,-2.517352118512379555e-02,-1.344659691287682368e-01
1.415104112711074169e-01,-7.386304775717392190e-02,2.169273800890914594e-01,1.925826168030664032e-01,2.755620014503263326e-01,4.055733968714388959e-01,3.628923650678545498e-01,3.131668911219309681e-01,1.000000000000000000e+00,4.677302393038433315e-01,3.016678752719361700e-01,2.679995856210504179e-01,2.765979488241996909e-01,4.062985600331502911e-01,4.451465865534030564e-01,4.180047653579198053e-01,1.191339479954418301e-01,1.252460375012949267e-01,7.044442142339168815e-03,-2.082254221485548354e-02,-2.694499119444732083e-01,-1.025587900134673075e-01,-1.044234952864394467e-01,-1.067025795089609347e-02,-1.120895058531026639e-01,-3.159639490313891769e-02,-1.868849062467626554e-01,9.157774785040918852e-02,1.893711799440588317e-01,1.258676059256189639e-01,1.035947373873407074e-01,2.765979488241997186e-02,1.622293587485755528e-01,7.324147933284988476e-02,-3.081943437273386155e-01,-3.161711385061638513e-01,-1.488656376256086156e-01,-1.487620428882212853e-01,-2.006630063192789692e-01,-1.973479747228840675e-01,-1.553921060810110610e-01,-1.395421112607479475e-01,-2.786698435719465183e-01,-2.047032010773852662e-01,-1.203770848440899183e-01,-2.320522117476431917e-02,-2.759763803998756537e-01,-2.501812907904278349e-01,-2.098829379467522793e-01,-2.290479643634103224e-01,-2.551538381850201875e-01,-2.124728063814358137e-01,-2.500776960530405324e-01,-2.191028695742256172e-01,-3.326427017507510575e-01,-3.137884595462550608e-01,-1.010048689526572008e-01,-6.298560033150316095e-02,4.319900549052108074e-02,-6.971925826168029472e-02,3.161711385061638513e-01,3.696260229980317114e-01,2.008701957940536575e-01,2.067750958251320659e-01,-1.046306847612141211e-02,1.666839324562311986e-01,-1.528022376463275545e-01,-6.982285299906763887e-02,3.667253703511861446e-02,-3.180358437791359905e-02,1.227597638039987504e-01,1.758002693463171784e-01,2.303946959494457269e-01,3.354397596602092246e-01,5.304050554231844877e-02,1.452398218170516953e-01,4.454573707655650958e-03,-3.853724230809074669e-02,8.774474256707757991e-02,1.011084636900445310e-01,1.651300113954211057e-01,2.639593908629441210e-01,-1.832590904382057073e-01,-2.797057909458199043e-02,-1.337408059670568694e-01,-1.875064746710866995e-02,-1.977623536724334163e-01,-1.386097586242618918e-01,-1.505231534238060664e-01,-1.777685693566766756e-01,-1.949652957629752215e-01,-1.346731586035429182e-02,-1.301149901584999491e-01,-8.194343727338650185e-02,-1.793224904174867684e-01,-2.210711695845850866e-01,-3.030146068579716023e-01,-1.688594219413653841e-01,-2.886149383611312236e-01,-2.092613695224282422e-01,-1.187195690458924535e-01,1.388169480990365627e-02,-1.101212058427431806e-01,-1.149901584999481891e-02,-8.225422148554852042e-02,-1.156117269242722401e-01,6.816533720087018799e-02,-9.323526364860664634e-03,-2.383714907282709627e-01,-2.284263959390862853e-01,-1.435823060188542166e-01,-1.667875271936185566e-01,-8.836631099140163093e-02,-9.561794260851547156e-02,-4.609965813736661977e-02,1.672019061431679054e-01
5.780586346213612003e-02,-1.559100797679477679e-01,0.000000000000000000e+00,3.218688490624675991e-01,1.495908007873200107e-01,4.451465865534030564e-01,2.019061431679270435e-01,4.627576919092509788e-01,4.677302393038433315e-01,1.000000000000000000e+00,2.407541696881798365e-01,3.260126385579611985e-01,3.045685279187817021e-02,3.571946545115508020e-01,2.110224800580130233e-01,4.801616077903241853e-01,3.770848440899202125e-02,2.082254221485548354e-02,-1.974515694602713978e-01,-1.306329638454366560e-01,-1.530094271211022428e-01,-4.475292655133118747e-02,-2.417901170620532503e-01,4.817155288511343336e-02,-2.409613591629544971e-01,-8.132186884906246471e-02,-1.684450429918160075e-01,8.846990572878897507e-02,7.976794778825234411e-02,9.064539521392313282e-02,-6.567906350357401168e-02,-4.879312130943747744e-02,8.494768465761938503e-02,2.931731068061741927e-02,-3.210400911633688459e-01,-3.008391173728374168e-01,-2.499741013156531466e-01,-1.759038640837045364e-01,-1.544597534445250053e-01,-1.436859007562415746e-01,-1.232777374909354573e-01,-1.179944058841810722e-01,-3.132704858593183261e-01,-1.817051693773956145e-01,-1.732104009116336718e-01,-1.636796850719983432e-02,-2.678959908836631154e-01,-1.795296798922614567e-01,-1.667875271936185566e-01,-1.343623743913809065e-01,-1.457577955039884021e-01,-1.322904796436340791e-01,-1.135398321765254265e-01,-2.061535274008080218e-02,-2.653061224489795533e-01,-1.909251010048689245e-01,-2.066715010877447356e-01,-1.931005904900031100e-01,3.263234227701232448e-02,2.890293173106806002e-02,3.402051175800269167e-01,5.047135605511239298e-01,1.157153216616595703e-01,1.390241375738112406e-01,-1.812907904278462587e-02,4.383093338858385368e-01,-1.111571532166165804e-01,4.765357919817672649e-02,-4.848233709727545193e-02,-1.401636796850719846e-01,-2.517352118512379555e-02,6.909768983735625758e-02,2.090541800476535816e-01,2.575365171449289781e-01,4.744638972340204514e-02,1.286646638350771588e-01,3.211436859007562369e-03,1.408888428467833763e-02,2.931731068061741927e-02,-9.116336890085983274e-03,6.754376877654615086e-02,8.411892675852065959e-02,-1.467937428778617881e-01,-4.827514762250077751e-02,-1.515591007976794524e-01,6.246762664456644715e-02,-2.246969853931420069e-01,-5.946337926033357091e-02,-1.076349321454470043e-01,1.056666321350875279e-02,5.179736869367035715e-03,-1.823267378017196655e-02,8.515487413239407333e-02,-1.094996374184191296e-01,-1.266963638247176893e-01,-5.987775820988293363e-02,-2.539107013363721133e-01,-1.423391691702061423e-01,-2.283228012016989550e-01,-9.779343209364962930e-02,3.522221071169584494e-02,5.200455816844503504e-02,-1.540453744949756565e-01,6.951206878690562030e-02,1.553921060810110714e-02,2.962809489277944824e-02,5.096861079457162824e-02,4.475292655133118747e-02,-1.760074588210918667e-01,-9.541075313374079714e-02,-1.431679270693048678e-01,-1.052522531855381721e-01,5.076142131979695035e-03,-9.105977416347249553e-02,6.412514244276389108e-02,1.634724955972236549e-01
5.433543975966019790e-01,3.159639490313891907e-01,1.124002900652646825e-01,1.402672744224593149e-01,3.532580544908318909e-02,2.962809489277944408e-01,2.473842328809696123e-01,2.641665803377187816e-01,3.016678752719361700e-01,2.407541696881798365e-01,1.000000000000000000e+00,5.546462239718221721e-01,4.490831865741219953e-01,4.677302393038433315e-01,3.839220967574846766e-01,2.697606961566352268e-01,1.588107324147933208e-01,7.293069512068786620e-02,2.323629959598052241e-01,1.897855588936081805e-01,-3.319175385890396623e-01,-1.994198694706308672e-01,-2.162022169273800920e-01,-2.589868434683518239e-01,-2.325701854345799402e-01,-2.082254221485548562e-01,-2.000414378949549044e-01,-8.774474256707757991e-02,2.611623329534859539e-01,1.118823163783279617e-01,1.978659484098207674e-02,-3.874443178286542805e-02,3.046721226561689977e-01,1.429607375945301795e-01,-2.962809489277944408e-01,-2.742152698642909003e-01,-3.806070651610897748e-01,-3.929348389101833816e-01,-2.359888117683621445e-01,-2.007666010566663273e-01,-2.926551331192375205e-01,-2.535999171242100947e-01,-2.045996063399979359e-01,-1.018336268517559123e-01,-1.409924375841707378e-01,-1.170620532476950026e-02,-1.105355847922925433e-01,-2.869574225629337727e-01,-1.132290479643633940e-01,-1.947581062882005332e-01,-5.552677923961462508e-02,-2.440692012845747105e-01,-4.091992126799957885e-02,-2.125764011188231717e-01,-1.535274008080389496e-01,-9.427121102248005313e-02,1.485548534134465692e-01,2.191028695742256172e-01,3.437273386511964790e-01,2.024241168548637504e-01,5.358955765047135333e-01,4.066093442453123097e-01,2.436548223350253617e-01,4.279498601471045105e-01,-1.328084533305707859e-01,-3.563658966124520766e-02,8.660520045581683590e-02,1.126074795400393569e-01,1.992126799958561789e-01,3.708691598466797024e-02,3.480783176214648222e-02,7.065161089816637818e-02,1.441002797057909235e-01,2.543250802859214343e-01,1.820159535895576330e-01,1.459649849787630627e-01,1.632653061224489666e-01,1.177872164094063839e-01,1.222417901170620436e-01,1.012120584274318752e-01,1.579819745156945954e-01,1.697917745778514398e-01,-9.012742152698641207e-02,-5.355847922925514870e-02,-5.822024241168548969e-02,-4.578887392520459426e-02,-1.655443903449704823e-01,-2.206567906350357169e-02,-1.439966849684035932e-01,-1.583963534652439442e-01,-2.951414068165336690e-01,-2.157878379778306877e-01,-3.357505438723712432e-01,-3.149280016575157770e-01,-2.071894747746814147e-01,-1.735211851237957181e-01,-1.742463482855070855e-01,-3.405159017921889353e-01,-1.488656376256086156e-01,-1.621257640111882226e-01,5.459442660312855550e-02,2.475914223557442936e-02,-4.185227390448564844e-02,-8.287578990987256103e-03,-1.157153216616595703e-01,-1.269035532994923776e-01,5.127939500673365375e-02,1.157153216616595703e-01,-4.620325287475396392e-02,-1.162332953485962911e-01,-2.244897959183673464e-01,-1.670983114057805752e-01,-1.096032321558064737e-01,-1.040091163368900701e-01,1.205842743188646066e-01,2.807417383196933458e-02
3.963534652439655859e-01,2.315342380607064987e-01,-7.417383196933594047e-02,1.409924375841707378e-01,3.833005283331606533e-02,2.999067647363513611e-01,2.143375116544079251e-01,3.086087226768879921e-01,2.679995856210504179e-01,3.260126385579611985e-01,5.546462239718221721e-01,1.000000000000000000e+00,3.932456231223454002e-01,5.587900134673158270e-01,3.048793121309437137e-01,2.980420594633792497e-01,1.009012742152698566e-01,5.148658448150833511e-02,5.925618978555889649e-02,1.034911426499533771e-01,-2.802237646327566112e-01,-1.462757691909250812e-01,-3.101626437376980849e-01,-2.864394488759970936e-01,-2.301875064746710664e-01,-1.532166165958769311e-01,-1.614006008494768551e-01,-1.989018957836941742e-02,2.034600642287371641e-01,1.329120480679581440e-01,-4.786076867295140785e-02,-1.001761110535584753e-01,2.604371697917745587e-01,7.096239511032839675e-02,-3.106806174246348196e-01,-2.705894540557339245e-01,-4.876204288822127420e-01,-4.641044234952864111e-01,-2.232466590697192443e-01,-2.079146379363928099e-01,-2.088469905728788933e-01,-1.762146482958665550e-01,-2.005594115818916390e-01,-7.375945301978659163e-02,-1.137470216513001009e-01,6.091370558375634042e-02,-1.425463586449808306e-01,-2.443799854967367846e-01,3.667253703511861446e-02,-7.769605304050553572e-03,7.800683725266754909e-02,-6.640422666528539297e-02,4.703201077385268242e-02,-1.927898062778410915e-01,-1.387133533616492220e-01,-1.018336268517559123e-01,6.267481611934114238e-02,1.027659794882419958e-01,3.610276597948824384e-01,2.860250699264477170e-01,5.243965606547187353e-01,4.595462550502434351e-01,2.099865326841396374e-01,3.712835387962291067e-01,-8.608722676888012904e-02,1.140578058634621333e-01,1.010048689526572008e-01,1.640940640215476920e-01,7.976794778825234411e-02,-3.843364757070340948e-02,3.656894229773127031e-02,7.324147933284988476e-02,1.792188956800994382e-01,2.819848751683414756e-01,8.494768465761938503e-02,1.628509271728995900e-01,1.399564902102972963e-01,2.349528643944887307e-01,9.976173210400909874e-02,6.567906350357401168e-02,1.377810007251631663e-01,1.433751165440795561e-01,-2.869574225629337866e-02,-9.551434787112814129e-02,1.875064746710866995e-02,1.082565005697710553e-01,-1.273179322490417265e-01,-8.121827411167512056e-02,-1.834662799129803956e-01,-1.222417901170620436e-01,-1.879208536206360414e-01,-2.316378327980938290e-01,-2.641665803377187816e-01,-3.572982492489381046e-01,-2.414793328498912317e-01,-2.343312959701646936e-01,-2.601263855796125402e-01,-4.127214337511654341e-01,-2.894436962602299768e-01,-2.774267067232984441e-01,8.453330570807002231e-02,4.496011602610586883e-02,-7.904278462654096282e-02,-1.170620532476950026e-02,-1.574640008287579024e-02,-7.127317932249041532e-02,3.936600020718947213e-02,9.468558997202941585e-02,-9.561794260851547156e-02,-2.137159432300838879e-01,-1.918574536413549803e-01,-3.004247384232880957e-01,-8.380814254635864102e-02,-7.407023723194861020e-02,2.054283642390966336e-01,1.073241479332849857e-01
4.298145654200766219e-01,3.211436859007562039e-01,8.339376359680927830e-02,-8.950585310266237493e-02,1.389205428364239103e-01,9.116336890085982581e-02,2.815704962187920435e-01,1.073241479332849857e-01,2.765979488241996909e-01,3.045685279187817021e-02,4.490831865741219953e-01,3.932456231223454002e-01,1.000000000000000000e+00,4.468041023516005072e-01,3.959390862944162093e-01,1.267999585621050473e-01,7.158396353465243389e-02,-8.494768465761937462e-03,2.445871749715114452e-01,1.684450429918160075e-01,-2.169273800890914594e-01,-1.525950481715528662e-01,3.014606857971615164e-02,-1.885424220449601063e-01,4.651403708691598249e-02,4.558168445042991637e-03,6.733657930177145909e-03,8.235781622293587845e-02,1.316689112193100419e-01,-4.661763182430331970e-02,5.708070030042473875e-02,-7.065161089816637818e-02,1.177872164094063839e-01,-3.294312648917434305e-02,-1.748679167098311227e-01,-2.205531958976483797e-01,-2.332953485962912799e-01,-2.839531751787008895e-01,-2.204496011602610495e-01,-2.005594115818916390e-01,-2.762871646120376723e-01,-2.467626644566455751e-01,-5.666632135087536909e-02,-7.634932145447011209e-02,-1.389205428364239103e-01,-1.449290376048896767e-01,-4.040194758106288239e-03,-1.033875479125660329e-01,-5.625194240132601331e-02,-9.862218999274836861e-02,-3.252874753962498727e-02,-5.780586346213612003e-02,-1.025587900134673075e-02,-2.303946959494457269e-01,-6.899409509996891343e-02,-6.236403190717911688e-02,2.055319589764839916e-01,2.508028592147518721e-01,2.324665906971925822e-01,8.929866362788770051e-02,2.760799751372630118e-01,1.366414586139023946e-01,5.946337926033357091e-02,1.809800062156842471e-01,3.605096861079456344e-02,-1.379881901999378269e-01,-5.594115818916398433e-03,-1.119859111157153059e-01,1.237957111778721503e-01,1.616077903242515157e-01,1.336372112296695391e-01,1.021444110639179448e-01,1.776649746192893453e-01,2.108152905832383628e-01,1.569460271418211816e-01,1.063917952967989161e-01,1.363306744017403760e-01,1.254532269760696150e-01,4.516730550088055712e-02,5.583756345177664365e-02,4.837874235988811472e-02,1.256604164508443033e-01,-7.541696881798404251e-02,-1.478296902517352018e-01,5.241893711799440470e-02,-3.315031596394903048e-03,-1.456542007666010441e-01,-9.520356365896612272e-02,-1.077385268828343345e-01,-1.758002693463171784e-01,-2.748368382886149375e-01,-1.262819848751683405e-01,-2.549466487102454715e-01,-1.220346006422873553e-01,-2.177561379881901849e-01,-1.664767429814565380e-01,-4.371697917745778067e-02,-2.481093960426810352e-01,-1.598466797886667068e-01,-1.509375323733554153e-01,5.065782658240960967e-02,1.078421216202216787e-01,7.686729514140681896e-02,7.873200041437895119e-03,-1.074277426706723160e-01,-1.382989744120998454e-01,1.078421216202216787e-01,1.449290376048896767e-01,-1.595358955765046813e-02,-1.632653061224489666e-01,-2.558790013467315827e-02,-2.804309541075312717e-01,-7.873200041437894425e-02,-2.320522117476431917e-02,1.330156428053455020e-01,-1.875064746710866995e-02
