0.000000000000000000e+00,2.326245636305934450e-01,3.646461440812440724e-01,6.590500370252830309e-02,-2.020522585422617270e-02,-1.054691632286046815e-01,4.240981698931555743e-01,-9.150534221940125057e-02,-1.174230403046651848e-02,-6.992489156881413759e-02,1.183751190098381589e-01,-1.317042208822596094e-01,1.080080397757325755e-01,-2.956733312176028639e-01,-2.507140590288797419e-02,8.367713953242356117e-02,-1.619591664022003441e-01,-1.795197291865016642e-01,3.276208611022956019e-01,2.823442293451814411e-01,5.151803660213689212e-02,-7.923410557494975359e-02,5.574949751401672010e-02,-1.237702316724849372e-02,-8.875489262667934920e-02,-8.790860044430338915e-02,2.377023167248492608e-01,1.872421453506823222e-02,-1.936951232412990609e-01,-3.352374907436792562e-01,-8.917803871786735004e-02,-2.063895059769385310e-01,1.585739976726965039e-01,9.404421876652914458e-02,9.298635353855919106e-02,2.401354067491801719e-02,-1.545541098064106555e-01,-2.347402940865333798e-01,2.930286681476779870e-02,-8.981275785464931660e-02,-9.108219612821326361e-02,-3.030783878133925802e-01,-9.679466835925104595e-02,-3.796678303184174430e-01,2.783243414788955650e-01,-6.061567756267851464e-02,-2.867872633026552487e-01,-3.612609753517401767e-01,8.515815085158151554e-02,9.626573574526604490e-03,-5.405691314926478613e-02,-4.136253041362530913e-02,-2.549455199407595421e-02,-2.909129376917380869e-02,-6.844388024965619710e-02,-1.534962445784407159e-01,5.400401988786628360e-01,2.789590606156775454e-01,4.634507563736379732e-01,2.501851264148947096e-01,4.951867132127366622e-01,1.272611869247857741e-01,2.343171479953454206e-01,-1.289537712895377219e-01,9.235163440177722449e-02,-7.923410557494975359e-02,1.257801756056278475e-01,-8.367713953242356117e-02,3.602031101237702093e-01,4.143658097958319853e-01,-8.769702739870939567e-02,-2.728234422934518455e-01,-2.011001798370887494e-01,-2.829789484819634215e-01,6.125039669946048815e-02,-1.490532106209668806e-01,-2.377023167248492608e-01,-2.607637786945943281e-01,-2.649952396064741422e-01,-3.439119856130329334e-01,-1.501110758489368480e-01,-3.959589548291548300e-01,2.824500158679784170e-02,6.802073415846821014e-02,-1.991960224267428636e-01,-2.514545646884587260e-01,1.408018618428012458e-01,7.352163334391198513e-02,1.008145562255368805e-01,-8.663916217073944215e-02,-1.039881519094467410e-01,-1.609013011742304045e-01,2.063895059769385310e-01,6.019253147149053462e-02,4.728657569025705720e-02,2.260657992171797304e-01,-2.142177086639162342e-01,-1.589971437638844909e-01,-2.634084417645192119e-02,-2.235269226700518364e-01,8.261927430445360765e-02,-1.057865227969956697e-04,2.221516978736908995e-03,2.256426531259917434e-01,4.009309214006135519e-02,1.437638844811170991e-01,4.009309214006135519e-02,1.435523114355231056e-01,1.361472548397334170e-01,1.223950068761239934e-01,-4.253676081667195907e-01,-2.020522585422617270e-02,3.268803554427165969e-02,6.759758806728023706e-02,-2.434147889558870292e-01,-8.177298212207764760e-02
2.326245636305934450e-01,0.000000000000000000e+00,-3.840050777530942816e-02,2.061779329313445652e-01,4.305511477837722922e-02,-1.935893367185020572e-02,-4.326668782397122964e-02,2.781127684333016270e-01,6.378927324658838216e-02,-6.241404845022744362e-03,-1.996191685179307951e-01,2.150640008462921804e-01,-2.412990584999471222e-01,-8.568708346556649230e-03,-1.391092774780492980e-01,-3.078387813392573572e-02,-2.975774886279488052e-01,2.620332169681582890e-01,2.271236644451496978e-01,5.182481751824817851e-01,-5.278747487570083913e-02,-1.433407383899291121e-01,-1.247223103776578801e-01,-6.336612715540040908e-02,1.978207976303818921e-02,8.325399344123558809e-02,2.721887231566698651e-01,8.790860044430338915e-02,-4.198667089812757602e-01,-1.399555696604252719e-01,-5.596107055961069970e-02,-9.065905003702527665e-02,2.277583835819316505e-01,2.178144504390140956e-01,-5.955781233470855418e-02,-1.547656828520046490e-01,-3.261398497831376475e-01,-2.247963609436157972e-01,-1.113932085052364296e-01,2.718713635882788471e-02,-2.639373743785041748e-01,-2.808632180260234867e-01,-1.795197291865016642e-01,-2.288162488099016179e-01,1.346662435205754904e-01,-3.279382206706865557e-03,-3.250819845551676801e-01,-2.569554638739024455e-01,-7.711837511900983266e-02,1.177403998730561646e-01,-1.477837723474029474e-01,2.909129376917380869e-02,-7.098275679678409111e-02,2.020522585422617270e-02,-1.503226488945308414e-01,-1.071617475933566016e-01,2.546281603723685727e-01,6.913149264783665648e-01,8.917803871786735004e-02,3.667618745371839517e-01,1.818470326880355370e-01,4.642970485560139471e-01,-6.929017243203215715e-02,2.106209668888183728e-01,-1.473606262562149605e-01,1.985613032899608554e-01,-1.999365280863218269e-02,-1.088543319581085356e-01,3.367185020628372105e-01,4.437744631333968015e-01,-1.187982651010261320e-01,-1.393208505236432915e-01,-2.046969216121866109e-01,-4.453612609753517665e-02,7.722416164180683114e-03,1.989844493811488424e-01,-3.187347931873479312e-01,-1.496879297577488610e-01,-3.498360308896646398e-01,-1.283190521527557415e-01,-3.703586163122818409e-01,-9.658309531365705247e-02,-2.697556331323389470e-02,3.945837300327938169e-02,-2.946154659896329520e-01,-3.036073204273775569e-02,1.376282661588913714e-01,5.638421665079869360e-02,9.510208399449909811e-02,2.189781021897810320e-02,5.659578969639268015e-02,-1.264148947424098279e-01,1.443986036178990795e-01,4.728657569025705720e-02,7.457949857188193865e-02,2.448958002750449559e-01,-1.754998413202158158e-01,-6.061567756267851464e-02,-1.522268063048767550e-01,-2.274410240135407019e-02,2.360097323600973407e-01,-9.891039881519093913e-02,-2.803342854120385169e-02,1.843859092351634588e-01,1.364646144081244072e-02,1.075848936845445886e-01,-3.173595683909869684e-04,4.009309214006135519e-02,2.104093938432243793e-01,1.175288268274621711e-01,-3.553369300751084148e-01,4.009309214006135519e-02,1.018724214535068340e-01,4.961387919179097161e-02,-2.000423146091187820e-01,5.606685708240769991e-03
3.646461440812440724e-01,-3.840050777530942816e-02,0.000000000000000000e+00,1.719030995451179544e-01,-1.317042208822596094e-01,-1.107584893684544630e-01,5.846821114989950718e-01,-3.670792341055749419e-02,-1.587855707182904974e-01,8.558129694276948862e-02,1.195387707606051023e-02,-1.314926478366656160e-01,1.484184914841849001e-01,-9.742938749603301252e-02,9.404421876652914458e-02,2.438379350470749884e-01,-2.192954617581719945e-01,-3.396805247011531192e-01,3.540674918015444539e-01,1.492647836665609018e-01,1.655559081772982055e-01,5.469163228604675964e-02,1.249338834232518736e-01,1.190098381466201255e-01,-1.075848936845445886e-01,-8.134983603088966064e-02,1.703163017031630172e-02,-5.723050883317465365e-02,-1.304347826086956486e-01,-3.252935576007616736e-01,-1.968687189252089353e-01,-2.252195070348037564e-01,-5.871152015233259414e-02,-1.452448958002750534e-01,1.173172537818682054e-01,1.824817518248175174e-01,1.160478155083042445e-01,-9.415000528932614479e-03,1.589971437638844909e-01,1.016608484079128405e-01,2.295567544694806020e-02,-1.869247857822913528e-01,-1.287421982439437285e-01,-2.838252406643393400e-01,1.219718607849359926e-01,-1.433407383899291121e-01,-5.976938538030254766e-02,-7.542579075425791257e-02,-3.099545117951973267e-02,-1.374166931132973779e-01,-6.907859938643816367e-02,-2.295567544694806020e-02,8.473500476039352858e-02,1.281074791071617480e-01,2.207764730773299489e-01,1.031418597270707671e-01,1.429175922987411529e-01,-7.161747593356607156e-02,5.490320533164074618e-02,7.405056595789697013e-04,1.666137734052681452e-01,-4.093938432243732217e-02,-1.682005712472230824e-02,-3.208505236432878660e-01,3.586163122818153415e-02,-1.416481540251771920e-01,5.617264360520470012e-02,-1.625938855389823523e-01,1.958108536972389679e-01,1.120279276420184100e-01,9.023590394583730356e-02,-9.520787051729610135e-04,7.246376811594203160e-02,-1.253570295144398605e-01,1.999365280863218269e-02,-1.594202898550724778e-01,1.512747275997038121e-02,-1.441870305723050860e-01,-2.812863641172114737e-01,-2.946154659896329520e-01,-4.453612609753517665e-02,-3.453929969321908877e-01,1.249338834232518736e-01,2.192954617581719945e-01,-1.329736591558235426e-01,-9.129376917380725709e-02,2.180260234846080614e-01,1.562466941711626034e-01,1.852322014175394049e-01,6.590500370252830309e-02,-3.480376600021157368e-02,-3.459219295461758020e-02,4.876758700941499769e-02,1.941182693324870479e-01,1.346662435205754904e-01,1.433407383899291121e-01,-1.163651750766952217e-03,-2.252195070348037564e-01,6.950174547762615063e-02,-1.179519729186501720e-01,-2.887972072357981868e-02,1.452448958002750534e-01,-1.075848936845445886e-01,1.433407383899291121e-01,-2.525124299164286379e-01,-9.637152226806304511e-02,8.568708346556649230e-03,2.224690574420818689e-01,9.192848831058922365e-02,-1.503226488945308414e-01,-1.306463556542896420e-01,-9.785253358722099948e-02,8.833174653549138999e-02,1.422828731619591724e-01,-1.255686025600338540e-01,-1.446101766634930730e-01
6.590500370252830309e-02,2.061779329313445652e-01,1.719030995451179544e-01,0.000000000000000000e+00,1.433407383899291121e-01,2.209880461229239146e-01,7.140590288797206420e-02,4.846080609330370992e-01,1.429175922987411529e-01,1.875595049190733332e-01,-5.490320533164074618e-02,2.933460277160689911e-01,4.220882259600126918e-02,2.152755738918861739e-01,2.023696181106527103e-01,1.126626467788003766e-01,-2.886914207130011900e-01,-9.626573574526604490e-03,2.647836665608801487e-01,3.693007510843118735e-01,1.634401777213582985e-01,2.337882153813604022e-02,1.008145562255368805e-01,3.386226594731830963e-01,1.441870305723050860e-01,1.543425367608166898e-01,-2.655241722204591120e-02,-6.907859938643816367e-02,-2.785359145244896140e-01,-9.721781445043901904e-02,-9.869882576959695952e-02,-7.373320638950597861e-02,3.818893472971543468e-02,1.162593885538982380e-01,-2.148524278006981869e-01,-5.151803660213689212e-02,-1.061038823653866620e-01,-1.812123135512535843e-01,1.264148947424098279e-01,3.353432772664762668e-02,-4.813286787263303113e-02,-1.869247857822913528e-01,-2.988469269015127661e-01,-3.346027716068972757e-01,-1.512747275997038121e-02,-2.448958002750449559e-01,-2.539934412355865923e-01,-2.264889453083677173e-01,-2.311435523114355461e-01,-1.953877076060509810e-01,-2.222574843964879032e-01,-1.367819739765153975e-01,-5.871152015233259414e-02,-2.210938326457209321e-02,-2.676399026763990122e-02,-9.658309531365705247e-02,-1.287421982439437285e-01,1.454564688458690191e-01,-8.515815085158151554e-02,2.300856870834655787e-01,9.626573574526604490e-03,2.895377128953771084e-01,-1.564582672167565969e-01,4.559399132550513017e-02,-1.816354596424415713e-01,1.101237702316724965e-01,-2.353750132233153602e-01,-1.896752353750132403e-01,-1.364646144081244072e-02,7.140590288797206420e-02,-5.913466624352057416e-02,5.490320533164074618e-02,-7.352163334391198513e-02,-2.549455199407595421e-02,-6.378927324658838216e-02,-6.040410451708452810e-02,-6.400084629218237564e-02,5.130646355654289170e-02,-3.049825452237384660e-01,-2.357981593145033195e-01,-2.209880461229239146e-01,-2.163334391198561413e-01,1.782502909129376756e-01,7.796466730138580659e-02,-2.015233259282767364e-01,-1.065270284565746350e-01,1.063154554109806416e-01,-6.336612715540040908e-02,2.059663598857505440e-01,-1.486300645297788936e-01,-9.615994922246905163e-02,-2.038506294298106369e-01,6.273140801861842863e-02,1.065270284565746350e-01,1.596318629006664713e-01,3.278324341478895398e-01,-5.024859832857293818e-02,-1.922141119221411065e-01,-6.844388024965619710e-02,-1.636517507669522919e-01,2.415106315455410879e-01,-5.617264360520470012e-02,1.230297260129059600e-01,2.000423146091187820e-01,-1.086427589125145421e-01,-4.474769914312916319e-02,-1.221834338305300000e-01,3.966994604887337517e-02,1.807891674600655973e-01,-4.665185655347508370e-02,-2.381254628160372477e-01,-1.583624246271025104e-01,-8.812017348989738263e-02,1.917909658309531473e-01,-2.359039458373003023e-02,-1.264148947424098279e-01
-2.020522585422617270e-02,4.305511477837722922e-02,-1.317042208822596094e-01,1.433407383899291121e-01,0.000000000000000000e+00,7.082407701258859323e-01,-2.283931027187136309e-01,1.132973659155823709e-01,6.775626785147572662e-01,4.855601396382101115e-02,1.454564688458690191e-01,9.806410663281497908e-02,1.702105151803660066e-01,-9.626573574526604490e-03,4.475827779540886286e-01,-5.130646355654289170e-02,7.627208293663387262e-02,-4.961387919179097161e-02,-5.617264360520470012e-02,-1.586797841954934842e-03,1.187982651010261320e-01,1.268380408335977871e-01,-7.161747593356607156e-02,3.628477731936951417e-02,6.077435734687400837e-01,6.462498677668465641e-01,-1.532846715328467224e-01,4.453612609753517665e-02,6.484713847455833569e-02,1.069501745477626220e-01,2.002538876547128033e-01,1.989844493811488424e-01,2.528297894848196420e-02,7.500264466306992561e-02,-1.892520892838252533e-01,-2.137945625727282473e-01,-2.380196762932402718e-02,-1.848090553263514457e-01,1.109700624140484565e-01,-2.380196762932402718e-02,-4.665185655347508370e-02,9.425579181212313806e-02,-2.812863641172114737e-01,-1.177403998730561646e-01,-2.523008568708346444e-01,-1.549772558975986425e-01,-6.929017243203215715e-02,-6.759758806728023706e-02,-4.051623823124934215e-02,5.024859832857293818e-02,2.549455199407595421e-02,-2.009943933142917683e-03,3.374590077224162016e-02,-1.733841108642758810e-01,9.415000528932614479e-03,-4.051623823124934215e-02,-9.340949962974717802e-02,-3.670792341055749419e-02,6.780916111287421666e-02,1.638633238125462854e-01,-7.563736379985189218e-02,6.082725060827250813e-02,-1.798370887548926154e-03,4.834444091822701767e-02,2.507140590288797419e-02,-4.284354173278324268e-02,-7.436792552628795905e-02,9.996826404316089265e-02,-1.611128742198243979e-01,-1.289537712895377219e-01,-6.357770020099440256e-02,-2.655241722204591120e-02,-1.287421982439437285e-01,8.092668993970168756e-02,-2.861525441658732682e-01,-1.118163545964244165e-01,-1.632286046757643050e-01,6.675129588490426313e-02,2.866814767798582519e-02,5.215275573891886562e-02,9.742938749603301252e-02,4.326668782397122964e-02,3.840050777530942816e-02,-1.449275362318840424e-02,1.329736591558235426e-01,-3.480376600021157368e-02,-1.401671427060192376e-01,-1.008145562255368805e-01,9.235163440177722449e-02,-2.267005183539617108e-01,-1.353009626573574431e-01,-1.604781550830424175e-01,-3.014915899714376568e-02,-8.917803871786735004e-02,2.782185549560985821e-02,1.308579286998836355e-01,2.189781021897810320e-02,1.761345604569977685e-01,-8.854331958108538347e-02,-1.194329842378081125e-01,1.600550089918544305e-01,3.289960858986565317e-02,1.596318629006664713e-01,-5.236432878451285217e-02,1.258859621284248373e-02,-6.950174547762615063e-02,-1.071617475933566016e-01,-1.048344440918227150e-01,-4.199724955040727570e-02,5.765365492436263367e-02,1.216545012165450197e-02,-1.530730984872527289e-01,-3.003279382206706649e-01,2.739870940442187819e-02,1.450333227546810599e-01,-3.734264254733946770e-02
-1.054691632286046815e-01,-1.935893367185020572e-02,-1.107584893684544630e-01,2.209880461229239146e-01,7.082407701258859323e-01,0.000000000000000000e+00,-1.922141119221411065e-01,1.486300645297788936e-01,6.972389717549983823e-01,4.242039564159526266e-02,9.150534221940125057e-02,7.584893684544589954e-02,1.433407383899291121e-01,3.078387813392573572e-02,4.160583941605839331e-01,-4.051623823124934215e-02,2.697556331323389470e-02,-7.986882471173172016e-02,-1.618533798794033474e-02,3.279382206706865557e-03,1.473606262562149605e-01,1.050460171374167084e-01,-7.394477943509997209e-02,6.823230720406220362e-02,6.206495292499736305e-01,6.561938009097640911e-01,-3.164074896858140584e-01,-7.034803766000211067e-02,4.813286787263303113e-02,5.807680101555062063e-02,1.061038823653866620e-01,1.348778165661694839e-01,-2.824500158679784170e-02,3.332275468105363320e-02,-2.351634401777213668e-01,-1.822701787792235240e-01,-7.510843118586691368e-03,-1.672484925420501534e-01,9.891039881519093913e-02,-3.628477731936951417e-02,-2.824500158679784170e-02,6.696286893049825661e-02,-2.523008568708346444e-01,-1.154130963715222641e-01,-2.533587220988046118e-01,-1.564582672167565969e-01,-9.520787051729610135e-04,-5.606685708240769991e-03,-4.961387919179097161e-02,2.464825981169998723e-02,4.559399132550513017e-02,3.459219295461758020e-02,8.346556648682956769e-02,-4.072781127684332869e-02,5.998095842589654808e-02,5.395112662646778245e-03,-2.044853485665926451e-01,-1.050460171374167084e-01,3.078387813392573572e-02,1.454564688458690191e-01,-1.253570295144398605e-01,-7.405056595789697013e-04,-5.701893578758066017e-02,-2.221516978736908995e-03,2.612927113085793118e-02,-8.706230826192742911e-02,-1.194329842378081125e-01,7.267534116153602508e-02,-2.649952396064741422e-01,-1.655559081772982055e-01,-9.171691526499523017e-02,3.078387813392573572e-02,-1.162593885538982380e-01,4.940230614619697119e-02,-3.451814238865968387e-01,-1.865016396911033658e-01,-1.329736591558235426e-01,1.130857928699883636e-01,-2.612927113085793118e-02,3.279382206706865557e-03,6.251983497302443515e-02,2.189781021897810320e-02,4.284354173278324268e-02,-7.087697027398709611e-03,1.213371416481540260e-01,-3.173595683909869684e-04,-1.890405162382312598e-01,-1.564582672167565969e-01,1.077964667301385820e-01,-2.108325399344123385e-01,-1.486300645297788936e-01,-1.306463556542896420e-01,-6.209668888183644819e-02,-3.607320427377552069e-02,6.400084629218237564e-02,1.162593885538982380e-01,4.749814873585105762e-02,7.944567862054374707e-02,-7.690680207341585306e-02,-1.331852322014175360e-01,1.488416375753728871e-01,-1.385803448640643074e-02,1.530730984872527289e-01,-1.745477626150428521e-02,-3.205331640748968619e-02,-1.120279276420184100e-01,-1.281074791071617480e-01,-7.161747593356607156e-02,1.026129271130857973e-02,4.220882259600126918e-02,6.865545329525019058e-02,-1.376282661588913714e-01,-2.679572622447900510e-01,9.362107267534117150e-02,1.528615254416587355e-01,-8.452343171479952122e-02
4.240981698931555743e-01,-4.326668782397122964e-02,5.846821114989950718e-01,7.140590288797206420e-02,-2.283931027187136309e-01,-1.922141119221411065e-01,0.000000000000000000e+00,-5.638421665079869360e-02,-1.298000634719136959e-01,7.732994816460382614e-02,1.099121971860785030e-01,-9.827567967840897256e-02,2.121019782079763272e-01,-1.001798370887548861e-01,-1.787792235269226523e-02,2.021580450650587168e-01,-1.099121971860785030e-01,-2.611869247857823151e-01,2.019464720194647234e-01,5.807680101555062063e-02,-2.464825981169998723e-02,7.510843118586691368e-03,2.918650163969110367e-01,1.640748968581402789e-01,-1.551888289431926360e-01,-1.585739976726965039e-01,7.352163334391198513e-02,-1.682005712472230824e-02,-6.759758806728023706e-02,-2.679572622447900510e-01,-7.944567862054374707e-02,-1.408018618428012458e-01,-8.568708346556649230e-03,-8.071511689410769408e-02,1.035650058182587541e-01,1.082196128213265551e-01,2.020522585422617270e-02,-9.626573574526604490e-03,1.999365280863218269e-02,-1.798370887548926154e-03,-4.834444091822701767e-02,-1.350893896117634496e-01,-5.194118269332487214e-02,-2.307204062202475592e-01,9.044747699143129704e-02,-1.625938855389823523e-01,-1.175288268274621711e-01,-8.960118480905533700e-02,-2.951443986036178871e-02,-1.452448958002750534e-01,-3.670792341055749419e-02,-3.882365386649740818e-02,1.428118057759441423e-02,1.583624246271025104e-01,4.760393525864804742e-03,9.838146620120596236e-03,2.146408547551042212e-01,-3.966994604887337517e-02,7.627208293663387262e-02,-7.902253252935576011e-02,2.688035544271659694e-01,-2.549455199407595421e-02,9.467893790331112502e-02,-1.898868084206072060e-01,1.541309637152226963e-01,-6.400084629218237564e-02,4.368983391515920967e-02,-1.877710779646672989e-01,2.032159102930286565e-01,1.456680418914630404e-01,7.394477943509997209e-02,6.876123981804717865e-03,7.690680207341585306e-02,-9.637152226806304511e-02,6.505871152015234304e-02,-1.520152332592827615e-01,-9.340949962974717802e-02,-1.685179308156140865e-01,-1.452448958002750534e-01,-1.810007405056595631e-01,-5.067174441976092514e-02,-2.148524278006981869e-01,-3.311118163545963972e-02,6.125039669946048815e-02,-1.001798370887548861e-01,-7.415635248069396557e-02,1.217602877393419991e-01,1.958108536972389679e-01,3.691949645615148767e-02,1.520152332592827615e-01,-6.294298106421242212e-02,1.281074791071617480e-01,1.385803448640643074e-02,1.554004019887866295e-01,1.512747275997038121e-02,4.919073310060299159e-02,-1.232412990584999535e-01,-1.450333227546810599e-01,4.982545223738495815e-02,-3.914101343488839493e-03,-9.129376917380725709e-02,1.285306251983497350e-01,-1.666137734052681452e-01,8.050354384851370060e-02,-1.486300645297788936e-01,1.131915793927853499e-02,7.182904897916006504e-02,1.689410769068020735e-01,-1.322331534962445723e-02,-5.405691314926478613e-02,-1.541309637152226963e-01,1.576219189675235471e-02,9.023590394583730356e-02,5.236432878451285217e-02,-1.364646144081244072e-02,-8.727388130752142259e-02
-9.150534221940125057e-02,2.781127684333016270e-01,-3.670792341055749419e-02,4.846080609330370992e-01,1.132973659155823709e-01,1.486300645297788936e-01,-5.638421665079869360e-02,0.000000000000000000e+00,1.192214111922141190e-01,2.011001798370887494e-01,-5.405691314926478613e-02,5.988575055537924685e-01,-6.992489156881413759e-02,3.329101872421453279e-01,2.591769808526393770e-02,-9.129376917380725709e-02,-2.315666984026235053e-01,2.231037765788638494e-01,1.953877076060509810e-01,3.752247963609436354e-01,-4.178567650481328916e-02,-1.031418597270707671e-01,1.427060192531471594e-01,2.586480482386543933e-01,6.209668888183644819e-02,6.759758806728023706e-02,1.957050671744419920e-02,4.728657569025705720e-02,-2.785359145244896140e-01,1.253570295144398605e-01,9.425579181212313806e-02,1.179519729186501720e-01,2.104093938432243793e-01,2.863641172114672617e-01,-2.080820903416904510e-01,-5.321062096688881915e-02,-2.584364751930603998e-01,-2.319898444938114923e-01,-8.473500476039352858e-02,-6.717444197609225010e-02,-1.687295038612080800e-01,-2.063895059769385310e-01,-1.900983814662011995e-01,-1.818470326880355370e-01,-8.536972389717550902e-02,-2.448958002750449559e-01,-3.745900772241616550e-01,-3.081561409076483682e-01,-3.420078282026869365e-01,-1.979265841531788750e-01,-2.633026552417221944e-01,-1.841743361895694375e-01,-1.408018618428012458e-01,-6.188511583624246165e-02,-1.989844493811488424e-01,-3.085792869988363551e-01,-2.053316407489685913e-01,1.738072569554638680e-01,-2.214111922141119015e-01,1.044112980006347141e-01,5.532635142282873314e-02,4.681053633767058297e-01,-8.240770125885962805e-02,3.316407489685814225e-01,-2.201417539405479684e-01,2.624563630593462205e-01,-3.716280545858457462e-01,-2.768433301597376661e-01,-6.188511583624246165e-02,3.966994604887337517e-02,1.168941076906802046e-01,2.635142282873161879e-01,4.495927218872315667e-02,1.810007405056595631e-01,9.700624140484501168e-02,1.397439966148312784e-01,2.951443986036178871e-02,1.287421982439437285e-01,-2.279699566275256717e-01,-1.566698402623505626e-01,-3.508938961176346627e-01,-8.346556648682956769e-02,-1.766634930709827522e-02,-6.421241933777636912e-02,-2.341055749497513994e-01,-1.429175922987411529e-01,2.210938326457209321e-02,-6.378927324658838216e-02,6.294298106421242212e-02,-5.469163228604675964e-02,-8.812017348989738263e-02,-1.691526499523960669e-01,1.618533798794033474e-02,2.359039458373003023e-02,1.745477626150428521e-02,2.068126520681265179e-01,-2.034274833386226777e-01,-1.613244472654183914e-01,-1.746535491378398142e-01,-7.732994816460382614e-02,2.812863641172114737e-01,-2.993758595154977567e-02,-1.153073098487252673e-02,1.975034380619908880e-01,-6.664550936210726119e-03,1.130857928699883636e-01,2.591769808526393770e-02,-6.315455410980640172e-02,1.537078176240346816e-01,7.606050989103987914e-02,-2.542050142811805857e-01,-1.003914101343488796e-01,-1.236644451496879266e-01,7.838781339257379355e-02,8.346556648682956769e-02,-6.125039669946048815e-02
-1.174230403046651848e-02,6.378927324658838216e-02,-1.587855707182904974e-01,1.429175922987411529e-01,6.775626785147572662e-01,6.972389717549983823e-01,-1.298000634719136959e-01,1.192214111922141190e-01,0.000000000000000000e+00,9.637152226806304511e-02,1.103353432772664761e-01,5.871152015233259414e-02,1.498995028033428545e-01,-6.505871152015234304e-02,4.048450227441023896e-01,2.009943933142917683e-03,1.026129271130857973e-02,-9.235163440177722449e-02,-5.786522796995663409e-02,1.364646144081244072e-02,1.090659050037025429e-01,1.103353432772664761e-01,-4.580556437109912366e-02,4.770972178144504416e-02,5.997037977361684424e-01,6.627525653231778335e-01,-1.363588278853274105e-01,3.311118163545963972e-02,1.195387707606051023e-02,4.474769914312916319e-02,1.088543319581085356e-01,1.317042208822596094e-01,4.125674389082831239e-03,4.453612609753517665e-02,-1.757114143658097816e-01,-2.281815296731196374e-01,-4.368983391515920967e-02,-1.754998413202158158e-01,1.097006241404845095e-01,2.009943933142917683e-03,-6.865545329525019058e-02,8.283084735004760113e-02,-2.859409711202792748e-01,-1.456680418914630404e-01,-2.903840050777530823e-01,-1.888289431926372663e-01,-9.256320744737121797e-02,-4.559399132550513017e-02,-9.171691526499523017e-02,-1.153073098487252673e-02,-1.639691103353432822e-02,-1.597376494234634473e-02,-2.803342854120385169e-02,-9.425579181212313806e-02,-5.151803660213689212e-02,-2.993758595154977567e-02,-9.806410663281497908e-02,-2.062837194541415620e-02,7.288691420713000468e-02,1.139320850523643375e-01,-4.728657569025705720e-02,4.136253041362530913e-02,-5.215275573891886562e-02,1.491589971437638773e-02,9.192848831058922365e-02,-4.453612609753517665e-02,-1.192214111922141190e-01,1.195387707606051023e-02,-1.547656828520046490e-01,-6.886702634084417018e-02,-4.538241827991114363e-02,3.353432772664762668e-02,-1.003914101343488796e-01,6.611657674812229657e-02,-2.853062519834972943e-01,-9.615994922246905163e-02,-1.831164709615994701e-01,6.717444197609225010e-02,-2.221516978736908995e-03,7.373320638950597861e-02,7.077118375119009763e-02,4.792129482703903764e-02,3.120702422511372268e-02,-2.634084417645192119e-02,1.236644451496879266e-01,-1.787792235269226523e-02,-1.113932085052364296e-01,-5.215275573891886562e-02,6.357770020099440256e-02,-1.298000634719136959e-01,-1.716915264995239609e-01,-9.700624140484501168e-02,-8.134983603088966064e-02,-7.479107161747593213e-02,9.214006135618321713e-02,1.240875912408759135e-01,1.724320321591029173e-02,1.537078176240346816e-01,-1.393208505236432915e-01,-7.457949857188193865e-02,1.105469163228604695e-01,-1.322331534962445723e-02,9.489051094890510463e-02,-4.347826086956522312e-02,-3.522691209139955371e-02,-5.426848619485877961e-02,-1.703163017031630172e-02,-4.813286787263303113e-02,-5.606685708240769991e-03,8.304242039564159461e-02,2.485983285729397724e-02,-9.298635353855919106e-02,-2.118904051623823059e-01,5.490320533164074618e-02,2.173913043478261087e-01,-2.422511372051200720e-02
-6.992489156881413759e-02,-6.241404845022744362e-03,8.558129694276948862e-02,1.875595049190733332e-01,4.855601396382101115e-02,4.242039564159526266e-02,7.732994816460382614e-02,2.011001798370887494e-01,9.637152226806304511e-02,0.000000000000000000e+00,2.083994499100814621e-02,1.008145562255368805e-01,-4.072781127684332869e-02,7.732994816460382614e-02,3.360837829260552301e-01,3.322754681053633474e-01,-2.569554638739024455e-01,-1.298000634719136959e-01,-8.568708346556649230e-03,3.205331640748968619e-02,2.264889453083677173e-01,2.366444514968792934e-01,-3.924679995768539514e-02,9.192848831058922365e-02,1.869247857822913528e-01,1.903099545117951930e-01,1.914736062625621571e-02,-3.988151909446736171e-02,-1.020839944991008136e-01,5.183539617052787367e-03,6.664550936210726119e-03,-5.172960964773088560e-02,-1.441870305723050860e-01,-1.706336612715540213e-01,-3.670792341055749419e-02,2.549455199407595421e-02,1.761345604569977685e-01,1.649211890405162251e-01,2.567438908283085075e-01,3.026552417222045932e-01,-1.163651750766952217e-03,-2.528297894848196420e-02,-3.322754681053633474e-01,-2.740928805670157509e-01,-1.365704009309214040e-01,-3.341796255157093443e-01,-1.367819739765153975e-01,-2.644663069924891620e-03,-3.466624352057547931e-01,-3.553369300751084148e-01,-3.183116470961599442e-01,-3.174653549137840258e-01,-1.814238865968475500e-01,-1.156246694171162576e-01,4.601713741669311714e-02,-6.484713847455833569e-02,-1.528615254416587355e-01,-1.329736591558235426e-01,-2.696498466095419433e-01,-1.714799534539299952e-01,-6.876123981804717865e-03,6.527028456574632265e-02,-2.343171479953454206e-01,-2.887972072357981868e-02,-7.246376811594203160e-02,1.537078176240346816e-01,-1.685179308156140865e-01,-2.865756902570612552e-01,1.052575901830106742e-01,-8.388871257801755466e-02,3.817835607743573778e-01,3.346027716068972757e-01,3.398920977467470572e-01,1.843859092351634588e-01,5.469163228604675964e-02,2.594943404210303672e-01,1.683063577700201208e-01,3.522691209139955371e-02,-1.031418597270707671e-01,-2.644663069924891620e-03,-1.195387707606051023e-02,-1.342430974293875034e-01,2.222574843964879032e-01,1.016608484079128405e-01,-1.367819739765153975e-01,-1.907331006029832077e-01,2.933460277160689911e-01,2.624563630593462205e-01,1.975034380619908880e-01,1.640748968581402789e-01,1.581508515815085170e-01,-7.013646461440813107e-02,-1.657674812228922268e-01,1.429175922987411529e-01,3.123876018195281823e-01,2.732465883846398325e-01,1.799428752776896234e-01,1.555061885115836297e-02,-1.628054585845763180e-01,1.778271448217496886e-01,8.790860044430338915e-02,1.841743361895694375e-01,-2.644663069924891620e-03,1.808949539828625871e-02,-2.262773722627737238e-01,-1.340315243837935100e-01,2.535702951443986053e-01,3.299481646038295302e-01,2.337882153813604022e-02,-1.710568073627420083e-01,6.823230720406220362e-02,-2.112556860256003255e-01,1.089601184809055323e-02,-1.298000634719136959e-01,1.744419760922458484e-01,1.634401777213582985e-01
1.183751190098381589e-01,-1.996191685179307951e-01,1.195387707606051023e-02,-5.490320533164074618e-02,1.454564688458690191e-01,9.150534221940125057e-02,1.099121971860785030e-01,-5.405691314926478613e-02,1.103353432772664761e-01,2.083994499100814621e-02,0.000000000000000000e+00,7.204062202475404464e-02,4.403892944038929058e-01,7.775309425579181311e-02,1.448217497090870665e-01,-6.664550936210726119e-03,3.341796255157093443e-01,4.284354173278324268e-02,-1.981381571987728962e-01,-2.290278218554956391e-01,-1.979265841531788750e-01,-7.479107161747593213e-02,2.903840050777530823e-01,1.080080397757325755e-01,1.099121971860785030e-01,7.986882471173172016e-02,5.289326139849783890e-04,2.228922035332698559e-01,1.945414154236750348e-01,1.964455728340209206e-01,4.188088437533058483e-01,3.650692901724320594e-01,2.066010790225325244e-01,1.797313022320956299e-01,-1.597376494234634473e-02,-2.528297894848196420e-02,-1.149899502803342910e-01,-1.609013011742304045e-01,-1.473606262562149605e-01,-2.647836665608801487e-01,-1.932719771501110739e-01,1.583624246271025104e-01,9.626573574526604490e-03,-1.682005712472230824e-02,-6.844388024965619710e-02,-1.712683804083359740e-01,-3.734264254733946770e-02,-4.622871046228710368e-02,1.733841108642758810e-01,4.030466518565534867e-02,2.233153496244578429e-01,3.459219295461758020e-02,3.057230508833174570e-02,-1.820586057336295305e-01,-1.456680418914630404e-01,-2.036390563842166435e-01,8.875489262667934920e-02,-2.226806304876758902e-01,8.029197080291970712e-02,-1.600550089918544305e-01,1.683063577700201208e-01,-6.336612715540040908e-02,3.978631122395007158e-01,1.704220882259600278e-01,1.471490532106209670e-01,7.204062202475404464e-02,-4.199724955040727570e-02,-1.375224796360943746e-03,-1.215487146937480334e-01,-1.786734370041256625e-01,1.097006241404845095e-01,4.686342959906907718e-02,1.195387707606051023e-02,-3.649635036496350071e-02,3.861208082090341470e-02,-1.767692795937797490e-01,-8.991854437744630987e-03,-6.759758806728023706e-02,2.853062519834972943e-01,-3.914101343488839493e-03,7.055961070559610415e-02,1.446101766634930730e-01,-2.059663598857505440e-01,-2.749391727493917248e-01,1.289537712895377219e-01,-1.132973659155823709e-01,-1.149899502803342910e-01,-7.140590288797206420e-02,-4.242039564159526266e-02,-1.604781550830424175e-01,-1.177403998730561646e-01,5.638421665079869360e-02,7.331006029831799164e-02,-1.719030995451179544e-01,-2.914418703057230497e-01,-1.723262456363059414e-01,-2.381254628160372477e-01,1.200677033745900790e-01,-1.509573680313128219e-01,-2.274410240135407019e-02,-8.558129694276948862e-02,-5.871152015233259414e-02,-1.012377023167248397e-01,-1.388977044324553045e-01,1.494763567121548675e-01,2.121019782079763272e-01,8.008039775732572751e-02,-1.143552311435523106e-01,-3.155611975034380845e-01,1.166825346450862111e-01,-6.802073415846821014e-02,-4.368983391515920967e-02,-2.633026552417221944e-01,-2.410874854543531010e-01,2.764201840685496792e-01,6.907859938643816367e-02
-1.317042208822596094e-01,2.150640008462921804e-01,-1.314926478366656160e-01,2.933460277160689911e-01,9.806410663281497908e-02,7.584893684544589954e-02,-9.827567967840897256e-02,5.988575055537924685e-01,5.871152015233259414e-02,1.008145562255368805e-01,7.204062202475404464e-02,0.000000000000000000e+00,-1.872421453506823222e-02,4.319263725801332776e-01,-4.263196868718924920e-02,-6.971331852322014411e-02,-4.453612609753517665e-02,3.877076060509890842e-01,8.240770125885962805e-02,2.245847878980217760e-01,-1.530730984872527289e-01,-1.585739976726965039e-01,2.408759124087591352e-01,3.153496244578440910e-01,2.739870940442187819e-02,1.978207976303818921e-02,6.780916111287421666e-02,1.429175922987411529e-01,-1.350893896117634496e-01,3.322754681053633474e-01,2.973659155823548117e-01,3.185232201417539377e-01,3.035015339045805671e-01,3.456045699777848257e-01,-9.891039881519093913e-02,-4.305511477837722922e-02,-3.151380514122500975e-01,-2.391833280440072151e-01,-2.641489474240981683e-01,-1.602665820374484240e-01,-2.292393949010896048e-01,-1.128742198243943701e-01,-9.023590394583730356e-02,-2.612927113085793118e-02,-9.552523008568708507e-02,-1.589971437638844909e-01,-3.301597376494234681e-01,-2.362213054056913064e-01,-2.383370358616312412e-01,-9.594837617687505815e-02,-1.727493917274939284e-01,-1.249338834232518736e-01,-1.340315243837935100e-01,-1.283190521527557415e-01,-2.675341161536020640e-01,-2.958849042631968573e-01,-1.647096159949222594e-01,1.509573680313128219e-01,-2.412990584999471222e-01,7.309848725272399816e-02,5.448005924045276616e-02,4.537183962763143841e-01,1.153073098487252673e-02,4.784724426108113993e-01,-1.511689410769068154e-01,3.606262562149582518e-01,-2.641489474240981683e-01,-1.727493917274939284e-01,-5.215275573891886562e-02,-2.380196762932402718e-02,1.359356817941394235e-01,2.465883846397969037e-01,5.215275573891886562e-02,2.025811911562467038e-01,2.142177086639162342e-01,1.486300645297788936e-01,4.855601396382101115e-02,1.790965830953136773e-01,-3.163017031630170617e-02,-1.660848407912831823e-02,-2.878451285306252161e-01,9.044747699143129704e-02,-1.479953453929969409e-01,-1.932719771501110739e-01,-1.955992806516450022e-01,-7.775309425579181311e-02,-1.978207976303818921e-02,-3.036073204273775569e-02,-4.760393525864804742e-03,-6.696286893049825661e-02,-6.484713847455833569e-02,-1.031418597270707671e-01,7.669522902782185958e-02,-4.665185655347508370e-02,-1.238760181952819200e-01,1.385803448640643074e-02,-2.812863641172114737e-01,-1.130857928699883636e-01,-1.242991642864699070e-01,-8.357135300962657484e-03,2.436263620014810227e-01,-9.594837617687505815e-02,-8.145562255368665738e-03,1.234528721040939470e-01,1.198561303289960855e-01,2.154871469374801674e-01,1.364646144081244072e-02,-1.778271448217496886e-01,-5.395112662646778245e-03,1.386861313868613110e-01,-2.254310800803977777e-01,1.385803448640643074e-02,-1.947529884692690005e-01,-8.780281392150640976e-03,1.346662435205754904e-01,4.834444091822701767e-02
1.080080397757325755e-01,-2.412990584999471222e-01,1.484184914841849001e-01,4.220882259600126918e-02,1.702105151803660066e-01,1.433407383899291121e-01,2.121019782079763272e-01,-6.992489156881413759e-02,1.498995028033428545e-01,-4.072781127684332869e-02,4.403892944038929058e-01,-1.872421453506823222e-02,0.000000000000000000e+00,5.426848619485877961e-02,2.453189463662329428e-01,4.093938432243732217e-02,2.721887231566698651e-01,-1.609013011742304045e-01,-9.256320744737121797e-02,-2.275468105363376847e-01,-5.130646355654289170e-02,1.949645615148630218e-01,2.080820903416904510e-01,5.109489051094890516e-02,1.613244472654183914e-01,1.181635459642441655e-01,-1.706336612715540213e-01,1.507457949857188284e-01,3.373532211996191910e-01,1.306463556542896420e-01,1.714799534539299952e-01,1.071617475933566016e-01,-9.996826404316089265e-02,-1.039881519094467410e-01,-4.538241827991114363e-02,-1.545541098064106555e-01,1.408018618428012458e-01,-8.357135300962657484e-03,9.108219612821326361e-02,-5.934623928911456764e-02,3.628477731936951417e-02,2.427800698191050210e-01,-8.367713953242356117e-02,-4.284354173278324268e-02,-2.006770337459007625e-01,-1.922141119221411065e-01,1.029302866814767875e-01,1.054691632286046815e-01,1.376282661588913714e-01,4.432455305194118317e-02,1.892520892838252533e-01,1.660848407912831823e-02,8.367713953242356117e-02,-5.448005924045276616e-02,3.914101343488839493e-03,-7.140590288797206420e-02,-5.395112662646778245e-03,-3.329101872421453279e-01,6.019253147149053462e-02,-1.746535491378398142e-01,2.507140590288797419e-02,-2.345287210409393863e-01,1.547656828520046490e-01,-8.875489262667934920e-02,2.425684967735110553e-01,-1.748651221834338354e-01,-5.617264360520470012e-02,-7.352163334391198513e-02,-1.399555696604252719e-01,-2.038506294298106369e-01,-1.533904580556437122e-02,-6.590500370252830309e-02,3.078387813392573572e-02,5.342219401248280569e-02,-7.923410557494975359e-02,-1.380514122500793306e-01,-8.452343171479952122e-02,-1.765577065481857555e-01,2.715540040198878291e-01,1.257801756056278475e-01,3.068867026340844073e-01,1.168941076906802046e-01,-5.289326139849783890e-04,-9.912197186078493261e-02,2.578017560562784749e-01,-5.426848619485877961e-02,-7.881095948376176663e-02,-3.268803554427165969e-02,2.380196762932402718e-02,-2.951443986036178871e-02,-1.893578758066222570e-02,1.759229874114038028e-01,-8.261927430445360765e-02,-9.087062308261927013e-02,-1.080080397757325755e-01,-1.805775944144716039e-01,-5.606685708240769991e-03,9.573680313128107855e-02,-7.796466730138580659e-02,-3.141859727070771269e-02,-1.598434359462604371e-01,9.340949962974717802e-02,-9.933354490637892609e-02,-2.406643393631651140e-01,-1.418597270707711855e-01,-1.122395006876124035e-01,-4.326668782397122964e-02,-1.343488839521845071e-02,-1.896752353750132403e-01,-9.383264572093515110e-02,2.697556331323389470e-02,-1.683063577700201208e-01,-1.484184914841849001e-01,-1.443986036178990795e-01,2.542050142811805857e-01,2.105151803660213622e-02
