0.000000000000000000e+00,3.693152387858696928e-01,2.785662488345591603e-01,2.998031699989640586e-01,6.681860561483476957e-02,1.411996270589453983e-01,3.451776649746192693e-01,7.396664249456126605e-02,1.621257640111882226e-01,1.094996374184191296e-01,2.961773541904070828e-01,1.121931005904899942e-01,2.758727856624883512e-01,6.816533720087018799e-02,1.155081321868848820e-01,4.185227390448564844e-02,-1.600538692634413951e-01,-4.143789495493628051e-03,3.773956283020822311e-01,1.502123692116440375e-02,-1.367450533512897491e-02,4.848233709727545193e-02,1.945509168134258726e-01,6.194965295762974722e-02,6.039573189681963356e-02,-1.003833005283331636e-01,4.765357919817672129e-03,2.206567906350357169e-02,-8.805552677923961236e-03,-8.277219517248524117e-02,-9.074898995131046309e-02,7.458821091888530666e-03,6.702579508960944399e-02,-4.609965813736661977e-02,-1.394385165233605894e-01,-1.122966953278773383e-01,-1.763182430332538853e-01,-7.759245830311820025e-02,-8.857350046617631922e-02,-1.022480058013052889e-01,-9.603232155806483428e-02,-1.043199005490521025e-01,-1.781829483062260244e-01,-1.546669429192996936e-01,-1.379881901999378269e-01,5.407645291619185557e-02,-7.759245830311820025e-02,-1.575675955661452465e-01,8.494768465761937462e-03,-7.148036879726509495e-03,3.532580544908318909e-02,-5.884181083600952683e-02,-1.241064953900341689e-01,-1.610898166373148088e-01,1.212058427431886298e-02,2.465554749818709215e-02,5.481197555164197821e-01,3.426913912773230653e-01,3.169998964052626045e-01,5.159017921889567926e-02,3.357505438723712432e-01,1.035947373873407013e-03,-4.288822127835905523e-02,-8.909147415311301221e-02,8.795193204185226821e-02,-4.371697917745778067e-02,6.826893193825753214e-02,-9.323526364860663940e-02,2.668600435097897017e-01,2.029420905418004573e-01,1.507303428985807270e-01,-3.315031596394902441e-02,7.427742670672328462e-02,3.418626333782243815e-02,-1.628509271728995900e-01,-1.662695535066818497e-01,3.004247384232880576e-03,-3.418626333782243815e-02,-2.038744431782865130e-01,-1.183051900963431047e-01,-1.491764218377706341e-01,-2.238682274940432815e-01,-1.149901584999481891e-02,-9.074898995131046309e-02,1.151973479747228635e-01,-2.403397907386304599e-01,1.139542111260747892e-01,-5.386926344141717074e-03,2.044960116026105779e-01,-2.009737905314409878e-02,-1.517662902724541407e-01,-1.232777374909354573e-01,-8.805552677923961236e-03,-1.522842639593908511e-02,9.841500051797368032e-03,-6.764736351393348113e-02,2.589868434683517857e-03,-2.962809489277944824e-02,-1.018336268517559123e-01,-7.241272143375115933e-02,1.553921060810110714e-02,7.023723194861700159e-02,6.474671086708795598e-02,1.524914534341655081e-01,-1.168548637729203282e-01,1.937221589143271402e-02,7.748886356573085610e-02,4.817155288511343336e-02,1.428571428571428492e-01,1.415104112711074169e-01,-6.008494768465761499e-02,-1.190303532580544721e-01,8.277219517248524117e-02,1.447218481301149884e-01,-1.274215269864290706e-02,-1.044234952864394467e-01
3.693152387858696928e-01,0.000000000000000000e+00,1.161297006112089608e-01,2.732829172278047891e-01,1.153009427121102215e-01,1.470009323526364764e-01,5.801305293691080139e-02,2.163058116647674223e-01,1.370558375634517712e-01,1.770434061949652804e-01,1.014192479022065635e-01,2.769087330363617094e-01,9.416761628509270898e-02,3.004247384232880957e-01,5.210815290583238613e-02,1.419247902206567935e-01,-1.418211954832694355e-01,8.701957940536620556e-03,2.296695327877343595e-01,2.545322697606961504e-01,4.040194758106287892e-02,7.997513726302703241e-02,5.428364239096653693e-02,6.775095825132082528e-02,1.115715321661659432e-01,-2.330881591215165985e-02,1.162332953485962911e-01,1.380917849373251849e-01,-5.832383714907281996e-02,-8.546565834455609190e-02,-1.425463586449808306e-01,-1.761110535584792247e-02,-2.227286853827825305e-02,-7.769605304050553572e-03,-1.342587796539935763e-01,-8.598363203149278489e-02,-1.672019061431679054e-01,-1.316689112193100419e-01,-1.080493110949963670e-01,-6.163886874546772865e-02,-8.256500569771055287e-02,-1.138506163886874450e-01,-1.228633585413860807e-01,-1.132290479643633940e-01,-6.526468455402464897e-02,1.251424427639075965e-01,-7.469180565627266122e-02,-1.059774163472495395e-01,-6.215684243240442511e-03,2.351600538692634121e-02,5.904900031078421339e-03,7.210193722158912688e-02,-1.048378742359888094e-01,-1.496943955247073410e-01,-1.022480058013052889e-01,2.403397907386304461e-02,3.657930177147000750e-01,5.877965399357711895e-01,2.560861908215062432e-01,1.435823060188542166e-01,1.658551745571325009e-01,5.925618978555889649e-02,-1.178908111467937281e-01,3.791567388376670261e-02,-2.890293173106806002e-02,-1.077385268828343415e-02,3.107842121620221472e-04,-1.491764218377706133e-02,2.788770330467211789e-01,2.278048275147622204e-01,8.215062674816117627e-02,4.661763182430331970e-02,-1.895783694188335131e-02,4.040194758106287892e-02,-1.620221692738008923e-01,-5.293691080493110462e-02,-4.029835284367554171e-02,7.583134776753340522e-02,-1.887496115197347946e-01,-7.831762146482958153e-02,-2.285299906764736155e-01,-1.606754376877654600e-01,-6.847612141303222044e-02,2.776338961980731254e-02,-5.676991608826271324e-02,-8.536206360716874775e-02,-1.367450533512897491e-02,3.252874753962498727e-02,-7.458821091888530666e-03,1.222417901170620366e-02,-2.288407748886356341e-01,-1.926862115404537334e-01,-1.799440588418108056e-01,-1.588107324147933208e-01,-9.427121102248005313e-03,-8.007873200041436268e-02,1.999378431575675810e-02,-8.846990572878897507e-02,-1.341551849166062182e-01,-5.873821609862218268e-02,4.226665285403501116e-02,-1.595358955765046813e-02,6.122448979591836593e-02,1.667875271936185566e-01,-9.675748471977622944e-02,-5.977416347249558948e-02,6.091370558375634042e-02,6.391795296798921666e-02,2.641665803377188024e-02,8.784833730446492406e-02,-3.335750543872371271e-02,-5.935978452294622676e-02,1.419247902206567831e-02,8.070030042473842757e-02,3.263234227701232448e-02,-4.744638972340204514e-02
2.785662488345591603e-01,1.161297006112089608e-01,0.000000000000000000e+00,3.219724437998549571e-01,-6.971925826168029472e-02,7.842121620221692568e-02,3.791567388376670400e-01,3.379260333575054287e-01,-3.107842121620221472e-04,-1.854345799233398512e-02,3.183466279912980368e-01,8.650160571842950563e-02,2.505956697399772115e-01,5.407645291619185557e-02,-5.853102662384750826e-02,-7.645291619185745624e-02,-1.854345799233398512e-02,-6.049932663420697770e-02,2.402361960012431574e-01,2.205531958976483797e-01,-1.326012638557960976e-01,-1.168548637729203282e-01,4.052626126592768774e-01,4.415207707448461361e-01,4.651403708691598249e-02,7.531337408059669836e-02,-1.584999482026313022e-01,5.076142131979695035e-03,2.006630063192789692e-01,-6.619703719051070467e-02,1.628509271728995900e-01,2.285299906764736155e-01,6.112089505853101831e-03,6.350357401843985394e-02,2.030456852791878014e-02,-1.228633585413860807e-01,-1.566352429296591631e-01,-2.062571221381953590e-01,-1.144721848130114961e-01,-2.454159328706101428e-01,-2.456231223453848589e-01,-1.503159639490313781e-01,-2.291515591007976804e-01,-2.563969750336682618e-01,-1.551849166062364005e-01,-3.625815808556925174e-02,-2.159950274526053760e-01,-2.497669118408784861e-01,-3.294312648917434305e-02,-9.323526364860663333e-04,-1.142649953382368078e-01,2.465554749818709215e-02,-8.577644255671811047e-02,-8.505127939500672918e-02,-1.737283745985703787e-01,-2.268724748782761647e-01,1.144721848130114961e-01,5.200455816844503504e-02,2.285299906764736155e-01,1.669947166683932172e-01,1.347767533409302831e-01,1.154045374494975518e-01,-4.268103180358437387e-02,4.723920024862737072e-02,5.045063710763492831e-02,1.195483269449911790e-01,9.768983735626228515e-02,4.288822127835905523e-02,-2.279084222521495819e-03,1.087744742567077483e-02,4.506371076349320604e-02,1.149901584999481891e-01,2.348492696571013727e-01,-5.635553713871335052e-02,-1.035947373873407013e-03,-5.811664767429814554e-02,-1.063917952967989161e-01,-1.761110535584791970e-01,1.056666321350875279e-02,-6.733657930177146256e-02,-7.375945301978659163e-02,-1.654407956075831243e-01,-6.101730032114367763e-02,-1.893711799440588317e-01,-4.703201077385268242e-02,-1.284574743603024705e-01,-9.199212679995855124e-02,-1.468973376152491461e-01,-8.784833730446492406e-02,-9.945094789184708017e-02,3.418626333782243728e-03,-2.150626748161193202e-01,-6.723298456438411841e-02,-1.635760903346109851e-01,-8.484408992023205476e-02,-2.518388065886252858e-01,-6.723298456438411841e-02,-5.200455816844503504e-02,-5.625194240132601331e-02,-1.969335957733347187e-01,-2.142339169170205948e-01,-2.451051486584481243e-01,-2.110224800580130233e-01,-1.189267585206671418e-01,-1.419247902206567935e-01,-7.593494250492073550e-02,-2.088469905728788933e-01,4.050554231845022307e-02,5.915259504817155234e-02,-1.450326323422770035e-02,-8.183984253599915770e-02,-1.179944058841810722e-01,-1.900963431057702269e-01,-1.550813218688490425e-01,-2.211747643219724446e-01,-6.194965295762974722e-02
2.998031699989640586e-01,2.732829172278047891e-01,3.219724437998549571e-01,0.000000000000000000e+00,2.419973065368279108e-01,3.942815704962187584e-01,5.033668289650885530e-01,3.537760281777685423e-01,3.333678649124623972e-01,3.169998964052626045e-01,1.048378742359888094e-01,1.982803273593701232e-01,3.062260437169792016e-01,2.333989433336786379e-01,2.993887910494146820e-01,2.700714803687972454e-01,-2.262509064539521275e-01,-1.219310059049000250e-01,2.935874857557235762e-01,2.071894747746814026e-03,1.523878586967781779e-01,1.569460271418211816e-01,5.238785869677820006e-01,3.836113125453226580e-01,3.847508546565834298e-01,2.057391484512586521e-01,1.764218377706412433e-01,2.587796539935771079e-01,-3.232155806485030591e-02,9.986532684139644289e-02,1.494872060499326527e-01,2.673780171967263808e-01,1.732104009116336718e-01,1.831554957008183770e-01,-5.148658448150833511e-02,-2.061535274008080218e-02,-2.754584067129389746e-01,-6.174246348285505892e-02,-6.132808453330571008e-02,-6.112089505853102178e-02,-3.128561069097689912e-02,-1.062882005594115858e-01,-1.801512483165854939e-01,-2.241790117062053278e-01,-1.708277219517248258e-01,-7.251631617113849741e-04,-1.207914637936392671e-01,-2.337097275458406564e-01,-1.080493110949963670e-01,-1.444110639179529421e-01,-9.634310577022686672e-02,-1.310473427949860048e-01,-1.847094167616284976e-01,-2.335025380710659959e-01,9.116336890085982581e-02,-1.750751061846057832e-02,2.645809592872681582e-01,1.395421112607479475e-01,1.211022480058012857e-01,1.564280534548844956e-02,1.858489588728892417e-01,1.129182637522013928e-02,-2.387858696778203393e-01,-1.561172692427224562e-01,-4.433854760178182475e-02,6.640422666528539297e-02,6.754376877654615086e-02,6.992644773645498302e-02,9.354604786076865797e-02,6.339997928105252367e-02,3.843364757070340532e-01,1.385061638868745337e-01,1.195483269449911790e-01,2.095721537345902608e-01,-1.441002797057909235e-01,-1.431679270693048678e-01,-1.160261058738215958e-02,-7.769605304050553572e-03,-3.009427121102247749e-01,-1.803584377913601822e-01,-2.298767222625090478e-01,-2.206567906350357378e-01,-1.040091163368900701e-01,2.538071065989847344e-02,5.076142131979695035e-03,-1.575675955661452465e-01,1.032839531751786888e-01,1.254532269760696150e-01,1.279395006733657636e-01,-1.916502641665803267e-02,-2.013881694809903644e-01,-2.302911012120583967e-01,8.038951621257639513e-02,-9.489277944680409027e-02,-5.718429503781207596e-02,-8.992023205221173765e-02,-6.588625297834868610e-02,-1.300113954211125911e-01,-2.575365171449289781e-01,-2.105045063710763442e-01,-5.179736869367035064e-04,-1.486584481508339273e-01,-7.686729514140681896e-02,-2.102973168963016490e-02,-1.499015849994820293e-01,-5.759867398736143174e-02,1.191339479954418162e-02,-2.942090541800476342e-02,1.357091059774163389e-01,1.010048689526572008e-01,-6.329638454366517952e-02,-2.393038433647570185e-01,-8.246141096032320872e-02,2.610587382160986167e-02,-1.089816637314824366e-01,-1.583963534652439442e-01
6.681860561483476957e-02,1.153009427121102215e-01,-6.971925826168029472e-02,2.419973065368279108e-01,0.000000000000000000e+00,4.756034393452812647e-01,2.144411063917952831e-01,5.946337926033357091e-02,6.614523982181704786e-01,6.347249559722365486e-01,-1.393349217859732592e-01,1.968300010359473780e-03,2.186884906246762406e-01,2.873718015124831493e-01,6.028177768569356054e-01,5.780586346213610893e-01,-1.774577851445146570e-01,-2.225214959080078492e-01,-3.833005283331606880e-03,-1.014192479022065635e-01,4.152077074484615826e-01,2.995959805241893426e-01,7.065161089816637818e-02,2.102973168963016559e-01,5.139334921785972954e-01,3.628923650678545498e-01,4.425567181187195498e-01,2.568113539832176384e-01,-7.904278462654096282e-02,-6.640422666528539297e-02,1.657515798197451221e-02,1.599502745260540648e-01,2.050139852895472847e-01,2.066715010877447356e-01,-6.339997928105252367e-02,9.634310577022686672e-02,-1.040091163368900701e-01,3.097482647881487361e-02,2.890293173106806002e-02,1.913394799544183011e-01,1.903035325805448874e-01,-7.179115300942710831e-02,-6.422873718015124737e-03,-9.012742152698640860e-03,-5.635553713871335052e-02,3.356469491349839407e-02,9.043820573914844452e-02,7.148036879726509495e-03,-7.127317932249041532e-02,-1.132290479643633940e-01,6.350357401843985394e-02,-1.756966746089298481e-01,-7.873200041437895119e-03,-1.237957111778721503e-01,2.352636486066507493e-01,1.062882005594115858e-01,2.284263959390862853e-01,2.237646327566559373e-02,-7.417383196933594047e-02,-1.529058323837149125e-01,1.389205428364239103e-01,-1.031803584377913585e-01,-1.850202009737905162e-01,-2.691391277323111897e-01,-1.502123692116440375e-02,-5.366207396664249285e-02,6.267481611934114238e-02,-2.196208432611623101e-02,1.802548430539728172e-02,-1.439966849684035793e-02,2.924479436444628599e-01,2.254221485548534021e-01,-4.154148969232362987e-02,4.910390552159950295e-02,-2.589868434683518239e-01,-1.300113954211125911e-01,1.569460271418211816e-01,8.163265306122448328e-02,-3.489070755205635477e-01,-1.566352429296591631e-01,-6.257122138195379824e-02,-1.260747954003936522e-01,1.377810007251631559e-02,2.523567802755619649e-01,1.777685693566766756e-01,8.266860043509789702e-02,3.085051279395006341e-01,3.130632963845436101e-01,2.614731171656479725e-01,2.237646327566559235e-01,-1.244172796021962152e-01,3.377188438827307543e-02,2.060499326634206707e-01,1.863669325598259485e-01,1.812907904278462587e-02,1.470009323526364764e-01,3.656894229773127031e-02,-1.410960323215580681e-01,-1.302185848958872794e-01,-6.909768983735625758e-02,1.048378742359888094e-01,1.038019268621153957e-01,5.645913187610068773e-02,-3.107842121620221429e-02,-4.433854760178182475e-02,-4.278462654097171108e-02,2.794986014710452160e-01,-1.693773956283020909e-01,1.652336061328084360e-01,1.616077903242515157e-01,3.998756863151351620e-02,-1.377810007251631559e-02,1.581891639904692837e-01,1.608826271625401483e-01,6.329638454366517952e-02,-1.386097586242618918e-01
1.411996270589453983e-01,1.470009323526364764e-01,7.842121620221692568e-02,3.942815704962187584e-01,4.756034393452812647e-01,0.000000000000000000e+00,3.091266963638246712e-01,1.885424220449601063e-01,5.638661555992955376e-01,6.629027245415932690e-01,-2.828136330674401594e-02,1.039055215995027259e-01,2.195172485237749660e-01,2.623018750647466701e-01,5.290583238371490138e-01,4.686625919403293872e-01,-1.165440795607583097e-01,-1.241064953900341689e-01,8.795193204185226821e-02,-5.832383714907281996e-02,4.659691287682585226e-01,4.595462550502434351e-01,1.995234642080181975e-01,2.192064643116129474e-01,5.143478711281466165e-01,3.504609965813736405e-01,4.850305604475291799e-01,5.296798922614730509e-01,-3.325391070133637550e-02,9.085258468869780724e-02,1.112607479540039246e-01,2.007666010566663273e-01,1.171656479850823468e-01,1.534238060706516193e-01,-1.485548534134465692e-01,-7.583134776753340522e-02,-9.261369522428260226e-02,9.292447943644462083e-02,1.155081321868848820e-01,1.714492903760488907e-01,1.917538589039676500e-01,-2.185848958872889033e-02,-7.893918988915363255e-02,-1.710349114264995141e-01,-1.725888324873096347e-01,-6.029213715943230328e-02,-2.475914223557442936e-02,-1.289754480472392051e-01,-1.330156428053455020e-01,-1.629545219102869480e-01,-4.962187920853620288e-02,-1.193411374702164907e-01,-9.862218999274836861e-02,-3.118201595358955844e-02,1.625401429607375714e-01,1.850202009737905162e-01,1.849166062364031859e-01,6.029213715943230328e-02,-7.168755827203977804e-02,-1.611934113747021668e-01,1.310473427949860048e-01,-8.287578990987256103e-03,-2.345384854449393541e-01,-2.544286750233087924e-01,-1.419247902206567831e-02,-6.775095825132082528e-02,-3.926240546980213492e-02,-6.567906350357401168e-02,5.221174764321972334e-02,2.475914223557442936e-02,4.660727235056459361e-01,2.645809592872681582e-01,3.242515280223764312e-02,1.147829690251735146e-01,-1.564280534548844748e-01,-8.173624779861182743e-02,1.631617113850616085e-01,1.744535377602817738e-01,-2.618874961151973491e-01,-1.122966953278773383e-01,-8.163265306122448328e-02,-1.229669532787734387e-01,-6.112089505853101831e-03,2.092613695224282422e-01,1.067025795089609347e-01,6.857971615041956459e-02,2.844711488656376241e-01,2.848855278151869452e-01,2.380607065161089442e-01,2.917227804827514648e-01,-1.586035429400186325e-01,5.428364239096653693e-02,1.503159639490313781e-01,1.571532166165958699e-01,-5.521599502745260651e-02,4.361338444007044346e-02,-7.469180565627266122e-02,-1.852273904485652045e-01,-1.876100694084740228e-01,-1.082565005697710553e-01,3.024966331710348885e-02,9.820781104319900590e-02,-7.510618460582202394e-02,2.092613695224282422e-02,-8.018232673780170683e-02,-4.796436341033874506e-02,1.603646534756034137e-01,-9.105977416347249553e-02,9.541075313374079714e-02,1.168548637729203282e-01,4.019475810628819756e-02,-1.380917849373251849e-01,8.898787941572568194e-02,1.229669532787734387e-01,-1.097068268931938179e-01,-2.310162643737697641e-01
3.451776649746192693e-01,5.801305293691080139e-02,3.791567388376670400e-01,5.033668289650885530e-01,2.144411063917952831e-01,3.091266963638246712e-01,0.000000000000000000e+00,2.709002382678959431e-01,2.942090541800476133e-01,2.372319486170102465e-01,2.254221485548534021e-01,1.118823163783279617e-01,4.421423391691701732e-01,1.577747850409199071e-01,2.722469698539313754e-01,1.501087744742566898e-01,-1.174764321972443654e-01,-2.224179011706205189e-01,2.303946959494457269e-01,-5.842743188646016411e-02,1.231741427535480993e-01,7.697088987879414923e-02,4.919714078524810574e-01,3.686936703615456001e-01,2.573293276701543175e-01,1.178908111467937281e-01,1.024551952760799772e-01,1.937221589143271472e-01,7.334507407023722891e-02,4.827514762250077751e-02,2.023205221174764201e-01,2.984564384129286263e-01,2.712110224800579616e-01,2.674816119341137388e-01,-5.045063710763492831e-02,-4.402776338961979924e-02,-2.528747539624986995e-01,-1.657515798197451221e-02,-7.023723194861700159e-02,-8.515487413239407333e-02,-9.323526364860664634e-03,-1.350875375530923017e-01,-1.683414482544286495e-01,-1.796332746296487870e-01,-1.648192271832590872e-01,-1.709313166891121907e-02,-6.588625297834868610e-02,-1.752822956593804715e-01,-4.837874235988811472e-02,-9.137055837563451410e-02,-3.874443178286542805e-02,-1.248316585517455640e-01,-9.768983735626228515e-02,-9.116336890085982581e-02,1.149901584999481891e-01,-2.382678959908836065e-03,2.743188646016782584e-01,-3.263234227701232448e-02,9.292447943644462083e-02,-2.310162643737698196e-02,2.720397803791567148e-01,7.034082668600434574e-02,-5.604475292655133195e-02,-8.857350046617631922e-02,1.156117269242722401e-01,1.034911426499533771e-01,1.120895058531026639e-01,3.076763700404019225e-02,-1.336372112296695287e-02,-7.148036879726508974e-02,3.379260333575054287e-01,1.461721744535377510e-01,1.390241375738112406e-01,1.074277426706723160e-01,-1.084636900445457297e-01,-2.082254221485548562e-01,2.921371594323008206e-02,-3.428985807520978230e-02,-2.653061224489795533e-01,-1.971407852481093792e-01,-9.686107945716357359e-02,-1.850202009737905162e-01,-9.509996892157877857e-02,-5.687351082565005045e-02,1.248316585517455640e-01,-1.260747954003936522e-01,1.501087744742566898e-01,1.022480058013052889e-01,1.631617113850616085e-01,5.790945819952345724e-02,-3.232155806485030591e-02,-1.030767637004040144e-01,2.078110431990054519e-01,7.852481093960426983e-02,-5.946337926033357091e-02,-4.309541075313373659e-02,1.698953693152387492e-02,-5.873821609862218268e-02,-1.160261058738216028e-01,-1.614006008494768551e-01,3.884802652025276526e-02,-2.061535274008080218e-02,-5.946337926033357091e-02,8.391173728374598517e-03,-1.258676059256189639e-01,-3.294312648917434305e-02,4.868952657205013676e-03,-8.805552677923959848e-02,2.160986221899927340e-01,1.476225007769605135e-01,1.439966849684035793e-02,-1.651300113954211057e-01,2.506992644773645487e-02,7.583134776753340522e-02,-5.656272661348803188e-02,-1.741427535481197553e-01
7.396664249456126605e-02,2.163058116647674223e-01,3.379260333575054287e-01,3.537760281777685423e-01,5.946337926033357091e-02,1.885424220449601063e-01,2.709002382678959431e-01,0.000000000000000000e+00,4.682482129907800106e-02,1.531130218584896008e-01,-3.770848440899202125e-02,2.942090541800476133e-01,2.631306329638454303e-02,2.880969646741944890e-01,-4.143789495493628051e-03,1.266963638247176893e-01,-8.929866362788770051e-02,2.538071065989847344e-02,1.812907904278462656e-01,2.846783383404122847e-01,4.734279498601470793e-02,2.330881591215165985e-02,2.356780275562001259e-01,4.387237128353879134e-01,6.029213715943230328e-02,1.491764218377706341e-01,-8.805552677923961236e-03,5.407645291619185557e-02,3.418626333782243815e-02,1.926862115404537334e-02,1.378845954625504966e-01,2.499741013156531466e-01,1.947581062882005470e-02,1.371594323008391292e-01,-6.744017403915880671e-02,-1.074277426706723160e-01,-8.152905832383713913e-02,-5.096861079457162824e-02,-3.833005283331606533e-02,-3.066404226665285504e-02,-2.506992644773645487e-02,-3.501502123692115664e-02,-1.820159535895576330e-01,-1.866777167719879671e-01,-1.581891639904692837e-01,-3.760488967160467710e-02,-2.289443696260229921e-01,-2.287371801512483038e-01,-1.677198798301046123e-01,-7.707448461618149338e-02,-1.993162747332435369e-01,-2.393038433647570393e-02,-1.905107220553195757e-01,-9.986532684139644289e-02,-1.040091163368900701e-01,-8.111467937428777641e-02,-1.533202113332642752e-02,1.256604164508443033e-01,-1.647156324458717153e-02,7.655651092924480039e-02,-8.287578990987257621e-04,1.950688905003625517e-01,-1.855381746607272231e-01,1.349839428157049437e-01,-8.701957940536619862e-02,1.333264270175075206e-01,-1.274215269864290845e-01,-3.076763700404019225e-02,4.299181601574639244e-02,-2.320522117476431917e-02,1.471045270900238171e-02,2.849891225525743033e-01,1.162332953485962911e-01,4.071273179322489749e-02,-9.996892157878378704e-02,5.904900031078420819e-02,-9.427121102248005313e-02,-4.713560551124002657e-02,-1.155081321868848820e-01,7.303428985807521034e-02,-1.826375220138816702e-01,8.080389516212575785e-02,-8.992023205221173765e-02,1.063917952967989161e-01,-1.774577851445146570e-01,1.728996166994716532e-01,1.875064746710866995e-02,1.231741427535480993e-01,-9.209572153734589539e-02,1.248316585517455640e-01,-1.309437480575986745e-01,-1.745571324976691041e-01,-7.541696881798404251e-02,-1.427535481197555189e-01,-1.170620532476950165e-01,-1.129182637522013755e-01,-2.007666010566663273e-01,-1.358127007148036691e-01,-1.891639904692841434e-01,-2.169273800890914594e-01,-1.182015953589557744e-01,-1.579819745156945954e-01,-1.497979902620946713e-01,-7.075520563555370845e-02,-1.426499533823681609e-01,-1.452398218170516953e-01,-8.152905832383713913e-02,6.961566352429296445e-02,2.051175800269346150e-02,-1.010048689526572008e-01,-1.273179322490417265e-01,-1.800476535791981636e-01,-1.727960219620843230e-01,-1.104319900549052130e-01,-1.910286957422562826e-01,-1.536309955454262799e-01
1.621257640111882226e-01,1.370558375634517712e-01,-3.107842121620221472e-04,3.333678649124623972e-01,6.614523982181704786e-01,5.638661555992955376e-01,2.942090541800476133e-01,4.682482129907800106e-02,0.000000000000000000e+00,6.815497772713146052e-01,-9.323526364860663333e-04,4.154148969232362987e-02,3.280845333057080260e-01,2.355744328188127679e-01,6.763700404019475920e-01,5.647985082357815934e-01,-2.016989536931523830e-01,-1.912358852170309431e-01,6.744017403915880671e-02,-1.639904692841603340e-01,3.346110017611104714e-01,3.033253910701336209e-01,1.924790220656790729e-01,1.543561587071376751e-01,5.999171242100901358e-01,2.228322801201698677e-01,3.957318968196415487e-01,3.052936910804930903e-01,-1.237957111778721503e-01,1.129182637522013928e-02,-2.589868434683517684e-02,7.458821091888531707e-02,2.178597327255775151e-01,1.635760903346109851e-01,-7.520977934320935421e-02,3.729410545944265853e-02,-1.941365378638764960e-01,4.382057391484511788e-02,5.490521081529057754e-03,1.451362270796643650e-01,1.327048585931834557e-01,-4.920750025898684016e-02,-1.678234745674919703e-02,-7.261991090852584763e-02,-5.987775820988293363e-02,5.594115818916398433e-03,1.057702268724748651e-01,-7.251631617113849741e-04,-3.107842121620221429e-02,-1.088780689940950924e-01,5.998135294727027084e-02,-1.427535481197555189e-01,-2.548430539728581412e-02,-7.572775303014606108e-02,2.495597223661037700e-01,1.464829586656997695e-01,2.986636278877032868e-01,9.178493732518386294e-02,2.921371594323008206e-02,-1.116751269035532873e-01,1.900963431057702269e-01,-2.672744224593390575e-02,-1.736247798611830484e-01,-2.786698435719465183e-01,-3.138920542836423633e-02,-4.185227390448564844e-02,9.665388998238888529e-02,-3.729410545944265333e-03,9.489277944680409027e-02,5.107220553195897239e-02,3.436237439138091210e-01,7.230912669636381518e-02,-4.941468973376152152e-02,9.054180047653578867e-02,-2.426188749611519480e-01,-1.107427742670672316e-01,1.420283849580441238e-01,9.696467419455090386e-02,-3.687972650989329582e-01,-2.734901067025795052e-01,-8.992023205221173765e-02,-1.629545219102869480e-01,1.346731586035429269e-03,1.960012431368486074e-01,1.698953693152387701e-01,-4.827514762250077751e-02,2.975240857764425706e-01,2.842639593908629081e-01,3.002175489485133797e-01,1.881280430954107297e-01,-1.501087744742566898e-01,5.055423184502226552e-02,2.151662695535066505e-01,2.307054801616077455e-01,-3.159639490313891769e-02,9.105977416347249553e-02,-1.212058427431886298e-02,-1.601574640008287254e-01,-1.637832798093856734e-01,-1.020408163265306006e-01,1.495908007873200107e-01,9.282088469905727668e-02,4.900031078421215186e-02,3.791567388376670261e-02,-8.660520045581683590e-02,4.402776338961979924e-02,2.020097379053144016e-01,-1.857453641355019114e-01,2.033564694913498061e-01,1.906143167927069060e-01,3.045685279187817021e-02,-1.105355847922925433e-01,1.693773956283020909e-01,2.101937221589142979e-01,3.138920542836423633e-02,-1.616077903242515157e-01
1.094996374184191296e-01,1.770434061949652804e-01,-1.854345799233398512e-02,3.169998964052626045e-01,6.347249559722365486e-01,6.629027245415932690e-01,2.372319486170102465e-01,1.531130218584896008e-01,6.815497772713146052e-01,0.000000000000000000e+00,-1.242100901274215269e-01,8.194343727338650185e-02,1.780793535688386942e-01,3.269449911944473097e-01,6.270589454055733869e-01,7.054801616077902571e-01,-1.695845851030767515e-01,-1.427535481197555189e-01,2.496633171034911072e-02,-6.081011084636899627e-02,4.309541075313373382e-01,4.336475707034082583e-01,1.218274111675126808e-01,2.063607168755827170e-01,5.535066818605614003e-01,2.487309644670050723e-01,4.696985393142027454e-01,3.887910494146897267e-01,-1.333264270175075206e-01,7.355226354501190854e-03,-4.350978970268309931e-02,9.613591629545217843e-02,1.130218584895887196e-01,1.169584585103076585e-01,-9.509996892157877857e-02,-6.277841085672847266e-02,-6.857971615041956459e-02,1.349839428157049437e-01,1.022480058013052889e-01,2.936910804931109342e-01,2.416865223246658922e-01,6.598984771573603025e-02,-1.131254532269760638e-01,-1.706205324769501652e-01,-9.924375841707240575e-02,-5.697710556303739460e-02,-1.294934217341758842e-02,-1.153009427121102215e-01,-1.334300217548948508e-01,-1.855381746607272231e-01,-5.790945819952345724e-02,-2.254221485548534021e-01,-1.253496322386822848e-01,-1.196519216823785092e-01,2.130943748057598508e-01,1.684450429918160075e-01,2.043924168652232476e-01,9.447840049725474143e-02,-6.194965295762974722e-02,-2.165130011395421106e-01,8.919506889050035636e-02,-6.381435823060187251e-02,-2.753548119755516166e-01,-2.649953382368175347e-01,-1.398528954729099522e-02,-9.385683207293067654e-02,-2.144411063917952762e-02,-8.474049518284471061e-02,1.305293691080492979e-01,1.051486584481508280e-01,3.057080700300424669e-01,2.003522221071169507e-01,-3.946959494457681628e-02,1.031803584377913585e-01,-1.949652957629752215e-01,-7.469180565627266122e-02,1.409924375841707378e-01,1.468973376152491461e-01,-3.476639386719154734e-01,-1.265927690873303590e-01,-1.454470112918263835e-01,-8.463690044545736646e-02,8.815912151662694263e-02,3.621672019061431547e-01,9.323526364860663940e-02,9.199212679995855124e-02,3.833005283331606394e-01,4.297109706826892639e-01,2.552574329224074901e-01,3.234227701232777474e-01,-2.023205221174764201e-01,1.326012638557961219e-02,1.188231637832798115e-01,1.726924272246969927e-01,-4.278462654097171108e-02,1.169584585103076585e-01,-1.225525743292240621e-01,-2.645809592872681582e-01,-2.744224593390655609e-01,-1.859525536102765997e-01,6.816533720087018799e-02,8.784833730446492406e-02,-3.656894229773127031e-02,2.983528436755412266e-02,-1.261783901377809824e-01,-8.111467937428777641e-02,2.123692116440484834e-01,-8.774474256707757991e-02,9.520356365896612272e-02,6.091370558375634042e-02,-7.748886356573085610e-02,-1.828447114886563585e-01,5.314410027970579292e-02,7.655651092924480039e-02,-8.629441624365481733e-02,-2.328809696467419588e-01
2.961773541904070828e-01,1.014192479022065635e-01,3.183466279912980368e-01,1.048378742359888094e-01,-1.393349217859732592e-01,-2.828136330674401594e-02,2.254221485548534021e-01,-3.770848440899202125e-02,-9.323526364860663333e-04,-1.242100901274215269e-01,0.000000000000000000e+00,1.940329431264891658e-01,4.764321972443799069e-01,6.878690562519423901e-02,2.175489485134155139e-03,-1.808764114782968890e-01,-2.641665803377188024e-02,-9.530715839635344258e-03,3.760488967160467710e-02,1.647156324458717153e-02,-1.558064850305604376e-01,-1.365378638765150643e-01,2.289443696260229921e-01,1.131254532269760638e-01,1.108463690044545619e-02,-5.977416347249558948e-02,-1.170620532476950165e-01,9.323526364860663333e-04,3.098518595255360664e-01,1.132290479643633940e-01,8.225422148554852042e-02,1.263855796125556707e-01,7.241272143375115933e-02,4.361338444007044346e-02,-2.817776856935667526e-02,-9.945094789184708017e-02,-1.771470009323526384e-01,-5.252253185538174191e-02,-3.801926862115403982e-02,-2.240754169688179698e-01,-2.408577644255671946e-01,-1.128146690148140452e-01,-1.858489588728892417e-01,-1.619185745364135343e-01,-1.841914430746917908e-01,-1.388169480990365627e-02,-1.182015953589557744e-01,-1.405780586346213334e-01,6.588625297834868610e-02,6.246762664456644715e-02,5.127939500673365375e-02,1.601574640008287254e-01,1.087744742567077483e-01,5.853102662384750826e-02,-1.522842639593908511e-02,-1.843986325494664791e-02,1.774577851445146570e-01,7.044442142339168988e-02,2.142339169170205948e-01,1.466901481404744578e-01,1.876100694084740228e-01,1.031803584377913585e-01,2.316378327980938290e-01,1.825339272764943399e-01,1.675126903553299240e-01,8.308297938464725974e-02,9.665388998238888529e-02,4.475292655133118747e-02,-1.823267378017196655e-02,1.346731586035429269e-03,1.036983321247280515e-01,-1.031803584377913585e-01,1.650264166580337755e-01,1.968300010359473606e-02,9.634310577022686672e-02,-4.651403708691598249e-02,1.895783694188335131e-02,3.770848440899202125e-02,1.035947373873407143e-02,-1.180980006215684164e-01,1.616077903242515296e-02,-1.513519113229047919e-01,-6.526468455402465417e-03,-2.998031699989640586e-01,1.311509375323733351e-01,-1.672019061431679054e-01,-6.609344245312337440e-02,-2.206567906350357378e-01,3.833005283331606533e-02,-8.391173728374597129e-02,9.831140578058635004e-02,-1.257640111882316336e-01,-3.553299492385786351e-02,-7.054801616077903403e-02,6.288200559411581680e-02,-7.821402672744223739e-02,1.712421009012742024e-01,1.756966746089298481e-01,8.422252149590800374e-02,1.087744742567077483e-02,-4.765357919817672129e-03,-6.567906350357401168e-02,-4.029835284367554171e-02,3.978037915673883484e-02,-2.299803169998963781e-02,7.386304775717392190e-02,-1.868849062467626554e-01,1.294934217341758842e-02,1.333264270175075206e-01,1.110535584792292502e-01,4.786076867295140785e-02,-9.219931627473323954e-03,-3.211436859007562369e-03,2.393038433647570393e-02,-4.464933181394385026e-02,8.929866362788770051e-02
1.121931005904899942e-01,2.769087330363617094e-01,8.650160571842950563e-02,1.982803273593701232e-01,1.968300010359473780e-03,1.039055215995027259e-01,1.118823163783279617e-01,2.942090541800476133e-01,4.154148969232362987e-02,8.194343727338650185e-02,1.940329431264891658e-01,0.000000000000000000e+00,1.731068061742463415e-01,3.986325494664870739e-01,-3.625815808556925087e-03,1.050450637107634838e-01,-1.784937325183880430e-01,6.008494768465761499e-02,-2.931731068061741927e-02,2.765979488241997186e-02,1.015228426395939007e-02,-1.864705272972132927e-02,9.882937946752304303e-02,1.607790324251527903e-01,1.105355847922925433e-01,6.971925826168029472e-02,1.122966953278773383e-01,1.316689112193100419e-01,5.272972133015642326e-02,1.977623536724334163e-01,1.381953796747125152e-01,2.241790117062053278e-01,9.644670050761421087e-02,1.227597638039987504e-01,-7.044442142339168988e-02,-1.241064953900341689e-01,-1.638868745467730037e-01,-3.615456334818190759e-02,-5.853102662384750826e-02,-4.920750025898684016e-02,3.625815808556925087e-03,-5.293691080493110462e-02,-1.738319693359577367e-01,-1.190303532580544721e-01,-5.925618978555889649e-02,5.117580026934631654e-02,-1.424427639075934726e-01,-1.380917849373251849e-01,-2.071894747746814286e-02,6.992644773645498302e-02,-4.941468973376152152e-02,1.464829586656997695e-01,-6.360716875582719809e-02,9.219931627473323954e-03,-1.502123692116440375e-02,-4.288822127835905523e-02,9.292447943644462083e-02,2.279084222521495784e-01,1.394385165233605894e-01,1.885424220449601063e-01,1.343623743913809065e-01,2.451051486584481243e-01,-1.249352532891328943e-01,2.639593908629441210e-01,-2.061535274008080218e-02,2.513208329016886067e-01,4.796436341033874506e-02,1.131254532269760638e-01,9.655029524500155502e-02,5.293691080493110462e-02,1.010048689526572008e-01,1.054594426603128465e-01,5.179736869367035064e-04,9.116336890085982581e-02,-1.711385061638868443e-01,-2.973168963016678545e-02,-1.370558375634517712e-01,7.355226354501190333e-02,-2.179633274629648731e-01,-6.857971615041956459e-02,-2.869574225629337727e-01,5.272972133015642326e-02,-1.434787112814668864e-01,1.429607375945301899e-02,-1.926862115404537334e-01,9.613591629545217843e-02,-1.595358955765046813e-02,6.008494768465761152e-03,-1.276287164612037450e-01,1.553921060810110714e-02,-1.722780482751475883e-01,-1.319796954314720605e-01,-1.329120480679581440e-01,-9.437480575986739728e-02,-1.090852584688697668e-01,-1.167512690355329980e-01,-7.862840567699161398e-02,-5.200455816844503504e-02,-1.940329431264891658e-01,-1.501087744742566898e-01,-3.542940018647052630e-02,-1.067025795089609347e-01,-4.868952657205013676e-03,5.594115818916398086e-02,-6.277841085672847266e-02,3.263234227701232448e-02,-1.189267585206671418e-01,-3.408266860043509400e-02,-1.170620532476950026e-02,9.116336890085983274e-03,-7.769605304050553052e-02,-1.424427639075934726e-01,-1.068061742463482788e-01,-1.667875271936185635e-02,-3.346110017611104992e-02,6.464311612970061183e-02
2.758727856624883512e-01,9.416761628509270898e-02,2.505956697399772115e-01,3.062260437169792016e-01,2.186884906246762406e-01,2.195172485237749660e-01,4.421423391691701732e-01,2.631306329638454303e-02,3.280845333057080260e-01,1.780793535688386942e-01,4.764321972443799069e-01,1.731068061742463415e-01,0.000000000000000000e+00,2.546358644980834529e-01,3.525328913291204125e-01,1.187195690458924535e-01,-1.650264166580337755e-01,-2.658240961359162879e-01,7.572775303014606108e-02,-1.204806795814772485e-01,9.447840049725474143e-02,4.247384232880969251e-02,3.178286543043613022e-01,1.935149694395524589e-01,2.802237646327566112e-01,1.097068268931938179e-01,1.129182637522013755e-01,1.509375323733554153e-01,1.424427639075934726e-01,4.319900549052108074e-02,7.790324251528021882e-02,1.680306640422666309e-01,1.882316378327980599e-01,1.590179218895679814e-01,-1.069097689837356230e-01,-3.480783176214648222e-02,-3.186574122034600554e-01,-4.174867916709830429e-02,-7.593494250492073550e-02,-1.333264270175075206e-01,-9.396042681031802069e-02,-2.043924168652232476e-01,-1.263855796125556707e-01,-8.194343727338650185e-02,-1.222417901170620436e-01,8.660520045581683590e-02,-1.398528954729099522e-02,-1.128146690148140452e-01,9.074898995131046309e-02,1.067025795089609347e-02,1.157153216616595703e-01,3.335750543872371271e-02,1.087744742567077483e-01,-3.532580544908318909e-02,1.277323111985911031e-01,5.614834766393866916e-02,3.197969543147207716e-01,-1.947581062882005470e-02,1.319796954314720605e-01,5.034704237024759110e-02,2.628198487516834048e-01,5.594115818916398433e-03,8.950585310266237493e-02,-6.443592665492592353e-02,1.124002900652646825e-01,4.350978970268309931e-02,1.641976587589350223e-01,7.500258986843467979e-02,-5.739148451258675732e-02,-4.817155288511343336e-02,3.032217963327462629e-01,-6.215684243240442511e-03,7.738526882834351195e-02,3.978037915673883484e-02,-8.121827411167512056e-02,-1.791153009427120801e-01,4.382057391484511788e-02,-7.666010566663213760e-03,-2.318450222728685173e-01,-2.417901170620532503e-01,-4.703201077385268242e-02,-2.246969853931420069e-01,-6.971925826168029472e-02,-1.701025587900134584e-01,2.496633171034911280e-01,-2.094685589972029305e-01,1.506267481611933967e-01,-1.450326323422769948e-03,1.862633378224386183e-01,-1.408888428467833763e-02,2.061535274008080218e-02,-1.253496322386822848e-01,1.360198901895783574e-01,3.594737387340722623e-02,5.583756345177664365e-02,-9.841500051797368032e-03,1.490728271003833039e-01,1.081529058323837111e-01,5.697710556303739113e-03,-3.553299492385786351e-02,1.100176111053558364e-01,-2.030456852791878014e-02,2.973168963016678545e-02,4.682482129907800106e-02,-8.287578990987257621e-04,5.272972133015642326e-02,-2.631306329638454303e-02,-1.113643426913912687e-01,2.787734383093338764e-01,1.941365378638764960e-01,6.215684243240442858e-02,-4.423495286439448754e-02,1.306329638454366560e-01,1.345695638661555948e-01,-1.968300010359473780e-03,-5.552677923961462508e-02
