0.000000000000000000e+00,5.396170527874748490e-01,-2.066010790225325244e-01,-1.376282661588913714e-01,-1.896752353750132403e-01,-3.332275468105363320e-02,-1.242991642864699070e-01,-1.278959060615677545e-01,-1.759229874114038028e-01,-3.289960858986565317e-02,3.255051306463556671e-01,2.326245636305934450e-01,1.082196128213265551e-01,9.806410663281497908e-02,-1.581508515815085170e-01,-7.119432984237808459e-02,1.723262456363059414e-01,4.243097429387496233e-01,8.854331958108538347e-02,3.498360308896646398e-01,-1.703163017031630172e-02,-1.532846715328467224e-01,-2.825558023907754346e-01,-1.871363588278853463e-01,-2.169681582566381217e-01,-2.647836665608801487e-01,-4.072781127684332869e-02,-8.134983603088966064e-02,1.448217497090870665e-01,1.010261292711308462e-01,-2.656299587432561227e-01,-1.431291653443351464e-01,-2.233153496244578429e-01,-2.030043372474346908e-01,-4.139426637046440538e-01,-4.668359251031419244e-01,-7.902253252935576011e-02,3.945837300327938169e-02,3.438061990902359366e-02,-1.406960753200042422e-02,8.685073521633343563e-02,-5.553792446842271968e-02,1.441870305723050860e-01,1.323389400190415621e-01,-1.406960753200042422e-02,-1.301174230403046722e-02,2.694382735639479498e-01,8.854331958108538347e-02,1.611128742198243979e-01,1.302232095631016551e-01,2.322014175394054858e-01,1.784618639585316968e-01,2.423569237279170896e-01,1.027187136358827940e-01,1.458796149370570339e-01,1.223950068761239934e-01,5.504072781127684610e-01,4.183856976621178614e-01,2.286046757643076244e-01,2.176028773934200744e-01,1.118163545964244165e-01,-2.277583835819316505e-01,2.491272611869247700e-01,7.267534116153602508e-02,-3.853803025494552115e-01,-4.281180577594414505e-01,-3.961705278747487680e-01,-3.066751295884904138e-01,4.425050248598328406e-01,2.518777107796467130e-01,-1.216545012165450197e-02,-4.792129482703903764e-02,1.238760181952819200e-01,9.362107267534117150e-02,-4.728657569025705720e-02,-1.470432666878239772e-02,-2.254310800803977777e-01,-1.776155717761557229e-01,-6.675129588490426313e-02,4.242039564159526266e-02,3.459219295461758020e-02,2.443668676610599721e-02,-7.119432984237808459e-02,1.304347826086956486e-01,-1.097006241404845095e-01,1.835396170527874848e-01,-7.394477943509997209e-02,8.536972389717550902e-02,-1.364646144081244072e-02,9.764096054162700600e-02,-2.747275997037977313e-01,-2.186607426213900418e-01,-1.304347826086956486e-01,-1.742304030466518827e-01,1.069501745477626220e-01,4.051623823124934215e-02,-1.477837723474029474e-01,-4.220882259600126918e-02,-7.584893684544589954e-02,1.237702316724849372e-02,7.415635248069396557e-02,6.759758806728023706e-02,1.597376494234634473e-02,1.488416375753728871e-01,-3.972283931027187354e-01,-1.338199513381995165e-01,1.703163017031630172e-02,-2.049084946577806043e-01,-1.399555696604252719e-01,-7.288691420713000468e-02,-2.286046757643076244e-01,-2.147466412779012318e-02,-1.985613032899608554e-01,-2.146408547551042212e-01,-2.220459113508938820e-01,4.644028350788109716e-02
5.396170527874748490e-01,0.000000000000000000e+00,-2.298741140378715853e-01,-1.414365809795831985e-01,-1.270496138791917806e-01,-1.446101766634930730e-01,-2.618216439225642400e-01,-2.718713635882788471e-02,-1.293769173807257089e-01,-1.505342219401248349e-01,2.269120913995557043e-01,3.375647942452131844e-01,1.086427589125145421e-01,2.643605204696921618e-01,-2.749391727493917248e-01,-1.490532106209668806e-01,1.617475933566063506e-01,3.807256955463873549e-01,-9.891039881519093913e-02,2.643605204696921618e-01,-1.223950068761239934e-01,-7.457949857188193865e-02,-2.850946789379033008e-01,-2.167565852110441282e-01,-1.915793927853591261e-01,-2.757854649317676987e-01,-1.761345604569977685e-01,-1.156246694171162576e-01,1.304347826086956486e-01,-1.491589971437638773e-02,-2.889029937585951835e-01,-2.015233259282767364e-01,-3.202158045065058856e-01,-2.440495080926690097e-01,-5.421559293346027708e-01,-5.091505342219401209e-01,2.803342854120385169e-02,1.951761345604569875e-01,1.957050671744419920e-02,1.327620861102295768e-01,6.653972283931026965e-02,-3.818893472971543468e-02,1.073733206389505951e-01,1.412250079339892050e-01,5.236432878451285217e-02,2.290278218554956391e-01,3.307944567862053931e-01,2.662646778800381031e-01,3.443351317042208648e-01,4.327726647625092515e-01,4.920131175288268710e-01,4.310800803977573592e-01,4.302337882153813853e-01,2.499735533693007439e-01,2.537818681899925988e-01,2.992700729927007530e-01,6.363059346239289260e-01,7.289749285940971824e-01,3.758595154977255604e-01,5.078810959483761600e-01,1.830106844388024873e-02,-1.795197291865016642e-01,4.305511477837722922e-02,5.024859832857293818e-02,-4.759335660636835330e-01,-5.076695229027821110e-01,-3.809372685919814039e-01,-2.465883846397969037e-01,5.461758172008885914e-01,5.197291865016396839e-01,2.464825981169998723e-02,1.174230403046651848e-02,1.470432666878239772e-02,7.754152121019781962e-02,-7.098275679678409111e-02,-4.897916005500899117e-02,-2.173913043478261087e-01,-2.296625409922775918e-01,3.818893472971543468e-02,9.785253358722099948e-02,1.035650058182587541e-01,-2.422511372051200720e-02,-1.029302866814767875e-01,7.119432984237808459e-02,-2.087168094784724315e-01,2.520892838252406509e-01,-8.367713953242356117e-02,3.670792341055749419e-02,-3.903522691209139472e-02,3.248704115095736866e-01,-3.373532211996191910e-01,-3.667618745371839517e-01,-1.147783772347402975e-01,-3.282555802390775268e-01,4.220882259600126918e-02,1.343488839521845071e-02,-2.116788321167883125e-01,-1.298000634719136959e-01,-9.573680313128107855e-02,-1.340315243837935100e-01,2.015233259282767364e-01,2.359039458373003023e-02,3.755421559293346118e-02,5.574949751401672010e-02,-2.660531048344441096e-01,-2.011001798370887494e-01,-4.093938432243732217e-02,-1.329736591558235426e-01,-5.109489051094890516e-02,-2.591769808526393770e-02,-3.102718713635883030e-01,-2.316724849254205021e-02,-7.034803766000211067e-02,-2.429916428646990423e-01,-3.566063683486724312e-01,7.098275679678409111e-02
-2.066010790225325244e-01,-2.298741140378715853e-01,0.000000000000000000e+00,3.200042314609118921e-01,4.575267110970062667e-01,-3.233894001904157323e-01,5.838358193166190979e-01,2.552628795091505531e-01,2.563207447371205205e-01,-3.060404104517084334e-01,4.474769914312916319e-02,-9.594837617687505815e-02,3.424309742938749790e-01,7.246376811594203160e-02,3.523749074367925616e-01,-2.905955781233470758e-01,-1.668253464508621664e-01,-2.812863641172114737e-01,2.977890616735427987e-01,-1.314926478366656160e-01,2.692267005183539563e-01,1.524383793504707485e-01,6.756585211044113803e-01,5.214217708663916317e-01,3.443351317042208648e-01,2.440495080926690097e-01,-7.563736379985189218e-02,-1.238760181952819200e-01,-6.569343065693430961e-02,-9.383264572093515110e-02,4.200782820268697537e-01,3.056172643605204464e-01,1.187982651010261320e-01,-4.411298000634718969e-02,1.592087168094784844e-01,4.453612609753517665e-02,1.890405162382312598e-01,-1.026129271130857973e-02,1.733841108642758810e-01,1.786734370041256625e-01,3.713106950174548115e-02,1.025071405902888005e-01,8.177298212207764760e-02,6.442399238337036260e-02,5.299904792129482567e-02,-5.934623928911456764e-02,-2.993758595154977567e-02,-1.576219189675235471e-02,-1.183751190098381589e-01,-2.245847878980217760e-01,-7.098275679678409111e-02,-2.347402940865333798e-01,-5.405691314926478613e-02,-5.818258753834761737e-03,6.103882365386650161e-02,-3.480376600021157368e-02,-2.436263620014810227e-01,-1.683063577700201208e-01,-3.149264783666561041e-01,-3.602031101237702093e-01,-2.633026552417221944e-01,-3.279382206706865557e-03,-1.814238865968475500e-01,-2.668993970168200836e-01,4.255791812123135287e-01,2.258542261715857646e-01,1.037765788638527475e-01,-1.872421453506823222e-02,-2.110441129800063598e-01,-2.027927642018406695e-01,1.027187136358827940e-01,1.452448958002750534e-01,-1.319157939278535752e-01,-1.397439966148312784e-01,-6.019253147149053462e-02,-1.058923093197926685e-01,-3.649635036496350071e-02,-8.981275785464931660e-02,1.047286575690257147e-02,-7.246376811594203160e-02,2.972601290595578219e-02,8.642758912514546255e-02,5.765365492436263367e-02,-2.061779329313445652e-01,4.169046863429599070e-01,-1.420713001163651790e-01,3.066751295884904138e-01,-1.171056807362741981e-01,2.937691738072569780e-01,8.642758912514546255e-02,-4.728657569025705720e-02,2.372791706336612738e-01,-1.797313022320956299e-01,1.763461335025917898e-01,4.495927218872315667e-02,-3.755421559293346118e-02,-3.501533904580556716e-02,-8.219612821326562069e-02,-1.788850100497196560e-01,-1.198561303289960855e-01,-1.981381571987728962e-01,-1.361472548397334170e-01,-3.709933354490637658e-01,-2.893261398497831705e-01,3.459219295461758020e-02,-4.432455305194118317e-02,-1.647096159949222594e-01,-1.001798370887548861e-01,-3.988151909446736171e-02,-3.966994604887337517e-02,-8.283084735004760113e-02,-9.235163440177722449e-02,-1.492647836665609018e-01,-1.687295038612080800e-01,1.187982651010261320e-01,-2.147466412779012318e-02
-1.376282661588913714e-01,-1.414365809795831985e-01,3.200042314609118921e-01,0.000000000000000000e+00,1.130857928699883636e-01,-1.448217497090870665e-01,2.969427694911668247e-01,4.748757008357135101e-01,7.394477943509997209e-02,-1.994075954723368294e-01,-2.549455199407595421e-02,1.469374801650269735e-01,5.130646355654289170e-02,1.215487146937480334e-01,5.236432878451285217e-02,-1.831164709615994701e-01,-1.388977044324553045e-01,-1.674600655876441468e-01,1.835396170527874848e-01,1.249338834232518736e-01,1.473606262562149605e-01,1.287421982439437285e-01,3.269861419655136214e-01,4.308685073521633657e-01,1.259917486512218410e-01,1.661906273140802137e-01,-2.867872633026552487e-01,-3.202158045065058856e-01,7.267534116153602508e-02,8.938961176346134352e-02,2.990584999471067595e-01,3.365069290172432170e-01,5.617264360520470012e-02,8.833174653549138999e-02,1.080080397757325755e-01,1.511689410769068154e-01,-1.795197291865016642e-01,-3.099545117951973267e-02,-1.957050671744419920e-02,1.745477626150428521e-02,-2.845657463239183518e-02,5.046017137416693166e-02,1.957050671744419920e-02,7.288691420713000468e-02,2.634084417645192119e-02,4.686342959906907718e-02,-6.421241933777636912e-02,-1.533904580556437122e-02,-2.655241722204591120e-02,-2.570612503966994422e-02,-9.467893790331112502e-02,-3.289960858986565317e-02,-1.196445572834020921e-01,-1.209139955569660391e-01,-5.828837406114461411e-02,-1.854437744631333984e-01,-1.200677033745900790e-01,-1.319157939278535752e-01,-2.743044536126097444e-01,-1.482069184385909344e-01,-1.075848936845445886e-01,1.858669205543213854e-01,-1.639691103353432822e-02,9.742938749603301252e-02,1.289537712895377219e-01,1.928488310589231147e-01,8.145562255368665738e-03,-8.568708346556649230e-03,-2.275468105363376847e-01,-2.781127684333016270e-01,9.171691526499523017e-02,9.446736485771713154e-02,-1.281074791071617480e-01,-4.961387919179097161e-02,1.047286575690257147e-02,3.882365386649740818e-02,-2.549455199407595421e-02,-6.569343065693430961e-02,6.929017243203215715e-02,-1.046228710462287076e-01,-8.706230826192742911e-02,2.295567544694806020e-02,-1.385803448640643074e-02,-2.061779329313445652e-01,1.097006241404845095e-01,-5.913466624352057416e-02,4.982545223738495815e-02,-1.433407383899291121e-01,-3.416904686342960018e-02,-4.644028350788109716e-02,2.549455199407595421e-02,1.428118057759441423e-02,1.363588278853274105e-01,1.555061885115836297e-02,-2.068126520681265179e-01,-1.251454564688458670e-01,-1.530730984872527289e-01,-1.896752353750132403e-01,-1.539193906696287029e-01,-1.871363588278853463e-01,-1.900983814662011995e-01,-1.086427589125145421e-01,-2.372791706336612738e-01,-2.068126520681265179e-01,2.359039458373003023e-02,-1.264148947424098279e-01,-1.943298423780810136e-01,-2.592827673754363738e-01,-1.257801756056278475e-01,-1.886173701470432729e-01,-1.006029831799428731e-01,-1.782502909129376756e-01,-1.543425367608166898e-01,-2.232095631016608323e-02,1.365704009309214040e-01,4.411298000634718969e-02
-1.896752353750132403e-01,-1.270496138791917806e-01,4.575267110970062667e-01,1.130857928699883636e-01,0.000000000000000000e+00,-3.572410874854543561e-01,3.532211996191684800e-01,2.319898444938114923e-01,4.869353644345710275e-01,-3.957473817835607810e-01,2.423569237279170896e-01,5.003702528297895163e-02,4.342536760816672059e-01,3.415846821114990051e-01,2.279699566275256717e-01,-3.688776049931238865e-01,-1.782502909129376756e-01,-1.132973659155823709e-01,6.241404845022744362e-03,-2.140061356183222130e-01,2.104093938432243793e-01,2.040622024754046582e-01,4.869353644345710275e-01,4.477943509996826776e-01,4.903205331640748676e-01,4.056913149264784191e-01,-1.281074791071617480e-01,-1.022955675446948071e-01,8.536972389717550902e-02,-2.782185549560985821e-02,4.975140167142705905e-01,4.173278324341478940e-01,1.522268063048767550e-01,-6.527028456574632265e-02,1.092774780492965087e-01,3.057230508833174570e-02,3.113297365915582149e-01,1.513805141225008088e-01,2.165450121654501070e-01,2.074473712049084984e-01,1.175288268274621711e-01,6.823230720406220362e-02,2.112556860256003255e-01,1.638633238125462854e-01,2.049084946577806043e-01,3.840050777530942816e-02,1.118163545964244165e-01,8.410028562361156201e-02,3.268803554427165969e-02,-1.107584893684544630e-01,7.669522902782185958e-02,-1.285306251983497350e-01,1.452448958002750534e-01,1.600550089918544305e-01,2.451073733206389493e-01,2.739870940442187819e-02,-9.340949962974717802e-02,-2.443668676610599721e-02,-1.401671427060192376e-01,-1.782502909129376756e-01,-3.716280545858457462e-01,-1.839627631439754718e-01,8.145562255368665738e-03,-1.010261292711308462e-01,1.767692795937797490e-01,-1.375224796360943746e-03,2.269120913995557043e-01,9.171691526499523017e-02,-1.132973659155823709e-01,-8.991854437744630987e-03,2.453189463662329428e-01,2.116788321167883125e-01,3.067809161112874244e-03,4.390140696075320315e-02,-1.232412990584999535e-01,-5.088331746535491168e-02,-1.414365809795831985e-01,-1.185866920554321385e-01,-3.818893472971543468e-02,1.086427589125145421e-01,1.490532106209668806e-01,2.082936633872844723e-01,-8.780281392150640976e-03,-2.980006347191367921e-01,3.555485031207024083e-01,9.573680313128107855e-02,3.045593991325504790e-01,-1.158362424627102510e-01,3.492013117528826593e-01,1.020839944991008136e-01,-1.450333227546810599e-01,-2.168623717338411319e-02,-3.117528826827462018e-01,-6.400084629218237564e-02,1.830106844388024873e-02,1.491589971437638773e-02,-2.189781021897810320e-02,-1.703163017031630172e-02,-5.617264360520470012e-02,-7.965725166613772668e-02,-6.696286893049825661e-02,-6.421241933777636912e-02,-2.203533269861419619e-01,-1.860784935999153789e-01,6.167354279064846817e-02,2.221516978736908995e-03,-1.257801756056278475e-01,1.195387707606051023e-02,7.606050989103987914e-02,-3.882365386649740818e-02,-2.443668676610599721e-02,2.485983285729397724e-02,1.533904580556437122e-02,-9.214006135618321713e-02,7.902253252935576011e-02,2.337882153813604022e-02
-3.332275468105363320e-02,-1.446101766634930730e-01,-3.233894001904157323e-01,-1.448217497090870665e-01,-3.572410874854543561e-01,0.000000000000000000e+00,-1.657674812228922268e-01,-2.590711943298423803e-01,-8.367713953242356117e-02,7.689622342113615616e-01,-2.114672590711943467e-01,-2.628795091505342074e-01,-3.331217602877393213e-01,-4.291759229874114179e-01,-4.125674389082831239e-03,6.168412144292817478e-01,-6.759758806728023706e-02,-5.638421665079869360e-02,-3.459219295461758020e-02,1.343488839521845071e-02,-1.097006241404845095e-01,-7.457949857188193865e-02,-2.338940019041574336e-01,-3.094255791812123291e-01,-6.378927324658838216e-02,1.054691632286046815e-01,3.773405268168835147e-01,3.781868189992594886e-01,-1.441870305723050860e-01,-4.337247434676822118e-03,-1.975034380619908880e-01,-1.934835501957050674e-01,6.315455410980640172e-02,1.668253464508621664e-01,1.987728763355548489e-01,1.890405162382312598e-01,-2.965196233999788378e-01,-2.004654607003067968e-01,-3.244472654183856997e-01,-3.762826615889136028e-01,-1.678832116788321338e-01,-1.562466941711626034e-01,-2.819210832539934541e-01,-3.026552417222045932e-01,-2.662646778800381031e-01,-2.313551253570295119e-01,-2.641489474240981683e-01,-2.842483867555273269e-01,-1.651327620861102463e-01,-9.108219612821326361e-02,-2.480693959589548303e-01,-5.172960964773088560e-02,-2.142177086639162342e-01,-2.467999576853908972e-01,-3.348143446524913247e-01,-1.793081561409076430e-01,-1.342430974293875034e-01,-2.209880461229239146e-01,5.289326139849783890e-04,-9.214006135618321713e-02,3.225431080080397583e-01,1.035650058182587541e-01,1.586797841954934842e-03,-2.887972072357981868e-02,2.126309108219612623e-02,1.503226488945308414e-01,7.267534116153602508e-02,9.742938749603301252e-02,-1.651327620861102463e-01,-1.543425367608166898e-01,-3.459219295461758020e-02,-1.295884904263197024e-01,3.459219295461758020e-02,3.565005818258754067e-02,1.947529884692690005e-01,1.355125357029514366e-01,1.934835501957050674e-01,2.163334391198561413e-01,-1.403787157516132311e-01,-7.859938643816777315e-02,-2.049084946577806043e-01,-2.061779329313445652e-01,-1.075848936845445886e-01,1.854437744631333984e-01,-1.977150111075849093e-01,-2.603406326034063412e-01,-3.515286152544165876e-01,2.105151803660213622e-02,-3.885538982333650582e-01,-2.721887231566698651e-01,2.774780492965196466e-01,9.954511795197291957e-02,2.245847878980217760e-01,1.367819739765153975e-01,-7.838781339257379355e-02,-5.469163228604675964e-02,3.173595683909869684e-04,2.549455199407595421e-02,5.998095842589654808e-02,9.362107267534117150e-02,-1.099121971860785030e-01,4.347826086956522312e-02,1.319157939278535752e-01,1.259917486512218410e-01,4.495927218872315667e-02,3.586163122818153415e-02,8.473500476039352858e-02,1.163651750766952217e-03,1.322331534962445723e-02,6.241404845022744362e-03,1.192214111922141190e-01,-8.621601607955146906e-02,3.924679995768539514e-02,2.326245636305934450e-01,-3.279382206706865557e-03,-1.787792235269226523e-02
-1.242991642864699070e-01,-2.618216439225642400e-01,5.838358193166190979e-01,2.969427694911668247e-01,3.532211996191684800e-01,-1.657674812228922268e-01,0.000000000000000000e+00,2.575901830106844259e-01,3.618956944885221572e-01,-1.695757960435840539e-01,9.869882576959695952e-02,-7.923410557494975359e-02,2.715540040198878291e-01,-1.057865227969956697e-04,3.398920977467470572e-01,-1.697873690891780196e-01,-2.148524278006981869e-01,-1.922141119221411065e-01,2.869988363482492422e-01,-6.696286893049825661e-02,3.265629958743256345e-01,1.272611869247857741e-01,4.858774992066010601e-01,3.879191790965830777e-01,2.967311964455728313e-01,2.603406326034063412e-01,3.882365386649740818e-02,-6.273140801861842863e-02,-6.040410451708452810e-02,-2.253252935576008018e-02,3.229662540992277453e-01,2.025811911562467038e-01,1.477837723474029474e-01,-1.047286575690257147e-02,1.788850100497196560e-01,7.394477943509997209e-02,3.438061990902359366e-02,-1.298000634719136959e-01,5.765365492436263367e-02,-3.691949645615148767e-02,-3.374590077224162016e-02,3.966994604887337517e-02,3.247646249867766621e-02,1.163651750766952217e-03,2.433090024330900308e-03,-1.509573680313128219e-01,-4.792129482703903764e-02,-1.204908494657780660e-01,-1.312810747910716225e-01,-3.001163651750766714e-01,-1.498995028033428545e-01,-2.662646778800381031e-01,-8.685073521633343563e-02,-7.331006029831799164e-02,-7.299270072992701357e-03,-1.120279276420184100e-01,-2.391833280440072151e-01,-2.459536655030148955e-01,-3.219083888712578334e-01,-3.743785041785676615e-01,-9.891039881519093913e-02,1.512747275997038121e-02,-4.242039564159526266e-02,-1.769808526393737425e-01,3.233894001904157323e-01,1.638633238125462854e-01,1.090659050037025429e-01,-7.013646461440813107e-02,-2.171797313022320874e-01,-2.410874854543531010e-01,1.418597270707711855e-01,1.712683804083359740e-01,1.004971966571458798e-02,-1.163651750766952217e-03,-1.258859621284248373e-02,-5.701893578758066017e-02,6.823230720406220362e-02,6.019253147149053462e-02,-1.069501745477626220e-01,-1.039881519094467410e-01,-7.161747593356607156e-02,5.194118269332487214e-02,-7.161747593356607156e-02,-3.168306357770019899e-01,2.055432137945625570e-01,-2.184491695757960483e-01,1.113932085052364296e-01,-2.480693959589548303e-01,1.276843330159737611e-01,-8.600444303395747558e-02,9.552523008568708507e-02,2.641489474240981683e-01,-4.495927218872315667e-02,2.307204062202475592e-01,-3.067809161112874244e-03,-7.204062202475404464e-02,-4.876758700941499769e-02,-5.321062096688881915e-02,-4.326668782397122964e-02,3.734264254733946770e-02,-1.429175922987411529e-01,-1.194329842378081125e-01,-2.104093938432243793e-01,-1.892520892838252533e-01,7.034803766000211067e-02,3.713106950174548115e-02,-7.775309425579181311e-02,-4.707500264466307760e-02,3.903522691209139472e-02,-1.456680418914630404e-01,-2.337882153813604022e-02,-5.818258753834761737e-03,-8.008039775732572751e-02,-1.177403998730561646e-01,1.528615254416587355e-01,-1.156246694171162576e-01
-1.278959060615677545e-01,-2.718713635882788471e-02,2.552628795091505531e-01,4.748757008357135101e-01,2.319898444938114923e-01,-2.590711943298423803e-01,2.575901830106844259e-01,0.000000000000000000e+00,2.186607426213900418e-01,-3.085792869988363551e-01,-3.914101343488839493e-03,2.700729927007299302e-01,5.892309319792658762e-02,3.462392891145668061e-01,-1.431291653443351464e-01,-3.164074896858140584e-01,-1.554004019887866295e-01,-3.173595683909869684e-04,-9.658309531365705247e-02,1.068443880249656149e-02,1.130857928699883636e-01,1.769808526393737425e-01,1.780387178673437099e-01,3.276208611022956019e-01,9.637152226806304511e-02,7.859938643816777315e-02,-2.702845657463239237e-01,-2.838252406643393400e-01,1.556119750343806230e-01,1.058923093197926685e-01,1.674600655876441468e-01,1.977150111075849093e-01,7.775309425579181311e-02,-1.375224796360943746e-03,1.703163017031630172e-02,2.380196762932402718e-02,-2.549455199407595421e-02,1.724320321591029173e-02,1.162593885538982380e-01,1.439754575267110925e-01,9.203427483338622733e-03,3.903522691209139472e-02,9.277478049296518370e-02,1.380514122500793306e-01,3.607320427377552069e-02,1.031418597270707671e-01,7.923410557494975359e-02,5.405691314926478613e-02,5.596107055961069970e-02,-5.395112662646778245e-03,3.818893472971543468e-02,1.449275362318840424e-02,6.780916111287421666e-02,3.691949645615148767e-02,1.710568073627420083e-01,-3.438061990902359366e-02,-2.782185549560985821e-02,-4.347826086956522312e-02,-8.769702739870939567e-02,1.385803448640643074e-02,-1.685179308156140865e-01,2.463768115942028825e-01,-5.490320533164074618e-02,1.397439966148312784e-01,-4.919073310060299159e-02,5.617264360520470012e-02,3.861208082090341470e-02,-4.337247434676822118e-03,-9.129376917380725709e-02,-1.054691632286046815e-01,-2.676399026763990122e-02,2.718713635882788471e-02,-7.817624034697980007e-02,-4.030466518565534867e-02,-1.041997249550407206e-01,-2.126309108219612623e-02,-6.315455410980640172e-02,-2.168623717338411319e-02,1.166825346450862111e-01,5.490320533164074618e-02,1.999365280863218269e-02,5.638421665079869360e-02,1.449275362318840424e-02,-3.326986141965513899e-01,4.495927218872315667e-02,6.230826192743044861e-02,1.196445572834020921e-01,-2.267005183539617108e-01,9.023590394583730356e-02,1.236644451496879266e-01,-2.009943933142917683e-03,-1.249338834232518736e-01,8.177298212207764760e-02,-1.685179308156140865e-01,-1.343488839521845071e-02,-1.893578758066222570e-02,2.221516978736908995e-03,-9.362107267534117150e-02,-4.093938432243732217e-02,-1.367819739765153975e-01,5.448005924045276616e-02,-1.200677033745900790e-01,-1.238760181952819200e-01,-2.372791706336612738e-01,1.010261292711308462e-01,-5.828837406114461411e-02,-1.820586057336295305e-01,-1.281074791071617480e-01,2.528297894848196420e-02,-2.951443986036178871e-02,-1.639691103353432822e-02,-4.622871046228710368e-02,1.068443880249656149e-02,-1.428118057759441423e-02,7.225219507034803812e-02,-1.065270284565746350e-01
-1.759229874114038028e-01,-1.293769173807257089e-01,2.563207447371205205e-01,7.394477943509997209e-02,4.869353644345710275e-01,-8.367713953242356117e-02,3.618956944885221572e-01,2.186607426213900418e-01,0.000000000000000000e+00,-1.128742198243943701e-01,1.393208505236432915e-01,-1.364646144081244072e-02,3.011742304030466388e-01,1.818470326880355370e-01,2.336824288585634124e-01,-5.934623928911456764e-02,-2.525124299164286379e-01,-6.315455410980640172e-02,-5.236432878451285217e-02,-1.384745583412673176e-01,1.433407383899291121e-01,1.437638844811170991e-01,3.606262562149582518e-01,3.320638950597694095e-01,4.545646884586903580e-01,4.283296308050353884e-01,5.024859832857293818e-02,1.470432666878239772e-02,1.745477626150428521e-02,2.147466412779012318e-02,2.971543425367608182e-01,2.178144504390140956e-01,2.480693959589548303e-01,3.141859727070771269e-02,2.250079339892097630e-01,1.217602877393419991e-01,9.742938749603301252e-02,-6.844388024965619710e-02,3.067809161112874244e-03,-7.331006029831799164e-02,-7.521421770866391909e-02,-9.362107267534117150e-02,-1.872421453506823222e-02,-6.611657674812229657e-02,-1.322331534962445723e-02,-1.293769173807257089e-01,2.951443986036178871e-02,-1.154130963715222641e-01,-2.464825981169998723e-02,-1.173172537818682054e-01,5.617264360520470012e-02,-1.097006241404845095e-01,1.048344440918227150e-01,2.951443986036178871e-02,1.361472548397334170e-01,-1.935893367185020572e-02,-1.410134348883952393e-01,-9.277478049296518370e-02,-1.395324235692372850e-01,-2.305088331746535379e-01,-1.116047815508304231e-01,-8.050354384851370060e-02,-9.838146620120596236e-03,-2.464825981169998723e-02,1.862900666455093446e-01,4.242039564159526266e-02,2.533587220988046118e-01,1.190098381466201255e-01,-1.998307415635248163e-01,-1.343488839521845071e-02,1.964455728340209206e-01,1.881942240558552859e-01,7.521421770866391909e-02,1.477837723474029474e-01,-9.721781445043901904e-02,1.057865227969956697e-04,4.580556437109912366e-02,1.033534327726647606e-01,-1.496879297577488610e-01,1.067386015021686285e-01,3.173595683909869684e-04,6.463556542896435608e-02,-2.446842272294509624e-01,-2.694382735639479498e-01,1.200677033745900790e-01,-2.168623717338411319e-02,1.618533798794033474e-02,-1.664022003596741794e-01,8.780281392150640976e-03,1.682005712472230824e-02,5.363376705807680611e-02,3.311118163545963972e-02,-7.204062202475404464e-02,-1.004971966571458798e-02,1.258859621284248373e-02,5.617264360520470012e-02,-6.029831799428752616e-03,2.126309108219612623e-02,5.321062096688881915e-02,-5.109489051094890516e-02,2.930286681476779870e-02,-9.319792658415318454e-02,-5.299904792129482567e-02,-1.160478155083042445e-01,8.092668993970168756e-02,1.137205120067703440e-01,-8.780281392150640976e-03,7.817624034697980007e-02,2.761028245001586820e-02,-8.685073521633343563e-02,4.305511477837722922e-02,-2.062837194541415620e-02,9.933354490637892609e-02,-5.606685708240769991e-03,1.515920871680947746e-01,-2.845657463239183518e-02
-3.289960858986565317e-02,-1.505342219401248349e-01,-3.060404104517084334e-01,-1.994075954723368294e-01,-3.957473817835607810e-01,7.689622342113615616e-01,-1.695757960435840539e-01,-3.085792869988363551e-01,-1.128742198243943701e-01,0.000000000000000000e+00,-3.193695123241299116e-01,-3.631651327620861180e-01,-4.046334496985083962e-01,-5.468105363376706274e-01,2.464825981169998723e-02,6.997778483021263041e-01,-2.655241722204591120e-02,-1.063154554109806416e-01,-1.216545012165450197e-02,3.459219295461758020e-02,-1.168941076906802046e-01,-5.003702528297895163e-02,-2.292393949010896048e-01,-3.051941182693325150e-01,-1.086427589125145421e-01,2.295567544694806020e-02,4.509679466835925243e-01,4.285412038506294374e-01,-1.945414154236750348e-01,-3.649635036496350071e-02,-2.309319792658415249e-01,-2.315666984026235053e-01,1.228181529673119665e-01,2.205649000317359831e-01,2.461652385486089167e-01,2.292393949010896048e-01,-2.652068126520681357e-01,-2.156987199830741886e-01,-3.219083888712578334e-01,-4.152121019782079592e-01,-1.725378186818999349e-01,-1.820586057336295305e-01,-3.018089495398286193e-01,-3.483550195705066854e-01,-2.895377128953771084e-01,-2.588596212842483868e-01,-2.929228816248810041e-01,-2.702845657463239237e-01,-2.167565852110441282e-01,-1.570929863535385496e-01,-3.047709721781445280e-01,-1.101237702316724965e-01,-2.785359145244896140e-01,-2.730350153390457835e-01,-3.868613138686131103e-01,-1.839627631439754718e-01,-1.482069184385909344e-01,-2.256426531259917434e-01,-1.047286575690257147e-02,-1.196445572834020921e-01,3.403152438379350442e-01,1.505342219401248349e-01,-5.299904792129482567e-02,-4.749814873585105762e-02,7.669522902782185958e-02,2.116788321167883125e-01,1.259917486512218410e-01,1.439754575267110925e-01,-1.016608484079128405e-01,-1.217602877393419991e-01,-3.840050777530942816e-02,-1.236644451496879266e-01,-1.364646144081244072e-02,-1.893578758066222570e-02,2.370675975880673081e-01,5.384534010367078571e-02,2.688035544271659694e-01,2.891145668041891215e-01,-1.374166931132973779e-01,-8.452343171479952122e-02,-1.998307415635248163e-01,-2.252195070348037564e-01,-9.065905003702527665e-02,2.637258013329101813e-01,-1.871363588278853463e-01,-2.611869247857823151e-01,-3.544906378927324964e-01,7.606050989103987914e-02,-3.940547974188088332e-01,-2.798053527980535193e-01,2.842483867555273269e-01,1.270496138791917806e-01,2.085052364328784658e-01,1.541309637152226963e-01,-2.210938326457209321e-02,-6.019253147149053462e-02,3.332275468105363320e-02,3.099545117951973267e-02,3.586163122818153415e-02,8.854331958108538347e-02,-9.510208399449909811e-02,2.316724849254205021e-02,1.268380408335977871e-01,7.775309425579181311e-02,1.406960753200042422e-02,2.782185549560985821e-02,6.611657674812229657e-02,2.443668676610599721e-02,4.157410345921929568e-02,5.998095842589654808e-02,1.128742198243943701e-01,-1.242991642864699070e-01,-1.364646144081244072e-02,2.195070348037660157e-01,-2.401354067491801719e-02,-8.177298212207764760e-02
3.255051306463556671e-01,2.269120913995557043e-01,4.474769914312916319e-02,-2.549455199407595421e-02,2.423569237279170896e-01,-2.114672590711943467e-01,9.869882576959695952e-02,-3.914101343488839493e-03,1.393208505236432915e-01,-3.193695123241299116e-01,0.000000000000000000e+00,3.621072675341161506e-01,5.614090764836560110e-01,3.955358087379667875e-01,3.988151909446736171e-02,-3.043478260869565410e-01,2.803342854120385169e-02,3.307944567862053931e-01,6.357770020099440256e-02,1.221834338305300000e-01,6.844388024965619710e-02,-8.938961176346134352e-02,1.533904580556437122e-02,5.617264360520470012e-02,1.350893896117634496e-01,9.573680313128107855e-02,-1.490532106209668806e-01,-1.752882682746218224e-01,2.692267005183539563e-01,9.383264572093515110e-02,8.938961176346134352e-02,1.454564688458690191e-01,-1.242991642864699070e-01,-2.186607426213900418e-01,-3.128107479107161693e-01,-3.771289537712895212e-01,4.199724955040727570e-02,2.210938326457209321e-02,5.003702528297895163e-02,1.145668041891463040e-01,7.246376811594203160e-02,1.192214111922141190e-01,3.654924362636200463e-01,3.257167036919496605e-01,2.351634401777213668e-01,1.016608484079128405e-01,2.647836665608801487e-01,1.435523114355231056e-01,2.977890616735427987e-01,1.010261292711308462e-01,3.037131069501745606e-01,1.052575901830106742e-01,3.354490637892732496e-01,2.503966994604887586e-01,2.635142282873161879e-01,4.707500264466307760e-02,2.461652385486089167e-01,2.393949010896011809e-01,1.139320850523643375e-01,6.780916111287421666e-02,-1.187982651010261320e-01,-5.015339045805564666e-01,3.566063683486724312e-01,4.897916005500899117e-02,-2.330477097217814320e-01,-4.598540145985401950e-01,-2.666878239712260346e-01,-2.825558023907754346e-01,1.158362424627102510e-01,1.025071405902888005e-01,7.923410557494975359e-02,8.748545435311541607e-02,2.106209668888183728e-01,2.603406326034063412e-01,-1.424944462075531659e-01,1.668253464508621664e-01,-2.656299587432561227e-01,-2.525124299164286379e-01,-2.062837194541415620e-02,7.331006029831799164e-02,1.268380408335977871e-01,1.996191685179307951e-01,-2.464825981169998723e-02,-1.589971437638844909e-01,1.268380408335977871e-01,1.564582672167565969e-01,1.122395006876124035e-01,-1.528615254416587355e-01,1.683063577700201208e-01,9.044747699143129704e-02,-3.432772664762509529e-01,-9.848725272400296604e-02,-2.214111922141119015e-01,-1.935893367185020572e-02,-3.861208082090341470e-02,2.782185549560985821e-02,-1.317042208822596094e-01,-4.136253041362530913e-02,-1.280016925843647548e-02,1.110758489368454498e-02,-3.374590077224162016e-02,1.010261292711308462e-01,-1.113932085052364296e-01,1.192214111922141190e-01,-1.187982651010261320e-01,2.856236115518882932e-03,2.083994499100814621e-02,-4.792129482703903764e-02,-9.806410663281497908e-02,-1.676716386332381126e-01,-1.376282661588913714e-01,1.139320850523643375e-01,1.301174230403046722e-02,-1.693642229979900882e-01,9.319792658415318454e-02,4.474769914312916319e-02
2.326245636305934450e-01,3.375647942452131844e-01,-9.594837617687505815e-02,1.469374801650269735e-01,5.003702528297895163e-02,-2.628795091505342074e-01,-7.923410557494975359e-02,2.700729927007299302e-01,-1.364646144081244072e-02,-3.631651327620861180e-01,3.621072675341161506e-01,0.000000000000000000e+00,2.180260234846080614e-01,5.637363799851898838e-01,-1.295884904263197024e-01,-2.935576007616629846e-01,6.971331852322014411e-02,3.496244578440707018e-01,-1.359356817941394235e-01,2.027927642018406695e-01,3.395747381783560670e-02,2.507140590288797419e-02,-1.012377023167248397e-01,6.876123981804717865e-03,-9.996826404316089265e-02,-9.404421876652914458e-02,-4.458901935893366808e-01,-4.124616523854860994e-01,2.787474875700835519e-01,1.190098381466201255e-01,4.390140696075320315e-02,8.854331958108538347e-02,-2.607637786945943281e-01,-2.032159102930286565e-01,-3.815719877287633843e-01,-3.718396276314397952e-01,6.664550936210726119e-03,2.038506294298106369e-01,2.655241722204591120e-02,2.366444514968792934e-01,6.675129588490426313e-02,1.867132127366973315e-01,1.943298423780810136e-01,2.637258013329101813e-01,7.246376811594203160e-02,1.886173701470432729e-01,1.765577065481857555e-01,1.585739976726965039e-01,2.391833280440072151e-01,3.212736697344758530e-01,3.432772664762509529e-01,2.920765894425050302e-01,3.424309742938749790e-01,2.053316407489685913e-01,3.597799640325822224e-01,1.395324235692372850e-01,3.445467047498149138e-01,3.314291759229873735e-01,1.801544483232836169e-01,3.324870411509573964e-01,-8.812017348989738263e-02,-1.623823124933883588e-01,2.455305194118269640e-01,2.946154659896329520e-01,-3.648577171268380659e-01,-4.350999682640431798e-01,-3.320638950597694095e-01,-2.920765894425050302e-01,1.939066962868930544e-01,1.382629852956733241e-01,-5.299904792129482567e-02,7.754152121019781962e-02,2.253252935576008018e-02,2.432032159102930358e-01,-1.422828731619591724e-01,1.708452343171479870e-01,-2.006770337459007625e-01,-2.180260234846080614e-01,1.949645615148630218e-01,8.536972389717550902e-02,3.691949645615148767e-02,9.023590394583730356e-02,-9.848725272400296604e-02,-1.625938855389823523e-01,-1.893578758066222570e-02,2.810747910716174802e-01,3.713106950174548115e-02,-3.628477731936951417e-02,1.113932085052364296e-01,2.840368137099333889e-01,-2.241616418068337890e-01,-2.895377128953771084e-01,-4.971966571458796488e-03,-2.417222045911350814e-01,-3.173595683909869684e-04,1.680947847244260995e-01,-1.285306251983497350e-01,-1.325505130646355834e-01,-1.385803448640643074e-02,-1.147783772347402975e-01,1.162593885538982380e-01,-1.163651750766952217e-03,1.237702316724849372e-02,1.703163017031630172e-02,-5.638421665079869360e-02,3.490955252300857303e-03,-3.438061990902359366e-02,-1.441870305723050860e-01,-1.092774780492965087e-01,-9.510208399449909811e-02,-1.890405162382312598e-01,7.267534116153602508e-02,5.183539617052787367e-03,-1.323389400190415621e-01,3.586163122818153415e-02,8.685073521633343563e-02
1.082196128213265551e-01,1.086427589125145421e-01,3.424309742938749790e-01,5.130646355654289170e-02,4.342536760816672059e-01,-3.331217602877393213e-01,2.715540040198878291e-01,5.892309319792658762e-02,3.011742304030466388e-01,-4.046334496985083962e-01,5.614090764836560110e-01,2.180260234846080614e-01,0.000000000000000000e+00,3.872844599598011528e-01,2.558975986459325336e-01,-3.333333333333333703e-01,2.359039458373003023e-02,9.912197186078493261e-02,9.129376917380725709e-02,-5.278747487570083913e-02,1.232412990584999535e-01,-1.047286575690257147e-02,3.295250185126414877e-01,2.781127684333016270e-01,3.223315349624458204e-01,2.042737755209986239e-01,-1.915793927853591261e-01,-1.733841108642758810e-01,1.187982651010261320e-01,-7.933989209774675727e-03,2.499735533693007439e-01,2.099862477520363924e-01,-6.950174547762615063e-02,-2.446842272294509624e-01,-1.403787157516132311e-01,-2.719771501110758716e-01,1.674600655876441468e-01,7.479107161747593213e-02,9.298635353855919106e-02,1.418597270707711855e-01,1.077964667301385820e-01,1.325505130646355834e-01,2.129482703903522456e-01,1.579392785359145235e-01,1.325505130646355834e-01,-6.876123981804717865e-03,1.841743361895694375e-01,9.129376917380725709e-02,1.363588278853274105e-01,3.607320427377552069e-02,2.920765894425050302e-01,5.257590183010684565e-02,2.963080503543848443e-01,1.596318629006664713e-01,2.391833280440072151e-01,8.113826298529566716e-02,1.050460171374167084e-01,1.693642229979900882e-01,2.147466412779012318e-02,-7.627208293663387262e-02,-1.422828731619591724e-01,-4.128847984766740309e-01,1.655559081772982055e-01,-1.200677033745900790e-01,6.929017243203215715e-02,-2.408759124087591352e-01,-1.238760181952819200e-01,-2.078705172960964853e-01,5.183539617052787367e-03,8.283084735004760113e-02,1.319157939278535752e-01,2.002538876547128033e-01,8.896646567227335656e-02,1.513805141225008088e-01,-1.211255686025600325e-01,7.732994816460382614e-02,-2.218343383052999163e-01,-2.345287210409393863e-01,1.004971966571458798e-02,2.485983285729397724e-02,1.016608484079128405e-01,2.159102930286681543e-01,-4.559399132550513017e-02,-1.989844493811488424e-01,3.373532211996191910e-01,1.092774780492965087e-01,2.228922035332698559e-01,-1.014492753623188470e-01,2.412990584999471222e-01,1.812123135512535843e-01,-2.931344546704749976e-01,4.559399132550513017e-02,-2.639373743785041748e-01,1.175288268274621711e-01,1.406960753200042422e-02,6.273140801861842863e-02,-9.594837617687505815e-02,-3.818893472971543468e-02,-7.902253252935576011e-02,-8.473500476039352858e-02,-4.749814873585105762e-02,1.449275362318840424e-02,-2.322014175394054858e-01,-4.009309214006135519e-02,-6.696286893049825661e-02,1.139320850523643375e-01,-1.375224796360943746e-03,-3.120702422511372268e-02,-1.469374801650269735e-01,-1.298000634719136959e-01,-1.640748968581402789e-01,3.924679995768539514e-02,-1.851264148947424221e-02,-1.801544483232836169e-01,1.670369194964561599e-01,8.938961176346134352e-02
