1.000000000000000000e+00,2.384994514455662795e-01,-8.609211019028241429e-02,-1.131931943521881367e-01,-4.560920970277624470e-02,-1.319836899179282763e-01,-2.617147608679715534e-02,-1.285366025927959788e-01,-4.889400230344742755e-03,5.487670645825452886e-02,6.753690966039213595e-02,-1.778726778939391032e-02,-1.172843978930371463e-02,-2.958159758193351641e-01,-3.137989801662012801e-01,-2.953627427494216473e-01,-3.271366681395151410e-01,-2.795250087828788921e-01,3.018053265520059258e-01,1.165427092195757547e-01,2.799140369487629898e-01,1.821681947738107155e-01,9.845401375915470779e-03,-1.493895698503900638e-01,-1.302801141964872733e-01,-1.033616702016276617e-01,-1.510075906376542876e-01,-1.451422457158320911e-01,-8.808816865531213236e-02,4.448929302257039614e-02,1.641297752574027713e-01,-1.469601237317854081e-01,-1.690826287760308078e-01,2.014512708199182323e-01,1.969483824890863044e-01,-1.255967106119308951e-01,-3.530947334434587082e-01,2.133114433457498071e-01,-1.279794502762374997e-01,-9.429250710687682446e-02
2.384994514455662795e-01,1.000000000000000000e+00,-1.735508332125434150e-01,-8.681520281389085159e-02,-9.034984527906196605e-02,1.010179104520188276e-01,-4.587718172664491667e-01,-3.057707256070477109e-01,4.982792651724674005e-02,4.681341714751924288e-01,3.747361344297314018e-02,3.047958215486563649e-01,-9.604415830255959297e-02,2.353955306521735846e-01,-2.265863390396896382e-01,-4.620694165355340166e-01,-3.047353724807183029e-01,-5.523281691833293872e-01,1.888639647378029807e-01,2.829907915862284185e-01,3.452156891632646857e-02,2.654374357801038697e-01,-1.934193433396560746e-01,-1.801815965229980332e-01,-2.549217359541068872e-01,6.355712560205449557e-02,-7.190853069864434899e-02,3.243167398374183219e-01,-4.081152647475100662e-03,2.908416537423903492e-01,-5.993327957029435937e-02,2.266374748271372808e-02,-1.188875663629549578e-01,-1.187388628430887799e-01,-1.095836040036662629e-01,-1.731880926181054645e-02,-1.543715198891248419e-01,-2.429843299281542190e-01,-5.681385286192961598e-02,3.225877877225347690e-01
-8.609211019028241429e-02,-1.735508332125434150e-01,1.000000000000000000e+00,8.363929790136045428e-01,5.127405035500592900e-01,3.754495880690775778e-01,1.816303539134535849e-01,2.157745209847286572e-02,1.726608914826505969e-01,1.528981463774757854e-01,-3.202838328687697689e-01,-1.278259923008208399e-01,2.815711463767343881e-02,-7.654054432603334124e-02,-1.563073485472915025e-01,-5.600555434408144989e-02,-1.070725966918993216e-01,-6.032280110079085017e-02,-2.959332524472774173e-02,-2.031393386841249538e-01,-1.731870006448245625e-01,-3.715698719946173428e-02,-2.986874423238377041e-01,-2.638810892802548672e-02,-9.547708715024971760e-03,9.951505673570343324e-02,-3.599222002818679850e-02,1.389028519860362743e-01,7.322394988619292111e-02,2.056596032288374731e-01,-1.194818251820556759e-01,1.250099021229161278e-01,-3.947767978055419930e-02,9.803293615126838778e-02,-9.367819077951458628e-02,-2.942654797725969273e-01,-4.643704609989118826e-02,-3.907127799183299222e-02,-1.405308660643358465e-01,-5.375312952315759729e-02
-1.131931943521881367e-01,-8.681520281389085159e-02,8.363929790136045428e-01,1.000000000000000000e+00,4.008551685047281876e-01,4.422507479784042461e-01,1.523763178182782896e-01,-9.609965510117281229e-02,1.468377369906675722e-01,8.818819161080181102e-02,-4.690072416309407632e-01,-1.324010626980277328e-01,-6.026521189013922530e-02,-1.774893430143019424e-01,6.294393399477674067e-02,2.261324545670970187e-02,6.930912509937459109e-02,-2.092440010926871485e-03,-2.454604561586282846e-02,-7.163102637146806506e-02,-9.992807755631197275e-02,7.942417598391710021e-02,-3.655614464076638037e-01,1.126974180921224006e-01,-1.783719341457978003e-01,-7.257391728604233559e-03,-1.627928829409960032e-01,4.666189759252960950e-02,-2.509306458235128212e-01,-3.818445704689768516e-02,-2.596676918038064441e-01,3.600565222541816154e-03,-6.321193456131055100e-02,1.241296197139522134e-01,-1.689043115538605699e-01,-2.201385333567765779e-01,5.843086006139103922e-02,8.473906186845230060e-02,-1.730921841559158736e-01,-1.497657287027553130e-01
-4.560920970277624470e-02,-9.034984527906196605e-02,5.127405035500592900e-01,4.008551685047281876e-01,1.000000000000000000e+00,6.669972970126274436e-01,3.554097564949125765e-01,4.898212749993984677e-02,-2.288555482208141090e-01,1.813628993767905928e-03,-2.652108486893416384e-01,-2.013301180153912462e-01,1.164279604889647546e-01,1.250652297037536387e-01,-2.433264602491929524e-02,-2.924132615952203598e-02,6.833092245021664402e-02,4.610238793717268135e-02,4.889300609569293549e-02,-1.986035703192600560e-02,-1.639469638638570148e-01,5.201003601208671612e-02,-1.745662733047111392e-01,4.819318245830925274e-02,1.342335824815038270e-01,4.357325439669203215e-02,-3.357919778435823621e-02,6.241302608084333542e-02,1.973958918529912787e-01,3.202238514166825256e-01,-1.727275836164049727e-01,-3.366320927633881244e-02,-1.397458097960597445e-01,-2.959815120537983429e-02,-1.221253470752002440e-01,-2.882511731894492613e-01,-2.772522629353808832e-02,-9.232208100608977957e-04,1.566238921069411719e-02,4.957995172242854291e-03
-1.319836899179282763e-01,1.010179104520188276e-01,3.754495880690775778e-01,4.422507479784042461e-01,6.669972970126274436e-01,1.000000000000000000e+00,3.848111564000252782e-01,1.572065694131106195e-01,-2.972235117352300393e-01,-7.662233311961462456e-02,-3.263855153002775400e-01,-2.025654907320995624e-01,9.305455149958488659e-02,3.154839985968508342e-01,2.108359593284042932e-01,2.573451925834063236e-01,2.365102533868970180e-01,2.747484656759833221e-01,3.957822237212751948e-02,3.948974588970566302e-02,-1.964183976622110028e-01,-7.698753605165056801e-02,-3.959682650068740983e-03,8.536676118863383012e-02,2.177813858764055532e-01,6.184334452790869047e-02,1.971963039251859173e-01,2.032426130291599131e-01,1.586968033338380935e-01,2.366228147430390061e-01,-1.406019327781934392e-01,-8.990038691829341233e-02,-2.253978148220444622e-01,-1.872431854405591789e-01,-2.985770575310230934e-01,-2.188416279263723230e-01,1.080146725834557203e-01,-6.215349900155245355e-02,-5.649098433841688582e-02,-7.357479394985379229e-02
-2.617147608679715534e-02,-4.587718172664491667e-01,1.816303539134535849e-01,1.523763178182782896e-01,3.554097564949125765e-01,3.848111564000252782e-01,1.000000000000000000e+00,6.704045992365462725e-01,-2.420350575444106256e-01,-4.248291153917524987e-01,-4.463580542622248848e-02,-4.963522380658982325e-01,-2.113235968434159506e-01,-9.288177583948532823e-02,3.685830435142709582e-01,3.209597210056144290e-01,3.808917045695238701e-01,3.312412497689840585e-01,-9.232071310378571483e-02,-2.166373493355754354e-01,-1.197125510258528341e-01,-1.572283886327529301e-01,2.121775342252129604e-01,2.374114546371203227e-01,2.370213846005624347e-01,-1.672855041266914644e-01,2.092725058831718388e-01,-1.564897382141548776e-01,1.027985710193086294e-01,-7.668870480755886343e-02,-8.683707403446737361e-02,-1.826191138066363961e-01,-6.748701472125076539e-02,4.041429837886376629e-03,1.267108415502914698e-01,3.432119489902096116e-02,1.483847935860229117e-01,3.270932066793234561e-01,-7.172932133009651823e-02,-3.105966022904669277e-01
-1.285366025927959788e-01,-3.057707256070477109e-01,2.157745209847286572e-02,-9.609965510117281229e-02,4.898212749993984677e-02,1.572065694131106195e-01,6.704045992365462725e-01,1.000000000000000000e+00,-3.885287197574219809e-01,-4.891078488379747014e-01,1.052757865249333846e-01,-5.918425672499827428e-01,8.082548099143697928e-02,9.046972862488134037e-02,4.039493984028504903e-01,2.572457765719547429e-01,3.845629515850178537e-01,2.107902030335366550e-01,-2.545374450173861214e-01,-2.637022634601960958e-01,-2.202030684606163247e-01,-1.400078446037164026e-01,4.543775173563584513e-01,2.097757323581609656e-01,1.836744421785109493e-01,-1.209707933922846979e-01,3.067482984847972882e-01,-1.057753172412869390e-02,1.172261982951282588e-01,-1.552142702513911177e-01,-1.706977566708646477e-01,-2.423838570166390316e-01,-1.212272037307138804e-02,-2.041214840313312351e-01,1.919211188033542459e-01,2.209097585825619825e-01,3.283196639234428615e-01,2.199531121029294212e-01,-1.143879725553764576e-01,-3.697059843872129714e-01
-4.889400230344742755e-03,4.982792651724674005e-02,1.726608914826505969e-01,1.468377369906675722e-01,-2.288555482208141090e-01,-2.972235117352300393e-01,-2.420350575444106256e-01,-3.885287197574219809e-01,1.000000000000000000e+00,6.347292639222706923e-01,-1.259614928389452271e-01,1.541685263831504005e-01,-8.524708607562704599e-02,1.629869382578825673e-02,-2.403092244661910459e-01,-3.250314479703864667e-01,-2.575627150109201513e-01,-3.364796725104549080e-01,3.169179179308262984e-01,7.767766228665157202e-02,2.606354638234283927e-01,-1.415144919778265828e-02,-2.433547108532068959e-01,3.314954570722043053e-02,-1.503371224806973050e-01,1.111174140940468513e-01,-2.561166408239115566e-02,6.238413539375518152e-02,-6.717515838609632028e-02,-6.910189910361606153e-03,2.832516404390312825e-01,4.830754353865564510e-01,1.670201241118348945e-01,4.323952492155664906e-01,1.672645002542751114e-02,2.045979423813735695e-02,1.516011054485825321e-02,-2.871582024205119807e-02,-4.148591500524190928e-02,3.253287497049540122e-01
5.487670645825452886e-02,4.681341714751924288e-01,1.528981463774757854e-01,8.818819161080181102e-02,1.813628993767905928e-03,-7.662233311961462456e-02,-4.248291153917524987e-01,-4.891078488379747014e-01,6.347292639222706923e-01,1.000000000000000000e+00,6.193789743902689687e-02,4.497674836635162099e-01,8.101090819669157228e-02,2.622723701352556169e-01,-3.518837718011659232e-01,-4.613767152827530360e-01,-4.282572910158608526e-01,-4.660929889043777252e-01,3.229865452226945433e-01,2.407433970782620336e-01,2.615202427933616125e-01,2.177985358757849599e-01,-4.434468421046970366e-01,-2.479983834222587724e-01,-3.946013237629170667e-01,7.768142949641221318e-02,-3.353691627727101165e-01,1.097213948737390393e-01,-4.723671397655741094e-02,1.748336149616151747e-01,3.492692109248552584e-02,3.058496678905890942e-01,8.130976080569905784e-02,4.265841257757884142e-01,-9.874145506341141729e-03,4.455552583984918880e-02,2.339967888924500417e-02,-2.264834591989012269e-01,-6.832596642015772992e-02,4.156024600282708370e-01
6.753690966039213595e-02,3.747361344297314018e-02,-3.202838328687697689e-01,-4.690072416309407632e-01,-2.652108486893416384e-01,-3.263855153002775400e-01,-4.463580542622248848e-02,1.052757865249333846e-01,-1.259614928389452271e-01,6.193789743902689687e-02,1.000000000000000000e+00,4.850585972500114917e-01,-8.977120813039901615e-02,5.285689763353527276e-02,-2.001044151390002357e-01,3.174670906979366186e-02,-1.153666595621458540e-01,9.525230727925924901e-02,9.102057904052935147e-03,4.458052103109332032e-02,2.917651947095599163e-01,1.255814895033966205e-01,2.305295133817191200e-01,-1.206227494075694101e-01,-5.048923486979298852e-02,-2.435803308990097671e-01,-7.637205361956085625e-02,-1.746871278401732619e-01,-3.334800945822318646e-02,-2.167551046579979657e-01,2.476490318069331509e-01,3.332702876735820635e-02,2.268842125011527044e-01,1.497203742783342062e-01,4.203310670804157323e-01,2.179709191108621935e-01,-1.179685193065051763e-01,-1.163634215806171462e-01,-1.479773170529086745e-01,-1.286930136550780979e-01
-1.778726778939391032e-02,3.047958215486563649e-01,-1.278259923008208399e-01,-1.324010626980277328e-01,-2.013301180153912462e-01,-2.025654907320995624e-01,-4.963522380658982325e-01,-5.918425672499827428e-01,1.541685263831504005e-01,4.497674836635162099e-01,4.850585972500114917e-01,1.000000000000000000e+00,-2.283755183727160798e-01,4.031862634242965732e-02,-4.880049049584287424e-01,-8.121830725103786064e-02,-4.445684819445518965e-01,-2.216599733101852487e-02,2.008359492957839942e-01,7.675141223363154963e-02,1.643873875262241990e-01,-6.247491689194512206e-03,-2.636666033298954437e-01,-3.384420992654335048e-01,-2.549093243011797960e-01,-1.494060293451827948e-02,-3.488470643994004972e-01,-1.413335505594235930e-01,-1.687173383149727368e-01,2.169982473890750413e-02,8.759379384582170747e-02,2.208767075285621162e-01,2.587754904022833771e-02,2.027654957950539294e-01,2.865141474721725340e-02,-6.383355165774193263e-02,-2.146890994733313962e-01,-3.046637812757251318e-01,-2.280560458059133558e-02,2.397021374474765931e-01
-1.172843978930371463e-02,-9.604415830255959297e-02,2.815711463767343881e-02,-6.026521189013922530e-02,1.164279604889647546e-01,9.305455149958488659e-02,-2.113235968434159506e-01,8.082548099143697928e-02,-8.524708607562704599e-02,8.101090819669157228e-02,-8.977120813039901615e-02,-2.283755183727160798e-01,1.000000000000000000e+00,4.593613880169753472e-01,2.909503564485543120e-02,1.326140135270984233e-01,5.964866664886323000e-02,9.825196113610175364e-02,-4.081163580946458452e-02,1.301992685759448820e-01,5.962779212746108920e-02,5.120201945292542772e-02,1.712725911122919276e-01,-7.777597860719769052e-02,4.032879363779997423e-02,2.287954088759366206e-02,-3.262393535929537791e-02,3.132142898297740619e-02,-3.609272120308997661e-02,-1.313009535728897337e-01,-1.372699700017920299e-01,-1.079753331714316950e-01,6.591838400510698082e-02,-3.232430759812002490e-03,-1.956090514644213407e-01,1.070188167091997017e-01,3.066907027176562495e-01,-1.695865508245802400e-01,-1.055914045686494745e-01,-5.608686885894414303e-02
-2.958159758193351641e-01,2.353955306521735846e-01,-7.654054432603334124e-02,-1.774893430143019424e-01,1.250652297037536387e-01,3.154839985968508342e-01,-9.288177583948532823e-02,9.046972862488134037e-02,1.629869382578825673e-02,2.622723701352556169e-01,5.285689763353527276e-02,4.031862634242965732e-02,4.593613880169753472e-01,1.000000000000000000e+00,3.901495656010362401e-03,-8.080105049092961220e-03,-4.257001733735526344e-02,-2.841712521387877027e-02,5.382831255239434870e-02,1.500811792390504273e-01,3.987383569399918087e-02,-2.911133388992116766e-02,2.332881168576761421e-01,1.218488972070662368e-01,2.347771667957826713e-01,2.877361621678894421e-01,2.013540605290251306e-01,2.756464723448577847e-01,2.298702079962488265e-01,1.614186848412237918e-01,4.101587523852623374e-02,2.737513584782135800e-01,1.557874481649644538e-01,-5.750866751774912772e-02,-4.140730153017369020e-02,3.308920383196991000e-01,3.738597968929372461e-01,-4.100942770894136502e-01,-2.539974388968786745e-02,1.091075146324035905e-01
-3.137989801662012801e-01,-2.265863390396896382e-01,-1.563073485472915025e-01,6.294393399477674067e-02,-2.433264602491929524e-02,2.108359593284042932e-01,3.685830435142709582e-01,4.039493984028504903e-01,-2.403092244661910459e-01,-3.518837718011659232e-01,-2.001044151390002357e-01,-4.880049049584287424e-01,2.909503564485543120e-02,3.901495656010362401e-03,1.000000000000000000e+00,3.321116212084353481e-01,8.344504237708405547e-01,2.975821769882449064e-01,-3.559279992481971799e-01,-1.649224058940123791e-02,-1.756789859977651302e-01,2.687651299144361294e-03,9.642363014950361411e-02,2.342199319026495585e-01,6.343823438173144813e-02,-2.052724630535859296e-01,1.037926209211665479e-01,-9.594881844885772004e-02,1.756859398598702507e-02,-2.144588788839013049e-01,-2.585479203558302408e-01,-3.406778799087631371e-01,1.108199139362744529e-01,-1.847616866414678316e-01,-5.325963822442063289e-02,3.284959213234217579e-01,4.978338247903534297e-01,7.748136762923142629e-02,1.204007356099209419e-01,-1.779064727172733340e-01
-2.953627427494216473e-01,-4.620694165355340166e-01,-5.600555434408144989e-02,2.261324545670970187e-02,-2.924132615952203598e-02,2.573451925834063236e-01,3.209597210056144290e-01,2.572457765719547429e-01,-3.250314479703864667e-01,-4.613767152827530360e-01,3.174670906979366186e-02,-8.121830725103786064e-02,1.326140135270984233e-01,-8.080105049092961220e-03,3.321116212084353481e-01,1.000000000000000000e+00,3.777184801222528421e-01,9.157955718464469985e-01,-3.825076722051378719e-01,-2.621270143026563915e-01,-1.832671378942509199e-01,-3.082996706318986146e-01,3.710041753786100793e-01,2.408771610515955952e-01,2.613568308381924998e-01,-1.040819503807655505e-01,3.164800381575366695e-01,-9.882677436276669780e-02,-6.040994868790237199e-02,-3.376415438400180991e-01,-6.195488936512957845e-02,-1.864887834822123724e-01,1.790310076236184822e-01,-9.378666296766322019e-02,-2.091664771824398861e-01,-5.439086650987597082e-02,3.245216906039869453e-01,-1.682690726673795323e-01,-1.703348361133471822e-01,-2.518013193656555848e-01
-3.271366681395151410e-01,-3.047353724807183029e-01,-1.070725966918993216e-01,6.930912509937459109e-02,6.833092245021664402e-02,2.365102533868970180e-01,3.808917045695238701e-01,3.845629515850178537e-01,-2.575627150109201513e-01,-4.282572910158608526e-01,-1.153666595621458540e-01,-4.445684819445518965e-01,5.964866664886323000e-02,-4.257001733735526344e-02,8.344504237708405547e-01,3.777184801222528421e-01,1.000000000000000000e+00,4.298365233955978026e-01,-1.722750531211633407e-01,8.620363915798540111e-02,-6.373681355663221582e-02,8.360556313893414970e-02,2.124660142815153474e-01,2.767851421014472790e-01,1.556236701865475192e-01,-1.855353416713151349e-01,2.411586307452120159e-01,-7.783584943104646103e-02,-8.545270640695708242e-02,-2.353832366206964344e-01,-2.148427427823696723e-01,-4.873932855287853583e-01,-1.198871941678335967e-02,-2.143913930136256418e-01,-5.160063508944438826e-02,1.061003532279956585e-01,3.781950090415303056e-01,1.282337852099238451e-01,1.544205958039269111e-03,-1.684682867735538270e-01
-2.795250087828788921e-01,-5.523281691833293872e-01,-6.032280110079085017e-02,-2.092440010926871485e-03,4.610238793717268135e-02,2.747484656759833221e-01,3.312412497689840585e-01,2.107902030335366550e-01,-3.364796725104549080e-01,-4.660929889043777252e-01,9.525230727925924901e-02,-2.216599733101852487e-02,9.825196113610175364e-02,-2.841712521387877027e-02,2.975821769882449064e-01,9.157955718464469985e-01,4.298365233955978026e-01,1.000000000000000000e+00,-2.732959781781089670e-01,-1.956669063523880925e-01,-1.095791462250745169e-01,-2.761279335746762986e-01,3.935759980276876679e-01,2.453048781093193076e-01,3.336999515805489924e-01,-1.149993659643496480e-01,2.703691677995617715e-01,-1.881644065858612547e-01,-5.638963339604329689e-02,-3.101143159415131190e-01,2.738119386694995092e-02,-1.691372348291970973e-01,9.915475899929399040e-02,-5.741214690494281236e-02,-1.094812936937341885e-01,-6.424697174793754517e-02,1.991634015588813755e-01,-9.920586619423080177e-02,-7.476760536598114903e-02,-2.531163478357054686e-01
3.018053265520059258e-01,1.888639647378029807e-01,-2.959332524472774173e-02,-2.454604561586282846e-02,4.889300609569293549e-02,3.957822237212751948e-02,-9.232071310378571483e-02,-2.545374450173861214e-01,3.169179179308262984e-01,3.229865452226945433e-01,9.102057904052935147e-03,2.008359492957839942e-01,-4.081163580946458452e-02,5.382831255239434870e-02,-3.559279992481971799e-01,-3.825076722051378719e-01,-1.722750531211633407e-01,-2.732959781781089670e-01,1.000000000000000000e+00,4.973372854151484890e-01,6.370638252383375999e-01,3.739595319846395483e-01,-8.517122225302020677e-02,-1.799284468655049374e-01,-4.919031503436595981e-02,1.477214047000039165e-01,-3.830980342938905547e-02,5.584886993858046919e-03,-2.129649225154824077e-01,1.142469798818649268e-01,1.242461653665246357e-01,-1.231800170837683561e-01,-4.265335540664793035e-01,5.083468311406802442e-01,2.485645485142696787e-01,-1.717958623678374486e-01,-2.454939429048041966e-01,2.883085653117407610e-01,-2.250780368070934845e-01,1.597864973613737638e-01
1.165427092195757547e-01,2.829907915862284185e-01,-2.031393386841249538e-01,-7.163102637146806506e-02,-1.986035703192600560e-02,3.948974588970566302e-02,-2.166373493355754354e-01,-2.637022634601960958e-01,7.767766228665157202e-02,2.407433970782620336e-01,4.458052103109332032e-02,7.675141223363154963e-02,1.301992685759448820e-01,1.500811792390504273e-01,-1.649224058940123791e-02,-2.621270143026563915e-01,8.620363915798540111e-02,-1.956669063523880925e-01,4.973372854151484890e-01,1.000000000000000000e+00,7.036353068250640330e-01,6.362859818575870019e-01,-4.756857914011655003e-02,4.943983909635952384e-02,1.715367657421483505e-02,1.052100524814989918e-01,-7.890204503193767871e-02,2.017982580973979034e-01,-2.869865159616750150e-01,-1.501281361524466340e-01,1.810437099933742133e-01,-4.096801222575675167e-02,2.063380966379818882e-01,1.358203226667513419e-01,-1.116501903365125017e-02,-4.158515536908409527e-02,-1.527285524019887375e-01,7.899446315153159370e-02,7.698403672139729481e-02,1.208330336060676607e-01
2.799140369487629898e-01,3.452156891632646857e-02,-1.731870006448245625e-01,-9.992807755631197275e-02,-1.639469638638570148e-01,-1.964183976622110028e-01,-1.197125510258528341e-01,-2.202030684606163247e-01,2.606354638234283927e-01,2.615202427933616125e-01,2.917651947095599163e-01,1.643873875262241990e-01,5.962779212746108920e-02,3.987383569399918087e-02,-1.756789859977651302e-01,-1.832671378942509199e-01,-6.373681355663221582e-02,-1.095791462250745169e-01,6.370638252383375999e-01,7.036353068250640330e-01,1.000000000000000000e+00,6.752657975611024987e-01,1.069187537595229637e-01,8.215121826345783695e-02,-5.253097090310948625e-02,-6.077065991343816309e-02,-1.027361494554708821e-01,-7.013269756662367238e-02,-3.270525065135761467e-01,-3.178207437768292842e-01,3.042989758238729414e-01,-7.408351734877442751e-02,1.917171117222532528e-01,6.181125403101969118e-01,4.886396665352554236e-01,1.642074314848018801e-01,-1.672660093711807738e-01,2.104583125968791935e-01,-1.178544364459672283e-01,5.618794348011361961e-02
1.821681947738107155e-01,2.654374357801038697e-01,-3.715698719946173428e-02,7.942417598391710021e-02,5.201003601208671612e-02,-7.698753605165056801e-02,-1.572283886327529301e-01,-1.400078446037164026e-01,-1.415144919778265828e-02,2.177985358757849599e-01,1.255814895033966205e-01,-6.247491689194512206e-03,5.120201945292542772e-02,-2.911133388992116766e-02,2.687651299144361294e-03,-3.082996706318986146e-01,8.360556313893414970e-02,-2.761279335746762986e-01,3.739595319846395483e-01,6.362859818575870019e-01,6.752657975611024987e-01,1.000000000000000000e+00,1.693678054205729339e-02,2.138603375506547000e-01,-1.784712879293911814e-01,-1.153311213160759276e-02,-1.129855923712705379e-01,1.525133458354983595e-01,-2.624389396263309693e-01,-1.084547405573955819e-01,6.143544896608230110e-02,-1.984547613572626157e-01,1.522074682815458546e-01,2.738654634734204452e-01,4.113070194441409422e-01,8.114623756382503827e-02,-1.837511901330265429e-01,1.601299909615272188e-01,-7.505537399346794147e-02,1.055400001041535349e-02
9.845401375915470779e-03,-1.934193433396560746e-01,-2.986874423238377041e-01,-3.655614464076638037e-01,-1.745662733047111392e-01,-3.959682650068740983e-03,2.121775342252129604e-01,4.543775173563584513e-01,-2.433547108532068959e-01,-4.434468421046970366e-01,2.305295133817191200e-01,-2.636666033298954437e-01,1.712725911122919276e-01,2.332881168576761421e-01,9.642363014950361411e-02,3.710041753786100793e-01,2.124660142815153474e-01,3.935759980276876679e-01,-8.517122225302020677e-02,-4.756857914011655003e-02,1.069187537595229637e-01,1.693678054205729339e-02,1.000000000000000000e+00,5.271235256408790537e-01,6.534984627206842367e-01,2.203243425771800323e-01,6.814128630303116774e-01,2.277897453719082144e-01,2.408550909478427704e-01,-7.580417569899096375e-02,2.938131766018597935e-01,-1.439339978327113315e-02,8.735264479103233004e-02,-1.773272204209978831e-01,1.887131415604990092e-01,2.819230027291735885e-01,4.688438279274977777e-02,-6.902925735945952823e-02,-3.028681667675858433e-02,-9.781717829102450079e-02
-1.493895698503900638e-01,-1.801815965229980332e-01,-2.638810892802548672e-02,1.126974180921224006e-01,4.819318245830925274e-02,8.536676118863383012e-02,2.374114546371203227e-01,2.097757323581609656e-01,3.314954570722043053e-02,-2.479983834222587724e-01,-1.206227494075694101e-01,-3.384420992654335048e-01,-7.777597860719769052e-02,1.218488972070662368e-01,2.342199319026495585e-01,2.408771610515955952e-01,2.767851421014472790e-01,2.453048781093193076e-01,-1.799284468655049374e-01,4.943983909635952384e-02,8.215121826345783695e-02,2.138603375506547000e-01,5.271235256408790537e-01,1.000000000000000000e+00,4.280892471332233273e-01,4.052107503035575764e-01,5.017801223605573568e-01,3.999547505736388286e-01,1.904206828490491096e-02,-1.329011416855296612e-01,3.165382970513265781e-01,2.197443697445073119e-01,3.862836868327305662e-01,-1.190707551047375939e-01,1.004313148908176356e-01,1.402264079853382528e-01,4.512124063375050342e-02,4.344854860458070844e-02,6.557283830585944329e-02,-3.716611209131845395e-03
-1.302801141964872733e-01,-2.549217359541068872e-01,-9.547708715024971760e-03,-1.783719341457978003e-01,1.342335824815038270e-01,2.177813858764055532e-01,2.370213846005624347e-01,1.836744421785109493e-01,-1.503371224806973050e-01,-3.946013237629170667e-01,-5.048923486979298852e-02,-2.549093243011797960e-01,4.032879363779997423e-02,2.347771667957826713e-01,6.343823438173144813e-02,2.613568308381924998e-01,1.556236701865475192e-01,3.336999515805489924e-01,-4.919031503436595981e-02,1.715367657421483505e-02,-5.253097090310948625e-02,-1.784712879293911814e-01,6.534984627206842367e-01,4.280892471332233273e-01,1.000000000000000000e+00,5.113799405306396206e-01,7.681163935954261612e-01,4.588503256442884592e-01,5.516632279237350112e-01,2.694959584263475483e-01,5.140505540184234778e-01,1.799759330664361945e-01,9.472114071519771583e-02,-2.932063486910774230e-01,-1.444606803459932975e-01,-6.688414124740098277e-02,-2.413368905881028703e-01,-1.299529888519110055e-01,2.300757106909848138e-01,1.006797431077780108e-01
-1.033616702016276617e-01,6.355712560205449557e-02,9.951505673570343324e-02,-7.257391728604233559e-03,4.357325439669203215e-02,6.184334452790869047e-02,-1.672855041266914644e-01,-1.209707933922846979e-01,1.111174140940468513e-01,7.768142949641221318e-02,-2.435803308990097671e-01,-1.494060293451827948e-02,2.287954088759366206e-02,2.877361621678894421e-01,-2.052724630535859296e-01,-1.040819503807655505e-01,-1.855353416713151349e-01,-1.149993659643496480e-01,1.477214047000039165e-01,1.052100524814989918e-01,-6.077065991343816309e-02,-1.153311213160759276e-02,2.203243425771800323e-01,4.052107503035575764e-01,5.113799405306396206e-01,1.000000000000000000e+00,4.957294289610620353e-01,7.162044179618505257e-01,3.128295189127034415e-01,4.177272621645253259e-01,3.603467535163836777e-01,2.749423459068754405e-01,-4.480526614633036780e-02,-2.138703663007717470e-01,-2.350961939628062602e-01,-2.723825090031308793e-01,-2.399661155364282150e-01,-8.427956397784550080e-02,8.671120012574246808e-04,2.795766501293102668e-01
-1.510075906376542876e-01,-7.190853069864434899e-02,-3.599222002818679850e-02,-1.627928829409960032e-01,-3.357919778435823621e-02,1.971963039251859173e-01,2.092725058831718388e-01,3.067482984847972882e-01,-2.561166408239115566e-02,-3.353691627727101165e-01,-7.637205361956085625e-02,-3.488470643994004972e-01,-3.262393535929537791e-02,2.013540605290251306e-01,1.037926209211665479e-01,3.164800381575366695e-01,2.411586307452120159e-01,2.703691677995617715e-01,-3.830980342938905547e-02,-7.890204503193767871e-02,-1.027361494554708821e-01,-1.129855923712705379e-01,6.814128630303116774e-01,5.017801223605573568e-01,7.681163935954261612e-01,4.957294289610620353e-01,1.000000000000000000e+00,6.142213606620035016e-01,4.358180755056142996e-01,2.236247478714734060e-01,4.540013269767771420e-01,1.132101168709751526e-01,2.883519232084358688e-02,-2.825862246275268053e-01,-1.373512114849169408e-01,-1.916099540089160336e-01,-7.732354886201975308e-02,-1.167749114343505507e-01,-6.491755353818332019e-02,8.736502886296555748e-02
-1.451422457158320911e-01,3.243167398374183219e-01,1.389028519860362743e-01,4.666189759252960950e-02,6.241302608084333542e-02,2.032426130291599131e-01,-1.564897382141548776e-01,-1.057753172412869390e-02,6.238413539375518152e-02,1.097213948737390393e-01,-1.746871278401732619e-01,-1.413335505594235930e-01,3.132142898297740619e-02,2.756464723448577847e-01,-9.594881844885772004e-02,-9.882677436276669780e-02,-7.783584943104646103e-02,-1.881644065858612547e-01,5.584886993858046919e-03,2.017982580973979034e-01,-7.013269756662367238e-02,1.525133458354983595e-01,2.277897453719082144e-01,3.999547505736388286e-01,4.588503256442884592e-01,7.162044179618505257e-01,6.142213606620035016e-01,1.000000000000000000e+00,4.329217101319636218e-01,4.833804129106918368e-01,3.104834351481089438e-01,2.580341992007383900e-01,1.186974567061851865e-01,-3.641731015160657448e-01,-2.498303398799344988e-01,-2.540665870819294736e-01,-1.985787456718390853e-01,-2.117302995089724582e-01,5.056069133632506291e-02,2.980867598133475349e-01
-8.808816865531213236e-02,-4.081152647475100662e-03,7.322394988619292111e-02,-2.509306458235128212e-01,1.973958918529912787e-01,1.586968033338380935e-01,1.027985710193086294e-01,1.172261982951282588e-01,-6.717515838609632028e-02,-4.723671397655741094e-02,-3.334800945822318646e-02,-1.687173383149727368e-01,-3.609272120308997661e-02,2.298702079962488265e-01,1.756859398598702507e-02,-6.040994868790237199e-02,-8.545270640695708242e-02,-5.638963339604329689e-02,-2.129649225154824077e-01,-2.869865159616750150e-01,-3.270525065135761467e-01,-2.624389396263309693e-01,2.408550909478427704e-01,1.904206828490491096e-02,5.516632279237350112e-01,3.128295189127034415e-01,4.358180755056142996e-01,4.329217101319636218e-01,1.000000000000000000e+00,7.767269093944964009e-01,2.648674272612956959e-01,2.493299904304039083e-01,2.722321303197582261e-03,-3.304419576609491371e-01,4.253503629003999725e-02,1.047580062421712283e-01,-1.066664417936002973e-01,-2.152222331078083306e-01,3.961133155966830577e-01,3.515614530011392791e-01
4.448929302257039614e-02,2.908416537423903492e-01,2.056596032288374731e-01,-3.818445704689768516e-02,3.202238514166825256e-01,2.366228147430390061e-01,-7.668870480755886343e-02,-1.552142702513911177e-01,-6.910189910361606153e-03,1.748336149616151747e-01,-2.167551046579979657e-01,2.169982473890750413e-02,-1.313009535728897337e-01,1.614186848412237918e-01,-2.144588788839013049e-01,-3.376415438400180991e-01,-2.353832366206964344e-01,-3.101143159415131190e-01,1.142469798818649268e-01,-1.501281361524466340e-01,-3.178207437768292842e-01,-1.084547405573955819e-01,-7.580417569899096375e-02,-1.329011416855296612e-01,2.694959584263475483e-01,4.177272621645253259e-01,2.236247478714734060e-01,4.833804129106918368e-01,7.767269093944964009e-01,1.000000000000000000e+00,2.762588895654139939e-02,1.215371303578664103e-01,-3.526016119521715453e-01,-3.339615382443519853e-01,-2.517423197131933923e-02,-1.255141569495142606e-01,-2.403811482313042425e-01,-1.569458871649739018e-01,2.840555387455268033e-01,4.350417468657913345e-01
1.641297752574027713e-01,-5.993327957029435937e-02,-1.194818251820556759e-01,-2.596676918038064441e-01,-1.727275836164049727e-01,-1.406019327781934392e-01,-8.683707403446737361e-02,-1.706977566708646477e-01,2.832516404390312825e-01,3.492692109248552584e-02,2.476490318069331509e-01,8.759379384582170747e-02,-1.372699700017920299e-01,4.101587523852623374e-02,-2.585479203558302408e-01,-6.195488936512957845e-02,-2.148427427823696723e-01,2.738119386694995092e-02,1.242461653665246357e-01,1.810437099933742133e-01,3.042989758238729414e-01,6.143544896608230110e-02,2.938131766018597935e-01,3.165382970513265781e-01,5.140505540184234778e-01,3.603467535163836777e-01,4.540013269767771420e-01,3.104834351481089438e-01,2.648674272612956959e-01,2.762588895654139939e-02,1.000000000000000000e+00,5.386657577992847168e-01,3.511360191293356747e-01,1.131524660874332344e-01,4.191406111529145245e-02,-1.849929838199994292e-01,-5.540169661510515597e-01,-8.725459986809019908e-02,8.863435780994409485e-02,1.476182892631860977e-01
-1.469601237317854081e-01,2.266374748271372808e-02,1.250099021229161278e-01,3.600565222541816154e-03,-3.366320927633881244e-02,-8.990038691829341233e-02,-1.826191138066363961e-01,-2.423838570166390316e-01,4.830754353865564510e-01,3.058496678905890942e-01,3.332702876735820635e-02,2.208767075285621162e-01,-1.079753331714316950e-01,2.737513584782135800e-01,-3.406778799087631371e-01,-1.864887834822123724e-01,-4.873932855287853583e-01,-1.691372348291970973e-01,-1.231800170837683561e-01,-4.096801222575675167e-02,-7.408351734877442751e-02,-1.984547613572626157e-01,-1.439339978327113315e-02,2.197443697445073119e-01,1.799759330664361945e-01,2.749423459068754405e-01,1.132101168709751526e-01,2.580341992007383900e-01,2.493299904304039083e-01,1.215371303578664103e-01,5.386657577992847168e-01,1.000000000000000000e+00,4.985945891226147286e-01,1.584807872505123241e-02,-8.717340196413739251e-02,5.231392179821822003e-02,-1.869385098553688063e-01,-3.246325620287068836e-01,2.711986277215714392e-01,1.947995782988948543e-01
-1.690826287760308078e-01,-1.188875663629549578e-01,-3.947767978055419930e-02,-6.321193456131055100e-02,-1.397458097960597445e-01,-2.253978148220444622e-01,-6.748701472125076539e-02,-1.212272037307138804e-02,1.670201241118348945e-01,8.130976080569905784e-02,2.268842125011527044e-01,2.587754904022833771e-02,6.591838400510698082e-02,1.557874481649644538e-01,1.108199139362744529e-01,1.790310076236184822e-01,-1.198871941678335967e-02,9.915475899929399040e-02,-4.265335540664793035e-01,2.063380966379818882e-01,1.917171117222532528e-01,1.522074682815458546e-01,8.735264479103233004e-02,3.862836868327305662e-01,9.472114071519771583e-02,-4.480526614633036780e-02,2.883519232084358688e-02,1.186974567061851865e-01,2.722321303197582261e-03,-3.526016119521715453e-01,3.511360191293356747e-01,4.985945891226147286e-01,1.000000000000000000e+00,3.587186558884470494e-02,4.828754573696510642e-03,2.622669329537908878e-01,1.213736938088489786e-01,-2.903135061755275914e-01,2.237429746272494024e-01,6.901440965762260793e-02
2.014512708199182323e-01,-1.187388628430887799e-01,9.803293615126838778e-02,1.241296197139522134e-01,-2.959815120537983429e-02,-1.872431854405591789e-01,4.041429837886376629e-03,-2.041214840313312351e-01,4.323952492155664906e-01,4.265841257757884142e-01,1.497203742783342062e-01,2.027654957950539294e-01,-3.232430759812002490e-03,-5.750866751774912772e-02,-1.847616866414678316e-01,-9.378666296766322019e-02,-2.143913930136256418e-01,-5.741214690494281236e-02,5.083468311406802442e-01,1.358203226667513419e-01,6.181125403101969118e-01,2.738654634734204452e-01,-1.773272204209978831e-01,-1.190707551047375939e-01,-2.932063486910774230e-01,-2.138703663007717470e-01,-2.825862246275268053e-01,-3.641731015160657448e-01,-3.304419576609491371e-01,-3.339615382443519853e-01,1.131524660874332344e-01,1.584807872505123241e-02,3.587186558884470494e-02,1.000000000000000000e+00,3.885181399642078093e-01,1.387915676774131302e-01,8.026034442187984785e-02,1.973064398250312101e-01,-3.131730319471311419e-01,-2.706841766950798464e-02
1.969483824890863044e-01,-1.095836040036662629e-01,-9.367819077951458628e-02,-1.689043115538605699e-01,-1.221253470752002440e-01,-2.985770575310230934e-01,1.267108415502914698e-01,1.919211188033542459e-01,1.672645002542751114e-02,-9.874145506341141729e-03,4.203310670804157323e-01,2.865141474721725340e-02,-1.956090514644213407e-01,-4.140730153017369020e-02,-5.325963822442063289e-02,-2.091664771824398861e-01,-5.160063508944438826e-02,-1.094812936937341885e-01,2.485645485142696787e-01,-1.116501903365125017e-02,4.886396665352554236e-01,4.113070194441409422e-01,1.887131415604990092e-01,1.004313148908176356e-01,-1.444606803459932975e-01,-2.350961939628062602e-01,-1.373512114849169408e-01,-2.498303398799344988e-01,4.253503629003999725e-02,-2.517423197131933923e-02,4.191406111529145245e-02,-8.717340196413739251e-02,4.828754573696510642e-03,3.885181399642078093e-01,1.000000000000000000e+00,4.715878020179314345e-01,-5.177362717103636824e-02,2.263126692887762192e-01,5.046716866288501052e-02,-8.876764247369160754e-02
-1.255967106119308951e-01,-1.731880926181054645e-02,-2.942654797725969273e-01,-2.201385333567765779e-01,-2.882511731894492613e-01,-2.188416279263723230e-01,3.432119489902096116e-02,2.209097585825619825e-01,2.045979423813735695e-02,4.455552583984918880e-02,2.179709191108621935e-01,-6.383355165774193263e-02,1.070188167091997017e-01,3.308920383196991000e-01,3.284959213234217579e-01,-5.439086650987597082e-02,1.061003532279956585e-01,-6.424697174793754517e-02,-1.717958623678374486e-01,-4.158515536908409527e-02,1.642074314848018801e-01,8.114623756382503827e-02,2.819230027291735885e-01,1.402264079853382528e-01,-6.688414124740098277e-02,-2.723825090031308793e-01,-1.916099540089160336e-01,-2.540665870819294736e-01,1.047580062421712283e-01,-1.255141569495142606e-01,-1.849929838199994292e-01,5.231392179821822003e-02,2.622669329537908878e-01,1.387915676774131302e-01,4.715878020179314345e-01,1.000000000000000000e+00,4.534904320680972489e-01,-1.306923000553137648e-01,1.856840196879321891e-01,-4.235680639430294131e-02
-3.530947334434587082e-01,-1.543715198891248419e-01,-4.643704609989118826e-02,5.843086006139103922e-02,-2.772522629353808832e-02,1.080146725834557203e-01,1.483847935860229117e-01,3.283196639234428615e-01,1.516011054485825321e-02,2.339967888924500417e-02,-1.179685193065051763e-01,-2.146890994733313962e-01,3.066907027176562495e-01,3.738597968929372461e-01,4.978338247903534297e-01,3.245216906039869453e-01,3.781950090415303056e-01,1.991634015588813755e-01,-2.454939429048041966e-01,-1.527285524019887375e-01,-1.672660093711807738e-01,-1.837511901330265429e-01,4.688438279274977777e-02,4.512124063375050342e-02,-2.413368905881028703e-01,-2.399661155364282150e-01,-7.732354886201975308e-02,-1.985787456718390853e-01,-1.066664417936002973e-01,-2.403811482313042425e-01,-5.540169661510515597e-01,-1.869385098553688063e-01,1.213736938088489786e-01,8.026034442187984785e-02,-5.177362717103636824e-02,4.534904320680972489e-01,1.000000000000000000e+00,-1.003772419692361695e-01,-1.586525194849875420e-01,-1.282349334430352983e-01
2.133114433457498071e-01,-2.429843299281542190e-01,-3.907127799183299222e-02,8.473906186845230060e-02,-9.232208100608977957e-04,-6.215349900155245355e-02,3.270932066793234561e-01,2.199531121029294212e-01,-2.871582024205119807e-02,-2.264834591989012269e-01,-1.163634215806171462e-01,-3.046637812757251318e-01,-1.695865508245802400e-01,-4.100942770894136502e-01,7.748136762923142629e-02,-1.682690726673795323e-01,1.282337852099238451e-01,-9.920586619423080177e-02,2.883085653117407610e-01,7.899446315153159370e-02,2.104583125968791935e-01,1.601299909615272188e-01,-6.902925735945952823e-02,4.344854860458070844e-02,-1.299529888519110055e-01,-8.427956397784550080e-02,-1.167749114343505507e-01,-2.117302995089724582e-01,-2.152222331078083306e-01,-1.569458871649739018e-01,-8.725459986809019908e-02,-3.246325620287068836e-01,-2.903135061755275914e-01,1.973064398250312101e-01,2.263126692887762192e-01,-1.306923000553137648e-01,-1.003772419692361695e-01,1.000000000000000000e+00,4.686377632324468384e-02,-1.664822942883748547e-01
-1.279794502762374997e-01,-5.681385286192961598e-02,-1.405308660643358465e-01,-1.730921841559158736e-01,1.566238921069411719e-02,-5.649098433841688582e-02,-7.172932133009651823e-02,-1.143879725553764576e-01,-4.148591500524190928e-02,-6.832596642015772992e-02,-1.479773170529086745e-01,-2.280560458059133558e-02,-1.055914045686494745e-01,-2.539974388968786745e-02,1.204007356099209419e-01,-1.703348361133471822e-01,1.544205958039269111e-03,-7.476760536598114903e-02,-2.250780368070934845e-01,7.698403672139729481e-02,-1.178544364459672283e-01,-7.505537399346794147e-02,-3.028681667675858433e-02,6.557283830585944329e-02,2.300757106909848138e-01,8.671120012574246808e-04,-6.491755353818332019e-02,5.056069133632506291e-02,3.961133155966830577e-01,2.840555387455268033e-01,8.863435780994409485e-02,2.711986277215714392e-01,2.237429746272494024e-01,-3.131730319471311419e-01,5.046716866288501052e-02,1.856840196879321891e-01,-1.586525194849875420e-01,4.686377632324468384e-02,1.000000000000000000e+00,4.877004981730047595e-01
