1.000000000000000000e+00,5.596838638404086907e-01,-2.026660852050191641e-01,-3.554595770144606259e-01,1.584236505299525463e-02,-1.808336037371832405e-01,-2.865877542301590863e-01,-9.707134693186780794e-02,2.811540986527505392e-01,-6.912804953767513749e-02,-3.769750971813872198e-01,-3.433297903582899213e-01,2.355986493056815290e-01,-5.555029512280214993e-02,-2.535377150321684869e-01,-1.235915316127250002e-01,-2.640488822988824591e-01,2.903301434878237386e-02,-3.361111293713896914e-02,-7.789249558565528031e-02,-1.458475559357119977e-01,-8.697733632425809491e-02,-1.113904165938058022e-01,1.711338415271404234e-01,-1.908593697059652872e-01,3.156416703541940483e-01,1.066294937703190365e-02,3.672026359567777121e-01,3.482253477084413379e-02,-7.756952377225981299e-02,-1.447484298408181491e-01,-6.738936824809976800e-02,-2.825000971148469361e-02,4.129518847316920871e-02,-9.654477262603002041e-02,3.879236528387723648e-02,-5.679378492601274558e-02,-4.702538055049208104e-02,-2.487336066465972995e-01,-2.859943583563315239e-01
5.596838638404086907e-01,1.000000000000000000e+00,-1.098820450493278450e-02,-9.961715096569924432e-02,2.857010972045755937e-01,2.015088502765783329e-01,-2.648034137976681412e-01,-1.704310183878208484e-01,3.184390442246346486e-01,2.659239003964452008e-01,-4.886884067086215699e-01,-3.786361259792304645e-01,3.671226697476888678e-01,2.831523884068493091e-01,-5.007711414843215580e-01,-4.155664098717001820e-01,-5.005527066290353932e-01,-3.223026907667587149e-01,-4.663200409503400617e-02,-2.087270842633759671e-01,-1.023347523135407777e-01,-2.338360033169706587e-01,-2.540998916838825283e-01,-2.626000401077019930e-01,-3.488724171548508446e-01,-3.440644623148050169e-02,-1.005893332895190229e-01,9.527966872530205245e-02,-1.520573181417064490e-01,-2.553746751765196832e-01,-2.613886219224224594e-01,-3.116016589743869636e-01,4.031294774969861223e-03,9.081388913537355445e-02,-2.592316815544815634e-01,-1.732558976048507726e-01,-2.651140819401850979e-01,-1.030362077344955801e-01,-5.056903402144516946e-01,-3.573362721374219175e-01
-2.026660852050191641e-01,-1.098820450493278450e-02,1.000000000000000000e+00,6.396233261736696818e-01,4.944810537519978011e-01,5.424921383701871713e-01,3.401466303514164013e-01,-1.695117455095338042e-03,1.073809552740501438e-01,1.299951269642533325e-01,-2.463041984995579525e-01,-2.510693434938057189e-01,1.331133616457809421e-01,2.422614251474624128e-02,-1.093840556911499229e-01,-1.555025538468589597e-01,-2.300771083969537986e-02,3.915920029686471848e-02,-2.302241782390577196e-01,-2.465235066139380149e-01,-1.724816067404659758e-01,-1.105854252968284240e-01,-1.776040493831721190e-01,-1.957571385285804266e-01,-1.934699834980937658e-02,6.565166188689752769e-02,7.676207571077112157e-02,6.272082914545201726e-02,1.302341968611183884e-02,-2.059389418066750327e-02,-4.866784269668841117e-02,5.414141527315201319e-02,-2.326620972924563213e-01,4.071056413630721321e-02,-1.121956205847299964e-01,-7.755686390524445251e-02,-4.088392879586848910e-02,1.738512611371591521e-01,-1.045159861642288995e-01,-1.486391694198266056e-01
-3.554595770144606259e-01,-9.961715096569924432e-02,6.396233261736696818e-01,1.000000000000000000e+00,2.051421614309674457e-01,4.165780671340050256e-01,5.137097669424883772e-01,7.781831314449023929e-02,1.928624000210200362e-01,1.834573672815455747e-01,-2.141831047873092933e-02,-4.942630581629688796e-03,-2.065676001166849296e-01,-2.377333934063415588e-01,1.144209993630453948e-01,-9.844693232297044294e-03,2.030766675419755640e-01,1.570969583348759066e-02,-1.018720074485849614e-01,-2.159364279777007400e-01,1.274623401042061788e-01,-2.800594977478422856e-03,-1.444429408999192144e-01,-1.559064287769820756e-01,-4.907271977881819298e-03,-1.128314482517841916e-01,-9.178909814719261873e-02,-1.414342054190573517e-01,5.236296114133206364e-02,2.002363156222420060e-01,3.605415567841386421e-02,1.951265641487939448e-02,-6.159281240913397348e-02,-1.721438554652678921e-01,-9.966059002850950754e-02,5.422875353125074498e-04,2.916493904318291988e-02,1.978869052001392681e-01,6.168552159252831818e-02,2.830734742044417260e-02
1.584236505299525463e-02,2.857010972045755937e-01,4.944810537519978011e-01,2.051421614309674457e-01,1.000000000000000000e+00,7.823800382889011251e-01,3.001239311316400080e-02,7.587666756491787123e-02,2.164264740226513883e-01,2.743501109179324327e-01,-1.985240118803401066e-01,-1.362494116784072617e-01,5.771168419132182148e-01,3.405739685668250361e-01,-2.581099909756607302e-01,-4.145478308158991321e-01,-3.518733533288169735e-01,-4.191363524312080036e-01,-5.031270469895368636e-02,-1.709593859014761352e-01,-1.020505603650399828e-01,-5.943747502372861286e-02,-2.769360429699986859e-01,-4.069403363167964360e-01,-2.623207243988553428e-01,-2.053298030297308341e-01,-9.374576132473003837e-03,-3.583554640644660144e-02,-2.843618677462192434e-01,-3.890308012009950911e-01,-1.217160581134781178e-01,-1.874854100654408384e-01,-1.769444562170264523e-01,-3.894357747024026345e-02,-4.360494221490441441e-02,-2.226607965356155461e-01,-3.744269788792127795e-01,-8.707659425991392740e-03,-2.659691417578113892e-01,-1.844763411425869304e-01
-1.808336037371832405e-01,2.015088502765783329e-01,5.424921383701871713e-01,4.165780671340050256e-01,7.823800382889011251e-01,1.000000000000000000e+00,5.204982754285769619e-03,3.811259343224961821e-02,1.538108612658889152e-01,2.316687513652622710e-01,-5.609754596501220075e-02,1.341096470016482287e-02,4.054538112945363926e-01,3.094789389174638083e-01,-1.810278755688796704e-01,-3.476523017870573606e-01,-2.313925752298531258e-01,-3.754977574652144101e-01,-1.550609694197293553e-01,-2.177036394604004166e-01,-1.424574410894254295e-01,-1.716511979606805127e-01,-2.084211330038543697e-01,-3.753182327757328962e-01,-1.614554529669665617e-01,-2.220473776360231133e-01,-6.467093979283346228e-02,-1.337964729678382814e-01,-2.209386125396583800e-01,-3.601837055417625999e-01,-8.808092446451870616e-02,-1.431890487436829895e-01,1.143347851226184618e-02,-6.353778217226520308e-02,-1.555182189747862931e-01,-2.150700593732676746e-01,-2.788878509072080236e-01,-7.728490388881868733e-02,-1.450488502341666652e-01,-1.116042586733664993e-01
-2.865877542301590863e-01,-2.648034137976681412e-01,3.401466303514164013e-01,5.137097669424883772e-01,3.001239311316400080e-02,5.204982754285769619e-03,1.000000000000000000e+00,4.082034867879675288e-01,-1.044606472501710126e-01,7.355211589370416747e-02,2.174883427307365003e-01,1.912502649438807267e-01,-3.509798923454528485e-01,-4.491377569292459015e-01,-9.593166881209265473e-02,-5.043432396101640847e-02,4.739077512700372308e-02,1.146523062278025362e-01,-3.529753427022937207e-02,-1.817081326015259346e-01,1.335648634292581176e-02,-9.149180892281738586e-02,-3.327513870862741641e-01,-1.765049657231750058e-01,-1.733180305432401869e-01,-2.384322184679580348e-01,-2.573003681217418959e-01,-2.814228161226302039e-01,-9.549210920590715801e-02,2.607614088956017873e-01,8.574021321864214173e-02,-8.123642489084255403e-02,-4.664269247923347878e-02,-1.735115999692245572e-02,-6.184275152195650715e-02,-1.169748589609951317e-01,-1.145179909503634547e-01,6.110616043179542545e-02,2.410719862010286905e-03,-4.261849437917045180e-02
-9.707134693186780794e-02,-1.704310183878208484e-01,-1.695117455095338042e-03,7.781831314449023929e-02,7.587666756491787123e-02,3.811259343224961821e-02,4.082034867879675288e-01,1.000000000000000000e+00,-4.159164414357758299e-01,-1.208802009748473349e-01,1.718648185064949041e-01,1.929481068974814861e-01,-6.068498208386135379e-02,-1.769256723440632284e-01,-1.463229256478195406e-01,-6.747697017687380450e-02,-1.797279357058457760e-01,-4.543071891430441184e-02,-4.632756942398921080e-02,9.599008049333983966e-03,-3.483189012573333077e-02,3.149440601686411510e-03,-3.269809507545006766e-01,-2.253711309458846235e-01,-1.212841590241358347e-01,-2.234170459271033193e-01,-5.181587878746075904e-02,-1.391356634585309837e-01,-1.189740564377759352e-01,7.873725876713322247e-02,-1.152801570903642936e-01,-6.358412623836941224e-02,9.165059720501624041e-02,7.016385655404823452e-02,3.628353186787716123e-01,1.415436348456126404e-02,-2.104963341402317500e-01,-1.235823368910195647e-01,-7.150539564533694992e-02,-2.622452918105447339e-01
2.811540986527505392e-01,3.184390442246346486e-01,1.073809552740501438e-01,1.928624000210200362e-01,2.164264740226513883e-01,1.538108612658889152e-01,-1.044606472501710126e-01,-4.159164414357758299e-01,1.000000000000000000e+00,4.115716768616967114e-01,-2.425640816438170977e-01,-2.216361688129263041e-01,1.196895387702186508e-01,2.411943846303560984e-02,1.983775924427974222e-02,-2.161473621868649775e-01,-2.623696710524063211e-02,-2.132497972695702737e-01,-5.559467300679404173e-02,-1.759643231930540785e-01,1.398426321604574196e-01,6.929551277057824366e-02,7.812233985815075863e-04,-5.474618236872760141e-02,-2.425082479918907463e-01,2.730701873266286675e-02,-1.281539566677564190e-01,2.706486675081558064e-03,1.535501367297905650e-01,-5.725723385517959840e-03,1.138655805701106749e-01,-5.462169209109647011e-02,-1.956271885922027109e-01,-2.390138142610536143e-01,-2.418756470908659528e-01,-9.464481167685764862e-02,-4.207053895533897914e-02,1.129044371449806766e-01,-2.799106899885944744e-02,4.767981864760147820e-02
-6.912804953767513749e-02,2.659239003964452008e-01,1.299951269642533325e-01,1.834573672815455747e-01,2.743501109179324327e-01,2.316687513652622710e-01,7.355211589370416747e-02,-1.208802009748473349e-01,4.115716768616967114e-01,1.000000000000000000e+00,-8.789097189161225454e-02,-9.541847550613169471e-02,1.990841307298645349e-02,9.548330621683975838e-02,-1.320300172990022669e-01,-2.182291521118274458e-01,-1.706079119272762845e-01,-3.977257505092557932e-01,-6.474825713672376082e-02,-2.490818224346880161e-01,-1.192104183234863890e-01,-1.257837800142719287e-01,-1.866229040175780285e-01,-3.178690946476517287e-01,-3.672474397793548118e-01,-2.378974886172074976e-01,-2.640621011062588841e-01,-2.262900092421339937e-01,-1.761633454528997167e-01,-3.077715204219781953e-01,-1.074479422756151881e-01,-4.200447060371156338e-01,-2.315828029821750400e-01,2.081385796122552645e-01,-5.258458471364185066e-02,-2.336294948060256560e-01,-1.291317170170575568e-01,1.605550331602751124e-01,-1.224691578606241921e-01,1.759108207580841465e-01
-3.769750971813872198e-01,-4.886884067086215699e-01,-2.463041984995579525e-01,-2.141831047873092933e-02,-1.985240118803401066e-01,-5.609754596501220075e-02,2.174883427307365003e-01,1.718648185064949041e-01,-2.425640816438170977e-01,-8.789097189161225454e-02,1.000000000000000000e+00,9.334974503950733693e-01,-2.994598454928191211e-01,-2.188186695152529448e-01,1.991046068038982986e-01,2.324605527040950470e-01,1.923462307075525790e-01,6.988949082339133978e-02,7.516826683382295260e-02,4.617805854140671212e-02,2.262530821177929918e-01,1.668617367189302592e-01,1.651985885365312434e-01,1.784624049220968900e-01,1.538900626158102303e-01,-3.480790746626216126e-01,-1.311633968591317256e-01,-3.489416945308758677e-01,-3.656503809322461662e-03,1.562863799402825493e-01,2.489414562138483333e-01,1.515621351819161078e-01,1.181459719912427431e-01,-1.829006623312334490e-01,1.335589844710060037e-01,1.908122817141962302e-01,1.071274834439715912e-01,-6.419724312978042358e-02,5.018978982635958763e-01,2.284349090597737886e-01
-3.433297903582899213e-01,-3.786361259792304645e-01,-2.510693434938057189e-01,-4.942630581629688796e-03,-1.362494116784072617e-01,1.341096470016482287e-02,1.912502649438807267e-01,1.929481068974814861e-01,-2.216361688129263041e-01,-9.541847550613169471e-02,9.334974503950733693e-01,1.000000000000000000e+00,-2.296695908388275698e-01,-1.272632230750571636e-01,1.272424520398484638e-01,8.199800685496355657e-02,1.277290926861431586e-01,-1.485064678284906726e-04,1.164066389193589846e-01,7.105814346023879569e-02,2.669968630368270701e-01,2.151535196856880772e-01,1.075674895851446433e-01,1.056894008584082223e-01,1.402608873327493844e-01,-4.005390680428282391e-01,-1.363835247341231294e-01,-3.410040520848824919e-01,-4.081189154827224302e-02,6.627617761551048148e-02,2.206977546482822294e-01,1.303695850922281241e-01,7.009607743345787345e-02,-1.829886675359670423e-01,1.084699220556640670e-01,1.247290515968927233e-01,3.039017894180697649e-02,-9.386347812290415926e-02,3.940151311921764044e-01,1.716854741020515107e-01
2.355986493056815290e-01,3.671226697476888678e-01,1.331133616457809421e-01,-2.065676001166849296e-01,5.771168419132182148e-01,4.054538112945363926e-01,-3.509798923454528485e-01,-6.068498208386135379e-02,1.196895387702186508e-01,1.990841307298645349e-02,-2.994598454928191211e-01,-2.296695908388275698e-01,1.000000000000000000e+00,7.468522068950288473e-01,-2.969775527323385567e-01,-3.366859300834872948e-01,-3.758977169382560768e-01,-2.950786533343320306e-01,1.269113823563090271e-01,-4.999514622066923014e-02,-5.682301745168039965e-03,9.236752728364402976e-02,-1.707135001052778253e-02,-1.173802541854669784e-01,-1.159771795318156745e-01,-4.358696738587589971e-03,2.443778674922196803e-01,3.263389265009707940e-01,-4.037355551705626433e-02,-2.776181003284237669e-01,-1.968871659659773843e-01,-6.383709244527166482e-02,-3.770332456209089106e-02,1.122051013611368164e-01,8.681117560548186340e-02,-3.012515600382906049e-03,-2.998617456743616905e-01,-3.738241769982519891e-02,-3.012628522280064169e-01,-3.656804186912156474e-01
-5.555029512280214993e-02,2.831523884068493091e-01,2.422614251474624128e-02,-2.377333934063415588e-01,3.405739685668250361e-01,3.094789389174638083e-01,-4.491377569292459015e-01,-1.769256723440632284e-01,2.411943846303560984e-02,9.548330621683975838e-02,-2.188186695152529448e-01,-1.272632230750571636e-01,7.468522068950288473e-01,1.000000000000000000e+00,-1.681955325222040942e-01,-2.006213414976130982e-01,-2.680406423169250929e-01,-2.619423452195934754e-01,1.004165245857771005e-01,6.148797926796725766e-02,3.833037961681719924e-02,1.180396484433551690e-01,1.623624695396730655e-01,-8.764062409218735528e-02,1.144284080115424151e-01,-3.667598990605120714e-03,3.354315274787506573e-01,2.652033857421106089e-01,7.332290484880650550e-02,-2.795614098801733616e-01,-1.396683520447181415e-01,1.437632340967514785e-02,-6.566356098718408030e-02,1.500410641213657803e-01,1.043530213217997438e-01,1.503299767816868374e-02,-1.060849758842241919e-01,-9.214754906544507518e-02,-1.949732475623983663e-01,-1.364485938231716489e-01
-2.535377150321684869e-01,-5.007711414843215580e-01,-1.093840556911499229e-01,1.144209993630453948e-01,-2.581099909756607302e-01,-1.810278755688796704e-01,-9.593166881209265473e-02,-1.463229256478195406e-01,1.983775924427974222e-02,-1.320300172990022669e-01,1.991046068038982986e-01,1.272424520398484638e-01,-2.969775527323385567e-01,-1.681955325222040942e-01,1.000000000000000000e+00,6.315968894182087956e-01,8.620577138768049652e-01,4.295816000047352201e-01,2.732119415175734423e-01,2.938456349808835633e-01,4.196804188477497588e-01,4.918935285706713123e-01,6.580620222239446093e-01,5.766054144807770676e-01,5.738385500395876138e-01,2.601458353832407089e-01,4.982465901475536252e-01,2.932641956912871439e-01,2.914560013138491334e-01,1.245686046989247092e-01,3.955639649540305669e-01,5.492829170692029583e-01,-1.143668585115602127e-01,-1.239864390274600658e-01,4.538107356955534133e-01,5.688159336826499324e-01,5.939106345100612083e-01,3.431956298881032597e-01,4.996105359462905127e-01,6.270261319455399107e-01
-1.235915316127250002e-01,-4.155664098717001820e-01,-1.555025538468589597e-01,-9.844693232297044294e-03,-4.145478308158991321e-01,-3.476523017870573606e-01,-5.043432396101640847e-02,-6.747697017687380450e-02,-2.161473621868649775e-01,-2.182291521118274458e-01,2.324605527040950470e-01,8.199800685496355657e-02,-3.366859300834872948e-01,-2.006213414976130982e-01,6.315968894182087956e-01,1.000000000000000000e+00,6.644233089303741568e-01,6.814304135251075811e-01,1.708547753166815286e-01,2.367893022403496917e-01,3.292205909174165113e-01,3.391171514772765017e-01,6.225778135827719773e-01,7.292928087065242426e-01,5.714612476781106842e-01,4.037847419141467054e-01,4.279332773034453807e-01,3.527076736083608610e-01,2.057782235235698365e-01,3.252064621566114200e-01,1.786432895776022545e-01,3.725832708110591862e-01,-4.230756495471864505e-03,7.226225692413211152e-03,4.683776713835655636e-01,6.509689738282201654e-01,5.386462794094427631e-01,3.346266004239719094e-01,4.115834305075795618e-01,3.821754550858355026e-01
-2.640488822988824591e-01,-5.005527066290353932e-01,-2.300771083969537986e-02,2.030766675419755640e-01,-3.518733533288169735e-01,-2.313925752298531258e-01,4.739077512700372308e-02,-1.797279357058457760e-01,-2.623696710524063211e-02,-1.706079119272762845e-01,1.923462307075525790e-01,1.277290926861431586e-01,-3.758977169382560768e-01,-2.680406423169250929e-01,8.620577138768049652e-01,6.644233089303741568e-01,1.000000000000000000e+00,6.708036921521670637e-01,2.579772236384779704e-01,2.944723995025856356e-01,3.771710068580246822e-01,4.696945832275781219e-01,5.941658455225100610e-01,5.978002750314687086e-01,6.586998305628548600e-01,4.209824539181520331e-01,4.823665108761306386e-01,3.875550750704996883e-01,3.399146743261539649e-01,2.276867844550518882e-01,3.495207799524819303e-01,4.932252687763397092e-01,-8.420937975029327283e-02,7.367996582382470294e-03,3.698072502402059425e-01,4.931109776458388883e-01,5.728373892968245951e-01,3.925079927534148028e-01,4.252489454759089127e-01,5.154312048417433179e-01
2.903301434878237386e-02,-3.223026907667587149e-01,3.915920029686471848e-02,1.570969583348759066e-02,-4.191363524312080036e-01,-3.754977574652144101e-01,1.146523062278025362e-01,-4.543071891430441184e-02,-2.132497972695702737e-01,-3.977257505092557932e-01,6.988949082339133978e-02,-1.485064678284906726e-04,-2.950786533343320306e-01,-2.619423452195934754e-01,4.295816000047352201e-01,6.814304135251075811e-01,6.708036921521670637e-01,1.000000000000000000e+00,1.491518803171810181e-01,1.087479258645321217e-01,1.900865632553881968e-01,2.133298749609257583e-01,4.241161441593168657e-01,6.528458468710142126e-01,6.162791474328775942e-01,6.998264015470408994e-01,5.406591563325470196e-01,5.948299016585597565e-01,3.315409994931367565e-01,3.218386510806852119e-01,2.312682955342778846e-01,4.421066400027505172e-01,-5.262583007986085942e-02,1.580914920420180558e-01,2.308114691360456383e-01,4.249866382254349206e-01,4.499643300307747396e-01,1.994810388929137701e-01,1.274844330722357810e-01,1.401472082693810128e-01
-3.361111293713896914e-02,-4.663200409503400617e-02,-2.302241782390577196e-01,-1.018720074485849614e-01,-5.031270469895368636e-02,-1.550609694197293553e-01,-3.529753427022937207e-02,-4.632756942398921080e-02,-5.559467300679404173e-02,-6.474825713672376082e-02,7.516826683382295260e-02,1.164066389193589846e-01,1.269113823563090271e-01,1.004165245857771005e-01,2.732119415175734423e-01,1.708547753166815286e-01,2.579772236384779704e-01,1.491518803171810181e-01,1.000000000000000000e+00,5.476631948683137185e-01,5.671117202178103112e-01,5.500636222949133458e-01,2.372433546411708560e-01,1.953714675932198275e-01,2.809943613396003181e-01,-3.104434951865507608e-02,2.513440685451800438e-01,2.475931348749707550e-01,-6.476157169436767835e-02,-8.103745492861659516e-02,6.976133304758873332e-02,8.589321688134105015e-02,-5.417728522230248756e-02,3.295312125305063788e-01,4.922477164480022482e-01,2.765085854625910500e-01,1.014936937882800344e-01,1.924968518171718823e-01,-1.649784676185077001e-02,1.644306405121719605e-01
-7.789249558565528031e-02,-2.087270842633759671e-01,-2.465235066139380149e-01,-2.159364279777007400e-01,-1.709593859014761352e-01,-2.177036394604004166e-01,-1.817081326015259346e-01,9.599008049333983966e-03,-1.759643231930540785e-01,-2.490818224346880161e-01,4.617805854140671212e-02,7.105814346023879569e-02,-4.999514622066923014e-02,6.148797926796725766e-02,2.938456349808835633e-01,2.367893022403496917e-01,2.944723995025856356e-01,1.087479258645321217e-01,5.476631948683137185e-01,1.000000000000000000e+00,3.452606780004470743e-01,5.882776954978082840e-01,2.265821680959908824e-01,1.357714195711852145e-01,4.035467399273575118e-01,4.989408134151045865e-02,2.784612132465343337e-01,1.653962429148831126e-01,3.435178678504276911e-02,-3.838295477757755481e-02,-1.925371380329163606e-01,1.018758154444859426e-01,-2.017223810057061986e-02,2.210618652694851527e-01,5.003339688183559009e-01,2.474508746927440439e-01,2.210674828587235186e-01,-2.684347958135318429e-02,9.017415731001138246e-02,2.240167088402339468e-01
-1.458475559357119977e-01,-1.023347523135407777e-01,-1.724816067404659758e-01,1.274623401042061788e-01,-1.020505603650399828e-01,-1.424574410894254295e-01,1.335648634292581176e-02,-3.483189012573333077e-02,1.398426321604574196e-01,-1.192104183234863890e-01,2.262530821177929918e-01,2.669968630368270701e-01,-5.682301745168039965e-03,3.833037961681719924e-02,4.196804188477497588e-01,3.292205909174165113e-01,3.771710068580246822e-01,1.900865632553881968e-01,5.671117202178103112e-01,3.452606780004470743e-01,1.000000000000000000e+00,7.565920126880103513e-01,5.132531256637095085e-01,4.265232219791608159e-01,3.932684117146575398e-01,-7.622687155957186267e-02,2.698618949598769468e-01,2.392312598105094112e-01,2.177800746907336549e-01,1.271657522276270769e-01,4.070323713005649102e-01,3.924655995618579474e-01,8.264786069826229528e-03,-9.058278094718982820e-02,5.365918919006888999e-01,4.771693254896007264e-01,2.897251337608658384e-01,2.879618779258861228e-01,2.189533776181580016e-01,2.967086795328107707e-01
-8.697733632425809491e-02,-2.338360033169706587e-01,-1.105854252968284240e-01,-2.800594977478422856e-03,-5.943747502372861286e-02,-1.716511979606805127e-01,-9.149180892281738586e-02,3.149440601686411510e-03,6.929551277057824366e-02,-1.257837800142719287e-01,1.668617367189302592e-01,2.151535196856880772e-01,9.236752728364402976e-02,1.180396484433551690e-01,4.918935285706713123e-01,3.391171514772765017e-01,4.696945832275781219e-01,2.133298749609257583e-01,5.500636222949133458e-01,5.882776954978082840e-01,7.565920126880103513e-01,1.000000000000000000e+00,5.440777260953861827e-01,4.681107961761319936e-01,4.597502132699812782e-01,1.051098707550734632e-02,3.950650921975305541e-01,3.729433898528148328e-01,2.179105886454391350e-01,9.198096754801791952e-02,1.846511599907940115e-01,3.737344522833231930e-01,-2.200647356349591521e-01,7.432317464973665910e-02,6.964335218915305159e-01,5.846904549568977538e-01,4.394580228133025401e-01,4.005651231213052665e-01,1.837921291569478421e-01,3.441581850504230045e-01
-1.113904165938058022e-01,-2.540998916838825283e-01,-1.776040493831721190e-01,-1.444429408999192144e-01,-2.769360429699986859e-01,-2.084211330038543697e-01,-3.327513870862741641e-01,-3.269809507545006766e-01,7.812233985815075863e-04,-1.866229040175780285e-01,1.651985885365312434e-01,1.075674895851446433e-01,-1.707135001052778253e-02,1.623624695396730655e-01,6.580620222239446093e-01,6.225778135827719773e-01,5.941658455225100610e-01,4.241161441593168657e-01,2.372433546411708560e-01,2.265821680959908824e-01,5.132531256637095085e-01,5.440777260953861827e-01,1.000000000000000000e+00,8.252655846636972603e-01,5.585745074585163339e-01,3.755104635191766627e-01,5.363033099652458890e-01,4.628950554504658310e-01,3.897101615747456949e-01,1.862375246321347488e-01,4.470472210917948441e-01,5.551086186711353676e-01,-7.606661307303330677e-02,-5.044174970449839812e-02,4.542276289527552580e-01,7.405035208869636953e-01,6.521434951271767311e-01,4.318161093358910962e-01,4.752597928617380840e-01,4.879858419274258896e-01
1.711338415271404234e-01,-2.626000401077019930e-01,-1.957571385285804266e-01,-1.559064287769820756e-01,-4.069403363167964360e-01,-3.753182327757328962e-01,-1.765049657231750058e-01,-2.253711309458846235e-01,-5.474618236872760141e-02,-3.178690946476517287e-01,1.784624049220968900e-01,1.056894008584082223e-01,-1.173802541854669784e-01,-8.764062409218735528e-02,5.766054144807770676e-01,7.292928087065242426e-01,5.978002750314687086e-01,6.528458468710142126e-01,1.953714675932198275e-01,1.357714195711852145e-01,4.265232219791608159e-01,4.681107961761319936e-01,8.252655846636972603e-01,1.000000000000000000e+00,4.925144899419922617e-01,5.118467985222562300e-01,4.539324920307083455e-01,5.721842587271330771e-01,3.741695346568914005e-01,2.947456932469058044e-01,4.169748399726435073e-01,5.581147466369466015e-01,-3.253030567332250433e-02,2.231562770112318836e-03,4.296067516433700328e-01,7.498673227676631026e-01,6.189902171391181707e-01,3.773659208583299840e-01,4.111796132238033641e-01,3.538915213843589758e-01
-1.908593697059652872e-01,-3.488724171548508446e-01,-1.934699834980937658e-02,-4.907271977881819298e-03,-2.623207243988553428e-01,-1.614554529669665617e-01,-1.733180305432401869e-01,-1.212841590241358347e-01,-2.425082479918907463e-01,-3.672474397793548118e-01,1.538900626158102303e-01,1.402608873327493844e-01,-1.159771795318156745e-01,1.144284080115424151e-01,5.738385500395876138e-01,5.714612476781106842e-01,6.586998305628548600e-01,6.162791474328775942e-01,2.809943613396003181e-01,4.035467399273575118e-01,3.932684117146575398e-01,4.597502132699812782e-01,5.585745074585163339e-01,4.925144899419922617e-01,1.000000000000000000e+00,3.737021007453376620e-01,7.526346667678002200e-01,5.276352241239998797e-01,4.463906302338163101e-01,2.326383945656173013e-01,2.222690129998390052e-01,5.948193577932134879e-01,-7.258179274816137228e-02,-5.448545737079277945e-02,3.590251621322026465e-01,4.996490240090565305e-01,6.230718724316564039e-01,1.645349521322599651e-01,2.797764803418281154e-01,2.458774683350860857e-01
3.156416703541940483e-01,-3.440644623148050169e-02,6.565166188689752769e-02,-1.128314482517841916e-01,-2.053298030297308341e-01,-2.220473776360231133e-01,-2.384322184679580348e-01,-2.234170459271033193e-01,2.730701873266286675e-02,-2.378974886172074976e-01,-3.480790746626216126e-01,-4.005390680428282391e-01,-4.358696738587589971e-03,-3.667598990605120714e-03,2.601458353832407089e-01,4.037847419141467054e-01,4.209824539181520331e-01,6.998264015470408994e-01,-3.104434951865507608e-02,4.989408134151045865e-02,-7.622687155957186267e-02,1.051098707550734632e-02,3.755104635191766627e-01,5.118467985222562300e-01,3.737021007453376620e-01,1.000000000000000000e+00,5.558046904417618395e-01,7.302879612472913395e-01,3.036165931991547384e-01,1.016957257946757426e-01,1.252420945703585919e-01,3.042560637017405756e-01,-1.085200892414113077e-01,1.513155990298530873e-01,1.265492521266698145e-01,2.535784357665192279e-01,2.971798398872272373e-01,1.811583932216839499e-01,-2.042217223593451730e-03,2.989017334066444015e-02
1.066294937703190365e-02,-1.005893332895190229e-01,7.676207571077112157e-02,-9.178909814719261873e-02,-9.374576132473003837e-03,-6.467093979283346228e-02,-2.573003681217418959e-01,-5.181587878746075904e-02,-1.281539566677564190e-01,-2.640621011062588841e-01,-1.311633968591317256e-01,-1.363835247341231294e-01,2.443778674922196803e-01,3.354315274787506573e-01,4.982465901475536252e-01,4.279332773034453807e-01,4.823665108761306386e-01,5.406591563325470196e-01,2.513440685451800438e-01,2.784612132465343337e-01,2.698618949598769468e-01,3.950650921975305541e-01,5.363033099652458890e-01,4.539324920307083455e-01,7.526346667678002200e-01,5.558046904417618395e-01,1.000000000000000000e+00,7.625221541318430996e-01,4.107115881639186172e-01,3.359886628790153401e-02,1.717977302954650232e-01,5.587864967140845351e-01,-1.828918789650615384e-01,7.397103597342860604e-02,4.539585656075387776e-01,5.373789351624673749e-01,4.969853095011605992e-01,1.770805600939296121e-01,5.408619780664190857e-02,1.867937598681088107e-01
3.672026359567777121e-01,9.527966872530205245e-02,6.272082914545201726e-02,-1.414342054190573517e-01,-3.583554640644660144e-02,-1.337964729678382814e-01,-2.814228161226302039e-01,-1.391356634585309837e-01,2.706486675081558064e-03,-2.262900092421339937e-01,-3.489416945308758677e-01,-3.410040520848824919e-01,3.263389265009707940e-01,2.652033857421106089e-01,2.932641956912871439e-01,3.527076736083608610e-01,3.875550750704996883e-01,5.948299016585597565e-01,2.475931348749707550e-01,1.653962429148831126e-01,2.392312598105094112e-01,3.729433898528148328e-01,4.628950554504658310e-01,5.721842587271330771e-01,5.276352241239998797e-01,7.302879612472913395e-01,7.625221541318430996e-01,1.000000000000000000e+00,4.593502382503357184e-01,6.876781071459370231e-02,1.261483914867461975e-01,4.134024930327006575e-01,-1.871234297029479021e-01,2.349032384809095209e-01,4.030612561448155273e-01,4.771013385275158503e-01,4.223442745981375035e-01,3.384782441573118694e-01,-6.672045859051504990e-02,2.448658775630344064e-02
3.482253477084413379e-02,-1.520573181417064490e-01,1.302341968611183884e-02,5.236296114133206364e-02,-2.843618677462192434e-01,-2.209386125396583800e-01,-9.549210920590715801e-02,-1.189740564377759352e-01,1.535501367297905650e-01,-1.761633454528997167e-01,-3.656503809322461662e-03,-4.081189154827224302e-02,-4.037355551705626433e-02,7.332290484880650550e-02,2.914560013138491334e-01,2.057782235235698365e-01,3.399146743261539649e-01,3.315409994931367565e-01,-6.476157169436767835e-02,3.435178678504276911e-02,2.177800746907336549e-01,2.179105886454391350e-01,3.897101615747456949e-01,3.741695346568914005e-01,4.463906302338163101e-01,3.036165931991547384e-01,4.107115881639186172e-01,4.593502382503357184e-01,1.000000000000000000e+00,6.057201029585119745e-01,2.721097433620973116e-01,5.353698526656412993e-01,1.019428418832751121e-01,-2.044586778889364853e-01,1.059458219022782477e-01,3.741994902852585625e-01,4.996858715586844357e-01,1.804817199005288031e-01,3.584041958184230880e-01,-1.240155414977012552e-02
-7.756952377225981299e-02,-2.553746751765196832e-01,-2.059389418066750327e-02,2.002363156222420060e-01,-3.890308012009950911e-01,-3.601837055417625999e-01,2.607614088956017873e-01,7.873725876713322247e-02,-5.725723385517959840e-03,-3.077715204219781953e-01,1.562863799402825493e-01,6.627617761551048148e-02,-2.776181003284237669e-01,-2.795614098801733616e-01,1.245686046989247092e-01,3.252064621566114200e-01,2.276867844550518882e-01,3.218386510806852119e-01,-8.103745492861659516e-02,-3.838295477757755481e-02,1.271657522276270769e-01,9.198096754801791952e-02,1.862375246321347488e-01,2.947456932469058044e-01,2.326383945656173013e-01,1.016957257946757426e-01,3.359886628790153401e-02,6.876781071459370231e-02,6.057201029585119745e-01,1.000000000000000000e+00,7.051264558167774643e-02,2.951744314026452654e-01,1.870979619558889862e-01,-3.351828452297555549e-01,-2.820142090074964983e-02,3.060728224883277893e-01,3.321248518341606837e-01,1.644795731924922344e-01,4.093226377091820356e-01,-2.393170559345639548e-01
-1.447484298408181491e-01,-2.613886219224224594e-01,-4.866784269668841117e-02,3.605415567841386421e-02,-1.217160581134781178e-01,-8.808092446451870616e-02,8.574021321864214173e-02,-1.152801570903642936e-01,1.138655805701106749e-01,-1.074479422756151881e-01,2.489414562138483333e-01,2.206977546482822294e-01,-1.968871659659773843e-01,-1.396683520447181415e-01,3.955639649540305669e-01,1.786432895776022545e-01,3.495207799524819303e-01,2.312682955342778846e-01,6.976133304758873332e-02,-1.925371380329163606e-01,4.070323713005649102e-01,1.846511599907940115e-01,4.470472210917948441e-01,4.169748399726435073e-01,2.222690129998390052e-01,1.252420945703585919e-01,1.717977302954650232e-01,1.261483914867461975e-01,2.721097433620973116e-01,7.051264558167774643e-02,1.000000000000000000e+00,5.499385059933188380e-01,8.184181447835374434e-02,-1.561565243831093408e-01,1.483556792365094690e-01,2.912240242518530642e-01,3.482497739607441911e-01,1.496891389884696943e-01,3.623958426225131757e-01,4.392627247669163570e-01
-6.738936824809976800e-02,-3.116016589743869636e-01,5.414141527315201319e-02,1.951265641487939448e-02,-1.874854100654408384e-01,-1.431890487436829895e-01,-8.123642489084255403e-02,-6.358412623836941224e-02,-5.462169209109647011e-02,-4.200447060371156338e-01,1.515621351819161078e-01,1.303695850922281241e-01,-6.383709244527166482e-02,1.437632340967514785e-02,5.492829170692029583e-01,3.725832708110591862e-01,4.932252687763397092e-01,4.421066400027505172e-01,8.589321688134105015e-02,1.018758154444859426e-01,3.924655995618579474e-01,3.737344522833231930e-01,5.551086186711353676e-01,5.581147466369466015e-01,5.948193577932134879e-01,3.042560637017405756e-01,5.587864967140845351e-01,4.134024930327006575e-01,5.353698526656412993e-01,2.951744314026452654e-01,5.499385059933188380e-01,1.000000000000000000e+00,-8.928598696867301454e-02,-3.502916780330683211e-01,2.745139346985162043e-01,5.718023061430689280e-01,5.623272511803315554e-01,1.250528662110908795e-01,4.261632086011442611e-01,2.227697589179467030e-01
-2.825000971148469361e-02,4.031294774969861223e-03,-2.326620972924563213e-01,-6.159281240913397348e-02,-1.769444562170264523e-01,1.143347851226184618e-02,-4.664269247923347878e-02,9.165059720501624041e-02,-1.956271885922027109e-01,-2.315828029821750400e-01,1.181459719912427431e-01,7.009607743345787345e-02,-3.770332456209089106e-02,-6.566356098718408030e-02,-1.143668585115602127e-01,-4.230756495471864505e-03,-8.420937975029327283e-02,-5.262583007986085942e-02,-5.417728522230248756e-02,-2.017223810057061986e-02,8.264786069826229528e-03,-2.200647356349591521e-01,-7.606661307303330677e-02,-3.253030567332250433e-02,-7.258179274816137228e-02,-1.085200892414113077e-01,-1.828918789650615384e-01,-1.871234297029479021e-01,1.019428418832751121e-01,1.870979619558889862e-01,8.184181447835374434e-02,-8.928598696867301454e-02,1.000000000000000000e+00,-1.181753501298131448e-02,-9.367541332483936278e-02,-3.483611543795660931e-02,-9.658619053392823728e-02,-3.236182233926025997e-01,3.493319963929968075e-02,-1.574799918849262570e-01
4.129518847316920871e-02,9.081388913537355445e-02,4.071056413630721321e-02,-1.721438554652678921e-01,-3.894357747024026345e-02,-6.353778217226520308e-02,-1.735115999692245572e-02,7.016385655404823452e-02,-2.390138142610536143e-01,2.081385796122552645e-01,-1.829006623312334490e-01,-1.829886675359670423e-01,1.122051013611368164e-01,1.500410641213657803e-01,-1.239864390274600658e-01,7.226225692413211152e-03,7.367996582382470294e-03,1.580914920420180558e-01,3.295312125305063788e-01,2.210618652694851527e-01,-9.058278094718982820e-02,7.432317464973665910e-02,-5.044174970449839812e-02,2.231562770112318836e-03,-5.448545737079277945e-02,1.513155990298530873e-01,7.397103597342860604e-02,2.349032384809095209e-01,-2.044586778889364853e-01,-3.351828452297555549e-01,-1.561565243831093408e-01,-3.502916780330683211e-01,-1.181753501298131448e-02,1.000000000000000000e+00,3.549782924849680943e-01,-7.848799263478911659e-02,5.918605805292384558e-02,1.680126047227902819e-01,-3.525667370814069557e-01,1.447787679746453671e-01
-9.654477262603002041e-02,-2.592316815544815634e-01,-1.121956205847299964e-01,-9.966059002850950754e-02,-4.360494221490441441e-02,-1.555182189747862931e-01,-6.184275152195650715e-02,3.628353186787716123e-01,-2.418756470908659528e-01,-5.258458471364185066e-02,1.335589844710060037e-01,1.084699220556640670e-01,8.681117560548186340e-02,1.043530213217997438e-01,4.538107356955534133e-01,4.683776713835655636e-01,3.698072502402059425e-01,2.308114691360456383e-01,4.922477164480022482e-01,5.003339688183559009e-01,5.365918919006888999e-01,6.964335218915305159e-01,4.542276289527552580e-01,4.296067516433700328e-01,3.590251621322026465e-01,1.265492521266698145e-01,4.539585656075387776e-01,4.030612561448155273e-01,1.059458219022782477e-01,-2.820142090074964983e-02,1.483556792365094690e-01,2.745139346985162043e-01,-9.367541332483936278e-02,3.549782924849680943e-01,1.000000000000000000e+00,6.333762737327949255e-01,3.941133042115229079e-01,4.075134110257487285e-01,2.145001830537311693e-01,3.462318636825408302e-01
3.879236528387723648e-02,-1.732558976048507726e-01,-7.755686390524445251e-02,5.422875353125074498e-04,-2.226607965356155461e-01,-2.150700593732676746e-01,-1.169748589609951317e-01,1.415436348456126404e-02,-9.464481167685764862e-02,-2.336294948060256560e-01,1.908122817141962302e-01,1.247290515968927233e-01,-3.012515600382906049e-03,1.503299767816868374e-02,5.688159336826499324e-01,6.509689738282201654e-01,4.931109776458388883e-01,4.249866382254349206e-01,2.765085854625910500e-01,2.474508746927440439e-01,4.771693254896007264e-01,5.846904549568977538e-01,7.405035208869636953e-01,7.498673227676631026e-01,4.996490240090565305e-01,2.535784357665192279e-01,5.373789351624673749e-01,4.771013385275158503e-01,3.741994902852585625e-01,3.060728224883277893e-01,2.912240242518530642e-01,5.718023061430689280e-01,-3.483611543795660931e-02,-7.848799263478911659e-02,6.333762737327949255e-01,1.000000000000000000e+00,6.485059712670250276e-01,4.604921586841891346e-01,4.615229360341363551e-01,2.739645871832350754e-01
-5.679378492601274558e-02,-2.651140819401850979e-01,-4.088392879586848910e-02,2.916493904318291988e-02,-3.744269788792127795e-01,-2.788878509072080236e-01,-1.145179909503634547e-01,-2.104963341402317500e-01,-4.207053895533897914e-02,-1.291317170170575568e-01,1.071274834439715912e-01,3.039017894180697649e-02,-2.998617456743616905e-01,-1.060849758842241919e-01,5.939106345100612083e-01,5.386462794094427631e-01,5.728373892968245951e-01,4.499643300307747396e-01,1.014936937882800344e-01,2.210674828587235186e-01,2.897251337608658384e-01,4.394580228133025401e-01,6.521434951271767311e-01,6.189902171391181707e-01,6.230718724316564039e-01,2.971798398872272373e-01,4.969853095011605992e-01,4.223442745981375035e-01,4.996858715586844357e-01,3.321248518341606837e-01,3.482497739607441911e-01,5.623272511803315554e-01,-9.658619053392823728e-02,5.918605805292384558e-02,3.941133042115229079e-01,6.485059712670250276e-01,1.000000000000000000e+00,3.990548563360711842e-01,3.549084732802876840e-01,5.298165997315930076e-01
-4.702538055049208104e-02,-1.030362077344955801e-01,1.738512611371591521e-01,1.978869052001392681e-01,-8.707659425991392740e-03,-7.728490388881868733e-02,6.110616043179542545e-02,-1.235823368910195647e-01,1.129044371449806766e-01,1.605550331602751124e-01,-6.419724312978042358e-02,-9.386347812290415926e-02,-3.738241769982519891e-02,-9.214754906544507518e-02,3.431956298881032597e-01,3.346266004239719094e-01,3.925079927534148028e-01,1.994810388929137701e-01,1.924968518171718823e-01,-2.684347958135318429e-02,2.879618779258861228e-01,4.005651231213052665e-01,4.318161093358910962e-01,3.773659208583299840e-01,1.645349521322599651e-01,1.811583932216839499e-01,1.770805600939296121e-01,3.384782441573118694e-01,1.804817199005288031e-01,1.644795731924922344e-01,1.496891389884696943e-01,1.250528662110908795e-01,-3.236182233926025997e-01,1.680126047227902819e-01,4.075134110257487285e-01,4.604921586841891346e-01,3.990548563360711842e-01,1.000000000000000000e+00,3.585834247017873344e-01,2.557151965278016137e-01
-2.487336066465972995e-01,-5.056903402144516946e-01,-1.045159861642288995e-01,6.168552159252831818e-02,-2.659691417578113892e-01,-1.450488502341666652e-01,2.410719862010286905e-03,-7.150539564533694992e-02,-2.799106899885944744e-02,-1.224691578606241921e-01,5.018978982635958763e-01,3.940151311921764044e-01,-3.012628522280064169e-01,-1.949732475623983663e-01,4.996105359462905127e-01,4.115834305075795618e-01,4.252489454759089127e-01,1.274844330722357810e-01,-1.649784676185077001e-02,9.017415731001138246e-02,2.189533776181580016e-01,1.837921291569478421e-01,4.752597928617380840e-01,4.111796132238033641e-01,2.797764803418281154e-01,-2.042217223593451730e-03,5.408619780664190857e-02,-6.672045859051504990e-02,3.584041958184230880e-01,4.093226377091820356e-01,3.623958426225131757e-01,4.261632086011442611e-01,3.493319963929968075e-02,-3.525667370814069557e-01,2.145001830537311693e-01,4.615229360341363551e-01,3.549084732802876840e-01,3.585834247017873344e-01,1.000000000000000000e+00,2.881376998201291006e-01
