1.000000000000000000e+00,8.023357360294591789e-01,-2.360365225923860832e-01,-2.298880497707347093e-01,-3.933853798285251724e-01,-5.094076605041921724e-01,1.346891775745078824e-02,-2.337752284272842651e-01,4.285897555174154189e-02,-2.460225409982759806e-02,-2.987959604568629080e-01,-2.269794551113901715e-01,4.131410660429070680e-01,-1.021427489422134099e-01,-6.948424749646318066e-01,1.821189348419394172e-01,-5.727174885353577549e-01,1.596036494849409348e-01,-2.664951783961601040e-01,-1.722637770350605169e-01,1.279132829369438451e-01,3.430801158539006912e-01,-4.270026212665319065e-02,1.997593612295072429e-01,-2.058196521774507959e-01,1.537563911526215188e-01,-3.367660170414087384e-01,-2.018053260823439721e-01,-1.679388338247551071e-01,-2.573717576948310048e-01,-5.734911835190255325e-02,-2.968945957079613049e-02,-1.553745037231158144e-01,-1.595302779982884778e-01,1.286383305527202536e-01,4.600480232162600380e-01,2.913702078408824791e-03,-4.571249853621446868e-01,-5.513840045732685408e-02,-3.385276764735253852e-02
8.023357360294591789e-01,1.000000000000000000e+00,-2.967087590492960003e-01,-8.673051748491655832e-02,-3.184877276718093841e-01,-4.578162684078035949e-01,1.983559845177871594e-01,-5.954869035388084958e-02,1.478140058153699088e-01,2.201256073522409734e-02,-5.769210086482856603e-01,-5.196055592611498186e-01,2.733641168537795374e-01,-1.939311413414983032e-01,-7.326342078771392874e-01,-4.869131664164344508e-02,-5.149337068410274609e-01,2.676315983017247060e-02,-1.600791582659858159e-01,-1.281263380145477859e-01,2.260389826890121523e-01,4.490457148263749532e-01,-9.198206558071403416e-02,-2.902203187523094349e-02,-1.591414347395768147e-01,-5.892231171333796487e-04,-3.302386238805035124e-01,-2.120600581731983125e-01,-2.012937047815407388e-01,-2.272441176006038954e-01,7.123930376379421225e-02,-3.008142820290670913e-02,-1.214761109542888823e-01,-1.308497519190719161e-01,8.357298658699134630e-02,3.780737388668275467e-01,-8.472242171942366562e-02,-5.568247383686087959e-01,-1.468508760486639808e-01,5.167597498869366292e-03
-2.360365225923860832e-01,-2.967087590492960003e-01,1.000000000000000000e+00,2.348570243840949756e-01,2.644805958559098280e-01,2.108567560431442722e-01,-3.487822665304344261e-01,-2.698426145292758260e-01,-2.224957313222473143e-01,-2.027679436854554762e-01,3.654914315555106707e-01,3.407177684279271701e-01,2.371827552365061709e-01,3.275419411523405877e-01,1.963724872851972947e-01,3.617171902170051578e-01,1.356926515227460939e-01,2.086521805884983816e-01,2.971337079180297325e-01,3.220826290311789020e-01,-1.186750514164744280e-01,-1.301579156369032653e-01,3.932908143364756137e-01,3.655158609254050006e-01,4.181286472969756307e-01,3.320912051157911549e-01,4.503510794927721439e-01,4.227229508034996974e-01,3.335374116711380954e-01,4.879871660967460278e-01,-8.536766360889785910e-02,7.859492062113222766e-02,4.361936104140937687e-01,1.294738626060517317e-01,-1.837710094912853864e-01,-7.476210517678630318e-02,2.449791891611829420e-01,2.134375615766534728e-01,8.714674417629758585e-02,1.779546422882299084e-01
-2.298880497707347093e-01,-8.673051748491655832e-02,2.348570243840949756e-01,1.000000000000000000e+00,3.204378961502509227e-01,4.150687501845687355e-01,5.384675521344932658e-01,4.663452639312132275e-01,1.246160276057603350e-01,1.608336442415279066e-01,-1.133934376946596490e-01,-1.753965430979945450e-01,-2.942333235106134870e-01,-1.489656100298482888e-01,1.033331349040148006e-01,-2.086796412915646881e-01,1.416021366373421964e-01,-1.778871816565740505e-01,4.339251031145965193e-02,-6.415556690718163257e-02,-7.071880070147096298e-02,-1.045058619755116075e-01,-1.067439569686857020e-01,-3.124452398303454448e-01,-5.142607224288567314e-02,-1.678726692497320705e-01,1.056374964512083459e-01,-2.352665851227977306e-03,2.608252151667864865e-02,2.658587191517523211e-03,1.756743548090268225e-01,-1.915525880453537722e-01,-1.380818791961694880e-01,9.370973616497316194e-02,-2.654754480230831493e-01,-2.447195413592603008e-01,3.147787777276932208e-02,3.013351133906878587e-01,2.780561600737735395e-01,-2.826894370930428391e-01
-3.933853798285251724e-01,-3.184877276718093841e-01,2.644805958559098280e-01,3.204378961502509227e-01,1.000000000000000000e+00,8.360304474860932311e-01,1.839148471475872959e-01,3.225570605974681926e-01,-5.144230947868862897e-02,7.791131341275114863e-02,4.105238407886047103e-02,5.876824086151591353e-02,7.186890686100319559e-02,3.794474166753856736e-01,1.629812854467096450e-01,-2.839561813150553449e-01,1.154836556528958391e-01,-1.910349500968950565e-01,2.688133192354044687e-01,1.793526233352772392e-01,-1.868607001294426695e-01,-2.432281543122325473e-01,-6.528378934683544410e-02,-2.290203473933301592e-01,1.736671139979801270e-01,1.407013585464062140e-02,3.450177856734419346e-01,2.176741655577492385e-01,1.651480402199592412e-01,2.708666355694658856e-01,1.805986620126633635e-01,9.257175740196905978e-02,6.631606203328040128e-02,9.652483375986944947e-02,-3.090344646450036703e-01,-1.760324206644304779e-01,-1.037872428819640487e-02,2.442787571515529776e-01,-2.735123210758657122e-02,-2.046900461453332043e-01
-5.094076605041921724e-01,-4.578162684078035949e-01,2.108567560431442722e-01,4.150687501845687355e-01,8.360304474860932311e-01,1.000000000000000000e+00,1.682323183070247308e-01,3.990326835354155999e-01,1.571313030297737459e-02,9.187534804349313522e-02,1.342804780069454251e-01,1.411483770493840995e-01,-2.807059743895680762e-02,4.053674363441336914e-01,3.011132623012280352e-01,-4.246944227238894087e-01,1.765715623378911470e-01,-3.413636681021732233e-01,1.263962183830445174e-01,-4.087144926108668072e-03,-3.275752902425462798e-01,-4.724755503086492392e-01,-4.163852294215847349e-02,-3.477055523107889790e-01,4.461679442254518763e-02,-8.436698303989376146e-02,2.450807720559345371e-01,8.649650571034923907e-02,4.138340277072827950e-02,1.223713920392463655e-01,1.546715729937552242e-01,-3.623445342671960390e-02,-7.883101951610710367e-02,-6.821514143051217449e-02,-4.356838189952887408e-01,-2.725409534274313983e-01,3.499167209275140696e-03,3.679776661919079705e-01,-3.107725206570632979e-03,-2.915855383154116742e-01
1.346891775745078824e-02,1.983559845177871594e-01,-3.487822665304344261e-01,5.384675521344932658e-01,1.839148471475872959e-01,1.682323183070247308e-01,1.000000000000000000e+00,8.459168551584436146e-01,1.255478103312823168e-01,2.920810444722874433e-01,-4.196477698317867544e-01,-5.075290462750464693e-01,-4.764759676442720804e-01,-4.316610653117685104e-01,-1.040096023802639658e-01,-4.427306316143274634e-01,-6.135851852973265436e-02,-3.172858236342122606e-01,-1.195582414200232202e-01,-9.206043335928616733e-02,1.708976360822432039e-01,2.906925126908693202e-01,-3.737443819422230362e-01,-4.702630059707710863e-01,-2.570285658975289822e-01,-3.448345030729223493e-01,-5.406178056181789454e-02,-1.546191630381797133e-01,-1.192453564237765662e-01,-5.925599645998767817e-02,4.503810280014565806e-03,-3.057819277994698326e-01,-2.559151294964071566e-01,7.640395064274824177e-02,2.623513482895013446e-02,-2.479186205082662547e-02,-1.035064424526808552e-01,1.466490372720627156e-01,1.727857025102159660e-01,-1.304383761891477755e-01
-2.337752284272842651e-01,-5.954869035388084958e-02,-2.698426145292758260e-01,4.663452639312132275e-01,3.225570605974681926e-01,3.990326835354155999e-01,8.459168551584436146e-01,1.000000000000000000e+00,9.744220897226997524e-02,2.176924832472289240e-01,-2.830420782638304877e-01,-3.561980246450842658e-01,-4.979241225091599055e-01,-3.341014249714147066e-01,1.634828257285649844e-01,-4.401023564757246542e-01,1.229916729284590282e-01,-3.455952498846683874e-01,-5.864441203736675545e-02,-1.550320737637851892e-04,5.256483562997378567e-02,1.396604325892379650e-01,-2.472498877605742440e-01,-4.140719011840741648e-01,-1.602932074080315461e-01,-3.150067752061723736e-01,7.665398829936859171e-02,-1.507821869732232055e-02,-6.957423786393741871e-02,2.737745584864879206e-02,1.572799771061081375e-01,-1.888830586914983511e-01,-1.153746344978558158e-01,7.563383630948085357e-02,9.626489967161781444e-03,-9.894375511246483734e-02,-1.113847734481854951e-01,3.848890241158472447e-01,1.633119074691706529e-01,-1.926568178312186574e-01
4.285897555174154189e-02,1.478140058153699088e-01,-2.224957313222473143e-01,1.246160276057603350e-01,-5.144230947868862897e-02,1.571313030297737459e-02,1.255478103312823168e-01,9.744220897226997524e-02,1.000000000000000000e+00,7.241489177234285979e-01,-2.438161963967551693e-01,-2.519525708823986410e-01,1.160783713970289233e-01,7.286377934941504209e-02,-3.769642243206563492e-01,-4.072036501060991021e-01,-4.456655367816881319e-01,-5.456147360654777234e-01,2.140816893851669456e-01,1.510459088934670846e-01,-1.006922592430767593e-01,1.163426528210437585e-02,-2.397501270010329311e-01,-3.980345749253679788e-01,-2.882658918509042878e-01,-3.329460563655874950e-01,-2.621978357614828670e-01,-3.381882603390952702e-01,-1.843323264219517144e-01,-2.076387966406436636e-01,1.641989280923989991e-01,2.043381160418820397e-01,-1.329720928136118516e-02,-1.567745658820421661e-01,4.774703623513420515e-03,-1.283083102230715145e-01,6.638082990033082609e-02,-3.741334321409565677e-01,-4.914630546714079951e-01,-1.275479811622766968e-01
-2.460225409982759806e-02,2.201256073522409734e-02,-2.027679436854554762e-01,1.608336442415279066e-01,7.791131341275114863e-02,9.187534804349313522e-02,2.920810444722874433e-01,2.176924832472289240e-01,7.241489177234285979e-01,1.000000000000000000e+00,-2.459581816507917518e-01,-2.491550036928348866e-01,-5.689478788489853167e-02,-2.930478057111489832e-03,-3.112721616553235093e-01,-4.986948094190062908e-01,-3.691361538882405036e-01,-4.543413307024730674e-01,2.497075870144284115e-01,2.632452706195031467e-01,8.289664215168237801e-03,7.965627326302612832e-02,-2.745907902995414207e-01,-4.265988013400111578e-01,-3.277255510196429023e-01,-2.766625310192650788e-01,-1.522260291547649913e-01,-1.825750066198041088e-01,8.833771316345595537e-02,-2.051207351759548776e-03,6.345600541566577546e-02,1.253707247172653194e-01,7.796932024872782474e-02,9.981161745448563494e-02,-3.079469434220975105e-02,-1.416590704500017006e-01,1.110390180477348332e-02,-3.007888585476439780e-01,-2.027042083202955924e-01,6.160330816816747546e-02
-2.987959604568629080e-01,-5.769210086482856603e-01,3.654914315555106707e-01,-1.133934376946596490e-01,4.105238407886047103e-02,1.342804780069454251e-01,-4.196477698317867544e-01,-2.830420782638304877e-01,-2.438161963967551693e-01,-2.459581816507917518e-01,1.000000000000000000e+00,9.651555650058599722e-01,1.637689864518835359e-01,2.402863764559704240e-01,4.427765956602915387e-01,2.352321896438407944e-01,2.086995101149378973e-01,8.447541508469173788e-02,-9.977894472211059490e-03,8.079619028581012941e-02,-4.269584057410268085e-02,-2.039569559259824250e-01,3.281457623518536648e-01,3.363087976838047832e-01,1.782873272769703032e-01,2.069186389353852851e-01,2.169124252180004153e-01,2.471711287441364924e-01,1.456151650111161544e-01,6.520080298191584245e-02,-1.319427553872581649e-01,6.609739618215797197e-02,2.243471124288337615e-01,8.716624126181880816e-02,1.142251516836234326e-01,-9.622269692155721588e-02,1.428851580844723961e-02,4.014584406431409569e-01,-3.874196144807339620e-02,4.095343553821253341e-02
-2.269794551113901715e-01,-5.196055592611498186e-01,3.407177684279271701e-01,-1.753965430979945450e-01,5.876824086151591353e-02,1.411483770493840995e-01,-5.075290462750464693e-01,-3.561980246450842658e-01,-2.519525708823986410e-01,-2.491550036928348866e-01,9.651555650058599722e-01,1.000000000000000000e+00,2.799092698901317067e-01,3.161651095852284210e-01,3.731230173882171264e-01,2.538689216777537117e-01,1.632684764278708178e-01,1.288199064922822545e-01,-6.643439640850145851e-04,3.509717248618385993e-02,-3.568358835741926392e-03,-1.949041246694627472e-01,3.804375167101596289e-01,3.826212123767200324e-01,1.906300740971358931e-01,2.814506850249637870e-01,2.177559821620715375e-01,2.738832956039424782e-01,2.056527818418903142e-01,8.595027748931986789e-02,-1.058171348314639049e-01,7.616155226831851366e-02,1.950126481084464292e-01,8.674407964081753963e-02,1.251530861471896461e-01,-3.300773720384756610e-02,3.563554113863983547e-02,3.754109328684430702e-01,-5.561182341604326701e-02,4.105141218848452900e-02
4.131410660429070680e-01,2.733641168537795374e-01,2.371827552365061709e-01,-2.942333235106134870e-01,7.186890686100319559e-02,-2.807059743895680762e-02,-4.764759676442720804e-01,-4.979241225091599055e-01,1.160783713970289233e-01,-5.689478788489853167e-02,1.637689864518835359e-01,2.799092698901317067e-01,1.000000000000000000e+00,6.654744305479707300e-01,-4.939216575192662551e-01,9.102930309619509941e-02,-4.638953404638613831e-01,1.014576726929338878e-03,7.201648171133435972e-02,1.755723625503422536e-01,-1.135020367754928788e-01,-5.369370068783269924e-03,2.795554562680454547e-01,2.949228221063283084e-01,1.122453364863622988e-01,2.981684065035609676e-01,-8.685225040909420879e-02,5.464443519057649717e-02,-1.740796127818039149e-02,-3.716000554450090559e-02,-1.028303067633420803e-01,1.878437888070237372e-01,9.375214722955822755e-02,-1.717305289328935614e-01,-1.048397702333944172e-02,3.198299808389292176e-01,2.673564758366916427e-01,-3.706707526967072952e-01,-3.585053755380101514e-01,-3.865537188830277943e-02
-1.021427489422134099e-01,-1.939311413414983032e-01,3.275419411523405877e-01,-1.489656100298482888e-01,3.794474166753856736e-01,4.053674363441336914e-01,-4.316610653117685104e-01,-3.341014249714147066e-01,7.286377934941504209e-02,-2.930478057111489832e-03,2.402863764559704240e-01,3.161651095852284210e-01,6.654744305479707300e-01,1.000000000000000000e+00,1.167285996679409904e-03,-1.372068029459629634e-01,-1.115674893809227436e-01,-1.013631533669828028e-01,1.495998177437116716e-01,1.593625786409162137e-01,-3.322166769394928609e-01,-3.394246555279970545e-01,2.219334729106475501e-01,1.020785822829550493e-01,2.882657127953527354e-01,2.765698835063175598e-01,2.359185690240678812e-01,2.466827803894429127e-01,1.466781414642675252e-01,1.596698454290295388e-01,-5.715734345943675881e-02,1.128553471142877962e-01,1.052488888977875653e-01,-5.664323086712472199e-02,-2.680569042091093812e-01,1.580622970772151484e-02,2.472399557668712999e-01,-6.522713409431993292e-02,-2.168118136359446224e-01,-2.875868224888410152e-02
-6.948424749646318066e-01,-7.326342078771392874e-01,1.963724872851972947e-01,1.033331349040148006e-01,1.629812854467096450e-01,3.011132623012280352e-01,-1.040096023802639658e-01,1.634828257285649844e-01,-3.769642243206563492e-01,-3.112721616553235093e-01,4.427765956602915387e-01,3.731230173882171264e-01,-4.939216575192662551e-01,1.167285996679409904e-03,1.000000000000000000e+00,1.597157717873586014e-01,8.004524137380305548e-01,2.116027057832207403e-01,7.634756275829068795e-02,4.620969432239235147e-02,-3.470948482329599960e-02,-2.151008812574152218e-01,2.953879072119277027e-01,1.826112996222567231e-01,3.884728694740262611e-01,1.951992893689983855e-01,5.117858944921105380e-01,4.346557369663382464e-01,2.232413579359431577e-01,2.137382608897805125e-01,1.537898106788659902e-01,1.633647017154200853e-02,1.844551619113592444e-01,3.075867958802129820e-01,3.330246282115099238e-02,-3.239424085069693704e-01,2.636920101318550834e-03,6.690372616052496779e-01,3.066646433140022832e-01,1.411896800448616185e-03
1.821189348419394172e-01,-4.869131664164344508e-02,3.617171902170051578e-01,-2.086796412915646881e-01,-2.839561813150553449e-01,-4.246944227238894087e-01,-4.427306316143274634e-01,-4.401023564757246542e-01,-4.072036501060991021e-01,-4.986948094190062908e-01,2.352321896438407944e-01,2.538689216777537117e-01,9.102930309619509941e-02,-1.372068029459629634e-01,1.597157717873586014e-01,1.000000000000000000e+00,2.107131317683757221e-01,4.944146096369222421e-01,6.293919496046133932e-02,-3.933258212137618476e-02,-5.891934372066019200e-03,5.886993885332676701e-02,2.973691936170014816e-01,7.108201713572590563e-01,2.555832088003270330e-01,2.749397351087793373e-01,1.554809089882207285e-01,1.998702924063170960e-01,4.717004459792727145e-02,1.018713022388495482e-01,3.597526732465404498e-02,1.302282340661207460e-01,2.447768175366028254e-01,6.910588363169202497e-02,1.451828118606464380e-01,6.786839093195159989e-02,1.916593515747844478e-01,2.265394690492694707e-01,2.007998105306881276e-01,-1.378632089172197352e-02
-5.727174885353577549e-01,-5.149337068410274609e-01,1.356926515227460939e-01,1.416021366373421964e-01,1.154836556528958391e-01,1.765715623378911470e-01,-6.135851852973265436e-02,1.229916729284590282e-01,-4.456655367816881319e-01,-3.691361538882405036e-01,2.086995101149378973e-01,1.632684764278708178e-01,-4.638953404638613831e-01,-1.115674893809227436e-01,8.004524137380305548e-01,2.107131317683757221e-01,1.000000000000000000e+00,3.999961118342957311e-01,1.539886421458900312e-01,1.083629015183355387e-01,-2.382495358631753213e-02,-1.082412779166943700e-01,3.151960195639729734e-01,1.678591471104280419e-01,4.652945275474097420e-01,2.444429879112324788e-01,5.104894716626335871e-01,3.737107333628603145e-01,2.065547333939598829e-01,1.071539577872005905e-01,1.597567524195347144e-01,-1.677293899086949869e-01,1.270046757315842489e-01,3.005514942143601709e-01,6.256404581806332410e-02,-6.966700416591628531e-02,2.231993491415101491e-02,5.735127382862913459e-01,3.575011965768513100e-01,-5.878973631814949502e-02
1.596036494849409348e-01,2.676315983017247060e-02,2.086521805884983816e-01,-1.778871816565740505e-01,-1.910349500968950565e-01,-3.413636681021732233e-01,-3.172858236342122606e-01,-3.455952498846683874e-01,-5.456147360654777234e-01,-4.543413307024730674e-01,8.447541508469173788e-02,1.288199064922822545e-01,1.014576726929338878e-03,-1.013631533669828028e-01,2.116027057832207403e-01,4.944146096369222421e-01,3.999961118342957311e-01,1.000000000000000000e+00,-5.316155163939734890e-02,7.396437820119558526e-02,1.172369050464428936e-01,1.734235771722631991e-01,3.405452717948244112e-01,5.545305935065160119e-01,4.642508880929718251e-01,5.591211224619122566e-01,3.011605774882832320e-01,4.409668621177877945e-01,3.058156448683135298e-01,1.987709357139838817e-01,-1.790261163468737371e-01,-1.350625770507010437e-01,2.590653444292628782e-01,1.662487344152407120e-01,1.354121585028668084e-01,1.853671283863180252e-01,-1.075710008520089182e-02,1.308833768629913408e-01,2.274407265982067994e-01,2.627915759420361153e-01
-2.664951783961601040e-01,-1.600791582659858159e-01,2.971337079180297325e-01,4.339251031145965193e-02,2.688133192354044687e-01,1.263962183830445174e-01,-1.195582414200232202e-01,-5.864441203736675545e-02,2.140816893851669456e-01,2.497075870144284115e-01,-9.977894472211059490e-03,-6.643439640850145851e-04,7.201648171133435972e-02,1.495998177437116716e-01,7.634756275829068795e-02,6.293919496046133932e-02,1.539886421458900312e-01,-5.316155163939734890e-02,1.000000000000000000e+00,6.417153435255403826e-01,2.665186361728330011e-01,2.387455386351380604e-01,2.436227728825143546e-01,1.128953328796133554e-01,5.242208092433479072e-01,3.035905716699741075e-01,5.652011894789876756e-01,3.586216829359339942e-01,2.171141303184826732e-01,4.110196095369123004e-01,3.552047574515277972e-01,3.271200541300203768e-01,4.314129856318136280e-01,4.828495498031540878e-01,1.372628237537044105e-01,-1.710914731725440667e-03,3.114906568841142587e-01,5.151221593062304399e-02,-8.020590176104970548e-02,1.245069564197662237e-01
-1.722637770350605169e-01,-1.281263380145477859e-01,3.220826290311789020e-01,-6.415556690718163257e-02,1.793526233352772392e-01,-4.087144926108668072e-03,-9.206043335928616733e-02,-1.550320737637851892e-04,1.510459088934670846e-01,2.632452706195031467e-01,8.079619028581012941e-02,3.509717248618385993e-02,1.755723625503422536e-01,1.593625786409162137e-01,4.620969432239235147e-02,-3.933258212137618476e-02,1.083629015183355387e-01,7.396437820119558526e-02,6.417153435255403826e-01,1.000000000000000000e+00,6.488469670098236108e-02,2.895030074640489448e-01,3.315699133169786039e-01,2.199549662794054172e-01,5.331697043317293883e-01,2.254652842374357258e-01,4.322082762562474700e-01,4.276873197047402209e-01,3.810005687252322470e-01,4.777571465192802513e-01,-3.723509945925524561e-02,2.062248070480203754e-01,6.553802475444091558e-01,3.749970291847165016e-01,6.621338757456385338e-02,8.096149665867702350e-02,2.067382287234288685e-01,-2.138491592654287801e-02,-1.539405602590392108e-01,4.052327862592379204e-01
1.279132829369438451e-01,2.260389826890121523e-01,-1.186750514164744280e-01,-7.071880070147096298e-02,-1.868607001294426695e-01,-3.275752902425462798e-01,1.708976360822432039e-01,5.256483562997378567e-02,-1.006922592430767593e-01,8.289664215168237801e-03,-4.269584057410268085e-02,-3.568358835741926392e-03,-1.135020367754928788e-01,-3.322166769394928609e-01,-3.470948482329599960e-02,-5.891934372066019200e-03,-2.382495358631753213e-02,1.172369050464428936e-01,2.665186361728330011e-01,6.488469670098236108e-02,1.000000000000000000e+00,7.657838699787012926e-01,2.259146653124231852e-01,2.026409503137028001e-01,2.052351221902139755e-01,3.179365386768246426e-01,2.411675894552608168e-01,2.706064951767394033e-01,2.417077640646836736e-02,8.646303072239285015e-02,5.561747838472901745e-02,-1.706845016738793965e-03,4.870737587553367748e-02,5.112646493790462543e-01,7.107998260681901437e-01,2.547224405086377930e-01,2.616214310183877512e-01,6.940701635319801444e-02,1.951978122770806900e-01,2.205281022466460128e-01
3.430801158539006912e-01,4.490457148263749532e-01,-1.301579156369032653e-01,-1.045058619755116075e-01,-2.432281543122325473e-01,-4.724755503086492392e-01,2.906925126908693202e-01,1.396604325892379650e-01,1.163426528210437585e-02,7.965627326302612832e-02,-2.039569559259824250e-01,-1.949041246694627472e-01,-5.369370068783269924e-03,-3.394246555279970545e-01,-2.151008812574152218e-01,5.886993885332676701e-02,-1.082412779166943700e-01,1.734235771722631991e-01,2.387455386351380604e-01,2.895030074640489448e-01,7.657838699787012926e-01,1.000000000000000000e+00,2.868584566077612696e-01,2.666406989292514629e-01,2.684068484387015507e-01,3.483956846471745750e-01,2.253995177355354040e-01,2.883964306133558475e-01,6.903931856838156633e-02,1.049251232307666926e-01,3.266229042906738239e-02,-7.391770410206485731e-02,1.506306500499653700e-01,4.185289580489530703e-01,5.926341873731256760e-01,4.246763258361600513e-01,2.804695513596775491e-01,-5.451894320906696539e-02,8.656575770294773486e-02,2.590798015040071123e-01
-4.270026212665319065e-02,-9.198206558071403416e-02,3.932908143364756137e-01,-1.067439569686857020e-01,-6.528378934683544410e-02,-4.163852294215847349e-02,-3.737443819422230362e-01,-2.472498877605742440e-01,-2.397501270010329311e-01,-2.745907902995414207e-01,3.281457623518536648e-01,3.804375167101596289e-01,2.795554562680454547e-01,2.219334729106475501e-01,2.953879072119277027e-01,2.973691936170014816e-01,3.151960195639729734e-01,3.405452717948244112e-01,2.436227728825143546e-01,3.315699133169786039e-01,2.259146653124231852e-01,2.868584566077612696e-01,1.000000000000000000e+00,7.282656650802562526e-01,6.175452217898325102e-01,5.691536000030458231e-01,4.389921373644510849e-01,5.496007944867047357e-01,3.617496371876798844e-01,2.697344494524162029e-01,1.013831942591733731e-01,1.227180076705492312e-01,4.244465164565864868e-01,3.371938872863626258e-01,3.291384301420265390e-01,4.440774989774851633e-01,4.390326330717310155e-01,2.203652831347638896e-01,9.412410870587060996e-02,2.012345524918546513e-01
1.997593612295072429e-01,-2.902203187523094349e-02,3.655158609254050006e-01,-3.124452398303454448e-01,-2.290203473933301592e-01,-3.477055523107889790e-01,-4.702630059707710863e-01,-4.140719011840741648e-01,-3.980345749253679788e-01,-4.265988013400111578e-01,3.363087976838047832e-01,3.826212123767200324e-01,2.949228221063283084e-01,1.020785822829550493e-01,1.826112996222567231e-01,7.108201713572590563e-01,1.678591471104280419e-01,5.545305935065160119e-01,1.128953328796133554e-01,2.199549662794054172e-01,2.026409503137028001e-01,2.666406989292514629e-01,7.282656650802562526e-01,1.000000000000000000e+00,4.680981722579554694e-01,4.640221746011656823e-01,3.098579720785804015e-01,4.248171254754714021e-01,1.918817514490673004e-01,1.861102151141318939e-01,-9.197368679025651195e-02,1.301091720755423453e-01,4.024767470969798366e-01,2.662619908789387035e-01,3.613368695346733661e-01,4.037883144360868148e-01,3.643607346069699382e-01,2.296460115388837819e-01,1.182859295655421250e-01,1.563594416623531602e-01
-2.058196521774507959e-01,-1.591414347395768147e-01,4.181286472969756307e-01,-5.142607224288567314e-02,1.736671139979801270e-01,4.461679442254518763e-02,-2.570285658975289822e-01,-1.602932074080315461e-01,-2.882658918509042878e-01,-3.277255510196429023e-01,1.782873272769703032e-01,1.906300740971358931e-01,1.122453364863622988e-01,2.882657127953527354e-01,3.884728694740262611e-01,2.555832088003270330e-01,4.652945275474097420e-01,4.642508880929718251e-01,5.242208092433479072e-01,5.331697043317293883e-01,2.052351221902139755e-01,2.684068484387015507e-01,6.175452217898325102e-01,4.680981722579554694e-01,1.000000000000000000e+00,6.883788743093349760e-01,7.912954690595872531e-01,7.715750372058373108e-01,4.112388201919282005e-01,5.139997527949969891e-01,1.485590937272109890e-01,1.011668236672979143e-01,5.690674550838396017e-01,4.068125361766726233e-01,1.683835255338647918e-01,1.475054049657165134e-01,3.348080708515728254e-01,2.982753289609224034e-01,1.309685259733575913e-01,2.424623912087773836e-01
1.537563911526215188e-01,-5.892231171333796487e-04,3.320912051157911549e-01,-1.678726692497320705e-01,1.407013585464062140e-02,-8.436698303989376146e-02,-3.448345030729223493e-01,-3.150067752061723736e-01,-3.329460563655874950e-01,-2.766625310192650788e-01,2.069186389353852851e-01,2.814506850249637870e-01,2.981684065035609676e-01,2.765698835063175598e-01,1.951992893689983855e-01,2.749397351087793373e-01,2.444429879112324788e-01,5.591211224619122566e-01,3.035905716699741075e-01,2.254652842374357258e-01,3.179365386768246426e-01,3.483956846471745750e-01,5.691536000030458231e-01,4.640221746011656823e-01,6.883788743093349760e-01,1.000000000000000000e+00,5.705365435422613540e-01,7.343358831540683918e-01,3.974397959654533685e-01,2.763228416552880318e-01,1.015147375562373971e-01,1.064529396035616415e-01,3.383207152266784479e-01,3.067294076274130754e-01,2.899385494166794586e-01,2.294979155197080234e-01,2.837904411598825005e-01,1.094391894721882807e-01,1.971499853382116807e-01,8.808569833298272866e-02
-3.367660170414087384e-01,-3.302386238805035124e-01,4.503510794927721439e-01,1.056374964512083459e-01,3.450177856734419346e-01,2.450807720559345371e-01,-5.406178056181789454e-02,7.665398829936859171e-02,-2.621978357614828670e-01,-1.522260291547649913e-01,2.169124252180004153e-01,2.177559821620715375e-01,-8.685225040909420879e-02,2.359185690240678812e-01,5.117858944921105380e-01,1.554809089882207285e-01,5.104894716626335871e-01,3.011605774882832320e-01,5.652011894789876756e-01,4.322082762562474700e-01,2.411675894552608168e-01,2.253995177355354040e-01,4.389921373644510849e-01,3.098579720785804015e-01,7.912954690595872531e-01,5.705365435422613540e-01,1.000000000000000000e+00,7.553611467004841540e-01,4.386043624247378814e-01,6.114148496406747180e-01,2.008867965654864418e-01,6.305146927472560225e-02,4.528710771950545944e-01,4.907186727131505055e-01,7.412974186041877689e-02,-2.023727497982586929e-02,2.021479238021010039e-01,4.662510322301813837e-01,2.438881645647441865e-01,2.387524791694867476e-01
-2.018053260823439721e-01,-2.120600581731983125e-01,4.227229508034996974e-01,-2.352665851227977306e-03,2.176741655577492385e-01,8.649650571034923907e-02,-1.546191630381797133e-01,-1.507821869732232055e-02,-3.381882603390952702e-01,-1.825750066198041088e-01,2.471711287441364924e-01,2.738832956039424782e-01,5.464443519057649717e-02,2.466827803894429127e-01,4.346557369663382464e-01,1.998702924063170960e-01,3.737107333628603145e-01,4.409668621177877945e-01,3.586216829359339942e-01,4.276873197047402209e-01,2.706064951767394033e-01,2.883964306133558475e-01,5.496007944867047357e-01,4.248171254754714021e-01,7.715750372058373108e-01,7.343358831540683918e-01,7.553611467004841540e-01,1.000000000000000000e+00,6.221447904247384697e-01,6.257657405213687962e-01,1.849947574590626587e-01,8.859934848777578642e-02,6.010657951299187562e-01,5.038538519098343382e-01,1.931125816455734334e-01,-4.111791655198687137e-04,2.264027843087363934e-01,3.884586330997496506e-01,2.788161454350554513e-01,2.774562483087116838e-01
-1.679388338247551071e-01,-2.012937047815407388e-01,3.335374116711380954e-01,2.608252151667864865e-02,1.651480402199592412e-01,4.138340277072827950e-02,-1.192453564237765662e-01,-6.957423786393741871e-02,-1.843323264219517144e-01,8.833771316345595537e-02,1.456151650111161544e-01,2.056527818418903142e-01,-1.740796127818039149e-02,1.466781414642675252e-01,2.232413579359431577e-01,4.717004459792727145e-02,2.065547333939598829e-01,3.058156448683135298e-01,2.171141303184826732e-01,3.810005687252322470e-01,2.417077640646836736e-02,6.903931856838156633e-02,3.617496371876798844e-01,1.918817514490673004e-01,4.112388201919282005e-01,3.974397959654533685e-01,4.386043624247378814e-01,6.221447904247384697e-01,1.000000000000000000e+00,7.322395700323879320e-01,8.448829525976501997e-02,-3.793275142568872105e-02,5.166981305554526616e-01,4.077380549485399297e-01,-2.555296304198068080e-02,-1.589724155917767584e-02,3.931435639739309928e-02,2.138144207167539390e-01,2.715564839201863867e-01,5.207754146739680401e-01
-2.573717576948310048e-01,-2.272441176006038954e-01,4.879871660967460278e-01,2.658587191517523211e-03,2.708666355694658856e-01,1.223713920392463655e-01,-5.925599645998767817e-02,2.737745584864879206e-02,-2.076387966406436636e-01,-2.051207351759548776e-03,6.520080298191584245e-02,8.595027748931986789e-02,-3.716000554450090559e-02,1.596698454290295388e-01,2.137382608897805125e-01,1.018713022388495482e-01,1.071539577872005905e-01,1.987709357139838817e-01,4.110196095369123004e-01,4.777571465192802513e-01,8.646303072239285015e-02,1.049251232307666926e-01,2.697344494524162029e-01,1.861102151141318939e-01,5.139997527949969891e-01,2.763228416552880318e-01,6.114148496406747180e-01,6.257657405213687962e-01,7.322395700323879320e-01,1.000000000000000000e+00,8.768241153595669746e-02,6.384293565507330459e-02,5.831209685408553778e-01,3.789477313846049689e-01,-1.239923159023631760e-01,-8.358416999896746413e-02,1.784545632340542309e-01,2.226869086726295244e-01,2.392551896781747456e-01,6.433243490955579125e-01
-5.734911835190255325e-02,7.123930376379421225e-02,-8.536766360889785910e-02,1.756743548090268225e-01,1.805986620126633635e-01,1.546715729937552242e-01,4.503810280014565806e-03,1.572799771061081375e-01,1.641989280923989991e-01,6.345600541566577546e-02,-1.319427553872581649e-01,-1.058171348314639049e-01,-1.028303067633420803e-01,-5.715734345943675881e-02,1.537898106788659902e-01,3.597526732465404498e-02,1.597567524195347144e-01,-1.790261163468737371e-01,3.552047574515277972e-01,-3.723509945925524561e-02,5.561747838472901745e-02,3.266229042906738239e-02,1.013831942591733731e-01,-9.197368679025651195e-02,1.485590937272109890e-01,1.015147375562373971e-01,2.008867965654864418e-01,1.849947574590626587e-01,8.448829525976501997e-02,8.768241153595669746e-02,1.000000000000000000e+00,3.169273760997709521e-01,1.347121378532047109e-01,2.466344569759094107e-01,2.886841757607293280e-02,-2.882907114854705438e-02,9.777234203540823010e-02,1.709898834203715523e-01,2.111163877361880437e-01,-3.353024003170284040e-01
-2.968945957079613049e-02,-3.008142820290670913e-02,7.859492062113222766e-02,-1.915525880453537722e-01,9.257175740196905978e-02,-3.623445342671960390e-02,-3.057819277994698326e-01,-1.888830586914983511e-01,2.043381160418820397e-01,1.253707247172653194e-01,6.609739618215797197e-02,7.616155226831851366e-02,1.878437888070237372e-01,1.128553471142877962e-01,1.633647017154200853e-02,1.302282340661207460e-01,-1.677293899086949869e-01,-1.350625770507010437e-01,3.271200541300203768e-01,2.062248070480203754e-01,-1.706845016738793965e-03,-7.391770410206485731e-02,1.227180076705492312e-01,1.301091720755423453e-01,1.011668236672979143e-01,1.064529396035616415e-01,6.305146927472560225e-02,8.859934848777578642e-02,-3.793275142568872105e-02,6.384293565507330459e-02,3.169273760997709521e-01,1.000000000000000000e+00,3.866483949998067993e-01,5.907864791676480098e-02,1.074995995158201795e-01,8.292818695161269238e-03,-2.486769185674064103e-02,-2.834084222242813644e-01,-3.512866835205183391e-01,-7.550979343430569424e-02
-1.553745037231158144e-01,-1.214761109542888823e-01,4.361936104140937687e-01,-1.380818791961694880e-01,6.631606203328040128e-02,-7.883101951610710367e-02,-2.559151294964071566e-01,-1.153746344978558158e-01,-1.329720928136118516e-02,7.796932024872782474e-02,2.243471124288337615e-01,1.950126481084464292e-01,9.375214722955822755e-02,1.052488888977875653e-01,1.844551619113592444e-01,2.447768175366028254e-01,1.270046757315842489e-01,2.590653444292628782e-01,4.314129856318136280e-01,6.553802475444091558e-01,4.870737587553367748e-02,1.506306500499653700e-01,4.244465164565864868e-01,4.024767470969798366e-01,5.690674550838396017e-01,3.383207152266784479e-01,4.528710771950545944e-01,6.010657951299187562e-01,5.166981305554526616e-01,5.831209685408553778e-01,1.347121378532047109e-01,3.866483949998067993e-01,1.000000000000000000e+00,3.267479293050439271e-01,5.987567254181448695e-02,-9.990862133651792765e-02,1.830134705916429683e-01,8.961343316823701388e-02,-1.529214946647344253e-01,3.412287609963507995e-01
-1.595302779982884778e-01,-1.308497519190719161e-01,1.294738626060517317e-01,9.370973616497316194e-02,9.652483375986944947e-02,-6.821514143051217449e-02,7.640395064274824177e-02,7.563383630948085357e-02,-1.567745658820421661e-01,9.981161745448563494e-02,8.716624126181880816e-02,8.674407964081753963e-02,-1.717305289328935614e-01,-5.664323086712472199e-02,3.075867958802129820e-01,6.910588363169202497e-02,3.005514942143601709e-01,1.662487344152407120e-01,4.828495498031540878e-01,3.749970291847165016e-01,5.112646493790462543e-01,4.185289580489530703e-01,3.371938872863626258e-01,2.662619908789387035e-01,4.068125361766726233e-01,3.067294076274130754e-01,4.907186727131505055e-01,5.038538519098343382e-01,4.077380549485399297e-01,3.789477313846049689e-01,2.466344569759094107e-01,5.907864791676480098e-02,3.267479293050439271e-01,1.000000000000000000e+00,4.100828946379226903e-01,1.206899575314989703e-01,3.402316225003564898e-01,2.853991747123439948e-01,3.366992065145471558e-01,2.085294302447610881e-01
1.286383305527202536e-01,8.357298658699134630e-02,-1.837710094912853864e-01,-2.654754480230831493e-01,-3.090344646450036703e-01,-4.356838189952887408e-01,2.623513482895013446e-02,9.626489967161781444e-03,4.774703623513420515e-03,-3.079469434220975105e-02,1.142251516836234326e-01,1.251530861471896461e-01,-1.048397702333944172e-02,-2.680569042091093812e-01,3.330246282115099238e-02,1.451828118606464380e-01,6.256404581806332410e-02,1.354121585028668084e-01,1.372628237537044105e-01,6.621338757456385338e-02,7.107998260681901437e-01,5.926341873731256760e-01,3.291384301420265390e-01,3.613368695346733661e-01,1.683835255338647918e-01,2.899385494166794586e-01,7.412974186041877689e-02,1.931125816455734334e-01,-2.555296304198068080e-02,-1.239923159023631760e-01,2.886841757607293280e-02,1.074995995158201795e-01,5.987567254181448695e-02,4.100828946379226903e-01,1.000000000000000000e+00,4.555045906592349869e-01,2.359702941904497087e-01,5.230079401240132764e-02,6.223494511961177866e-02,4.629377314683144617e-02
4.600480232162600380e-01,3.780737388668275467e-01,-7.476210517678630318e-02,-2.447195413592603008e-01,-1.760324206644304779e-01,-2.725409534274313983e-01,-2.479186205082662547e-02,-9.894375511246483734e-02,-1.283083102230715145e-01,-1.416590704500017006e-01,-9.622269692155721588e-02,-3.300773720384756610e-02,3.198299808389292176e-01,1.580622970772151484e-02,-3.239424085069693704e-01,6.786839093195159989e-02,-6.966700416591628531e-02,1.853671283863180252e-01,-1.710914731725440667e-03,8.096149665867702350e-02,2.547224405086377930e-01,4.246763258361600513e-01,4.440774989774851633e-01,4.037883144360868148e-01,1.475054049657165134e-01,2.294979155197080234e-01,-2.023727497982586929e-02,-4.111791655198687137e-04,-1.589724155917767584e-02,-8.358416999896746413e-02,-2.882907114854705438e-02,8.292818695161269238e-03,-9.990862133651792765e-02,1.206899575314989703e-01,4.555045906592349869e-01,1.000000000000000000e+00,3.439063435791886447e-01,-1.292167313275556506e-01,3.038849109807038526e-02,3.981560394672433584e-02
2.913702078408824791e-03,-8.472242171942366562e-02,2.449791891611829420e-01,3.147787777276932208e-02,-1.037872428819640487e-02,3.499167209275140696e-03,-1.035064424526808552e-01,-1.113847734481854951e-01,6.638082990033082609e-02,1.110390180477348332e-02,1.428851580844723961e-02,3.563554113863983547e-02,2.673564758366916427e-01,2.472399557668712999e-01,2.636920101318550834e-03,1.916593515747844478e-01,2.231993491415101491e-02,-1.075710008520089182e-02,3.114906568841142587e-01,2.067382287234288685e-01,2.616214310183877512e-01,2.804695513596775491e-01,4.390326330717310155e-01,3.643607346069699382e-01,3.348080708515728254e-01,2.837904411598825005e-01,2.021479238021010039e-01,2.264027843087363934e-01,3.931435639739309928e-02,1.784545632340542309e-01,9.777234203540823010e-02,-2.486769185674064103e-02,1.830134705916429683e-01,3.402316225003564898e-01,2.359702941904497087e-01,3.439063435791886447e-01,1.000000000000000000e+00,2.217848964264014511e-01,1.831624530304592213e-01,-7.220913054752188531e-02
-4.571249853621446868e-01,-5.568247383686087959e-01,2.134375615766534728e-01,3.013351133906878587e-01,2.442787571515529776e-01,3.679776661919079705e-01,1.466490372720627156e-01,3.848890241158472447e-01,-3.741334321409565677e-01,-3.007888585476439780e-01,4.014584406431409569e-01,3.754109328684430702e-01,-3.706707526967072952e-01,-6.522713409431993292e-02,6.690372616052496779e-01,2.265394690492694707e-01,5.735127382862913459e-01,1.308833768629913408e-01,5.151221593062304399e-02,-2.138491592654287801e-02,6.940701635319801444e-02,-5.451894320906696539e-02,2.203652831347638896e-01,2.296460115388837819e-01,2.982753289609224034e-01,1.094391894721882807e-01,4.662510322301813837e-01,3.884586330997496506e-01,2.138144207167539390e-01,2.226869086726295244e-01,1.709898834203715523e-01,-2.834084222242813644e-01,8.961343316823701388e-02,2.853991747123439948e-01,5.230079401240132764e-02,-1.292167313275556506e-01,2.217848964264014511e-01,1.000000000000000000e+00,5.055262851251300926e-01,-1.210699142857181027e-01
-5.513840045732685408e-02,-1.468508760486639808e-01,8.714674417629758585e-02,2.780561600737735395e-01,-2.735123210758657122e-02,-3.107725206570632979e-03,1.727857025102159660e-01,1.633119074691706529e-01,-4.914630546714079951e-01,-2.027042083202955924e-01,-3.874196144807339620e-02,-5.561182341604326701e-02,-3.585053755380101514e-01,-2.168118136359446224e-01,3.066646433140022832e-01,2.007998105306881276e-01,3.575011965768513100e-01,2.274407265982067994e-01,-8.020590176104970548e-02,-1.539405602590392108e-01,1.951978122770806900e-01,8.656575770294773486e-02,9.412410870587060996e-02,1.182859295655421250e-01,1.309685259733575913e-01,1.971499853382116807e-01,2.438881645647441865e-01,2.788161454350554513e-01,2.715564839201863867e-01,2.392551896781747456e-01,2.111163877361880437e-01,-3.512866835205183391e-01,-1.529214946647344253e-01,3.366992065145471558e-01,6.223494511961177866e-02,3.038849109807038526e-02,1.831624530304592213e-01,5.055262851251300926e-01,1.000000000000000000e+00,1.110452094646294796e-01
