1.000000000000000000e+00,7.062033412601037563e-01,1.278735554677993547e-01,1.261231451726824715e-01,5.145592150969744427e-01,4.390510779387997720e-01,1.032244719078843215e-01,-2.259281013074336542e-02,-9.844995858033678271e-02,-1.264285638523339472e-01,2.746418332240204152e-01,1.992849347052304543e-01,3.188501188241852913e-01,3.081189761981696362e-01,-2.794483240285321468e-01,-1.227433648784205106e-01,-5.526451200164350652e-02,8.727698601281146107e-02,-2.992460463060280240e-01,-7.190768328880860205e-02,-2.562405561030694501e-01,-2.168365126503852061e-02,-2.692865376223694818e-01,-4.067446303669254304e-01,-5.001801406514779780e-01,5.530020929359944111e-03,-4.571296557247566117e-01,-4.485418219647730464e-01,-1.945298866280851247e-01,8.104174070619519794e-04,-3.540690791809812943e-01,-3.760343662193517122e-01,-1.481705823874173988e-01,-2.599002899496237751e-01,-2.915255702237375957e-01,-2.658784177742379851e-01,-3.754537915347505028e-01,1.108027463863897472e-01,-1.669617195285456879e-01,-2.587320941174178768e-01
7.062033412601037563e-01,1.000000000000000000e+00,1.250303103793799775e-01,8.054396678296377177e-02,4.748294776657367433e-01,4.260484717635288354e-01,3.354605984651187062e-02,-2.616765993760632875e-02,1.698383104591465621e-03,1.316588939279400849e-01,1.735321416703827224e-01,2.234861279274155677e-01,8.543166359492831985e-02,5.255262217966345517e-01,-1.360708324685520332e-01,-3.980702431157750465e-01,1.637442103840960062e-01,-3.954005361184002865e-02,-2.927383457347181306e-01,-6.086104385357848229e-02,-3.101891450697046859e-01,-1.041939665051860586e-01,-3.827039493497491063e-01,-5.015882632201361657e-01,-2.025610636458218539e-01,-5.881674818964597456e-02,-3.496814357744501556e-01,-6.240136805958819144e-01,-2.074623774247504326e-01,-1.543842081774333685e-01,-3.793624150178479537e-01,-4.252339951873917445e-01,-2.255273663835405951e-01,-1.432929563762792291e-01,-3.222007090367808857e-01,-3.572584139457823382e-01,-3.877884978999499022e-01,1.132859346176660620e-01,-1.262085203862279292e-01,-3.001743150829644935e-01
1.278735554677993547e-01,1.250303103793799775e-01,1.000000000000000000e+00,8.538555051412326513e-01,4.409560317105306604e-01,4.397943739444271083e-01,5.373850814966936174e-01,5.869236893884925976e-01,-1.617259400310442630e-01,2.509553930623185658e-01,-8.729131736719200618e-02,2.759047735128752205e-02,3.765975876940113043e-01,3.250715954664468721e-01,-3.744026637673025237e-01,-4.156017972676323002e-01,-2.209140934020614178e-01,-2.784453466494065110e-01,-1.313384134619031418e-01,-2.278330822084414509e-01,-1.109251804481306836e-01,-3.913131367358144153e-02,-2.017723324489959225e-01,-3.776239958735951308e-01,-3.418223762923949804e-01,-4.880864402759306220e-01,4.954417087318614688e-02,-2.306413755880386551e-01,-2.582378694893117665e-01,-3.851163698858031670e-01,-1.516937945057486303e-01,-2.581931881494361480e-01,8.834416517516062439e-02,3.247404007824615524e-02,-2.228979689164893863e-01,-4.665841884648007643e-01,-6.750418262771401556e-01,-3.343451808053204410e-01,-1.585501352119385310e-01,-2.072695208443162129e-01
1.261231451726824715e-01,8.054396678296377177e-02,8.538555051412326513e-01,1.000000000000000000e+00,4.836461622016997031e-01,6.026015846323521385e-01,4.491187106236194104e-01,5.994239144028431499e-01,-2.546450186996271348e-01,1.580377972700979794e-01,-2.038213844745923042e-03,1.217829354952865567e-01,4.025883427003847936e-01,3.646508380482588185e-01,-3.710632547505944845e-01,-3.845680540419508242e-01,-2.012576165622183832e-01,-2.514989021927790946e-01,-1.150711279709800139e-01,-1.645501053903546118e-01,-1.780126594560767217e-01,1.033853379659446098e-01,-1.191892330781799958e-01,-2.754724080813259479e-01,-4.107288005460046909e-01,-4.139491129045919648e-01,-1.315466654902397725e-01,-2.005193851927674353e-01,-2.683147514809937628e-01,-3.618081550329735330e-01,-1.178605654205909514e-01,-1.588397855678476966e-01,-3.107435335666973442e-02,-4.970243687914024239e-02,-2.534566181071881141e-01,-3.293271760857365282e-01,-6.007690361648467814e-01,-3.331646669156824725e-01,-2.948712825389598891e-01,-1.755445222214810086e-01
5.145592150969744427e-01,4.748294776657367433e-01,4.409560317105306604e-01,4.836461622016997031e-01,1.000000000000000000e+00,8.395618438508857251e-01,4.519461453508252791e-01,4.235527766248967652e-01,8.211814644514846273e-02,1.039174395795412070e-01,3.216007222637962126e-01,2.253172955433389579e-01,1.799354371320078805e-01,3.621972841774070972e-01,-8.877223130541884999e-02,-1.223233210408275901e-01,8.474543992393475389e-02,1.896904308123940897e-02,-3.354324907966672598e-01,-8.947249427400211230e-02,-8.395509084114892440e-02,4.521244006056021614e-02,-8.320067022928623324e-02,-2.956669556966285417e-01,-3.359671196470992993e-01,-1.199587178797426740e-01,-1.845045775057514992e-01,-3.233601245193108431e-01,-1.907068245494936420e-01,-5.299199344543154000e-02,2.486593358936690229e-02,-2.465319045447467439e-01,-4.087013027543478505e-01,-4.058108415483261955e-01,-1.268594720763553674e-01,-2.186730505985471362e-01,-2.948838374819195973e-01,1.188353751921966961e-01,-1.575619669852791893e-01,8.929530072938727733e-03
4.390510779387997720e-01,4.260484717635288354e-01,4.397943739444271083e-01,6.026015846323521385e-01,8.395618438508857251e-01,1.000000000000000000e+00,2.802181086818234523e-01,4.231090203468094724e-01,-1.163872341964867080e-01,1.224032700488396179e-02,3.547222164262485711e-01,3.803888874829100541e-01,3.327681433693452928e-01,5.466258479513899093e-01,-5.826876003009726079e-02,-2.225049009443733350e-01,1.180434577378067784e-01,-1.731388671840048549e-02,-2.539529448742502971e-01,-4.112774620991464791e-02,-1.264364244157567818e-01,1.363814461151137414e-01,1.022224091175970989e-01,-1.888857055982974265e-01,-2.241496760793735277e-01,-1.478884930482173565e-01,-2.626618555725863113e-01,-3.312043192955720916e-01,-2.473913157466239576e-01,-2.196092077154816746e-01,-1.153624524565591142e-01,-2.634755068854089388e-01,-2.949230412168645787e-01,-2.765253249095203647e-01,-1.613182221061459642e-01,-2.966122489704157289e-02,-2.583710084386167116e-01,1.001194101555935023e-01,-1.892004846012600161e-01,-9.589079451789747632e-02
1.032244719078843215e-01,3.354605984651187062e-02,5.373850814966936174e-01,4.491187106236194104e-01,4.519461453508252791e-01,2.802181086818234523e-01,1.000000000000000000e+00,7.392665717822825000e-01,4.647685213447520433e-03,9.734641659288766069e-02,1.867423427403536174e-01,2.954123005655917567e-01,-1.111539856328521841e-01,-6.833848364560507482e-02,-3.059720440538826400e-02,-1.730590719749563466e-01,-8.334380595145112619e-03,-1.067940726013237446e-01,-1.445886402417416727e-01,-1.296369769395007143e-01,8.191863588683746811e-02,8.790529692163963349e-02,-1.864656675808403219e-01,-2.694799548117051136e-01,-3.260924839056546509e-01,-1.837567975679145205e-01,1.039312725770912132e-01,-1.616147843233034787e-01,-4.724390829490509452e-02,-1.386025620920337265e-01,-8.897494671595124194e-02,-1.753925556114747097e-01,-9.775284972220715796e-02,-5.221861879887194913e-02,5.032185845814998726e-02,-3.373495741202708897e-01,-4.502468996977899152e-01,-2.081222813475984423e-01,3.560757260778108207e-03,-9.666783919600990815e-02
-2.259281013074336542e-02,-2.616765993760632875e-02,5.869236893884925976e-01,5.994239144028431499e-01,4.235527766248967652e-01,4.231090203468094724e-01,7.392665717822825000e-01,1.000000000000000000e+00,-1.013155537027505826e-01,1.281809786040569443e-01,9.249958189220847116e-02,2.831960274178505488e-01,1.709529514133284814e-02,4.524795323877427167e-02,-4.412688339520285524e-02,-3.105108441986271228e-01,-4.679025529766772662e-02,-3.028515671564580569e-01,-2.662361553863900124e-02,-1.474721414898750582e-01,2.467347695624186599e-01,2.676302823451375823e-01,1.331092626140337742e-01,-8.625994678582159236e-02,-2.499970829302088082e-01,-4.421301344667397659e-01,1.720772274482172959e-01,-7.539316593927797294e-02,-4.943660455198248260e-02,-3.014444729013636692e-01,-1.324555982140366260e-02,-1.654970118916627431e-01,-9.427004116910021880e-02,-4.600663817452185084e-02,2.279336418288027133e-01,-1.283178403160142589e-01,-3.356859878088086502e-01,-2.826549030059124501e-01,-1.064278493506023160e-01,-2.208632878570649660e-01
-9.844995858033678271e-02,1.698383104591465621e-03,-1.617259400310442630e-01,-2.546450186996271348e-01,8.211814644514846273e-02,-1.163872341964867080e-01,4.647685213447520433e-03,-1.013155537027505826e-01,1.000000000000000000e+00,6.283143376879102293e-01,-1.769155478759514843e-01,-2.195462781733681090e-01,-3.620919958535090966e-01,-1.586403634871479118e-01,-7.439843979669199733e-03,9.040961121250029597e-02,-2.746050671778148614e-02,-6.553265125499302401e-02,-1.945928478962533894e-03,-7.317971508673787318e-02,1.760272382717580075e-01,-3.000589786379268542e-01,-6.126770636231042982e-02,9.350542422574999180e-02,1.960427901600585998e-01,5.853919983488121287e-02,2.600980073496619860e-01,1.778029048423339642e-01,3.342847600912497441e-01,4.731477182707255480e-01,3.198594492773637055e-01,3.862718519042890319e-01,8.323444418732457717e-02,-2.499162226188360592e-01,3.639138984191594428e-01,-1.212566598922266287e-01,2.311543963674523305e-01,7.590920565433730005e-02,2.432106247667614185e-01,1.904827856250289608e-01
-1.264285638523339472e-01,1.316588939279400849e-01,2.509553930623185658e-01,1.580377972700979794e-01,1.039174395795412070e-01,1.224032700488396179e-02,9.734641659288766069e-02,1.281809786040569443e-01,6.283143376879102293e-01,1.000000000000000000e+00,-3.762101089843827295e-01,-2.139299536434217108e-01,-1.341433952695406107e-01,1.183113379978017049e-01,-2.294227165932602452e-01,-4.475360617441060396e-01,-1.652391738245061192e-01,-4.084664675014862967e-01,3.629171178534986320e-03,-2.183111776748892507e-01,1.757007961234866855e-01,-1.061710878545770176e-01,-1.522031636017676381e-01,-9.896844084835244859e-02,4.526496700868405665e-02,-4.404659198444007551e-01,2.994018767968976702e-01,-6.623212852361408387e-02,2.366415831224397692e-01,1.034755696262968788e-01,2.267425768333299896e-01,1.299990985079503836e-01,7.173121682109701025e-02,-4.325924419858644121e-02,1.609966429962357837e-01,-3.252318527826416061e-01,-1.780061607084571507e-01,-1.421447402236640789e-01,4.305318252355339742e-02,-2.737001003089308340e-02
2.746418332240204152e-01,1.735321416703827224e-01,-8.729131736719200618e-02,-2.038213844745923042e-03,3.216007222637962126e-01,3.547222164262485711e-01,1.867423427403536174e-01,9.249958189220847116e-02,-1.769155478759514843e-01,-3.762101089843827295e-01,1.000000000000000000e+00,7.211560447114215844e-01,-1.773291432230238440e-01,-1.499430565703899487e-01,3.343052783765809166e-01,1.537245129735982929e-01,3.118404753271629692e-01,2.531498153228344261e-01,8.825937833252914255e-02,2.328522265494235299e-01,1.206904713063649826e-01,1.332472756646032874e-01,1.755842642719084301e-01,-1.338156409296947791e-01,4.948202295419527191e-02,2.639868057550731617e-01,-1.307976127281121614e-01,-1.430219134514647827e-01,-3.642505641737042721e-01,-1.422468009533588429e-01,-3.412301909286735158e-01,-1.491821399931480829e-01,-1.854938731795584619e-02,5.993267155934715873e-02,-8.932216973466919688e-03,2.523230554470599629e-01,7.302743050090119981e-02,4.065841599489929403e-01,5.355261562294535288e-02,-1.956820115814443817e-01
1.992849347052304543e-01,2.234861279274155677e-01,2.759047735128752205e-02,1.217829354952865567e-01,2.253172955433389579e-01,3.803888874829100541e-01,2.954123005655917567e-01,2.831960274178505488e-01,-2.195462781733681090e-01,-2.139299536434217108e-01,7.211560447114215844e-01,1.000000000000000000e+00,-2.101369469478202578e-01,-9.826062311835692675e-02,3.095869890219578036e-01,-2.288260810036631468e-02,4.964916256199014000e-01,2.749591792213348374e-01,8.302516954849090136e-02,1.846061057764112889e-01,1.632117350068854056e-01,1.779175121249747527e-01,2.956129753557861992e-02,-2.228304410918669487e-01,1.310988368251629621e-01,2.141905029641952285e-01,-2.804347871277809157e-01,-4.143415593603769209e-01,-3.230850252715221083e-01,-2.904427711724840155e-01,-4.358174125681959499e-01,-3.043571680076030961e-01,-8.399421124458621157e-02,7.715292983429747342e-02,2.205420104229894804e-02,2.134339028745929900e-01,-3.331003789830791484e-02,5.324034710557695727e-02,-1.282514618216021862e-01,-3.392846889890145934e-01
3.188501188241852913e-01,8.543166359492831985e-02,3.765975876940113043e-01,4.025883427003847936e-01,1.799354371320078805e-01,3.327681433693452928e-01,-1.111539856328521841e-01,1.709529514133284814e-02,-3.620919958535090966e-01,-1.341433952695406107e-01,-1.773291432230238440e-01,-2.101369469478202578e-01,1.000000000000000000e+00,5.727158244184022973e-01,-4.165224219512923542e-01,-1.550828033989220534e-01,-2.892369457440638891e-01,-4.543171414175969230e-02,-1.673876688407867908e-01,-1.106331855106324896e-01,-3.962860165997894035e-01,-3.833694794734569811e-02,-6.402544435300801251e-02,-9.574419446740965733e-02,-5.073570009066513675e-01,-2.334212920596616669e-01,-3.507920030031252967e-01,-1.329854193322189959e-01,-2.991400271835122360e-01,-2.563654698880005189e-01,-1.479866524957683116e-01,-2.484814571721990495e-01,-8.001285069581515197e-02,-4.653331611815856445e-02,-4.267650287953125843e-01,-1.624497639493016898e-01,-4.616560282970798013e-01,-2.937796600961496002e-02,-7.489488643094131815e-02,-1.072357642779429715e-01
3.081189761981696362e-01,5.255262217966345517e-01,3.250715954664468721e-01,3.646508380482588185e-01,3.621972841774070972e-01,5.466258479513899093e-01,-6.833848364560507482e-02,4.524795323877427167e-02,-1.586403634871479118e-01,1.183113379978017049e-01,-1.499430565703899487e-01,-9.826062311835692675e-02,5.727158244184022973e-01,1.000000000000000000e+00,-3.730666908015459193e-01,-4.110907287316311609e-01,-2.069057920060706768e-01,-2.260628182833617494e-01,-2.443402811219319293e-01,-1.840965265899095760e-01,-4.415201176992878951e-01,-4.635672569649425950e-02,-7.941783121462428485e-02,-2.386277770406684817e-01,-2.191597999575916889e-01,-2.509207581848187374e-01,-1.857512097566828280e-01,-2.014501511949773616e-01,-1.414531798835910459e-01,-2.111842056706916548e-01,-1.546733498843170240e-01,-1.934749937554027799e-01,-1.655155984332016550e-01,-7.644075422081579585e-02,-3.344328812247747695e-01,-2.452420288633778145e-01,-3.788846354730764920e-01,1.763534676663333287e-02,-9.930373248073136316e-02,-4.884276142318811492e-02
-2.794483240285321468e-01,-1.360708324685520332e-01,-3.744026637673025237e-01,-3.710632547505944845e-01,-8.877223130541884999e-02,-5.826876003009726079e-02,-3.059720440538826400e-02,-4.412688339520285524e-02,-7.439843979669199733e-03,-2.294227165932602452e-01,3.343052783765809166e-01,3.095869890219578036e-01,-4.165224219512923542e-01,-3.730666908015459193e-01,1.000000000000000000e+00,4.723350803830619893e-01,8.027982765723351566e-01,5.171525950074747913e-01,-7.859306715340320937e-02,6.145323127673384123e-02,1.243182115056633286e-01,-1.180511084775145991e-01,8.336930037103360003e-02,9.600978014671515681e-02,4.431174381407093077e-01,4.613090865033209753e-01,-1.068373599245716621e-01,-1.289885757095316776e-01,2.069808792450219398e-02,6.007754424295148193e-02,3.495944735501847755e-02,-2.047890346766850500e-01,-1.361596424034150210e-01,-1.223820476967896059e-01,6.695404544674808667e-02,3.797089942916174743e-01,5.429432986092389557e-01,1.439762656164644272e-01,-1.666064000842639239e-02,9.362837098330142882e-02
-1.227433648784205106e-01,-3.980702431157750465e-01,-4.156017972676323002e-01,-3.845680540419508242e-01,-1.223233210408275901e-01,-2.225049009443733350e-01,-1.730590719749563466e-01,-3.105108441986271228e-01,9.040961121250029597e-02,-4.475360617441060396e-01,1.537245129735982929e-01,-2.288260810036631468e-02,-1.550828033989220534e-01,-4.110907287316311609e-01,4.723350803830619893e-01,1.000000000000000000e+00,3.930102895519787531e-01,7.915083814584158439e-01,-6.357516354151011850e-02,3.322251958685353002e-02,-5.383027280818564186e-02,-2.171127634680022622e-01,-1.663677643537730261e-02,2.051171397254435702e-01,9.967658587237485102e-02,7.603114696828999763e-01,-3.143298609061352944e-01,2.991054159948822733e-01,7.455243671112940507e-02,4.326539569012454178e-01,9.799007732254558234e-02,1.737978137611883023e-01,2.580358089282844269e-02,-1.946479939021783789e-01,8.863274805384202537e-02,3.660998571790426981e-01,5.166128068873075962e-01,1.133122212109140131e-01,1.118842744990082710e-01,3.733587676309189085e-01
-5.526451200164350652e-02,1.637442103840960062e-01,-2.209140934020614178e-01,-2.012576165622183832e-01,8.474543992393475389e-02,1.180434577378067784e-01,-8.334380595145112619e-03,-4.679025529766772662e-02,-2.746050671778148614e-02,-1.652391738245061192e-01,3.118404753271629692e-01,4.964916256199014000e-01,-2.892369457440638891e-01,-2.069057920060706768e-01,8.027982765723351566e-01,3.930102895519787531e-01,1.000000000000000000e+00,6.989377782817831619e-01,-2.186452752758882290e-01,-1.927308404973166606e-02,-8.514785544894327984e-02,-1.421030079053749173e-01,-1.870573822859986912e-01,-6.420888369729096934e-02,3.886059211972003324e-01,5.699979245599641198e-01,-4.680115270342048994e-01,-3.960361668353364895e-01,-9.466205736506824731e-02,-5.144539232062549788e-02,-1.859913065954355849e-01,-2.629156743430376975e-01,-2.447051881682496544e-01,-1.763950759185582140e-01,-8.228739580274790910e-02,2.908736158260452065e-01,2.924556485900520197e-01,-3.389389456188961203e-02,-9.685095817500681548e-02,-8.567258873903690203e-03
8.727698601281146107e-02,-3.954005361184002865e-02,-2.784453466494065110e-01,-2.514989021927790946e-01,1.896904308123940897e-02,-1.731388671840048549e-02,-1.067940726013237446e-01,-3.028515671564580569e-01,-6.553265125499302401e-02,-4.084664675014862967e-01,2.531498153228344261e-01,2.749591792213348374e-01,-4.543171414175969230e-02,-2.260628182833617494e-01,5.171525950074747913e-01,7.915083814584158439e-01,6.989377782817831619e-01,1.000000000000000000e+00,-2.625209694156120932e-01,-8.994540034664194605e-02,-2.841336714184371504e-01,-3.412979048635051416e-01,-3.204302998632856947e-01,-1.145495943664639887e-01,1.181865213577623780e-01,8.887404409968644448e-01,-6.468977603561888445e-01,-1.529526009766549732e-01,-1.694888039281624292e-01,2.127744355734795534e-01,-2.178024167438584180e-01,-1.628227669695619662e-01,-1.041982935513106889e-01,-2.115370613735068350e-01,-2.446102498341184150e-01,2.228489932988970135e-01,2.740754856223914238e-01,4.490658743664709129e-02,-6.067481598536857146e-02,7.504409835170107457e-02
-2.992460463060280240e-01,-2.927383457347181306e-01,-1.313384134619031418e-01,-1.150711279709800139e-01,-3.354324907966672598e-01,-2.539529448742502971e-01,-1.445886402417416727e-01,-2.662361553863900124e-02,-1.945928478962533894e-03,3.629171178534986320e-03,8.825937833252914255e-02,8.302516954849090136e-02,-1.673876688407867908e-01,-2.443402811219319293e-01,-7.859306715340320937e-02,-6.357516354151011850e-02,-2.186452752758882290e-01,-2.625209694156120932e-01,1.000000000000000000e+00,6.910680945924304597e-01,6.137129583118716702e-01,4.400173137542038870e-01,3.519953634519172869e-01,2.734790890274937381e-01,1.844256766278616344e-01,-7.734606958486184292e-02,3.605007206037864065e-01,3.696777601068983454e-01,-1.091888296350014137e-01,-2.166741373484392941e-01,-1.039573747859802860e-01,3.430981124845732255e-01,5.587699565314719896e-01,6.335925103090704891e-01,4.235669195460568526e-01,2.933213200636813345e-01,1.086419046935107602e-01,6.816494120459684614e-02,2.682626086023016110e-01,-1.479526623392125873e-01
-7.190768328880860205e-02,-6.086104385357848229e-02,-2.278330822084414509e-01,-1.645501053903546118e-01,-8.947249427400211230e-02,-4.112774620991464791e-02,-1.296369769395007143e-01,-1.474721414898750582e-01,-7.317971508673787318e-02,-2.183111776748892507e-01,2.328522265494235299e-01,1.846061057764112889e-01,-1.106331855106324896e-01,-1.840965265899095760e-01,6.145323127673384123e-02,3.322251958685353002e-02,-1.927308404973166606e-02,-8.994540034664194605e-02,6.910680945924304597e-01,1.000000000000000000e+00,3.791471808277531719e-01,4.070619339722848506e-01,2.299191830735837216e-01,1.287703110956875396e-01,9.590139095629525434e-02,6.083167815782108967e-02,1.798618591874850681e-01,1.394658287635520966e-01,-2.540902822889074542e-01,-2.340080453692846008e-01,-7.894023597398791559e-02,1.156816840813019026e-01,1.125760146983226379e-01,3.688109589437044700e-01,1.156018720266160787e-01,2.121510165250040381e-01,1.095350926310924428e-01,2.890622986637240155e-01,6.667925526866341768e-02,-3.632506410560958771e-02
-2.562405561030694501e-01,-3.101891450697046859e-01,-1.109251804481306836e-01,-1.780126594560767217e-01,-8.395509084114892440e-02,-1.264364244157567818e-01,8.191863588683746811e-02,2.467347695624186599e-01,1.760272382717580075e-01,1.757007961234866855e-01,1.206904713063649826e-01,1.632117350068854056e-01,-3.962860165997894035e-01,-4.415201176992878951e-01,1.243182115056633286e-01,-5.383027280818564186e-02,-8.514785544894327984e-02,-2.841336714184371504e-01,6.137129583118716702e-01,3.791471808277531719e-01,1.000000000000000000e+00,5.598542092317226881e-01,5.907921236766152662e-01,4.486618825670622424e-01,3.436886916657244107e-01,-2.206538224073433807e-01,5.540347903606475111e-01,3.111941171276590978e-01,1.370268842355464312e-01,-1.193945522291768070e-03,2.813784529388588806e-01,2.470894147104353566e-01,1.985389590991847031e-01,1.986870249949313771e-01,7.475285805908792325e-01,3.913800725594144270e-01,3.475444355054089218e-01,1.457530690426398767e-01,2.120920177465779877e-01,4.158985525601208849e-02
-2.168365126503852061e-02,-1.041939665051860586e-01,-3.913131367358144153e-02,1.033853379659446098e-01,4.521244006056021614e-02,1.363814461151137414e-01,8.790529692163963349e-02,2.676302823451375823e-01,-3.000589786379268542e-01,-1.061710878545770176e-01,1.332472756646032874e-01,1.779175121249747527e-01,-3.833694794734569811e-02,-4.635672569649425950e-02,-1.180511084775145991e-01,-2.171127634680022622e-01,-1.421030079053749173e-01,-3.412979048635051416e-01,4.400173137542038870e-01,4.070619339722848506e-01,5.598542092317226881e-01,1.000000000000000000e+00,6.119439416337346671e-01,5.523118095756862633e-01,8.930921768769703450e-02,-3.100433529973321556e-01,1.572438438830925378e-01,3.016542231308485533e-01,8.312715928094116524e-02,-1.113425838917774663e-01,2.253177062233263084e-01,3.247631728451772504e-01,-1.010547943621986772e-01,8.630178878748850924e-02,4.949446505893819181e-01,4.590081466501050866e-01,5.045667758671016495e-02,7.090078521778449272e-02,1.357384522598678034e-01,2.170824019153731743e-01
-2.692865376223694818e-01,-3.827039493497491063e-01,-2.017723324489959225e-01,-1.191892330781799958e-01,-8.320067022928623324e-02,1.022224091175970989e-01,-1.864656675808403219e-01,1.331092626140337742e-01,-6.126770636231042982e-02,-1.522031636017676381e-01,1.755842642719084301e-01,2.956129753557861992e-02,-6.402544435300801251e-02,-7.941783121462428485e-02,8.336930037103360003e-02,-1.663677643537730261e-02,-1.870573822859986912e-01,-3.204302998632856947e-01,3.519953634519172869e-01,2.299191830735837216e-01,5.907921236766152662e-01,6.119439416337346671e-01,1.000000000000000000e+00,7.725266469081203402e-01,4.236737199658845987e-01,-2.276324138024251043e-01,4.896055049286117677e-01,5.843196482234906952e-01,1.890120633284371465e-01,8.724621143843035165e-02,4.133013426900857268e-01,4.267142510426280566e-01,5.943640596107548774e-02,4.720597977090489755e-02,6.157571496075621154e-01,7.078426162788634679e-01,5.394714375144711305e-01,3.501357521158504627e-01,2.868106691616317261e-01,2.848089614465713071e-01
-4.067446303669254304e-01,-5.015882632201361657e-01,-3.776239958735951308e-01,-2.754724080813259479e-01,-2.956669556966285417e-01,-1.888857055982974265e-01,-2.694799548117051136e-01,-8.625994678582159236e-02,9.350542422574999180e-02,-9.896844084835244859e-02,-1.338156409296947791e-01,-2.228304410918669487e-01,-9.574419446740965733e-02,-2.386277770406684817e-01,9.600978014671515681e-02,2.051171397254435702e-01,-6.420888369729096934e-02,-1.145495943664639887e-01,2.734790890274937381e-01,1.287703110956875396e-01,4.486618825670622424e-01,5.523118095756862633e-01,7.725266469081203402e-01,1.000000000000000000e+00,4.248758454661030193e-01,-1.315936756756636017e-02,2.886168300513556884e-01,6.845961675890928078e-01,4.486629810618288361e-01,3.518921264170683516e-01,5.742356181832638518e-01,6.858470871981285910e-01,5.713086402706022554e-02,-5.713238508228142554e-02,6.398051847806255354e-01,7.040388840858210484e-01,5.401150678228964219e-01,1.348185599935704526e-01,3.874400220850492405e-01,5.000861993235728997e-01
-5.001801406514779780e-01,-2.025610636458218539e-01,-3.418223762923949804e-01,-4.107288005460046909e-01,-3.359671196470992993e-01,-2.241496760793735277e-01,-3.260924839056546509e-01,-2.499970829302088082e-01,1.960427901600585998e-01,4.526496700868405665e-02,4.948202295419527191e-02,1.310988368251629621e-01,-5.073570009066513675e-01,-2.191597999575916889e-01,4.431174381407093077e-01,9.967658587237485102e-02,3.886059211972003324e-01,1.181865213577623780e-01,1.844256766278616344e-01,9.590139095629525434e-02,3.436886916657244107e-01,8.930921768769703450e-02,4.236737199658845987e-01,4.248758454661030193e-01,1.000000000000000000e+00,2.670972458891966439e-01,3.416462165743218149e-01,2.694038471216222974e-01,5.152918543183229033e-02,4.348664514637254341e-02,1.619979367642401247e-01,2.604009674589337631e-01,8.125020639805624612e-02,8.678782244729274509e-02,3.214408464849587421e-01,4.963210057983626911e-01,6.411592644601059598e-01,1.876095671429729439e-01,1.900957865121378210e-01,1.453137511539960292e-01
5.530020929359944111e-03,-5.881674818964597456e-02,-4.880864402759306220e-01,-4.139491129045919648e-01,-1.199587178797426740e-01,-1.478884930482173565e-01,-1.837567975679145205e-01,-4.421301344667397659e-01,5.853919983488121287e-02,-4.404659198444007551e-01,2.639868057550731617e-01,2.141905029641952285e-01,-2.334212920596616669e-01,-2.509207581848187374e-01,4.613090865033209753e-01,7.603114696828999763e-01,5.699979245599641198e-01,8.887404409968644448e-01,-7.734606958486184292e-02,6.083167815782108967e-02,-2.206538224073433807e-01,-3.100433529973321556e-01,-2.276324138024251043e-01,-1.315936756756636017e-02,2.670972458891966439e-01,1.000000000000000000e+00,-4.756573259430442735e-01,4.500388460087611370e-02,-1.374131897291190063e-01,2.572968592194281867e-01,-2.131211728313893161e-01,4.760562933194312230e-02,-9.362954152141790207e-03,-9.221635702365170439e-02,-1.361929690098394319e-01,2.706012860396467268e-01,3.989467860259745535e-01,1.522310197998610892e-01,-7.253066746924097946e-04,7.484961275646175027e-02
-4.571296557247566117e-01,-3.496814357744501556e-01,4.954417087318614688e-02,-1.315466654902397725e-01,-1.845045775057514992e-01,-2.626618555725863113e-01,1.039312725770912132e-01,1.720772274482172959e-01,2.600980073496619860e-01,2.994018767968976702e-01,-1.307976127281121614e-01,-2.804347871277809157e-01,-3.507920030031252967e-01,-1.857512097566828280e-01,-1.068373599245716621e-01,-3.143298609061352944e-01,-4.680115270342048994e-01,-6.468977603561888445e-01,3.605007206037864065e-01,1.798618591874850681e-01,5.540347903606475111e-01,1.572438438830925378e-01,4.896055049286117677e-01,2.886168300513556884e-01,3.416462165743218149e-01,-4.756573259430442735e-01,1.000000000000000000e+00,4.868555289611855019e-01,2.370854623179976250e-01,-1.013138535196206509e-02,3.600448948466613008e-01,3.020181131470089930e-01,2.586428730875131587e-01,2.867569796996947695e-01,4.625753402011155146e-01,2.252092687006152297e-02,2.297499928209922604e-01,1.619094135427611714e-01,2.776673307824950587e-01,4.170192837812376069e-02
-4.485418219647730464e-01,-6.240136805958819144e-01,-2.306413755880386551e-01,-2.005193851927674353e-01,-3.233601245193108431e-01,-3.312043192955720916e-01,-1.616147843233034787e-01,-7.539316593927797294e-02,1.778029048423339642e-01,-6.623212852361408387e-02,-1.430219134514647827e-01,-4.143415593603769209e-01,-1.329854193322189959e-01,-2.014501511949773616e-01,-1.289885757095316776e-01,2.991054159948822733e-01,-3.960361668353364895e-01,-1.529526009766549732e-01,3.696777601068983454e-01,1.394658287635520966e-01,3.111941171276590978e-01,3.016542231308485533e-01,5.843196482234906952e-01,6.845961675890928078e-01,2.694038471216222974e-01,4.500388460087611370e-02,4.868555289611855019e-01,1.000000000000000000e+00,3.305766266779857632e-01,3.726779612334148450e-01,4.203765756631329120e-01,7.360526748768188021e-01,2.904048574770385915e-01,1.444770413666980335e-01,5.008446193094274745e-01,4.496737580521720790e-01,4.368151626402219101e-01,1.745226860281317849e-01,3.398224467832854923e-01,3.666606700536462204e-01
-1.945298866280851247e-01,-2.074623774247504326e-01,-2.582378694893117665e-01,-2.683147514809937628e-01,-1.907068245494936420e-01,-2.473913157466239576e-01,-4.724390829490509452e-02,-4.943660455198248260e-02,3.342847600912497441e-01,2.366415831224397692e-01,-3.642505641737042721e-01,-3.230850252715221083e-01,-2.991400271835122360e-01,-1.414531798835910459e-01,2.069808792450219398e-02,7.455243671112940507e-02,-9.466205736506824731e-02,-1.694888039281624292e-01,-1.091888296350014137e-01,-2.540902822889074542e-01,1.370268842355464312e-01,8.312715928094116524e-02,1.890120633284371465e-01,4.486629810618288361e-01,5.152918543183229033e-02,-1.374131897291190063e-01,2.370854623179976250e-01,3.305766266779857632e-01,1.000000000000000000e+00,6.575778342890880035e-01,6.019552100267864247e-01,5.164136191422996625e-01,1.537569451367834690e-02,-1.659679286621770222e-01,5.053696214525463803e-01,1.381624780484479453e-01,3.151196941563242926e-01,-1.116586729080533830e-01,1.927519881974111837e-01,4.962300200869235178e-01
8.104174070619519794e-04,-1.543842081774333685e-01,-3.851163698858031670e-01,-3.618081550329735330e-01,-5.299199344543154000e-02,-2.196092077154816746e-01,-1.386025620920337265e-01,-3.014444729013636692e-01,4.731477182707255480e-01,1.034755696262968788e-01,-1.422468009533588429e-01,-2.904427711724840155e-01,-2.563654698880005189e-01,-2.111842056706916548e-01,6.007754424295148193e-02,4.326539569012454178e-01,-5.144539232062549788e-02,2.127744355734795534e-01,-2.166741373484392941e-01,-2.340080453692846008e-01,-1.193945522291768070e-03,-1.113425838917774663e-01,8.724621143843035165e-02,3.518921264170683516e-01,4.348664514637254341e-02,2.572968592194281867e-01,-1.013138535196206509e-02,3.726779612334148450e-01,6.575778342890880035e-01,1.000000000000000000e+00,6.163927735391345752e-01,5.147190888381312224e-01,-8.738678828322209158e-02,-4.856947802704124073e-01,2.294223491328296893e-01,1.028754996899893942e-01,4.196571866422488806e-01,2.385802741329339782e-01,2.242166002629600585e-01,5.666332065509420701e-01
-3.540690791809812943e-01,-3.793624150178479537e-01,-1.516937945057486303e-01,-1.178605654205909514e-01,2.486593358936690229e-02,-1.153624524565591142e-01,-8.897494671595124194e-02,-1.324555982140366260e-02,3.198594492773637055e-01,2.267425768333299896e-01,-3.412301909286735158e-01,-4.358174125681959499e-01,-1.479866524957683116e-01,-1.546733498843170240e-01,3.495944735501847755e-02,9.799007732254558234e-02,-1.859913065954355849e-01,-2.178024167438584180e-01,-1.039573747859802860e-01,-7.894023597398791559e-02,2.813784529388588806e-01,2.253177062233263084e-01,4.133013426900857268e-01,5.742356181832638518e-01,1.619979367642401247e-01,-2.131211728313893161e-01,3.600448948466613008e-01,4.203765756631329120e-01,6.019552100267864247e-01,6.163927735391345752e-01,1.000000000000000000e+00,5.440297442462408428e-01,-3.529722061192264726e-01,-5.071891517529658611e-01,3.388006735751429299e-01,1.167044269701438403e-01,3.971528790565584943e-01,7.899160698614679510e-02,8.903997653119815475e-03,6.905321741353777076e-01
-3.760343662193517122e-01,-4.252339951873917445e-01,-2.581931881494361480e-01,-1.588397855678476966e-01,-2.465319045447467439e-01,-2.634755068854089388e-01,-1.753925556114747097e-01,-1.654970118916627431e-01,3.862718519042890319e-01,1.299990985079503836e-01,-1.491821399931480829e-01,-3.043571680076030961e-01,-2.484814571721990495e-01,-1.934749937554027799e-01,-2.047890346766850500e-01,1.737978137611883023e-01,-2.629156743430376975e-01,-1.628227669695619662e-01,3.430981124845732255e-01,1.156816840813019026e-01,2.470894147104353566e-01,3.247631728451772504e-01,4.267142510426280566e-01,6.858470871981285910e-01,2.604009674589337631e-01,4.760562933194312230e-02,3.020181131470089930e-01,7.360526748768188021e-01,5.164136191422996625e-01,5.147190888381312224e-01,5.440297442462408428e-01,1.000000000000000000e+00,2.180769488523334187e-01,7.826913690455756384e-03,5.389514003528766972e-01,3.055260464741946791e-01,2.965289223611343727e-01,1.849582755131017400e-02,3.602575842256687255e-01,5.043481989176240576e-01
-1.481705823874173988e-01,-2.255273663835405951e-01,8.834416517516062439e-02,-3.107435335666973442e-02,-4.087013027543478505e-01,-2.949230412168645787e-01,-9.775284972220715796e-02,-9.427004116910021880e-02,8.323444418732457717e-02,7.173121682109701025e-02,-1.854938731795584619e-02,-8.399421124458621157e-02,-8.001285069581515197e-02,-1.655155984332016550e-01,-1.361596424034150210e-01,2.580358089282844269e-02,-2.447051881682496544e-01,-1.041982935513106889e-01,5.587699565314719896e-01,1.125760146983226379e-01,1.985389590991847031e-01,-1.010547943621986772e-01,5.943640596107548774e-02,5.713086402706022554e-02,8.125020639805624612e-02,-9.362954152141790207e-03,2.586428730875131587e-01,2.904048574770385915e-01,1.537569451367834690e-02,-8.738678828322209158e-02,-3.529722061192264726e-01,2.180769488523334187e-01,1.000000000000000000e+00,6.617346329826681028e-01,2.707503301374013516e-01,1.086273386260136614e-01,-8.252122027812214961e-03,-7.649487975881653912e-02,3.267811643283305423e-01,-2.982829157530426656e-01
-2.599002899496237751e-01,-1.432929563762792291e-01,3.247404007824615524e-02,-4.970243687914024239e-02,-4.058108415483261955e-01,-2.765253249095203647e-01,-5.221861879887194913e-02,-4.600663817452185084e-02,-2.499162226188360592e-01,-4.325924419858644121e-02,5.993267155934715873e-02,7.715292983429747342e-02,-4.653331611815856445e-02,-7.644075422081579585e-02,-1.223820476967896059e-01,-1.946479939021783789e-01,-1.763950759185582140e-01,-2.115370613735068350e-01,6.335925103090704891e-01,3.688109589437044700e-01,1.986870249949313771e-01,8.630178878748850924e-02,4.720597977090489755e-02,-5.713238508228142554e-02,8.678782244729274509e-02,-9.221635702365170439e-02,2.867569796996947695e-01,1.444770413666980335e-01,-1.659679286621770222e-01,-4.856947802704124073e-01,-5.071891517529658611e-01,7.826913690455756384e-03,6.617346329826681028e-01,1.000000000000000000e+00,1.371048528630429142e-01,1.272757915110855342e-01,-1.170272666212198442e-01,6.804794826185137091e-03,2.315986998524916796e-01,-3.228291021214651502e-01
-2.915255702237375957e-01,-3.222007090367808857e-01,-2.228979689164893863e-01,-2.534566181071881141e-01,-1.268594720763553674e-01,-1.613182221061459642e-01,5.032185845814998726e-02,2.279336418288027133e-01,3.639138984191594428e-01,1.609966429962357837e-01,-8.932216973466919688e-03,2.205420104229894804e-02,-4.267650287953125843e-01,-3.344328812247747695e-01,6.695404544674808667e-02,8.863274805384202537e-02,-8.228739580274790910e-02,-2.446102498341184150e-01,4.235669195460568526e-01,1.156018720266160787e-01,7.475285805908792325e-01,4.949446505893819181e-01,6.157571496075621154e-01,6.398051847806255354e-01,3.214408464849587421e-01,-1.361929690098394319e-01,4.625753402011155146e-01,5.008446193094274745e-01,5.053696214525463803e-01,2.294223491328296893e-01,3.388006735751429299e-01,5.389514003528766972e-01,2.707503301374013516e-01,1.371048528630429142e-01,1.000000000000000000e+00,5.529732712101761427e-01,4.453435133842151838e-01,4.981878811247088257e-02,4.120837590899869007e-01,2.762156194866616787e-01
-2.658784177742379851e-01,-3.572584139457823382e-01,-4.665841884648007643e-01,-3.293271760857365282e-01,-2.186730505985471362e-01,-2.966122489704157289e-02,-3.373495741202708897e-01,-1.283178403160142589e-01,-1.212566598922266287e-01,-3.252318527826416061e-01,2.523230554470599629e-01,2.134339028745929900e-01,-1.624497639493016898e-01,-2.452420288633778145e-01,3.797089942916174743e-01,3.660998571790426981e-01,2.908736158260452065e-01,2.228489932988970135e-01,2.933213200636813345e-01,2.121510165250040381e-01,3.913800725594144270e-01,4.590081466501050866e-01,7.078426162788634679e-01,7.040388840858210484e-01,4.963210057983626911e-01,2.706012860396467268e-01,2.252092687006152297e-02,4.496737580521720790e-01,1.381624780484479453e-01,1.028754996899893942e-01,1.167044269701438403e-01,3.055260464741946791e-01,1.086273386260136614e-01,1.272757915110855342e-01,5.529732712101761427e-01,1.000000000000000000e+00,7.012360486298737650e-01,2.731367562058396037e-01,2.640047564673388969e-01,2.550709192896000732e-01
-3.754537915347505028e-01,-3.877884978999499022e-01,-6.750418262771401556e-01,-6.007690361648467814e-01,-2.948838374819195973e-01,-2.583710084386167116e-01,-4.502468996977899152e-01,-3.356859878088086502e-01,2.311543963674523305e-01,-1.780061607084571507e-01,7.302743050090119981e-02,-3.331003789830791484e-02,-4.616560282970798013e-01,-3.788846354730764920e-01,5.429432986092389557e-01,5.166128068873075962e-01,2.924556485900520197e-01,2.740754856223914238e-01,1.086419046935107602e-01,1.095350926310924428e-01,3.475444355054089218e-01,5.045667758671016495e-02,5.394714375144711305e-01,5.401150678228964219e-01,6.411592644601059598e-01,3.989467860259745535e-01,2.297499928209922604e-01,4.368151626402219101e-01,3.151196941563242926e-01,4.196571866422488806e-01,3.971528790565584943e-01,2.965289223611343727e-01,-8.252122027812214961e-03,-1.170272666212198442e-01,4.453435133842151838e-01,7.012360486298737650e-01,1.000000000000000000e+00,3.575393157553680701e-01,1.283821190597134454e-01,4.020041699072103292e-01
1.108027463863897472e-01,1.132859346176660620e-01,-3.343451808053204410e-01,-3.331646669156824725e-01,1.188353751921966961e-01,1.001194101555935023e-01,-2.081222813475984423e-01,-2.826549030059124501e-01,7.590920565433730005e-02,-1.421447402236640789e-01,4.065841599489929403e-01,5.324034710557695727e-02,-2.937796600961496002e-02,1.763534676663333287e-02,1.439762656164644272e-01,1.133122212109140131e-01,-3.389389456188961203e-02,4.490658743664709129e-02,6.816494120459684614e-02,2.890622986637240155e-01,1.457530690426398767e-01,7.090078521778449272e-02,3.501357521158504627e-01,1.348185599935704526e-01,1.876095671429729439e-01,1.522310197998610892e-01,1.619094135427611714e-01,1.745226860281317849e-01,-1.116586729080533830e-01,2.385802741329339782e-01,7.899160698614679510e-02,1.849582755131017400e-02,-7.649487975881653912e-02,6.804794826185137091e-03,4.981878811247088257e-02,2.731367562058396037e-01,3.575393157553680701e-01,1.000000000000000000e+00,2.960343704002904031e-01,1.634912724655702698e-01
-1.669617195285456879e-01,-1.262085203862279292e-01,-1.585501352119385310e-01,-2.948712825389598891e-01,-1.575619669852791893e-01,-1.892004846012600161e-01,3.560757260778108207e-03,-1.064278493506023160e-01,2.432106247667614185e-01,4.305318252355339742e-02,5.355261562294535288e-02,-1.282514618216021862e-01,-7.489488643094131815e-02,-9.930373248073136316e-02,-1.666064000842639239e-02,1.118842744990082710e-01,-9.685095817500681548e-02,-6.067481598536857146e-02,2.682626086023016110e-01,6.667925526866341768e-02,2.120920177465779877e-01,1.357384522598678034e-01,2.868106691616317261e-01,3.874400220850492405e-01,1.900957865121378210e-01,-7.253066746924097946e-04,2.776673307824950587e-01,3.398224467832854923e-01,1.927519881974111837e-01,2.242166002629600585e-01,8.903997653119815475e-03,3.602575842256687255e-01,3.267811643283305423e-01,2.315986998524916796e-01,4.120837590899869007e-01,2.640047564673388969e-01,1.283821190597134454e-01,2.960343704002904031e-01,1.000000000000000000e+00,2.268810809956278152e-01
