1.000000000000000000e+00,8.488633198566645222e-01,-2.393795970306323573e-01,-2.587553661513071757e-01,5.172656164133295764e-01,4.515753176145661518e-01,2.091732038749029576e-01,-8.682805775234304912e-02,-6.201528562765801222e-01,-4.167007568982919463e-01,-3.916020084727681594e-01,3.125314117175110318e-01,4.705599527171203666e-01,-9.065039604903368797e-02,-7.447006036686866226e-01,-6.924122632360498741e-01,-6.977624948858680565e-01,-3.670445926671545012e-01,1.518424320329340299e-02,-8.157544297626904972e-02,-2.743194096323733344e-01,8.941321500517725174e-02,-2.657706780642256073e-01,-3.056284553808363835e-01,-5.799352198931931879e-01,-1.114172121668468018e-01,-5.006039295479811635e-01,-3.358147137611315891e-01,-2.355985388402644931e-01,-1.957955033168966019e-01,-2.213332147344345691e-01,-1.044519004587235317e-01,1.738507950869311314e-01,1.578159324390324414e-01,1.580239251804714251e-01,-1.145870378527428513e-01,-9.153776688739304057e-02,-1.843059409687004130e-02,2.973327736175844851e-02,-4.342498244732309054e-01
8.488633198566645222e-01,1.000000000000000000e+00,-3.056896353279611733e-01,-2.334845572656003010e-01,5.604919971264634704e-01,5.428318558137794625e-01,3.328224372659407404e-01,1.149702540263072559e-01,-7.452090471095601520e-01,-5.294037043736004033e-01,-4.260530904317461065e-01,3.002088547265612251e-01,5.294734141170839292e-01,-1.046072427762014811e-01,-6.705609056477755958e-01,-7.218694635598866816e-01,-5.622925492891577282e-01,-4.483495064644201222e-01,-6.683985850978899079e-02,-2.201120384547266273e-01,-4.527562565221909807e-01,-5.698142560201253926e-02,-2.505471505605111893e-01,-3.594664504122527249e-01,-5.102263957973584008e-01,-1.900194540253912490e-01,-4.950113664895106624e-01,-4.290344520018631314e-01,-2.649266222803233761e-01,-2.664088121505593376e-01,-2.434002956515078919e-01,-2.447220659320629987e-01,9.125165288249148521e-02,-1.548889102522808077e-03,2.396514129255207237e-01,-6.690937172452413040e-02,-6.688417951647550319e-02,1.055709641013126421e-02,1.045759248245702738e-01,-4.313807179169635853e-01
-2.393795970306323573e-01,-3.056896353279611733e-01,1.000000000000000000e+00,8.477953797339291553e-01,3.567855753671316799e-01,4.088492804473801701e-01,-1.527799590410352376e-02,9.098671229942115191e-02,2.420224357866260223e-01,1.052168794859174999e-01,7.227819194160749194e-02,-5.153559207689211580e-02,-1.223965351706871596e-01,2.176196769662194497e-01,-2.224912258339294124e-02,-4.098688974157676385e-02,-7.696732618706747520e-02,-1.502610963380529574e-01,-7.998204378120833680e-02,-1.040827802142824110e-01,3.070832506267238970e-03,-2.429788381869840141e-01,-2.731528505661223738e-01,-2.144693688976325452e-01,-6.449418235991244419e-02,-2.016309724694265726e-01,-7.547516005998200495e-02,-1.821248266652682191e-01,-1.110017757695414276e-01,-3.186087837874883588e-01,1.627892079886811838e-01,-5.950526033891338773e-02,-1.781824446778239313e-02,-1.526321089808005682e-01,-9.310636262227632576e-02,-1.705224099716358410e-01,-3.071204790037648236e-01,-2.254109224466068484e-01,-1.148776571375719757e-01,1.499158823895945236e-01
-2.587553661513071757e-01,-2.334845572656003010e-01,8.477953797339291553e-01,1.000000000000000000e+00,4.728179521292975585e-01,5.138398984195176045e-01,1.407987640531068174e-01,1.780766496494611550e-01,2.546926718960512703e-01,1.807133801767216996e-01,-2.666486391012647811e-02,-8.924701812427690562e-02,-4.063539805118783488e-02,2.465558871177028488e-01,-2.541409818165659036e-03,-6.838450371614977763e-02,-5.011759293042832714e-02,-2.362842964211981645e-01,3.117759362821484470e-02,-2.323570049029241667e-03,-7.369020858165255261e-02,-3.283325794723021551e-01,-2.872539103556661089e-01,-1.881744256047047925e-01,-8.929554358912158984e-02,-3.161517542783833234e-01,-1.465037773073188665e-01,-1.687721915115006910e-01,-1.108208327337099897e-01,-2.964377640331831709e-01,2.276734585469921690e-01,-8.858437783608064109e-02,-2.521222081607514820e-01,-1.806571095531036841e-01,-2.427700262119427965e-01,-2.574754495197686399e-01,-2.373575528448831351e-01,-1.996281725316330080e-01,-7.645333816372959501e-02,2.370790167088707157e-01
5.172656164133295764e-01,5.604919971264634704e-01,3.567855753671316799e-01,4.728179521292975585e-01,1.000000000000000000e+00,9.547346940258475412e-01,5.884993114743136688e-01,3.850253528458131846e-01,-3.907464744935803536e-01,-3.545952199889622625e-01,-4.746567109305273591e-01,2.638582333358112098e-01,4.490721597822336375e-01,1.315117699752504088e-01,-6.981413075541045288e-01,-6.363988370803068673e-01,-6.424737984092973031e-01,-6.457912054294627779e-01,-4.442401870383703294e-02,-2.038117733200479897e-01,-3.302776569006453666e-01,-3.220507113392829801e-01,-4.691000406849852311e-01,-5.536303900640552333e-01,-6.911743082901724566e-01,-4.274079853449906929e-01,-6.841865421594143237e-01,-5.478696772913016488e-01,-3.478491385320908180e-01,-4.107002728106067813e-01,2.646736415832299377e-03,-4.099122725256849620e-01,-2.857338616446684909e-02,-2.581223277888441275e-02,5.880836504993317698e-02,-3.610002287259393428e-01,-3.931718189972493449e-01,-8.556694713049274592e-02,1.674868839805164836e-02,-1.915814957824079345e-01
4.515753176145661518e-01,5.428318558137794625e-01,4.088492804473801701e-01,5.138398984195176045e-01,9.547346940258475412e-01,1.000000000000000000e+00,6.140666313591566228e-01,4.658506627889161811e-01,-4.223123523458450213e-01,-3.912457468161142371e-01,-4.566727231608539439e-01,2.239027856259843685e-01,4.358730652459393839e-01,1.244123764657930481e-01,-6.378809719623721453e-01,-6.315640584906293542e-01,-5.695505058026744116e-01,-6.719806391916505195e-01,-1.484786386838288785e-01,-2.902666220125570407e-01,-3.682777987842487111e-01,-3.900015169962403050e-01,-4.634946331896340754e-01,-5.566018039544194940e-01,-6.494825870913106813e-01,-4.665460606620986383e-01,-6.555322769155204066e-01,-5.933746851438533865e-01,-3.011978828789674267e-01,-4.228099015233692803e-01,-1.106687862803941609e-02,-4.535295726365720093e-01,-4.480882770678612514e-02,-1.280603805706486964e-01,7.057196219060481168e-02,-3.060099381210391600e-01,-3.698730838812250843e-01,-6.984142735351543674e-02,5.106978903699287836e-02,-1.262935656165741771e-01
2.091732038749029576e-01,3.328224372659407404e-01,-1.527799590410352376e-02,1.407987640531068174e-01,5.884993114743136688e-01,6.140666313591566228e-01,1.000000000000000000e+00,8.341488228854758713e-01,-3.046733386334689042e-01,-3.715814925408523206e-01,-3.103917398967190877e-01,2.812050477165969897e-01,2.216250818914346221e-01,-8.996244740716465016e-02,-3.498144909140594172e-01,-3.492182740914787642e-01,-1.697135210874220201e-01,-4.113473651544171106e-01,5.072183325925229413e-02,-1.293864537917417123e-01,-1.057065515747240003e-01,-5.105630970335791469e-02,-2.198977825324920088e-01,-3.665818911919480061e-01,-4.393976771310250107e-01,-2.006830065409045960e-01,-4.724566273378429937e-01,-3.269675362231692639e-01,-1.366577952155044184e-01,-8.277655809553653710e-02,1.381567717248311788e-01,-4.922372667456051953e-01,-8.414021391076366430e-02,9.107374305641899315e-02,1.580045320396163411e-01,-5.967748056466132961e-02,-1.326867633650432032e-01,-5.519489365425305633e-02,1.275622448014457067e-01,-1.919478233748395379e-01
-8.682805775234304912e-02,1.149702540263072559e-01,9.098671229942115191e-02,1.780766496494611550e-01,3.850253528458131846e-01,4.658506627889161811e-01,8.341488228854758713e-01,1.000000000000000000e+00,-1.430630494449310064e-01,-2.594593290150934428e-01,-1.324078729986162273e-01,2.090148375225331645e-01,9.321885062845418346e-02,-1.045213891025914832e-01,-7.969668532292382979e-02,-2.192335433734496908e-01,7.753058490094826005e-02,-4.023080975640303536e-01,-4.770525633408447832e-04,-1.691409788805235126e-01,1.369247905118793109e-02,-8.762249498260540892e-02,-1.641573651468994366e-01,-3.226053238973149440e-01,-2.428847067393336834e-01,-2.481051260096423794e-01,-2.963690426610403050e-01,-2.642340351981627422e-01,-7.189328675036603389e-02,-1.404212666768893669e-01,1.322611242252673680e-01,-4.448337203962650088e-01,-1.505606190865106941e-01,3.406032460038674325e-02,2.064754674152831926e-01,-4.863302046539490914e-02,-2.610047324739751540e-01,-1.315390930658787150e-01,1.174155144973914877e-01,-1.032922277913322570e-02
-6.201528562765801222e-01,-7.452090471095601520e-01,2.420224357866260223e-01,2.546926718960512703e-01,-3.907464744935803536e-01,-4.223123523458450213e-01,-3.046733386334689042e-01,-1.430630494449310064e-01,1.000000000000000000e+00,7.455148781003158032e-01,2.556865019920263049e-01,-1.242960524558879565e-01,-3.092896163546106636e-01,3.351687014210605331e-01,4.055084851915974342e-01,4.148590730309798524e-01,2.703210240514828389e-01,2.510582853560474059e-01,2.937049683876716277e-01,4.133093160818873679e-01,4.067651471241189309e-01,1.605281199911590406e-01,-2.856926027333444099e-02,1.051306815390430083e-01,2.984972421691248767e-01,1.201770257311682438e-01,2.663242689199654678e-01,2.221814547713937549e-01,6.891817781005105115e-02,6.371128009110911539e-02,1.109469930513043712e-01,4.056957298502838483e-01,8.221774255813821264e-02,2.616887035760200320e-01,-4.041567326041022867e-01,-2.389492660736642904e-01,-1.342753311857951271e-01,-2.900241064598392537e-02,-9.949067900273621257e-02,2.136266766563765795e-01
-4.167007568982919463e-01,-5.294037043736004033e-01,1.052168794859174999e-01,1.807133801767216996e-01,-3.545952199889622625e-01,-3.912457468161142371e-01,-3.715814925408523206e-01,-2.594593290150934428e-01,7.455148781003158032e-01,1.000000000000000000e+00,1.304725611106849308e-02,-3.533438795508788699e-01,-3.601125597122816768e-01,1.195198863935967026e-01,3.672240157806442307e-01,3.058540658063056972e-01,1.763472367546830843e-01,2.103898618828219380e-01,1.012473881152647359e-01,3.317853711103930237e-01,1.630466766440425430e-01,8.434366482351979971e-03,-1.016651122199793561e-01,5.858185726975614210e-02,2.036051827151663385e-01,-1.368728854902282084e-02,3.006798982820109156e-01,2.026293258341348158e-01,2.973751239935036247e-02,-8.471463543674732227e-03,-1.407412742542699623e-02,3.438601869406853195e-01,4.178354086376890458e-03,4.267710502009621626e-02,-3.805612306135496281e-01,-1.888773179176548855e-01,-1.094916264860343047e-01,9.234146532709565369e-02,-3.205352188106531663e-01,1.555798712928659067e-01
-3.916020084727681594e-01,-4.260530904317461065e-01,7.227819194160749194e-02,-2.666486391012647811e-02,-4.746567109305273591e-01,-4.566727231608539439e-01,-3.103917398967190877e-01,-1.324078729986162273e-01,2.556865019920263049e-01,1.304725611106849308e-02,1.000000000000000000e+00,2.695629265962513066e-01,-2.894356506712513211e-01,-1.647306278867303186e-01,4.895042341197884395e-01,4.497436875255373945e-01,4.078644832958349120e-01,4.797512896993911258e-01,7.535620299203493744e-02,-1.379937279636526681e-01,2.850335086704333665e-01,2.718576118848615164e-01,3.515413962713164753e-01,3.766509986949319599e-01,6.020898907449879767e-01,3.585032648370288233e-01,5.463919394523408801e-01,4.834400210875839377e-01,2.579762885990576349e-01,1.971519960648579484e-01,1.197488031999614094e-01,4.246666862320959690e-01,-1.400677885895313668e-01,2.610039921577688160e-01,-1.273650078081852155e-01,1.850964265073990478e-01,3.927771934726211334e-01,-4.514978019626270100e-02,3.578913313757552117e-02,5.465049763057774901e-02
3.125314117175110318e-01,3.002088547265612251e-01,-5.153559207689211580e-02,-8.924701812427690562e-02,2.638582333358112098e-01,2.239027856259843685e-01,2.812050477165969897e-01,2.090148375225331645e-01,-1.242960524558879565e-01,-3.533438795508788699e-01,2.695629265962513066e-01,1.000000000000000000e+00,2.042071942723223121e-01,-5.037252640852939861e-02,-4.917820322289040980e-01,-4.975758385536450668e-01,-3.172480482736451668e-01,-3.917425103520185137e-01,2.613528510552446948e-01,-7.628557770373634028e-02,1.475066587712683397e-01,3.856190096375419762e-01,-2.271089728904905347e-01,-3.428398943572648627e-01,-3.618650619815774738e-01,-2.197330898223565920e-01,-4.785219413202141392e-01,-3.958826214738266347e-01,-4.481386674959439431e-02,-1.441457387484290364e-01,-1.799185060786448465e-02,-2.807747788408278961e-02,1.823965397442673941e-01,5.406817309386636738e-01,-7.909264879610207466e-02,-1.753939920837453703e-01,-2.544237994858803559e-02,5.151948032694774783e-03,1.622679256918903024e-01,-4.887860091758326475e-01
4.705599527171203666e-01,5.294734141170839292e-01,-1.223965351706871596e-01,-4.063539805118783488e-02,4.490721597822336375e-01,4.358730652459393839e-01,2.216250818914346221e-01,9.321885062845418346e-02,-3.092896163546106636e-01,-3.601125597122816768e-01,-2.894356506712513211e-01,2.042071942723223121e-01,1.000000000000000000e+00,3.862516282734873019e-01,-4.678060655595876471e-01,-5.594707506637480732e-01,-4.311154678827920361e-01,-3.969057704082120108e-01,1.395836462846780819e-02,-1.527196556110091974e-01,-2.795939160710315674e-01,-1.843237411927022007e-01,-1.338958296543741600e-01,-2.957208146816833194e-01,-2.786600068963388521e-01,-1.317086674048089101e-01,-3.245953395358298077e-01,-2.953455044616430381e-01,-2.058504588086211284e-01,-2.064107088829384706e-01,5.454757639096340788e-02,-1.171995519196110946e-01,9.245782830064445956e-02,-7.608116457971096647e-02,5.422500979954253397e-02,-2.450635929867386043e-01,-1.950349123240364413e-01,1.089220776860729267e-01,1.896184308686073572e-01,-4.901610049897689447e-02
-9.065039604903368797e-02,-1.046072427762014811e-01,2.176196769662194497e-01,2.465558871177028488e-01,1.315117699752504088e-01,1.244123764657930481e-01,-8.996244740716465016e-02,-1.045213891025914832e-01,3.351687014210605331e-01,1.195198863935967026e-01,-1.647306278867303186e-01,-5.037252640852939861e-02,3.862516282734873019e-01,1.000000000000000000e+00,-1.434921657850343479e-01,-9.876927437911546537e-02,-2.593227309129814140e-01,-1.554373023834865475e-01,1.895568125648536273e-01,8.406948040011849588e-02,5.734823351877325892e-03,-1.226447588597147503e-01,-6.718550869123235403e-02,-4.573552948452262734e-02,-7.429689991536501947e-02,-2.354578084516598113e-02,-8.428809799476034981e-02,-5.106621024866858996e-03,-1.914571310011788374e-01,-1.527252188350824436e-01,1.366343160052881922e-01,1.395697304609281875e-01,-4.553953522105592955e-02,5.997396950664003572e-03,-1.081568686999075657e-01,-1.522050168079362442e-01,-3.026243030339990647e-01,-2.337076211234141443e-01,-5.306992375806385970e-02,3.001111180113394394e-01
-7.447006036686866226e-01,-6.705609056477755958e-01,-2.224912258339294124e-02,-2.541409818165659036e-03,-6.981413075541045288e-01,-6.378809719623721453e-01,-3.498144909140594172e-01,-7.969668532292382979e-02,4.055084851915974342e-01,3.672240157806442307e-01,4.895042341197884395e-01,-4.917820322289040980e-01,-4.678060655595876471e-01,-1.434921657850343479e-01,1.000000000000000000e+00,8.182173437363678969e-01,8.129504148475812375e-01,6.537631343673153683e-01,-1.947926006700516008e-02,1.255988696284902340e-01,2.605690858541005461e-01,4.495107326332252462e-02,5.430129638159060246e-01,6.584397947196333201e-01,7.751688442377021593e-01,3.577511229016436811e-01,7.609920508370453529e-01,6.171569594656785007e-01,1.679935460585317564e-01,2.210179522084206316e-01,1.350193370353563321e-02,2.969186900705877985e-01,-3.078972626704887805e-01,-1.423727640472148837e-01,-1.715410114229382055e-02,3.204490446782023993e-01,4.341828407610986984e-01,1.154654814888993013e-02,-1.821168699129021018e-01,4.289100719860840516e-01
-6.924122632360498741e-01,-7.218694635598866816e-01,-4.098688974157676385e-02,-6.838450371614977763e-02,-6.363988370803068673e-01,-6.315640584906293542e-01,-3.492182740914787642e-01,-2.192335433734496908e-01,4.148590730309798524e-01,3.058540658063056972e-01,4.497436875255373945e-01,-4.975758385536450668e-01,-5.594707506637480732e-01,-9.876927437911546537e-02,8.182173437363678969e-01,1.000000000000000000e+00,6.835398396223313355e-01,7.879440833081572393e-01,-1.072834287146329051e-02,1.553371230444448303e-01,3.231536088436267051e-01,1.115717535078721012e-01,5.344672937645005284e-01,6.630370068943689521e-01,7.290171923789623420e-01,5.159162286897972516e-01,7.131070766144764761e-01,6.930581015482740748e-01,1.939979713561155172e-01,4.290453074071134965e-01,6.984513657260187081e-02,2.657361651209151909e-01,-2.380944538846641312e-01,-3.822569376494166365e-02,-2.953053456943703983e-02,2.814670167923242206e-01,3.795740889570605736e-01,4.822942149354531027e-02,-3.776467693377805884e-02,3.699261867339504462e-01
-6.977624948858680565e-01,-5.622925492891577282e-01,-7.696732618706747520e-02,-5.011759293042832714e-02,-6.424737984092973031e-01,-5.695505058026744116e-01,-1.697135210874220201e-01,7.753058490094826005e-02,2.703210240514828389e-01,1.763472367546830843e-01,4.078644832958349120e-01,-3.172480482736451668e-01,-4.311154678827920361e-01,-2.593227309129814140e-01,8.129504148475812375e-01,6.835398396223313355e-01,1.000000000000000000e+00,5.450986892535981676e-01,1.211432967563067994e-02,9.464041051551980166e-02,2.662152656225033609e-01,1.166845659866905804e-01,4.336743737868816728e-01,5.075486577202288352e-01,7.411105756208015150e-01,3.001216669177187435e-01,6.329868852991443751e-01,5.077138945078565335e-01,2.449427347621254969e-01,3.335694800139938909e-01,1.296588412854839945e-01,1.147076347053151424e-01,-2.111203882919502894e-01,-1.807127131506904849e-01,1.123677609653463971e-01,3.855080933480611871e-01,4.798936183712897430e-01,1.241782502727337839e-01,1.093369731816130896e-01,2.229212925005301382e-01
-3.670445926671545012e-01,-4.483495064644201222e-01,-1.502610963380529574e-01,-2.362842964211981645e-01,-6.457912054294627779e-01,-6.719806391916505195e-01,-4.113473651544171106e-01,-4.023080975640303536e-01,2.510582853560474059e-01,2.103898618828219380e-01,4.797512896993911258e-01,-3.917425103520185137e-01,-3.969057704082120108e-01,-1.554373023834865475e-01,6.537631343673153683e-01,7.879440833081572393e-01,5.450986892535981676e-01,1.000000000000000000e+00,6.715966973004591778e-02,1.401839085197410795e-01,2.717915784955223235e-01,2.899921124844727083e-01,5.923533115442157770e-01,7.269601260978327817e-01,7.250909271759445884e-01,7.865415693168337219e-01,8.073983661444774640e-01,8.148978144600246276e-01,1.700521517363713375e-01,4.054241047752732974e-01,3.183133388879899953e-03,4.927155778820364040e-01,-7.738457937751513915e-02,4.344821564890608001e-02,3.369014052602489241e-03,3.837263517844459737e-01,5.255364416470565958e-01,1.267954459550255375e-01,-1.032576908141324447e-02,1.201269140661569979e-01
1.518424320329340299e-02,-6.683985850978899079e-02,-7.998204378120833680e-02,3.117759362821484470e-02,-4.442401870383703294e-02,-1.484786386838288785e-01,5.072183325925229413e-02,-4.770525633408447832e-04,2.937049683876716277e-01,1.012473881152647359e-01,7.535620299203493744e-02,2.613528510552446948e-01,1.395836462846780819e-02,1.895568125648536273e-01,-1.947926006700516008e-02,-1.072834287146329051e-02,1.211432967563067994e-02,6.715966973004591778e-02,1.000000000000000000e+00,7.278488742564452885e-01,5.969168841150234162e-01,6.121200768817979254e-01,2.975614356020446494e-02,1.768236412393728585e-01,2.242520460180940506e-02,2.068447304755654526e-01,3.659082676359638742e-02,2.329516960505440271e-01,-1.843103763473020185e-01,-2.881723486636514342e-02,9.363538504503859938e-02,4.285789988027087216e-01,-3.346344129707307796e-02,6.718301317362758152e-01,-1.782981405699658184e-01,4.265981693491707055e-03,1.576676159763388541e-01,-2.572941703433716532e-01,1.198638721669783441e-01,-8.378088815966937275e-02
-8.157544297626904972e-02,-2.201120384547266273e-01,-1.040827802142824110e-01,-2.323570049029241667e-03,-2.038117733200479897e-01,-2.902666220125570407e-01,-1.293864537917417123e-01,-1.691409788805235126e-01,4.133093160818873679e-01,3.317853711103930237e-01,-1.379937279636526681e-01,-7.628557770373634028e-02,-1.527196556110091974e-01,8.406948040011849588e-02,1.255988696284902340e-01,1.553371230444448303e-01,9.464041051551980166e-02,1.401839085197410795e-01,7.278488742564452885e-01,1.000000000000000000e+00,5.211844085386597714e-01,5.027855202421704917e-01,2.339959473957813410e-02,1.673908390430713378e-01,5.894966108432703189e-02,1.154510763520556066e-01,7.620431640773463189e-02,1.778898770662764306e-01,-1.489947873101418394e-02,1.341404154753524647e-01,1.351748919423665374e-01,3.733875359811060779e-01,-2.263262661721273869e-02,3.357855335289799958e-01,-2.638343750462988635e-01,-8.071248626076382715e-02,1.027587189459258366e-01,-3.819607330271326123e-02,1.032704109028361322e-01,3.316099482295259415e-02
-2.743194096323733344e-01,-4.527562565221909807e-01,3.070832506267238970e-03,-7.369020858165255261e-02,-3.302776569006453666e-01,-3.682777987842487111e-01,-1.057065515747240003e-01,1.369247905118793109e-02,4.067651471241189309e-01,1.630466766440425430e-01,2.850335086704333665e-01,1.475066587712683397e-01,-2.795939160710315674e-01,5.734823351877325892e-03,2.605690858541005461e-01,3.231536088436267051e-01,2.662152656225033609e-01,2.717915784955223235e-01,5.969168841150234162e-01,5.211844085386597714e-01,1.000000000000000000e+00,7.270564243557052775e-01,3.028028699026157344e-01,3.709627988986074487e-01,2.257682884767790166e-01,2.864041146636210899e-01,2.581517513067967395e-01,3.958132516985115590e-01,1.784619265383393105e-01,2.725037206034486292e-01,1.941552575988315932e-01,3.070863419402132810e-01,-1.331060947659540583e-01,5.712328341694847822e-01,8.299323699621459494e-02,2.721736829025898641e-01,2.108373558344718568e-01,-5.696318992411283921e-02,1.039762588329911641e-01,1.220805629849883028e-01
8.941321500517725174e-02,-5.698142560201253926e-02,-2.429788381869840141e-01,-3.283325794723021551e-01,-3.220507113392829801e-01,-3.900015169962403050e-01,-5.105630970335791469e-02,-8.762249498260540892e-02,1.605281199911590406e-01,8.434366482351979971e-03,2.718576118848615164e-01,3.856190096375419762e-01,-1.843237411927022007e-01,-1.226447588597147503e-01,4.495107326332252462e-02,1.115717535078721012e-01,1.166845659866905804e-01,2.899921124844727083e-01,6.121200768817979254e-01,5.027855202421704917e-01,7.270564243557052775e-01,1.000000000000000000e+00,2.917057373529567954e-01,3.533752927923459741e-01,1.281999285799085286e-01,3.259455397778802666e-01,1.270924050394995619e-01,3.292403985885142825e-01,6.137561280518916834e-02,2.082609229088577818e-01,-1.114797192090026708e-02,3.294038895057037064e-01,-5.705549136062123237e-03,6.628867929959045835e-01,1.062646442482212128e-01,3.064982635438500691e-01,3.785412338504876573e-01,-7.310731623408285584e-02,1.068292786835909891e-01,-2.483101393863844930e-01
-2.657706780642256073e-01,-2.505471505605111893e-01,-2.731528505661223738e-01,-2.872539103556661089e-01,-4.691000406849852311e-01,-4.634946331896340754e-01,-2.198977825324920088e-01,-1.641573651468994366e-01,-2.856926027333444099e-02,-1.016651122199793561e-01,3.515413962713164753e-01,-2.271089728904905347e-01,-1.338958296543741600e-01,-6.718550869123235403e-02,5.430129638159060246e-01,5.344672937645005284e-01,4.336743737868816728e-01,5.923533115442157770e-01,2.975614356020446494e-02,2.339959473957813410e-02,3.028028699026157344e-01,2.917057373529567954e-01,1.000000000000000000e+00,7.803248146825548792e-01,5.435189155477057055e-01,5.153585712089804316e-01,5.609390085684460292e-01,6.442627278203452157e-01,1.398510563432962817e-01,2.797678219401703026e-01,1.962320631337910806e-02,1.747693577266622722e-01,-3.195543433785200671e-01,-5.172269533197318414e-02,2.434380378267692047e-01,7.080424687589930155e-01,6.309541928615259865e-01,2.335906104112497189e-02,1.378314321381889085e-01,3.875168375690470901e-01
-3.056284553808363835e-01,-3.594664504122527249e-01,-2.144693688976325452e-01,-1.881744256047047925e-01,-5.536303900640552333e-01,-5.566018039544194940e-01,-3.665818911919480061e-01,-3.226053238973149440e-01,1.051306815390430083e-01,5.858185726975614210e-02,3.766509986949319599e-01,-3.428398943572648627e-01,-2.957208146816833194e-01,-4.573552948452262734e-02,6.584397947196333201e-01,6.630370068943689521e-01,5.075486577202288352e-01,7.269601260978327817e-01,1.768236412393728585e-01,1.673908390430713378e-01,3.709627988986074487e-01,3.533752927923459741e-01,7.803248146825548792e-01,1.000000000000000000e+00,6.697470452450882128e-01,5.937720075590845470e-01,6.445170717256769599e-01,7.554461800011199601e-01,1.443712043516841570e-01,3.439511319082644292e-01,6.091844955272094492e-02,3.042907085026551051e-01,-3.686686843916485712e-01,3.491355011122464908e-02,8.898894875790142045e-02,6.126385540694964105e-01,6.054358045075627359e-01,-1.213147693302228658e-01,-4.257433569283997771e-02,4.099512090491495564e-01
-5.799352198931931879e-01,-5.102263957973584008e-01,-6.449418235991244419e-02,-8.929554358912158984e-02,-6.911743082901724566e-01,-6.494825870913106813e-01,-4.393976771310250107e-01,-2.428847067393336834e-01,2.984972421691248767e-01,2.036051827151663385e-01,6.020898907449879767e-01,-3.618650619815774738e-01,-2.786600068963388521e-01,-7.429689991536501947e-02,7.751688442377021593e-01,7.290171923789623420e-01,7.411105756208015150e-01,7.250909271759445884e-01,2.242520460180940506e-02,5.894966108432703189e-02,2.257682884767790166e-01,1.281999285799085286e-01,5.435189155477057055e-01,6.697470452450882128e-01,1.000000000000000000e+00,5.192520735537888843e-01,8.609916376750081923e-01,6.996412057197042289e-01,2.609056370024763760e-01,4.160148851136543646e-01,1.749042121252846749e-01,4.039152496141451554e-01,-1.587068803909898740e-01,-1.189583095673334562e-01,-1.021593794283627427e-01,3.028931273203392394e-01,4.780810979016106299e-01,1.456662835190258853e-01,1.481684357759612269e-01,2.461457126493063752e-01
-1.114172121668468018e-01,-1.900194540253912490e-01,-2.016309724694265726e-01,-3.161517542783833234e-01,-4.274079853449906929e-01,-4.665460606620986383e-01,-2.006830065409045960e-01,-2.481051260096423794e-01,1.201770257311682438e-01,-1.368728854902282084e-02,3.585032648370288233e-01,-2.197330898223565920e-01,-1.317086674048089101e-01,-2.354578084516598113e-02,3.577511229016436811e-01,5.159162286897972516e-01,3.001216669177187435e-01,7.865415693168337219e-01,2.068447304755654526e-01,1.154510763520556066e-01,2.864041146636210899e-01,3.259455397778802666e-01,5.153585712089804316e-01,5.937720075590845470e-01,5.192520735537888843e-01,1.000000000000000000e+00,6.628624168715413489e-01,7.532068525981232554e-01,-2.267632954169099616e-02,3.174719713221725303e-01,-3.389028780994229016e-03,4.501283853734888707e-01,1.547804898162167819e-01,1.768581399236283380e-01,1.640231676352582879e-01,4.062351485481784930e-01,4.102324524104261072e-01,5.210854273746719223e-02,1.186806642938447176e-01,-7.071428049264820437e-02
-5.006039295479811635e-01,-4.950113664895106624e-01,-7.547516005998200495e-02,-1.465037773073188665e-01,-6.841865421594143237e-01,-6.555322769155204066e-01,-4.724566273378429937e-01,-2.963690426610403050e-01,2.663242689199654678e-01,3.006798982820109156e-01,5.463919394523408801e-01,-4.785219413202141392e-01,-3.245953395358298077e-01,-8.428809799476034981e-02,7.609920508370453529e-01,7.131070766144764761e-01,6.329868852991443751e-01,8.073983661444774640e-01,3.659082676359638742e-02,7.620431640773463189e-02,2.581517513067967395e-01,1.270924050394995619e-01,5.609390085684460292e-01,6.445170717256769599e-01,8.609916376750081923e-01,6.628624168715413489e-01,1.000000000000000000e+00,8.404503281506351398e-01,2.093364208920119596e-01,3.810660644728226520e-01,1.147953414438827591e-01,5.645146298565696386e-01,-7.622347436010432076e-02,-1.159348590602407858e-01,1.892982580469682735e-02,3.574917295653001759e-01,4.751954838608111187e-01,1.691870817846973518e-01,4.395698646263027087e-02,2.086124788864247015e-01
-3.358147137611315891e-01,-4.290344520018631314e-01,-1.821248266652682191e-01,-1.687721915115006910e-01,-5.478696772913016488e-01,-5.933746851438533865e-01,-3.269675362231692639e-01,-2.642340351981627422e-01,2.221814547713937549e-01,2.026293258341348158e-01,4.834400210875839377e-01,-3.958826214738266347e-01,-2.953455044616430381e-01,-5.106621024866858996e-03,6.171569594656785007e-01,6.930581015482740748e-01,5.077138945078565335e-01,8.148978144600246276e-01,2.329516960505440271e-01,1.778898770662764306e-01,3.958132516985115590e-01,3.292403985885142825e-01,6.442627278203452157e-01,7.554461800011199601e-01,6.996412057197042289e-01,7.532068525981232554e-01,8.404503281506351398e-01,1.000000000000000000e+00,9.524320942419051139e-02,3.614687709900020751e-01,9.071181156957133784e-02,5.047737463165778982e-01,-2.838198088484126247e-01,8.488869127292353323e-02,9.361725459401409877e-02,4.546885728481532829e-01,5.273825192908652149e-01,-4.346219557048375953e-02,-4.965404030955416353e-02,2.758228502158082129e-01
-2.355985388402644931e-01,-2.649266222803233761e-01,-1.110017757695414276e-01,-1.108208327337099897e-01,-3.478491385320908180e-01,-3.011978828789674267e-01,-1.366577952155044184e-01,-7.189328675036603389e-02,6.891817781005105115e-02,2.973751239935036247e-02,2.579762885990576349e-01,-4.481386674959439431e-02,-2.058504588086211284e-01,-1.914571310011788374e-01,1.679935460585317564e-01,1.939979713561155172e-01,2.449427347621254969e-01,1.700521517363713375e-01,-1.843103763473020185e-01,-1.489947873101418394e-02,1.784619265383393105e-01,6.137561280518916834e-02,1.398510563432962817e-01,1.443712043516841570e-01,2.609056370024763760e-01,-2.267632954169099616e-02,2.093364208920119596e-01,9.524320942419051139e-02,1.000000000000000000e+00,6.838074550155681663e-01,5.724135096607381179e-01,7.126201612064658741e-02,-2.207650736187758145e-01,-6.116609290599011456e-02,-2.503445784914016814e-01,9.214953977769764493e-02,5.109475235921737829e-02,1.533037322561502935e-01,3.956781328777625450e-01,2.282998278398958303e-01
-1.957955033168966019e-01,-2.664088121505593376e-01,-3.186087837874883588e-01,-2.964377640331831709e-01,-4.107002728106067813e-01,-4.228099015233692803e-01,-8.277655809553653710e-02,-1.404212666768893669e-01,6.371128009110911539e-02,-8.471463543674732227e-03,1.971519960648579484e-01,-1.441457387484290364e-01,-2.064107088829384706e-01,-1.527252188350824436e-01,2.210179522084206316e-01,4.290453074071134965e-01,3.335694800139938909e-01,4.054241047752732974e-01,-2.881723486636514342e-02,1.341404154753524647e-01,2.725037206034486292e-01,2.082609229088577818e-01,2.797678219401703026e-01,3.439511319082644292e-01,4.160148851136543646e-01,3.174719713221725303e-01,3.810660644728226520e-01,3.614687709900020751e-01,6.838074550155681663e-01,1.000000000000000000e+00,5.337340616977145347e-01,1.788085134061976889e-01,-1.104590925587906197e-01,4.882030028596413829e-02,-1.713093389075079701e-02,1.923342872763842692e-01,2.166918075816043343e-01,2.052278214340653162e-01,4.982695945672220295e-01,1.401235842545869685e-02
-2.213332147344345691e-01,-2.434002956515078919e-01,1.627892079886811838e-01,2.276734585469921690e-01,2.646736415832299377e-03,-1.106687862803941609e-02,1.381567717248311788e-01,1.322611242252673680e-01,1.109469930513043712e-01,-1.407412742542699623e-02,1.197488031999614094e-01,-1.799185060786448465e-02,5.454757639096340788e-02,1.366343160052881922e-01,1.350193370353563321e-02,6.984513657260187081e-02,1.296588412854839945e-01,3.183133388879899953e-03,9.363538504503859938e-02,1.351748919423665374e-01,1.941552575988315932e-01,-1.114797192090026708e-02,1.962320631337910806e-02,6.091844955272094492e-02,1.749042121252846749e-01,-3.389028780994229016e-03,1.147953414438827591e-01,9.071181156957133784e-02,5.724135096607381179e-01,5.337340616977145347e-01,1.000000000000000000e+00,-3.543439755451745915e-02,-3.098227219969636459e-01,-9.324627019305281594e-02,-1.089684438531930560e-01,3.711056275463883725e-02,-1.135465524574722079e-01,8.936178295814413419e-02,4.576836477267251513e-01,2.545182195210244358e-01
-1.044519004587235317e-01,-2.447220659320629987e-01,-5.950526033891338773e-02,-8.858437783608064109e-02,-4.099122725256849620e-01,-4.535295726365720093e-01,-4.922372667456051953e-01,-4.448337203962650088e-01,4.056957298502838483e-01,3.438601869406853195e-01,4.246666862320959690e-01,-2.807747788408278961e-02,-1.171995519196110946e-01,1.395697304609281875e-01,2.969186900705877985e-01,2.657361651209151909e-01,1.147076347053151424e-01,4.927155778820364040e-01,4.285789988027087216e-01,3.733875359811060779e-01,3.070863419402132810e-01,3.294038895057037064e-01,1.747693577266622722e-01,3.042907085026551051e-01,4.039152496141451554e-01,4.501283853734888707e-01,5.645146298565696386e-01,5.047737463165778982e-01,7.126201612064658741e-02,1.788085134061976889e-01,-3.543439755451745915e-02,1.000000000000000000e+00,1.604000418389060212e-01,3.873829329025422763e-01,-2.879183071690817886e-01,-9.900861736633528865e-02,2.493754264759839023e-01,-2.540989673472637909e-03,1.236037903974701938e-02,-1.182440174638150210e-01
1.738507950869311314e-01,9.125165288249148521e-02,-1.781824446778239313e-02,-2.521222081607514820e-01,-2.857338616446684909e-02,-4.480882770678612514e-02,-8.414021391076366430e-02,-1.505606190865106941e-01,8.221774255813821264e-02,4.178354086376890458e-03,-1.400677885895313668e-01,1.823965397442673941e-01,9.245782830064445956e-02,-4.553953522105592955e-02,-3.078972626704887805e-01,-2.380944538846641312e-01,-2.111203882919502894e-01,-7.738457937751513915e-02,-3.346344129707307796e-02,-2.263262661721273869e-02,-1.331060947659540583e-01,-5.705549136062123237e-03,-3.195543433785200671e-01,-3.686686843916485712e-01,-1.587068803909898740e-01,1.547804898162167819e-01,-7.622347436010432076e-02,-2.838198088484126247e-01,-2.207650736187758145e-01,-1.104590925587906197e-01,-3.098227219969636459e-01,1.604000418389060212e-01,1.000000000000000000e+00,7.765443189486860576e-02,4.188133952939904420e-04,-2.566777710031243886e-01,-2.263049191926526094e-01,2.549740794368423602e-01,8.016491505839143383e-02,-6.540733725856600067e-01
1.578159324390324414e-01,-1.548889102522808077e-03,-1.526321089808005682e-01,-1.806571095531036841e-01,-2.581223277888441275e-02,-1.280603805706486964e-01,9.107374305641899315e-02,3.406032460038674325e-02,2.616887035760200320e-01,4.267710502009621626e-02,2.610039921577688160e-01,5.406817309386636738e-01,-7.608116457971096647e-02,5.997396950664003572e-03,-1.423727640472148837e-01,-3.822569376494166365e-02,-1.807127131506904849e-01,4.344821564890608001e-02,6.718301317362758152e-01,3.357855335289799958e-01,5.712328341694847822e-01,6.628867929959045835e-01,-5.172269533197318414e-02,3.491355011122464908e-02,-1.189583095673334562e-01,1.768581399236283380e-01,-1.159348590602407858e-01,8.488869127292353323e-02,-6.116609290599011456e-02,4.882030028596413829e-02,-9.324627019305281594e-02,3.873829329025422763e-01,7.765443189486860576e-02,1.000000000000000000e+00,-1.558149616679433969e-01,-1.534698026604124910e-01,6.045214661866227246e-02,-2.238795625549292456e-01,-5.593942593112911400e-03,-3.097721711385119647e-01
1.580239251804714251e-01,2.396514129255207237e-01,-9.310636262227632576e-02,-2.427700262119427965e-01,5.880836504993317698e-02,7.057196219060481168e-02,1.580045320396163411e-01,2.064754674152831926e-01,-4.041567326041022867e-01,-3.805612306135496281e-01,-1.273650078081852155e-01,-7.909264879610207466e-02,5.422500979954253397e-02,-1.081568686999075657e-01,-1.715410114229382055e-02,-2.953053456943703983e-02,1.123677609653463971e-01,3.369014052602489241e-03,-1.782981405699658184e-01,-2.638343750462988635e-01,8.299323699621459494e-02,1.062646442482212128e-01,2.434380378267692047e-01,8.898894875790142045e-02,-1.021593794283627427e-01,1.640231676352582879e-01,1.892982580469682735e-02,9.361725459401409877e-02,-2.503445784914016814e-01,-1.713093389075079701e-02,-1.089684438531930560e-01,-2.879183071690817886e-01,4.188133952939904420e-04,-1.558149616679433969e-01,1.000000000000000000e+00,5.572258308469861809e-01,9.476457316035899470e-02,-8.950529392680831031e-02,-4.387417657763804935e-02,-7.195300962639390729e-02
-1.145870378527428513e-01,-6.690937172452413040e-02,-1.705224099716358410e-01,-2.574754495197686399e-01,-3.610002287259393428e-01,-3.060099381210391600e-01,-5.967748056466132961e-02,-4.863302046539490914e-02,-2.389492660736642904e-01,-1.888773179176548855e-01,1.850964265073990478e-01,-1.753939920837453703e-01,-2.450635929867386043e-01,-1.522050168079362442e-01,3.204490446782023993e-01,2.814670167923242206e-01,3.855080933480611871e-01,3.837263517844459737e-01,4.265981693491707055e-03,-8.071248626076382715e-02,2.721736829025898641e-01,3.064982635438500691e-01,7.080424687589930155e-01,6.126385540694964105e-01,3.028931273203392394e-01,4.062351485481784930e-01,3.574917295653001759e-01,4.546885728481532829e-01,9.214953977769764493e-02,1.923342872763842692e-01,3.711056275463883725e-02,-9.900861736633528865e-02,-2.566777710031243886e-01,-1.534698026604124910e-01,5.572258308469861809e-01,1.000000000000000000e+00,5.141160841777346890e-01,-1.681453729811906994e-01,4.539457903917794301e-02,2.371292614511190111e-01
-9.153776688739304057e-02,-6.688417951647550319e-02,-3.071204790037648236e-01,-2.373575528448831351e-01,-3.931718189972493449e-01,-3.698730838812250843e-01,-1.326867633650432032e-01,-2.610047324739751540e-01,-1.342753311857951271e-01,-1.094916264860343047e-01,3.927771934726211334e-01,-2.544237994858803559e-02,-1.950349123240364413e-01,-3.026243030339990647e-01,4.341828407610986984e-01,3.795740889570605736e-01,4.798936183712897430e-01,5.255364416470565958e-01,1.576676159763388541e-01,1.027587189459258366e-01,2.108373558344718568e-01,3.785412338504876573e-01,6.309541928615259865e-01,6.054358045075627359e-01,4.780810979016106299e-01,4.102324524104261072e-01,4.751954838608111187e-01,5.273825192908652149e-01,5.109475235921737829e-02,2.166918075816043343e-01,-1.135465524574722079e-01,2.493754264759839023e-01,-2.263049191926526094e-01,6.045214661866227246e-02,9.476457316035899470e-02,5.141160841777346890e-01,1.000000000000000000e+00,2.006895590371005345e-01,6.046904399646698541e-02,4.959480060078826080e-02
-1.843059409687004130e-02,1.055709641013126421e-02,-2.254109224466068484e-01,-1.996281725316330080e-01,-8.556694713049274592e-02,-6.984142735351543674e-02,-5.519489365425305633e-02,-1.315390930658787150e-01,-2.900241064598392537e-02,9.234146532709565369e-02,-4.514978019626270100e-02,5.151948032694774783e-03,1.089220776860729267e-01,-2.337076211234141443e-01,1.154654814888993013e-02,4.822942149354531027e-02,1.241782502727337839e-01,1.267954459550255375e-01,-2.572941703433716532e-01,-3.819607330271326123e-02,-5.696318992411283921e-02,-7.310731623408285584e-02,2.335906104112497189e-02,-1.213147693302228658e-01,1.456662835190258853e-01,5.210854273746719223e-02,1.691870817846973518e-01,-4.346219557048375953e-02,1.533037322561502935e-01,2.052278214340653162e-01,8.936178295814413419e-02,-2.540989673472637909e-03,2.549740794368423602e-01,-2.238795625549292456e-01,-8.950529392680831031e-02,-1.681453729811906994e-01,2.006895590371005345e-01,1.000000000000000000e+00,2.907400439726076646e-01,-2.746121642208850244e-01
2.973327736175844851e-02,1.045759248245702738e-01,-1.148776571375719757e-01,-7.645333816372959501e-02,1.674868839805164836e-02,5.106978903699287836e-02,1.275622448014457067e-01,1.174155144973914877e-01,-9.949067900273621257e-02,-3.205352188106531663e-01,3.578913313757552117e-02,1.622679256918903024e-01,1.896184308686073572e-01,-5.306992375806385970e-02,-1.821168699129021018e-01,-3.776467693377805884e-02,1.093369731816130896e-01,-1.032576908141324447e-02,1.198638721669783441e-01,1.032704109028361322e-01,1.039762588329911641e-01,1.068292786835909891e-01,1.378314321381889085e-01,-4.257433569283997771e-02,1.481684357759612269e-01,1.186806642938447176e-01,4.395698646263027087e-02,-4.965404030955416353e-02,3.956781328777625450e-01,4.982695945672220295e-01,4.576836477267251513e-01,1.236037903974701938e-02,8.016491505839143383e-02,-5.593942593112911400e-03,-4.387417657763804935e-02,4.539457903917794301e-02,6.046904399646698541e-02,2.907400439726076646e-01,1.000000000000000000e+00,-1.251848716277575713e-01
