1.000000000000000000e+00,6.036617060982175653e-01,2.566882748904806832e-01,-4.530545024462606651e-02,1.675358525805410170e-01,8.619849747467173140e-02,-1.392830837464427429e-01,-1.420381304241211118e-01,-1.574019195960384273e-03,2.496049368582898415e-02,-4.388922511805101734e-02,2.553464383420674944e-01,2.311228719748831817e-01,-1.349921430968331892e-01,-2.749872638205371755e-01,-9.691950992908798801e-02,-2.807427884037950738e-01,3.739521842441846655e-02,-1.341254623898502640e-01,-1.782155569671820816e-01,2.591389913543870605e-01,1.353327155552627170e-01,1.074031161958143854e-01,3.224241915359163935e-01,-5.047001272371665070e-02,-1.576246552525265576e-01,4.238954203641524809e-02,8.140291112948709606e-02,2.621798042655987815e-01,2.247004063511269245e-01,7.684135480945433749e-02,9.508957616226135223e-02,-2.368115692437771092e-01,-2.794301581905750398e-01,-2.017453293844054599e-02,3.242277895365607617e-03,1.716654753707480274e-01,-5.952556759539240350e-02,1.791076243782804556e-01,1.088079829528173503e-01
6.036617060982175653e-01,1.000000000000000000e+00,2.975212800260029766e-01,1.776793726082032121e-01,3.147902482980592387e-01,4.480435646579321585e-01,5.453519225856877373e-02,1.272893665790074680e-01,-3.569708456544005148e-01,-3.379521902860805338e-01,-6.654054270064096999e-02,2.847750471547953466e-01,1.405599570226544193e-01,-3.084044449459695872e-02,-5.069257285069873192e-02,-2.263172896352871888e-01,-5.576087496676779276e-02,-8.611158895208304020e-02,-2.896844188575319334e-01,-3.397439522574354220e-01,1.781348138811691129e-01,-4.720963287221631444e-02,3.965129718161782835e-01,1.407506798573042173e-01,2.710497465615967494e-01,2.654201356912086820e-02,2.936442807729649496e-01,2.419714382562060950e-01,2.123765778565525897e-01,1.214175771057696002e-01,3.359833802000967706e-01,2.789280597411998297e-01,-2.164877393958894447e-01,-7.996874182931272557e-02,3.182616511859178710e-01,1.434545731114295619e-01,2.946296597520149940e-01,6.055442476801330132e-02,1.403206591484010279e-01,-9.183408589001544609e-02
2.566882748904806832e-01,2.975212800260029766e-01,1.000000000000000000e+00,7.753192732571289048e-01,5.552222607903026796e-01,3.715835586505099042e-01,3.819005211779420983e-01,4.340596886250823738e-01,-2.169172384714108670e-01,-2.410810354325436666e-01,-2.526709271263887641e-02,-5.429343544268747102e-02,-1.341768774529428776e-01,-2.723371748449261998e-01,-4.834518049344881108e-02,1.585608222499975684e-01,-9.949100222404236304e-02,3.578005604170862997e-01,-2.794967771969229103e-02,-2.512279116457438732e-01,2.971575997701003669e-01,-1.067728854828103313e-01,6.525556426944738309e-02,-4.002419081402919243e-03,9.878635423237840107e-02,-3.439071581114863836e-03,1.967732940825241694e-01,1.291010321928446059e-01,-6.343772941761628703e-02,8.063526088879011122e-02,1.422065519406273126e-01,3.868647182390715367e-01,-2.956460027278432490e-01,-2.416365819401974091e-01,1.265921181592646050e-01,-2.356693948342427070e-01,-1.587231184738102374e-01,-3.152588052167281524e-02,2.833817289636246517e-02,-2.128373208682752538e-01
-4.530545024462606651e-02,1.776793726082032121e-01,7.753192732571289048e-01,1.000000000000000000e+00,3.938961608275632909e-01,3.601486105077732480e-01,4.163545397280862259e-01,4.601859489584858021e-01,-3.239275266148473609e-01,-3.566148149169565684e-01,-6.497177542317397747e-02,-1.226552137709672613e-01,-3.293727227459348761e-01,-1.778169452910323967e-01,6.731883019153046821e-02,9.908708510870774255e-02,-1.698547094447196929e-03,3.161598239446410386e-01,-7.707421560492946910e-02,-2.286682548876994847e-01,1.474649420704956526e-01,-1.146855822969753830e-01,1.316255960605321462e-01,-8.893693916719468129e-02,3.138106394551981038e-01,2.198043834036348954e-01,3.689146801528313535e-01,3.415879812735024279e-01,1.774093423652530963e-02,-1.824173372368018478e-02,1.789951642754813999e-01,4.981421979495446184e-01,-2.321547686911598074e-01,-9.278322257882772039e-02,1.940372263281067711e-01,-2.676220075569596957e-01,-1.321639702345462075e-01,-2.697410316060792554e-02,-1.866186846848435499e-01,-1.505113228781097268e-01
1.675358525805410170e-01,3.147902482980592387e-01,5.552222607903026796e-01,3.938961608275632909e-01,1.000000000000000000e+00,7.631114456150496217e-01,6.174140163668880854e-01,5.362932878013280114e-01,-5.515404331334794463e-01,-5.131273433760965563e-01,-1.009939233045780982e-01,-2.663392365215660473e-01,2.805442207362558033e-02,-2.401227213869948363e-01,8.893921326282844264e-02,4.735483476213452059e-02,-1.150136921117796487e-02,1.382321407646639189e-01,-2.490337004089743789e-01,-3.987827981267421107e-01,2.816093910910310583e-01,-2.092009582169885029e-01,9.556627070157971970e-02,5.374862623827492830e-02,-1.207212395381497827e-01,-2.858290033037476086e-01,8.658430047909639049e-02,-4.551788043401103212e-02,-2.446071320696243945e-01,1.059783976917857556e-01,-9.747663814884018063e-03,3.163554710820948856e-01,-3.183398096772940278e-01,-2.614112165898906937e-01,4.831754297590499236e-01,-1.320439751889308511e-01,-7.511737041135482795e-02,3.028846617380096529e-01,2.398748758705310791e-01,-6.129932575949724738e-01
8.619849747467173140e-02,4.480435646579321585e-01,3.715835586505099042e-01,3.601486105077732480e-01,7.631114456150496217e-01,1.000000000000000000e+00,4.927280463420980472e-01,5.090774313147505836e-01,-6.134411178146510490e-01,-5.623819824481061103e-01,-1.078069780781560766e-01,-7.024043375254800103e-02,4.782620038448436028e-02,7.148841330309453623e-02,1.037199908451128805e-01,-1.771632112094950751e-01,5.204062092106503945e-02,-6.267391147270917617e-02,-2.672088189432192396e-01,-3.393306774465557063e-01,1.391479769592476323e-01,-1.972418541787520629e-01,1.776198571736731235e-01,-9.568119444205601398e-02,5.153312364259952233e-02,-8.068665270696344372e-02,1.860979902223605931e-01,4.559600805937267382e-02,-1.148728390742371763e-01,-5.981401363276399319e-02,3.986684967852369144e-02,2.760661798600763661e-01,-2.219149045753953942e-01,-1.706664928110793733e-01,4.472674408619929376e-01,-1.781103722820789048e-01,-6.595745743656148026e-03,2.137266976870317303e-01,8.289976877984203685e-02,-4.518500093988455091e-01
-1.392830837464427429e-01,5.453519225856877373e-02,3.819005211779420983e-01,4.163545397280862259e-01,6.174140163668880854e-01,4.927280463420980472e-01,1.000000000000000000e+00,7.638277089052170066e-01,-3.163509223966076145e-01,-3.261276127708420680e-01,1.661581558038788542e-01,-3.473842993443704286e-02,-3.809742716668839124e-01,-3.564825709627176820e-01,1.261786618965551332e-01,1.128221839299690943e-01,1.491888143235759467e-01,2.801070018279957496e-01,-1.515393965731985648e-01,-2.496944990793633357e-01,6.888780034669026060e-03,-2.900284796547789035e-01,-2.212842602224064301e-02,-8.013259413219586680e-02,-9.892685265281084273e-02,-9.355027796606424362e-02,4.849113675457821654e-02,5.905059025796768890e-02,-1.493518533848783858e-01,-2.413113869863223737e-01,5.257248314949460738e-02,2.529367757500941560e-01,-9.652344042525140555e-02,-7.881628046882079713e-03,3.127899889798649857e-01,-2.392703631244667284e-01,-2.322615072849904538e-01,1.269440468226116780e-01,5.175121034196406705e-02,-4.148340291432722204e-01
-1.420381304241211118e-01,1.272893665790074680e-01,4.340596886250823738e-01,4.601859489584858021e-01,5.362932878013280114e-01,5.090774313147505836e-01,7.638277089052170066e-01,1.000000000000000000e+00,-3.151123133399426068e-01,-3.511941494170163769e-01,4.806795055157665059e-02,1.799260912647105207e-02,-3.933132807311284229e-01,-3.173980328180053267e-01,1.388670767565799713e-01,9.169896836659552353e-02,1.692045767710030901e-01,1.586588152355474513e-01,3.572520442936153937e-04,-1.088496429974373375e-01,4.742264133143867660e-02,-2.408661022978142718e-01,1.567815510631988818e-01,7.971371761820544855e-02,3.464513831078353673e-02,-3.931409146149921624e-02,2.310694923897825548e-01,1.094647350762298632e-01,-9.000996539355779480e-02,-3.034397985436939130e-02,2.200161036159123118e-01,3.944737498352084426e-01,-1.619451381776877003e-02,5.933150172086879698e-02,1.802718502735558559e-01,-1.007609333680435232e-01,-4.730670140924522760e-02,1.163073659584157177e-01,-2.265689334989061041e-02,-4.247638185400720578e-01
-1.574019195960384273e-03,-3.569708456544005148e-01,-2.169172384714108670e-01,-3.239275266148473609e-01,-5.515404331334794463e-01,-6.134411178146510490e-01,-3.163509223966076145e-01,-3.151123133399426068e-01,1.000000000000000000e+00,9.059455781676790664e-01,2.967334220108329146e-01,2.493827805994932312e-01,-1.664824418985006160e-01,-2.399299456070307923e-01,-5.243651733867437104e-01,-1.464479981600828873e-01,-3.742101234068855864e-01,-2.081713336401982695e-01,3.565907970623783396e-01,5.768011382746355276e-01,-1.179373181484033167e-01,3.369002482850370073e-01,-3.412328666363598773e-01,-2.039807086835872599e-02,-3.091336038374231099e-01,-1.269298355614676410e-01,-4.864226525835402271e-01,-3.415784293880227418e-01,1.493712977591992452e-01,-1.738613062565240730e-01,-1.552952810419755691e-01,-3.963586068490921877e-01,2.407068454454041051e-01,1.610511395099508136e-01,-5.752975021841213454e-01,-6.080184082869891093e-02,-2.724409148507890288e-01,-3.408416848866126503e-01,6.408556581562185883e-02,5.490570080738104153e-01
2.496049368582898415e-02,-3.379521902860805338e-01,-2.410810354325436666e-01,-3.566148149169565684e-01,-5.131273433760965563e-01,-5.623819824481061103e-01,-3.261276127708420680e-01,-3.511941494170163769e-01,9.059455781676790664e-01,1.000000000000000000e+00,2.773292526975260075e-01,2.508288257145687705e-01,-9.748469465473283413e-02,-2.117078093291774599e-01,-5.053063863660902655e-01,-2.196087470741513170e-01,-4.277456061609083426e-01,-2.775913032167914296e-01,2.178309843503039300e-01,5.209497214614834393e-01,-1.661510703263101574e-01,2.437443927184467507e-01,-3.784880579522891253e-01,-5.541965970599632002e-02,-3.835735949266391720e-01,-1.506501420910696387e-01,-5.606928371482862161e-01,-3.747270796868675813e-01,1.107658412346792381e-01,-1.966724245564884233e-01,-2.163433435198820476e-01,-4.731552979259807112e-01,2.260745787383802441e-01,5.553850423014260879e-02,-6.531315311775764965e-01,-1.384328114897892259e-01,-2.369486293051200620e-01,-3.783483479821580509e-01,7.251471202692476303e-02,5.219564071723244991e-01
-4.388922511805101734e-02,-6.654054270064096999e-02,-2.526709271263887641e-02,-6.497177542317397747e-02,-1.009939233045780982e-01,-1.078069780781560766e-01,1.661581558038788542e-01,4.806795055157665059e-02,2.967334220108329146e-01,2.773292526975260075e-01,1.000000000000000000e+00,6.470554414980108637e-01,-2.707342330509835970e-01,-3.202487664933995060e-01,-1.246589478060883098e-02,-1.471526808853611257e-01,7.871198588518756034e-02,2.802982690701821128e-02,7.688541680493933550e-02,1.344604995677536052e-01,-7.514597164171295945e-03,-1.131908765302309383e-01,-1.881015464180807450e-01,-2.125916067518361929e-01,-4.280558743598759097e-01,-2.853767391299528722e-01,-3.638254374823267634e-01,-4.585674252959309749e-01,3.577541337848130776e-02,-1.534514287614032746e-01,-2.081057889102112812e-01,-3.711304890837346382e-01,1.299201511958541187e-02,6.874220300020991714e-02,-1.281149904736820014e-02,-1.217497326745593245e-01,-2.962211478093876860e-01,-1.608349110746104815e-01,3.488551083171693712e-01,-2.090435050488226310e-02
2.553464383420674944e-01,2.847750471547953466e-01,-5.429343544268747102e-02,-1.226552137709672613e-01,-2.663392365215660473e-01,-7.024043375254800103e-02,-3.473842993443704286e-02,1.799260912647105207e-02,2.493827805994932312e-01,2.508288257145687705e-01,6.470554414980108637e-01,1.000000000000000000e+00,-7.420026062590397153e-02,-1.401015139223768247e-01,-2.028957674287009127e-01,-2.642111534793407657e-01,-1.677479629447443769e-03,-5.441053562247707281e-02,7.395209701364423294e-02,2.354124049376165873e-01,-1.260000189027566109e-01,2.148953759005193219e-03,-5.638775406624703390e-02,-1.005348942914875837e-01,-1.013998687325751991e-01,-7.704495750595781456e-02,-1.195886849694348941e-01,-1.724373943951534871e-01,3.415458830541567292e-01,-2.965339863324855177e-02,5.524044468257305329e-02,-1.886694961475419152e-01,9.996048202360240109e-02,9.422713732104787132e-02,-1.378736429238273109e-01,-7.036929510177906966e-02,-8.874975416517931481e-02,-1.909803774023923761e-01,1.383398876292327162e-01,2.437399538713987124e-01
2.311228719748831817e-01,1.405599570226544193e-01,-1.341768774529428776e-01,-3.293727227459348761e-01,2.805442207362558033e-02,4.782620038448436028e-02,-3.809742716668839124e-01,-3.933132807311284229e-01,-1.664824418985006160e-01,-9.748469465473283413e-02,-2.707342330509835970e-01,-7.420026062590397153e-02,1.000000000000000000e+00,4.942727077676476455e-01,-1.275298880408895497e-01,-1.844972770433555287e-01,-2.042832011728286656e-01,-2.239035073294687594e-01,-8.734150953883476620e-02,-4.372832981957589654e-02,2.972393095328372814e-01,8.743198088336059937e-02,4.613422440816387221e-02,4.580087485774288897e-02,-1.427350430961078429e-02,-3.097962772544556390e-02,-7.687731873467808230e-02,-6.609188515700678557e-02,-5.792783625077949083e-02,2.179509710657037136e-01,1.324224120153591824e-02,-2.773628321942613398e-02,-1.137463023746896340e-01,-2.776113362981156851e-01,8.446553968322502437e-02,1.043180050817117815e-01,1.537029543744823645e-01,1.397615193143736667e-01,-8.449842294515941266e-02,1.455070962454825187e-03
-1.349921430968331892e-01,-3.084044449459695872e-02,-2.723371748449261998e-01,-1.778169452910323967e-01,-2.401227213869948363e-01,7.148841330309453623e-02,-3.564825709627176820e-01,-3.173980328180053267e-01,-2.399299456070307923e-01,-2.117078093291774599e-01,-3.202487664933995060e-01,-1.401015139223768247e-01,4.942727077676476455e-01,1.000000000000000000e+00,1.005639657641446832e-01,-3.280963309094350744e-01,-4.749894748971665581e-02,-3.182462565859580650e-01,3.996112038232048358e-02,2.406893619551982860e-03,8.996163364137220453e-02,1.578581699147899586e-01,1.063153898060758829e-01,-2.451354722974350975e-01,1.520113942270347185e-01,2.522730049192967727e-01,5.354181325232230254e-02,4.604027874059830189e-02,-1.379300725527937699e-02,2.138760415754679262e-02,6.338732246658151936e-02,-9.142397664219090170e-02,8.601883262517835693e-02,-1.126439754352557970e-01,-8.083090164731104865e-03,-5.740827709231929865e-02,-5.557994615050143583e-02,5.581346262490107651e-02,-2.996263870384111572e-01,1.307326898372444257e-01
-2.749872638205371755e-01,-5.069257285069873192e-02,-4.834518049344881108e-02,6.731883019153046821e-02,8.893921326282844264e-02,1.037199908451128805e-01,1.261786618965551332e-01,1.388670767565799713e-01,-5.243651733867437104e-01,-5.053063863660902655e-01,-1.246589478060883098e-02,-2.028957674287009127e-01,-1.275298880408895497e-01,1.005639657641446832e-01,1.000000000000000000e+00,1.173232753453101879e-01,7.672516203301539273e-01,1.417160462141303645e-01,-8.041342938078248348e-02,-3.575553340862892004e-01,2.390357730284806831e-02,-3.288250745142466958e-01,3.195116314257415158e-01,1.169201811710451205e-01,2.389936740066502530e-01,8.381118336466771013e-02,4.335328431750183897e-01,2.371961788497172485e-01,-1.126688253326859068e-01,-1.407546040874122772e-01,9.001680320057144080e-02,1.560408560636695856e-02,-2.959086068999348257e-02,3.058667563291661562e-02,2.320696624691387100e-01,1.356631974864677403e-01,3.391431478650384079e-01,1.372533574433263404e-01,-9.036538879170229188e-02,-4.458686619974815413e-01
-9.691950992908798801e-02,-2.263172896352871888e-01,1.585608222499975684e-01,9.908708510870774255e-02,4.735483476213452059e-02,-1.771632112094950751e-01,1.128221839299690943e-01,9.169896836659552353e-02,-1.464479981600828873e-01,-2.196087470741513170e-01,-1.471526808853611257e-01,-2.642111534793407657e-01,-1.844972770433555287e-01,-3.280963309094350744e-01,1.173232753453101879e-01,1.000000000000000000e+00,1.515548264114109922e-01,7.418599462709367653e-01,-6.730888473576339404e-02,-2.419325312038545783e-01,-1.371607170452404378e-01,-5.154265411884631498e-02,-2.919560357679463342e-02,1.698349677218035925e-01,1.137538427147939957e-01,1.501242394044114969e-01,1.925917607746937266e-01,2.714503406391662876e-01,-1.263790907339178704e-01,1.272931159566515480e-01,-1.030637277445982658e-01,3.036487875273327641e-01,-3.381897536382568598e-02,1.305564937056885033e-01,1.139321311532792980e-01,1.653245384272168939e-01,1.301762054118840162e-01,8.251985606266666953e-03,-4.273280552796879933e-02,-1.908529283779037411e-01
-2.807427884037950738e-01,-5.576087496676779276e-02,-9.949100222404236304e-02,-1.698547094447196929e-03,-1.150136921117796487e-02,5.204062092106503945e-02,1.491888143235759467e-01,1.692045767710030901e-01,-3.742101234068855864e-01,-4.277456061609083426e-01,7.871198588518756034e-02,-1.677479629447443769e-03,-2.042832011728286656e-01,-4.749894748971665581e-02,7.672516203301539273e-01,1.515548264114109922e-01,1.000000000000000000e+00,3.160205229026348817e-01,-1.190362858541701568e-01,-2.162594462509862814e-01,-7.836243912426658909e-02,-3.448354601891448490e-01,9.780506894864597622e-02,5.545564928018631434e-02,2.321606132316111071e-01,7.118487918025082073e-02,3.698944051668255351e-01,1.878185805852159163e-01,-1.085516394323776113e-01,-2.151915182956845030e-01,-4.280869302885779992e-02,-1.273818380945741513e-01,3.099562667959394890e-02,7.654053523498045852e-02,1.877927226558593343e-01,8.665885520692942490e-02,2.791029061115681276e-01,1.215104986619152255e-01,4.538624814437716704e-02,-4.191278408251851162e-01
3.739521842441846655e-02,-8.611158895208304020e-02,3.578005604170862997e-01,3.161598239446410386e-01,1.382321407646639189e-01,-6.267391147270917617e-02,2.801070018279957496e-01,1.586588152355474513e-01,-2.081713336401982695e-01,-2.775913032167914296e-01,2.802982690701821128e-02,-5.441053562247707281e-02,-2.239035073294687594e-01,-3.182462565859580650e-01,1.417160462141303645e-01,7.418599462709367653e-01,3.160205229026348817e-01,1.000000000000000000e+00,-4.286219470195129500e-02,-3.320147479482611352e-01,2.669903407776010040e-02,-1.727838866806010731e-01,-1.400065102778920156e-01,-3.909166500744427897e-02,5.699016213323995078e-02,2.506522349141626638e-02,1.279501581630290985e-01,1.981853913683389312e-01,-1.519562363478848821e-01,-5.671729812969811269e-02,-1.531489349208559891e-01,2.058182549663155614e-01,-2.370017864006538910e-01,1.118551095751631023e-02,1.898616684062383597e-01,-6.931818950915379085e-02,6.353673895206039812e-02,5.553305024244213108e-03,-8.984682298170371118e-03,-1.861876703756240869e-01
-1.341254623898502640e-01,-2.896844188575319334e-01,-2.794967771969229103e-02,-7.707421560492946910e-02,-2.490337004089743789e-01,-2.672088189432192396e-01,-1.515393965731985648e-01,3.572520442936153937e-04,3.565907970623783396e-01,2.178309843503039300e-01,7.688541680493933550e-02,7.395209701364423294e-02,-8.734150953883476620e-02,3.996112038232048358e-02,-8.041342938078248348e-02,-6.730888473576339404e-02,-1.190362858541701568e-01,-4.286219470195129500e-02,1.000000000000000000e+00,4.776237833944947386e-01,3.516340271601853251e-01,4.477957108166839562e-01,2.196092168314681958e-01,1.812241618971809423e-02,1.311161996173394184e-01,2.119064635819066164e-02,1.177959871014820220e-01,-3.111291218452901311e-02,3.503848083185697598e-02,-3.146740291580776144e-02,3.247897468805214793e-01,1.311424073893149855e-01,3.136295204711063156e-01,5.163575520481723524e-01,-1.130836700163252995e-01,1.806423191929128758e-01,-6.845135214596063944e-02,-5.366643756445940543e-03,-3.214662299637633391e-01,2.523275926012304438e-01
-1.782155569671820816e-01,-3.397439522574354220e-01,-2.512279116457438732e-01,-2.286682548876994847e-01,-3.987827981267421107e-01,-3.393306774465557063e-01,-2.496944990793633357e-01,-1.088496429974373375e-01,5.768011382746355276e-01,5.209497214614834393e-01,1.344604995677536052e-01,2.354124049376165873e-01,-4.372832981957589654e-02,2.406893619551982860e-03,-3.575553340862892004e-01,-2.419325312038545783e-01,-2.162594462509862814e-01,-3.320147479482611352e-01,4.776237833944947386e-01,1.000000000000000000e+00,-2.262881884386349352e-01,4.478921138909667254e-01,-1.404077099106315792e-02,5.294411187570596811e-02,8.713621142750765589e-03,6.273769541407973882e-02,-1.594444076161594115e-01,-1.477634566165130781e-01,3.682950808533886899e-01,-8.301667352783467790e-02,1.641432571356262471e-01,-1.756779083679987641e-01,6.005181277930098371e-01,2.608301540437998889e-01,-3.831429695153985016e-01,4.593111701720158785e-02,-1.402457322923222616e-01,-3.831651765298220158e-01,-1.044329202298277803e-01,4.030024473724821976e-01
2.591389913543870605e-01,1.781348138811691129e-01,2.971575997701003669e-01,1.474649420704956526e-01,2.816093910910310583e-01,1.391479769592476323e-01,6.888780034669026060e-03,4.742264133143867660e-02,-1.179373181484033167e-01,-1.661510703263101574e-01,-7.514597164171295945e-03,-1.260000189027566109e-01,2.972393095328372814e-01,8.996163364137220453e-02,2.390357730284806831e-02,-1.371607170452404378e-01,-7.836243912426658909e-02,2.669903407776010040e-02,3.516340271601853251e-01,-2.262881884386349352e-01,1.000000000000000000e+00,2.918420596093497243e-01,2.277274779259267357e-01,5.955524438885407418e-02,2.174013966567502759e-02,-2.498259748743785758e-01,1.107947484077314027e-01,-3.264666043799802769e-02,-3.228311481632614166e-01,1.400706663931609863e-01,1.784858582390366766e-01,1.369577315158921060e-01,-1.850753495086628342e-01,6.426782909789846565e-02,2.666648040239544826e-01,4.518573895542028068e-02,-2.538741639915253687e-02,3.176048729022516448e-01,-1.435901498573858293e-01,-1.890165677856918969e-01
1.353327155552627170e-01,-4.720963287221631444e-02,-1.067728854828103313e-01,-1.146855822969753830e-01,-2.092009582169885029e-01,-1.972418541787520629e-01,-2.900284796547789035e-01,-2.408661022978142718e-01,3.369002482850370073e-01,2.437443927184467507e-01,-1.131908765302309383e-01,2.148953759005193219e-03,8.743198088336059937e-02,1.578581699147899586e-01,-3.288250745142466958e-01,-5.154265411884631498e-02,-3.448354601891448490e-01,-1.727838866806010731e-01,4.477957108166839562e-01,4.478921138909667254e-01,2.918420596093497243e-01,1.000000000000000000e+00,2.915542000156498559e-01,2.233805971990099615e-01,2.020783214712414122e-01,7.652423232653703111e-02,1.266007690200307012e-01,1.812937321378970124e-01,1.758037931845061741e-01,8.515802222075347094e-02,2.924624220756781856e-01,8.980984449548219672e-02,4.628806385304559678e-01,2.887805564656200641e-01,-1.302159098848694185e-01,2.457852348434696188e-01,8.080023691285366516e-02,-7.952407482962992047e-02,-2.098400237250970801e-01,4.637278124920113376e-01
1.074031161958143854e-01,3.965129718161782835e-01,6.525556426944738309e-02,1.316255960605321462e-01,9.556627070157971970e-02,1.776198571736731235e-01,-2.212842602224064301e-02,1.567815510631988818e-01,-3.412328666363598773e-01,-3.784880579522891253e-01,-1.881015464180807450e-01,-5.638775406624703390e-02,4.613422440816387221e-02,1.063153898060758829e-01,3.195116314257415158e-01,-2.919560357679463342e-02,9.780506894864597622e-02,-1.400065102778920156e-01,2.196092168314681958e-01,-1.404077099106315792e-02,2.277274779259267357e-01,2.915542000156498559e-01,1.000000000000000000e+00,4.867354025839787934e-01,6.098380457516066055e-01,3.207703224013965237e-01,7.010115649141323013e-01,5.453181417647623430e-01,3.492085589464306583e-01,2.283029865583487972e-01,4.371324279181285077e-01,3.555161803069190052e-01,2.826453550229885980e-01,2.836058906390604983e-01,3.555653734696803125e-01,7.028616589773425405e-01,3.883164051632314040e-01,1.386512013453408687e-01,-1.419885663683868871e-01,-4.007979544694068030e-02
3.224241915359163935e-01,1.407506798573042173e-01,-4.002419081402919243e-03,-8.893693916719468129e-02,5.374862623827492830e-02,-9.568119444205601398e-02,-8.013259413219586680e-02,7.971371761820544855e-02,-2.039807086835872599e-02,-5.541965970599632002e-02,-2.125916067518361929e-01,-1.005348942914875837e-01,4.580087485774288897e-02,-2.451354722974350975e-01,1.169201811710451205e-01,1.698349677218035925e-01,5.545564928018631434e-02,-3.909166500744427897e-02,1.812241618971809423e-02,5.294411187570596811e-02,5.955524438885407418e-02,2.233805971990099615e-01,4.867354025839787934e-01,1.000000000000000000e+00,2.461112985941424636e-01,2.342849779896607476e-01,4.085944133323524130e-01,4.118613903546728960e-01,2.747715846649700921e-01,2.959375082917263811e-01,1.923734678938560094e-01,1.626115773352003191e-01,1.606163521500065250e-01,3.343562718916375659e-02,-1.353638262215608179e-01,5.121962893324712995e-01,4.484287732785879887e-01,-6.554135368105880322e-02,-2.471129001466324318e-02,1.302840918582475749e-01
-5.047001272371665070e-02,2.710497465615967494e-01,9.878635423237840107e-02,3.138106394551981038e-01,-1.207212395381497827e-01,5.153312364259952233e-02,-9.892685265281084273e-02,3.464513831078353673e-02,-3.091336038374231099e-01,-3.835735949266391720e-01,-4.280558743598759097e-01,-1.013998687325751991e-01,-1.427350430961078429e-02,1.520113942270347185e-01,2.389936740066502530e-01,1.137538427147939957e-01,2.321606132316111071e-01,5.699016213323995078e-02,1.311161996173394184e-01,8.713621142750765589e-03,2.174013966567502759e-02,2.020783214712414122e-01,6.098380457516066055e-01,2.461112985941424636e-01,1.000000000000000000e+00,6.375583380023122082e-01,8.538775530616199427e-01,8.231023849686683880e-01,4.650912142879957689e-01,1.362357300070115851e-01,5.447168834686718641e-01,4.758066432790716838e-01,3.114133759923710110e-01,3.489712565712919656e-01,2.212335694988364909e-01,4.137454802015660404e-01,4.887271303384517207e-01,9.835425058382980812e-02,-2.529775105818975467e-01,4.196001947575005858e-02
-1.576246552525265576e-01,2.654201356912086820e-02,-3.439071581114863836e-03,2.198043834036348954e-01,-2.858290033037476086e-01,-8.068665270696344372e-02,-9.355027796606424362e-02,-3.931409146149921624e-02,-1.269298355614676410e-01,-1.506501420910696387e-01,-2.853767391299528722e-01,-7.704495750595781456e-02,-3.097962772544556390e-02,2.522730049192967727e-01,8.381118336466771013e-02,1.501242394044114969e-01,7.118487918025082073e-02,2.506522349141626638e-02,2.119064635819066164e-02,6.273769541407973882e-02,-2.498259748743785758e-01,7.652423232653703111e-02,3.207703224013965237e-01,2.342849779896607476e-01,6.375583380023122082e-01,1.000000000000000000e+00,6.064736389857254828e-01,7.509418783796786290e-01,4.265363046491493781e-01,1.649591504132835382e-02,2.623630638156015937e-01,3.711808441476782683e-01,2.744732696652926185e-01,1.621893001286048852e-01,-8.365235532376127936e-02,2.420452673874398941e-01,3.156025682472778371e-01,-6.683452991404556509e-02,-2.618617705036299648e-01,2.709095826901702919e-01
4.238954203641524809e-02,2.936442807729649496e-01,1.967732940825241694e-01,3.689146801528313535e-01,8.658430047909639049e-02,1.860979902223605931e-01,4.849113675457821654e-02,2.310694923897825548e-01,-4.864226525835402271e-01,-5.606928371482862161e-01,-3.638254374823267634e-01,-1.195886849694348941e-01,-7.687731873467808230e-02,5.354181325232230254e-02,4.335328431750183897e-01,1.925917607746937266e-01,3.698944051668255351e-01,1.279501581630290985e-01,1.177959871014820220e-01,-1.594444076161594115e-01,1.107947484077314027e-01,1.266007690200307012e-01,7.010115649141323013e-01,4.085944133323524130e-01,8.538775530616199427e-01,6.064736389857254828e-01,1.000000000000000000e+00,8.683130520533844932e-01,3.953065295417967917e-01,2.371587939507269482e-01,4.369984468832674995e-01,5.589176428783059203e-01,1.952894441218593624e-01,2.672150542721274391e-01,3.180058307253713079e-01,4.651776196888784409e-01,5.600565164083318725e-01,2.463178991466064005e-01,-1.851058148844939022e-01,-9.741204873651591878e-02
8.140291112948709606e-02,2.419714382562060950e-01,1.291010321928446059e-01,3.415879812735024279e-01,-4.551788043401103212e-02,4.559600805937267382e-02,5.905059025796768890e-02,1.094647350762298632e-01,-3.415784293880227418e-01,-3.747270796868675813e-01,-4.585674252959309749e-01,-1.724373943951534871e-01,-6.609188515700678557e-02,4.604027874059830189e-02,2.371961788497172485e-01,2.714503406391662876e-01,1.878185805852159163e-01,1.981853913683389312e-01,-3.111291218452901311e-02,-1.477634566165130781e-01,-3.264666043799802769e-02,1.812937321378970124e-01,5.453181417647623430e-01,4.118613903546728960e-01,8.231023849686683880e-01,7.509418783796786290e-01,8.683130520533844932e-01,1.000000000000000000e+00,4.237520523422795282e-01,1.195697366755562180e-01,3.612668572177545889e-01,5.306070313698442176e-01,2.211563087108831538e-01,2.197859682576909779e-01,1.432071854180935744e-01,3.631181074807240394e-01,5.625629611938964825e-01,1.157550044995960398e-01,-2.778240999281293422e-01,1.180655045644652956e-01
2.621798042655987815e-01,2.123765778565525897e-01,-6.343772941761628703e-02,1.774093423652530963e-02,-2.446071320696243945e-01,-1.148728390742371763e-01,-1.493518533848783858e-01,-9.000996539355779480e-02,1.493712977591992452e-01,1.107658412346792381e-01,3.577541337848130776e-02,3.415458830541567292e-01,-5.792783625077949083e-02,-1.379300725527937699e-02,-1.126688253326859068e-01,-1.263790907339178704e-01,-1.085516394323776113e-01,-1.519562363478848821e-01,3.503848083185697598e-02,3.682950808533886899e-01,-3.228311481632614166e-01,1.758037931845061741e-01,3.492085589464306583e-01,2.747715846649700921e-01,4.650912142879957689e-01,4.265363046491493781e-01,3.953065295417967917e-01,4.237520523422795282e-01,1.000000000000000000e+00,3.155342219217769362e-01,2.134591386799160051e-01,1.038310999040946009e-01,2.735303246104395791e-01,6.806279881261553810e-02,1.347150472366447083e-02,2.816662121235882776e-01,2.326947551225898303e-01,-5.954675598673247333e-02,2.391549509949976449e-01,3.161285828721331348e-01
2.247004063511269245e-01,1.214175771057696002e-01,8.063526088879011122e-02,-1.824173372368018478e-02,1.059783976917857556e-01,-5.981401363276399319e-02,-2.413113869863223737e-01,-3.034397985436939130e-02,-1.738613062565240730e-01,-1.966724245564884233e-01,-1.534514287614032746e-01,-2.965339863324855177e-02,2.179509710657037136e-01,2.138760415754679262e-02,-1.407546040874122772e-01,1.272931159566515480e-01,-2.151915182956845030e-01,-5.671729812969811269e-02,-3.146740291580776144e-02,-8.301667352783467790e-02,1.400706663931609863e-01,8.515802222075347094e-02,2.283029865583487972e-01,2.959375082917263811e-01,1.362357300070115851e-01,1.649591504132835382e-02,2.371587939507269482e-01,1.195697366755562180e-01,3.155342219217769362e-01,1.000000000000000000e+00,2.723654431847125079e-02,1.947156101441142872e-01,-1.441382268258319943e-01,-1.404821047546251089e-01,1.464341879522643719e-01,3.212526624322588620e-01,1.586098205571905284e-01,3.947497039502207983e-01,3.414847525552186513e-01,3.122275873039854696e-02
7.684135480945433749e-02,3.359833802000967706e-01,1.422065519406273126e-01,1.789951642754813999e-01,-9.747663814884018063e-03,3.986684967852369144e-02,5.257248314949460738e-02,2.200161036159123118e-01,-1.552952810419755691e-01,-2.163433435198820476e-01,-2.081057889102112812e-01,5.524044468257305329e-02,1.324224120153591824e-02,6.338732246658151936e-02,9.001680320057144080e-02,-1.030637277445982658e-01,-4.280869302885779992e-02,-1.531489349208559891e-01,3.247897468805214793e-01,1.641432571356262471e-01,1.784858582390366766e-01,2.924624220756781856e-01,4.371324279181285077e-01,1.923734678938560094e-01,5.447168834686718641e-01,2.623630638156015937e-01,4.369984468832674995e-01,3.612668572177545889e-01,2.134591386799160051e-01,2.723654431847125079e-02,1.000000000000000000e+00,5.848707454558602636e-01,3.695134837472837108e-01,4.204471147112645024e-01,1.070464322087632952e-01,1.052399408975883827e-01,2.362174377049077456e-01,-1.298930566195793668e-01,-4.241587884525149232e-01,2.703493414556596905e-02
9.508957616226135223e-02,2.789280597411998297e-01,3.868647182390715367e-01,4.981421979495446184e-01,3.163554710820948856e-01,2.760661798600763661e-01,2.529367757500941560e-01,3.944737498352084426e-01,-3.963586068490921877e-01,-4.731552979259807112e-01,-3.711304890837346382e-01,-1.886694961475419152e-01,-2.773628321942613398e-02,-9.142397664219090170e-02,1.560408560636695856e-02,3.036487875273327641e-01,-1.273818380945741513e-01,2.058182549663155614e-01,1.311424073893149855e-01,-1.756779083679987641e-01,1.369577315158921060e-01,8.980984449548219672e-02,3.555161803069190052e-01,1.626115773352003191e-01,4.758066432790716838e-01,3.711808441476782683e-01,5.589176428783059203e-01,5.306070313698442176e-01,1.038310999040946009e-01,1.947156101441142872e-01,5.848707454558602636e-01,1.000000000000000000e+00,-4.371037384473509813e-02,1.764465520602787885e-01,3.268498640362083596e-01,5.030460344624983204e-02,2.576202376347515588e-01,1.584271401128129197e-01,-3.838692312232682702e-01,-2.104167514029667008e-01
-2.368115692437771092e-01,-2.164877393958894447e-01,-2.956460027278432490e-01,-2.321547686911598074e-01,-3.183398096772940278e-01,-2.219149045753953942e-01,-9.652344042525140555e-02,-1.619451381776877003e-02,2.407068454454041051e-01,2.260745787383802441e-01,1.299201511958541187e-02,9.996048202360240109e-02,-1.137463023746896340e-01,8.601883262517835693e-02,-2.959086068999348257e-02,-3.381897536382568598e-02,3.099562667959394890e-02,-2.370017864006538910e-01,3.136295204711063156e-01,6.005181277930098371e-01,-1.850753495086628342e-01,4.628806385304559678e-01,2.826453550229885980e-01,1.606163521500065250e-01,3.114133759923710110e-01,2.744732696652926185e-01,1.952894441218593624e-01,2.211563087108831538e-01,2.735303246104395791e-01,-1.441382268258319943e-01,3.695134837472837108e-01,-4.371037384473509813e-02,1.000000000000000000e+00,4.948280028857546253e-01,-1.812960437529025637e-01,2.396499332710853025e-01,-9.448056668702211475e-03,-3.578987738701464028e-01,-2.175828283975282662e-01,2.537073499959605627e-01
-2.794301581905750398e-01,-7.996874182931272557e-02,-2.416365819401974091e-01,-9.278322257882772039e-02,-2.614112165898906937e-01,-1.706664928110793733e-01,-7.881628046882079713e-03,5.933150172086879698e-02,1.610511395099508136e-01,5.553850423014260879e-02,6.874220300020991714e-02,9.422713732104787132e-02,-2.776113362981156851e-01,-1.126439754352557970e-01,3.058667563291661562e-02,1.305564937056885033e-01,7.654053523498045852e-02,1.118551095751631023e-02,5.163575520481723524e-01,2.608301540437998889e-01,6.426782909789846565e-02,2.887805564656200641e-01,2.836058906390604983e-01,3.343562718916375659e-02,3.489712565712919656e-01,1.621893001286048852e-01,2.672150542721274391e-01,2.197859682576909779e-01,6.806279881261553810e-02,-1.404821047546251089e-01,4.204471147112645024e-01,1.764465520602787885e-01,4.948280028857546253e-01,1.000000000000000000e+00,1.919631267878475489e-01,3.630551707894064672e-01,1.380571417923553423e-01,5.783428425534190703e-02,-2.736288895291364986e-01,1.494868542776304765e-01
-2.017453293844054599e-02,3.182616511859178710e-01,1.265921181592646050e-01,1.940372263281067711e-01,4.831754297590499236e-01,4.472674408619929376e-01,3.127899889798649857e-01,1.802718502735558559e-01,-5.752975021841213454e-01,-6.531315311775764965e-01,-1.281149904736820014e-02,-1.378736429238273109e-01,8.446553968322502437e-02,-8.083090164731104865e-03,2.320696624691387100e-01,1.139321311532792980e-01,1.877927226558593343e-01,1.898616684062383597e-01,-1.130836700163252995e-01,-3.831429695153985016e-01,2.666648040239544826e-01,-1.302159098848694185e-01,3.555653734696803125e-01,-1.353638262215608179e-01,2.212335694988364909e-01,-8.365235532376127936e-02,3.180058307253713079e-01,1.432071854180935744e-01,1.347150472366447083e-02,1.464341879522643719e-01,1.070464322087632952e-01,3.268498640362083596e-01,-1.812960437529025637e-01,1.919631267878475489e-01,1.000000000000000000e+00,3.000649057018007215e-01,7.815126304172947957e-02,5.143146280815069638e-01,1.550651807742716437e-01,-5.111214371288110847e-01
3.242277895365607617e-03,1.434545731114295619e-01,-2.356693948342427070e-01,-2.676220075569596957e-01,-1.320439751889308511e-01,-1.781103722820789048e-01,-2.392703631244667284e-01,-1.007609333680435232e-01,-6.080184082869891093e-02,-1.384328114897892259e-01,-1.217497326745593245e-01,-7.036929510177906966e-02,1.043180050817117815e-01,-5.740827709231929865e-02,1.356631974864677403e-01,1.653245384272168939e-01,8.665885520692942490e-02,-6.931818950915379085e-02,1.806423191929128758e-01,4.593111701720158785e-02,4.518573895542028068e-02,2.457852348434696188e-01,7.028616589773425405e-01,5.121962893324712995e-01,4.137454802015660404e-01,2.420452673874398941e-01,4.651776196888784409e-01,3.631181074807240394e-01,2.816662121235882776e-01,3.212526624322588620e-01,1.052399408975883827e-01,5.030460344624983204e-02,2.396499332710853025e-01,3.630551707894064672e-01,3.000649057018007215e-01,1.000000000000000000e+00,4.621396352788618156e-01,2.346057172693166715e-01,1.399384362851104902e-01,1.228536545740460673e-01
1.716654753707480274e-01,2.946296597520149940e-01,-1.587231184738102374e-01,-1.321639702345462075e-01,-7.511737041135482795e-02,-6.595745743656148026e-03,-2.322615072849904538e-01,-4.730670140924522760e-02,-2.724409148507890288e-01,-2.369486293051200620e-01,-2.962211478093876860e-01,-8.874975416517931481e-02,1.537029543744823645e-01,-5.557994615050143583e-02,3.391431478650384079e-01,1.301762054118840162e-01,2.791029061115681276e-01,6.353673895206039812e-02,-6.845135214596063944e-02,-1.402457322923222616e-01,-2.538741639915253687e-02,8.080023691285366516e-02,3.883164051632314040e-01,4.484287732785879887e-01,4.887271303384517207e-01,3.156025682472778371e-01,5.600565164083318725e-01,5.625629611938964825e-01,2.326947551225898303e-01,1.586098205571905284e-01,2.362174377049077456e-01,2.576202376347515588e-01,-9.448056668702211475e-03,1.380571417923553423e-01,7.815126304172947957e-02,4.621396352788618156e-01,1.000000000000000000e+00,2.958159919705450336e-01,4.949431485085651478e-02,-7.097048193966382090e-02
-5.952556759539240350e-02,6.055442476801330132e-02,-3.152588052167281524e-02,-2.697410316060792554e-02,3.028846617380096529e-01,2.137266976870317303e-01,1.269440468226116780e-01,1.163073659584157177e-01,-3.408416848866126503e-01,-3.783483479821580509e-01,-1.608349110746104815e-01,-1.909803774023923761e-01,1.397615193143736667e-01,5.581346262490107651e-02,1.372533574433263404e-01,8.251985606266666953e-03,1.215104986619152255e-01,5.553305024244213108e-03,-5.366643756445940543e-03,-3.831651765298220158e-01,3.176048729022516448e-01,-7.952407482962992047e-02,1.386512013453408687e-01,-6.554135368105880322e-02,9.835425058382980812e-02,-6.683452991404556509e-02,2.463178991466064005e-01,1.157550044995960398e-01,-5.954675598673247333e-02,3.947497039502207983e-01,-1.298930566195793668e-01,1.584271401128129197e-01,-3.578987738701464028e-01,5.783428425534190703e-02,5.143146280815069638e-01,2.346057172693166715e-01,2.958159919705450336e-01,1.000000000000000000e+00,3.447726223228624320e-01,-3.628278721720259448e-01
1.791076243782804556e-01,1.403206591484010279e-01,2.833817289636246517e-02,-1.866186846848435499e-01,2.398748758705310791e-01,8.289976877984203685e-02,5.175121034196406705e-02,-2.265689334989061041e-02,6.408556581562185883e-02,7.251471202692476303e-02,3.488551083171693712e-01,1.383398876292327162e-01,-8.449842294515941266e-02,-2.996263870384111572e-01,-9.036538879170229188e-02,-4.273280552796879933e-02,4.538624814437716704e-02,-8.984682298170371118e-03,-3.214662299637633391e-01,-1.044329202298277803e-01,-1.435901498573858293e-01,-2.098400237250970801e-01,-1.419885663683868871e-01,-2.471129001466324318e-02,-2.529775105818975467e-01,-2.618617705036299648e-01,-1.851058148844939022e-01,-2.778240999281293422e-01,2.391549509949976449e-01,3.414847525552186513e-01,-4.241587884525149232e-01,-3.838692312232682702e-01,-2.175828283975282662e-01,-2.736288895291364986e-01,1.550651807742716437e-01,1.399384362851104902e-01,4.949431485085651478e-02,3.447726223228624320e-01,1.000000000000000000e+00,-2.285841535532996405e-01
