1.000000000000000000e+00,6.914310510853487468e-01,-1.470010288333844228e-01,-1.341771618051808002e-01,2.329897198896614952e-01,3.433468017736545641e-01,-5.070651496830808763e-02,-1.930467757928198691e-01,-1.645197907480827060e-01,-1.524660601734848797e-01,1.088749469764008770e-01,1.630721286944775694e-01,3.949669384834243457e-01,7.844483120306633417e-02,-3.845641549206983978e-01,-3.303093077548983625e-01,-2.851032461583280497e-01,-5.111712491024728716e-02,-1.194798164688262304e-01,-7.609542850885758769e-02,-2.043572392630589873e-01,-6.910555212733454633e-02,-2.208660052997643286e-01,-1.857670760360974616e-01,-6.434598625149828832e-02,4.114492648771063688e-01,-1.481747969251555330e-01,1.301351589261316721e-01,-9.379553998698848816e-02,6.174418642066642482e-02,-1.267580765521084396e-01,-9.459784045083655937e-05,3.105582815298850163e-01,2.082887922564334859e-01,-2.523205401920476931e-01,-2.468695923294849104e-01,-9.410628773672288436e-03,8.595646740389915885e-02,-2.448818414391782383e-01,1.271584964092931092e-01
6.914310510853487468e-01,1.000000000000000000e+00,-2.227288446699116908e-01,-1.970232452559265712e-01,2.809825002010630790e-01,3.671536637606057085e-01,-1.052445031246923152e-01,-2.929957452038909338e-01,-1.531377403868071918e-01,-2.268286730477613589e-01,3.285770584181376686e-01,3.559425242340839013e-01,2.220494693207830106e-01,1.753432506324165488e-02,-5.761140735516570022e-01,-4.854446708601785065e-01,-3.558363257010478953e-01,-1.230217446444880069e-01,-4.651305296079051577e-02,5.021591891523863316e-02,-1.662870217116652893e-01,-4.494638657965458611e-02,-5.166474126040484505e-01,-6.188607192387183265e-01,1.750765824903979806e-02,3.630260044779446416e-01,-8.480267807137553682e-02,-3.023213554461638697e-02,-1.384484327407663751e-01,-1.302084612069710490e-01,-4.897097804804906307e-02,-3.387661956332400220e-02,2.498697210566015181e-01,2.014135601459647873e-01,-4.903368003261397434e-01,-6.334559324075853537e-01,-1.930550534508266303e-01,-6.725666591215846701e-02,-1.854862298424996836e-01,8.797505925282086969e-02
-1.470010288333844228e-01,-2.227288446699116908e-01,1.000000000000000000e+00,7.745111051856672368e-01,1.845114077343732728e-01,2.380550766642939298e-01,1.266626912272158512e-01,3.072811438579903798e-01,3.351187802435398599e-01,3.575554994863471836e-01,-3.066880100261068498e-01,-3.342987283565888035e-01,1.219440206531368504e-01,-4.753884358185249404e-02,1.534288248383675057e-01,2.633445865675795861e-01,-2.713051867884381033e-02,-1.083883959420330889e-01,-2.296413946946014306e-01,-2.316867585132758589e-01,-2.217914194984519638e-01,1.051807486593838402e-02,2.560639745329821304e-01,2.003680134428047210e-01,8.000376366856949695e-02,4.602689524434990659e-02,2.344724821824643590e-01,2.973563007143150139e-01,-7.501533699497006658e-02,6.575552213514378186e-02,1.642110448944484324e-01,3.944557195755216683e-01,-1.797115452103872635e-01,-2.617651524874338165e-01,-4.689417953035573267e-02,2.198929794338883581e-01,-2.031663036461933414e-01,4.598844424429108374e-02,-3.434531469387238634e-01,-2.744521933490991217e-02
-1.341771618051808002e-01,-1.970232452559265712e-01,7.745111051856672368e-01,1.000000000000000000e+00,9.452192959772891256e-02,1.708624154176234256e-01,1.089642198760480268e-01,3.162384065550525314e-01,2.803433616460584976e-01,2.998515738256884444e-01,-2.628551052082773731e-01,-2.759641353555641885e-01,-3.850653266877983316e-02,-1.347743147576362654e-01,1.986166036503766996e-01,2.880331598013525785e-01,-4.498381000849005842e-03,-6.540796582541602566e-02,-2.074232282150631768e-01,-1.898143486373846389e-01,-2.254843700877331159e-01,-2.220820574113769458e-02,2.265452085896516587e-01,1.731887622465938803e-01,2.548367624869437090e-02,-4.926667392281962148e-03,1.617362105208367262e-01,2.260445188877250877e-01,-1.008290671615020978e-01,1.244568275948665648e-01,1.459617454613993705e-02,1.900806913031312106e-01,-1.791796915630835818e-01,-1.840304165281034798e-01,7.056338627106899068e-03,2.212280381003634278e-01,-1.389321472335141860e-01,7.107632981965263455e-03,-2.282672285896616693e-01,7.176838402665798589e-02
2.329897198896614952e-01,2.809825002010630790e-01,1.845114077343732728e-01,9.452192959772891256e-02,1.000000000000000000e+00,8.511780637402434069e-01,-1.278729555896086223e-01,-5.445562000740020864e-02,-1.318234359388979204e-01,-1.961769246975706149e-01,2.273604684323245473e-01,2.995582230487863207e-01,5.379777252891526640e-01,5.612867989632250865e-01,-6.619925152416817893e-01,-3.497740515960036656e-01,-6.297208598181038841e-01,-3.290555465838393423e-01,-9.427248953568616308e-02,-1.369055066754452654e-01,-1.334269122690892595e-01,-2.136596602933307498e-01,-3.818209021583981455e-01,-3.849937649985799015e-01,-3.631697763146018443e-01,-1.974717524246335232e-01,-3.214190868741020335e-01,-3.554323266676068793e-01,-4.921662767644153225e-01,-3.984095354866992733e-01,-8.658972571474635171e-02,-2.644455425116645220e-01,-2.092891243658301093e-01,-9.390372501492522117e-02,2.534377153064578791e-03,-2.200541337683290244e-01,-4.399329510125057352e-01,-2.072766629533581706e-01,-3.374122528350406158e-01,-4.786012702918519546e-01
3.433468017736545641e-01,3.671536637606057085e-01,2.380550766642939298e-01,1.708624154176234256e-01,8.511780637402434069e-01,1.000000000000000000e+00,7.034918966217025560e-02,8.179548355829327488e-02,-1.792204947496230938e-01,-2.554051110824967497e-01,1.244526488371564682e-01,2.555042075669064494e-01,5.646784407132562356e-01,5.619460418178808814e-01,-5.853053030208149599e-01,-4.669476814701786771e-01,-5.903422001163891597e-01,-3.946077115008743696e-01,-1.245171412227303043e-01,-2.674467114194649109e-01,-1.839918018719353399e-01,-2.834627332885715778e-01,-2.114118474688953531e-01,-3.339731878351613337e-01,-2.279895491987091738e-01,-1.718609958566897356e-01,-1.974949338828929368e-01,-2.511731492680677191e-01,-3.692334976266722357e-01,-2.589114975841591004e-01,-1.372230428786317125e-01,-2.110914298836278624e-01,-1.398271288198792150e-01,-3.613150751921123671e-02,-1.093982899986894672e-02,-1.508612588507400876e-01,-2.699646291263137488e-01,-1.332475794427090132e-01,-3.436078550457188907e-01,-3.050975242321909975e-01
-5.070651496830808763e-02,-1.052445031246923152e-01,1.266626912272158512e-01,1.089642198760480268e-01,-1.278729555896086223e-01,7.034918966217025560e-02,1.000000000000000000e+00,8.173567877916791957e-01,-2.759223404512676781e-01,-2.237042029446994207e-01,-2.366225940867947852e-01,-1.537621739030494428e-01,1.499300097827533651e-01,-3.021204714546823003e-02,2.812170805285487685e-01,1.502428193268920409e-01,1.505974941918711563e-01,9.843684245742670424e-02,-2.303157044410922005e-01,-5.636705794682412840e-01,-1.399589074601774730e-01,-2.449558730359258085e-01,2.967890877058422250e-01,2.605097872498428058e-01,6.324016202863527725e-02,-1.316559799583640611e-01,6.468545197014403947e-02,4.763662266404194989e-02,1.249052630642080719e-01,3.435080351672405996e-01,-1.522136943328140923e-01,-3.979686247360565698e-02,3.028114766056028695e-01,1.157217815775464231e-01,2.477926805779652464e-01,3.316535769406039891e-01,1.890503672575241378e-01,-4.081444233867623228e-02,-1.752416186676034326e-01,1.296921860629936529e-01
-1.930467757928198691e-01,-2.929957452038909338e-01,3.072811438579903798e-01,3.162384065550525314e-01,-5.445562000740020864e-02,8.179548355829327488e-02,8.173567877916791957e-01,1.000000000000000000e+00,-8.904679726979194965e-02,-4.405754717050225366e-02,-3.458979615850019118e-01,-1.949196742361966328e-01,1.788947907469555232e-01,7.343914863625645995e-02,3.331359969830332557e-01,2.407358889923349177e-01,3.182727951513979192e-02,-3.179321685666252478e-02,-1.824029641211541986e-01,-5.644334962831728530e-01,-1.354225699340555200e-01,-1.749953211994760005e-01,4.313066202339234656e-01,4.279843504790599162e-01,8.269850132886916172e-02,-3.066353885939163693e-01,1.453478647160408033e-01,8.695908381318012692e-02,8.031991322768161634e-02,2.758542196334277663e-01,-8.966364120467729126e-02,-5.455071695024910072e-02,2.164466771782448951e-01,3.568002186714692298e-02,3.585001015605056573e-01,4.856118962906006975e-01,1.861229822349861895e-01,-8.386990048937251196e-02,-1.964577512968528339e-01,-1.863212171311820139e-02
-1.645197907480827060e-01,-1.531377403868071918e-01,3.351187802435398599e-01,2.803433616460584976e-01,-1.318234359388979204e-01,-1.792204947496230938e-01,-2.759223404512676781e-01,-8.904679726979194965e-02,1.000000000000000000e+00,8.602142057223992611e-01,-2.875547804421091924e-01,-3.904995494189975047e-01,-2.922543260856950709e-01,-3.502802812445075520e-01,3.008993874558432702e-01,1.198178945507158144e-01,5.913686532727610752e-03,-1.878196149201407650e-01,-3.112252771014049901e-02,2.726648489076775039e-01,-1.336451040571324037e-02,3.288551667026819447e-01,3.264204153501547578e-01,3.666183047536631379e-01,4.537891642920816593e-01,1.239749109927020532e-01,6.567257951371686664e-01,4.329318571048190178e-01,6.936881777755078693e-02,-6.766103822973722204e-02,5.580378973498304473e-01,4.978966697118273887e-01,-4.888990865049464007e-02,-4.730303908338541752e-01,-3.614400996896158236e-01,1.437750285906710668e-01,8.709238497573258686e-02,2.185877320900981580e-01,-8.334329645500387906e-02,1.347990132536221464e-01
-1.524660601734848797e-01,-2.268286730477613589e-01,3.575554994863471836e-01,2.998515738256884444e-01,-1.961769246975706149e-01,-2.554051110824967497e-01,-2.237042029446994207e-01,-4.405754717050225366e-02,8.602142057223992611e-01,1.000000000000000000e+00,-3.291631556343601051e-01,-4.308270482465508810e-01,-3.421443019028259647e-01,-3.442463675091789743e-01,4.475191658944566719e-01,2.460477493965644302e-01,1.343754868021592164e-01,-9.812060010887427297e-02,-8.257926529288266149e-02,2.063985949789060304e-01,2.840643302068793924e-03,2.994640736982158713e-01,4.449458789946136861e-01,4.982807781139361736e-01,4.624690509826274720e-01,1.664896027695467462e-01,5.732602405830362624e-01,4.614389443792482060e-01,6.411294487354360361e-02,-7.991779201605477001e-02,4.068228654384574150e-01,5.161256815929412545e-01,-1.691226394663405685e-01,-5.064565682501438459e-01,-2.463541946025204765e-01,3.153925588092952870e-01,1.564124246016523889e-01,2.693398723451828625e-01,-1.552539079153104212e-02,2.302965636307494623e-01
1.088749469764008770e-01,3.285770584181376686e-01,-3.066880100261068498e-01,-2.628551052082773731e-01,2.273604684323245473e-01,1.244526488371564682e-01,-2.366225940867947852e-01,-3.458979615850019118e-01,-2.875547804421091924e-01,-3.291631556343601051e-01,1.000000000000000000e+00,8.925185279216365508e-01,-6.916429437111673573e-02,-5.461439114235794312e-02,-4.712855657213915750e-01,-1.503347823269060024e-01,-1.055689687546959438e-01,3.037538266799685305e-01,6.253852426570659373e-02,2.450845409487361348e-01,-7.223426381559597265e-02,-4.602489281832987909e-03,-5.926445010058085661e-01,-5.672895274623028783e-01,-3.443310655432939571e-01,3.081674336234032086e-01,-4.016880167649913846e-01,-1.868330744066894478e-01,-2.212831245884216980e-01,-1.945264337165958923e-01,-6.204447659030097595e-02,-2.502820950406632328e-01,-1.249081501097007024e-01,1.474428196235144928e-01,-2.659891217883483261e-01,-5.463791979044105851e-01,-2.729101577543985857e-01,-1.364063687479044051e-01,8.352579546257327126e-02,-5.822097150856931150e-03
1.630721286944775694e-01,3.559425242340839013e-01,-3.342987283565888035e-01,-2.759641353555641885e-01,2.995582230487863207e-01,2.555042075669064494e-01,-1.537621739030494428e-01,-1.949196742361966328e-01,-3.904995494189975047e-01,-4.308270482465508810e-01,8.925185279216365508e-01,1.000000000000000000e+00,4.945648805102683537e-02,1.926536664285694034e-01,-5.046342869383263485e-01,-3.201864373191510849e-01,-2.165292555063802749e-01,6.206541001683678338e-02,7.044287473018079337e-02,1.607884151097145609e-01,-7.387438353396277857e-02,-4.791938291128988725e-02,-5.179426276089620362e-01,-5.747939891906209686e-01,-2.676956796120934512e-01,4.525985385213399104e-02,-4.041878588358222557e-01,-3.537538097002578263e-01,-1.854113704527572126e-01,-2.854354709660069100e-01,-1.379404442781555218e-01,-3.789965048413642679e-01,-3.809980840503683630e-02,2.596795461654410886e-01,-1.880108386168176382e-01,-4.802780273357662444e-01,-1.654519296529252392e-01,-7.079352473731133355e-02,1.703654007642183277e-01,-7.235606104468812749e-02
3.949669384834243457e-01,2.220494693207830106e-01,1.219440206531368504e-01,-3.850653266877983316e-02,5.379777252891526640e-01,5.646784407132562356e-01,1.499300097827533651e-01,1.788947907469555232e-01,-2.922543260856950709e-01,-3.421443019028259647e-01,-6.916429437111673573e-02,4.945648805102683537e-02,1.000000000000000000e+00,6.304963761236133113e-01,-4.790717260369197761e-01,-2.056137953071202618e-01,-5.151628517052372347e-01,-2.504094009810985955e-01,-5.755361381704585111e-02,-2.923673386199782676e-01,-7.178830724802706675e-02,-1.546631494766883552e-01,-1.583889589114537977e-01,-1.336436383894520352e-01,-3.368223196725961266e-01,-2.006641986369323005e-01,-3.011494873977352826e-01,-2.653004548076358660e-01,-1.028331010728789907e-01,-9.765234634392941371e-02,-1.652824641997096417e-02,-2.094139031202110479e-01,4.970339990927270107e-02,4.529611441811636635e-02,1.990523854809767013e-01,-3.073400149059237613e-02,-1.465557323319703897e-01,-1.763796359204397590e-01,-3.376717812039103928e-01,-3.785620588803240150e-01
7.844483120306633417e-02,1.753432506324165488e-02,-4.753884358185249404e-02,-1.347743147576362654e-01,5.612867989632250865e-01,5.619460418178808814e-01,-3.021204714546823003e-02,7.343914863625645995e-02,-3.502802812445075520e-01,-3.442463675091789743e-01,-5.461439114235794312e-02,1.926536664285694034e-01,6.304963761236133113e-01,1.000000000000000000e+00,-4.170542428299430227e-01,-4.224594083658266830e-01,-4.952811329409226304e-01,-5.813358275211120141e-01,4.634132251895721477e-02,-1.215278387094450158e-01,1.032647956951179141e-01,-1.556127797044352390e-01,1.251308558556890604e-02,-1.342856095221298396e-01,-1.277870545983438577e-01,-5.808911212557814618e-01,-2.302061620646348727e-01,-5.003199142898115959e-01,-1.877775511058424884e-01,-3.328863259685099218e-01,-1.759898164153153588e-01,-3.155127244754247218e-01,-1.266240804721757707e-01,6.666862780983230652e-02,2.871679042060349407e-01,5.475090962464839589e-02,6.684326996356561301e-02,-5.457342338284607020e-02,-3.492710059038806741e-02,-4.476498308398311199e-01
-3.845641549206983978e-01,-5.761140735516570022e-01,1.534288248383675057e-01,1.986166036503766996e-01,-6.619925152416817893e-01,-5.853053030208149599e-01,2.812170805285487685e-01,3.331359969830332557e-01,3.008993874558432702e-01,4.475191658944566719e-01,-4.712855657213915750e-01,-5.046342869383263485e-01,-4.790717260369197761e-01,-4.170542428299430227e-01,1.000000000000000000e+00,4.938929682983161928e-01,7.800670723538984941e-01,1.725791167330361364e-01,-6.191426335781863299e-02,-7.789172774460251247e-02,1.204011718725095338e-03,1.355306288126255643e-01,7.392165399659113012e-01,6.959886942692889988e-01,4.474505584797357494e-01,-9.674128722488679888e-02,4.103012354259870653e-01,2.398728656374574664e-01,2.951497572418434467e-01,3.036132933998539896e-01,1.571268340806155628e-01,3.518648584439629246e-01,5.807250579654502781e-02,-1.004025713464024305e-01,1.768108903016426814e-01,6.295767167167525269e-01,5.038344456609499256e-01,3.575325173188496630e-01,2.237477922537300101e-01,4.216050747467267601e-01
-3.303093077548983625e-01,-4.854446708601785065e-01,2.633445865675795861e-01,2.880331598013525785e-01,-3.497740515960036656e-01,-4.669476814701786771e-01,1.502428193268920409e-01,2.407358889923349177e-01,1.198178945507158144e-01,2.460477493965644302e-01,-1.503347823269060024e-01,-3.201864373191510849e-01,-2.056137953071202618e-01,-4.224594083658266830e-01,4.938929682983161928e-01,1.000000000000000000e+00,5.015016862117082086e-01,6.653986617040084095e-01,-2.827707847174309660e-02,-1.468732820320253762e-01,-3.492343202009624142e-02,1.055563297962049812e-02,1.608476801272661350e-01,4.252062079490016022e-01,-3.282264486571036533e-01,2.269700198933435331e-01,-2.192196327362697372e-01,2.645908052347130668e-01,-9.583600519925532593e-03,4.056946858431575431e-01,-1.961513346840003391e-01,8.365249717501695159e-02,-2.938310751346281946e-02,9.770454364615585585e-02,3.514200444282383762e-01,4.374119003101675229e-01,-1.088727169592081240e-01,-2.577972530109247096e-01,-1.087059812784398199e-01,1.104378326441128461e-01
-2.851032461583280497e-01,-3.558363257010478953e-01,-2.713051867884381033e-02,-4.498381000849005842e-03,-6.297208598181038841e-01,-5.903422001163891597e-01,1.505974941918711563e-01,3.182727951513979192e-02,5.913686532727610752e-03,1.343754868021592164e-01,-1.055689687546959438e-01,-2.165292555063802749e-01,-5.151628517052372347e-01,-4.952811329409226304e-01,7.800670723538984941e-01,5.015016862117082086e-01,1.000000000000000000e+00,4.817193388844099311e-01,-8.708664402502147572e-02,-2.467044534469852238e-02,-4.905087481733269583e-02,-2.287448074660794993e-03,3.079890673104513921e-01,2.925777360732498278e-01,1.081449004869872443e-01,1.539753052086395568e-01,1.646036608586682465e-02,2.365470394328703790e-02,1.368508427628142010e-01,2.652247818950206337e-01,-4.951620041963047253e-02,1.841263129719440950e-01,-4.794228977276213111e-02,8.212267994574296015e-02,5.039639828963169560e-02,2.613469442439596002e-01,2.913128236291859796e-01,2.231757664823657283e-01,2.733003978520189836e-01,4.073200154438793574e-01
-5.111712491024728716e-02,-1.230217446444880069e-01,-1.083883959420330889e-01,-6.540796582541602566e-02,-3.290555465838393423e-01,-3.946077115008743696e-01,9.843684245742670424e-02,-3.179321685666252478e-02,-1.878196149201407650e-01,-9.812060010887427297e-02,3.037538266799685305e-01,6.206541001683678338e-02,-2.504094009810985955e-01,-5.813358275211120141e-01,1.725791167330361364e-01,6.653986617040084095e-01,4.817193388844099311e-01,1.000000000000000000e+00,6.765519340606494791e-02,8.550174324239418963e-03,-7.267578107060540527e-02,-2.568184159625687760e-02,-2.902474542949909364e-01,-2.684450737428202560e-02,-5.071665858606292376e-01,6.233919562480260135e-01,-4.834183574140287765e-01,2.309902197888464015e-01,-1.656323895493929665e-01,2.706099720975205791e-01,-3.114441111685849473e-01,-1.389825301737840080e-01,-6.154425690809299347e-03,2.665867461726509346e-01,7.135795984474292697e-02,-9.669275625193804458e-02,-2.672856110870548974e-01,-3.165833053461321045e-01,-1.134053588601399883e-02,2.401660569176469751e-01
-1.194798164688262304e-01,-4.651305296079051577e-02,-2.296413946946014306e-01,-2.074232282150631768e-01,-9.427248953568616308e-02,-1.245171412227303043e-01,-2.303157044410922005e-01,-1.824029641211541986e-01,-3.112252771014049901e-02,-8.257926529288266149e-02,6.253852426570659373e-02,7.044287473018079337e-02,-5.755361381704585111e-02,4.634132251895721477e-02,-6.191426335781863299e-02,-2.827707847174309660e-02,-8.708664402502147572e-02,6.765519340606494791e-02,1.000000000000000000e+00,6.742612055034230556e-01,6.994517261987475143e-01,6.035460478806424778e-01,-5.567946850854747776e-02,-8.874838946172101950e-02,-1.760390285999016702e-02,-1.098889056402887754e-01,-1.086080535174345219e-01,-1.776086536234857127e-01,-5.773971775621826452e-02,-3.300804378853606225e-01,1.224926675617135918e-01,-9.298861043419562322e-02,1.554638120320433192e-01,5.472711765112012738e-01,1.343943356552978474e-01,-1.155508314109689461e-01,3.268524154410447358e-02,7.287269141527340059e-03,2.059365016100638338e-02,-2.119730905206763105e-01
-7.609542850885758769e-02,5.021591891523863316e-02,-2.316867585132758589e-01,-1.898143486373846389e-01,-1.369055066754452654e-01,-2.674467114194649109e-01,-5.636705794682412840e-01,-5.644334962831728530e-01,2.726648489076775039e-01,2.063985949789060304e-01,2.450845409487361348e-01,1.607884151097145609e-01,-2.923673386199782676e-01,-1.215278387094450158e-01,-7.789172774460251247e-02,-1.468732820320253762e-01,-2.467044534469852238e-02,8.550174324239418963e-03,6.742612055034230556e-01,1.000000000000000000e+00,5.666691281536143654e-01,7.658748851693857329e-01,-1.664830716109557684e-01,-2.104337273369754346e-01,1.801725386347342306e-01,1.408144563904519253e-01,1.099795040952502440e-01,-5.463551280819919920e-03,-1.160317292785178894e-01,-4.425225658882224189e-01,4.323229245230472695e-01,2.355889928511341047e-01,-5.580050765350914876e-02,1.898569074658270905e-01,-2.799934494628205650e-01,-3.389888914698679923e-01,5.824435454523722855e-02,1.924594995460716107e-01,1.893345588678098934e-01,-7.557786494113624513e-03
-2.043572392630589873e-01,-1.662870217116652893e-01,-2.217914194984519638e-01,-2.254843700877331159e-01,-1.334269122690892595e-01,-1.839918018719353399e-01,-1.399589074601774730e-01,-1.354225699340555200e-01,-1.336451040571324037e-02,2.840643302068793924e-03,-7.223426381559597265e-02,-7.387438353396277857e-02,-7.178830724802706675e-02,1.032647956951179141e-01,1.204011718725095338e-03,-3.492343202009624142e-02,-4.905087481733269583e-02,-7.267578107060540527e-02,6.994517261987475143e-01,5.666691281536143654e-01,1.000000000000000000e+00,6.673537500748848439e-01,1.253276535919757573e-01,1.512062441461272388e-01,1.055945121468606848e-02,-2.473013654886036250e-01,1.459749177511621490e-02,-1.774853078749175639e-01,-1.749512117687117979e-02,-2.166523020987179138e-01,2.051169044472853642e-01,2.636146908609216313e-02,3.997766651995188214e-02,3.676828398587402291e-01,4.175607251003000120e-01,1.509225943546415039e-01,2.530415544948286799e-01,2.480604667155512089e-01,8.298097357641964766e-02,-2.214490405726857181e-01
-6.910555212733454633e-02,-4.494638657965458611e-02,1.051807486593838402e-02,-2.220820574113769458e-02,-2.136596602933307498e-01,-2.834627332885715778e-01,-2.449558730359258085e-01,-1.749953211994760005e-01,3.288551667026819447e-01,2.994640736982158713e-01,-4.602489281832987909e-03,-4.791938291128988725e-02,-1.546631494766883552e-01,-1.556127797044352390e-01,1.355306288126255643e-01,1.055563297962049812e-02,-2.287448074660794993e-03,-2.568184159625687760e-02,6.035460478806424778e-01,7.658748851693857329e-01,6.673537500748848439e-01,1.000000000000000000e+00,1.913655832129461665e-01,1.757999749151225310e-01,2.951694612395499573e-01,4.950587620360511615e-02,2.924594759807835342e-01,1.524566481806826079e-01,6.655433748674705052e-02,-2.066730957705129323e-01,5.993264043004197239e-01,4.437278062145082469e-01,1.154819859258956055e-01,1.920990145513985781e-01,-2.342289469753864109e-02,3.415835968084755120e-02,2.082640888973193161e-01,3.438024928882519315e-01,7.017731387205249083e-02,1.321177718123443534e-01
-2.208660052997643286e-01,-5.166474126040484505e-01,2.560639745329821304e-01,2.265452085896516587e-01,-3.818209021583981455e-01,-2.114118474688953531e-01,2.967890877058422250e-01,4.313066202339234656e-01,3.264204153501547578e-01,4.449458789946136861e-01,-5.926445010058085661e-01,-5.179426276089620362e-01,-1.583889589114537977e-01,1.251308558556890604e-02,7.392165399659113012e-01,1.608476801272661350e-01,3.079890673104513921e-01,-2.902474542949909364e-01,-5.567946850854747776e-02,-1.664830716109557684e-01,1.253276535919757573e-01,1.913655832129461665e-01,1.000000000000000000e+00,8.484931936477180248e-01,5.755851004683698591e-01,-3.296296405404757213e-01,5.595066038099216765e-01,2.554674233381152848e-01,3.468629865939064638e-01,2.833354321612728821e-01,2.449985850229489670e-01,4.113962819426204010e-01,6.745518191572612288e-02,-1.542295846698110984e-01,3.256794188723156624e-01,8.116069989194834022e-01,6.312662473755447090e-01,3.866503935067861497e-01,3.024498460521016230e-02,2.989014159425204542e-01
-1.857670760360974616e-01,-6.188607192387183265e-01,2.003680134428047210e-01,1.731887622465938803e-01,-3.849937649985799015e-01,-3.339731878351613337e-01,2.605097872498428058e-01,4.279843504790599162e-01,3.666183047536631379e-01,4.982807781139361736e-01,-5.672895274623028783e-01,-5.747939891906209686e-01,-1.336436383894520352e-01,-1.342856095221298396e-01,6.959886942692889988e-01,4.252062079490016022e-01,2.925777360732498278e-01,-2.684450737428202560e-02,-8.874838946172101950e-02,-2.104337273369754346e-01,1.512062441461272388e-01,1.757999749151225310e-01,8.484931936477180248e-01,1.000000000000000000e+00,2.952952280474723246e-01,-1.771755239695964879e-01,4.040930823132279914e-01,3.684481940331950645e-01,3.638005133716791240e-01,4.353758295177583837e-01,1.950704536101169062e-01,3.616081124666285507e-01,5.321532630390858609e-02,-2.015243569058092488e-01,4.472720812269676549e-01,8.720206328214494818e-01,5.142298507560681964e-01,2.272042744372947953e-01,-2.538698395548780185e-02,2.287355860500617788e-01
-6.434598625149828832e-02,1.750765824903979806e-02,8.000376366856949695e-02,2.548367624869437090e-02,-3.631697763146018443e-01,-2.279895491987091738e-01,6.324016202863527725e-02,8.269850132886916172e-02,4.537891642920816593e-01,4.624690509826274720e-01,-3.443310655432939571e-01,-2.676956796120934512e-01,-3.368223196725961266e-01,-1.277870545983438577e-01,4.474505584797357494e-01,-3.282264486571036533e-01,1.081449004869872443e-01,-5.071665858606292376e-01,-1.760390285999016702e-02,1.801725386347342306e-01,1.055945121468606848e-02,2.951694612395499573e-01,5.755851004683698591e-01,2.952952280474723246e-01,1.000000000000000000e+00,-9.623207333191706458e-02,8.912713453200072911e-01,3.432435074068049818e-01,3.442326282624569300e-01,-4.108366231390765504e-03,5.311112384556855304e-01,5.658273678339341695e-01,1.732979479860650152e-01,-2.533018170348051989e-01,-3.999551629154534660e-01,1.460440586110799688e-01,5.855105919407864734e-01,5.420862979035865337e-01,9.123112816316317208e-02,3.672812951307920515e-01
4.114492648771063688e-01,3.630260044779446416e-01,4.602689524434990659e-02,-4.926667392281962148e-03,-1.974717524246335232e-01,-1.718609958566897356e-01,-1.316559799583640611e-01,-3.066353885939163693e-01,1.239749109927020532e-01,1.664896027695467462e-01,3.081674336234032086e-01,4.525985385213399104e-02,-2.006641986369323005e-01,-5.808911212557814618e-01,-9.674128722488679888e-02,2.269700198933435331e-01,1.539753052086395568e-01,6.233919562480260135e-01,-1.098889056402887754e-01,1.408144563904519253e-01,-2.473013654886036250e-01,4.950587620360511615e-02,-3.296296405404757213e-01,-1.771755239695964879e-01,-9.623207333191706458e-02,1.000000000000000000e+00,-5.829764689129524058e-02,6.525065502365441361e-01,-1.363609502491420211e-01,2.464195339687413333e-01,-2.567010741115728981e-02,2.791976598819011501e-01,-3.000895323186838354e-03,2.985458554564639905e-02,-5.141880278431659734e-01,-3.621202996438403487e-01,-2.600611925929959822e-01,-1.387146790104332172e-01,-2.396070661860987827e-01,3.931772781859985688e-01
-1.481747969251555330e-01,-8.480267807137553682e-02,2.344724821824643590e-01,1.617362105208367262e-01,-3.214190868741020335e-01,-1.974949338828929368e-01,6.468545197014403947e-02,1.453478647160408033e-01,6.567257951371686664e-01,5.732602405830362624e-01,-4.016880167649913846e-01,-4.041878588358222557e-01,-3.011494873977352826e-01,-2.302061620646348727e-01,4.103012354259870653e-01,-2.192196327362697372e-01,1.646036608586682465e-02,-4.834183574140287765e-01,-1.086080535174345219e-01,1.099795040952502440e-01,1.459749177511621490e-02,2.924594759807835342e-01,5.595066038099216765e-01,4.040930823132279914e-01,8.912713453200072911e-01,-5.829764689129524058e-02,1.000000000000000000e+00,5.012517667284083211e-01,3.996969321195206759e-01,1.307880679922397982e-01,6.500747794868152463e-01,6.323846429788362311e-01,1.566910439374914477e-01,-4.408282621355296693e-01,-3.671970495645860977e-01,2.243060551776989153e-01,4.591479016441482597e-01,4.915410870459462900e-01,-2.249782746159699476e-02,2.670460253978994003e-01
1.301351589261316721e-01,-3.023213554461638697e-02,2.973563007143150139e-01,2.260445188877250877e-01,-3.554323266676068793e-01,-2.511731492680677191e-01,4.763662266404194989e-02,8.695908381318012692e-02,4.329318571048190178e-01,4.614389443792482060e-01,-1.868330744066894478e-01,-3.537538097002578263e-01,-2.653004548076358660e-01,-5.003199142898115959e-01,2.398728656374574664e-01,2.645908052347130668e-01,2.365470394328703790e-02,2.309902197888464015e-01,-1.776086536234857127e-01,-5.463551280819919920e-03,-1.774853078749175639e-01,1.524566481806826079e-01,2.554674233381152848e-01,3.684481940331950645e-01,3.432435074068049818e-01,6.525065502365441361e-01,5.012517667284083211e-01,1.000000000000000000e+00,2.116440866400893517e-01,4.892205286499113348e-01,2.240080078277931486e-01,5.534728463281732846e-01,3.204766651732630922e-02,-2.318222967118493683e-01,-3.066300209550339995e-01,1.670797157971268265e-01,4.889836155695405362e-02,6.943471991096657192e-02,-2.279896661529576540e-01,3.840705567621253702e-01
-9.379553998698848816e-02,-1.384484327407663751e-01,-7.501533699497006658e-02,-1.008290671615020978e-01,-4.921662767644153225e-01,-3.692334976266722357e-01,1.249052630642080719e-01,8.031991322768161634e-02,6.936881777755078693e-02,6.411294487354360361e-02,-2.212831245884216980e-01,-1.854113704527572126e-01,-1.028331010728789907e-01,-1.877775511058424884e-01,2.951497572418434467e-01,-9.583600519925532593e-03,1.368508427628142010e-01,-1.656323895493929665e-01,-5.773971775621826452e-02,-1.160317292785178894e-01,-1.749512117687117979e-02,6.655433748674705052e-02,3.468629865939064638e-01,3.638005133716791240e-01,3.442326282624569300e-01,-1.363609502491420211e-01,3.996969321195206759e-01,2.116440866400893517e-01,1.000000000000000000e+00,5.751922548436644300e-01,4.109715963189138344e-01,3.329934272706528420e-01,2.018339097616610456e-01,-1.978844360519454171e-01,3.407031753543906388e-02,2.791986934083374727e-01,2.683787809602778407e-01,2.450045084275281337e-01,2.579261038602789768e-01,2.717853728096694121e-01
6.174418642066642482e-02,-1.302084612069710490e-01,6.575552213514378186e-02,1.244568275948665648e-01,-3.984095354866992733e-01,-2.589114975841591004e-01,3.435080351672405996e-01,2.758542196334277663e-01,-6.766103822973722204e-02,-7.991779201605477001e-02,-1.945264337165958923e-01,-2.854354709660069100e-01,-9.765234634392941371e-02,-3.328863259685099218e-01,3.036132933998539896e-01,4.056946858431575431e-01,2.652247818950206337e-01,2.706099720975205791e-01,-3.300804378853606225e-01,-4.425225658882224189e-01,-2.166523020987179138e-01,-2.066730957705129323e-01,2.833354321612728821e-01,4.353758295177583837e-01,-4.108366231390765504e-03,2.464195339687413333e-01,1.307880679922397982e-01,4.892205286499113348e-01,5.751922548436644300e-01,1.000000000000000000e+00,-1.977162371742316807e-02,3.294024869290586577e-01,2.283046893350571538e-01,2.895152608474290540e-02,1.744024707407860475e-01,4.169272267006015609e-01,1.607296608794017978e-01,-3.261515168497631373e-02,-1.065925751679908801e-01,4.051405138845794451e-01
-1.267580765521084396e-01,-4.897097804804906307e-02,1.642110448944484324e-01,1.459617454613993705e-02,-8.658972571474635171e-02,-1.372230428786317125e-01,-1.522136943328140923e-01,-8.966364120467729126e-02,5.580378973498304473e-01,4.068228654384574150e-01,-6.204447659030097595e-02,-1.379404442781555218e-01,-1.652824641997096417e-02,-1.759898164153153588e-01,1.571268340806155628e-01,-1.961513346840003391e-01,-4.951620041963047253e-02,-3.114441111685849473e-01,1.224926675617135918e-01,4.323229245230472695e-01,2.051169044472853642e-01,5.993264043004197239e-01,2.449985850229489670e-01,1.950704536101169062e-01,5.311112384556855304e-01,-2.567010741115728981e-02,6.500747794868152463e-01,2.240080078277931486e-01,4.109715963189138344e-01,-1.977162371742316807e-02,1.000000000000000000e+00,6.361605497386038088e-01,7.279339257410082087e-02,-3.322061248714488491e-01,-3.274164876372627209e-01,1.311963708529977068e-04,1.867975340058890266e-01,3.850952244439711514e-01,-5.781718794673180312e-02,8.895568272282623756e-02
-9.459784045083655937e-05,-3.387661956332400220e-02,3.944557195755216683e-01,1.900806913031312106e-01,-2.644455425116645220e-01,-2.110914298836278624e-01,-3.979686247360565698e-02,-5.455071695024910072e-02,4.978966697118273887e-01,5.161256815929412545e-01,-2.502820950406632328e-01,-3.789965048413642679e-01,-2.094139031202110479e-01,-3.155127244754247218e-01,3.518648584439629246e-01,8.365249717501695159e-02,1.841263129719440950e-01,-1.389825301737840080e-01,-9.298861043419562322e-02,2.355889928511341047e-01,2.636146908609216313e-02,4.437278062145082469e-01,4.113962819426204010e-01,3.616081124666285507e-01,5.658273678339341695e-01,2.791976598819011501e-01,6.323846429788362311e-01,5.534728463281732846e-01,3.329934272706528420e-01,3.294024869290586577e-01,6.361605497386038088e-01,1.000000000000000000e+00,-3.021369179606843425e-02,-2.312990067408689510e-01,-2.974297414616802193e-01,2.147542556610773368e-01,2.612277387473900259e-01,3.447610806357306878e-01,-1.534522675972669337e-01,4.016234009479716649e-01
3.105582815298850163e-01,2.498697210566015181e-01,-1.797115452103872635e-01,-1.791796915630835818e-01,-2.092891243658301093e-01,-1.398271288198792150e-01,3.028114766056028695e-01,2.164466771782448951e-01,-4.888990865049464007e-02,-1.691226394663405685e-01,-1.249081501097007024e-01,-3.809980840503683630e-02,4.970339990927270107e-02,-1.266240804721757707e-01,5.807250579654502781e-02,-2.938310751346281946e-02,-4.794228977276213111e-02,-6.154425690809299347e-03,1.554638120320433192e-01,-5.580050765350914876e-02,3.997766651995188214e-02,1.154819859258956055e-01,6.745518191572612288e-02,5.321532630390858609e-02,1.732979479860650152e-01,-3.000895323186838354e-03,1.566910439374914477e-01,3.204766651732630922e-02,2.018339097616610456e-01,2.283046893350571538e-01,7.279339257410082087e-02,-3.021369179606843425e-02,1.000000000000000000e+00,3.539870892292801829e-01,-9.939559393615260419e-02,-1.728957648771256919e-02,1.695358262911836333e-01,5.597240782227529132e-02,-1.055035911318739777e-01,1.794106078465513010e-01
2.082887922564334859e-01,2.014135601459647873e-01,-2.617651524874338165e-01,-1.840304165281034798e-01,-9.390372501492522117e-02,-3.613150751921123671e-02,1.157217815775464231e-01,3.568002186714692298e-02,-4.730303908338541752e-01,-5.064565682501438459e-01,1.474428196235144928e-01,2.596795461654410886e-01,4.529611441811636635e-02,6.666862780983230652e-02,-1.004025713464024305e-01,9.770454364615585585e-02,8.212267994574296015e-02,2.665867461726509346e-01,5.472711765112012738e-01,1.898569074658270905e-01,3.676828398587402291e-01,1.920990145513985781e-01,-1.542295846698110984e-01,-2.015243569058092488e-01,-2.533018170348051989e-01,2.985458554564639905e-02,-4.408282621355296693e-01,-2.318222967118493683e-01,-1.978844360519454171e-01,2.895152608474290540e-02,-3.322061248714488491e-01,-2.312990067408689510e-01,3.539870892292801829e-01,1.000000000000000000e+00,2.799630350263166978e-01,-6.373679850774745248e-02,5.359017366445061742e-02,-1.061607986088248107e-01,-9.951684846371341986e-02,-1.523650846788003957e-02
-2.523205401920476931e-01,-4.903368003261397434e-01,-4.689417953035573267e-02,7.056338627106899068e-03,2.534377153064578791e-03,-1.093982899986894672e-02,2.477926805779652464e-01,3.585001015605056573e-01,-3.614400996896158236e-01,-2.463541946025204765e-01,-2.659891217883483261e-01,-1.880108386168176382e-01,1.990523854809767013e-01,2.871679042060349407e-01,1.768108903016426814e-01,3.514200444282383762e-01,5.039639828963169560e-02,7.135795984474292697e-02,1.343943356552978474e-01,-2.799934494628205650e-01,4.175607251003000120e-01,-2.342289469753864109e-02,3.256794188723156624e-01,4.472720812269676549e-01,-3.999551629154534660e-01,-5.141880278431659734e-01,-3.671970495645860977e-01,-3.066300209550339995e-01,3.407031753543906388e-02,1.744024707407860475e-01,-3.274164876372627209e-01,-2.974297414616802193e-01,-9.939559393615260419e-02,2.799630350263166978e-01,1.000000000000000000e+00,6.530438630285617663e-01,1.678300134036976310e-01,-7.199403964405388934e-02,3.751631832938415179e-02,-2.246601071517616288e-01
-2.468695923294849104e-01,-6.334559324075853537e-01,2.198929794338883581e-01,2.212280381003634278e-01,-2.200541337683290244e-01,-1.508612588507400876e-01,3.316535769406039891e-01,4.856118962906006975e-01,1.437750285906710668e-01,3.153925588092952870e-01,-5.463791979044105851e-01,-4.802780273357662444e-01,-3.073400149059237613e-02,5.475090962464839589e-02,6.295767167167525269e-01,4.374119003101675229e-01,2.613469442439596002e-01,-9.669275625193804458e-02,-1.155508314109689461e-01,-3.389888914698679923e-01,1.509225943546415039e-01,3.415835968084755120e-02,8.116069989194834022e-01,8.720206328214494818e-01,1.460440586110799688e-01,-3.621202996438403487e-01,2.243060551776989153e-01,1.670797157971268265e-01,2.791986934083374727e-01,4.169272267006015609e-01,1.311963708529977068e-04,2.147542556610773368e-01,-1.728957648771256919e-02,-6.373679850774745248e-02,6.530438630285617663e-01,1.000000000000000000e+00,4.099027460574135584e-01,2.261144275488566335e-01,-2.672151754120304784e-02,1.299460406790718670e-01
-9.410628773672288436e-03,-1.930550534508266303e-01,-2.031663036461933414e-01,-1.389321472335141860e-01,-4.399329510125057352e-01,-2.699646291263137488e-01,1.890503672575241378e-01,1.861229822349861895e-01,8.709238497573258686e-02,1.564124246016523889e-01,-2.729101577543985857e-01,-1.654519296529252392e-01,-1.465557323319703897e-01,6.684326996356561301e-02,5.038344456609499256e-01,-1.088727169592081240e-01,2.913128236291859796e-01,-2.672856110870548974e-01,3.268524154410447358e-02,5.824435454523722855e-02,2.530415544948286799e-01,2.082640888973193161e-01,6.312662473755447090e-01,5.142298507560681964e-01,5.855105919407864734e-01,-2.600611925929959822e-01,4.591479016441482597e-01,4.889836155695405362e-02,2.683787809602778407e-01,1.607296608794017978e-01,1.867975340058890266e-01,2.612277387473900259e-01,1.695358262911836333e-01,5.359017366445061742e-02,1.678300134036976310e-01,4.099027460574135584e-01,1.000000000000000000e+00,5.460031254753190399e-01,2.729984986111528844e-01,3.971736258342644654e-01
8.595646740389915885e-02,-6.725666591215846701e-02,4.598844424429108374e-02,7.107632981965263455e-03,-2.072766629533581706e-01,-1.332475794427090132e-01,-4.081444233867623228e-02,-8.386990048937251196e-02,2.185877320900981580e-01,2.693398723451828625e-01,-1.364063687479044051e-01,-7.079352473731133355e-02,-1.763796359204397590e-01,-5.457342338284607020e-02,3.575325173188496630e-01,-2.577972530109247096e-01,2.231757664823657283e-01,-3.165833053461321045e-01,7.287269141527340059e-03,1.924594995460716107e-01,2.480604667155512089e-01,3.438024928882519315e-01,3.866503935067861497e-01,2.272042744372947953e-01,5.420862979035865337e-01,-1.387146790104332172e-01,4.915410870459462900e-01,6.943471991096657192e-02,2.450045084275281337e-01,-3.261515168497631373e-02,3.850952244439711514e-01,3.447610806357306878e-01,5.597240782227529132e-02,-1.061607986088248107e-01,-7.199403964405388934e-02,2.261144275488566335e-01,5.460031254753190399e-01,1.000000000000000000e+00,3.891880852847485195e-01,2.932344047482294269e-01
-2.448818414391782383e-01,-1.854862298424996836e-01,-3.434531469387238634e-01,-2.282672285896616693e-01,-3.374122528350406158e-01,-3.436078550457188907e-01,-1.752416186676034326e-01,-1.964577512968528339e-01,-8.334329645500387906e-02,-1.552539079153104212e-02,8.352579546257327126e-02,1.703654007642183277e-01,-3.376717812039103928e-01,-3.492710059038806741e-02,2.237477922537300101e-01,-1.087059812784398199e-01,2.733003978520189836e-01,-1.134053588601399883e-02,2.059365016100638338e-02,1.893345588678098934e-01,8.298097357641964766e-02,7.017731387205249083e-02,3.024498460521016230e-02,-2.538698395548780185e-02,9.123112816316317208e-02,-2.396070661860987827e-01,-2.249782746159699476e-02,-2.279896661529576540e-01,2.579261038602789768e-01,-1.065925751679908801e-01,-5.781718794673180312e-02,-1.534522675972669337e-01,-1.055035911318739777e-01,-9.951684846371341986e-02,3.751631832938415179e-02,-2.672151754120304784e-02,2.729984986111528844e-01,3.891880852847485195e-01,1.000000000000000000e+00,3.106790759185638073e-01
