1.000000000000000000e+00,5.293290007551502141e-01,-5.634561037823402480e-02,-2.007330108048843709e-01,1.416946468317432095e-01,-1.087475807100181727e-02,-3.546447055474371557e-01,-3.425389684731714457e-01,3.660541403211791667e-01,3.018265987204896139e-01,-1.859544714594366932e-01,6.396014167019417607e-02,5.035418952878992771e-01,3.563208942677268398e-01,-4.062883711435943956e-01,-2.800895475637674159e-01,-3.354141094303295101e-01,6.787030171393747258e-02,-3.575246017702276569e-01,-2.433071478911286722e-01,-1.772498983471869627e-01,5.044209929775793355e-02,1.080280828670598658e-01,3.673713302964046884e-02,-6.892505634621703958e-02,1.078702627148954429e-01,6.647432052042347161e-02,2.846261023430204373e-01,-4.544723376688687422e-01,-3.161541032016491615e-01,-1.837365410799273735e-01,-2.033011985582680037e-01,-1.087998822765779902e-02,-8.318618114099420036e-02,-2.242497031214232273e-01,-7.339770733026915184e-02,9.393131805992255279e-02,3.476399142684707955e-02,-2.440567442986371800e-03,-1.903164882406853942e-01
5.293290007551502141e-01,1.000000000000000000e+00,-3.340747046788558605e-01,-5.113458726502719820e-01,-6.811079168737456391e-02,-2.075462460006403387e-01,-2.350841463355265726e-01,-3.076883454290327835e-01,1.552818651557524299e-01,6.552316091151932920e-02,2.030500210305400677e-01,1.626031171583638690e-01,3.666130665867584071e-01,5.323121340495996778e-02,-2.718242456453109912e-01,-3.539925523992315526e-02,-2.224377470557328818e-01,1.039803404996254704e-01,-2.819845128510399257e-01,-2.550948605386110790e-01,-1.605945294306484472e-01,-1.617555446881535075e-01,-1.821687812793085226e-01,-2.302610354440582374e-01,-3.859120103328839702e-01,-9.254193944182712017e-02,-1.128911285314128515e-01,-1.153148291141441184e-01,-1.657372736403597835e-01,-1.516596371924780473e-01,-2.123419963376702857e-01,-3.194960984171656415e-01,-2.815251069286667587e-02,-1.052724583755653733e-02,-2.580563427047090075e-01,-3.215485803758912353e-01,-4.368766577649682049e-03,3.494550435121857035e-02,-1.305256937679827312e-01,-1.486008919291042230e-01
-5.634561037823402480e-02,-3.340747046788558605e-01,1.000000000000000000e+00,7.986706388315051308e-01,5.212904681593047984e-01,4.373803281852565172e-01,-3.631205320213452131e-02,4.933674539105177038e-03,7.695047918657836432e-03,2.309361146063074622e-03,-1.315098086407154310e-01,-1.150120389500612905e-01,-1.431855271488171044e-01,-1.084063299554751392e-01,-9.126261787201180031e-02,-2.239640580095688116e-01,-7.263543307220807210e-02,-1.397255689190546879e-01,4.763927404991344372e-02,-6.550640916318981044e-02,2.315665723008232535e-01,1.025189317372878633e-01,1.612307496065986667e-01,3.733545371649948236e-02,1.597991953969779555e-01,-2.119904571523347284e-02,1.567358095054360856e-01,2.045025110237152777e-01,-4.238710285263515981e-02,2.787426253283663627e-02,-1.206798040863821808e-01,-3.650633272750172104e-02,1.143842870838333581e-01,-4.403827232104456924e-02,1.514499107638663800e-01,2.200918447856372306e-01,-2.023315906679306608e-01,5.732503925130081474e-02,1.143007016000491677e-01,-5.960995489768917445e-03
-2.007330108048843709e-01,-5.113458726502719820e-01,7.986706388315051308e-01,1.000000000000000000e+00,3.718621633342940047e-01,4.315618292566927305e-01,5.834795945488033958e-02,1.027979462977340747e-01,1.109007581106010304e-01,1.374705121480696846e-01,-3.000989375833634787e-01,-2.465580741584042501e-01,-1.872183872702474772e-01,6.293442936519327846e-02,-7.840625593824290807e-02,-3.155504907571812789e-01,-1.243369125409093806e-01,-3.481201458178431185e-01,2.675361211644624038e-01,1.002125716285024587e-01,2.711818622660280842e-01,2.455739932750630461e-01,2.177546392360407979e-01,5.926430603363887911e-02,1.715031705477896296e-01,-9.630061745660313532e-02,1.943600027947516851e-01,1.924289033020580852e-01,-1.033027650522437835e-01,-3.070999246353830689e-02,1.102111101200412419e-01,1.027361881248115699e-01,3.913771380549642409e-02,6.066042188584652717e-02,2.177403153555040050e-01,2.069888408982681893e-01,-2.578390023928981978e-01,-1.415057993621839927e-01,-1.456324010753659928e-02,1.308982976859011105e-01
1.416946468317432095e-01,-6.811079168737456391e-02,5.212904681593047984e-01,3.718621633342940047e-01,1.000000000000000000e+00,8.505154751767813881e-01,1.258078338506128657e-01,2.469522062854581645e-01,-1.467784435280018729e-01,-3.278786465488130464e-01,-1.099456765581336287e-01,-1.246110008138721637e-01,1.154564708321829253e-01,3.000658660609773487e-01,1.945538083908114613e-02,-3.783215615660431297e-01,-8.916273161878839060e-03,-3.580785326630329668e-01,-3.313299916149284874e-01,-2.536189456080034654e-01,1.109911677673067060e-01,1.888689424693098251e-01,4.439871959025590287e-01,6.432183349838942188e-02,3.064937097643866126e-01,-1.083532049253750906e-01,2.688081447161752013e-01,2.005703391898374932e-01,-2.045047153340098511e-01,-2.760389738162286610e-01,-2.094417517271905949e-01,1.030158620565164024e-01,2.707694497376389453e-01,-2.048419608077129694e-01,1.240664137317048776e-01,3.456180089233104047e-01,-8.036299490767313813e-02,1.687245640964480931e-01,-7.157319095537911791e-02,-5.148305027117330152e-02
-1.087475807100181727e-02,-2.075462460006403387e-01,4.373803281852565172e-01,4.315618292566927305e-01,8.505154751767813881e-01,1.000000000000000000e+00,2.337615444110363039e-01,3.987563787057865627e-01,-2.538917083981216960e-01,-3.618635941246341470e-01,-2.243651416411488186e-01,-2.260348986565085816e-01,1.576833567093733068e-01,4.496098955981965850e-01,1.119206866522162308e-01,-3.221320989390032419e-01,-3.697379300157940113e-02,-4.708533738582993955e-01,-9.397588108230792159e-02,-1.697644270650172371e-01,1.944742902671249274e-01,1.517948712016694846e-01,5.187137416355758202e-01,8.372735258455304974e-02,2.485234091281474933e-01,-2.260945078706853295e-01,3.430127343250823357e-01,1.819740617211385303e-01,-2.971484018718564823e-01,-3.473935896895120612e-01,-1.310145108847435118e-02,1.908402957816318635e-01,1.433113095326245534e-01,-8.279600025298268495e-02,1.569049265475747079e-01,3.582046351122445405e-01,-1.504152385294234562e-01,7.356431558261931902e-02,-1.439746079971174486e-01,-4.274753718667592683e-02
-3.546447055474371557e-01,-2.350841463355265726e-01,-3.631205320213452131e-02,5.834795945488033958e-02,1.258078338506128657e-01,2.337615444110363039e-01,1.000000000000000000e+00,7.401129101857955028e-01,-3.847752636485879951e-01,-9.153878586279490248e-02,7.049561383370402112e-02,-1.599474166153540822e-01,-3.127271670055817299e-01,-8.012438527944804045e-02,1.881136770032256766e-01,4.479501224444892155e-02,9.592219951650789167e-02,-8.479311120362188758e-02,1.841004482688256283e-01,2.198191011367333636e-01,8.439845733491077584e-02,3.524257752349871931e-01,9.983081468777769973e-02,2.354996855209806894e-01,4.701916757680579297e-03,-1.624511621955083696e-01,8.045529746049319419e-02,-2.622434773249011641e-01,1.719442608507291137e-01,1.367184119942954912e-01,-1.178475733897832167e-01,1.557366575290633215e-01,5.276999276551558316e-01,2.104215311321534429e-02,1.190689570947536940e-01,4.769846751027589926e-02,-1.662921610657459304e-01,-2.643029140536736765e-01,-3.800830635430167415e-01,-1.493170813240231043e-01
-3.425389684731714457e-01,-3.076883454290327835e-01,4.933674539105177038e-03,1.027979462977340747e-01,2.469522062854581645e-01,3.987563787057865627e-01,7.401129101857955028e-01,1.000000000000000000e+00,-3.444359411181126540e-01,-1.548511589817944678e-01,-8.197163265410588318e-02,-3.294966993187336546e-01,-2.082977844041723758e-01,3.278912577144518781e-02,2.915999689558503860e-01,-8.930987972704014163e-03,1.710538018444718034e-01,-2.233903817420453131e-01,4.934447171197081650e-02,6.043749971146581551e-02,7.671962802650240595e-03,1.975043666592322944e-01,2.428844371225013510e-01,2.777656532315940785e-01,1.710804685371218326e-01,-1.142376144655996018e-02,2.350127873774988385e-01,1.228820326680464536e-02,3.410586854816276270e-02,-2.512350303427974413e-02,-8.457691379238077567e-02,4.466858621648920891e-01,3.839609741301620582e-01,-9.235695394374510148e-02,1.777470201826709395e-01,1.146923889073564601e-01,-2.139441797308003768e-01,-2.702214316193639609e-01,-2.569323260499207784e-01,-1.562058575889436751e-01
3.660541403211791667e-01,1.552818651557524299e-01,7.695047918657836432e-03,1.109007581106010304e-01,-1.467784435280018729e-01,-2.538917083981216960e-01,-3.847752636485879951e-01,-3.444359411181126540e-01,1.000000000000000000e+00,6.374844095795103582e-01,-2.048741423168612963e-01,-5.986577539510304358e-02,1.890917105104108764e-01,4.964330853858079512e-02,-4.004646491653596763e-01,-2.359896367319654908e-01,-1.950601069697394385e-01,1.019888519396787256e-02,6.680937809908524261e-02,-4.495249082447880934e-02,4.367459385327936844e-02,1.090264820646892618e-01,-2.351098898183369978e-01,-2.451406660325345654e-01,9.712392105479963900e-02,5.955912704423104581e-02,-1.145433935945476267e-01,1.096418120684685138e-01,-2.680418251114113914e-01,-5.806029586169781515e-02,1.605652618778092566e-01,-2.085351695094177782e-01,-2.965961503258530696e-01,-1.441493345441035856e-01,-2.951496934758449098e-02,-2.678844597820764784e-01,4.577808793255141312e-02,-1.359540669077120845e-01,3.464921212448002913e-02,1.273245209834323322e-01
3.018265987204896139e-01,6.552316091151932920e-02,2.309361146063074622e-03,1.374705121480696846e-01,-3.278786465488130464e-01,-3.618635941246341470e-01,-9.153878586279490248e-02,-1.548511589817944678e-01,6.374844095795103582e-01,1.000000000000000000e+00,-1.809997740977595804e-01,-8.758004476864238164e-02,1.078923491732797085e-01,5.371850536029525169e-02,-3.941244861739260918e-01,-3.337565492743993500e-01,-2.373406779284826518e-01,-3.606684167036872807e-02,2.492905569450974690e-01,2.048858407020422157e-01,4.076437509211725332e-03,2.450955506307971044e-01,-2.507183482145143305e-01,-2.754586743957697717e-02,4.346422630343461241e-02,-7.521150357065457814e-02,-3.874754297308791867e-02,-2.125467824678191342e-02,-5.706302307230356335e-02,2.372574765207777561e-02,-1.818974024085728836e-02,-1.190571422272427016e-01,3.564603716703289293e-02,1.803463397428350101e-01,-7.308865317449708687e-02,-1.764438112620337062e-01,-7.799316133297105880e-02,-3.429627678774290755e-01,-5.501203819208059370e-02,-1.153597064133907446e-01
-1.859544714594366932e-01,2.030500210305400677e-01,-1.315098086407154310e-01,-3.000989375833634787e-01,-1.099456765581336287e-01,-2.243651416411488186e-01,7.049561383370402112e-02,-8.197163265410588318e-02,-2.048741423168612963e-01,-1.809997740977595804e-01,1.000000000000000000e+00,6.901448791300379693e-01,-7.626657550798889018e-02,-2.167246189662018763e-01,1.797996536687516411e-01,2.057438193881848121e-01,1.089216996987150826e-01,1.144356143832191003e-01,-7.644404582307133544e-02,-2.883939223954135045e-02,7.495482434425242146e-02,-1.500033262995126015e-01,-3.345070162775051759e-01,-7.021626379235076931e-02,-1.434510399500362188e-01,-6.641918954071919512e-02,-9.687380877812885871e-02,-3.105170454654187506e-01,1.452217564536947836e-01,2.386642473656046259e-01,1.147710473846790848e-02,-2.472059664463227280e-01,-2.060307122528414608e-02,1.697487280677209207e-02,1.822751644131434534e-01,-1.942148208291968603e-01,3.184113276623581901e-01,1.813484963214973822e-01,1.816648821059305419e-01,1.324160619360413571e-01
6.396014167019417607e-02,1.626031171583638690e-01,-1.150120389500612905e-01,-2.465580741584042501e-01,-1.246110008138721637e-01,-2.260348986565085816e-01,-1.599474166153540822e-01,-3.294966993187336546e-01,-5.986577539510304358e-02,-8.758004476864238164e-02,6.901448791300379693e-01,1.000000000000000000e+00,1.154292386308394952e-01,3.543965680180826555e-02,-1.494397304891637024e-01,-1.551175501173379656e-01,-2.662393661130998262e-02,-3.126956752416571936e-03,-7.833731927243714477e-02,-5.549265575888360363e-02,2.671446764257552273e-02,-5.194111315973320986e-02,-3.257391605251434008e-01,-2.098683118032985961e-01,-9.416578839591729921e-02,-1.807245502415954497e-01,-4.566065134688446908e-02,-2.416660714715148650e-01,-3.501973123667240922e-02,7.037565449699084361e-03,5.766823341601295255e-02,-2.569544539611572365e-01,-6.463336512462511396e-02,1.098843041660881037e-01,9.796163553625154841e-02,-1.214679656537215879e-01,3.245341258395619266e-01,2.950997532370446819e-01,1.684180945833093357e-01,5.276223145170081709e-03
5.035418952878992771e-01,3.666130665867584071e-01,-1.431855271488171044e-01,-1.872183872702474772e-01,1.154564708321829253e-01,1.576833567093733068e-01,-3.127271670055817299e-01,-2.082977844041723758e-01,1.890917105104108764e-01,1.078923491732797085e-01,-7.626657550798889018e-02,1.154292386308394952e-01,1.000000000000000000e+00,7.388417208831739025e-01,-3.989226626588102675e-01,-3.035358669585953018e-01,-3.720455633636738924e-01,-4.548817064512191560e-02,-1.739397718756288125e-01,-2.495339860660151284e-03,-7.817952767684500925e-02,-5.545773477654047240e-02,-6.372487805630787372e-02,-2.234438242142908482e-01,-2.238814040296056573e-01,-1.784705089639792852e-01,7.783296751701386518e-02,2.537513315041515019e-02,-5.522843140967210740e-01,-4.318727002788970704e-01,-2.663795924871736540e-02,-4.816996920376839797e-02,-7.347053573621267764e-02,9.250305741045206087e-02,-1.052912109722516226e-01,-2.389236584696886045e-01,1.496459128889202905e-01,3.604712460106321292e-02,5.675984890517663320e-03,-1.734260807270699145e-01
3.563208942677268398e-01,5.323121340495996778e-02,-1.084063299554751392e-01,6.293442936519327846e-02,3.000658660609773487e-01,4.496098955981965850e-01,-8.012438527944804045e-02,3.278912577144518781e-02,4.964330853858079512e-02,5.371850536029525169e-02,-2.167246189662018763e-01,3.543965680180826555e-02,7.388417208831739025e-01,1.000000000000000000e+00,-3.129293811679292325e-01,-4.843244383396637098e-01,-3.366680063330255712e-01,-3.220885728750568777e-01,-9.413537055133998355e-02,6.416278662832480828e-02,-2.950392326042531460e-02,1.847000915572698521e-01,1.929680364418554783e-01,-8.358422782389586525e-02,-3.868127067572280087e-02,-2.579996261120553469e-01,3.442310292707337349e-01,8.574597905163224010e-02,-4.768821955050271399e-01,-5.172254991346835196e-01,5.351829953260954509e-02,2.515680541081219412e-01,1.505091303862657881e-01,1.025461222289500984e-01,-3.652368164815429641e-02,-4.814221413818588202e-02,-5.087206586755148308e-02,-4.104402685862127559e-02,-1.506390548987890932e-01,-2.232738298072324545e-01
-4.062883711435943956e-01,-2.718242456453109912e-01,-9.126261787201180031e-02,-7.840625593824290807e-02,1.945538083908114613e-02,1.119206866522162308e-01,1.881136770032256766e-01,2.915999689558503860e-01,-4.004646491653596763e-01,-3.941244861739260918e-01,1.797996536687516411e-01,-1.494397304891637024e-01,-3.989226626588102675e-01,-3.129293811679292325e-01,1.000000000000000000e+00,5.434803676346549040e-01,7.613525169113360969e-01,7.761407363279379523e-02,-2.811921670039403687e-02,-1.983296729384029233e-01,4.352896238195026746e-02,-2.289690876618951654e-01,1.748257689362190670e-01,2.999703846251555728e-01,4.622203044545918349e-01,2.564165209305782067e-01,1.245369408193484906e-01,9.789492421743409278e-02,2.454007979275521223e-01,6.617973610937932794e-02,1.454503249008011478e-01,1.077319338146022348e-01,-1.385260634645277544e-01,-1.988816730536308586e-01,6.084811909248221545e-02,9.100319711220940244e-02,1.505313424821105306e-01,1.361419497919735475e-02,1.599412486856816584e-01,1.035502414152764949e-01
-2.800895475637674159e-01,-3.539925523992315526e-02,-2.239640580095688116e-01,-3.155504907571812789e-01,-3.783215615660431297e-01,-3.221320989390032419e-01,4.479501224444892155e-02,-8.930987972704014163e-03,-2.359896367319654908e-01,-3.337565492743993500e-01,2.057438193881848121e-01,-1.551175501173379656e-01,-3.035358669585953018e-01,-4.843244383396637098e-01,5.434803676346549040e-01,1.000000000000000000e+00,4.203519562398794762e-01,6.439673465651489792e-01,-4.124459551815232855e-02,-3.494919729527456997e-02,2.327056539566048701e-02,-2.545642179535768657e-01,1.624297024352224644e-02,2.148531005796495141e-01,-7.977512637859868194e-02,4.359819280305536338e-01,-1.215781353653686975e-01,4.803247354684064135e-02,2.273472734553215191e-01,2.130337966096809699e-01,-3.926721744511415396e-02,3.602452493090606278e-02,-9.245905531963910517e-02,-2.271462286285345356e-01,7.635818448760550714e-02,1.214853469057995856e-02,1.558884130254539480e-01,-9.238393519758938272e-03,1.698999507950681165e-01,-3.457345989986630990e-03
-3.354141094303295101e-01,-2.224377470557328818e-01,-7.263543307220807210e-02,-1.243369125409093806e-01,-8.916273161878839060e-03,-3.697379300157940113e-02,9.592219951650789167e-02,1.710538018444718034e-01,-1.950601069697394385e-01,-2.373406779284826518e-01,1.089216996987150826e-01,-2.662393661130998262e-02,-3.720455633636738924e-01,-3.366680063330255712e-01,7.613525169113360969e-01,4.203519562398794762e-01,1.000000000000000000e+00,3.955705986824435971e-01,2.677424024010303591e-02,-4.550229947442044343e-02,3.622977868562200082e-02,-8.667270919478370361e-02,1.361061784876398291e-02,3.043771665026744899e-01,6.643738504458274186e-01,4.442426928210160830e-01,9.635283484897980144e-02,1.867833306332009613e-01,2.699862490184161690e-01,1.283982644955030394e-01,-1.073017274361193485e-01,7.211510633529076564e-02,6.587231266286600051e-02,-1.026970008445669269e-01,2.039584981889014381e-02,9.150997391851849183e-02,1.711959187866904930e-01,4.416570942514724124e-02,1.969146519919541816e-01,-9.660327552176435628e-02
6.787030171393747258e-02,1.039803404996254704e-01,-1.397255689190546879e-01,-3.481201458178431185e-01,-3.580785326630329668e-01,-4.708533738582993955e-01,-8.479311120362188758e-02,-2.233903817420453131e-01,1.019888519396787256e-02,-3.606684167036872807e-02,1.144356143832191003e-01,-3.126956752416571936e-03,-4.548817064512191560e-02,-3.220885728750568777e-01,7.761407363279379523e-02,6.439673465651489792e-01,3.955705986824435971e-01,1.000000000000000000e+00,-1.655426645993371762e-02,2.035635746753132191e-01,-1.466209075778004793e-02,-2.725805985344471535e-02,-1.731820557973993424e-01,2.810451341189703078e-01,7.496363044378869314e-05,6.485371450274394212e-01,-1.291920097784385602e-01,2.183911510652817578e-01,1.382890699445319393e-01,2.656354015156391912e-01,-3.758017233702844462e-01,-1.017419586185537850e-01,1.296705783150278180e-01,-2.351774271716036355e-02,-6.275890311411630972e-03,-6.091660154567943297e-02,2.644089765919495072e-01,5.599647156457408792e-02,2.350911641895954418e-01,-2.073661977202612694e-01
-3.575246017702276569e-01,-2.819845128510399257e-01,4.763927404991344372e-02,2.675361211644624038e-01,-3.313299916149284874e-01,-9.397588108230792159e-02,1.841004482688256283e-01,4.934447171197081650e-02,6.680937809908524261e-02,2.492905569450974690e-01,-7.644404582307133544e-02,-7.833731927243714477e-02,-1.739397718756288125e-01,-9.413537055133998355e-02,-2.811921670039403687e-02,-4.124459551815232855e-02,2.677424024010303591e-02,-1.655426645993371762e-02,1.000000000000000000e+00,6.298305559231578421e-01,4.278782158472575481e-01,3.287479722176629426e-01,-1.487828444884734813e-01,-3.584209404579468978e-03,-8.217127235364241056e-02,-2.053744531032534459e-01,-1.850860379247017129e-01,-2.796899840559772255e-01,2.440160318545101237e-01,1.609894593793920470e-01,2.662949326588962551e-01,-2.344071397451958361e-01,-1.222173341985771378e-01,4.576594662711884198e-01,-8.436393979843483104e-02,-1.668169800856746099e-01,1.459523888067389662e-02,-9.938725438266150791e-02,-5.727118706699860229e-02,2.732615648571656841e-01
-2.433071478911286722e-01,-2.550948605386110790e-01,-6.550640916318981044e-02,1.002125716285024587e-01,-2.536189456080034654e-01,-1.697644270650172371e-01,2.198191011367333636e-01,6.043749971146581551e-02,-4.495249082447880934e-02,2.048858407020422157e-01,-2.883939223954135045e-02,-5.549265575888360363e-02,-2.495339860660151284e-03,6.416278662832480828e-02,-1.983296729384029233e-01,-3.494919729527456997e-02,-4.550229947442044343e-02,2.035635746753132191e-01,6.298305559231578421e-01,1.000000000000000000e+00,2.318889817515796814e-01,4.792969825373278314e-01,-6.989074713749122980e-02,1.887842635034556460e-01,-5.014902629962052910e-02,5.589349509596990007e-03,1.265148485277833301e-01,-8.423979500919957786e-02,2.395936196677562469e-01,2.523261482263282618e-01,-6.501360731699348805e-02,-4.678609967178275902e-02,1.776061955514306456e-01,3.437678183165271961e-01,6.894445841486793181e-02,1.347964668057421989e-02,1.078121373410338146e-01,6.171973150729946622e-02,1.395040572816599045e-01,9.001779009014687638e-02
-1.772498983471869627e-01,-1.605945294306484472e-01,2.315665723008232535e-01,2.711818622660280842e-01,1.109911677673067060e-01,1.944742902671249274e-01,8.439845733491077584e-02,7.671962802650240595e-03,4.367459385327936844e-02,4.076437509211725332e-03,7.495482434425242146e-02,2.671446764257552273e-02,-7.817952767684500925e-02,-2.950392326042531460e-02,4.352896238195026746e-02,2.327056539566048701e-02,3.622977868562200082e-02,-1.466209075778004793e-02,4.278782158472575481e-01,2.318889817515796814e-01,1.000000000000000000e+00,5.303266721384656268e-01,4.023465589995472991e-01,3.960024474744016643e-01,-2.612103295705920161e-02,-1.146058896895632284e-01,2.255573814016853182e-02,-1.819530173451692490e-01,-2.869819660160594435e-02,7.263057800632947807e-03,1.728909358351536640e-01,-1.656410142234880090e-01,-4.925683614035077096e-02,2.876620800103248388e-01,5.567760539682448107e-01,1.294098640185718796e-01,1.682741865584245489e-01,7.297478998163360597e-03,1.368292851937178145e-01,3.278899057207387835e-01
5.044209929775793355e-02,-1.617555446881535075e-01,1.025189317372878633e-01,2.455739932750630461e-01,1.888689424693098251e-01,1.517948712016694846e-01,3.524257752349871931e-01,1.975043666592322944e-01,1.090264820646892618e-01,2.450955506307971044e-01,-1.500033262995126015e-01,-5.194111315973320986e-02,-5.545773477654047240e-02,1.847000915572698521e-01,-2.289690876618951654e-01,-2.545642179535768657e-01,-8.667270919478370361e-02,-2.725805985344471535e-02,3.287479722176629426e-01,4.792969825373278314e-01,5.303266721384656268e-01,1.000000000000000000e+00,4.538133711645371826e-01,4.229409638956134754e-01,1.202061141016773360e-01,-4.996269890049537948e-02,1.835557629625366172e-01,-8.114060623001490002e-02,8.994470283199217098e-02,-5.255911525398847955e-02,-9.258826816855776631e-02,1.573723813897376714e-02,4.765805950650381373e-01,1.708357434587809975e-01,2.721121382621201623e-01,2.490669865477848910e-01,9.419745608201440801e-02,-3.384651049570776282e-02,-1.079639082518649290e-01,6.847514550994411586e-02
1.080280828670598658e-01,-1.821687812793085226e-01,1.612307496065986667e-01,2.177546392360407979e-01,4.439871959025590287e-01,5.187137416355758202e-01,9.983081468777769973e-02,2.428844371225013510e-01,-2.351098898183369978e-01,-2.507183482145143305e-01,-3.345070162775051759e-01,-3.257391605251434008e-01,-6.372487805630787372e-02,1.929680364418554783e-01,1.748257689362190670e-01,1.624297024352224644e-02,1.361061784876398291e-02,-1.731820557973993424e-01,-1.487828444884734813e-01,-6.989074713749122980e-02,4.023465589995472991e-01,4.538133711645371826e-01,1.000000000000000000e+00,5.775213213947941737e-01,2.186398858485751884e-01,1.289182816550263067e-01,3.958204182244930980e-01,3.106622384506170231e-01,-2.715398360610906878e-02,-1.577704436528578891e-01,-5.116904295605404634e-02,1.752464150087306161e-01,1.886534124842077220e-01,-1.770334609230358458e-01,3.172501902542154140e-01,7.159060753611570238e-01,1.133986067136134590e-01,1.862139305892648311e-01,4.362178021033121661e-02,-7.287464486836882013e-03
3.673713302964046884e-02,-2.302610354440582374e-01,3.733545371649948236e-02,5.926430603363887911e-02,6.432183349838942188e-02,8.372735258455304974e-02,2.354996855209806894e-01,2.777656532315940785e-01,-2.451406660325345654e-01,-2.754586743957697717e-02,-7.021626379235076931e-02,-2.098683118032985961e-01,-2.234438242142908482e-01,-8.358422782389586525e-02,2.999703846251555728e-01,2.148531005796495141e-01,3.043771665026744899e-01,2.810451341189703078e-01,-3.584209404579468978e-03,1.887842635034556460e-01,3.960024474744016643e-01,4.229409638956134754e-01,5.775213213947941737e-01,1.000000000000000000e+00,2.764135545150728790e-01,3.846953723910083722e-01,1.781939116797111866e-01,2.997057838791695183e-01,1.675082342503771138e-02,1.383673796799742839e-01,-1.215801843243137365e-01,1.840855980090855826e-01,2.306073089486428696e-01,1.401435999445787249e-02,3.841400090349248453e-01,3.754947204025176899e-01,2.370529949116517432e-01,-1.133995254554066162e-01,1.069393800870737932e-01,4.167049017128696131e-02
-6.892505634621703958e-02,-3.859120103328839702e-01,1.597991953969779555e-01,1.715031705477896296e-01,3.064937097643866126e-01,2.485234091281474933e-01,4.701916757680579297e-03,1.710804685371218326e-01,9.712392105479963900e-02,4.346422630343461241e-02,-1.434510399500362188e-01,-9.416578839591729921e-02,-2.238814040296056573e-01,-3.868127067572280087e-02,4.622203044545918349e-01,-7.977512637859868194e-02,6.643738504458274186e-01,7.496363044378869314e-05,-8.217127235364241056e-02,-5.014902629962052910e-02,-2.612103295705920161e-02,1.202061141016773360e-01,2.186398858485751884e-01,2.764135545150728790e-01,1.000000000000000000e+00,4.005253504778342744e-01,3.184736508566233804e-01,4.980945833246156473e-01,1.362822173758102273e-01,9.014793247624726391e-02,-6.870591669256302658e-02,1.308916843568271593e-01,2.675677746720386829e-02,-1.467443249985050935e-01,2.549365126649395449e-02,3.323809372514937022e-01,1.126655530257641008e-01,7.735524245506861241e-02,1.434149500428378299e-01,-1.181780216227564934e-01
1.078702627148954429e-01,-9.254193944182712017e-02,-2.119904571523347284e-02,-9.630061745660313532e-02,-1.083532049253750906e-01,-2.260945078706853295e-01,-1.624511621955083696e-01,-1.142376144655996018e-02,5.955912704423104581e-02,-7.521150357065457814e-02,-6.641918954071919512e-02,-1.807245502415954497e-01,-1.784705089639792852e-01,-2.579996261120553469e-01,2.564165209305782067e-01,4.359819280305536338e-01,4.442426928210160830e-01,6.485371450274394212e-01,-2.053744531032534459e-01,5.589349509596990007e-03,-1.146058896895632284e-01,-4.996269890049537948e-02,1.289182816550263067e-01,3.846953723910083722e-01,4.005253504778342744e-01,1.000000000000000000e+00,1.150724770103247890e-01,7.097783178540896243e-01,4.611425476877623747e-02,2.410459277587945204e-01,-3.448090904476249774e-01,1.252692089729278146e-01,6.574606469574939896e-03,-1.398201224160794953e-01,7.610391389554800601e-02,1.903367934907697900e-01,1.812889791341557866e-01,2.568132401707510018e-02,2.105605197833173292e-01,-9.295507379243404811e-02
6.647432052042347161e-02,-1.128911285314128515e-01,1.567358095054360856e-01,1.943600027947516851e-01,2.688081447161752013e-01,3.430127343250823357e-01,8.045529746049319419e-02,2.350127873774988385e-01,-1.145433935945476267e-01,-3.874754297308791867e-02,-9.687380877812885871e-02,-4.566065134688446908e-02,7.783296751701386518e-02,3.442310292707337349e-01,1.245369408193484906e-01,-1.215781353653686975e-01,9.635283484897980144e-02,-1.291920097784385602e-01,-1.850860379247017129e-01,1.265148485277833301e-01,2.255573814016853182e-02,1.835557629625366172e-01,3.958204182244930980e-01,1.781939116797111866e-01,3.184736508566233804e-01,1.150724770103247890e-01,1.000000000000000000e+00,4.320398896824840795e-01,8.786194150729956243e-02,-5.359095304639803492e-02,-2.993289123204780355e-01,2.273993484326840564e-01,2.732467896336984725e-01,-1.254257103410239271e-01,2.435982750252847218e-01,2.912461005268429659e-01,-2.119479236861519511e-01,2.337818998026800488e-01,2.911374068246250224e-01,-3.488216451007067342e-01
2.846261023430204373e-01,-1.153148291141441184e-01,2.045025110237152777e-01,1.924289033020580852e-01,2.005703391898374932e-01,1.819740617211385303e-01,-2.622434773249011641e-01,1.228820326680464536e-02,1.096418120684685138e-01,-2.125467824678191342e-02,-3.105170454654187506e-01,-2.416660714715148650e-01,2.537513315041515019e-02,8.574597905163224010e-02,9.789492421743409278e-02,4.803247354684064135e-02,1.867833306332009613e-01,2.183911510652817578e-01,-2.796899840559772255e-01,-8.423979500919957786e-02,-1.819530173451692490e-01,-8.114060623001490002e-02,3.106622384506170231e-01,2.997057838791695183e-01,4.980945833246156473e-01,7.097783178540896243e-01,4.320398896824840795e-01,1.000000000000000000e+00,-2.146233634578826877e-01,3.058379666758593782e-02,-2.632440799086578354e-01,1.770844507116694500e-01,-1.067485326982506588e-01,-7.668761724293884918e-02,1.401957165245389658e-01,3.804433196315151755e-01,5.391672236230454773e-02,1.636528780691259288e-01,2.856311769572374426e-01,-1.360492361432594777e-01
-4.544723376688687422e-01,-1.657372736403597835e-01,-4.238710285263515981e-02,-1.033027650522437835e-01,-2.045047153340098511e-01,-2.971484018718564823e-01,1.719442608507291137e-01,3.410586854816276270e-02,-2.680418251114113914e-01,-5.706302307230356335e-02,1.452217564536947836e-01,-3.501973123667240922e-02,-5.522843140967210740e-01,-4.768821955050271399e-01,2.454007979275521223e-01,2.273472734553215191e-01,2.699862490184161690e-01,1.382890699445319393e-01,2.440160318545101237e-01,2.395936196677562469e-01,-2.869819660160594435e-02,8.994470283199217098e-02,-2.715398360610906878e-02,1.675082342503771138e-02,1.362822173758102273e-01,4.611425476877623747e-02,8.786194150729956243e-02,-2.146233634578826877e-01,1.000000000000000000e+00,6.132621700750611193e-01,-1.282271239731440637e-01,-9.388929043310265121e-02,1.998751771155984347e-01,3.514843994433117930e-02,-2.019736929709009532e-01,1.686299131693090037e-01,-6.534946752507710122e-02,3.386582136814287325e-01,2.018322860043365030e-01,-6.970914906785108389e-02
-3.161541032016491615e-01,-1.516596371924780473e-01,2.787426253283663627e-02,-3.070999246353830689e-02,-2.760389738162286610e-01,-3.473935896895120612e-01,1.367184119942954912e-01,-2.512350303427974413e-02,-5.806029586169781515e-02,2.372574765207777561e-02,2.386642473656046259e-01,7.037565449699084361e-03,-4.318727002788970704e-01,-5.172254991346835196e-01,6.617973610937932794e-02,2.130337966096809699e-01,1.283982644955030394e-01,2.656354015156391912e-01,1.609894593793920470e-01,2.523261482263282618e-01,7.263057800632947807e-03,-5.255911525398847955e-02,-1.577704436528578891e-01,1.383673796799742839e-01,9.014793247624726391e-02,2.410459277587945204e-01,-5.359095304639803492e-02,3.058379666758593782e-02,6.132621700750611193e-01,1.000000000000000000e+00,-1.544284567175956691e-01,-9.452436070435293880e-02,-5.438728399260762958e-02,1.638365042333325416e-01,2.118341937932093078e-01,1.341708846816755674e-01,7.834752926900968861e-02,3.030487667886562764e-01,4.437420212937265851e-01,1.017943609654897441e-01
-1.837365410799273735e-01,-2.123419963376702857e-01,-1.206798040863821808e-01,1.102111101200412419e-01,-2.094417517271905949e-01,-1.310145108847435118e-02,-1.178475733897832167e-01,-8.457691379238077567e-02,1.605652618778092566e-01,-1.818974024085728836e-02,1.147710473846790848e-02,5.766823341601295255e-02,-2.663795924871736540e-02,5.351829953260954509e-02,1.454503249008011478e-01,-3.926721744511415396e-02,-1.073017274361193485e-01,-3.758017233702844462e-01,2.662949326588962551e-01,-6.501360731699348805e-02,1.728909358351536640e-01,-9.258826816855776631e-02,-5.116904295605404634e-02,-1.215801843243137365e-01,-6.870591669256302658e-02,-3.448090904476249774e-01,-2.993289123204780355e-01,-2.632440799086578354e-01,-1.282271239731440637e-01,-1.544284567175956691e-01,1.000000000000000000e+00,-1.098034952762134281e-01,-6.052328996213056644e-01,-6.473586165639692858e-02,-2.290924519791137713e-04,-3.082536010995072795e-01,2.042203156429660826e-01,2.335545723282028696e-02,-5.481543021636053198e-02,4.589885780211711563e-01
-2.033011985582680037e-01,-3.194960984171656415e-01,-3.650633272750172104e-02,1.027361881248115699e-01,1.030158620565164024e-01,1.908402957816318635e-01,1.557366575290633215e-01,4.466858621648920891e-01,-2.085351695094177782e-01,-1.190571422272427016e-01,-2.472059664463227280e-01,-2.569544539611572365e-01,-4.816996920376839797e-02,2.515680541081219412e-01,1.077319338146022348e-01,3.602452493090606278e-02,7.211510633529076564e-02,-1.017419586185537850e-01,-2.344071397451958361e-01,-4.678609967178275902e-02,-1.656410142234880090e-01,1.573723813897376714e-02,1.752464150087306161e-01,1.840855980090855826e-01,1.308916843568271593e-01,1.252692089729278146e-01,2.273993484326840564e-01,1.770844507116694500e-01,-9.388929043310265121e-02,-9.452436070435293880e-02,-1.098034952762134281e-01,1.000000000000000000e+00,3.218614163200659850e-01,4.395446503322422011e-02,1.861598505048519259e-01,1.130522808895330494e-01,-2.183563493556441304e-01,-2.355126787691071977e-01,-1.099831950895848592e-01,-2.527881640633651283e-01
-1.087998822765779902e-02,-2.815251069286667587e-02,1.143842870838333581e-01,3.913771380549642409e-02,2.707694497376389453e-01,1.433113095326245534e-01,5.276999276551558316e-01,3.839609741301620582e-01,-2.965961503258530696e-01,3.564603716703289293e-02,-2.060307122528414608e-02,-6.463336512462511396e-02,-7.347053573621267764e-02,1.505091303862657881e-01,-1.385260634645277544e-01,-9.245905531963910517e-02,6.587231266286600051e-02,1.296705783150278180e-01,-1.222173341985771378e-01,1.776061955514306456e-01,-4.925683614035077096e-02,4.765805950650381373e-01,1.886534124842077220e-01,2.306073089486428696e-01,2.675677746720386829e-02,6.574606469574939896e-03,2.732467896336984725e-01,-1.067485326982506588e-01,1.998751771155984347e-01,-5.438728399260762958e-02,-6.052328996213056644e-01,3.218614163200659850e-01,1.000000000000000000e+00,6.339582060841333910e-02,-3.531819479253402172e-02,2.474832902332421702e-01,-2.970943603105594688e-01,-1.925564561322647139e-01,-3.053600391601336561e-01,-5.729840027124958324e-01
-8.318618114099420036e-02,-1.052724583755653733e-02,-4.403827232104456924e-02,6.066042188584652717e-02,-2.048419608077129694e-01,-8.279600025298268495e-02,2.104215311321534429e-02,-9.235695394374510148e-02,-1.441493345441035856e-01,1.803463397428350101e-01,1.697487280677209207e-02,1.098843041660881037e-01,9.250305741045206087e-02,1.025461222289500984e-01,-1.988816730536308586e-01,-2.271462286285345356e-01,-1.026970008445669269e-01,-2.351774271716036355e-02,4.576594662711884198e-01,3.437678183165271961e-01,2.876620800103248388e-01,1.708357434587809975e-01,-1.770334609230358458e-01,1.401435999445787249e-02,-1.467443249985050935e-01,-1.398201224160794953e-01,-1.254257103410239271e-01,-7.668761724293884918e-02,3.514843994433117930e-02,1.638365042333325416e-01,-6.473586165639692858e-02,4.395446503322422011e-02,6.339582060841333910e-02,1.000000000000000000e+00,1.462553342344374008e-01,-7.319078065651900278e-02,-5.565967040657721077e-02,-4.580872678433099698e-02,5.254477435071005370e-02,4.542686675956984083e-02
-2.242497031214232273e-01,-2.580563427047090075e-01,1.514499107638663800e-01,2.177403153555040050e-01,1.240664137317048776e-01,1.569049265475747079e-01,1.190689570947536940e-01,1.777470201826709395e-01,-2.951496934758449098e-02,-7.308865317449708687e-02,1.822751644131434534e-01,9.796163553625154841e-02,-1.052912109722516226e-01,-3.652368164815429641e-02,6.084811909248221545e-02,7.635818448760550714e-02,2.039584981889014381e-02,-6.275890311411630972e-03,-8.436393979843483104e-02,6.894445841486793181e-02,5.567760539682448107e-01,2.721121382621201623e-01,3.172501902542154140e-01,3.841400090349248453e-01,2.549365126649395449e-02,7.610391389554800601e-02,2.435982750252847218e-01,1.401957165245389658e-01,-2.019736929709009532e-01,2.118341937932093078e-01,-2.290924519791137713e-04,1.861598505048519259e-01,-3.531819479253402172e-02,1.462553342344374008e-01,1.000000000000000000e+00,2.605517256238563673e-01,1.261036051462627872e-01,8.308297644905167367e-02,4.138951421147912257e-01,2.338371096048794673e-01
-7.339770733026915184e-02,-3.215485803758912353e-01,2.200918447856372306e-01,2.069888408982681893e-01,3.456180089233104047e-01,3.582046351122445405e-01,4.769846751027589926e-02,1.146923889073564601e-01,-2.678844597820764784e-01,-1.764438112620337062e-01,-1.942148208291968603e-01,-1.214679656537215879e-01,-2.389236584696886045e-01,-4.814221413818588202e-02,9.100319711220940244e-02,1.214853469057995856e-02,9.150997391851849183e-02,-6.091660154567943297e-02,-1.668169800856746099e-01,1.347964668057421989e-02,1.294098640185718796e-01,2.490669865477848910e-01,7.159060753611570238e-01,3.754947204025176899e-01,3.323809372514937022e-01,1.903367934907697900e-01,2.912461005268429659e-01,3.804433196315151755e-01,1.686299131693090037e-01,1.341708846816755674e-01,-3.082536010995072795e-01,1.130522808895330494e-01,2.474832902332421702e-01,-7.319078065651900278e-02,2.605517256238563673e-01,1.000000000000000000e+00,1.352314776184043166e-01,3.489116816039152802e-01,2.184438826703792302e-01,-1.252936109926361674e-01
9.393131805992255279e-02,-4.368766577649682049e-03,-2.023315906679306608e-01,-2.578390023928981978e-01,-8.036299490767313813e-02,-1.504152385294234562e-01,-1.662921610657459304e-01,-2.139441797308003768e-01,4.577808793255141312e-02,-7.799316133297105880e-02,3.184113276623581901e-01,3.245341258395619266e-01,1.496459128889202905e-01,-5.087206586755148308e-02,1.505313424821105306e-01,1.558884130254539480e-01,1.711959187866904930e-01,2.644089765919495072e-01,1.459523888067389662e-02,1.078121373410338146e-01,1.682741865584245489e-01,9.419745608201440801e-02,1.133986067136134590e-01,2.370529949116517432e-01,1.126655530257641008e-01,1.812889791341557866e-01,-2.119479236861519511e-01,5.391672236230454773e-02,-6.534946752507710122e-02,7.834752926900968861e-02,2.042203156429660826e-01,-2.183563493556441304e-01,-2.970943603105594688e-01,-5.565967040657721077e-02,1.261036051462627872e-01,1.352314776184043166e-01,1.000000000000000000e+00,4.401784767450512281e-01,3.636433701455654699e-01,3.640765865261915146e-01
3.476399142684707955e-02,3.494550435121857035e-02,5.732503925130081474e-02,-1.415057993621839927e-01,1.687245640964480931e-01,7.356431558261931902e-02,-2.643029140536736765e-01,-2.702214316193639609e-01,-1.359540669077120845e-01,-3.429627678774290755e-01,1.813484963214973822e-01,2.950997532370446819e-01,3.604712460106321292e-02,-4.104402685862127559e-02,1.361419497919735475e-02,-9.238393519758938272e-03,4.416570942514724124e-02,5.599647156457408792e-02,-9.938725438266150791e-02,6.171973150729946622e-02,7.297478998163360597e-03,-3.384651049570776282e-02,1.862139305892648311e-01,-1.133995254554066162e-01,7.735524245506861241e-02,2.568132401707510018e-02,2.337818998026800488e-01,1.636528780691259288e-01,3.386582136814287325e-01,3.030487667886562764e-01,2.335545723282028696e-02,-2.355126787691071977e-01,-1.925564561322647139e-01,-4.580872678433099698e-02,8.308297644905167367e-02,3.489116816039152802e-01,4.401784767450512281e-01,1.000000000000000000e+00,6.774694726896272057e-01,1.426591367608635030e-01
-2.440567442986371800e-03,-1.305256937679827312e-01,1.143007016000491677e-01,-1.456324010753659928e-02,-7.157319095537911791e-02,-1.439746079971174486e-01,-3.800830635430167415e-01,-2.569323260499207784e-01,3.464921212448002913e-02,-5.501203819208059370e-02,1.816648821059305419e-01,1.684180945833093357e-01,5.675984890517663320e-03,-1.506390548987890932e-01,1.599412486856816584e-01,1.698999507950681165e-01,1.969146519919541816e-01,2.350911641895954418e-01,-5.727118706699860229e-02,1.395040572816599045e-01,1.368292851937178145e-01,-1.079639082518649290e-01,4.362178021033121661e-02,1.069393800870737932e-01,1.434149500428378299e-01,2.105605197833173292e-01,2.911374068246250224e-01,2.856311769572374426e-01,2.018322860043365030e-01,4.437420212937265851e-01,-5.481543021636053198e-02,-1.099831950895848592e-01,-3.053600391601336561e-01,5.254477435071005370e-02,4.138951421147912257e-01,2.184438826703792302e-01,3.636433701455654699e-01,6.774694726896272057e-01,1.000000000000000000e+00,1.835176600927368451e-01
